date,county,fips,population,confirmed_cases,reported_cases,probable_cases,reported_and_probable_cases,reported_deaths
2023-01-24,Alameda,001,1643700,373176,373183,22115,395298,2138
2023-01-24,Alpine,003,1148,139,139,4,143,0
2023-01-24,Amador,005,37829,10442,10443,961,11404,98
2023-01-24,Butte,007,227075,41340,41340,10001,51341,486
2023-01-24,Calaveras,009,45235,8906,8906,639,9545,140
2023-01-24,Colusa,011,21464,3934,3936,1330,5266,22
2023-01-24,Contra Costa,013,1133247,268469,268472,22058,290530,1521
2023-01-24,Del Norte,015,27424,7724,7725,445,8170,57
2023-01-24,El Dorado,017,186661,34271,34271,4500,38771,238
2023-01-24,Fresno,019,978130,290093,290101,33863,323964,2962
2023-01-24,Glenn,021,27897,5752,5752,1996,7748,58
2023-01-24,Humboldt,023,135768,23036,23039,5784,28823,167
2023-01-24,Imperial,025,180216,69273,69274,18533,87807,973
2023-01-24,Inyo,027,18085,4722,4722,1241,5963,63
2023-01-24,Kern,029,883053,227744,227749,69955,297704,2467
2023-01-24,Kings,031,150075,62312,62312,4376,66688,471
2023-01-24,Lake,033,64148,13502,13502,1288,14790,149
2023-01-24,Lassen,035,31185,10225,10225,1055,11280,67
2023-01-24,Los Angeles,037,10098052,3457419,3457684,210857,3668541,34926
2023-01-24,Madera,039,155013,45881,45883,8801,54684,377
2023-01-24,Marin,041,260295,48370,48374,5616,53990,317
2023-01-24,Mariposa,043,17540,3305,3305,392,3697,32
2023-01-24,Mendocino,045,87422,16728,16728,4781,21509,139
2023-01-24,Merced,047,269075,75561,75565,12581,88146,897
2023-01-24,Modoc,049,8938,951,951,364,1315,11
2023-01-24,Mono,051,14174,3311,3311,297,3608,8
2023-01-24,Monterey,053,433212,97117,97118,22593,119711,789
2023-01-24,Napa,055,140530,33956,33957,1518,35475,164
2023-01-24,Nevada,057,99092,19976,19981,2252,22233,132
2023-01-24,Orange,059,3164182,702776,702777,74510,777287,7781
2023-01-24,Placer,061,380077,80107,80107,10129,90236,679
2023-01-24,Plumas,063,18699,3811,3811,458,4269,13
2023-01-24,Riverside,065,2383286,728454,728514,40630,769144,6788
2023-01-24,Sacramento,067,1510023,366560,366562,36700,403262,3472
2023-01-24,San Benito,069,59416,17432,17434,1123,18557,115
2023-01-24,San Bernardino,071,2135413,703833,703892,34514,738406,8163
2023-01-24,San Diego,073,3302833,974936,974936,79689,1054625,5716
2023-01-24,San Francisco,075,870044,192730,192738,13103,205841,1152
2023-01-24,San Joaquin,077,732212,207730,207738,16508,224246,2391
2023-01-24,San Luis Obispo,079,281455,65720,65721,8016,73737,549
2023-01-24,San Mateo,081,765935,180040,180043,11240,191283,749
2023-01-24,Santa Barbara,083,443738,110974,110976,7548,118524,755
2023-01-24,Santa Clara,085,1922200,467802,467820,21383,489203,2655
2023-01-24,Santa Cruz,087,273765,67454,67454,3766,71220,276
2023-01-24,Shasta,089,179085,36311,36311,8213,44524,605
2023-01-24,Sierra,091,2930,311,311,61,372,5
2023-01-24,Siskiyou,093,43540,5406,5406,3421,8827,95
2023-01-24,Solano,095,438530,112198,112210,8412,120622,482
2023-01-24,Sonoma,097,501317,112325,112332,5724,118056,541
2023-01-24,Stanislaus,099,539301,143749,143769,22709,166478,1816
2023-01-24,Sutter,101,95872,25473,25478,2544,28022,237
2023-01-24,Tehama,103,63373,14356,14356,3378,17734,222
2023-01-24,Trinity,105,12862,1459,1459,501,1960,23
2023-01-24,Tulare,107,460477,126918,126918,39320,166238,1559
2023-01-24,Tuolumne,109,53932,16638,16639,1001,17640,203
2023-01-24,Ventura,111,848112,219012,219015,17829,236844,1650
2023-01-24,Yolo,113,214977,49563,49563,4730,54293,435
2023-01-24,Yuba,115,75493,19867,19871,1832,21703,134
2023-01-23,Alameda,001,1643700,373176,372424,22115,394539,2125
2023-01-23,Alpine,003,1148,139,139,4,143,0
2023-01-23,Amador,005,37829,10442,10401,961,11362,97
2023-01-23,Butte,007,227075,41340,41293,10001,51294,481
2023-01-23,Calaveras,009,45235,8906,8893,639,9532,139
2023-01-23,Colusa,011,21464,3934,3925,1330,5255,22
2023-01-23,Contra Costa,013,1133247,268469,267942,22058,290000,1518
2023-01-23,Del Norte,015,27424,7724,7708,445,8153,57
2023-01-23,El Dorado,017,186661,34271,34211,4500,38711,237
2023-01-23,Fresno,019,978130,290093,288834,33863,322697,2952
2023-01-23,Glenn,021,27897,5752,5749,1996,7745,58
2023-01-23,Humboldt,023,135768,23036,23013,5784,28797,167
2023-01-23,Imperial,025,180216,69273,69148,18533,87681,969
2023-01-23,Inyo,027,18085,4722,4717,1241,5958,62
2023-01-23,Kern,029,883053,227744,227433,69955,297388,2461
2023-01-23,Kings,031,150075,62312,62192,4376,66568,470
2023-01-23,Lake,033,64148,13502,13471,1288,14759,149
2023-01-23,Lassen,035,31185,10225,10219,1055,11274,66
2023-01-23,Los Angeles,037,10098052,3457419,3451542,210857,3662399,34790
2023-01-23,Madera,039,155013,45881,45839,8801,54640,377
2023-01-23,Marin,041,260295,48370,48236,5616,53852,317
2023-01-23,Mariposa,043,17540,3305,3290,392,3682,32
2023-01-23,Mendocino,045,87422,16728,16706,4781,21487,139
2023-01-23,Merced,047,269075,75561,75414,12581,87995,883
2023-01-23,Modoc,049,8938,951,950,364,1314,11
2023-01-23,Mono,051,14174,3311,3304,297,3601,8
2023-01-23,Monterey,053,433212,97117,96993,22593,119586,784
2023-01-23,Napa,055,140530,33956,33873,1518,35391,164
2023-01-23,Nevada,057,99092,19976,19957,2252,22209,132
2023-01-23,Orange,059,3164182,702776,701534,74510,776044,7754
2023-01-23,Placer,061,380077,80107,79943,10129,90072,671
2023-01-23,Plumas,063,18699,3811,3805,458,4263,13
2023-01-23,Riverside,065,2383286,728454,727487,40630,768117,6788
2023-01-23,Sacramento,067,1510023,366560,365898,36700,402598,3454
2023-01-23,San Benito,069,59416,17432,17407,1123,18530,115
2023-01-23,San Bernardino,071,2135413,703833,702778,34514,737292,8155
2023-01-23,San Diego,073,3302833,974936,973112,79689,1052801,5703
2023-01-23,San Francisco,075,870044,192730,192280,13103,205383,1147
2023-01-23,San Joaquin,077,732212,207730,207428,16508,223936,2388
2023-01-23,San Luis Obispo,079,281455,65720,65596,8016,73612,545
2023-01-23,San Mateo,081,765935,180040,179715,11240,190955,749
2023-01-23,Santa Barbara,083,443738,110974,110772,7548,118320,752
2023-01-23,Santa Clara,085,1922200,467802,467082,21383,488465,2633
2023-01-23,Santa Cruz,087,273765,67454,67312,3766,71078,277
2023-01-23,Shasta,089,179085,36311,36230,8213,44443,603
2023-01-23,Sierra,091,2930,311,311,61,372,5
2023-01-23,Siskiyou,093,43540,5406,5400,3421,8821,95
2023-01-23,Solano,095,438530,112198,111971,8412,120383,482
2023-01-23,Sonoma,097,501317,112325,112137,5724,117861,541
2023-01-23,Stanislaus,099,539301,143749,143576,22709,166285,1813
2023-01-23,Sutter,101,95872,25473,25442,2544,27986,237
2023-01-23,Tehama,103,63373,14356,14342,3378,17720,222
2023-01-23,Trinity,105,12862,1459,1452,501,1953,23
2023-01-23,Tulare,107,460477,126918,126692,39320,166012,1554
2023-01-23,Tuolumne,109,53932,16638,16613,1001,17614,205
2023-01-23,Ventura,111,848112,219012,218678,17829,236507,1640
2023-01-23,Yolo,113,214977,49563,49481,4730,54211,436
2023-01-23,Yuba,115,75493,19867,19840,1832,21672,133
2023-01-22,Alameda,001,1643700,373101,372424,22115,394539,2125
2023-01-22,Alpine,003,1148,139,139,4,143,0
2023-01-22,Amador,005,37829,10441,10401,961,11362,97
2023-01-22,Butte,007,227075,41339,41293,10001,51294,481
2023-01-22,Calaveras,009,45235,8905,8893,639,9532,139
2023-01-22,Colusa,011,21464,3933,3925,1330,5255,22
2023-01-22,Contra Costa,013,1133247,268444,267942,22058,290000,1518
2023-01-22,Del Norte,015,27424,7722,7708,445,8153,57
2023-01-22,El Dorado,017,186661,34270,34211,4500,38711,237
2023-01-22,Fresno,019,978130,290068,288834,33863,322697,2952
2023-01-22,Glenn,021,27897,5752,5749,1996,7745,58
2023-01-22,Humboldt,023,135768,23036,23013,5784,28797,167
2023-01-22,Imperial,025,180216,69267,69148,18533,87681,969
2023-01-22,Inyo,027,18085,4722,4717,1241,5958,62
2023-01-22,Kern,029,883053,227739,227433,69955,297388,2461
2023-01-22,Kings,031,150075,62295,62192,4376,66568,470
2023-01-22,Lake,033,64148,13501,13471,1288,14759,149
2023-01-22,Lassen,035,31185,10225,10219,1055,11274,66
2023-01-22,Los Angeles,037,10098052,3457390,3451542,210857,3662399,34790
2023-01-22,Madera,039,155013,45879,45839,8801,54640,377
2023-01-22,Marin,041,260295,48364,48236,5616,53852,317
2023-01-22,Mariposa,043,17540,3305,3290,392,3682,32
2023-01-22,Mendocino,045,87422,16723,16706,4781,21487,139
2023-01-22,Merced,047,269075,75557,75414,12581,87995,883
2023-01-22,Modoc,049,8938,951,950,364,1314,11
2023-01-22,Mono,051,14174,3310,3304,297,3601,8
2023-01-22,Monterey,053,433212,97108,96993,22593,119586,784
2023-01-22,Napa,055,140530,33942,33873,1518,35391,164
2023-01-22,Nevada,057,99092,19975,19957,2252,22209,132
2023-01-22,Orange,059,3164182,702720,701534,74510,776044,7754
2023-01-22,Placer,061,380077,80096,79943,10129,90072,671
2023-01-22,Plumas,063,18699,3810,3805,458,4263,13
2023-01-22,Riverside,065,2383286,728423,727487,40630,768117,6788
2023-01-22,Sacramento,067,1510023,366498,365898,36700,402598,3454
2023-01-22,San Benito,069,59416,17427,17407,1123,18530,115
2023-01-22,San Bernardino,071,2135413,703803,702778,34514,737292,8155
2023-01-22,San Diego,073,3302833,974863,973112,79689,1052801,5703
2023-01-22,San Francisco,075,870044,192692,192280,13103,205383,1147
2023-01-22,San Joaquin,077,732212,207707,207428,16508,223936,2388
2023-01-22,San Luis Obispo,079,281455,65716,65596,8016,73612,545
2023-01-22,San Mateo,081,765935,180018,179715,11240,190955,749
2023-01-22,Santa Barbara,083,443738,110955,110772,7548,118320,752
2023-01-22,Santa Clara,085,1922200,467725,467082,21383,488465,2633
2023-01-22,Santa Cruz,087,273765,67452,67312,3766,71078,277
2023-01-22,Shasta,089,179085,36311,36230,8213,44443,603
2023-01-22,Sierra,091,2930,311,311,61,372,5
2023-01-22,Siskiyou,093,43540,5406,5400,3421,8821,95
2023-01-22,Solano,095,438530,112165,111971,8412,120383,482
2023-01-22,Sonoma,097,501317,112309,112137,5724,117861,541
2023-01-22,Stanislaus,099,539301,143736,143576,22709,166285,1813
2023-01-22,Sutter,101,95872,25471,25442,2544,27986,237
2023-01-22,Tehama,103,63373,14355,14342,3378,17720,222
2023-01-22,Trinity,105,12862,1459,1452,501,1953,23
2023-01-22,Tulare,107,460477,126900,126692,39320,166012,1554
2023-01-22,Tuolumne,109,53932,16636,16613,1001,17614,205
2023-01-22,Ventura,111,848112,218991,218678,17829,236507,1640
2023-01-22,Yolo,113,214977,49555,49481,4730,54211,436
2023-01-22,Yuba,115,75493,19864,19840,1832,21672,133
2023-01-21,Alameda,001,1643700,373041,372424,22115,394539,2125
2023-01-21,Alpine,003,1148,139,139,4,143,0
2023-01-21,Amador,005,37829,10441,10401,961,11362,97
2023-01-21,Butte,007,227075,41335,41293,10001,51294,481
2023-01-21,Calaveras,009,45235,8904,8893,639,9532,139
2023-01-21,Colusa,011,21464,3932,3925,1330,5255,22
2023-01-21,Contra Costa,013,1133247,268404,267942,22058,290000,1518
2023-01-21,Del Norte,015,27424,7719,7708,445,8153,57
2023-01-21,El Dorado,017,186661,34263,34211,4500,38711,237
2023-01-21,Fresno,019,978130,290047,288834,33863,322697,2952
2023-01-21,Glenn,021,27897,5752,5749,1996,7745,58
2023-01-21,Humboldt,023,135768,23034,23013,5784,28797,167
2023-01-21,Imperial,025,180216,69266,69148,18533,87681,969
2023-01-21,Inyo,027,18085,4722,4717,1241,5958,62
2023-01-21,Kern,029,883053,227728,227433,69955,297388,2461
2023-01-21,Kings,031,150075,62291,62192,4376,66568,470
2023-01-21,Lake,033,64148,13498,13471,1288,14759,149
2023-01-21,Lassen,035,31185,10225,10219,1055,11274,66
2023-01-21,Los Angeles,037,10098052,3457178,3451542,210857,3662399,34790
2023-01-21,Madera,039,155013,45876,45839,8801,54640,377
2023-01-21,Marin,041,260295,48350,48236,5616,53852,317
2023-01-21,Mariposa,043,17540,3304,3290,392,3682,32
2023-01-21,Mendocino,045,87422,16722,16706,4781,21487,139
2023-01-21,Merced,047,269075,75555,75414,12581,87995,883
2023-01-21,Modoc,049,8938,951,950,364,1314,11
2023-01-21,Mono,051,14174,3310,3304,297,3601,8
2023-01-21,Monterey,053,433212,97103,96993,22593,119586,784
2023-01-21,Napa,055,140530,33938,33873,1518,35391,164
2023-01-21,Nevada,057,99092,19975,19957,2252,22209,132
2023-01-21,Orange,059,3164182,702654,701534,74510,776044,7754
2023-01-21,Placer,061,380077,80085,79943,10129,90072,671
2023-01-21,Plumas,063,18699,3810,3805,458,4263,13
2023-01-21,Riverside,065,2383286,728379,727487,40630,768117,6788
2023-01-21,Sacramento,067,1510023,366460,365898,36700,402598,3454
2023-01-21,San Benito,069,59416,17426,17407,1123,18530,115
2023-01-21,San Bernardino,071,2135413,703751,702778,34514,737292,8155
2023-01-21,San Diego,073,3302833,974740,973112,79689,1052801,5703
2023-01-21,San Francisco,075,870044,192655,192280,13103,205383,1147
2023-01-21,San Joaquin,077,732212,207690,207428,16508,223936,2388
2023-01-21,San Luis Obispo,079,281455,65714,65596,8016,73612,545
2023-01-21,San Mateo,081,765935,179997,179715,11240,190955,749
2023-01-21,Santa Barbara,083,443738,110946,110772,7548,118320,752
2023-01-21,Santa Clara,085,1922200,467643,467082,21383,488465,2633
2023-01-21,Santa Cruz,087,273765,67449,67312,3766,71078,277
2023-01-21,Shasta,089,179085,36309,36230,8213,44443,603
2023-01-21,Sierra,091,2930,311,311,61,372,5
2023-01-21,Siskiyou,093,43540,5406,5400,3421,8821,95
2023-01-21,Solano,095,438530,112156,111971,8412,120383,482
2023-01-21,Sonoma,097,501317,112293,112137,5724,117861,541
2023-01-21,Stanislaus,099,539301,143728,143576,22709,166285,1813
2023-01-21,Sutter,101,95872,25469,25442,2544,27986,237
2023-01-21,Tehama,103,63373,14355,14342,3378,17720,222
2023-01-21,Trinity,105,12862,1459,1452,501,1953,23
2023-01-21,Tulare,107,460477,126889,126692,39320,166012,1554
2023-01-21,Tuolumne,109,53932,16634,16613,1001,17614,205
2023-01-21,Ventura,111,848112,218969,218678,17829,236507,1640
2023-01-21,Yolo,113,214977,49551,49481,4730,54211,436
2023-01-21,Yuba,115,75493,19864,19840,1832,21672,133
2023-01-20,Alameda,001,1643700,372978,372424,22115,394539,2125
2023-01-20,Alpine,003,1148,139,139,4,143,0
2023-01-20,Amador,005,37829,10441,10401,961,11362,97
2023-01-20,Butte,007,227075,41333,41293,10001,51294,481
2023-01-20,Calaveras,009,45235,8904,8893,639,9532,139
2023-01-20,Colusa,011,21464,3932,3925,1330,5255,22
2023-01-20,Contra Costa,013,1133247,268358,267942,22058,290000,1518
2023-01-20,Del Norte,015,27424,7719,7708,445,8153,57
2023-01-20,El Dorado,017,186661,34258,34211,4500,38711,237
2023-01-20,Fresno,019,978130,290010,288834,33863,322697,2952
2023-01-20,Glenn,021,27897,5752,5749,1996,7745,58
2023-01-20,Humboldt,023,135768,23034,23013,5784,28797,167
2023-01-20,Imperial,025,180216,69264,69148,18533,87681,969
2023-01-20,Inyo,027,18085,4721,4717,1241,5958,62
2023-01-20,Kern,029,883053,227705,227433,69955,297388,2461
2023-01-20,Kings,031,150075,62281,62192,4376,66568,470
2023-01-20,Lake,033,64148,13498,13471,1288,14759,149
2023-01-20,Lassen,035,31185,10225,10219,1055,11274,66
2023-01-20,Los Angeles,037,10098052,3456797,3451542,210857,3662399,34790
2023-01-20,Madera,039,155013,45874,45839,8801,54640,377
2023-01-20,Marin,041,260295,48338,48236,5616,53852,317
2023-01-20,Mariposa,043,17540,3302,3290,392,3682,32
2023-01-20,Mendocino,045,87422,16718,16706,4781,21487,139
2023-01-20,Merced,047,269075,75550,75414,12581,87995,883
2023-01-20,Modoc,049,8938,951,950,364,1314,11
2023-01-20,Mono,051,14174,3310,3304,297,3601,8
2023-01-20,Monterey,053,433212,97090,96993,22593,119586,784
2023-01-20,Napa,055,140530,33932,33873,1518,35391,164
2023-01-20,Nevada,057,99092,19973,19957,2252,22209,132
2023-01-20,Orange,059,3164182,702542,701534,74510,776044,7754
2023-01-20,Placer,061,380077,80073,79943,10129,90072,671
2023-01-20,Plumas,063,18699,3809,3805,458,4263,13
2023-01-20,Riverside,065,2383286,728305,727487,40630,768117,6788
2023-01-20,Sacramento,067,1510023,366419,365898,36700,402598,3454
2023-01-20,San Benito,069,59416,17425,17407,1123,18530,115
2023-01-20,San Bernardino,071,2135413,703675,702778,34514,737292,8155
2023-01-20,San Diego,073,3302833,974565,973112,79689,1052801,5703
2023-01-20,San Francisco,075,870044,192615,192280,13103,205383,1147
2023-01-20,San Joaquin,077,732212,207672,207428,16508,223936,2388
2023-01-20,San Luis Obispo,079,281455,65709,65596,8016,73612,545
2023-01-20,San Mateo,081,765935,179972,179715,11240,190955,749
2023-01-20,Santa Barbara,083,443738,110929,110772,7548,118320,752
2023-01-20,Santa Clara,085,1922200,467553,467082,21383,488465,2633
2023-01-20,Santa Cruz,087,273765,67442,67312,3766,71078,277
2023-01-20,Shasta,089,179085,36309,36230,8213,44443,603
2023-01-20,Sierra,091,2930,311,311,61,372,5
2023-01-20,Siskiyou,093,43540,5405,5400,3421,8821,95
2023-01-20,Solano,095,438530,112138,111971,8412,120383,482
2023-01-20,Sonoma,097,501317,112277,112137,5724,117861,541
2023-01-20,Stanislaus,099,539301,143708,143576,22709,166285,1813
2023-01-20,Sutter,101,95872,25467,25442,2544,27986,237
2023-01-20,Tehama,103,63373,14355,14342,3378,17720,222
2023-01-20,Trinity,105,12862,1459,1452,501,1953,23
2023-01-20,Tulare,107,460477,126876,126692,39320,166012,1554
2023-01-20,Tuolumne,109,53932,16633,16613,1001,17614,205
2023-01-20,Ventura,111,848112,218945,218678,17829,236507,1640
2023-01-20,Yolo,113,214977,49542,49481,4730,54211,436
2023-01-20,Yuba,115,75493,19862,19840,1832,21672,133
2023-01-19,Alameda,001,1643700,372883,372424,22115,394539,2125
2023-01-19,Alpine,003,1148,139,139,4,143,0
2023-01-19,Amador,005,37829,10440,10401,961,11362,97
2023-01-19,Butte,007,227075,41329,41293,10001,51294,481
2023-01-19,Calaveras,009,45235,8903,8893,639,9532,139
2023-01-19,Colusa,011,21464,3931,3925,1330,5255,22
2023-01-19,Contra Costa,013,1133247,268287,267942,22058,290000,1518
2023-01-19,Del Norte,015,27424,7717,7708,445,8153,57
2023-01-19,El Dorado,017,186661,34256,34211,4500,38711,237
2023-01-19,Fresno,019,978130,289954,288834,33863,322697,2952
2023-01-19,Glenn,021,27897,5752,5749,1996,7745,58
2023-01-19,Humboldt,023,135768,23032,23013,5784,28797,167
2023-01-19,Imperial,025,180216,69256,69148,18533,87681,969
2023-01-19,Inyo,027,18085,4721,4717,1241,5958,62
2023-01-19,Kern,029,883053,227659,227433,69955,297388,2461
2023-01-19,Kings,031,150075,62264,62192,4376,66568,470
2023-01-19,Lake,033,64148,13496,13471,1288,14759,149
2023-01-19,Lassen,035,31185,10225,10219,1055,11274,66
2023-01-19,Los Angeles,037,10098052,3456235,3451542,210857,3662399,34790
2023-01-19,Madera,039,155013,45865,45839,8801,54640,377
2023-01-19,Marin,041,260295,48317,48236,5616,53852,317
2023-01-19,Mariposa,043,17540,3302,3290,392,3682,32
2023-01-19,Mendocino,045,87422,16717,16706,4781,21487,139
2023-01-19,Merced,047,269075,75535,75414,12581,87995,883
2023-01-19,Modoc,049,8938,950,950,364,1314,11
2023-01-19,Mono,051,14174,3310,3304,297,3601,8
2023-01-19,Monterey,053,433212,97076,96993,22593,119586,784
2023-01-19,Napa,055,140530,33928,33873,1518,35391,164
2023-01-19,Nevada,057,99092,19972,19957,2252,22209,132
2023-01-19,Orange,059,3164182,702386,701534,74510,776044,7754
2023-01-19,Placer,061,380077,80050,79943,10129,90072,671
2023-01-19,Plumas,063,18699,3809,3805,458,4263,13
2023-01-19,Riverside,065,2383286,728164,727487,40630,768117,6788
2023-01-19,Sacramento,067,1510023,366339,365898,36700,402598,3454
2023-01-19,San Benito,069,59416,17422,17407,1123,18530,115
2023-01-19,San Bernardino,071,2135413,703558,702778,34514,737292,8155
2023-01-19,San Diego,073,3302833,974348,973112,79689,1052801,5703
2023-01-19,San Francisco,075,870044,192548,192280,13103,205383,1147
2023-01-19,San Joaquin,077,732212,207636,207428,16508,223936,2388
2023-01-19,San Luis Obispo,079,281455,65695,65596,8016,73612,545
2023-01-19,San Mateo,081,765935,179923,179715,11240,190955,749
2023-01-19,Santa Barbara,083,443738,110902,110772,7548,118320,752
2023-01-19,Santa Clara,085,1922200,467433,467082,21383,488465,2633
2023-01-19,Santa Cruz,087,273765,67431,67312,3766,71078,277
2023-01-19,Shasta,089,179085,36307,36230,8213,44443,603
2023-01-19,Sierra,091,2930,311,311,61,372,5
2023-01-19,Siskiyou,093,43540,5403,5400,3421,8821,95
2023-01-19,Solano,095,438530,112099,111971,8412,120383,482
2023-01-19,Sonoma,097,501317,112255,112137,5724,117861,541
2023-01-19,Stanislaus,099,539301,143679,143576,22709,166285,1813
2023-01-19,Sutter,101,95872,25463,25442,2544,27986,237
2023-01-19,Tehama,103,63373,14353,14342,3378,17720,222
2023-01-19,Trinity,105,12862,1459,1452,501,1953,23
2023-01-19,Tulare,107,460477,126848,126692,39320,166012,1554
2023-01-19,Tuolumne,109,53932,16628,16613,1001,17614,205
2023-01-19,Ventura,111,848112,218907,218678,17829,236507,1640
2023-01-19,Yolo,113,214977,49533,49481,4730,54211,436
2023-01-19,Yuba,115,75493,19858,19840,1832,21672,133
2023-01-18,Alameda,001,1643700,372784,372424,22115,394539,2125
2023-01-18,Alpine,003,1148,139,139,4,143,0
2023-01-18,Amador,005,37829,10424,10401,961,11362,97
2023-01-18,Butte,007,227075,41322,41293,10001,51294,481
2023-01-18,Calaveras,009,45235,8901,8893,639,9532,139
2023-01-18,Colusa,011,21464,3927,3925,1330,5255,22
2023-01-18,Contra Costa,013,1133247,268213,267942,22058,290000,1518
2023-01-18,Del Norte,015,27424,7714,7708,445,8153,57
2023-01-18,El Dorado,017,186661,34253,34211,4500,38711,237
2023-01-18,Fresno,019,978130,289905,288834,33863,322697,2952
2023-01-18,Glenn,021,27897,5751,5749,1996,7745,58
2023-01-18,Humboldt,023,135768,23028,23013,5784,28797,167
2023-01-18,Imperial,025,180216,69244,69148,18533,87681,969
2023-01-18,Inyo,027,18085,4721,4717,1241,5958,62
2023-01-18,Kern,029,883053,227617,227433,69955,297388,2461
2023-01-18,Kings,031,150075,62249,62192,4376,66568,470
2023-01-18,Lake,033,64148,13493,13471,1288,14759,149
2023-01-18,Lassen,035,31185,10225,10219,1055,11274,66
2023-01-18,Los Angeles,037,10098052,3455513,3451542,210857,3662399,34790
2023-01-18,Madera,039,155013,45859,45839,8801,54640,377
2023-01-18,Marin,041,260295,48301,48236,5616,53852,317
2023-01-18,Mariposa,043,17540,3302,3290,392,3682,32
2023-01-18,Mendocino,045,87422,16716,16706,4781,21487,139
2023-01-18,Merced,047,269075,75519,75414,12581,87995,883
2023-01-18,Modoc,049,8938,950,950,364,1314,11
2023-01-18,Mono,051,14174,3310,3304,297,3601,8
2023-01-18,Monterey,053,433212,97067,96993,22593,119586,784
2023-01-18,Napa,055,140530,33916,33873,1518,35391,164
2023-01-18,Nevada,057,99092,19971,19957,2252,22209,132
2023-01-18,Orange,059,3164182,702200,701534,74510,776044,7754
2023-01-18,Placer,061,380077,80029,79943,10129,90072,671
2023-01-18,Plumas,063,18699,3809,3805,458,4263,13
2023-01-18,Riverside,065,2383286,728039,727487,40630,768117,6788
2023-01-18,Sacramento,067,1510023,366277,365898,36700,402598,3454
2023-01-18,San Benito,069,59416,17420,17407,1123,18530,115
2023-01-18,San Bernardino,071,2135413,703460,702778,34514,737292,8155
2023-01-18,San Diego,073,3302833,974046,973112,79689,1052801,5703
2023-01-18,San Francisco,075,870044,192489,192280,13103,205383,1147
2023-01-18,San Joaquin,077,732212,207599,207428,16508,223936,2388
2023-01-18,San Luis Obispo,079,281455,65678,65596,8016,73612,545
2023-01-18,San Mateo,081,765935,179880,179715,11240,190955,749
2023-01-18,Santa Barbara,083,443738,110875,110772,7548,118320,752
2023-01-18,Santa Clara,085,1922200,467302,467082,21383,488465,2633
2023-01-18,Santa Cruz,087,273765,67421,67312,3766,71078,277
2023-01-18,Shasta,089,179085,36304,36230,8213,44443,603
2023-01-18,Sierra,091,2930,311,311,61,372,5
2023-01-18,Siskiyou,093,43540,5402,5400,3421,8821,95
2023-01-18,Solano,095,438530,112066,111971,8412,120383,482
2023-01-18,Sonoma,097,501317,112228,112137,5724,117861,541
2023-01-18,Stanislaus,099,539301,143652,143576,22709,166285,1813
2023-01-18,Sutter,101,95872,25453,25442,2544,27986,237
2023-01-18,Tehama,103,63373,14353,14342,3378,17720,222
2023-01-18,Trinity,105,12862,1458,1452,501,1953,23
2023-01-18,Tulare,107,460477,126825,126692,39320,166012,1554
2023-01-18,Tuolumne,109,53932,16624,16613,1001,17614,205
2023-01-18,Ventura,111,848112,218849,218678,17829,236507,1640
2023-01-18,Yolo,113,214977,49523,49481,4730,54211,436
2023-01-18,Yuba,115,75493,19850,19840,1832,21672,133
2023-01-17,Alameda,001,1643700,372677,372424,22115,394539,2125
2023-01-17,Alpine,003,1148,139,139,4,143,0
2023-01-17,Amador,005,37829,10418,10401,961,11362,97
2023-01-17,Butte,007,227075,41318,41293,10001,51294,481
2023-01-17,Calaveras,009,45235,8899,8893,639,9532,139
2023-01-17,Colusa,011,21464,3927,3925,1330,5255,22
2023-01-17,Contra Costa,013,1133247,268131,267942,22058,290000,1518
2023-01-17,Del Norte,015,27424,7709,7708,445,8153,57
2023-01-17,El Dorado,017,186661,34248,34211,4500,38711,237
2023-01-17,Fresno,019,978130,289845,288834,33863,322697,2952
2023-01-17,Glenn,021,27897,5750,5749,1996,7745,58
2023-01-17,Humboldt,023,135768,23024,23013,5784,28797,167
2023-01-17,Imperial,025,180216,69227,69148,18533,87681,969
2023-01-17,Inyo,027,18085,4721,4717,1241,5958,62
2023-01-17,Kern,029,883053,227577,227433,69955,297388,2461
2023-01-17,Kings,031,150075,62232,62192,4376,66568,470
2023-01-17,Lake,033,64148,13489,13471,1288,14759,149
2023-01-17,Lassen,035,31185,10223,10219,1055,11274,66
2023-01-17,Los Angeles,037,10098052,3454710,3451542,210857,3662399,34790
2023-01-17,Madera,039,155013,45856,45839,8801,54640,377
2023-01-17,Marin,041,260295,48287,48236,5616,53852,317
2023-01-17,Mariposa,043,17540,3302,3290,392,3682,32
2023-01-17,Mendocino,045,87422,16714,16706,4781,21487,139
2023-01-17,Merced,047,269075,75507,75414,12581,87995,883
2023-01-17,Modoc,049,8938,950,950,364,1314,11
2023-01-17,Mono,051,14174,3307,3304,297,3601,8
2023-01-17,Monterey,053,433212,97060,96993,22593,119586,784
2023-01-17,Napa,055,140530,33905,33873,1518,35391,164
2023-01-17,Nevada,057,99092,19968,19957,2252,22209,132
2023-01-17,Orange,059,3164182,702020,701534,74510,776044,7754
2023-01-17,Placer,061,380077,80014,79943,10129,90072,671
2023-01-17,Plumas,063,18699,3806,3805,458,4263,13
2023-01-17,Riverside,065,2383286,727899,727487,40630,768117,6788
2023-01-17,Sacramento,067,1510023,366170,365898,36700,402598,3454
2023-01-17,San Benito,069,59416,17417,17407,1123,18530,115
2023-01-17,San Bernardino,071,2135413,703299,702778,34514,737292,8155
2023-01-17,San Diego,073,3302833,973733,973112,79689,1052801,5703
2023-01-17,San Francisco,075,870044,192425,192280,13103,205383,1147
2023-01-17,San Joaquin,077,732212,207561,207428,16508,223936,2388
2023-01-17,San Luis Obispo,079,281455,65665,65596,8016,73612,545
2023-01-17,San Mateo,081,765935,179829,179715,11240,190955,749
2023-01-17,Santa Barbara,083,443738,110837,110772,7548,118320,752
2023-01-17,Santa Clara,085,1922200,467152,467082,21383,488465,2633
2023-01-17,Santa Cruz,087,273765,67406,67312,3766,71078,277
2023-01-17,Shasta,089,179085,36300,36230,8213,44443,603
2023-01-17,Sierra,091,2930,311,311,61,372,5
2023-01-17,Siskiyou,093,43540,5402,5400,3421,8821,95
2023-01-17,Solano,095,438530,112021,111971,8412,120383,482
2023-01-17,Sonoma,097,501317,112188,112137,5724,117861,541
2023-01-17,Stanislaus,099,539301,143629,143576,22709,166285,1813
2023-01-17,Sutter,101,95872,25447,25442,2544,27986,237
2023-01-17,Tehama,103,63373,14352,14342,3378,17720,222
2023-01-17,Trinity,105,12862,1457,1452,501,1953,23
2023-01-17,Tulare,107,460477,126783,126692,39320,166012,1554
2023-01-17,Tuolumne,109,53932,16621,16613,1001,17614,205
2023-01-17,Ventura,111,848112,218806,218678,17829,236507,1640
2023-01-17,Yolo,113,214977,49510,49481,4730,54211,436
2023-01-17,Yuba,115,75493,19845,19840,1832,21672,133
2023-01-16,Alameda,001,1643700,372539,371533,22115,393648,2112
2023-01-16,Alpine,003,1148,139,139,4,143,0
2023-01-16,Amador,005,37829,10410,10384,961,11345,96
2023-01-16,Butte,007,227075,41304,41228,10001,51229,478
2023-01-16,Calaveras,009,45235,8897,8878,639,9517,138
2023-01-16,Colusa,011,21464,3926,3919,1330,5249,22
2023-01-16,Contra Costa,013,1133247,268049,267212,22058,289270,1505
2023-01-16,Del Norte,015,27424,7709,7700,445,8145,57
2023-01-16,El Dorado,017,186661,34241,34153,4500,38653,236
2023-01-16,Fresno,019,978130,289764,287748,33863,321611,2940
2023-01-16,Glenn,021,27897,5750,5747,1996,7743,58
2023-01-16,Humboldt,023,135768,23018,22986,5784,28770,166
2023-01-16,Imperial,025,180216,69218,69018,18533,87551,964
2023-01-16,Inyo,027,18085,4720,4709,1241,5950,62
2023-01-16,Kern,029,883053,227532,226971,69955,296926,2457
2023-01-16,Kings,031,150075,62222,62044,4376,66420,469
2023-01-16,Lake,033,64148,13480,13448,1288,14736,149
2023-01-16,Lassen,035,31185,10221,10212,1055,11267,66
2023-01-16,Los Angeles,037,10098052,3453663,3443850,210857,3654707,34651
2023-01-16,Madera,039,155013,45850,45761,8801,54562,377
2023-01-16,Marin,041,260295,48272,48130,5616,53746,317
2023-01-16,Mariposa,043,17540,3301,3285,392,3677,32
2023-01-16,Mendocino,045,87422,16712,16682,4781,21463,137
2023-01-16,Merced,047,269075,75488,75253,12581,87834,883
2023-01-16,Modoc,049,8938,950,946,364,1310,11
2023-01-16,Mono,051,14174,3306,3299,297,3596,8
2023-01-16,Monterey,053,433212,97046,96874,22593,119467,781
2023-01-16,Napa,055,140530,33891,33808,1518,35326,165
2023-01-16,Nevada,057,99092,19963,19927,2252,22179,132
2023-01-16,Orange,059,3164182,701818,699881,74510,774391,7723
2023-01-16,Placer,061,380077,79991,79766,10129,89895,671
2023-01-16,Plumas,063,18699,3806,3804,458,4262,13
2023-01-16,Riverside,065,2383286,727725,725898,40630,766528,6761
2023-01-16,Sacramento,067,1510023,366078,365352,36700,402052,3434
2023-01-16,San Benito,069,59416,17411,17378,1123,18501,115
2023-01-16,San Bernardino,071,2135413,703096,701674,34514,736188,8146
2023-01-16,San Diego,073,3302833,973352,970800,79689,1050489,5681
2023-01-16,San Francisco,075,870044,192348,191765,13103,204868,1123
2023-01-16,San Joaquin,077,732212,207525,207038,16508,223546,2378
2023-01-16,San Luis Obispo,079,281455,65641,65502,8016,73518,539
2023-01-16,San Mateo,081,765935,179774,179319,11240,190559,749
2023-01-16,Santa Barbara,083,443738,110811,110537,7548,118085,750
2023-01-16,Santa Clara,085,1922200,466944,465994,21383,487377,2601
2023-01-16,Santa Cruz,087,273765,67385,67144,3766,70910,276
2023-01-16,Shasta,089,179085,36296,36179,8213,44392,604
2023-01-16,Sierra,091,2930,311,311,61,372,5
2023-01-16,Siskiyou,093,43540,5401,5384,3421,8805,95
2023-01-16,Solano,095,438530,111987,111700,8412,120112,479
2023-01-16,Sonoma,097,501317,112154,111955,5724,117679,542
2023-01-16,Stanislaus,099,539301,143596,143318,22709,166027,1800
2023-01-16,Sutter,101,95872,25442,25392,2544,27936,237
2023-01-16,Tehama,103,63373,14350,14320,3378,17698,221
2023-01-16,Trinity,105,12862,1457,1448,501,1949,23
2023-01-16,Tulare,107,460477,126755,126451,39320,165771,1552
2023-01-16,Tuolumne,109,53932,16616,16552,1001,17553,209
2023-01-16,Ventura,111,848112,218745,218234,17829,236063,1632
2023-01-16,Yolo,113,214977,49495,49393,4730,54123,433
2023-01-16,Yuba,115,75493,19841,19804,1832,21636,132
2023-01-15,Alameda,001,1643700,372423,371533,22115,393648,2112
2023-01-15,Alpine,003,1148,139,139,4,143,0
2023-01-15,Amador,005,37829,10408,10384,961,11345,96
2023-01-15,Butte,007,227075,41298,41228,10001,51229,478
2023-01-15,Calaveras,009,45235,8897,8878,639,9517,138
2023-01-15,Colusa,011,21464,3925,3919,1330,5249,22
2023-01-15,Contra Costa,013,1133247,267978,267212,22058,289270,1505
2023-01-15,Del Norte,015,27424,7707,7700,445,8145,57
2023-01-15,El Dorado,017,186661,34232,34153,4500,38653,236
2023-01-15,Fresno,019,978130,289707,287748,33863,321611,2940
2023-01-15,Glenn,021,27897,5749,5747,1996,7743,58
2023-01-15,Humboldt,023,135768,23015,22986,5784,28770,166
2023-01-15,Imperial,025,180216,69204,69018,18533,87551,964
2023-01-15,Inyo,027,18085,4719,4709,1241,5950,62
2023-01-15,Kern,029,883053,227475,226971,69955,296926,2457
2023-01-15,Kings,031,150075,62207,62044,4376,66420,469
2023-01-15,Lake,033,64148,13478,13448,1288,14736,149
2023-01-15,Lassen,035,31185,10220,10212,1055,11267,66
2023-01-15,Los Angeles,037,10098052,3452965,3443850,210848,3654698,34651
2023-01-15,Madera,039,155013,45841,45761,8801,54562,377
2023-01-15,Marin,041,260295,48247,48130,5616,53746,317
2023-01-15,Mariposa,043,17540,3300,3285,392,3677,32
2023-01-15,Mendocino,045,87422,16710,16682,4781,21463,137
2023-01-15,Merced,047,269075,75474,75253,12581,87834,883
2023-01-15,Modoc,049,8938,949,946,364,1310,11
2023-01-15,Mono,051,14174,3305,3299,297,3596,8
2023-01-15,Monterey,053,433212,97033,96874,22593,119467,781
2023-01-15,Napa,055,140530,33883,33808,1518,35326,165
2023-01-15,Nevada,057,99092,19958,19927,2252,22179,132
2023-01-15,Orange,059,3164182,701603,699881,74510,774391,7723
2023-01-15,Placer,061,380077,79969,79766,10129,89895,671
2023-01-15,Plumas,063,18699,3805,3804,458,4262,13
2023-01-15,Riverside,065,2383286,727567,725898,40630,766528,6761
2023-01-15,Sacramento,067,1510023,366007,365352,36700,402052,3434
2023-01-15,San Benito,069,59416,17408,17378,1123,18501,115
2023-01-15,San Bernardino,071,2135413,702962,701674,34514,736188,8146
2023-01-15,San Diego,073,3302833,973104,970800,79679,1050479,5681
2023-01-15,San Francisco,075,870044,192287,191765,13103,204868,1123
2023-01-15,San Joaquin,077,732212,207483,207038,16508,223546,2378
2023-01-15,San Luis Obispo,079,281455,65626,65502,8016,73518,539
2023-01-15,San Mateo,081,765935,179725,179319,11240,190559,749
2023-01-15,Santa Barbara,083,443738,110774,110537,7548,118085,750
2023-01-15,Santa Clara,085,1922200,466826,465994,21383,487377,2601
2023-01-15,Santa Cruz,087,273765,67358,67144,3766,70910,276
2023-01-15,Shasta,089,179085,36292,36179,8213,44392,604
2023-01-15,Sierra,091,2930,311,311,61,372,5
2023-01-15,Siskiyou,093,43540,5400,5384,3421,8805,95
2023-01-15,Solano,095,438530,111960,111700,8412,120112,479
2023-01-15,Sonoma,097,501317,112123,111955,5724,117679,542
2023-01-15,Stanislaus,099,539301,143565,143318,22709,166027,1800
2023-01-15,Sutter,101,95872,25435,25392,2544,27936,237
2023-01-15,Tehama,103,63373,14349,14320,3378,17698,221
2023-01-15,Trinity,105,12862,1457,1448,501,1949,23
2023-01-15,Tulare,107,460477,126697,126451,39320,165771,1552
2023-01-15,Tuolumne,109,53932,16612,16552,1001,17553,209
2023-01-15,Ventura,111,848112,218698,218234,17829,236063,1632
2023-01-15,Yolo,113,214977,49486,49393,4730,54123,433
2023-01-15,Yuba,115,75493,19837,19804,1832,21636,132
2023-01-14,Alameda,001,1643700,372355,371533,22115,393648,2112
2023-01-14,Alpine,003,1148,139,139,4,143,0
2023-01-14,Amador,005,37829,10405,10384,961,11345,96
2023-01-14,Butte,007,227075,41294,41228,10001,51229,478
2023-01-14,Calaveras,009,45235,8896,8878,639,9517,138
2023-01-14,Colusa,011,21464,3924,3919,1330,5249,22
2023-01-14,Contra Costa,013,1133247,267919,267212,22058,289270,1505
2023-01-14,Del Norte,015,27424,7706,7700,445,8145,57
2023-01-14,El Dorado,017,186661,34226,34153,4500,38653,236
2023-01-14,Fresno,019,978130,289669,287748,33863,321611,2940
2023-01-14,Glenn,021,27897,5749,5747,1996,7743,58
2023-01-14,Humboldt,023,135768,23013,22986,5784,28770,166
2023-01-14,Imperial,025,180216,69189,69018,18533,87551,964
2023-01-14,Inyo,027,18085,4717,4709,1241,5950,62
2023-01-14,Kern,029,883053,227440,226971,69955,296926,2457
2023-01-14,Kings,031,150075,62198,62044,4376,66420,469
2023-01-14,Lake,033,64148,13477,13448,1288,14736,149
2023-01-14,Lassen,035,31185,10220,10212,1055,11267,66
2023-01-14,Los Angeles,037,10098052,3452472,3443850,210809,3654659,34651
2023-01-14,Madera,039,155013,45838,45761,8801,54562,377
2023-01-14,Marin,041,260295,48236,48130,5616,53746,317
2023-01-14,Mariposa,043,17540,3300,3285,392,3677,32
2023-01-14,Mendocino,045,87422,16706,16682,4781,21463,137
2023-01-14,Merced,047,269075,75460,75253,12581,87834,883
2023-01-14,Modoc,049,8938,949,946,364,1310,11
2023-01-14,Mono,051,14174,3304,3299,297,3596,8
2023-01-14,Monterey,053,433212,97023,96874,22593,119467,781
2023-01-14,Napa,055,140530,33877,33808,1518,35326,165
2023-01-14,Nevada,057,99092,19958,19927,2252,22179,132
2023-01-14,Orange,059,3164182,701476,699881,74510,774391,7723
2023-01-14,Placer,061,380077,79959,79766,10129,89895,671
2023-01-14,Plumas,063,18699,3805,3804,458,4262,13
2023-01-14,Riverside,065,2383286,727469,725898,40630,766528,6761
2023-01-14,Sacramento,067,1510023,365960,365352,36700,402052,3434
2023-01-14,San Benito,069,59416,17404,17378,1123,18501,115
2023-01-14,San Bernardino,071,2135413,702870,701674,34514,736188,8146
2023-01-14,San Diego,073,3302833,972909,970800,79670,1050470,5681
2023-01-14,San Francisco,075,870044,192245,191765,13103,204868,1123
2023-01-14,San Joaquin,077,732212,207460,207038,16508,223546,2378
2023-01-14,San Luis Obispo,079,281455,65620,65502,8016,73518,539
2023-01-14,San Mateo,081,765935,179699,179319,11240,190559,749
2023-01-14,Santa Barbara,083,443738,110751,110537,7548,118085,750
2023-01-14,Santa Clara,085,1922200,466735,465994,21383,487377,2601
2023-01-14,Santa Cruz,087,273765,67352,67144,3766,70910,276
2023-01-14,Shasta,089,179085,36288,36179,8213,44392,604
2023-01-14,Sierra,091,2930,311,311,61,372,5
2023-01-14,Siskiyou,093,43540,5400,5384,3421,8805,95
2023-01-14,Solano,095,438530,111951,111700,8412,120112,479
2023-01-14,Sonoma,097,501317,112112,111955,5724,117679,542
2023-01-14,Stanislaus,099,539301,143543,143318,22709,166027,1800
2023-01-14,Sutter,101,95872,25432,25392,2544,27936,237
2023-01-14,Tehama,103,63373,14346,14320,3378,17698,221
2023-01-14,Trinity,105,12862,1457,1448,501,1949,23
2023-01-14,Tulare,107,460477,126677,126451,39320,165771,1552
2023-01-14,Tuolumne,109,53932,16610,16552,1001,17553,209
2023-01-14,Ventura,111,848112,218666,218234,17829,236063,1632
2023-01-14,Yolo,113,214977,49474,49393,4730,54123,433
2023-01-14,Yuba,115,75493,19835,19804,1832,21636,132
2023-01-13,Alameda,001,1643700,372274,371533,22115,393648,2112
2023-01-13,Alpine,003,1148,139,139,4,143,0
2023-01-13,Amador,005,37829,10403,10384,961,11345,96
2023-01-13,Butte,007,227075,41290,41228,10001,51229,478
2023-01-13,Calaveras,009,45235,8895,8878,639,9517,138
2023-01-13,Colusa,011,21464,3922,3919,1330,5249,22
2023-01-13,Contra Costa,013,1133247,267861,267212,22058,289270,1505
2023-01-13,Del Norte,015,27424,7705,7700,445,8145,57
2023-01-13,El Dorado,017,186661,34222,34153,4500,38653,236
2023-01-13,Fresno,019,978130,289629,287748,33861,321609,2940
2023-01-13,Glenn,021,27897,5749,5747,1996,7743,58
2023-01-13,Humboldt,023,135768,23012,22986,5784,28770,166
2023-01-13,Imperial,025,180216,69179,69018,18533,87551,964
2023-01-13,Inyo,027,18085,4716,4709,1241,5950,62
2023-01-13,Kern,029,883053,227405,226971,69955,296926,2457
2023-01-13,Kings,031,150075,62186,62044,4376,66420,469
2023-01-13,Lake,033,64148,13477,13448,1288,14736,149
2023-01-13,Lassen,035,31185,10219,10212,1055,11267,66
2023-01-13,Los Angeles,037,10098052,3451986,3443850,210773,3654623,34651
2023-01-13,Madera,039,155013,45830,45761,8801,54562,377
2023-01-13,Marin,041,260295,48225,48130,5616,53746,317
2023-01-13,Mariposa,043,17540,3300,3285,392,3677,32
2023-01-13,Mendocino,045,87422,16703,16682,4781,21463,137
2023-01-13,Merced,047,269075,75452,75253,12581,87834,883
2023-01-13,Modoc,049,8938,949,946,364,1310,11
2023-01-13,Mono,051,14174,3303,3299,297,3596,8
2023-01-13,Monterey,053,433212,97004,96874,22593,119467,781
2023-01-13,Napa,055,140530,33868,33808,1518,35326,165
2023-01-13,Nevada,057,99092,19955,19927,2252,22179,132
2023-01-13,Orange,059,3164182,701361,699881,74510,774391,7723
2023-01-13,Placer,061,380077,79942,79766,10129,89895,671
2023-01-13,Plumas,063,18699,3805,3804,458,4262,13
2023-01-13,Riverside,065,2383286,727366,725898,40630,766528,6761
2023-01-13,Sacramento,067,1510023,365900,365352,36700,402052,3434
2023-01-13,San Benito,069,59416,17403,17378,1123,18501,115
2023-01-13,San Bernardino,071,2135413,702784,701674,34514,736188,8146
2023-01-13,San Diego,073,3302833,972723,970800,79649,1050449,5681
2023-01-13,San Francisco,075,870044,192204,191765,13103,204868,1123
2023-01-13,San Joaquin,077,732212,207426,207038,16508,223546,2378
2023-01-13,San Luis Obispo,079,281455,65608,65502,8016,73518,539
2023-01-13,San Mateo,081,765935,179650,179319,11240,190559,749
2023-01-13,Santa Barbara,083,443738,110736,110537,7548,118085,750
2023-01-13,Santa Clara,085,1922200,466626,465994,21383,487377,2601
2023-01-13,Santa Cruz,087,273765,67336,67144,3766,70910,276
2023-01-13,Shasta,089,179085,36287,36179,8213,44392,604
2023-01-13,Sierra,091,2930,311,311,61,372,5
2023-01-13,Siskiyou,093,43540,5398,5384,3421,8805,95
2023-01-13,Solano,095,438530,111923,111700,8412,120112,479
2023-01-13,Sonoma,097,501317,112092,111955,5724,117679,542
2023-01-13,Stanislaus,099,539301,143524,143318,22709,166027,1800
2023-01-13,Sutter,101,95872,25430,25392,2544,27936,237
2023-01-13,Tehama,103,63373,14346,14320,3378,17698,221
2023-01-13,Trinity,105,12862,1456,1448,501,1949,23
2023-01-13,Tulare,107,460477,126651,126451,39320,165771,1552
2023-01-13,Tuolumne,109,53932,16600,16552,1001,17553,209
2023-01-13,Ventura,111,848112,218627,218234,17829,236063,1632
2023-01-13,Yolo,113,214977,49464,49393,4730,54123,433
2023-01-13,Yuba,115,75493,19833,19804,1832,21636,132
2023-01-12,Alameda,001,1643700,372144,371533,22115,393648,2112
2023-01-12,Alpine,003,1148,139,139,4,143,0
2023-01-12,Amador,005,37829,10400,10384,961,11345,96
2023-01-12,Butte,007,227075,41282,41228,10001,51229,478
2023-01-12,Calaveras,009,45235,8892,8878,639,9517,138
2023-01-12,Colusa,011,21464,3922,3919,1330,5249,22
2023-01-12,Contra Costa,013,1133247,267771,267212,22058,289270,1505
2023-01-12,Del Norte,015,27424,7705,7700,445,8145,57
2023-01-12,El Dorado,017,186661,34214,34153,4500,38653,236
2023-01-12,Fresno,019,978130,289571,287748,33861,321609,2940
2023-01-12,Glenn,021,27897,5749,5747,1996,7743,58
2023-01-12,Humboldt,023,135768,23005,22986,5784,28770,166
2023-01-12,Imperial,025,180216,69163,69018,18533,87551,964
2023-01-12,Inyo,027,18085,4714,4709,1241,5950,62
2023-01-12,Kern,029,883053,227330,226971,69955,296926,2457
2023-01-12,Kings,031,150075,62169,62044,4376,66420,469
2023-01-12,Lake,033,64148,13476,13448,1288,14736,149
2023-01-12,Lassen,035,31185,10218,10212,1055,11267,66
2023-01-12,Los Angeles,037,10098052,3451140,3443850,210713,3654563,34651
2023-01-12,Madera,039,155013,45813,45761,8801,54562,377
2023-01-12,Marin,041,260295,48210,48130,5616,53746,317
2023-01-12,Mariposa,043,17540,3299,3285,392,3677,32
2023-01-12,Mendocino,045,87422,16700,16682,4781,21463,137
2023-01-12,Merced,047,269075,75432,75253,12581,87834,883
2023-01-12,Modoc,049,8938,949,946,364,1310,11
2023-01-12,Mono,051,14174,3302,3299,297,3596,8
2023-01-12,Monterey,053,433212,96993,96874,22592,119466,781
2023-01-12,Napa,055,140530,33858,33808,1518,35326,165
2023-01-12,Nevada,057,99092,19952,19927,2252,22179,132
2023-01-12,Orange,059,3164182,701142,699881,74509,774390,7723
2023-01-12,Placer,061,380077,79908,79766,10129,89895,671
2023-01-12,Plumas,063,18699,3805,3804,458,4262,13
2023-01-12,Riverside,065,2383286,727194,725898,40630,766528,6761
2023-01-12,Sacramento,067,1510023,365825,365352,36698,402050,3434
2023-01-12,San Benito,069,59416,17401,17378,1123,18501,115
2023-01-12,San Bernardino,071,2135413,702653,701674,34514,736188,8146
2023-01-12,San Diego,073,3302833,972434,970800,79620,1050420,5681
2023-01-12,San Francisco,075,870044,192132,191765,13103,204868,1123
2023-01-12,San Joaquin,077,732212,207376,207038,16506,223544,2378
2023-01-12,San Luis Obispo,079,281455,65595,65502,8016,73518,539
2023-01-12,San Mateo,081,765935,179591,179319,11240,190559,749
2023-01-12,Santa Barbara,083,443738,110691,110537,7548,118085,750
2023-01-12,Santa Clara,085,1922200,466456,465994,21383,487377,2601
2023-01-12,Santa Cruz,087,273765,67306,67144,3766,70910,276
2023-01-12,Shasta,089,179085,36278,36179,8213,44392,604
2023-01-12,Sierra,091,2930,311,311,61,372,5
2023-01-12,Siskiyou,093,43540,5398,5384,3421,8805,95
2023-01-12,Solano,095,438530,111889,111700,8412,120112,479
2023-01-12,Sonoma,097,501317,112069,111955,5724,117679,542
2023-01-12,Stanislaus,099,539301,143500,143318,22627,165945,1800
2023-01-12,Sutter,101,95872,25423,25392,2544,27936,237
2023-01-12,Tehama,103,63373,14346,14320,3378,17698,221
2023-01-12,Trinity,105,12862,1456,1448,501,1949,23
2023-01-12,Tulare,107,460477,126630,126451,39319,165770,1552
2023-01-12,Tuolumne,109,53932,16594,16552,1001,17553,209
2023-01-12,Ventura,111,848112,218567,218234,17829,236063,1632
2023-01-12,Yolo,113,214977,49456,49393,4730,54123,433
2023-01-12,Yuba,115,75493,19828,19804,1832,21636,132
2023-01-11,Alameda,001,1643700,372004,371533,22115,393648,2112
2023-01-11,Alpine,003,1148,139,139,4,143,0
2023-01-11,Amador,005,37829,10396,10384,961,11345,96
2023-01-11,Butte,007,227075,41272,41228,10001,51229,478
2023-01-11,Calaveras,009,45235,8891,8878,639,9517,138
2023-01-11,Colusa,011,21464,3920,3919,1330,5249,22
2023-01-11,Contra Costa,013,1133247,267663,267212,22058,289270,1505
2023-01-11,Del Norte,015,27424,7704,7700,445,8145,57
2023-01-11,El Dorado,017,186661,34200,34153,4500,38653,236
2023-01-11,Fresno,019,978130,289500,287748,33861,321609,2940
2023-01-11,Glenn,021,27897,5749,5747,1996,7743,58
2023-01-11,Humboldt,023,135768,22999,22986,5784,28770,166
2023-01-11,Imperial,025,180216,69136,69018,18533,87551,964
2023-01-11,Inyo,027,18085,4712,4709,1241,5950,62
2023-01-11,Kern,029,883053,227263,226971,69952,296923,2457
2023-01-11,Kings,031,150075,62142,62044,4376,66420,469
2023-01-11,Lake,033,64148,13468,13448,1288,14736,149
2023-01-11,Lassen,035,31185,10218,10212,1055,11267,66
2023-01-11,Los Angeles,037,10098052,3450190,3443850,210612,3654462,34651
2023-01-11,Madera,039,155013,45804,45761,8801,54562,377
2023-01-11,Marin,041,260295,48195,48130,5616,53746,317
2023-01-11,Mariposa,043,17540,3297,3285,392,3677,32
2023-01-11,Mendocino,045,87422,16697,16682,4781,21463,137
2023-01-11,Merced,047,269075,75420,75253,12581,87834,883
2023-01-11,Modoc,049,8938,948,946,364,1310,11
2023-01-11,Mono,051,14174,3302,3299,297,3596,8
2023-01-11,Monterey,053,433212,96975,96874,22592,119466,781
2023-01-11,Napa,055,140530,33848,33808,1517,35325,165
2023-01-11,Nevada,057,99092,19948,19927,2252,22179,132
2023-01-11,Orange,059,3164182,700899,699881,74509,774390,7723
2023-01-11,Placer,061,380077,79885,79766,10128,89894,671
2023-01-11,Plumas,063,18699,3805,3804,458,4262,13
2023-01-11,Riverside,065,2383286,727001,725898,40629,766527,6761
2023-01-11,Sacramento,067,1510023,365734,365352,36694,402046,3434
2023-01-11,San Benito,069,59416,17394,17378,1123,18501,115
2023-01-11,San Bernardino,071,2135413,702519,701674,34514,736188,8146
2023-01-11,San Diego,073,3302833,972112,970800,79569,1050369,5681
2023-01-11,San Francisco,075,870044,192078,191765,13103,204868,1123
2023-01-11,San Joaquin,077,732212,207311,207038,16505,223543,2378
2023-01-11,San Luis Obispo,079,281455,65587,65502,8014,73516,539
2023-01-11,San Mateo,081,765935,179537,179319,11240,190559,749
2023-01-11,Santa Barbara,083,443738,110654,110537,7548,118085,750
2023-01-11,Santa Clara,085,1922200,466258,465994,21383,487377,2601
2023-01-11,Santa Cruz,087,273765,67285,67144,3766,70910,276
2023-01-11,Shasta,089,179085,36272,36179,8213,44392,604
2023-01-11,Sierra,091,2930,311,311,61,372,5
2023-01-11,Siskiyou,093,43540,5397,5384,3421,8805,95
2023-01-11,Solano,095,438530,111860,111700,8412,120112,479
2023-01-11,Sonoma,097,501317,112038,111955,5724,117679,542
2023-01-11,Stanislaus,099,539301,143479,143318,22578,165896,1800
2023-01-11,Sutter,101,95872,25416,25392,2544,27936,237
2023-01-11,Tehama,103,63373,14343,14320,3378,17698,221
2023-01-11,Trinity,105,12862,1456,1448,501,1949,23
2023-01-11,Tulare,107,460477,126600,126451,39318,165769,1552
2023-01-11,Tuolumne,109,53932,16585,16552,1001,17553,209
2023-01-11,Ventura,111,848112,218507,218234,17829,236063,1632
2023-01-11,Yolo,113,214977,49443,49393,4730,54123,433
2023-01-11,Yuba,115,75493,19824,19804,1830,21634,132
2023-01-10,Alameda,001,1643700,371895,371533,22113,393646,2112
2023-01-10,Alpine,003,1148,139,139,4,143,0
2023-01-10,Amador,005,37829,10396,10384,961,11345,96
2023-01-10,Butte,007,227075,41260,41228,9999,51227,478
2023-01-10,Calaveras,009,45235,8890,8878,639,9517,138
2023-01-10,Colusa,011,21464,3920,3919,1330,5249,22
2023-01-10,Contra Costa,013,1133247,267563,267212,22058,289270,1505
2023-01-10,Del Norte,015,27424,7703,7700,445,8145,57
2023-01-10,El Dorado,017,186661,34191,34153,4499,38652,236
2023-01-10,Fresno,019,978130,289416,287748,33861,321609,2940
2023-01-10,Glenn,021,27897,5748,5747,1996,7743,58
2023-01-10,Humboldt,023,135768,22997,22986,5783,28769,166
2023-01-10,Imperial,025,180216,69116,69018,18533,87551,964
2023-01-10,Inyo,027,18085,4711,4709,1241,5950,62
2023-01-10,Kern,029,883053,227210,226971,69945,296916,2457
2023-01-10,Kings,031,150075,62120,62044,4375,66419,469
2023-01-10,Lake,033,64148,13462,13448,1288,14736,149
2023-01-10,Lassen,035,31185,10215,10212,1055,11267,66
2023-01-10,Los Angeles,037,10098052,3449049,3443850,210468,3654318,34651
2023-01-10,Madera,039,155013,45798,45761,8801,54562,377
2023-01-10,Marin,041,260295,48175,48130,5616,53746,317
2023-01-10,Mariposa,043,17540,3297,3285,392,3677,32
2023-01-10,Mendocino,045,87422,16693,16682,4781,21463,137
2023-01-10,Merced,047,269075,75401,75253,12581,87834,883
2023-01-10,Modoc,049,8938,948,946,364,1310,11
2023-01-10,Mono,051,14174,3302,3299,297,3596,8
2023-01-10,Monterey,053,433212,96959,96874,22591,119465,781
2023-01-10,Napa,055,140530,33837,33808,1517,35325,165
2023-01-10,Nevada,057,99092,19942,19927,2251,22178,132
2023-01-10,Orange,059,3164182,700667,699881,74509,774390,7723
2023-01-10,Placer,061,380077,79859,79766,10128,89894,671
2023-01-10,Plumas,063,18699,3804,3804,458,4262,13
2023-01-10,Riverside,065,2383286,726810,725898,40626,766524,6761
2023-01-10,Sacramento,067,1510023,365634,365352,36687,402039,3434
2023-01-10,San Benito,069,59416,17390,17378,1123,18501,115
2023-01-10,San Bernardino,071,2135413,702334,701674,34512,736186,8146
2023-01-10,San Diego,073,3302833,971740,970800,79516,1050316,5681
2023-01-10,San Francisco,075,870044,192006,191765,13103,204868,1123
2023-01-10,San Joaquin,077,732212,207241,207038,16501,223539,2378
2023-01-10,San Luis Obispo,079,281455,65564,65502,8012,73514,539
2023-01-10,San Mateo,081,765935,179457,179319,11240,190559,749
2023-01-10,Santa Barbara,083,443738,110609,110537,7547,118084,750
2023-01-10,Santa Clara,085,1922200,466059,465994,21383,487377,2601
2023-01-10,Santa Cruz,087,273765,67258,67144,3766,70910,276
2023-01-10,Shasta,089,179085,36260,36179,8213,44392,604
2023-01-10,Sierra,091,2930,311,311,61,372,5
2023-01-10,Siskiyou,093,43540,5396,5384,3421,8805,95
2023-01-10,Solano,095,438530,111818,111700,8412,120112,479
2023-01-10,Sonoma,097,501317,112007,111955,5724,117679,542
2023-01-10,Stanislaus,099,539301,143437,143318,22574,165892,1800
2023-01-10,Sutter,101,95872,25405,25392,2544,27936,237
2023-01-10,Tehama,103,63373,14339,14320,3378,17698,221
2023-01-10,Trinity,105,12862,1454,1448,501,1949,23
2023-01-10,Tulare,107,460477,126551,126451,39316,165767,1552
2023-01-10,Tuolumne,109,53932,16580,16552,1001,17553,209
2023-01-10,Ventura,111,848112,218426,218234,17829,236063,1632
2023-01-10,Yolo,113,214977,49436,49393,4730,54123,433
2023-01-10,Yuba,115,75493,19818,19804,1829,21633,132
2023-01-09,Alameda,001,1643700,371725,369872,22113,391985,2098
2023-01-09,Alpine,003,1148,139,138,4,142,0
2023-01-09,Amador,005,37829,10391,10340,961,11301,96
2023-01-09,Butte,007,227075,41250,41102,9998,51100,478
2023-01-09,Calaveras,009,45235,8887,8852,639,9491,137
2023-01-09,Colusa,011,21464,3919,3911,1330,5241,22
2023-01-09,Contra Costa,013,1133247,267452,265846,22058,287904,1501
2023-01-09,Del Norte,015,27424,7703,7680,445,8125,57
2023-01-09,El Dorado,017,186661,34186,34009,4499,38508,236
2023-01-09,Fresno,019,978130,289314,286556,33861,320417,2924
2023-01-09,Glenn,021,27897,5747,5732,1996,7728,58
2023-01-09,Humboldt,023,135768,22992,22878,5780,28658,164
2023-01-09,Imperial,025,180216,69093,68809,18533,87342,964
2023-01-09,Inyo,027,18085,4709,4687,1241,5928,62
2023-01-09,Kern,029,883053,227166,226454,69936,296390,2450
2023-01-09,Kings,031,150075,62098,61886,4375,66261,466
2023-01-09,Lake,033,64148,13460,13363,1288,14651,149
2023-01-09,Lassen,035,31185,10214,10189,1055,11244,66
2023-01-09,Los Angeles,037,10098052,3448009,3434193,210340,3644533,34492
2023-01-09,Madera,039,155013,45787,45608,8801,54409,377
2023-01-09,Marin,041,260295,48156,47893,5616,53509,317
2023-01-09,Mariposa,043,17540,3297,3223,392,3615,32
2023-01-09,Mendocino,045,87422,16689,16582,4781,21363,137
2023-01-09,Merced,047,269075,75378,74969,12581,87550,883
2023-01-09,Modoc,049,8938,948,940,364,1304,11
2023-01-09,Mono,051,14174,3300,3284,297,3581,8
2023-01-09,Monterey,053,433212,96940,96607,22588,119195,778
2023-01-09,Napa,055,140530,33830,33666,1517,35183,164
2023-01-09,Nevada,057,99092,19940,19845,2250,22095,132
2023-01-09,Orange,059,3164182,700409,697391,74507,771898,7683
2023-01-09,Placer,061,380077,79833,79461,10127,89588,672
2023-01-09,Plumas,063,18699,3804,3798,458,4256,13
2023-01-09,Riverside,065,2383286,726595,723578,40626,764204,6748
2023-01-09,Sacramento,067,1510023,365517,364212,36686,400898,3422
2023-01-09,San Benito,069,59416,17386,17293,1123,18416,115
2023-01-09,San Bernardino,071,2135413,702173,699531,34510,734041,8143
2023-01-09,San Diego,073,3302833,971313,967383,79450,1046833,5662
2023-01-09,San Francisco,075,870044,191929,190940,13102,204042,1114
2023-01-09,San Joaquin,077,732212,207179,206280,16495,222775,2369
2023-01-09,San Luis Obispo,079,281455,65547,65166,8012,73178,539
2023-01-09,San Mateo,081,765935,179383,178472,11239,189711,749
2023-01-09,Santa Barbara,083,443738,110582,110007,7547,117554,748
2023-01-09,Santa Clara,085,1922200,465875,463958,21383,485341,2601
2023-01-09,Santa Cruz,087,273765,67221,66937,3766,70703,276
2023-01-09,Shasta,089,179085,36254,36083,8213,44296,602
2023-01-09,Sierra,091,2930,311,310,61,371,5
2023-01-09,Siskiyou,093,43540,5395,5373,3421,8794,95
2023-01-09,Solano,095,438530,111766,111243,8412,119655,478
2023-01-09,Sonoma,097,501317,111977,111530,5724,117254,537
2023-01-09,Stanislaus,099,539301,143394,142918,22574,165492,1801
2023-01-09,Sutter,101,95872,25395,25308,2544,27852,235
2023-01-09,Tehama,103,63373,14337,14258,3376,17634,221
2023-01-09,Trinity,105,12862,1454,1448,501,1949,24
2023-01-09,Tulare,107,460477,126504,125773,39315,165088,1546
2023-01-09,Tuolumne,109,53932,16574,16425,1001,17426,211
2023-01-09,Ventura,111,848112,218348,217286,17829,235115,1610
2023-01-09,Yolo,113,214977,49424,49138,4730,53868,428
2023-01-09,Yuba,115,75493,19807,19743,1829,21572,132
2023-01-08,Alameda,001,1643700,371517,369872,22105,391977,2098
2023-01-08,Alpine,003,1148,139,138,4,142,0
2023-01-08,Amador,005,37829,10385,10340,961,11301,96
2023-01-08,Butte,007,227075,41236,41102,9993,51095,478
2023-01-08,Calaveras,009,45235,8882,8852,639,9491,137
2023-01-08,Colusa,011,21464,3919,3911,1328,5239,22
2023-01-08,Contra Costa,013,1133247,267334,265846,22051,287897,1501
2023-01-08,Del Norte,015,27424,7700,7680,445,8125,57
2023-01-08,El Dorado,017,186661,34178,34009,4499,38508,236
2023-01-08,Fresno,019,978130,289210,286556,33852,320408,2924
2023-01-08,Glenn,021,27897,5746,5732,1996,7728,58
2023-01-08,Humboldt,023,135768,22986,22878,5768,28646,164
2023-01-08,Imperial,025,180216,69071,68809,18523,87332,964
2023-01-08,Inyo,027,18085,4708,4687,1239,5926,62
2023-01-08,Kern,029,883053,227087,226454,69912,296366,2450
2023-01-08,Kings,031,150075,62073,61886,4373,66259,466
2023-01-08,Lake,033,64148,13454,13363,1288,14651,149
2023-01-08,Lassen,035,31185,10213,10189,1055,11244,66
2023-01-08,Los Angeles,037,10098052,3446705,3434193,210136,3644329,34492
2023-01-08,Madera,039,155013,45769,45608,8795,54403,377
2023-01-08,Marin,041,260295,48136,47893,5612,53505,317
2023-01-08,Mariposa,043,17540,3297,3223,392,3615,32
2023-01-08,Mendocino,045,87422,16679,16582,4778,21360,137
2023-01-08,Merced,047,269075,75354,74969,12573,87542,883
2023-01-08,Modoc,049,8938,948,940,364,1304,11
2023-01-08,Mono,051,14174,3297,3284,297,3581,8
2023-01-08,Monterey,053,433212,96917,96607,22575,119182,778
2023-01-08,Napa,055,140530,33807,33666,1517,35183,164
2023-01-08,Nevada,057,99092,19934,19845,2248,22093,132
2023-01-08,Orange,059,3164182,700103,697391,74449,771840,7683
2023-01-08,Placer,061,380077,79793,79461,10125,89586,672
2023-01-08,Plumas,063,18699,3804,3798,458,4256,13
2023-01-08,Riverside,065,2383286,726330,723578,40586,764164,6748
2023-01-08,Sacramento,067,1510023,365377,364212,36673,400885,3422
2023-01-08,San Benito,069,59416,17381,17293,1123,18416,115
2023-01-08,San Bernardino,071,2135413,701930,699531,34491,734022,8143
2023-01-08,San Diego,073,3302833,970778,967383,79354,1046737,5662
2023-01-08,San Francisco,075,870044,191804,190940,13093,204033,1114
2023-01-08,San Joaquin,077,732212,207098,206280,16489,222769,2369
2023-01-08,San Luis Obispo,079,281455,65532,65166,8004,73170,539
2023-01-08,San Mateo,081,765935,179300,178472,11235,189707,749
2023-01-08,Santa Barbara,083,443738,110553,110007,7538,117545,748
2023-01-08,Santa Clara,085,1922200,465611,463958,21369,485327,2601
2023-01-08,Santa Cruz,087,273765,67201,66937,3765,70702,276
2023-01-08,Shasta,089,179085,36247,36083,8212,44295,602
2023-01-08,Sierra,091,2930,311,310,61,371,5
2023-01-08,Siskiyou,093,43540,5391,5373,3421,8794,95
2023-01-08,Solano,095,438530,111688,111243,8410,119653,478
2023-01-08,Sonoma,097,501317,111925,111530,5720,117250,537
2023-01-08,Stanislaus,099,539301,143354,142918,22571,165489,1801
2023-01-08,Sutter,101,95872,25385,25308,2544,27852,235
2023-01-08,Tehama,103,63373,14334,14258,3374,17632,221
2023-01-08,Trinity,105,12862,1454,1448,501,1949,24
2023-01-08,Tulare,107,460477,126455,125773,39308,165081,1546
2023-01-08,Tuolumne,109,53932,16568,16425,1001,17426,211
2023-01-08,Ventura,111,848112,218267,217286,17820,235106,1610
2023-01-08,Yolo,113,214977,49403,49138,4728,53866,428
2023-01-08,Yuba,115,75493,19804,19743,1829,21572,132
2023-01-07,Alameda,001,1643700,371427,369872,22096,391968,2098
2023-01-07,Alpine,003,1148,139,138,4,142,0
2023-01-07,Amador,005,37829,10384,10340,961,11301,96
2023-01-07,Butte,007,227075,41230,41102,9990,51092,478
2023-01-07,Calaveras,009,45235,8881,8852,638,9490,137
2023-01-07,Colusa,011,21464,3918,3911,1328,5239,22
2023-01-07,Contra Costa,013,1133247,267261,265846,22044,287890,1501
2023-01-07,Del Norte,015,27424,7698,7680,445,8125,57
2023-01-07,El Dorado,017,186661,34170,34009,4497,38506,236
2023-01-07,Fresno,019,978130,289159,286556,33852,320408,2924
2023-01-07,Glenn,021,27897,5745,5732,1994,7726,58
2023-01-07,Humboldt,023,135768,22981,22878,5765,28643,164
2023-01-07,Imperial,025,180216,69058,68809,18523,87332,964
2023-01-07,Inyo,027,18085,4708,4687,1239,5926,62
2023-01-07,Kern,029,883053,227046,226454,69892,296346,2450
2023-01-07,Kings,031,150075,62056,61886,4371,66257,466
2023-01-07,Lake,033,64148,13451,13363,1288,14651,149
2023-01-07,Lassen,035,31185,10211,10189,1055,11244,66
2023-01-07,Los Angeles,037,10098052,3445893,3434193,210031,3644224,34492
2023-01-07,Madera,039,155013,45762,45608,8795,54403,377
2023-01-07,Marin,041,260295,48123,47893,5612,53505,317
2023-01-07,Mariposa,043,17540,3296,3223,392,3615,32
2023-01-07,Mendocino,045,87422,16673,16582,4777,21359,137
2023-01-07,Merced,047,269075,75339,74969,12573,87542,883
2023-01-07,Modoc,049,8938,948,940,364,1304,11
2023-01-07,Mono,051,14174,3297,3284,297,3581,8
2023-01-07,Monterey,053,433212,96901,96607,22572,119179,778
2023-01-07,Napa,055,140530,33804,33666,1516,35182,164
2023-01-07,Nevada,057,99092,19934,19845,2247,22092,132
2023-01-07,Orange,059,3164182,699920,697391,74380,771771,7683
2023-01-07,Placer,061,380077,79765,79461,10125,89586,672
2023-01-07,Plumas,063,18699,3804,3798,458,4256,13
2023-01-07,Riverside,065,2383286,726190,723578,40571,764149,6748
2023-01-07,Sacramento,067,1510023,365309,364212,36672,400884,3422
2023-01-07,San Benito,069,59416,17377,17293,1123,18416,115
2023-01-07,San Bernardino,071,2135413,701769,699531,34473,734004,8143
2023-01-07,San Diego,073,3302833,970507,967383,79336,1046719,5662
2023-01-07,San Francisco,075,870044,191743,190940,13086,204026,1114
2023-01-07,San Joaquin,077,732212,207051,206280,16482,222762,2369
2023-01-07,San Luis Obispo,079,281455,65524,65166,8000,73166,539
2023-01-07,San Mateo,081,765935,179267,178472,11226,189698,749
2023-01-07,Santa Barbara,083,443738,110517,110007,7527,117534,748
2023-01-07,Santa Clara,085,1922200,465489,463958,21360,485318,2601
2023-01-07,Santa Cruz,087,273765,67189,66937,3763,70700,276
2023-01-07,Shasta,089,179085,36243,36083,8212,44295,602
2023-01-07,Sierra,091,2930,311,310,61,371,5
2023-01-07,Siskiyou,093,43540,5388,5373,3421,8794,95
2023-01-07,Solano,095,438530,111663,111243,8408,119651,478
2023-01-07,Sonoma,097,501317,111917,111530,5719,117249,537
2023-01-07,Stanislaus,099,539301,143323,142918,22565,165483,1801
2023-01-07,Sutter,101,95872,25379,25308,2544,27852,235
2023-01-07,Tehama,103,63373,14333,14258,3373,17631,221
2023-01-07,Trinity,105,12862,1454,1448,501,1949,24
2023-01-07,Tulare,107,460477,126437,125773,39300,165073,1546
2023-01-07,Tuolumne,109,53932,16560,16425,1001,17426,211
2023-01-07,Ventura,111,848112,218224,217286,17798,235084,1610
2023-01-07,Yolo,113,214977,49394,49138,4727,53865,428
2023-01-07,Yuba,115,75493,19798,19743,1829,21572,132
2023-01-06,Alameda,001,1643700,371309,369872,22090,391962,2098
2023-01-06,Alpine,003,1148,139,138,4,142,0
2023-01-06,Amador,005,37829,10381,10340,961,11301,96
2023-01-06,Butte,007,227075,41222,41102,9986,51088,478
2023-01-06,Calaveras,009,45235,8881,8852,638,9490,137
2023-01-06,Colusa,011,21464,3917,3911,1327,5238,22
2023-01-06,Contra Costa,013,1133247,267187,265846,22038,287884,1501
2023-01-06,Del Norte,015,27424,7697,7680,445,8125,57
2023-01-06,El Dorado,017,186661,34160,34009,4497,38506,236
2023-01-06,Fresno,019,978130,289085,286556,33835,320391,2924
2023-01-06,Glenn,021,27897,5743,5732,1994,7726,58
2023-01-06,Humboldt,023,135768,22976,22878,5762,28640,164
2023-01-06,Imperial,025,180216,69047,68809,18521,87330,964
2023-01-06,Inyo,027,18085,4707,4687,1237,5924,62
2023-01-06,Kern,029,883053,227019,226454,69881,296335,2450
2023-01-06,Kings,031,150075,62039,61886,4371,66257,466
2023-01-06,Lake,033,64148,13450,13363,1286,14649,149
2023-01-06,Lassen,035,31185,10208,10189,1055,11244,66
2023-01-06,Los Angeles,037,10098052,3444966,3434193,209871,3644064,34492
2023-01-06,Madera,039,155013,45753,45608,8791,54399,377
2023-01-06,Marin,041,260295,48108,47893,5610,53503,317
2023-01-06,Mariposa,043,17540,3296,3223,392,3615,32
2023-01-06,Mendocino,045,87422,16670,16582,4776,21358,137
2023-01-06,Merced,047,269075,75324,74969,12572,87541,883
2023-01-06,Modoc,049,8938,948,940,364,1304,11
2023-01-06,Mono,051,14174,3297,3284,296,3580,8
2023-01-06,Monterey,053,433212,96887,96607,22558,119165,778
2023-01-06,Napa,055,140530,33793,33666,1512,35178,164
2023-01-06,Nevada,057,99092,19933,19845,2247,22092,132
2023-01-06,Orange,059,3164182,699670,697391,74313,771704,7683
2023-01-06,Placer,061,380077,79739,79461,10124,89585,672
2023-01-06,Plumas,063,18699,3804,3798,458,4256,13
2023-01-06,Riverside,065,2383286,726015,723578,40541,764119,6748
2023-01-06,Sacramento,067,1510023,365212,364212,36669,400881,3422
2023-01-06,San Benito,069,59416,17370,17293,1118,18411,115
2023-01-06,San Bernardino,071,2135413,701598,699531,34456,733987,8143
2023-01-06,San Diego,073,3302833,970192,967383,79301,1046684,5662
2023-01-06,San Francisco,075,870044,191673,190940,13080,204020,1114
2023-01-06,San Joaquin,077,732212,206989,206280,16478,222758,2369
2023-01-06,San Luis Obispo,079,281455,65510,65166,7995,73161,539
2023-01-06,San Mateo,081,765935,179219,178472,11220,189692,749
2023-01-06,Santa Barbara,083,443738,110470,110007,7526,117533,748
2023-01-06,Santa Clara,085,1922200,465344,463958,21346,485304,2601
2023-01-06,Santa Cruz,087,273765,67174,66937,3760,70697,276
2023-01-06,Shasta,089,179085,36238,36083,8211,44294,602
2023-01-06,Sierra,091,2930,311,310,61,371,5
2023-01-06,Siskiyou,093,43540,5386,5373,3421,8794,95
2023-01-06,Solano,095,438530,111623,111243,8404,119647,478
2023-01-06,Sonoma,097,501317,111896,111530,5712,117242,537
2023-01-06,Stanislaus,099,539301,143303,142918,22561,165479,1801
2023-01-06,Sutter,101,95872,25376,25308,2544,27852,235
2023-01-06,Tehama,103,63373,14330,14258,3371,17629,221
2023-01-06,Trinity,105,12862,1454,1448,498,1946,24
2023-01-06,Tulare,107,460477,126414,125773,39285,165058,1546
2023-01-06,Tuolumne,109,53932,16549,16425,1001,17426,211
2023-01-06,Ventura,111,848112,218166,217286,17789,235075,1610
2023-01-06,Yolo,113,214977,49386,49138,4726,53864,428
2023-01-06,Yuba,115,75493,19789,19743,1829,21572,132
2023-01-05,Alameda,001,1643700,371098,369872,22072,391944,2098
2023-01-05,Alpine,003,1148,139,138,4,142,0
2023-01-05,Amador,005,37829,10380,10340,961,11301,96
2023-01-05,Butte,007,227075,41213,41102,9978,51080,478
2023-01-05,Calaveras,009,45235,8880,8852,638,9490,137
2023-01-05,Colusa,011,21464,3914,3911,1327,5238,22
2023-01-05,Contra Costa,013,1133247,267041,265846,22035,287881,1501
2023-01-05,Del Norte,015,27424,7695,7680,445,8125,57
2023-01-05,El Dorado,017,186661,34145,34009,4497,38506,236
2023-01-05,Fresno,019,978130,288985,286556,33816,320372,2924
2023-01-05,Glenn,021,27897,5742,5732,1993,7725,58
2023-01-05,Humboldt,023,135768,22970,22878,5751,28629,164
2023-01-05,Imperial,025,180216,69021,68809,18508,87317,964
2023-01-05,Inyo,027,18085,4707,4687,1236,5923,62
2023-01-05,Kern,029,883053,226928,226454,69835,296289,2450
2023-01-05,Kings,031,150075,62016,61886,4371,66257,466
2023-01-05,Lake,033,64148,13442,13363,1283,14646,149
2023-01-05,Lassen,035,31185,10206,10189,1050,11239,66
2023-01-05,Los Angeles,037,10098052,3443581,3434193,209631,3643824,34492
2023-01-05,Madera,039,155013,45742,45608,8778,54386,377
2023-01-05,Marin,041,260295,48091,47893,5608,53501,317
2023-01-05,Mariposa,043,17540,3294,3223,391,3614,32
2023-01-05,Mendocino,045,87422,16664,16582,4776,21358,137
2023-01-05,Merced,047,269075,75299,74969,12565,87534,883
2023-01-05,Modoc,049,8938,948,940,364,1304,11
2023-01-05,Mono,051,14174,3293,3284,296,3580,8
2023-01-05,Monterey,053,433212,96862,96607,22536,119143,778
2023-01-05,Napa,055,140530,33778,33666,1510,35176,164
2023-01-05,Nevada,057,99092,19926,19845,2246,22091,132
2023-01-05,Orange,059,3164182,699328,697391,74228,771619,7683
2023-01-05,Placer,061,380077,79700,79461,10122,89583,672
2023-01-05,Plumas,063,18699,3801,3798,458,4256,13
2023-01-05,Riverside,065,2383286,725756,723578,40497,764075,6748
2023-01-05,Sacramento,067,1510023,365046,364212,36657,400869,3422
2023-01-05,San Benito,069,59416,17364,17293,1116,18409,115
2023-01-05,San Bernardino,071,2135413,701384,699531,34432,733963,8143
2023-01-05,San Diego,073,3302833,969738,967383,79213,1046596,5662
2023-01-05,San Francisco,075,870044,191529,190940,13065,204005,1114
2023-01-05,San Joaquin,077,732212,206904,206280,16472,222752,2369
2023-01-05,San Luis Obispo,079,281455,65486,65166,7981,73147,539
2023-01-05,San Mateo,081,765935,179119,178472,11212,189684,749
2023-01-05,Santa Barbara,083,443738,110412,110007,7515,117522,748
2023-01-05,Santa Clara,085,1922200,465052,463958,21317,485275,2601
2023-01-05,Santa Cruz,087,273765,67149,66937,3758,70695,276
2023-01-05,Shasta,089,179085,36230,36083,8206,44289,602
2023-01-05,Sierra,091,2930,311,310,61,371,5
2023-01-05,Siskiyou,093,43540,5383,5373,3421,8794,95
2023-01-05,Solano,095,438530,111563,111243,8397,119640,478
2023-01-05,Sonoma,097,501317,111840,111530,5707,117237,537
2023-01-05,Stanislaus,099,539301,143257,142918,22548,165466,1801
2023-01-05,Sutter,101,95872,25363,25308,2544,27852,235
2023-01-05,Tehama,103,63373,14326,14258,3367,17625,221
2023-01-05,Trinity,105,12862,1454,1448,496,1944,24
2023-01-05,Tulare,107,460477,126373,125773,39264,165037,1546
2023-01-05,Tuolumne,109,53932,16532,16425,1001,17426,211
2023-01-05,Ventura,111,848112,218070,217286,17768,235054,1610
2023-01-05,Yolo,113,214977,49374,49138,4723,53861,428
2023-01-05,Yuba,115,75493,19783,19743,1828,21571,132
2023-01-04,Alameda,001,1643700,370880,369872,22055,391927,2098
2023-01-04,Alpine,003,1148,139,138,4,142,0
2023-01-04,Amador,005,37829,10374,10340,961,11301,96
2023-01-04,Butte,007,227075,41200,41102,9964,51066,478
2023-01-04,Calaveras,009,45235,8879,8852,636,9488,137
2023-01-04,Colusa,011,21464,3912,3911,1325,5236,22
2023-01-04,Contra Costa,013,1133247,266877,265846,22016,287862,1501
2023-01-04,Del Norte,015,27424,7693,7680,445,8125,57
2023-01-04,El Dorado,017,186661,34137,34009,4496,38505,236
2023-01-04,Fresno,019,978130,288867,286556,33801,320357,2924
2023-01-04,Glenn,021,27897,5742,5732,1990,7722,58
2023-01-04,Humboldt,023,135768,22966,22878,5748,28626,164
2023-01-04,Imperial,025,180216,69009,68809,18491,87300,964
2023-01-04,Inyo,027,18085,4703,4687,1233,5920,62
2023-01-04,Kern,029,883053,226835,226454,69775,296229,2450
2023-01-04,Kings,031,150075,61994,61886,4371,66257,466
2023-01-04,Lake,033,64148,13441,13363,1282,14645,149
2023-01-04,Lassen,035,31185,10202,10189,1048,11237,66
2023-01-04,Los Angeles,037,10098052,3442102,3434193,209389,3643582,34492
2023-01-04,Madera,039,155013,45729,45608,8774,54382,377
2023-01-04,Marin,041,260295,48066,47893,5605,53498,317
2023-01-04,Mariposa,043,17540,3294,3223,391,3614,32
2023-01-04,Mendocino,045,87422,16662,16582,4769,21351,137
2023-01-04,Merced,047,269075,75280,74969,12561,87530,883
2023-01-04,Modoc,049,8938,946,940,364,1304,11
2023-01-04,Mono,051,14174,3292,3284,296,3580,8
2023-01-04,Monterey,053,433212,96828,96607,22518,119125,778
2023-01-04,Napa,055,140530,33751,33666,1510,35176,164
2023-01-04,Nevada,057,99092,19918,19845,2244,22089,132
2023-01-04,Orange,059,3164182,698995,697391,74146,771537,7683
2023-01-04,Placer,061,380077,79666,79461,10119,89580,672
2023-01-04,Plumas,063,18699,3801,3798,458,4256,13
2023-01-04,Riverside,065,2383286,725480,723578,40444,764022,6748
2023-01-04,Sacramento,067,1510023,364927,364212,36627,400839,3422
2023-01-04,San Benito,069,59416,17354,17293,1116,18409,115
2023-01-04,San Bernardino,071,2135413,701177,699531,34393,733924,8143
2023-01-04,San Diego,073,3302833,969198,967383,79111,1046494,5662
2023-01-04,San Francisco,075,870044,191438,190940,13061,204001,1114
2023-01-04,San Joaquin,077,732212,206807,206280,16464,222744,2369
2023-01-04,San Luis Obispo,079,281455,65462,65166,7964,73130,539
2023-01-04,San Mateo,081,765935,179043,178472,11204,189676,749
2023-01-04,Santa Barbara,083,443738,110361,110007,7507,117514,748
2023-01-04,Santa Clara,085,1922200,464782,463958,21290,485248,2601
2023-01-04,Santa Cruz,087,273765,67124,66937,3756,70693,276
2023-01-04,Shasta,089,179085,36213,36083,8206,44289,602
2023-01-04,Sierra,091,2930,311,310,61,371,5
2023-01-04,Siskiyou,093,43540,5381,5373,3421,8794,95
2023-01-04,Solano,095,438530,111510,111243,8391,119634,478
2023-01-04,Sonoma,097,501317,111802,111530,5703,117233,537
2023-01-04,Stanislaus,099,539301,143220,142918,22538,165456,1801
2023-01-04,Sutter,101,95872,25354,25308,2543,27851,235
2023-01-04,Tehama,103,63373,14323,14258,3366,17624,221
2023-01-04,Trinity,105,12862,1453,1448,496,1944,24
2023-01-04,Tulare,107,460477,126324,125773,39231,165004,1546
2023-01-04,Tuolumne,109,53932,16522,16425,1000,17425,211
2023-01-04,Ventura,111,848112,217983,217286,17746,235032,1610
2023-01-04,Yolo,113,214977,49361,49138,4723,53861,428
2023-01-04,Yuba,115,75493,19777,19743,1826,21569,132
2023-01-03,Alameda,001,1643700,370643,369872,22031,391903,2098
2023-01-03,Alpine,003,1148,139,138,4,142,0
2023-01-03,Amador,005,37829,10366,10340,961,11301,96
2023-01-03,Butte,007,227075,41188,41102,9960,51062,478
2023-01-03,Calaveras,009,45235,8874,8852,635,9487,137
2023-01-03,Colusa,011,21464,3912,3911,1325,5236,22
2023-01-03,Contra Costa,013,1133247,266705,265846,22003,287849,1501
2023-01-03,Del Norte,015,27424,7690,7680,443,8123,57
2023-01-03,El Dorado,017,186661,34122,34009,4493,38502,236
2023-01-03,Fresno,019,978130,288726,286556,33776,320332,2924
2023-01-03,Glenn,021,27897,5741,5732,1987,7719,58
2023-01-03,Humboldt,023,135768,22958,22878,5743,28621,164
2023-01-03,Imperial,025,180216,68982,68809,18474,87283,964
2023-01-03,Inyo,027,18085,4702,4687,1232,5919,62
2023-01-03,Kern,029,883053,226732,226454,69693,296147,2450
2023-01-03,Kings,031,150075,61957,61886,4371,66257,466
2023-01-03,Lake,033,64148,13433,13363,1281,14644,149
2023-01-03,Lassen,035,31185,10199,10189,1046,11235,66
2023-01-03,Los Angeles,037,10098052,3440389,3434193,209102,3643295,34492
2023-01-03,Madera,039,155013,45716,45608,8766,54374,377
2023-01-03,Marin,041,260295,48052,47893,5600,53493,317
2023-01-03,Mariposa,043,17540,3293,3223,391,3614,32
2023-01-03,Mendocino,045,87422,16660,16582,4767,21349,137
2023-01-03,Merced,047,269075,75253,74969,12551,87520,883
2023-01-03,Modoc,049,8938,944,940,364,1304,11
2023-01-03,Mono,051,14174,3291,3284,296,3580,8
2023-01-03,Monterey,053,433212,96801,96607,22496,119103,778
2023-01-03,Napa,055,140530,33725,33666,1509,35175,164
2023-01-03,Nevada,057,99092,19913,19845,2244,22089,132
2023-01-03,Orange,059,3164182,698586,697391,74032,771423,7683
2023-01-03,Placer,061,380077,79619,79461,10112,89573,672
2023-01-03,Plumas,063,18699,3801,3798,458,4256,13
2023-01-03,Riverside,065,2383286,725113,723578,40386,763964,6748
2023-01-03,Sacramento,067,1510023,364746,364212,36607,400819,3422
2023-01-03,San Benito,069,59416,17349,17293,1113,18406,115
2023-01-03,San Bernardino,071,2135413,700880,699531,34343,733874,8143
2023-01-03,San Diego,073,3302833,968564,967383,78994,1046377,5662
2023-01-03,San Francisco,075,870044,191338,190940,13058,203998,1114
2023-01-03,San Joaquin,077,732212,206716,206280,16449,222729,2369
2023-01-03,San Luis Obispo,079,281455,65430,65166,7940,73106,539
2023-01-03,San Mateo,081,765935,178971,178472,11197,189669,749
2023-01-03,Santa Barbara,083,443738,110299,110007,7492,117499,748
2023-01-03,Santa Clara,085,1922200,464527,463958,21265,485223,2601
2023-01-03,Santa Cruz,087,273765,67101,66937,3753,70690,276
2023-01-03,Shasta,089,179085,36211,36083,8206,44289,602
2023-01-03,Sierra,091,2930,311,310,61,371,5
2023-01-03,Siskiyou,093,43540,5379,5373,3421,8794,95
2023-01-03,Solano,095,438530,111456,111243,8385,119628,478
2023-01-03,Sonoma,097,501317,111755,111530,5702,117232,537
2023-01-03,Stanislaus,099,539301,143167,142918,22531,165449,1801
2023-01-03,Sutter,101,95872,25347,25308,2542,27850,235
2023-01-03,Tehama,103,63373,14320,14258,3362,17620,221
2023-01-03,Trinity,105,12862,1453,1448,494,1942,24
2023-01-03,Tulare,107,460477,126266,125773,39192,164965,1546
2023-01-03,Tuolumne,109,53932,16508,16425,999,17424,211
2023-01-03,Ventura,111,848112,217874,217286,17705,234991,1610
2023-01-03,Yolo,113,214977,49348,49138,4720,53858,428
2023-01-03,Yuba,115,75493,19773,19743,1824,21567,132
2023-01-02,Alameda,001,1643700,370314,367954,21985,389939,2094
2023-01-02,Alpine,003,1148,139,138,4,142,0
2023-01-02,Amador,005,37829,10363,10313,961,11274,96
2023-01-02,Butte,007,227075,41166,41018,9958,50976,474
2023-01-02,Calaveras,009,45235,8869,8818,635,9453,135
2023-01-02,Colusa,011,21464,3911,3906,1325,5231,22
2023-01-02,Contra Costa,013,1133247,266479,264448,21990,286438,1502
2023-01-02,Del Norte,015,27424,7687,7645,441,8086,56
2023-01-02,El Dorado,017,186661,34104,33865,4490,38355,236
2023-01-02,Fresno,019,978130,288554,285444,33749,319193,2918
2023-01-02,Glenn,021,27897,5739,5719,1985,7704,58
2023-01-02,Humboldt,023,135768,22947,22835,5728,28563,163
2023-01-02,Imperial,025,180216,68945,68622,18435,87057,963
2023-01-02,Inyo,027,18085,4700,4670,1229,5899,62
2023-01-02,Kern,029,883053,226620,225659,69584,295243,2450
2023-01-02,Kings,031,150075,61913,61692,4369,66061,466
2023-01-02,Lake,033,64148,13421,13312,1279,14591,149
2023-01-02,Lassen,035,31185,10196,10172,1044,11216,66
2023-01-02,Los Angeles,037,10098052,3438245,3420383,208711,3629094,34360
2023-01-02,Madera,039,155013,45696,45448,8755,54203,377
2023-01-02,Marin,041,260295,48017,47686,5598,53284,317
2023-01-02,Mariposa,043,17540,3289,3211,391,3602,32
2023-01-02,Mendocino,045,87422,16655,16508,4758,21266,137
2023-01-02,Merced,047,269075,75225,74732,12544,87276,883
2023-01-02,Modoc,049,8938,940,931,364,1295,11
2023-01-02,Mono,051,14174,3288,3274,295,3569,8
2023-01-02,Monterey,053,433212,96784,96380,22477,118857,776
2023-01-02,Napa,055,140530,33703,33534,1506,35040,163
2023-01-02,Nevada,057,99092,19907,19774,2243,22017,132
2023-01-02,Orange,059,3164182,698073,694080,73867,767947,7656
2023-01-02,Placer,061,380077,79582,79154,10105,89259,672
2023-01-02,Plumas,063,18699,3799,3787,458,4245,13
2023-01-02,Riverside,065,2383286,724654,720437,40316,760753,6738
2023-01-02,Sacramento,067,1510023,364537,362664,36581,399245,3414
2023-01-02,San Benito,069,59416,17341,17211,1109,18320,108
2023-01-02,San Bernardino,071,2135413,700503,696472,34273,730745,8142
2023-01-02,San Diego,073,3302833,967814,962601,78868,1041469,5641
2023-01-02,San Francisco,075,870044,191166,190012,13053,203065,1104
2023-01-02,San Joaquin,077,732212,206604,205467,16438,221905,2363
2023-01-02,San Luis Obispo,079,281455,65373,64966,7909,72875,536
2023-01-02,San Mateo,081,765935,178822,177703,11183,188886,749
2023-01-02,Santa Barbara,083,443738,110227,109576,7471,117047,747
2023-01-02,Santa Clara,085,1922200,464077,461535,21225,482760,2587
2023-01-02,Santa Cruz,087,273765,67070,66735,3745,70480,276
2023-01-02,Shasta,089,179085,36203,35950,8198,44148,602
2023-01-02,Sierra,091,2930,311,309,61,370,5
2023-01-02,Siskiyou,093,43540,5375,5355,3420,8775,95
2023-01-02,Solano,095,438530,111378,110589,8376,118965,475
2023-01-02,Sonoma,097,501317,111697,111095,5697,116792,536
2023-01-02,Stanislaus,099,539301,143104,142392,22518,164910,1795
2023-01-02,Sutter,101,95872,25335,25207,2540,27747,235
2023-01-02,Tehama,103,63373,14317,14187,3361,17548,219
2023-01-02,Trinity,105,12862,1452,1442,489,1931,23
2023-01-02,Tulare,107,460477,126183,125303,39144,164447,1546
2023-01-02,Tuolumne,109,53932,16504,16340,998,17338,211
2023-01-02,Ventura,111,848112,217744,216327,17651,233978,1605
2023-01-02,Yolo,113,214977,49322,48970,4718,53688,426
2023-01-02,Yuba,115,75493,19759,19654,1823,21477,132
2023-01-01,Alameda,001,1643700,370119,367954,21962,389916,2094
2023-01-01,Alpine,003,1148,139,138,4,142,0
2023-01-01,Amador,005,37829,10361,10313,961,11274,96
2023-01-01,Butte,007,227075,41154,41018,9949,50967,474
2023-01-01,Calaveras,009,45235,8867,8818,634,9452,135
2023-01-01,Colusa,011,21464,3910,3906,1325,5231,22
2023-01-01,Contra Costa,013,1133247,266312,264448,21981,286429,1502
2023-01-01,Del Norte,015,27424,7685,7645,441,8086,56
2023-01-01,El Dorado,017,186661,34080,33865,4489,38354,236
2023-01-01,Fresno,019,978130,288423,285444,33730,319174,2918
2023-01-01,Glenn,021,27897,5736,5719,1976,7695,58
2023-01-01,Humboldt,023,135768,22937,22835,5722,28557,163
2023-01-01,Imperial,025,180216,68928,68622,18427,87049,963
2023-01-01,Inyo,027,18085,4698,4670,1225,5895,62
2023-01-01,Kern,029,883053,226552,225659,69519,295178,2450
2023-01-01,Kings,031,150075,61886,61692,4367,66059,466
2023-01-01,Lake,033,64148,13412,13312,1279,14591,149
2023-01-01,Lassen,035,31185,10195,10172,1043,11215,66
2023-01-01,Los Angeles,037,10098052,3436445,3420383,208451,3628834,34360
2023-01-01,Madera,039,155013,45684,45448,8751,54199,377
2023-01-01,Marin,041,260295,47990,47686,5594,53280,317
2023-01-01,Mariposa,043,17540,3287,3211,390,3601,32
2023-01-01,Mendocino,045,87422,16649,16508,4756,21264,137
2023-01-01,Merced,047,269075,75199,74732,12535,87267,883
2023-01-01,Modoc,049,8938,940,931,364,1295,11
2023-01-01,Mono,051,14174,3287,3274,294,3568,8
2023-01-01,Monterey,053,433212,96757,96380,22461,118841,776
2023-01-01,Napa,055,140530,33692,33534,1505,35039,163
2023-01-01,Nevada,057,99092,19902,19774,2242,22016,132
2023-01-01,Orange,059,3164182,697677,694080,73677,767757,7656
2023-01-01,Placer,061,380077,79552,79154,10099,89253,672
2023-01-01,Plumas,063,18699,3798,3787,458,4245,13
2023-01-01,Riverside,065,2383286,724258,720437,40246,760683,6738
2023-01-01,Sacramento,067,1510023,364368,362664,36554,399218,3414
2023-01-01,San Benito,069,59416,17337,17211,1108,18319,108
2023-01-01,San Bernardino,071,2135413,700186,696472,34235,730707,8142
2023-01-01,San Diego,073,3302833,967320,962601,78778,1041379,5641
2023-01-01,San Francisco,075,870044,191049,190012,13040,203052,1104
2023-01-01,San Joaquin,077,732212,206528,205467,16432,221899,2363
2023-01-01,San Luis Obispo,079,281455,65352,64966,7896,72862,536
2023-01-01,San Mateo,081,765935,178736,177703,11175,188878,749
2023-01-01,Santa Barbara,083,443738,110156,109576,7468,117044,747
2023-01-01,Santa Clara,085,1922200,463801,461535,21189,482724,2587
2023-01-01,Santa Cruz,087,273765,67056,66735,3743,70478,276
2023-01-01,Shasta,089,179085,36193,35950,8194,44144,602
2023-01-01,Sierra,091,2930,311,309,61,370,5
2023-01-01,Siskiyou,093,43540,5373,5355,3420,8775,95
2023-01-01,Solano,095,438530,111310,110589,8367,118956,475
2023-01-01,Sonoma,097,501317,111655,111095,5694,116789,536
2023-01-01,Stanislaus,099,539301,143051,142392,22512,164904,1795
2023-01-01,Sutter,101,95872,25326,25207,2540,27747,235
2023-01-01,Tehama,103,63373,14311,14187,3359,17546,219
2023-01-01,Trinity,105,12862,1452,1442,489,1931,23
2023-01-01,Tulare,107,460477,126130,125303,39106,164409,1546
2023-01-01,Tuolumne,109,53932,16502,16340,997,17337,211
2023-01-01,Ventura,111,848112,217646,216327,17625,233952,1605
2023-01-01,Yolo,113,214977,49308,48970,4716,53686,426
2023-01-01,Yuba,115,75493,19750,19654,1822,21476,132
2022-12-31,Alameda,001,1643700,369988,367954,21946,389900,2094
2022-12-31,Alpine,003,1148,139,138,4,142,0
2022-12-31,Amador,005,37829,10359,10313,961,11274,96
2022-12-31,Butte,007,227075,41146,41018,9945,50963,474
2022-12-31,Calaveras,009,45235,8865,8818,634,9452,135
2022-12-31,Colusa,011,21464,3909,3906,1324,5230,22
2022-12-31,Contra Costa,013,1133247,266212,264448,21978,286426,1502
2022-12-31,Del Norte,015,27424,7683,7645,441,8086,56
2022-12-31,El Dorado,017,186661,34067,33865,4487,38352,236
2022-12-31,Fresno,019,978130,288366,285444,33729,319173,2918
2022-12-31,Glenn,021,27897,5735,5719,1973,7692,58
2022-12-31,Humboldt,023,135768,22933,22835,5719,28554,163
2022-12-31,Imperial,025,180216,68920,68622,18426,87048,963
2022-12-31,Inyo,027,18085,4696,4670,1225,5895,62
2022-12-31,Kern,029,883053,226499,225659,69498,295157,2450
2022-12-31,Kings,031,150075,61880,61692,4367,66059,466
2022-12-31,Lake,033,64148,13408,13312,1279,14591,149
2022-12-31,Lassen,035,31185,10194,10172,1043,11215,66
2022-12-31,Los Angeles,037,10098052,3435631,3420383,208282,3628665,34360
2022-12-31,Madera,039,155013,45674,45448,8750,54198,377
2022-12-31,Marin,041,260295,47975,47686,5594,53280,317
2022-12-31,Mariposa,043,17540,3286,3211,390,3601,32
2022-12-31,Mendocino,045,87422,16647,16508,4755,21263,137
2022-12-31,Merced,047,269075,75190,74732,12532,87264,883
2022-12-31,Modoc,049,8938,940,931,364,1295,11
2022-12-31,Mono,051,14174,3287,3274,294,3568,8
2022-12-31,Monterey,053,433212,96733,96380,22451,118831,776
2022-12-31,Napa,055,140530,33688,33534,1505,35039,163
2022-12-31,Nevada,057,99092,19897,19774,2240,22014,132
2022-12-31,Orange,059,3164182,697491,694080,73599,767679,7656
2022-12-31,Placer,061,380077,79522,79154,10097,89251,672
2022-12-31,Plumas,063,18699,3798,3787,458,4245,13
2022-12-31,Riverside,065,2383286,724091,720437,40201,760638,6738
2022-12-31,Sacramento,067,1510023,364288,362664,36542,399206,3414
2022-12-31,San Benito,069,59416,17334,17211,1108,18319,108
2022-12-31,San Bernardino,071,2135413,700037,696472,34212,730684,8142
2022-12-31,San Diego,073,3302833,967138,962601,78739,1041340,5641
2022-12-31,San Francisco,075,870044,190985,190012,13034,203046,1104
2022-12-31,San Joaquin,077,732212,206479,205467,16427,221894,2363
2022-12-31,San Luis Obispo,079,281455,65341,64966,7895,72861,536
2022-12-31,San Mateo,081,765935,178690,177703,11169,188872,749
2022-12-31,Santa Barbara,083,443738,110124,109576,7460,117036,747
2022-12-31,Santa Clara,085,1922200,463663,461535,21164,482699,2587
2022-12-31,Santa Cruz,087,273765,67049,66735,3740,70475,276
2022-12-31,Shasta,089,179085,36191,35950,8194,44144,602
2022-12-31,Sierra,091,2930,311,309,61,370,5
2022-12-31,Siskiyou,093,43540,5372,5355,3420,8775,95
2022-12-31,Solano,095,438530,111283,110589,8364,118953,475
2022-12-31,Sonoma,097,501317,111615,111095,5691,116786,536
2022-12-31,Stanislaus,099,539301,143016,142392,22510,164902,1795
2022-12-31,Sutter,101,95872,25320,25207,2540,27747,235
2022-12-31,Tehama,103,63373,14308,14187,3358,17545,219
2022-12-31,Trinity,105,12862,1452,1442,489,1931,23
2022-12-31,Tulare,107,460477,126097,125303,39088,164391,1546
2022-12-31,Tuolumne,109,53932,16494,16340,996,17336,211
2022-12-31,Ventura,111,848112,217572,216327,17608,233935,1605
2022-12-31,Yolo,113,214977,49301,48970,4714,53684,426
2022-12-31,Yuba,115,75493,19749,19654,1822,21476,132
2022-12-30,Alameda,001,1643700,369829,367954,21933,389887,2094
2022-12-30,Alpine,003,1148,139,138,4,142,0
2022-12-30,Amador,005,37829,10359,10313,961,11274,96
2022-12-30,Butte,007,227075,41142,41018,9942,50960,474
2022-12-30,Calaveras,009,45235,8861,8818,634,9452,135
2022-12-30,Colusa,011,21464,3909,3906,1323,5229,22
2022-12-30,Contra Costa,013,1133247,266101,264448,21967,286415,1502
2022-12-30,Del Norte,015,27424,7677,7645,441,8086,56
2022-12-30,El Dorado,017,186661,34061,33865,4483,38348,236
2022-12-30,Fresno,019,978130,288271,285444,33716,319160,2918
2022-12-30,Glenn,021,27897,5735,5719,1972,7691,58
2022-12-30,Humboldt,023,135768,22928,22835,5717,28552,163
2022-12-30,Imperial,025,180216,68907,68622,18424,87046,963
2022-12-30,Inyo,027,18085,4693,4670,1223,5893,62
2022-12-30,Kern,029,883053,226431,225659,69445,295104,2450
2022-12-30,Kings,031,150075,61872,61692,4366,66058,466
2022-12-30,Lake,033,64148,13403,13312,1279,14591,149
2022-12-30,Lassen,035,31185,10193,10172,1042,11214,66
2022-12-30,Los Angeles,037,10098052,3434544,3420383,208060,3628443,34360
2022-12-30,Madera,039,155013,45667,45448,8749,54197,377
2022-12-30,Marin,041,260295,47952,47686,5589,53275,317
2022-12-30,Mariposa,043,17540,3284,3211,390,3601,32
2022-12-30,Mendocino,045,87422,16641,16508,4753,21261,137
2022-12-30,Merced,047,269075,75175,74732,12530,87262,883
2022-12-30,Modoc,049,8938,940,931,364,1295,11
2022-12-30,Mono,051,14174,3287,3274,294,3568,8
2022-12-30,Monterey,053,433212,96712,96380,22438,118818,776
2022-12-30,Napa,055,140530,33678,33534,1505,35039,163
2022-12-30,Nevada,057,99092,19891,19774,2239,22013,132
2022-12-30,Orange,059,3164182,697194,694080,73499,767579,7656
2022-12-30,Placer,061,380077,79494,79154,10086,89240,672
2022-12-30,Plumas,063,18699,3798,3787,458,4245,13
2022-12-30,Riverside,065,2383286,723817,720437,40148,760585,6738
2022-12-30,Sacramento,067,1510023,364174,362664,36529,399193,3414
2022-12-30,San Benito,069,59416,17330,17211,1108,18319,108
2022-12-30,San Bernardino,071,2135413,699789,696472,34183,730655,8142
2022-12-30,San Diego,073,3302833,966752,962601,78668,1041269,5641
2022-12-30,San Francisco,075,870044,190920,190012,13027,203039,1104
2022-12-30,San Joaquin,077,732212,206411,205467,16421,221888,2363
2022-12-30,San Luis Obispo,079,281455,65330,64966,7890,72856,536
2022-12-30,San Mateo,081,765935,178647,177703,11162,188865,749
2022-12-30,Santa Barbara,083,443738,110092,109576,7456,117032,747
2022-12-30,Santa Clara,085,1922200,463493,461535,21138,482673,2587
2022-12-30,Santa Cruz,087,273765,67031,66735,3739,70474,276
2022-12-30,Shasta,089,179085,36185,35950,8194,44144,602
2022-12-30,Sierra,091,2930,311,309,61,370,5
2022-12-30,Siskiyou,093,43540,5371,5355,3419,8774,95
2022-12-30,Solano,095,438530,111239,110589,8358,118947,475
2022-12-30,Sonoma,097,501317,111565,111095,5687,116782,536
2022-12-30,Stanislaus,099,539301,142976,142392,22504,164896,1795
2022-12-30,Sutter,101,95872,25310,25207,2540,27747,235
2022-12-30,Tehama,103,63373,14303,14187,3358,17545,219
2022-12-30,Trinity,105,12862,1452,1442,489,1931,23
2022-12-30,Tulare,107,460477,126073,125303,39062,164365,1546
2022-12-30,Tuolumne,109,53932,16484,16340,996,17336,211
2022-12-30,Ventura,111,848112,217512,216327,17586,233913,1605
2022-12-30,Yolo,113,214977,49283,48970,4712,53682,426
2022-12-30,Yuba,115,75493,19734,19654,1822,21476,132
2022-12-29,Alameda,001,1643700,369560,367954,21896,389850,2094
2022-12-29,Alpine,003,1148,139,138,3,141,0
2022-12-29,Amador,005,37829,10354,10313,960,11273,96
2022-12-29,Butte,007,227075,41130,41018,9930,50948,474
2022-12-29,Calaveras,009,45235,8857,8818,633,9451,135
2022-12-29,Colusa,011,21464,3909,3906,1323,5229,22
2022-12-29,Contra Costa,013,1133247,265941,264448,21955,286403,1502
2022-12-29,Del Norte,015,27424,7672,7645,441,8086,56
2022-12-29,El Dorado,017,186661,34045,33865,4479,38344,236
2022-12-29,Fresno,019,978130,288133,285444,33687,319131,2918
2022-12-29,Glenn,021,27897,5732,5719,1971,7690,58
2022-12-29,Humboldt,023,135768,22925,22835,5706,28541,163
2022-12-29,Imperial,025,180216,68886,68622,18406,87028,963
2022-12-29,Inyo,027,18085,4690,4670,1221,5891,62
2022-12-29,Kern,029,883053,226286,225659,69359,295018,2450
2022-12-29,Kings,031,150075,61846,61692,4366,66058,466
2022-12-29,Lake,033,64148,13397,13312,1279,14591,149
2022-12-29,Lassen,035,31185,10190,10172,1041,11213,66
2022-12-29,Los Angeles,037,10098052,3432611,3420383,207699,3628082,34360
2022-12-29,Madera,039,155013,45646,45448,8732,54180,377
2022-12-29,Marin,041,260295,47921,47686,5581,53267,317
2022-12-29,Mariposa,043,17540,3283,3211,390,3601,32
2022-12-29,Mendocino,045,87422,16633,16508,4753,21261,137
2022-12-29,Merced,047,269075,75153,74732,12524,87256,883
2022-12-29,Modoc,049,8938,940,931,364,1295,11
2022-12-29,Mono,051,14174,3286,3274,293,3567,8
2022-12-29,Monterey,053,433212,96677,96380,22422,118802,776
2022-12-29,Napa,055,140530,33657,33534,1504,35038,163
2022-12-29,Nevada,057,99092,19884,19774,2237,22011,132
2022-12-29,Orange,059,3164182,696729,694080,73331,767411,7656
2022-12-29,Placer,061,380077,79450,79154,10081,89235,672
2022-12-29,Plumas,063,18699,3798,3787,458,4245,13
2022-12-29,Riverside,065,2383286,723400,720437,40060,760497,6738
2022-12-29,Sacramento,067,1510023,363906,362664,36503,399167,3414
2022-12-29,San Benito,069,59416,17326,17211,1103,18314,108
2022-12-29,San Bernardino,071,2135413,699400,696472,34131,730603,8142
2022-12-29,San Diego,073,3302833,966057,962601,78535,1041136,5641
2022-12-29,San Francisco,075,870044,190773,190012,13011,203023,1104
2022-12-29,San Joaquin,077,732212,206295,205467,16404,221871,2363
2022-12-29,San Luis Obispo,079,281455,65302,64966,7867,72833,536
2022-12-29,San Mateo,081,765935,178561,177703,11154,188857,749
2022-12-29,Santa Barbara,083,443738,110027,109576,7447,117023,747
2022-12-29,Santa Clara,085,1922200,463098,461535,21113,482648,2587
2022-12-29,Santa Cruz,087,273765,67011,66735,3732,70467,276
2022-12-29,Shasta,089,179085,36167,35950,8187,44137,602
2022-12-29,Sierra,091,2930,311,309,61,370,5
2022-12-29,Siskiyou,093,43540,5370,5355,3415,8770,95
2022-12-29,Solano,095,438530,111141,110589,8345,118934,475
2022-12-29,Sonoma,097,501317,111506,111095,5677,116772,536
2022-12-29,Stanislaus,099,539301,142907,142392,22484,164876,1795
2022-12-29,Sutter,101,95872,25297,25207,2537,27744,235
2022-12-29,Tehama,103,63373,14298,14187,3356,17543,219
2022-12-29,Trinity,105,12862,1452,1442,489,1931,23
2022-12-29,Tulare,107,460477,125996,125303,39034,164337,1546
2022-12-29,Tuolumne,109,53932,16471,16340,996,17336,211
2022-12-29,Ventura,111,848112,217403,216327,17543,233870,1605
2022-12-29,Yolo,113,214977,49258,48970,4707,53677,426
2022-12-29,Yuba,115,75493,19720,19654,1820,21474,132
2022-12-28,Alameda,001,1643700,369232,367954,21870,389824,2094
2022-12-28,Alpine,003,1148,139,138,3,141,0
2022-12-28,Amador,005,37829,10345,10313,960,11273,96
2022-12-28,Butte,007,227075,41120,41018,9924,50942,474
2022-12-28,Calaveras,009,45235,8850,8818,633,9451,135
2022-12-28,Colusa,011,21464,3907,3906,1322,5228,22
2022-12-28,Contra Costa,013,1133247,265723,264448,21927,286375,1502
2022-12-28,Del Norte,015,27424,7669,7645,441,8086,56
2022-12-28,El Dorado,017,186661,34023,33865,4478,38343,236
2022-12-28,Fresno,019,978130,287975,285444,33666,319110,2918
2022-12-28,Glenn,021,27897,5730,5719,1969,7688,58
2022-12-28,Humboldt,023,135768,22924,22835,5693,28528,163
2022-12-28,Imperial,025,180216,68850,68622,18369,86991,963
2022-12-28,Inyo,027,18085,4689,4670,1220,5890,62
2022-12-28,Kern,029,883053,226130,225659,69275,294934,2450
2022-12-28,Kings,031,150075,61800,61692,4363,66055,466
2022-12-28,Lake,033,64148,13390,13312,1278,14590,149
2022-12-28,Lassen,035,31185,10190,10172,1041,11213,66
2022-12-28,Los Angeles,037,10098052,3430448,3420383,207256,3627639,34360
2022-12-28,Madera,039,155013,45607,45448,8730,54178,377
2022-12-28,Marin,041,260295,47893,47686,5577,53263,317
2022-12-28,Mariposa,043,17540,3282,3211,389,3600,32
2022-12-28,Mendocino,045,87422,16626,16508,4745,21253,137
2022-12-28,Merced,047,269075,75125,74732,12516,87248,883
2022-12-28,Modoc,049,8938,938,931,363,1294,11
2022-12-28,Mono,051,14174,3284,3274,293,3567,8
2022-12-28,Monterey,053,433212,96657,96380,22401,118781,776
2022-12-28,Napa,055,140530,33627,33534,1502,35036,163
2022-12-28,Nevada,057,99092,19876,19774,2235,22009,132
2022-12-28,Orange,059,3164182,696200,694080,73138,767218,7656
2022-12-28,Placer,061,380077,79396,79154,10066,89220,672
2022-12-28,Plumas,063,18699,3793,3787,458,4245,13
2022-12-28,Riverside,065,2383286,722895,720437,39972,760409,6738
2022-12-28,Sacramento,067,1510023,363668,362664,36473,399137,3414
2022-12-28,San Benito,069,59416,17312,17211,1097,18308,108
2022-12-28,San Bernardino,071,2135413,698899,696472,34064,730536,8142
2022-12-28,San Diego,073,3302833,965244,962601,78412,1041013,5641
2022-12-28,San Francisco,075,870044,190640,190012,13003,203015,1104
2022-12-28,San Joaquin,077,732212,206147,205467,16385,221852,2363
2022-12-28,San Luis Obispo,079,281455,65267,64966,7853,72819,536
2022-12-28,San Mateo,081,765935,178439,177703,11137,188840,749
2022-12-28,Santa Barbara,083,443738,109961,109576,7429,117005,747
2022-12-28,Santa Clara,085,1922200,462729,461535,21096,482631,2587
2022-12-28,Santa Cruz,087,273765,66981,66735,3728,70463,276
2022-12-28,Shasta,089,179085,36148,35950,8178,44128,602
2022-12-28,Sierra,091,2930,311,309,61,370,5
2022-12-28,Siskiyou,093,43540,5368,5355,3414,8769,95
2022-12-28,Solano,095,438530,111014,110589,8337,118926,475
2022-12-28,Sonoma,097,501317,111439,111095,5667,116762,536
2022-12-28,Stanislaus,099,539301,142832,142392,22478,164870,1795
2022-12-28,Sutter,101,95872,25277,25207,2536,27743,235
2022-12-28,Tehama,103,63373,14288,14187,3354,17541,219
2022-12-28,Trinity,105,12862,1452,1442,489,1931,23
2022-12-28,Tulare,107,460477,125913,125303,38989,164292,1546
2022-12-28,Tuolumne,109,53932,16464,16340,995,17335,211
2022-12-28,Ventura,111,848112,217256,216327,17500,233827,1605
2022-12-28,Yolo,113,214977,49234,48970,4704,53674,426
2022-12-28,Yuba,115,75493,19707,19654,1815,21469,132
2022-12-27,Alameda,001,1643700,368897,367954,21835,389789,2094
2022-12-27,Alpine,003,1148,139,138,3,141,0
2022-12-27,Amador,005,37829,10336,10313,959,11272,96
2022-12-27,Butte,007,227075,41100,41018,9917,50935,474
2022-12-27,Calaveras,009,45235,8843,8818,633,9451,135
2022-12-27,Colusa,011,21464,3906,3906,1322,5228,22
2022-12-27,Contra Costa,013,1133247,265461,264448,21908,286356,1502
2022-12-27,Del Norte,015,27424,7660,7645,438,8083,56
2022-12-27,El Dorado,017,186661,33991,33865,4474,38339,236
2022-12-27,Fresno,019,978130,287749,285444,33626,319070,2918
2022-12-27,Glenn,021,27897,5728,5719,1968,7687,58
2022-12-27,Humboldt,023,135768,22918,22835,5672,28507,163
2022-12-27,Imperial,025,180216,68802,68622,18351,86973,963
2022-12-27,Inyo,027,18085,4687,4670,1209,5879,62
2022-12-27,Kern,029,883053,225957,225659,69171,294830,2450
2022-12-27,Kings,031,150075,61762,61692,4363,66055,466
2022-12-27,Lake,033,64148,13381,13312,1276,14588,149
2022-12-27,Lassen,035,31185,10185,10172,1038,11210,66
2022-12-27,Los Angeles,037,10098052,3427912,3420383,206748,3627131,34360
2022-12-27,Madera,039,155013,45589,45448,8719,54167,377
2022-12-27,Marin,041,260295,47847,47686,5574,53260,317
2022-12-27,Mariposa,043,17540,3280,3211,388,3599,32
2022-12-27,Mendocino,045,87422,16614,16508,4739,21247,137
2022-12-27,Merced,047,269075,75088,74732,12499,87231,883
2022-12-27,Modoc,049,8938,934,931,363,1294,11
2022-12-27,Mono,051,14174,3282,3274,292,3566,8
2022-12-27,Monterey,053,433212,96618,96380,22379,118759,776
2022-12-27,Napa,055,140530,33604,33534,1501,35035,163
2022-12-27,Nevada,057,99092,19868,19774,2231,22005,132
2022-12-27,Orange,059,3164182,695600,694080,72943,767023,7656
2022-12-27,Placer,061,380077,79336,79154,10055,89209,672
2022-12-27,Plumas,063,18699,3791,3787,458,4245,13
2022-12-27,Riverside,065,2383286,722336,720437,39885,760322,6738
2022-12-27,Sacramento,067,1510023,363360,362664,36436,399100,3414
2022-12-27,San Benito,069,59416,17305,17211,1097,18308,108
2022-12-27,San Bernardino,071,2135413,698365,696472,33971,730443,8142
2022-12-27,San Diego,073,3302833,964344,962601,78259,1040860,5641
2022-12-27,San Francisco,075,870044,190506,190012,12993,203005,1104
2022-12-27,San Joaquin,077,732212,206022,205467,16351,221818,2363
2022-12-27,San Luis Obispo,079,281455,65232,64966,7826,72792,536
2022-12-27,San Mateo,081,765935,178295,177703,11117,188820,749
2022-12-27,Santa Barbara,083,443738,109893,109576,7409,116985,747
2022-12-27,Santa Clara,085,1922200,462288,461535,21070,482605,2587
2022-12-27,Santa Cruz,087,273765,66944,66735,3720,70455,276
2022-12-27,Shasta,089,179085,36127,35950,8166,44116,602
2022-12-27,Sierra,091,2930,310,309,61,370,5
2022-12-27,Siskiyou,093,43540,5365,5355,3413,8768,95
2022-12-27,Solano,095,438530,110881,110589,8330,118919,475
2022-12-27,Sonoma,097,501317,111372,111095,5644,116739,536
2022-12-27,Stanislaus,099,539301,142732,142392,22458,164850,1795
2022-12-27,Sutter,101,95872,25260,25207,2532,27739,235
2022-12-27,Tehama,103,63373,14274,14187,3351,17538,219
2022-12-27,Trinity,105,12862,1451,1442,489,1931,23
2022-12-27,Tulare,107,460477,125823,125303,38952,164255,1546
2022-12-27,Tuolumne,109,53932,16455,16340,992,17332,211
2022-12-27,Ventura,111,848112,217107,216327,17452,233779,1605
2022-12-27,Yolo,113,214977,49210,48970,4701,53671,426
2022-12-27,Yuba,115,75493,19696,19654,1814,21468,132
2022-12-26,Alameda,001,1643700,368543,366018,21798,387816,2088
2022-12-26,Alpine,003,1148,139,138,3,141,0
2022-12-26,Amador,005,37829,10331,10269,959,11228,96
2022-12-26,Butte,007,227075,41074,40923,9892,50815,473
2022-12-26,Calaveras,009,45235,8836,8794,632,9426,135
2022-12-26,Colusa,011,21464,3906,3891,1322,5213,22
2022-12-26,Contra Costa,013,1133247,265176,262951,21880,284831,1492
2022-12-26,Del Norte,015,27424,7655,7612,438,8050,56
2022-12-26,El Dorado,017,186661,33962,33729,4468,38197,236
2022-12-26,Fresno,019,978130,287519,284361,33578,317939,2907
2022-12-26,Glenn,021,27897,5727,5702,1967,7669,58
2022-12-26,Humboldt,023,135768,22907,22760,5649,28409,161
2022-12-26,Imperial,025,180216,68746,68403,18290,86693,963
2022-12-26,Inyo,027,18085,4685,4655,1205,5860,60
2022-12-26,Kern,029,883053,225800,224945,69072,294017,2446
2022-12-26,Kings,031,150075,61727,61461,4360,65821,467
2022-12-26,Lake,033,64148,13377,13254,1272,14526,149
2022-12-26,Lassen,035,31185,10182,10151,1036,11187,66
2022-12-26,Los Angeles,037,10098052,3425120,3399852,206147,3605999,34170
2022-12-26,Madera,039,155013,45550,45290,8707,53997,377
2022-12-26,Marin,041,260295,47798,47457,5566,53023,315
2022-12-26,Mariposa,043,17540,3280,3201,384,3585,32
2022-12-26,Mendocino,045,87422,16600,16435,4723,21158,137
2022-12-26,Merced,047,269075,75066,74498,12485,86983,880
2022-12-26,Modoc,049,8938,931,927,363,1290,11
2022-12-26,Mono,051,14174,3278,3264,292,3556,8
2022-12-26,Monterey,053,433212,96581,96192,22361,118553,776
2022-12-26,Napa,055,140530,33581,33370,1500,34870,163
2022-12-26,Nevada,057,99092,19855,19696,2221,21917,132
2022-12-26,Orange,059,3164182,694936,690845,72722,763567,7628
2022-12-26,Placer,061,380077,79282,78813,10048,88861,669
2022-12-26,Plumas,063,18699,3789,3778,458,4236,13
2022-12-26,Riverside,065,2383286,721652,717576,39772,757348,6738
2022-12-26,Sacramento,067,1510023,363023,361095,36396,397491,3407
2022-12-26,San Benito,069,59416,17290,17109,1091,18200,108
2022-12-26,San Bernardino,071,2135413,697736,693567,33875,727442,8136
2022-12-26,San Diego,073,3302833,963288,957866,78076,1035942,5626
2022-12-26,San Francisco,075,870044,190297,188947,12985,201932,1095
2022-12-26,San Joaquin,077,732212,205865,204712,16322,221034,2353
2022-12-26,San Luis Obispo,079,281455,65187,64748,7793,72541,536
2022-12-26,San Mateo,081,765935,178117,176920,11101,188021,748
2022-12-26,Santa Barbara,083,443738,109814,109074,7395,116469,744
2022-12-26,Santa Clara,085,1922200,461764,459089,21042,480131,2579
2022-12-26,Santa Cruz,087,273765,66905,66560,3713,70273,277
2022-12-26,Shasta,089,179085,36102,35856,8156,44012,601
2022-12-26,Sierra,091,2930,310,308,61,369,5
2022-12-26,Siskiyou,093,43540,5360,5334,3411,8745,95
2022-12-26,Solano,095,438530,110749,109900,8322,118222,474
2022-12-26,Sonoma,097,501317,111280,110643,5632,116275,536
2022-12-26,Stanislaus,099,539301,142640,141956,22438,164394,1795
2022-12-26,Sutter,101,95872,25242,25088,2525,27613,235
2022-12-26,Tehama,103,63373,14268,14127,3344,17471,218
2022-12-26,Trinity,105,12862,1450,1438,489,1927,23
2022-12-26,Tulare,107,460477,125720,124848,38892,163740,1546
2022-12-26,Tuolumne,109,53932,16446,16261,990,17251,209
2022-12-26,Ventura,111,848112,216889,215497,17401,232898,1604
2022-12-26,Yolo,113,214977,49186,48842,4696,53538,422
2022-12-26,Yuba,115,75493,19680,19553,1810,21363,132
2022-12-25,Alameda,001,1643700,368257,366018,21775,387793,2088
2022-12-25,Alpine,003,1148,139,138,3,141,0
2022-12-25,Amador,005,37829,10325,10269,959,11228,96
2022-12-25,Butte,007,227075,41060,40923,9877,50800,473
2022-12-25,Calaveras,009,45235,8832,8794,631,9425,135
2022-12-25,Colusa,011,21464,3905,3891,1321,5212,22
2022-12-25,Contra Costa,013,1133247,264944,262951,21872,284823,1492
2022-12-25,Del Norte,015,27424,7650,7612,438,8050,56
2022-12-25,El Dorado,017,186661,33948,33729,4464,38193,236
2022-12-25,Fresno,019,978130,287380,284361,33560,317921,2907
2022-12-25,Glenn,021,27897,5727,5702,1965,7667,58
2022-12-25,Humboldt,023,135768,22897,22760,5640,28400,161
2022-12-25,Imperial,025,180216,68711,68403,18274,86677,963
2022-12-25,Inyo,027,18085,4683,4655,1203,5858,60
2022-12-25,Kern,029,883053,225710,224945,68959,293904,2446
2022-12-25,Kings,031,150075,61687,61461,4359,65820,467
2022-12-25,Lake,033,64148,13374,13254,1272,14526,149
2022-12-25,Lassen,035,31185,10180,10151,1034,11185,66
2022-12-25,Los Angeles,037,10098052,3422835,3399852,205689,3605541,34170
2022-12-25,Madera,039,155013,45533,45290,8706,53996,377
2022-12-25,Marin,041,260295,47766,47457,5563,53020,315
2022-12-25,Mariposa,043,17540,3280,3201,384,3585,32
2022-12-25,Mendocino,045,87422,16586,16435,4721,21156,137
2022-12-25,Merced,047,269075,75026,74498,12477,86975,880
2022-12-25,Modoc,049,8938,930,927,363,1290,11
2022-12-25,Mono,051,14174,3273,3264,292,3556,8
2022-12-25,Monterey,053,433212,96553,96192,22353,118545,776
2022-12-25,Napa,055,140530,33563,33370,1497,34867,163
2022-12-25,Nevada,057,99092,19846,19696,2217,21913,132
2022-12-25,Orange,059,3164182,694395,690845,72493,763338,7628
2022-12-25,Placer,061,380077,79248,78813,10042,88855,669
2022-12-25,Plumas,063,18699,3789,3778,458,4236,13
2022-12-25,Riverside,065,2383286,721159,717576,39673,757249,6738
2022-12-25,Sacramento,067,1510023,362839,361095,36370,397465,3407
2022-12-25,San Benito,069,59416,17280,17109,1091,18200,108
2022-12-25,San Bernardino,071,2135413,697268,693567,33805,727372,8136
2022-12-25,San Diego,073,3302833,962647,957866,77978,1035844,5626
2022-12-25,San Francisco,075,870044,190130,188947,12978,201925,1095
2022-12-25,San Joaquin,077,732212,205754,204712,16312,221024,2353
2022-12-25,San Luis Obispo,079,281455,65161,64748,7782,72530,536
2022-12-25,San Mateo,081,765935,177997,176920,11092,188012,748
2022-12-25,Santa Barbara,083,443738,109753,109074,7393,116467,744
2022-12-25,Santa Clara,085,1922200,461411,459089,21000,480089,2579
2022-12-25,Santa Cruz,087,273765,66843,66560,3712,70272,277
2022-12-25,Shasta,089,179085,36089,35856,8152,44008,601
2022-12-25,Sierra,091,2930,310,308,61,369,5
2022-12-25,Siskiyou,093,43540,5359,5334,3411,8745,95
2022-12-25,Solano,095,438530,110656,109900,8315,118215,474
2022-12-25,Sonoma,097,501317,111220,110643,5628,116271,536
2022-12-25,Stanislaus,099,539301,142572,141956,22433,164389,1795
2022-12-25,Sutter,101,95872,25229,25088,2522,27610,235
2022-12-25,Tehama,103,63373,14261,14127,3343,17470,218
2022-12-25,Trinity,105,12862,1450,1438,489,1927,23
2022-12-25,Tulare,107,460477,125638,124848,38850,163698,1546
2022-12-25,Tuolumne,109,53932,16426,16261,988,17249,209
2022-12-25,Ventura,111,848112,216753,215497,17364,232861,1604
2022-12-25,Yolo,113,214977,49166,48842,4693,53535,422
2022-12-25,Yuba,115,75493,19664,19553,1809,21362,132
2022-12-24,Alameda,001,1643700,368116,366018,21763,387781,2088
2022-12-24,Alpine,003,1148,139,138,3,141,0
2022-12-24,Amador,005,37829,10323,10269,959,11228,96
2022-12-24,Butte,007,227075,41052,40923,9869,50792,473
2022-12-24,Calaveras,009,45235,8831,8794,630,9424,135
2022-12-24,Colusa,011,21464,3905,3891,1321,5212,22
2022-12-24,Contra Costa,013,1133247,264860,262951,21867,284818,1492
2022-12-24,Del Norte,015,27424,7647,7612,438,8050,56
2022-12-24,El Dorado,017,186661,33935,33729,4462,38191,236
2022-12-24,Fresno,019,978130,287302,284361,33557,317918,2907
2022-12-24,Glenn,021,27897,5727,5702,1965,7667,58
2022-12-24,Humboldt,023,135768,22891,22760,5630,28390,161
2022-12-24,Imperial,025,180216,68697,68403,18268,86671,963
2022-12-24,Inyo,027,18085,4682,4655,1203,5858,60
2022-12-24,Kern,029,883053,225669,224945,68949,293894,2446
2022-12-24,Kings,031,150075,61681,61461,4359,65820,467
2022-12-24,Lake,033,64148,13365,13254,1270,14524,149
2022-12-24,Lassen,035,31185,10178,10151,1034,11185,66
2022-12-24,Los Angeles,037,10098052,3422076,3399852,205509,3605361,34170
2022-12-24,Madera,039,155013,45514,45290,8705,53995,377
2022-12-24,Marin,041,260295,47750,47457,5560,53017,315
2022-12-24,Mariposa,043,17540,3279,3201,383,3584,32
2022-12-24,Mendocino,045,87422,16582,16435,4721,21156,137
2022-12-24,Merced,047,269075,75016,74498,12472,86970,880
2022-12-24,Modoc,049,8938,930,927,363,1290,11
2022-12-24,Mono,051,14174,3271,3264,292,3556,8
2022-12-24,Monterey,053,433212,96527,96192,22343,118535,776
2022-12-24,Napa,055,140530,33548,33370,1497,34867,163
2022-12-24,Nevada,057,99092,19840,19696,2215,21911,132
2022-12-24,Orange,059,3164182,694223,690845,72475,763320,7628
2022-12-24,Placer,061,380077,79221,78813,10040,88853,669
2022-12-24,Plumas,063,18699,3788,3778,456,4234,13
2022-12-24,Riverside,065,2383286,720981,717576,39634,757210,6738
2022-12-24,Sacramento,067,1510023,362766,361095,36363,397458,3407
2022-12-24,San Benito,069,59416,17276,17109,1091,18200,108
2022-12-24,San Bernardino,071,2135413,697092,693567,33777,727344,8136
2022-12-24,San Diego,073,3302833,962427,957866,77927,1035793,5626
2022-12-24,San Francisco,075,870044,190066,188947,12977,201924,1095
2022-12-24,San Joaquin,077,732212,205697,204712,16307,221019,2353
2022-12-24,San Luis Obispo,079,281455,65148,64748,7774,72522,536
2022-12-24,San Mateo,081,765935,177932,176920,11090,188010,748
2022-12-24,Santa Barbara,083,443738,109715,109074,7388,116462,744
2022-12-24,Santa Clara,085,1922200,461250,459089,20987,480076,2579
2022-12-24,Santa Cruz,087,273765,66825,66560,3712,70272,277
2022-12-24,Shasta,089,179085,36083,35856,8149,44005,601
2022-12-24,Sierra,091,2930,310,308,61,369,5
2022-12-24,Siskiyou,093,43540,5356,5334,3411,8745,95
2022-12-24,Solano,095,438530,110629,109900,8312,118212,474
2022-12-24,Sonoma,097,501317,111188,110643,5626,116269,536
2022-12-24,Stanislaus,099,539301,142524,141956,22428,164384,1795
2022-12-24,Sutter,101,95872,25220,25088,2522,27610,235
2022-12-24,Tehama,103,63373,14253,14127,3342,17469,218
2022-12-24,Trinity,105,12862,1450,1438,489,1927,23
2022-12-24,Tulare,107,460477,125597,124848,38827,163675,1546
2022-12-24,Tuolumne,109,53932,16419,16261,986,17247,209
2022-12-24,Ventura,111,848112,216683,215497,17349,232846,1604
2022-12-24,Yolo,113,214977,49154,48842,4691,53533,422
2022-12-24,Yuba,115,75493,19656,19553,1809,21362,132
2022-12-23,Alameda,001,1643700,367952,366018,21733,387751,2088
2022-12-23,Alpine,003,1148,139,138,3,141,0
2022-12-23,Amador,005,37829,10318,10269,959,11228,96
2022-12-23,Butte,007,227075,41044,40923,9856,50779,473
2022-12-23,Calaveras,009,45235,8830,8794,629,9423,135
2022-12-23,Colusa,011,21464,3903,3891,1319,5210,22
2022-12-23,Contra Costa,013,1133247,264739,262951,21854,284805,1492
2022-12-23,Del Norte,015,27424,7642,7612,438,8050,56
2022-12-23,El Dorado,017,186661,33915,33729,4462,38191,236
2022-12-23,Fresno,019,978130,287201,284361,33535,317896,2907
2022-12-23,Glenn,021,27897,5724,5702,1964,7666,58
2022-12-23,Humboldt,023,135768,22886,22760,5627,28387,161
2022-12-23,Imperial,025,180216,68670,68403,18263,86666,963
2022-12-23,Inyo,027,18085,4679,4655,1201,5856,60
2022-12-23,Kern,029,883053,225622,224945,68908,293853,2446
2022-12-23,Kings,031,150075,61664,61461,4358,65819,467
2022-12-23,Lake,033,64148,13358,13254,1270,14524,149
2022-12-23,Lassen,035,31185,10176,10151,1034,11185,66
2022-12-23,Los Angeles,037,10098052,3420901,3399852,205196,3605048,34170
2022-12-23,Madera,039,155013,45497,45290,8704,53994,377
2022-12-23,Marin,041,260295,47728,47457,5558,53015,315
2022-12-23,Mariposa,043,17540,3279,3201,383,3584,32
2022-12-23,Mendocino,045,87422,16577,16435,4719,21154,137
2022-12-23,Merced,047,269075,75004,74498,12469,86967,880
2022-12-23,Modoc,049,8938,930,927,363,1290,11
2022-12-23,Mono,051,14174,3271,3264,291,3555,8
2022-12-23,Monterey,053,433212,96503,96192,22329,118521,776
2022-12-23,Napa,055,140530,33529,33370,1496,34866,163
2022-12-23,Nevada,057,99092,19836,19696,2209,21905,132
2022-12-23,Orange,059,3164182,693972,690845,72322,763167,7628
2022-12-23,Placer,061,380077,79197,78813,10034,88847,669
2022-12-23,Plumas,063,18699,3787,3778,456,4234,13
2022-12-23,Riverside,065,2383286,720715,717576,39572,757148,6738
2022-12-23,Sacramento,067,1510023,362656,361095,36354,397449,3407
2022-12-23,San Benito,069,59416,17264,17109,1089,18198,108
2022-12-23,San Bernardino,071,2135413,696836,693567,33735,727302,8136
2022-12-23,San Diego,073,3302833,962018,957866,77866,1035732,5626
2022-12-23,San Francisco,075,870044,189966,188947,12965,201912,1095
2022-12-23,San Joaquin,077,732212,205638,204712,16305,221017,2353
2022-12-23,San Luis Obispo,079,281455,65130,64748,7770,72518,536
2022-12-23,San Mateo,081,765935,177872,176920,11077,187997,748
2022-12-23,Santa Barbara,083,443738,109676,109074,7383,116457,744
2022-12-23,Santa Clara,085,1922200,461077,459089,20964,480053,2579
2022-12-23,Santa Cruz,087,273765,66808,66560,3706,70266,277
2022-12-23,Shasta,089,179085,36076,35856,8147,44003,601
2022-12-23,Sierra,091,2930,310,308,61,369,5
2022-12-23,Siskiyou,093,43540,5355,5334,3411,8745,95
2022-12-23,Solano,095,438530,110572,109900,8306,118206,474
2022-12-23,Sonoma,097,501317,111143,110643,5625,116268,536
2022-12-23,Stanislaus,099,539301,142485,141956,22426,164382,1795
2022-12-23,Sutter,101,95872,25207,25088,2522,27610,235
2022-12-23,Tehama,103,63373,14250,14127,3342,17469,218
2022-12-23,Trinity,105,12862,1449,1438,489,1927,23
2022-12-23,Tulare,107,460477,125563,124848,38801,163649,1546
2022-12-23,Tuolumne,109,53932,16412,16261,984,17245,209
2022-12-23,Ventura,111,848112,216589,215497,17326,232823,1604
2022-12-23,Yolo,113,214977,49143,48842,4689,53531,422
2022-12-23,Yuba,115,75493,19648,19553,1809,21362,132
2022-12-22,Alameda,001,1643700,367623,366018,21699,387717,2088
2022-12-22,Alpine,003,1148,139,138,3,141,0
2022-12-22,Amador,005,37829,10313,10269,958,11227,96
2022-12-22,Butte,007,227075,41034,40923,9844,50767,473
2022-12-22,Calaveras,009,45235,8830,8794,629,9423,135
2022-12-22,Colusa,011,21464,3898,3891,1319,5210,22
2022-12-22,Contra Costa,013,1133247,264495,262951,21845,284796,1492
2022-12-22,Del Norte,015,27424,7638,7612,434,8046,56
2022-12-22,El Dorado,017,186661,33893,33729,4462,38191,236
2022-12-22,Fresno,019,978130,287043,284361,33497,317858,2907
2022-12-22,Glenn,021,27897,5722,5702,1964,7666,58
2022-12-22,Humboldt,023,135768,22875,22760,5620,28380,161
2022-12-22,Imperial,025,180216,68635,68403,18251,86654,963
2022-12-22,Inyo,027,18085,4679,4655,1200,5855,60
2022-12-22,Kern,029,883053,225535,224945,68848,293793,2446
2022-12-22,Kings,031,150075,61650,61461,4358,65819,467
2022-12-22,Lake,033,64148,13353,13254,1267,14521,149
2022-12-22,Lassen,035,31185,10173,10151,1033,11184,66
2022-12-22,Los Angeles,037,10098052,3418898,3399852,204754,3604606,34170
2022-12-22,Madera,039,155013,45465,45290,8695,53985,377
2022-12-22,Marin,041,260295,47698,47457,5555,53012,315
2022-12-22,Mariposa,043,17540,3277,3201,383,3584,32
2022-12-22,Mendocino,045,87422,16567,16435,4718,21153,137
2022-12-22,Merced,047,269075,74974,74498,12461,86959,880
2022-12-22,Modoc,049,8938,928,927,363,1290,11
2022-12-22,Mono,051,14174,3271,3264,291,3555,8
2022-12-22,Monterey,053,433212,96482,96192,22312,118504,776
2022-12-22,Napa,055,140530,33512,33370,1496,34866,163
2022-12-22,Nevada,057,99092,19827,19696,2203,21899,132
2022-12-22,Orange,059,3164182,693510,690845,72138,762983,7628
2022-12-22,Placer,061,380077,79152,78813,10029,88842,669
2022-12-22,Plumas,063,18699,3785,3778,456,4234,13
2022-12-22,Riverside,065,2383286,720308,717576,39492,757068,6738
2022-12-22,Sacramento,067,1510023,362416,361095,36335,397430,3407
2022-12-22,San Benito,069,59416,17248,17109,1082,18191,108
2022-12-22,San Bernardino,071,2135413,696427,693567,33661,727228,8136
2022-12-22,San Diego,073,3302833,961317,957866,77704,1035570,5626
2022-12-22,San Francisco,075,870044,189831,188947,12940,201887,1095
2022-12-22,San Joaquin,077,732212,205529,204712,16297,221009,2353
2022-12-22,San Luis Obispo,079,281455,65092,64748,7743,72491,536
2022-12-22,San Mateo,081,765935,177759,176920,11068,187988,748
2022-12-22,Santa Barbara,083,443738,109600,109074,7365,116439,744
2022-12-22,Santa Clara,085,1922200,460702,459089,20939,480028,2579
2022-12-22,Santa Cruz,087,273765,66783,66560,3698,70258,277
2022-12-22,Shasta,089,179085,36062,35856,8142,43998,601
2022-12-22,Sierra,091,2930,310,308,61,369,5
2022-12-22,Siskiyou,093,43540,5350,5334,3410,8744,95
2022-12-22,Solano,095,438530,110486,109900,8296,118196,474
2022-12-22,Sonoma,097,501317,111076,110643,5619,116262,536
2022-12-22,Stanislaus,099,539301,142421,141956,22416,164372,1795
2022-12-22,Sutter,101,95872,25186,25088,2519,27607,235
2022-12-22,Tehama,103,63373,14245,14127,3342,17469,218
2022-12-22,Trinity,105,12862,1448,1438,488,1926,23
2022-12-22,Tulare,107,460477,125504,124848,38759,163607,1546
2022-12-22,Tuolumne,109,53932,16402,16261,984,17245,209
2022-12-22,Ventura,111,848112,216485,215497,17290,232787,1604
2022-12-22,Yolo,113,214977,49130,48842,4685,53527,422
2022-12-22,Yuba,115,75493,19634,19553,1807,21360,132
2022-12-21,Alameda,001,1643700,367296,366018,21665,387683,2088
2022-12-21,Alpine,003,1148,139,138,3,141,0
2022-12-21,Amador,005,37829,10310,10269,958,11227,96
2022-12-21,Butte,007,227075,41017,40923,9829,50752,473
2022-12-21,Calaveras,009,45235,8825,8794,623,9417,135
2022-12-21,Colusa,011,21464,3895,3891,1319,5210,22
2022-12-21,Contra Costa,013,1133247,264278,262951,21821,284772,1492
2022-12-21,Del Norte,015,27424,7633,7612,423,8035,56
2022-12-21,El Dorado,017,186661,33870,33729,4456,38185,236
2022-12-21,Fresno,019,978130,286849,284361,33473,317834,2907
2022-12-21,Glenn,021,27897,5721,5702,1963,7665,58
2022-12-21,Humboldt,023,135768,22866,22760,5602,28362,161
2022-12-21,Imperial,025,180216,68596,68403,18225,86628,963
2022-12-21,Inyo,027,18085,4678,4655,1199,5854,60
2022-12-21,Kern,029,883053,225419,224945,68762,293707,2446
2022-12-21,Kings,031,150075,61607,61461,4356,65817,467
2022-12-21,Lake,033,64148,13349,13254,1265,14519,149
2022-12-21,Lassen,035,31185,10167,10151,1033,11184,66
2022-12-21,Los Angeles,037,10098052,3416711,3399852,204323,3604175,34170
2022-12-21,Madera,039,155013,45455,45290,8692,53982,377
2022-12-21,Marin,041,260295,47654,47457,5545,53002,315
2022-12-21,Mariposa,043,17540,3275,3201,376,3577,32
2022-12-21,Mendocino,045,87422,16555,16435,4709,21144,137
2022-12-21,Merced,047,269075,74941,74498,12454,86952,880
2022-12-21,Modoc,049,8938,928,927,363,1290,11
2022-12-21,Mono,051,14174,3271,3264,291,3555,8
2022-12-21,Monterey,053,433212,96452,96192,22301,118493,776
2022-12-21,Napa,055,140530,33493,33370,1493,34863,163
2022-12-21,Nevada,057,99092,19818,19696,2201,21897,132
2022-12-21,Orange,059,3164182,692994,690845,71920,762765,7628
2022-12-21,Placer,061,380077,79097,78813,10014,88827,669
2022-12-21,Plumas,063,18699,3782,3778,455,4233,13
2022-12-21,Riverside,065,2383286,719808,717576,39401,756977,6738
2022-12-21,Sacramento,067,1510023,362185,361095,36295,397390,3407
2022-12-21,San Benito,069,59416,17231,17109,1073,18182,108
2022-12-21,San Bernardino,071,2135413,695962,693567,33580,727147,8136
2022-12-21,San Diego,073,3302833,960523,957866,77554,1035420,5626
2022-12-21,San Francisco,075,870044,189688,188947,12928,201875,1095
2022-12-21,San Joaquin,077,732212,205388,204712,16276,220988,2353
2022-12-21,San Luis Obispo,079,281455,65062,64748,7724,72472,536
2022-12-21,San Mateo,081,765935,177616,176920,11055,187975,748
2022-12-21,Santa Barbara,083,443738,109522,109074,7349,116423,744
2022-12-21,Santa Clara,085,1922200,460316,459089,20895,479984,2579
2022-12-21,Santa Cruz,087,273765,66740,66560,3695,70255,277
2022-12-21,Shasta,089,179085,36037,35856,8132,43988,601
2022-12-21,Sierra,091,2930,310,308,61,369,5
2022-12-21,Siskiyou,093,43540,5348,5334,3410,8744,95
2022-12-21,Solano,095,438530,110361,109900,8289,118189,474
2022-12-21,Sonoma,097,501317,111008,110643,5606,116249,536
2022-12-21,Stanislaus,099,539301,142349,141956,22407,164363,1795
2022-12-21,Sutter,101,95872,25171,25088,2517,27605,235
2022-12-21,Tehama,103,63373,14242,14127,3339,17466,218
2022-12-21,Trinity,105,12862,1448,1438,483,1921,23
2022-12-21,Tulare,107,460477,125439,124848,38708,163556,1546
2022-12-21,Tuolumne,109,53932,16380,16261,984,17245,209
2022-12-21,Ventura,111,848112,216353,215497,17253,232750,1604
2022-12-21,Yolo,113,214977,49105,48842,4680,53522,422
2022-12-21,Yuba,115,75493,19612,19553,1806,21359,132
2022-12-20,Alameda,001,1643700,366963,366018,21628,387646,2088
2022-12-20,Alpine,003,1148,139,138,2,140,0
2022-12-20,Amador,005,37829,10304,10269,958,11227,96
2022-12-20,Butte,007,227075,41001,40923,9810,50733,473
2022-12-20,Calaveras,009,45235,8817,8794,623,9417,135
2022-12-20,Colusa,011,21464,3894,3891,1318,5209,22
2022-12-20,Contra Costa,013,1133247,264056,262951,21802,284753,1492
2022-12-20,Del Norte,015,27424,7631,7612,421,8033,56
2022-12-20,El Dorado,017,186661,33847,33729,4451,38180,236
2022-12-20,Fresno,019,978130,286640,284361,33438,317799,2907
2022-12-20,Glenn,021,27897,5719,5702,1961,7663,58
2022-12-20,Humboldt,023,135768,22851,22760,5584,28344,161
2022-12-20,Imperial,025,180216,68568,68403,18198,86601,963
2022-12-20,Inyo,027,18085,4674,4655,1198,5853,60
2022-12-20,Kern,029,883053,225281,224945,68674,293619,2446
2022-12-20,Kings,031,150075,61561,61461,4353,65814,467
2022-12-20,Lake,033,64148,13336,13254,1251,14505,149
2022-12-20,Lassen,035,31185,10161,10151,1032,11183,66
2022-12-20,Los Angeles,037,10098052,3414358,3399852,203836,3603688,34170
2022-12-20,Madera,039,155013,45424,45290,8682,53972,377
2022-12-20,Marin,041,260295,47617,47457,5541,52998,315
2022-12-20,Mariposa,043,17540,3273,3201,375,3576,32
2022-12-20,Mendocino,045,87422,16542,16435,4702,21137,137
2022-12-20,Merced,047,269075,74904,74498,12441,86939,880
2022-12-20,Modoc,049,8938,927,927,363,1290,11
2022-12-20,Mono,051,14174,3269,3264,286,3550,8
2022-12-20,Monterey,053,433212,96427,96192,22290,118482,776
2022-12-20,Napa,055,140530,33468,33370,1492,34862,163
2022-12-20,Nevada,057,99092,19803,19696,2187,21883,132
2022-12-20,Orange,059,3164182,692419,690845,71725,762570,7628
2022-12-20,Placer,061,380077,79043,78813,10005,88818,669
2022-12-20,Plumas,063,18699,3781,3778,454,4232,13
2022-12-20,Riverside,065,2383286,719314,717576,39311,756887,6738
2022-12-20,Sacramento,067,1510023,361940,361095,36264,397359,3407
2022-12-20,San Benito,069,59416,17208,17109,1069,18178,108
2022-12-20,San Bernardino,071,2135413,695459,693567,33528,727095,8136
2022-12-20,San Diego,073,3302833,959759,957866,77405,1035271,5626
2022-12-20,San Francisco,075,870044,189475,188947,12919,201866,1095
2022-12-20,San Joaquin,077,732212,205249,204712,16257,220969,2353
2022-12-20,San Luis Obispo,079,281455,65027,64748,7708,72456,536
2022-12-20,San Mateo,081,765935,177486,176920,11037,187957,748
2022-12-20,Santa Barbara,083,443738,109430,109074,7335,116409,744
2022-12-20,Santa Clara,085,1922200,459918,459089,20854,479943,2579
2022-12-20,Santa Cruz,087,273765,66719,66560,3690,70250,277
2022-12-20,Shasta,089,179085,36019,35856,8129,43985,601
2022-12-20,Sierra,091,2930,310,308,61,369,5
2022-12-20,Siskiyou,093,43540,5344,5334,3408,8742,95
2022-12-20,Solano,095,438530,110244,109900,8283,118183,474
2022-12-20,Sonoma,097,501317,110928,110643,5590,116233,536
2022-12-20,Stanislaus,099,539301,142279,141956,22394,164350,1795
2022-12-20,Sutter,101,95872,25146,25088,2516,27604,235
2022-12-20,Tehama,103,63373,14234,14127,3334,17461,218
2022-12-20,Trinity,105,12862,1448,1438,479,1917,23
2022-12-20,Tulare,107,460477,125373,124848,38676,163524,1546
2022-12-20,Tuolumne,109,53932,16367,16261,978,17239,209
2022-12-20,Ventura,111,848112,216205,215497,17194,232691,1604
2022-12-20,Yolo,113,214977,49080,48842,4670,53512,422
2022-12-20,Yuba,115,75493,19594,19553,1805,21358,132
2022-12-19,Alameda,001,1643700,366627,363758,21575,385333,2082
2022-12-19,Alpine,003,1148,139,139,2,141,0
2022-12-19,Amador,005,37829,10289,10236,958,11194,96
2022-12-19,Butte,007,227075,40981,40800,9795,50595,471
2022-12-19,Calaveras,009,45235,8815,8758,622,9380,135
2022-12-19,Colusa,011,21464,3892,3882,1318,5200,22
2022-12-19,Contra Costa,013,1133247,263796,261280,21780,283060,1491
2022-12-19,Del Norte,015,27424,7627,7586,420,8006,56
2022-12-19,El Dorado,017,186661,33819,33598,4445,38043,235
2022-12-19,Fresno,019,978130,286467,283068,33400,316468,2905
2022-12-19,Glenn,021,27897,5715,5690,1960,7650,58
2022-12-19,Humboldt,023,135768,22840,22679,5575,28254,161
2022-12-19,Imperial,025,180216,68515,68094,18168,86262,963
2022-12-19,Inyo,027,18085,4672,4649,1195,5844,60
2022-12-19,Kern,029,883053,225166,223971,68587,292558,2444
2022-12-19,Kings,031,150075,61528,61254,4351,65605,466
2022-12-19,Lake,033,64148,13326,13201,1248,14449,149
2022-12-19,Lassen,035,31185,10155,10142,1032,11174,66
2022-12-19,Los Angeles,037,10098052,3411777,3390335,203309,3593644,34114
2022-12-19,Madera,039,155013,45390,45131,8666,53797,377
2022-12-19,Marin,041,260295,47586,47184,5538,52722,315
2022-12-19,Mariposa,043,17540,3270,3202,370,3572,32
2022-12-19,Mendocino,045,87422,16526,16396,4700,21096,136
2022-12-19,Merced,047,269075,74877,74307,12436,86743,880
2022-12-19,Modoc,049,8938,927,918,362,1280,11
2022-12-19,Mono,051,14174,3268,3251,283,3534,8
2022-12-19,Monterey,053,433212,96407,95970,22259,118229,776
2022-12-19,Napa,055,140530,33440,33212,1487,34699,162
2022-12-19,Nevada,057,99092,19796,19663,2180,21843,132
2022-12-19,Orange,059,3164182,691803,687587,71527,759114,7596
2022-12-19,Placer,061,380077,78995,78475,10003,88478,666
2022-12-19,Plumas,063,18699,3779,3769,453,4222,13
2022-12-19,Riverside,065,2383286,718801,714426,39219,753645,6694
2022-12-19,Sacramento,067,1510023,361655,359420,36215,395635,3395
2022-12-19,San Benito,069,59416,17188,17018,1063,18081,108
2022-12-19,San Bernardino,071,2135413,694914,690423,33455,723878,8136
2022-12-19,San Diego,073,3302833,958830,953029,77267,1030296,5608
2022-12-19,San Francisco,075,870044,189293,187665,12908,200573,1087
2022-12-19,San Joaquin,077,732212,205118,203845,16237,220082,2353
2022-12-19,San Luis Obispo,079,281455,64994,64540,7690,72230,533
2022-12-19,San Mateo,081,765935,177311,175963,11026,186989,748
2022-12-19,Santa Barbara,083,443738,109337,108635,7323,115958,743
2022-12-19,Santa Clara,085,1922200,459500,456121,20815,476936,2566
2022-12-19,Santa Cruz,087,273765,66690,66157,3687,69844,275
2022-12-19,Shasta,089,179085,36003,35797,8117,43914,599
2022-12-19,Sierra,091,2930,310,309,61,370,5
2022-12-19,Siskiyou,093,43540,5343,5325,3408,8733,94
2022-12-19,Solano,095,438530,110103,109297,8279,117576,472
2022-12-19,Sonoma,097,501317,110841,110159,5579,115738,533
2022-12-19,Stanislaus,099,539301,142197,141472,22378,163850,1796
2022-12-19,Sutter,101,95872,25120,25020,2514,27534,235
2022-12-19,Tehama,103,63373,14222,14104,3331,17435,218
2022-12-19,Trinity,105,12862,1447,1434,477,1911,23
2022-12-19,Tulare,107,460477,125290,124442,38636,163078,1546
2022-12-19,Tuolumne,109,53932,16360,16161,976,17137,209
2022-12-19,Ventura,111,848112,216034,214659,17150,231809,1597
2022-12-19,Yolo,113,214977,49050,48765,4665,53430,416
2022-12-19,Yuba,115,75493,19582,19482,1802,21284,132
2022-12-18,Alameda,001,1643700,366227,363758,21521,385279,2082
2022-12-18,Alpine,003,1148,139,139,2,141,0
2022-12-18,Amador,005,37829,10282,10236,958,11194,96
2022-12-18,Butte,007,227075,40964,40800,9775,50575,471
2022-12-18,Calaveras,009,45235,8810,8758,617,9375,135
2022-12-18,Colusa,011,21464,3891,3882,1318,5200,22
2022-12-18,Contra Costa,013,1133247,263481,261280,21755,283035,1491
2022-12-18,Del Norte,015,27424,7619,7586,419,8005,56
2022-12-18,El Dorado,017,186661,33793,33598,4439,38037,235
2022-12-18,Fresno,019,978130,286261,283068,33359,316427,2905
2022-12-18,Glenn,021,27897,5713,5690,1958,7648,58
2022-12-18,Humboldt,023,135768,22830,22679,5549,28228,161
2022-12-18,Imperial,025,180216,68464,68094,18124,86218,963
2022-12-18,Inyo,027,18085,4669,4649,1193,5842,60
2022-12-18,Kern,029,883053,225014,223971,68499,292470,2444
2022-12-18,Kings,031,150075,61479,61254,4348,65602,466
2022-12-18,Lake,033,64148,13310,13201,1248,14449,149
2022-12-18,Lassen,035,31185,10153,10142,1032,11174,66
2022-12-18,Los Angeles,037,10098052,3409009,3390335,202804,3593139,34114
2022-12-18,Madera,039,155013,45361,45131,8647,53778,377
2022-12-18,Marin,041,260295,47540,47184,5525,52709,315
2022-12-18,Mariposa,043,17540,3269,3202,369,3571,32
2022-12-18,Mendocino,045,87422,16513,16396,4689,21085,136
2022-12-18,Merced,047,269075,74840,74307,12417,86724,880
2022-12-18,Modoc,049,8938,927,918,360,1278,11
2022-12-18,Mono,051,14174,3263,3251,283,3534,8
2022-12-18,Monterey,053,433212,96362,95970,22240,118210,776
2022-12-18,Napa,055,140530,33388,33212,1484,34696,162
2022-12-18,Nevada,057,99092,19781,19663,2172,21835,132
2022-12-18,Orange,059,3164182,691210,687587,71334,758921,7596
2022-12-18,Placer,061,380077,78929,78475,9992,88467,666
2022-12-18,Plumas,063,18699,3777,3769,453,4222,13
2022-12-18,Riverside,065,2383286,718234,714426,39088,753514,6694
2022-12-18,Sacramento,067,1510023,361337,359420,36151,395571,3395
2022-12-18,San Benito,069,59416,17174,17018,1063,18081,108
2022-12-18,San Bernardino,071,2135413,694331,690423,33374,723797,8136
2022-12-18,San Diego,073,3302833,957967,953029,77140,1030169,5608
2022-12-18,San Francisco,075,870044,189035,187665,12892,200557,1087
2022-12-18,San Joaquin,077,732212,204956,203845,16219,220064,2353
2022-12-18,San Luis Obispo,079,281455,64951,64540,7656,72196,533
2022-12-18,San Mateo,081,765935,177135,175963,11002,186965,748
2022-12-18,Santa Barbara,083,443738,109241,108635,7309,115944,743
2022-12-18,Santa Clara,085,1922200,458981,456121,20775,476896,2566
2022-12-18,Santa Cruz,087,273765,66655,66157,3686,69843,275
2022-12-18,Shasta,089,179085,35992,35797,8108,43905,599
2022-12-18,Sierra,091,2930,310,309,61,370,5
2022-12-18,Siskiyou,093,43540,5338,5325,3405,8730,94
2022-12-18,Solano,095,438530,109964,109297,8271,117568,472
2022-12-18,Sonoma,097,501317,110763,110159,5571,115730,533
2022-12-18,Stanislaus,099,539301,142107,141472,22360,163832,1796
2022-12-18,Sutter,101,95872,25109,25020,2512,27532,235
2022-12-18,Tehama,103,63373,14211,14104,3328,17432,218
2022-12-18,Trinity,105,12862,1447,1434,476,1910,23
2022-12-18,Tulare,107,460477,125178,124442,38576,163018,1546
2022-12-18,Tuolumne,109,53932,16348,16161,975,17136,209
2022-12-18,Ventura,111,848112,215859,214659,17102,231761,1597
2022-12-18,Yolo,113,214977,49023,48765,4659,53424,416
2022-12-18,Yuba,115,75493,19559,19482,1797,21279,132
2022-12-17,Alameda,001,1643700,366016,363758,21500,385258,2082
2022-12-17,Alpine,003,1148,139,139,2,141,0
2022-12-17,Amador,005,37829,10277,10236,956,11192,96
2022-12-17,Butte,007,227075,40948,40800,9765,50565,471
2022-12-17,Calaveras,009,45235,8806,8758,613,9371,135
2022-12-17,Colusa,011,21464,3891,3882,1318,5200,22
2022-12-17,Contra Costa,013,1133247,263312,261280,21740,283020,1491
2022-12-17,Del Norte,015,27424,7616,7586,419,8005,56
2022-12-17,El Dorado,017,186661,33778,33598,4439,38037,235
2022-12-17,Fresno,019,978130,286161,283068,33339,316407,2905
2022-12-17,Glenn,021,27897,5711,5690,1958,7648,58
2022-12-17,Humboldt,023,135768,22812,22679,5540,28219,161
2022-12-17,Imperial,025,180216,68449,68094,18121,86215,963
2022-12-17,Inyo,027,18085,4669,4649,1192,5841,60
2022-12-17,Kern,029,883053,224961,223971,68441,292412,2444
2022-12-17,Kings,031,150075,61466,61254,4347,65601,466
2022-12-17,Lake,033,64148,13306,13201,1246,14447,149
2022-12-17,Lassen,035,31185,10153,10142,1032,11174,66
2022-12-17,Los Angeles,037,10098052,3407732,3390335,202553,3592888,34114
2022-12-17,Madera,039,155013,45341,45131,8642,53773,377
2022-12-17,Marin,041,260295,47522,47184,5520,52704,315
2022-12-17,Mariposa,043,17540,3269,3202,369,3571,32
2022-12-17,Mendocino,045,87422,16510,16396,4685,21081,136
2022-12-17,Merced,047,269075,74824,74307,12409,86716,880
2022-12-17,Modoc,049,8938,927,918,360,1278,11
2022-12-17,Mono,051,14174,3262,3251,283,3534,8
2022-12-17,Monterey,053,433212,96337,95970,22228,118198,776
2022-12-17,Napa,055,140530,33378,33212,1483,34695,162
2022-12-17,Nevada,057,99092,19770,19663,2172,21835,132
2022-12-17,Orange,059,3164182,690923,687587,71201,758788,7596
2022-12-17,Placer,061,380077,78886,78475,9991,88466,666
2022-12-17,Plumas,063,18699,3777,3769,453,4222,13
2022-12-17,Riverside,065,2383286,717885,714426,39014,753440,6694
2022-12-17,Sacramento,067,1510023,361215,359420,36137,395557,3395
2022-12-17,San Benito,069,59416,17166,17018,1060,18078,108
2022-12-17,San Bernardino,071,2135413,694038,690423,33341,723764,8136
2022-12-17,San Diego,073,3302833,957575,953029,77081,1030110,5608
2022-12-17,San Francisco,075,870044,188929,187665,12884,200549,1087
2022-12-17,San Joaquin,077,732212,204890,203845,16206,220051,2353
2022-12-17,San Luis Obispo,079,281455,64934,64540,7647,72187,533
2022-12-17,San Mateo,081,765935,177050,175963,10985,186948,748
2022-12-17,Santa Barbara,083,443738,109199,108635,7293,115928,743
2022-12-17,Santa Clara,085,1922200,458747,456121,20746,476867,2566
2022-12-17,Santa Cruz,087,273765,66639,66157,3684,69841,275
2022-12-17,Shasta,089,179085,35982,35797,8108,43905,599
2022-12-17,Sierra,091,2930,310,309,61,370,5
2022-12-17,Siskiyou,093,43540,5338,5325,3405,8730,94
2022-12-17,Solano,095,438530,109927,109297,8270,117567,472
2022-12-17,Sonoma,097,501317,110714,110159,5558,115717,533
2022-12-17,Stanislaus,099,539301,142058,141472,22351,163823,1796
2022-12-17,Sutter,101,95872,25103,25020,2509,27529,235
2022-12-17,Tehama,103,63373,14207,14104,3325,17429,218
2022-12-17,Trinity,105,12862,1447,1434,475,1909,23
2022-12-17,Tulare,107,460477,125125,124442,38549,162991,1546
2022-12-17,Tuolumne,109,53932,16342,16161,973,17134,209
2022-12-17,Ventura,111,848112,215764,214659,17071,231730,1597
2022-12-17,Yolo,113,214977,49002,48765,4652,53417,416
2022-12-17,Yuba,115,75493,19552,19482,1797,21279,132
2022-12-16,Alameda,001,1643700,365788,363758,21473,385231,2082
2022-12-16,Alpine,003,1148,139,139,2,141,0
2022-12-16,Amador,005,37829,10272,10236,955,11191,96
2022-12-16,Butte,007,227075,40941,40800,9757,50557,471
2022-12-16,Calaveras,009,45235,8802,8758,612,9370,135
2022-12-16,Colusa,011,21464,3890,3882,1318,5200,22
2022-12-16,Contra Costa,013,1133247,263130,261280,21725,283005,1491
2022-12-16,Del Norte,015,27424,7613,7586,419,8005,56
2022-12-16,El Dorado,017,186661,33756,33598,4439,38037,235
2022-12-16,Fresno,019,978130,286030,283068,33317,316385,2905
2022-12-16,Glenn,021,27897,5710,5690,1956,7646,58
2022-12-16,Humboldt,023,135768,22802,22679,5534,28213,161
2022-12-16,Imperial,025,180216,68441,68094,18109,86203,963
2022-12-16,Inyo,027,18085,4667,4649,1188,5837,60
2022-12-16,Kern,029,883053,224869,223971,68380,292351,2444
2022-12-16,Kings,031,150075,61443,61254,4346,65600,466
2022-12-16,Lake,033,64148,13298,13201,1244,14445,149
2022-12-16,Lassen,035,31185,10150,10142,1032,11174,66
2022-12-16,Los Angeles,037,10098052,3406274,3390335,202247,3592582,34114
2022-12-16,Madera,039,155013,45321,45131,8637,53768,377
2022-12-16,Marin,041,260295,47482,47184,5519,52703,315
2022-12-16,Mariposa,043,17540,3268,3202,366,3568,32
2022-12-16,Mendocino,045,87422,16495,16396,4685,21081,136
2022-12-16,Merced,047,269075,74804,74307,12402,86709,880
2022-12-16,Modoc,049,8938,927,918,360,1278,11
2022-12-16,Mono,051,14174,3259,3251,283,3534,8
2022-12-16,Monterey,053,433212,96317,95970,22215,118185,776
2022-12-16,Napa,055,140530,33355,33212,1482,34694,162
2022-12-16,Nevada,057,99092,19767,19663,2169,21832,132
2022-12-16,Orange,059,3164182,690613,687587,71065,758652,7596
2022-12-16,Placer,061,380077,78852,78475,9986,88461,666
2022-12-16,Plumas,063,18699,3776,3769,453,4222,13
2022-12-16,Riverside,065,2383286,717562,714426,38955,753381,6694
2022-12-16,Sacramento,067,1510023,361054,359420,36121,395541,3395
2022-12-16,San Benito,069,59416,17155,17018,1058,18076,108
2022-12-16,San Bernardino,071,2135413,693736,690423,33299,723722,8136
2022-12-16,San Diego,073,3302833,957133,953029,77017,1030046,5608
2022-12-16,San Francisco,075,870044,188813,187665,12864,200529,1087
2022-12-16,San Joaquin,077,732212,204809,203845,16194,220039,2353
2022-12-16,San Luis Obispo,079,281455,64922,64540,7643,72183,533
2022-12-16,San Mateo,081,765935,176967,175963,10974,186937,748
2022-12-16,Santa Barbara,083,443738,109154,108635,7290,115925,743
2022-12-16,Santa Clara,085,1922200,458478,456121,20717,476838,2566
2022-12-16,Santa Cruz,087,273765,66617,66157,3677,69834,275
2022-12-16,Shasta,089,179085,35976,35797,8104,43901,599
2022-12-16,Sierra,091,2930,310,309,61,370,5
2022-12-16,Siskiyou,093,43540,5336,5325,3405,8730,94
2022-12-16,Solano,095,438530,109861,109297,8265,117562,472
2022-12-16,Sonoma,097,501317,110657,110159,5551,115710,533
2022-12-16,Stanislaus,099,539301,142017,141472,22350,163822,1796
2022-12-16,Sutter,101,95872,25090,25020,2508,27528,235
2022-12-16,Tehama,103,63373,14198,14104,3324,17428,218
2022-12-16,Trinity,105,12862,1447,1434,475,1909,23
2022-12-16,Tulare,107,460477,125075,124442,38518,162960,1546
2022-12-16,Tuolumne,109,53932,16330,16161,972,17133,209
2022-12-16,Ventura,111,848112,215683,214659,17048,231707,1597
2022-12-16,Yolo,113,214977,48983,48765,4649,53414,416
2022-12-16,Yuba,115,75493,19545,19482,1797,21279,132
2022-12-15,Alameda,001,1643700,365466,363758,21419,385177,2082
2022-12-15,Alpine,003,1148,139,139,2,141,0
2022-12-15,Amador,005,37829,10263,10236,955,11191,96
2022-12-15,Butte,007,227075,40921,40800,9739,50539,471
2022-12-15,Calaveras,009,45235,8799,8758,610,9368,135
2022-12-15,Colusa,011,21464,3888,3882,1318,5200,22
2022-12-15,Contra Costa,013,1133247,262888,261280,21708,282988,1491
2022-12-15,Del Norte,015,27424,7607,7586,419,8005,56
2022-12-15,El Dorado,017,186661,33734,33598,4434,38032,235
2022-12-15,Fresno,019,978130,285877,283068,33268,316336,2905
2022-12-15,Glenn,021,27897,5707,5690,1954,7644,58
2022-12-15,Humboldt,023,135768,22793,22679,5525,28204,161
2022-12-15,Imperial,025,180216,68408,68094,18080,86174,963
2022-12-15,Inyo,027,18085,4666,4649,1186,5835,60
2022-12-15,Kern,029,883053,224729,223971,68275,292246,2444
2022-12-15,Kings,031,150075,61423,61254,4341,65595,466
2022-12-15,Lake,033,64148,13290,13201,1243,14444,149
2022-12-15,Lassen,035,31185,10148,10142,1030,11172,66
2022-12-15,Los Angeles,037,10098052,3404282,3390335,201869,3592204,34114
2022-12-15,Madera,039,155013,45300,45131,8620,53751,377
2022-12-15,Marin,041,260295,47437,47184,5519,52703,315
2022-12-15,Mariposa,043,17540,3265,3202,363,3565,32
2022-12-15,Mendocino,045,87422,16486,16396,4683,21079,136
2022-12-15,Merced,047,269075,74771,74307,12398,86705,880
2022-12-15,Modoc,049,8938,927,918,360,1278,11
2022-12-15,Mono,051,14174,3258,3251,281,3532,8
2022-12-15,Monterey,053,433212,96286,95970,22193,118163,776
2022-12-15,Napa,055,140530,33327,33212,1480,34692,162
2022-12-15,Nevada,057,99092,19761,19663,2157,21820,132
2022-12-15,Orange,059,3164182,690179,687587,70916,758503,7596
2022-12-15,Placer,061,380077,78801,78475,9973,88448,666
2022-12-15,Plumas,063,18699,3775,3769,453,4222,13
2022-12-15,Riverside,065,2383286,717141,714426,38873,753299,6694
2022-12-15,Sacramento,067,1510023,360781,359420,36087,395507,3395
2022-12-15,San Benito,069,59416,17145,17018,1057,18075,108
2022-12-15,San Bernardino,071,2135413,693329,690423,33243,723666,8136
2022-12-15,San Diego,073,3302833,956477,953029,76884,1029913,5608
2022-12-15,San Francisco,075,870044,188627,187665,12849,200514,1087
2022-12-15,San Joaquin,077,732212,204684,203845,16170,220015,2353
2022-12-15,San Luis Obispo,079,281455,64877,64540,7622,72162,533
2022-12-15,San Mateo,081,765935,176841,175963,10954,186917,748
2022-12-15,Santa Barbara,083,443738,109095,108635,7282,115917,743
2022-12-15,Santa Clara,085,1922200,458074,456121,20694,476815,2566
2022-12-15,Santa Cruz,087,273765,66590,66157,3671,69828,275
2022-12-15,Shasta,089,179085,35958,35797,8094,43891,599
2022-12-15,Sierra,091,2930,310,309,61,370,5
2022-12-15,Siskiyou,093,43540,5334,5325,3403,8728,94
2022-12-15,Solano,095,438530,109776,109297,8261,117558,472
2022-12-15,Sonoma,097,501317,110607,110159,5540,115699,533
2022-12-15,Stanislaus,099,539301,141951,141472,22342,163814,1796
2022-12-15,Sutter,101,95872,25081,25020,2507,27527,235
2022-12-15,Tehama,103,63373,14189,14104,3321,17425,218
2022-12-15,Trinity,105,12862,1447,1434,474,1908,23
2022-12-15,Tulare,107,460477,125026,124442,38471,162913,1546
2022-12-15,Tuolumne,109,53932,16320,16161,969,17130,209
2022-12-15,Ventura,111,848112,215541,214659,17022,231681,1597
2022-12-15,Yolo,113,214977,48957,48765,4644,53409,416
2022-12-15,Yuba,115,75493,19534,19482,1796,21278,132
2022-12-14,Alameda,001,1643700,365144,363758,21373,385131,2082
2022-12-14,Alpine,003,1148,139,139,2,141,0
2022-12-14,Amador,005,37829,10261,10236,954,11190,96
2022-12-14,Butte,007,227075,40907,40800,9719,50519,471
2022-12-14,Calaveras,009,45235,8793,8758,608,9366,135
2022-12-14,Colusa,011,21464,3884,3882,1318,5200,22
2022-12-14,Contra Costa,013,1133247,262684,261280,21681,282961,1491
2022-12-14,Del Norte,015,27424,7604,7586,416,8002,56
2022-12-14,El Dorado,017,186661,33715,33598,4431,38029,235
2022-12-14,Fresno,019,978130,285692,283068,33231,316299,2905
2022-12-14,Glenn,021,27897,5704,5690,1954,7644,58
2022-12-14,Humboldt,023,135768,22778,22679,5517,28196,161
2022-12-14,Imperial,025,180216,68358,68094,18039,86133,963
2022-12-14,Inyo,027,18085,4664,4649,1181,5830,60
2022-12-14,Kern,029,883053,224574,223971,68187,292158,2444
2022-12-14,Kings,031,150075,61387,61254,4338,65592,466
2022-12-14,Lake,033,64148,13280,13201,1240,14441,149
2022-12-14,Lassen,035,31185,10147,10142,1030,11172,66
2022-12-14,Los Angeles,037,10098052,3401944,3390335,201406,3591741,34114
2022-12-14,Madera,039,155013,45272,45131,8614,53745,377
2022-12-14,Marin,041,260295,47399,47184,5515,52699,315
2022-12-14,Mariposa,043,17540,3261,3202,360,3562,32
2022-12-14,Mendocino,045,87422,16480,16396,4680,21076,136
2022-12-14,Merced,047,269075,74735,74307,12379,86686,880
2022-12-14,Modoc,049,8938,927,918,360,1278,11
2022-12-14,Mono,051,14174,3258,3251,280,3531,8
2022-12-14,Monterey,053,433212,96260,95970,22169,118139,776
2022-12-14,Napa,055,140530,33309,33212,1479,34691,162
2022-12-14,Nevada,057,99092,19751,19663,2154,21817,132
2022-12-14,Orange,059,3164182,689699,687587,70765,758352,7596
2022-12-14,Placer,061,380077,78739,78475,9965,88440,666
2022-12-14,Plumas,063,18699,3775,3769,452,4221,13
2022-12-14,Riverside,065,2383286,716728,714426,38789,753215,6694
2022-12-14,Sacramento,067,1510023,360531,359420,36048,395468,3395
2022-12-14,San Benito,069,59416,17133,17018,1054,18072,108
2022-12-14,San Bernardino,071,2135413,692865,690423,33178,723601,8136
2022-12-14,San Diego,073,3302833,955744,953029,76738,1029767,5608
2022-12-14,San Francisco,075,870044,188474,187665,12845,200510,1087
2022-12-14,San Joaquin,077,732212,204537,203845,16157,220002,2353
2022-12-14,San Luis Obispo,079,281455,64842,64540,7596,72136,533
2022-12-14,San Mateo,081,765935,176694,175963,10938,186901,748
2022-12-14,Santa Barbara,083,443738,109015,108635,7270,115905,743
2022-12-14,Santa Clara,085,1922200,457689,456121,20669,476790,2566
2022-12-14,Santa Cruz,087,273765,66558,66157,3668,69825,275
2022-12-14,Shasta,089,179085,35929,35797,8085,43882,599
2022-12-14,Sierra,091,2930,310,309,61,370,5
2022-12-14,Siskiyou,093,43540,5333,5325,3402,8727,94
2022-12-14,Solano,095,438530,109689,109297,8250,117547,472
2022-12-14,Sonoma,097,501317,110548,110159,5527,115686,533
2022-12-14,Stanislaus,099,539301,141871,141472,22320,163792,1796
2022-12-14,Sutter,101,95872,25073,25020,2507,27527,235
2022-12-14,Tehama,103,63373,14177,14104,3318,17422,218
2022-12-14,Trinity,105,12862,1447,1434,469,1903,23
2022-12-14,Tulare,107,460477,124963,124442,38422,162864,1546
2022-12-14,Tuolumne,109,53932,16303,16161,967,17128,209
2022-12-14,Ventura,111,848112,215390,214659,17001,231660,1597
2022-12-14,Yolo,113,214977,48932,48765,4633,53398,416
2022-12-14,Yuba,115,75493,19521,19482,1795,21277,132
2022-12-13,Alameda,001,1643700,364764,363758,21328,385086,2082
2022-12-13,Alpine,003,1148,139,139,2,141,0
2022-12-13,Amador,005,37829,10257,10236,954,11190,96
2022-12-13,Butte,007,227075,40877,40800,9708,50508,471
2022-12-13,Calaveras,009,45235,8790,8758,608,9366,135
2022-12-13,Colusa,011,21464,3881,3882,1318,5200,22
2022-12-13,Contra Costa,013,1133247,262426,261280,21655,282935,1491
2022-12-13,Del Norte,015,27424,7599,7586,415,8001,56
2022-12-13,El Dorado,017,186661,33684,33598,4425,38023,235
2022-12-13,Fresno,019,978130,285522,283068,33199,316267,2905
2022-12-13,Glenn,021,27897,5702,5690,1953,7643,58
2022-12-13,Humboldt,023,135768,22755,22679,5511,28190,161
2022-12-13,Imperial,025,180216,68313,68094,17991,86085,963
2022-12-13,Inyo,027,18085,4662,4649,1177,5826,60
2022-12-13,Kern,029,883053,224451,223971,68075,292046,2444
2022-12-13,Kings,031,150075,61346,61254,4331,65585,466
2022-12-13,Lake,033,64148,13268,13201,1238,14439,149
2022-12-13,Lassen,035,31185,10147,10142,1030,11172,66
2022-12-13,Los Angeles,037,10098052,3399394,3390335,200967,3591302,34114
2022-12-13,Madera,039,155013,45242,45131,8600,53731,377
2022-12-13,Marin,041,260295,47359,47184,5512,52696,315
2022-12-13,Mariposa,043,17540,3256,3202,355,3557,32
2022-12-13,Mendocino,045,87422,16475,16396,4671,21067,136
2022-12-13,Merced,047,269075,74691,74307,12369,86676,880
2022-12-13,Modoc,049,8938,925,918,358,1276,11
2022-12-13,Mono,051,14174,3257,3251,280,3531,8
2022-12-13,Monterey,053,433212,96215,95970,22149,118119,776
2022-12-13,Napa,055,140530,33291,33212,1479,34691,162
2022-12-13,Nevada,057,99092,19743,19663,2139,21802,132
2022-12-13,Orange,059,3164182,689166,687587,70642,758229,7596
2022-12-13,Placer,061,380077,78666,78475,9955,88430,666
2022-12-13,Plumas,063,18699,3772,3769,452,4221,13
2022-12-13,Riverside,065,2383286,716219,714426,38717,753143,6694
2022-12-13,Sacramento,067,1510023,360225,359420,36001,395421,3395
2022-12-13,San Benito,069,59416,17116,17018,1052,18070,108
2022-12-13,San Bernardino,071,2135413,692357,690423,33132,723555,8136
2022-12-13,San Diego,073,3302833,955002,953029,76610,1029639,5608
2022-12-13,San Francisco,075,870044,188282,187665,12837,200502,1087
2022-12-13,San Joaquin,077,732212,204386,203845,16123,219968,2353
2022-12-13,San Luis Obispo,079,281455,64792,64540,7579,72119,533
2022-12-13,San Mateo,081,765935,176564,175963,10927,186890,748
2022-12-13,Santa Barbara,083,443738,108936,108635,7260,115895,743
2022-12-13,Santa Clara,085,1922200,457252,456121,20637,476758,2566
2022-12-13,Santa Cruz,087,273765,66522,66157,3665,69822,275
2022-12-13,Shasta,089,179085,35914,35797,8073,43870,599
2022-12-13,Sierra,091,2930,310,309,61,370,5
2022-12-13,Siskiyou,093,43540,5333,5325,3399,8724,94
2022-12-13,Solano,095,438530,109589,109297,8244,117541,472
2022-12-13,Sonoma,097,501317,110485,110159,5517,115676,533
2022-12-13,Stanislaus,099,539301,141803,141472,22299,163771,1796
2022-12-13,Sutter,101,95872,25058,25020,2506,27526,235
2022-12-13,Tehama,103,63373,14164,14104,3314,17418,218
2022-12-13,Trinity,105,12862,1447,1434,466,1900,23
2022-12-13,Tulare,107,460477,124904,124442,38371,162813,1546
2022-12-13,Tuolumne,109,53932,16292,16161,965,17126,209
2022-12-13,Ventura,111,848112,215255,214659,16965,231624,1597
2022-12-13,Yolo,113,214977,48908,48765,4626,53391,416
2022-12-13,Yuba,115,75493,19512,19482,1793,21275,132
2022-12-12,Alameda,001,1643700,364369,360943,21282,382225,2081
2022-12-12,Alpine,003,1148,139,139,2,141,0
2022-12-12,Amador,005,37829,10249,10196,952,11148,96
2022-12-12,Butte,007,227075,40853,40598,9698,50296,470
2022-12-12,Calaveras,009,45235,8786,8727,606,9333,135
2022-12-12,Colusa,011,21464,3880,3869,1318,5187,22
2022-12-12,Contra Costa,013,1133247,262158,259434,21631,281065,1487
2022-12-12,Del Norte,015,27424,7596,7563,414,7977,56
2022-12-12,El Dorado,017,186661,33658,33447,4421,37868,235
2022-12-12,Fresno,019,978130,285308,281598,33148,314746,2899
2022-12-12,Glenn,021,27897,5694,5668,1953,7621,58
2022-12-12,Humboldt,023,135768,22743,22566,5504,28070,161
2022-12-12,Imperial,025,180216,68258,67632,17947,85579,962
2022-12-12,Inyo,027,18085,4660,4627,1169,5796,60
2022-12-12,Kern,029,883053,224285,222985,67974,290959,2437
2022-12-12,Kings,031,150075,61299,60965,4328,65293,464
2022-12-12,Lake,033,64148,13260,13140,1237,14377,149
2022-12-12,Lassen,035,31185,10147,10128,1029,11157,66
2022-12-12,Los Angeles,037,10098052,3396657,3370904,200552,3571456,34009
2022-12-12,Madera,039,155013,45210,44902,8589,53491,379
2022-12-12,Marin,041,260295,47318,46842,5506,52348,315
2022-12-12,Mariposa,043,17540,3250,3190,354,3544,32
2022-12-12,Mendocino,045,87422,16463,16350,4669,21019,136
2022-12-12,Merced,047,269075,74640,73999,12355,86354,877
2022-12-12,Modoc,049,8938,919,908,354,1262,11
2022-12-12,Mono,051,14174,3257,3238,280,3518,8
2022-12-12,Monterey,053,433212,96183,95709,22124,117833,776
2022-12-12,Napa,055,140530,33260,33043,1478,34521,164
2022-12-12,Nevada,057,99092,19727,19565,2134,21699,132
2022-12-12,Orange,059,3164182,688597,684112,70498,754610,7576
2022-12-12,Placer,061,380077,78635,78117,9943,88060,665
2022-12-12,Plumas,063,18699,3772,3762,452,4214,13
2022-12-12,Riverside,065,2383286,715719,710833,38626,749459,6697
2022-12-12,Sacramento,067,1510023,359936,357413,35952,393365,3382
2022-12-12,San Benito,069,59416,17086,16829,1047,17876,108
2022-12-12,San Bernardino,071,2135413,691798,686731,33073,719804,8135
2022-12-12,San Diego,073,3302833,954142,948180,76472,1024652,5584
2022-12-12,San Francisco,075,870044,188090,186203,12828,199031,1081
2022-12-12,San Joaquin,077,732212,204277,202515,16097,218612,2354
2022-12-12,San Luis Obispo,079,281455,64760,64350,7562,71912,533
2022-12-12,San Mateo,081,765935,176408,174791,10917,185708,749
2022-12-12,Santa Barbara,083,443738,108880,108151,7251,115402,739
2022-12-12,Santa Clara,085,1922200,456726,448654,20601,469255,2565
2022-12-12,Santa Cruz,087,273765,66436,65656,3663,69319,275
2022-12-12,Shasta,089,179085,35896,35666,8062,43728,598
2022-12-12,Sierra,091,2930,310,308,61,369,5
2022-12-12,Siskiyou,093,43540,5328,5442,3396,8838,95
2022-12-12,Solano,095,438530,109473,108649,8235,116884,473
2022-12-12,Sonoma,097,501317,110376,109622,5508,115130,531
2022-12-12,Stanislaus,099,539301,141726,140827,22288,163115,1785
2022-12-12,Sutter,101,95872,25042,24906,2506,27412,234
2022-12-12,Tehama,103,63373,14155,14004,3308,17312,218
2022-12-12,Trinity,105,12862,1445,1431,465,1896,23
2022-12-12,Tulare,107,460477,124830,123976,38318,162294,1546
2022-12-12,Tuolumne,109,53932,16278,16054,965,17019,208
2022-12-12,Ventura,111,848112,215121,213720,16942,230662,1598
2022-12-12,Yolo,113,214977,48887,48547,4619,53166,416
2022-12-12,Yuba,115,75493,19500,19399,1788,21187,132
2022-12-11,Alameda,001,1643700,363949,360943,21242,382185,2081
2022-12-11,Alpine,003,1148,139,139,2,141,0
2022-12-11,Amador,005,37829,10247,10196,951,11147,96
2022-12-11,Butte,007,227075,40825,40598,9693,50291,470
2022-12-11,Calaveras,009,45235,8776,8727,603,9330,135
2022-12-11,Colusa,011,21464,3879,3869,1318,5187,22
2022-12-11,Contra Costa,013,1133247,261815,259434,21597,281031,1487
2022-12-11,Del Norte,015,27424,7590,7563,413,7976,56
2022-12-11,El Dorado,017,186661,33636,33447,4418,37865,235
2022-12-11,Fresno,019,978130,285059,281598,33094,314692,2899
2022-12-11,Glenn,021,27897,5692,5668,1948,7616,58
2022-12-11,Humboldt,023,135768,22731,22566,5487,28053,161
2022-12-11,Imperial,025,180216,68187,67632,17851,85483,962
2022-12-11,Inyo,027,18085,4659,4627,1163,5790,60
2022-12-11,Kern,029,883053,224072,222985,67866,290851,2437
2022-12-11,Kings,031,150075,61267,60965,4323,65288,464
2022-12-11,Lake,033,64148,13253,13140,1237,14377,149
2022-12-11,Lassen,035,31185,10144,10128,1027,11155,66
2022-12-11,Los Angeles,037,10098052,3393471,3370904,200000,3570904,34009
2022-12-11,Madera,039,155013,45169,44902,8578,53480,379
2022-12-11,Marin,041,260295,47258,46842,5502,52344,315
2022-12-11,Mariposa,043,17540,3249,3190,353,3543,32
2022-12-11,Mendocino,045,87422,16452,16350,4660,21010,136
2022-12-11,Merced,047,269075,74581,73999,12328,86327,877
2022-12-11,Modoc,049,8938,919,908,354,1262,11
2022-12-11,Mono,051,14174,3256,3238,279,3517,8
2022-12-11,Monterey,053,433212,96123,95709,22106,117815,776
2022-12-11,Napa,055,140530,33220,33043,1472,34515,164
2022-12-11,Nevada,057,99092,19711,19565,2125,21690,132
2022-12-11,Orange,059,3164182,687954,684112,70318,754430,7576
2022-12-11,Placer,061,380077,78580,78117,9931,88048,665
2022-12-11,Plumas,063,18699,3770,3762,452,4214,13
2022-12-11,Riverside,065,2383286,715166,710833,38499,749332,6697
2022-12-11,Sacramento,067,1510023,359597,357413,35886,393299,3382
2022-12-11,San Benito,069,59416,17076,16829,1047,17876,108
2022-12-11,San Bernardino,071,2135413,691164,686731,33012,719743,8135
2022-12-11,San Diego,073,3302833,953279,948180,76284,1024464,5584
2022-12-11,San Francisco,075,870044,187816,186203,12807,199010,1081
2022-12-11,San Joaquin,077,732212,204085,202515,16064,218579,2354
2022-12-11,San Luis Obispo,079,281455,64711,64350,7541,71891,533
2022-12-11,San Mateo,081,765935,176212,174791,10903,185694,749
2022-12-11,Santa Barbara,083,443738,108772,108151,7225,115376,739
2022-12-11,Santa Clara,085,1922200,456106,448654,20550,469204,2565
2022-12-11,Santa Cruz,087,273765,66319,65656,3659,69315,275
2022-12-11,Shasta,089,179085,35879,35666,8041,43707,598
2022-12-11,Sierra,091,2930,310,308,61,369,5
2022-12-11,Siskiyou,093,43540,5324,5442,3393,8835,95
2022-12-11,Solano,095,438530,109345,108649,8229,116878,473
2022-12-11,Sonoma,097,501317,110247,109622,5499,115121,531
2022-12-11,Stanislaus,099,539301,141617,140827,22264,163091,1785
2022-12-11,Sutter,101,95872,25025,24906,2505,27411,234
2022-12-11,Tehama,103,63373,14141,14004,3300,17304,218
2022-12-11,Trinity,105,12862,1444,1431,464,1895,23
2022-12-11,Tulare,107,460477,124728,123976,38271,162247,1546
2022-12-11,Tuolumne,109,53932,16264,16054,961,17015,208
2022-12-11,Ventura,111,848112,214958,213720,16900,230620,1598
2022-12-11,Yolo,113,214977,48861,48547,4611,53158,416
2022-12-11,Yuba,115,75493,19482,19399,1784,21183,132
2022-12-10,Alameda,001,1643700,363710,360943,21213,382156,2081
2022-12-10,Alpine,003,1148,139,139,2,141,0
2022-12-10,Amador,005,37829,10243,10196,951,11147,96
2022-12-10,Butte,007,227075,40811,40598,9685,50283,470
2022-12-10,Calaveras,009,45235,8771,8727,601,9328,135
2022-12-10,Colusa,011,21464,3878,3869,1318,5187,22
2022-12-10,Contra Costa,013,1133247,261648,259434,21588,281022,1487
2022-12-10,Del Norte,015,27424,7585,7563,413,7976,56
2022-12-10,El Dorado,017,186661,33620,33447,4418,37865,235
2022-12-10,Fresno,019,978130,284948,281598,33083,314681,2899
2022-12-10,Glenn,021,27897,5691,5668,1947,7615,58
2022-12-10,Humboldt,023,135768,22715,22566,5479,28045,161
2022-12-10,Imperial,025,180216,68167,67632,17847,85479,962
2022-12-10,Inyo,027,18085,4655,4627,1159,5786,60
2022-12-10,Kern,029,883053,223981,222985,67797,290782,2437
2022-12-10,Kings,031,150075,61256,60965,4323,65288,464
2022-12-10,Lake,033,64148,13248,13140,1237,14377,149
2022-12-10,Lassen,035,31185,10143,10128,1027,11155,66
2022-12-10,Los Angeles,037,10098052,3392036,3370904,199748,3570652,34009
2022-12-10,Madera,039,155013,45156,44902,8575,53477,379
2022-12-10,Marin,041,260295,47227,46842,5498,52340,315
2022-12-10,Mariposa,043,17540,3249,3190,353,3543,32
2022-12-10,Mendocino,045,87422,16447,16350,4659,21009,136
2022-12-10,Merced,047,269075,74558,73999,12321,86320,877
2022-12-10,Modoc,049,8938,919,908,354,1262,11
2022-12-10,Mono,051,14174,3255,3238,279,3517,8
2022-12-10,Monterey,053,433212,96091,95709,22092,117801,776
2022-12-10,Napa,055,140530,33207,33043,1472,34515,164
2022-12-10,Nevada,057,99092,19705,19565,2124,21689,132
2022-12-10,Orange,059,3164182,687676,684112,70204,754316,7576
2022-12-10,Placer,061,380077,78538,78117,9925,88042,665
2022-12-10,Plumas,063,18699,3768,3762,452,4214,13
2022-12-10,Riverside,065,2383286,714849,710833,38442,749275,6697
2022-12-10,Sacramento,067,1510023,359453,357413,35874,393287,3382
2022-12-10,San Benito,069,59416,17058,16829,1045,17874,108
2022-12-10,San Bernardino,071,2135413,690861,686731,32970,719701,8135
2022-12-10,San Diego,073,3302833,952926,948180,76219,1024399,5584
2022-12-10,San Francisco,075,870044,187670,186203,12804,199007,1081
2022-12-10,San Joaquin,077,732212,204001,202515,16044,218559,2354
2022-12-10,San Luis Obispo,079,281455,64691,64350,7535,71885,533
2022-12-10,San Mateo,081,765935,176104,174791,10895,185686,749
2022-12-10,Santa Barbara,083,443738,108722,108151,7215,115366,739
2022-12-10,Santa Clara,085,1922200,455813,448654,20530,469184,2565
2022-12-10,Santa Cruz,087,273765,66285,65656,3655,69311,275
2022-12-10,Shasta,089,179085,35869,35666,8038,43704,598
2022-12-10,Sierra,091,2930,310,308,61,369,5
2022-12-10,Siskiyou,093,43540,5323,5442,3393,8835,95
2022-12-10,Solano,095,438530,109320,108649,8225,116874,473
2022-12-10,Sonoma,097,501317,110205,109622,5499,115121,531
2022-12-10,Stanislaus,099,539301,141560,140827,22250,163077,1785
2022-12-10,Sutter,101,95872,25015,24906,2504,27410,234
2022-12-10,Tehama,103,63373,14136,14004,3299,17303,218
2022-12-10,Trinity,105,12862,1443,1431,464,1895,23
2022-12-10,Tulare,107,460477,124683,123976,38247,162223,1546
2022-12-10,Tuolumne,109,53932,16225,16054,961,17015,208
2022-12-10,Ventura,111,848112,214876,213720,16880,230600,1598
2022-12-10,Yolo,113,214977,48839,48547,4605,53152,416
2022-12-10,Yuba,115,75493,19475,19399,1779,21178,132
2022-12-09,Alameda,001,1643700,363433,360943,21184,382127,2081
2022-12-09,Alpine,003,1148,139,139,2,141,0
2022-12-09,Amador,005,37829,10239,10196,950,11146,96
2022-12-09,Butte,007,227075,40796,40598,9675,50273,470
2022-12-09,Calaveras,009,45235,8766,8727,599,9326,135
2022-12-09,Colusa,011,21464,3874,3869,1318,5187,22
2022-12-09,Contra Costa,013,1133247,261496,259434,21576,281010,1487
2022-12-09,Del Norte,015,27424,7582,7563,413,7976,56
2022-12-09,El Dorado,017,186661,33606,33447,4416,37863,235
2022-12-09,Fresno,019,978130,284804,281598,33038,314636,2899
2022-12-09,Glenn,021,27897,5690,5668,1946,7614,58
2022-12-09,Humboldt,023,135768,22706,22566,5475,28041,161
2022-12-09,Imperial,025,180216,68133,67632,17842,85474,962
2022-12-09,Inyo,027,18085,4654,4627,1157,5784,60
2022-12-09,Kern,029,883053,223884,222985,67741,290726,2437
2022-12-09,Kings,031,150075,61232,60965,4323,65288,464
2022-12-09,Lake,033,64148,13243,13140,1237,14377,149
2022-12-09,Lassen,035,31185,10142,10128,1027,11155,66
2022-12-09,Los Angeles,037,10098052,3390332,3370904,199429,3570333,34009
2022-12-09,Madera,039,155013,45134,44902,8567,53469,379
2022-12-09,Marin,041,260295,47205,46842,5492,52334,315
2022-12-09,Mariposa,043,17540,3248,3190,353,3543,32
2022-12-09,Mendocino,045,87422,16440,16350,4659,21009,136
2022-12-09,Merced,047,269075,74523,73999,12316,86315,877
2022-12-09,Modoc,049,8938,919,908,354,1262,11
2022-12-09,Mono,051,14174,3254,3238,279,3517,8
2022-12-09,Monterey,053,433212,96065,95709,22086,117795,776
2022-12-09,Napa,055,140530,33194,33043,1471,34514,164
2022-12-09,Nevada,057,99092,19698,19565,2121,21686,132
2022-12-09,Orange,059,3164182,687331,684112,70086,754198,7576
2022-12-09,Placer,061,380077,78513,78117,9921,88038,665
2022-12-09,Plumas,063,18699,3767,3762,452,4214,13
2022-12-09,Riverside,065,2383286,714540,710833,38379,749212,6697
2022-12-09,Sacramento,067,1510023,359250,357413,35860,393273,3382
2022-12-09,San Benito,069,59416,17049,16829,1044,17873,108
2022-12-09,San Bernardino,071,2135413,690540,686731,32932,719663,8135
2022-12-09,San Diego,073,3302833,952506,948180,76144,1024324,5584
2022-12-09,San Francisco,075,870044,187556,186203,12790,198993,1081
2022-12-09,San Joaquin,077,732212,203913,202515,16032,218547,2354
2022-12-09,San Luis Obispo,079,281455,64676,64350,7532,71882,533
2022-12-09,San Mateo,081,765935,175990,174791,10886,185677,749
2022-12-09,Santa Barbara,083,443738,108678,108151,7213,115364,739
2022-12-09,Santa Clara,085,1922200,455490,448654,20495,469149,2565
2022-12-09,Santa Cruz,087,273765,66214,65656,3655,69311,275
2022-12-09,Shasta,089,179085,35860,35666,8032,43698,598
2022-12-09,Sierra,091,2930,310,308,61,369,5
2022-12-09,Siskiyou,093,43540,5322,5442,3392,8834,95
2022-12-09,Solano,095,438530,109257,108649,8219,116868,473
2022-12-09,Sonoma,097,501317,110151,109622,5496,115118,531
2022-12-09,Stanislaus,099,539301,141486,140827,22237,163064,1785
2022-12-09,Sutter,101,95872,25005,24906,2504,27410,234
2022-12-09,Tehama,103,63373,14129,14004,3298,17302,218
2022-12-09,Trinity,105,12862,1443,1431,464,1895,23
2022-12-09,Tulare,107,460477,124639,123976,38212,162188,1546
2022-12-09,Tuolumne,109,53932,16210,16054,960,17014,208
2022-12-09,Ventura,111,848112,214789,213720,16861,230581,1598
2022-12-09,Yolo,113,214977,48825,48547,4600,53147,416
2022-12-09,Yuba,115,75493,19468,19399,1778,21177,132
2022-12-08,Alameda,001,1643700,363028,360943,21136,382079,2081
2022-12-08,Alpine,003,1148,139,139,2,141,0
2022-12-08,Amador,005,37829,10233,10196,950,11146,96
2022-12-08,Butte,007,227075,40769,40598,9657,50255,470
2022-12-08,Calaveras,009,45235,8762,8727,598,9325,135
2022-12-08,Colusa,011,21464,3870,3869,1318,5187,22
2022-12-08,Contra Costa,013,1133247,261272,259434,21559,280993,1487
2022-12-08,Del Norte,015,27424,7581,7563,413,7976,56
2022-12-08,El Dorado,017,186661,33581,33447,4415,37862,235
2022-12-08,Fresno,019,978130,284599,281598,32994,314592,2899
2022-12-08,Glenn,021,27897,5684,5668,1943,7611,58
2022-12-08,Humboldt,023,135768,22693,22566,5467,28033,161
2022-12-08,Imperial,025,180216,68060,67632,17805,85437,962
2022-12-08,Inyo,027,18085,4648,4627,1156,5783,60
2022-12-08,Kern,029,883053,223768,222985,67669,290654,2437
2022-12-08,Kings,031,150075,61193,60965,4322,65287,464
2022-12-08,Lake,033,64148,13229,13140,1237,14377,149
2022-12-08,Lassen,035,31185,10140,10128,1027,11155,66
2022-12-08,Los Angeles,037,10098052,3387842,3370904,199009,3569913,34009
2022-12-08,Madera,039,155013,45113,44902,8563,53465,379
2022-12-08,Marin,041,260295,47152,46842,5483,52325,315
2022-12-08,Mariposa,043,17540,3241,3190,353,3543,32
2022-12-08,Mendocino,045,87422,16434,16350,4658,21008,136
2022-12-08,Merced,047,269075,74498,73999,12304,86303,877
2022-12-08,Modoc,049,8938,919,908,354,1262,11
2022-12-08,Mono,051,14174,3253,3238,279,3517,8
2022-12-08,Monterey,053,433212,96036,95709,22061,117770,776
2022-12-08,Napa,055,140530,33161,33043,1470,34513,164
2022-12-08,Nevada,057,99092,19679,19565,2119,21684,132
2022-12-08,Orange,059,3164182,686877,684112,69937,754049,7576
2022-12-08,Placer,061,380077,78461,78117,9915,88032,665
2022-12-08,Plumas,063,18699,3767,3762,452,4214,13
2022-12-08,Riverside,065,2383286,714070,710833,38300,749133,6697
2022-12-08,Sacramento,067,1510023,358947,357413,35801,393214,3382
2022-12-08,San Benito,069,59416,17040,16829,1044,17873,108
2022-12-08,San Bernardino,071,2135413,690007,686731,32880,719611,8135
2022-12-08,San Diego,073,3302833,951883,948180,76009,1024189,5584
2022-12-08,San Francisco,075,870044,187348,186203,12767,198970,1081
2022-12-08,San Joaquin,077,732212,203781,202515,16010,218525,2354
2022-12-08,San Luis Obispo,079,281455,64644,64350,7517,71867,533
2022-12-08,San Mateo,081,765935,175830,174791,10879,185670,749
2022-12-08,Santa Barbara,083,443738,108606,108151,7210,115361,739
2022-12-08,Santa Clara,085,1922200,455001,448654,20456,469110,2565
2022-12-08,Santa Cruz,087,273765,66186,65656,3652,69308,275
2022-12-08,Shasta,089,179085,35847,35666,8028,43694,598
2022-12-08,Sierra,091,2930,310,308,61,369,5
2022-12-08,Siskiyou,093,43540,5319,5442,3391,8833,95
2022-12-08,Solano,095,438530,109151,108649,8215,116864,473
2022-12-08,Sonoma,097,501317,110070,109622,5492,115114,531
2022-12-08,Stanislaus,099,539301,141404,140827,22211,163038,1785
2022-12-08,Sutter,101,95872,24982,24906,2501,27407,234
2022-12-08,Tehama,103,63373,14117,14004,3295,17299,218
2022-12-08,Trinity,105,12862,1442,1431,462,1893,23
2022-12-08,Tulare,107,460477,124597,123976,38160,162136,1546
2022-12-08,Tuolumne,109,53932,16188,16054,959,17013,208
2022-12-08,Ventura,111,848112,214667,213720,16824,230544,1598
2022-12-08,Yolo,113,214977,48785,48547,4595,53142,416
2022-12-08,Yuba,115,75493,19457,19399,1775,21174,132
2022-12-07,Alameda,001,1643700,362654,360943,21089,382032,2081
2022-12-07,Alpine,003,1148,139,139,2,141,0
2022-12-07,Amador,005,37829,10230,10196,950,11146,96
2022-12-07,Butte,007,227075,40737,40598,9642,50240,470
2022-12-07,Calaveras,009,45235,8757,8727,597,9324,135
2022-12-07,Colusa,011,21464,3870,3869,1318,5187,22
2022-12-07,Contra Costa,013,1133247,261043,259434,21529,280963,1487
2022-12-07,Del Norte,015,27424,7579,7563,413,7976,56
2022-12-07,El Dorado,017,186661,33557,33447,4411,37858,235
2022-12-07,Fresno,019,978130,284337,281598,32948,314546,2899
2022-12-07,Glenn,021,27897,5683,5668,1943,7611,58
2022-12-07,Humboldt,023,135768,22680,22566,5452,28018,161
2022-12-07,Imperial,025,180216,67990,67632,17736,85368,962
2022-12-07,Inyo,027,18085,4644,4627,1131,5758,60
2022-12-07,Kern,029,883053,223646,222985,67569,290554,2437
2022-12-07,Kings,031,150075,61150,60965,4318,65283,464
2022-12-07,Lake,033,64148,13221,13140,1237,14377,149
2022-12-07,Lassen,035,31185,10139,10128,1027,11155,66
2022-12-07,Los Angeles,037,10098052,3385192,3370904,198521,3569425,34009
2022-12-07,Madera,039,155013,45067,44902,8559,53461,379
2022-12-07,Marin,041,260295,47109,46842,5477,52319,315
2022-12-07,Mariposa,043,17540,3238,3190,353,3543,32
2022-12-07,Mendocino,045,87422,16430,16350,4653,21003,136
2022-12-07,Merced,047,269075,74455,73999,12271,86270,877
2022-12-07,Modoc,049,8938,918,908,354,1262,11
2022-12-07,Mono,051,14174,3251,3238,279,3517,8
2022-12-07,Monterey,053,433212,95997,95709,22037,117746,776
2022-12-07,Napa,055,140530,33143,33043,1466,34509,164
2022-12-07,Nevada,057,99092,19662,19565,2110,21675,132
2022-12-07,Orange,059,3164182,686363,684112,69781,753893,7576
2022-12-07,Placer,061,380077,78416,78117,9911,88028,665
2022-12-07,Plumas,063,18699,3766,3762,452,4214,13
2022-12-07,Riverside,065,2383286,713521,710833,38224,749057,6697
2022-12-07,Sacramento,067,1510023,358702,357413,35754,393167,3382
2022-12-07,San Benito,069,59416,17018,16829,1040,17869,108
2022-12-07,San Bernardino,071,2135413,689480,686731,32803,719534,8135
2022-12-07,San Diego,073,3302833,951099,948180,75869,1024049,5584
2022-12-07,San Francisco,075,870044,187146,186203,12754,198957,1081
2022-12-07,San Joaquin,077,732212,203621,202515,15980,218495,2354
2022-12-07,San Luis Obispo,079,281455,64618,64350,7497,71847,533
2022-12-07,San Mateo,081,765935,175670,174791,10869,185660,749
2022-12-07,Santa Barbara,083,443738,108524,108151,7202,115353,739
2022-12-07,Santa Clara,085,1922200,454562,448654,20418,469072,2565
2022-12-07,Santa Cruz,087,273765,66093,65656,3642,69298,275
2022-12-07,Shasta,089,179085,35827,35666,8017,43683,598
2022-12-07,Sierra,091,2930,310,308,61,369,5
2022-12-07,Siskiyou,093,43540,5317,5442,3391,8833,95
2022-12-07,Solano,095,438530,109056,108649,8209,116858,473
2022-12-07,Sonoma,097,501317,109996,109622,5489,115111,531
2022-12-07,Stanislaus,099,539301,141342,140827,22190,163017,1785
2022-12-07,Sutter,101,95872,24967,24906,2501,27407,234
2022-12-07,Tehama,103,63373,14108,14004,3292,17296,218
2022-12-07,Trinity,105,12862,1442,1431,461,1892,23
2022-12-07,Tulare,107,460477,124544,123976,38125,162101,1546
2022-12-07,Tuolumne,109,53932,16177,16054,959,17013,208
2022-12-07,Ventura,111,848112,214545,213720,16798,230518,1598
2022-12-07,Yolo,113,214977,48754,48547,4590,53137,416
2022-12-07,Yuba,115,75493,19451,19399,1773,21172,132
2022-12-06,Alameda,001,1643700,362216,360943,21057,382000,2081
2022-12-06,Alpine,003,1148,139,139,2,141,0
2022-12-06,Amador,005,37829,10222,10196,949,11145,96
2022-12-06,Butte,007,227075,40708,40598,9631,50229,470
2022-12-06,Calaveras,009,45235,8751,8727,595,9322,135
2022-12-06,Colusa,011,21464,3869,3869,1318,5187,22
2022-12-06,Contra Costa,013,1133247,260736,259434,21499,280933,1487
2022-12-06,Del Norte,015,27424,7576,7563,413,7976,56
2022-12-06,El Dorado,017,186661,33530,33447,4409,37856,235
2022-12-06,Fresno,019,978130,284114,281598,32898,314496,2899
2022-12-06,Glenn,021,27897,5680,5668,1938,7606,58
2022-12-06,Humboldt,023,135768,22660,22566,5442,28008,161
2022-12-06,Imperial,025,180216,67911,67632,17672,85304,962
2022-12-06,Inyo,027,18085,4641,4627,1127,5754,60
2022-12-06,Kern,029,883053,223542,222985,67467,290452,2437
2022-12-06,Kings,031,150075,61106,60965,4313,65278,464
2022-12-06,Lake,033,64148,13214,13140,1237,14377,149
2022-12-06,Lassen,035,31185,10137,10128,1026,11154,66
2022-12-06,Los Angeles,037,10098052,3382322,3370904,197955,3568859,34009
2022-12-06,Madera,039,155013,45043,44902,8531,53433,379
2022-12-06,Marin,041,260295,47063,46842,5471,52313,315
2022-12-06,Mariposa,043,17540,3238,3190,353,3543,32
2022-12-06,Mendocino,045,87422,16422,16350,4651,21001,136
2022-12-06,Merced,047,269075,74410,73999,12251,86250,877
2022-12-06,Modoc,049,8938,915,908,353,1261,11
2022-12-06,Mono,051,14174,3250,3238,279,3517,8
2022-12-06,Monterey,053,433212,95964,95709,22017,117726,776
2022-12-06,Napa,055,140530,33120,33043,1465,34508,164
2022-12-06,Nevada,057,99092,19647,19565,2101,21666,132
2022-12-06,Orange,059,3164182,685826,684112,69608,753720,7576
2022-12-06,Placer,061,380077,78353,78117,9900,88017,665
2022-12-06,Plumas,063,18699,3766,3762,452,4214,13
2022-12-06,Riverside,065,2383286,713020,710833,38113,748946,6697
2022-12-06,Sacramento,067,1510023,358439,357413,35721,393134,3382
2022-12-06,San Benito,069,59416,16999,16829,1036,17865,108
2022-12-06,San Bernardino,071,2135413,688910,686731,32741,719472,8135
2022-12-06,San Diego,073,3302833,950283,948180,75725,1023905,5584
2022-12-06,San Francisco,075,870044,186921,186203,12745,198948,1081
2022-12-06,San Joaquin,077,732212,203458,202515,15958,218473,2354
2022-12-06,San Luis Obispo,079,281455,64581,64350,7468,71818,533
2022-12-06,San Mateo,081,765935,175479,174791,10845,185636,749
2022-12-06,Santa Barbara,083,443738,108455,108151,7185,115336,739
2022-12-06,Santa Clara,085,1922200,454059,448654,20369,469023,2565
2022-12-06,Santa Cruz,087,273765,65986,65656,3640,69296,275
2022-12-06,Shasta,089,179085,35810,35666,8006,43672,598
2022-12-06,Sierra,091,2930,308,308,61,369,5
2022-12-06,Siskiyou,093,43540,5314,5442,3388,8830,95
2022-12-06,Solano,095,438530,108946,108649,8195,116844,473
2022-12-06,Sonoma,097,501317,109906,109622,5486,115108,531
2022-12-06,Stanislaus,099,539301,141245,140827,22161,162988,1785
2022-12-06,Sutter,101,95872,24952,24906,2498,27404,234
2022-12-06,Tehama,103,63373,14091,14004,3282,17286,218
2022-12-06,Trinity,105,12862,1442,1431,460,1891,23
2022-12-06,Tulare,107,460477,124485,123976,38073,162049,1546
2022-12-06,Tuolumne,109,53932,16168,16054,958,17012,208
2022-12-06,Ventura,111,848112,214378,213720,16765,230485,1598
2022-12-06,Yolo,113,214977,48712,48547,4586,53133,416
2022-12-06,Yuba,115,75493,19437,19399,1772,21171,132
2022-12-05,Alameda,001,1643700,361771,357689,21020,378709,2063
2022-12-05,Alpine,003,1148,139,139,2,141,0
2022-12-05,Amador,005,37829,10217,10150,949,11099,96
2022-12-05,Butte,007,227075,40670,40335,9617,49952,465
2022-12-05,Calaveras,009,45235,8745,8676,594,9270,135
2022-12-05,Colusa,011,21464,3868,3849,1318,5167,22
2022-12-05,Contra Costa,013,1133247,260469,257263,21480,278743,1485
2022-12-05,Del Norte,015,27424,7569,7519,412,7931,56
2022-12-05,El Dorado,017,186661,33512,33200,4405,37605,235
2022-12-05,Fresno,019,978130,283838,279787,32835,312622,2898
2022-12-05,Glenn,021,27897,5677,5647,1938,7585,58
2022-12-05,Humboldt,023,135768,22646,22436,5434,27870,160
2022-12-05,Imperial,025,180216,67808,67001,17604,84605,960
2022-12-05,Inyo,027,18085,4638,4590,1126,5716,60
2022-12-05,Kern,029,883053,223344,222087,67381,289468,2431
2022-12-05,Kings,031,150075,61042,60636,4305,64941,464
2022-12-05,Lake,033,64148,13204,13078,1237,14315,149
2022-12-05,Lassen,035,31185,10132,10110,1026,11136,65
2022-12-05,Los Angeles,037,10098052,3379248,3346956,197406,3544362,33937
2022-12-05,Madera,039,155013,44999,44650,8528,53178,377
2022-12-05,Marin,041,260295,47005,46509,5460,51969,314
2022-12-05,Mariposa,043,17540,3232,3175,353,3528,32
2022-12-05,Mendocino,045,87422,16410,16294,4645,20939,136
2022-12-05,Merced,047,269075,74360,73547,12230,85777,876
2022-12-05,Modoc,049,8938,914,895,353,1248,11
2022-12-05,Mono,051,14174,3248,3237,279,3516,8
2022-12-05,Monterey,053,433212,95919,95364,21999,117363,775
2022-12-05,Napa,055,140530,33097,32859,1462,34321,161
2022-12-05,Nevada,057,99092,19637,19398,2098,21496,132
2022-12-05,Orange,059,3164182,685195,679165,69411,748576,7567
2022-12-05,Placer,061,380077,78305,77618,9893,87511,665
2022-12-05,Plumas,063,18699,3765,3738,451,4189,13
2022-12-05,Riverside,065,2383286,712425,706396,38006,744402,6693
2022-12-05,Sacramento,067,1510023,358129,354844,35669,390513,3377
2022-12-05,San Benito,069,59416,16962,16555,1032,17587,108
2022-12-05,San Bernardino,071,2135413,688273,681872,32679,714551,8133
2022-12-05,San Diego,073,3302833,949425,942451,75579,1018030,5569
2022-12-05,San Francisco,075,870044,186675,184552,12729,197281,1078
2022-12-05,San Joaquin,077,732212,203284,201175,15931,217106,2347
2022-12-05,San Luis Obispo,079,281455,64538,64105,7454,71559,531
2022-12-05,San Mateo,081,765935,175262,173283,10835,184118,748
2022-12-05,Santa Barbara,083,443738,108371,107527,7170,114697,738
2022-12-05,Santa Clara,085,1922200,453508,444150,20319,464469,2560
2022-12-05,Santa Cruz,087,273765,65862,65044,3635,68679,275
2022-12-05,Shasta,089,179085,35792,35519,7996,43515,598
2022-12-05,Sierra,091,2930,308,308,61,369,5
2022-12-05,Siskiyou,093,43540,5313,5406,3386,8792,95
2022-12-05,Solano,095,438530,108845,107925,8182,116107,470
2022-12-05,Sonoma,097,501317,109812,109040,5480,114520,530
2022-12-05,Stanislaus,099,539301,141131,140127,22144,162271,1785
2022-12-05,Sutter,101,95872,24928,24800,2495,27295,234
2022-12-05,Tehama,103,63373,14075,13904,3278,17182,216
2022-12-05,Trinity,105,12862,1442,1428,459,1887,22
2022-12-05,Tulare,107,460477,124392,123368,38017,161385,1546
2022-12-05,Tuolumne,109,53932,16149,15945,956,16901,207
2022-12-05,Ventura,111,848112,214211,212363,16736,229099,1591
2022-12-05,Yolo,113,214977,48677,48329,4583,52912,409
2022-12-05,Yuba,115,75493,19425,19307,1772,21079,132
2022-12-04,Alameda,001,1643700,361225,357689,20963,378652,2063
2022-12-04,Alpine,003,1148,139,139,2,141,0
2022-12-04,Amador,005,37829,10213,10150,949,11099,96
2022-12-04,Butte,007,227075,40609,40335,9601,49936,465
2022-12-04,Calaveras,009,45235,8734,8676,592,9268,135
2022-12-04,Colusa,011,21464,3866,3849,1318,5167,22
2022-12-04,Contra Costa,013,1133247,260116,257263,21443,278706,1485
2022-12-04,Del Norte,015,27424,7565,7519,412,7931,56
2022-12-04,El Dorado,017,186661,33490,33200,4397,37597,235
2022-12-04,Fresno,019,978130,283536,279787,32768,312555,2898
2022-12-04,Glenn,021,27897,5672,5647,1935,7582,58
2022-12-04,Humboldt,023,135768,22618,22436,5424,27860,160
2022-12-04,Imperial,025,180216,67726,67001,17498,84499,960
2022-12-04,Inyo,027,18085,4636,4590,1124,5714,60
2022-12-04,Kern,029,883053,223205,222087,67259,289346,2431
2022-12-04,Kings,031,150075,60985,60636,4290,64926,464
2022-12-04,Lake,033,64148,13190,13078,1236,14314,149
2022-12-04,Lassen,035,31185,10129,10110,1024,11134,65
2022-12-04,Los Angeles,037,10098052,3375424,3346956,196745,3543701,33937
2022-12-04,Madera,039,155013,44971,44650,8518,53168,377
2022-12-04,Marin,041,260295,46937,46509,5451,51960,314
2022-12-04,Mariposa,043,17540,3229,3175,353,3528,32
2022-12-04,Mendocino,045,87422,16402,16294,4641,20935,136
2022-12-04,Merced,047,269075,74311,73547,12191,85738,876
2022-12-04,Modoc,049,8938,912,895,353,1248,11
2022-12-04,Mono,051,14174,3247,3237,279,3516,8
2022-12-04,Monterey,053,433212,95877,95364,21976,117340,775
2022-12-04,Napa,055,140530,33074,32859,1453,34312,161
2022-12-04,Nevada,057,99092,19612,19398,2086,21484,132
2022-12-04,Orange,059,3164182,684507,679165,69159,748324,7567
2022-12-04,Placer,061,380077,78232,77618,9880,87498,665
2022-12-04,Plumas,063,18699,3762,3738,449,4187,13
2022-12-04,Riverside,065,2383286,711735,706396,37880,744276,6693
2022-12-04,Sacramento,067,1510023,357776,354844,35602,390446,3377
2022-12-04,San Benito,069,59416,16946,16555,1032,17587,108
2022-12-04,San Bernardino,071,2135413,687480,681872,32606,714478,8133
2022-12-04,San Diego,073,3302833,948360,942451,75422,1017873,5569
2022-12-04,San Francisco,075,870044,186376,184552,12693,197245,1078
2022-12-04,San Joaquin,077,732212,203099,201175,15896,217071,2347
2022-12-04,San Luis Obispo,079,281455,64496,64105,7440,71545,531
2022-12-04,San Mateo,081,765935,175055,173283,10820,184103,748
2022-12-04,Santa Barbara,083,443738,108272,107527,7161,114688,738
2022-12-04,Santa Clara,085,1922200,452864,444150,20261,464411,2560
2022-12-04,Santa Cruz,087,273765,65798,65044,3625,68669,275
2022-12-04,Shasta,089,179085,35772,35519,7972,43491,598
2022-12-04,Sierra,091,2930,308,308,61,369,5
2022-12-04,Siskiyou,093,43540,5308,5406,3385,8791,95
2022-12-04,Solano,095,438530,108703,107925,8176,116101,470
2022-12-04,Sonoma,097,501317,109709,109040,5473,114513,530
2022-12-04,Stanislaus,099,539301,141010,140127,22123,162250,1785
2022-12-04,Sutter,101,95872,24908,24800,2484,27284,234
2022-12-04,Tehama,103,63373,14060,13904,3277,17181,216
2022-12-04,Trinity,105,12862,1442,1428,459,1887,22
2022-12-04,Tulare,107,460477,124283,123368,37956,161324,1546
2022-12-04,Tuolumne,109,53932,16126,15945,955,16900,207
2022-12-04,Ventura,111,848112,214041,212363,16693,229056,1591
2022-12-04,Yolo,113,214977,48632,48329,4575,52904,409
2022-12-04,Yuba,115,75493,19415,19307,1770,21077,132
2022-12-03,Alameda,001,1643700,360988,357689,20928,378617,2063
2022-12-03,Alpine,003,1148,139,139,2,141,0
2022-12-03,Amador,005,37829,10206,10150,949,11099,96
2022-12-03,Butte,007,227075,40593,40335,9592,49927,465
2022-12-03,Calaveras,009,45235,8731,8676,592,9268,135
2022-12-03,Colusa,011,21464,3865,3849,1318,5167,22
2022-12-03,Contra Costa,013,1133247,259942,257263,21426,278689,1485
2022-12-03,Del Norte,015,27424,7561,7519,411,7930,56
2022-12-03,El Dorado,017,186661,33474,33200,4395,37595,235
2022-12-03,Fresno,019,978130,283409,279787,32749,312536,2898
2022-12-03,Glenn,021,27897,5670,5647,1935,7582,58
2022-12-03,Humboldt,023,135768,22597,22436,5412,27848,160
2022-12-03,Imperial,025,180216,67689,67001,17479,84480,960
2022-12-03,Inyo,027,18085,4635,4590,1123,5713,60
2022-12-03,Kern,029,883053,223153,222087,67190,289277,2431
2022-12-03,Kings,031,150075,60965,60636,4289,64925,464
2022-12-03,Lake,033,64148,13185,13078,1235,14313,149
2022-12-03,Lassen,035,31185,10127,10110,1024,11134,65
2022-12-03,Los Angeles,037,10098052,3373542,3346956,196395,3543351,33937
2022-12-03,Madera,039,155013,44951,44650,8515,53165,377
2022-12-03,Marin,041,260295,46895,46509,5446,51955,314
2022-12-03,Mariposa,043,17540,3227,3175,353,3528,32
2022-12-03,Mendocino,045,87422,16396,16294,4640,20934,136
2022-12-03,Merced,047,269075,74272,73547,12179,85726,876
2022-12-03,Modoc,049,8938,910,895,352,1247,11
2022-12-03,Mono,051,14174,3245,3237,279,3516,8
2022-12-03,Monterey,053,433212,95856,95364,21959,117323,775
2022-12-03,Napa,055,140530,33066,32859,1453,34312,161
2022-12-03,Nevada,057,99092,19605,19398,2084,21482,132
2022-12-03,Orange,059,3164182,684165,679165,69000,748165,7567
2022-12-03,Placer,061,380077,78184,77618,9879,87497,665
2022-12-03,Plumas,063,18699,3760,3738,448,4186,13
2022-12-03,Riverside,065,2383286,711345,706396,37820,744216,6693
2022-12-03,Sacramento,067,1510023,357595,354844,35585,390429,3377
2022-12-03,San Benito,069,59416,16925,16555,1029,17584,108
2022-12-03,San Bernardino,071,2135413,687121,681872,32560,714432,8133
2022-12-03,San Diego,073,3302833,947862,942451,75360,1017811,5569
2022-12-03,San Francisco,075,870044,186236,184552,12686,197238,1078
2022-12-03,San Joaquin,077,732212,202987,201175,15874,217049,2347
2022-12-03,San Luis Obispo,079,281455,64483,64105,7435,71540,531
2022-12-03,San Mateo,081,765935,174931,173283,10811,184094,748
2022-12-03,Santa Barbara,083,443738,108232,107527,7154,114681,738
2022-12-03,Santa Clara,085,1922200,452512,444150,20224,464374,2560
2022-12-03,Santa Cruz,087,273765,65756,65044,3614,68658,275
2022-12-03,Shasta,089,179085,35762,35519,7969,43488,598
2022-12-03,Sierra,091,2930,308,308,61,369,5
2022-12-03,Siskiyou,093,43540,5307,5406,3385,8791,95
2022-12-03,Solano,095,438530,108674,107925,8169,116094,470
2022-12-03,Sonoma,097,501317,109663,109040,5471,114511,530
2022-12-03,Stanislaus,099,539301,140943,140127,22107,162234,1785
2022-12-03,Sutter,101,95872,24892,24800,2484,27284,234
2022-12-03,Tehama,103,63373,14056,13904,3274,17178,216
2022-12-03,Trinity,105,12862,1442,1428,459,1887,22
2022-12-03,Tulare,107,460477,124221,123368,37922,161290,1546
2022-12-03,Tuolumne,109,53932,16110,15945,952,16897,207
2022-12-03,Ventura,111,848112,213946,212363,16673,229036,1591
2022-12-03,Yolo,113,214977,48605,48329,4571,52900,409
2022-12-03,Yuba,115,75493,19410,19307,1769,21076,132
2022-12-02,Alameda,001,1643700,360721,357689,20903,378592,2063
2022-12-02,Alpine,003,1148,139,139,2,141,0
2022-12-02,Amador,005,37829,10200,10150,949,11099,96
2022-12-02,Butte,007,227075,40578,40335,9580,49915,465
2022-12-02,Calaveras,009,45235,8727,8676,592,9268,135
2022-12-02,Colusa,011,21464,3865,3849,1318,5167,22
2022-12-02,Contra Costa,013,1133247,259787,257263,21419,278682,1485
2022-12-02,Del Norte,015,27424,7557,7519,411,7930,56
2022-12-02,El Dorado,017,186661,33458,33200,4395,37595,235
2022-12-02,Fresno,019,978130,283250,279787,32723,312510,2898
2022-12-02,Glenn,021,27897,5669,5647,1934,7581,58
2022-12-02,Humboldt,023,135768,22585,22436,5408,27844,160
2022-12-02,Imperial,025,180216,67646,67001,17461,84462,960
2022-12-02,Inyo,027,18085,4632,4590,1121,5711,60
2022-12-02,Kern,029,883053,223063,222087,67143,289230,2431
2022-12-02,Kings,031,150075,60947,60636,4287,64923,464
2022-12-02,Lake,033,64148,13179,13078,1234,14312,149
2022-12-02,Lassen,035,31185,10126,10110,1023,11133,65
2022-12-02,Los Angeles,037,10098052,3371499,3346956,195988,3542944,33937
2022-12-02,Madera,039,155013,44927,44650,8514,53164,377
2022-12-02,Marin,041,260295,46858,46509,5443,51952,314
2022-12-02,Mariposa,043,17540,3225,3175,352,3527,32
2022-12-02,Mendocino,045,87422,16391,16294,4640,20934,136
2022-12-02,Merced,047,269075,74242,73547,12173,85720,876
2022-12-02,Modoc,049,8938,909,895,351,1246,11
2022-12-02,Mono,051,14174,3245,3237,278,3515,8
2022-12-02,Monterey,053,433212,95824,95364,21942,117306,775
2022-12-02,Napa,055,140530,33052,32859,1449,34308,161
2022-12-02,Nevada,057,99092,19599,19398,2079,21477,132
2022-12-02,Orange,059,3164182,683797,679165,68821,747986,7567
2022-12-02,Placer,061,380077,78156,77618,9871,87489,665
2022-12-02,Plumas,063,18699,3760,3738,448,4186,13
2022-12-02,Riverside,065,2383286,710904,706396,37755,744151,6693
2022-12-02,Sacramento,067,1510023,357370,354844,35555,390399,3377
2022-12-02,San Benito,069,59416,16902,16555,1026,17581,108
2022-12-02,San Bernardino,071,2135413,686752,681872,32528,714400,8133
2022-12-02,San Diego,073,3302833,947351,942451,75290,1017741,5569
2022-12-02,San Francisco,075,870044,186113,184552,12672,197224,1078
2022-12-02,San Joaquin,077,732212,202889,201175,15858,217033,2347
2022-12-02,San Luis Obispo,079,281455,64462,64105,7425,71530,531
2022-12-02,San Mateo,081,765935,174807,173283,10801,184084,748
2022-12-02,Santa Barbara,083,443738,108177,107527,7152,114679,738
2022-12-02,Santa Clara,085,1922200,452192,444150,20200,464350,2560
2022-12-02,Santa Cruz,087,273765,65701,65044,3611,68655,275
2022-12-02,Shasta,089,179085,35745,35519,7967,43486,598
2022-12-02,Sierra,091,2930,308,308,61,369,5
2022-12-02,Siskiyou,093,43540,5305,5406,3385,8791,95
2022-12-02,Solano,095,438530,108604,107925,8163,116088,470
2022-12-02,Sonoma,097,501317,109613,109040,5464,114504,530
2022-12-02,Stanislaus,099,539301,140880,140127,22100,162227,1785
2022-12-02,Sutter,101,95872,24883,24800,2484,27284,234
2022-12-02,Tehama,103,63373,14051,13904,3270,17174,216
2022-12-02,Trinity,105,12862,1442,1428,458,1886,22
2022-12-02,Tulare,107,460477,124175,123368,37880,161248,1546
2022-12-02,Tuolumne,109,53932,16098,15945,950,16895,207
2022-12-02,Ventura,111,848112,213842,212363,16647,229010,1591
2022-12-02,Yolo,113,214977,48593,48329,4569,52898,409
2022-12-02,Yuba,115,75493,19399,19307,1769,21076,132
2022-12-01,Alameda,001,1643700,360315,357689,20854,378543,2063
2022-12-01,Alpine,003,1148,139,139,2,141,0
2022-12-01,Amador,005,37829,10194,10150,949,11099,96
2022-12-01,Butte,007,227075,40551,40335,9564,49899,465
2022-12-01,Calaveras,009,45235,8720,8676,589,9265,135
2022-12-01,Colusa,011,21464,3865,3849,1315,5164,22
2022-12-01,Contra Costa,013,1133247,259552,257263,21399,278662,1485
2022-12-01,Del Norte,015,27424,7556,7519,411,7930,56
2022-12-01,El Dorado,017,186661,33431,33200,4389,37589,235
2022-12-01,Fresno,019,978130,283069,279787,32678,312465,2898
2022-12-01,Glenn,021,27897,5661,5647,1931,7578,58
2022-12-01,Humboldt,023,135768,22573,22436,5403,27839,160
2022-12-01,Imperial,025,180216,67573,67001,17361,84362,960
2022-12-01,Inyo,027,18085,4626,4590,1117,5707,60
2022-12-01,Kern,029,883053,222918,222087,67058,289145,2431
2022-12-01,Kings,031,150075,60907,60636,4284,64920,464
2022-12-01,Lake,033,64148,13173,13078,1234,14312,149
2022-12-01,Lassen,035,31185,10124,10110,1023,11133,65
2022-12-01,Los Angeles,037,10098052,3368630,3346956,195494,3542450,33937
2022-12-01,Madera,039,155013,44894,44650,8501,53151,377
2022-12-01,Marin,041,260295,46817,46509,5430,51939,314
2022-12-01,Mariposa,043,17540,3221,3175,352,3527,32
2022-12-01,Mendocino,045,87422,16386,16294,4640,20934,136
2022-12-01,Merced,047,269075,74195,73547,12158,85705,876
2022-12-01,Modoc,049,8938,906,895,350,1245,11
2022-12-01,Mono,051,14174,3242,3237,277,3514,8
2022-12-01,Monterey,053,433212,95788,95364,21929,117293,775
2022-12-01,Napa,055,140530,33023,32859,1448,34307,161
2022-12-01,Nevada,057,99092,19582,19398,2076,21474,132
2022-12-01,Orange,059,3164182,683218,679165,68621,747786,7567
2022-12-01,Placer,061,380077,78100,77618,9862,87480,665
2022-12-01,Plumas,063,18699,3753,3738,448,4186,13
2022-12-01,Riverside,065,2383286,710377,706396,37654,744050,6693
2022-12-01,Sacramento,067,1510023,357062,354844,35503,390347,3377
2022-12-01,San Benito,069,59416,16871,16555,1023,17578,108
2022-12-01,San Bernardino,071,2135413,686189,681872,32450,714322,8133
2022-12-01,San Diego,073,3302833,946537,942451,75158,1017609,5569
2022-12-01,San Francisco,075,870044,185903,184552,12644,197196,1078
2022-12-01,San Joaquin,077,732212,202736,201175,15834,217009,2347
2022-12-01,San Luis Obispo,079,281455,64440,64105,7411,71516,531
2022-12-01,San Mateo,081,765935,174641,173283,10793,184076,748
2022-12-01,Santa Barbara,083,443738,108111,107527,7145,114672,738
2022-12-01,Santa Clara,085,1922200,451691,444150,20157,464307,2560
2022-12-01,Santa Cruz,087,273765,65633,65044,3606,68650,275
2022-12-01,Shasta,089,179085,35726,35519,7958,43477,598
2022-12-01,Sierra,091,2930,308,308,61,369,5
2022-12-01,Siskiyou,093,43540,5303,5406,3384,8790,95
2022-12-01,Solano,095,438530,108528,107925,8159,116084,470
2022-12-01,Sonoma,097,501317,109545,109040,5451,114491,530
2022-12-01,Stanislaus,099,539301,140796,140127,22091,162218,1785
2022-12-01,Sutter,101,95872,24873,24800,2483,27283,234
2022-12-01,Tehama,103,63373,14034,13904,3265,17169,216
2022-12-01,Trinity,105,12862,1442,1428,457,1885,22
2022-12-01,Tulare,107,460477,124114,123368,37824,161192,1546
2022-12-01,Tuolumne,109,53932,16083,15945,950,16895,207
2022-12-01,Ventura,111,848112,213697,212363,16616,228979,1591
2022-12-01,Yolo,113,214977,48559,48329,4564,52893,409
2022-12-01,Yuba,115,75493,19380,19307,1769,21076,132
2022-11-30,Alameda,001,1643700,359892,357689,20814,378503,2063
2022-11-30,Alpine,003,1148,139,139,2,141,0
2022-11-30,Amador,005,37829,10188,10150,949,11099,96
2022-11-30,Butte,007,227075,40515,40335,9539,49874,465
2022-11-30,Calaveras,009,45235,8714,8676,588,9264,135
2022-11-30,Colusa,011,21464,3862,3849,1314,5163,22
2022-11-30,Contra Costa,013,1133247,259302,257263,21380,278643,1485
2022-11-30,Del Norte,015,27424,7552,7519,410,7929,56
2022-11-30,El Dorado,017,186661,33404,33200,4386,37586,235
2022-11-30,Fresno,019,978130,282811,279787,32637,312424,2898
2022-11-30,Glenn,021,27897,5659,5647,1925,7572,58
2022-11-30,Humboldt,023,135768,22559,22436,5392,27828,160
2022-11-30,Imperial,025,180216,67460,67001,17270,84271,960
2022-11-30,Inyo,027,18085,4625,4590,1114,5704,60
2022-11-30,Kern,029,883053,222822,222087,66982,289069,2431
2022-11-30,Kings,031,150075,60849,60636,4273,64909,464
2022-11-30,Lake,033,64148,13162,13078,1234,14312,149
2022-11-30,Lassen,035,31185,10122,10110,1023,11133,65
2022-11-30,Los Angeles,037,10098052,3365178,3346956,194922,3541878,33937
2022-11-30,Madera,039,155013,44867,44650,8496,53146,377
2022-11-30,Marin,041,260295,46779,46509,5424,51933,314
2022-11-30,Mariposa,043,17540,3217,3175,351,3526,32
2022-11-30,Mendocino,045,87422,16379,16294,4635,20929,136
2022-11-30,Merced,047,269075,74133,73547,12135,85682,876
2022-11-30,Modoc,049,8938,906,895,349,1244,11
2022-11-30,Mono,051,14174,3240,3237,277,3514,8
2022-11-30,Monterey,053,433212,95740,95364,21911,117275,775
2022-11-30,Napa,055,140530,32991,32859,1448,34307,161
2022-11-30,Nevada,057,99092,19571,19398,2071,21469,132
2022-11-30,Orange,059,3164182,682589,679165,68400,747565,7567
2022-11-30,Placer,061,380077,78031,77618,9853,87471,665
2022-11-30,Plumas,063,18699,3751,3738,448,4186,13
2022-11-30,Riverside,065,2383286,709717,706396,37551,743947,6693
2022-11-30,Sacramento,067,1510023,356773,354844,35469,390313,3377
2022-11-30,San Benito,069,59416,16831,16555,1021,17576,108
2022-11-30,San Bernardino,071,2135413,685583,681872,32369,714241,8133
2022-11-30,San Diego,073,3302833,945680,942451,75037,1017488,5569
2022-11-30,San Francisco,075,870044,185677,184552,12627,197179,1078
2022-11-30,San Joaquin,077,732212,202559,201175,15784,216959,2347
2022-11-30,San Luis Obispo,079,281455,64405,64105,7395,71500,531
2022-11-30,San Mateo,081,765935,174457,173283,10775,184058,748
2022-11-30,Santa Barbara,083,443738,108032,107527,7129,114656,738
2022-11-30,Santa Clara,085,1922200,451175,444150,20116,464266,2560
2022-11-30,Santa Cruz,087,273765,65569,65044,3601,68645,275
2022-11-30,Shasta,089,179085,35708,35519,7949,43468,598
2022-11-30,Sierra,091,2930,308,308,61,369,5
2022-11-30,Siskiyou,093,43540,5300,5406,3383,8789,95
2022-11-30,Solano,095,438530,108439,107925,8153,116078,470
2022-11-30,Sonoma,097,501317,109474,109040,5445,114485,530
2022-11-30,Stanislaus,099,539301,140688,140127,22078,162205,1785
2022-11-30,Sutter,101,95872,24855,24800,2480,27280,234
2022-11-30,Tehama,103,63373,14015,13904,3260,17164,216
2022-11-30,Trinity,105,12862,1441,1428,456,1884,22
2022-11-30,Tulare,107,460477,124031,123368,37772,161140,1546
2022-11-30,Tuolumne,109,53932,16067,15945,948,16893,207
2022-11-30,Ventura,111,848112,213506,212363,16573,228936,1591
2022-11-30,Yolo,113,214977,48532,48329,4558,52887,409
2022-11-30,Yuba,115,75493,19368,19307,1769,21076,132
2022-11-29,Alameda,001,1643700,359467,357689,20757,378446,2063
2022-11-29,Alpine,003,1148,139,139,1,140,0
2022-11-29,Amador,005,37829,10184,10150,949,11099,96
2022-11-29,Butte,007,227075,40472,40335,9521,49856,465
2022-11-29,Calaveras,009,45235,8707,8676,588,9264,135
2022-11-29,Colusa,011,21464,3861,3849,1310,5159,22
2022-11-29,Contra Costa,013,1133247,259043,257263,21358,278621,1485
2022-11-29,Del Norte,015,27424,7544,7519,410,7929,56
2022-11-29,El Dorado,017,186661,33363,33200,4383,37583,235
2022-11-29,Fresno,019,978130,282587,279787,32586,312373,2898
2022-11-29,Glenn,021,27897,5657,5647,1924,7571,58
2022-11-29,Humboldt,023,135768,22543,22436,5375,27811,160
2022-11-29,Imperial,025,180216,67366,67001,17189,84190,960
2022-11-29,Inyo,027,18085,4619,4590,1109,5699,60
2022-11-29,Kern,029,883053,222703,222087,66880,288967,2431
2022-11-29,Kings,031,150075,60810,60636,4270,64906,464
2022-11-29,Lake,033,64148,13154,13078,1234,14312,149
2022-11-29,Lassen,035,31185,10119,10110,1022,11132,65
2022-11-29,Los Angeles,037,10098052,3361222,3346956,194333,3541289,33937
2022-11-29,Madera,039,155013,44825,44650,8471,53121,377
2022-11-29,Marin,041,260295,46734,46509,5420,51929,314
2022-11-29,Mariposa,043,17540,3215,3175,350,3525,32
2022-11-29,Mendocino,045,87422,16370,16294,4631,20925,136
2022-11-29,Merced,047,269075,74080,73547,12108,85655,876
2022-11-29,Modoc,049,8938,904,895,349,1244,11
2022-11-29,Mono,051,14174,3239,3237,277,3514,8
2022-11-29,Monterey,053,433212,95700,95364,21886,117250,775
2022-11-29,Napa,055,140530,32966,32859,1448,34307,161
2022-11-29,Nevada,057,99092,19550,19398,2065,21463,132
2022-11-29,Orange,059,3164182,681845,679165,68164,747329,7567
2022-11-29,Placer,061,380077,77960,77618,9843,87461,665
2022-11-29,Plumas,063,18699,3745,3738,447,4185,13
2022-11-29,Riverside,065,2383286,709125,706396,37440,743836,6693
2022-11-29,Sacramento,067,1510023,356388,354844,35424,390268,3377
2022-11-29,San Benito,069,59416,16789,16555,1017,17572,108
2022-11-29,San Bernardino,071,2135413,684954,681872,32292,714164,8133
2022-11-29,San Diego,073,3302833,944775,942451,74859,1017310,5569
2022-11-29,San Francisco,075,870044,185447,184552,12611,197163,1078
2022-11-29,San Joaquin,077,732212,202358,201175,15747,216922,2347
2022-11-29,San Luis Obispo,079,281455,64366,64105,7384,71489,531
2022-11-29,San Mateo,081,765935,174273,173283,10764,184047,748
2022-11-29,Santa Barbara,083,443738,107948,107527,7119,114646,738
2022-11-29,Santa Clara,085,1922200,450637,444150,20062,464212,2560
2022-11-29,Santa Cruz,087,273765,65485,65044,3598,68642,275
2022-11-29,Shasta,089,179085,35688,35519,7935,43454,598
2022-11-29,Sierra,091,2930,308,308,61,369,5
2022-11-29,Siskiyou,093,43540,5296,5406,3382,8788,95
2022-11-29,Solano,095,438530,108332,107925,8147,116072,470
2022-11-29,Sonoma,097,501317,109394,109040,5435,114475,530
2022-11-29,Stanislaus,099,539301,140602,140127,22053,162180,1785
2022-11-29,Sutter,101,95872,24847,24800,2479,27279,234
2022-11-29,Tehama,103,63373,14000,13904,3251,17155,216
2022-11-29,Trinity,105,12862,1439,1428,456,1884,22
2022-11-29,Tulare,107,460477,123944,123368,37731,161099,1546
2022-11-29,Tuolumne,109,53932,16052,15945,946,16891,207
2022-11-29,Ventura,111,848112,213325,212363,16530,228893,1591
2022-11-29,Yolo,113,214977,48497,48329,4549,52878,409
2022-11-29,Yuba,115,75493,19357,19307,1768,21075,132
2022-11-28,Alameda,001,1643700,359017,356253,20725,376978,2059
2022-11-28,Alpine,003,1148,139,138,1,139,0
2022-11-28,Amador,005,37829,10176,10132,949,11081,95
2022-11-28,Butte,007,227075,40433,40206,9498,49704,465
2022-11-28,Calaveras,009,45235,8698,8651,588,9239,135
2022-11-28,Colusa,011,21464,3856,3840,1309,5149,22
2022-11-28,Contra Costa,013,1133247,258749,256191,21324,277515,1483
2022-11-28,Del Norte,015,27424,7539,7502,409,7911,56
2022-11-28,El Dorado,017,186661,33331,33057,4380,37437,233
2022-11-28,Fresno,019,978130,282316,278793,32525,311318,2893
2022-11-28,Glenn,021,27897,5653,5625,1923,7548,58
2022-11-28,Humboldt,023,135768,22526,22351,5355,27706,160
2022-11-28,Imperial,025,180216,67222,66747,17095,83842,960
2022-11-28,Inyo,027,18085,4612,4557,1104,5661,60
2022-11-28,Kern,029,883053,222547,221639,66784,288423,2430
2022-11-28,Kings,031,150075,60747,60457,4258,64715,463
2022-11-28,Lake,033,64148,13141,13042,1231,14273,149
2022-11-28,Lassen,035,31185,10118,10091,1020,11111,65
2022-11-28,Los Angeles,037,10098052,3356930,3332327,193770,3526097,33882
2022-11-28,Madera,039,155013,44794,44503,8461,52964,377
2022-11-28,Marin,041,260295,46692,46293,5412,51705,314
2022-11-28,Mariposa,043,17540,3213,3156,349,3505,32
2022-11-28,Mendocino,045,87422,16363,16255,4618,20873,136
2022-11-28,Merced,047,269075,74019,73259,12083,85342,876
2022-11-28,Modoc,049,8938,902,895,346,1241,11
2022-11-28,Mono,051,14174,3239,3233,276,3509,8
2022-11-28,Monterey,053,433212,95649,95169,21851,117020,775
2022-11-28,Napa,055,140530,32938,32736,1446,34182,161
2022-11-28,Nevada,057,99092,19523,19310,2061,21371,132
2022-11-28,Orange,059,3164182,681017,676959,67899,744858,7565
2022-11-28,Placer,061,380077,77911,77331,9835,87166,665
2022-11-28,Plumas,063,18699,3743,3737,447,4184,13
2022-11-28,Riverside,065,2383286,708473,704180,37331,741511,6692
2022-11-28,Sacramento,067,1510023,356002,353538,35367,388905,3374
2022-11-28,San Benito,069,59416,16743,16474,1005,17479,108
2022-11-28,San Bernardino,071,2135413,684262,679620,32199,711819,8133
2022-11-28,San Diego,073,3302833,943726,938583,74723,1013306,5562
2022-11-28,San Francisco,075,870044,185193,183671,12594,196265,1076
2022-11-28,San Joaquin,077,732212,202172,200474,15701,216175,2344
2022-11-28,San Luis Obispo,079,281455,64333,63962,7376,71338,530
2022-11-28,San Mateo,081,765935,174037,172573,10751,183324,748
2022-11-28,Santa Barbara,083,443738,107850,107184,7106,114290,735
2022-11-28,Santa Clara,085,1922200,450050,442182,20005,462187,2558
2022-11-28,Santa Cruz,087,273765,65391,64814,3595,68409,275
2022-11-28,Shasta,089,179085,35660,35452,7922,43374,596
2022-11-28,Sierra,091,2930,308,308,61,369,5
2022-11-28,Siskiyou,093,43540,5291,5385,3381,8766,95
2022-11-28,Solano,095,438530,108220,107446,8138,115584,469
2022-11-28,Sonoma,097,501317,109308,108690,5426,114116,530
2022-11-28,Stanislaus,099,539301,140487,139741,22016,161757,1785
2022-11-28,Sutter,101,95872,24832,24730,2479,27209,234
2022-11-28,Tehama,103,63373,13982,13857,3250,17107,216
2022-11-28,Trinity,105,12862,1439,1425,456,1881,21
2022-11-28,Tulare,107,460477,123868,123029,37677,160706,1545
2022-11-28,Tuolumne,109,53932,16042,15885,942,16827,206
2022-11-28,Ventura,111,848112,213116,211680,16479,228159,1591
2022-11-28,Yolo,113,214977,48464,48228,4536,52764,408
2022-11-28,Yuba,115,75493,19343,19233,1768,21001,132
2022-11-27,Alameda,001,1643700,358437,356253,20647,376900,2059
2022-11-27,Alpine,003,1148,139,138,1,139,0
2022-11-27,Amador,005,37829,10171,10132,948,11080,95
2022-11-27,Butte,007,227075,40387,40206,9478,49684,465
2022-11-27,Calaveras,009,45235,8692,8651,587,9238,135
2022-11-27,Colusa,011,21464,3853,3840,1307,5147,22
2022-11-27,Contra Costa,013,1133247,258398,256191,21276,277467,1483
2022-11-27,Del Norte,015,27424,7531,7502,406,7908,56
2022-11-27,El Dorado,017,186661,33287,33057,4374,37431,233
2022-11-27,Fresno,019,978130,281978,278793,32474,311267,2893
2022-11-27,Glenn,021,27897,5652,5625,1921,7546,58
2022-11-27,Humboldt,023,135768,22509,22351,5334,27685,160
2022-11-27,Imperial,025,180216,67132,66747,17024,83771,960
2022-11-27,Inyo,027,18085,4604,4557,1101,5658,60
2022-11-27,Kern,029,883053,222390,221639,66650,288289,2430
2022-11-27,Kings,031,150075,60673,60457,4246,64703,463
2022-11-27,Lake,033,64148,13127,13042,1229,14271,149
2022-11-27,Lassen,035,31185,10111,10091,1020,11111,65
2022-11-27,Los Angeles,037,10098052,3351840,3332327,193105,3525432,33882
2022-11-27,Madera,039,155013,44745,44503,8443,52946,377
2022-11-27,Marin,041,260295,46633,46293,5398,51691,314
2022-11-27,Mariposa,043,17540,3209,3156,349,3505,32
2022-11-27,Mendocino,045,87422,16349,16255,4606,20861,136
2022-11-27,Merced,047,269075,73906,73259,12057,85316,876
2022-11-27,Modoc,049,8938,900,895,346,1241,11
2022-11-27,Mono,051,14174,3239,3233,275,3508,8
2022-11-27,Monterey,053,433212,95587,95169,21829,116998,775
2022-11-27,Napa,055,140530,32902,32736,1444,34180,161
2022-11-27,Nevada,057,99092,19493,19310,2050,21360,132
2022-11-27,Orange,059,3164182,680187,676959,67628,744587,7565
2022-11-27,Placer,061,380077,77818,77331,9816,87147,665
2022-11-27,Plumas,063,18699,3741,3737,446,4183,13
2022-11-27,Riverside,065,2383286,707629,704180,37191,741371,6692
2022-11-27,Sacramento,067,1510023,355551,353538,35288,388826,3374
2022-11-27,San Benito,069,59416,16701,16474,1002,17476,108
2022-11-27,San Bernardino,071,2135413,683359,679620,32092,711712,8133
2022-11-27,San Diego,073,3302833,942485,938583,74543,1013126,5562
2022-11-27,San Francisco,075,870044,184888,183671,12563,196234,1076
2022-11-27,San Joaquin,077,732212,201905,200474,15634,216108,2344
2022-11-27,San Luis Obispo,079,281455,64260,63962,7355,71317,530
2022-11-27,San Mateo,081,765935,173725,172573,10729,183302,748
2022-11-27,Santa Barbara,083,443738,107742,107184,7079,114263,735
2022-11-27,Santa Clara,085,1922200,449368,442182,19954,462136,2558
2022-11-27,Santa Cruz,087,273765,65243,64814,3590,68404,275
2022-11-27,Shasta,089,179085,35639,35452,7907,43359,596
2022-11-27,Sierra,091,2930,308,308,61,369,5
2022-11-27,Siskiyou,093,43540,5286,5385,3379,8764,95
2022-11-27,Solano,095,438530,108079,107446,8123,115569,469
2022-11-27,Sonoma,097,501317,109202,108690,5423,114113,530
2022-11-27,Stanislaus,099,539301,140375,139741,21991,161732,1785
2022-11-27,Sutter,101,95872,24813,24730,2478,27208,234
2022-11-27,Tehama,103,63373,13961,13857,3232,17089,216
2022-11-27,Trinity,105,12862,1438,1425,456,1881,21
2022-11-27,Tulare,107,460477,123717,123029,37600,160629,1545
2022-11-27,Tuolumne,109,53932,16035,15885,940,16825,206
2022-11-27,Ventura,111,848112,212879,211680,16430,228110,1591
2022-11-27,Yolo,113,214977,48424,48228,4534,52762,408
2022-11-27,Yuba,115,75493,19323,19233,1765,20998,132
2022-11-26,Alameda,001,1643700,358166,356253,20622,376875,2059
2022-11-26,Alpine,003,1148,139,138,1,139,0
2022-11-26,Amador,005,37829,10166,10132,947,11079,95
2022-11-26,Butte,007,227075,40363,40206,9466,49672,465
2022-11-26,Calaveras,009,45235,8689,8651,587,9238,135
2022-11-26,Colusa,011,21464,3850,3840,1306,5146,22
2022-11-26,Contra Costa,013,1133247,258180,256191,21263,277454,1483
2022-11-26,Del Norte,015,27424,7521,7502,405,7907,56
2022-11-26,El Dorado,017,186661,33268,33057,4374,37431,233
2022-11-26,Fresno,019,978130,281813,278793,32448,311241,2893
2022-11-26,Glenn,021,27897,5648,5625,1915,7540,58
2022-11-26,Humboldt,023,135768,22496,22351,5326,27677,160
2022-11-26,Imperial,025,180216,67089,66747,17008,83755,960
2022-11-26,Inyo,027,18085,4597,4557,1099,5656,60
2022-11-26,Kern,029,883053,222302,221639,66589,288228,2430
2022-11-26,Kings,031,150075,60647,60457,4245,64702,463
2022-11-26,Lake,033,64148,13119,13042,1228,14270,149
2022-11-26,Lassen,035,31185,10110,10091,1020,11111,65
2022-11-26,Los Angeles,037,10098052,3349377,3332327,192755,3525082,33882
2022-11-26,Madera,039,155013,44724,44503,8435,52938,377
2022-11-26,Marin,041,260295,46593,46293,5392,51685,314
2022-11-26,Mariposa,043,17540,3209,3156,349,3505,32
2022-11-26,Mendocino,045,87422,16343,16255,4606,20861,136
2022-11-26,Merced,047,269075,73866,73259,12049,85308,876
2022-11-26,Modoc,049,8938,900,895,346,1241,11
2022-11-26,Mono,051,14174,3238,3233,274,3507,8
2022-11-26,Monterey,053,433212,95546,95169,21811,116980,775
2022-11-26,Napa,055,140530,32890,32736,1444,34180,161
2022-11-26,Nevada,057,99092,19486,19310,2043,21353,132
2022-11-26,Orange,059,3164182,679766,676959,67491,744450,7565
2022-11-26,Placer,061,380077,77758,77331,9809,87140,665
2022-11-26,Plumas,063,18699,3741,3737,446,4183,13
2022-11-26,Riverside,065,2383286,707184,704180,37120,741300,6692
2022-11-26,Sacramento,067,1510023,355349,353538,35273,388811,3374
2022-11-26,San Benito,069,59416,16679,16474,1002,17476,108
2022-11-26,San Bernardino,071,2135413,682961,679620,32042,711662,8133
2022-11-26,San Diego,073,3302833,942034,938583,74454,1013037,5562
2022-11-26,San Francisco,075,870044,184732,183671,12554,196225,1076
2022-11-26,San Joaquin,077,732212,201776,200474,15602,216076,2344
2022-11-26,San Luis Obispo,079,281455,64243,63962,7352,71314,530
2022-11-26,San Mateo,081,765935,173582,172573,10719,183292,748
2022-11-26,Santa Barbara,083,443738,107653,107184,7070,114254,735
2022-11-26,Santa Clara,085,1922200,448873,442182,19918,462100,2558
2022-11-26,Santa Cruz,087,273765,65195,64814,3588,68402,275
2022-11-26,Shasta,089,179085,35625,35452,7902,43354,596
2022-11-26,Sierra,091,2930,308,308,61,369,5
2022-11-26,Siskiyou,093,43540,5279,5385,3379,8764,95
2022-11-26,Solano,095,438530,108031,107446,8118,115564,469
2022-11-26,Sonoma,097,501317,109150,108690,5419,114109,530
2022-11-26,Stanislaus,099,539301,140307,139741,21973,161714,1785
2022-11-26,Sutter,101,95872,24807,24730,2477,27207,234
2022-11-26,Tehama,103,63373,13955,13857,3225,17082,216
2022-11-26,Trinity,105,12862,1438,1425,456,1881,21
2022-11-26,Tulare,107,460477,123667,123029,37542,160571,1545
2022-11-26,Tuolumne,109,53932,16023,15885,939,16824,206
2022-11-26,Ventura,111,848112,212741,211680,16407,228087,1591
2022-11-26,Yolo,113,214977,48404,48228,4529,52757,408
2022-11-26,Yuba,115,75493,19316,19233,1765,20998,132
2022-11-25,Alameda,001,1643700,357900,356253,20597,376850,2059
2022-11-25,Alpine,003,1148,139,138,1,139,0
2022-11-25,Amador,005,37829,10159,10132,946,11078,95
2022-11-25,Butte,007,227075,40346,40206,9452,49658,465
2022-11-25,Calaveras,009,45235,8686,8651,587,9238,135
2022-11-25,Colusa,011,21464,3848,3840,1306,5146,22
2022-11-25,Contra Costa,013,1133247,258014,256191,21249,277440,1483
2022-11-25,Del Norte,015,27424,7520,7502,405,7907,56
2022-11-25,El Dorado,017,186661,33242,33057,4372,37429,233
2022-11-25,Fresno,019,978130,281642,278793,32417,311210,2893
2022-11-25,Glenn,021,27897,5647,5625,1913,7538,58
2022-11-25,Humboldt,023,135768,22483,22351,5323,27674,160
2022-11-25,Imperial,025,180216,67052,66747,16977,83724,960
2022-11-25,Inyo,027,18085,4593,4557,1093,5650,60
2022-11-25,Kern,029,883053,222239,221639,66542,288181,2430
2022-11-25,Kings,031,150075,60624,60457,4244,64701,463
2022-11-25,Lake,033,64148,13117,13042,1228,14270,149
2022-11-25,Lassen,035,31185,10110,10091,1019,11110,65
2022-11-25,Los Angeles,037,10098052,3347072,3332327,192360,3524687,33882
2022-11-25,Madera,039,155013,44698,44503,8427,52930,377
2022-11-25,Marin,041,260295,46552,46293,5390,51683,314
2022-11-25,Mariposa,043,17540,3206,3156,348,3504,32
2022-11-25,Mendocino,045,87422,16335,16255,4603,20858,136
2022-11-25,Merced,047,269075,73830,73259,12044,85303,876
2022-11-25,Modoc,049,8938,899,895,346,1241,11
2022-11-25,Mono,051,14174,3238,3233,274,3507,8
2022-11-25,Monterey,053,433212,95499,95169,21786,116955,775
2022-11-25,Napa,055,140530,32877,32736,1444,34180,161
2022-11-25,Nevada,057,99092,19471,19310,2039,21349,132
2022-11-25,Orange,059,3164182,679368,676959,67376,744335,7565
2022-11-25,Placer,061,380077,77717,77331,9803,87134,665
2022-11-25,Plumas,063,18699,3741,3737,446,4183,13
2022-11-25,Riverside,065,2383286,706806,704180,37038,741218,6692
2022-11-25,Sacramento,067,1510023,355135,353538,35247,388785,3374
2022-11-25,San Benito,069,59416,16654,16474,1002,17476,108
2022-11-25,San Bernardino,071,2135413,682557,679620,32005,711625,8133
2022-11-25,San Diego,073,3302833,941547,938583,74397,1012980,5562
2022-11-25,San Francisco,075,870044,184585,183671,12526,196197,1076
2022-11-25,San Joaquin,077,732212,201663,200474,15587,216061,2344
2022-11-25,San Luis Obispo,079,281455,64228,63962,7344,71306,530
2022-11-25,San Mateo,081,765935,173403,172573,10710,183283,748
2022-11-25,Santa Barbara,083,443738,107590,107184,7068,114252,735
2022-11-25,Santa Clara,085,1922200,448452,442182,19883,462065,2558
2022-11-25,Santa Cruz,087,273765,65158,64814,3587,68401,275
2022-11-25,Shasta,089,179085,35618,35452,7897,43349,596
2022-11-25,Sierra,091,2930,308,308,61,369,5
2022-11-25,Siskiyou,093,43540,5276,5385,3379,8764,95
2022-11-25,Solano,095,438530,107950,107446,8112,115558,469
2022-11-25,Sonoma,097,501317,109098,108690,5419,114109,530
2022-11-25,Stanislaus,099,539301,140232,139741,21962,161703,1785
2022-11-25,Sutter,101,95872,24796,24730,2477,27207,234
2022-11-25,Tehama,103,63373,13946,13857,3220,17077,216
2022-11-25,Trinity,105,12862,1438,1425,455,1880,21
2022-11-25,Tulare,107,460477,123608,123029,37505,160534,1545
2022-11-25,Tuolumne,109,53932,16013,15885,938,16823,206
2022-11-25,Ventura,111,848112,212610,211680,16382,228062,1591
2022-11-25,Yolo,113,214977,48385,48228,4522,52750,408
2022-11-25,Yuba,115,75493,19305,19233,1764,20997,132
2022-11-24,Alameda,001,1643700,357592,356253,20572,376825,2059
2022-11-24,Alpine,003,1148,139,138,1,139,0
2022-11-24,Amador,005,37829,10156,10132,946,11078,95
2022-11-24,Butte,007,227075,40307,40206,9437,49643,465
2022-11-24,Calaveras,009,45235,8679,8651,587,9238,135
2022-11-24,Colusa,011,21464,3845,3840,1306,5146,22
2022-11-24,Contra Costa,013,1133247,257837,256191,21240,277431,1483
2022-11-24,Del Norte,015,27424,7519,7502,405,7907,56
2022-11-24,El Dorado,017,186661,33210,33057,4371,37428,233
2022-11-24,Fresno,019,978130,281454,278793,32369,311162,2893
2022-11-24,Glenn,021,27897,5643,5625,1911,7536,58
2022-11-24,Humboldt,023,135768,22469,22351,5318,27669,160
2022-11-24,Imperial,025,180216,66991,66747,16966,83713,960
2022-11-24,Inyo,027,18085,4589,4557,1092,5649,60
2022-11-24,Kern,029,883053,222171,221639,66476,288115,2430
2022-11-24,Kings,031,150075,60590,60457,4240,64697,463
2022-11-24,Lake,033,64148,13110,13042,1228,14270,149
2022-11-24,Lassen,035,31185,10106,10091,1019,11110,65
2022-11-24,Los Angeles,037,10098052,3344476,3332327,191913,3524240,33882
2022-11-24,Madera,039,155013,44676,44503,8419,52922,377
2022-11-24,Marin,041,260295,46507,46293,5389,51682,314
2022-11-24,Mariposa,043,17540,3202,3156,348,3504,32
2022-11-24,Mendocino,045,87422,16329,16255,4600,20855,136
2022-11-24,Merced,047,269075,73770,73259,12039,85298,876
2022-11-24,Modoc,049,8938,899,895,346,1241,11
2022-11-24,Mono,051,14174,3236,3233,274,3507,8
2022-11-24,Monterey,053,433212,95459,95169,21771,116940,775
2022-11-24,Napa,055,140530,32857,32736,1444,34180,161
2022-11-24,Nevada,057,99092,19456,19310,2035,21345,132
2022-11-24,Orange,059,3164182,678939,676959,67210,744169,7565
2022-11-24,Placer,061,380077,77676,77331,9792,87123,665
2022-11-24,Plumas,063,18699,3740,3737,446,4183,13
2022-11-24,Riverside,065,2383286,706337,704180,36952,741132,6692
2022-11-24,Sacramento,067,1510023,354879,353538,35231,388769,3374
2022-11-24,San Benito,069,59416,16644,16474,1001,17475,108
2022-11-24,San Bernardino,071,2135413,682069,679620,31953,711573,8133
2022-11-24,San Diego,073,3302833,940951,938583,74328,1012911,5562
2022-11-24,San Francisco,075,870044,184425,183671,12509,196180,1076
2022-11-24,San Joaquin,077,732212,201506,200474,15554,216028,2344
2022-11-24,San Luis Obispo,079,281455,64208,63962,7339,71301,530
2022-11-24,San Mateo,081,765935,173269,172573,10704,183277,748
2022-11-24,Santa Barbara,083,443738,107545,107184,7066,114250,735
2022-11-24,Santa Clara,085,1922200,448120,442182,19867,462049,2558
2022-11-24,Santa Cruz,087,273765,65128,64814,3586,68400,275
2022-11-24,Shasta,089,179085,35605,35452,7891,43343,596
2022-11-24,Sierra,091,2930,308,308,61,369,5
2022-11-24,Siskiyou,093,43540,5276,5385,3379,8764,95
2022-11-24,Solano,095,438530,107832,107446,8111,115557,469
2022-11-24,Sonoma,097,501317,109036,108690,5417,114107,530
2022-11-24,Stanislaus,099,539301,140150,139741,21950,161691,1785
2022-11-24,Sutter,101,95872,24784,24730,2477,27207,234
2022-11-24,Tehama,103,63373,13935,13857,3217,17074,216
2022-11-24,Trinity,105,12862,1438,1425,454,1879,21
2022-11-24,Tulare,107,460477,123555,123029,37472,160501,1545
2022-11-24,Tuolumne,109,53932,15999,15885,936,16821,206
2022-11-24,Ventura,111,848112,212468,211680,16344,228024,1591
2022-11-24,Yolo,113,214977,48365,48228,4520,52748,408
2022-11-24,Yuba,115,75493,19288,19233,1764,20997,132
2022-11-23,Alameda,001,1643700,357444,356253,20563,376816,2059
2022-11-23,Alpine,003,1148,139,138,1,139,0
2022-11-23,Amador,005,37829,10153,10132,946,11078,95
2022-11-23,Butte,007,227075,40291,40206,9426,49632,465
2022-11-23,Calaveras,009,45235,8674,8651,587,9238,135
2022-11-23,Colusa,011,21464,3845,3840,1306,5146,22
2022-11-23,Contra Costa,013,1133247,257727,256191,21236,277427,1483
2022-11-23,Del Norte,015,27424,7518,7502,405,7907,56
2022-11-23,El Dorado,017,186661,33200,33057,4370,37427,233
2022-11-23,Fresno,019,978130,281367,278793,32347,311140,2893
2022-11-23,Glenn,021,27897,5642,5625,1910,7535,58
2022-11-23,Humboldt,023,135768,22463,22351,5316,27667,160
2022-11-23,Imperial,025,180216,66949,66747,16960,83707,960
2022-11-23,Inyo,027,18085,4588,4557,1091,5648,60
2022-11-23,Kern,029,883053,222129,221639,66465,288104,2430
2022-11-23,Kings,031,150075,60578,60457,4239,64696,463
2022-11-23,Lake,033,64148,13104,13042,1228,14270,149
2022-11-23,Lassen,035,31185,10102,10091,1019,11110,65
2022-11-23,Los Angeles,037,10098052,3343423,3332327,191711,3524038,33882
2022-11-23,Madera,039,155013,44675,44503,8416,52919,377
2022-11-23,Marin,041,260295,46482,46293,5387,51680,314
2022-11-23,Mariposa,043,17540,3202,3156,348,3504,32
2022-11-23,Mendocino,045,87422,16328,16255,4597,20852,136
2022-11-23,Merced,047,269075,73749,73259,12035,85294,876
2022-11-23,Modoc,049,8938,899,895,346,1241,11
2022-11-23,Mono,051,14174,3236,3233,274,3507,8
2022-11-23,Monterey,053,433212,95438,95169,21765,116934,775
2022-11-23,Napa,055,140530,32846,32736,1444,34180,161
2022-11-23,Nevada,057,99092,19449,19310,2034,21344,132
2022-11-23,Orange,059,3164182,678803,676959,67149,744108,7565
2022-11-23,Placer,061,380077,77638,77331,9788,87119,665
2022-11-23,Plumas,063,18699,3739,3737,446,4183,13
2022-11-23,Riverside,065,2383286,706153,704180,36923,741103,6692
2022-11-23,Sacramento,067,1510023,354760,353538,35223,388761,3374
2022-11-23,San Benito,069,59416,16641,16474,1001,17475,108
2022-11-23,San Bernardino,071,2135413,681875,679620,31934,711554,8133
2022-11-23,San Diego,073,3302833,940740,938583,74301,1012884,5562
2022-11-23,San Francisco,075,870044,184350,183671,12506,196177,1076
2022-11-23,San Joaquin,077,732212,201439,200474,15534,216008,2344
2022-11-23,San Luis Obispo,079,281455,64202,63962,7339,71301,530
2022-11-23,San Mateo,081,765935,173216,172573,10699,183272,748
2022-11-23,Santa Barbara,083,443738,107511,107184,7064,114248,735
2022-11-23,Santa Clara,085,1922200,447945,442182,19850,462032,2558
2022-11-23,Santa Cruz,087,273765,65110,64814,3586,68400,275
2022-11-23,Shasta,089,179085,35599,35452,7889,43341,596
2022-11-23,Sierra,091,2930,308,308,61,369,5
2022-11-23,Siskiyou,093,43540,5273,5385,3379,8764,95
2022-11-23,Solano,095,438530,107817,107446,8109,115555,469
2022-11-23,Sonoma,097,501317,109005,108690,5417,114107,530
2022-11-23,Stanislaus,099,539301,140110,139741,21946,161687,1785
2022-11-23,Sutter,101,95872,24780,24730,2477,27207,234
2022-11-23,Tehama,103,63373,13930,13857,3216,17073,216
2022-11-23,Trinity,105,12862,1438,1425,454,1879,21
2022-11-23,Tulare,107,460477,123506,123029,37452,160481,1545
2022-11-23,Tuolumne,109,53932,15986,15885,936,16821,206
2022-11-23,Ventura,111,848112,212401,211680,16336,228016,1591
2022-11-23,Yolo,113,214977,48347,48228,4519,52747,408
2022-11-23,Yuba,115,75493,19281,19233,1763,20996,132
2022-11-22,Alameda,001,1643700,357076,356253,20522,376775,2059
2022-11-22,Alpine,003,1148,139,138,1,139,0
2022-11-22,Amador,005,37829,10149,10132,946,11078,95
2022-11-22,Butte,007,227075,40263,40206,9417,49623,465
2022-11-22,Calaveras,009,45235,8672,8651,586,9237,135
2022-11-22,Colusa,011,21464,3844,3840,1306,5146,22
2022-11-22,Contra Costa,013,1133247,257495,256191,21214,277405,1483
2022-11-22,Del Norte,015,27424,7513,7502,405,7907,56
2022-11-22,El Dorado,017,186661,33173,33057,4365,37422,233
2022-11-22,Fresno,019,978130,281177,278793,32307,311100,2893
2022-11-22,Glenn,021,27897,5639,5625,1905,7530,58
2022-11-22,Humboldt,023,135768,22439,22351,5305,27656,160
2022-11-22,Imperial,025,180216,66898,66747,16865,83612,960
2022-11-22,Inyo,027,18085,4584,4557,1089,5646,60
2022-11-22,Kern,029,883053,222064,221639,66415,288054,2430
2022-11-22,Kings,031,150075,60536,60457,4237,64694,463
2022-11-22,Lake,033,64148,13101,13042,1226,14268,149
2022-11-22,Lassen,035,31185,10095,10091,1018,11109,65
2022-11-22,Los Angeles,037,10098052,3340729,3332327,191262,3523589,33882
2022-11-22,Madera,039,155013,44650,44503,8405,52908,377
2022-11-22,Marin,041,260295,46440,46293,5385,51678,314
2022-11-22,Mariposa,043,17540,3197,3156,348,3504,32
2022-11-22,Mendocino,045,87422,16322,16255,4593,20848,136
2022-11-22,Merced,047,269075,73708,73259,12028,85287,876
2022-11-22,Modoc,049,8938,899,895,343,1238,11
2022-11-22,Mono,051,14174,3235,3233,274,3507,8
2022-11-22,Monterey,053,433212,95406,95169,21747,116916,775
2022-11-22,Napa,055,140530,32818,32736,1441,34177,161
2022-11-22,Nevada,057,99092,19428,19310,2023,21333,132
2022-11-22,Orange,059,3164182,678394,676959,66984,743943,7565
2022-11-22,Placer,061,380077,77579,77331,9780,87111,665
2022-11-22,Plumas,063,18699,3737,3737,446,4183,13
2022-11-22,Riverside,065,2383286,705731,704180,36844,741024,6692
2022-11-22,Sacramento,067,1510023,354512,353538,35199,388737,3374
2022-11-22,San Benito,069,59416,16625,16474,999,17473,108
2022-11-22,San Bernardino,071,2135413,681471,679620,31898,711518,8133
2022-11-22,San Diego,073,3302833,940236,938583,74199,1012782,5562
2022-11-22,San Francisco,075,870044,184205,183671,12493,196164,1076
2022-11-22,San Joaquin,077,732212,201310,200474,15503,215977,2344
2022-11-22,San Luis Obispo,079,281455,64181,63962,7326,71288,530
2022-11-22,San Mateo,081,765935,173080,172573,10689,183262,748
2022-11-22,Santa Barbara,083,443738,107459,107184,7050,114234,735
2022-11-22,Santa Clara,085,1922200,447556,442182,19822,462004,2558
2022-11-22,Santa Cruz,087,273765,65065,64814,3584,68398,275
2022-11-22,Shasta,089,179085,35581,35452,7883,43335,596
2022-11-22,Sierra,091,2930,308,308,61,369,5
2022-11-22,Siskiyou,093,43540,5269,5385,3379,8764,95
2022-11-22,Solano,095,438530,107733,107446,8108,115554,469
2022-11-22,Sonoma,097,501317,108940,108690,5409,114099,530
2022-11-22,Stanislaus,099,539301,140037,139741,21934,161675,1785
2022-11-22,Sutter,101,95872,24766,24730,2476,27206,234
2022-11-22,Tehama,103,63373,13920,13857,3215,17072,216
2022-11-22,Trinity,105,12862,1437,1425,453,1878,21
2022-11-22,Tulare,107,460477,123431,123029,37408,160437,1545
2022-11-22,Tuolumne,109,53932,15975,15885,935,16820,206
2022-11-22,Ventura,111,848112,212296,211680,16315,227995,1591
2022-11-22,Yolo,113,214977,48322,48228,4513,52741,408
2022-11-22,Yuba,115,75493,19271,19233,1763,20996,132
2022-11-21,Alameda,001,1643700,356801,354457,20496,374953,2054
2022-11-21,Alpine,003,1148,139,136,1,137,0
2022-11-21,Amador,005,37829,10144,10108,945,11053,95
2022-11-21,Butte,007,227075,40229,40058,9409,49467,461
2022-11-21,Calaveras,009,45235,8667,8612,585,9197,135
2022-11-21,Colusa,011,21464,3842,3828,1306,5134,22
2022-11-21,Contra Costa,013,1133247,257321,254944,21203,276147,1479
2022-11-21,Del Norte,015,27424,7511,7492,405,7897,56
2022-11-21,El Dorado,017,186661,33146,32903,4359,37262,233
2022-11-21,Fresno,019,978130,281005,277735,32264,309999,2888
2022-11-21,Glenn,021,27897,5636,5591,1902,7493,50
2022-11-21,Humboldt,023,135768,22421,22254,5294,27548,160
2022-11-21,Imperial,025,180216,66845,66473,16806,83279,960
2022-11-21,Inyo,027,18085,4578,4530,1085,5615,60
2022-11-21,Kern,029,883053,221965,221145,66365,287510,2430
2022-11-21,Kings,031,150075,60503,60156,4235,64391,462
2022-11-21,Lake,033,64148,13092,12978,1225,14203,149
2022-11-21,Lassen,035,31185,10091,10043,1017,11060,65
2022-11-21,Los Angeles,037,10098052,3338127,3320411,190803,3511214,33830
2022-11-21,Madera,039,155013,44632,44373,8403,52776,375
2022-11-21,Marin,041,260295,46394,46115,5384,51499,314
2022-11-21,Mariposa,043,17540,3190,3138,348,3486,32
2022-11-21,Mendocino,045,87422,16314,16205,4592,20797,136
2022-11-21,Merced,047,269075,73667,73022,12026,85048,875
2022-11-21,Modoc,049,8938,897,889,342,1231,11
2022-11-21,Mono,051,14174,3235,3226,273,3499,8
2022-11-21,Monterey,053,433212,95368,94949,21722,116671,773
2022-11-21,Napa,055,140530,32797,32610,1440,34050,161
2022-11-21,Nevada,057,99092,19406,19238,2016,21254,132
2022-11-21,Orange,059,3164182,677924,674980,66792,741772,7553
2022-11-21,Placer,061,380077,77523,76976,9773,86749,662
2022-11-21,Plumas,063,18699,3737,3729,446,4175,13
2022-11-21,Riverside,065,2383286,705285,702343,36763,739106,6686
2022-11-21,Sacramento,067,1510023,354214,352117,35157,387274,3362
2022-11-21,San Benito,069,59416,16613,16410,998,17408,108
2022-11-21,San Bernardino,071,2135413,680967,677641,31841,709482,8131
2022-11-21,San Diego,073,3302833,939638,935811,74077,1009888,5557
2022-11-21,San Francisco,075,870044,184032,182855,12484,195339,1074
2022-11-21,San Joaquin,077,732212,201181,199682,15470,215152,2341
2022-11-21,San Luis Obispo,079,281455,64154,63812,7319,71131,530
2022-11-21,San Mateo,081,765935,172956,171862,10683,182545,748
2022-11-21,Santa Barbara,083,443738,107384,106885,7047,113932,733
2022-11-21,Santa Clara,085,1922200,447148,440104,19802,459906,2541
2022-11-21,Santa Cruz,087,273765,65020,64515,3577,68092,276
2022-11-21,Shasta,089,179085,35563,35346,7876,43222,595
2022-11-21,Sierra,091,2930,308,308,60,368,5
2022-11-21,Siskiyou,093,43540,5264,5364,3379,8743,95
2022-11-21,Solano,095,438530,107633,106903,8103,115006,469
2022-11-21,Sonoma,097,501317,108858,108386,5405,113791,527
2022-11-21,Stanislaus,099,539301,139960,139293,21919,161212,1785
2022-11-21,Sutter,101,95872,24750,24642,2476,27118,234
2022-11-21,Tehama,103,63373,13912,13784,3212,16996,216
2022-11-21,Trinity,105,12862,1436,1422,450,1872,20
2022-11-21,Tulare,107,460477,123358,122707,37371,160078,1545
2022-11-21,Tuolumne,109,53932,15970,15805,935,16740,209
2022-11-21,Ventura,111,848112,212156,210938,16286,227224,1586
2022-11-21,Yolo,113,214977,48293,48092,4509,52601,355
2022-11-21,Yuba,115,75493,19251,19157,1762,20919,132
2022-11-20,Alameda,001,1643700,356456,354457,20460,374917,2054
2022-11-20,Alpine,003,1148,139,136,1,137,0
2022-11-20,Amador,005,37829,10141,10108,944,11052,95
2022-11-20,Butte,007,227075,40198,40058,9391,49449,461
2022-11-20,Calaveras,009,45235,8659,8612,585,9197,135
2022-11-20,Colusa,011,21464,3840,3828,1306,5134,22
2022-11-20,Contra Costa,013,1133247,257120,254944,21187,276131,1479
2022-11-20,Del Norte,015,27424,7505,7492,405,7897,56
2022-11-20,El Dorado,017,186661,33093,32903,4356,37259,233
2022-11-20,Fresno,019,978130,280793,277735,32216,309951,2888
2022-11-20,Glenn,021,27897,5631,5591,1901,7492,50
2022-11-20,Humboldt,023,135768,22401,22254,5290,27544,160
2022-11-20,Imperial,025,180216,66779,66473,16757,83230,960
2022-11-20,Inyo,027,18085,4571,4530,1084,5614,60
2022-11-20,Kern,029,883053,221865,221145,66310,287455,2430
2022-11-20,Kings,031,150075,60454,60156,4234,64390,462
2022-11-20,Lake,033,64148,13081,12978,1219,14197,149
2022-11-20,Lassen,035,31185,10090,10043,1015,11058,65
2022-11-20,Los Angeles,037,10098052,3335279,3320411,190327,3510738,33830
2022-11-20,Madera,039,155013,44614,44373,8398,52771,375
2022-11-20,Marin,041,260295,46365,46115,5380,51495,314
2022-11-20,Mariposa,043,17540,3186,3138,348,3486,32
2022-11-20,Mendocino,045,87422,16309,16205,4589,20794,136
2022-11-20,Merced,047,269075,73589,73022,12019,85041,875
2022-11-20,Modoc,049,8938,893,889,342,1231,11
2022-11-20,Mono,051,14174,3233,3226,273,3499,8
2022-11-20,Monterey,053,433212,95328,94949,21700,116649,773
2022-11-20,Napa,055,140530,32774,32610,1437,34047,161
2022-11-20,Nevada,057,99092,19375,19238,2008,21246,132
2022-11-20,Orange,059,3164182,677463,674980,66630,741610,7553
2022-11-20,Placer,061,380077,77462,76976,9770,86746,662
2022-11-20,Plumas,063,18699,3736,3729,446,4175,13
2022-11-20,Riverside,065,2383286,704869,702343,36682,739025,6686
2022-11-20,Sacramento,067,1510023,353922,352117,35130,387247,3362
2022-11-20,San Benito,069,59416,16594,16410,997,17407,108
2022-11-20,San Bernardino,071,2135413,680450,677641,31787,709428,8131
2022-11-20,San Diego,073,3302833,938952,935811,73976,1009787,5557
2022-11-20,San Francisco,075,870044,183824,182855,12463,195318,1074
2022-11-20,San Joaquin,077,732212,201056,199682,15448,215130,2341
2022-11-20,San Luis Obispo,079,281455,64121,63812,7315,71127,530
2022-11-20,San Mateo,081,765935,172811,171862,10667,182529,748
2022-11-20,Santa Barbara,083,443738,107320,106885,7036,113921,733
2022-11-20,Santa Clara,085,1922200,446756,440104,19773,459877,2541
2022-11-20,Santa Cruz,087,273765,64950,64515,3573,68088,276
2022-11-20,Shasta,089,179085,35544,35346,7864,43210,595
2022-11-20,Sierra,091,2930,308,308,60,368,5
2022-11-20,Siskiyou,093,43540,5262,5364,3378,8742,95
2022-11-20,Solano,095,438530,107522,106903,8094,114997,469
2022-11-20,Sonoma,097,501317,108796,108386,5403,113789,527
2022-11-20,Stanislaus,099,539301,139869,139293,21899,161192,1785
2022-11-20,Sutter,101,95872,24732,24642,2475,27117,234
2022-11-20,Tehama,103,63373,13901,13784,3212,16996,216
2022-11-20,Trinity,105,12862,1436,1422,447,1869,20
2022-11-20,Tulare,107,460477,123289,122707,37328,160035,1545
2022-11-20,Tuolumne,109,53932,15958,15805,934,16739,209
2022-11-20,Ventura,111,848112,212026,210938,16262,227200,1586
2022-11-20,Yolo,113,214977,48265,48092,4499,52591,355
2022-11-20,Yuba,115,75493,19246,19157,1762,20919,132
2022-11-19,Alameda,001,1643700,356279,354457,20439,374896,2054
2022-11-19,Alpine,003,1148,139,136,1,137,0
2022-11-19,Amador,005,37829,10138,10108,944,11052,95
2022-11-19,Butte,007,227075,40186,40058,9382,49440,461
2022-11-19,Calaveras,009,45235,8656,8612,583,9195,135
2022-11-19,Colusa,011,21464,3838,3828,1306,5134,22
2022-11-19,Contra Costa,013,1133247,257024,254944,21185,276129,1479
2022-11-19,Del Norte,015,27424,7504,7492,405,7897,56
2022-11-19,El Dorado,017,186661,33070,32903,4355,37258,233
2022-11-19,Fresno,019,978130,280688,277735,32197,309932,2888
2022-11-19,Glenn,021,27897,5631,5591,1901,7492,50
2022-11-19,Humboldt,023,135768,22386,22254,5284,27538,160
2022-11-19,Imperial,025,180216,66757,66473,16749,83222,960
2022-11-19,Inyo,027,18085,4569,4530,1080,5610,60
2022-11-19,Kern,029,883053,221829,221145,66289,287434,2430
2022-11-19,Kings,031,150075,60432,60156,4232,64388,462
2022-11-19,Lake,033,64148,13076,12978,1219,14197,149
2022-11-19,Lassen,035,31185,10089,10043,1015,11058,65
2022-11-19,Los Angeles,037,10098052,3333784,3320411,190087,3510498,33830
2022-11-19,Madera,039,155013,44599,44373,8397,52770,375
2022-11-19,Marin,041,260295,46342,46115,5380,51495,314
2022-11-19,Mariposa,043,17540,3186,3138,348,3486,32
2022-11-19,Mendocino,045,87422,16306,16205,4584,20789,136
2022-11-19,Merced,047,269075,73565,73022,12016,85038,875
2022-11-19,Modoc,049,8938,893,889,342,1231,11
2022-11-19,Mono,051,14174,3233,3226,273,3499,8
2022-11-19,Monterey,053,433212,95302,94949,21690,116639,773
2022-11-19,Napa,055,140530,32763,32610,1435,34045,161
2022-11-19,Nevada,057,99092,19365,19238,2005,21243,132
2022-11-19,Orange,059,3164182,677245,674980,66551,741531,7553
2022-11-19,Placer,061,380077,77411,76976,9765,86741,662
2022-11-19,Plumas,063,18699,3736,3729,446,4175,13
2022-11-19,Riverside,065,2383286,704638,702343,36628,738971,6686
2022-11-19,Sacramento,067,1510023,353803,352117,35124,387241,3362
2022-11-19,San Benito,069,59416,16581,16410,997,17407,108
2022-11-19,San Bernardino,071,2135413,680192,677641,31758,709399,8131
2022-11-19,San Diego,073,3302833,938712,935811,73940,1009751,5557
2022-11-19,San Francisco,075,870044,183729,182855,12459,195314,1074
2022-11-19,San Joaquin,077,732212,200966,199682,15420,215102,2341
2022-11-19,San Luis Obispo,079,281455,64106,63812,7311,71123,530
2022-11-19,San Mateo,081,765935,172733,171862,10661,182523,748
2022-11-19,Santa Barbara,083,443738,107283,106885,7031,113916,733
2022-11-19,Santa Clara,085,1922200,446543,440104,19757,459861,2541
2022-11-19,Santa Cruz,087,273765,64932,64515,3571,68086,276
2022-11-19,Shasta,089,179085,35535,35346,7857,43203,595
2022-11-19,Sierra,091,2930,308,308,60,368,5
2022-11-19,Siskiyou,093,43540,5255,5364,3378,8742,95
2022-11-19,Solano,095,438530,107491,106903,8089,114992,469
2022-11-19,Sonoma,097,501317,108771,108386,5402,113788,527
2022-11-19,Stanislaus,099,539301,139808,139293,21897,161190,1785
2022-11-19,Sutter,101,95872,24723,24642,2475,27117,234
2022-11-19,Tehama,103,63373,13894,13784,3211,16995,216
2022-11-19,Trinity,105,12862,1436,1422,447,1869,20
2022-11-19,Tulare,107,460477,123252,122707,37306,160013,1545
2022-11-19,Tuolumne,109,53932,15941,15805,933,16738,209
2022-11-19,Ventura,111,848112,211946,210938,16247,227185,1586
2022-11-19,Yolo,113,214977,48248,48092,4499,52591,355
2022-11-19,Yuba,115,75493,19240,19157,1762,20919,132
2022-11-18,Alameda,001,1643700,356094,354457,20422,374879,2054
2022-11-18,Alpine,003,1148,139,136,1,137,0
2022-11-18,Amador,005,37829,10132,10108,944,11052,95
2022-11-18,Butte,007,227075,40173,40058,9375,49433,461
2022-11-18,Calaveras,009,45235,8651,8612,583,9195,135
2022-11-18,Colusa,011,21464,3836,3828,1306,5134,22
2022-11-18,Contra Costa,013,1133247,256905,254944,21179,276123,1479
2022-11-18,Del Norte,015,27424,7502,7492,405,7897,56
2022-11-18,El Dorado,017,186661,33059,32903,4354,37257,233
2022-11-18,Fresno,019,978130,280575,277735,32178,309913,2888
2022-11-18,Glenn,021,27897,5630,5591,1901,7492,50
2022-11-18,Humboldt,023,135768,22373,22254,5280,27534,160
2022-11-18,Imperial,025,180216,66740,66473,16738,83211,960
2022-11-18,Inyo,027,18085,4567,4530,1075,5605,60
2022-11-18,Kern,029,883053,221797,221145,66240,287385,2430
2022-11-18,Kings,031,150075,60413,60156,4230,64386,462
2022-11-18,Lake,033,64148,13072,12978,1219,14197,149
2022-11-18,Lassen,035,31185,10089,10043,1015,11058,65
2022-11-18,Los Angeles,037,10098052,3332390,3320411,189836,3510247,33830
2022-11-18,Madera,039,155013,44577,44373,8391,52764,375
2022-11-18,Marin,041,260295,46321,46115,5376,51491,314
2022-11-18,Mariposa,043,17540,3179,3138,348,3486,32
2022-11-18,Mendocino,045,87422,16303,16205,4583,20788,136
2022-11-18,Merced,047,269075,73546,73022,12012,85034,875
2022-11-18,Modoc,049,8938,893,889,341,1230,11
2022-11-18,Mono,051,14174,3233,3226,272,3498,8
2022-11-18,Monterey,053,433212,95276,94949,21679,116628,773
2022-11-18,Napa,055,140530,32752,32610,1435,34045,161
2022-11-18,Nevada,057,99092,19358,19238,1996,21234,132
2022-11-18,Orange,059,3164182,677044,674980,66451,741431,7553
2022-11-18,Placer,061,380077,77377,76976,9758,86734,662
2022-11-18,Plumas,063,18699,3735,3729,445,4174,13
2022-11-18,Riverside,065,2383286,704423,702343,36584,738927,6686
2022-11-18,Sacramento,067,1510023,353645,352117,35106,387223,3362
2022-11-18,San Benito,069,59416,16578,16410,997,17407,108
2022-11-18,San Bernardino,071,2135413,679972,677641,31734,709375,8131
2022-11-18,San Diego,073,3302833,938375,935811,73904,1009715,5557
2022-11-18,San Francisco,075,870044,183626,182855,12437,195292,1074
2022-11-18,San Joaquin,077,732212,200890,199682,15406,215088,2341
2022-11-18,San Luis Obispo,079,281455,64090,63812,7308,71120,530
2022-11-18,San Mateo,081,765935,172674,171862,10652,182514,748
2022-11-18,Santa Barbara,083,443738,107255,106885,7027,113912,733
2022-11-18,Santa Clara,085,1922200,446312,440104,19741,459845,2541
2022-11-18,Santa Cruz,087,273765,64909,64515,3568,68083,276
2022-11-18,Shasta,089,179085,35526,35346,7853,43199,595
2022-11-18,Sierra,091,2930,308,308,60,368,5
2022-11-18,Siskiyou,093,43540,5253,5364,3378,8742,95
2022-11-18,Solano,095,438530,107435,106903,8087,114990,469
2022-11-18,Sonoma,097,501317,108736,108386,5400,113786,527
2022-11-18,Stanislaus,099,539301,139759,139293,21891,161184,1785
2022-11-18,Sutter,101,95872,24716,24642,2475,27117,234
2022-11-18,Tehama,103,63373,13890,13784,3210,16994,216
2022-11-18,Trinity,105,12862,1436,1422,446,1868,20
2022-11-18,Tulare,107,460477,123208,122707,37273,159980,1545
2022-11-18,Tuolumne,109,53932,15928,15805,933,16738,209
2022-11-18,Ventura,111,848112,211868,210938,16226,227164,1586
2022-11-18,Yolo,113,214977,48233,48092,4494,52586,355
2022-11-18,Yuba,115,75493,19229,19157,1762,20919,132
2022-11-17,Alameda,001,1643700,355836,354457,20392,374849,2054
2022-11-17,Alpine,003,1148,138,136,1,137,0
2022-11-17,Amador,005,37829,10129,10108,944,11052,95
2022-11-17,Butte,007,227075,40150,40058,9364,49422,461
2022-11-17,Calaveras,009,45235,8646,8612,581,9193,135
2022-11-17,Colusa,011,21464,3836,3828,1306,5134,22
2022-11-17,Contra Costa,013,1133247,256754,254944,21169,276113,1479
2022-11-17,Del Norte,015,27424,7498,7492,405,7897,56
2022-11-17,El Dorado,017,186661,33029,32903,4354,37257,233
2022-11-17,Fresno,019,978130,280411,277735,32152,309887,2888
2022-11-17,Glenn,021,27897,5624,5591,1897,7488,50
2022-11-17,Humboldt,023,135768,22366,22254,5276,27530,160
2022-11-17,Imperial,025,180216,66689,66473,16699,83172,960
2022-11-17,Inyo,027,18085,4560,4530,1073,5603,60
2022-11-17,Kern,029,883053,221721,221145,66203,287348,2430
2022-11-17,Kings,031,150075,60377,60156,4224,64380,462
2022-11-17,Lake,033,64148,13066,12978,1219,14197,149
2022-11-17,Lassen,035,31185,10082,10043,1012,11055,65
2022-11-17,Los Angeles,037,10098052,3330450,3320411,189550,3509961,33830
2022-11-17,Madera,039,155013,44521,44373,8387,52760,375
2022-11-17,Marin,041,260295,46294,46115,5372,51487,314
2022-11-17,Mariposa,043,17540,3174,3138,348,3486,32
2022-11-17,Mendocino,045,87422,16297,16205,4583,20788,136
2022-11-17,Merced,047,269075,73507,73022,12009,85031,875
2022-11-17,Modoc,049,8938,891,889,341,1230,11
2022-11-17,Mono,051,14174,3232,3226,272,3498,8
2022-11-17,Monterey,053,433212,95246,94949,21661,116610,773
2022-11-17,Napa,055,140530,32728,32610,1434,34044,161
2022-11-17,Nevada,057,99092,19346,19238,1992,21230,132
2022-11-17,Orange,059,3164182,676728,674980,66330,741310,7553
2022-11-17,Placer,061,380077,77332,76976,9752,86728,662
2022-11-17,Plumas,063,18699,3731,3729,445,4174,13
2022-11-17,Riverside,065,2383286,704123,702343,36536,738879,6686
2022-11-17,Sacramento,067,1510023,353426,352117,35075,387192,3362
2022-11-17,San Benito,069,59416,16570,16410,995,17405,108
2022-11-17,San Bernardino,071,2135413,679657,677641,31700,709341,8131
2022-11-17,San Diego,073,3302833,937967,935811,73853,1009664,5557
2022-11-17,San Francisco,075,870044,183498,182855,12418,195273,1074
2022-11-17,San Joaquin,077,732212,200770,199682,15366,215048,2341
2022-11-17,San Luis Obispo,079,281455,64069,63812,7305,71117,530
2022-11-17,San Mateo,081,765935,172574,171862,10650,182512,748
2022-11-17,Santa Barbara,083,443738,107215,106885,7024,113909,733
2022-11-17,Santa Clara,085,1922200,445972,440104,19716,459820,2541
2022-11-17,Santa Cruz,087,273765,64872,64515,3566,68081,276
2022-11-17,Shasta,089,179085,35514,35346,7844,43190,595
2022-11-17,Sierra,091,2930,308,308,60,368,5
2022-11-17,Siskiyou,093,43540,5250,5364,3378,8742,95
2022-11-17,Solano,095,438530,107369,106903,8084,114987,469
2022-11-17,Sonoma,097,501317,108686,108386,5399,113785,527
2022-11-17,Stanislaus,099,539301,139699,139293,21878,161171,1785
2022-11-17,Sutter,101,95872,24705,24642,2475,27117,234
2022-11-17,Tehama,103,63373,13876,13784,3208,16992,216
2022-11-17,Trinity,105,12862,1434,1422,443,1865,20
2022-11-17,Tulare,107,460477,123140,122707,37243,159950,1545
2022-11-17,Tuolumne,109,53932,15912,15805,933,16738,209
2022-11-17,Ventura,111,848112,211767,210938,16205,227143,1586
2022-11-17,Yolo,113,214977,48222,48092,4489,52581,355
2022-11-17,Yuba,115,75493,19214,19157,1760,20917,132
2022-11-16,Alameda,001,1643700,355605,354457,20369,374826,2054
2022-11-16,Alpine,003,1148,138,136,1,137,0
2022-11-16,Amador,005,37829,10122,10108,944,11052,95
2022-11-16,Butte,007,227075,40127,40058,9348,49406,461
2022-11-16,Calaveras,009,45235,8639,8612,580,9192,135
2022-11-16,Colusa,011,21464,3834,3828,1305,5133,22
2022-11-16,Contra Costa,013,1133247,256625,254944,21149,276093,1479
2022-11-16,Del Norte,015,27424,7498,7492,405,7897,56
2022-11-16,El Dorado,017,186661,33006,32903,4353,37256,233
2022-11-16,Fresno,019,978130,280254,277735,32128,309863,2888
2022-11-16,Glenn,021,27897,5621,5591,1896,7487,50
2022-11-16,Humboldt,023,135768,22349,22254,5270,27524,160
2022-11-16,Imperial,025,180216,66650,66473,16636,83109,960
2022-11-16,Inyo,027,18085,4555,4530,1066,5596,60
2022-11-16,Kern,029,883053,221640,221145,66155,287300,2430
2022-11-16,Kings,031,150075,60318,60156,4220,64376,462
2022-11-16,Lake,033,64148,13051,12978,1219,14197,149
2022-11-16,Lassen,035,31185,10078,10043,1010,11053,65
2022-11-16,Los Angeles,037,10098052,3328637,3320411,189240,3509651,33830
2022-11-16,Madera,039,155013,44501,44373,8381,52754,375
2022-11-16,Marin,041,260295,46268,46115,5367,51482,314
2022-11-16,Mariposa,043,17540,3174,3138,348,3486,32
2022-11-16,Mendocino,045,87422,16292,16205,4581,20786,136
2022-11-16,Merced,047,269075,73456,73022,12003,85025,875
2022-11-16,Modoc,049,8938,890,889,341,1230,11
2022-11-16,Mono,051,14174,3232,3226,272,3498,8
2022-11-16,Monterey,053,433212,95208,94949,21640,116589,773
2022-11-16,Napa,055,140530,32698,32610,1431,34041,161
2022-11-16,Nevada,057,99092,19335,19238,1989,21227,132
2022-11-16,Orange,059,3164182,676411,674980,66200,741180,7553
2022-11-16,Placer,061,380077,77273,76976,9750,86726,662
2022-11-16,Plumas,063,18699,3731,3729,445,4174,13
2022-11-16,Riverside,065,2383286,703803,702343,36473,738816,6686
2022-11-16,Sacramento,067,1510023,353181,352117,35047,387164,3362
2022-11-16,San Benito,069,59416,16561,16410,993,17403,108
2022-11-16,San Bernardino,071,2135413,679292,677641,31679,709320,8131
2022-11-16,San Diego,073,3302833,937497,935811,73800,1009611,5557
2022-11-16,San Francisco,075,870044,183367,182855,12407,195262,1074
2022-11-16,San Joaquin,077,732212,200648,199682,15355,215037,2341
2022-11-16,San Luis Obispo,079,281455,64046,63812,7300,71112,530
2022-11-16,San Mateo,081,765935,172470,171862,10644,182506,748
2022-11-16,Santa Barbara,083,443738,107165,106885,7014,113899,733
2022-11-16,Santa Clara,085,1922200,445635,440104,19697,459801,2541
2022-11-16,Santa Cruz,087,273765,64830,64515,3565,68080,276
2022-11-16,Shasta,089,179085,35505,35346,7837,43183,595
2022-11-16,Sierra,091,2930,308,308,60,368,5
2022-11-16,Siskiyou,093,43540,5247,5364,3377,8741,95
2022-11-16,Solano,095,438530,107300,106903,8078,114981,469
2022-11-16,Sonoma,097,501317,108635,108386,5397,113783,527
2022-11-16,Stanislaus,099,539301,139638,139293,21866,161159,1785
2022-11-16,Sutter,101,95872,24690,24642,2475,27117,234
2022-11-16,Tehama,103,63373,13865,13784,3194,16978,216
2022-11-16,Trinity,105,12862,1433,1422,442,1864,20
2022-11-16,Tulare,107,460477,123081,122707,37207,159914,1545
2022-11-16,Tuolumne,109,53932,15897,15805,933,16738,209
2022-11-16,Ventura,111,848112,211651,210938,16183,227121,1586
2022-11-16,Yolo,113,214977,48199,48092,4483,52575,355
2022-11-16,Yuba,115,75493,19200,19157,1760,20917,132
2022-11-15,Alameda,001,1643700,355371,354457,20358,374815,2054
2022-11-15,Alpine,003,1148,138,136,1,137,0
2022-11-15,Amador,005,37829,10116,10108,944,11052,95
2022-11-15,Butte,007,227075,40110,40058,9341,49399,461
2022-11-15,Calaveras,009,45235,8633,8612,580,9192,135
2022-11-15,Colusa,011,21464,3833,3828,1305,5133,22
2022-11-15,Contra Costa,013,1133247,256474,254944,21129,276073,1479
2022-11-15,Del Norte,015,27424,7496,7492,405,7897,56
2022-11-15,El Dorado,017,186661,32980,32903,4348,37251,233
2022-11-15,Fresno,019,978130,280085,277735,32091,309826,2888
2022-11-15,Glenn,021,27897,5617,5591,1895,7486,50
2022-11-15,Humboldt,023,135768,22334,22254,5263,27517,160
2022-11-15,Imperial,025,180216,66613,66473,16600,83073,960
2022-11-15,Inyo,027,18085,4551,4530,1062,5592,60
2022-11-15,Kern,029,883053,221557,221145,65787,286932,2430
2022-11-15,Kings,031,150075,60280,60156,4217,64373,462
2022-11-15,Lake,033,64148,13044,12978,1219,14197,149
2022-11-15,Lassen,035,31185,10071,10043,1009,11052,65
2022-11-15,Los Angeles,037,10098052,3326774,3320411,188971,3509382,33830
2022-11-15,Madera,039,155013,44481,44373,8378,52751,375
2022-11-15,Marin,041,260295,46245,46115,5364,51479,314
2022-11-15,Mariposa,043,17540,3171,3138,348,3486,32
2022-11-15,Mendocino,045,87422,16286,16205,4578,20783,136
2022-11-15,Merced,047,269075,73426,73022,11995,85017,875
2022-11-15,Modoc,049,8938,889,889,341,1230,11
2022-11-15,Mono,051,14174,3232,3226,272,3498,8
2022-11-15,Monterey,053,433212,95176,94949,21611,116560,773
2022-11-15,Napa,055,140530,32674,32610,1430,34040,161
2022-11-15,Nevada,057,99092,19322,19238,1983,21221,132
2022-11-15,Orange,059,3164182,676064,674980,66075,741055,7553
2022-11-15,Placer,061,380077,77226,76976,9744,86720,662
2022-11-15,Plumas,063,18699,3730,3729,445,4174,13
2022-11-15,Riverside,065,2383286,703482,702343,36422,738765,6686
2022-11-15,Sacramento,067,1510023,352936,352117,35014,387131,3362
2022-11-15,San Benito,069,59416,16558,16410,993,17403,108
2022-11-15,San Bernardino,071,2135413,679021,677641,31648,709289,8131
2022-11-15,San Diego,073,3302833,937031,935811,73746,1009557,5557
2022-11-15,San Francisco,075,870044,183241,182855,12394,195249,1074
2022-11-15,San Joaquin,077,732212,200531,199682,15339,215021,2341
2022-11-15,San Luis Obispo,079,281455,64013,63812,7295,71107,530
2022-11-15,San Mateo,081,765935,172359,171862,10639,182501,748
2022-11-15,Santa Barbara,083,443738,107122,106885,7009,113894,733
2022-11-15,Santa Clara,085,1922200,445316,440104,19682,459786,2541
2022-11-15,Santa Cruz,087,273765,64790,64515,3563,68078,276
2022-11-15,Shasta,089,179085,35493,35346,7823,43169,595
2022-11-15,Sierra,091,2930,308,308,60,368,5
2022-11-15,Siskiyou,093,43540,5243,5364,3377,8741,95
2022-11-15,Solano,095,438530,107214,106903,8071,114974,469
2022-11-15,Sonoma,097,501317,108592,108386,5391,113777,527
2022-11-15,Stanislaus,099,539301,139570,139293,21840,161133,1785
2022-11-15,Sutter,101,95872,24680,24642,2474,27116,234
2022-11-15,Tehama,103,63373,13852,13784,3189,16973,216
2022-11-15,Trinity,105,12862,1432,1422,442,1864,20
2022-11-15,Tulare,107,460477,123009,122707,37165,159872,1545
2022-11-15,Tuolumne,109,53932,15891,15805,933,16738,209
2022-11-15,Ventura,111,848112,211539,210938,16171,227109,1586
2022-11-15,Yolo,113,214977,48175,48092,4477,52569,355
2022-11-15,Yuba,115,75493,19190,19157,1758,20915,132
2022-11-14,Alameda,001,1643700,355095,352725,20330,373055,2050
2022-11-14,Alpine,003,1148,138,136,1,137,0
2022-11-14,Amador,005,37829,10116,10080,944,11024,95
2022-11-14,Butte,007,227075,40085,39935,9334,49269,461
2022-11-14,Calaveras,009,45235,8627,8590,580,9170,135
2022-11-14,Colusa,011,21464,3833,3822,1304,5126,22
2022-11-14,Contra Costa,013,1133247,256326,253870,21121,274991,1469
2022-11-14,Del Norte,015,27424,7495,7472,405,7877,56
2022-11-14,El Dorado,017,186661,32959,32713,4348,37061,232
2022-11-14,Fresno,019,978130,279939,276921,32061,308982,2887
2022-11-14,Glenn,021,27897,5615,5570,1894,7464,48
2022-11-14,Humboldt,023,135768,22316,22176,5253,27429,160
2022-11-14,Imperial,025,180216,66565,66182,16560,82742,960
2022-11-14,Inyo,027,18085,4549,4520,1057,5577,60
2022-11-14,Kern,029,883053,221484,220676,65734,286410,2430
2022-11-14,Kings,031,150075,60206,59955,4211,64166,461
2022-11-14,Lake,033,64148,13037,12931,1215,14146,149
2022-11-14,Lassen,035,31185,10057,10019,1008,11027,65
2022-11-14,Los Angeles,037,10098052,3325008,3311644,188663,3500307,33784
2022-11-14,Madera,039,155013,44464,44281,8375,52656,375
2022-11-14,Marin,041,260295,46215,45924,5362,51286,314
2022-11-14,Mariposa,043,17540,3171,3124,348,3472,32
2022-11-14,Mendocino,045,87422,16276,16164,4574,20738,136
2022-11-14,Merced,047,269075,73398,72817,11987,84804,870
2022-11-14,Modoc,049,8938,889,887,334,1221,11
2022-11-14,Mono,051,14174,3232,3218,272,3490,8
2022-11-14,Monterey,053,433212,95140,94708,21582,116290,772
2022-11-14,Napa,055,140530,32653,32510,1428,33938,162
2022-11-14,Nevada,057,99092,19313,19171,1978,21149,132
2022-11-14,Orange,059,3164182,675772,673328,65961,739289,7546
2022-11-14,Placer,061,380077,77165,76490,9737,86227,662
2022-11-14,Plumas,063,18699,3730,3723,445,4168,13
2022-11-14,Riverside,065,2383286,703143,700602,36362,736964,6660
2022-11-14,Sacramento,067,1510023,352692,350522,34984,385506,3358
2022-11-14,San Benito,069,59416,16549,16350,992,17342,108
2022-11-14,San Bernardino,071,2135413,678637,676086,31599,707685,8126
2022-11-14,San Diego,073,3302833,936443,933599,73688,1007287,5538
2022-11-14,San Francisco,075,870044,183094,181964,12384,194348,1072
2022-11-14,San Joaquin,077,732212,200417,199089,15324,214413,2340
2022-11-14,San Luis Obispo,079,281455,63984,63683,7292,70975,525
2022-11-14,San Mateo,081,765935,172220,171191,10629,181820,748
2022-11-14,Santa Barbara,083,443738,107063,106642,7008,113650,733
2022-11-14,Santa Clara,085,1922200,444987,438278,19654,457932,2535
2022-11-14,Santa Cruz,087,273765,64734,64221,3559,67780,274
2022-11-14,Shasta,089,179085,35472,35246,7810,43056,594
2022-11-14,Sierra,091,2930,308,309,60,369,5
2022-11-14,Siskiyou,093,43540,5240,5337,3376,8713,94
2022-11-14,Solano,095,438530,107144,106391,8064,114455,468
2022-11-14,Sonoma,097,501317,108535,108080,5385,113465,525
2022-11-14,Stanislaus,099,539301,139514,138963,21831,160794,1785
2022-11-14,Sutter,101,95872,24658,24537,2474,27011,235
2022-11-14,Tehama,103,63373,13840,13745,3186,16931,216
2022-11-14,Trinity,105,12862,1431,1414,440,1854,20
2022-11-14,Tulare,107,460477,122927,122447,37137,159584,1544
2022-11-14,Tuolumne,109,53932,15873,15727,933,16660,201
2022-11-14,Ventura,111,848112,211429,210439,16153,226592,1585
2022-11-14,Yolo,113,214977,48160,47953,4474,52427,354
2022-11-14,Yuba,115,75493,19181,19098,1758,20856,132
2022-11-13,Alameda,001,1643700,354781,352725,20306,373031,2050
2022-11-13,Alpine,003,1148,137,136,1,137,0
2022-11-13,Amador,005,37829,10113,10080,943,11023,95
2022-11-13,Butte,007,227075,40057,39935,9326,49261,461
2022-11-13,Calaveras,009,45235,8624,8590,577,9167,135
2022-11-13,Colusa,011,21464,3831,3822,1302,5124,22
2022-11-13,Contra Costa,013,1133247,256138,253870,21104,274974,1469
2022-11-13,Del Norte,015,27424,7492,7472,405,7877,56
2022-11-13,El Dorado,017,186661,32936,32713,4346,37059,232
2022-11-13,Fresno,019,978130,279757,276921,32029,308950,2887
2022-11-13,Glenn,021,27897,5607,5570,1894,7464,48
2022-11-13,Humboldt,023,135768,22300,22176,5245,27421,160
2022-11-13,Imperial,025,180216,66502,66182,16511,82693,960
2022-11-13,Inyo,027,18085,4544,4520,1056,5576,60
2022-11-13,Kern,029,883053,221372,220676,65655,286331,2430
2022-11-13,Kings,031,150075,60165,59955,4194,64149,461
2022-11-13,Lake,033,64148,13016,12931,1214,14145,149
2022-11-13,Lassen,035,31185,10041,10019,1008,11027,65
2022-11-13,Los Angeles,037,10098052,3323063,3311644,188384,3500028,33784
2022-11-13,Madera,039,155013,44447,44281,8362,52643,375
2022-11-13,Marin,041,260295,46182,45924,5361,51285,314
2022-11-13,Mariposa,043,17540,3168,3124,348,3472,32
2022-11-13,Mendocino,045,87422,16266,16164,4563,20727,136
2022-11-13,Merced,047,269075,73358,72817,11977,84794,870
2022-11-13,Modoc,049,8938,889,887,331,1218,11
2022-11-13,Mono,051,14174,3232,3218,272,3490,8
2022-11-13,Monterey,053,433212,95095,94708,21549,116257,772
2022-11-13,Napa,055,140530,32635,32510,1427,33937,162
2022-11-13,Nevada,057,99092,19291,19171,1965,21136,132
2022-11-13,Orange,059,3164182,675432,673328,65823,739151,7546
2022-11-13,Placer,061,380077,77099,76490,9734,86224,662
2022-11-13,Plumas,063,18699,3729,3723,445,4168,13
2022-11-13,Riverside,065,2383286,702756,700602,36299,736901,6660
2022-11-13,Sacramento,067,1510023,352442,350522,34938,385460,3358
2022-11-13,San Benito,069,59416,16540,16350,991,17341,108
2022-11-13,San Bernardino,071,2135413,678243,676086,31563,707649,8126
2022-11-13,San Diego,073,3302833,935866,933599,73626,1007225,5538
2022-11-13,San Francisco,075,870044,182955,181964,12372,194336,1072
2022-11-13,San Joaquin,077,732212,200271,199089,15308,214397,2340
2022-11-13,San Luis Obispo,079,281455,63963,63683,7291,70974,525
2022-11-13,San Mateo,081,765935,172090,171191,10624,181815,748
2022-11-13,Santa Barbara,083,443738,107001,106642,6997,113639,733
2022-11-13,Santa Clara,085,1922200,444616,438278,19633,457911,2535
2022-11-13,Santa Cruz,087,273765,64670,64221,3556,67777,274
2022-11-13,Shasta,089,179085,35451,35246,7799,43045,594
2022-11-13,Sierra,091,2930,308,309,60,369,5
2022-11-13,Siskiyou,093,43540,5233,5337,3374,8711,94
2022-11-13,Solano,095,438530,107047,106391,8061,114452,468
2022-11-13,Sonoma,097,501317,108481,108080,5381,113461,525
2022-11-13,Stanislaus,099,539301,139452,138963,21823,160786,1785
2022-11-13,Sutter,101,95872,24645,24537,2472,27009,235
2022-11-13,Tehama,103,63373,13823,13745,3182,16927,216
2022-11-13,Trinity,105,12862,1430,1414,438,1852,20
2022-11-13,Tulare,107,460477,122859,122447,37099,159546,1544
2022-11-13,Tuolumne,109,53932,15861,15727,933,16660,201
2022-11-13,Ventura,111,848112,211314,210439,16139,226578,1585
2022-11-13,Yolo,113,214977,48134,47953,4472,52425,354
2022-11-13,Yuba,115,75493,19167,19098,1756,20854,132
2022-11-12,Alameda,001,1643700,354636,352725,20292,373017,2050
2022-11-12,Alpine,003,1148,137,136,1,137,0
2022-11-12,Amador,005,37829,10112,10080,943,11023,95
2022-11-12,Butte,007,227075,40045,39935,9316,49251,461
2022-11-12,Calaveras,009,45235,8618,8590,576,9166,135
2022-11-12,Colusa,011,21464,3830,3822,1301,5123,22
2022-11-12,Contra Costa,013,1133247,256018,253870,21102,274972,1469
2022-11-12,Del Norte,015,27424,7491,7472,405,7877,56
2022-11-12,El Dorado,017,186661,32919,32713,4344,37057,232
2022-11-12,Fresno,019,978130,279691,276921,32019,308940,2887
2022-11-12,Glenn,021,27897,5603,5570,1894,7464,48
2022-11-12,Humboldt,023,135768,22289,22176,5239,27415,160
2022-11-12,Imperial,025,180216,66489,66182,16499,82681,960
2022-11-12,Inyo,027,18085,4542,4520,1056,5576,60
2022-11-12,Kern,029,883053,221333,220676,65630,286306,2430
2022-11-12,Kings,031,150075,60133,59955,4189,64144,461
2022-11-12,Lake,033,64148,13011,12931,1214,14145,149
2022-11-12,Lassen,035,31185,10036,10019,1008,11027,65
2022-11-12,Los Angeles,037,10098052,3322099,3311644,188217,3499861,33784
2022-11-12,Madera,039,155013,44437,44281,8362,52643,375
2022-11-12,Marin,041,260295,46165,45924,5360,51284,314
2022-11-12,Mariposa,043,17540,3167,3124,348,3472,32
2022-11-12,Mendocino,045,87422,16262,16164,4563,20727,136
2022-11-12,Merced,047,269075,73341,72817,11974,84791,870
2022-11-12,Modoc,049,8938,889,887,331,1218,11
2022-11-12,Mono,051,14174,3231,3218,272,3490,8
2022-11-12,Monterey,053,433212,95067,94708,21525,116233,772
2022-11-12,Napa,055,140530,32623,32510,1427,33937,162
2022-11-12,Nevada,057,99092,19282,19171,1964,21135,132
2022-11-12,Orange,059,3164182,675274,673328,65748,739076,7546
2022-11-12,Placer,061,380077,77053,76490,9730,86220,662
2022-11-12,Plumas,063,18699,3729,3723,445,4168,13
2022-11-12,Riverside,065,2383286,702577,700602,36261,736863,6660
2022-11-12,Sacramento,067,1510023,352334,350522,34927,385449,3358
2022-11-12,San Benito,069,59416,16536,16350,991,17341,108
2022-11-12,San Bernardino,071,2135413,678028,676086,31544,707630,8126
2022-11-12,San Diego,073,3302833,935627,933599,73594,1007193,5538
2022-11-12,San Francisco,075,870044,182891,181964,12363,194327,1072
2022-11-12,San Joaquin,077,732212,200212,199089,15300,214389,2340
2022-11-12,San Luis Obispo,079,281455,63949,63683,7288,70971,525
2022-11-12,San Mateo,081,765935,172025,171191,10615,181806,748
2022-11-12,Santa Barbara,083,443738,106980,106642,6994,113636,733
2022-11-12,Santa Clara,085,1922200,444415,438278,19617,457895,2535
2022-11-12,Santa Cruz,087,273765,64657,64221,3553,67774,274
2022-11-12,Shasta,089,179085,35438,35246,7795,43041,594
2022-11-12,Sierra,091,2930,308,309,60,369,5
2022-11-12,Siskiyou,093,43540,5228,5337,3373,8710,94
2022-11-12,Solano,095,438530,107014,106391,8055,114446,468
2022-11-12,Sonoma,097,501317,108459,108080,5377,113457,525
2022-11-12,Stanislaus,099,539301,139412,138963,21821,160784,1785
2022-11-12,Sutter,101,95872,24635,24537,2472,27009,235
2022-11-12,Tehama,103,63373,13817,13745,3175,16920,216
2022-11-12,Trinity,105,12862,1429,1414,437,1851,20
2022-11-12,Tulare,107,460477,122823,122447,37084,159531,1544
2022-11-12,Tuolumne,109,53932,15850,15727,933,16660,201
2022-11-12,Ventura,111,848112,211239,210439,16128,226567,1585
2022-11-12,Yolo,113,214977,48109,47953,4469,52422,354
2022-11-12,Yuba,115,75493,19160,19098,1754,20852,132
2022-11-11,Alameda,001,1643700,354491,352725,20280,373005,2050
2022-11-11,Alpine,003,1148,137,136,1,137,0
2022-11-11,Amador,005,37829,10104,10080,943,11023,95
2022-11-11,Butte,007,227075,40037,39935,9310,49245,461
2022-11-11,Calaveras,009,45235,8615,8590,576,9166,135
2022-11-11,Colusa,011,21464,3825,3822,1300,5122,22
2022-11-11,Contra Costa,013,1133247,255914,253870,21097,274967,1469
2022-11-11,Del Norte,015,27424,7486,7472,405,7877,56
2022-11-11,El Dorado,017,186661,32905,32713,4341,37054,232
2022-11-11,Fresno,019,978130,279613,276921,32006,308927,2887
2022-11-11,Glenn,021,27897,5601,5570,1894,7464,48
2022-11-11,Humboldt,023,135768,22276,22176,5236,27412,160
2022-11-11,Imperial,025,180216,66473,66182,16486,82668,960
2022-11-11,Inyo,027,18085,4541,4520,1053,5573,60
2022-11-11,Kern,029,883053,221293,220676,65589,286265,2430
2022-11-11,Kings,031,150075,60117,59955,4184,64139,461
2022-11-11,Lake,033,64148,13008,12931,1214,14145,149
2022-11-11,Lassen,035,31185,10034,10019,1008,11027,65
2022-11-11,Los Angeles,037,10098052,3321151,3311644,188050,3499694,33784
2022-11-11,Madera,039,155013,44420,44281,8356,52637,375
2022-11-11,Marin,041,260295,46139,45924,5359,51283,314
2022-11-11,Mariposa,043,17540,3165,3124,348,3472,32
2022-11-11,Mendocino,045,87422,16258,16164,4563,20727,136
2022-11-11,Merced,047,269075,73321,72817,11971,84788,870
2022-11-11,Modoc,049,8938,888,887,331,1218,11
2022-11-11,Mono,051,14174,3230,3218,272,3490,8
2022-11-11,Monterey,053,433212,95052,94708,21509,116217,772
2022-11-11,Napa,055,140530,32613,32510,1426,33936,162
2022-11-11,Nevada,057,99092,19274,19171,1964,21135,132
2022-11-11,Orange,059,3164182,675112,673328,65683,739011,7546
2022-11-11,Placer,061,380077,77028,76490,9727,86217,662
2022-11-11,Plumas,063,18699,3729,3723,445,4168,13
2022-11-11,Riverside,065,2383286,702415,700602,36235,736837,6660
2022-11-11,Sacramento,067,1510023,352214,350522,34918,385440,3358
2022-11-11,San Benito,069,59416,16533,16350,991,17341,108
2022-11-11,San Bernardino,071,2135413,677839,676086,31529,707615,8126
2022-11-11,San Diego,073,3302833,935349,933599,73573,1007172,5538
2022-11-11,San Francisco,075,870044,182819,181964,12350,194314,1072
2022-11-11,San Joaquin,077,732212,200145,199089,15292,214381,2340
2022-11-11,San Luis Obispo,079,281455,63940,63683,7287,70970,525
2022-11-11,San Mateo,081,765935,171958,171191,10612,181803,748
2022-11-11,Santa Barbara,083,443738,106969,106642,6992,113634,733
2022-11-11,Santa Clara,085,1922200,444241,438278,19611,457889,2535
2022-11-11,Santa Cruz,087,273765,64627,64221,3553,67774,274
2022-11-11,Shasta,089,179085,35428,35246,7791,43037,594
2022-11-11,Sierra,091,2930,308,309,60,369,5
2022-11-11,Siskiyou,093,43540,5226,5337,3373,8710,94
2022-11-11,Solano,095,438530,106986,106391,8053,114444,468
2022-11-11,Sonoma,097,501317,108429,108080,5375,113455,525
2022-11-11,Stanislaus,099,539301,139372,138963,21814,160777,1785
2022-11-11,Sutter,101,95872,24627,24537,2472,27009,235
2022-11-11,Tehama,103,63373,13809,13745,3173,16918,216
2022-11-11,Trinity,105,12862,1426,1414,437,1851,20
2022-11-11,Tulare,107,460477,122793,122447,37063,159510,1544
2022-11-11,Tuolumne,109,53932,15840,15727,933,16660,201
2022-11-11,Ventura,111,848112,211174,210439,16113,226552,1585
2022-11-11,Yolo,113,214977,48097,47953,4469,52422,354
2022-11-11,Yuba,115,75493,19153,19098,1754,20852,132
2022-11-10,Alameda,001,1643700,354304,352725,20270,372995,2050
2022-11-10,Alpine,003,1148,137,136,1,137,0
2022-11-10,Amador,005,37829,10104,10080,943,11023,95
2022-11-10,Butte,007,227075,40024,39935,9306,49241,461
2022-11-10,Calaveras,009,45235,8612,8590,574,9164,135
2022-11-10,Colusa,011,21464,3825,3822,1298,5120,22
2022-11-10,Contra Costa,013,1133247,255796,253870,21092,274962,1469
2022-11-10,Del Norte,015,27424,7486,7472,405,7877,56
2022-11-10,El Dorado,017,186661,32882,32713,4340,37053,232
2022-11-10,Fresno,019,978130,279500,276921,31994,308915,2887
2022-11-10,Glenn,021,27897,5599,5570,1894,7464,48
2022-11-10,Humboldt,023,135768,22270,22176,5232,27408,160
2022-11-10,Imperial,025,180216,66444,66182,16453,82635,960
2022-11-10,Inyo,027,18085,4540,4520,1051,5571,60
2022-11-10,Kern,029,883053,221241,220676,65538,286214,2430
2022-11-10,Kings,031,150075,60098,59955,4183,64138,461
2022-11-10,Lake,033,64148,13006,12931,1213,14144,149
2022-11-10,Lassen,035,31185,10031,10019,1008,11027,65
2022-11-10,Los Angeles,037,10098052,3319885,3311644,187892,3499536,33784
2022-11-10,Madera,039,155013,44406,44281,8350,52631,375
2022-11-10,Marin,041,260295,46117,45924,5359,51283,314
2022-11-10,Mariposa,043,17540,3165,3124,348,3472,32
2022-11-10,Mendocino,045,87422,16251,16164,4562,20726,136
2022-11-10,Merced,047,269075,73306,72817,11969,84786,870
2022-11-10,Modoc,049,8938,887,887,331,1218,11
2022-11-10,Mono,051,14174,3229,3218,272,3490,8
2022-11-10,Monterey,053,433212,95028,94708,21483,116191,772
2022-11-10,Napa,055,140530,32600,32510,1425,33935,162
2022-11-10,Nevada,057,99092,19264,19171,1962,21133,132
2022-11-10,Orange,059,3164182,674915,673328,65614,738942,7546
2022-11-10,Placer,061,380077,76987,76490,9721,86211,662
2022-11-10,Plumas,063,18699,3729,3723,445,4168,13
2022-11-10,Riverside,065,2383286,702243,700602,36194,736796,6660
2022-11-10,Sacramento,067,1510023,352050,350522,34902,385424,3358
2022-11-10,San Benito,069,59416,16532,16350,991,17341,108
2022-11-10,San Bernardino,071,2135413,677621,676086,31506,707592,8126
2022-11-10,San Diego,073,3302833,935089,933599,73538,1007137,5538
2022-11-10,San Francisco,075,870044,182714,181964,12341,194305,1072
2022-11-10,San Joaquin,077,732212,200067,199089,15282,214371,2340
2022-11-10,San Luis Obispo,079,281455,63925,63683,7285,70968,525
2022-11-10,San Mateo,081,765935,171873,171191,10607,181798,748
2022-11-10,Santa Barbara,083,443738,106951,106642,6986,113628,733
2022-11-10,Santa Clara,085,1922200,443999,438278,19589,457867,2535
2022-11-10,Santa Cruz,087,273765,64597,64221,3548,67769,274
2022-11-10,Shasta,089,179085,35416,35246,7787,43033,594
2022-11-10,Sierra,091,2930,308,309,60,369,5
2022-11-10,Siskiyou,093,43540,5223,5337,3372,8709,94
2022-11-10,Solano,095,438530,106924,106391,8050,114441,468
2022-11-10,Sonoma,097,501317,108395,108080,5374,113454,525
2022-11-10,Stanislaus,099,539301,139327,138963,21812,160775,1785
2022-11-10,Sutter,101,95872,24613,24537,2472,27009,235
2022-11-10,Tehama,103,63373,13808,13745,3170,16915,216
2022-11-10,Trinity,105,12862,1426,1414,437,1851,20
2022-11-10,Tulare,107,460477,122737,122447,37024,159471,1544
2022-11-10,Tuolumne,109,53932,15831,15727,932,16659,201
2022-11-10,Ventura,111,848112,211079,210439,16099,226538,1585
2022-11-10,Yolo,113,214977,48082,47953,4468,52421,354
2022-11-10,Yuba,115,75493,19148,19098,1753,20851,132
2022-11-09,Alameda,001,1643700,354080,352725,20244,372969,2050
2022-11-09,Alpine,003,1148,137,136,1,137,0
2022-11-09,Amador,005,37829,10102,10080,943,11023,95
2022-11-09,Butte,007,227075,40001,39935,9296,49231,461
2022-11-09,Calaveras,009,45235,8606,8590,572,9162,135
2022-11-09,Colusa,011,21464,3824,3822,1295,5117,22
2022-11-09,Contra Costa,013,1133247,255660,253870,21082,274952,1469
2022-11-09,Del Norte,015,27424,7485,7472,405,7877,56
2022-11-09,El Dorado,017,186661,32857,32713,4338,37051,232
2022-11-09,Fresno,019,978130,279393,276921,31981,308902,2887
2022-11-09,Glenn,021,27897,5598,5570,1894,7464,48
2022-11-09,Humboldt,023,135768,22259,22176,5227,27403,160
2022-11-09,Imperial,025,180216,66406,66182,16405,82587,960
2022-11-09,Inyo,027,18085,4539,4520,1047,5567,60
2022-11-09,Kern,029,883053,221174,220676,65478,286154,2430
2022-11-09,Kings,031,150075,60052,59955,4178,64133,461
2022-11-09,Lake,033,64148,13001,12931,1209,14140,149
2022-11-09,Lassen,035,31185,10028,10019,1008,11027,65
2022-11-09,Los Angeles,037,10098052,3318423,3311644,187709,3499353,33784
2022-11-09,Madera,039,155013,44393,44281,8347,52628,375
2022-11-09,Marin,041,260295,46096,45924,5355,51279,314
2022-11-09,Mariposa,043,17540,3163,3124,348,3472,32
2022-11-09,Mendocino,045,87422,16248,16164,4559,20723,136
2022-11-09,Merced,047,269075,73278,72817,11965,84782,870
2022-11-09,Modoc,049,8938,887,887,331,1218,11
2022-11-09,Mono,051,14174,3228,3218,271,3489,8
2022-11-09,Monterey,053,433212,94997,94708,21466,116174,772
2022-11-09,Napa,055,140530,32581,32510,1424,33934,162
2022-11-09,Nevada,057,99092,19260,19171,1956,21127,132
2022-11-09,Orange,059,3164182,674684,673328,65503,738831,7546
2022-11-09,Placer,061,380077,76942,76490,9715,86205,662
2022-11-09,Plumas,063,18699,3726,3723,445,4168,13
2022-11-09,Riverside,065,2383286,702005,700602,36170,736772,6660
2022-11-09,Sacramento,067,1510023,351882,350522,34864,385386,3358
2022-11-09,San Benito,069,59416,16524,16350,990,17340,108
2022-11-09,San Bernardino,071,2135413,677366,676086,31488,707574,8126
2022-11-09,San Diego,073,3302833,934767,933599,73482,1007081,5538
2022-11-09,San Francisco,075,870044,182616,181964,12336,194300,1072
2022-11-09,San Joaquin,077,732212,199981,199089,15270,214359,2340
2022-11-09,San Luis Obispo,079,281455,63904,63683,7282,70965,525
2022-11-09,San Mateo,081,765935,171770,171191,10605,181796,748
2022-11-09,Santa Barbara,083,443738,106928,106642,6983,113625,733
2022-11-09,Santa Clara,085,1922200,443763,438278,19575,457853,2535
2022-11-09,Santa Cruz,087,273765,64566,64221,3546,67767,274
2022-11-09,Shasta,089,179085,35406,35246,7778,43024,594
2022-11-09,Sierra,091,2930,308,309,60,369,5
2022-11-09,Siskiyou,093,43540,5222,5337,3371,8708,94
2022-11-09,Solano,095,438530,106865,106391,8044,114435,468
2022-11-09,Sonoma,097,501317,108348,108080,5369,113449,525
2022-11-09,Stanislaus,099,539301,139286,138963,21797,160760,1785
2022-11-09,Sutter,101,95872,24598,24537,2471,27008,235
2022-11-09,Tehama,103,63373,13801,13745,3167,16912,216
2022-11-09,Trinity,105,12862,1422,1414,434,1848,20
2022-11-09,Tulare,107,460477,122699,122447,37001,159448,1544
2022-11-09,Tuolumne,109,53932,15817,15727,932,16659,201
2022-11-09,Ventura,111,848112,211005,210439,16077,226516,1585
2022-11-09,Yolo,113,214977,48060,47953,4466,52419,354
2022-11-09,Yuba,115,75493,19139,19098,1747,20845,132
2022-11-08,Alameda,001,1643700,353874,352725,20218,372943,2050
2022-11-08,Alpine,003,1148,137,136,1,137,0
2022-11-08,Amador,005,37829,10100,10080,943,11023,95
2022-11-08,Butte,007,227075,39983,39935,9288,49223,461
2022-11-08,Calaveras,009,45235,8603,8590,572,9162,135
2022-11-08,Colusa,011,21464,3823,3822,1295,5117,22
2022-11-08,Contra Costa,013,1133247,255532,253870,21065,274935,1469
2022-11-08,Del Norte,015,27424,7481,7472,402,7874,56
2022-11-08,El Dorado,017,186661,32833,32713,4337,37050,232
2022-11-08,Fresno,019,978130,279292,276921,31965,308886,2887
2022-11-08,Glenn,021,27897,5597,5570,1894,7464,48
2022-11-08,Humboldt,023,135768,22251,22176,5220,27396,160
2022-11-08,Imperial,025,180216,66352,66182,16347,82529,960
2022-11-08,Inyo,027,18085,4539,4520,1044,5564,60
2022-11-08,Kern,029,883053,221095,220676,65424,286100,2430
2022-11-08,Kings,031,150075,60027,59955,4176,64131,461
2022-11-08,Lake,033,64148,12991,12931,1208,14139,149
2022-11-08,Lassen,035,31185,10026,10019,1007,11026,65
2022-11-08,Los Angeles,037,10098052,3317003,3311644,187507,3499151,33784
2022-11-08,Madera,039,155013,44377,44281,8343,52624,375
2022-11-08,Marin,041,260295,46067,45924,5348,51272,314
2022-11-08,Mariposa,043,17540,3158,3124,348,3472,32
2022-11-08,Mendocino,045,87422,16240,16164,4559,20723,136
2022-11-08,Merced,047,269075,73248,72817,11960,84777,870
2022-11-08,Modoc,049,8938,886,887,331,1218,11
2022-11-08,Mono,051,14174,3224,3218,269,3487,8
2022-11-08,Monterey,053,433212,94968,94708,21457,116165,772
2022-11-08,Napa,055,140530,32568,32510,1424,33934,162
2022-11-08,Nevada,057,99092,19254,19171,1953,21124,132
2022-11-08,Orange,059,3164182,674443,673328,65412,738740,7546
2022-11-08,Placer,061,380077,76898,76490,9710,86200,662
2022-11-08,Plumas,063,18699,3726,3723,445,4168,13
2022-11-08,Riverside,065,2383286,701764,700602,36131,736733,6660
2022-11-08,Sacramento,067,1510023,351690,350522,34827,385349,3358
2022-11-08,San Benito,069,59416,16515,16350,989,17339,108
2022-11-08,San Bernardino,071,2135413,677130,676086,31449,707535,8126
2022-11-08,San Diego,073,3302833,934357,933599,73443,1007042,5538
2022-11-08,San Francisco,075,870044,182493,181964,12322,194286,1072
2022-11-08,San Joaquin,077,732212,199895,199089,15260,214349,2340
2022-11-08,San Luis Obispo,079,281455,63885,63683,7280,70963,525
2022-11-08,San Mateo,081,765935,171674,171191,10602,181793,748
2022-11-08,Santa Barbara,083,443738,106892,106642,6980,113622,733
2022-11-08,Santa Clara,085,1922200,443502,438278,19557,457835,2535
2022-11-08,Santa Cruz,087,273765,64533,64221,3544,67765,274
2022-11-08,Shasta,089,179085,35385,35246,7762,43008,594
2022-11-08,Sierra,091,2930,308,309,60,369,5
2022-11-08,Siskiyou,093,43540,5221,5337,3367,8704,94
2022-11-08,Solano,095,438530,106790,106391,8038,114429,468
2022-11-08,Sonoma,097,501317,108309,108080,5368,113448,525
2022-11-08,Stanislaus,099,539301,139224,138963,21794,160757,1785
2022-11-08,Sutter,101,95872,24581,24537,2471,27008,235
2022-11-08,Tehama,103,63373,13796,13745,3166,16911,216
2022-11-08,Trinity,105,12862,1420,1414,433,1847,20
2022-11-08,Tulare,107,460477,122648,122447,36972,159419,1544
2022-11-08,Tuolumne,109,53932,15807,15727,932,16659,201
2022-11-08,Ventura,111,848112,210939,210439,16068,226507,1585
2022-11-08,Yolo,113,214977,48040,47953,4460,52413,354
2022-11-08,Yuba,115,75493,19129,19098,1746,20844,132
2022-11-07,Alameda,001,1643700,353635,351524,20197,371721,2044
2022-11-07,Alpine,003,1148,136,136,1,137,0
2022-11-07,Amador,005,37829,10096,10055,942,10997,95
2022-11-07,Butte,007,227075,39966,39852,9280,49132,462
2022-11-07,Calaveras,009,45235,8597,8576,572,9148,135
2022-11-07,Colusa,011,21464,3822,3820,1295,5115,22
2022-11-07,Contra Costa,013,1133247,255389,253122,21049,274171,1463
2022-11-07,Del Norte,015,27424,7478,7469,402,7871,56
2022-11-07,El Dorado,017,186661,32817,32622,4336,36958,231
2022-11-07,Fresno,019,978130,279174,276454,31939,308393,2885
2022-11-07,Glenn,021,27897,5595,5557,1892,7449,48
2022-11-07,Humboldt,023,135768,22235,22115,5206,27321,160
2022-11-07,Imperial,025,180216,66314,66024,16310,82334,960
2022-11-07,Inyo,027,18085,4538,4506,1042,5548,60
2022-11-07,Kern,029,883053,221040,220216,65357,285573,2426
2022-11-07,Kings,031,150075,60005,59856,4169,64025,459
2022-11-07,Lake,033,64148,12983,12898,1208,14106,148
2022-11-07,Lassen,035,31185,10022,10007,1007,11014,65
2022-11-07,Los Angeles,037,10098052,3315639,3304428,187263,3491691,33733
2022-11-07,Madera,039,155013,44369,44229,8336,52565,375
2022-11-07,Marin,041,260295,46040,45806,5348,51154,314
2022-11-07,Mariposa,043,17540,3153,3116,348,3464,32
2022-11-07,Mendocino,045,87422,16237,16130,4556,20686,137
2022-11-07,Merced,047,269075,73213,72727,11954,84681,870
2022-11-07,Modoc,049,8938,886,885,331,1216,11
2022-11-07,Mono,051,14174,3222,3216,269,3485,7
2022-11-07,Monterey,053,433212,94940,94541,21439,115980,770
2022-11-07,Napa,055,140530,32548,32484,1424,33908,161
2022-11-07,Nevada,057,99092,19248,19129,1952,21081,132
2022-11-07,Orange,059,3164182,674217,672253,65328,737581,7520
2022-11-07,Placer,061,380077,76855,76321,9704,86025,662
2022-11-07,Plumas,063,18699,3726,3720,445,4165,13
2022-11-07,Riverside,065,2383286,701502,699360,36096,735456,6660
2022-11-07,Sacramento,067,1510023,351513,349696,34792,384488,3350
2022-11-07,San Benito,069,59416,16507,16324,988,17312,108
2022-11-07,San Bernardino,071,2135413,676856,674939,31423,706362,8123
2022-11-07,San Diego,073,3302833,933991,931531,73399,1004930,5532
2022-11-07,San Francisco,075,870044,182386,180989,12309,193298,1067
2022-11-07,San Joaquin,077,732212,199812,198717,15246,213963,2336
2022-11-07,San Luis Obispo,079,281455,63864,63599,7278,70877,525
2022-11-07,San Mateo,081,765935,171583,170464,10598,181062,741
2022-11-07,Santa Barbara,083,443738,106871,106478,6976,113454,732
2022-11-07,Santa Clara,085,1922200,443254,436967,19538,456505,2533
2022-11-07,Santa Cruz,087,273765,64484,64070,3543,67613,274
2022-11-07,Shasta,089,179085,35371,35178,7747,42925,594
2022-11-07,Sierra,091,2930,308,308,60,368,5
2022-11-07,Siskiyou,093,43540,5213,5326,3365,8691,94
2022-11-07,Solano,095,438530,106707,106106,8033,114139,468
2022-11-07,Sonoma,097,501317,108270,107907,5367,113274,524
2022-11-07,Stanislaus,099,539301,139186,138715,21778,160493,1785
2022-11-07,Sutter,101,95872,24563,24470,2471,26941,233
2022-11-07,Tehama,103,63373,13791,13707,3161,16868,216
2022-11-07,Trinity,105,12862,1420,1413,433,1846,20
2022-11-07,Tulare,107,460477,122620,122246,36943,159189,1544
2022-11-07,Tuolumne,109,53932,15796,15672,932,16604,196
2022-11-07,Ventura,111,848112,210857,210085,16054,226139,1584
2022-11-07,Yolo,113,214977,48008,47786,4457,52243,353
2022-11-07,Yuba,115,75493,19121,19059,1744,20803,132
2022-11-06,Alameda,001,1643700,353408,351524,20176,371700,2044
2022-11-06,Alpine,003,1148,136,136,1,137,0
2022-11-06,Amador,005,37829,10091,10055,941,10996,95
2022-11-06,Butte,007,227075,39934,39852,9275,49127,462
2022-11-06,Calaveras,009,45235,8593,8576,572,9148,135
2022-11-06,Colusa,011,21464,3822,3820,1295,5115,22
2022-11-06,Contra Costa,013,1133247,255238,253122,21040,274162,1463
2022-11-06,Del Norte,015,27424,7475,7469,402,7871,56
2022-11-06,El Dorado,017,186661,32802,32622,4332,36954,231
2022-11-06,Fresno,019,978130,279042,276454,31915,308369,2885
2022-11-06,Glenn,021,27897,5578,5557,1885,7442,48
2022-11-06,Humboldt,023,135768,22225,22115,5197,27312,160
2022-11-06,Imperial,025,180216,66264,66024,16271,82295,960
2022-11-06,Inyo,027,18085,4536,4506,1040,5546,60
2022-11-06,Kern,029,883053,220938,220216,65300,285516,2426
2022-11-06,Kings,031,150075,59961,59856,4159,64015,459
2022-11-06,Lake,033,64148,12970,12898,1204,14102,148
2022-11-06,Lassen,035,31185,10021,10007,1006,11013,65
2022-11-06,Los Angeles,037,10098052,3313996,3304428,187018,3491446,33733
2022-11-06,Madera,039,155013,44358,44229,8329,52558,375
2022-11-06,Marin,041,260295,46010,45806,5346,51152,314
2022-11-06,Mariposa,043,17540,3152,3116,348,3464,32
2022-11-06,Mendocino,045,87422,16230,16130,4553,20683,137
2022-11-06,Merced,047,269075,73185,72727,11943,84670,870
2022-11-06,Modoc,049,8938,886,885,331,1216,11
2022-11-06,Mono,051,14174,3222,3216,267,3483,7
2022-11-06,Monterey,053,433212,94890,94541,21417,115958,770
2022-11-06,Napa,055,140530,32526,32484,1424,33908,161
2022-11-06,Nevada,057,99092,19233,19129,1938,21067,132
2022-11-06,Orange,059,3164182,673952,672253,65264,737517,7520
2022-11-06,Placer,061,380077,76804,76321,9699,86020,662
2022-11-06,Plumas,063,18699,3726,3720,445,4165,13
2022-11-06,Riverside,065,2383286,701193,699360,36059,735419,6660
2022-11-06,Sacramento,067,1510023,351298,349696,34743,384439,3350
2022-11-06,San Benito,069,59416,16499,16324,988,17312,108
2022-11-06,San Bernardino,071,2135413,676559,674939,31391,706330,8123
2022-11-06,San Diego,073,3302833,933483,931531,73339,1004870,5532
2022-11-06,San Francisco,075,870044,182250,180989,12296,193285,1067
2022-11-06,San Joaquin,077,732212,199723,198717,15235,213952,2336
2022-11-06,San Luis Obispo,079,281455,63845,63599,7275,70874,525
2022-11-06,San Mateo,081,765935,171482,170464,10591,181055,741
2022-11-06,Santa Barbara,083,443738,106815,106478,6966,113444,732
2022-11-06,Santa Clara,085,1922200,442969,436967,19512,456479,2533
2022-11-06,Santa Cruz,087,273765,64413,64070,3539,67609,274
2022-11-06,Shasta,089,179085,35349,35178,7727,42905,594
2022-11-06,Sierra,091,2930,308,308,60,368,5
2022-11-06,Siskiyou,093,43540,5213,5326,3364,8690,94
2022-11-06,Solano,095,438530,106612,106106,8027,114133,468
2022-11-06,Sonoma,097,501317,108206,107907,5365,113272,524
2022-11-06,Stanislaus,099,539301,139132,138715,21767,160482,1785
2022-11-06,Sutter,101,95872,24543,24470,2470,26940,233
2022-11-06,Tehama,103,63373,13785,13707,3146,16853,216
2022-11-06,Trinity,105,12862,1420,1413,433,1846,20
2022-11-06,Tulare,107,460477,122583,122246,36909,159155,1544
2022-11-06,Tuolumne,109,53932,15785,15672,932,16604,196
2022-11-06,Ventura,111,848112,210770,210085,16032,226117,1584
2022-11-06,Yolo,113,214977,47993,47786,4446,52232,353
2022-11-06,Yuba,115,75493,19113,19059,1743,20802,132
2022-11-05,Alameda,001,1643700,353263,351524,20167,371691,2044
2022-11-05,Alpine,003,1148,136,136,1,137,0
2022-11-05,Amador,005,37829,10089,10055,941,10996,95
2022-11-05,Butte,007,227075,39925,39852,9272,49124,462
2022-11-05,Calaveras,009,45235,8592,8576,572,9148,135
2022-11-05,Colusa,011,21464,3820,3820,1295,5115,22
2022-11-05,Contra Costa,013,1133247,255136,253122,21037,274159,1463
2022-11-05,Del Norte,015,27424,7475,7469,402,7871,56
2022-11-05,El Dorado,017,186661,32786,32622,4328,36950,231
2022-11-05,Fresno,019,978130,278986,276454,31905,308359,2885
2022-11-05,Glenn,021,27897,5576,5557,1884,7441,48
2022-11-05,Humboldt,023,135768,22215,22115,5195,27310,160
2022-11-05,Imperial,025,180216,66240,66024,16259,82283,960
2022-11-05,Inyo,027,18085,4535,4506,1040,5546,60
2022-11-05,Kern,029,883053,220892,220216,65274,285490,2426
2022-11-05,Kings,031,150075,59945,59856,4156,64012,459
2022-11-05,Lake,033,64148,12965,12898,1204,14102,148
2022-11-05,Lassen,035,31185,10021,10007,1006,11013,65
2022-11-05,Los Angeles,037,10098052,3313147,3304428,186877,3491305,33733
2022-11-05,Madera,039,155013,44352,44229,8327,52556,375
2022-11-05,Marin,041,260295,45993,45806,5346,51152,314
2022-11-05,Mariposa,043,17540,3151,3116,348,3464,32
2022-11-05,Mendocino,045,87422,16228,16130,4552,20682,137
2022-11-05,Merced,047,269075,73171,72727,11941,84668,870
2022-11-05,Modoc,049,8938,886,885,331,1216,11
2022-11-05,Mono,051,14174,3222,3216,266,3482,7
2022-11-05,Monterey,053,433212,94865,94541,21407,115948,770
2022-11-05,Napa,055,140530,32522,32484,1423,33907,161
2022-11-05,Nevada,057,99092,19228,19129,1934,21063,132
2022-11-05,Orange,059,3164182,673812,672253,65222,737475,7520
2022-11-05,Placer,061,380077,76763,76321,9695,86016,662
2022-11-05,Plumas,063,18699,3726,3720,444,4164,13
2022-11-05,Riverside,065,2383286,701011,699360,36035,735395,6660
2022-11-05,Sacramento,067,1510023,351182,349696,34726,384422,3350
2022-11-05,San Benito,069,59416,16491,16324,988,17312,108
2022-11-05,San Bernardino,071,2135413,676413,674939,31381,706320,8123
2022-11-05,San Diego,073,3302833,933290,931531,73322,1004853,5532
2022-11-05,San Francisco,075,870044,182169,180989,12291,193280,1067
2022-11-05,San Joaquin,077,732212,199670,198717,15228,213945,2336
2022-11-05,San Luis Obispo,079,281455,63836,63599,7275,70874,525
2022-11-05,San Mateo,081,765935,171424,170464,10587,181051,741
2022-11-05,Santa Barbara,083,443738,106794,106478,6964,113442,732
2022-11-05,Santa Clara,085,1922200,442775,436967,19497,456464,2533
2022-11-05,Santa Cruz,087,273765,64384,64070,3538,67608,274
2022-11-05,Shasta,089,179085,35340,35178,7718,42896,594
2022-11-05,Sierra,091,2930,308,308,60,368,5
2022-11-05,Siskiyou,093,43540,5212,5326,3362,8688,94
2022-11-05,Solano,095,438530,106583,106106,8025,114131,468
2022-11-05,Sonoma,097,501317,108186,107907,5360,113267,524
2022-11-05,Stanislaus,099,539301,139091,138715,21762,160477,1785
2022-11-05,Sutter,101,95872,24533,24470,2470,26940,233
2022-11-05,Tehama,103,63373,13781,13707,3144,16851,216
2022-11-05,Trinity,105,12862,1420,1413,433,1846,20
2022-11-05,Tulare,107,460477,122566,122246,36889,159135,1544
2022-11-05,Tuolumne,109,53932,15777,15672,932,16604,196
2022-11-05,Ventura,111,848112,210719,210085,16023,226108,1584
2022-11-05,Yolo,113,214977,47980,47786,4441,52227,353
2022-11-05,Yuba,115,75493,19108,19059,1742,20801,132
2022-11-04,Alameda,001,1643700,353121,351524,20147,371671,2044
2022-11-04,Alpine,003,1148,136,136,1,137,0
2022-11-04,Amador,005,37829,10086,10055,941,10996,95
2022-11-04,Butte,007,227075,39916,39852,9267,49119,462
2022-11-04,Calaveras,009,45235,8591,8576,572,9148,135
2022-11-04,Colusa,011,21464,3820,3820,1295,5115,22
2022-11-04,Contra Costa,013,1133247,255041,253122,21034,274156,1463
2022-11-04,Del Norte,015,27424,7475,7469,402,7871,56
2022-11-04,El Dorado,017,186661,32777,32622,4328,36950,231
2022-11-04,Fresno,019,978130,278932,276454,31896,308350,2885
2022-11-04,Glenn,021,27897,5575,5557,1883,7440,48
2022-11-04,Humboldt,023,135768,22208,22115,5193,27308,160
2022-11-04,Imperial,025,180216,66228,66024,16251,82275,960
2022-11-04,Inyo,027,18085,4532,4506,1039,5545,60
2022-11-04,Kern,029,883053,220853,220216,65242,285458,2426
2022-11-04,Kings,031,150075,59930,59856,4151,64007,459
2022-11-04,Lake,033,64148,12958,12898,1204,14102,148
2022-11-04,Lassen,035,31185,10020,10007,1006,11013,65
2022-11-04,Los Angeles,037,10098052,3312325,3304428,186728,3491156,33733
2022-11-04,Madera,039,155013,44345,44229,8326,52555,375
2022-11-04,Marin,041,260295,45977,45806,5345,51151,314
2022-11-04,Mariposa,043,17540,3149,3116,348,3464,32
2022-11-04,Mendocino,045,87422,16224,16130,4550,20680,137
2022-11-04,Merced,047,269075,73163,72727,11941,84668,870
2022-11-04,Modoc,049,8938,886,885,330,1215,11
2022-11-04,Mono,051,14174,3220,3216,266,3482,7
2022-11-04,Monterey,053,433212,94838,94541,21395,115936,770
2022-11-04,Napa,055,140530,32517,32484,1422,33906,161
2022-11-04,Nevada,057,99092,19222,19129,1925,21054,132
2022-11-04,Orange,059,3164182,673705,672253,65179,737432,7520
2022-11-04,Placer,061,380077,76745,76321,9693,86014,662
2022-11-04,Plumas,063,18699,3725,3720,443,4163,13
2022-11-04,Riverside,065,2383286,700838,699360,36003,735363,6660
2022-11-04,Sacramento,067,1510023,351073,349696,34714,384410,3350
2022-11-04,San Benito,069,59416,16487,16324,988,17312,108
2022-11-04,San Bernardino,071,2135413,676262,674939,31374,706313,8123
2022-11-04,San Diego,073,3302833,933085,931531,73310,1004841,5532
2022-11-04,San Francisco,075,870044,182101,180989,12285,193274,1067
2022-11-04,San Joaquin,077,732212,199619,198717,15223,213940,2336
2022-11-04,San Luis Obispo,079,281455,63824,63599,7273,70872,525
2022-11-04,San Mateo,081,765935,171352,170464,10584,181048,741
2022-11-04,Santa Barbara,083,443738,106773,106478,6962,113440,732
2022-11-04,Santa Clara,085,1922200,442580,436967,19486,456453,2533
2022-11-04,Santa Cruz,087,273765,64357,64070,3538,67608,274
2022-11-04,Shasta,089,179085,35334,35178,7709,42887,594
2022-11-04,Sierra,091,2930,308,308,60,368,5
2022-11-04,Siskiyou,093,43540,5208,5326,3362,8688,94
2022-11-04,Solano,095,438530,106527,106106,8022,114128,468
2022-11-04,Sonoma,097,501317,108163,107907,5359,113266,524
2022-11-04,Stanislaus,099,539301,139063,138715,21760,160475,1785
2022-11-04,Sutter,101,95872,24525,24470,2470,26940,233
2022-11-04,Tehama,103,63373,13776,13707,3133,16840,216
2022-11-04,Trinity,105,12862,1419,1413,433,1846,20
2022-11-04,Tulare,107,460477,122548,122246,36868,159114,1544
2022-11-04,Tuolumne,109,53932,15765,15672,932,16604,196
2022-11-04,Ventura,111,848112,210667,210085,16013,226098,1584
2022-11-04,Yolo,113,214977,47961,47786,4440,52226,353
2022-11-04,Yuba,115,75493,19105,19059,1742,20801,132
2022-11-03,Alameda,001,1643700,352936,351524,20124,371648,2044
2022-11-03,Alpine,003,1148,136,136,1,137,0
2022-11-03,Amador,005,37829,10081,10055,939,10994,95
2022-11-03,Butte,007,227075,39899,39852,9258,49110,462
2022-11-03,Calaveras,009,45235,8590,8576,572,9148,135
2022-11-03,Colusa,011,21464,3820,3820,1295,5115,22
2022-11-03,Contra Costa,013,1133247,254907,253122,21026,274148,1463
2022-11-03,Del Norte,015,27424,7475,7469,401,7870,56
2022-11-03,El Dorado,017,186661,32760,32622,4328,36950,231
2022-11-03,Fresno,019,978130,278857,276454,31876,308330,2885
2022-11-03,Glenn,021,27897,5572,5557,1882,7439,48
2022-11-03,Humboldt,023,135768,22193,22115,5185,27300,160
2022-11-03,Imperial,025,180216,66202,66024,16213,82237,960
2022-11-03,Inyo,027,18085,4530,4506,1038,5544,60
2022-11-03,Kern,029,883053,220806,220216,65196,285412,2426
2022-11-03,Kings,031,150075,59913,59856,4146,64002,459
2022-11-03,Lake,033,64148,12955,12898,1203,14101,148
2022-11-03,Lassen,035,31185,10017,10007,1005,11012,65
2022-11-03,Los Angeles,037,10098052,3311237,3304428,186524,3490952,33733
2022-11-03,Madera,039,155013,44333,44229,8324,52553,375
2022-11-03,Marin,041,260295,45951,45806,5345,51151,314
2022-11-03,Mariposa,043,17540,3146,3116,348,3464,32
2022-11-03,Mendocino,045,87422,16213,16130,4549,20679,137
2022-11-03,Merced,047,269075,73134,72727,11937,84664,870
2022-11-03,Modoc,049,8938,886,885,330,1215,11
2022-11-03,Mono,051,14174,3219,3216,266,3482,7
2022-11-03,Monterey,053,433212,94812,94541,21380,115921,770
2022-11-03,Napa,055,140530,32507,32484,1420,33904,161
2022-11-03,Nevada,057,99092,19212,19129,1923,21052,132
2022-11-03,Orange,059,3164182,673540,672253,65135,737388,7520
2022-11-03,Placer,061,380077,76710,76321,9689,86010,662
2022-11-03,Plumas,063,18699,3725,3720,443,4163,13
2022-11-03,Riverside,065,2383286,700632,699360,35967,735327,6660
2022-11-03,Sacramento,067,1510023,350911,349696,34683,384379,3350
2022-11-03,San Benito,069,59416,16483,16324,988,17312,108
2022-11-03,San Bernardino,071,2135413,676061,674939,31357,706296,8123
2022-11-03,San Diego,073,3302833,932830,931531,73282,1004813,5532
2022-11-03,San Francisco,075,870044,181996,180989,12280,193269,1067
2022-11-03,San Joaquin,077,732212,199556,198717,15208,213925,2336
2022-11-03,San Luis Obispo,079,281455,63806,63599,7272,70871,525
2022-11-03,San Mateo,081,765935,171255,170464,10583,181047,741
2022-11-03,Santa Barbara,083,443738,106749,106478,6958,113436,732
2022-11-03,Santa Clara,085,1922200,442340,436967,19469,456436,2533
2022-11-03,Santa Cruz,087,273765,64308,64070,3536,67606,274
2022-11-03,Shasta,089,179085,35319,35178,7695,42873,594
2022-11-03,Sierra,091,2930,308,308,60,368,5
2022-11-03,Siskiyou,093,43540,5205,5326,3360,8686,94
2022-11-03,Solano,095,438530,106480,106106,8015,114121,468
2022-11-03,Sonoma,097,501317,108133,107907,5359,113266,524
2022-11-03,Stanislaus,099,539301,139017,138715,21749,160464,1785
2022-11-03,Sutter,101,95872,24516,24470,2469,26939,233
2022-11-03,Tehama,103,63373,13768,13707,3129,16836,216
2022-11-03,Trinity,105,12862,1419,1413,432,1845,20
2022-11-03,Tulare,107,460477,122526,122246,36847,159093,1544
2022-11-03,Tuolumne,109,53932,15758,15672,931,16603,196
2022-11-03,Ventura,111,848112,210611,210085,16001,226086,1584
2022-11-03,Yolo,113,214977,47943,47786,4438,52224,353
2022-11-03,Yuba,115,75493,19098,19059,1742,20801,132
2022-11-02,Alameda,001,1643700,352754,351524,20101,371625,2044
2022-11-02,Alpine,003,1148,136,136,1,137,0
2022-11-02,Amador,005,37829,10071,10055,937,10992,95
2022-11-02,Butte,007,227075,39881,39852,9251,49103,462
2022-11-02,Calaveras,009,45235,8585,8576,572,9148,135
2022-11-02,Colusa,011,21464,3820,3820,1294,5114,22
2022-11-02,Contra Costa,013,1133247,254781,253122,21009,274131,1463
2022-11-02,Del Norte,015,27424,7475,7469,401,7870,56
2022-11-02,El Dorado,017,186661,32745,32622,4326,36948,231
2022-11-02,Fresno,019,978130,278771,276454,31857,308311,2885
2022-11-02,Glenn,021,27897,5568,5557,1880,7437,48
2022-11-02,Humboldt,023,135768,22181,22115,5183,27298,160
2022-11-02,Imperial,025,180216,66168,66024,16195,82219,960
2022-11-02,Inyo,027,18085,4527,4506,1038,5544,60
2022-11-02,Kern,029,883053,220761,220216,65152,285368,2426
2022-11-02,Kings,031,150075,59899,59856,4139,63995,459
2022-11-02,Lake,033,64148,12951,12898,1196,14094,148
2022-11-02,Lassen,035,31185,10015,10007,1004,11011,65
2022-11-02,Los Angeles,037,10098052,3310037,3304428,186331,3490759,33733
2022-11-02,Madera,039,155013,44317,44229,8321,52550,375
2022-11-02,Marin,041,260295,45935,45806,5344,51150,314
2022-11-02,Mariposa,043,17540,3145,3116,348,3464,32
2022-11-02,Mendocino,045,87422,16211,16130,4548,20678,137
2022-11-02,Merced,047,269075,73111,72727,11932,84659,870
2022-11-02,Modoc,049,8938,886,885,328,1213,11
2022-11-02,Mono,051,14174,3219,3216,266,3482,7
2022-11-02,Monterey,053,433212,94786,94541,21371,115912,770
2022-11-02,Napa,055,140530,32497,32484,1420,33904,161
2022-11-02,Nevada,057,99092,19205,19129,1917,21046,132
2022-11-02,Orange,059,3164182,673355,672253,65054,737307,7520
2022-11-02,Placer,061,380077,76673,76321,9682,86003,662
2022-11-02,Plumas,063,18699,3725,3720,443,4163,13
2022-11-02,Riverside,065,2383286,700460,699360,35945,735305,6660
2022-11-02,Sacramento,067,1510023,350738,349696,34650,384346,3350
2022-11-02,San Benito,069,59416,16477,16324,988,17312,108
2022-11-02,San Bernardino,071,2135413,675867,674939,31332,706271,8123
2022-11-02,San Diego,073,3302833,932499,931531,73248,1004779,5532
2022-11-02,San Francisco,075,870044,181891,180989,12276,193265,1067
2022-11-02,San Joaquin,077,732212,199478,198717,15196,213913,2336
2022-11-02,San Luis Obispo,079,281455,63782,63599,7265,70864,525
2022-11-02,San Mateo,081,765935,171194,170464,10575,181039,741
2022-11-02,Santa Barbara,083,443738,106718,106478,6952,113430,732
2022-11-02,Santa Clara,085,1922200,442127,436967,19457,456424,2533
2022-11-02,Santa Cruz,087,273765,64274,64070,3535,67605,274
2022-11-02,Shasta,089,179085,35308,35178,7681,42859,594
2022-11-02,Sierra,091,2930,308,308,60,368,5
2022-11-02,Siskiyou,093,43540,5204,5326,3353,8679,94
2022-11-02,Solano,095,438530,106429,106106,8010,114116,468
2022-11-02,Sonoma,097,501317,108097,107907,5357,113264,524
2022-11-02,Stanislaus,099,539301,138980,138715,21744,160459,1785
2022-11-02,Sutter,101,95872,24498,24470,2469,26939,233
2022-11-02,Tehama,103,63373,13762,13707,3124,16831,216
2022-11-02,Trinity,105,12862,1419,1413,429,1842,20
2022-11-02,Tulare,107,460477,122503,122246,36831,159077,1544
2022-11-02,Tuolumne,109,53932,15754,15672,931,16603,196
2022-11-02,Ventura,111,848112,210558,210085,15991,226076,1584
2022-11-02,Yolo,113,214977,47923,47786,4436,52222,353
2022-11-02,Yuba,115,75493,19090,19059,1741,20800,132
2022-11-01,Alameda,001,1643700,352559,351524,20082,371606,2044
2022-11-01,Alpine,003,1148,136,136,1,137,0
2022-11-01,Amador,005,37829,10065,10055,936,10991,95
2022-11-01,Butte,007,227075,39866,39852,9243,49095,462
2022-11-01,Calaveras,009,45235,8583,8576,572,9148,135
2022-11-01,Colusa,011,21464,3820,3820,1293,5113,22
2022-11-01,Contra Costa,013,1133247,254667,253122,21000,274122,1463
2022-11-01,Del Norte,015,27424,7475,7469,401,7870,56
2022-11-01,El Dorado,017,186661,32725,32622,4324,36946,231
2022-11-01,Fresno,019,978130,278691,276454,31844,308298,2885
2022-11-01,Glenn,021,27897,5567,5557,1878,7435,48
2022-11-01,Humboldt,023,135768,22168,22115,5177,27292,160
2022-11-01,Imperial,025,180216,66139,66024,16187,82211,960
2022-11-01,Inyo,027,18085,4524,4506,1037,5543,60
2022-11-01,Kern,029,883053,220685,220216,65100,285316,2426
2022-11-01,Kings,031,150075,59879,59856,4136,63992,459
2022-11-01,Lake,033,64148,12947,12898,1193,14091,148
2022-11-01,Lassen,035,31185,10013,10007,1004,11011,65
2022-11-01,Los Angeles,037,10098052,3308800,3304428,186111,3490539,33733
2022-11-01,Madera,039,155013,44304,44229,8311,52540,375
2022-11-01,Marin,041,260295,45915,45806,5342,51148,314
2022-11-01,Mariposa,043,17540,3142,3116,348,3464,32
2022-11-01,Mendocino,045,87422,16208,16130,4542,20672,137
2022-11-01,Merced,047,269075,73089,72727,11924,84651,870
2022-11-01,Modoc,049,8938,885,885,327,1212,11
2022-11-01,Mono,051,14174,3219,3216,265,3481,7
2022-11-01,Monterey,053,433212,94756,94541,21360,115901,770
2022-11-01,Napa,055,140530,32485,32484,1420,33904,161
2022-11-01,Nevada,057,99092,19191,19129,1914,21043,132
2022-11-01,Orange,059,3164182,673161,672253,64964,737217,7520
2022-11-01,Placer,061,380077,76645,76321,9672,85993,662
2022-11-01,Plumas,063,18699,3722,3720,443,4163,13
2022-11-01,Riverside,065,2383286,700239,699360,35913,735273,6660
2022-11-01,Sacramento,067,1510023,350581,349696,34623,384319,3350
2022-11-01,San Benito,069,59416,16470,16324,987,17311,108
2022-11-01,San Bernardino,071,2135413,675672,674939,31319,706258,8123
2022-11-01,San Diego,073,3302833,932171,931531,73217,1004748,5532
2022-11-01,San Francisco,075,870044,181783,180989,12266,193255,1067
2022-11-01,San Joaquin,077,732212,199403,198717,15191,213908,2336
2022-11-01,San Luis Obispo,079,281455,63759,63599,7262,70861,525
2022-11-01,San Mateo,081,765935,171119,170464,10572,181036,741
2022-11-01,Santa Barbara,083,443738,106684,106478,6946,113424,732
2022-11-01,Santa Clara,085,1922200,441885,436967,19445,456412,2533
2022-11-01,Santa Cruz,087,273765,64243,64070,3534,67604,274
2022-11-01,Shasta,089,179085,35298,35178,7664,42842,594
2022-11-01,Sierra,091,2930,308,308,60,368,5
2022-11-01,Siskiyou,093,43540,5202,5326,3351,8677,94
2022-11-01,Solano,095,438530,106381,106106,8006,114112,468
2022-11-01,Sonoma,097,501317,108060,107907,5353,113260,524
2022-11-01,Stanislaus,099,539301,138934,138715,21733,160448,1785
2022-11-01,Sutter,101,95872,24491,24470,2469,26939,233
2022-11-01,Tehama,103,63373,13754,13707,3119,16826,216
2022-11-01,Trinity,105,12862,1419,1413,429,1842,20
2022-11-01,Tulare,107,460477,122476,122246,36811,159057,1544
2022-11-01,Tuolumne,109,53932,15748,15672,931,16603,196
2022-11-01,Ventura,111,848112,210487,210085,15977,226062,1584
2022-11-01,Yolo,113,214977,47904,47786,4435,52221,353
2022-11-01,Yuba,115,75493,19083,19059,1741,20800,132
2022-10-31,Alameda,001,1643700,352338,350419,20057,370476,2040
2022-10-31,Alpine,003,1148,136,136,1,137,0
2022-10-31,Amador,005,37829,10064,10038,936,10974,94
2022-10-31,Butte,007,227075,39848,39707,9234,48941,457
2022-10-31,Calaveras,009,45235,8581,8561,572,9133,134
2022-10-31,Colusa,011,21464,3820,3813,1291,5104,22
2022-10-31,Contra Costa,013,1133247,254522,252398,20986,273384,1458
2022-10-31,Del Norte,015,27424,7474,7455,401,7856,56
2022-10-31,El Dorado,017,186661,32709,32513,4320,36833,231
2022-10-31,Fresno,019,978130,278581,275924,31826,307750,2885
2022-10-31,Glenn,021,27897,5566,5553,1877,7430,48
2022-10-31,Humboldt,023,135768,22156,22065,5173,27238,160
2022-10-31,Imperial,025,180216,66104,65903,16172,82075,959
2022-10-31,Inyo,027,18085,4519,4500,1037,5537,60
2022-10-31,Kern,029,883053,220587,219943,65050,284993,2425
2022-10-31,Kings,031,150075,59856,59742,4132,63874,459
2022-10-31,Lake,033,64148,12933,12868,1192,14060,148
2022-10-31,Lassen,035,31185,10012,9989,1004,10993,65
2022-10-31,Los Angeles,037,10098052,3307573,3298549,185880,3484429,33679
2022-10-31,Madera,039,155013,44291,44172,8311,52483,375
2022-10-31,Marin,041,260295,45891,45649,5339,50988,314
2022-10-31,Mariposa,043,17540,3139,3107,348,3455,31
2022-10-31,Mendocino,045,87422,16200,16104,4540,20644,153
2022-10-31,Merced,047,269075,73071,72606,11917,84523,870
2022-10-31,Modoc,049,8938,884,884,327,1211,11
2022-10-31,Mono,051,14174,3219,3215,264,3479,7
2022-10-31,Monterey,053,433212,94721,94425,21338,115763,769
2022-10-31,Napa,055,140530,32471,32448,1419,33867,160
2022-10-31,Nevada,057,99092,19188,19094,1914,21008,132
2022-10-31,Orange,059,3164182,672974,671141,64890,736031,7502
2022-10-31,Placer,061,380077,76626,76178,9666,85844,662
2022-10-31,Plumas,063,18699,3721,3705,443,4148,13
2022-10-31,Riverside,065,2383286,700010,698387,35885,734272,6659
2022-10-31,Sacramento,067,1510023,350429,348942,34597,383539,3346
2022-10-31,San Benito,069,59416,16464,16284,987,17271,108
2022-10-31,San Bernardino,071,2135413,675427,673959,31294,705253,8120
2022-10-31,San Diego,073,3302833,931839,929768,73185,1002953,5524
2022-10-31,San Francisco,075,870044,181674,180409,12262,192671,1066
2022-10-31,San Joaquin,077,732212,199327,198376,15178,213554,2335
2022-10-31,San Luis Obispo,079,281455,63734,63519,7254,70773,525
2022-10-31,San Mateo,081,765935,171020,169941,10568,180509,741
2022-10-31,Santa Barbara,083,443738,106646,106291,6943,113234,729
2022-10-31,Santa Clara,085,1922200,441623,435788,19431,455219,2528
2022-10-31,Santa Cruz,087,273765,64202,63885,3531,67416,274
2022-10-31,Shasta,089,179085,35276,35117,7657,42774,595
2022-10-31,Sierra,091,2930,308,308,60,368,5
2022-10-31,Siskiyou,093,43540,5198,5307,3349,8656,94
2022-10-31,Solano,095,438530,106325,105796,8002,113798,467
2022-10-31,Sonoma,097,501317,108020,107692,5349,113041,524
2022-10-31,Stanislaus,099,539301,138883,138423,21720,160143,1785
2022-10-31,Sutter,101,95872,24476,24425,2469,26894,233
2022-10-31,Tehama,103,63373,13744,13681,3118,16799,210
2022-10-31,Trinity,105,12862,1418,1398,429,1827,20
2022-10-31,Tulare,107,460477,122459,122140,36788,158928,1541
2022-10-31,Tuolumne,109,53932,15714,15658,929,16587,196
2022-10-31,Ventura,111,848112,210411,209746,15965,225711,1582
2022-10-31,Yolo,113,214977,47835,47703,4432,52135,349
2022-10-31,Yuba,115,75493,19075,19009,1741,20750,133
2022-10-30,Alameda,001,1643700,352128,350419,20033,370452,2040
2022-10-30,Alpine,003,1148,136,136,1,137,0
2022-10-30,Amador,005,37829,10059,10038,935,10973,94
2022-10-30,Butte,007,227075,39827,39707,9223,48930,457
2022-10-30,Calaveras,009,45235,8579,8561,572,9133,134
2022-10-30,Colusa,011,21464,3819,3813,1291,5104,22
2022-10-30,Contra Costa,013,1133247,254366,252398,20977,273375,1458
2022-10-30,Del Norte,015,27424,7471,7455,401,7856,56
2022-10-30,El Dorado,017,186661,32699,32513,4316,36829,231
2022-10-30,Fresno,019,978130,278493,275924,31810,307734,2885
2022-10-30,Glenn,021,27897,5558,5553,1877,7430,48
2022-10-30,Humboldt,023,135768,22150,22065,5166,27231,160
2022-10-30,Imperial,025,180216,66080,65903,16147,82050,959
2022-10-30,Inyo,027,18085,4519,4500,1036,5536,60
2022-10-30,Kern,029,883053,220516,219943,65000,284943,2425
2022-10-30,Kings,031,150075,59845,59742,4131,63873,459
2022-10-30,Lake,033,64148,12925,12868,1192,14060,148
2022-10-30,Lassen,035,31185,10007,9989,1004,10993,65
2022-10-30,Los Angeles,037,10098052,3306310,3298549,185636,3484185,33679
2022-10-30,Madera,039,155013,44282,44172,8305,52477,375
2022-10-30,Marin,041,260295,45872,45649,5338,50987,314
2022-10-30,Mariposa,043,17540,3139,3107,348,3455,31
2022-10-30,Mendocino,045,87422,16197,16104,4539,20643,153
2022-10-30,Merced,047,269075,73038,72606,11912,84518,870
2022-10-30,Modoc,049,8938,884,884,327,1211,11
2022-10-30,Mono,051,14174,3218,3215,264,3479,7
2022-10-30,Monterey,053,433212,94691,94425,21327,115752,769
2022-10-30,Napa,055,140530,32456,32448,1417,33865,160
2022-10-30,Nevada,057,99092,19181,19094,1909,21003,132
2022-10-30,Orange,059,3164182,672746,671141,64813,735954,7502
2022-10-30,Placer,061,380077,76606,76178,9663,85841,662
2022-10-30,Plumas,063,18699,3720,3705,443,4148,13
2022-10-30,Riverside,065,2383286,699791,698387,35852,734239,6659
2022-10-30,Sacramento,067,1510023,350299,348942,34562,383504,3346
2022-10-30,San Benito,069,59416,16458,16284,987,17271,108
2022-10-30,San Bernardino,071,2135413,675232,673959,31272,705231,8120
2022-10-30,San Diego,073,3302833,931482,929768,73127,1002895,5524
2022-10-30,San Francisco,075,870044,181549,180409,12252,192661,1066
2022-10-30,San Joaquin,077,732212,199258,198376,15155,213531,2335
2022-10-30,San Luis Obispo,079,281455,63721,63519,7250,70769,525
2022-10-30,San Mateo,081,765935,170931,169941,10563,180504,741
2022-10-30,Santa Barbara,083,443738,106620,106291,6938,113229,729
2022-10-30,Santa Clara,085,1922200,441391,435788,19423,455211,2528
2022-10-30,Santa Cruz,087,273765,64148,63885,3528,67413,274
2022-10-30,Shasta,089,179085,35263,35117,7652,42769,595
2022-10-30,Sierra,091,2930,308,308,60,368,5
2022-10-30,Siskiyou,093,43540,5196,5307,3348,8655,94
2022-10-30,Solano,095,438530,106265,105796,7999,113795,467
2022-10-30,Sonoma,097,501317,107983,107692,5345,113037,524
2022-10-30,Stanislaus,099,539301,138841,138423,21713,160136,1785
2022-10-30,Sutter,101,95872,24466,24425,2469,26894,233
2022-10-30,Tehama,103,63373,13735,13681,3114,16795,210
2022-10-30,Trinity,105,12862,1418,1398,428,1826,20
2022-10-30,Tulare,107,460477,122426,122140,36767,158907,1541
2022-10-30,Tuolumne,109,53932,15708,15658,928,16586,196
2022-10-30,Ventura,111,848112,210340,209746,15951,225697,1582
2022-10-30,Yolo,113,214977,47811,47703,4424,52127,349
2022-10-30,Yuba,115,75493,19067,19009,1740,20749,133
2022-10-29,Alameda,001,1643700,352018,350419,20022,370441,2040
2022-10-29,Alpine,003,1148,136,136,1,137,0
2022-10-29,Amador,005,37829,10057,10038,935,10973,94
2022-10-29,Butte,007,227075,39820,39707,9219,48926,457
2022-10-29,Calaveras,009,45235,8573,8561,572,9133,134
2022-10-29,Colusa,011,21464,3818,3813,1291,5104,22
2022-10-29,Contra Costa,013,1133247,254277,252398,20972,273370,1458
2022-10-29,Del Norte,015,27424,7471,7455,401,7856,56
2022-10-29,El Dorado,017,186661,32693,32513,4314,36827,231
2022-10-29,Fresno,019,978130,278444,275924,31800,307724,2885
2022-10-29,Glenn,021,27897,5557,5553,1877,7430,48
2022-10-29,Humboldt,023,135768,22144,22065,5165,27230,160
2022-10-29,Imperial,025,180216,66069,65903,16131,82034,959
2022-10-29,Inyo,027,18085,4519,4500,1035,5535,60
2022-10-29,Kern,029,883053,220485,219943,64975,284918,2425
2022-10-29,Kings,031,150075,59837,59742,4131,63873,459
2022-10-29,Lake,033,64148,12921,12868,1192,14060,148
2022-10-29,Lassen,035,31185,10007,9989,1004,10993,65
2022-10-29,Los Angeles,037,10098052,3305681,3298549,185522,3484071,33679
2022-10-29,Madera,039,155013,44277,44172,8305,52477,375
2022-10-29,Marin,041,260295,45853,45649,5337,50986,314
2022-10-29,Mariposa,043,17540,3139,3107,348,3455,31
2022-10-29,Mendocino,045,87422,16196,16104,4539,20643,153
2022-10-29,Merced,047,269075,73024,72606,11911,84517,870
2022-10-29,Modoc,049,8938,884,884,327,1211,11
2022-10-29,Mono,051,14174,3218,3215,264,3479,7
2022-10-29,Monterey,053,433212,94678,94425,21320,115745,769
2022-10-29,Napa,055,140530,32446,32448,1417,33865,160
2022-10-29,Nevada,057,99092,19175,19094,1908,21002,132
2022-10-29,Orange,059,3164182,672652,671141,64774,735915,7502
2022-10-29,Placer,061,380077,76591,76178,9660,85838,662
2022-10-29,Plumas,063,18699,3720,3705,443,4148,13
2022-10-29,Riverside,065,2383286,699677,698387,35832,734219,6659
2022-10-29,Sacramento,067,1510023,350231,348942,34548,383490,3346
2022-10-29,San Benito,069,59416,16454,16284,987,17271,108
2022-10-29,San Bernardino,071,2135413,675125,673959,31262,705221,8120
2022-10-29,San Diego,073,3302833,931326,929768,73115,1002883,5524
2022-10-29,San Francisco,075,870044,181482,180409,12250,192659,1066
2022-10-29,San Joaquin,077,732212,199224,198376,15146,213522,2335
2022-10-29,San Luis Obispo,079,281455,63718,63519,7248,70767,525
2022-10-29,San Mateo,081,765935,170876,169941,10562,180503,741
2022-10-29,Santa Barbara,083,443738,106601,106291,6935,113226,729
2022-10-29,Santa Clara,085,1922200,441255,435788,19414,455202,2528
2022-10-29,Santa Cruz,087,273765,64134,63885,3526,67411,274
2022-10-29,Shasta,089,179085,35256,35117,7649,42766,595
2022-10-29,Sierra,091,2930,308,308,60,368,5
2022-10-29,Siskiyou,093,43540,5195,5307,3346,8653,94
2022-10-29,Solano,095,438530,106232,105796,7995,113791,467
2022-10-29,Sonoma,097,501317,107965,107692,5343,113035,524
2022-10-29,Stanislaus,099,539301,138806,138423,21707,160130,1785
2022-10-29,Sutter,101,95872,24460,24425,2469,26894,233
2022-10-29,Tehama,103,63373,13732,13681,3110,16791,210
2022-10-29,Trinity,105,12862,1414,1398,426,1824,20
2022-10-29,Tulare,107,460477,122406,122140,36752,158892,1541
2022-10-29,Tuolumne,109,53932,15702,15658,928,16586,196
2022-10-29,Ventura,111,848112,210298,209746,15937,225683,1582
2022-10-29,Yolo,113,214977,47797,47703,4423,52126,349
2022-10-29,Yuba,115,75493,19063,19009,1740,20749,133
2022-10-28,Alameda,001,1643700,351928,350419,20017,370436,2040
2022-10-28,Alpine,003,1148,136,136,1,137,0
2022-10-28,Amador,005,37829,10052,10038,934,10972,94
2022-10-28,Butte,007,227075,39814,39707,9216,48923,457
2022-10-28,Calaveras,009,45235,8573,8561,572,9133,134
2022-10-28,Colusa,011,21464,3818,3813,1291,5104,22
2022-10-28,Contra Costa,013,1133247,254192,252398,20967,273365,1458
2022-10-28,Del Norte,015,27424,7470,7455,401,7856,56
2022-10-28,El Dorado,017,186661,32683,32513,4312,36825,231
2022-10-28,Fresno,019,978130,278395,275924,31793,307717,2885
2022-10-28,Glenn,021,27897,5556,5553,1875,7428,48
2022-10-28,Humboldt,023,135768,22139,22065,5164,27229,160
2022-10-28,Imperial,025,180216,66054,65903,16123,82026,959
2022-10-28,Inyo,027,18085,4516,4500,1035,5535,60
2022-10-28,Kern,029,883053,220458,219943,64966,284909,2425
2022-10-28,Kings,031,150075,59835,59742,4131,63873,459
2022-10-28,Lake,033,64148,12919,12868,1192,14060,148
2022-10-28,Lassen,035,31185,10007,9989,1004,10993,65
2022-10-28,Los Angeles,037,10098052,3305052,3298549,185396,3483945,33679
2022-10-28,Madera,039,155013,44269,44172,8302,52474,375
2022-10-28,Marin,041,260295,45841,45649,5337,50986,314
2022-10-28,Mariposa,043,17540,3136,3107,348,3455,31
2022-10-28,Mendocino,045,87422,16193,16104,4536,20640,153
2022-10-28,Merced,047,269075,73012,72606,11909,84515,870
2022-10-28,Modoc,049,8938,884,884,327,1211,11
2022-10-28,Mono,051,14174,3218,3215,264,3479,7
2022-10-28,Monterey,053,433212,94664,94425,21311,115736,769
2022-10-28,Napa,055,140530,32438,32448,1417,33865,160
2022-10-28,Nevada,057,99092,19172,19094,1907,21001,132
2022-10-28,Orange,059,3164182,672543,671141,64716,735857,7502
2022-10-28,Placer,061,380077,76579,76178,9658,85836,662
2022-10-28,Plumas,063,18699,3720,3705,443,4148,13
2022-10-28,Riverside,065,2383286,699561,698387,35819,734206,6659
2022-10-28,Sacramento,067,1510023,350131,348942,34540,383482,3346
2022-10-28,San Benito,069,59416,16450,16284,987,17271,108
2022-10-28,San Bernardino,071,2135413,675011,673959,31255,705214,8120
2022-10-28,San Diego,073,3302833,931142,929768,73101,1002869,5524
2022-10-28,San Francisco,075,870044,181425,180409,12245,192654,1066
2022-10-28,San Joaquin,077,732212,199196,198376,15142,213518,2335
2022-10-28,San Luis Obispo,079,281455,63713,63519,7247,70766,525
2022-10-28,San Mateo,081,765935,170819,169941,10559,180500,741
2022-10-28,Santa Barbara,083,443738,106587,106291,6935,113226,729
2022-10-28,Santa Clara,085,1922200,441109,435788,19404,455192,2528
2022-10-28,Santa Cruz,087,273765,64119,63885,3524,67409,274
2022-10-28,Shasta,089,179085,35250,35117,7644,42761,595
2022-10-28,Sierra,091,2930,308,308,60,368,5
2022-10-28,Siskiyou,093,43540,5191,5307,3344,8651,94
2022-10-28,Solano,095,438530,106205,105796,7994,113790,467
2022-10-28,Sonoma,097,501317,107944,107692,5343,113035,524
2022-10-28,Stanislaus,099,539301,138775,138423,21705,160128,1785
2022-10-28,Sutter,101,95872,24451,24425,2468,26893,233
2022-10-28,Tehama,103,63373,13729,13681,3109,16790,210
2022-10-28,Trinity,105,12862,1411,1398,425,1823,20
2022-10-28,Tulare,107,460477,122383,122140,36742,158882,1541
2022-10-28,Tuolumne,109,53932,15700,15658,928,16586,196
2022-10-28,Ventura,111,848112,210258,209746,15930,225676,1582
2022-10-28,Yolo,113,214977,47786,47703,4423,52126,349
2022-10-28,Yuba,115,75493,19057,19009,1739,20748,133
2022-10-27,Alameda,001,1643700,351793,350419,20003,370422,2040
2022-10-27,Alpine,003,1148,136,136,1,137,0
2022-10-27,Amador,005,37829,10051,10038,934,10972,94
2022-10-27,Butte,007,227075,39807,39707,9212,48919,457
2022-10-27,Calaveras,009,45235,8571,8561,571,9132,134
2022-10-27,Colusa,011,21464,3815,3813,1291,5104,22
2022-10-27,Contra Costa,013,1133247,254093,252398,20960,273358,1458
2022-10-27,Del Norte,015,27424,7465,7455,401,7856,56
2022-10-27,El Dorado,017,186661,32665,32513,4312,36825,231
2022-10-27,Fresno,019,978130,278329,275924,31788,307712,2885
2022-10-27,Glenn,021,27897,5553,5553,1875,7428,48
2022-10-27,Humboldt,023,135768,22130,22065,5164,27229,160
2022-10-27,Imperial,025,180216,66041,65903,16111,82014,959
2022-10-27,Inyo,027,18085,4514,4500,1035,5535,60
2022-10-27,Kern,029,883053,220395,219943,64934,284877,2425
2022-10-27,Kings,031,150075,59777,59742,4130,63872,459
2022-10-27,Lake,033,64148,12913,12868,1191,14059,148
2022-10-27,Lassen,035,31185,10005,9989,1003,10992,65
2022-10-27,Los Angeles,037,10098052,3304185,3298549,185245,3483794,33679
2022-10-27,Madera,039,155013,44259,44172,8299,52471,375
2022-10-27,Marin,041,260295,45823,45649,5337,50986,314
2022-10-27,Mariposa,043,17540,3135,3107,348,3455,31
2022-10-27,Mendocino,045,87422,16190,16104,4535,20639,153
2022-10-27,Merced,047,269075,73003,72606,11904,84510,870
2022-10-27,Modoc,049,8938,884,884,327,1211,11
2022-10-27,Mono,051,14174,3218,3215,264,3479,7
2022-10-27,Monterey,053,433212,94643,94425,21295,115720,769
2022-10-27,Napa,055,140530,32432,32448,1415,33863,160
2022-10-27,Nevada,057,99092,19166,19094,1904,20998,132
2022-10-27,Orange,059,3164182,672366,671141,64672,735813,7502
2022-10-27,Placer,061,380077,76566,76178,9653,85831,662
2022-10-27,Plumas,063,18699,3720,3705,443,4148,13
2022-10-27,Riverside,065,2383286,699429,698387,35795,734182,6659
2022-10-27,Sacramento,067,1510023,349998,348942,34521,383463,3346
2022-10-27,San Benito,069,59416,16449,16284,987,17271,108
2022-10-27,San Bernardino,071,2135413,674878,673959,31245,705204,8120
2022-10-27,San Diego,073,3302833,930898,929768,73071,1002839,5524
2022-10-27,San Francisco,075,870044,181336,180409,12235,192644,1066
2022-10-27,San Joaquin,077,732212,199163,198376,15133,213509,2335
2022-10-27,San Luis Obispo,079,281455,63700,63519,7245,70764,525
2022-10-27,San Mateo,081,765935,170731,169941,10556,180497,741
2022-10-27,Santa Barbara,083,443738,106557,106291,6934,113225,729
2022-10-27,Santa Clara,085,1922200,440937,435788,19394,455182,2528
2022-10-27,Santa Cruz,087,273765,64098,63885,3521,67406,274
2022-10-27,Shasta,089,179085,35241,35117,7637,42754,595
2022-10-27,Sierra,091,2930,308,308,60,368,5
2022-10-27,Siskiyou,093,43540,5187,5307,3343,8650,94
2022-10-27,Solano,095,438530,106166,105796,7992,113788,467
2022-10-27,Sonoma,097,501317,107915,107692,5343,113035,524
2022-10-27,Stanislaus,099,539301,138736,138423,21701,160124,1785
2022-10-27,Sutter,101,95872,24443,24425,2467,26892,233
2022-10-27,Tehama,103,63373,13728,13681,3109,16790,210
2022-10-27,Trinity,105,12862,1407,1398,422,1820,20
2022-10-27,Tulare,107,460477,122367,122140,36720,158860,1541
2022-10-27,Tuolumne,109,53932,15697,15658,928,16586,196
2022-10-27,Ventura,111,848112,210198,209746,15923,225669,1582
2022-10-27,Yolo,113,214977,47784,47703,4421,52124,349
2022-10-27,Yuba,115,75493,19052,19009,1738,20747,133
2022-10-26,Alameda,001,1643700,351623,350419,19987,370406,2040
2022-10-26,Alpine,003,1148,136,136,1,137,0
2022-10-26,Amador,005,37829,10050,10038,934,10972,94
2022-10-26,Butte,007,227075,39796,39707,9204,48911,457
2022-10-26,Calaveras,009,45235,8570,8561,570,9131,134
2022-10-26,Colusa,011,21464,3812,3813,1291,5104,22
2022-10-26,Contra Costa,013,1133247,254000,252398,20955,273353,1458
2022-10-26,Del Norte,015,27424,7464,7455,401,7856,56
2022-10-26,El Dorado,017,186661,32643,32513,4311,36824,231
2022-10-26,Fresno,019,978130,278277,275924,31768,307692,2885
2022-10-26,Glenn,021,27897,5553,5553,1874,7427,48
2022-10-26,Humboldt,023,135768,22125,22065,5157,27222,160
2022-10-26,Imperial,025,180216,66021,65903,16100,82003,959
2022-10-26,Inyo,027,18085,4513,4500,1033,5533,60
2022-10-26,Kern,029,883053,220357,219943,64906,284849,2425
2022-10-26,Kings,031,150075,59772,59742,4130,63872,459
2022-10-26,Lake,033,64148,12911,12868,1191,14059,148
2022-10-26,Lassen,035,31185,10000,9989,1002,10991,65
2022-10-26,Los Angeles,037,10098052,3303261,3298549,185100,3483649,33679
2022-10-26,Madera,039,155013,44251,44172,8297,52469,375
2022-10-26,Marin,041,260295,45810,45649,5335,50984,314
2022-10-26,Mariposa,043,17540,3134,3107,348,3455,31
2022-10-26,Mendocino,045,87422,16188,16104,4533,20637,153
2022-10-26,Merced,047,269075,72987,72606,11900,84506,870
2022-10-26,Modoc,049,8938,884,884,327,1211,11
2022-10-26,Mono,051,14174,3218,3215,264,3479,7
2022-10-26,Monterey,053,433212,94618,94425,21284,115709,769
2022-10-26,Napa,055,140530,32425,32448,1415,33863,160
2022-10-26,Nevada,057,99092,19163,19094,1896,20990,132
2022-10-26,Orange,059,3164182,672182,671141,64611,735752,7502
2022-10-26,Placer,061,380077,76544,76178,9648,85826,662
2022-10-26,Plumas,063,18699,3718,3705,443,4148,13
2022-10-26,Riverside,065,2383286,699284,698387,35771,734158,6659
2022-10-26,Sacramento,067,1510023,349926,348942,34501,383443,3346
2022-10-26,San Benito,069,59416,16444,16284,987,17271,108
2022-10-26,San Bernardino,071,2135413,674709,673959,31236,705195,8120
2022-10-26,San Diego,073,3302833,930612,929768,73029,1002797,5524
2022-10-26,San Francisco,075,870044,181258,180409,12231,192640,1066
2022-10-26,San Joaquin,077,732212,199111,198376,15121,213497,2335
2022-10-26,San Luis Obispo,079,281455,63685,63519,7243,70762,525
2022-10-26,San Mateo,081,765935,170643,169941,10551,180492,741
2022-10-26,Santa Barbara,083,443738,106523,106291,6929,113220,729
2022-10-26,Santa Clara,085,1922200,440762,435788,19375,455163,2528
2022-10-26,Santa Cruz,087,273765,64072,63885,3520,67405,274
2022-10-26,Shasta,089,179085,35233,35117,7632,42749,595
2022-10-26,Sierra,091,2930,308,308,60,368,5
2022-10-26,Siskiyou,093,43540,5185,5307,3342,8649,94
2022-10-26,Solano,095,438530,106109,105796,7991,113787,467
2022-10-26,Sonoma,097,501317,107889,107692,5338,113030,524
2022-10-26,Stanislaus,099,539301,138704,138423,21696,160119,1785
2022-10-26,Sutter,101,95872,24433,24425,2467,26892,233
2022-10-26,Tehama,103,63373,13723,13681,3109,16790,210
2022-10-26,Trinity,105,12862,1401,1398,420,1818,20
2022-10-26,Tulare,107,460477,122351,122140,36703,158843,1541
2022-10-26,Tuolumne,109,53932,15691,15658,928,16586,196
2022-10-26,Ventura,111,848112,210135,209746,15916,225662,1582
2022-10-26,Yolo,113,214977,47775,47703,4418,52121,349
2022-10-26,Yuba,115,75493,19045,19009,1738,20747,133
2022-10-25,Alameda,001,1643700,351472,350419,19969,370388,2040
2022-10-25,Alpine,003,1148,136,136,1,137,0
2022-10-25,Amador,005,37829,10048,10038,934,10972,94
2022-10-25,Butte,007,227075,39780,39707,9204,48911,457
2022-10-25,Calaveras,009,45235,8568,8561,570,9131,134
2022-10-25,Colusa,011,21464,3811,3813,1291,5104,22
2022-10-25,Contra Costa,013,1133247,253893,252398,20947,273345,1458
2022-10-25,Del Norte,015,27424,7463,7455,401,7856,56
2022-10-25,El Dorado,017,186661,32622,32513,4309,36822,231
2022-10-25,Fresno,019,978130,278221,275924,31753,307677,2885
2022-10-25,Glenn,021,27897,5551,5553,1874,7427,48
2022-10-25,Humboldt,023,135768,22118,22065,5154,27219,160
2022-10-25,Imperial,025,180216,65999,65903,16093,81996,959
2022-10-25,Inyo,027,18085,4513,4500,1032,5532,60
2022-10-25,Kern,029,883053,220307,219943,64865,284808,2425
2022-10-25,Kings,031,150075,59757,59742,4129,63871,459
2022-10-25,Lake,033,64148,12908,12868,1191,14059,148
2022-10-25,Lassen,035,31185,9993,9989,1002,10991,65
2022-10-25,Los Angeles,037,10098052,3302373,3298549,184956,3483505,33679
2022-10-25,Madera,039,155013,44242,44172,8293,52465,375
2022-10-25,Marin,041,260295,45783,45649,5333,50982,314
2022-10-25,Mariposa,043,17540,3133,3107,348,3455,31
2022-10-25,Mendocino,045,87422,16181,16104,4532,20636,153
2022-10-25,Merced,047,269075,72971,72606,11897,84503,870
2022-10-25,Modoc,049,8938,884,884,326,1210,11
2022-10-25,Mono,051,14174,3218,3215,263,3478,7
2022-10-25,Monterey,053,433212,94593,94425,21272,115697,769
2022-10-25,Napa,055,140530,32422,32448,1414,33862,160
2022-10-25,Nevada,057,99092,19159,19094,1893,20987,132
2022-10-25,Orange,059,3164182,672007,671141,64549,735690,7502
2022-10-25,Placer,061,380077,76509,76178,9644,85822,662
2022-10-25,Plumas,063,18699,3717,3705,443,4148,13
2022-10-25,Riverside,065,2383286,699115,698387,35758,734145,6659
2022-10-25,Sacramento,067,1510023,349818,348942,34463,383405,3346
2022-10-25,San Benito,069,59416,16437,16284,985,17269,108
2022-10-25,San Bernardino,071,2135413,674568,673959,31226,705185,8120
2022-10-25,San Diego,073,3302833,930342,929768,72972,1002740,5524
2022-10-25,San Francisco,075,870044,181169,180409,12220,192629,1066
2022-10-25,San Joaquin,077,732212,199053,198376,15114,213490,2335
2022-10-25,San Luis Obispo,079,281455,63665,63519,7240,70759,525
2022-10-25,San Mateo,081,765935,170572,169941,10549,180490,741
2022-10-25,Santa Barbara,083,443738,106488,106291,6923,113214,729
2022-10-25,Santa Clara,085,1922200,440569,435788,19365,455153,2528
2022-10-25,Santa Cruz,087,273765,64037,63885,3516,67401,274
2022-10-25,Shasta,089,179085,35227,35117,7626,42743,595
2022-10-25,Sierra,091,2930,308,308,60,368,5
2022-10-25,Siskiyou,093,43540,5183,5307,3338,8645,94
2022-10-25,Solano,095,438530,106064,105796,7985,113781,467
2022-10-25,Sonoma,097,501317,107846,107692,5337,113029,524
2022-10-25,Stanislaus,099,539301,138675,138423,21686,160109,1785
2022-10-25,Sutter,101,95872,24426,24425,2467,26892,233
2022-10-25,Tehama,103,63373,13720,13681,3108,16789,210
2022-10-25,Trinity,105,12862,1401,1398,416,1814,20
2022-10-25,Tulare,107,460477,122326,122140,36686,158826,1541
2022-10-25,Tuolumne,109,53932,15690,15658,928,16586,196
2022-10-25,Ventura,111,848112,210086,209746,15904,225650,1582
2022-10-25,Yolo,113,214977,47764,47703,4409,52112,349
2022-10-25,Yuba,115,75493,19038,19009,1738,20747,133
2022-10-24,Alameda,001,1643700,351314,349337,19959,369296,2031
2022-10-24,Alpine,003,1148,136,136,1,137,0
2022-10-24,Amador,005,37829,10046,10025,933,10958,94
2022-10-24,Butte,007,227075,39766,39607,9201,48808,456
2022-10-24,Calaveras,009,45235,8568,8541,569,9110,135
2022-10-24,Colusa,011,21464,3809,3807,1291,5098,22
2022-10-24,Contra Costa,013,1133247,253776,251722,20940,272662,1444
2022-10-24,Del Norte,015,27424,7458,7450,401,7851,56
2022-10-24,El Dorado,017,186661,32609,32443,4308,36751,232
2022-10-24,Fresno,019,978130,278158,275502,31731,307233,2893
2022-10-24,Glenn,021,27897,5550,5543,1874,7417,48
2022-10-24,Humboldt,023,135768,22112,21979,5147,27126,160
2022-10-24,Imperial,025,180216,65979,65801,16084,81885,961
2022-10-24,Inyo,027,18085,4512,4497,1029,5526,60
2022-10-24,Kern,029,883053,220257,219679,64832,284511,2424
2022-10-24,Kings,031,150075,59739,59632,4129,63761,460
2022-10-24,Lake,033,64148,12903,12847,1191,14038,148
2022-10-24,Lassen,035,31185,9993,9977,1002,10979,65
2022-10-24,Los Angeles,037,10098052,3301377,3289814,184785,3474599,33533
2022-10-24,Madera,039,155013,44237,44121,8292,52413,375
2022-10-24,Marin,041,260295,45754,45521,5333,50854,314
2022-10-24,Mariposa,043,17540,3131,3096,346,3442,31
2022-10-24,Mendocino,045,87422,16177,16059,4529,20588,136
2022-10-24,Merced,047,269075,72958,72442,11894,84336,869
2022-10-24,Modoc,049,8938,883,883,326,1209,11
2022-10-24,Mono,051,14174,3218,3212,262,3474,7
2022-10-24,Monterey,053,433212,94571,94275,21257,115532,768
2022-10-24,Napa,055,140530,32418,32395,1414,33809,160
2022-10-24,Nevada,057,99092,19151,19056,1883,20939,132
2022-10-24,Orange,059,3164182,671823,669923,64505,734428,7536
2022-10-24,Placer,061,380077,76478,76022,9641,85663,662
2022-10-24,Plumas,063,18699,3716,3691,442,4133,13
2022-10-24,Riverside,065,2383286,698981,697500,35733,733233,6569
2022-10-24,Sacramento,067,1510023,349699,348260,34436,382696,3337
2022-10-24,San Benito,069,59416,16431,16251,984,17235,107
2022-10-24,San Bernardino,071,2135413,674397,673189,31213,704402,8152
2022-10-24,San Diego,073,3302833,930066,928182,72919,1001101,5517
2022-10-24,San Francisco,075,870044,181063,179967,12217,192184,1056
2022-10-24,San Joaquin,077,732212,198997,198041,15092,213133,2336
2022-10-24,San Luis Obispo,079,281455,63653,63410,7239,70649,525
2022-10-24,San Mateo,081,765935,170511,169484,10545,180029,732
2022-10-24,Santa Barbara,083,443738,106465,106125,6922,113047,726
2022-10-24,Santa Clara,085,1922200,440366,434684,19353,454037,2523
2022-10-24,Santa Cruz,087,273765,64014,63592,3514,67106,275
2022-10-24,Shasta,089,179085,35212,35031,7615,42646,595
2022-10-24,Sierra,091,2930,308,305,60,365,5
2022-10-24,Siskiyou,093,43540,5181,5298,3338,8636,94
2022-10-24,Solano,095,438530,106016,105561,7984,113545,466
2022-10-24,Sonoma,097,501317,107815,107436,5337,112773,527
2022-10-24,Stanislaus,099,539301,138648,138223,21683,159906,1785
2022-10-24,Sutter,101,95872,24421,24393,2467,26860,233
2022-10-24,Tehama,103,63373,13718,13647,3107,16754,209
2022-10-24,Trinity,105,12862,1400,1396,415,1811,20
2022-10-24,Tulare,107,460477,122305,122035,36669,158704,1540
2022-10-24,Tuolumne,109,53932,15687,15626,928,16554,196
2022-10-24,Ventura,111,848112,210036,209427,15899,225326,1571
2022-10-24,Yolo,113,214977,47753,47611,4407,52018,346
2022-10-24,Yuba,115,75493,19029,18969,1738,20707,130
2022-10-23,Alameda,001,1643700,351122,349337,19940,369277,2031
2022-10-23,Alpine,003,1148,136,136,1,137,0
2022-10-23,Amador,005,37829,10045,10025,933,10958,94
2022-10-23,Butte,007,227075,39754,39607,9199,48806,456
2022-10-23,Calaveras,009,45235,8563,8541,569,9110,135
2022-10-23,Colusa,011,21464,3809,3807,1289,5096,22
2022-10-23,Contra Costa,013,1133247,253666,251722,20928,272650,1444
2022-10-23,Del Norte,015,27424,7457,7450,401,7851,56
2022-10-23,El Dorado,017,186661,32596,32443,4306,36749,232
2022-10-23,Fresno,019,978130,278094,275502,31717,307219,2893
2022-10-23,Glenn,021,27897,5548,5543,1872,7415,48
2022-10-23,Humboldt,023,135768,22104,21979,5140,27119,160
2022-10-23,Imperial,025,180216,65966,65801,16066,81867,961
2022-10-23,Inyo,027,18085,4510,4497,1029,5526,60
2022-10-23,Kern,029,883053,220205,219679,64760,284439,2424
2022-10-23,Kings,031,150075,59720,59632,4126,63758,460
2022-10-23,Lake,033,64148,12902,12847,1191,14038,148
2022-10-23,Lassen,035,31185,9990,9977,1001,10978,65
2022-10-23,Los Angeles,037,10098052,3300420,3289814,184588,3474402,33533
2022-10-23,Madera,039,155013,44225,44121,8290,52411,375
2022-10-23,Marin,041,260295,45739,45521,5331,50852,314
2022-10-23,Mariposa,043,17540,3128,3096,345,3441,31
2022-10-23,Mendocino,045,87422,16170,16059,4528,20587,136
2022-10-23,Merced,047,269075,72950,72442,11890,84332,869
2022-10-23,Modoc,049,8938,883,883,326,1209,11
2022-10-23,Mono,051,14174,3218,3212,261,3473,7
2022-10-23,Monterey,053,433212,94550,94275,21242,115517,768
2022-10-23,Napa,055,140530,32400,32395,1414,33809,160
2022-10-23,Nevada,057,99092,19139,19056,1881,20937,132
2022-10-23,Orange,059,3164182,671602,669923,64434,734357,7536
2022-10-23,Placer,061,380077,76448,76022,9637,85659,662
2022-10-23,Plumas,063,18699,3715,3691,441,4132,13
2022-10-23,Riverside,065,2383286,698801,697500,35713,733213,6569
2022-10-23,Sacramento,067,1510023,349552,348260,34412,382672,3337
2022-10-23,San Benito,069,59416,16424,16251,983,17234,107
2022-10-23,San Bernardino,071,2135413,674260,673189,31196,704385,8152
2022-10-23,San Diego,073,3302833,929717,928182,72877,1001059,5517
2022-10-23,San Francisco,075,870044,180955,179967,12209,192176,1056
2022-10-23,San Joaquin,077,732212,198935,198041,15080,213121,2336
2022-10-23,San Luis Obispo,079,281455,63639,63410,7231,70641,525
2022-10-23,San Mateo,081,765935,170422,169484,10542,180026,732
2022-10-23,Santa Barbara,083,443738,106425,106125,6919,113044,726
2022-10-23,Santa Clara,085,1922200,440147,434684,19330,454014,2523
2022-10-23,Santa Cruz,087,273765,63960,63592,3511,67103,275
2022-10-23,Shasta,089,179085,35199,35031,7604,42635,595
2022-10-23,Sierra,091,2930,308,305,60,365,5
2022-10-23,Siskiyou,093,43540,5179,5298,3335,8633,94
2022-10-23,Solano,095,438530,105965,105561,7980,113541,466
2022-10-23,Sonoma,097,501317,107756,107436,5333,112769,527
2022-10-23,Stanislaus,099,539301,138606,138223,21679,159902,1785
2022-10-23,Sutter,101,95872,24415,24393,2467,26860,233
2022-10-23,Tehama,103,63373,13712,13647,3107,16754,209
2022-10-23,Trinity,105,12862,1400,1396,412,1808,20
2022-10-23,Tulare,107,460477,122276,122035,36645,158680,1540
2022-10-23,Tuolumne,109,53932,15684,15626,927,16553,196
2022-10-23,Ventura,111,848112,209985,209427,15886,225313,1571
2022-10-23,Yolo,113,214977,47735,47611,4396,52007,346
2022-10-23,Yuba,115,75493,19023,18969,1737,20706,130
2022-10-22,Alameda,001,1643700,351022,349337,19934,369271,2031
2022-10-22,Alpine,003,1148,136,136,1,137,0
2022-10-22,Amador,005,37829,10043,10025,933,10958,94
2022-10-22,Butte,007,227075,39748,39607,9194,48801,456
2022-10-22,Calaveras,009,45235,8560,8541,569,9110,135
2022-10-22,Colusa,011,21464,3809,3807,1288,5095,22
2022-10-22,Contra Costa,013,1133247,253601,251722,20921,272643,1444
2022-10-22,Del Norte,015,27424,7456,7450,401,7851,56
2022-10-22,El Dorado,017,186661,32589,32443,4305,36748,232
2022-10-22,Fresno,019,978130,278056,275502,31713,307215,2893
2022-10-22,Glenn,021,27897,5547,5543,1872,7415,48
2022-10-22,Humboldt,023,135768,22099,21979,5138,27117,160
2022-10-22,Imperial,025,180216,65952,65801,16059,81860,961
2022-10-22,Inyo,027,18085,4509,4497,1027,5524,60
2022-10-22,Kern,029,883053,220186,219679,64730,284409,2424
2022-10-22,Kings,031,150075,59711,59632,4125,63757,460
2022-10-22,Lake,033,64148,12900,12847,1190,14037,148
2022-10-22,Lassen,035,31185,9990,9977,1000,10977,65
2022-10-22,Los Angeles,037,10098052,3299903,3289814,184499,3474313,33533
2022-10-22,Madera,039,155013,44217,44121,8289,52410,375
2022-10-22,Marin,041,260295,45719,45521,5327,50848,314
2022-10-22,Mariposa,043,17540,3128,3096,345,3441,31
2022-10-22,Mendocino,045,87422,16169,16059,4528,20587,136
2022-10-22,Merced,047,269075,72940,72442,11890,84332,869
2022-10-22,Modoc,049,8938,883,883,326,1209,11
2022-10-22,Mono,051,14174,3217,3212,261,3473,7
2022-10-22,Monterey,053,433212,94538,94275,21233,115508,768
2022-10-22,Napa,055,140530,32396,32395,1414,33809,160
2022-10-22,Nevada,057,99092,19135,19056,1881,20937,132
2022-10-22,Orange,059,3164182,671510,669923,64390,734313,7536
2022-10-22,Placer,061,380077,76428,76022,9632,85654,662
2022-10-22,Plumas,063,18699,3715,3691,441,4132,13
2022-10-22,Riverside,065,2383286,698706,697500,35695,733195,6569
2022-10-22,Sacramento,067,1510023,349476,348260,34400,382660,3337
2022-10-22,San Benito,069,59416,16416,16251,983,17234,107
2022-10-22,San Bernardino,071,2135413,674181,673189,31190,704379,8152
2022-10-22,San Diego,073,3302833,929586,928182,72854,1001036,5517
2022-10-22,San Francisco,075,870044,180904,179967,12206,192173,1056
2022-10-22,San Joaquin,077,732212,198911,198041,15073,213114,2336
2022-10-22,San Luis Obispo,079,281455,63635,63410,7230,70640,525
2022-10-22,San Mateo,081,765935,170367,169484,10538,180022,732
2022-10-22,Santa Barbara,083,443738,106412,106125,6916,113041,726
2022-10-22,Santa Clara,085,1922200,440016,434684,19320,454004,2523
2022-10-22,Santa Cruz,087,273765,63947,63592,3511,67103,275
2022-10-22,Shasta,089,179085,35194,35031,7600,42631,595
2022-10-22,Sierra,091,2930,308,305,60,365,5
2022-10-22,Siskiyou,093,43540,5175,5298,3335,8633,94
2022-10-22,Solano,095,438530,105944,105561,7980,113541,466
2022-10-22,Sonoma,097,501317,107743,107436,5332,112768,527
2022-10-22,Stanislaus,099,539301,138588,138223,21676,159899,1785
2022-10-22,Sutter,101,95872,24413,24393,2467,26860,233
2022-10-22,Tehama,103,63373,13708,13647,3105,16752,209
2022-10-22,Trinity,105,12862,1400,1396,412,1808,20
2022-10-22,Tulare,107,460477,122265,122035,36634,158669,1540
2022-10-22,Tuolumne,109,53932,15682,15626,927,16553,196
2022-10-22,Ventura,111,848112,209960,209427,15881,225308,1571
2022-10-22,Yolo,113,214977,47725,47611,4396,52007,346
2022-10-22,Yuba,115,75493,19016,18969,1736,20705,130
2022-10-21,Alameda,001,1643700,350942,349337,19926,369263,2031
2022-10-21,Alpine,003,1148,136,136,1,137,0
2022-10-21,Amador,005,37829,10042,10025,933,10958,94
2022-10-21,Butte,007,227075,39736,39607,9189,48796,456
2022-10-21,Calaveras,009,45235,8560,8541,569,9110,135
2022-10-21,Colusa,011,21464,3808,3807,1288,5095,22
2022-10-21,Contra Costa,013,1133247,253535,251722,20913,272635,1444
2022-10-21,Del Norte,015,27424,7456,7450,401,7851,56
2022-10-21,El Dorado,017,186661,32579,32443,4303,36746,232
2022-10-21,Fresno,019,978130,278020,275502,31708,307210,2893
2022-10-21,Glenn,021,27897,5547,5543,1871,7414,48
2022-10-21,Humboldt,023,135768,22091,21979,5135,27114,160
2022-10-21,Imperial,025,180216,65947,65801,16053,81854,961
2022-10-21,Inyo,027,18085,4509,4497,1027,5524,60
2022-10-21,Kern,029,883053,220165,219679,64710,284389,2424
2022-10-21,Kings,031,150075,59705,59632,4125,63757,460
2022-10-21,Lake,033,64148,12899,12847,1190,14037,148
2022-10-21,Lassen,035,31185,9988,9977,1000,10977,65
2022-10-21,Los Angeles,037,10098052,3299343,3289814,184376,3474190,33533
2022-10-21,Madera,039,155013,44210,44121,8286,52407,375
2022-10-21,Marin,041,260295,45699,45521,5325,50846,314
2022-10-21,Mariposa,043,17540,3127,3096,345,3441,31
2022-10-21,Mendocino,045,87422,16162,16059,4528,20587,136
2022-10-21,Merced,047,269075,72934,72442,11889,84331,869
2022-10-21,Modoc,049,8938,883,883,326,1209,11
2022-10-21,Mono,051,14174,3217,3212,261,3473,7
2022-10-21,Monterey,053,433212,94521,94275,21231,115506,768
2022-10-21,Napa,055,140530,32394,32395,1414,33809,160
2022-10-21,Nevada,057,99092,19131,19056,1880,20936,132
2022-10-21,Orange,059,3164182,671391,669923,64352,734275,7536
2022-10-21,Placer,061,380077,76407,76022,9627,85649,662
2022-10-21,Plumas,063,18699,3714,3691,441,4132,13
2022-10-21,Riverside,065,2383286,698616,697500,35682,733182,6569
2022-10-21,Sacramento,067,1510023,349404,348260,34393,382653,3337
2022-10-21,San Benito,069,59416,16414,16251,982,17233,107
2022-10-21,San Bernardino,071,2135413,674105,673189,31182,704371,8152
2022-10-21,San Diego,073,3302833,929435,928182,72832,1001014,5517
2022-10-21,San Francisco,075,870044,180865,179967,12202,192169,1056
2022-10-21,San Joaquin,077,732212,198884,198041,15069,213110,2336
2022-10-21,San Luis Obispo,079,281455,63627,63410,7230,70640,525
2022-10-21,San Mateo,081,765935,170324,169484,10535,180019,732
2022-10-21,Santa Barbara,083,443738,106398,106125,6916,113041,726
2022-10-21,Santa Clara,085,1922200,439884,434684,19311,453995,2523
2022-10-21,Santa Cruz,087,273765,63932,63592,3511,67103,275
2022-10-21,Shasta,089,179085,35187,35031,7593,42624,595
2022-10-21,Sierra,091,2930,308,305,60,365,5
2022-10-21,Siskiyou,093,43540,5175,5298,3335,8633,94
2022-10-21,Solano,095,438530,105921,105561,7979,113540,466
2022-10-21,Sonoma,097,501317,107719,107436,5330,112766,527
2022-10-21,Stanislaus,099,539301,138573,138223,21674,159897,1785
2022-10-21,Sutter,101,95872,24406,24393,2467,26860,233
2022-10-21,Tehama,103,63373,13704,13647,3105,16752,209
2022-10-21,Trinity,105,12862,1400,1396,411,1807,20
2022-10-21,Tulare,107,460477,122258,122035,36628,158663,1540
2022-10-21,Tuolumne,109,53932,15676,15626,927,16553,196
2022-10-21,Ventura,111,848112,209930,209427,15878,225305,1571
2022-10-21,Yolo,113,214977,47715,47611,4395,52006,346
2022-10-21,Yuba,115,75493,19006,18969,1736,20705,130
2022-10-20,Alameda,001,1643700,350806,349337,19921,369258,2031
2022-10-20,Alpine,003,1148,136,136,1,137,0
2022-10-20,Amador,005,37829,10037,10025,933,10958,94
2022-10-20,Butte,007,227075,39729,39607,9187,48794,456
2022-10-20,Calaveras,009,45235,8559,8541,568,9109,135
2022-10-20,Colusa,011,21464,3808,3807,1287,5094,22
2022-10-20,Contra Costa,013,1133247,253434,251722,20909,272631,1444
2022-10-20,Del Norte,015,27424,7456,7450,400,7850,56
2022-10-20,El Dorado,017,186661,32563,32443,4302,36745,232
2022-10-20,Fresno,019,978130,277969,275502,31700,307202,2893
2022-10-20,Glenn,021,27897,5547,5543,1871,7414,48
2022-10-20,Humboldt,023,135768,22085,21979,5129,27108,160
2022-10-20,Imperial,025,180216,65938,65801,16042,81843,961
2022-10-20,Inyo,027,18085,4504,4497,1024,5521,60
2022-10-20,Kern,029,883053,220127,219679,64664,284343,2424
2022-10-20,Kings,031,150075,59690,59632,4123,63755,460
2022-10-20,Lake,033,64148,12895,12847,1190,14037,148
2022-10-20,Lassen,035,31185,9985,9977,1000,10977,65
2022-10-20,Los Angeles,037,10098052,3298596,3289814,184252,3474066,33533
2022-10-20,Madera,039,155013,44198,44121,8286,52407,375
2022-10-20,Marin,041,260295,45682,45521,5324,50845,314
2022-10-20,Mariposa,043,17540,3126,3096,344,3440,31
2022-10-20,Mendocino,045,87422,16157,16059,4527,20586,136
2022-10-20,Merced,047,269075,72925,72442,11889,84331,869
2022-10-20,Modoc,049,8938,882,883,325,1208,11
2022-10-20,Mono,051,14174,3217,3212,261,3473,7
2022-10-20,Monterey,053,433212,94505,94275,21218,115493,768
2022-10-20,Napa,055,140530,32388,32395,1414,33809,160
2022-10-20,Nevada,057,99092,19129,19056,1874,20930,132
2022-10-20,Orange,059,3164182,671257,669923,64298,734221,7536
2022-10-20,Placer,061,380077,76375,76022,9623,85645,662
2022-10-20,Plumas,063,18699,3713,3691,441,4132,13
2022-10-20,Riverside,065,2383286,698489,697500,35663,733163,6569
2022-10-20,Sacramento,067,1510023,349264,348260,34373,382633,3337
2022-10-20,San Benito,069,59416,16411,16251,981,17232,107
2022-10-20,San Bernardino,071,2135413,673995,673189,31165,704354,8152
2022-10-20,San Diego,073,3302833,929240,928182,72791,1000973,5517
2022-10-20,San Francisco,075,870044,180804,179967,12196,192163,1056
2022-10-20,San Joaquin,077,732212,198851,198041,15061,213102,2336
2022-10-20,San Luis Obispo,079,281455,63617,63410,7225,70635,525
2022-10-20,San Mateo,081,765935,170253,169484,10533,180017,732
2022-10-20,Santa Barbara,083,443738,106376,106125,6914,113039,726
2022-10-20,Santa Clara,085,1922200,439736,434684,19296,453980,2523
2022-10-20,Santa Cruz,087,273765,63895,63592,3510,67102,275
2022-10-20,Shasta,089,179085,35177,35031,7578,42609,595
2022-10-20,Sierra,091,2930,308,305,60,365,5
2022-10-20,Siskiyou,093,43540,5173,5298,3335,8633,94
2022-10-20,Solano,095,438530,105885,105561,7976,113537,466
2022-10-20,Sonoma,097,501317,107685,107436,5330,112766,527
2022-10-20,Stanislaus,099,539301,138536,138223,21671,159894,1785
2022-10-20,Sutter,101,95872,24402,24393,2467,26860,233
2022-10-20,Tehama,103,63373,13698,13647,3101,16748,209
2022-10-20,Trinity,105,12862,1400,1396,411,1807,20
2022-10-20,Tulare,107,460477,122243,122035,36622,158657,1540
2022-10-20,Tuolumne,109,53932,15670,15626,927,16553,196
2022-10-20,Ventura,111,848112,209891,209427,15869,225296,1571
2022-10-20,Yolo,113,214977,47705,47611,4391,52002,346
2022-10-20,Yuba,115,75493,19000,18969,1736,20705,130
2022-10-19,Alameda,001,1643700,350670,349337,19910,369247,2031
2022-10-19,Alpine,003,1148,136,136,1,137,0
2022-10-19,Amador,005,37829,10035,10025,932,10957,94
2022-10-19,Butte,007,227075,39722,39607,9184,48791,456
2022-10-19,Calaveras,009,45235,8557,8541,568,9109,135
2022-10-19,Colusa,011,21464,3807,3807,1287,5094,22
2022-10-19,Contra Costa,013,1133247,253351,251722,20893,272615,1444
2022-10-19,Del Norte,015,27424,7456,7450,400,7850,56
2022-10-19,El Dorado,017,186661,32548,32443,4300,36743,232
2022-10-19,Fresno,019,978130,277905,275502,31685,307187,2893
2022-10-19,Glenn,021,27897,5544,5543,1871,7414,48
2022-10-19,Humboldt,023,135768,22069,21979,5119,27098,160
2022-10-19,Imperial,025,180216,65922,65801,16031,81832,961
2022-10-19,Inyo,027,18085,4504,4497,1022,5519,60
2022-10-19,Kern,029,883053,220079,219679,64623,284302,2424
2022-10-19,Kings,031,150075,59677,59632,4123,63755,460
2022-10-19,Lake,033,64148,12890,12847,1189,14036,148
2022-10-19,Lassen,035,31185,9982,9977,999,10976,65
2022-10-19,Los Angeles,037,10098052,3297770,3289814,184114,3473928,33533
2022-10-19,Madera,039,155013,44190,44121,8285,52406,375
2022-10-19,Marin,041,260295,45660,45521,5323,50844,314
2022-10-19,Mariposa,043,17540,3123,3096,344,3440,31
2022-10-19,Mendocino,045,87422,16152,16059,4525,20584,136
2022-10-19,Merced,047,269075,72907,72442,11886,84328,869
2022-10-19,Modoc,049,8938,882,883,325,1208,11
2022-10-19,Mono,051,14174,3216,3212,260,3472,7
2022-10-19,Monterey,053,433212,94491,94275,21211,115486,768
2022-10-19,Napa,055,140530,32381,32395,1413,33808,160
2022-10-19,Nevada,057,99092,19124,19056,1872,20928,132
2022-10-19,Orange,059,3164182,671048,669923,64239,734162,7536
2022-10-19,Placer,061,380077,76348,76022,9618,85640,662
2022-10-19,Plumas,063,18699,3710,3691,441,4132,13
2022-10-19,Riverside,065,2383286,698368,697500,35641,733141,6569
2022-10-19,Sacramento,067,1510023,349158,348260,34358,382618,3337
2022-10-19,San Benito,069,59416,16407,16251,981,17232,107
2022-10-19,San Bernardino,071,2135413,673862,673189,31159,704348,8152
2022-10-19,San Diego,073,3302833,928983,928182,72745,1000927,5517
2022-10-19,San Francisco,075,870044,180727,179967,12190,192157,1056
2022-10-19,San Joaquin,077,732212,198808,198041,15051,213092,2336
2022-10-19,San Luis Obispo,079,281455,63603,63410,7224,70634,525
2022-10-19,San Mateo,081,765935,170188,169484,10525,180009,732
2022-10-19,Santa Barbara,083,443738,106347,106125,6912,113037,726
2022-10-19,Santa Clara,085,1922200,439576,434684,19285,453969,2523
2022-10-19,Santa Cruz,087,273765,63846,63592,3509,67101,275
2022-10-19,Shasta,089,179085,35168,35031,7564,42595,595
2022-10-19,Sierra,091,2930,308,305,60,365,5
2022-10-19,Siskiyou,093,43540,5172,5298,3332,8630,94
2022-10-19,Solano,095,438530,105853,105561,7974,113535,466
2022-10-19,Sonoma,097,501317,107653,107436,5327,112763,527
2022-10-19,Stanislaus,099,539301,138503,138223,21668,159891,1785
2022-10-19,Sutter,101,95872,24399,24393,2467,26860,233
2022-10-19,Tehama,103,63373,13693,13647,3099,16746,209
2022-10-19,Trinity,105,12862,1399,1396,411,1807,20
2022-10-19,Tulare,107,460477,122232,122035,36602,158637,1540
2022-10-19,Tuolumne,109,53932,15666,15626,927,16553,196
2022-10-19,Ventura,111,848112,209848,209427,15856,225283,1571
2022-10-19,Yolo,113,214977,47695,47611,4383,51994,346
2022-10-19,Yuba,115,75493,18991,18969,1735,20704,130
2022-10-18,Alameda,001,1643700,350545,349337,19896,369233,2031
2022-10-18,Alpine,003,1148,136,136,1,137,0
2022-10-18,Amador,005,37829,10032,10025,930,10955,94
2022-10-18,Butte,007,227075,39713,39607,9184,48791,456
2022-10-18,Calaveras,009,45235,8552,8541,567,9108,135
2022-10-18,Colusa,011,21464,3806,3807,1285,5092,22
2022-10-18,Contra Costa,013,1133247,253261,251722,20889,272611,1444
2022-10-18,Del Norte,015,27424,7452,7450,400,7850,56
2022-10-18,El Dorado,017,186661,32531,32443,4295,36738,232
2022-10-18,Fresno,019,978130,277849,275502,31672,307174,2893
2022-10-18,Glenn,021,27897,5544,5543,1871,7414,48
2022-10-18,Humboldt,023,135768,22056,21979,5116,27095,160
2022-10-18,Imperial,025,180216,65901,65801,16015,81816,961
2022-10-18,Inyo,027,18085,4504,4497,1019,5516,60
2022-10-18,Kern,029,883053,220033,219679,64586,284265,2424
2022-10-18,Kings,031,150075,59662,59632,4121,63753,460
2022-10-18,Lake,033,64148,12884,12847,1189,14036,148
2022-10-18,Lassen,035,31185,9979,9977,999,10976,65
2022-10-18,Los Angeles,037,10098052,3296962,3289814,183980,3473794,33533
2022-10-18,Madera,039,155013,44181,44121,8283,52404,375
2022-10-18,Marin,041,260295,45634,45521,5321,50842,314
2022-10-18,Mariposa,043,17540,3121,3096,344,3440,31
2022-10-18,Mendocino,045,87422,16141,16059,4525,20584,136
2022-10-18,Merced,047,269075,72888,72442,11879,84321,869
2022-10-18,Modoc,049,8938,882,883,325,1208,11
2022-10-18,Mono,051,14174,3215,3212,260,3472,7
2022-10-18,Monterey,053,433212,94464,94275,21203,115478,768
2022-10-18,Napa,055,140530,32376,32395,1413,33808,160
2022-10-18,Nevada,057,99092,19118,19056,1872,20928,132
2022-10-18,Orange,059,3164182,670871,669923,64155,734078,7536
2022-10-18,Placer,061,380077,76317,76022,9615,85637,662
2022-10-18,Plumas,063,18699,3709,3691,441,4132,13
2022-10-18,Riverside,065,2383286,698220,697500,35624,733124,6569
2022-10-18,Sacramento,067,1510023,349036,348260,34340,382600,3337
2022-10-18,San Benito,069,59416,16402,16251,978,17229,107
2022-10-18,San Bernardino,071,2135413,673752,673189,31139,704328,8152
2022-10-18,San Diego,073,3302833,928685,928182,72697,1000879,5517
2022-10-18,San Francisco,075,870044,180645,179967,12188,192155,1056
2022-10-18,San Joaquin,077,732212,198772,198041,15038,213079,2336
2022-10-18,San Luis Obispo,079,281455,63579,63410,7222,70632,525
2022-10-18,San Mateo,081,765935,170111,169484,10521,180005,732
2022-10-18,Santa Barbara,083,443738,106321,106125,6909,113034,726
2022-10-18,Santa Clara,085,1922200,439401,434684,19266,453950,2523
2022-10-18,Santa Cruz,087,273765,63825,63592,3506,67098,275
2022-10-18,Shasta,089,179085,35161,35031,7560,42591,595
2022-10-18,Sierra,091,2930,308,305,60,365,5
2022-10-18,Siskiyou,093,43540,5172,5298,3330,8628,94
2022-10-18,Solano,095,438530,105817,105561,7969,113530,466
2022-10-18,Sonoma,097,501317,107608,107436,5320,112756,527
2022-10-18,Stanislaus,099,539301,138479,138223,21661,159884,1785
2022-10-18,Sutter,101,95872,24395,24393,2467,26860,233
2022-10-18,Tehama,103,63373,13686,13647,3096,16743,209
2022-10-18,Trinity,105,12862,1399,1396,408,1804,20
2022-10-18,Tulare,107,460477,122213,122035,36583,158618,1540
2022-10-18,Tuolumne,109,53932,15661,15626,927,16553,196
2022-10-18,Ventura,111,848112,209786,209427,15845,225272,1571
2022-10-18,Yolo,113,214977,47686,47611,4380,51991,346
2022-10-18,Yuba,115,75493,18984,18969,1735,20704,130
2022-10-17,Alameda,001,1643700,350393,348487,19891,368378,2027
2022-10-17,Alpine,003,1148,136,135,1,136,0
2022-10-17,Amador,005,37829,10028,10013,930,10943,93
2022-10-17,Butte,007,227075,39698,39567,9182,48749,456
2022-10-17,Calaveras,009,45235,8548,8523,567,9090,133
2022-10-17,Colusa,011,21464,3806,3805,1285,5090,22
2022-10-17,Contra Costa,013,1133247,253153,250897,20882,271779,1440
2022-10-17,Del Norte,015,27424,7452,7440,400,7840,56
2022-10-17,El Dorado,017,186661,32518,32373,4293,36666,231
2022-10-17,Fresno,019,978130,277782,275035,31649,306684,2873
2022-10-17,Glenn,021,27897,5541,5532,1871,7403,48
2022-10-17,Humboldt,023,135768,22043,21914,5104,27018,159
2022-10-17,Imperial,025,180216,65883,65691,15989,81680,958
2022-10-17,Inyo,027,18085,4504,4492,1018,5510,60
2022-10-17,Kern,029,883053,219988,219487,64548,284035,2420
2022-10-17,Kings,031,150075,59651,59560,4120,63680,459
2022-10-17,Lake,033,64148,12881,12815,1188,14003,146
2022-10-17,Lassen,035,31185,9977,9970,999,10969,65
2022-10-17,Los Angeles,037,10098052,3296065,3285385,183829,3469214,33525
2022-10-17,Madera,039,155013,44176,44078,8282,52360,375
2022-10-17,Marin,041,260295,45616,45378,5318,50696,315
2022-10-17,Mariposa,043,17540,3119,3091,344,3435,31
2022-10-17,Mendocino,045,87422,16135,16023,4524,20547,136
2022-10-17,Merced,047,269075,72870,72326,11878,84204,868
2022-10-17,Modoc,049,8938,882,882,325,1207,11
2022-10-17,Mono,051,14174,3215,3206,260,3466,7
2022-10-17,Monterey,053,433212,94440,94183,21197,115380,768
2022-10-17,Napa,055,140530,32367,32326,1412,33738,161
2022-10-17,Nevada,057,99092,19113,19023,1869,20892,132
2022-10-17,Orange,059,3164182,670698,668814,64093,732907,7473
2022-10-17,Placer,061,380077,76287,75902,9602,85504,660
2022-10-17,Plumas,063,18699,3704,3682,439,4121,13
2022-10-17,Riverside,065,2383286,698062,696402,35600,732002,6561
2022-10-17,Sacramento,067,1510023,348897,347495,34327,381822,3324
2022-10-17,San Benito,069,59416,16390,16223,977,17200,107
2022-10-17,San Bernardino,071,2135413,673618,672221,31119,703340,8148
2022-10-17,San Diego,073,3302833,928385,926574,72648,999222,5507
2022-10-17,San Francisco,075,870044,180563,179482,12185,191667,1048
2022-10-17,San Joaquin,077,732212,198725,197672,15031,212703,2322
2022-10-17,San Luis Obispo,079,281455,63564,63321,7221,70542,524
2022-10-17,San Mateo,081,765935,170047,168944,10521,179465,732
2022-10-17,Santa Barbara,083,443738,106301,105931,6906,112837,726
2022-10-17,Santa Clara,085,1922200,439184,433458,19255,452713,2513
2022-10-17,Santa Cruz,087,273765,63776,63316,3505,66821,273
2022-10-17,Shasta,089,179085,35139,34971,7554,42525,595
2022-10-17,Sierra,091,2930,306,305,60,365,5
2022-10-17,Siskiyou,093,43540,5169,5287,3327,8614,92
2022-10-17,Solano,095,438530,105779,105287,7966,113253,465
2022-10-17,Sonoma,097,501317,107569,107199,5316,112515,520
2022-10-17,Stanislaus,099,539301,138449,137994,21653,159647,1782
2022-10-17,Sutter,101,95872,24394,24357,2467,26824,233
2022-10-17,Tehama,103,63373,13682,13624,3095,16719,209
2022-10-17,Trinity,105,12862,1399,1396,408,1804,20
2022-10-17,Tulare,107,460477,122195,121902,36571,158473,1538
2022-10-17,Tuolumne,109,53932,15654,15586,926,16512,196
2022-10-17,Ventura,111,848112,209743,209051,15839,224890,1571
2022-10-17,Yolo,113,214977,47663,47498,4374,51872,343
2022-10-17,Yuba,115,75493,18978,18934,1735,20669,129
2022-10-16,Alameda,001,1643700,350226,348487,19874,368361,2027
2022-10-16,Alpine,003,1148,136,135,1,136,0
2022-10-16,Amador,005,37829,10026,10013,930,10943,93
2022-10-16,Butte,007,227075,39678,39567,9176,48743,456
2022-10-16,Calaveras,009,45235,8547,8523,566,9089,133
2022-10-16,Colusa,011,21464,3805,3805,1285,5090,22
2022-10-16,Contra Costa,013,1133247,253029,250897,20880,271777,1440
2022-10-16,Del Norte,015,27424,7451,7440,400,7840,56
2022-10-16,El Dorado,017,186661,32503,32373,4290,36663,231
2022-10-16,Fresno,019,978130,277694,275035,31631,306666,2873
2022-10-16,Glenn,021,27897,5540,5532,1871,7403,48
2022-10-16,Humboldt,023,135768,22024,21914,5090,27004,159
2022-10-16,Imperial,025,180216,65850,65691,15973,81664,958
2022-10-16,Inyo,027,18085,4503,4492,1015,5507,60
2022-10-16,Kern,029,883053,219941,219487,64503,283990,2420
2022-10-16,Kings,031,150075,59640,59560,4119,63679,459
2022-10-16,Lake,033,64148,12877,12815,1188,14003,146
2022-10-16,Lassen,035,31185,9976,9970,999,10969,65
2022-10-16,Los Angeles,037,10098052,3295145,3285385,183673,3469058,33525
2022-10-16,Madera,039,155013,44162,44078,8280,52358,375
2022-10-16,Marin,041,260295,45594,45378,5317,50695,315
2022-10-16,Mariposa,043,17540,3118,3091,344,3435,31
2022-10-16,Mendocino,045,87422,16126,16023,4522,20545,136
2022-10-16,Merced,047,269075,72850,72326,11877,84203,868
2022-10-16,Modoc,049,8938,882,882,325,1207,11
2022-10-16,Mono,051,14174,3214,3206,260,3466,7
2022-10-16,Monterey,053,433212,94412,94183,21186,115369,768
2022-10-16,Napa,055,140530,32358,32326,1412,33738,161
2022-10-16,Nevada,057,99092,19109,19023,1867,20890,132
2022-10-16,Orange,059,3164182,670500,668814,64039,732853,7473
2022-10-16,Placer,061,380077,76262,75902,9597,85499,660
2022-10-16,Plumas,063,18699,3700,3682,439,4121,13
2022-10-16,Riverside,065,2383286,697892,696402,35572,731974,6561
2022-10-16,Sacramento,067,1510023,348718,347495,34303,381798,3324
2022-10-16,San Benito,069,59416,16386,16223,976,17199,107
2022-10-16,San Bernardino,071,2135413,673456,672221,31112,703333,8148
2022-10-16,San Diego,073,3302833,928066,926574,72598,999172,5507
2022-10-16,San Francisco,075,870044,180455,179482,12175,191657,1048
2022-10-16,San Joaquin,077,732212,198649,197672,15024,212696,2322
2022-10-16,San Luis Obispo,079,281455,63539,63321,7218,70539,524
2022-10-16,San Mateo,081,765935,169945,168944,10519,179463,732
2022-10-16,Santa Barbara,083,443738,106272,105931,6904,112835,726
2022-10-16,Santa Clara,085,1922200,438991,433458,19241,452699,2513
2022-10-16,Santa Cruz,087,273765,63690,63316,3501,66817,273
2022-10-16,Shasta,089,179085,35123,34971,7545,42516,595
2022-10-16,Sierra,091,2930,306,305,60,365,5
2022-10-16,Siskiyou,093,43540,5166,5287,3327,8614,92
2022-10-16,Solano,095,438530,105732,105287,7965,113252,465
2022-10-16,Sonoma,097,501317,107517,107199,5310,112509,520
2022-10-16,Stanislaus,099,539301,138419,137994,21652,159646,1782
2022-10-16,Sutter,101,95872,24388,24357,2463,26820,233
2022-10-16,Tehama,103,63373,13677,13624,3094,16718,209
2022-10-16,Trinity,105,12862,1399,1396,408,1804,20
2022-10-16,Tulare,107,460477,122169,121902,36558,158460,1538
2022-10-16,Tuolumne,109,53932,15652,15586,926,16512,196
2022-10-16,Ventura,111,848112,209673,209051,15832,224883,1571
2022-10-16,Yolo,113,214977,47647,47498,4364,51862,343
2022-10-16,Yuba,115,75493,18973,18934,1735,20669,129
2022-10-15,Alameda,001,1643700,350128,348487,19862,368349,2027
2022-10-15,Alpine,003,1148,136,135,1,136,0
2022-10-15,Amador,005,37829,10024,10013,930,10943,93
2022-10-15,Butte,007,227075,39675,39567,9172,48739,456
2022-10-15,Calaveras,009,45235,8544,8523,566,9089,133
2022-10-15,Colusa,011,21464,3805,3805,1285,5090,22
2022-10-15,Contra Costa,013,1133247,252957,250897,20878,271775,1440
2022-10-15,Del Norte,015,27424,7451,7440,400,7840,56
2022-10-15,El Dorado,017,186661,32493,32373,4290,36663,231
2022-10-15,Fresno,019,978130,277667,275035,31629,306664,2873
2022-10-15,Glenn,021,27897,5539,5532,1871,7403,48
2022-10-15,Humboldt,023,135768,22016,21914,5082,26996,159
2022-10-15,Imperial,025,180216,65843,65691,15967,81658,958
2022-10-15,Inyo,027,18085,4503,4492,1015,5507,60
2022-10-15,Kern,029,883053,219915,219487,64468,283955,2420
2022-10-15,Kings,031,150075,59626,59560,4119,63679,459
2022-10-15,Lake,033,64148,12877,12815,1188,14003,146
2022-10-15,Lassen,035,31185,9975,9970,999,10969,65
2022-10-15,Los Angeles,037,10098052,3294674,3285385,183582,3468967,33525
2022-10-15,Madera,039,155013,44159,44078,8280,52358,375
2022-10-15,Marin,041,260295,45577,45378,5315,50693,315
2022-10-15,Mariposa,043,17540,3118,3091,344,3435,31
2022-10-15,Mendocino,045,87422,16119,16023,4522,20545,136
2022-10-15,Merced,047,269075,72837,72326,11876,84202,868
2022-10-15,Modoc,049,8938,882,882,324,1206,11
2022-10-15,Mono,051,14174,3213,3206,260,3466,7
2022-10-15,Monterey,053,433212,94394,94183,21176,115359,768
2022-10-15,Napa,055,140530,32355,32326,1412,33738,161
2022-10-15,Nevada,057,99092,19105,19023,1865,20888,132
2022-10-15,Orange,059,3164182,670395,668814,64005,732819,7473
2022-10-15,Placer,061,380077,76248,75902,9596,85498,660
2022-10-15,Plumas,063,18699,3699,3682,439,4121,13
2022-10-15,Riverside,065,2383286,697803,696402,35556,731958,6561
2022-10-15,Sacramento,067,1510023,348632,347495,34296,381791,3324
2022-10-15,San Benito,069,59416,16382,16223,975,17198,107
2022-10-15,San Bernardino,071,2135413,673389,672221,31105,703326,8148
2022-10-15,San Diego,073,3302833,927949,926574,72585,999159,5507
2022-10-15,San Francisco,075,870044,180403,179482,12174,191656,1048
2022-10-15,San Joaquin,077,732212,198612,197672,15022,212694,2322
2022-10-15,San Luis Obispo,079,281455,63531,63321,7215,70536,524
2022-10-15,San Mateo,081,765935,169893,168944,10513,179457,732
2022-10-15,Santa Barbara,083,443738,106246,105931,6902,112833,726
2022-10-15,Santa Clara,085,1922200,438884,433458,19235,452693,2513
2022-10-15,Santa Cruz,087,273765,63663,63316,3496,66812,273
2022-10-15,Shasta,089,179085,35116,34971,7543,42514,595
2022-10-15,Sierra,091,2930,306,305,60,365,5
2022-10-15,Siskiyou,093,43540,5165,5287,3325,8612,92
2022-10-15,Solano,095,438530,105715,105287,7959,113246,465
2022-10-15,Sonoma,097,501317,107492,107199,5310,112509,520
2022-10-15,Stanislaus,099,539301,138401,137994,21651,159645,1782
2022-10-15,Sutter,101,95872,24385,24357,2463,26820,233
2022-10-15,Tehama,103,63373,13675,13624,3094,16718,209
2022-10-15,Trinity,105,12862,1399,1396,408,1804,20
2022-10-15,Tulare,107,460477,122157,121902,36546,158448,1538
2022-10-15,Tuolumne,109,53932,15646,15586,926,16512,196
2022-10-15,Ventura,111,848112,209642,209051,15826,224877,1571
2022-10-15,Yolo,113,214977,47638,47498,4362,51860,343
2022-10-15,Yuba,115,75493,18971,18934,1734,20668,129
2022-10-14,Alameda,001,1643700,350053,348487,19851,368338,2027
2022-10-14,Alpine,003,1148,136,135,1,136,0
2022-10-14,Amador,005,37829,10024,10013,930,10943,93
2022-10-14,Butte,007,227075,39667,39567,9168,48735,456
2022-10-14,Calaveras,009,45235,8540,8523,566,9089,133
2022-10-14,Colusa,011,21464,3804,3805,1285,5090,22
2022-10-14,Contra Costa,013,1133247,252895,250897,20875,271772,1440
2022-10-14,Del Norte,015,27424,7451,7440,400,7840,56
2022-10-14,El Dorado,017,186661,32486,32373,4288,36661,231
2022-10-14,Fresno,019,978130,277634,275035,31625,306660,2873
2022-10-14,Glenn,021,27897,5538,5532,1869,7401,48
2022-10-14,Humboldt,023,135768,22014,21914,5078,26992,159
2022-10-14,Imperial,025,180216,65832,65691,15961,81652,958
2022-10-14,Inyo,027,18085,4503,4492,1013,5505,60
2022-10-14,Kern,029,883053,219896,219487,64444,283931,2420
2022-10-14,Kings,031,150075,59619,59560,4119,63679,459
2022-10-14,Lake,033,64148,12875,12815,1188,14003,146
2022-10-14,Lassen,035,31185,9975,9970,999,10969,65
2022-10-14,Los Angeles,037,10098052,3294171,3285385,183486,3468871,33525
2022-10-14,Madera,039,155013,44154,44078,8274,52352,375
2022-10-14,Marin,041,260295,45566,45378,5314,50692,315
2022-10-14,Mariposa,043,17540,3118,3091,344,3435,31
2022-10-14,Mendocino,045,87422,16114,16023,4521,20544,136
2022-10-14,Merced,047,269075,72824,72326,11875,84201,868
2022-10-14,Modoc,049,8938,882,882,324,1206,11
2022-10-14,Mono,051,14174,3213,3206,260,3466,7
2022-10-14,Monterey,053,433212,94374,94183,21172,115355,768
2022-10-14,Napa,055,140530,32347,32326,1412,33738,161
2022-10-14,Nevada,057,99092,19098,19023,1863,20886,132
2022-10-14,Orange,059,3164182,670292,668814,63971,732785,7473
2022-10-14,Placer,061,380077,76232,75902,9592,85494,660
2022-10-14,Plumas,063,18699,3698,3682,439,4121,13
2022-10-14,Riverside,065,2383286,697710,696402,35546,731948,6561
2022-10-14,Sacramento,067,1510023,348560,347495,34292,381787,3324
2022-10-14,San Benito,069,59416,16378,16223,975,17198,107
2022-10-14,San Bernardino,071,2135413,673315,672221,31092,703313,8148
2022-10-14,San Diego,073,3302833,927738,926574,72563,999137,5507
2022-10-14,San Francisco,075,870044,180354,179482,12170,191652,1048
2022-10-14,San Joaquin,077,732212,198579,197672,15018,212690,2322
2022-10-14,San Luis Obispo,079,281455,63521,63321,7213,70534,524
2022-10-14,San Mateo,081,765935,169843,168944,10513,179457,732
2022-10-14,Santa Barbara,083,443738,106231,105931,6902,112833,726
2022-10-14,Santa Clara,085,1922200,438747,433458,19227,452685,2513
2022-10-14,Santa Cruz,087,273765,63631,63316,3495,66811,273
2022-10-14,Shasta,089,179085,35111,34971,7543,42514,595
2022-10-14,Sierra,091,2930,306,305,60,365,5
2022-10-14,Siskiyou,093,43540,5164,5287,3325,8612,92
2022-10-14,Solano,095,438530,105684,105287,7957,113244,465
2022-10-14,Sonoma,097,501317,107472,107199,5309,112508,520
2022-10-14,Stanislaus,099,539301,138377,137994,21646,159640,1782
2022-10-14,Sutter,101,95872,24378,24357,2463,26820,233
2022-10-14,Tehama,103,63373,13671,13624,3093,16717,209
2022-10-14,Trinity,105,12862,1399,1396,408,1804,20
2022-10-14,Tulare,107,460477,122140,121902,36541,158443,1538
2022-10-14,Tuolumne,109,53932,15642,15586,926,16512,196
2022-10-14,Ventura,111,848112,209592,209051,15825,224876,1571
2022-10-14,Yolo,113,214977,47628,47498,4357,51855,343
2022-10-14,Yuba,115,75493,18965,18934,1734,20668,129
2022-10-13,Alameda,001,1643700,349914,348487,19835,368322,2027
2022-10-13,Alpine,003,1148,136,135,1,136,0
2022-10-13,Amador,005,37829,10022,10013,930,10943,93
2022-10-13,Butte,007,227075,39657,39567,9163,48730,456
2022-10-13,Calaveras,009,45235,8538,8523,566,9089,133
2022-10-13,Colusa,011,21464,3804,3805,1285,5090,22
2022-10-13,Contra Costa,013,1133247,252811,250897,20866,271763,1440
2022-10-13,Del Norte,015,27424,7450,7440,400,7840,56
2022-10-13,El Dorado,017,186661,32473,32373,4285,36658,231
2022-10-13,Fresno,019,978130,277591,275035,31617,306652,2873
2022-10-13,Glenn,021,27897,5538,5532,1869,7401,48
2022-10-13,Humboldt,023,135768,22003,21914,5071,26985,159
2022-10-13,Imperial,025,180216,65818,65691,15949,81640,958
2022-10-13,Inyo,027,18085,4502,4492,1013,5505,60
2022-10-13,Kern,029,883053,219864,219487,64406,283893,2420
2022-10-13,Kings,031,150075,59609,59560,4119,63679,459
2022-10-13,Lake,033,64148,12872,12815,1188,14003,146
2022-10-13,Lassen,035,31185,9974,9970,999,10969,65
2022-10-13,Los Angeles,037,10098052,3293436,3285385,183354,3468739,33525
2022-10-13,Madera,039,155013,44146,44078,8271,52349,375
2022-10-13,Marin,041,260295,45537,45378,5310,50688,315
2022-10-13,Mariposa,043,17540,3117,3091,344,3435,31
2022-10-13,Mendocino,045,87422,16108,16023,4521,20544,136
2022-10-13,Merced,047,269075,72808,72326,11871,84197,868
2022-10-13,Modoc,049,8938,882,882,324,1206,11
2022-10-13,Mono,051,14174,3212,3206,259,3465,7
2022-10-13,Monterey,053,433212,94360,94183,21161,115344,768
2022-10-13,Napa,055,140530,32333,32326,1411,33737,161
2022-10-13,Nevada,057,99092,19087,19023,1861,20884,132
2022-10-13,Orange,059,3164182,670141,668814,63922,732736,7473
2022-10-13,Placer,061,380077,76215,75902,9588,85490,660
2022-10-13,Plumas,063,18699,3696,3682,439,4121,13
2022-10-13,Riverside,065,2383286,697586,696402,35530,731932,6561
2022-10-13,Sacramento,067,1510023,348431,347495,34279,381774,3324
2022-10-13,San Benito,069,59416,16377,16223,975,17198,107
2022-10-13,San Bernardino,071,2135413,673219,672221,31086,703307,8148
2022-10-13,San Diego,073,3302833,927534,926574,72539,999113,5507
2022-10-13,San Francisco,075,870044,180262,179482,12167,191649,1048
2022-10-13,San Joaquin,077,732212,198536,197672,15011,212683,2322
2022-10-13,San Luis Obispo,079,281455,63513,63321,7203,70524,524
2022-10-13,San Mateo,081,765935,169750,168944,10512,179456,732
2022-10-13,Santa Barbara,083,443738,106209,105931,6898,112829,726
2022-10-13,Santa Clara,085,1922200,438603,433458,19223,452681,2513
2022-10-13,Santa Cruz,087,273765,63606,63316,3493,66809,273
2022-10-13,Shasta,089,179085,35099,34971,7538,42509,595
2022-10-13,Sierra,091,2930,306,305,60,365,5
2022-10-13,Siskiyou,093,43540,5161,5287,3322,8609,92
2022-10-13,Solano,095,438530,105646,105287,7951,113238,465
2022-10-13,Sonoma,097,501317,107435,107199,5309,112508,520
2022-10-13,Stanislaus,099,539301,138346,137994,21646,159640,1782
2022-10-13,Sutter,101,95872,24374,24357,2463,26820,233
2022-10-13,Tehama,103,63373,13668,13624,3092,16716,209
2022-10-13,Trinity,105,12862,1399,1396,407,1803,20
2022-10-13,Tulare,107,460477,122125,121902,36528,158430,1538
2022-10-13,Tuolumne,109,53932,15635,15586,926,16512,196
2022-10-13,Ventura,111,848112,209544,209051,15819,224870,1571
2022-10-13,Yolo,113,214977,47610,47498,4351,51849,343
2022-10-13,Yuba,115,75493,18959,18934,1734,20668,129
2022-10-12,Alameda,001,1643700,349791,348487,19820,368307,2027
2022-10-12,Alpine,003,1148,135,135,1,136,0
2022-10-12,Amador,005,37829,10020,10013,930,10943,93
2022-10-12,Butte,007,227075,39648,39567,9162,48729,456
2022-10-12,Calaveras,009,45235,8533,8523,566,9089,133
2022-10-12,Colusa,011,21464,3804,3805,1285,5090,22
2022-10-12,Contra Costa,013,1133247,252719,250897,20856,271753,1440
2022-10-12,Del Norte,015,27424,7450,7440,400,7840,56
2022-10-12,El Dorado,017,186661,32463,32373,4284,36657,231
2022-10-12,Fresno,019,978130,277547,275035,31608,306643,2873
2022-10-12,Glenn,021,27897,5537,5532,1869,7401,48
2022-10-12,Humboldt,023,135768,21998,21914,5067,26981,159
2022-10-12,Imperial,025,180216,65797,65691,15940,81631,958
2022-10-12,Inyo,027,18085,4501,4492,1012,5504,60
2022-10-12,Kern,029,883053,219825,219487,64372,283859,2420
2022-10-12,Kings,031,150075,59604,59560,4116,63676,459
2022-10-12,Lake,033,64148,12864,12815,1188,14003,146
2022-10-12,Lassen,035,31185,9971,9970,999,10969,65
2022-10-12,Los Angeles,037,10098052,3292684,3285385,183212,3468597,33525
2022-10-12,Madera,039,155013,44136,44078,8269,52347,375
2022-10-12,Marin,041,260295,45519,45378,5307,50685,315
2022-10-12,Mariposa,043,17540,3116,3091,344,3435,31
2022-10-12,Mendocino,045,87422,16106,16023,4519,20542,136
2022-10-12,Merced,047,269075,72785,72326,11867,84193,868
2022-10-12,Modoc,049,8938,882,882,324,1206,11
2022-10-12,Mono,051,14174,3211,3206,258,3464,7
2022-10-12,Monterey,053,433212,94342,94183,21151,115334,768
2022-10-12,Napa,055,140530,32322,32326,1411,33737,161
2022-10-12,Nevada,057,99092,19079,19023,1860,20883,132
2022-10-12,Orange,059,3164182,669975,668814,63875,732689,7473
2022-10-12,Placer,061,380077,76195,75902,9584,85486,660
2022-10-12,Plumas,063,18699,3694,3682,438,4120,13
2022-10-12,Riverside,065,2383286,697462,696402,35508,731910,6561
2022-10-12,Sacramento,067,1510023,348324,347495,34258,381753,3324
2022-10-12,San Benito,069,59416,16372,16223,973,17196,107
2022-10-12,San Bernardino,071,2135413,673090,672221,31075,703296,8148
2022-10-12,San Diego,073,3302833,927280,926574,72504,999078,5507
2022-10-12,San Francisco,075,870044,180183,179482,12166,191648,1048
2022-10-12,San Joaquin,077,732212,198478,197672,15006,212678,2322
2022-10-12,San Luis Obispo,079,281455,63500,63321,7199,70520,524
2022-10-12,San Mateo,081,765935,169670,168944,10510,179454,732
2022-10-12,Santa Barbara,083,443738,106193,105931,6897,112828,726
2022-10-12,Santa Clara,085,1922200,438419,433458,19214,452672,2513
2022-10-12,Santa Cruz,087,273765,63569,63316,3493,66809,273
2022-10-12,Shasta,089,179085,35085,34971,7531,42502,595
2022-10-12,Sierra,091,2930,306,305,60,365,5
2022-10-12,Siskiyou,093,43540,5161,5287,3319,8606,92
2022-10-12,Solano,095,438530,105603,105287,7949,113236,465
2022-10-12,Sonoma,097,501317,107404,107199,5308,112507,520
2022-10-12,Stanislaus,099,539301,138300,137994,21641,159635,1782
2022-10-12,Sutter,101,95872,24368,24357,2463,26820,233
2022-10-12,Tehama,103,63373,13666,13624,3091,16715,209
2022-10-12,Trinity,105,12862,1399,1396,405,1801,20
2022-10-12,Tulare,107,460477,122101,121902,36507,158409,1538
2022-10-12,Tuolumne,109,53932,15631,15586,926,16512,196
2022-10-12,Ventura,111,848112,209492,209051,15817,224868,1571
2022-10-12,Yolo,113,214977,47590,47498,4347,51845,343
2022-10-12,Yuba,115,75493,18952,18934,1732,20666,129
2022-10-11,Alameda,001,1643700,349627,348487,19812,368299,2027
2022-10-11,Alpine,003,1148,135,135,1,136,0
2022-10-11,Amador,005,37829,10016,10013,930,10943,93
2022-10-11,Butte,007,227075,39633,39567,9162,48729,456
2022-10-11,Calaveras,009,45235,8529,8523,565,9088,133
2022-10-11,Colusa,011,21464,3803,3805,1285,5090,22
2022-10-11,Contra Costa,013,1133247,252606,250897,20851,271748,1440
2022-10-11,Del Norte,015,27424,7445,7440,400,7840,56
2022-10-11,El Dorado,017,186661,32444,32373,4284,36657,231
2022-10-11,Fresno,019,978130,277493,275035,31595,306630,2873
2022-10-11,Glenn,021,27897,5536,5532,1868,7400,48
2022-10-11,Humboldt,023,135768,21992,21914,5057,26971,159
2022-10-11,Imperial,025,180216,65784,65691,15922,81613,958
2022-10-11,Inyo,027,18085,4499,4492,1011,5503,60
2022-10-11,Kern,029,883053,219800,219487,64347,283834,2420
2022-10-11,Kings,031,150075,59590,59560,4111,63671,459
2022-10-11,Lake,033,64148,12860,12815,1186,14001,146
2022-10-11,Lassen,035,31185,9970,9970,999,10969,65
2022-10-11,Los Angeles,037,10098052,3291865,3285385,183082,3468467,33525
2022-10-11,Madera,039,155013,44129,44078,8268,52346,375
2022-10-11,Marin,041,260295,45502,45378,5303,50681,315
2022-10-11,Mariposa,043,17540,3115,3091,344,3435,31
2022-10-11,Mendocino,045,87422,16101,16023,4517,20540,136
2022-10-11,Merced,047,269075,72759,72326,11866,84192,868
2022-10-11,Modoc,049,8938,881,882,324,1206,11
2022-10-11,Mono,051,14174,3211,3206,257,3463,7
2022-10-11,Monterey,053,433212,94332,94183,21143,115326,768
2022-10-11,Napa,055,140530,32318,32326,1410,33736,161
2022-10-11,Nevada,057,99092,19068,19023,1858,20881,132
2022-10-11,Orange,059,3164182,669803,668814,63832,732646,7473
2022-10-11,Placer,061,380077,76164,75902,9582,85484,660
2022-10-11,Plumas,063,18699,3694,3682,437,4119,13
2022-10-11,Riverside,065,2383286,697331,696402,35498,731900,6561
2022-10-11,Sacramento,067,1510023,348165,347495,34240,381735,3324
2022-10-11,San Benito,069,59416,16366,16223,972,17195,107
2022-10-11,San Bernardino,071,2135413,672955,672221,31066,703287,8148
2022-10-11,San Diego,073,3302833,927001,926574,72469,999043,5507
2022-10-11,San Francisco,075,870044,180089,179482,12165,191647,1048
2022-10-11,San Joaquin,077,732212,198433,197672,15001,212673,2322
2022-10-11,San Luis Obispo,079,281455,63478,63321,7187,70508,524
2022-10-11,San Mateo,081,765935,169594,168944,10506,179450,732
2022-10-11,Santa Barbara,083,443738,106164,105931,6895,112826,726
2022-10-11,Santa Clara,085,1922200,438245,433458,19205,452663,2513
2022-10-11,Santa Cruz,087,273765,63527,63316,3491,66807,273
2022-10-11,Shasta,089,179085,35073,34971,7521,42492,595
2022-10-11,Sierra,091,2930,306,305,60,365,5
2022-10-11,Siskiyou,093,43540,5160,5287,3317,8604,92
2022-10-11,Solano,095,438530,105563,105287,7947,113234,465
2022-10-11,Sonoma,097,501317,107362,107199,5304,112503,520
2022-10-11,Stanislaus,099,539301,138268,137994,21637,159631,1782
2022-10-11,Sutter,101,95872,24364,24357,2463,26820,233
2022-10-11,Tehama,103,63373,13665,13624,3088,16712,209
2022-10-11,Trinity,105,12862,1399,1396,404,1800,20
2022-10-11,Tulare,107,460477,122076,121902,36495,158397,1538
2022-10-11,Tuolumne,109,53932,15625,15586,926,16512,196
2022-10-11,Ventura,111,848112,209439,209051,15811,224862,1571
2022-10-11,Yolo,113,214977,47583,47498,4341,51839,343
2022-10-11,Yuba,115,75493,18940,18934,1732,20666,129
2022-10-10,Alameda,001,1643700,349479,347497,19801,367298,2023
2022-10-10,Alpine,003,1148,135,135,1,136,0
2022-10-10,Amador,005,37829,10013,9999,930,10929,93
2022-10-10,Butte,007,227075,39622,39453,9160,48613,454
2022-10-10,Calaveras,009,45235,8529,8511,564,9075,133
2022-10-10,Colusa,011,21464,3802,3794,1285,5079,22
2022-10-10,Contra Costa,013,1133247,252489,250136,20837,270973,1430
2022-10-10,Del Norte,015,27424,7442,7433,399,7832,56
2022-10-10,El Dorado,017,186661,32429,32320,4282,36602,231
2022-10-10,Fresno,019,978130,277435,274628,31584,306212,2865
2022-10-10,Glenn,021,27897,5535,5510,1868,7378,48
2022-10-10,Humboldt,023,135768,21973,21831,5053,26884,159
2022-10-10,Imperial,025,180216,65766,65532,15905,81437,958
2022-10-10,Inyo,027,18085,4498,4489,1009,5498,59
2022-10-10,Kern,029,883053,219758,219191,64307,283498,2418
2022-10-10,Kings,031,150075,59581,59489,4109,63598,458
2022-10-10,Lake,033,64148,12856,12795,1186,13981,147
2022-10-10,Lassen,035,31185,9970,9967,998,10965,65
2022-10-10,Los Angeles,037,10098052,3290992,3278961,182930,3461891,33467
2022-10-10,Madera,039,155013,44117,44029,8264,52293,374
2022-10-10,Marin,041,260295,45484,45190,5299,50489,313
2022-10-10,Mariposa,043,17540,3113,3088,344,3432,31
2022-10-10,Mendocino,045,87422,16088,15992,4514,20506,136
2022-10-10,Merced,047,269075,72741,72236,11860,84096,865
2022-10-10,Modoc,049,8938,881,876,324,1200,11
2022-10-10,Mono,051,14174,3209,3205,257,3462,7
2022-10-10,Monterey,053,433212,94315,94111,21140,115251,766
2022-10-10,Napa,055,140530,32307,32258,1410,33668,160
2022-10-10,Nevada,057,99092,19064,18989,1857,20846,132
2022-10-10,Orange,059,3164182,669617,667297,63778,731075,7452
2022-10-10,Placer,061,380077,76139,75768,9577,85345,660
2022-10-10,Plumas,063,18699,3693,3669,436,4105,13
2022-10-10,Riverside,065,2383286,697177,695315,35486,730801,6567
2022-10-10,Sacramento,067,1510023,348045,346748,34199,380947,3310
2022-10-10,San Benito,069,59416,16362,16188,972,17160,106
2022-10-10,San Bernardino,071,2135413,672801,670906,31056,701962,8116
2022-10-10,San Diego,073,3302833,926739,924672,72429,997101,5498
2022-10-10,San Francisco,075,870044,180001,178943,12161,191104,1045
2022-10-10,San Joaquin,077,732212,198373,197390,14996,212386,2319
2022-10-10,San Luis Obispo,079,281455,63455,63219,7182,70401,524
2022-10-10,San Mateo,081,765935,169507,168413,10503,178916,737
2022-10-10,Santa Barbara,083,443738,106119,105695,6894,112589,725
2022-10-10,Santa Clara,085,1922200,438043,432327,19186,451513,2506
2022-10-10,Santa Cruz,087,273765,63493,63099,3490,66589,273
2022-10-10,Shasta,089,179085,35057,34904,7515,42419,593
2022-10-10,Sierra,091,2930,306,305,60,365,5
2022-10-10,Siskiyou,093,43540,5157,5272,3316,8588,92
2022-10-10,Solano,095,438530,105517,105042,7941,112983,465
2022-10-10,Sonoma,097,501317,107326,106940,5300,112240,520
2022-10-10,Stanislaus,099,539301,138226,137838,21633,159471,1781
2022-10-10,Sutter,101,95872,24355,24326,2463,26789,232
2022-10-10,Tehama,103,63373,13661,13603,3088,16691,210
2022-10-10,Trinity,105,12862,1399,1394,400,1794,20
2022-10-10,Tulare,107,460477,122058,121787,36477,158264,1531
2022-10-10,Tuolumne,109,53932,15619,15558,926,16484,196
2022-10-10,Ventura,111,848112,209368,208632,15804,224436,1567
2022-10-10,Yolo,113,214977,47560,47422,4340,51762,341
2022-10-10,Yuba,115,75493,18934,18914,1732,20646,129
2022-10-09,Alameda,001,1643700,349327,347497,19779,367276,2023
2022-10-09,Alpine,003,1148,135,135,1,136,0
2022-10-09,Amador,005,37829,10011,9999,930,10929,93
2022-10-09,Butte,007,227075,39614,39453,9159,48612,454
2022-10-09,Calaveras,009,45235,8526,8511,564,9075,133
2022-10-09,Colusa,011,21464,3802,3794,1285,5079,22
2022-10-09,Contra Costa,013,1133247,252378,250136,20824,270960,1430
2022-10-09,Del Norte,015,27424,7441,7433,399,7832,56
2022-10-09,El Dorado,017,186661,32418,32320,4281,36601,231
2022-10-09,Fresno,019,978130,277343,274628,31573,306201,2865
2022-10-09,Glenn,021,27897,5532,5510,1867,7377,48
2022-10-09,Humboldt,023,135768,21960,21831,5047,26878,159
2022-10-09,Imperial,025,180216,65734,65532,15885,81417,958
2022-10-09,Inyo,027,18085,4498,4489,1007,5496,59
2022-10-09,Kern,029,883053,219723,219191,64242,283433,2418
2022-10-09,Kings,031,150075,59564,59489,4108,63597,458
2022-10-09,Lake,033,64148,12849,12795,1186,13981,147
2022-10-09,Lassen,035,31185,9970,9967,998,10965,65
2022-10-09,Los Angeles,037,10098052,3290009,3278961,182762,3461723,33467
2022-10-09,Madera,039,155013,44107,44029,8262,52291,374
2022-10-09,Marin,041,260295,45451,45190,5293,50483,313
2022-10-09,Mariposa,043,17540,3111,3088,344,3432,31
2022-10-09,Mendocino,045,87422,16082,15992,4514,20506,136
2022-10-09,Merced,047,269075,72723,72236,11855,84091,865
2022-10-09,Modoc,049,8938,881,876,324,1200,11
2022-10-09,Mono,051,14174,3209,3205,257,3462,7
2022-10-09,Monterey,053,433212,94299,94111,21130,115241,766
2022-10-09,Napa,055,140530,32293,32258,1409,33667,160
2022-10-09,Nevada,057,99092,19057,18989,1855,20844,132
2022-10-09,Orange,059,3164182,669397,667297,63704,731001,7452
2022-10-09,Placer,061,380077,76121,75768,9574,85342,660
2022-10-09,Plumas,063,18699,3691,3669,436,4105,13
2022-10-09,Riverside,065,2383286,696982,695315,35474,730789,6567
2022-10-09,Sacramento,067,1510023,347886,346748,34180,380928,3310
2022-10-09,San Benito,069,59416,16360,16188,972,17160,106
2022-10-09,San Bernardino,071,2135413,672646,670906,31047,701953,8116
2022-10-09,San Diego,073,3302833,926459,924672,72395,997067,5498
2022-10-09,San Francisco,075,870044,179904,178943,12158,191101,1045
2022-10-09,San Joaquin,077,732212,198295,197390,14991,212381,2319
2022-10-09,San Luis Obispo,079,281455,63448,63219,7175,70394,524
2022-10-09,San Mateo,081,765935,169400,168413,10499,178912,737
2022-10-09,Santa Barbara,083,443738,106085,105695,6890,112585,725
2022-10-09,Santa Clara,085,1922200,437832,432327,19171,451498,2506
2022-10-09,Santa Cruz,087,273765,63428,63099,3488,66587,273
2022-10-09,Shasta,089,179085,35033,34904,7508,42412,593
2022-10-09,Sierra,091,2930,306,305,60,365,5
2022-10-09,Siskiyou,093,43540,5157,5272,3315,8587,92
2022-10-09,Solano,095,438530,105462,105042,7940,112982,465
2022-10-09,Sonoma,097,501317,107278,106940,5299,112239,520
2022-10-09,Stanislaus,099,539301,138200,137838,21625,159463,1781
2022-10-09,Sutter,101,95872,24344,24326,2462,26788,232
2022-10-09,Tehama,103,63373,13659,13603,3088,16691,210
2022-10-09,Trinity,105,12862,1399,1394,400,1794,20
2022-10-09,Tulare,107,460477,122034,121787,36457,158244,1531
2022-10-09,Tuolumne,109,53932,15612,15558,926,16484,196
2022-10-09,Ventura,111,848112,209321,208632,15799,224431,1567
2022-10-09,Yolo,113,214977,47537,47422,4337,51759,341
2022-10-09,Yuba,115,75493,18931,18914,1732,20646,129
2022-10-08,Alameda,001,1643700,349241,347497,19772,367269,2023
2022-10-08,Alpine,003,1148,135,135,1,136,0
2022-10-08,Amador,005,37829,10010,9999,929,10928,93
2022-10-08,Butte,007,227075,39609,39453,9153,48606,454
2022-10-08,Calaveras,009,45235,8524,8511,564,9075,133
2022-10-08,Colusa,011,21464,3802,3794,1285,5079,22
2022-10-08,Contra Costa,013,1133247,252298,250136,20821,270957,1430
2022-10-08,Del Norte,015,27424,7441,7433,399,7832,56
2022-10-08,El Dorado,017,186661,32409,32320,4280,36600,231
2022-10-08,Fresno,019,978130,277313,274628,31570,306198,2865
2022-10-08,Glenn,021,27897,5531,5510,1867,7377,48
2022-10-08,Humboldt,023,135768,21949,21831,5041,26872,159
2022-10-08,Imperial,025,180216,65709,65532,15879,81411,958
2022-10-08,Inyo,027,18085,4498,4489,1005,5494,59
2022-10-08,Kern,029,883053,219688,219191,64221,283412,2418
2022-10-08,Kings,031,150075,59560,59489,4108,63597,458
2022-10-08,Lake,033,64148,12846,12795,1186,13981,147
2022-10-08,Lassen,035,31185,9970,9967,998,10965,65
2022-10-08,Los Angeles,037,10098052,3289450,3278961,182671,3461632,33467
2022-10-08,Madera,039,155013,44102,44029,8262,52291,374
2022-10-08,Marin,041,260295,45431,45190,5287,50477,313
2022-10-08,Mariposa,043,17540,3111,3088,344,3432,31
2022-10-08,Mendocino,045,87422,16081,15992,4511,20503,136
2022-10-08,Merced,047,269075,72713,72236,11854,84090,865
2022-10-08,Modoc,049,8938,879,876,324,1200,11
2022-10-08,Mono,051,14174,3209,3205,257,3462,7
2022-10-08,Monterey,053,433212,94289,94111,21128,115239,766
2022-10-08,Napa,055,140530,32286,32258,1409,33667,160
2022-10-08,Nevada,057,99092,19055,18989,1854,20843,132
2022-10-08,Orange,059,3164182,669282,667297,63660,730957,7452
2022-10-08,Placer,061,380077,76093,75768,9571,85339,660
2022-10-08,Plumas,063,18699,3690,3669,436,4105,13
2022-10-08,Riverside,065,2383286,696885,695315,35460,730775,6567
2022-10-08,Sacramento,067,1510023,347826,346748,34178,380926,3310
2022-10-08,San Benito,069,59416,16357,16188,972,17160,106
2022-10-08,San Bernardino,071,2135413,672569,670906,31039,701945,8116
2022-10-08,San Diego,073,3302833,926326,924672,72380,997052,5498
2022-10-08,San Francisco,075,870044,179856,178943,12154,191097,1045
2022-10-08,San Joaquin,077,732212,198260,197390,14986,212376,2319
2022-10-08,San Luis Obispo,079,281455,63442,63219,7174,70393,524
2022-10-08,San Mateo,081,765935,169350,168413,10496,178909,737
2022-10-08,Santa Barbara,083,443738,106061,105695,6888,112583,725
2022-10-08,Santa Clara,085,1922200,437716,432327,19160,451487,2506
2022-10-08,Santa Cruz,087,273765,63406,63099,3488,66587,273
2022-10-08,Shasta,089,179085,35027,34904,7503,42407,593
2022-10-08,Sierra,091,2930,306,305,60,365,5
2022-10-08,Siskiyou,093,43540,5157,5272,3314,8586,92
2022-10-08,Solano,095,438530,105442,105042,7935,112977,465
2022-10-08,Sonoma,097,501317,107249,106940,5299,112239,520
2022-10-08,Stanislaus,099,539301,138183,137838,21622,159460,1781
2022-10-08,Sutter,101,95872,24341,24326,2462,26788,232
2022-10-08,Tehama,103,63373,13658,13603,3087,16690,210
2022-10-08,Trinity,105,12862,1399,1394,400,1794,20
2022-10-08,Tulare,107,460477,122010,121787,36451,158238,1531
2022-10-08,Tuolumne,109,53932,15607,15558,926,16484,196
2022-10-08,Ventura,111,848112,209287,208632,15795,224427,1567
2022-10-08,Yolo,113,214977,47526,47422,4336,51758,341
2022-10-08,Yuba,115,75493,18928,18914,1732,20646,129
2022-10-07,Alameda,001,1643700,349124,347497,19769,367266,2023
2022-10-07,Alpine,003,1148,135,135,1,136,0
2022-10-07,Amador,005,37829,10008,9999,929,10928,93
2022-10-07,Butte,007,227075,39608,39453,9151,48604,454
2022-10-07,Calaveras,009,45235,8523,8511,564,9075,133
2022-10-07,Colusa,011,21464,3802,3794,1284,5078,22
2022-10-07,Contra Costa,013,1133247,252219,250136,20820,270956,1430
2022-10-07,Del Norte,015,27424,7441,7433,398,7831,56
2022-10-07,El Dorado,017,186661,32400,32320,4278,36598,231
2022-10-07,Fresno,019,978130,277283,274628,31567,306195,2865
2022-10-07,Glenn,021,27897,5530,5510,1866,7376,48
2022-10-07,Humboldt,023,135768,21942,21831,5034,26865,159
2022-10-07,Imperial,025,180216,65697,65532,15873,81405,958
2022-10-07,Inyo,027,18085,4496,4489,1003,5492,59
2022-10-07,Kern,029,883053,219658,219191,64194,283385,2418
2022-10-07,Kings,031,150075,59552,59489,4108,63597,458
2022-10-07,Lake,033,64148,12842,12795,1186,13981,147
2022-10-07,Lassen,035,31185,9970,9967,998,10965,65
2022-10-07,Los Angeles,037,10098052,3288842,3278961,182566,3461527,33467
2022-10-07,Madera,039,155013,44098,44029,8260,52289,374
2022-10-07,Marin,041,260295,45412,45190,5285,50475,313
2022-10-07,Mariposa,043,17540,3108,3088,344,3432,31
2022-10-07,Mendocino,045,87422,16077,15992,4510,20502,136
2022-10-07,Merced,047,269075,72706,72236,11852,84088,865
2022-10-07,Modoc,049,8938,879,876,324,1200,11
2022-10-07,Mono,051,14174,3208,3205,257,3462,7
2022-10-07,Monterey,053,433212,94274,94111,21124,115235,766
2022-10-07,Napa,055,140530,32278,32258,1409,33667,160
2022-10-07,Nevada,057,99092,19053,18989,1850,20839,132
2022-10-07,Orange,059,3164182,669163,667297,63625,730922,7452
2022-10-07,Placer,061,380077,76074,75768,9567,85335,660
2022-10-07,Plumas,063,18699,3687,3669,436,4105,13
2022-10-07,Riverside,065,2383286,696796,695315,35448,730763,6567
2022-10-07,Sacramento,067,1510023,347742,346748,34170,380918,3310
2022-10-07,San Benito,069,59416,16355,16188,972,17160,106
2022-10-07,San Bernardino,071,2135413,672487,670906,31034,701940,8116
2022-10-07,San Diego,073,3302833,926153,924672,72362,997034,5498
2022-10-07,San Francisco,075,870044,179795,178943,12147,191090,1045
2022-10-07,San Joaquin,077,732212,198226,197390,14985,212375,2319
2022-10-07,San Luis Obispo,079,281455,63430,63219,7173,70392,524
2022-10-07,San Mateo,081,765935,169280,168413,10495,178908,737
2022-10-07,Santa Barbara,083,443738,106036,105695,6887,112582,725
2022-10-07,Santa Clara,085,1922200,437586,432327,19153,451480,2506
2022-10-07,Santa Cruz,087,273765,63374,63099,3487,66586,273
2022-10-07,Shasta,089,179085,35021,34904,7500,42404,593
2022-10-07,Sierra,091,2930,306,305,60,365,5
2022-10-07,Siskiyou,093,43540,5156,5272,3313,8585,92
2022-10-07,Solano,095,438530,105413,105042,7931,112973,465
2022-10-07,Sonoma,097,501317,107222,106940,5298,112238,520
2022-10-07,Stanislaus,099,539301,138165,137838,21621,159459,1781
2022-10-07,Sutter,101,95872,24334,24326,2462,26788,232
2022-10-07,Tehama,103,63373,13658,13603,3085,16688,210
2022-10-07,Trinity,105,12862,1398,1394,400,1794,20
2022-10-07,Tulare,107,460477,121993,121787,36438,158225,1531
2022-10-07,Tuolumne,109,53932,15603,15558,926,16484,196
2022-10-07,Ventura,111,848112,209245,208632,15790,224422,1567
2022-10-07,Yolo,113,214977,47519,47422,4332,51754,341
2022-10-07,Yuba,115,75493,18928,18914,1732,20646,129
2022-10-06,Alameda,001,1643700,348986,347497,19758,367255,2023
2022-10-06,Alpine,003,1148,135,135,1,136,0
2022-10-06,Amador,005,37829,10006,9999,929,10928,93
2022-10-06,Butte,007,227075,39599,39453,9146,48599,454
2022-10-06,Calaveras,009,45235,8521,8511,563,9074,133
2022-10-06,Colusa,011,21464,3802,3794,1284,5078,22
2022-10-06,Contra Costa,013,1133247,252128,250136,20816,270952,1430
2022-10-06,Del Norte,015,27424,7439,7433,398,7831,56
2022-10-06,El Dorado,017,186661,32390,32320,4276,36596,231
2022-10-06,Fresno,019,978130,277235,274628,31561,306189,2865
2022-10-06,Glenn,021,27897,5529,5510,1865,7375,48
2022-10-06,Humboldt,023,135768,21930,21831,5026,26857,159
2022-10-06,Imperial,025,180216,65673,65532,15865,81397,958
2022-10-06,Inyo,027,18085,4496,4489,1002,5491,59
2022-10-06,Kern,029,883053,219627,219191,64168,283359,2418
2022-10-06,Kings,031,150075,59538,59489,4106,63595,458
2022-10-06,Lake,033,64148,12841,12795,1186,13981,147
2022-10-06,Lassen,035,31185,9970,9967,998,10965,65
2022-10-06,Los Angeles,037,10098052,3288002,3278961,182418,3461379,33467
2022-10-06,Madera,039,155013,44089,44029,8260,52289,374
2022-10-06,Marin,041,260295,45394,45190,5283,50473,313
2022-10-06,Mariposa,043,17540,3108,3088,344,3432,31
2022-10-06,Mendocino,045,87422,16076,15992,4509,20501,136
2022-10-06,Merced,047,269075,72694,72236,11851,84087,865
2022-10-06,Modoc,049,8938,878,876,324,1200,11
2022-10-06,Mono,051,14174,3208,3205,257,3462,7
2022-10-06,Monterey,053,433212,94265,94111,21115,115226,766
2022-10-06,Napa,055,140530,32271,32258,1409,33667,160
2022-10-06,Nevada,057,99092,19047,18989,1849,20838,132
2022-10-06,Orange,059,3164182,668969,667297,63572,730869,7452
2022-10-06,Placer,061,380077,76049,75768,9565,85333,660
2022-10-06,Plumas,063,18699,3685,3669,436,4105,13
2022-10-06,Riverside,065,2383286,696665,695315,35438,730753,6567
2022-10-06,Sacramento,067,1510023,347624,346748,34154,380902,3310
2022-10-06,San Benito,069,59416,16352,16188,971,17159,106
2022-10-06,San Bernardino,071,2135413,672351,670906,31023,701929,8116
2022-10-06,San Diego,073,3302833,925905,924672,72313,996985,5498
2022-10-06,San Francisco,075,870044,179717,178943,12145,191088,1045
2022-10-06,San Joaquin,077,732212,198175,197390,14978,212368,2319
2022-10-06,San Luis Obispo,079,281455,63412,63219,7169,70388,524
2022-10-06,San Mateo,081,765935,169214,168413,10493,178906,737
2022-10-06,Santa Barbara,083,443738,106011,105695,6885,112580,725
2022-10-06,Santa Clara,085,1922200,437421,432327,19145,451472,2506
2022-10-06,Santa Cruz,087,273765,63335,63099,3484,66583,273
2022-10-06,Shasta,089,179085,35010,34904,7494,42398,593
2022-10-06,Sierra,091,2930,306,305,60,365,5
2022-10-06,Siskiyou,093,43540,5154,5272,3313,8585,92
2022-10-06,Solano,095,438530,105382,105042,7927,112969,465
2022-10-06,Sonoma,097,501317,107197,106940,5297,112237,520
2022-10-06,Stanislaus,099,539301,138135,137838,21614,159452,1781
2022-10-06,Sutter,101,95872,24324,24326,2462,26788,232
2022-10-06,Tehama,103,63373,13652,13603,3084,16687,210
2022-10-06,Trinity,105,12862,1398,1394,398,1792,20
2022-10-06,Tulare,107,460477,121976,121787,36433,158220,1531
2022-10-06,Tuolumne,109,53932,15600,15558,925,16483,196
2022-10-06,Ventura,111,848112,209182,208632,15780,224412,1567
2022-10-06,Yolo,113,214977,47507,47422,4330,51752,341
2022-10-06,Yuba,115,75493,18927,18914,1732,20646,129
2022-10-05,Alameda,001,1643700,348826,347497,19751,367248,2023
2022-10-05,Alpine,003,1148,135,135,1,136,0
2022-10-05,Amador,005,37829,10004,9999,929,10928,93
2022-10-05,Butte,007,227075,39592,39453,9143,48596,454
2022-10-05,Calaveras,009,45235,8519,8511,563,9074,133
2022-10-05,Colusa,011,21464,3801,3794,1284,5078,22
2022-10-05,Contra Costa,013,1133247,252036,250136,20805,270941,1430
2022-10-05,Del Norte,015,27424,7436,7433,398,7831,56
2022-10-05,El Dorado,017,186661,32374,32320,4276,36596,231
2022-10-05,Fresno,019,978130,277164,274628,31555,306183,2865
2022-10-05,Glenn,021,27897,5529,5510,1864,7374,48
2022-10-05,Humboldt,023,135768,21916,21831,5021,26852,159
2022-10-05,Imperial,025,180216,65649,65532,15851,81383,958
2022-10-05,Inyo,027,18085,4496,4489,999,5488,59
2022-10-05,Kern,029,883053,219580,219191,64125,283316,2418
2022-10-05,Kings,031,150075,59529,59489,4105,63594,458
2022-10-05,Lake,033,64148,12839,12795,1185,13980,147
2022-10-05,Lassen,035,31185,9970,9967,997,10964,65
2022-10-05,Los Angeles,037,10098052,3287171,3278961,182270,3461231,33467
2022-10-05,Madera,039,155013,44081,44029,8257,52286,374
2022-10-05,Marin,041,260295,45370,45190,5279,50469,313
2022-10-05,Mariposa,043,17540,3107,3088,344,3432,31
2022-10-05,Mendocino,045,87422,16074,15992,4504,20496,136
2022-10-05,Merced,047,269075,72682,72236,11848,84084,865
2022-10-05,Modoc,049,8938,878,876,324,1200,11
2022-10-05,Mono,051,14174,3208,3205,257,3462,7
2022-10-05,Monterey,053,433212,94251,94111,21110,115221,766
2022-10-05,Napa,055,140530,32262,32258,1409,33667,160
2022-10-05,Nevada,057,99092,19039,18989,1849,20838,132
2022-10-05,Orange,059,3164182,668790,667297,63516,730813,7452
2022-10-05,Placer,061,380077,76025,75768,9562,85330,660
2022-10-05,Plumas,063,18699,3682,3669,435,4104,13
2022-10-05,Riverside,065,2383286,696521,695315,35420,730735,6567
2022-10-05,Sacramento,067,1510023,347528,346748,34144,380892,3310
2022-10-05,San Benito,069,59416,16349,16188,971,17159,106
2022-10-05,San Bernardino,071,2135413,672191,670906,31013,701919,8116
2022-10-05,San Diego,073,3302833,925680,924672,72288,996960,5498
2022-10-05,San Francisco,075,870044,179619,178943,12139,191082,1045
2022-10-05,San Joaquin,077,732212,198130,197390,14968,212358,2319
2022-10-05,San Luis Obispo,079,281455,63407,63219,7164,70383,524
2022-10-05,San Mateo,081,765935,169136,168413,10492,178905,737
2022-10-05,Santa Barbara,083,443738,105983,105695,6882,112577,725
2022-10-05,Santa Clara,085,1922200,437245,432327,19138,451465,2506
2022-10-05,Santa Cruz,087,273765,63303,63099,3484,66583,273
2022-10-05,Shasta,089,179085,35003,34904,7487,42391,593
2022-10-05,Sierra,091,2930,306,305,60,365,5
2022-10-05,Siskiyou,093,43540,5149,5272,3311,8583,92
2022-10-05,Solano,095,438530,105347,105042,7923,112965,465
2022-10-05,Sonoma,097,501317,107162,106940,5297,112237,520
2022-10-05,Stanislaus,099,539301,138106,137838,21606,159444,1781
2022-10-05,Sutter,101,95872,24321,24326,2461,26787,232
2022-10-05,Tehama,103,63373,13648,13603,3083,16686,210
2022-10-05,Trinity,105,12862,1398,1394,398,1792,20
2022-10-05,Tulare,107,460477,121958,121787,36411,158198,1531
2022-10-05,Tuolumne,109,53932,15594,15558,925,16483,196
2022-10-05,Ventura,111,848112,209123,208632,15777,224409,1567
2022-10-05,Yolo,113,214977,47490,47422,4328,51750,341
2022-10-05,Yuba,115,75493,18922,18914,1729,20643,129
2022-10-04,Alameda,001,1643700,348685,347497,19737,367234,2023
2022-10-04,Alpine,003,1148,135,135,1,136,0
2022-10-04,Amador,005,37829,10002,9999,929,10928,93
2022-10-04,Butte,007,227075,39580,39453,9141,48594,454
2022-10-04,Calaveras,009,45235,8518,8511,561,9072,133
2022-10-04,Colusa,011,21464,3801,3794,1284,5078,22
2022-10-04,Contra Costa,013,1133247,251956,250136,20798,270934,1430
2022-10-04,Del Norte,015,27424,7434,7433,398,7831,56
2022-10-04,El Dorado,017,186661,32368,32320,4275,36595,231
2022-10-04,Fresno,019,978130,277101,274628,31549,306177,2865
2022-10-04,Glenn,021,27897,5528,5510,1864,7374,48
2022-10-04,Humboldt,023,135768,21903,21831,5020,26851,159
2022-10-04,Imperial,025,180216,65614,65532,15836,81368,958
2022-10-04,Inyo,027,18085,4495,4489,997,5486,59
2022-10-04,Kern,029,883053,219522,219191,64084,283275,2418
2022-10-04,Kings,031,150075,59514,59489,4104,63593,458
2022-10-04,Lake,033,64148,12834,12795,1185,13980,147
2022-10-04,Lassen,035,31185,9969,9967,996,10963,65
2022-10-04,Los Angeles,037,10098052,3286283,3278961,182105,3461066,33467
2022-10-04,Madera,039,155013,44067,44029,8255,52284,374
2022-10-04,Marin,041,260295,45339,45190,5279,50469,313
2022-10-04,Mariposa,043,17540,3107,3088,344,3432,31
2022-10-04,Mendocino,045,87422,16070,15992,4498,20490,136
2022-10-04,Merced,047,269075,72662,72236,11846,84082,865
2022-10-04,Modoc,049,8938,878,876,324,1200,11
2022-10-04,Mono,051,14174,3208,3205,256,3461,7
2022-10-04,Monterey,053,433212,94238,94111,21105,115216,766
2022-10-04,Napa,055,140530,32258,32258,1409,33667,160
2022-10-04,Nevada,057,99092,19036,18989,1849,20838,132
2022-10-04,Orange,059,3164182,668583,667297,63434,730731,7452
2022-10-04,Placer,061,380077,75992,75768,9558,85326,660
2022-10-04,Plumas,063,18699,3676,3669,434,4103,13
2022-10-04,Riverside,065,2383286,696364,695315,35403,730718,6567
2022-10-04,Sacramento,067,1510023,347410,346748,34115,380863,3310
2022-10-04,San Benito,069,59416,16337,16188,970,17158,106
2022-10-04,San Bernardino,071,2135413,672040,670906,31005,701911,8116
2022-10-04,San Diego,073,3302833,925347,924672,72238,996910,5498
2022-10-04,San Francisco,075,870044,179526,178943,12136,191079,1045
2022-10-04,San Joaquin,077,732212,198086,197390,14962,212352,2319
2022-10-04,San Luis Obispo,079,281455,63390,63219,7155,70374,524
2022-10-04,San Mateo,081,765935,169049,168413,10490,178903,737
2022-10-04,Santa Barbara,083,443738,105952,105695,6880,112575,725
2022-10-04,Santa Clara,085,1922200,437054,432327,19131,451458,2506
2022-10-04,Santa Cruz,087,273765,63267,63099,3482,66581,273
2022-10-04,Shasta,089,179085,34989,34904,7482,42386,593
2022-10-04,Sierra,091,2930,306,305,60,365,5
2022-10-04,Siskiyou,093,43540,5148,5272,3311,8583,92
2022-10-04,Solano,095,438530,105301,105042,7922,112964,465
2022-10-04,Sonoma,097,501317,107127,106940,5294,112234,520
2022-10-04,Stanislaus,099,539301,138079,137838,21604,159442,1781
2022-10-04,Sutter,101,95872,24311,24326,2460,26786,232
2022-10-04,Tehama,103,63373,13645,13603,3081,16684,210
2022-10-04,Trinity,105,12862,1398,1394,398,1792,20
2022-10-04,Tulare,107,460477,121933,121787,36401,158188,1531
2022-10-04,Tuolumne,109,53932,15593,15558,925,16483,196
2022-10-04,Ventura,111,848112,209056,208632,15772,224404,1567
2022-10-04,Yolo,113,214977,47474,47422,4325,51747,341
2022-10-04,Yuba,115,75493,18917,18914,1727,20641,129
2022-10-03,Alameda,001,1643700,348502,346369,19729,366098,2020
2022-10-03,Alpine,003,1148,135,134,1,135,0
2022-10-03,Amador,005,37829,10000,9987,929,10916,90
2022-10-03,Butte,007,227075,39565,39378,9137,48515,454
2022-10-03,Calaveras,009,45235,8517,8497,561,9058,133
2022-10-03,Colusa,011,21464,3801,3782,1283,5065,22
2022-10-03,Contra Costa,013,1133247,251847,249273,20793,270066,1426
2022-10-03,Del Norte,015,27424,7433,7421,398,7819,56
2022-10-03,El Dorado,017,186661,32360,32238,4273,36511,231
2022-10-03,Fresno,019,978130,277043,274028,31537,305565,2859
2022-10-03,Glenn,021,27897,5528,5509,1864,7373,48
2022-10-03,Humboldt,023,135768,21889,21744,5018,26762,157
2022-10-03,Imperial,025,180216,65595,65425,15821,81246,958
2022-10-03,Inyo,027,18085,4494,4483,994,5477,59
2022-10-03,Kern,029,883053,219468,218846,64033,282879,2417
2022-10-03,Kings,031,150075,59496,59394,4101,63495,459
2022-10-03,Lake,033,64148,12830,12761,1185,13946,147
2022-10-03,Lassen,035,31185,9967,9962,995,10957,65
2022-10-03,Los Angeles,037,10098052,3285255,3271661,181945,3453606,33336
2022-10-03,Madera,039,155013,44059,43953,8252,52205,374
2022-10-03,Marin,041,260295,45310,45002,5278,50280,310
2022-10-03,Mariposa,043,17540,3107,3079,343,3422,31
2022-10-03,Mendocino,045,87422,16063,15950,4492,20442,136
2022-10-03,Merced,047,269075,72648,72117,11843,83960,863
2022-10-03,Modoc,049,8938,876,873,324,1197,11
2022-10-03,Mono,051,14174,3208,3201,256,3457,7
2022-10-03,Monterey,053,433212,94223,93991,21090,115081,766
2022-10-03,Napa,055,140530,32243,32171,1409,33580,160
2022-10-03,Nevada,057,99092,19029,18923,1847,20770,132
2022-10-03,Orange,059,3164182,668362,665825,63365,729190,7435
2022-10-03,Placer,061,380077,75971,75573,9553,85126,661
2022-10-03,Plumas,063,18699,3675,3645,434,4079,13
2022-10-03,Riverside,065,2383286,696196,694250,35383,729633,6543
2022-10-03,Sacramento,067,1510023,347268,345905,34101,380006,3294
2022-10-03,San Benito,069,59416,16330,16152,970,17122,106
2022-10-03,San Bernardino,071,2135413,671862,668798,30986,699784,8106
2022-10-03,San Diego,073,3302833,925027,922323,72193,994516,5491
2022-10-03,San Francisco,075,870044,179417,178486,12129,190615,1043
2022-10-03,San Joaquin,077,732212,198022,197009,14957,211966,2319
2022-10-03,San Luis Obispo,079,281455,63374,63060,7149,70209,524
2022-10-03,San Mateo,081,765935,168968,167790,10488,178278,736
2022-10-03,Santa Barbara,083,443738,105911,105437,6878,112315,722
2022-10-03,Santa Clara,085,1922200,436836,430899,19118,450017,2494
2022-10-03,Santa Cruz,087,273765,63220,62866,3481,66347,273
2022-10-03,Shasta,089,179085,34982,34849,7477,42326,592
2022-10-03,Sierra,091,2930,306,304,60,364,5
2022-10-03,Siskiyou,093,43540,5148,5261,3308,8569,91
2022-10-03,Solano,095,438530,105244,104704,7920,112624,464
2022-10-03,Sonoma,097,501317,107085,106624,5288,111912,519
2022-10-03,Stanislaus,099,539301,138044,137589,21600,159189,1780
2022-10-03,Sutter,101,95872,24309,24265,2460,26725,232
2022-10-03,Tehama,103,63373,13642,13564,3081,16645,210
2022-10-03,Trinity,105,12862,1398,1392,397,1789,20
2022-10-03,Tulare,107,460477,121912,121589,36382,157971,1531
2022-10-03,Tuolumne,109,53932,15590,15516,925,16441,196
2022-10-03,Ventura,111,848112,208985,208124,15757,223881,1565
2022-10-03,Yolo,113,214977,47457,47279,4320,51599,341
2022-10-03,Yuba,115,75493,18913,18881,1722,20603,132
2022-10-02,Alameda,001,1643700,348298,346369,19717,366086,2020
2022-10-02,Alpine,003,1148,135,134,1,135,0
2022-10-02,Amador,005,37829,10000,9987,929,10916,90
2022-10-02,Butte,007,227075,39553,39378,9135,48513,454
2022-10-02,Calaveras,009,45235,8513,8497,560,9057,133
2022-10-02,Colusa,011,21464,3799,3782,1283,5065,22
2022-10-02,Contra Costa,013,1133247,251740,249273,20781,270054,1426
2022-10-02,Del Norte,015,27424,7430,7421,398,7819,56
2022-10-02,El Dorado,017,186661,32349,32238,4272,36510,231
2022-10-02,Fresno,019,978130,276967,274028,31524,305552,2859
2022-10-02,Glenn,021,27897,5525,5509,1864,7373,48
2022-10-02,Humboldt,023,135768,21872,21744,5009,26753,157
2022-10-02,Imperial,025,180216,65561,65425,15798,81223,958
2022-10-02,Inyo,027,18085,4494,4483,992,5475,59
2022-10-02,Kern,029,883053,219418,218846,63980,282826,2417
2022-10-02,Kings,031,150075,59481,59394,4100,63494,459
2022-10-02,Lake,033,64148,12824,12761,1185,13946,147
2022-10-02,Lassen,035,31185,9966,9962,993,10955,65
2022-10-02,Los Angeles,037,10098052,3284112,3271661,181784,3453445,33336
2022-10-02,Madera,039,155013,44051,43953,8249,52202,374
2022-10-02,Marin,041,260295,45278,45002,5273,50275,310
2022-10-02,Mariposa,043,17540,3107,3079,343,3422,31
2022-10-02,Mendocino,045,87422,16054,15950,4489,20439,136
2022-10-02,Merced,047,269075,72620,72117,11839,83956,863
2022-10-02,Modoc,049,8938,876,873,324,1197,11
2022-10-02,Mono,051,14174,3208,3201,256,3457,7
2022-10-02,Monterey,053,433212,94207,93991,21077,115068,766
2022-10-02,Napa,055,140530,32232,32171,1407,33578,160
2022-10-02,Nevada,057,99092,19023,18923,1847,20770,132
2022-10-02,Orange,059,3164182,668095,665825,63282,729107,7435
2022-10-02,Placer,061,380077,75944,75573,9550,85123,661
2022-10-02,Plumas,063,18699,3671,3645,433,4078,13
2022-10-02,Riverside,065,2383286,696004,694250,35364,729614,6543
2022-10-02,Sacramento,067,1510023,347096,345905,34068,379973,3294
2022-10-02,San Benito,069,59416,16325,16152,970,17122,106
2022-10-02,San Bernardino,071,2135413,671630,668798,30958,699756,8106
2022-10-02,San Diego,073,3302833,924657,922323,72144,994467,5491
2022-10-02,San Francisco,075,870044,179289,178486,12123,190609,1043
2022-10-02,San Joaquin,077,732212,197948,197009,14953,211962,2319
2022-10-02,San Luis Obispo,079,281455,63337,63060,7140,70200,524
2022-10-02,San Mateo,081,765935,168848,167790,10484,178274,736
2022-10-02,Santa Barbara,083,443738,105863,105437,6871,112308,722
2022-10-02,Santa Clara,085,1922200,436619,430899,19099,449998,2494
2022-10-02,Santa Cruz,087,273765,63180,62866,3474,66340,273
2022-10-02,Shasta,089,179085,34967,34849,7474,42323,592
2022-10-02,Sierra,091,2930,306,304,60,364,5
2022-10-02,Siskiyou,093,43540,5148,5261,3307,8568,91
2022-10-02,Solano,095,438530,105182,104704,7913,112617,464
2022-10-02,Sonoma,097,501317,107035,106624,5285,111909,519
2022-10-02,Stanislaus,099,539301,138010,137589,21596,159185,1780
2022-10-02,Sutter,101,95872,24299,24265,2460,26725,232
2022-10-02,Tehama,103,63373,13637,13564,3075,16639,210
2022-10-02,Trinity,105,12862,1398,1392,397,1789,20
2022-10-02,Tulare,107,460477,121886,121589,36363,157952,1531
2022-10-02,Tuolumne,109,53932,15585,15516,925,16441,196
2022-10-02,Ventura,111,848112,208905,208124,15738,223862,1565
2022-10-02,Yolo,113,214977,47445,47279,4315,51594,341
2022-10-02,Yuba,115,75493,18907,18881,1720,20601,132
2022-10-01,Alameda,001,1643700,348183,346369,19714,366083,2020
2022-10-01,Alpine,003,1148,135,134,1,135,0
2022-10-01,Amador,005,37829,9998,9987,929,10916,90
2022-10-01,Butte,007,227075,39542,39378,9128,48506,454
2022-10-01,Calaveras,009,45235,8513,8497,559,9056,133
2022-10-01,Colusa,011,21464,3799,3782,1281,5063,22
2022-10-01,Contra Costa,013,1133247,251666,249273,20778,270051,1426
2022-10-01,Del Norte,015,27424,7428,7421,398,7819,56
2022-10-01,El Dorado,017,186661,32342,32238,4272,36510,231
2022-10-01,Fresno,019,978130,276936,274028,31522,305550,2859
2022-10-01,Glenn,021,27897,5524,5509,1864,7373,48
2022-10-01,Humboldt,023,135768,21869,21744,5008,26752,157
2022-10-01,Imperial,025,180216,65544,65425,15788,81213,958
2022-10-01,Inyo,027,18085,4494,4483,992,5475,59
2022-10-01,Kern,029,883053,219401,218846,63949,282795,2417
2022-10-01,Kings,031,150075,59472,59394,4100,63494,459
2022-10-01,Lake,033,64148,12821,12761,1185,13946,147
2022-10-01,Lassen,035,31185,9964,9962,993,10955,65
2022-10-01,Los Angeles,037,10098052,3283485,3271661,181670,3453331,33336
2022-10-01,Madera,039,155013,44047,43953,8249,52202,374
2022-10-01,Marin,041,260295,45255,45002,5273,50275,310
2022-10-01,Mariposa,043,17540,3107,3079,343,3422,31
2022-10-01,Mendocino,045,87422,16047,15950,4485,20435,136
2022-10-01,Merced,047,269075,72610,72117,11837,83954,863
2022-10-01,Modoc,049,8938,876,873,324,1197,11
2022-10-01,Mono,051,14174,3208,3201,256,3457,7
2022-10-01,Monterey,053,433212,94194,93991,21070,115061,766
2022-10-01,Napa,055,140530,32227,32171,1407,33578,160
2022-10-01,Nevada,057,99092,19020,18923,1846,20769,132
2022-10-01,Orange,059,3164182,667954,665825,63235,729060,7435
2022-10-01,Placer,061,380077,75917,75573,9548,85121,661
2022-10-01,Plumas,063,18699,3670,3645,433,4078,13
2022-10-01,Riverside,065,2383286,695883,694250,35350,729600,6543
2022-10-01,Sacramento,067,1510023,347027,345905,34060,379965,3294
2022-10-01,San Benito,069,59416,16317,16152,967,17119,106
2022-10-01,San Bernardino,071,2135413,671530,668798,30946,699744,8106
2022-10-01,San Diego,073,3302833,924539,922323,72114,994437,5491
2022-10-01,San Francisco,075,870044,179234,178486,12117,190603,1043
2022-10-01,San Joaquin,077,732212,197917,197009,14947,211956,2319
2022-10-01,San Luis Obispo,079,281455,63327,63060,7137,70197,524
2022-10-01,San Mateo,081,765935,168804,167790,10482,178272,736
2022-10-01,Santa Barbara,083,443738,105833,105437,6869,112306,722
2022-10-01,Santa Clara,085,1922200,436448,430899,19096,449995,2494
2022-10-01,Santa Cruz,087,273765,63166,62866,3468,66334,273
2022-10-01,Shasta,089,179085,34961,34849,7470,42319,592
2022-10-01,Sierra,091,2930,306,304,60,364,5
2022-10-01,Siskiyou,093,43540,5146,5261,3305,8566,91
2022-10-01,Solano,095,438530,105174,104704,7911,112615,464
2022-10-01,Sonoma,097,501317,107009,106624,5283,111907,519
2022-10-01,Stanislaus,099,539301,137987,137589,21595,159184,1780
2022-10-01,Sutter,101,95872,24294,24265,2460,26725,232
2022-10-01,Tehama,103,63373,13635,13564,3074,16638,210
2022-10-01,Trinity,105,12862,1398,1392,397,1789,20
2022-10-01,Tulare,107,460477,121877,121589,36349,157938,1531
2022-10-01,Tuolumne,109,53932,15583,15516,925,16441,196
2022-10-01,Ventura,111,848112,208858,208124,15730,223854,1565
2022-10-01,Yolo,113,214977,47435,47279,4313,51592,341
2022-10-01,Yuba,115,75493,18900,18881,1719,20600,132
2022-09-30,Alameda,001,1643700,348066,346369,19708,366077,2020
2022-09-30,Alpine,003,1148,135,134,1,135,0
2022-09-30,Amador,005,37829,9996,9987,929,10916,90
2022-09-30,Butte,007,227075,39531,39378,9126,48504,454
2022-09-30,Calaveras,009,45235,8510,8497,559,9056,133
2022-09-30,Colusa,011,21464,3798,3782,1280,5062,22
2022-09-30,Contra Costa,013,1133247,251576,249273,20776,270049,1426
2022-09-30,Del Norte,015,27424,7427,7421,398,7819,56
2022-09-30,El Dorado,017,186661,32333,32238,4268,36506,231
2022-09-30,Fresno,019,978130,276893,274028,31515,305543,2859
2022-09-30,Glenn,021,27897,5523,5509,1864,7373,48
2022-09-30,Humboldt,023,135768,21855,21744,5005,26749,157
2022-09-30,Imperial,025,180216,65534,65425,15780,81205,958
2022-09-30,Inyo,027,18085,4493,4483,990,5473,59
2022-09-30,Kern,029,883053,219382,218846,63916,282762,2417
2022-09-30,Kings,031,150075,59466,59394,4100,63494,459
2022-09-30,Lake,033,64148,12818,12761,1185,13946,147
2022-09-30,Lassen,035,31185,9964,9962,993,10955,65
2022-09-30,Los Angeles,037,10098052,3282745,3271661,181550,3453211,33336
2022-09-30,Madera,039,155013,44041,43953,8248,52201,374
2022-09-30,Marin,041,260295,45231,45002,5272,50274,310
2022-09-30,Mariposa,043,17540,3106,3079,343,3422,31
2022-09-30,Mendocino,045,87422,16039,15950,4481,20431,136
2022-09-30,Merced,047,269075,72598,72117,11837,83954,863
2022-09-30,Modoc,049,8938,876,873,324,1197,11
2022-09-30,Mono,051,14174,3208,3201,256,3457,7
2022-09-30,Monterey,053,433212,94175,93991,21064,115055,766
2022-09-30,Napa,055,140530,32216,32171,1407,33578,160
2022-09-30,Nevada,057,99092,19014,18923,1846,20769,132
2022-09-30,Orange,059,3164182,667817,665825,63196,729021,7435
2022-09-30,Placer,061,380077,75899,75573,9542,85115,661
2022-09-30,Plumas,063,18699,3669,3645,433,4078,13
2022-09-30,Riverside,065,2383286,695771,694250,35338,729588,6543
2022-09-30,Sacramento,067,1510023,346944,345905,34056,379961,3294
2022-09-30,San Benito,069,59416,16314,16152,967,17119,106
2022-09-30,San Bernardino,071,2135413,671409,668798,30933,699731,8106
2022-09-30,San Diego,073,3302833,924322,922323,72086,994409,5491
2022-09-30,San Francisco,075,870044,179170,178486,12111,190597,1043
2022-09-30,San Joaquin,077,732212,197883,197009,14945,211954,2319
2022-09-30,San Luis Obispo,079,281455,63322,63060,7134,70194,524
2022-09-30,San Mateo,081,765935,168741,167790,10478,178268,736
2022-09-30,Santa Barbara,083,443738,105808,105437,6869,112306,722
2022-09-30,Santa Clara,085,1922200,436268,430899,19084,449983,2494
2022-09-30,Santa Cruz,087,273765,63144,62866,3466,66332,273
2022-09-30,Shasta,089,179085,34958,34849,7466,42315,592
2022-09-30,Sierra,091,2930,306,304,60,364,5
2022-09-30,Siskiyou,093,43540,5145,5261,3305,8566,91
2022-09-30,Solano,095,438530,105144,104704,7908,112612,464
2022-09-30,Sonoma,097,501317,106975,106624,5281,111905,519
2022-09-30,Stanislaus,099,539301,137967,137589,21593,159182,1780
2022-09-30,Sutter,101,95872,24292,24265,2460,26725,232
2022-09-30,Tehama,103,63373,13633,13564,3074,16638,210
2022-09-30,Trinity,105,12862,1397,1392,397,1789,20
2022-09-30,Tulare,107,460477,121856,121589,36336,157925,1531
2022-09-30,Tuolumne,109,53932,15580,15516,925,16441,196
2022-09-30,Ventura,111,848112,208806,208124,15725,223849,1565
2022-09-30,Yolo,113,214977,47424,47279,4313,51592,341
2022-09-30,Yuba,115,75493,18895,18881,1719,20600,132
2022-09-29,Alameda,001,1643700,347902,346369,19693,366062,2020
2022-09-29,Alpine,003,1148,135,134,1,135,0
2022-09-29,Amador,005,37829,9993,9987,928,10915,90
2022-09-29,Butte,007,227075,39525,39378,9121,48499,454
2022-09-29,Calaveras,009,45235,8505,8497,558,9055,133
2022-09-29,Colusa,011,21464,3797,3782,1280,5062,22
2022-09-29,Contra Costa,013,1133247,251477,249273,20766,270039,1426
2022-09-29,Del Norte,015,27424,7424,7421,398,7819,56
2022-09-29,El Dorado,017,186661,32322,32238,4263,36501,231
2022-09-29,Fresno,019,978130,276799,274028,31506,305534,2859
2022-09-29,Glenn,021,27897,5523,5509,1864,7373,48
2022-09-29,Humboldt,023,135768,21843,21744,5003,26747,157
2022-09-29,Imperial,025,180216,65514,65425,15768,81193,958
2022-09-29,Inyo,027,18085,4493,4483,988,5471,59
2022-09-29,Kern,029,883053,219350,218846,63876,282722,2417
2022-09-29,Kings,031,150075,59459,59394,4099,63493,459
2022-09-29,Lake,033,64148,12814,12761,1185,13946,147
2022-09-29,Lassen,035,31185,9963,9962,993,10955,65
2022-09-29,Los Angeles,037,10098052,3281759,3271661,181437,3453098,33336
2022-09-29,Madera,039,155013,44031,43953,8245,52198,374
2022-09-29,Marin,041,260295,45206,45002,5268,50270,310
2022-09-29,Mariposa,043,17540,3104,3079,343,3422,31
2022-09-29,Mendocino,045,87422,16035,15950,4481,20431,136
2022-09-29,Merced,047,269075,72583,72117,11836,83953,863
2022-09-29,Modoc,049,8938,876,873,324,1197,11
2022-09-29,Mono,051,14174,3207,3201,256,3457,7
2022-09-29,Monterey,053,433212,94164,93991,21057,115048,766
2022-09-29,Napa,055,140530,32205,32171,1407,33578,160
2022-09-29,Nevada,057,99092,19004,18923,1843,20766,132
2022-09-29,Orange,059,3164182,667591,665825,63144,728969,7435
2022-09-29,Placer,061,380077,75875,75573,9533,85106,661
2022-09-29,Plumas,063,18699,3668,3645,432,4077,13
2022-09-29,Riverside,065,2383286,695620,694250,35326,729576,6543
2022-09-29,Sacramento,067,1510023,346805,345905,34036,379941,3294
2022-09-29,San Benito,069,59416,16309,16152,966,17118,106
2022-09-29,San Bernardino,071,2135413,671262,668798,30921,699719,8106
2022-09-29,San Diego,073,3302833,924075,922323,72055,994378,5491
2022-09-29,San Francisco,075,870044,179084,178486,12099,190585,1043
2022-09-29,San Joaquin,077,732212,197838,197009,14936,211945,2319
2022-09-29,San Luis Obispo,079,281455,63302,63060,7128,70188,524
2022-09-29,San Mateo,081,765935,168658,167790,10476,178266,736
2022-09-29,Santa Barbara,083,443738,105774,105437,6866,112303,722
2022-09-29,Santa Clara,085,1922200,436074,430899,19073,449972,2494
2022-09-29,Santa Cruz,087,273765,63100,62866,3460,66326,273
2022-09-29,Shasta,089,179085,34951,34849,7460,42309,592
2022-09-29,Sierra,091,2930,306,304,60,364,5
2022-09-29,Siskiyou,093,43540,5142,5261,3304,8565,91
2022-09-29,Solano,095,438530,105110,104704,7903,112607,464
2022-09-29,Sonoma,097,501317,106916,106624,5279,111903,519
2022-09-29,Stanislaus,099,539301,137935,137589,21592,159181,1780
2022-09-29,Sutter,101,95872,24289,24265,2460,26725,232
2022-09-29,Tehama,103,63373,13631,13564,3073,16637,210
2022-09-29,Trinity,105,12862,1397,1392,394,1786,20
2022-09-29,Tulare,107,460477,121840,121589,36316,157905,1531
2022-09-29,Tuolumne,109,53932,15576,15516,925,16441,196
2022-09-29,Ventura,111,848112,208746,208124,15716,223840,1565
2022-09-29,Yolo,113,214977,47411,47279,4311,51590,341
2022-09-29,Yuba,115,75493,18893,18881,1719,20600,132
2022-09-28,Alameda,001,1643700,347741,346369,19677,366046,2020
2022-09-28,Alpine,003,1148,134,134,1,135,0
2022-09-28,Amador,005,37829,9991,9987,928,10915,90
2022-09-28,Butte,007,227075,39518,39378,9113,48491,454
2022-09-28,Calaveras,009,45235,8503,8497,558,9055,133
2022-09-28,Colusa,011,21464,3797,3782,1280,5062,22
2022-09-28,Contra Costa,013,1133247,251370,249273,20753,270026,1426
2022-09-28,Del Norte,015,27424,7422,7421,398,7819,56
2022-09-28,El Dorado,017,186661,32314,32238,4261,36499,231
2022-09-28,Fresno,019,978130,276717,274028,31489,305517,2859
2022-09-28,Glenn,021,27897,5522,5509,1864,7373,48
2022-09-28,Humboldt,023,135768,21833,21744,5000,26744,157
2022-09-28,Imperial,025,180216,65498,65425,15761,81186,958
2022-09-28,Inyo,027,18085,4491,4483,988,5471,59
2022-09-28,Kern,029,883053,219297,218846,63827,282673,2417
2022-09-28,Kings,031,150075,59437,59394,4095,63489,459
2022-09-28,Lake,033,64148,12805,12761,1185,13946,147
2022-09-28,Lassen,035,31185,9962,9962,993,10955,65
2022-09-28,Los Angeles,037,10098052,3280639,3271661,181330,3452991,33336
2022-09-28,Madera,039,155013,44025,43953,8244,52197,374
2022-09-28,Marin,041,260295,45179,45002,5267,50269,310
2022-09-28,Mariposa,043,17540,3104,3079,343,3422,31
2022-09-28,Mendocino,045,87422,16032,15950,4477,20427,136
2022-09-28,Merced,047,269075,72571,72117,11830,83947,863
2022-09-28,Modoc,049,8938,876,873,323,1196,11
2022-09-28,Mono,051,14174,3207,3201,256,3457,7
2022-09-28,Monterey,053,433212,94150,93991,21049,115040,766
2022-09-28,Napa,055,140530,32190,32171,1405,33576,160
2022-09-28,Nevada,057,99092,18996,18923,1830,20753,132
2022-09-28,Orange,059,3164182,667366,665825,63081,728906,7435
2022-09-28,Placer,061,380077,75841,75573,9530,85103,661
2022-09-28,Plumas,063,18699,3666,3645,432,4077,13
2022-09-28,Riverside,065,2383286,695456,694250,35308,729558,6543
2022-09-28,Sacramento,067,1510023,346679,345905,34011,379916,3294
2022-09-28,San Benito,069,59416,16304,16152,963,17115,106
2022-09-28,San Bernardino,071,2135413,671100,668798,30901,699699,8106
2022-09-28,San Diego,073,3302833,923757,922323,72024,994347,5491
2022-09-28,San Francisco,075,870044,178986,178486,12095,190581,1043
2022-09-28,San Joaquin,077,732212,197800,197009,14933,211942,2319
2022-09-28,San Luis Obispo,079,281455,63285,63060,7120,70180,524
2022-09-28,San Mateo,081,765935,168582,167790,10469,178259,736
2022-09-28,Santa Barbara,083,443738,105740,105437,6861,112298,722
2022-09-28,Santa Clara,085,1922200,435906,430899,19063,449962,2494
2022-09-28,Santa Cruz,087,273765,63063,62866,3459,66325,273
2022-09-28,Shasta,089,179085,34946,34849,7455,42304,592
2022-09-28,Sierra,091,2930,306,304,60,364,5
2022-09-28,Siskiyou,093,43540,5140,5261,3303,8564,91
2022-09-28,Solano,095,438530,105082,104704,7901,112605,464
2022-09-28,Sonoma,097,501317,106881,106624,5273,111897,519
2022-09-28,Stanislaus,099,539301,137900,137589,21588,159177,1780
2022-09-28,Sutter,101,95872,24275,24265,2459,26724,232
2022-09-28,Tehama,103,63373,13627,13564,3073,16637,210
2022-09-28,Trinity,105,12862,1397,1392,392,1784,20
2022-09-28,Tulare,107,460477,121814,121589,36307,157896,1531
2022-09-28,Tuolumne,109,53932,15572,15516,925,16441,196
2022-09-28,Ventura,111,848112,208681,208124,15713,223837,1565
2022-09-28,Yolo,113,214977,47388,47279,4308,51587,341
2022-09-28,Yuba,115,75493,18888,18881,1716,20597,132
2022-09-27,Alameda,001,1643700,347574,346369,19663,366032,2020
2022-09-27,Alpine,003,1148,134,134,1,135,0
2022-09-27,Amador,005,37829,9988,9987,926,10913,90
2022-09-27,Butte,007,227075,39510,39378,9108,48486,454
2022-09-27,Calaveras,009,45235,8501,8497,558,9055,133
2022-09-27,Colusa,011,21464,3797,3782,1280,5062,22
2022-09-27,Contra Costa,013,1133247,251263,249273,20744,270017,1426
2022-09-27,Del Norte,015,27424,7422,7421,398,7819,56
2022-09-27,El Dorado,017,186661,32297,32238,4259,36497,231
2022-09-27,Fresno,019,978130,276655,274028,31479,305507,2859
2022-09-27,Glenn,021,27897,5521,5509,1864,7373,48
2022-09-27,Humboldt,023,135768,21822,21744,4995,26739,157
2022-09-27,Imperial,025,180216,65476,65425,15755,81180,958
2022-09-27,Inyo,027,18085,4489,4483,986,5469,59
2022-09-27,Kern,029,883053,219239,218846,63799,282645,2417
2022-09-27,Kings,031,150075,59421,59394,4095,63489,459
2022-09-27,Lake,033,64148,12801,12761,1184,13945,147
2022-09-27,Lassen,035,31185,9960,9962,993,10955,65
2022-09-27,Los Angeles,037,10098052,3279445,3271661,181169,3452830,33336
2022-09-27,Madera,039,155013,44013,43953,8243,52196,374
2022-09-27,Marin,041,260295,45151,45002,5263,50265,310
2022-09-27,Mariposa,043,17540,3103,3079,343,3422,31
2022-09-27,Mendocino,045,87422,16023,15950,4471,20421,136
2022-09-27,Merced,047,269075,72552,72117,11824,83941,863
2022-09-27,Modoc,049,8938,876,873,323,1196,11
2022-09-27,Mono,051,14174,3206,3201,256,3457,7
2022-09-27,Monterey,053,433212,94129,93991,21033,115024,766
2022-09-27,Napa,055,140530,32173,32171,1405,33576,160
2022-09-27,Nevada,057,99092,18987,18923,1829,20752,132
2022-09-27,Orange,059,3164182,667097,665825,63016,728841,7435
2022-09-27,Placer,061,380077,75800,75573,9525,85098,661
2022-09-27,Plumas,063,18699,3663,3645,432,4077,13
2022-09-27,Riverside,065,2383286,695260,694250,35283,729533,6543
2022-09-27,Sacramento,067,1510023,346533,345905,33985,379890,3294
2022-09-27,San Benito,069,59416,16303,16152,963,17115,106
2022-09-27,San Bernardino,071,2135413,670850,668798,30885,699683,8106
2022-09-27,San Diego,073,3302833,923363,922323,71988,994311,5491
2022-09-27,San Francisco,075,870044,178876,178486,12093,190579,1043
2022-09-27,San Joaquin,077,732212,197748,197009,14926,211935,2319
2022-09-27,San Luis Obispo,079,281455,63256,63060,7119,70179,524
2022-09-27,San Mateo,081,765935,168513,167790,10466,178256,736
2022-09-27,Santa Barbara,083,443738,105697,105437,6855,112292,722
2022-09-27,Santa Clara,085,1922200,435685,430899,19042,449941,2494
2022-09-27,Santa Cruz,087,273765,63032,62866,3454,66320,273
2022-09-27,Shasta,089,179085,34935,34849,7447,42296,592
2022-09-27,Sierra,091,2930,304,304,60,364,5
2022-09-27,Siskiyou,093,43540,5138,5261,3303,8564,91
2022-09-27,Solano,095,438530,105039,104704,7899,112603,464
2022-09-27,Sonoma,097,501317,106831,106624,5270,111894,519
2022-09-27,Stanislaus,099,539301,137872,137589,21587,159176,1780
2022-09-27,Sutter,101,95872,24261,24265,2459,26724,232
2022-09-27,Tehama,103,63373,13625,13564,3072,16636,210
2022-09-27,Trinity,105,12862,1397,1392,389,1781,20
2022-09-27,Tulare,107,460477,121790,121589,36289,157878,1531
2022-09-27,Tuolumne,109,53932,15566,15516,925,16441,196
2022-09-27,Ventura,111,848112,208601,208124,15703,223827,1565
2022-09-27,Yolo,113,214977,47360,47279,4307,51586,341
2022-09-27,Yuba,115,75493,18884,18881,1715,20596,132
2022-09-26,Alameda,001,1643700,347384,345351,19658,365009,2012
2022-09-26,Alpine,003,1148,134,134,1,135,0
2022-09-26,Amador,005,37829,9987,9954,925,10879,90
2022-09-26,Butte,007,227075,39498,39282,9105,48387,453
2022-09-26,Calaveras,009,45235,8498,8475,555,9030,133
2022-09-26,Colusa,011,21464,3794,3775,1278,5053,22
2022-09-26,Contra Costa,013,1133247,251127,248053,20730,268783,1424
2022-09-26,Del Norte,015,27424,7421,7403,398,7801,57
2022-09-26,El Dorado,017,186661,32279,32159,4255,36414,231
2022-09-26,Fresno,019,978130,276583,273381,31463,304844,2850
2022-09-26,Glenn,021,27897,5521,5494,1864,7358,48
2022-09-26,Humboldt,023,135768,21810,21641,4990,26631,156
2022-09-26,Imperial,025,180216,65455,65297,15740,81037,957
2022-09-26,Inyo,027,18085,4489,4481,985,5466,59
2022-09-26,Kern,029,883053,219183,218413,63770,282183,2408
2022-09-26,Kings,031,150075,59409,59288,4093,63381,456
2022-09-26,Lake,033,64148,12795,12731,1184,13915,146
2022-09-26,Lassen,035,31185,9960,9947,992,10939,65
2022-09-26,Los Angeles,037,10098052,3278259,3263510,180995,3444505,33258
2022-09-26,Madera,039,155013,43994,43910,8240,52150,374
2022-09-26,Marin,041,260295,45121,44823,5258,50081,310
2022-09-26,Mariposa,043,17540,3102,3074,343,3417,31
2022-09-26,Mendocino,045,87422,16013,15911,4471,20382,136
2022-09-26,Merced,047,269075,72539,71875,11820,83695,862
2022-09-26,Modoc,049,8938,874,872,323,1195,11
2022-09-26,Mono,051,14174,3204,3198,256,3454,7
2022-09-26,Monterey,053,433212,94112,93829,21012,114841,766
2022-09-26,Napa,055,140530,32155,32094,1404,33498,160
2022-09-26,Nevada,057,99092,18978,18861,1827,20688,132
2022-09-26,Orange,059,3164182,666840,664263,62951,727214,7425
2022-09-26,Placer,061,380077,75764,75381,9517,84898,660
2022-09-26,Plumas,063,18699,3663,3632,432,4064,13
2022-09-26,Riverside,065,2383286,695058,693038,35268,728306,6610
2022-09-26,Sacramento,067,1510023,346373,344748,33956,378704,3282
2022-09-26,San Benito,069,59416,16296,16114,963,17077,106
2022-09-26,San Bernardino,071,2135413,670651,667124,30873,697997,8097
2022-09-26,San Diego,073,3302833,922943,920118,71958,992076,5487
2022-09-26,San Francisco,075,870044,178780,176887,12090,188977,1031
2022-09-26,San Joaquin,077,732212,197683,196573,14916,211489,2306
2022-09-26,San Luis Obispo,079,281455,63224,62950,7115,70065,522
2022-09-26,San Mateo,081,765935,168424,167123,10461,177584,736
2022-09-26,Santa Barbara,083,443738,105658,105185,6850,112035,720
2022-09-26,Santa Clara,085,1922200,435434,429334,19024,448358,2486
2022-09-26,Santa Cruz,087,273765,62993,62704,3452,66156,274
2022-09-26,Shasta,089,179085,34927,34762,7438,42200,592
2022-09-26,Sierra,091,2930,304,303,60,363,5
2022-09-26,Siskiyou,093,43540,5138,5243,3301,8544,90
2022-09-26,Solano,095,438530,104997,104383,7893,112276,463
2022-09-26,Sonoma,097,501317,106762,106322,5266,111588,519
2022-09-26,Stanislaus,099,539301,137842,137340,21581,158921,1752
2022-09-26,Sutter,101,95872,24252,24198,2459,26657,232
2022-09-26,Tehama,103,63373,13622,13528,3072,16600,210
2022-09-26,Trinity,105,12862,1397,1390,388,1778,20
2022-09-26,Tulare,107,460477,121750,121446,36274,157720,1530
2022-09-26,Tuolumne,109,53932,15564,15469,924,16393,196
2022-09-26,Ventura,111,848112,208509,207684,15695,223379,1566
2022-09-26,Yolo,113,214977,47335,47147,4301,51448,335
2022-09-26,Yuba,115,75493,18878,18834,1713,20547,129
2022-09-25,Alameda,001,1643700,347168,345351,19638,364989,2012
2022-09-25,Alpine,003,1148,134,134,1,135,0
2022-09-25,Amador,005,37829,9983,9954,923,10877,90
2022-09-25,Butte,007,227075,39476,39282,9098,48380,453
2022-09-25,Calaveras,009,45235,8494,8475,550,9025,133
2022-09-25,Colusa,011,21464,3792,3775,1272,5047,22
2022-09-25,Contra Costa,013,1133247,250982,248053,20710,268763,1424
2022-09-25,Del Norte,015,27424,7416,7403,398,7801,57
2022-09-25,El Dorado,017,186661,32265,32159,4253,36412,231
2022-09-25,Fresno,019,978130,276477,273381,31437,304818,2850
2022-09-25,Glenn,021,27897,5521,5494,1864,7358,48
2022-09-25,Humboldt,023,135768,21800,21641,4986,26627,156
2022-09-25,Imperial,025,180216,65435,65297,15727,81024,957
2022-09-25,Inyo,027,18085,4486,4481,984,5465,59
2022-09-25,Kern,029,883053,219122,218413,63695,282108,2408
2022-09-25,Kings,031,150075,59390,59288,4092,63380,456
2022-09-25,Lake,033,64148,12790,12731,1182,13913,146
2022-09-25,Lassen,035,31185,9959,9947,992,10939,65
2022-09-25,Los Angeles,037,10098052,3276794,3263510,180798,3444308,33258
2022-09-25,Madera,039,155013,43980,43910,8235,52145,374
2022-09-25,Marin,041,260295,45080,44823,5258,50081,310
2022-09-25,Mariposa,043,17540,3102,3074,343,3417,31
2022-09-25,Mendocino,045,87422,16003,15911,4464,20375,136
2022-09-25,Merced,047,269075,72515,71875,11813,83688,862
2022-09-25,Modoc,049,8938,874,872,323,1195,11
2022-09-25,Mono,051,14174,3204,3198,254,3452,7
2022-09-25,Monterey,053,433212,94088,93829,21001,114830,766
2022-09-25,Napa,055,140530,32136,32094,1403,33497,160
2022-09-25,Nevada,057,99092,18965,18861,1827,20688,132
2022-09-25,Orange,059,3164182,666538,664263,62882,727145,7425
2022-09-25,Placer,061,380077,75718,75381,9504,84885,660
2022-09-25,Plumas,063,18699,3657,3632,432,4064,13
2022-09-25,Riverside,065,2383286,694841,693038,35249,728287,6610
2022-09-25,Sacramento,067,1510023,346215,344748,33920,378668,3282
2022-09-25,San Benito,069,59416,16284,16114,963,17077,106
2022-09-25,San Bernardino,071,2135413,670417,667124,30851,697975,8097
2022-09-25,San Diego,073,3302833,922495,920118,71919,992037,5487
2022-09-25,San Francisco,075,870044,178656,176887,12085,188972,1031
2022-09-25,San Joaquin,077,732212,197598,196573,14899,211472,2306
2022-09-25,San Luis Obispo,079,281455,63190,62950,7107,70057,522
2022-09-25,San Mateo,081,765935,168298,167123,10452,177575,736
2022-09-25,Santa Barbara,083,443738,105604,105185,6849,112034,720
2022-09-25,Santa Clara,085,1922200,435191,429334,19003,448337,2486
2022-09-25,Santa Cruz,087,273765,62945,62704,3444,66148,274
2022-09-25,Shasta,089,179085,34914,34762,7429,42191,592
2022-09-25,Sierra,091,2930,304,303,60,363,5
2022-09-25,Siskiyou,093,43540,5136,5243,3300,8543,90
2022-09-25,Solano,095,438530,104931,104383,7889,112272,463
2022-09-25,Sonoma,097,501317,106706,106322,5263,111585,519
2022-09-25,Stanislaus,099,539301,137790,137340,21578,158918,1752
2022-09-25,Sutter,101,95872,24236,24198,2459,26657,232
2022-09-25,Tehama,103,63373,13614,13528,3072,16600,210
2022-09-25,Trinity,105,12862,1397,1390,388,1778,20
2022-09-25,Tulare,107,460477,121719,121446,36252,157698,1530
2022-09-25,Tuolumne,109,53932,15558,15469,923,16392,196
2022-09-25,Ventura,111,848112,208406,207684,15682,223366,1566
2022-09-25,Yolo,113,214977,47309,47147,4296,51443,335
2022-09-25,Yuba,115,75493,18874,18834,1712,20546,129
2022-09-24,Alameda,001,1643700,347056,345351,19631,364982,2012
2022-09-24,Alpine,003,1148,134,134,1,135,0
2022-09-24,Amador,005,37829,9981,9954,922,10876,90
2022-09-24,Butte,007,227075,39469,39282,9096,48378,453
2022-09-24,Calaveras,009,45235,8491,8475,550,9025,133
2022-09-24,Colusa,011,21464,3791,3775,1271,5046,22
2022-09-24,Contra Costa,013,1133247,250896,248053,20706,268759,1424
2022-09-24,Del Norte,015,27424,7413,7403,398,7801,57
2022-09-24,El Dorado,017,186661,32253,32159,4249,36408,231
2022-09-24,Fresno,019,978130,276438,273381,31431,304812,2850
2022-09-24,Glenn,021,27897,5520,5494,1864,7358,48
2022-09-24,Humboldt,023,135768,21786,21641,4985,26626,156
2022-09-24,Imperial,025,180216,65420,65297,15721,81018,957
2022-09-24,Inyo,027,18085,4486,4481,984,5465,59
2022-09-24,Kern,029,883053,219092,218413,63656,282069,2408
2022-09-24,Kings,031,150075,59378,59288,4092,63380,456
2022-09-24,Lake,033,64148,12788,12731,1181,13912,146
2022-09-24,Lassen,035,31185,9958,9947,992,10939,65
2022-09-24,Los Angeles,037,10098052,3276071,3263510,180652,3444162,33258
2022-09-24,Madera,039,155013,43977,43910,8232,52142,374
2022-09-24,Marin,041,260295,45065,44823,5258,50081,310
2022-09-24,Mariposa,043,17540,3100,3074,343,3417,31
2022-09-24,Mendocino,045,87422,15999,15911,4463,20374,136
2022-09-24,Merced,047,269075,72502,71875,11813,83688,862
2022-09-24,Modoc,049,8938,874,872,322,1194,11
2022-09-24,Mono,051,14174,3204,3198,254,3452,7
2022-09-24,Monterey,053,433212,94078,93829,20996,114825,766
2022-09-24,Napa,055,140530,32127,32094,1402,33496,160
2022-09-24,Nevada,057,99092,18960,18861,1824,20685,132
2022-09-24,Orange,059,3164182,666379,664263,62822,727085,7425
2022-09-24,Placer,061,380077,75694,75381,9498,84879,660
2022-09-24,Plumas,063,18699,3654,3632,432,4064,13
2022-09-24,Riverside,065,2383286,694716,693038,35239,728277,6610
2022-09-24,Sacramento,067,1510023,346143,344748,33910,378658,3282
2022-09-24,San Benito,069,59416,16276,16114,963,17077,106
2022-09-24,San Bernardino,071,2135413,670304,667124,30841,697965,8097
2022-09-24,San Diego,073,3302833,922291,920118,71905,992023,5487
2022-09-24,San Francisco,075,870044,178577,176887,12079,188966,1031
2022-09-24,San Joaquin,077,732212,197572,196573,14892,211465,2306
2022-09-24,San Luis Obispo,079,281455,63178,62950,7106,70056,522
2022-09-24,San Mateo,081,765935,168228,167123,10443,177566,736
2022-09-24,Santa Barbara,083,443738,105580,105185,6849,112034,720
2022-09-24,Santa Clara,085,1922200,435034,429334,18990,448324,2486
2022-09-24,Santa Cruz,087,273765,62928,62704,3441,66145,274
2022-09-24,Shasta,089,179085,34909,34762,7427,42189,592
2022-09-24,Sierra,091,2930,304,303,60,363,5
2022-09-24,Siskiyou,093,43540,5133,5243,3300,8543,90
2022-09-24,Solano,095,438530,104912,104383,7888,112271,463
2022-09-24,Sonoma,097,501317,106678,106322,5260,111582,519
2022-09-24,Stanislaus,099,539301,137763,137340,21572,158912,1752
2022-09-24,Sutter,101,95872,24229,24198,2459,26657,232
2022-09-24,Tehama,103,63373,13609,13528,3071,16599,210
2022-09-24,Trinity,105,12862,1397,1390,388,1778,20
2022-09-24,Tulare,107,460477,121700,121446,36235,157681,1530
2022-09-24,Tuolumne,109,53932,15550,15469,923,16392,196
2022-09-24,Ventura,111,848112,208359,207684,15675,223359,1566
2022-09-24,Yolo,113,214977,47294,47147,4294,51441,335
2022-09-24,Yuba,115,75493,18869,18834,1711,20545,129
2022-09-23,Alameda,001,1643700,346917,345351,19619,364970,2012
2022-09-23,Alpine,003,1148,134,134,1,135,0
2022-09-23,Amador,005,37829,9977,9954,922,10876,90
2022-09-23,Butte,007,227075,39461,39282,9093,48375,453
2022-09-23,Calaveras,009,45235,8490,8475,550,9025,133
2022-09-23,Colusa,011,21464,3791,3775,1271,5046,22
2022-09-23,Contra Costa,013,1133247,250814,248053,20702,268755,1424
2022-09-23,Del Norte,015,27424,7410,7403,398,7801,57
2022-09-23,El Dorado,017,186661,32239,32159,4247,36406,231
2022-09-23,Fresno,019,978130,276391,273381,31423,304804,2850
2022-09-23,Glenn,021,27897,5518,5494,1863,7357,48
2022-09-23,Humboldt,023,135768,21769,21641,4978,26619,156
2022-09-23,Imperial,025,180216,65410,65297,15714,81011,957
2022-09-23,Inyo,027,18085,4486,4481,980,5461,59
2022-09-23,Kern,029,883053,219053,218413,63632,282045,2408
2022-09-23,Kings,031,150075,59370,59288,4092,63380,456
2022-09-23,Lake,033,64148,12788,12731,1181,13912,146
2022-09-23,Lassen,035,31185,9956,9947,992,10939,65
2022-09-23,Los Angeles,037,10098052,3275306,3263510,180571,3444081,33258
2022-09-23,Madera,039,155013,43967,43910,8232,52142,374
2022-09-23,Marin,041,260295,45042,44823,5256,50079,310
2022-09-23,Mariposa,043,17540,3099,3074,343,3417,31
2022-09-23,Mendocino,045,87422,15997,15911,4463,20374,136
2022-09-23,Merced,047,269075,72491,71875,11812,83687,862
2022-09-23,Modoc,049,8938,874,872,322,1194,11
2022-09-23,Mono,051,14174,3204,3198,254,3452,7
2022-09-23,Monterey,053,433212,94070,93829,20986,114815,766
2022-09-23,Napa,055,140530,32118,32094,1402,33496,160
2022-09-23,Nevada,057,99092,18956,18861,1823,20684,132
2022-09-23,Orange,059,3164182,666211,664263,62789,727052,7425
2022-09-23,Placer,061,380077,75672,75381,9492,84873,660
2022-09-23,Plumas,063,18699,3651,3632,432,4064,13
2022-09-23,Riverside,065,2383286,694583,693038,35229,728267,6610
2022-09-23,Sacramento,067,1510023,346070,344748,33905,378653,3282
2022-09-23,San Benito,069,59416,16276,16114,963,17077,106
2022-09-23,San Bernardino,071,2135413,670174,667124,30834,697958,8097
2022-09-23,San Diego,073,3302833,922045,920118,71872,991990,5487
2022-09-23,San Francisco,075,870044,178501,176887,12074,188961,1031
2022-09-23,San Joaquin,077,732212,197534,196573,14881,211454,2306
2022-09-23,San Luis Obispo,079,281455,63168,62950,7105,70055,522
2022-09-23,San Mateo,081,765935,168157,167123,10438,177561,736
2022-09-23,Santa Barbara,083,443738,105553,105185,6848,112033,720
2022-09-23,Santa Clara,085,1922200,434871,429334,18976,448310,2486
2022-09-23,Santa Cruz,087,273765,62912,62704,3439,66143,274
2022-09-23,Shasta,089,179085,34904,34762,7422,42184,592
2022-09-23,Sierra,091,2930,304,303,60,363,5
2022-09-23,Siskiyou,093,43540,5131,5243,3300,8543,90
2022-09-23,Solano,095,438530,104883,104383,7886,112269,463
2022-09-23,Sonoma,097,501317,106650,106322,5259,111581,519
2022-09-23,Stanislaus,099,539301,137738,137340,21568,158908,1752
2022-09-23,Sutter,101,95872,24221,24198,2459,26657,232
2022-09-23,Tehama,103,63373,13605,13528,3069,16597,210
2022-09-23,Trinity,105,12862,1396,1390,388,1778,20
2022-09-23,Tulare,107,460477,121680,121446,36217,157663,1530
2022-09-23,Tuolumne,109,53932,15544,15469,923,16392,196
2022-09-23,Ventura,111,848112,208298,207684,15669,223353,1566
2022-09-23,Yolo,113,214977,47276,47147,4294,51441,335
2022-09-23,Yuba,115,75493,18867,18834,1711,20545,129
2022-09-22,Alameda,001,1643700,346749,345351,19614,364965,2012
2022-09-22,Alpine,003,1148,134,134,1,135,0
2022-09-22,Amador,005,37829,9973,9954,922,10876,90
2022-09-22,Butte,007,227075,39449,39282,9089,48371,453
2022-09-22,Calaveras,009,45235,8488,8475,544,9019,133
2022-09-22,Colusa,011,21464,3789,3775,1271,5046,22
2022-09-22,Contra Costa,013,1133247,250698,248053,20688,268741,1424
2022-09-22,Del Norte,015,27424,7409,7403,398,7801,57
2022-09-22,El Dorado,017,186661,32228,32159,4244,36403,231
2022-09-22,Fresno,019,978130,276307,273381,31407,304788,2850
2022-09-22,Glenn,021,27897,5517,5494,1863,7357,48
2022-09-22,Humboldt,023,135768,21755,21641,4976,26617,156
2022-09-22,Imperial,025,180216,65397,65297,15701,80998,957
2022-09-22,Inyo,027,18085,4486,4481,978,5459,59
2022-09-22,Kern,029,883053,219010,218413,63583,281996,2408
2022-09-22,Kings,031,150075,59355,59288,4092,63380,456
2022-09-22,Lake,033,64148,12785,12731,1181,13912,146
2022-09-22,Lassen,035,31185,9955,9947,992,10939,65
2022-09-22,Los Angeles,037,10098052,3274267,3263510,180421,3443931,33258
2022-09-22,Madera,039,155013,43960,43910,8232,52142,374
2022-09-22,Marin,041,260295,45027,44823,5254,50077,310
2022-09-22,Mariposa,043,17540,3098,3074,343,3417,31
2022-09-22,Mendocino,045,87422,15992,15911,4463,20374,136
2022-09-22,Merced,047,269075,72470,71875,11810,83685,862
2022-09-22,Modoc,049,8938,874,872,322,1194,11
2022-09-22,Mono,051,14174,3203,3198,253,3451,7
2022-09-22,Monterey,053,433212,94051,93829,20977,114806,766
2022-09-22,Napa,055,140530,32100,32094,1401,33495,160
2022-09-22,Nevada,057,99092,18950,18861,1822,20683,132
2022-09-22,Orange,059,3164182,665990,664263,62739,727002,7425
2022-09-22,Placer,061,380077,75640,75381,9486,84867,660
2022-09-22,Plumas,063,18699,3648,3632,432,4064,13
2022-09-22,Riverside,065,2383286,694405,693038,35221,728259,6610
2022-09-22,Sacramento,067,1510023,345911,344748,33885,378633,3282
2022-09-22,San Benito,069,59416,16276,16114,962,17076,106
2022-09-22,San Bernardino,071,2135413,670027,667124,30819,697943,8097
2022-09-22,San Diego,073,3302833,921683,920118,71832,991950,5487
2022-09-22,San Francisco,075,870044,178395,176887,12068,188955,1031
2022-09-22,San Joaquin,077,732212,197486,196573,14873,211446,2306
2022-09-22,San Luis Obispo,079,281455,63150,62950,7103,70053,522
2022-09-22,San Mateo,081,765935,168092,167123,10435,177558,736
2022-09-22,Santa Barbara,083,443738,105523,105185,6845,112030,720
2022-09-22,Santa Clara,085,1922200,434694,429334,18961,448295,2486
2022-09-22,Santa Cruz,087,273765,62868,62704,3428,66132,274
2022-09-22,Shasta,089,179085,34889,34762,7416,42178,592
2022-09-22,Sierra,091,2930,304,303,60,363,5
2022-09-22,Siskiyou,093,43540,5130,5243,3299,8542,90
2022-09-22,Solano,095,438530,104823,104383,7881,112264,463
2022-09-22,Sonoma,097,501317,106614,106322,5258,111580,519
2022-09-22,Stanislaus,099,539301,137703,137340,21565,158905,1752
2022-09-22,Sutter,101,95872,24210,24198,2459,26657,232
2022-09-22,Tehama,103,63373,13599,13528,3067,16595,210
2022-09-22,Trinity,105,12862,1394,1390,388,1778,20
2022-09-22,Tulare,107,460477,121662,121446,36201,157647,1530
2022-09-22,Tuolumne,109,53932,15537,15469,922,16391,196
2022-09-22,Ventura,111,848112,208212,207684,15662,223346,1566
2022-09-22,Yolo,113,214977,47262,47147,4288,51435,335
2022-09-22,Yuba,115,75493,18859,18834,1708,20542,129
2022-09-21,Alameda,001,1643700,346582,345351,19601,364952,2012
2022-09-21,Alpine,003,1148,134,134,1,135,0
2022-09-21,Amador,005,37829,9972,9954,922,10876,90
2022-09-21,Butte,007,227075,39436,39282,9080,48362,453
2022-09-21,Calaveras,009,45235,8485,8475,543,9018,133
2022-09-21,Colusa,011,21464,3789,3775,1271,5046,22
2022-09-21,Contra Costa,013,1133247,250585,248053,20679,268732,1424
2022-09-21,Del Norte,015,27424,7408,7403,398,7801,57
2022-09-21,El Dorado,017,186661,32216,32159,4241,36400,231
2022-09-21,Fresno,019,978130,276230,273381,31395,304776,2850
2022-09-21,Glenn,021,27897,5516,5494,1862,7356,48
2022-09-21,Humboldt,023,135768,21738,21641,4974,26615,156
2022-09-21,Imperial,025,180216,65381,65297,15691,80988,957
2022-09-21,Inyo,027,18085,4486,4481,975,5456,59
2022-09-21,Kern,029,883053,218956,218413,63537,281950,2408
2022-09-21,Kings,031,150075,59339,59288,4092,63380,456
2022-09-21,Lake,033,64148,12778,12731,1180,13911,146
2022-09-21,Lassen,035,31185,9955,9947,992,10939,65
2022-09-21,Los Angeles,037,10098052,3273104,3263510,180252,3443762,33258
2022-09-21,Madera,039,155013,43945,43910,8232,52142,374
2022-09-21,Marin,041,260295,45003,44823,5254,50077,310
2022-09-21,Mariposa,043,17540,3098,3074,343,3417,31
2022-09-21,Mendocino,045,87422,15984,15911,4462,20373,136
2022-09-21,Merced,047,269075,72453,71875,11810,83685,862
2022-09-21,Modoc,049,8938,874,872,322,1194,11
2022-09-21,Mono,051,14174,3203,3198,253,3451,7
2022-09-21,Monterey,053,433212,94030,93829,20968,114797,766
2022-09-21,Napa,055,140530,32093,32094,1401,33495,160
2022-09-21,Nevada,057,99092,18940,18861,1822,20683,132
2022-09-21,Orange,059,3164182,665740,664263,62684,726947,7425
2022-09-21,Placer,061,380077,75606,75381,9482,84863,660
2022-09-21,Plumas,063,18699,3646,3632,432,4064,13
2022-09-21,Riverside,065,2383286,694223,693038,35203,728241,6610
2022-09-21,Sacramento,067,1510023,345758,344748,33869,378617,3282
2022-09-21,San Benito,069,59416,16263,16114,960,17074,106
2022-09-21,San Bernardino,071,2135413,669876,667124,30813,697937,8097
2022-09-21,San Diego,073,3302833,921303,920118,71785,991903,5487
2022-09-21,San Francisco,075,870044,178299,176887,12057,188944,1031
2022-09-21,San Joaquin,077,732212,197432,196573,14867,211440,2306
2022-09-21,San Luis Obispo,079,281455,63132,62950,7096,70046,522
2022-09-21,San Mateo,081,765935,168015,167123,10434,177557,736
2022-09-21,Santa Barbara,083,443738,105477,105185,6843,112028,720
2022-09-21,Santa Clara,085,1922200,434505,429334,18953,448287,2486
2022-09-21,Santa Cruz,087,273765,62822,62704,3424,66128,274
2022-09-21,Shasta,089,179085,34883,34762,7411,42173,592
2022-09-21,Sierra,091,2930,303,303,60,363,5
2022-09-21,Siskiyou,093,43540,5127,5243,3298,8541,90
2022-09-21,Solano,095,438530,104779,104383,7878,112261,463
2022-09-21,Sonoma,097,501317,106580,106322,5252,111574,519
2022-09-21,Stanislaus,099,539301,137668,137340,21555,158895,1752
2022-09-21,Sutter,101,95872,24201,24198,2459,26657,232
2022-09-21,Tehama,103,63373,13593,13528,3067,16595,210
2022-09-21,Trinity,105,12862,1394,1390,388,1778,20
2022-09-21,Tulare,107,460477,121633,121446,36184,157630,1530
2022-09-21,Tuolumne,109,53932,15532,15469,919,16388,196
2022-09-21,Ventura,111,848112,208137,207684,15655,223339,1566
2022-09-21,Yolo,113,214977,47242,47147,4282,51429,335
2022-09-21,Yuba,115,75493,18851,18834,1708,20542,129
2022-09-20,Alameda,001,1643700,346427,345351,19588,364939,2012
2022-09-20,Alpine,003,1148,134,134,1,135,0
2022-09-20,Amador,005,37829,9965,9954,922,10876,90
2022-09-20,Butte,007,227075,39421,39282,9070,48352,453
2022-09-20,Calaveras,009,45235,8483,8475,543,9018,133
2022-09-20,Colusa,011,21464,3789,3775,1271,5046,22
2022-09-20,Contra Costa,013,1133247,250461,248053,20666,268719,1424
2022-09-20,Del Norte,015,27424,7403,7403,398,7801,57
2022-09-20,El Dorado,017,186661,32202,32159,4238,36397,231
2022-09-20,Fresno,019,978130,276154,273381,31381,304762,2850
2022-09-20,Glenn,021,27897,5515,5494,1861,7355,48
2022-09-20,Humboldt,023,135768,21725,21641,4971,26612,156
2022-09-20,Imperial,025,180216,65359,65297,15680,80977,957
2022-09-20,Inyo,027,18085,4485,4481,972,5453,59
2022-09-20,Kern,029,883053,218902,218413,63495,281908,2408
2022-09-20,Kings,031,150075,59316,59288,4091,63379,456
2022-09-20,Lake,033,64148,12775,12731,1180,13911,146
2022-09-20,Lassen,035,31185,9952,9947,992,10939,65
2022-09-20,Los Angeles,037,10098052,3271943,3263510,180105,3443615,33258
2022-09-20,Madera,039,155013,43936,43910,8227,52137,374
2022-09-20,Marin,041,260295,44978,44823,5249,50072,310
2022-09-20,Mariposa,043,17540,3098,3074,343,3417,31
2022-09-20,Mendocino,045,87422,15979,15911,4460,20371,136
2022-09-20,Merced,047,269075,72427,71875,11808,83683,862
2022-09-20,Modoc,049,8938,874,872,322,1194,11
2022-09-20,Mono,051,14174,3203,3198,253,3451,7
2022-09-20,Monterey,053,433212,94011,93829,20959,114788,766
2022-09-20,Napa,055,140530,32084,32094,1400,33494,160
2022-09-20,Nevada,057,99092,18935,18861,1822,20683,132
2022-09-20,Orange,059,3164182,665458,664263,62639,726902,7425
2022-09-20,Placer,061,380077,75577,75381,9477,84858,660
2022-09-20,Plumas,063,18699,3644,3632,432,4064,13
2022-09-20,Riverside,065,2383286,694021,693038,35175,728213,6610
2022-09-20,Sacramento,067,1510023,345606,344748,33846,378594,3282
2022-09-20,San Benito,069,59416,16256,16114,960,17074,106
2022-09-20,San Bernardino,071,2135413,669664,667124,30798,697922,8097
2022-09-20,San Diego,073,3302833,920891,920118,71729,991847,5487
2022-09-20,San Francisco,075,870044,178202,176887,12051,188938,1031
2022-09-20,San Joaquin,077,732212,197371,196573,14862,211435,2306
2022-09-20,San Luis Obispo,079,281455,63115,62950,7088,70038,522
2022-09-20,San Mateo,081,765935,167932,167123,10430,177553,736
2022-09-20,Santa Barbara,083,443738,105441,105185,6838,112023,720
2022-09-20,Santa Clara,085,1922200,434301,429334,18940,448274,2486
2022-09-20,Santa Cruz,087,273765,62800,62704,3419,66123,274
2022-09-20,Shasta,089,179085,34872,34762,7407,42169,592
2022-09-20,Sierra,091,2930,303,303,60,363,5
2022-09-20,Siskiyou,093,43540,5123,5243,3298,8541,90
2022-09-20,Solano,095,438530,104734,104383,7871,112254,463
2022-09-20,Sonoma,097,501317,106527,106322,5251,111573,519
2022-09-20,Stanislaus,099,539301,137622,137340,21550,158890,1752
2022-09-20,Sutter,101,95872,24197,24198,2459,26657,232
2022-09-20,Tehama,103,63373,13591,13528,3067,16595,210
2022-09-20,Trinity,105,12862,1394,1390,388,1778,20
2022-09-20,Tulare,107,460477,121611,121446,36162,157608,1530
2022-09-20,Tuolumne,109,53932,15526,15469,918,16387,196
2022-09-20,Ventura,111,848112,208055,207684,15650,223334,1566
2022-09-20,Yolo,113,214977,47221,47147,4278,51425,335
2022-09-20,Yuba,115,75493,18847,18834,1708,20542,129
2022-09-19,Alameda,001,1643700,346258,344045,19572,363617,2007
2022-09-19,Alpine,003,1148,134,134,1,135,0
2022-09-19,Amador,005,37829,9961,9908,922,10830,90
2022-09-19,Butte,007,227075,39408,39155,9062,48217,453
2022-09-19,Calaveras,009,45235,8478,8455,542,8997,133
2022-09-19,Colusa,011,21464,3787,3765,1271,5036,22
2022-09-19,Contra Costa,013,1133247,250365,247095,20642,267737,1423
2022-09-19,Del Norte,015,27424,7400,7381,398,7779,56
2022-09-19,El Dorado,017,186661,32193,32088,4234,36322,231
2022-09-19,Fresno,019,978130,276067,272774,31373,304147,2839
2022-09-19,Glenn,021,27897,5514,5481,1860,7341,48
2022-09-19,Humboldt,023,135768,21712,21561,4966,26527,155
2022-09-19,Imperial,025,180216,65340,65099,15666,80765,956
2022-09-19,Inyo,027,18085,4484,4472,970,5442,59
2022-09-19,Kern,029,883053,218839,217694,63435,281129,2405
2022-09-19,Kings,031,150075,59302,59122,4091,63213,456
2022-09-19,Lake,033,64148,12769,12696,1180,13876,144
2022-09-19,Lassen,035,31185,9947,9938,992,10930,65
2022-09-19,Los Angeles,037,10098052,3270566,3253906,179922,3433828,33160
2022-09-19,Madera,039,155013,43910,43782,8222,52004,373
2022-09-19,Marin,041,260295,44948,44702,5245,49947,309
2022-09-19,Mariposa,043,17540,3098,3064,343,3407,31
2022-09-19,Mendocino,045,87422,15972,15872,4458,20330,136
2022-09-19,Merced,047,269075,72412,71732,11804,83536,862
2022-09-19,Modoc,049,8938,874,872,322,1194,11
2022-09-19,Mono,051,14174,3203,3191,253,3444,7
2022-09-19,Monterey,053,433212,93977,93692,20946,114638,762
2022-09-19,Napa,055,140530,32069,31979,1399,33378,160
2022-09-19,Nevada,057,99092,18929,18824,1820,20644,132
2022-09-19,Orange,059,3164182,665175,662784,62584,725368,7398
2022-09-19,Placer,061,380077,75555,75159,9475,84634,660
2022-09-19,Plumas,063,18699,3642,3609,432,4041,13
2022-09-19,Riverside,065,2383286,693785,691630,35162,726792,6608
2022-09-19,Sacramento,067,1510023,345457,343926,33826,377752,3267
2022-09-19,San Benito,069,59416,16246,16057,960,17017,106
2022-09-19,San Bernardino,071,2135413,669444,664360,30780,695140,8074
2022-09-19,San Diego,073,3302833,920465,917229,71641,988870,5479
2022-09-19,San Francisco,075,870044,178110,176724,12043,188767,1025
2022-09-19,San Joaquin,077,732212,197278,196128,14855,210983,2304
2022-09-19,San Luis Obispo,079,281455,63093,62716,7082,69798,520
2022-09-19,San Mateo,081,765935,167833,166572,10424,176996,735
2022-09-19,Santa Barbara,083,443738,105399,104912,6833,111745,718
2022-09-19,Santa Clara,085,1922200,434070,428065,18923,446988,2473
2022-09-19,Santa Cruz,087,273765,62770,62480,3413,65893,274
2022-09-19,Shasta,089,179085,34853,34648,7400,42048,591
2022-09-19,Sierra,091,2930,303,303,60,363,5
2022-09-19,Siskiyou,093,43540,5120,5226,3296,8522,90
2022-09-19,Solano,095,438530,104690,104085,7868,111953,462
2022-09-19,Sonoma,097,501317,106470,106028,5251,111279,518
2022-09-19,Stanislaus,099,539301,137576,136981,21539,158520,1727
2022-09-19,Sutter,101,95872,24183,24119,2459,26578,232
2022-09-19,Tehama,103,63373,13586,13503,3066,16569,210
2022-09-19,Trinity,105,12862,1394,1385,388,1773,20
2022-09-19,Tulare,107,460477,121582,121230,36143,157373,1531
2022-09-19,Tuolumne,109,53932,15520,15411,918,16329,196
2022-09-19,Ventura,111,848112,207959,207049,15646,222695,1563
2022-09-19,Yolo,113,214977,47206,47085,4276,51361,334
2022-09-19,Yuba,115,75493,18838,18764,1701,20465,129
2022-09-18,Alameda,001,1643700,346055,344045,19557,363602,2007
2022-09-18,Alpine,003,1148,134,134,1,135,0
2022-09-18,Amador,005,37829,9955,9908,922,10830,90
2022-09-18,Butte,007,227075,39391,39155,9051,48206,453
2022-09-18,Calaveras,009,45235,8472,8455,539,8994,133
2022-09-18,Colusa,011,21464,3786,3765,1271,5036,22
2022-09-18,Contra Costa,013,1133247,250212,247095,20631,267726,1423
2022-09-18,Del Norte,015,27424,7394,7381,398,7779,56
2022-09-18,El Dorado,017,186661,32179,32088,4231,36319,231
2022-09-18,Fresno,019,978130,275969,272774,31350,304124,2839
2022-09-18,Glenn,021,27897,5509,5481,1860,7341,48
2022-09-18,Humboldt,023,135768,21698,21561,4958,26519,155
2022-09-18,Imperial,025,180216,65321,65099,15644,80743,956
2022-09-18,Inyo,027,18085,4482,4472,969,5441,59
2022-09-18,Kern,029,883053,218766,217694,63361,281055,2405
2022-09-18,Kings,031,150075,59284,59122,4087,63209,456
2022-09-18,Lake,033,64148,12763,12696,1177,13873,144
2022-09-18,Lassen,035,31185,9943,9938,992,10930,65
2022-09-18,Los Angeles,037,10098052,3269019,3253906,179757,3433663,33160
2022-09-18,Madera,039,155013,43886,43782,8218,52000,373
2022-09-18,Marin,041,260295,44925,44702,5241,49943,309
2022-09-18,Mariposa,043,17540,3097,3064,343,3407,31
2022-09-18,Mendocino,045,87422,15968,15872,4453,20325,136
2022-09-18,Merced,047,269075,72384,71732,11797,83529,862
2022-09-18,Modoc,049,8938,873,872,322,1194,11
2022-09-18,Mono,051,14174,3203,3191,252,3443,7
2022-09-18,Monterey,053,433212,93948,93692,20930,114622,762
2022-09-18,Napa,055,140530,32053,31979,1399,33378,160
2022-09-18,Nevada,057,99092,18916,18824,1819,20643,132
2022-09-18,Orange,059,3164182,664891,662784,62502,725286,7398
2022-09-18,Placer,061,380077,75519,75159,9466,84625,660
2022-09-18,Plumas,063,18699,3636,3609,432,4041,13
2022-09-18,Riverside,065,2383286,693549,691630,35135,726765,6608
2022-09-18,Sacramento,067,1510023,345272,343926,33794,377720,3267
2022-09-18,San Benito,069,59416,16240,16057,957,17014,106
2022-09-18,San Bernardino,071,2135413,669208,664360,30760,695120,8074
2022-09-18,San Diego,073,3302833,919987,917229,71590,988819,5479
2022-09-18,San Francisco,075,870044,177971,176724,12037,188761,1025
2022-09-18,San Joaquin,077,732212,197198,196128,14849,210977,2304
2022-09-18,San Luis Obispo,079,281455,63073,62716,7073,69789,520
2022-09-18,San Mateo,081,765935,167729,166572,10415,176987,735
2022-09-18,Santa Barbara,083,443738,105353,104912,6829,111741,718
2022-09-18,Santa Clara,085,1922200,433822,428065,18901,446966,2473
2022-09-18,Santa Cruz,087,273765,62740,62480,3408,65888,274
2022-09-18,Shasta,089,179085,34834,34648,7387,42035,591
2022-09-18,Sierra,091,2930,303,303,60,363,5
2022-09-18,Siskiyou,093,43540,5117,5226,3294,8520,90
2022-09-18,Solano,095,438530,104636,104085,7857,111942,462
2022-09-18,Sonoma,097,501317,106414,106028,5248,111276,518
2022-09-18,Stanislaus,099,539301,137523,136981,21527,158508,1727
2022-09-18,Sutter,101,95872,24170,24119,2459,26578,232
2022-09-18,Tehama,103,63373,13576,13503,3064,16567,210
2022-09-18,Trinity,105,12862,1394,1385,384,1769,20
2022-09-18,Tulare,107,460477,121533,121230,36113,157343,1531
2022-09-18,Tuolumne,109,53932,15510,15411,917,16328,196
2022-09-18,Ventura,111,848112,207848,207049,15633,222682,1563
2022-09-18,Yolo,113,214977,47193,47085,4273,51358,334
2022-09-18,Yuba,115,75493,18828,18764,1701,20465,129
2022-09-17,Alameda,001,1643700,345936,344045,19553,363598,2007
2022-09-17,Alpine,003,1148,134,134,1,135,0
2022-09-17,Amador,005,37829,9953,9908,922,10830,90
2022-09-17,Butte,007,227075,39380,39155,9046,48201,453
2022-09-17,Calaveras,009,45235,8468,8455,537,8992,133
2022-09-17,Colusa,011,21464,3782,3765,1271,5036,22
2022-09-17,Contra Costa,013,1133247,250126,247095,20628,267723,1423
2022-09-17,Del Norte,015,27424,7393,7381,398,7779,56
2022-09-17,El Dorado,017,186661,32173,32088,4231,36319,231
2022-09-17,Fresno,019,978130,275923,272774,31340,304114,2839
2022-09-17,Glenn,021,27897,5505,5481,1858,7339,48
2022-09-17,Humboldt,023,135768,21690,21561,4952,26513,155
2022-09-17,Imperial,025,180216,65300,65099,15636,80735,956
2022-09-17,Inyo,027,18085,4482,4472,967,5439,59
2022-09-17,Kern,029,883053,218729,217694,63318,281012,2405
2022-09-17,Kings,031,150075,59273,59122,4085,63207,456
2022-09-17,Lake,033,64148,12762,12696,1177,13873,144
2022-09-17,Lassen,035,31185,9943,9938,992,10930,65
2022-09-17,Los Angeles,037,10098052,3268191,3253906,179611,3433517,33160
2022-09-17,Madera,039,155013,43879,43782,8218,52000,373
2022-09-17,Marin,041,260295,44909,44702,5237,49939,309
2022-09-17,Mariposa,043,17540,3096,3064,343,3407,31
2022-09-17,Mendocino,045,87422,15966,15872,4453,20325,136
2022-09-17,Merced,047,269075,72370,71732,11793,83525,862
2022-09-17,Modoc,049,8938,873,872,322,1194,11
2022-09-17,Mono,051,14174,3203,3191,252,3443,7
2022-09-17,Monterey,053,433212,93935,93692,20921,114613,762
2022-09-17,Napa,055,140530,32047,31979,1398,33377,160
2022-09-17,Nevada,057,99092,18907,18824,1817,20641,132
2022-09-17,Orange,059,3164182,664719,662784,62462,725246,7398
2022-09-17,Placer,061,380077,75484,75159,9460,84619,660
2022-09-17,Plumas,063,18699,3634,3609,432,4041,13
2022-09-17,Riverside,065,2383286,693406,691630,35117,726747,6608
2022-09-17,Sacramento,067,1510023,345195,343926,33775,377701,3267
2022-09-17,San Benito,069,59416,16235,16057,956,17013,106
2022-09-17,San Bernardino,071,2135413,669077,664360,30749,695109,8074
2022-09-17,San Diego,073,3302833,919809,917229,71569,988798,5479
2022-09-17,San Francisco,075,870044,177910,176724,12033,188757,1025
2022-09-17,San Joaquin,077,732212,197173,196128,14846,210974,2304
2022-09-17,San Luis Obispo,079,281455,63062,62716,7073,69789,520
2022-09-17,San Mateo,081,765935,167664,166572,10407,176979,735
2022-09-17,Santa Barbara,083,443738,105323,104912,6828,111740,718
2022-09-17,Santa Clara,085,1922200,433681,428065,18894,446959,2473
2022-09-17,Santa Cruz,087,273765,62732,62480,3408,65888,274
2022-09-17,Shasta,089,179085,34823,34648,7382,42030,591
2022-09-17,Sierra,091,2930,303,303,60,363,5
2022-09-17,Siskiyou,093,43540,5116,5226,3293,8519,90
2022-09-17,Solano,095,438530,104625,104085,7854,111939,462
2022-09-17,Sonoma,097,501317,106379,106028,5247,111275,518
2022-09-17,Stanislaus,099,539301,137498,136981,21521,158502,1727
2022-09-17,Sutter,101,95872,24164,24119,2459,26578,232
2022-09-17,Tehama,103,63373,13574,13503,3063,16566,210
2022-09-17,Trinity,105,12862,1394,1385,384,1769,20
2022-09-17,Tulare,107,460477,121515,121230,36101,157331,1531
2022-09-17,Tuolumne,109,53932,15504,15411,917,16328,196
2022-09-17,Ventura,111,848112,207802,207049,15624,222673,1563
2022-09-17,Yolo,113,214977,47183,47085,4268,51353,334
2022-09-17,Yuba,115,75493,18825,18764,1701,20465,129
2022-09-16,Alameda,001,1643700,345801,344045,19540,363585,2007
2022-09-16,Alpine,003,1148,134,134,1,135,0
2022-09-16,Amador,005,37829,9951,9908,922,10830,90
2022-09-16,Butte,007,227075,39364,39155,9043,48198,453
2022-09-16,Calaveras,009,45235,8465,8455,537,8992,133
2022-09-16,Colusa,011,21464,3781,3765,1271,5036,22
2022-09-16,Contra Costa,013,1133247,250041,247095,20621,267716,1423
2022-09-16,Del Norte,015,27424,7392,7381,398,7779,56
2022-09-16,El Dorado,017,186661,32166,32088,4229,36317,231
2022-09-16,Fresno,019,978130,275884,272774,31332,304106,2839
2022-09-16,Glenn,021,27897,5505,5481,1858,7339,48
2022-09-16,Humboldt,023,135768,21680,21561,4952,26513,155
2022-09-16,Imperial,025,180216,65287,65099,15631,80730,956
2022-09-16,Inyo,027,18085,4482,4472,965,5437,59
2022-09-16,Kern,029,883053,218687,217694,63296,280990,2405
2022-09-16,Kings,031,150075,59258,59122,4085,63207,456
2022-09-16,Lake,033,64148,12758,12696,1177,13873,144
2022-09-16,Lassen,035,31185,9942,9938,991,10929,65
2022-09-16,Los Angeles,037,10098052,3267299,3253906,179508,3433414,33160
2022-09-16,Madera,039,155013,43865,43782,8218,52000,373
2022-09-16,Marin,041,260295,44887,44702,5234,49936,309
2022-09-16,Mariposa,043,17540,3095,3064,343,3407,31
2022-09-16,Mendocino,045,87422,15961,15872,4452,20324,136
2022-09-16,Merced,047,269075,72355,71732,11791,83523,862
2022-09-16,Modoc,049,8938,873,872,322,1194,11
2022-09-16,Mono,051,14174,3203,3191,252,3443,7
2022-09-16,Monterey,053,433212,93918,93692,20918,114610,762
2022-09-16,Napa,055,140530,32037,31979,1397,33376,160
2022-09-16,Nevada,057,99092,18902,18824,1817,20641,132
2022-09-16,Orange,059,3164182,664559,662784,62405,725189,7398
2022-09-16,Placer,061,380077,75466,75159,9455,84614,660
2022-09-16,Plumas,063,18699,3632,3609,432,4041,13
2022-09-16,Riverside,065,2383286,693288,691630,35099,726729,6608
2022-09-16,Sacramento,067,1510023,345100,343926,33767,377693,3267
2022-09-16,San Benito,069,59416,16228,16057,956,17013,106
2022-09-16,San Bernardino,071,2135413,668931,664360,30740,695100,8074
2022-09-16,San Diego,073,3302833,919529,917229,71542,988771,5479
2022-09-16,San Francisco,075,870044,177852,176724,12027,188751,1025
2022-09-16,San Joaquin,077,732212,197137,196128,14842,210970,2304
2022-09-16,San Luis Obispo,079,281455,63046,62716,7072,69788,520
2022-09-16,San Mateo,081,765935,167595,166572,10403,176975,735
2022-09-16,Santa Barbara,083,443738,105298,104912,6826,111738,718
2022-09-16,Santa Clara,085,1922200,433540,428065,18884,446949,2473
2022-09-16,Santa Cruz,087,273765,62711,62480,3408,65888,274
2022-09-16,Shasta,089,179085,34817,34648,7378,42026,591
2022-09-16,Sierra,091,2930,303,303,60,363,5
2022-09-16,Siskiyou,093,43540,5114,5226,3293,8519,90
2022-09-16,Solano,095,438530,104601,104085,7851,111936,462
2022-09-16,Sonoma,097,501317,106348,106028,5247,111275,518
2022-09-16,Stanislaus,099,539301,137460,136981,21518,158499,1727
2022-09-16,Sutter,101,95872,24151,24119,2459,26578,232
2022-09-16,Tehama,103,63373,13572,13503,3062,16565,210
2022-09-16,Trinity,105,12862,1394,1385,384,1769,20
2022-09-16,Tulare,107,460477,121489,121230,36083,157313,1531
2022-09-16,Tuolumne,109,53932,15493,15411,917,16328,196
2022-09-16,Ventura,111,848112,207733,207049,15613,222662,1563
2022-09-16,Yolo,113,214977,47172,47085,4263,51348,334
2022-09-16,Yuba,115,75493,18816,18764,1701,20465,129
2022-09-15,Alameda,001,1643700,345627,344045,19527,363572,2007
2022-09-15,Alpine,003,1148,134,134,1,135,0
2022-09-15,Amador,005,37829,9947,9908,922,10830,90
2022-09-15,Butte,007,227075,39354,39155,9038,48193,453
2022-09-15,Calaveras,009,45235,8463,8455,534,8989,133
2022-09-15,Colusa,011,21464,3780,3765,1271,5036,22
2022-09-15,Contra Costa,013,1133247,249909,247095,20603,267698,1423
2022-09-15,Del Norte,015,27424,7389,7381,398,7779,56
2022-09-15,El Dorado,017,186661,32157,32088,4227,36315,231
2022-09-15,Fresno,019,978130,275782,272774,31323,304097,2839
2022-09-15,Glenn,021,27897,5505,5481,1857,7338,48
2022-09-15,Humboldt,023,135768,21663,21561,4944,26505,155
2022-09-15,Imperial,025,180216,65263,65099,15616,80715,956
2022-09-15,Inyo,027,18085,4482,4472,962,5434,59
2022-09-15,Kern,029,883053,218629,217694,63241,280935,2405
2022-09-15,Kings,031,150075,59241,59122,4085,63207,456
2022-09-15,Lake,033,64148,12755,12696,1176,13872,144
2022-09-15,Lassen,035,31185,9941,9938,991,10929,65
2022-09-15,Los Angeles,037,10098052,3266139,3253906,179346,3433252,33160
2022-09-15,Madera,039,155013,43854,43782,8215,51997,373
2022-09-15,Marin,041,260295,44869,44702,5231,49933,309
2022-09-15,Mariposa,043,17540,3094,3064,342,3406,31
2022-09-15,Mendocino,045,87422,15950,15872,4450,20322,136
2022-09-15,Merced,047,269075,72333,71732,11787,83519,862
2022-09-15,Modoc,049,8938,873,872,321,1193,11
2022-09-15,Mono,051,14174,3203,3191,250,3441,7
2022-09-15,Monterey,053,433212,93897,93692,20908,114600,762
2022-09-15,Napa,055,140530,32024,31979,1397,33376,160
2022-09-15,Nevada,057,99092,18894,18824,1814,20638,132
2022-09-15,Orange,059,3164182,664332,662784,62330,725114,7398
2022-09-15,Placer,061,380077,75429,75159,9450,84609,660
2022-09-15,Plumas,063,18699,3632,3609,432,4041,13
2022-09-15,Riverside,065,2383286,693116,691630,35082,726712,6608
2022-09-15,Sacramento,067,1510023,344948,343926,33737,377663,3267
2022-09-15,San Benito,069,59416,16222,16057,956,17013,106
2022-09-15,San Bernardino,071,2135413,668736,664360,30724,695084,8074
2022-09-15,San Diego,073,3302833,919170,917229,71502,988731,5479
2022-09-15,San Francisco,075,870044,177745,176724,12020,188744,1025
2022-09-15,San Joaquin,077,732212,197069,196128,14829,210957,2304
2022-09-15,San Luis Obispo,079,281455,63022,62716,7069,69785,520
2022-09-15,San Mateo,081,765935,167504,166572,10393,176965,735
2022-09-15,Santa Barbara,083,443738,105258,104912,6820,111732,718
2022-09-15,Santa Clara,085,1922200,433331,428065,18869,446934,2473
2022-09-15,Santa Cruz,087,273765,62689,62480,3404,65884,274
2022-09-15,Shasta,089,179085,34811,34648,7370,42018,591
2022-09-15,Sierra,091,2930,303,303,60,363,5
2022-09-15,Siskiyou,093,43540,5110,5226,3290,8516,90
2022-09-15,Solano,095,438530,104559,104085,7845,111930,462
2022-09-15,Sonoma,097,501317,106311,106028,5245,111273,518
2022-09-15,Stanislaus,099,539301,137417,136981,21514,158495,1727
2022-09-15,Sutter,101,95872,24143,24119,2459,26578,232
2022-09-15,Tehama,103,63373,13567,13503,3060,16563,210
2022-09-15,Trinity,105,12862,1393,1385,383,1768,20
2022-09-15,Tulare,107,460477,121462,121230,36063,157293,1531
2022-09-15,Tuolumne,109,53932,15484,15411,917,16328,196
2022-09-15,Ventura,111,848112,207638,207049,15599,222648,1563
2022-09-15,Yolo,113,214977,47159,47085,4261,51346,334
2022-09-15,Yuba,115,75493,18808,18764,1699,20463,129
2022-09-14,Alameda,001,1643700,345445,344045,19515,363560,2007
2022-09-14,Alpine,003,1148,134,134,1,135,0
2022-09-14,Amador,005,37829,9941,9908,922,10830,90
2022-09-14,Butte,007,227075,39335,39155,9031,48186,453
2022-09-14,Calaveras,009,45235,8457,8455,532,8987,133
2022-09-14,Colusa,011,21464,3777,3765,1271,5036,22
2022-09-14,Contra Costa,013,1133247,249799,247095,20587,267682,1423
2022-09-14,Del Norte,015,27424,7386,7381,398,7779,56
2022-09-14,El Dorado,017,186661,32145,32088,4221,36309,231
2022-09-14,Fresno,019,978130,275688,272774,31307,304081,2839
2022-09-14,Glenn,021,27897,5505,5481,1854,7335,48
2022-09-14,Humboldt,023,135768,21641,21561,4941,26502,155
2022-09-14,Imperial,025,180216,65237,65099,15599,80698,956
2022-09-14,Inyo,027,18085,4480,4472,960,5432,59
2022-09-14,Kern,029,883053,218568,217694,63184,280878,2405
2022-09-14,Kings,031,150075,59219,59122,4081,63203,456
2022-09-14,Lake,033,64148,12747,12696,1175,13871,144
2022-09-14,Lassen,035,31185,9941,9938,989,10927,65
2022-09-14,Los Angeles,037,10098052,3264892,3253906,179200,3433106,33160
2022-09-14,Madera,039,155013,43824,43782,8210,51992,373
2022-09-14,Marin,041,260295,44847,44702,5223,49925,309
2022-09-14,Mariposa,043,17540,3093,3064,342,3406,31
2022-09-14,Mendocino,045,87422,15945,15872,4449,20321,136
2022-09-14,Merced,047,269075,72305,71732,11777,83509,862
2022-09-14,Modoc,049,8938,872,872,320,1192,11
2022-09-14,Mono,051,14174,3203,3191,249,3440,7
2022-09-14,Monterey,053,433212,93878,93692,20900,114592,762
2022-09-14,Napa,055,140530,32011,31979,1393,33372,160
2022-09-14,Nevada,057,99092,18883,18824,1812,20636,132
2022-09-14,Orange,059,3164182,664050,662784,62278,725062,7398
2022-09-14,Placer,061,380077,75398,75159,9447,84606,660
2022-09-14,Plumas,063,18699,3626,3609,432,4041,13
2022-09-14,Riverside,065,2383286,692883,691630,35053,726683,6608
2022-09-14,Sacramento,067,1510023,344792,343926,33697,377623,3267
2022-09-14,San Benito,069,59416,16214,16057,956,17013,106
2022-09-14,San Bernardino,071,2135413,668543,664360,30708,695068,8074
2022-09-14,San Diego,073,3302833,918789,917229,71454,988683,5479
2022-09-14,San Francisco,075,870044,177648,176724,12013,188737,1025
2022-09-14,San Joaquin,077,732212,197000,196128,14817,210945,2304
2022-09-14,San Luis Obispo,079,281455,62998,62716,7064,69780,520
2022-09-14,San Mateo,081,765935,167427,166572,10388,176960,735
2022-09-14,Santa Barbara,083,443738,105223,104912,6818,111730,718
2022-09-14,Santa Clara,085,1922200,433137,428065,18858,446923,2473
2022-09-14,Santa Cruz,087,273765,62675,62480,3402,65882,274
2022-09-14,Shasta,089,179085,34799,34648,7360,42008,591
2022-09-14,Sierra,091,2930,303,303,60,363,5
2022-09-14,Siskiyou,093,43540,5106,5226,3289,8515,90
2022-09-14,Solano,095,438530,104526,104085,7841,111926,462
2022-09-14,Sonoma,097,501317,106259,106028,5241,111269,518
2022-09-14,Stanislaus,099,539301,137349,136981,21504,158485,1727
2022-09-14,Sutter,101,95872,24130,24119,2459,26578,232
2022-09-14,Tehama,103,63373,13566,13503,3057,16560,210
2022-09-14,Trinity,105,12862,1393,1385,379,1764,20
2022-09-14,Tulare,107,460477,121437,121230,36041,157271,1531
2022-09-14,Tuolumne,109,53932,15476,15411,917,16328,196
2022-09-14,Ventura,111,848112,207549,207049,15589,222638,1563
2022-09-14,Yolo,113,214977,47150,47085,4255,51340,334
2022-09-14,Yuba,115,75493,18801,18764,1698,20462,129
2022-09-13,Alameda,001,1643700,345252,344045,19504,363549,2007
2022-09-13,Alpine,003,1148,134,134,1,135,0
2022-09-13,Amador,005,37829,9936,9908,922,10830,90
2022-09-13,Butte,007,227075,39307,39155,9025,48180,453
2022-09-13,Calaveras,009,45235,8454,8455,530,8985,133
2022-09-13,Colusa,011,21464,3776,3765,1271,5036,22
2022-09-13,Contra Costa,013,1133247,249667,247095,20577,267672,1423
2022-09-13,Del Norte,015,27424,7382,7381,398,7779,56
2022-09-13,El Dorado,017,186661,32131,32088,4217,36305,231
2022-09-13,Fresno,019,978130,275594,272774,31289,304063,2839
2022-09-13,Glenn,021,27897,5504,5481,1852,7333,48
2022-09-13,Humboldt,023,135768,21624,21561,4932,26493,155
2022-09-13,Imperial,025,180216,65214,65099,15589,80688,956
2022-09-13,Inyo,027,18085,4478,4472,957,5429,59
2022-09-13,Kern,029,883053,218476,217694,63100,280794,2405
2022-09-13,Kings,031,150075,59183,59122,4079,63201,456
2022-09-13,Lake,033,64148,12741,12696,1175,13871,144
2022-09-13,Lassen,035,31185,9941,9938,986,10924,65
2022-09-13,Los Angeles,037,10098052,3263570,3253906,179049,3432955,33160
2022-09-13,Madera,039,155013,43813,43782,8202,51984,373
2022-09-13,Marin,041,260295,44831,44702,5219,49921,309
2022-09-13,Mariposa,043,17540,3091,3064,342,3406,31
2022-09-13,Mendocino,045,87422,15940,15872,4445,20317,136
2022-09-13,Merced,047,269075,72282,71732,11774,83506,862
2022-09-13,Modoc,049,8938,872,872,320,1192,11
2022-09-13,Mono,051,14174,3203,3191,249,3440,7
2022-09-13,Monterey,053,433212,93849,93692,20887,114579,762
2022-09-13,Napa,055,140530,31992,31979,1393,33372,160
2022-09-13,Nevada,057,99092,18872,18824,1810,20634,132
2022-09-13,Orange,059,3164182,663766,662784,62208,724992,7398
2022-09-13,Placer,061,380077,75364,75159,9443,84602,660
2022-09-13,Plumas,063,18699,3623,3609,432,4041,13
2022-09-13,Riverside,065,2383286,692659,691630,35029,726659,6608
2022-09-13,Sacramento,067,1510023,344611,343926,33663,377589,3267
2022-09-13,San Benito,069,59416,16205,16057,956,17013,106
2022-09-13,San Bernardino,071,2135413,668298,664360,30689,695049,8074
2022-09-13,San Diego,073,3302833,918386,917229,71415,988644,5479
2022-09-13,San Francisco,075,870044,177543,176724,12006,188730,1025
2022-09-13,San Joaquin,077,732212,196920,196128,14808,210936,2304
2022-09-13,San Luis Obispo,079,281455,62968,62716,7056,69772,520
2022-09-13,San Mateo,081,765935,167342,166572,10384,176956,735
2022-09-13,Santa Barbara,083,443738,105168,104912,6811,111723,718
2022-09-13,Santa Clara,085,1922200,432905,428065,18846,446911,2473
2022-09-13,Santa Cruz,087,273765,62650,62480,3400,65880,274
2022-09-13,Shasta,089,179085,34775,34648,7356,42004,591
2022-09-13,Sierra,091,2930,303,303,60,363,5
2022-09-13,Siskiyou,093,43540,5102,5226,3288,8514,90
2022-09-13,Solano,095,438530,104470,104085,7832,111917,462
2022-09-13,Sonoma,097,501317,106203,106028,5239,111267,518
2022-09-13,Stanislaus,099,539301,137299,136981,21498,158479,1727
2022-09-13,Sutter,101,95872,24119,24119,2458,26577,232
2022-09-13,Tehama,103,63373,13557,13503,3056,16559,210
2022-09-13,Trinity,105,12862,1392,1385,379,1764,20
2022-09-13,Tulare,107,460477,121406,121230,36011,157241,1531
2022-09-13,Tuolumne,109,53932,15470,15411,917,16328,196
2022-09-13,Ventura,111,848112,207454,207049,15573,222622,1563
2022-09-13,Yolo,113,214977,47138,47085,4250,51335,334
2022-09-13,Yuba,115,75493,18792,18764,1697,20461,129
2022-09-12,Alameda,001,1643700,345031,343017,19487,362504,2006
2022-09-12,Alpine,003,1148,134,134,1,135,0
2022-09-12,Amador,005,37829,9928,9890,921,10811,89
2022-09-12,Butte,007,227075,39288,39049,9016,48065,453
2022-09-12,Calaveras,009,45235,8450,8444,530,8974,133
2022-09-12,Colusa,011,21464,3775,3755,1270,5025,22
2022-09-12,Contra Costa,013,1133247,249537,246174,20560,266734,1415
2022-09-12,Del Norte,015,27424,7379,7354,398,7752,56
2022-09-12,El Dorado,017,186661,32114,32027,4211,36238,229
2022-09-12,Fresno,019,978130,275468,272161,31271,303432,2835
2022-09-12,Glenn,021,27897,5500,5473,1852,7325,48
2022-09-12,Humboldt,023,135768,21608,21494,4921,26415,155
2022-09-12,Imperial,025,180216,65190,64926,15571,80497,956
2022-09-12,Inyo,027,18085,4476,4465,955,5420,59
2022-09-12,Kern,029,883053,218399,217203,63030,280233,2404
2022-09-12,Kings,031,150075,59166,58980,4075,63055,455
2022-09-12,Lake,033,64148,12732,12663,1172,13835,144
2022-09-12,Lassen,035,31185,9940,9931,986,10917,64
2022-09-12,Los Angeles,037,10098052,3262045,3246402,178861,3425263,33094
2022-09-12,Madera,039,155013,43801,43599,8192,51791,373
2022-09-12,Marin,041,260295,44811,44584,5215,49799,305
2022-09-12,Mariposa,043,17540,3086,3058,342,3400,31
2022-09-12,Mendocino,045,87422,15929,15853,4437,20290,135
2022-09-12,Merced,047,269075,72242,71563,11761,83324,856
2022-09-12,Modoc,049,8938,872,872,318,1190,11
2022-09-12,Mono,051,14174,3199,3188,249,3437,7
2022-09-12,Monterey,053,433212,93815,93513,20864,114377,762
2022-09-12,Napa,055,140530,31970,31910,1393,33303,158
2022-09-12,Nevada,057,99092,18863,18784,1809,20593,132
2022-09-12,Orange,059,3164182,663472,661329,62132,723461,7371
2022-09-12,Placer,061,380077,75333,74994,9438,84432,657
2022-09-12,Plumas,063,18699,3620,3594,431,4025,13
2022-09-12,Riverside,065,2383286,692374,690018,35006,725024,6596
2022-09-12,Sacramento,067,1510023,344444,343048,33632,376680,3254
2022-09-12,San Benito,069,59416,16192,16000,956,16956,103
2022-09-12,San Bernardino,071,2135413,667985,662248,30672,692920,8057
2022-09-12,San Diego,073,3302833,917903,915648,71366,987014,5474
2022-09-12,San Francisco,075,870044,177427,176512,11999,188511,1022
2022-09-12,San Joaquin,077,732212,196825,195697,14795,210492,2303
2022-09-12,San Luis Obispo,079,281455,62939,62569,7051,69620,519
2022-09-12,San Mateo,081,765935,167249,166165,10374,176539,735
2022-09-12,Santa Barbara,083,443738,105131,104627,6807,111434,717
2022-09-12,Santa Clara,085,1922200,432648,426854,18832,445686,2478
2022-09-12,Santa Cruz,087,273765,62622,62255,3399,65654,274
2022-09-12,Shasta,089,179085,34753,34531,7350,41881,591
2022-09-12,Sierra,091,2930,303,303,60,363,5
2022-09-12,Siskiyou,093,43540,5099,5197,3285,8482,90
2022-09-12,Solano,095,438530,104418,103841,7823,111664,461
2022-09-12,Sonoma,097,501317,106154,105778,5232,111010,521
2022-09-12,Stanislaus,099,539301,137240,136674,21493,158167,1726
2022-09-12,Sutter,101,95872,24108,24037,2456,26493,228
2022-09-12,Tehama,103,63373,13551,13471,3055,16526,210
2022-09-12,Trinity,105,12862,1391,1383,378,1761,20
2022-09-12,Tulare,107,460477,121349,120972,35980,156952,1529
2022-09-12,Tuolumne,109,53932,15461,15362,917,16279,196
2022-09-12,Ventura,111,848112,207344,206442,15558,222000,1558
2022-09-12,Yolo,113,214977,47123,46989,4248,51237,334
2022-09-12,Yuba,115,75493,18778,18709,1692,20401,129
2022-09-11,Alameda,001,1643700,344764,343017,19464,362481,2006
2022-09-11,Alpine,003,1148,134,134,1,135,0
2022-09-11,Amador,005,37829,9921,9890,918,10808,89
2022-09-11,Butte,007,227075,39253,39049,9009,48058,453
2022-09-11,Calaveras,009,45235,8447,8444,529,8973,133
2022-09-11,Colusa,011,21464,3773,3755,1268,5023,22
2022-09-11,Contra Costa,013,1133247,249372,246174,20532,266706,1415
2022-09-11,Del Norte,015,27424,7374,7354,397,7751,56
2022-09-11,El Dorado,017,186661,32098,32027,4203,36230,229
2022-09-11,Fresno,019,978130,275358,272161,31250,303411,2835
2022-09-11,Glenn,021,27897,5497,5473,1852,7325,48
2022-09-11,Humboldt,023,135768,21590,21494,4908,26402,155
2022-09-11,Imperial,025,180216,65147,64926,15543,80469,956
2022-09-11,Inyo,027,18085,4475,4465,946,5411,59
2022-09-11,Kern,029,883053,218294,217203,62929,280132,2404
2022-09-11,Kings,031,150075,59129,58980,4072,63052,455
2022-09-11,Lake,033,64148,12718,12663,1169,13832,144
2022-09-11,Lassen,035,31185,9935,9931,986,10917,64
2022-09-11,Los Angeles,037,10098052,3260307,3246402,178618,3425020,33094
2022-09-11,Madera,039,155013,43769,43599,8185,51784,373
2022-09-11,Marin,041,260295,44784,44584,5213,49797,305
2022-09-11,Mariposa,043,17540,3083,3058,342,3400,31
2022-09-11,Mendocino,045,87422,15919,15853,4431,20284,135
2022-09-11,Merced,047,269075,72205,71563,11750,83313,856
2022-09-11,Modoc,049,8938,872,872,317,1189,11
2022-09-11,Mono,051,14174,3196,3188,249,3437,7
2022-09-11,Monterey,053,433212,93786,93513,20846,114359,762
2022-09-11,Napa,055,140530,31949,31910,1392,33302,158
2022-09-11,Nevada,057,99092,18853,18784,1805,20589,132
2022-09-11,Orange,059,3164182,663172,661329,62061,723390,7371
2022-09-11,Placer,061,380077,75300,74994,9431,84425,657
2022-09-11,Plumas,063,18699,3614,3594,431,4025,13
2022-09-11,Riverside,065,2383286,692092,690018,34976,724994,6596
2022-09-11,Sacramento,067,1510023,344241,343048,33571,376619,3254
2022-09-11,San Benito,069,59416,16183,16000,952,16952,103
2022-09-11,San Bernardino,071,2135413,667662,662248,30654,692902,8057
2022-09-11,San Diego,073,3302833,917359,915648,71303,986951,5474
2022-09-11,San Francisco,075,870044,177273,176512,11985,188497,1022
2022-09-11,San Joaquin,077,732212,196722,195697,14774,210471,2303
2022-09-11,San Luis Obispo,079,281455,62907,62569,7037,69606,519
2022-09-11,San Mateo,081,765935,167137,166165,10369,176534,735
2022-09-11,Santa Barbara,083,443738,105090,104627,6803,111430,717
2022-09-11,Santa Clara,085,1922200,432360,426854,18816,445670,2478
2022-09-11,Santa Cruz,087,273765,62586,62255,3395,65650,274
2022-09-11,Shasta,089,179085,34723,34531,7342,41873,591
2022-09-11,Sierra,091,2930,303,303,60,363,5
2022-09-11,Siskiyou,093,43540,5097,5197,3279,8476,90
2022-09-11,Solano,095,438530,104337,103841,7818,111659,461
2022-09-11,Sonoma,097,501317,106087,105778,5226,111004,521
2022-09-11,Stanislaus,099,539301,137172,136674,21477,158151,1726
2022-09-11,Sutter,101,95872,24086,24037,2455,26492,228
2022-09-11,Tehama,103,63373,13537,13471,3052,16523,210
2022-09-11,Trinity,105,12862,1391,1383,378,1761,20
2022-09-11,Tulare,107,460477,121296,120972,35948,156920,1529
2022-09-11,Tuolumne,109,53932,15452,15362,917,16279,196
2022-09-11,Ventura,111,848112,207203,206442,15534,221976,1558
2022-09-11,Yolo,113,214977,47095,46989,4245,51234,334
2022-09-11,Yuba,115,75493,18769,18709,1689,20398,129
2022-09-10,Alameda,001,1643700,344626,343017,19458,362475,2006
2022-09-10,Alpine,003,1148,134,134,1,135,0
2022-09-10,Amador,005,37829,9918,9890,917,10807,89
2022-09-10,Butte,007,227075,39236,39049,9008,48057,453
2022-09-10,Calaveras,009,45235,8445,8444,529,8973,133
2022-09-10,Colusa,011,21464,3772,3755,1268,5023,22
2022-09-10,Contra Costa,013,1133247,249262,246174,20522,266696,1415
2022-09-10,Del Norte,015,27424,7371,7354,397,7751,56
2022-09-10,El Dorado,017,186661,32089,32027,4202,36229,229
2022-09-10,Fresno,019,978130,275273,272161,31240,303401,2835
2022-09-10,Glenn,021,27897,5494,5473,1851,7324,48
2022-09-10,Humboldt,023,135768,21581,21494,4904,26398,155
2022-09-10,Imperial,025,180216,65125,64926,15532,80458,956
2022-09-10,Inyo,027,18085,4475,4465,946,5411,59
2022-09-10,Kern,029,883053,218240,217203,62889,280092,2404
2022-09-10,Kings,031,150075,59119,58980,4072,63052,455
2022-09-10,Lake,033,64148,12715,12663,1169,13832,144
2022-09-10,Lassen,035,31185,9934,9931,986,10917,64
2022-09-10,Los Angeles,037,10098052,3259371,3246402,178473,3424875,33094
2022-09-10,Madera,039,155013,43753,43599,8182,51781,373
2022-09-10,Marin,041,260295,44759,44584,5208,49792,305
2022-09-10,Mariposa,043,17540,3083,3058,341,3399,31
2022-09-10,Mendocino,045,87422,15916,15853,4429,20282,135
2022-09-10,Merced,047,269075,72191,71563,11747,83310,856
2022-09-10,Modoc,049,8938,872,872,316,1188,11
2022-09-10,Mono,051,14174,3195,3188,249,3437,7
2022-09-10,Monterey,053,433212,93765,93513,20841,114354,762
2022-09-10,Napa,055,140530,31941,31910,1392,33302,158
2022-09-10,Nevada,057,99092,18849,18784,1805,20589,132
2022-09-10,Orange,059,3164182,662999,661329,62023,723352,7371
2022-09-10,Placer,061,380077,75271,74994,9429,84423,657
2022-09-10,Plumas,063,18699,3610,3594,431,4025,13
2022-09-10,Riverside,065,2383286,691910,690018,34965,724983,6596
2022-09-10,Sacramento,067,1510023,344147,343048,33561,376609,3254
2022-09-10,San Benito,069,59416,16176,16000,952,16952,103
2022-09-10,San Bernardino,071,2135413,667502,662248,30639,692887,8057
2022-09-10,San Diego,073,3302833,917131,915648,71279,986927,5474
2022-09-10,San Francisco,075,870044,177215,176512,11982,188494,1022
2022-09-10,San Joaquin,077,732212,196671,195697,14766,210463,2303
2022-09-10,San Luis Obispo,079,281455,62894,62569,7035,69604,519
2022-09-10,San Mateo,081,765935,167062,166165,10361,176526,735
2022-09-10,Santa Barbara,083,443738,105069,104627,6801,111428,717
2022-09-10,Santa Clara,085,1922200,432136,426854,18805,445659,2478
2022-09-10,Santa Cruz,087,273765,62575,62255,3393,65648,274
2022-09-10,Shasta,089,179085,34712,34531,7339,41870,591
2022-09-10,Sierra,091,2930,303,303,60,363,5
2022-09-10,Siskiyou,093,43540,5097,5197,3279,8476,90
2022-09-10,Solano,095,438530,104312,103841,7815,111656,461
2022-09-10,Sonoma,097,501317,106065,105778,5226,111004,521
2022-09-10,Stanislaus,099,539301,137132,136674,21471,158145,1726
2022-09-10,Sutter,101,95872,24071,24037,2455,26492,228
2022-09-10,Tehama,103,63373,13536,13471,3052,16523,210
2022-09-10,Trinity,105,12862,1391,1383,378,1761,20
2022-09-10,Tulare,107,460477,121270,120972,35936,156908,1529
2022-09-10,Tuolumne,109,53932,15446,15362,917,16279,196
2022-09-10,Ventura,111,848112,207134,206442,15520,221962,1558
2022-09-10,Yolo,113,214977,47085,46989,4242,51231,334
2022-09-10,Yuba,115,75493,18761,18709,1688,20397,129
2022-09-09,Alameda,001,1643700,344448,343017,19450,362467,2006
2022-09-09,Alpine,003,1148,134,134,1,135,0
2022-09-09,Amador,005,37829,9913,9890,917,10807,89
2022-09-09,Butte,007,227075,39223,39049,9003,48052,453
2022-09-09,Calaveras,009,45235,8443,8444,529,8973,133
2022-09-09,Colusa,011,21464,3770,3755,1267,5022,22
2022-09-09,Contra Costa,013,1133247,249185,246174,20511,266685,1415
2022-09-09,Del Norte,015,27424,7370,7354,397,7751,56
2022-09-09,El Dorado,017,186661,32081,32027,4200,36227,229
2022-09-09,Fresno,019,978130,275203,272161,31230,303391,2835
2022-09-09,Glenn,021,27897,5492,5473,1851,7324,48
2022-09-09,Humboldt,023,135768,21574,21494,4899,26393,155
2022-09-09,Imperial,025,180216,65100,64926,15524,80450,956
2022-09-09,Inyo,027,18085,4473,4465,938,5403,59
2022-09-09,Kern,029,883053,218178,217203,62845,280048,2404
2022-09-09,Kings,031,150075,59100,58980,4072,63052,455
2022-09-09,Lake,033,64148,12712,12663,1168,13831,144
2022-09-09,Lassen,035,31185,9934,9931,986,10917,64
2022-09-09,Los Angeles,037,10098052,3258334,3246402,178328,3424730,33094
2022-09-09,Madera,039,155013,43735,43599,8180,51779,373
2022-09-09,Marin,041,260295,44746,44584,5207,49791,305
2022-09-09,Mariposa,043,17540,3082,3058,341,3399,31
2022-09-09,Mendocino,045,87422,15910,15853,4425,20278,135
2022-09-09,Merced,047,269075,72170,71563,11745,83308,856
2022-09-09,Modoc,049,8938,872,872,316,1188,11
2022-09-09,Mono,051,14174,3195,3188,249,3437,7
2022-09-09,Monterey,053,433212,93750,93513,20832,114345,762
2022-09-09,Napa,055,140530,31929,31910,1392,33302,158
2022-09-09,Nevada,057,99092,18842,18784,1805,20589,132
2022-09-09,Orange,059,3164182,662813,661329,61980,723309,7371
2022-09-09,Placer,061,380077,75249,74994,9426,84420,657
2022-09-09,Plumas,063,18699,3608,3594,431,4025,13
2022-09-09,Riverside,065,2383286,691723,690018,34951,724969,6596
2022-09-09,Sacramento,067,1510023,344012,343048,33549,376597,3254
2022-09-09,San Benito,069,59416,16166,16000,952,16952,103
2022-09-09,San Bernardino,071,2135413,667327,662248,30630,692878,8057
2022-09-09,San Diego,073,3302833,916869,915648,71254,986902,5474
2022-09-09,San Francisco,075,870044,177144,176512,11974,188486,1022
2022-09-09,San Joaquin,077,732212,196615,195697,14751,210448,2303
2022-09-09,San Luis Obispo,079,281455,62888,62569,7032,69601,519
2022-09-09,San Mateo,081,765935,167007,166165,10359,176524,735
2022-09-09,Santa Barbara,083,443738,105032,104627,6798,111425,717
2022-09-09,Santa Clara,085,1922200,431947,426854,18793,445647,2478
2022-09-09,Santa Cruz,087,273765,62554,62255,3391,65646,274
2022-09-09,Shasta,089,179085,34696,34531,7333,41864,591
2022-09-09,Sierra,091,2930,303,303,60,363,5
2022-09-09,Siskiyou,093,43540,5090,5197,3279,8476,90
2022-09-09,Solano,095,438530,104278,103841,7810,111651,461
2022-09-09,Sonoma,097,501317,106037,105778,5226,111004,521
2022-09-09,Stanislaus,099,539301,137104,136674,21464,158138,1726
2022-09-09,Sutter,101,95872,24064,24037,2454,26491,228
2022-09-09,Tehama,103,63373,13531,13471,3052,16523,210
2022-09-09,Trinity,105,12862,1390,1383,378,1761,20
2022-09-09,Tulare,107,460477,121230,120972,35918,156890,1529
2022-09-09,Tuolumne,109,53932,15445,15362,917,16279,196
2022-09-09,Ventura,111,848112,207064,206442,15506,221948,1558
2022-09-09,Yolo,113,214977,47070,46989,4242,51231,334
2022-09-09,Yuba,115,75493,18752,18709,1688,20397,129
2022-09-08,Alameda,001,1643700,344220,343017,19439,362456,2006
2022-09-08,Alpine,003,1148,134,134,1,135,0
2022-09-08,Amador,005,37829,9906,9890,917,10807,89
2022-09-08,Butte,007,227075,39200,39049,8993,48042,453
2022-09-08,Calaveras,009,45235,8443,8444,528,8972,133
2022-09-08,Colusa,011,21464,3770,3755,1267,5022,22
2022-09-08,Contra Costa,013,1133247,249057,246174,20493,266667,1415
2022-09-08,Del Norte,015,27424,7360,7354,397,7751,56
2022-09-08,El Dorado,017,186661,32064,32027,4198,36225,229
2022-09-08,Fresno,019,978130,275087,272161,31208,303369,2835
2022-09-08,Glenn,021,27897,5492,5473,1851,7324,48
2022-09-08,Humboldt,023,135768,21549,21494,4894,26388,155
2022-09-08,Imperial,025,180216,65069,64926,15502,80428,956
2022-09-08,Inyo,027,18085,4471,4465,936,5401,59
2022-09-08,Kern,029,883053,218089,217203,62752,279955,2404
2022-09-08,Kings,031,150075,59071,58980,4070,63050,455
2022-09-08,Lake,033,64148,12703,12663,1168,13831,144
2022-09-08,Lassen,035,31185,9933,9931,986,10917,64
2022-09-08,Los Angeles,037,10098052,3256878,3246402,178131,3424533,33094
2022-09-08,Madera,039,155013,43705,43599,8174,51773,373
2022-09-08,Marin,041,260295,44721,44584,5203,49787,305
2022-09-08,Mariposa,043,17540,3079,3058,341,3399,31
2022-09-08,Mendocino,045,87422,15903,15853,4425,20278,135
2022-09-08,Merced,047,269075,72141,71563,11733,83296,856
2022-09-08,Modoc,049,8938,872,872,316,1188,11
2022-09-08,Mono,051,14174,3195,3188,248,3436,7
2022-09-08,Monterey,053,433212,93718,93513,20811,114324,762
2022-09-08,Napa,055,140530,31916,31910,1392,33302,158
2022-09-08,Nevada,057,99092,18832,18784,1804,20588,132
2022-09-08,Orange,059,3164182,662538,661329,61913,723242,7371
2022-09-08,Placer,061,380077,75217,74994,9422,84416,657
2022-09-08,Plumas,063,18699,3605,3594,431,4025,13
2022-09-08,Riverside,065,2383286,691446,690018,34927,724945,6596
2022-09-08,Sacramento,067,1510023,343839,343048,33526,376574,3254
2022-09-08,San Benito,069,59416,16155,16000,952,16952,103
2022-09-08,San Bernardino,071,2135413,667031,662248,30619,692867,8057
2022-09-08,San Diego,073,3302833,916492,915648,71201,986849,5474
2022-09-08,San Francisco,075,870044,177019,176512,11966,188478,1022
2022-09-08,San Joaquin,077,732212,196529,195697,14734,210431,2303
2022-09-08,San Luis Obispo,079,281455,62870,62569,7026,69595,519
2022-09-08,San Mateo,081,765935,166922,166165,10355,176520,735
2022-09-08,Santa Barbara,083,443738,104990,104627,6793,111420,717
2022-09-08,Santa Clara,085,1922200,431677,426854,18781,445635,2478
2022-09-08,Santa Cruz,087,273765,62523,62255,3388,65643,274
2022-09-08,Shasta,089,179085,34674,34531,7324,41855,591
2022-09-08,Sierra,091,2930,303,303,60,363,5
2022-09-08,Siskiyou,093,43540,5085,5197,3278,8475,90
2022-09-08,Solano,095,438530,104223,103841,7798,111639,461
2022-09-08,Sonoma,097,501317,105956,105778,5220,110998,521
2022-09-08,Stanislaus,099,539301,137038,136674,21449,158123,1726
2022-09-08,Sutter,101,95872,24052,24037,2454,26491,228
2022-09-08,Tehama,103,63373,13523,13471,3049,16520,210
2022-09-08,Trinity,105,12862,1390,1383,378,1761,20
2022-09-08,Tulare,107,460477,121182,120972,35889,156861,1529
2022-09-08,Tuolumne,109,53932,15438,15362,916,16278,196
2022-09-08,Ventura,111,848112,206946,206442,15482,221924,1558
2022-09-08,Yolo,113,214977,47049,46989,4234,51223,334
2022-09-08,Yuba,115,75493,18742,18709,1684,20393,129
2022-09-07,Alameda,001,1643700,343975,342480,19432,361912,1999
2022-09-07,Alpine,003,1148,134,133,1,134,0
2022-09-07,Amador,005,37829,9903,9877,917,10794,89
2022-09-07,Butte,007,227075,39170,38969,8981,47950,453
2022-09-07,Calaveras,009,45235,8441,8437,526,8963,133
2022-09-07,Colusa,011,21464,3767,3748,1267,5015,22
2022-09-07,Contra Costa,013,1133247,248917,245708,20477,266185,1415
2022-09-07,Del Norte,015,27424,7358,7346,397,7743,56
2022-09-07,El Dorado,017,186661,32051,31979,4197,36176,229
2022-09-07,Fresno,019,978130,274927,271753,31180,302933,2835
2022-09-07,Glenn,021,27897,5490,5468,1850,7318,48
2022-09-07,Humboldt,023,135768,21531,21459,4891,26350,155
2022-09-07,Imperial,025,180216,65036,64755,15480,80235,956
2022-09-07,Inyo,027,18085,4466,4456,929,5385,59
2022-09-07,Kern,029,883053,217990,216932,62659,279591,2404
2022-09-07,Kings,031,150075,59036,58922,4066,62988,455
2022-09-07,Lake,033,64148,12694,12647,1167,13814,143
2022-09-07,Lassen,035,31185,9933,9918,985,10903,64
2022-09-07,Los Angeles,037,10098052,3255283,3242352,177931,3420283,32971
2022-09-07,Madera,039,155013,43658,43533,8174,51707,373
2022-09-07,Marin,041,260295,44698,44489,5201,49690,305
2022-09-07,Mariposa,043,17540,3077,3046,341,3387,31
2022-09-07,Mendocino,045,87422,15898,15813,4419,20232,135
2022-09-07,Merced,047,269075,72106,71448,11721,83169,856
2022-09-07,Modoc,049,8938,872,868,316,1184,11
2022-09-07,Mono,051,14174,3194,3184,248,3432,7
2022-09-07,Monterey,053,433212,93688,93430,20792,114222,762
2022-09-07,Napa,055,140530,31896,31854,1392,33246,156
2022-09-07,Nevada,057,99092,18819,18761,1802,20563,132
2022-09-07,Orange,059,3164182,662229,660580,61839,722419,7362
2022-09-07,Placer,061,380077,75190,74884,9413,84297,658
2022-09-07,Plumas,063,18699,3603,3588,430,4018,13
2022-09-07,Riverside,065,2383286,691115,688794,34900,723694,6591
2022-09-07,Sacramento,067,1510023,343676,342602,33493,376095,3248
2022-09-07,San Benito,069,59416,16142,15933,951,16884,103
2022-09-07,San Bernardino,071,2135413,666774,660303,30603,690906,8023
2022-09-07,San Diego,073,3302833,915999,914552,71156,985708,5468
2022-09-07,San Francisco,075,870044,176917,176386,11956,188342,1018
2022-09-07,San Joaquin,077,732212,196416,195359,14722,210081,2303
2022-09-07,San Luis Obispo,079,281455,62849,62548,7023,69571,517
2022-09-07,San Mateo,081,765935,166821,165893,10348,176241,736
2022-09-07,Santa Barbara,083,443738,104946,104452,6788,111240,717
2022-09-07,Santa Clara,085,1922200,431394,426178,18768,444946,2472
2022-09-07,Santa Cruz,087,273765,62490,62187,3385,65572,274
2022-09-07,Shasta,089,179085,34652,34484,7307,41791,591
2022-09-07,Sierra,091,2930,303,303,60,363,5
2022-09-07,Siskiyou,093,43540,5080,5190,3277,8467,89
2022-09-07,Solano,095,438530,104165,103665,7791,111456,463
2022-09-07,Sonoma,097,501317,105893,105389,5217,110606,517
2022-09-07,Stanislaus,099,539301,136960,136477,21439,157916,1726
2022-09-07,Sutter,101,95872,24038,23984,2454,26438,228
2022-09-07,Tehama,103,63373,13520,13453,3045,16498,210
2022-09-07,Trinity,105,12862,1390,1382,378,1760,20
2022-09-07,Tulare,107,460477,121130,120846,35859,156705,1529
2022-09-07,Tuolumne,109,53932,15431,15327,916,16243,196
2022-09-07,Ventura,111,848112,206825,206121,15465,221586,1557
2022-09-07,Yolo,113,214977,47020,46966,4228,51194,334
2022-09-07,Yuba,115,75493,18729,18665,1683,20348,129
2022-09-06,Alameda,001,1643700,343712,342480,19418,361898,1999
2022-09-06,Alpine,003,1148,133,133,1,134,0
2022-09-06,Amador,005,37829,9900,9877,917,10794,89
2022-09-06,Butte,007,227075,39139,38969,8970,47939,453
2022-09-06,Calaveras,009,45235,8439,8437,524,8961,133
2022-09-06,Colusa,011,21464,3765,3748,1267,5015,22
2022-09-06,Contra Costa,013,1133247,248749,245708,20450,266158,1415
2022-09-06,Del Norte,015,27424,7350,7346,397,7743,56
2022-09-06,El Dorado,017,186661,32033,31979,4191,36170,229
2022-09-06,Fresno,019,978130,274799,271753,31151,302904,2835
2022-09-06,Glenn,021,27897,5488,5468,1848,7316,48
2022-09-06,Humboldt,023,135768,21513,21459,4886,26345,155
2022-09-06,Imperial,025,180216,64986,64755,15452,80207,956
2022-09-06,Inyo,027,18085,4463,4456,923,5379,59
2022-09-06,Kern,029,883053,217896,216932,62559,279491,2404
2022-09-06,Kings,031,150075,58996,58922,4061,62983,455
2022-09-06,Lake,033,64148,12691,12647,1151,13798,143
2022-09-06,Lassen,035,31185,9930,9918,983,10901,64
2022-09-06,Los Angeles,037,10098052,3253501,3242352,177717,3420069,32971
2022-09-06,Madera,039,155013,43616,43533,8169,51702,373
2022-09-06,Marin,041,260295,44667,44489,5197,49686,305
2022-09-06,Mariposa,043,17540,3075,3046,341,3387,31
2022-09-06,Mendocino,045,87422,15892,15813,4412,20225,135
2022-09-06,Merced,047,269075,72068,71448,11704,83152,856
2022-09-06,Modoc,049,8938,871,868,316,1184,11
2022-09-06,Mono,051,14174,3194,3184,247,3431,7
2022-09-06,Monterey,053,433212,93653,93430,20774,114204,762
2022-09-06,Napa,055,140530,31880,31854,1392,33246,156
2022-09-06,Nevada,057,99092,18809,18761,1798,20559,132
2022-09-06,Orange,059,3164182,661867,660580,61764,722344,7362
2022-09-06,Placer,061,380077,75146,74884,9411,84295,658
2022-09-06,Plumas,063,18699,3599,3588,430,4018,13
2022-09-06,Riverside,065,2383286,690644,688794,34866,723660,6591
2022-09-06,Sacramento,067,1510023,343460,342602,33454,376056,3248
2022-09-06,San Benito,069,59416,16126,15933,951,16884,103
2022-09-06,San Bernardino,071,2135413,666501,660303,30587,690890,8023
2022-09-06,San Diego,073,3302833,915491,914552,71103,985655,5468
2022-09-06,San Francisco,075,870044,176784,176386,11944,188330,1018
2022-09-06,San Joaquin,077,732212,196322,195359,14709,210068,2303
2022-09-06,San Luis Obispo,079,281455,62808,62548,7021,69569,517
2022-09-06,San Mateo,081,765935,166714,165893,10338,176231,736
2022-09-06,Santa Barbara,083,443738,104889,104452,6783,111235,717
2022-09-06,Santa Clara,085,1922200,431135,426178,18753,444931,2472
2022-09-06,Santa Cruz,087,273765,62410,62187,3385,65572,274
2022-09-06,Shasta,089,179085,34604,34484,7284,41768,591
2022-09-06,Sierra,091,2930,303,303,60,363,5
2022-09-06,Siskiyou,093,43540,5078,5190,3273,8463,89
2022-09-06,Solano,095,438530,104099,103665,7779,111444,463
2022-09-06,Sonoma,097,501317,105831,105389,5214,110603,517
2022-09-06,Stanislaus,099,539301,136889,136477,21425,157902,1726
2022-09-06,Sutter,101,95872,24013,23984,2454,26438,228
2022-09-06,Tehama,103,63373,13511,13453,3042,16495,210
2022-09-06,Trinity,105,12862,1389,1382,378,1760,20
2022-09-06,Tulare,107,460477,121079,120846,35822,156668,1529
2022-09-06,Tuolumne,109,53932,15420,15327,916,16243,196
2022-09-06,Ventura,111,848112,206679,206121,15448,221569,1557
2022-09-06,Yolo,113,214977,47004,46966,4217,51183,334
2022-09-06,Yuba,115,75493,18708,18665,1682,20347,129
2022-09-05,Alameda,001,1643700,343420,342480,19410,361890,1999
2022-09-05,Alpine,003,1148,133,133,1,134,0
2022-09-05,Amador,005,37829,9896,9877,917,10794,89
2022-09-05,Butte,007,227075,39092,38969,8957,47926,453
2022-09-05,Calaveras,009,45235,8436,8437,523,8960,133
2022-09-05,Colusa,011,21464,3758,3748,1264,5012,22
2022-09-05,Contra Costa,013,1133247,248561,245708,20431,266139,1415
2022-09-05,Del Norte,015,27424,7345,7346,395,7741,56
2022-09-05,El Dorado,017,186661,32009,31979,4185,36164,229
2022-09-05,Fresno,019,978130,274567,271753,31087,302840,2835
2022-09-05,Glenn,021,27897,5485,5468,1844,7312,48
2022-09-05,Humboldt,023,135768,21497,21459,4880,26339,155
2022-09-05,Imperial,025,180216,64933,64755,15408,80163,956
2022-09-05,Inyo,027,18085,4461,4456,921,5377,59
2022-09-05,Kern,029,883053,217763,216932,62431,279363,2404
2022-09-05,Kings,031,150075,58938,58922,4058,62980,455
2022-09-05,Lake,033,64148,12684,12647,1149,13796,143
2022-09-05,Lassen,035,31185,9921,9918,982,10900,64
2022-09-05,Los Angeles,037,10098052,3251076,3242352,177450,3419802,32971
2022-09-05,Madera,039,155013,43561,43533,8147,51680,373
2022-09-05,Marin,041,260295,44638,44489,5197,49686,305
2022-09-05,Mariposa,043,17540,3070,3046,341,3387,31
2022-09-05,Mendocino,045,87422,15871,15813,4401,20214,135
2022-09-05,Merced,047,269075,72005,71448,11673,83121,856
2022-09-05,Modoc,049,8938,870,868,315,1183,11
2022-09-05,Mono,051,14174,3192,3184,244,3428,7
2022-09-05,Monterey,053,433212,93587,93430,20753,114183,762
2022-09-05,Napa,055,140530,31852,31854,1389,33243,156
2022-09-05,Nevada,057,99092,18802,18761,1793,20554,132
2022-09-05,Orange,059,3164182,661395,660580,61665,722245,7362
2022-09-05,Placer,061,380077,75096,74884,9406,84290,658
2022-09-05,Plumas,063,18699,3598,3588,430,4018,13
2022-09-05,Riverside,065,2383286,690133,688794,34815,723609,6591
2022-09-05,Sacramento,067,1510023,343171,342602,33391,375993,3248
2022-09-05,San Benito,069,59416,16100,15933,948,16881,103
2022-09-05,San Bernardino,071,2135413,666068,660303,30555,690858,8023
2022-09-05,San Diego,073,3302833,914864,914552,71010,985562,5468
2022-09-05,San Francisco,075,870044,176621,176386,11937,188323,1018
2022-09-05,San Joaquin,077,732212,196181,195359,14694,210053,2303
2022-09-05,San Luis Obispo,079,281455,62754,62548,7004,69552,517
2022-09-05,San Mateo,081,765935,166595,165893,10330,176223,736
2022-09-05,Santa Barbara,083,443738,104802,104452,6778,111230,717
2022-09-05,Santa Clara,085,1922200,430770,426178,18735,444913,2472
2022-09-05,Santa Cruz,087,273765,62351,62187,3381,65568,274
2022-09-05,Shasta,089,179085,34573,34484,7271,41755,591
2022-09-05,Sierra,091,2930,303,303,60,363,5
2022-09-05,Siskiyou,093,43540,5072,5190,3273,8463,89
2022-09-05,Solano,095,438530,104002,103665,7761,111426,463
2022-09-05,Sonoma,097,501317,105759,105389,5207,110596,517
2022-09-05,Stanislaus,099,539301,136791,136477,21407,157884,1726
2022-09-05,Sutter,101,95872,23989,23984,2452,26436,228
2022-09-05,Tehama,103,63373,13503,13453,3041,16494,210
2022-09-05,Trinity,105,12862,1389,1382,377,1759,20
2022-09-05,Tulare,107,460477,120983,120846,35763,156609,1529
2022-09-05,Tuolumne,109,53932,15401,15327,915,16242,196
2022-09-05,Ventura,111,848112,206502,206121,15412,221533,1557
2022-09-05,Yolo,113,214977,46980,46966,4209,51175,334
2022-09-05,Yuba,115,75493,18686,18665,1680,20345,129
2022-09-04,Alameda,001,1643700,343278,341621,19399,361020,1998
2022-09-04,Alpine,003,1148,133,133,1,134,0
2022-09-04,Amador,005,37829,9892,9855,916,10771,89
2022-09-04,Butte,007,227075,39070,38851,8950,47801,453
2022-09-04,Calaveras,009,45235,8434,8422,522,8944,133
2022-09-04,Colusa,011,21464,3757,3742,1261,5003,22
2022-09-04,Contra Costa,013,1133247,248456,245022,20425,265447,1410
2022-09-04,Del Norte,015,27424,7344,7340,394,7734,56
2022-09-04,El Dorado,017,186661,31992,31929,4182,36111,229
2022-09-04,Fresno,019,978130,274462,271062,31076,302138,2835
2022-09-04,Glenn,021,27897,5484,5462,1844,7306,48
2022-09-04,Humboldt,023,135768,21487,21390,4876,26266,154
2022-09-04,Imperial,025,180216,64906,64678,15396,80074,956
2022-09-04,Inyo,027,18085,4459,4449,918,5367,59
2022-09-04,Kern,029,883053,217680,216471,62336,278807,2404
2022-09-04,Kings,031,150075,58924,58753,4058,62811,455
2022-09-04,Lake,033,64148,12677,12608,1148,13756,143
2022-09-04,Lassen,035,31185,9918,9908,982,10890,64
2022-09-04,Los Angeles,037,10098052,3250136,3235242,177332,3412574,32927
2022-09-04,Madera,039,155013,43547,43403,8140,51543,373
2022-09-04,Marin,041,260295,44611,44394,5193,49587,305
2022-09-04,Mariposa,043,17540,3069,3036,341,3377,31
2022-09-04,Mendocino,045,87422,15867,15781,4400,20181,134
2022-09-04,Merced,047,269075,71981,71280,11668,82948,856
2022-09-04,Modoc,049,8938,870,868,315,1183,11
2022-09-04,Mono,051,14174,3192,3183,244,3427,7
2022-09-04,Monterey,053,433212,93553,93246,20731,113977,761
2022-09-04,Napa,055,140530,31843,31799,1389,33188,156
2022-09-04,Nevada,057,99092,18792,18705,1792,20497,132
2022-09-04,Orange,059,3164182,661224,659290,61614,720904,7347
2022-09-04,Placer,061,380077,75061,74754,9404,84158,657
2022-09-04,Plumas,063,18699,3596,3587,430,4017,13
2022-09-04,Riverside,065,2383286,689943,687184,34797,721981,6581
2022-09-04,Sacramento,067,1510023,343071,341766,33372,375138,3243
2022-09-04,San Benito,069,59416,16095,15900,948,16848,103
2022-09-04,San Bernardino,071,2135413,665922,658354,30539,688893,8006
2022-09-04,San Diego,073,3302833,914624,912824,70991,983815,5464
2022-09-04,San Francisco,075,870044,176543,176131,11932,188063,1015
2022-09-04,San Joaquin,077,732212,196057,194904,14676,209580,2301
2022-09-04,San Luis Obispo,079,281455,62744,62455,7000,69455,517
2022-09-04,San Mateo,081,765935,166539,165520,10326,175846,738
2022-09-04,Santa Barbara,083,443738,104751,104161,6773,110934,716
2022-09-04,Santa Clara,085,1922200,430573,425040,18721,443761,2473
2022-09-04,Santa Cruz,087,273765,62332,61989,3380,65369,273
2022-09-04,Shasta,089,179085,34566,34422,7264,41686,591
2022-09-04,Sierra,091,2930,303,303,60,363,5
2022-09-04,Siskiyou,093,43540,5069,5168,3270,8438,89
2022-09-04,Solano,095,438530,103984,103457,7757,111214,461
2022-09-04,Sonoma,097,501317,105733,105162,5202,110364,517
2022-09-04,Stanislaus,099,539301,136731,136168,21398,157566,1726
2022-09-04,Sutter,101,95872,23974,23927,2452,26379,228
2022-09-04,Tehama,103,63373,13495,13406,3038,16444,210
2022-09-04,Trinity,105,12862,1389,1377,376,1753,20
2022-09-04,Tulare,107,460477,120940,120592,35728,156320,1527
2022-09-04,Tuolumne,109,53932,15387,15294,914,16208,196
2022-09-04,Ventura,111,848112,206411,205627,15403,221030,1558
2022-09-04,Yolo,113,214977,46970,46882,4203,51085,334
2022-09-04,Yuba,115,75493,18682,18615,1680,20295,129
2022-09-03,Alameda,001,1643700,343155,341621,19394,361015,1998
2022-09-03,Alpine,003,1148,133,133,1,134,0
2022-09-03,Amador,005,37829,9887,9855,915,10770,89
2022-09-03,Butte,007,227075,39053,38851,8942,47793,453
2022-09-03,Calaveras,009,45235,8433,8422,522,8944,133
2022-09-03,Colusa,011,21464,3757,3742,1260,5002,22
2022-09-03,Contra Costa,013,1133247,248345,245022,20420,265442,1410
2022-09-03,Del Norte,015,27424,7344,7340,394,7734,56
2022-09-03,El Dorado,017,186661,31984,31929,4180,36109,229
2022-09-03,Fresno,019,978130,274382,271062,31060,302122,2835
2022-09-03,Glenn,021,27897,5483,5462,1844,7306,48
2022-09-03,Humboldt,023,135768,21479,21390,4876,26266,154
2022-09-03,Imperial,025,180216,64887,64678,15386,80064,956
2022-09-03,Inyo,027,18085,4458,4449,916,5365,59
2022-09-03,Kern,029,883053,217611,216471,62272,278743,2404
2022-09-03,Kings,031,150075,58911,58753,4058,62811,455
2022-09-03,Lake,033,64148,12671,12608,1148,13756,143
2022-09-03,Lassen,035,31185,9918,9908,982,10890,64
2022-09-03,Los Angeles,037,10098052,3249191,3235242,177196,3412438,32927
2022-09-03,Madera,039,155013,43528,43403,8139,51542,373
2022-09-03,Marin,041,260295,44596,44394,5191,49585,305
2022-09-03,Mariposa,043,17540,3068,3036,340,3376,31
2022-09-03,Mendocino,045,87422,15855,15781,4397,20178,134
2022-09-03,Merced,047,269075,71955,71280,11665,82945,856
2022-09-03,Modoc,049,8938,870,868,315,1183,11
2022-09-03,Mono,051,14174,3192,3183,243,3426,7
2022-09-03,Monterey,053,433212,93537,93246,20720,113966,761
2022-09-03,Napa,055,140530,31837,31799,1389,33188,156
2022-09-03,Nevada,057,99092,18786,18705,1792,20497,132
2022-09-03,Orange,059,3164182,661029,659290,61557,720847,7347
2022-09-03,Placer,061,380077,75029,74754,9402,84156,657
2022-09-03,Plumas,063,18699,3594,3587,430,4017,13
2022-09-03,Riverside,065,2383286,689740,687184,34772,721956,6581
2022-09-03,Sacramento,067,1510023,342952,341766,33362,375128,3243
2022-09-03,San Benito,069,59416,16089,15900,947,16847,103
2022-09-03,San Bernardino,071,2135413,665732,658354,30516,688870,8006
2022-09-03,San Diego,073,3302833,914379,912824,70973,983797,5464
2022-09-03,San Francisco,075,870044,176489,176131,11927,188058,1015
2022-09-03,San Joaquin,077,732212,196001,194904,14667,209571,2301
2022-09-03,San Luis Obispo,079,281455,62734,62455,6997,69452,517
2022-09-03,San Mateo,081,765935,166477,165520,10317,175837,738
2022-09-03,Santa Barbara,083,443738,104705,104161,6769,110930,716
2022-09-03,Santa Clara,085,1922200,430394,425040,18714,443754,2473
2022-09-03,Santa Cruz,087,273765,62313,61989,3379,65368,273
2022-09-03,Shasta,089,179085,34553,34422,7261,41683,591
2022-09-03,Sierra,091,2930,303,303,60,363,5
2022-09-03,Siskiyou,093,43540,5066,5168,3270,8438,89
2022-09-03,Solano,095,438530,103970,103457,7752,111209,461
2022-09-03,Sonoma,097,501317,105710,105162,5202,110364,517
2022-09-03,Stanislaus,099,539301,136688,136168,21394,157562,1726
2022-09-03,Sutter,101,95872,23964,23927,2451,26378,228
2022-09-03,Tehama,103,63373,13490,13406,3037,16443,210
2022-09-03,Trinity,105,12862,1389,1377,376,1753,20
2022-09-03,Tulare,107,460477,120908,120592,35690,156282,1527
2022-09-03,Tuolumne,109,53932,15382,15294,914,16208,196
2022-09-03,Ventura,111,848112,206330,205627,15392,221019,1558
2022-09-03,Yolo,113,214977,46960,46882,4201,51083,334
2022-09-03,Yuba,115,75493,18673,18615,1679,20294,129
2022-09-02,Alameda,001,1643700,343024,341621,19388,361009,1998
2022-09-02,Alpine,003,1148,133,133,1,134,0
2022-09-02,Amador,005,37829,9885,9855,915,10770,89
2022-09-02,Butte,007,227075,39041,38851,8930,47781,453
2022-09-02,Calaveras,009,45235,8428,8422,522,8944,133
2022-09-02,Colusa,011,21464,3756,3742,1260,5002,22
2022-09-02,Contra Costa,013,1133247,248249,245022,20409,265431,1410
2022-09-02,Del Norte,015,27424,7343,7340,393,7733,56
2022-09-02,El Dorado,017,186661,31972,31929,4178,36107,229
2022-09-02,Fresno,019,978130,274268,271062,31040,302102,2835
2022-09-02,Glenn,021,27897,5479,5462,1844,7306,48
2022-09-02,Humboldt,023,135768,21470,21390,4873,26263,154
2022-09-02,Imperial,025,180216,64866,64678,15373,80051,956
2022-09-02,Inyo,027,18085,4455,4449,915,5364,59
2022-09-02,Kern,029,883053,217530,216471,62204,278675,2404
2022-09-02,Kings,031,150075,58899,58753,4055,62808,455
2022-09-02,Lake,033,64148,12667,12608,1147,13755,143
2022-09-02,Lassen,035,31185,9917,9908,982,10890,64
2022-09-02,Los Angeles,037,10098052,3248138,3235242,177033,3412275,32927
2022-09-02,Madera,039,155013,43514,43403,8135,51538,373
2022-09-02,Marin,041,260295,44578,44394,5181,49575,305
2022-09-02,Mariposa,043,17540,3064,3036,339,3375,31
2022-09-02,Mendocino,045,87422,15853,15781,4396,20177,134
2022-09-02,Merced,047,269075,71929,71280,11662,82942,856
2022-09-02,Modoc,049,8938,870,868,315,1183,11
2022-09-02,Mono,051,14174,3192,3183,243,3426,7
2022-09-02,Monterey,053,433212,93510,93246,20703,113949,761
2022-09-02,Napa,055,140530,31824,31799,1389,33188,156
2022-09-02,Nevada,057,99092,18781,18705,1790,20495,132
2022-09-02,Orange,059,3164182,660839,659290,61494,720784,7347
2022-09-02,Placer,061,380077,75012,74754,9396,84150,657
2022-09-02,Plumas,063,18699,3593,3587,430,4017,13
2022-09-02,Riverside,065,2383286,689492,687184,34758,721942,6581
2022-09-02,Sacramento,067,1510023,342805,341766,33355,375121,3243
2022-09-02,San Benito,069,59416,16082,15900,947,16847,103
2022-09-02,San Bernardino,071,2135413,665556,658354,30500,688854,8006
2022-09-02,San Diego,073,3302833,914107,912824,70946,983770,5464
2022-09-02,San Francisco,075,870044,176422,176131,11911,188042,1015
2022-09-02,San Joaquin,077,732212,195896,194904,14649,209553,2301
2022-09-02,San Luis Obispo,079,281455,62718,62455,6996,69451,517
2022-09-02,San Mateo,081,765935,166394,165520,10314,175834,738
2022-09-02,Santa Barbara,083,443738,104657,104161,6767,110928,716
2022-09-02,Santa Clara,085,1922200,430197,425040,18700,443740,2473
2022-09-02,Santa Cruz,087,273765,62290,61989,3377,65366,273
2022-09-02,Shasta,089,179085,34547,34422,7258,41680,591
2022-09-02,Sierra,091,2930,303,303,60,363,5
2022-09-02,Siskiyou,093,43540,5063,5168,3270,8438,89
2022-09-02,Solano,095,438530,103936,103457,7747,111204,461
2022-09-02,Sonoma,097,501317,105674,105162,5200,110362,517
2022-09-02,Stanislaus,099,539301,136642,136168,21388,157556,1726
2022-09-02,Sutter,101,95872,23953,23927,2451,26378,228
2022-09-02,Tehama,103,63373,13488,13406,3035,16441,210
2022-09-02,Trinity,105,12862,1388,1377,376,1753,20
2022-09-02,Tulare,107,460477,120865,120592,35667,156259,1527
2022-09-02,Tuolumne,109,53932,15380,15294,913,16207,196
2022-09-02,Ventura,111,848112,206239,205627,15379,221006,1558
2022-09-02,Yolo,113,214977,46949,46882,4197,51079,334
2022-09-02,Yuba,115,75493,18665,18615,1676,20291,129
2022-09-01,Alameda,001,1643700,342793,341621,19374,360995,1998
2022-09-01,Alpine,003,1148,133,133,1,134,0
2022-09-01,Amador,005,37829,9881,9855,915,10770,89
2022-09-01,Butte,007,227075,39012,38851,8916,47767,453
2022-09-01,Calaveras,009,45235,8422,8422,521,8943,133
2022-09-01,Colusa,011,21464,3752,3742,1260,5002,22
2022-09-01,Contra Costa,013,1133247,248098,245022,20387,265409,1410
2022-09-01,Del Norte,015,27424,7342,7340,391,7731,56
2022-09-01,El Dorado,017,186661,31962,31929,4177,36106,229
2022-09-01,Fresno,019,978130,274094,271062,30979,302041,2835
2022-09-01,Glenn,021,27897,5477,5462,1844,7306,48
2022-09-01,Humboldt,023,135768,21457,21390,4866,26256,154
2022-09-01,Imperial,025,180216,64820,64678,15351,80029,956
2022-09-01,Inyo,027,18085,4453,4449,914,5363,59
2022-09-01,Kern,029,883053,217455,216471,62088,278559,2404
2022-09-01,Kings,031,150075,58871,58753,4053,62806,455
2022-09-01,Lake,033,64148,12657,12608,1145,13753,143
2022-09-01,Lassen,035,31185,9917,9908,980,10888,64
2022-09-01,Los Angeles,037,10098052,3246554,3235242,176809,3412051,32927
2022-09-01,Madera,039,155013,43477,43403,8132,51535,373
2022-09-01,Marin,041,260295,44545,44394,5173,49567,305
2022-09-01,Mariposa,043,17540,3063,3036,339,3375,31
2022-09-01,Mendocino,045,87422,15848,15781,4394,20175,134
2022-09-01,Merced,047,269075,71896,71280,11647,82927,856
2022-09-01,Modoc,049,8938,870,868,314,1182,11
2022-09-01,Mono,051,14174,3192,3183,242,3425,7
2022-09-01,Monterey,053,433212,93470,93246,20683,113929,761
2022-09-01,Napa,055,140530,31805,31799,1389,33188,156
2022-09-01,Nevada,057,99092,18772,18705,1790,20495,132
2022-09-01,Orange,059,3164182,660526,659290,61413,720703,7347
2022-09-01,Placer,061,380077,74975,74754,9389,84143,657
2022-09-01,Plumas,063,18699,3592,3587,430,4017,13
2022-09-01,Riverside,065,2383286,689152,687184,34718,721902,6581
2022-09-01,Sacramento,067,1510023,342609,341766,33316,375082,3243
2022-09-01,San Benito,069,59416,16074,15900,946,16846,103
2022-09-01,San Bernardino,071,2135413,665226,658354,30467,688821,8006
2022-09-01,San Diego,073,3302833,913690,912824,70896,983720,5464
2022-09-01,San Francisco,075,870044,176284,176131,11900,188031,1015
2022-09-01,San Joaquin,077,732212,195805,194904,14629,209533,2301
2022-09-01,San Luis Obispo,079,281455,62680,62455,6989,69444,517
2022-09-01,San Mateo,081,765935,166300,165520,10305,175825,738
2022-09-01,Santa Barbara,083,443738,104595,104161,6759,110920,716
2022-09-01,Santa Clara,085,1922200,429908,425040,18691,443731,2473
2022-09-01,Santa Cruz,087,273765,62237,61989,3372,65361,273
2022-09-01,Shasta,089,179085,34527,34422,7253,41675,591
2022-09-01,Sierra,091,2930,303,303,60,363,5
2022-09-01,Siskiyou,093,43540,5062,5168,3269,8437,89
2022-09-01,Solano,095,438530,103867,103457,7743,111200,461
2022-09-01,Sonoma,097,501317,105605,105162,5193,110355,517
2022-09-01,Stanislaus,099,539301,136561,136168,21372,157540,1726
2022-09-01,Sutter,101,95872,23934,23927,2449,26376,228
2022-09-01,Tehama,103,63373,13482,13406,3032,16438,210
2022-09-01,Trinity,105,12862,1387,1377,373,1750,20
2022-09-01,Tulare,107,460477,120811,120592,35623,156215,1527
2022-09-01,Tuolumne,109,53932,15372,15294,913,16207,196
2022-09-01,Ventura,111,848112,206093,205627,15362,220989,1558
2022-09-01,Yolo,113,214977,46920,46882,4190,51072,334
2022-09-01,Yuba,115,75493,18651,18615,1676,20291,129
2022-08-31,Alameda,001,1643700,342561,340789,19360,360149,1986
2022-08-31,Alpine,003,1148,133,133,1,134,0
2022-08-31,Amador,005,37829,9877,9829,913,10742,89
2022-08-31,Butte,007,227075,38976,38720,8900,47620,452
2022-08-31,Calaveras,009,45235,8418,8404,520,8924,133
2022-08-31,Colusa,011,21464,3751,3744,1260,5004,22
2022-08-31,Contra Costa,013,1133247,247939,244168,20361,264529,1409
2022-08-31,Del Norte,015,27424,7339,7333,391,7724,56
2022-08-31,El Dorado,017,186661,31953,31864,4173,36037,226
2022-08-31,Fresno,019,978130,273912,270456,30846,301302,2829
2022-08-31,Glenn,021,27897,5476,5448,1843,7291,48
2022-08-31,Humboldt,023,135768,21431,21325,4861,26186,154
2022-08-31,Imperial,025,180216,64790,64562,15329,79891,953
2022-08-31,Inyo,027,18085,4451,4444,913,5357,59
2022-08-31,Kern,029,883053,217342,216037,61950,277987,2404
2022-08-31,Kings,031,150075,58835,58629,4048,62677,455
2022-08-31,Lake,033,64148,12645,12563,1145,13708,142
2022-08-31,Lassen,035,31185,9912,9889,979,10868,64
2022-08-31,Los Angeles,037,10098052,3244735,3228552,176573,3405125,32877
2022-08-31,Madera,039,155013,43445,43269,8118,51387,372
2022-08-31,Marin,041,260295,44515,44330,5167,49497,305
2022-08-31,Mariposa,043,17540,3062,3025,339,3364,31
2022-08-31,Mendocino,045,87422,15840,15733,4390,20123,134
2022-08-31,Merced,047,269075,71864,71089,11625,82714,852
2022-08-31,Modoc,049,8938,868,865,314,1179,11
2022-08-31,Mono,051,14174,3191,3181,241,3422,7
2022-08-31,Monterey,053,433212,93427,93046,20661,113707,762
2022-08-31,Napa,055,140530,31789,31725,1388,33113,156
2022-08-31,Nevada,057,99092,18755,18649,1789,20438,132
2022-08-31,Orange,059,3164182,660117,658076,61324,719400,7340
2022-08-31,Placer,061,380077,74933,74612,9383,83995,657
2022-08-31,Plumas,063,18699,3591,3581,430,4011,13
2022-08-31,Riverside,065,2383286,688743,685704,34680,720384,6581
2022-08-31,Sacramento,067,1510023,342400,340949,33270,374219,3230
2022-08-31,San Benito,069,59416,16062,15860,944,16804,103
2022-08-31,San Bernardino,071,2135413,664795,656343,30429,686772,8014
2022-08-31,San Diego,073,3302833,913222,910878,70838,981716,5459
2022-08-31,San Francisco,075,870044,176169,175752,11891,187643,1001
2022-08-31,San Joaquin,077,732212,195646,194437,14610,209047,2298
2022-08-31,San Luis Obispo,079,281455,62650,62312,6977,69289,515
2022-08-31,San Mateo,081,765935,166197,165161,10298,175459,738
2022-08-31,Santa Barbara,083,443738,104508,103894,6750,110644,717
2022-08-31,Santa Clara,085,1922200,429604,424011,18673,442684,2467
2022-08-31,Santa Cruz,087,273765,62188,61812,3369,65181,272
2022-08-31,Shasta,089,179085,34512,34355,7246,41601,590
2022-08-31,Sierra,091,2930,303,302,60,362,5
2022-08-31,Siskiyou,093,43540,5054,5152,3268,8420,89
2022-08-31,Solano,095,438530,103804,103173,7738,110911,461
2022-08-31,Sonoma,097,501317,105533,104964,5183,110147,527
2022-08-31,Stanislaus,099,539301,136470,135801,21350,157151,1722
2022-08-31,Sutter,101,95872,23919,23856,2448,26304,228
2022-08-31,Tehama,103,63373,13469,13370,3027,16397,210
2022-08-31,Trinity,105,12862,1387,1373,373,1746,20
2022-08-31,Tulare,107,460477,120733,120346,35578,155924,1527
2022-08-31,Tuolumne,109,53932,15363,15250,911,16161,196
2022-08-31,Ventura,111,848112,205948,205157,15345,220502,1557
2022-08-31,Yolo,113,214977,46887,46807,4178,50985,334
2022-08-31,Yuba,115,75493,18628,18558,1673,20231,129
2022-08-30,Alameda,001,1643700,342315,340789,19339,360128,1986
2022-08-30,Alpine,003,1148,133,133,1,134,0
2022-08-30,Amador,005,37829,9866,9829,913,10742,89
2022-08-30,Butte,007,227075,38941,38720,8885,47605,452
2022-08-30,Calaveras,009,45235,8415,8404,518,8922,133
2022-08-30,Colusa,011,21464,3751,3744,1258,5002,22
2022-08-30,Contra Costa,013,1133247,247784,244168,20342,264510,1409
2022-08-30,Del Norte,015,27424,7338,7333,391,7724,56
2022-08-30,El Dorado,017,186661,31935,31864,4170,36034,226
2022-08-30,Fresno,019,978130,273711,270456,30749,301205,2829
2022-08-30,Glenn,021,27897,5476,5448,1842,7290,48
2022-08-30,Humboldt,023,135768,21410,21325,4857,26182,154
2022-08-30,Imperial,025,180216,64743,64562,15294,79856,953
2022-08-30,Inyo,027,18085,4450,4444,910,5354,59
2022-08-30,Kern,029,883053,217212,216037,61803,277840,2404
2022-08-30,Kings,031,150075,58779,58629,4044,62673,455
2022-08-30,Lake,033,64148,12635,12563,1143,13706,142
2022-08-30,Lassen,035,31185,9908,9889,979,10868,64
2022-08-30,Los Angeles,037,10098052,3242639,3228552,176308,3404860,32877
2022-08-30,Madera,039,155013,43395,43269,8102,51371,372
2022-08-30,Marin,041,260295,44482,44330,5163,49493,305
2022-08-30,Mariposa,043,17540,3058,3025,339,3364,31
2022-08-30,Mendocino,045,87422,15829,15733,4380,20113,134
2022-08-30,Merced,047,269075,71815,71089,11603,82692,852
2022-08-30,Modoc,049,8938,868,865,314,1179,11
2022-08-30,Mono,051,14174,3189,3181,241,3422,7
2022-08-30,Monterey,053,433212,93381,93046,20646,113692,762
2022-08-30,Napa,055,140530,31771,31725,1387,33112,156
2022-08-30,Nevada,057,99092,18737,18649,1769,20418,132
2022-08-30,Orange,059,3164182,659672,658076,61213,719289,7340
2022-08-30,Placer,061,380077,74897,74612,9375,83987,657
2022-08-30,Plumas,063,18699,3590,3581,430,4011,13
2022-08-30,Riverside,065,2383286,688300,685704,34642,720346,6581
2022-08-30,Sacramento,067,1510023,342205,340949,33230,374179,3230
2022-08-30,San Benito,069,59416,16048,15860,941,16801,103
2022-08-30,San Bernardino,071,2135413,664320,656343,30397,686740,8014
2022-08-30,San Diego,073,3302833,912694,910878,70743,981621,5459
2022-08-30,San Francisco,075,870044,176049,175752,11882,187634,1001
2022-08-30,San Joaquin,077,732212,195494,194437,14576,209013,2298
2022-08-30,San Luis Obispo,079,281455,62611,62312,6963,69275,515
2022-08-30,San Mateo,081,765935,166091,165161,10289,175450,738
2022-08-30,Santa Barbara,083,443738,104413,103894,6740,110634,717
2022-08-30,Santa Clara,085,1922200,429277,424011,18658,442669,2467
2022-08-30,Santa Cruz,087,273765,62136,61812,3363,65175,272
2022-08-30,Shasta,089,179085,34489,34355,7241,41596,590
2022-08-30,Sierra,091,2930,303,302,60,362,5
2022-08-30,Siskiyou,093,43540,5046,5152,3266,8418,89
2022-08-30,Solano,095,438530,103716,103173,7731,110904,461
2022-08-30,Sonoma,097,501317,105471,104964,5176,110140,527
2022-08-30,Stanislaus,099,539301,136364,135801,21335,157136,1722
2022-08-30,Sutter,101,95872,23901,23856,2448,26304,228
2022-08-30,Tehama,103,63373,13462,13370,3020,16390,210
2022-08-30,Trinity,105,12862,1386,1373,372,1745,20
2022-08-30,Tulare,107,460477,120648,120346,35525,155871,1527
2022-08-30,Tuolumne,109,53932,15348,15250,911,16161,196
2022-08-30,Ventura,111,848112,205786,205157,15307,220464,1557
2022-08-30,Yolo,113,214977,46867,46807,4170,50977,334
2022-08-30,Yuba,115,75493,18616,18558,1671,20229,129
2022-08-29,Alameda,001,1643700,341988,340789,19313,360102,1986
2022-08-29,Alpine,003,1148,133,133,1,134,0
2022-08-29,Amador,005,37829,9852,9829,912,10741,89
2022-08-29,Butte,007,227075,38899,38720,8869,47589,452
2022-08-29,Calaveras,009,45235,8414,8404,516,8920,133
2022-08-29,Colusa,011,21464,3751,3744,1258,5002,22
2022-08-29,Contra Costa,013,1133247,247608,244168,20318,264486,1409
2022-08-29,Del Norte,015,27424,7337,7333,391,7724,56
2022-08-29,El Dorado,017,186661,31917,31864,4166,36030,226
2022-08-29,Fresno,019,978130,273483,270456,30709,301165,2829
2022-08-29,Glenn,021,27897,5474,5448,1839,7287,48
2022-08-29,Humboldt,023,135768,21387,21325,4850,26175,154
2022-08-29,Imperial,025,180216,64699,64562,15255,79817,953
2022-08-29,Inyo,027,18085,4449,4444,906,5350,59
2022-08-29,Kern,029,883053,217044,216037,61667,277704,2404
2022-08-29,Kings,031,150075,58709,58629,4040,62669,455
2022-08-29,Lake,033,64148,12621,12563,1142,13705,142
2022-08-29,Lassen,035,31185,9902,9889,979,10868,64
2022-08-29,Los Angeles,037,10098052,3240409,3228552,176030,3404582,32877
2022-08-29,Madera,039,155013,43356,43269,8082,51351,372
2022-08-29,Marin,041,260295,44448,44330,5157,49487,305
2022-08-29,Mariposa,043,17540,3054,3025,338,3363,31
2022-08-29,Mendocino,045,87422,15814,15733,4369,20102,134
2022-08-29,Merced,047,269075,71755,71089,11574,82663,852
2022-08-29,Modoc,049,8938,867,865,313,1178,11
2022-08-29,Mono,051,14174,3188,3181,241,3422,7
2022-08-29,Monterey,053,433212,93343,93046,20616,113662,762
2022-08-29,Napa,055,140530,31751,31725,1387,33112,156
2022-08-29,Nevada,057,99092,18721,18649,1767,20416,132
2022-08-29,Orange,059,3164182,659232,658076,61126,719202,7340
2022-08-29,Placer,061,380077,74858,74612,9363,83975,657
2022-08-29,Plumas,063,18699,3589,3581,430,4011,13
2022-08-29,Riverside,065,2383286,687732,685704,34585,720289,6581
2022-08-29,Sacramento,067,1510023,341930,340949,33174,374123,3230
2022-08-29,San Benito,069,59416,16035,15860,939,16799,103
2022-08-29,San Bernardino,071,2135413,663741,656343,30359,686702,8014
2022-08-29,San Diego,073,3302833,912067,910878,70675,981553,5459
2022-08-29,San Francisco,075,870044,175944,175752,11871,187623,1001
2022-08-29,San Joaquin,077,732212,195350,194437,14546,208983,2298
2022-08-29,San Luis Obispo,079,281455,62578,62312,6950,69262,515
2022-08-29,San Mateo,081,765935,165985,165161,10280,175441,738
2022-08-29,Santa Barbara,083,443738,104318,103894,6729,110623,717
2022-08-29,Santa Clara,085,1922200,428883,424011,18630,442641,2467
2022-08-29,Santa Cruz,087,273765,62069,61812,3356,65168,272
2022-08-29,Shasta,089,179085,34470,34355,7228,41583,590
2022-08-29,Sierra,091,2930,303,302,60,362,5
2022-08-29,Siskiyou,093,43540,5042,5152,3265,8417,89
2022-08-29,Solano,095,438530,103635,103173,7721,110894,461
2022-08-29,Sonoma,097,501317,105390,104964,5170,110134,527
2022-08-29,Stanislaus,099,539301,136244,135801,21302,157103,1722
2022-08-29,Sutter,101,95872,23873,23856,2445,26301,228
2022-08-29,Tehama,103,63373,13453,13370,3019,16389,210
2022-08-29,Trinity,105,12862,1385,1373,372,1745,20
2022-08-29,Tulare,107,460477,120556,120346,35457,155803,1527
2022-08-29,Tuolumne,109,53932,15333,15250,911,16161,196
2022-08-29,Ventura,111,848112,205638,205157,15284,220441,1557
2022-08-29,Yolo,113,214977,46841,46807,4160,50967,334
2022-08-29,Yuba,115,75493,18598,18558,1666,20224,129
2022-08-28,Alameda,001,1643700,341665,339618,19290,358908,1978
2022-08-28,Alpine,003,1148,133,133,1,134,0
2022-08-28,Amador,005,37829,9845,9802,910,10712,89
2022-08-28,Butte,007,227075,38848,38606,8858,47464,452
2022-08-28,Calaveras,009,45235,8406,8368,515,8883,133
2022-08-28,Colusa,011,21464,3749,3736,1254,4990,22
2022-08-28,Contra Costa,013,1133247,247388,243331,20298,263629,1404
2022-08-28,Del Norte,015,27424,7331,7316,390,7706,55
2022-08-28,El Dorado,017,186661,31886,31760,4158,35918,226
2022-08-28,Fresno,019,978130,273235,269680,30653,300333,2829
2022-08-28,Glenn,021,27897,5471,5434,1837,7271,49
2022-08-28,Humboldt,023,135768,21362,21264,4836,26100,154
2022-08-28,Imperial,025,180216,64646,64391,15206,79597,953
2022-08-28,Inyo,027,18085,4448,4443,903,5346,59
2022-08-28,Kern,029,883053,216906,215612,61486,277098,2399
2022-08-28,Kings,031,150075,58652,58443,4029,62472,455
2022-08-28,Lake,033,64148,12609,12524,1138,13662,142
2022-08-28,Lassen,035,31185,9890,9871,979,10850,64
2022-08-28,Los Angeles,037,10098052,3237713,3219328,175675,3395003,32833
2022-08-28,Madera,039,155013,43307,43105,8050,51155,372
2022-08-28,Marin,041,260295,44416,44192,5148,49340,305
2022-08-28,Mariposa,043,17540,3048,3018,337,3355,31
2022-08-28,Mendocino,045,87422,15800,15698,4365,20063,134
2022-08-28,Merced,047,269075,71680,70906,11524,82430,851
2022-08-28,Modoc,049,8938,867,865,313,1178,11
2022-08-28,Mono,051,14174,3187,3181,241,3422,7
2022-08-28,Monterey,053,433212,93276,92844,20587,113431,760
2022-08-28,Napa,055,140530,31723,31668,1386,33054,156
2022-08-28,Nevada,057,99092,18698,18592,1766,20358,132
2022-08-28,Orange,059,3164182,658771,656440,61016,717456,7326
2022-08-28,Placer,061,380077,74812,74391,9351,83742,657
2022-08-28,Plumas,063,18699,3586,3571,430,4001,13
2022-08-28,Riverside,065,2383286,687099,683511,34517,718028,6580
2022-08-28,Sacramento,067,1510023,341608,339846,33103,372949,3222
2022-08-28,San Benito,069,59416,16022,15805,936,16741,103
2022-08-28,San Bernardino,071,2135413,663140,653843,30302,684145,8017
2022-08-28,San Diego,073,3302833,911310,908809,70567,979376,5456
2022-08-28,San Francisco,075,870044,175789,175204,11859,187063,1000
2022-08-28,San Joaquin,077,732212,195116,193880,14516,208396,2296
2022-08-28,San Luis Obispo,079,281455,62529,62105,6931,69036,515
2022-08-28,San Mateo,081,765935,165834,164675,10267,174942,738
2022-08-28,Santa Barbara,083,443738,104184,103496,6710,110206,717
2022-08-28,Santa Clara,085,1922200,428474,422650,18609,441259,2459
2022-08-28,Santa Cruz,087,273765,61968,61594,3342,64936,273
2022-08-28,Shasta,089,179085,34436,34283,7214,41497,590
2022-08-28,Sierra,091,2930,302,300,60,360,5
2022-08-28,Siskiyou,093,43540,5036,5140,3263,8403,89
2022-08-28,Solano,095,438530,103540,102855,7713,110568,460
2022-08-28,Sonoma,097,501317,105307,104646,5160,109806,557
2022-08-28,Stanislaus,099,539301,136091,135310,21275,156585,1722
2022-08-28,Sutter,101,95872,23846,23759,2442,26201,228
2022-08-28,Tehama,103,63373,13433,13340,3017,16357,210
2022-08-28,Trinity,105,12862,1385,1370,370,1740,20
2022-08-28,Tulare,107,460477,120442,119942,35350,155292,1527
2022-08-28,Tuolumne,109,53932,15327,15193,906,16099,196
2022-08-28,Ventura,111,848112,205439,204567,15216,219783,1553
2022-08-28,Yolo,113,214977,46789,46744,4149,50893,334
2022-08-28,Yuba,115,75493,18579,18482,1660,20142,129
2022-08-27,Alameda,001,1643700,341477,339618,19280,358898,1978
2022-08-27,Alpine,003,1148,133,133,1,134,0
2022-08-27,Amador,005,37829,9839,9802,909,10711,89
2022-08-27,Butte,007,227075,38820,38606,8845,47451,452
2022-08-27,Calaveras,009,45235,8401,8368,515,8883,133
2022-08-27,Colusa,011,21464,3747,3736,1249,4985,22
2022-08-27,Contra Costa,013,1133247,247247,243331,20289,263620,1404
2022-08-27,Del Norte,015,27424,7329,7316,390,7706,55
2022-08-27,El Dorado,017,186661,31874,31760,4154,35914,226
2022-08-27,Fresno,019,978130,273113,269680,30637,300317,2829
2022-08-27,Glenn,021,27897,5469,5434,1837,7271,49
2022-08-27,Humboldt,023,135768,21346,21264,4828,26092,154
2022-08-27,Imperial,025,180216,64624,64391,15196,79587,953
2022-08-27,Inyo,027,18085,4447,4443,903,5346,59
2022-08-27,Kern,029,883053,216823,215612,61377,276989,2399
2022-08-27,Kings,031,150075,58622,58443,4026,62469,455
2022-08-27,Lake,033,64148,12605,12524,1134,13658,142
2022-08-27,Lassen,035,31185,9886,9871,979,10850,64
2022-08-27,Los Angeles,037,10098052,3236394,3219328,175461,3394789,32833
2022-08-27,Madera,039,155013,43272,43105,8046,51151,372
2022-08-27,Marin,041,260295,44395,44192,5139,49331,305
2022-08-27,Mariposa,043,17540,3047,3018,336,3354,31
2022-08-27,Mendocino,045,87422,15794,15698,4363,20061,134
2022-08-27,Merced,047,269075,71636,70906,11516,82422,851
2022-08-27,Modoc,049,8938,867,865,313,1178,11
2022-08-27,Mono,051,14174,3186,3181,241,3422,7
2022-08-27,Monterey,053,433212,93245,92844,20571,113415,760
2022-08-27,Napa,055,140530,31708,31668,1384,33052,156
2022-08-27,Nevada,057,99092,18687,18592,1764,20356,132
2022-08-27,Orange,059,3164182,658510,656440,60913,717353,7326
2022-08-27,Placer,061,380077,74775,74391,9347,83738,657
2022-08-27,Plumas,063,18699,3585,3571,430,4001,13
2022-08-27,Riverside,065,2383286,686766,683511,34491,718002,6580
2022-08-27,Sacramento,067,1510023,341477,339846,33088,372934,3222
2022-08-27,San Benito,069,59416,16006,15805,932,16737,103
2022-08-27,San Bernardino,071,2135413,662825,653843,30271,684114,8017
2022-08-27,San Diego,073,3302833,910971,908809,70526,979335,5456
2022-08-27,San Francisco,075,870044,175716,175204,11853,187057,1000
2022-08-27,San Joaquin,077,732212,195057,193880,14495,208375,2296
2022-08-27,San Luis Obispo,079,281455,62514,62105,6924,69029,515
2022-08-27,San Mateo,081,765935,165740,164675,10264,174939,738
2022-08-27,Santa Barbara,083,443738,104121,103496,6699,110195,717
2022-08-27,Santa Clara,085,1922200,428263,422650,18596,441246,2459
2022-08-27,Santa Cruz,087,273765,61955,61594,3341,64935,273
2022-08-27,Shasta,089,179085,34425,34283,7209,41492,590
2022-08-27,Sierra,091,2930,302,300,60,360,5
2022-08-27,Siskiyou,093,43540,5034,5140,3263,8403,89
2022-08-27,Solano,095,438530,103503,102855,7705,110560,460
2022-08-27,Sonoma,097,501317,105264,104646,5157,109803,557
2022-08-27,Stanislaus,099,539301,136012,135310,21254,156564,1722
2022-08-27,Sutter,101,95872,23831,23759,2442,26201,228
2022-08-27,Tehama,103,63373,13427,13340,3016,16356,210
2022-08-27,Trinity,105,12862,1384,1370,368,1738,20
2022-08-27,Tulare,107,460477,120382,119942,35301,155243,1527
2022-08-27,Tuolumne,109,53932,15320,15193,905,16098,196
2022-08-27,Ventura,111,848112,205354,204567,15203,219770,1553
2022-08-27,Yolo,113,214977,46769,46744,4145,50889,334
2022-08-27,Yuba,115,75493,18567,18482,1659,20141,129
2022-08-26,Alameda,001,1643700,341308,339618,19273,358891,1978
2022-08-26,Alpine,003,1148,133,133,1,134,0
2022-08-26,Amador,005,37829,9836,9802,907,10709,89
2022-08-26,Butte,007,227075,38806,38606,8833,47439,452
2022-08-26,Calaveras,009,45235,8396,8368,515,8883,133
2022-08-26,Colusa,011,21464,3746,3736,1249,4985,22
2022-08-26,Contra Costa,013,1133247,247091,243331,20282,263613,1404
2022-08-26,Del Norte,015,27424,7327,7316,390,7706,55
2022-08-26,El Dorado,017,186661,31854,31760,4153,35913,226
2022-08-26,Fresno,019,978130,272956,269680,30602,300282,2829
2022-08-26,Glenn,021,27897,5466,5434,1835,7269,49
2022-08-26,Humboldt,023,135768,21339,21264,4826,26090,154
2022-08-26,Imperial,025,180216,64601,64391,15183,79574,953
2022-08-26,Inyo,027,18085,4446,4443,896,5339,59
2022-08-26,Kern,029,883053,216733,215612,61280,276892,2399
2022-08-26,Kings,031,150075,58608,58443,4024,62467,455
2022-08-26,Lake,033,64148,12597,12524,1133,13657,142
2022-08-26,Lassen,035,31185,9884,9871,979,10850,64
2022-08-26,Los Angeles,037,10098052,3234984,3219328,175246,3394574,32833
2022-08-26,Madera,039,155013,43242,43105,8040,51145,372
2022-08-26,Marin,041,260295,44363,44192,5137,49329,305
2022-08-26,Mariposa,043,17540,3042,3018,332,3350,31
2022-08-26,Mendocino,045,87422,15788,15698,4361,20059,134
2022-08-26,Merced,047,269075,71596,70906,11508,82414,851
2022-08-26,Modoc,049,8938,866,865,313,1178,11
2022-08-26,Mono,051,14174,3186,3181,241,3422,7
2022-08-26,Monterey,053,433212,93205,92844,20556,113400,760
2022-08-26,Napa,055,140530,31694,31668,1384,33052,156
2022-08-26,Nevada,057,99092,18675,18592,1762,20354,132
2022-08-26,Orange,059,3164182,658251,656440,60851,717291,7326
2022-08-26,Placer,061,380077,74740,74391,9335,83726,657
2022-08-26,Plumas,063,18699,3584,3571,430,4001,13
2022-08-26,Riverside,065,2383286,686416,683511,34455,717966,6580
2022-08-26,Sacramento,067,1510023,341291,339846,33077,372923,3222
2022-08-26,San Benito,069,59416,15995,15805,932,16737,103
2022-08-26,San Bernardino,071,2135413,662507,653843,30245,684088,8017
2022-08-26,San Diego,073,3302833,910549,908809,70503,979312,5456
2022-08-26,San Francisco,075,870044,175633,175204,11847,187051,1000
2022-08-26,San Joaquin,077,732212,194983,193880,14478,208358,2296
2022-08-26,San Luis Obispo,079,281455,62492,62105,6920,69025,515
2022-08-26,San Mateo,081,765935,165650,164675,10257,174932,738
2022-08-26,Santa Barbara,083,443738,104069,103496,6693,110189,717
2022-08-26,Santa Clara,085,1922200,428046,422650,18583,441233,2459
2022-08-26,Santa Cruz,087,273765,61908,61594,3337,64931,273
2022-08-26,Shasta,089,179085,34413,34283,7205,41488,590
2022-08-26,Sierra,091,2930,302,300,60,360,5
2022-08-26,Siskiyou,093,43540,5031,5140,3263,8403,89
2022-08-26,Solano,095,438530,103445,102855,7694,110549,460
2022-08-26,Sonoma,097,501317,105219,104646,5157,109803,557
2022-08-26,Stanislaus,099,539301,135935,135310,21245,156555,1722
2022-08-26,Sutter,101,95872,23812,23759,2441,26200,228
2022-08-26,Tehama,103,63373,13416,13340,3014,16354,210
2022-08-26,Trinity,105,12862,1384,1370,368,1738,20
2022-08-26,Tulare,107,460477,120321,119942,35253,155195,1527
2022-08-26,Tuolumne,109,53932,15308,15193,905,16098,196
2022-08-26,Ventura,111,848112,205274,204567,15188,219755,1553
2022-08-26,Yolo,113,214977,46757,46744,4141,50885,334
2022-08-26,Yuba,115,75493,18554,18482,1659,20141,129
2022-08-25,Alameda,001,1643700,341016,339618,19246,358864,1978
2022-08-25,Alpine,003,1148,133,133,1,134,0
2022-08-25,Amador,005,37829,9829,9802,907,10709,89
2022-08-25,Butte,007,227075,38782,38606,8825,47431,452
2022-08-25,Calaveras,009,45235,8390,8368,515,8883,133
2022-08-25,Colusa,011,21464,3746,3736,1247,4983,22
2022-08-25,Contra Costa,013,1133247,246887,243331,20261,263592,1404
2022-08-25,Del Norte,015,27424,7318,7316,390,7706,55
2022-08-25,El Dorado,017,186661,31833,31760,4148,35908,226
2022-08-25,Fresno,019,978130,272757,269680,30552,300232,2829
2022-08-25,Glenn,021,27897,5461,5434,1834,7268,49
2022-08-25,Humboldt,023,135768,21318,21264,4816,26080,154
2022-08-25,Imperial,025,180216,64559,64391,15155,79546,953
2022-08-25,Inyo,027,18085,4446,4443,889,5332,59
2022-08-25,Kern,029,883053,216593,215612,61176,276788,2399
2022-08-25,Kings,031,150075,58552,58443,4016,62459,455
2022-08-25,Lake,033,64148,12583,12524,1131,13655,142
2022-08-25,Lassen,035,31185,9883,9871,978,10849,64
2022-08-25,Los Angeles,037,10098052,3232831,3219328,174950,3394278,32833
2022-08-25,Madera,039,155013,43196,43105,8026,51131,372
2022-08-25,Marin,041,260295,44335,44192,5129,49321,305
2022-08-25,Mariposa,043,17540,3040,3018,332,3350,31
2022-08-25,Mendocino,045,87422,15779,15698,4360,20058,134
2022-08-25,Merced,047,269075,71549,70906,11476,82382,851
2022-08-25,Modoc,049,8938,866,865,313,1178,11
2022-08-25,Mono,051,14174,3186,3181,241,3422,7
2022-08-25,Monterey,053,433212,93153,92844,20535,113379,760
2022-08-25,Napa,055,140530,31677,31668,1383,33051,156
2022-08-25,Nevada,057,99092,18653,18592,1757,20349,132
2022-08-25,Orange,059,3164182,657845,656440,60759,717199,7326
2022-08-25,Placer,061,380077,74690,74391,9328,83719,657
2022-08-25,Plumas,063,18699,3582,3571,430,4001,13
2022-08-25,Riverside,065,2383286,685897,683511,34407,717918,6580
2022-08-25,Sacramento,067,1510023,341015,339846,33034,372880,3222
2022-08-25,San Benito,069,59416,15982,15805,931,16736,103
2022-08-25,San Bernardino,071,2135413,661976,653843,30211,684054,8017
2022-08-25,San Diego,073,3302833,910004,908809,70424,979233,5456
2022-08-25,San Francisco,075,870044,175520,175204,11842,187046,1000
2022-08-25,San Joaquin,077,732212,194836,193880,14453,208333,2296
2022-08-25,San Luis Obispo,079,281455,62392,62105,6910,69015,515
2022-08-25,San Mateo,081,765935,165523,164675,10249,174924,738
2022-08-25,Santa Barbara,083,443738,103974,103496,6678,110174,717
2022-08-25,Santa Clara,085,1922200,427730,422650,18562,441212,2459
2022-08-25,Santa Cruz,087,273765,61848,61594,3333,64927,273
2022-08-25,Shasta,089,179085,34394,34283,7193,41476,590
2022-08-25,Sierra,091,2930,302,300,60,360,5
2022-08-25,Siskiyou,093,43540,5026,5140,3258,8398,89
2022-08-25,Solano,095,438530,103360,102855,7684,110539,460
2022-08-25,Sonoma,097,501317,105143,104646,5150,109796,557
2022-08-25,Stanislaus,099,539301,135809,135310,21222,156532,1722
2022-08-25,Sutter,101,95872,23789,23759,2439,26198,228
2022-08-25,Tehama,103,63373,13408,13340,3007,16347,210
2022-08-25,Trinity,105,12862,1384,1370,367,1737,20
2022-08-25,Tulare,107,460477,120227,119942,35181,155123,1527
2022-08-25,Tuolumne,109,53932,15290,15193,904,16097,196
2022-08-25,Ventura,111,848112,205121,204567,15138,219705,1553
2022-08-25,Yolo,113,214977,46729,46744,4132,50876,334
2022-08-25,Yuba,115,75493,18535,18482,1656,20138,129
2022-08-24,Alameda,001,1643700,340707,338591,19223,357814,1976
2022-08-24,Alpine,003,1148,133,131,1,132,0
2022-08-24,Amador,005,37829,9822,9786,904,10690,89
2022-08-24,Butte,007,227075,38744,38458,8809,47267,449
2022-08-24,Calaveras,009,45235,8375,8334,514,8848,132
2022-08-24,Colusa,011,21464,3746,3722,1244,4966,22
2022-08-24,Contra Costa,013,1133247,246700,242633,20235,262868,1399
2022-08-24,Del Norte,015,27424,7314,7308,388,7696,55
2022-08-24,El Dorado,017,186661,31818,31682,4143,35825,225
2022-08-24,Fresno,019,978130,272563,269025,30496,299521,2822
2022-08-24,Glenn,021,27897,5459,5423,1834,7257,48
2022-08-24,Humboldt,023,135768,21297,21195,4805,26000,153
2022-08-24,Imperial,025,180216,64522,64271,15138,79409,951
2022-08-24,Inyo,027,18085,4445,4440,888,5328,59
2022-08-24,Kern,029,883053,216445,215225,61054,276279,2399
2022-08-24,Kings,031,150075,58498,58324,4012,62336,454
2022-08-24,Lake,033,64148,12573,12476,1130,13606,142
2022-08-24,Lassen,035,31185,9880,9867,975,10842,64
2022-08-24,Los Angeles,037,10098052,3230475,3211321,174638,3385959,32783
2022-08-24,Madera,039,155013,43156,42984,8001,50985,372
2022-08-24,Marin,041,260295,44298,44082,5121,49203,305
2022-08-24,Mariposa,043,17540,3040,3010,332,3342,31
2022-08-24,Mendocino,045,87422,15767,15623,4350,19973,134
2022-08-24,Merced,047,269075,71499,70665,11444,82109,849
2022-08-24,Modoc,049,8938,866,864,312,1176,11
2022-08-24,Mono,051,14174,3186,3181,241,3422,7
2022-08-24,Monterey,053,433212,93092,92590,20495,113085,760
2022-08-24,Napa,055,140530,31667,31602,1381,32983,156
2022-08-24,Nevada,057,99092,18637,18565,1754,20319,132
2022-08-24,Orange,059,3164182,657395,654893,60665,715558,7312
2022-08-24,Placer,061,380077,74629,74226,9323,83549,657
2022-08-24,Plumas,063,18699,3578,3555,430,3985,13
2022-08-24,Riverside,065,2383286,685361,681805,34351,716156,6573
2022-08-24,Sacramento,067,1510023,340737,339009,32988,371997,3208
2022-08-24,San Benito,069,59416,15960,15745,928,16673,103
2022-08-24,San Bernardino,071,2135413,661466,651496,30170,681666,8018
2022-08-24,San Diego,073,3302833,909440,906885,70354,977239,5453
2022-08-24,San Francisco,075,870044,175379,174731,11837,186568,974
2022-08-24,San Joaquin,077,732212,194682,193370,14427,207797,2288
2022-08-24,San Luis Obispo,079,281455,62353,61962,6897,68859,515
2022-08-24,San Mateo,081,765935,165407,164307,10243,174550,738
2022-08-24,Santa Barbara,083,443738,103897,103237,6662,109899,716
2022-08-24,Santa Clara,085,1922200,427383,421483,18550,440033,2454
2022-08-24,Santa Cruz,087,273765,61821,61387,3328,64715,270
2022-08-24,Shasta,089,179085,34380,34180,7179,41359,589
2022-08-24,Sierra,091,2930,302,301,60,361,5
2022-08-24,Siskiyou,093,43540,5022,5133,3257,8390,88
2022-08-24,Solano,095,438530,103273,102631,7673,110304,459
2022-08-24,Sonoma,097,501317,105066,104444,5149,109593,520
2022-08-24,Stanislaus,099,539301,135680,134894,21197,156091,1720
2022-08-24,Sutter,101,95872,23757,23673,2438,26111,228
2022-08-24,Tehama,103,63373,13403,13312,3003,16315,209
2022-08-24,Trinity,105,12862,1383,1369,367,1736,20
2022-08-24,Tulare,107,460477,120120,119644,35080,154724,1525
2022-08-24,Tuolumne,109,53932,15280,15140,904,16044,196
2022-08-24,Ventura,111,848112,204954,204064,15098,219162,1551
2022-08-24,Yolo,113,214977,46700,46665,4124,50789,333
2022-08-24,Yuba,115,75493,18511,18425,1650,20075,129
2022-08-23,Alameda,001,1643700,340387,338591,19200,357791,1976
2022-08-23,Alpine,003,1148,133,131,1,132,0
2022-08-23,Amador,005,37829,9811,9786,903,10689,89
2022-08-23,Butte,007,227075,38712,38458,8789,47247,449
2022-08-23,Calaveras,009,45235,8366,8334,510,8844,132
2022-08-23,Colusa,011,21464,3743,3722,1240,4962,22
2022-08-23,Contra Costa,013,1133247,246503,242633,20205,262838,1399
2022-08-23,Del Norte,015,27424,7310,7308,388,7696,55
2022-08-23,El Dorado,017,186661,31798,31682,4140,35822,225
2022-08-23,Fresno,019,978130,272309,269025,30438,299463,2822
2022-08-23,Glenn,021,27897,5453,5423,1833,7256,48
2022-08-23,Humboldt,023,135768,21284,21195,4793,25988,153
2022-08-23,Imperial,025,180216,64479,64271,15119,79390,951
2022-08-23,Inyo,027,18085,4443,4440,881,5321,59
2022-08-23,Kern,029,883053,216313,215225,60891,276116,2399
2022-08-23,Kings,031,150075,58447,58324,4007,62331,454
2022-08-23,Lake,033,64148,12553,12476,1129,13605,142
2022-08-23,Lassen,035,31185,9876,9867,975,10842,64
2022-08-23,Los Angeles,037,10098052,3227818,3211321,174311,3385632,32783
2022-08-23,Madera,039,155013,43112,42984,7978,50962,372
2022-08-23,Marin,041,260295,44266,44082,5118,49200,305
2022-08-23,Mariposa,043,17540,3036,3010,328,3338,31
2022-08-23,Mendocino,045,87422,15749,15623,4342,19965,134
2022-08-23,Merced,047,269075,71439,70665,11390,82055,849
2022-08-23,Modoc,049,8938,866,864,312,1176,11
2022-08-23,Mono,051,14174,3186,3181,241,3422,7
2022-08-23,Monterey,053,433212,93023,92590,20451,113041,760
2022-08-23,Napa,055,140530,31649,31602,1381,32983,156
2022-08-23,Nevada,057,99092,18623,18565,1746,20311,132
2022-08-23,Orange,059,3164182,656886,654893,60549,715442,7312
2022-08-23,Placer,061,380077,74565,74226,9309,83535,657
2022-08-23,Plumas,063,18699,3572,3555,430,3985,13
2022-08-23,Riverside,065,2383286,684747,681805,34286,716091,6573
2022-08-23,Sacramento,067,1510023,340416,339009,32933,371942,3208
2022-08-23,San Benito,069,59416,15937,15745,924,16669,103
2022-08-23,San Bernardino,071,2135413,660857,651496,30110,681606,8018
2022-08-23,San Diego,073,3302833,908822,906885,70278,977163,5453
2022-08-23,San Francisco,075,870044,175226,174731,11827,186558,974
2022-08-23,San Joaquin,077,732212,194526,193370,14384,207754,2288
2022-08-23,San Luis Obispo,079,281455,62305,61962,6886,68848,515
2022-08-23,San Mateo,081,765935,165284,164307,10240,174547,738
2022-08-23,Santa Barbara,083,443738,103802,103237,6647,109884,716
2022-08-23,Santa Clara,085,1922200,427008,421483,18535,440018,2454
2022-08-23,Santa Cruz,087,273765,61768,61387,3325,64712,270
2022-08-23,Shasta,089,179085,34357,34180,7173,41353,589
2022-08-23,Sierra,091,2930,302,301,60,361,5
2022-08-23,Siskiyou,093,43540,5022,5133,3255,8388,88
2022-08-23,Solano,095,438530,103178,102631,7667,110298,459
2022-08-23,Sonoma,097,501317,104985,104444,5138,109582,520
2022-08-23,Stanislaus,099,539301,135560,134894,21154,156048,1720
2022-08-23,Sutter,101,95872,23738,23673,2433,26106,228
2022-08-23,Tehama,103,63373,13393,13312,3001,16313,209
2022-08-23,Trinity,105,12862,1381,1369,367,1736,20
2022-08-23,Tulare,107,460477,120008,119644,34978,154622,1525
2022-08-23,Tuolumne,109,53932,15265,15140,903,16043,196
2022-08-23,Ventura,111,848112,204780,204064,15061,219125,1551
2022-08-23,Yolo,113,214977,46675,46665,4122,50787,333
2022-08-23,Yuba,115,75493,18490,18425,1646,20071,129
2022-08-22,Alameda,001,1643700,340023,338591,19171,357762,1976
2022-08-22,Alpine,003,1148,133,131,1,132,0
2022-08-22,Amador,005,37829,9806,9786,902,10688,89
2022-08-22,Butte,007,227075,38663,38458,8772,47230,449
2022-08-22,Calaveras,009,45235,8355,8334,508,8842,132
2022-08-22,Colusa,011,21464,3741,3722,1236,4958,22
2022-08-22,Contra Costa,013,1133247,246257,242633,20166,262799,1399
2022-08-22,Del Norte,015,27424,7309,7308,388,7696,55
2022-08-22,El Dorado,017,186661,31772,31682,4136,35818,225
2022-08-22,Fresno,019,978130,272067,269025,30354,299379,2822
2022-08-22,Glenn,021,27897,5452,5423,1831,7254,48
2022-08-22,Humboldt,023,135768,21263,21195,4778,25973,153
2022-08-22,Imperial,025,180216,64405,64271,15078,79349,951
2022-08-22,Inyo,027,18085,4441,4440,881,5321,59
2022-08-22,Kern,029,883053,216157,215225,60704,275929,2399
2022-08-22,Kings,031,150075,58395,58324,3999,62323,454
2022-08-22,Lake,033,64148,12529,12476,1126,13602,142
2022-08-22,Lassen,035,31185,9874,9867,975,10842,64
2022-08-22,Los Angeles,037,10098052,3224894,3211321,173963,3385284,32783
2022-08-22,Madera,039,155013,43058,42984,7953,50937,372
2022-08-22,Marin,041,260295,44233,44082,5110,49192,305
2022-08-22,Mariposa,043,17540,3029,3010,327,3337,31
2022-08-22,Mendocino,045,87422,15727,15623,4325,19948,134
2022-08-22,Merced,047,269075,71363,70665,11348,82013,849
2022-08-22,Modoc,049,8938,866,864,312,1176,11
2022-08-22,Mono,051,14174,3186,3181,241,3422,7
2022-08-22,Monterey,053,433212,92947,92590,20402,112992,760
2022-08-22,Napa,055,140530,31623,31602,1378,32980,156
2022-08-22,Nevada,057,99092,18605,18565,1740,20305,132
2022-08-22,Orange,059,3164182,656296,654893,60424,715317,7312
2022-08-22,Placer,061,380077,74489,74226,9300,83526,657
2022-08-22,Plumas,063,18699,3571,3555,430,3985,13
2022-08-22,Riverside,065,2383286,684085,681805,34217,716022,6573
2022-08-22,Sacramento,067,1510023,340076,339009,32851,371860,3208
2022-08-22,San Benito,069,59416,15915,15745,923,16668,103
2022-08-22,San Bernardino,071,2135413,660126,651496,30042,681538,8018
2022-08-22,San Diego,073,3302833,908137,906885,70157,977042,5453
2022-08-22,San Francisco,075,870044,175076,174731,11813,186544,974
2022-08-22,San Joaquin,077,732212,194347,193370,14344,207714,2288
2022-08-22,San Luis Obispo,079,281455,62252,61962,6873,68835,515
2022-08-22,San Mateo,081,765935,165142,164307,10228,174535,738
2022-08-22,Santa Barbara,083,443738,103680,103237,6629,109866,716
2022-08-22,Santa Clara,085,1922200,426583,421483,18508,439991,2454
2022-08-22,Santa Cruz,087,273765,61685,61387,3321,64708,270
2022-08-22,Shasta,089,179085,34340,34180,7163,41343,589
2022-08-22,Sierra,091,2930,302,301,60,361,5
2022-08-22,Siskiyou,093,43540,5018,5133,3253,8386,88
2022-08-22,Solano,095,438530,103089,102631,7654,110285,459
2022-08-22,Sonoma,097,501317,104903,104444,5125,109569,520
2022-08-22,Stanislaus,099,539301,135396,134894,21118,156012,1720
2022-08-22,Sutter,101,95872,23703,23673,2433,26106,228
2022-08-22,Tehama,103,63373,13387,13312,2998,16310,209
2022-08-22,Trinity,105,12862,1377,1369,365,1734,20
2022-08-22,Tulare,107,460477,119878,119644,34877,154521,1525
2022-08-22,Tuolumne,109,53932,15242,15140,903,16043,196
2022-08-22,Ventura,111,848112,204618,204064,14987,219051,1551
2022-08-22,Yolo,113,214977,46637,46665,4112,50777,333
2022-08-22,Yuba,115,75493,18463,18425,1642,20067,129
2022-08-21,Alameda,001,1643700,339594,337238,19145,356383,1970
2022-08-21,Alpine,003,1148,132,131,1,132,0
2022-08-21,Amador,005,37829,9799,9761,897,10658,89
2022-08-21,Butte,007,227075,38617,38316,8754,47070,449
2022-08-21,Calaveras,009,45235,8342,8313,506,8819,132
2022-08-21,Colusa,011,21464,3735,3718,1230,4948,22
2022-08-21,Contra Costa,013,1133247,245969,241665,20135,261800,1399
2022-08-21,Del Norte,015,27424,7302,7290,387,7677,55
2022-08-21,El Dorado,017,186661,31739,31600,4131,35731,225
2022-08-21,Fresno,019,978130,271792,268147,30264,298411,2822
2022-08-21,Glenn,021,27897,5448,5413,1830,7243,48
2022-08-21,Humboldt,023,135768,21239,21104,4760,25864,153
2022-08-21,Imperial,025,180216,64344,64092,15038,79130,951
2022-08-21,Inyo,027,18085,4441,4435,877,5312,59
2022-08-21,Kern,029,883053,215969,214656,60517,275173,2389
2022-08-21,Kings,031,150075,58324,58109,3988,62097,454
2022-08-21,Lake,033,64148,12505,12426,1124,13550,142
2022-08-21,Lassen,035,31185,9868,9843,974,10817,64
2022-08-21,Los Angeles,037,10098052,3221635,3200023,173562,3373585,32746
2022-08-21,Madera,039,155013,43008,42822,7915,50737,372
2022-08-21,Marin,041,260295,44184,43966,5091,49057,305
2022-08-21,Mariposa,043,17540,3027,3003,327,3330,31
2022-08-21,Mendocino,045,87422,15697,15578,4302,19880,134
2022-08-21,Merced,047,269075,71271,70449,11274,81723,846
2022-08-21,Modoc,049,8938,865,862,312,1174,11
2022-08-21,Mono,051,14174,3186,3177,239,3416,7
2022-08-21,Monterey,053,433212,92844,92287,20347,112634,760
2022-08-21,Napa,055,140530,31601,31534,1377,32911,156
2022-08-21,Nevada,057,99092,18593,18497,1736,20233,132
2022-08-21,Orange,059,3164182,655643,652703,60288,712991,7280
2022-08-21,Placer,061,380077,74427,74027,9296,83323,657
2022-08-21,Plumas,063,18699,3564,3550,430,3980,13
2022-08-21,Riverside,065,2383286,683253,679298,34132,713430,6574
2022-08-21,Sacramento,067,1510023,339707,337745,32780,370525,3208
2022-08-21,San Benito,069,59416,15892,15698,920,16618,103
2022-08-21,San Bernardino,071,2135413,659276,648583,29978,678561,8014
2022-08-21,San Diego,073,3302833,907280,904015,70076,974091,5448
2022-08-21,San Francisco,075,870044,174874,174151,11795,185946,973
2022-08-21,San Joaquin,077,732212,194101,192738,14304,207042,2288
2022-08-21,San Luis Obispo,079,281455,62200,61764,6848,68612,516
2022-08-21,San Mateo,081,765935,164987,163705,10220,173925,738
2022-08-21,Santa Barbara,083,443738,103550,102795,6604,109399,713
2022-08-21,Santa Clara,085,1922200,426056,419723,18475,438198,2437
2022-08-21,Santa Cruz,087,273765,61570,61098,3316,64414,269
2022-08-21,Shasta,089,179085,34301,34105,7148,41253,588
2022-08-21,Sierra,091,2930,302,298,60,358,4
2022-08-21,Siskiyou,093,43540,5017,5119,3246,8365,88
2022-08-21,Solano,095,438530,103004,102355,7643,109998,457
2022-08-21,Sonoma,097,501317,104796,104090,5112,109202,511
2022-08-21,Stanislaus,099,539301,135230,134407,21047,155454,1719
2022-08-21,Sutter,101,95872,23670,23587,2426,26013,228
2022-08-21,Tehama,103,63373,13376,13289,2994,16283,209
2022-08-21,Trinity,105,12862,1375,1366,364,1730,20
2022-08-21,Tulare,107,460477,119751,119251,34725,153976,1521
2022-08-21,Tuolumne,109,53932,15225,15085,901,15986,196
2022-08-21,Ventura,111,848112,204384,203318,14918,218236,1547
2022-08-21,Yolo,113,214977,46597,46567,4107,50674,333
2022-08-21,Yuba,115,75493,18441,18363,1635,19998,129
2022-08-20,Alameda,001,1643700,339382,337238,19130,356368,1970
2022-08-20,Alpine,003,1148,132,131,1,132,0
2022-08-20,Amador,005,37829,9796,9761,897,10658,89
2022-08-20,Butte,007,227075,38588,38316,8750,47066,449
2022-08-20,Calaveras,009,45235,8339,8313,505,8818,132
2022-08-20,Colusa,011,21464,3731,3718,1224,4942,22
2022-08-20,Contra Costa,013,1133247,245828,241665,20126,261791,1399
2022-08-20,Del Norte,015,27424,7301,7290,387,7677,55
2022-08-20,El Dorado,017,186661,31719,31600,4129,35729,225
2022-08-20,Fresno,019,978130,271648,268147,30240,298387,2822
2022-08-20,Glenn,021,27897,5445,5413,1830,7243,48
2022-08-20,Humboldt,023,135768,21220,21104,4748,25852,153
2022-08-20,Imperial,025,180216,64308,64092,15019,79111,951
2022-08-20,Inyo,027,18085,4441,4435,877,5312,59
2022-08-20,Kern,029,883053,215881,214656,60393,275049,2389
2022-08-20,Kings,031,150075,58297,58109,3983,62092,454
2022-08-20,Lake,033,64148,12495,12426,1120,13546,142
2022-08-20,Lassen,035,31185,9865,9843,974,10817,64
2022-08-20,Los Angeles,037,10098052,3220046,3200023,173337,3373360,32746
2022-08-20,Madera,039,155013,42984,42822,7909,50731,372
2022-08-20,Marin,041,260295,44166,43966,5089,49055,305
2022-08-20,Mariposa,043,17540,3027,3003,327,3330,31
2022-08-20,Mendocino,045,87422,15681,15578,4301,19879,134
2022-08-20,Merced,047,269075,71247,70449,11266,81715,846
2022-08-20,Modoc,049,8938,865,862,312,1174,11
2022-08-20,Mono,051,14174,3186,3177,237,3414,7
2022-08-20,Monterey,053,433212,92798,92287,20319,112606,760
2022-08-20,Napa,055,140530,31593,31534,1377,32911,156
2022-08-20,Nevada,057,99092,18590,18497,1734,20231,132
2022-08-20,Orange,059,3164182,655323,652703,60201,712904,7280
2022-08-20,Placer,061,380077,74378,74027,9291,83318,657
2022-08-20,Plumas,063,18699,3564,3550,430,3980,13
2022-08-20,Riverside,065,2383286,682828,679298,34104,713402,6574
2022-08-20,Sacramento,067,1510023,339545,337745,32758,370503,3208
2022-08-20,San Benito,069,59416,15873,15698,917,16615,103
2022-08-20,San Bernardino,071,2135413,658855,648583,29940,678523,8014
2022-08-20,San Diego,073,3302833,906899,904015,70050,974065,5448
2022-08-20,San Francisco,075,870044,174751,174151,11794,185945,973
2022-08-20,San Joaquin,077,732212,194001,192738,14277,207015,2288
2022-08-20,San Luis Obispo,079,281455,62182,61764,6840,68604,516
2022-08-20,San Mateo,081,765935,164886,163705,10217,173922,738
2022-08-20,Santa Barbara,083,443738,103479,102795,6597,109392,713
2022-08-20,Santa Clara,085,1922200,425789,419723,18459,438182,2437
2022-08-20,Santa Cruz,087,273765,61540,61098,3312,64410,269
2022-08-20,Shasta,089,179085,34276,34105,7146,41251,588
2022-08-20,Sierra,091,2930,302,298,60,358,4
2022-08-20,Siskiyou,093,43540,5012,5119,3245,8364,88
2022-08-20,Solano,095,438530,102958,102355,7635,109990,457
2022-08-20,Sonoma,097,501317,104743,104090,5109,109199,511
2022-08-20,Stanislaus,099,539301,135139,134407,21032,155439,1719
2022-08-20,Sutter,101,95872,23642,23587,2426,26013,228
2022-08-20,Tehama,103,63373,13368,13289,2994,16283,209
2022-08-20,Trinity,105,12862,1375,1366,364,1730,20
2022-08-20,Tulare,107,460477,119669,119251,34675,153926,1521
2022-08-20,Tuolumne,109,53932,15216,15085,899,15984,196
2022-08-20,Ventura,111,848112,204275,203318,14902,218220,1547
2022-08-20,Yolo,113,214977,46569,46567,4099,50666,333
2022-08-20,Yuba,115,75493,18434,18363,1634,19997,129
2022-08-19,Alameda,001,1643700,339170,337238,19108,356346,1970
2022-08-19,Alpine,003,1148,132,131,1,132,0
2022-08-19,Amador,005,37829,9795,9761,897,10658,89
2022-08-19,Butte,007,227075,38567,38316,8739,47055,449
2022-08-19,Calaveras,009,45235,8334,8313,505,8818,132
2022-08-19,Colusa,011,21464,3730,3718,1223,4941,22
2022-08-19,Contra Costa,013,1133247,245686,241665,20115,261780,1399
2022-08-19,Del Norte,015,27424,7296,7290,387,7677,55
2022-08-19,El Dorado,017,186661,31707,31600,4125,35725,225
2022-08-19,Fresno,019,978130,271483,268147,30217,298364,2822
2022-08-19,Glenn,021,27897,5444,5413,1830,7243,48
2022-08-19,Humboldt,023,135768,21210,21104,4738,25842,153
2022-08-19,Imperial,025,180216,64280,64092,15004,79096,951
2022-08-19,Inyo,027,18085,4441,4435,873,5308,59
2022-08-19,Kern,029,883053,215791,214656,60302,274958,2389
2022-08-19,Kings,031,150075,58255,58109,3976,62085,454
2022-08-19,Lake,033,64148,12482,12426,1118,13544,142
2022-08-19,Lassen,035,31185,9862,9843,974,10817,64
2022-08-19,Los Angeles,037,10098052,3218223,3200023,173116,3373139,32746
2022-08-19,Madera,039,155013,42962,42822,7905,50727,372
2022-08-19,Marin,041,260295,44131,43966,5083,49049,305
2022-08-19,Mariposa,043,17540,3025,3003,327,3330,31
2022-08-19,Mendocino,045,87422,15668,15578,4293,19871,134
2022-08-19,Merced,047,269075,71207,70449,11261,81710,846
2022-08-19,Modoc,049,8938,865,862,312,1174,11
2022-08-19,Mono,051,14174,3186,3177,237,3414,7
2022-08-19,Monterey,053,433212,92744,92287,20288,112575,760
2022-08-19,Napa,055,140530,31575,31534,1375,32909,156
2022-08-19,Nevada,057,99092,18585,18497,1733,20230,132
2022-08-19,Orange,059,3164182,654959,652703,60116,712819,7280
2022-08-19,Placer,061,380077,74342,74027,9284,83311,657
2022-08-19,Plumas,063,18699,3563,3550,430,3980,13
2022-08-19,Riverside,065,2383286,682410,679298,34074,713372,6574
2022-08-19,Sacramento,067,1510023,339356,337745,32730,370475,3208
2022-08-19,San Benito,069,59416,15870,15698,916,16614,103
2022-08-19,San Bernardino,071,2135413,658403,648583,29924,678507,8014
2022-08-19,San Diego,073,3302833,906404,904015,69997,974012,5448
2022-08-19,San Francisco,075,870044,174612,174151,11777,185928,973
2022-08-19,San Joaquin,077,732212,193897,192738,14254,206992,2288
2022-08-19,San Luis Obispo,079,281455,62167,61764,6838,68602,516
2022-08-19,San Mateo,081,765935,164772,163705,10212,173917,738
2022-08-19,Santa Barbara,083,443738,103399,102795,6593,109388,713
2022-08-19,Santa Clara,085,1922200,425477,419723,18443,438166,2437
2022-08-19,Santa Cruz,087,273765,61477,61098,3307,64405,269
2022-08-19,Shasta,089,179085,34259,34105,7146,41251,588
2022-08-19,Sierra,091,2930,302,298,60,358,4
2022-08-19,Siskiyou,093,43540,5005,5119,3245,8364,88
2022-08-19,Solano,095,438530,102899,102355,7628,109983,457
2022-08-19,Sonoma,097,501317,104683,104090,5106,109196,511
2022-08-19,Stanislaus,099,539301,135056,134407,21015,155422,1719
2022-08-19,Sutter,101,95872,23625,23587,2425,26012,228
2022-08-19,Tehama,103,63373,13358,13289,2988,16277,209
2022-08-19,Trinity,105,12862,1374,1366,364,1730,20
2022-08-19,Tulare,107,460477,119583,119251,34623,153874,1521
2022-08-19,Tuolumne,109,53932,15209,15085,898,15983,196
2022-08-19,Ventura,111,848112,204148,203318,14882,218200,1547
2022-08-19,Yolo,113,214977,46546,46567,4096,50663,333
2022-08-19,Yuba,115,75493,18419,18363,1634,19997,129
2022-08-18,Alameda,001,1643700,338873,337238,19075,356313,1970
2022-08-18,Alpine,003,1148,131,131,1,132,0
2022-08-18,Amador,005,37829,9790,9761,896,10657,89
2022-08-18,Butte,007,227075,38537,38316,8725,47041,449
2022-08-18,Calaveras,009,45235,8329,8313,505,8818,132
2022-08-18,Colusa,011,21464,3730,3718,1219,4937,22
2022-08-18,Contra Costa,013,1133247,245475,241665,20086,261751,1399
2022-08-18,Del Norte,015,27424,7291,7290,386,7676,55
2022-08-18,El Dorado,017,186661,31692,31600,4122,35722,225
2022-08-18,Fresno,019,978130,271259,268147,30160,298307,2822
2022-08-18,Glenn,021,27897,5439,5413,1829,7242,48
2022-08-18,Humboldt,023,135768,21185,21104,4711,25815,153
2022-08-18,Imperial,025,180216,64255,64092,14963,79055,951
2022-08-18,Inyo,027,18085,4440,4435,868,5303,59
2022-08-18,Kern,029,883053,215642,214656,60171,274827,2389
2022-08-18,Kings,031,150075,58209,58109,3965,62074,454
2022-08-18,Lake,033,64148,12468,12426,1117,13543,142
2022-08-18,Lassen,035,31185,9861,9843,973,10816,64
2022-08-18,Los Angeles,037,10098052,3215736,3200023,172833,3372856,32746
2022-08-18,Madera,039,155013,42921,42822,7887,50709,372
2022-08-18,Marin,041,260295,44099,43966,5072,49038,305
2022-08-18,Mariposa,043,17540,3023,3003,327,3330,31
2022-08-18,Mendocino,045,87422,15654,15578,4292,19870,134
2022-08-18,Merced,047,269075,71125,70449,11230,81679,846
2022-08-18,Modoc,049,8938,865,862,312,1174,11
2022-08-18,Mono,051,14174,3184,3177,236,3413,7
2022-08-18,Monterey,053,433212,92657,92287,20251,112538,760
2022-08-18,Napa,055,140530,31555,31534,1375,32909,156
2022-08-18,Nevada,057,99092,18568,18497,1729,20226,132
2022-08-18,Orange,059,3164182,654498,652703,60003,712706,7280
2022-08-18,Placer,061,380077,74287,74027,9281,83308,657
2022-08-18,Plumas,063,18699,3559,3550,430,3980,13
2022-08-18,Riverside,065,2383286,681831,679298,34026,713324,6574
2022-08-18,Sacramento,067,1510023,339060,337745,32672,370417,3208
2022-08-18,San Benito,069,59416,15858,15698,913,16611,103
2022-08-18,San Bernardino,071,2135413,657726,648583,29874,678457,8014
2022-08-18,San Diego,073,3302833,905759,904015,69921,973936,5448
2022-08-18,San Francisco,075,870044,174461,174151,11753,185904,973
2022-08-18,San Joaquin,077,732212,193726,192738,14225,206963,2288
2022-08-18,San Luis Obispo,079,281455,62123,61764,6825,68589,516
2022-08-18,San Mateo,081,765935,164592,163705,10204,173909,738
2022-08-18,Santa Barbara,083,443738,103290,102795,6584,109379,713
2022-08-18,Santa Clara,085,1922200,425041,419723,18409,438132,2437
2022-08-18,Santa Cruz,087,273765,61406,61098,3301,64399,269
2022-08-18,Shasta,089,179085,34238,34105,7142,41247,588
2022-08-18,Sierra,091,2930,301,298,60,358,4
2022-08-18,Siskiyou,093,43540,5003,5119,3243,8362,88
2022-08-18,Solano,095,438530,102828,102355,7617,109972,457
2022-08-18,Sonoma,097,501317,104595,104090,5097,109187,511
2022-08-18,Stanislaus,099,539301,134928,134407,20980,155387,1719
2022-08-18,Sutter,101,95872,23604,23587,2423,26010,228
2022-08-18,Tehama,103,63373,13351,13289,2984,16273,209
2022-08-18,Trinity,105,12862,1373,1366,361,1727,20
2022-08-18,Tulare,107,460477,119487,119251,34527,153778,1521
2022-08-18,Tuolumne,109,53932,15166,15085,895,15980,196
2022-08-18,Ventura,111,848112,203971,203318,14844,218162,1547
2022-08-18,Yolo,113,214977,46521,46567,4088,50655,333
2022-08-18,Yuba,115,75493,18399,18363,1631,19994,129
2022-08-17,Alameda,001,1643700,338538,336198,19042,355240,1948
2022-08-17,Alpine,003,1148,131,131,1,132,0
2022-08-17,Amador,005,37829,9782,9728,896,10624,89
2022-08-17,Butte,007,227075,38498,38203,8713,46916,447
2022-08-17,Calaveras,009,45235,8322,8295,502,8797,131
2022-08-17,Colusa,011,21464,3729,3716,1217,4933,22
2022-08-17,Contra Costa,013,1133247,245248,240894,20051,260945,1394
2022-08-17,Del Norte,015,27424,7287,7274,386,7660,55
2022-08-17,El Dorado,017,186661,31674,31523,4118,35641,225
2022-08-17,Fresno,019,978130,271029,267367,30096,297463,2818
2022-08-17,Glenn,021,27897,5438,5403,1827,7230,48
2022-08-17,Humboldt,023,135768,21161,21029,4697,25726,153
2022-08-17,Imperial,025,180216,64212,63972,14933,78905,950
2022-08-17,Inyo,027,18085,4438,4421,865,5286,58
2022-08-17,Kern,029,883053,215509,214040,60039,274079,2389
2022-08-17,Kings,031,150075,58145,57948,3963,61911,454
2022-08-17,Lake,033,64148,12458,12383,1116,13499,142
2022-08-17,Lassen,035,31185,9852,9813,973,10786,64
2022-08-17,Los Angeles,037,10098052,3212938,3190808,172508,3363316,32701
2022-08-17,Madera,039,155013,42872,42677,7850,50527,372
2022-08-17,Marin,041,260295,44066,43852,5068,48920,305
2022-08-17,Mariposa,043,17540,3019,2998,326,3324,31
2022-08-17,Mendocino,045,87422,15644,15504,4286,19790,132
2022-08-17,Merced,047,269075,71066,70232,11187,81419,843
2022-08-17,Modoc,049,8938,864,857,312,1169,11
2022-08-17,Mono,051,14174,3184,3175,236,3411,7
2022-08-17,Monterey,053,433212,92593,91984,20197,112181,759
2022-08-17,Napa,055,140530,31539,31454,1374,32828,155
2022-08-17,Nevada,057,99092,18551,18443,1727,20170,132
2022-08-17,Orange,059,3164182,653891,650827,59884,710711,7266
2022-08-17,Placer,061,380077,74236,73852,9275,83127,655
2022-08-17,Plumas,063,18699,3557,3544,429,3973,13
2022-08-17,Riverside,065,2383286,681191,677437,33968,711405,6562
2022-08-17,Sacramento,067,1510023,338735,336667,32627,369294,3194
2022-08-17,San Benito,069,59416,15842,15655,912,16567,103
2022-08-17,San Bernardino,071,2135413,657084,646584,29817,676401,7999
2022-08-17,San Diego,073,3302833,905014,901794,69852,971646,5442
2022-08-17,San Francisco,075,870044,174326,173590,11741,185331,971
2022-08-17,San Joaquin,077,732212,193575,192078,14188,206266,2283
2022-08-17,San Luis Obispo,079,281455,62069,61604,6813,68417,514
2022-08-17,San Mateo,081,765935,164495,163218,10197,173415,738
2022-08-17,Santa Barbara,083,443738,103173,102430,6569,108999,712
2022-08-17,Santa Clara,085,1922200,424575,418231,18399,436630,2424
2022-08-17,Santa Cruz,087,273765,61316,60880,3296,64176,269
2022-08-17,Shasta,089,179085,34220,33984,7133,41117,587
2022-08-17,Sierra,091,2930,301,297,60,357,4
2022-08-17,Siskiyou,093,43540,5000,5102,3240,8342,88
2022-08-17,Solano,095,438530,102745,102115,7611,109726,459
2022-08-17,Sonoma,097,501317,104492,103844,5091,108935,504
2022-08-17,Stanislaus,099,539301,134782,133989,20943,154932,1715
2022-08-17,Sutter,101,95872,23570,23489,2417,25906,228
2022-08-17,Tehama,103,63373,13348,13259,2979,16238,209
2022-08-17,Trinity,105,12862,1373,1362,359,1721,20
2022-08-17,Tulare,107,460477,119378,118997,34422,153419,1521
2022-08-17,Tuolumne,109,53932,15158,15044,893,15937,196
2022-08-17,Ventura,111,848112,203790,202609,14789,217398,1546
2022-08-17,Yolo,113,214977,46489,46414,4083,50497,331
2022-08-17,Yuba,115,75493,18379,18305,1628,19933,129
2022-08-16,Alameda,001,1643700,338167,336198,19025,355223,1948
2022-08-16,Alpine,003,1148,131,131,1,132,0
2022-08-16,Amador,005,37829,9769,9728,891,10619,89
2022-08-16,Butte,007,227075,38464,38203,8700,46903,447
2022-08-16,Calaveras,009,45235,8314,8295,502,8797,131
2022-08-16,Colusa,011,21464,3728,3716,1215,4931,22
2022-08-16,Contra Costa,013,1133247,245012,240894,20010,260904,1394
2022-08-16,Del Norte,015,27424,7282,7274,386,7660,55
2022-08-16,El Dorado,017,186661,31653,31523,4112,35635,225
2022-08-16,Fresno,019,978130,270782,267367,30049,297416,2818
2022-08-16,Glenn,021,27897,5437,5403,1824,7227,48
2022-08-16,Humboldt,023,135768,21134,21029,4670,25699,153
2022-08-16,Imperial,025,180216,64161,63972,14895,78867,950
2022-08-16,Inyo,027,18085,4434,4421,861,5282,58
2022-08-16,Kern,029,883053,215366,214040,59890,273930,2389
2022-08-16,Kings,031,150075,58099,57948,3960,61908,454
2022-08-16,Lake,033,64148,12442,12383,1112,13495,142
2022-08-16,Lassen,035,31185,9839,9813,972,10785,64
2022-08-16,Los Angeles,037,10098052,3209869,3190808,172158,3362966,32701
2022-08-16,Madera,039,155013,42814,42677,7829,50506,372
2022-08-16,Marin,041,260295,44028,43852,5063,48915,305
2022-08-16,Mariposa,043,17540,3017,2998,326,3324,31
2022-08-16,Mendocino,045,87422,15625,15504,4273,19777,132
2022-08-16,Merced,047,269075,70987,70232,11144,81376,843
2022-08-16,Modoc,049,8938,864,857,312,1169,11
2022-08-16,Mono,051,14174,3184,3175,235,3410,7
2022-08-16,Monterey,053,433212,92512,91984,20127,112111,759
2022-08-16,Napa,055,140530,31520,31454,1373,32827,155
2022-08-16,Nevada,057,99092,18535,18443,1724,20167,132
2022-08-16,Orange,059,3164182,653224,650827,59751,710578,7266
2022-08-16,Placer,061,380077,74166,73852,9267,83119,655
2022-08-16,Plumas,063,18699,3555,3544,429,3973,13
2022-08-16,Riverside,065,2383286,680501,677437,33920,711357,6562
2022-08-16,Sacramento,067,1510023,338400,336667,32592,369259,3194
2022-08-16,San Benito,069,59416,15829,15655,908,16563,103
2022-08-16,San Bernardino,071,2135413,656354,646584,29750,676334,7999
2022-08-16,San Diego,073,3302833,904195,901794,69758,971552,5442
2022-08-16,San Francisco,075,870044,174164,173590,11735,185325,971
2022-08-16,San Joaquin,077,732212,193360,192078,14158,206236,2283
2022-08-16,San Luis Obispo,079,281455,62032,61604,6806,68410,514
2022-08-16,San Mateo,081,765935,164334,163218,10184,173402,738
2022-08-16,Santa Barbara,083,443738,103042,102430,6549,108979,712
2022-08-16,Santa Clara,085,1922200,424094,418231,18374,436605,2424
2022-08-16,Santa Cruz,087,273765,61263,60880,3292,64172,269
2022-08-16,Shasta,089,179085,34193,33984,7124,41108,587
2022-08-16,Sierra,091,2930,300,297,60,357,4
2022-08-16,Siskiyou,093,43540,4996,5102,3235,8337,88
2022-08-16,Solano,095,438530,102672,102115,7593,109708,459
2022-08-16,Sonoma,097,501317,104389,103844,5083,108927,504
2022-08-16,Stanislaus,099,539301,134645,133989,20883,154872,1715
2022-08-16,Sutter,101,95872,23546,23489,2411,25900,228
2022-08-16,Tehama,103,63373,13342,13259,2974,16233,209
2022-08-16,Trinity,105,12862,1370,1362,359,1721,20
2022-08-16,Tulare,107,460477,119288,118997,34305,153302,1521
2022-08-16,Tuolumne,109,53932,15144,15044,893,15937,196
2022-08-16,Ventura,111,848112,203554,202609,14740,217349,1546
2022-08-16,Yolo,113,214977,46471,46414,4078,50492,331
2022-08-16,Yuba,115,75493,18360,18305,1622,19927,129
2022-08-15,Alameda,001,1643700,337785,336198,18994,355192,1948
2022-08-15,Alpine,003,1148,131,131,1,132,0
2022-08-15,Amador,005,37829,9757,9728,891,10619,89
2022-08-15,Butte,007,227075,38441,38203,8682,46885,447
2022-08-15,Calaveras,009,45235,8312,8295,501,8796,131
2022-08-15,Colusa,011,21464,3725,3716,1214,4930,22
2022-08-15,Contra Costa,013,1133247,244729,240894,19978,260872,1394
2022-08-15,Del Norte,015,27424,7278,7274,385,7659,55
2022-08-15,El Dorado,017,186661,31620,31523,4108,35631,225
2022-08-15,Fresno,019,978130,270475,267367,29985,297352,2818
2022-08-15,Glenn,021,27897,5429,5403,1823,7226,48
2022-08-15,Humboldt,023,135768,21112,21029,4649,25678,153
2022-08-15,Imperial,025,180216,64114,63972,14859,78831,950
2022-08-15,Inyo,027,18085,4433,4421,859,5280,58
2022-08-15,Kern,029,883053,215177,214040,59749,273789,2389
2022-08-15,Kings,031,150075,58025,57948,3951,61899,454
2022-08-15,Lake,033,64148,12425,12383,1111,13494,142
2022-08-15,Lassen,035,31185,9838,9813,972,10785,64
2022-08-15,Los Angeles,037,10098052,3206453,3190808,171812,3362620,32701
2022-08-15,Madera,039,155013,42759,42677,7790,50467,372
2022-08-15,Marin,041,260295,43984,43852,5057,48909,305
2022-08-15,Mariposa,043,17540,3015,2998,325,3323,31
2022-08-15,Mendocino,045,87422,15606,15504,4268,19772,132
2022-08-15,Merced,047,269075,70917,70232,11096,81328,843
2022-08-15,Modoc,049,8938,860,857,312,1169,11
2022-08-15,Mono,051,14174,3182,3175,235,3410,7
2022-08-15,Monterey,053,433212,92401,91984,20060,112044,759
2022-08-15,Napa,055,140530,31495,31454,1373,32827,155
2022-08-15,Nevada,057,99092,18521,18443,1723,20166,132
2022-08-15,Orange,059,3164182,652510,650827,59622,710449,7266
2022-08-15,Placer,061,380077,74106,73852,9259,83111,655
2022-08-15,Plumas,063,18699,3551,3544,429,3973,13
2022-08-15,Riverside,065,2383286,679707,677437,33861,711298,6562
2022-08-15,Sacramento,067,1510023,338000,336667,32553,369220,3194
2022-08-15,San Benito,069,59416,15813,15655,906,16561,103
2022-08-15,San Bernardino,071,2135413,655516,646584,29680,676264,7999
2022-08-15,San Diego,073,3302833,903353,901794,69647,971441,5442
2022-08-15,San Francisco,075,870044,173984,173590,11730,185320,971
2022-08-15,San Joaquin,077,732212,193152,192078,14120,206198,2283
2022-08-15,San Luis Obispo,079,281455,61995,61604,6788,68392,514
2022-08-15,San Mateo,081,765935,164132,163218,10178,173396,738
2022-08-15,Santa Barbara,083,443738,102944,102430,6527,108957,712
2022-08-15,Santa Clara,085,1922200,423571,418231,18343,436574,2424
2022-08-15,Santa Cruz,087,273765,61183,60880,3287,64167,269
2022-08-15,Shasta,089,179085,34168,33984,7114,41098,587
2022-08-15,Sierra,091,2930,300,297,60,357,4
2022-08-15,Siskiyou,093,43540,4993,5102,3231,8333,88
2022-08-15,Solano,095,438530,102563,102115,7578,109693,459
2022-08-15,Sonoma,097,501317,104299,103844,5076,108920,504
2022-08-15,Stanislaus,099,539301,134504,133989,20849,154838,1715
2022-08-15,Sutter,101,95872,23514,23489,2409,25898,228
2022-08-15,Tehama,103,63373,13334,13259,2967,16226,209
2022-08-15,Trinity,105,12862,1367,1362,357,1719,20
2022-08-15,Tulare,107,460477,119151,118997,34195,153192,1521
2022-08-15,Tuolumne,109,53932,15136,15044,893,15937,196
2022-08-15,Ventura,111,848112,203300,202609,14679,217288,1546
2022-08-15,Yolo,113,214977,46437,46414,4075,50489,331
2022-08-15,Yuba,115,75493,18337,18305,1617,19922,129
2022-08-14,Alameda,001,1643700,337326,334944,18970,353914,1948
2022-08-14,Alpine,003,1148,131,131,1,132,0
2022-08-14,Amador,005,37829,9748,9705,889,10594,89
2022-08-14,Butte,007,227075,38391,38062,8666,46728,447
2022-08-14,Calaveras,009,45235,8303,8271,500,8771,131
2022-08-14,Colusa,011,21464,3725,3704,1211,4915,22
2022-08-14,Contra Costa,013,1133247,244457,239735,19929,259664,1393
2022-08-14,Del Norte,015,27424,7269,7245,384,7629,54
2022-08-14,El Dorado,017,186661,31589,31430,4103,35533,225
2022-08-14,Fresno,019,978130,270176,266211,29932,296143,2816
2022-08-14,Glenn,021,27897,5426,5393,1822,7215,48
2022-08-14,Humboldt,023,135768,21083,20954,4635,25589,153
2022-08-14,Imperial,025,180216,64047,63766,14819,78585,950
2022-08-14,Inyo,027,18085,4426,4418,855,5273,58
2022-08-14,Kern,029,883053,214991,213071,59570,272641,2380
2022-08-14,Kings,031,150075,57969,57748,3944,61692,454
2022-08-14,Lake,033,64148,12407,12324,1108,13432,142
2022-08-14,Lassen,035,31185,9818,9795,971,10766,64
2022-08-14,Los Angeles,037,10098052,3202886,3177769,171411,3349180,32657
2022-08-14,Madera,039,155013,42697,42517,7748,50265,372
2022-08-14,Marin,041,260295,43938,43662,5052,48714,305
2022-08-14,Mariposa,043,17540,3013,2986,324,3310,31
2022-08-14,Mendocino,045,87422,15586,15456,4262,19718,132
2022-08-14,Merced,047,269075,70804,69974,11037,81011,842
2022-08-14,Modoc,049,8938,859,856,312,1168,11
2022-08-14,Mono,051,14174,3180,3170,235,3405,7
2022-08-14,Monterey,053,433212,92276,91612,19986,111598,759
2022-08-14,Napa,055,140530,31458,31312,1372,32684,156
2022-08-14,Nevada,057,99092,18501,18398,1720,20118,132
2022-08-14,Orange,059,3164182,651781,648171,59472,707643,7248
2022-08-14,Placer,061,380077,74042,73588,9246,82834,656
2022-08-14,Plumas,063,18699,3549,3539,429,3968,13
2022-08-14,Riverside,065,2383286,678891,674362,33778,708140,6561
2022-08-14,Sacramento,067,1510023,337520,335292,32498,367790,3190
2022-08-14,San Benito,069,59416,15791,15578,897,16475,103
2022-08-14,San Bernardino,071,2135413,654642,643895,29615,673510,7983
2022-08-14,San Diego,073,3302833,902457,898646,69535,968181,5437
2022-08-14,San Francisco,075,870044,173770,172876,11717,184593,955
2022-08-14,San Joaquin,077,732212,192854,191272,14060,205332,2283
2022-08-14,San Luis Obispo,079,281455,61933,61403,6761,68164,512
2022-08-14,San Mateo,081,765935,163926,162531,10165,172696,738
2022-08-14,Santa Barbara,083,443738,102806,101942,6501,108443,712
2022-08-14,Santa Clara,085,1922200,422997,416369,18306,434675,2422
2022-08-14,Santa Cruz,087,273765,61077,60594,3280,63874,273
2022-08-14,Shasta,089,179085,34124,33895,7100,40995,584
2022-08-14,Sierra,091,2930,300,296,60,356,4
2022-08-14,Siskiyou,093,43540,4987,5086,3229,8315,88
2022-08-14,Solano,095,438530,102424,101761,7569,109330,458
2022-08-14,Sonoma,097,501317,104190,103496,5062,108558,504
2022-08-14,Stanislaus,099,539301,134320,133490,20795,154285,1702
2022-08-14,Sutter,101,95872,23472,23386,2405,25791,228
2022-08-14,Tehama,103,63373,13327,13213,2966,16179,209
2022-08-14,Trinity,105,12862,1366,1356,357,1713,20
2022-08-14,Tulare,107,460477,118996,118563,34079,152642,1520
2022-08-14,Tuolumne,109,53932,15116,14964,892,15856,196
2022-08-14,Ventura,111,848112,203033,201765,14639,216404,1541
2022-08-14,Yolo,113,214977,46390,46225,4069,50294,331
2022-08-14,Yuba,115,75493,18315,18232,1614,19846,129
2022-08-13,Alameda,001,1643700,337076,334944,18955,353899,1948
2022-08-13,Alpine,003,1148,131,131,1,132,0
2022-08-13,Amador,005,37829,9744,9705,889,10594,89
2022-08-13,Butte,007,227075,38367,38062,8655,46717,447
2022-08-13,Calaveras,009,45235,8299,8271,499,8770,131
2022-08-13,Colusa,011,21464,3722,3704,1211,4915,22
2022-08-13,Contra Costa,013,1133247,244288,239735,19906,259641,1393
2022-08-13,Del Norte,015,27424,7267,7245,384,7629,54
2022-08-13,El Dorado,017,186661,31576,31430,4102,35532,225
2022-08-13,Fresno,019,978130,270036,266211,29903,296114,2816
2022-08-13,Glenn,021,27897,5426,5393,1820,7213,48
2022-08-13,Humboldt,023,135768,21066,20954,4626,25580,153
2022-08-13,Imperial,025,180216,64005,63766,14802,78568,950
2022-08-13,Inyo,027,18085,4424,4418,854,5272,58
2022-08-13,Kern,029,883053,214898,213071,59489,272560,2380
2022-08-13,Kings,031,150075,57944,57748,3944,61692,454
2022-08-13,Lake,033,64148,12396,12324,1108,13432,142
2022-08-13,Lassen,035,31185,9812,9795,970,10765,64
2022-08-13,Los Angeles,037,10098052,3201026,3177769,171145,3348914,32657
2022-08-13,Madera,039,155013,42681,42517,7741,50258,372
2022-08-13,Marin,041,260295,43918,43662,5049,48711,305
2022-08-13,Mariposa,043,17540,3012,2986,324,3310,31
2022-08-13,Mendocino,045,87422,15574,15456,4259,19715,132
2022-08-13,Merced,047,269075,70767,69974,11031,81005,842
2022-08-13,Modoc,049,8938,859,856,312,1168,11
2022-08-13,Mono,051,14174,3180,3170,234,3404,7
2022-08-13,Monterey,053,433212,92211,91612,19951,111563,759
2022-08-13,Napa,055,140530,31444,31312,1371,32683,156
2022-08-13,Nevada,057,99092,18490,18398,1718,20116,132
2022-08-13,Orange,059,3164182,651391,648171,59395,707566,7248
2022-08-13,Placer,061,380077,73995,73588,9241,82829,656
2022-08-13,Plumas,063,18699,3547,3539,429,3968,13
2022-08-13,Riverside,065,2383286,678456,674362,33746,708108,6561
2022-08-13,Sacramento,067,1510023,337330,335292,32487,367779,3190
2022-08-13,San Benito,069,59416,15783,15578,892,16470,103
2022-08-13,San Bernardino,071,2135413,654169,643895,29589,673484,7983
2022-08-13,San Diego,073,3302833,902005,898646,69492,968138,5437
2022-08-13,San Francisco,075,870044,173653,172876,11711,184587,955
2022-08-13,San Joaquin,077,732212,192730,191272,14038,205310,2283
2022-08-13,San Luis Obispo,079,281455,61914,61403,6756,68159,512
2022-08-13,San Mateo,081,765935,163814,162531,10153,172684,738
2022-08-13,Santa Barbara,083,443738,102726,101942,6488,108430,712
2022-08-13,Santa Clara,085,1922200,422683,416369,18285,434654,2422
2022-08-13,Santa Cruz,087,273765,61039,60594,3275,63869,273
2022-08-13,Shasta,089,179085,34086,33895,7096,40991,584
2022-08-13,Sierra,091,2930,300,296,60,356,4
2022-08-13,Siskiyou,093,43540,4986,5086,3226,8312,88
2022-08-13,Solano,095,438530,102384,101761,7560,109321,458
2022-08-13,Sonoma,097,501317,104136,103496,5062,108558,504
2022-08-13,Stanislaus,099,539301,134218,133490,20772,154262,1702
2022-08-13,Sutter,101,95872,23458,23386,2405,25791,228
2022-08-13,Tehama,103,63373,13322,13213,2965,16178,209
2022-08-13,Trinity,105,12862,1365,1356,357,1713,20
2022-08-13,Tulare,107,460477,118923,118563,34022,152585,1520
2022-08-13,Tuolumne,109,53932,15101,14964,888,15852,196
2022-08-13,Ventura,111,848112,202869,201765,14625,216390,1541
2022-08-13,Yolo,113,214977,46361,46225,4067,50292,331
2022-08-13,Yuba,115,75493,18306,18232,1612,19844,129
2022-08-12,Alameda,001,1643700,336826,334944,18943,353887,1948
2022-08-12,Alpine,003,1148,131,131,1,132,0
2022-08-12,Amador,005,37829,9734,9705,886,10591,89
2022-08-12,Butte,007,227075,38347,38062,8646,46708,447
2022-08-12,Calaveras,009,45235,8291,8271,496,8767,131
2022-08-12,Colusa,011,21464,3719,3704,1211,4915,22
2022-08-12,Contra Costa,013,1133247,244119,239735,19889,259624,1393
2022-08-12,Del Norte,015,27424,7263,7245,384,7629,54
2022-08-12,El Dorado,017,186661,31558,31430,4098,35528,225
2022-08-12,Fresno,019,978130,269826,266211,29878,296089,2816
2022-08-12,Glenn,021,27897,5426,5393,1820,7213,48
2022-08-12,Humboldt,023,135768,21044,20954,4618,25572,153
2022-08-12,Imperial,025,180216,63978,63766,14787,78553,950
2022-08-12,Inyo,027,18085,4423,4418,852,5270,58
2022-08-12,Kern,029,883053,214797,213071,59400,272471,2380
2022-08-12,Kings,031,150075,57924,57748,3943,61691,454
2022-08-12,Lake,033,64148,12392,12324,1105,13429,142
2022-08-12,Lassen,035,31185,9810,9795,970,10765,64
2022-08-12,Los Angeles,037,10098052,3198933,3177769,170894,3348663,32657
2022-08-12,Madera,039,155013,42652,42517,7735,50252,372
2022-08-12,Marin,041,260295,43887,43662,5042,48704,305
2022-08-12,Mariposa,043,17540,3012,2986,324,3310,31
2022-08-12,Mendocino,045,87422,15562,15456,4252,19708,132
2022-08-12,Merced,047,269075,70734,69974,11024,80998,842
2022-08-12,Modoc,049,8938,859,856,312,1168,11
2022-08-12,Mono,051,14174,3180,3170,234,3404,7
2022-08-12,Monterey,053,433212,92154,91612,19918,111530,759
2022-08-12,Napa,055,140530,31423,31312,1370,32682,156
2022-08-12,Nevada,057,99092,18486,18398,1716,20114,132
2022-08-12,Orange,059,3164182,650976,648171,59301,707472,7248
2022-08-12,Placer,061,380077,73944,73588,9231,82819,656
2022-08-12,Plumas,063,18699,3545,3539,429,3968,13
2022-08-12,Riverside,065,2383286,678034,674362,33715,708077,6561
2022-08-12,Sacramento,067,1510023,337114,335292,32470,367762,3190
2022-08-12,San Benito,069,59416,15766,15578,891,16469,103
2022-08-12,San Bernardino,071,2135413,653760,643895,29573,673468,7983
2022-08-12,San Diego,073,3302833,901476,898646,69417,968063,5437
2022-08-12,San Francisco,075,870044,173526,172876,11703,184579,955
2022-08-12,San Joaquin,077,732212,192605,191272,14019,205291,2283
2022-08-12,San Luis Obispo,079,281455,61891,61403,6750,68153,512
2022-08-12,San Mateo,081,765935,163684,162531,10149,172680,738
2022-08-12,Santa Barbara,083,443738,102644,101942,6483,108425,712
2022-08-12,Santa Clara,085,1922200,422340,416369,18264,434633,2422
2022-08-12,Santa Cruz,087,273765,60986,60594,3273,63867,273
2022-08-12,Shasta,089,179085,34072,33895,7088,40983,584
2022-08-12,Sierra,091,2930,298,296,59,355,4
2022-08-12,Siskiyou,093,43540,4985,5086,3226,8312,88
2022-08-12,Solano,095,438530,102311,101761,7548,109309,458
2022-08-12,Sonoma,097,501317,104078,103496,5061,108557,504
2022-08-12,Stanislaus,099,539301,134131,133490,20761,154251,1702
2022-08-12,Sutter,101,95872,23443,23386,2405,25791,228
2022-08-12,Tehama,103,63373,13314,13213,2964,16177,209
2022-08-12,Trinity,105,12862,1362,1356,356,1712,20
2022-08-12,Tulare,107,460477,118860,118563,33968,152531,1520
2022-08-12,Tuolumne,109,53932,15093,14964,888,15852,196
2022-08-12,Ventura,111,848112,202723,201765,14608,216373,1541
2022-08-12,Yolo,113,214977,46339,46225,4062,50287,331
2022-08-12,Yuba,115,75493,18295,18232,1611,19843,129
2022-08-11,Alameda,001,1643700,336504,334944,18913,353857,1948
2022-08-11,Alpine,003,1148,131,131,1,132,0
2022-08-11,Amador,005,37829,9731,9705,883,10588,89
2022-08-11,Butte,007,227075,38309,38062,8634,46696,447
2022-08-11,Calaveras,009,45235,8284,8271,495,8766,131
2022-08-11,Colusa,011,21464,3716,3704,1210,4914,22
2022-08-11,Contra Costa,013,1133247,243857,239735,19859,259594,1393
2022-08-11,Del Norte,015,27424,7256,7245,383,7628,54
2022-08-11,El Dorado,017,186661,31527,31430,4091,35521,225
2022-08-11,Fresno,019,978130,269576,266211,29833,296044,2816
2022-08-11,Glenn,021,27897,5424,5393,1819,7212,48
2022-08-11,Humboldt,023,135768,21014,20954,4609,25563,153
2022-08-11,Imperial,025,180216,63931,63766,14742,78508,950
2022-08-11,Inyo,027,18085,4421,4418,847,5265,58
2022-08-11,Kern,029,883053,214608,213071,59253,272324,2380
2022-08-11,Kings,031,150075,57866,57748,3936,61684,454
2022-08-11,Lake,033,64148,12382,12324,1104,13428,142
2022-08-11,Lassen,035,31185,9805,9795,970,10765,64
2022-08-11,Los Angeles,037,10098052,3195918,3177769,170515,3348284,32657
2022-08-11,Madera,039,155013,42606,42517,7710,50227,372
2022-08-11,Marin,041,260295,43848,43662,5035,48697,305
2022-08-11,Mariposa,043,17540,3010,2986,323,3309,31
2022-08-11,Mendocino,045,87422,15550,15456,4250,19706,132
2022-08-11,Merced,047,269075,70680,69974,10989,80963,842
2022-08-11,Modoc,049,8938,858,856,312,1168,11
2022-08-11,Mono,051,14174,3180,3170,234,3404,7
2022-08-11,Monterey,053,433212,92053,91612,19864,111476,759
2022-08-11,Napa,055,140530,31384,31312,1369,32681,156
2022-08-11,Nevada,057,99092,18466,18398,1714,20112,132
2022-08-11,Orange,059,3164182,650323,648171,59157,707328,7248
2022-08-11,Placer,061,380077,73877,73588,9220,82808,656
2022-08-11,Plumas,063,18699,3544,3539,428,3967,13
2022-08-11,Riverside,065,2383286,677426,674362,33671,708033,6561
2022-08-11,Sacramento,067,1510023,336804,335292,32437,367729,3190
2022-08-11,San Benito,069,59416,15750,15578,890,16468,103
2022-08-11,San Bernardino,071,2135413,653010,643895,29525,673420,7983
2022-08-11,San Diego,073,3302833,900698,898646,69291,967937,5437
2022-08-11,San Francisco,075,870044,173369,172876,11686,184562,955
2022-08-11,San Joaquin,077,732212,192414,191272,13987,205259,2283
2022-08-11,San Luis Obispo,079,281455,61839,61403,6726,68129,512
2022-08-11,San Mateo,081,765935,163519,162531,10140,172671,738
2022-08-11,Santa Barbara,083,443738,102534,101942,6463,108405,712
2022-08-11,Santa Clara,085,1922200,421906,416369,18240,434609,2422
2022-08-11,Santa Cruz,087,273765,60921,60594,3269,63863,273
2022-08-11,Shasta,089,179085,34051,33895,7076,40971,584
2022-08-11,Sierra,091,2930,297,296,59,355,4
2022-08-11,Siskiyou,093,43540,4983,5086,3222,8308,88
2022-08-11,Solano,095,438530,102244,101761,7534,109295,458
2022-08-11,Sonoma,097,501317,103983,103496,5055,108551,504
2022-08-11,Stanislaus,099,539301,133974,133490,20720,154210,1702
2022-08-11,Sutter,101,95872,23413,23386,2405,25791,228
2022-08-11,Tehama,103,63373,13306,13213,2964,16177,209
2022-08-11,Trinity,105,12862,1362,1356,355,1711,20
2022-08-11,Tulare,107,460477,118761,118563,33881,152444,1520
2022-08-11,Tuolumne,109,53932,15085,14964,886,15850,196
2022-08-11,Ventura,111,848112,202518,201765,14574,216339,1541
2022-08-11,Yolo,113,214977,46305,46225,4058,50283,331
2022-08-11,Yuba,115,75493,18272,18232,1608,19840,129
2022-08-10,Alameda,001,1643700,336106,333587,18886,352473,1944
2022-08-10,Alpine,003,1148,131,131,1,132,0
2022-08-10,Amador,005,37829,9726,9677,880,10557,88
2022-08-10,Butte,007,227075,38273,37892,8626,46518,446
2022-08-10,Calaveras,009,45235,8278,8251,492,8743,130
2022-08-10,Colusa,011,21464,3712,3700,1210,4910,22
2022-08-10,Contra Costa,013,1133247,243603,238658,19822,258480,1382
2022-08-10,Del Norte,015,27424,7251,7220,383,7603,54
2022-08-10,El Dorado,017,186661,31499,31354,4078,35432,225
2022-08-10,Fresno,019,978130,269303,265300,29773,295073,2815
2022-08-10,Glenn,021,27897,5422,5387,1816,7203,48
2022-08-10,Humboldt,023,135768,20999,20843,4592,25435,153
2022-08-10,Imperial,025,180216,63872,63532,14700,78232,949
2022-08-10,Inyo,027,18085,4421,4416,846,5262,57
2022-08-10,Kern,029,883053,214420,212602,59104,271706,2380
2022-08-10,Kings,031,150075,57819,57569,3933,61502,453
2022-08-10,Lake,033,64148,12368,12281,1104,13385,142
2022-08-10,Lassen,035,31185,9798,9682,970,10652,64
2022-08-10,Los Angeles,037,10098052,3192701,3168105,170145,3338250,32609
2022-08-10,Madera,039,155013,42567,42350,7696,50046,372
2022-08-10,Marin,041,260295,43802,43532,5032,48564,302
2022-08-10,Mariposa,043,17540,3009,2980,323,3303,31
2022-08-10,Mendocino,045,87422,15535,15394,4249,19643,132
2022-08-10,Merced,047,269075,70607,69740,10965,80705,839
2022-08-10,Modoc,049,8938,857,855,311,1166,11
2022-08-10,Mono,051,14174,3178,3165,234,3399,7
2022-08-10,Monterey,053,433212,91952,91307,19798,111105,758
2022-08-10,Napa,055,140530,31346,31223,1368,32591,153
2022-08-10,Nevada,057,99092,18452,18354,1712,20066,132
2022-08-10,Orange,059,3164182,649607,646005,59034,705039,7235
2022-08-10,Placer,061,380077,73820,73348,9212,82560,650
2022-08-10,Plumas,063,18699,3542,3525,428,3953,13
2022-08-10,Riverside,065,2383286,676702,672334,33615,705949,6555
2022-08-10,Sacramento,067,1510023,336475,334382,32404,366786,3177
2022-08-10,San Benito,069,59416,15720,15507,884,16391,101
2022-08-10,San Bernardino,071,2135413,652360,641936,29476,671412,7977
2022-08-10,San Diego,073,3302833,899847,895482,69174,964656,5429
2022-08-10,San Francisco,075,870044,173204,172265,11668,183933,945
2022-08-10,San Joaquin,077,732212,192187,190596,13942,204538,2281
2022-08-10,San Luis Obispo,079,281455,61794,61207,6711,67918,510
2022-08-10,San Mateo,081,765935,163321,161882,10133,172015,738
2022-08-10,Santa Barbara,083,443738,102407,101558,6445,108003,711
2022-08-10,Santa Clara,085,1922200,421380,414659,18213,432872,2398
2022-08-10,Santa Cruz,087,273765,60840,60360,3267,63627,269
2022-08-10,Shasta,089,179085,34028,33816,7069,40885,584
2022-08-10,Sierra,091,2930,297,295,59,354,4
2022-08-10,Siskiyou,093,43540,4980,5074,3216,8290,87
2022-08-10,Solano,095,438530,102152,101393,7530,108923,457
2022-08-10,Sonoma,097,501317,103888,103168,5050,108218,501
2022-08-10,Stanislaus,099,539301,133833,133071,20689,153760,1702
2022-08-10,Sutter,101,95872,23384,23279,2404,25683,228
2022-08-10,Tehama,103,63373,13298,13187,2964,16151,209
2022-08-10,Trinity,105,12862,1361,1350,355,1705,20
2022-08-10,Tulare,107,460477,118674,118239,33803,152042,1520
2022-08-10,Tuolumne,109,53932,15050,14922,883,15805,196
2022-08-10,Ventura,111,848112,202289,201179,14541,215720,1539
2022-08-10,Yolo,113,214977,46269,46069,4053,50122,330
2022-08-10,Yuba,115,75493,18252,18179,1604,19783,129
2022-08-09,Alameda,001,1643700,335681,333587,18847,352434,1944
2022-08-09,Alpine,003,1148,131,131,1,132,0
2022-08-09,Amador,005,37829,9716,9677,879,10556,88
2022-08-09,Butte,007,227075,38235,37892,8615,46507,446
2022-08-09,Calaveras,009,45235,8271,8251,492,8743,130
2022-08-09,Colusa,011,21464,3709,3700,1209,4909,22
2022-08-09,Contra Costa,013,1133247,243326,238658,19777,258435,1382
2022-08-09,Del Norte,015,27424,7234,7220,382,7602,54
2022-08-09,El Dorado,017,186661,31470,31354,4072,35426,225
2022-08-09,Fresno,019,978130,268973,265300,29737,295037,2815
2022-08-09,Glenn,021,27897,5420,5387,1816,7203,48
2022-08-09,Humboldt,023,135768,20973,20843,4583,25426,153
2022-08-09,Imperial,025,180216,63808,63532,14644,78176,949
2022-08-09,Inyo,027,18085,4420,4416,842,5258,57
2022-08-09,Kern,029,883053,214222,212602,58960,271562,2380
2022-08-09,Kings,031,150075,57753,57569,3931,61500,453
2022-08-09,Lake,033,64148,12344,12281,1103,13384,142
2022-08-09,Lassen,035,31185,9792,9682,970,10652,64
2022-08-09,Los Angeles,037,10098052,3189199,3168105,169755,3337860,32609
2022-08-09,Madera,039,155013,42513,42350,7685,50035,372
2022-08-09,Marin,041,260295,43747,43532,5028,48560,302
2022-08-09,Mariposa,043,17540,3005,2980,322,3302,31
2022-08-09,Mendocino,045,87422,15516,15394,4240,19634,132
2022-08-09,Merced,047,269075,70542,69740,10937,80677,839
2022-08-09,Modoc,049,8938,857,855,310,1165,11
2022-08-09,Mono,051,14174,3178,3165,233,3398,7
2022-08-09,Monterey,053,433212,91840,91307,19731,111038,758
2022-08-09,Napa,055,140530,31318,31223,1366,32589,153
2022-08-09,Nevada,057,99092,18440,18354,1710,20064,132
2022-08-09,Orange,059,3164182,648786,646005,58876,704881,7235
2022-08-09,Placer,061,380077,73754,73348,9205,82553,650
2022-08-09,Plumas,063,18699,3537,3525,428,3953,13
2022-08-09,Riverside,065,2383286,675951,672334,33561,705895,6555
2022-08-09,Sacramento,067,1510023,336054,334382,32371,366753,3177
2022-08-09,San Benito,069,59416,15701,15507,879,16386,101
2022-08-09,San Bernardino,071,2135413,651672,641936,29416,671352,7977
2022-08-09,San Diego,073,3302833,898945,895482,69045,964527,5429
2022-08-09,San Francisco,075,870044,172947,172265,11649,183914,945
2022-08-09,San Joaquin,077,732212,191973,190596,13900,204496,2281
2022-08-09,San Luis Obispo,079,281455,61736,61207,6688,67895,510
2022-08-09,San Mateo,081,765935,163124,161882,10118,172000,738
2022-08-09,Santa Barbara,083,443738,102249,101558,6416,107974,711
2022-08-09,Santa Clara,085,1922200,420855,414659,18189,432848,2398
2022-08-09,Santa Cruz,087,273765,60766,60360,3258,63618,269
2022-08-09,Shasta,089,179085,34006,33816,7066,40882,584
2022-08-09,Sierra,091,2930,297,295,59,354,4
2022-08-09,Siskiyou,093,43540,4978,5074,3212,8286,87
2022-08-09,Solano,095,438530,102048,101393,7519,108912,457
2022-08-09,Sonoma,097,501317,103783,103168,5044,108212,501
2022-08-09,Stanislaus,099,539301,133690,133071,20658,153729,1702
2022-08-09,Sutter,101,95872,23353,23279,2403,25682,228
2022-08-09,Tehama,103,63373,13284,13187,2955,16142,209
2022-08-09,Trinity,105,12862,1359,1350,354,1704,20
2022-08-09,Tulare,107,460477,118559,118239,33720,151959,1520
2022-08-09,Tuolumne,109,53932,15034,14922,883,15805,196
2022-08-09,Ventura,111,848112,202053,201179,14508,215687,1539
2022-08-09,Yolo,113,214977,46227,46069,4041,50110,330
2022-08-09,Yuba,115,75493,18233,18179,1594,19773,129
2022-08-08,Alameda,001,1643700,335224,333587,18804,352391,1944
2022-08-08,Alpine,003,1148,131,131,1,132,0
2022-08-08,Amador,005,37829,9710,9677,878,10555,88
2022-08-08,Butte,007,227075,38181,37892,8602,46494,446
2022-08-08,Calaveras,009,45235,8266,8251,489,8740,130
2022-08-08,Colusa,011,21464,3709,3700,1208,4908,22
2022-08-08,Contra Costa,013,1133247,242953,238658,19730,258388,1382
2022-08-08,Del Norte,015,27424,7226,7220,382,7602,54
2022-08-08,El Dorado,017,186661,31441,31354,4065,35419,225
2022-08-08,Fresno,019,978130,268608,265300,29687,294987,2815
2022-08-08,Glenn,021,27897,5414,5387,1815,7202,48
2022-08-08,Humboldt,023,135768,20933,20843,4568,25411,153
2022-08-08,Imperial,025,180216,63748,63532,14577,78109,949
2022-08-08,Inyo,027,18085,4419,4416,841,5257,57
2022-08-08,Kern,029,883053,213962,212602,58804,271406,2380
2022-08-08,Kings,031,150075,57693,57569,3922,61491,453
2022-08-08,Lake,033,64148,12322,12281,1100,13381,142
2022-08-08,Lassen,035,31185,9779,9682,967,10649,64
2022-08-08,Los Angeles,037,10098052,3185552,3168105,169319,3337424,32609
2022-08-08,Madera,039,155013,42456,42350,7662,50012,372
2022-08-08,Marin,041,260295,43691,43532,5016,48548,302
2022-08-08,Mariposa,043,17540,3000,2980,319,3299,31
2022-08-08,Mendocino,045,87422,15502,15394,4230,19624,132
2022-08-08,Merced,047,269075,70472,69740,10909,80649,839
2022-08-08,Modoc,049,8938,856,855,310,1165,11
2022-08-08,Mono,051,14174,3178,3165,233,3398,7
2022-08-08,Monterey,053,433212,91740,91307,19650,110957,758
2022-08-08,Napa,055,140530,31283,31223,1365,32588,153
2022-08-08,Nevada,057,99092,18423,18354,1704,20058,132
2022-08-08,Orange,059,3164182,647948,646005,58709,704714,7235
2022-08-08,Placer,061,380077,73695,73348,9195,82543,650
2022-08-08,Plumas,063,18699,3534,3525,427,3952,13
2022-08-08,Riverside,065,2383286,675149,672334,33509,705843,6555
2022-08-08,Sacramento,067,1510023,335652,334382,32333,366715,3177
2022-08-08,San Benito,069,59416,15673,15507,876,16383,101
2022-08-08,San Bernardino,071,2135413,650832,641936,29358,671294,7977
2022-08-08,San Diego,073,3302833,897854,895482,68911,964393,5429
2022-08-08,San Francisco,075,870044,172727,172265,11632,183897,945
2022-08-08,San Joaquin,077,732212,191707,190596,13858,204454,2281
2022-08-08,San Luis Obispo,079,281455,61670,61207,6666,67873,510
2022-08-08,San Mateo,081,765935,162915,161882,10107,171989,738
2022-08-08,Santa Barbara,083,443738,102115,101558,6400,107958,711
2022-08-08,Santa Clara,085,1922200,420244,414659,18162,432821,2398
2022-08-08,Santa Cruz,087,273765,60690,60360,3255,63615,269
2022-08-08,Shasta,089,179085,33975,33816,7058,40874,584
2022-08-08,Sierra,091,2930,297,295,59,354,4
2022-08-08,Siskiyou,093,43540,4975,5074,3209,8283,87
2022-08-08,Solano,095,438530,101904,101393,7505,108898,457
2022-08-08,Sonoma,097,501317,103669,103168,5035,108203,501
2022-08-08,Stanislaus,099,539301,133566,133071,20630,153701,1702
2022-08-08,Sutter,101,95872,23317,23279,2403,25682,228
2022-08-08,Tehama,103,63373,13274,13187,2953,16140,209
2022-08-08,Trinity,105,12862,1359,1350,353,1703,20
2022-08-08,Tulare,107,460477,118418,118239,33634,151873,1520
2022-08-08,Tuolumne,109,53932,15026,14922,882,15804,196
2022-08-08,Ventura,111,848112,201806,201179,14459,215638,1539
2022-08-08,Yolo,113,214977,46173,46069,4035,50104,330
2022-08-08,Yuba,115,75493,18209,18179,1592,19771,129
2022-08-07,Alameda,001,1643700,334668,331755,18764,350519,1945
2022-08-07,Alpine,003,1148,131,130,1,131,0
2022-08-07,Amador,005,37829,9703,9655,876,10531,88
2022-08-07,Butte,007,227075,38109,37717,8590,46307,446
2022-08-07,Calaveras,009,45235,8253,8219,485,8704,129
2022-08-07,Colusa,011,21464,3705,3696,1207,4903,22
2022-08-07,Contra Costa,013,1133247,242561,237436,19684,257120,1383
2022-08-07,Del Norte,015,27424,7214,7191,379,7570,54
2022-08-07,El Dorado,017,186661,31401,31240,4060,35300,225
2022-08-07,Fresno,019,978130,268182,263912,29614,293526,2815
2022-08-07,Glenn,021,27897,5412,5379,1812,7191,48
2022-08-07,Humboldt,023,135768,20894,20746,4548,25294,153
2022-08-07,Imperial,025,180216,63665,63198,14505,77703,949
2022-08-07,Inyo,027,18085,4419,4408,838,5246,57
2022-08-07,Kern,029,883053,213731,211798,58602,270400,2375
2022-08-07,Kings,031,150075,57595,57294,3915,61209,453
2022-08-07,Lake,033,64148,12308,12220,1100,13320,142
2022-08-07,Lassen,035,31185,9723,9654,967,10621,64
2022-08-07,Los Angeles,037,10098052,3181096,3153757,168925,3322682,32563
2022-08-07,Madera,039,155013,42399,42139,7623,49762,372
2022-08-07,Marin,041,260295,43635,43295,5006,48301,302
2022-08-07,Mariposa,043,17540,2997,2965,318,3283,31
2022-08-07,Mendocino,045,87422,15482,15335,4212,19547,132
2022-08-07,Merced,047,269075,70346,69498,10858,80356,838
2022-08-07,Modoc,049,8938,855,853,310,1163,11
2022-08-07,Mono,051,14174,3175,3161,233,3394,7
2022-08-07,Monterey,053,433212,91606,90884,19562,110446,757
2022-08-07,Napa,055,140530,31239,31052,1363,32415,151
2022-08-07,Nevada,057,99092,18399,18309,1698,20007,132
2022-08-07,Orange,059,3164182,647047,643029,58513,701542,7213
2022-08-07,Placer,061,380077,73605,73064,9179,82243,648
2022-08-07,Plumas,063,18699,3533,3516,427,3943,13
2022-08-07,Riverside,065,2383286,674220,669230,33429,702659,6555
2022-08-07,Sacramento,067,1510023,335165,332928,32281,365209,3175
2022-08-07,San Benito,069,59416,15647,15403,873,16276,101
2022-08-07,San Bernardino,071,2135413,649936,639120,29292,668412,7956
2022-08-07,San Diego,073,3302833,896579,891504,68798,960302,5424
2022-08-07,San Francisco,075,870044,172448,171486,11605,183091,946
2022-08-07,San Joaquin,077,732212,191404,189696,13800,203496,2276
2022-08-07,San Luis Obispo,079,281455,61572,60903,6634,67537,510
2022-08-07,San Mateo,081,765935,162666,161011,10090,171101,734
2022-08-07,Santa Barbara,083,443738,101928,100995,6374,107369,711
2022-08-07,Santa Clara,085,1922200,419532,412411,18143,430554,2386
2022-08-07,Santa Cruz,087,273765,60568,59982,3240,63222,269
2022-08-07,Shasta,089,179085,33926,33727,7044,40771,583
2022-08-07,Sierra,091,2930,296,295,59,354,4
2022-08-07,Siskiyou,093,43540,4973,5045,3205,8250,87
2022-08-07,Solano,095,438530,101744,100081,7488,107569,457
2022-08-07,Sonoma,097,501317,103551,102682,5028,107710,502
2022-08-07,Stanislaus,099,539301,133372,132406,20596,153002,1701
2022-08-07,Sutter,101,95872,23281,23178,2402,25580,228
2022-08-07,Tehama,103,63373,13264,13155,2949,16104,209
2022-08-07,Trinity,105,12862,1357,1347,352,1699,20
2022-08-07,Tulare,107,460477,118265,117668,33537,151205,1516
2022-08-07,Tuolumne,109,53932,15009,14844,882,15726,196
2022-08-07,Ventura,111,848112,201546,200270,14414,214684,1537
2022-08-07,Yolo,113,214977,46123,45902,4025,49927,331
2022-08-07,Yuba,115,75493,18190,18099,1588,19687,124
2022-08-06,Alameda,001,1643700,334424,331755,18753,350508,1945
2022-08-06,Alpine,003,1148,131,130,1,131,0
2022-08-06,Amador,005,37829,9696,9655,874,10529,88
2022-08-06,Butte,007,227075,38071,37717,8580,46297,446
2022-08-06,Calaveras,009,45235,8246,8219,484,8703,129
2022-08-06,Colusa,011,21464,3703,3696,1204,4900,22
2022-08-06,Contra Costa,013,1133247,242315,237436,19665,257101,1383
2022-08-06,Del Norte,015,27424,7208,7191,379,7570,54
2022-08-06,El Dorado,017,186661,31384,31240,4057,35297,225
2022-08-06,Fresno,019,978130,268003,263912,29592,293504,2815
2022-08-06,Glenn,021,27897,5412,5379,1811,7190,48
2022-08-06,Humboldt,023,135768,20873,20746,4540,25286,153
2022-08-06,Imperial,025,180216,63618,63198,14477,77675,949
2022-08-06,Inyo,027,18085,4419,4408,837,5245,57
2022-08-06,Kern,029,883053,213633,211798,58488,270286,2375
2022-08-06,Kings,031,150075,57555,57294,3915,61209,453
2022-08-06,Lake,033,64148,12303,12220,1099,13319,142
2022-08-06,Lassen,035,31185,9690,9654,967,10621,64
2022-08-06,Los Angeles,037,10098052,3178894,3153757,168640,3322397,32563
2022-08-06,Madera,039,155013,42355,42139,7617,49756,372
2022-08-06,Marin,041,260295,43606,43295,5001,48296,302
2022-08-06,Mariposa,043,17540,2996,2965,318,3283,31
2022-08-06,Mendocino,045,87422,15473,15335,4211,19546,132
2022-08-06,Merced,047,269075,70316,69498,10853,80351,838
2022-08-06,Modoc,049,8938,855,853,310,1163,11
2022-08-06,Mono,051,14174,3172,3161,233,3394,7
2022-08-06,Monterey,053,433212,91553,90884,19518,110402,757
2022-08-06,Napa,055,140530,31218,31052,1362,32414,151
2022-08-06,Nevada,057,99092,18390,18309,1697,20006,132
2022-08-06,Orange,059,3164182,646606,643029,58399,701428,7213
2022-08-06,Placer,061,380077,73548,73064,9172,82236,648
2022-08-06,Plumas,063,18699,3531,3516,427,3943,13
2022-08-06,Riverside,065,2383286,673706,669230,33390,702620,6555
2022-08-06,Sacramento,067,1510023,334990,332928,32272,365200,3175
2022-08-06,San Benito,069,59416,15630,15403,871,16274,101
2022-08-06,San Bernardino,071,2135413,649470,639120,29256,668376,7956
2022-08-06,San Diego,073,3302833,896025,891504,68755,960259,5424
2022-08-06,San Francisco,075,870044,172292,171486,11595,183081,946
2022-08-06,San Joaquin,077,732212,191275,189696,13764,203460,2276
2022-08-06,San Luis Obispo,079,281455,61544,60903,6629,67532,510
2022-08-06,San Mateo,081,765935,162530,161011,10083,171094,734
2022-08-06,Santa Barbara,083,443738,101854,100995,6362,107357,711
2022-08-06,Santa Clara,085,1922200,419070,412411,18122,430533,2386
2022-08-06,Santa Cruz,087,273765,60511,59982,3233,63215,269
2022-08-06,Shasta,089,179085,33895,33727,7034,40761,583
2022-08-06,Sierra,091,2930,296,295,59,354,4
2022-08-06,Siskiyou,093,43540,4971,5045,3203,8248,87
2022-08-06,Solano,095,438530,101696,100081,7482,107563,457
2022-08-06,Sonoma,097,501317,103487,102682,5021,107703,502
2022-08-06,Stanislaus,099,539301,133269,132406,20585,152991,1701
2022-08-06,Sutter,101,95872,23257,23178,2402,25580,228
2022-08-06,Tehama,103,63373,13259,13155,2945,16100,209
2022-08-06,Trinity,105,12862,1357,1347,352,1699,20
2022-08-06,Tulare,107,460477,118184,117668,33494,151162,1516
2022-08-06,Tuolumne,109,53932,15001,14844,881,15725,196
2022-08-06,Ventura,111,848112,201437,200270,14392,214662,1537
2022-08-06,Yolo,113,214977,46092,45902,4017,49919,331
2022-08-06,Yuba,115,75493,18174,18099,1587,19686,124
2022-08-05,Alameda,001,1643700,334116,331755,18742,350497,1945
2022-08-05,Alpine,003,1148,131,130,1,131,0
2022-08-05,Amador,005,37829,9694,9655,873,10528,88
2022-08-05,Butte,007,227075,38033,37717,8569,46286,446
2022-08-05,Calaveras,009,45235,8242,8219,484,8703,129
2022-08-05,Colusa,011,21464,3702,3696,1204,4900,22
2022-08-05,Contra Costa,013,1133247,242122,237436,19639,257075,1383
2022-08-05,Del Norte,015,27424,7204,7191,378,7569,54
2022-08-05,El Dorado,017,186661,31376,31240,4056,35296,225
2022-08-05,Fresno,019,978130,267820,263912,29570,293482,2815
2022-08-05,Glenn,021,27897,5411,5379,1810,7189,48
2022-08-05,Humboldt,023,135768,20856,20746,4527,25273,153
2022-08-05,Imperial,025,180216,63543,63198,14438,77636,949
2022-08-05,Inyo,027,18085,4419,4408,837,5245,57
2022-08-05,Kern,029,883053,213517,211798,58397,270195,2375
2022-08-05,Kings,031,150075,57530,57294,3914,61208,453
2022-08-05,Lake,033,64148,12293,12220,1099,13319,142
2022-08-05,Lassen,035,31185,9678,9654,966,10620,64
2022-08-05,Los Angeles,037,10098052,3176386,3153757,168358,3322115,32563
2022-08-05,Madera,039,155013,42312,42139,7607,49746,372
2022-08-05,Marin,041,260295,43563,43295,4995,48290,302
2022-08-05,Mariposa,043,17540,2991,2965,317,3282,31
2022-08-05,Mendocino,045,87422,15457,15335,4209,19544,132
2022-08-05,Merced,047,269075,70265,69498,10847,80345,838
2022-08-05,Modoc,049,8938,855,853,310,1163,11
2022-08-05,Mono,051,14174,3171,3161,233,3394,7
2022-08-05,Monterey,053,433212,91485,90884,19483,110367,757
2022-08-05,Napa,055,140530,31189,31052,1361,32413,151
2022-08-05,Nevada,057,99092,18380,18309,1696,20005,132
2022-08-05,Orange,059,3164182,646098,643029,58290,701319,7213
2022-08-05,Placer,061,380077,73495,73064,9165,82229,648
2022-08-05,Plumas,063,18699,3529,3516,427,3943,13
2022-08-05,Riverside,065,2383286,673144,669230,33345,702575,6555
2022-08-05,Sacramento,067,1510023,334740,332928,32253,365181,3175
2022-08-05,San Benito,069,59416,15608,15403,869,16272,101
2022-08-05,San Bernardino,071,2135413,649011,639120,29229,668349,7956
2022-08-05,San Diego,073,3302833,895364,891504,68674,960178,5424
2022-08-05,San Francisco,075,870044,172150,171486,11575,183061,946
2022-08-05,San Joaquin,077,732212,191147,189696,13730,203426,2276
2022-08-05,San Luis Obispo,079,281455,61509,60903,6621,67524,510
2022-08-05,San Mateo,081,765935,162357,161011,10073,171084,734
2022-08-05,Santa Barbara,083,443738,101752,100995,6354,107349,711
2022-08-05,Santa Clara,085,1922200,418570,412411,18090,430501,2386
2022-08-05,Santa Cruz,087,273765,60444,59982,3229,63211,269
2022-08-05,Shasta,089,179085,33885,33727,7031,40758,583
2022-08-05,Sierra,091,2930,296,295,59,354,4
2022-08-05,Siskiyou,093,43540,4968,5045,3201,8246,87
2022-08-05,Solano,095,438530,101618,100081,7474,107555,457
2022-08-05,Sonoma,097,501317,103410,102682,5017,107699,502
2022-08-05,Stanislaus,099,539301,133167,132406,20574,152980,1701
2022-08-05,Sutter,101,95872,23238,23178,2400,25578,228
2022-08-05,Tehama,103,63373,13251,13155,2945,16100,209
2022-08-05,Trinity,105,12862,1356,1347,352,1699,20
2022-08-05,Tulare,107,460477,118098,117668,33441,151109,1516
2022-08-05,Tuolumne,109,53932,14988,14844,880,15724,196
2022-08-05,Ventura,111,848112,201287,200270,14363,214633,1537
2022-08-05,Yolo,113,214977,46073,45902,4003,49905,331
2022-08-05,Yuba,115,75493,18166,18099,1586,19685,124
2022-08-04,Alameda,001,1643700,333653,331755,18699,350454,1945
2022-08-04,Alpine,003,1148,130,130,1,131,0
2022-08-04,Amador,005,37829,9683,9655,869,10524,88
2022-08-04,Butte,007,227075,37990,37717,8553,46270,446
2022-08-04,Calaveras,009,45235,8235,8219,483,8702,129
2022-08-04,Colusa,011,21464,3701,3696,1204,4900,22
2022-08-04,Contra Costa,013,1133247,241849,237436,19599,257035,1383
2022-08-04,Del Norte,015,27424,7196,7191,377,7568,54
2022-08-04,El Dorado,017,186661,31344,31240,4053,35293,225
2022-08-04,Fresno,019,978130,267486,263912,29519,293431,2815
2022-08-04,Glenn,021,27897,5406,5379,1807,7186,48
2022-08-04,Humboldt,023,135768,20830,20746,4516,25262,153
2022-08-04,Imperial,025,180216,63476,63198,14384,77582,949
2022-08-04,Inyo,027,18085,4418,4408,836,5244,57
2022-08-04,Kern,029,883053,213311,211798,58264,270062,2375
2022-08-04,Kings,031,150075,57463,57294,3906,61200,453
2022-08-04,Lake,033,64148,12278,12220,1099,13319,142
2022-08-04,Lassen,035,31185,9673,9654,963,10617,64
2022-08-04,Los Angeles,037,10098052,3172670,3153757,167970,3321727,32563
2022-08-04,Madera,039,155013,42269,42139,7566,49705,372
2022-08-04,Marin,041,260295,43508,43295,4967,48262,302
2022-08-04,Mariposa,043,17540,2985,2965,316,3281,31
2022-08-04,Mendocino,045,87422,15442,15335,4203,19538,132
2022-08-04,Merced,047,269075,70192,69498,10809,80307,838
2022-08-04,Modoc,049,8938,855,853,310,1163,11
2022-08-04,Mono,051,14174,3171,3161,233,3394,7
2022-08-04,Monterey,053,433212,91374,90884,19420,110304,757
2022-08-04,Napa,055,140530,31153,31052,1360,32412,151
2022-08-04,Nevada,057,99092,18368,18309,1689,19998,132
2022-08-04,Orange,059,3164182,645328,643029,58147,701176,7213
2022-08-04,Placer,061,380077,73424,73064,9153,82217,648
2022-08-04,Plumas,063,18699,3523,3516,427,3943,13
2022-08-04,Riverside,065,2383286,672427,669230,33302,702532,6555
2022-08-04,Sacramento,067,1510023,334317,332928,32228,365156,3175
2022-08-04,San Benito,069,59416,15578,15403,863,16266,101
2022-08-04,San Bernardino,071,2135413,648308,639120,29174,668294,7956
2022-08-04,San Diego,073,3302833,894381,891504,68573,960077,5424
2022-08-04,San Francisco,075,870044,171938,171486,11546,183032,946
2022-08-04,San Joaquin,077,732212,190942,189696,13690,203386,2276
2022-08-04,San Luis Obispo,079,281455,61436,60903,6599,67502,510
2022-08-04,San Mateo,081,765935,162135,161011,10066,171077,734
2022-08-04,Santa Barbara,083,443738,101619,100995,6333,107328,711
2022-08-04,Santa Clara,085,1922200,417992,412411,18059,430470,2386
2022-08-04,Santa Cruz,087,273765,60356,59982,3228,63210,269
2022-08-04,Shasta,089,179085,33861,33727,7018,40745,583
2022-08-04,Sierra,091,2930,296,295,59,354,4
2022-08-04,Siskiyou,093,43540,4964,5045,3195,8240,87
2022-08-04,Solano,095,438530,101507,100081,7463,107544,457
2022-08-04,Sonoma,097,501317,103301,102682,5007,107689,502
2022-08-04,Stanislaus,099,539301,133009,132406,20550,152956,1701
2022-08-04,Sutter,101,95872,23212,23178,2398,25576,228
2022-08-04,Tehama,103,63373,13237,13155,2940,16095,209
2022-08-04,Trinity,105,12862,1355,1347,351,1698,20
2022-08-04,Tulare,107,460477,117982,117668,33381,151049,1516
2022-08-04,Tuolumne,109,53932,14964,14844,878,15722,196
2022-08-04,Ventura,111,848112,201054,200270,14325,214595,1537
2022-08-04,Yolo,113,214977,46035,45902,3995,49897,331
2022-08-04,Yuba,115,75493,18147,18099,1585,19684,124
2022-08-03,Alameda,001,1643700,333144,330158,18660,348818,1941
2022-08-03,Alpine,003,1148,130,130,1,131,0
2022-08-03,Amador,005,37829,9677,9627,866,10493,88
2022-08-03,Butte,007,227075,37945,37567,8543,46110,444
2022-08-03,Calaveras,009,45235,8227,8194,482,8676,128
2022-08-03,Colusa,011,21464,3701,3676,1204,4880,22
2022-08-03,Contra Costa,013,1133247,241522,236190,19551,255741,1381
2022-08-03,Del Norte,015,27424,7192,7156,377,7533,54
2022-08-03,El Dorado,017,186661,31308,31165,4044,35209,222
2022-08-03,Fresno,019,978130,267079,262758,29471,292229,2806
2022-08-03,Glenn,021,27897,5404,5363,1803,7166,48
2022-08-03,Humboldt,023,135768,20796,20640,4499,25139,153
2022-08-03,Imperial,025,180216,63396,62884,14335,77219,949
2022-08-03,Inyo,027,18085,4418,4398,830,5228,57
2022-08-03,Kern,029,883053,213126,211047,58088,269135,2375
2022-08-03,Kings,031,150075,57399,57065,3904,60969,453
2022-08-03,Lake,033,64148,12259,12172,1098,13270,142
2022-08-03,Lassen,035,31185,9670,9563,963,10526,64
2022-08-03,Los Angeles,037,10098052,3168931,3140955,167575,3308530,32500
2022-08-03,Madera,039,155013,42226,41918,7548,49466,372
2022-08-03,Marin,041,260295,43444,43127,4955,48082,300
2022-08-03,Mariposa,043,17540,2981,2950,316,3266,30
2022-08-03,Mendocino,045,87422,15424,15260,4195,19455,132
2022-08-03,Merced,047,269075,70126,69198,10777,79975,838
2022-08-03,Modoc,049,8938,854,842,310,1152,11
2022-08-03,Mono,051,14174,3170,3157,232,3389,7
2022-08-03,Monterey,053,433212,91269,90456,19355,109811,754
2022-08-03,Napa,055,140530,31116,30935,1355,32290,151
2022-08-03,Nevada,057,99092,18357,18253,1686,19939,132
2022-08-03,Orange,059,3164182,644511,640110,57971,698081,7202
2022-08-03,Placer,061,380077,73340,72834,9137,81971,646
2022-08-03,Plumas,063,18699,3520,3496,427,3923,13
2022-08-03,Riverside,065,2383286,671575,666773,33237,700010,6547
2022-08-03,Sacramento,067,1510023,333888,331584,32195,363779,3162
2022-08-03,San Benito,069,59416,15548,15338,856,16194,100
2022-08-03,San Bernardino,071,2135413,647568,636510,29121,665631,7951
2022-08-03,San Diego,073,3302833,893169,887729,68448,956177,5417
2022-08-03,San Francisco,075,870044,171728,170637,11528,182165,939
2022-08-03,San Joaquin,077,732212,190697,188962,13657,202619,2276
2022-08-03,San Luis Obispo,079,281455,61349,60648,6586,67234,504
2022-08-03,San Mateo,081,765935,161945,160258,10057,170315,725
2022-08-03,Santa Barbara,083,443738,101495,100558,6313,106871,710
2022-08-03,Santa Clara,085,1922200,417511,410394,18028,428422,2383
2022-08-03,Santa Cruz,087,273765,60267,59661,3225,62886,269
2022-08-03,Shasta,089,179085,33831,33630,7014,40644,582
2022-08-03,Sierra,091,2930,296,295,59,354,4
2022-08-03,Siskiyou,093,43540,4962,5021,3193,8214,86
2022-08-03,Solano,095,438530,101389,99608,7450,107058,459
2022-08-03,Sonoma,097,501317,103176,102306,4994,107300,500
2022-08-03,Stanislaus,099,539301,132865,131869,20524,152393,1701
2022-08-03,Sutter,101,95872,23184,23056,2396,25452,228
2022-08-03,Tehama,103,63373,13225,13135,2936,16071,209
2022-08-03,Trinity,105,12862,1355,1342,350,1692,20
2022-08-03,Tulare,107,460477,117848,117288,33314,150602,1516
2022-08-03,Tuolumne,109,53932,14944,14778,878,15656,196
2022-08-03,Ventura,111,848112,200815,199530,14291,213821,1536
2022-08-03,Yolo,113,214977,45986,45757,3978,49735,330
2022-08-03,Yuba,115,75493,18118,18036,1584,19620,124
2022-08-02,Alameda,001,1643700,332606,330158,18629,348787,1941
2022-08-02,Alpine,003,1148,130,130,1,131,0
2022-08-02,Amador,005,37829,9667,9627,859,10486,88
2022-08-02,Butte,007,227075,37906,37567,8531,46098,444
2022-08-02,Calaveras,009,45235,8212,8194,480,8674,128
2022-08-02,Colusa,011,21464,3698,3676,1203,4879,22
2022-08-02,Contra Costa,013,1133247,241171,236190,19491,255681,1381
2022-08-02,Del Norte,015,27424,7182,7156,377,7533,54
2022-08-02,El Dorado,017,186661,31274,31165,4038,35203,222
2022-08-02,Fresno,019,978130,266652,262758,29388,292146,2806
2022-08-02,Glenn,021,27897,5400,5363,1802,7165,48
2022-08-02,Humboldt,023,135768,20758,20640,4477,25117,153
2022-08-02,Imperial,025,180216,63314,62884,14286,77170,949
2022-08-02,Inyo,027,18085,4415,4398,820,5218,57
2022-08-02,Kern,029,883053,212886,211047,57889,268936,2375
2022-08-02,Kings,031,150075,57318,57065,3900,60965,453
2022-08-02,Lake,033,64148,12246,12172,1096,13268,142
2022-08-02,Lassen,035,31185,9667,9563,962,10525,64
2022-08-02,Los Angeles,037,10098052,3164577,3140955,167085,3308040,32500
2022-08-02,Madera,039,155013,42159,41918,7525,49443,372
2022-08-02,Marin,041,260295,43386,43127,4947,48074,300
2022-08-02,Mariposa,043,17540,2977,2950,316,3266,30
2022-08-02,Mendocino,045,87422,15394,15260,4181,19441,132
2022-08-02,Merced,047,269075,70047,69198,10737,79935,838
2022-08-02,Modoc,049,8938,854,842,310,1152,11
2022-08-02,Mono,051,14174,3169,3157,230,3387,7
2022-08-02,Monterey,053,433212,91145,90456,19285,109741,754
2022-08-02,Napa,055,140530,31080,30935,1352,32287,151
2022-08-02,Nevada,057,99092,18341,18253,1686,19939,132
2022-08-02,Orange,059,3164182,643631,640110,57794,697904,7202
2022-08-02,Placer,061,380077,73251,72834,9124,81958,646
2022-08-02,Plumas,063,18699,3515,3496,427,3923,13
2022-08-02,Riverside,065,2383286,670655,666773,33186,699959,6547
2022-08-02,Sacramento,067,1510023,333471,331584,32149,363733,3162
2022-08-02,San Benito,069,59416,15510,15338,852,16190,100
2022-08-02,San Bernardino,071,2135413,646720,636510,29070,665580,7951
2022-08-02,San Diego,073,3302833,892008,887729,68317,956046,5417
2022-08-02,San Francisco,075,870044,171491,170637,11514,182151,939
2022-08-02,San Joaquin,077,732212,190459,188962,13612,202574,2276
2022-08-02,San Luis Obispo,079,281455,61260,60648,6559,67207,504
2022-08-02,San Mateo,081,765935,161700,160258,10051,170309,725
2022-08-02,Santa Barbara,083,443738,101329,100558,6287,106845,710
2022-08-02,Santa Clara,085,1922200,416885,410394,17993,428387,2383
2022-08-02,Santa Cruz,087,273765,60177,59661,3218,62879,269
2022-08-02,Shasta,089,179085,33806,33630,7003,40633,582
2022-08-02,Sierra,091,2930,296,295,59,354,4
2022-08-02,Siskiyou,093,43540,4954,5021,3189,8210,86
2022-08-02,Solano,095,438530,101207,99608,7428,107036,459
2022-08-02,Sonoma,097,501317,103000,102306,4981,107287,500
2022-08-02,Stanislaus,099,539301,132706,131869,20483,152352,1701
2022-08-02,Sutter,101,95872,23149,23056,2396,25452,228
2022-08-02,Tehama,103,63373,13213,13135,2933,16068,209
2022-08-02,Trinity,105,12862,1355,1342,348,1690,20
2022-08-02,Tulare,107,460477,117710,117288,33229,150517,1516
2022-08-02,Tuolumne,109,53932,14927,14778,876,15654,196
2022-08-02,Ventura,111,848112,200560,199530,14249,213779,1536
2022-08-02,Yolo,113,214977,45937,45757,3973,49730,330
2022-08-02,Yuba,115,75493,18097,18036,1579,19615,124
2022-08-01,Alameda,001,1643700,331947,330158,18592,348750,1941
2022-08-01,Alpine,003,1148,130,130,1,131,0
2022-08-01,Amador,005,37829,9660,9627,857,10484,88
2022-08-01,Butte,007,227075,37848,37567,8517,46084,444
2022-08-01,Calaveras,009,45235,8209,8194,479,8673,128
2022-08-01,Colusa,011,21464,3694,3676,1194,4870,22
2022-08-01,Contra Costa,013,1133247,240776,236190,19437,255627,1381
2022-08-01,Del Norte,015,27424,7177,7156,377,7533,54
2022-08-01,El Dorado,017,186661,31245,31165,4033,35198,222
2022-08-01,Fresno,019,978130,266194,262758,29308,292066,2806
2022-08-01,Glenn,021,27897,5392,5363,1801,7164,48
2022-08-01,Humboldt,023,135768,20725,20640,4461,25101,153
2022-08-01,Imperial,025,180216,63201,62884,14227,77111,949
2022-08-01,Inyo,027,18085,4411,4398,816,5214,57
2022-08-01,Kern,029,883053,212648,211047,57716,268763,2375
2022-08-01,Kings,031,150075,57225,57065,3890,60955,453
2022-08-01,Lake,033,64148,12216,12172,1096,13268,142
2022-08-01,Lassen,035,31185,9647,9563,962,10525,64
2022-08-01,Los Angeles,037,10098052,3159831,3140955,166598,3307553,32500
2022-08-01,Madera,039,155013,42077,41918,7495,49413,372
2022-08-01,Marin,041,260295,43332,43127,4923,48050,300
2022-08-01,Mariposa,043,17540,2972,2950,315,3265,30
2022-08-01,Mendocino,045,87422,15370,15260,4172,19432,132
2022-08-01,Merced,047,269075,69935,69198,10706,79904,838
2022-08-01,Modoc,049,8938,854,842,310,1152,11
2022-08-01,Mono,051,14174,3168,3157,228,3385,7
2022-08-01,Monterey,053,433212,91001,90456,19210,109666,754
2022-08-01,Napa,055,140530,31031,30935,1348,32283,151
2022-08-01,Nevada,057,99092,18329,18253,1681,19934,132
2022-08-01,Orange,059,3164182,642682,640110,57620,697730,7202
2022-08-01,Placer,061,380077,73183,72834,9111,81945,646
2022-08-01,Plumas,063,18699,3511,3496,427,3923,13
2022-08-01,Riverside,065,2383286,669652,666773,33138,699911,6547
2022-08-01,Sacramento,067,1510023,333030,331584,32111,363695,3162
2022-08-01,San Benito,069,59416,15489,15338,852,16190,100
2022-08-01,San Bernardino,071,2135413,645797,636510,29011,665521,7951
2022-08-01,San Diego,073,3302833,890584,887729,68141,955870,5417
2022-08-01,San Francisco,075,870044,171238,170637,11500,182137,939
2022-08-01,San Joaquin,077,732212,190188,188962,13570,202532,2276
2022-08-01,San Luis Obispo,079,281455,61161,60648,6545,67193,504
2022-08-01,San Mateo,081,765935,161407,160258,10039,170297,725
2022-08-01,Santa Barbara,083,443738,101154,100558,6262,106820,710
2022-08-01,Santa Clara,085,1922200,416108,410394,17963,428357,2383
2022-08-01,Santa Cruz,087,273765,60072,59661,3206,62867,269
2022-08-01,Shasta,089,179085,33778,33630,6993,40623,582
2022-08-01,Sierra,091,2930,296,295,59,354,4
2022-08-01,Siskiyou,093,43540,4948,5021,3183,8204,86
2022-08-01,Solano,095,438530,101027,99608,7409,107017,459
2022-08-01,Sonoma,097,501317,102831,102306,4970,107276,500
2022-08-01,Stanislaus,099,539301,132533,131869,20454,152323,1701
2022-08-01,Sutter,101,95872,23094,23056,2395,25451,228
2022-08-01,Tehama,103,63373,13197,13135,2927,16062,209
2022-08-01,Trinity,105,12862,1354,1342,347,1689,20
2022-08-01,Tulare,107,460477,117535,117288,33151,150439,1516
2022-08-01,Tuolumne,109,53932,14908,14778,876,15654,196
2022-08-01,Ventura,111,848112,200303,199530,14205,213735,1536
2022-08-01,Yolo,113,214977,45886,45757,3958,49715,330
2022-08-01,Yuba,115,75493,18073,18036,1575,19611,124
2022-07-31,Alameda,001,1643700,331212,327608,18553,346161,1941
2022-07-31,Alpine,003,1148,130,130,1,131,0
2022-07-31,Amador,005,37829,9647,9609,852,10461,88
2022-07-31,Butte,007,227075,37772,37349,8497,45846,444
2022-07-31,Calaveras,009,45235,8197,8145,476,8621,128
2022-07-31,Colusa,011,21464,3690,3664,1192,4856,22
2022-07-31,Contra Costa,013,1133247,240303,234635,19368,254003,1375
2022-07-31,Del Norte,015,27424,7165,7136,374,7510,54
2022-07-31,El Dorado,017,186661,31218,31007,4024,35031,222
2022-07-31,Fresno,019,978130,265640,260858,29225,290083,2805
2022-07-31,Glenn,021,27897,5389,5350,1799,7149,48
2022-07-31,Humboldt,023,135768,20685,20523,4430,24953,151
2022-07-31,Imperial,025,180216,63096,62471,14148,76619,949
2022-07-31,Inyo,027,18085,4406,4388,811,5199,57
2022-07-31,Kern,029,883053,212337,210190,57470,267660,2375
2022-07-31,Kings,031,150075,57098,56673,3881,60554,454
2022-07-31,Lake,033,64148,12200,12102,1094,13196,142
2022-07-31,Lassen,035,31185,9568,9548,962,10510,64
2022-07-31,Los Angeles,037,10098052,3154573,3122700,165970,3288670,32445
2022-07-31,Madera,039,155013,41988,41641,7461,49102,372
2022-07-31,Marin,041,260295,43260,42840,4910,47750,300
2022-07-31,Mariposa,043,17540,2966,2940,314,3254,30
2022-07-31,Mendocino,045,87422,15350,15172,4163,19335,132
2022-07-31,Merced,047,269075,69807,68853,10662,79515,838
2022-07-31,Modoc,049,8938,850,841,310,1151,11
2022-07-31,Mono,051,14174,3167,3155,225,3380,7
2022-07-31,Monterey,053,433212,90842,89974,19126,109100,754
2022-07-31,Napa,055,140530,30965,30777,1344,32121,150
2022-07-31,Nevada,057,99092,18291,18187,1679,19866,131
2022-07-31,Orange,059,3164182,641656,636403,57415,693818,7194
2022-07-31,Placer,061,380077,73080,72444,9095,81539,647
2022-07-31,Plumas,063,18699,3505,3490,426,3916,13
2022-07-31,Riverside,065,2383286,668566,662929,33055,695984,6543
2022-07-31,Sacramento,067,1510023,332432,329639,32054,361693,3156
2022-07-31,San Benito,069,59416,15456,15256,846,16102,100
2022-07-31,San Bernardino,071,2135413,644645,633131,28912,662043,7941
2022-07-31,San Diego,073,3302833,888978,881822,67991,949813,5409
2022-07-31,San Francisco,075,870044,170842,169564,11460,181024,937
2022-07-31,San Joaquin,077,732212,189828,187937,13481,201418,2276
2022-07-31,San Luis Obispo,079,281455,61013,60370,6510,66880,503
2022-07-31,San Mateo,081,765935,161159,159145,10012,169157,726
2022-07-31,Santa Barbara,083,443738,100922,99946,6220,106166,708
2022-07-31,Santa Clara,085,1922200,415334,407392,17928,425320,2381
2022-07-31,Santa Cruz,087,273765,59904,59227,3190,62417,269
2022-07-31,Shasta,089,179085,33727,33454,6970,40424,581
2022-07-31,Sierra,091,2930,296,293,59,352,4
2022-07-31,Siskiyou,093,43540,4938,4997,3180,8177,86
2022-07-31,Solano,095,438530,100830,99034,7395,106429,457
2022-07-31,Sonoma,097,501317,102676,101747,4944,106691,500
2022-07-31,Stanislaus,099,539301,132297,131081,20407,151488,1696
2022-07-31,Sutter,101,95872,23050,22931,2384,25315,228
2022-07-31,Tehama,103,63373,13189,13079,2918,15997,208
2022-07-31,Trinity,105,12862,1352,1340,346,1686,20
2022-07-31,Tulare,107,460477,117344,116640,33031,149671,1514
2022-07-31,Tuolumne,109,53932,14884,14701,873,15574,196
2022-07-31,Ventura,111,848112,199985,198498,14125,212623,1530
2022-07-31,Yolo,113,214977,45825,45511,3947,49458,327
2022-07-31,Yuba,115,75493,18042,17951,1567,19518,124
2022-07-30,Alameda,001,1643700,330874,327608,18534,346142,1941
2022-07-30,Alpine,003,1148,130,130,1,131,0
2022-07-30,Amador,005,37829,9645,9609,847,10456,88
2022-07-30,Butte,007,227075,37743,37349,8488,45837,444
2022-07-30,Calaveras,009,45235,8187,8145,475,8620,128
2022-07-30,Colusa,011,21464,3685,3664,1192,4856,22
2022-07-30,Contra Costa,013,1133247,240028,234635,19327,253962,1375
2022-07-30,Del Norte,015,27424,7160,7136,372,7508,54
2022-07-30,El Dorado,017,186661,31199,31007,4020,35027,222
2022-07-30,Fresno,019,978130,265434,260858,29182,290040,2805
2022-07-30,Glenn,021,27897,5384,5350,1798,7148,48
2022-07-30,Humboldt,023,135768,20666,20523,4418,24941,151
2022-07-30,Imperial,025,180216,63049,62471,14120,76591,949
2022-07-30,Inyo,027,18085,4405,4388,807,5195,57
2022-07-30,Kern,029,883053,212212,210190,57327,267517,2375
2022-07-30,Kings,031,150075,57065,56673,3881,60554,454
2022-07-30,Lake,033,64148,12190,12102,1093,13195,142
2022-07-30,Lassen,035,31185,9567,9548,960,10508,64
2022-07-30,Los Angeles,037,10098052,3152089,3122700,165567,3288267,32445
2022-07-30,Madera,039,155013,41954,41641,7456,49097,372
2022-07-30,Marin,041,260295,43228,42840,4908,47748,300
2022-07-30,Mariposa,043,17540,2964,2940,313,3253,30
2022-07-30,Mendocino,045,87422,15326,15172,4159,19331,132
2022-07-30,Merced,047,269075,69757,68853,10655,79508,838
2022-07-30,Modoc,049,8938,850,841,310,1151,11
2022-07-30,Mono,051,14174,3166,3155,224,3379,7
2022-07-30,Monterey,053,433212,90750,89974,19081,109055,754
2022-07-30,Napa,055,140530,30937,30777,1341,32118,150
2022-07-30,Nevada,057,99092,18282,18187,1675,19862,131
2022-07-30,Orange,059,3164182,641104,636403,57307,693710,7194
2022-07-30,Placer,061,380077,73041,72444,9082,81526,647
2022-07-30,Plumas,063,18699,3505,3490,426,3916,13
2022-07-30,Riverside,065,2383286,668016,662929,33026,695955,6543
2022-07-30,Sacramento,067,1510023,332189,329639,32044,361683,3156
2022-07-30,San Benito,069,59416,15443,15256,843,16099,100
2022-07-30,San Bernardino,071,2135413,644158,633131,28869,662000,7941
2022-07-30,San Diego,073,3302833,888331,881822,67932,949754,5409
2022-07-30,San Francisco,075,870044,170690,169564,11450,181014,937
2022-07-30,San Joaquin,077,732212,189702,187937,13451,201388,2276
2022-07-30,San Luis Obispo,079,281455,60973,60370,6497,66867,503
2022-07-30,San Mateo,081,765935,160974,159145,9994,169139,726
2022-07-30,Santa Barbara,083,443738,100829,99946,6201,106147,708
2022-07-30,Santa Clara,085,1922200,414849,407392,17909,425301,2381
2022-07-30,Santa Cruz,087,273765,59838,59227,3183,62410,269
2022-07-30,Shasta,089,179085,33707,33454,6969,40423,581
2022-07-30,Sierra,091,2930,296,293,59,352,4
2022-07-30,Siskiyou,093,43540,4938,4997,3178,8175,86
2022-07-30,Solano,095,438530,100772,99034,7382,106416,457
2022-07-30,Sonoma,097,501317,102586,101747,4937,106684,500
2022-07-30,Stanislaus,099,539301,132165,131081,20382,151463,1696
2022-07-30,Sutter,101,95872,23025,22931,2383,25314,228
2022-07-30,Tehama,103,63373,13183,13079,2915,15994,208
2022-07-30,Trinity,105,12862,1352,1340,346,1686,20
2022-07-30,Tulare,107,460477,117253,116640,32966,149606,1514
2022-07-30,Tuolumne,109,53932,14865,14701,873,15574,196
2022-07-30,Ventura,111,848112,199814,198498,14092,212590,1530
2022-07-30,Yolo,113,214977,45798,45511,3944,49455,327
2022-07-30,Yuba,115,75493,18029,17951,1567,19518,124
2022-07-29,Alameda,001,1643700,330508,327608,18506,346114,1941
2022-07-29,Alpine,003,1148,130,130,1,131,0
2022-07-29,Amador,005,37829,9644,9609,846,10455,88
2022-07-29,Butte,007,227075,37712,37349,8471,45820,444
2022-07-29,Calaveras,009,45235,8183,8145,475,8620,128
2022-07-29,Colusa,011,21464,3685,3664,1192,4856,22
2022-07-29,Contra Costa,013,1133247,239800,234635,19303,253938,1375
2022-07-29,Del Norte,015,27424,7155,7136,371,7507,54
2022-07-29,El Dorado,017,186661,31177,31007,4019,35026,222
2022-07-29,Fresno,019,978130,265188,260858,29134,289992,2805
2022-07-29,Glenn,021,27897,5381,5350,1796,7146,48
2022-07-29,Humboldt,023,135768,20640,20523,4408,24931,151
2022-07-29,Imperial,025,180216,62988,62471,14092,76563,949
2022-07-29,Inyo,027,18085,4404,4388,806,5194,57
2022-07-29,Kern,029,883053,212048,210190,57186,267376,2375
2022-07-29,Kings,031,150075,57028,56673,3880,60553,454
2022-07-29,Lake,033,64148,12175,12102,1090,13192,142
2022-07-29,Lassen,035,31185,9565,9548,960,10508,64
2022-07-29,Los Angeles,037,10098052,3149226,3122700,165234,3287934,32445
2022-07-29,Madera,039,155013,41909,41641,7445,49086,372
2022-07-29,Marin,041,260295,43181,42840,4900,47740,300
2022-07-29,Mariposa,043,17540,2963,2940,313,3253,30
2022-07-29,Mendocino,045,87422,15308,15172,4147,19319,132
2022-07-29,Merced,047,269075,69696,68853,10639,79492,838
2022-07-29,Modoc,049,8938,850,841,310,1151,11
2022-07-29,Mono,051,14174,3165,3155,223,3378,7
2022-07-29,Monterey,053,433212,90657,89974,19046,109020,754
2022-07-29,Napa,055,140530,30912,30777,1340,32117,150
2022-07-29,Nevada,057,99092,18271,18187,1673,19860,131
2022-07-29,Orange,059,3164182,640510,636403,57164,693567,7194
2022-07-29,Placer,061,380077,72969,72444,9068,81512,647
2022-07-29,Plumas,063,18699,3504,3490,426,3916,13
2022-07-29,Riverside,065,2383286,667473,662929,32981,695910,6543
2022-07-29,Sacramento,067,1510023,331878,329639,32026,361665,3156
2022-07-29,San Benito,069,59416,15425,15256,842,16098,100
2022-07-29,San Bernardino,071,2135413,643624,633131,28835,661966,7941
2022-07-29,San Diego,073,3302833,887477,881822,67821,949643,5409
2022-07-29,San Francisco,075,870044,170512,169564,11438,181002,937
2022-07-29,San Joaquin,077,732212,189587,187937,13426,201363,2276
2022-07-29,San Luis Obispo,079,281455,60937,60370,6485,66855,503
2022-07-29,San Mateo,081,765935,160798,159145,9985,169130,726
2022-07-29,Santa Barbara,083,443738,100707,99946,6191,106137,708
2022-07-29,Santa Clara,085,1922200,414376,407392,17888,425280,2381
2022-07-29,Santa Cruz,087,273765,59762,59227,3180,62407,269
2022-07-29,Shasta,089,179085,33680,33454,6962,40416,581
2022-07-29,Sierra,091,2930,296,293,58,351,4
2022-07-29,Siskiyou,093,43540,4937,4997,3178,8175,86
2022-07-29,Solano,095,438530,100642,99034,7370,106404,457
2022-07-29,Sonoma,097,501317,102482,101747,4926,106673,500
2022-07-29,Stanislaus,099,539301,132061,131081,20370,151451,1696
2022-07-29,Sutter,101,95872,23005,22931,2383,25314,228
2022-07-29,Tehama,103,63373,13176,13079,2913,15992,208
2022-07-29,Trinity,105,12862,1348,1340,345,1685,20
2022-07-29,Tulare,107,460477,117151,116640,32906,149546,1514
2022-07-29,Tuolumne,109,53932,14851,14701,872,15573,196
2022-07-29,Ventura,111,848112,199664,198498,14053,212551,1530
2022-07-29,Yolo,113,214977,45763,45511,3931,49442,327
2022-07-29,Yuba,115,75493,18008,17951,1565,19516,124
2022-07-28,Alameda,001,1643700,330023,327608,18457,346065,1941
2022-07-28,Alpine,003,1148,130,130,1,131,0
2022-07-28,Amador,005,37829,9637,9609,845,10454,88
2022-07-28,Butte,007,227075,37660,37349,8458,45807,444
2022-07-28,Calaveras,009,45235,8172,8145,474,8619,128
2022-07-28,Colusa,011,21464,3679,3664,1192,4856,22
2022-07-28,Contra Costa,013,1133247,239435,234635,19249,253884,1375
2022-07-28,Del Norte,015,27424,7149,7136,370,7506,54
2022-07-28,El Dorado,017,186661,31142,31007,4014,35021,222
2022-07-28,Fresno,019,978130,264755,260858,29060,289918,2805
2022-07-28,Glenn,021,27897,5379,5350,1792,7142,48
2022-07-28,Humboldt,023,135768,20606,20523,4397,24920,151
2022-07-28,Imperial,025,180216,62889,62471,14028,76499,949
2022-07-28,Inyo,027,18085,4400,4388,804,5192,57
2022-07-28,Kern,029,883053,211799,210190,57015,267205,2375
2022-07-28,Kings,031,150075,56926,56673,3877,60550,454
2022-07-28,Lake,033,64148,12158,12102,1089,13191,142
2022-07-28,Lassen,035,31185,9560,9548,960,10508,64
2022-07-28,Los Angeles,037,10098052,3144902,3122700,164678,3287378,32445
2022-07-28,Madera,039,155013,41852,41641,7436,49077,372
2022-07-28,Marin,041,260295,43133,42840,4895,47735,300
2022-07-28,Mariposa,043,17540,2960,2940,310,3250,30
2022-07-28,Mendocino,045,87422,15287,15172,4136,19308,132
2022-07-28,Merced,047,269075,69614,68853,10599,79452,838
2022-07-28,Modoc,049,8938,847,841,310,1151,11
2022-07-28,Mono,051,14174,3165,3155,222,3377,7
2022-07-28,Monterey,053,433212,90501,89974,18971,108945,754
2022-07-28,Napa,055,140530,30873,30777,1338,32115,150
2022-07-28,Nevada,057,99092,18258,18187,1667,19854,131
2022-07-28,Orange,059,3164182,639557,636403,57012,693415,7194
2022-07-28,Placer,061,380077,72878,72444,9047,81491,647
2022-07-28,Plumas,063,18699,3503,3490,426,3916,13
2022-07-28,Riverside,065,2383286,666667,662929,32930,695859,6543
2022-07-28,Sacramento,067,1510023,331462,329639,31997,361636,3156
2022-07-28,San Benito,069,59416,15396,15256,837,16093,100
2022-07-28,San Bernardino,071,2135413,642778,633131,28791,661922,7941
2022-07-28,San Diego,073,3302833,886130,881822,67687,949509,5409
2022-07-28,San Francisco,075,870044,170279,169564,11408,180972,937
2022-07-28,San Joaquin,077,732212,189333,187937,13378,201315,2276
2022-07-28,San Luis Obispo,079,281455,60850,60370,6465,66835,503
2022-07-28,San Mateo,081,765935,160543,159145,9972,169117,726
2022-07-28,Santa Barbara,083,443738,100568,99946,6160,106106,708
2022-07-28,Santa Clara,085,1922200,413733,407392,17855,425247,2381
2022-07-28,Santa Cruz,087,273765,59644,59227,3168,62395,269
2022-07-28,Shasta,089,179085,33653,33454,6947,40401,581
2022-07-28,Sierra,091,2930,296,293,58,351,4
2022-07-28,Siskiyou,093,43540,4933,4997,3172,8169,86
2022-07-28,Solano,095,438530,100492,99034,7359,106393,457
2022-07-28,Sonoma,097,501317,102358,101747,4900,106647,500
2022-07-28,Stanislaus,099,539301,131912,131081,20329,151410,1696
2022-07-28,Sutter,101,95872,22974,22931,2378,25309,228
2022-07-28,Tehama,103,63373,13158,13079,2904,15983,208
2022-07-28,Trinity,105,12862,1347,1340,344,1684,20
2022-07-28,Tulare,107,460477,117025,116640,32808,149448,1514
2022-07-28,Tuolumne,109,53932,14832,14701,870,15571,196
2022-07-28,Ventura,111,848112,199395,198498,14013,212511,1530
2022-07-28,Yolo,113,214977,45714,45511,3919,49430,327
2022-07-28,Yuba,115,75493,17994,17951,1556,19507,124
2022-07-27,Alameda,001,1643700,329495,325669,18411,344080,1938
2022-07-27,Alpine,003,1148,130,130,1,131,0
2022-07-27,Amador,005,37829,9629,9568,844,10412,87
2022-07-27,Butte,007,227075,37616,37146,8446,45592,441
2022-07-27,Calaveras,009,45235,8162,8105,473,8578,130
2022-07-27,Colusa,011,21464,3670,3649,1192,4841,22
2022-07-27,Contra Costa,013,1133247,239078,233236,19200,252436,1374
2022-07-27,Del Norte,015,27424,7145,7161,370,7531,54
2022-07-27,El Dorado,017,186661,31095,30891,4005,34896,222
2022-07-27,Fresno,019,978130,264342,259483,28981,288464,2801
2022-07-27,Glenn,021,27897,5375,5327,1791,7118,48
2022-07-27,Humboldt,023,135768,20566,20406,4389,24795,150
2022-07-27,Imperial,025,180216,62805,62014,13974,75988,948
2022-07-27,Inyo,027,18085,4396,4381,800,5181,57
2022-07-27,Kern,029,883053,211572,209400,56799,266199,2368
2022-07-27,Kings,031,150075,56851,56417,3869,60286,451
2022-07-27,Lake,033,64148,12142,12025,1087,13112,142
2022-07-27,Lassen,035,31185,9555,9509,959,10468,64
2022-07-27,Los Angeles,037,10098052,3140130,3107063,164163,3271226,32392
2022-07-27,Madera,039,155013,41765,41423,7423,48846,372
2022-07-27,Marin,041,260295,43061,42624,4887,47511,300
2022-07-27,Mariposa,043,17540,2955,2927,310,3237,30
2022-07-27,Mendocino,045,87422,15258,15066,4121,19187,131
2022-07-27,Merced,047,269075,69500,68455,10569,79024,838
2022-07-27,Modoc,049,8938,845,840,310,1150,10
2022-07-27,Mono,051,14174,3163,3148,220,3368,7
2022-07-27,Monterey,053,433212,90368,89520,18899,108419,752
2022-07-27,Napa,055,140530,30830,30647,1337,31984,150
2022-07-27,Nevada,057,99092,18239,18134,1667,19801,132
2022-07-27,Orange,059,3164182,638562,632871,56837,689708,7188
2022-07-27,Placer,061,380077,72797,72194,9026,81220,647
2022-07-27,Plumas,063,18699,3497,3472,426,3898,13
2022-07-27,Riverside,065,2383286,665656,659650,32851,692501,6528
2022-07-27,Sacramento,067,1510023,331005,328249,31943,360192,3146
2022-07-27,San Benito,069,59416,15376,15188,835,16023,100
2022-07-27,San Bernardino,071,2135413,641901,629895,28736,658631,7937
2022-07-27,San Diego,073,3302833,884688,876507,67544,944051,5386
2022-07-27,San Francisco,075,870044,170032,168570,11392,179962,931
2022-07-27,San Joaquin,077,732212,189043,187066,13335,200401,2267
2022-07-27,San Luis Obispo,079,281455,60768,60180,6431,66611,502
2022-07-27,San Mateo,081,765935,160296,158343,9963,168306,724
2022-07-27,Santa Barbara,083,443738,100410,99460,6122,105582,707
2022-07-27,Santa Clara,085,1922200,413051,404896,17832,422728,2380
2022-07-27,Santa Cruz,087,273765,59549,58873,3155,62028,269
2022-07-27,Shasta,089,179085,33620,33314,6937,40251,578
2022-07-27,Sierra,091,2930,295,293,58,351,4
2022-07-27,Siskiyou,093,43540,4927,4975,3169,8144,84
2022-07-27,Solano,095,438530,100328,98579,7347,105926,457
2022-07-27,Sonoma,097,501317,102217,101316,4886,106202,499
2022-07-27,Stanislaus,099,539301,131711,130451,20287,150738,1695
2022-07-27,Sutter,101,95872,22938,22811,2372,25183,228
2022-07-27,Tehama,103,63373,13144,13036,2899,15935,207
2022-07-27,Trinity,105,12862,1346,1337,343,1680,20
2022-07-27,Tulare,107,460477,116863,116167,32735,148902,1514
2022-07-27,Tuolumne,109,53932,14802,14594,867,15461,196
2022-07-27,Ventura,111,848112,199115,197572,13948,211520,1527
2022-07-27,Yolo,113,214977,45669,45359,3902,49261,326
2022-07-27,Yuba,115,75493,17970,17873,1548,19421,124
2022-07-26,Alameda,001,1643700,328857,325669,18369,344038,1938
2022-07-26,Alpine,003,1148,130,130,1,131,0
2022-07-26,Amador,005,37829,9620,9568,840,10408,87
2022-07-26,Butte,007,227075,37556,37146,8429,45575,441
2022-07-26,Calaveras,009,45235,8152,8105,471,8576,130
2022-07-26,Colusa,011,21464,3669,3649,1192,4841,22
2022-07-26,Contra Costa,013,1133247,238643,233236,19145,252381,1374
2022-07-26,Del Norte,015,27424,7132,7161,370,7531,54
2022-07-26,El Dorado,017,186661,31050,30891,3999,34890,222
2022-07-26,Fresno,019,978130,263802,259483,28885,288368,2801
2022-07-26,Glenn,021,27897,5372,5327,1787,7114,48
2022-07-26,Humboldt,023,135768,20534,20406,4375,24781,150
2022-07-26,Imperial,025,180216,62685,62014,13893,75907,948
2022-07-26,Inyo,027,18085,4393,4381,798,5179,57
2022-07-26,Kern,029,883053,211252,209400,56576,265976,2368
2022-07-26,Kings,031,150075,56736,56417,3867,60284,451
2022-07-26,Lake,033,64148,12112,12025,1085,13110,142
2022-07-26,Lassen,035,31185,9552,9509,957,10466,64
2022-07-26,Los Angeles,037,10098052,3135106,3107063,163565,3270628,32392
2022-07-26,Madera,039,155013,41701,41423,7398,48821,372
2022-07-26,Marin,041,260295,42995,42624,4876,47500,300
2022-07-26,Mariposa,043,17540,2953,2927,310,3237,30
2022-07-26,Mendocino,045,87422,15234,15066,4110,19176,131
2022-07-26,Merced,047,269075,69408,68455,10544,78999,838
2022-07-26,Modoc,049,8938,843,840,310,1150,10
2022-07-26,Mono,051,14174,3161,3148,219,3367,7
2022-07-26,Monterey,053,433212,90229,89520,18812,108332,752
2022-07-26,Napa,055,140530,30793,30647,1331,31978,150
2022-07-26,Nevada,057,99092,18216,18134,1664,19798,132
2022-07-26,Orange,059,3164182,637463,632871,56613,689484,7188
2022-07-26,Placer,061,380077,72679,72194,9006,81200,647
2022-07-26,Plumas,063,18699,3494,3472,425,3897,13
2022-07-26,Riverside,065,2383286,664626,659650,32773,692423,6528
2022-07-26,Sacramento,067,1510023,330473,328249,31876,360125,3146
2022-07-26,San Benito,069,59416,15346,15188,833,16021,100
2022-07-26,San Bernardino,071,2135413,640910,629895,28667,658562,7937
2022-07-26,San Diego,073,3302833,883001,876507,67353,943860,5386
2022-07-26,San Francisco,075,870044,169745,168570,11377,179947,931
2022-07-26,San Joaquin,077,732212,188747,187066,13275,200341,2267
2022-07-26,San Luis Obispo,079,281455,60689,60180,6404,66584,502
2022-07-26,San Mateo,081,765935,160012,158343,9952,168295,724
2022-07-26,Santa Barbara,083,443738,100231,99460,6099,105559,707
2022-07-26,Santa Clara,085,1922200,412192,404896,17794,422690,2380
2022-07-26,Santa Cruz,087,273765,59445,58873,3138,62011,269
2022-07-26,Shasta,089,179085,33586,33314,6922,40236,578
2022-07-26,Sierra,091,2930,294,293,58,351,4
2022-07-26,Siskiyou,093,43540,4922,4975,3161,8136,84
2022-07-26,Solano,095,438530,100135,98579,7331,105910,457
2022-07-26,Sonoma,097,501317,102068,101316,4858,106174,499
2022-07-26,Stanislaus,099,539301,131497,130451,20262,150713,1695
2022-07-26,Sutter,101,95872,22908,22811,2371,25182,228
2022-07-26,Tehama,103,63373,13125,13036,2895,15931,207
2022-07-26,Trinity,105,12862,1345,1337,341,1678,20
2022-07-26,Tulare,107,460477,116713,116167,32647,148814,1514
2022-07-26,Tuolumne,109,53932,14783,14594,865,15459,196
2022-07-26,Ventura,111,848112,198804,197572,13889,211461,1527
2022-07-26,Yolo,113,214977,45619,45359,3891,49250,326
2022-07-26,Yuba,115,75493,17952,17873,1547,19420,124
2022-07-25,Alameda,001,1643700,328132,325669,18310,343979,1938
2022-07-25,Alpine,003,1148,130,130,1,131,0
2022-07-25,Amador,005,37829,9607,9568,837,10405,87
2022-07-25,Butte,007,227075,37480,37146,8414,45560,441
2022-07-25,Calaveras,009,45235,8141,8105,470,8575,130
2022-07-25,Colusa,011,21464,3668,3649,1189,4838,22
2022-07-25,Contra Costa,013,1133247,238160,233236,19063,252299,1374
2022-07-25,Del Norte,015,27424,7125,7161,369,7530,54
2022-07-25,El Dorado,017,186661,31011,30891,3985,34876,222
2022-07-25,Fresno,019,978130,263210,259483,28783,288266,2801
2022-07-25,Glenn,021,27897,5364,5327,1784,7111,48
2022-07-25,Humboldt,023,135768,20502,20406,4355,24761,150
2022-07-25,Imperial,025,180216,62566,62014,13805,75819,948
2022-07-25,Inyo,027,18085,4391,4381,792,5173,57
2022-07-25,Kern,029,883053,210961,209400,56348,265748,2368
2022-07-25,Kings,031,150075,56601,56417,3857,60274,451
2022-07-25,Lake,033,64148,12091,12025,1083,13108,142
2022-07-25,Lassen,035,31185,9545,9509,956,10465,64
2022-07-25,Los Angeles,037,10098052,3129257,3107063,163001,3270064,32392
2022-07-25,Madera,039,155013,41614,41423,7372,48795,372
2022-07-25,Marin,041,260295,42921,42624,4869,47493,300
2022-07-25,Mariposa,043,17540,2950,2927,307,3234,30
2022-07-25,Mendocino,045,87422,15195,15066,4097,19163,131
2022-07-25,Merced,047,269075,69295,68455,10513,78968,838
2022-07-25,Modoc,049,8938,838,840,308,1148,10
2022-07-25,Mono,051,14174,3159,3148,218,3366,7
2022-07-25,Monterey,053,433212,90074,89520,18702,108222,752
2022-07-25,Napa,055,140530,30749,30647,1330,31977,150
2022-07-25,Nevada,057,99092,18204,18134,1656,19790,132
2022-07-25,Orange,059,3164182,636214,632871,56407,689278,7188
2022-07-25,Placer,061,380077,72595,72194,9000,81194,647
2022-07-25,Plumas,063,18699,3488,3472,424,3896,13
2022-07-25,Riverside,065,2383286,663536,659650,32694,692344,6528
2022-07-25,Sacramento,067,1510023,329941,328249,31813,360062,3146
2022-07-25,San Benito,069,59416,15312,15188,831,16019,100
2022-07-25,San Bernardino,071,2135413,639742,629895,28610,658505,7937
2022-07-25,San Diego,073,3302833,881221,876507,67160,943667,5386
2022-07-25,San Francisco,075,870044,169430,168570,11362,179932,931
2022-07-25,San Joaquin,077,732212,188454,187066,13199,200265,2267
2022-07-25,San Luis Obispo,079,281455,60584,60180,6371,66551,502
2022-07-25,San Mateo,081,765935,159640,158343,9931,168274,724
2022-07-25,Santa Barbara,083,443738,100037,99460,6074,105534,707
2022-07-25,Santa Clara,085,1922200,411298,404896,17708,422604,2380
2022-07-25,Santa Cruz,087,273765,59324,58873,3125,61998,269
2022-07-25,Shasta,089,179085,33535,33314,6914,40228,578
2022-07-25,Sierra,091,2930,293,293,58,351,4
2022-07-25,Siskiyou,093,43540,4919,4975,3152,8127,84
2022-07-25,Solano,095,438530,99888,98579,7316,105895,457
2022-07-25,Sonoma,097,501317,101909,101316,4840,106156,499
2022-07-25,Stanislaus,099,539301,131299,130451,20232,150683,1695
2022-07-25,Sutter,101,95872,22862,22811,2370,25181,228
2022-07-25,Tehama,103,63373,13108,13036,2887,15923,207
2022-07-25,Trinity,105,12862,1343,1337,341,1678,20
2022-07-25,Tulare,107,460477,116502,116167,32549,148716,1514
2022-07-25,Tuolumne,109,53932,14764,14594,865,15459,196
2022-07-25,Ventura,111,848112,198496,197572,13834,211406,1527
2022-07-25,Yolo,113,214977,45555,45359,3875,49234,326
2022-07-25,Yuba,115,75493,17914,17873,1546,19419,124
2022-07-24,Alameda,001,1643700,327328,323165,18266,341431,1933
2022-07-24,Alpine,003,1148,130,130,1,131,0
2022-07-24,Amador,005,37829,9585,9526,834,10360,87
2022-07-24,Butte,007,227075,37415,36994,8386,45380,440
2022-07-24,Calaveras,009,45235,8124,8064,468,8532,128
2022-07-24,Colusa,011,21464,3662,3639,1189,4828,22
2022-07-24,Contra Costa,013,1133247,237628,231714,18983,250697,1363
2022-07-24,Del Norte,015,27424,7107,7128,365,7493,54
2022-07-24,El Dorado,017,186661,30963,30722,3969,34691,222
2022-07-24,Fresno,019,978130,262555,257571,28682,286253,2792
2022-07-24,Glenn,021,27897,5358,5311,1782,7093,48
2022-07-24,Humboldt,023,135768,20469,20283,4338,24621,150
2022-07-24,Imperial,025,180216,62404,61671,13685,75356,948
2022-07-24,Inyo,027,18085,4387,4366,781,5147,57
2022-07-24,Kern,029,883053,210592,208535,56107,264642,2366
2022-07-24,Kings,031,150075,56476,56103,3844,59947,451
2022-07-24,Lake,033,64148,12065,11957,1080,13037,142
2022-07-24,Lassen,035,31185,9519,9504,953,10457,64
2022-07-24,Los Angeles,037,10098052,3122769,3085376,162313,3247689,32340
2022-07-24,Madera,039,155013,41515,41145,7342,48487,372
2022-07-24,Marin,041,260295,42851,42347,4857,47204,300
2022-07-24,Mariposa,043,17540,2947,2897,306,3203,30
2022-07-24,Mendocino,045,87422,15145,14988,4065,19053,131
2022-07-24,Merced,047,269075,69138,68127,10454,78581,837
2022-07-24,Modoc,049,8938,838,829,307,1136,10
2022-07-24,Mono,051,14174,3158,3141,218,3359,7
2022-07-24,Monterey,053,433212,89897,89067,18602,107669,747
2022-07-24,Napa,055,140530,30695,30495,1329,31824,148
2022-07-24,Nevada,057,99092,18185,18073,1647,19720,131
2022-07-24,Orange,059,3164182,634864,627948,56156,684104,7181
2022-07-24,Placer,061,380077,72470,71870,8987,80857,644
2022-07-24,Plumas,063,18699,3487,3464,424,3888,13
2022-07-24,Riverside,065,2383286,662243,655603,32580,688183,6527
2022-07-24,Sacramento,067,1510023,329261,326216,31743,357959,3136
2022-07-24,San Benito,069,59416,15290,15049,830,15879,100
2022-07-24,San Bernardino,071,2135413,638358,626059,28530,654589,7933
2022-07-24,San Diego,073,3302833,879148,870102,66967,937069,5380
2022-07-24,San Francisco,075,870044,168975,167260,11332,178592,931
2022-07-24,San Joaquin,077,732212,188093,186142,13122,199264,2267
2022-07-24,San Luis Obispo,079,281455,60437,59919,6339,66258,500
2022-07-24,San Mateo,081,765935,159297,157266,9910,167176,724
2022-07-24,Santa Barbara,083,443738,99810,98826,6034,104860,706
2022-07-24,Santa Clara,085,1922200,410335,401495,17668,419163,2381
2022-07-24,Santa Cruz,087,273765,59152,58386,3104,61490,268
2022-07-24,Shasta,089,179085,33471,33185,6899,40084,578
2022-07-24,Sierra,091,2930,293,293,58,351,4
2022-07-24,Siskiyou,093,43540,4915,4938,3137,8075,84
2022-07-24,Solano,095,438530,99671,98016,7301,105317,457
2022-07-24,Sonoma,097,501317,101706,100735,4819,105554,499
2022-07-24,Stanislaus,099,539301,131005,129813,20195,150008,1695
2022-07-24,Sutter,101,95872,22811,22687,2367,25054,228
2022-07-24,Tehama,103,63373,13096,12974,2877,15851,207
2022-07-24,Trinity,105,12862,1342,1330,339,1669,20
2022-07-24,Tulare,107,460477,116317,115548,32445,147993,1513
2022-07-24,Tuolumne,109,53932,14730,14514,864,15378,196
2022-07-24,Ventura,111,848112,198087,196127,13732,209859,1525
2022-07-24,Yolo,113,214977,45480,45141,3863,49004,327
2022-07-24,Yuba,115,75493,17887,17770,1544,19314,124
2022-07-23,Alameda,001,1643700,326913,323165,18250,341415,1933
2022-07-23,Alpine,003,1148,130,130,1,131,0
2022-07-23,Amador,005,37829,9576,9526,834,10360,87
2022-07-23,Butte,007,227075,37368,36994,8379,45373,440
2022-07-23,Calaveras,009,45235,8113,8064,468,8532,128
2022-07-23,Colusa,011,21464,3657,3639,1189,4828,22
2022-07-23,Contra Costa,013,1133247,237330,231714,18953,250667,1363
2022-07-23,Del Norte,015,27424,7104,7128,364,7492,54
2022-07-23,El Dorado,017,186661,30945,30722,3967,34689,222
2022-07-23,Fresno,019,978130,262330,257571,28625,286196,2792
2022-07-23,Glenn,021,27897,5356,5311,1780,7091,48
2022-07-23,Humboldt,023,135768,20442,20283,4325,24608,150
2022-07-23,Imperial,025,180216,62342,61671,13664,75335,948
2022-07-23,Inyo,027,18085,4385,4366,780,5146,57
2022-07-23,Kern,029,883053,210424,208535,55964,264499,2366
2022-07-23,Kings,031,150075,56433,56103,3841,59944,451
2022-07-23,Lake,033,64148,12054,11957,1079,13036,142
2022-07-23,Lassen,035,31185,9517,9504,953,10457,64
2022-07-23,Los Angeles,037,10098052,3119928,3085376,161858,3247234,32340
2022-07-23,Madera,039,155013,41453,41145,7336,48481,372
2022-07-23,Marin,041,260295,42776,42347,4847,47194,300
2022-07-23,Mariposa,043,17540,2944,2897,306,3203,30
2022-07-23,Mendocino,045,87422,15125,14988,4058,19046,131
2022-07-23,Merced,047,269075,69067,68127,10439,78566,837
2022-07-23,Modoc,049,8938,838,829,307,1136,10
2022-07-23,Mono,051,14174,3157,3141,218,3359,7
2022-07-23,Monterey,053,433212,89809,89067,18581,107648,747
2022-07-23,Napa,055,140530,30662,30495,1328,31823,148
2022-07-23,Nevada,057,99092,18173,18073,1645,19718,131
2022-07-23,Orange,059,3164182,634163,627948,55958,683906,7181
2022-07-23,Placer,061,380077,72398,71870,8977,80847,644
2022-07-23,Plumas,063,18699,3486,3464,424,3888,13
2022-07-23,Riverside,065,2383286,661536,655603,32540,688143,6527
2022-07-23,Sacramento,067,1510023,328986,326216,31726,357942,3136
2022-07-23,San Benito,069,59416,15281,15049,821,15870,100
2022-07-23,San Bernardino,071,2135413,637730,626059,28487,654546,7933
2022-07-23,San Diego,073,3302833,878325,870102,66906,937008,5380
2022-07-23,San Francisco,075,870044,168783,167260,11316,178576,931
2022-07-23,San Joaquin,077,732212,187937,186142,13099,199241,2267
2022-07-23,San Luis Obispo,079,281455,60408,59919,6328,66247,500
2022-07-23,San Mateo,081,765935,159122,157266,9896,167162,724
2022-07-23,Santa Barbara,083,443738,99711,98826,6003,104829,706
2022-07-23,Santa Clara,085,1922200,409722,401495,17643,419138,2381
2022-07-23,Santa Cruz,087,273765,59101,58386,3092,61478,268
2022-07-23,Shasta,089,179085,33432,33185,6893,40078,578
2022-07-23,Sierra,091,2930,293,293,58,351,4
2022-07-23,Siskiyou,093,43540,4913,4938,3135,8073,84
2022-07-23,Solano,095,438530,99604,98016,7295,105311,457
2022-07-23,Sonoma,097,501317,101618,100735,4809,105544,499
2022-07-23,Stanislaus,099,539301,130874,129813,20159,149972,1695
2022-07-23,Sutter,101,95872,22790,22687,2367,25054,228
2022-07-23,Tehama,103,63373,13082,12974,2874,15848,207
2022-07-23,Trinity,105,12862,1342,1330,338,1668,20
2022-07-23,Tulare,107,460477,116201,115548,32376,147924,1513
2022-07-23,Tuolumne,109,53932,14707,14514,864,15378,196
2022-07-23,Ventura,111,848112,197903,196127,13697,209824,1525
2022-07-23,Yolo,113,214977,45445,45141,3855,48996,327
2022-07-23,Yuba,115,75493,17874,17770,1540,19310,124
2022-07-22,Alameda,001,1643700,326504,323165,18221,341386,1933
2022-07-22,Alpine,003,1148,130,130,1,131,0
2022-07-22,Amador,005,37829,9570,9526,833,10359,87
2022-07-22,Butte,007,227075,37333,36994,8363,45357,440
2022-07-22,Calaveras,009,45235,8104,8064,468,8532,128
2022-07-22,Colusa,011,21464,3656,3639,1185,4824,22
2022-07-22,Contra Costa,013,1133247,237036,231714,18916,250630,1363
2022-07-22,Del Norte,015,27424,7097,7128,364,7492,54
2022-07-22,El Dorado,017,186661,30916,30722,3962,34684,222
2022-07-22,Fresno,019,978130,262048,257571,28576,286147,2792
2022-07-22,Glenn,021,27897,5352,5311,1779,7090,48
2022-07-22,Humboldt,023,135768,20418,20283,4315,24598,150
2022-07-22,Imperial,025,180216,62251,61671,13632,75303,948
2022-07-22,Inyo,027,18085,4385,4366,773,5139,57
2022-07-22,Kern,029,883053,210223,208535,55813,264348,2366
2022-07-22,Kings,031,150075,56397,56103,3840,59943,451
2022-07-22,Lake,033,64148,12040,11957,1077,13034,142
2022-07-22,Lassen,035,31185,9517,9504,953,10457,64
2022-07-22,Los Angeles,037,10098052,3116393,3085376,161407,3246783,32340
2022-07-22,Madera,039,155013,41410,41145,7325,48470,372
2022-07-22,Marin,041,260295,42721,42347,4839,47186,300
2022-07-22,Mariposa,043,17540,2942,2897,306,3203,30
2022-07-22,Mendocino,045,87422,15101,14988,4050,19038,131
2022-07-22,Merced,047,269075,68997,68127,10427,78554,837
2022-07-22,Modoc,049,8938,838,829,307,1136,10
2022-07-22,Mono,051,14174,3156,3141,217,3358,7
2022-07-22,Monterey,053,433212,89719,89067,18547,107614,747
2022-07-22,Napa,055,140530,30631,30495,1328,31823,148
2022-07-22,Nevada,057,99092,18161,18073,1638,19711,131
2022-07-22,Orange,059,3164182,633389,627948,55799,683747,7181
2022-07-22,Placer,061,380077,72353,71870,8969,80839,644
2022-07-22,Plumas,063,18699,3485,3464,424,3888,13
2022-07-22,Riverside,065,2383286,660791,655603,32476,688079,6527
2022-07-22,Sacramento,067,1510023,328629,326216,31701,357917,3136
2022-07-22,San Benito,069,59416,15271,15049,821,15870,100
2022-07-22,San Bernardino,071,2135413,637107,626059,28442,654501,7933
2022-07-22,San Diego,073,3302833,877247,870102,66768,936870,5380
2022-07-22,San Francisco,075,870044,168590,167260,11287,178547,931
2022-07-22,San Joaquin,077,732212,187776,186142,13067,199209,2267
2022-07-22,San Luis Obispo,079,281455,60353,59919,6316,66235,500
2022-07-22,San Mateo,081,765935,158893,157266,9884,167150,724
2022-07-22,Santa Barbara,083,443738,99609,98826,5997,104823,706
2022-07-22,Santa Clara,085,1922200,409068,401495,17616,419111,2381
2022-07-22,Santa Cruz,087,273765,58995,58386,3084,61470,268
2022-07-22,Shasta,089,179085,33401,33185,6888,40073,578
2022-07-22,Sierra,091,2930,293,293,58,351,4
2022-07-22,Siskiyou,093,43540,4910,4938,3132,8070,84
2022-07-22,Solano,095,438530,99466,98016,7281,105297,457
2022-07-22,Sonoma,097,501317,101512,100735,4791,105526,499
2022-07-22,Stanislaus,099,539301,130744,129813,20134,149947,1695
2022-07-22,Sutter,101,95872,22766,22687,2366,25053,228
2022-07-22,Tehama,103,63373,13073,12974,2872,15846,207
2022-07-22,Trinity,105,12862,1340,1330,337,1667,20
2022-07-22,Tulare,107,460477,116087,115548,32319,147867,1513
2022-07-22,Tuolumne,109,53932,14683,14514,860,15374,196
2022-07-22,Ventura,111,848112,197716,196127,13662,209789,1525
2022-07-22,Yolo,113,214977,45391,45141,3838,48979,327
2022-07-22,Yuba,115,75493,17860,17770,1538,19308,124
2022-07-21,Alameda,001,1643700,325829,323165,18172,341337,1933
2022-07-21,Alpine,003,1148,130,130,1,131,0
2022-07-21,Amador,005,37829,9563,9526,831,10357,87
2022-07-21,Butte,007,227075,37293,36994,8343,45337,440
2022-07-21,Calaveras,009,45235,8089,8064,466,8530,128
2022-07-21,Colusa,011,21464,3652,3639,1183,4822,22
2022-07-21,Contra Costa,013,1133247,236655,231714,18858,250572,1363
2022-07-21,Del Norte,015,27424,7087,7128,364,7492,54
2022-07-21,El Dorado,017,186661,30865,30722,3959,34681,222
2022-07-21,Fresno,019,978130,261574,257571,28495,286066,2792
2022-07-21,Glenn,021,27897,5346,5311,1779,7090,48
2022-07-21,Humboldt,023,135768,20387,20283,4292,24575,150
2022-07-21,Imperial,025,180216,62138,61671,13536,75207,948
2022-07-21,Inyo,027,18085,4381,4366,766,5132,57
2022-07-21,Kern,029,883053,209950,208535,55629,264164,2366
2022-07-21,Kings,031,150075,56324,56103,3827,59930,451
2022-07-21,Lake,033,64148,12027,11957,1074,13031,142
2022-07-21,Lassen,035,31185,9514,9504,953,10457,64
2022-07-21,Los Angeles,037,10098052,3110780,3085376,160795,3246171,32340
2022-07-21,Madera,039,155013,41333,41145,7303,48448,372
2022-07-21,Marin,041,260295,42656,42347,4835,47182,300
2022-07-21,Mariposa,043,17540,2938,2897,305,3202,30
2022-07-21,Mendocino,045,87422,15075,14988,4044,19032,131
2022-07-21,Merced,047,269075,68892,68127,10402,78529,837
2022-07-21,Modoc,049,8938,836,829,307,1136,10
2022-07-21,Mono,051,14174,3152,3141,216,3357,7
2022-07-21,Monterey,053,433212,89595,89067,18472,107539,747
2022-07-21,Napa,055,140530,30587,30495,1328,31823,148
2022-07-21,Nevada,057,99092,18142,18073,1632,19705,131
2022-07-21,Orange,059,3164182,632262,627948,55573,683521,7181
2022-07-21,Placer,061,380077,72245,71870,8946,80816,644
2022-07-21,Plumas,063,18699,3484,3464,424,3888,13
2022-07-21,Riverside,065,2383286,659727,655603,32403,688006,6527
2022-07-21,Sacramento,067,1510023,328115,326216,31662,357878,3136
2022-07-21,San Benito,069,59416,15229,15049,818,15867,100
2022-07-21,San Bernardino,071,2135413,636083,626059,28377,654436,7933
2022-07-21,San Diego,073,3302833,875569,870102,66573,936675,5380
2022-07-21,San Francisco,075,870044,168236,167260,11235,178495,931
2022-07-21,San Joaquin,077,732212,187522,186142,13019,199161,2267
2022-07-21,San Luis Obispo,079,281455,60296,59919,6286,66205,500
2022-07-21,San Mateo,081,765935,158594,157266,9869,167135,724
2022-07-21,Santa Barbara,083,443738,99448,98826,5977,104803,706
2022-07-21,Santa Clara,085,1922200,408265,401495,17578,419073,2381
2022-07-21,Santa Cruz,087,273765,58877,58386,3069,61455,268
2022-07-21,Shasta,089,179085,33351,33185,6874,40059,578
2022-07-21,Sierra,091,2930,293,293,58,351,4
2022-07-21,Siskiyou,093,43540,4904,4938,3126,8064,84
2022-07-21,Solano,095,438530,99319,98016,7273,105289,457
2022-07-21,Sonoma,097,501317,101368,100735,4777,105512,499
2022-07-21,Stanislaus,099,539301,130553,129813,20110,149923,1695
2022-07-21,Sutter,101,95872,22739,22687,2364,25051,228
2022-07-21,Tehama,103,63373,13056,12974,2861,15835,207
2022-07-21,Trinity,105,12862,1336,1330,337,1667,20
2022-07-21,Tulare,107,460477,115926,115548,32247,147795,1513
2022-07-21,Tuolumne,109,53932,14650,14514,857,15371,196
2022-07-21,Ventura,111,848112,197390,196127,13572,209699,1525
2022-07-21,Yolo,113,214977,45330,45141,3825,48966,327
2022-07-21,Yuba,115,75493,17831,17770,1535,19305,124
2022-07-20,Alameda,001,1643700,325149,321347,18131,339478,1915
2022-07-20,Alpine,003,1148,130,130,1,131,0
2022-07-20,Amador,005,37829,9545,9478,829,10307,87
2022-07-20,Butte,007,227075,37244,36820,8323,45143,440
2022-07-20,Calaveras,009,45235,8080,8035,465,8500,126
2022-07-20,Colusa,011,21464,3648,3627,1181,4808,22
2022-07-20,Contra Costa,013,1133247,236256,230356,18809,249165,1362
2022-07-20,Del Norte,015,27424,7078,7081,364,7445,54
2022-07-20,El Dorado,017,186661,30834,30628,3949,34577,221
2022-07-20,Fresno,019,978130,261059,256217,28423,284640,2790
2022-07-20,Glenn,021,27897,5342,5287,1776,7063,48
2022-07-20,Humboldt,023,135768,20348,20149,4274,24423,150
2022-07-20,Imperial,025,180216,61993,61170,13441,74611,944
2022-07-20,Inyo,027,18085,4379,4355,761,5116,56
2022-07-20,Kern,029,883053,209656,207603,55439,263042,2366
2022-07-20,Kings,031,150075,56239,55836,3816,59652,449
2022-07-20,Lake,033,64148,12006,11895,1069,12964,142
2022-07-20,Lassen,035,31185,9505,9455,953,10408,64
2022-07-20,Los Angeles,037,10098052,3105169,3068779,160171,3228950,32292
2022-07-20,Madera,039,155013,41261,40902,7283,48185,372
2022-07-20,Marin,041,260295,42576,42153,4828,46981,300
2022-07-20,Mariposa,043,17540,2923,2884,303,3187,30
2022-07-20,Mendocino,045,87422,15060,14890,4032,18922,131
2022-07-20,Merced,047,269075,68792,67775,10378,78153,833
2022-07-20,Modoc,049,8938,835,799,306,1105,9
2022-07-20,Mono,051,14174,3149,3138,213,3351,7
2022-07-20,Monterey,053,433212,89457,88606,18391,106997,747
2022-07-20,Napa,055,140530,30549,30353,1326,31679,145
2022-07-20,Nevada,057,99092,18116,18020,1626,19646,131
2022-07-20,Orange,059,3164182,630991,624998,55332,680330,7173
2022-07-20,Placer,061,380077,72164,71614,8928,80542,639
2022-07-20,Plumas,063,18699,3478,3433,423,3856,13
2022-07-20,Riverside,065,2383286,658628,652192,32305,684497,6510
2022-07-20,Sacramento,067,1510023,327566,324765,31615,356380,3123
2022-07-20,San Benito,069,59416,15197,14966,815,15781,100
2022-07-20,San Bernardino,071,2135413,635042,622760,28313,651073,7921
2022-07-20,San Diego,073,3302833,873740,864434,66389,930823,5375
2022-07-20,San Francisco,075,870044,167909,166241,11217,177458,929
2022-07-20,San Joaquin,077,732212,187234,185319,12962,198281,2262
2022-07-20,San Luis Obispo,079,281455,60226,59727,6257,65984,499
2022-07-20,San Mateo,081,765935,158301,156191,9849,166040,724
2022-07-20,Santa Barbara,083,443738,99269,98322,5950,104272,703
2022-07-20,Santa Clara,085,1922200,407460,398816,17540,416356,2374
2022-07-20,Santa Cruz,087,273765,58763,58004,3056,61060,267
2022-07-20,Shasta,089,179085,33310,33017,6867,39884,576
2022-07-20,Sierra,091,2930,293,292,58,350,4
2022-07-20,Siskiyou,093,43540,4892,4921,3120,8041,84
2022-07-20,Solano,095,438530,99151,97577,7251,104828,459
2022-07-20,Sonoma,097,501317,101180,100304,4764,105068,499
2022-07-20,Stanislaus,099,539301,130386,129200,20066,149266,1695
2022-07-20,Sutter,101,95872,22704,22592,2361,24953,228
2022-07-20,Tehama,103,63373,13040,12923,2857,15780,205
2022-07-20,Trinity,105,12862,1336,1319,336,1655,20
2022-07-20,Tulare,107,460477,115740,115073,32136,147209,1510
2022-07-20,Tuolumne,109,53932,14624,14389,856,15245,196
2022-07-20,Ventura,111,848112,197071,195189,13499,208688,1522
2022-07-20,Yolo,113,214977,45274,44950,3814,48764,325
2022-07-20,Yuba,115,75493,17807,17661,1534,19195,124
2022-07-19,Alameda,001,1643700,324474,321347,18106,339453,1915
2022-07-19,Alpine,003,1148,130,130,1,131,0
2022-07-19,Amador,005,37829,9533,9478,825,10303,87
2022-07-19,Butte,007,227075,37191,36820,8309,45129,440
2022-07-19,Calaveras,009,45235,8070,8035,465,8500,126
2022-07-19,Colusa,011,21464,3645,3627,1177,4804,22
2022-07-19,Contra Costa,013,1133247,235806,230356,18752,249108,1362
2022-07-19,Del Norte,015,27424,7070,7081,363,7444,54
2022-07-19,El Dorado,017,186661,30790,30628,3940,34568,221
2022-07-19,Fresno,019,978130,260450,256217,28333,284550,2790
2022-07-19,Glenn,021,27897,5335,5287,1775,7062,48
2022-07-19,Humboldt,023,135768,20313,20149,4260,24409,150
2022-07-19,Imperial,025,180216,61859,61170,13351,74521,944
2022-07-19,Inyo,027,18085,4377,4355,759,5114,56
2022-07-19,Kern,029,883053,209377,207603,55247,262850,2366
2022-07-19,Kings,031,150075,56136,55836,3797,59633,449
2022-07-19,Lake,033,64148,11985,11895,1061,12956,142
2022-07-19,Lassen,035,31185,9497,9455,953,10408,64
2022-07-19,Los Angeles,037,10098052,3098993,3068779,159470,3228249,32292
2022-07-19,Madera,039,155013,41182,40902,7260,48162,372
2022-07-19,Marin,041,260295,42513,42153,4815,46968,300
2022-07-19,Mariposa,043,17540,2918,2884,302,3186,30
2022-07-19,Mendocino,045,87422,15028,14890,4021,18911,131
2022-07-19,Merced,047,269075,68687,67775,10346,78121,833
2022-07-19,Modoc,049,8938,834,799,306,1105,9
2022-07-19,Mono,051,14174,3145,3138,213,3351,7
2022-07-19,Monterey,053,433212,89306,88606,18310,106916,747
2022-07-19,Napa,055,140530,30493,30353,1322,31675,145
2022-07-19,Nevada,057,99092,18102,18020,1619,19639,131
2022-07-19,Orange,059,3164182,629704,624998,55082,680080,7173
2022-07-19,Placer,061,380077,72076,71614,8911,80525,639
2022-07-19,Plumas,063,18699,3472,3433,421,3854,13
2022-07-19,Riverside,065,2383286,657318,652192,32211,684403,6510
2022-07-19,Sacramento,067,1510023,326936,324765,31574,356339,3123
2022-07-19,San Benito,069,59416,15153,14966,813,15779,100
2022-07-19,San Bernardino,071,2135413,633925,622760,28240,651000,7921
2022-07-19,San Diego,073,3302833,871651,864434,66142,930576,5375
2022-07-19,San Francisco,075,870044,167559,166241,11198,177439,929
2022-07-19,San Joaquin,077,732212,186952,185319,12900,198219,2262
2022-07-19,San Luis Obispo,079,281455,60142,59727,6219,65946,499
2022-07-19,San Mateo,081,765935,158004,156191,9826,166017,724
2022-07-19,Santa Barbara,083,443738,99058,98322,5928,104250,703
2022-07-19,Santa Clara,085,1922200,406509,398816,17488,416304,2374
2022-07-19,Santa Cruz,087,273765,58641,58004,3041,61045,267
2022-07-19,Shasta,089,179085,33278,33017,6853,39870,576
2022-07-19,Sierra,091,2930,293,292,58,350,4
2022-07-19,Siskiyou,093,43540,4887,4921,3113,8034,84
2022-07-19,Solano,095,438530,98926,97577,7224,104801,459
2022-07-19,Sonoma,097,501317,101023,100304,4736,105040,499
2022-07-19,Stanislaus,099,539301,130143,129200,20034,149234,1695
2022-07-19,Sutter,101,95872,22674,22592,2358,24950,228
2022-07-19,Tehama,103,63373,13026,12923,2850,15773,205
2022-07-19,Trinity,105,12862,1333,1319,335,1654,20
2022-07-19,Tulare,107,460477,115554,115073,32029,147102,1510
2022-07-19,Tuolumne,109,53932,14600,14389,847,15236,196
2022-07-19,Ventura,111,848112,196725,195189,13421,208610,1522
2022-07-19,Yolo,113,214977,45213,44950,3804,48754,325
2022-07-19,Yuba,115,75493,17774,17661,1533,19194,124
2022-07-18,Alameda,001,1643700,323734,321347,18070,339417,1915
2022-07-18,Alpine,003,1148,130,130,1,131,0
2022-07-18,Amador,005,37829,9518,9478,825,10303,87
2022-07-18,Butte,007,227075,37121,36820,8296,45116,440
2022-07-18,Calaveras,009,45235,8059,8035,462,8497,126
2022-07-18,Colusa,011,21464,3642,3627,1171,4798,22
2022-07-18,Contra Costa,013,1133247,235341,230356,18681,249037,1362
2022-07-18,Del Norte,015,27424,7059,7081,361,7442,54
2022-07-18,El Dorado,017,186661,30738,30628,3931,34559,221
2022-07-18,Fresno,019,978130,259857,256217,28252,284469,2790
2022-07-18,Glenn,021,27897,5333,5287,1775,7062,48
2022-07-18,Humboldt,023,135768,20272,20149,4240,24389,150
2022-07-18,Imperial,025,180216,61693,61170,13254,74424,944
2022-07-18,Inyo,027,18085,4373,4355,758,5113,56
2022-07-18,Kern,029,883053,209064,207603,54994,262597,2366
2022-07-18,Kings,031,150075,56029,55836,3789,59625,449
2022-07-18,Lake,033,64148,11963,11895,1055,12950,142
2022-07-18,Lassen,035,31185,9493,9455,952,10407,64
2022-07-18,Los Angeles,037,10098052,3092155,3068779,158804,3227583,32292
2022-07-18,Madera,039,155013,41076,40902,7232,48134,372
2022-07-18,Marin,041,260295,42433,42153,4805,46958,300
2022-07-18,Mariposa,043,17540,2910,2884,301,3185,30
2022-07-18,Mendocino,045,87422,14999,14890,4010,18900,131
2022-07-18,Merced,047,269075,68565,67775,10320,78095,833
2022-07-18,Modoc,049,8938,833,799,306,1105,9
2022-07-18,Mono,051,14174,3144,3138,213,3351,7
2022-07-18,Monterey,053,433212,89142,88606,18230,106836,747
2022-07-18,Napa,055,140530,30453,30353,1319,31672,145
2022-07-18,Nevada,057,99092,18088,18020,1607,19627,131
2022-07-18,Orange,059,3164182,628222,624998,54815,679813,7173
2022-07-18,Placer,061,380077,71990,71614,8895,80509,639
2022-07-18,Plumas,063,18699,3463,3433,420,3853,13
2022-07-18,Riverside,065,2383286,656033,652192,32101,684293,6510
2022-07-18,Sacramento,067,1510023,326315,324765,31517,356282,3123
2022-07-18,San Benito,069,59416,15114,14966,808,15774,100
2022-07-18,San Bernardino,071,2135413,632661,622760,28168,650928,7921
2022-07-18,San Diego,073,3302833,869338,864434,65870,930304,5375
2022-07-18,San Francisco,075,870044,167142,166241,11173,177414,929
2022-07-18,San Joaquin,077,732212,186619,185319,12841,198160,2262
2022-07-18,San Luis Obispo,079,281455,60046,59727,6194,65921,499
2022-07-18,San Mateo,081,765935,157632,156191,9806,165997,724
2022-07-18,Santa Barbara,083,443738,98860,98322,5907,104229,703
2022-07-18,Santa Clara,085,1922200,405527,398816,17436,416252,2374
2022-07-18,Santa Cruz,087,273765,58492,58004,3029,61033,267
2022-07-18,Shasta,089,179085,33229,33017,6837,39854,576
2022-07-18,Sierra,091,2930,293,292,58,350,4
2022-07-18,Siskiyou,093,43540,4883,4921,3106,8027,84
2022-07-18,Solano,095,438530,98691,97577,7203,104780,459
2022-07-18,Sonoma,097,501317,100844,100304,4718,105022,499
2022-07-18,Stanislaus,099,539301,129920,129200,19994,149194,1695
2022-07-18,Sutter,101,95872,22640,22592,2358,24950,228
2022-07-18,Tehama,103,63373,13005,12923,2850,15773,205
2022-07-18,Trinity,105,12862,1331,1319,334,1653,20
2022-07-18,Tulare,107,460477,115362,115073,31942,147015,1510
2022-07-18,Tuolumne,109,53932,14564,14389,845,15234,196
2022-07-18,Ventura,111,848112,196342,195189,13348,208537,1522
2022-07-18,Yolo,113,214977,45144,44950,3793,48743,325
2022-07-18,Yuba,115,75493,17739,17661,1524,19185,124
2022-07-17,Alameda,001,1643700,322835,318442,18013,336455,1911
2022-07-17,Alpine,003,1148,130,130,1,131,0
2022-07-17,Amador,005,37829,9509,9437,821,10258,87
2022-07-17,Butte,007,227075,37060,36644,8274,44918,440
2022-07-17,Calaveras,009,45235,8043,7994,452,8446,126
2022-07-17,Colusa,011,21464,3636,3617,1165,4782,22
2022-07-17,Contra Costa,013,1133247,234778,228634,18607,247241,1356
2022-07-17,Del Norte,015,27424,7032,6860,359,7219,54
2022-07-17,El Dorado,017,186661,30690,30461,3917,34378,219
2022-07-17,Fresno,019,978130,259163,254088,28146,282234,2790
2022-07-17,Glenn,021,27897,5327,5273,1773,7046,48
2022-07-17,Humboldt,023,135768,20216,20016,4223,24239,150
2022-07-17,Imperial,025,180216,61498,60550,13109,73659,944
2022-07-17,Inyo,027,18085,4363,4343,754,5097,56
2022-07-17,Kern,029,883053,208568,206466,54763,261229,2364
2022-07-17,Kings,031,150075,55892,55432,3766,59198,449
2022-07-17,Lake,033,64148,11931,11835,1051,12886,141
2022-07-17,Lassen,035,31185,9467,9425,948,10373,64
2022-07-17,Los Angeles,037,10098052,3084841,3042708,158010,3200718,32248
2022-07-17,Madera,039,155013,40967,40627,7187,47814,372
2022-07-17,Marin,041,260295,42335,41829,4798,46627,300
2022-07-17,Mariposa,043,17540,2903,2866,301,3167,30
2022-07-17,Mendocino,045,87422,14959,14799,3992,18791,131
2022-07-17,Merced,047,269075,68429,67416,10280,77696,833
2022-07-17,Modoc,049,8938,830,799,306,1105,9
2022-07-17,Mono,051,14174,3142,3131,209,3340,7
2022-07-17,Monterey,053,433212,88949,88118,18160,106278,747
2022-07-17,Napa,055,140530,30394,30176,1318,31494,145
2022-07-17,Nevada,057,99092,18061,17941,1599,19540,131
2022-07-17,Orange,059,3164182,626647,620414,54535,674949,7161
2022-07-17,Placer,061,380077,71901,71232,8876,80108,637
2022-07-17,Plumas,063,18699,3448,3406,420,3826,13
2022-07-17,Riverside,065,2383286,654567,647328,31985,679313,6508
2022-07-17,Sacramento,067,1510023,325651,322788,31459,354247,3119
2022-07-17,San Benito,069,59416,15088,14869,802,15671,100
2022-07-17,San Bernardino,071,2135413,631236,618482,28058,646540,7914
2022-07-17,San Diego,073,3302833,866961,857262,65667,922929,5370
2022-07-17,San Francisco,075,870044,166678,164853,11129,175982,928
2022-07-17,San Joaquin,077,732212,186244,184187,12761,196948,2262
2022-07-17,San Luis Obispo,079,281455,59927,59437,6155,65592,499
2022-07-17,San Mateo,081,765935,157263,154961,9785,164746,723
2022-07-17,Santa Barbara,083,443738,98591,97600,5880,103480,702
2022-07-17,Santa Clara,085,1922200,404468,395466,17380,412846,2371
2022-07-17,Santa Cruz,087,273765,58295,57531,3011,60542,267
2022-07-17,Shasta,089,179085,33176,32871,6811,39682,575
2022-07-17,Sierra,091,2930,293,291,58,349,4
2022-07-17,Siskiyou,093,43540,4877,4899,3092,7991,83
2022-07-17,Solano,095,438530,98489,96974,7178,104152,457
2022-07-17,Sonoma,097,501317,100650,99679,4700,104379,499
2022-07-17,Stanislaus,099,539301,129652,128436,19957,148393,1692
2022-07-17,Sutter,101,95872,22587,22452,2355,24807,228
2022-07-17,Tehama,103,63373,12981,12860,2842,15702,205
2022-07-17,Trinity,105,12862,1328,1304,332,1636,20
2022-07-17,Tulare,107,460477,115140,114399,31849,146248,1510
2022-07-17,Tuolumne,109,53932,14531,14280,837,15117,196
2022-07-17,Ventura,111,848112,195883,193965,13231,207196,1519
2022-07-17,Yolo,113,214977,45066,44703,3776,48479,324
2022-07-17,Yuba,115,75493,17699,17567,1514,19081,124
2022-07-16,Alameda,001,1643700,322420,318442,17996,336438,1911
2022-07-16,Alpine,003,1148,130,130,1,131,0
2022-07-16,Amador,005,37829,9501,9437,821,10258,87
2022-07-16,Butte,007,227075,37039,36644,8259,44903,440
2022-07-16,Calaveras,009,45235,8038,7994,446,8440,126
2022-07-16,Colusa,011,21464,3632,3617,1161,4778,22
2022-07-16,Contra Costa,013,1133247,234469,228634,18554,247188,1356
2022-07-16,Del Norte,015,27424,7021,6860,359,7219,54
2022-07-16,El Dorado,017,186661,30669,30461,3915,34376,219
2022-07-16,Fresno,019,978130,258873,254088,28103,282191,2790
2022-07-16,Glenn,021,27897,5322,5273,1770,7043,48
2022-07-16,Humboldt,023,135768,20185,20016,4211,24227,150
2022-07-16,Imperial,025,180216,61413,60550,13065,73615,944
2022-07-16,Inyo,027,18085,4362,4343,753,5096,56
2022-07-16,Kern,029,883053,208396,206466,54595,261061,2364
2022-07-16,Kings,031,150075,55852,55432,3762,59194,449
2022-07-16,Lake,033,64148,11915,11835,1051,12886,141
2022-07-16,Lassen,035,31185,9465,9425,947,10372,64
2022-07-16,Los Angeles,037,10098052,3081369,3042708,157532,3200240,32248
2022-07-16,Madera,039,155013,40924,40627,7174,47801,372
2022-07-16,Marin,041,260295,42299,41829,4791,46620,300
2022-07-16,Mariposa,043,17540,2901,2866,301,3167,30
2022-07-16,Mendocino,045,87422,14951,14799,3989,18788,131
2022-07-16,Merced,047,269075,68340,67416,10269,77685,833
2022-07-16,Modoc,049,8938,830,799,306,1105,9
2022-07-16,Mono,051,14174,3141,3131,208,3339,7
2022-07-16,Monterey,053,433212,88855,88118,18118,106236,747
2022-07-16,Napa,055,140530,30365,30176,1316,31492,145
2022-07-16,Nevada,057,99092,18047,17941,1592,19533,131
2022-07-16,Orange,059,3164182,625920,620414,54377,674791,7161
2022-07-16,Placer,061,380077,71816,71232,8860,80092,637
2022-07-16,Plumas,063,18699,3444,3406,419,3825,13
2022-07-16,Riverside,065,2383286,653778,647328,31934,679262,6508
2022-07-16,Sacramento,067,1510023,325378,322788,31444,354232,3119
2022-07-16,San Benito,069,59416,15071,14869,798,15667,100
2022-07-16,San Bernardino,071,2135413,630491,618482,27996,646478,7914
2022-07-16,San Diego,073,3302833,866052,857262,65582,922844,5370
2022-07-16,San Francisco,075,870044,166494,164853,11113,175966,928
2022-07-16,San Joaquin,077,732212,186085,184187,12731,196918,2262
2022-07-16,San Luis Obispo,079,281455,59899,59437,6135,65572,499
2022-07-16,San Mateo,081,765935,157022,154961,9775,164736,723
2022-07-16,Santa Barbara,083,443738,98475,97600,5860,103460,702
2022-07-16,Santa Clara,085,1922200,403798,395466,17354,412820,2371
2022-07-16,Santa Cruz,087,273765,58223,57531,3006,60537,267
2022-07-16,Shasta,089,179085,33156,32871,6807,39678,575
2022-07-16,Sierra,091,2930,293,291,58,349,4
2022-07-16,Siskiyou,093,43540,4876,4899,3087,7986,83
2022-07-16,Solano,095,438530,98416,96974,7161,104135,457
2022-07-16,Sonoma,097,501317,100563,99679,4689,104368,499
2022-07-16,Stanislaus,099,539301,129521,128436,19923,148359,1692
2022-07-16,Sutter,101,95872,22564,22452,2354,24806,228
2022-07-16,Tehama,103,63373,12972,12860,2837,15697,205
2022-07-16,Trinity,105,12862,1326,1304,332,1636,20
2022-07-16,Tulare,107,460477,115034,114399,31789,146188,1510
2022-07-16,Tuolumne,109,53932,14507,14280,837,15117,196
2022-07-16,Ventura,111,848112,195657,193965,13190,207155,1519
2022-07-16,Yolo,113,214977,45020,44703,3763,48466,324
2022-07-16,Yuba,115,75493,17675,17567,1514,19081,124
2022-07-15,Alameda,001,1643700,321958,318442,17961,336403,1911
2022-07-15,Alpine,003,1148,130,130,1,131,0
2022-07-15,Amador,005,37829,9498,9437,820,10257,87
2022-07-15,Butte,007,227075,37000,36644,8254,44898,440
2022-07-15,Calaveras,009,45235,8032,7994,442,8436,126
2022-07-15,Colusa,011,21464,3630,3617,1159,4776,22
2022-07-15,Contra Costa,013,1133247,234194,228634,18503,247137,1356
2022-07-15,Del Norte,015,27424,7010,6860,356,7216,54
2022-07-15,El Dorado,017,186661,30641,30461,3912,34373,219
2022-07-15,Fresno,019,978130,258478,254088,28037,282125,2790
2022-07-15,Glenn,021,27897,5319,5273,1767,7040,48
2022-07-15,Humboldt,023,135768,20161,20016,4199,24215,150
2022-07-15,Imperial,025,180216,61340,60550,13023,73573,944
2022-07-15,Inyo,027,18085,4357,4343,748,5091,56
2022-07-15,Kern,029,883053,208181,206466,54424,260890,2364
2022-07-15,Kings,031,150075,55789,55432,3755,59187,449
2022-07-15,Lake,033,64148,11903,11835,1048,12883,141
2022-07-15,Lassen,035,31185,9463,9425,945,10370,64
2022-07-15,Los Angeles,037,10098052,3077176,3042708,157014,3199722,32248
2022-07-15,Madera,039,155013,40861,40627,7155,47782,372
2022-07-15,Marin,041,260295,42239,41829,4780,46609,300
2022-07-15,Mariposa,043,17540,2898,2866,300,3166,30
2022-07-15,Mendocino,045,87422,14927,14799,3984,18783,131
2022-07-15,Merced,047,269075,68276,67416,10256,77672,833
2022-07-15,Modoc,049,8938,829,799,306,1105,9
2022-07-15,Mono,051,14174,3139,3131,207,3338,7
2022-07-15,Monterey,053,433212,88741,88118,18091,106209,747
2022-07-15,Napa,055,140530,30333,30176,1315,31491,145
2022-07-15,Nevada,057,99092,18035,17941,1590,19531,131
2022-07-15,Orange,059,3164182,625076,620414,54201,674615,7161
2022-07-15,Placer,061,380077,71743,71232,8833,80065,637
2022-07-15,Plumas,063,18699,3437,3406,417,3823,13
2022-07-15,Riverside,065,2383286,652952,647328,31872,679200,6508
2022-07-15,Sacramento,067,1510023,325008,322788,31422,354210,3119
2022-07-15,San Benito,069,59416,15056,14869,798,15667,100
2022-07-15,San Bernardino,071,2135413,629743,618482,27955,646437,7914
2022-07-15,San Diego,073,3302833,864778,857262,65417,922679,5370
2022-07-15,San Francisco,075,870044,166241,164853,11073,175926,928
2022-07-15,San Joaquin,077,732212,185907,184187,12686,196873,2262
2022-07-15,San Luis Obispo,079,281455,59867,59437,6123,65560,499
2022-07-15,San Mateo,081,765935,156785,154961,9758,164719,723
2022-07-15,Santa Barbara,083,443738,98346,97600,5853,103453,702
2022-07-15,Santa Clara,085,1922200,403115,395466,17325,412791,2371
2022-07-15,Santa Cruz,087,273765,58133,57531,2994,60525,267
2022-07-15,Shasta,089,179085,33133,32871,6800,39671,575
2022-07-15,Sierra,091,2930,293,291,58,349,4
2022-07-15,Siskiyou,093,43540,4876,4899,3085,7984,83
2022-07-15,Solano,095,438530,98267,96974,7149,104123,457
2022-07-15,Sonoma,097,501317,100440,99679,4680,104359,499
2022-07-15,Stanislaus,099,539301,129397,128436,19902,148338,1692
2022-07-15,Sutter,101,95872,22537,22452,2353,24805,228
2022-07-15,Tehama,103,63373,12965,12860,2829,15689,205
2022-07-15,Trinity,105,12862,1322,1304,332,1636,20
2022-07-15,Tulare,107,460477,114883,114399,31704,146103,1510
2022-07-15,Tuolumne,109,53932,14464,14280,834,15114,196
2022-07-15,Ventura,111,848112,195431,193965,13151,207116,1519
2022-07-15,Yolo,113,214977,44974,44703,3752,48455,324
2022-07-15,Yuba,115,75493,17649,17567,1514,19081,124
2022-07-14,Alameda,001,1643700,321195,318442,17900,336342,1911
2022-07-14,Alpine,003,1148,130,130,1,131,0
2022-07-14,Amador,005,37829,9485,9437,814,10251,87
2022-07-14,Butte,007,227075,36960,36644,8248,44892,440
2022-07-14,Calaveras,009,45235,8025,7994,438,8432,126
2022-07-14,Colusa,011,21464,3630,3617,1157,4774,22
2022-07-14,Contra Costa,013,1133247,233751,228634,18416,247050,1356
2022-07-14,Del Norte,015,27424,6989,6860,354,7214,54
2022-07-14,El Dorado,017,186661,30605,30461,3903,34364,219
2022-07-14,Fresno,019,978130,257943,254088,27943,282031,2790
2022-07-14,Glenn,021,27897,5310,5273,1764,7037,48
2022-07-14,Humboldt,023,135768,20121,20016,4184,24200,150
2022-07-14,Imperial,025,180216,61161,60550,12908,73458,944
2022-07-14,Inyo,027,18085,4355,4343,743,5086,56
2022-07-14,Kern,029,883053,207852,206466,54225,260691,2364
2022-07-14,Kings,031,150075,55695,55432,3744,59176,449
2022-07-14,Lake,033,64148,11887,11835,1046,12881,141
2022-07-14,Lassen,035,31185,9458,9425,944,10369,64
2022-07-14,Los Angeles,037,10098052,3070986,3042708,156298,3199006,32248
2022-07-14,Madera,039,155013,40787,40627,7097,47724,372
2022-07-14,Marin,041,260295,42148,41829,4775,46604,300
2022-07-14,Mariposa,043,17540,2892,2866,295,3161,30
2022-07-14,Mendocino,045,87422,14913,14799,3978,18777,131
2022-07-14,Merced,047,269075,68183,67416,10229,77645,833
2022-07-14,Modoc,049,8938,829,799,306,1105,9
2022-07-14,Mono,051,14174,3138,3131,207,3338,7
2022-07-14,Monterey,053,433212,88624,88118,18013,106131,747
2022-07-14,Napa,055,140530,30289,30176,1311,31487,145
2022-07-14,Nevada,057,99092,18010,17941,1581,19522,131
2022-07-14,Orange,059,3164182,623810,620414,53965,674379,7161
2022-07-14,Placer,061,380077,71633,71232,8813,80045,637
2022-07-14,Plumas,063,18699,3428,3406,416,3822,13
2022-07-14,Riverside,065,2383286,651717,647328,31798,679126,6508
2022-07-14,Sacramento,067,1510023,324456,322788,31380,354168,3119
2022-07-14,San Benito,069,59416,15026,14869,794,15663,100
2022-07-14,San Bernardino,071,2135413,628587,618482,27877,646359,7914
2022-07-14,San Diego,073,3302833,862903,857262,65187,922449,5370
2022-07-14,San Francisco,075,870044,165900,164853,11026,175879,928
2022-07-14,San Joaquin,077,732212,185593,184187,12644,196831,2262
2022-07-14,San Luis Obispo,079,281455,59780,59437,6077,65514,499
2022-07-14,San Mateo,081,765935,156494,154961,9737,164698,723
2022-07-14,Santa Barbara,083,443738,98167,97600,5841,103441,702
2022-07-14,Santa Clara,085,1922200,402259,395466,17282,412748,2371
2022-07-14,Santa Cruz,087,273765,58041,57531,2980,60511,267
2022-07-14,Shasta,089,179085,33085,32871,6788,39659,575
2022-07-14,Sierra,091,2930,293,291,58,349,4
2022-07-14,Siskiyou,093,43540,4869,4899,3077,7976,83
2022-07-14,Solano,095,438530,98089,96974,7136,104110,457
2022-07-14,Sonoma,097,501317,100307,99679,4657,104336,499
2022-07-14,Stanislaus,099,539301,129190,128436,19868,148304,1692
2022-07-14,Sutter,101,95872,22511,22452,2352,24804,228
2022-07-14,Tehama,103,63373,12942,12860,2824,15684,205
2022-07-14,Trinity,105,12862,1322,1304,328,1632,20
2022-07-14,Tulare,107,460477,114754,114399,31605,146004,1510
2022-07-14,Tuolumne,109,53932,14424,14280,830,15110,196
2022-07-14,Ventura,111,848112,195082,193965,13077,207042,1519
2022-07-14,Yolo,113,214977,44911,44703,3737,48440,324
2022-07-14,Yuba,115,75493,17617,17567,1505,19072,124
2022-07-13,Alameda,001,1643700,320494,316026,17861,333887,1911
2022-07-13,Alpine,003,1148,130,129,1,130,0
2022-07-13,Amador,005,37829,9474,9388,813,10201,87
2022-07-13,Butte,007,227075,36904,36405,8234,44639,439
2022-07-13,Calaveras,009,45235,8012,7945,437,8382,125
2022-07-13,Colusa,011,21464,3625,3606,1157,4763,22
2022-07-13,Contra Costa,013,1133247,233270,226833,18331,245164,1356
2022-07-13,Del Norte,015,27424,6970,6790,354,7144,54
2022-07-13,El Dorado,017,186661,30555,30273,3897,34170,218
2022-07-13,Fresno,019,978130,257387,252573,27830,280403,2786
2022-07-13,Glenn,021,27897,5306,5256,1763,7019,48
2022-07-13,Humboldt,023,135768,20088,19854,4169,24023,150
2022-07-13,Imperial,025,180216,61007,60011,12826,72837,944
2022-07-13,Inyo,027,18085,4354,4324,738,5062,56
2022-07-13,Kern,029,883053,207441,205428,53987,259415,2359
2022-07-13,Kings,031,150075,55584,55138,3735,58873,449
2022-07-13,Lake,033,64148,11869,11773,1045,12818,140
2022-07-13,Lassen,035,31185,9436,9381,943,10324,64
2022-07-13,Los Angeles,037,10098052,3064309,3024953,155591,3180544,32206
2022-07-13,Madera,039,155013,40721,40378,7069,47447,372
2022-07-13,Marin,041,260295,42081,41616,4767,46383,300
2022-07-13,Mariposa,043,17540,2887,2847,294,3141,30
2022-07-13,Mendocino,045,87422,14893,14713,3961,18674,128
2022-07-13,Merced,047,269075,68049,67028,10198,77226,832
2022-07-13,Modoc,049,8938,828,791,305,1096,9
2022-07-13,Mono,051,14174,3137,3131,203,3334,7
2022-07-13,Monterey,053,433212,88480,87575,17936,105511,745
2022-07-13,Napa,055,140530,30250,30032,1309,31341,145
2022-07-13,Nevada,057,99092,17992,17849,1573,19422,131
2022-07-13,Orange,059,3164182,622430,616278,53715,669993,7147
2022-07-13,Placer,061,380077,71525,70890,8799,79689,637
2022-07-13,Plumas,063,18699,3420,3354,415,3769,13
2022-07-13,Riverside,065,2383286,650508,643472,31701,675173,6504
2022-07-13,Sacramento,067,1510023,323927,321076,31340,352416,3114
2022-07-13,San Benito,069,59416,14999,14774,788,15562,100
2022-07-13,San Bernardino,071,2135413,627402,614957,27780,642737,7907
2022-07-13,San Diego,073,3302833,860999,851596,64954,916550,5363
2022-07-13,San Francisco,075,870044,165495,163635,10998,174633,919
2022-07-13,San Joaquin,077,732212,185263,183283,12600,195883,2260
2022-07-13,San Luis Obispo,079,281455,59674,59134,6029,65163,498
2022-07-13,San Mateo,081,765935,156151,153875,9720,163595,723
2022-07-13,Santa Barbara,083,443738,97988,97053,5828,102881,699
2022-07-13,Santa Clara,085,1922200,401370,392415,17241,409656,2365
2022-07-13,Santa Cruz,087,273765,57905,57124,2973,60097,267
2022-07-13,Shasta,089,179085,33027,32708,6773,39481,574
2022-07-13,Sierra,091,2930,293,289,58,347,4
2022-07-13,Siskiyou,093,43540,4864,4873,3075,7948,82
2022-07-13,Solano,095,438530,97883,96479,7110,103589,455
2022-07-13,Sonoma,097,501317,100149,99173,4640,103813,499
2022-07-13,Stanislaus,099,539301,128992,127845,19810,147655,1689
2022-07-13,Sutter,101,95872,22465,22331,2350,24681,228
2022-07-13,Tehama,103,63373,12929,12793,2821,15614,205
2022-07-13,Trinity,105,12862,1321,1293,326,1619,20
2022-07-13,Tulare,107,460477,114561,113830,31511,145341,1508
2022-07-13,Tuolumne,109,53932,14399,14159,825,14984,194
2022-07-13,Ventura,111,848112,194745,192923,12994,205917,1518
2022-07-13,Yolo,113,214977,44850,44447,3727,48174,326
2022-07-13,Yuba,115,75493,17590,17464,1497,18961,124
2022-07-12,Alameda,001,1643700,319720,316026,17817,333843,1911
2022-07-12,Alpine,003,1148,130,129,1,130,0
2022-07-12,Amador,005,37829,9441,9388,806,10194,87
2022-07-12,Butte,007,227075,36847,36405,8215,44620,439
2022-07-12,Calaveras,009,45235,7997,7945,435,8380,125
2022-07-12,Colusa,011,21464,3623,3606,1154,4760,22
2022-07-12,Contra Costa,013,1133247,232767,226833,18255,245088,1356
2022-07-12,Del Norte,015,27424,6923,6790,351,7141,54
2022-07-12,El Dorado,017,186661,30515,30273,3891,34164,218
2022-07-12,Fresno,019,978130,256840,252573,27739,280312,2786
2022-07-12,Glenn,021,27897,5302,5256,1759,7015,48
2022-07-12,Humboldt,023,135768,20038,19854,4152,24006,150
2022-07-12,Imperial,025,180216,60831,60011,12726,72737,944
2022-07-12,Inyo,027,18085,4346,4324,738,5062,56
2022-07-12,Kern,029,883053,207111,205428,53774,259202,2359
2022-07-12,Kings,031,150075,55473,55138,3725,58863,449
2022-07-12,Lake,033,64148,11857,11773,1040,12813,140
2022-07-12,Lassen,035,31185,9422,9381,937,10318,64
2022-07-12,Los Angeles,037,10098052,3057497,3024953,154892,3179845,32206
2022-07-12,Madera,039,155013,40635,40378,7054,47432,372
2022-07-12,Marin,041,260295,42006,41616,4758,46374,300
2022-07-12,Mariposa,043,17540,2876,2847,294,3141,30
2022-07-12,Mendocino,045,87422,14853,14713,3937,18650,128
2022-07-12,Merced,047,269075,67939,67028,10166,77194,832
2022-07-12,Modoc,049,8938,826,791,302,1093,9
2022-07-12,Mono,051,14174,3134,3131,203,3334,7
2022-07-12,Monterey,053,433212,88327,87575,17848,105423,745
2022-07-12,Napa,055,140530,30196,30032,1306,31338,145
2022-07-12,Nevada,057,99092,17970,17849,1566,19415,131
2022-07-12,Orange,059,3164182,621021,616278,53453,669731,7147
2022-07-12,Placer,061,380077,71415,70890,8784,79674,637
2022-07-12,Plumas,063,18699,3414,3354,414,3768,13
2022-07-12,Riverside,065,2383286,649225,643472,31606,675078,6504
2022-07-12,Sacramento,067,1510023,323328,321076,31299,352375,3114
2022-07-12,San Benito,069,59416,14953,14774,782,15556,100
2022-07-12,San Bernardino,071,2135413,626075,614957,27692,642649,7907
2022-07-12,San Diego,073,3302833,858642,851596,64720,916316,5363
2022-07-12,San Francisco,075,870044,165087,163635,10974,174609,919
2022-07-12,San Joaquin,077,732212,184950,183283,12542,195825,2260
2022-07-12,San Luis Obispo,079,281455,59596,59134,5999,65133,498
2022-07-12,San Mateo,081,765935,155752,153875,9701,163576,723
2022-07-12,Santa Barbara,083,443738,97773,97053,5811,102864,699
2022-07-12,Santa Clara,085,1922200,400410,392415,17198,409613,2365
2022-07-12,Santa Cruz,087,273765,57768,57124,2964,60088,267
2022-07-12,Shasta,089,179085,32964,32708,6754,39462,574
2022-07-12,Sierra,091,2930,292,289,58,347,4
2022-07-12,Siskiyou,093,43540,4855,4873,3073,7946,82
2022-07-12,Solano,095,438530,97667,96479,7085,103564,455
2022-07-12,Sonoma,097,501317,99986,99173,4612,103785,499
2022-07-12,Stanislaus,099,539301,128744,127845,19771,147616,1689
2022-07-12,Sutter,101,95872,22431,22331,2348,24679,228
2022-07-12,Tehama,103,63373,12909,12793,2814,15607,205
2022-07-12,Trinity,105,12862,1313,1293,326,1619,20
2022-07-12,Tulare,107,460477,114368,113830,31411,145241,1508
2022-07-12,Tuolumne,109,53932,14365,14159,821,14980,194
2022-07-12,Ventura,111,848112,194413,192923,12894,205817,1518
2022-07-12,Yolo,113,214977,44780,44447,3719,48166,326
2022-07-12,Yuba,115,75493,17562,17464,1484,18948,124
2022-07-11,Alameda,001,1643700,318807,316026,17757,333783,1911
2022-07-11,Alpine,003,1148,130,129,1,130,0
2022-07-11,Amador,005,37829,9433,9388,800,10188,87
2022-07-11,Butte,007,227075,36788,36405,8196,44601,439
2022-07-11,Calaveras,009,45235,7981,7945,433,8378,125
2022-07-11,Colusa,011,21464,3619,3606,1151,4757,22
2022-07-11,Contra Costa,013,1133247,232289,226833,18195,245028,1356
2022-07-11,Del Norte,015,27424,6892,6790,341,7131,54
2022-07-11,El Dorado,017,186661,30458,30273,3880,34153,218
2022-07-11,Fresno,019,978130,256167,252573,27656,280229,2786
2022-07-11,Glenn,021,27897,5299,5256,1757,7013,48
2022-07-11,Humboldt,023,135768,19979,19854,4133,23987,150
2022-07-11,Imperial,025,180216,60672,60011,12615,72626,944
2022-07-11,Inyo,027,18085,4343,4324,734,5058,56
2022-07-11,Kern,029,883053,206773,205428,53572,259000,2359
2022-07-11,Kings,031,150075,55325,55138,3715,58853,449
2022-07-11,Lake,033,64148,11831,11773,1038,12811,140
2022-07-11,Lassen,035,31185,9416,9381,937,10318,64
2022-07-11,Los Angeles,037,10098052,3050351,3024953,154097,3179050,32206
2022-07-11,Madera,039,155013,40549,40378,7009,47387,372
2022-07-11,Marin,041,260295,41917,41616,4749,46365,300
2022-07-11,Mariposa,043,17540,2868,2847,292,3139,30
2022-07-11,Mendocino,045,87422,14814,14713,3923,18636,128
2022-07-11,Merced,047,269075,67814,67028,10131,77159,832
2022-07-11,Modoc,049,8938,820,791,300,1091,9
2022-07-11,Mono,051,14174,3134,3131,202,3333,7
2022-07-11,Monterey,053,433212,88158,87575,17782,105357,745
2022-07-11,Napa,055,140530,30135,30032,1306,31338,145
2022-07-11,Nevada,057,99092,17953,17849,1564,19413,131
2022-07-11,Orange,059,3164182,619443,616278,53190,669468,7147
2022-07-11,Placer,061,380077,71306,70890,8769,79659,637
2022-07-11,Plumas,063,18699,3403,3354,412,3766,13
2022-07-11,Riverside,065,2383286,647789,643472,31521,674993,6504
2022-07-11,Sacramento,067,1510023,322781,321076,31253,352329,3114
2022-07-11,San Benito,069,59416,14916,14774,779,15553,100
2022-07-11,San Bernardino,071,2135413,624698,614957,27601,642558,7907
2022-07-11,San Diego,073,3302833,856265,851596,64475,916071,5363
2022-07-11,San Francisco,075,870044,164659,163635,10946,174581,919
2022-07-11,San Joaquin,077,732212,184568,183283,12495,195778,2260
2022-07-11,San Luis Obispo,079,281455,59487,59134,5967,65101,498
2022-07-11,San Mateo,081,765935,155348,153875,9668,163543,723
2022-07-11,Santa Barbara,083,443738,97564,97053,5798,102851,699
2022-07-11,Santa Clara,085,1922200,399345,392415,17139,409554,2365
2022-07-11,Santa Cruz,087,273765,57618,57124,2950,60074,267
2022-07-11,Shasta,089,179085,32906,32708,6724,39432,574
2022-07-11,Sierra,091,2930,292,289,58,347,4
2022-07-11,Siskiyou,093,43540,4849,4873,3066,7939,82
2022-07-11,Solano,095,438530,97454,96479,7067,103546,455
2022-07-11,Sonoma,097,501317,99792,99173,4592,103765,499
2022-07-11,Stanislaus,099,539301,128519,127845,19731,147576,1689
2022-07-11,Sutter,101,95872,22389,22331,2341,24672,228
2022-07-11,Tehama,103,63373,12895,12793,2807,15600,205
2022-07-11,Trinity,105,12862,1311,1293,325,1618,20
2022-07-11,Tulare,107,460477,114181,113830,31306,145136,1508
2022-07-11,Tuolumne,109,53932,14325,14159,819,14978,194
2022-07-11,Ventura,111,848112,194017,192923,12806,205729,1518
2022-07-11,Yolo,113,214977,44714,44447,3704,48151,326
2022-07-11,Yuba,115,75493,17526,17464,1481,18945,124
2022-07-10,Alameda,001,1643700,317807,312651,17677,330328,1912
2022-07-10,Alpine,003,1148,130,129,1,130,0
2022-07-10,Amador,005,37829,9423,9335,797,10132,87
2022-07-10,Butte,007,227075,36688,36165,8174,44339,438
2022-07-10,Calaveras,009,45235,7972,7895,432,8327,125
2022-07-10,Colusa,011,21464,3615,3586,1143,4729,22
2022-07-10,Contra Costa,013,1133247,231679,224718,18101,242819,1351
2022-07-10,Del Norte,015,27424,6852,6666,335,7001,54
2022-07-10,El Dorado,017,186661,30373,30070,3872,33942,218
2022-07-10,Fresno,019,978130,255492,250379,27562,277941,2786
2022-07-10,Glenn,021,27897,5294,5231,1753,6984,48
2022-07-10,Humboldt,023,135768,19920,19677,4119,23796,149
2022-07-10,Imperial,025,180216,60448,59558,12476,72034,944
2022-07-10,Inyo,027,18085,4338,4297,728,5025,56
2022-07-10,Kern,029,883053,206258,204128,53328,257456,2359
2022-07-10,Kings,031,150075,55150,54725,3709,58434,449
2022-07-10,Lake,033,64148,11806,11685,1035,12720,140
2022-07-10,Lassen,035,31185,9401,9362,935,10297,64
2022-07-10,Los Angeles,037,10098052,3043042,3002013,153274,3155287,32151
2022-07-10,Madera,039,155013,40441,40081,6975,47056,372
2022-07-10,Marin,041,260295,41820,41271,4740,46011,302
2022-07-10,Mariposa,043,17540,2861,2805,288,3093,30
2022-07-10,Mendocino,045,87422,14784,14610,3906,18516,128
2022-07-10,Merced,047,269075,67657,66616,10074,76690,832
2022-07-10,Modoc,049,8938,819,789,292,1081,9
2022-07-10,Mono,051,14174,3133,3119,200,3319,7
2022-07-10,Monterey,053,433212,87965,87002,17705,104707,745
2022-07-10,Napa,055,140530,30072,29807,1304,31111,145
2022-07-10,Nevada,057,99092,17892,17693,1555,19248,131
2022-07-10,Orange,059,3164182,617744,610975,52866,663841,7132
2022-07-10,Placer,061,380077,71189,70401,8750,79151,632
2022-07-10,Plumas,063,18699,3390,3339,408,3747,13
2022-07-10,Riverside,065,2383286,646196,638193,31390,669583,6506
2022-07-10,Sacramento,067,1510023,322077,318556,31177,349733,3108
2022-07-10,San Benito,069,59416,14880,14628,768,15396,100
2022-07-10,San Bernardino,071,2135413,623236,610086,27520,637606,7893
2022-07-10,San Diego,073,3302833,853773,844085,64204,908289,5357
2022-07-10,San Francisco,075,870044,164110,161931,10873,172804,914
2022-07-10,San Joaquin,077,732212,184191,181958,12434,194392,2257
2022-07-10,San Luis Obispo,079,281455,59366,58636,5928,64564,498
2022-07-10,San Mateo,081,765935,154881,152319,9641,161960,723
2022-07-10,Santa Barbara,083,443738,97331,96266,5772,102038,697
2022-07-10,Santa Clara,085,1922200,398210,388270,17076,405346,2360
2022-07-10,Santa Cruz,087,273765,57428,56455,2933,59388,266
2022-07-10,Shasta,089,179085,32839,32536,6700,39236,576
2022-07-10,Sierra,091,2930,290,291,58,349,4
2022-07-10,Siskiyou,093,43540,4846,4855,3053,7908,82
2022-07-10,Solano,095,438530,97204,95651,7034,102685,455
2022-07-10,Sonoma,097,501317,99589,98430,4560,102990,496
2022-07-10,Stanislaus,099,539301,128279,126897,19684,146581,1686
2022-07-10,Sutter,101,95872,22340,22165,2340,24505,228
2022-07-10,Tehama,103,63373,12868,12716,2794,15510,205
2022-07-10,Trinity,105,12862,1305,1272,323,1595,20
2022-07-10,Tulare,107,460477,113927,113002,31210,144212,1508
2022-07-10,Tuolumne,109,53932,14290,14019,811,14830,194
2022-07-10,Ventura,111,848112,193542,191462,12702,204164,1518
2022-07-10,Yolo,113,214977,44636,44152,3689,47841,323
2022-07-10,Yuba,115,75493,17487,17345,1479,18824,125
2022-07-09,Alameda,001,1643700,317320,312651,17653,330304,1912
2022-07-09,Alpine,003,1148,130,129,1,130,0
2022-07-09,Amador,005,37829,9415,9335,795,10130,87
2022-07-09,Butte,007,227075,36643,36165,8160,44325,438
2022-07-09,Calaveras,009,45235,7957,7895,431,8326,125
2022-07-09,Colusa,011,21464,3614,3586,1142,4728,22
2022-07-09,Contra Costa,013,1133247,231371,224718,18042,242760,1351
2022-07-09,Del Norte,015,27424,6844,6666,335,7001,54
2022-07-09,El Dorado,017,186661,30330,30070,3867,33937,218
2022-07-09,Fresno,019,978130,255230,250379,27522,277901,2786
2022-07-09,Glenn,021,27897,5287,5231,1753,6984,48
2022-07-09,Humboldt,023,135768,19902,19677,4109,23786,149
2022-07-09,Imperial,025,180216,60369,59558,12423,71981,944
2022-07-09,Inyo,027,18085,4333,4297,727,5024,56
2022-07-09,Kern,029,883053,206076,204128,53185,257313,2359
2022-07-09,Kings,031,150075,55111,54725,3707,58432,449
2022-07-09,Lake,033,64148,11798,11685,1034,12719,140
2022-07-09,Lassen,035,31185,9400,9362,935,10297,64
2022-07-09,Los Angeles,037,10098052,3039538,3002013,152780,3154793,32151
2022-07-09,Madera,039,155013,40401,40081,6967,47048,372
2022-07-09,Marin,041,260295,41764,41271,4729,46000,302
2022-07-09,Mariposa,043,17540,2856,2805,288,3093,30
2022-07-09,Mendocino,045,87422,14769,14610,3896,18506,128
2022-07-09,Merced,047,269075,67605,66616,10069,76685,832
2022-07-09,Modoc,049,8938,819,789,288,1077,9
2022-07-09,Mono,051,14174,3132,3119,200,3319,7
2022-07-09,Monterey,053,433212,87867,87002,17656,104658,745
2022-07-09,Napa,055,140530,30040,29807,1301,31108,145
2022-07-09,Nevada,057,99092,17880,17693,1551,19244,131
2022-07-09,Orange,059,3164182,616883,610975,52690,663665,7132
2022-07-09,Placer,061,380077,71100,70401,8742,79143,632
2022-07-09,Plumas,063,18699,3383,3339,406,3745,13
2022-07-09,Riverside,065,2383286,645298,638193,31335,669528,6506
2022-07-09,Sacramento,067,1510023,321776,318556,31158,349714,3108
2022-07-09,San Benito,069,59416,14860,14628,767,15395,100
2022-07-09,San Bernardino,071,2135413,622517,610086,27469,637555,7893
2022-07-09,San Diego,073,3302833,852865,844085,64116,908201,5357
2022-07-09,San Francisco,075,870044,163881,161931,10852,172783,914
2022-07-09,San Joaquin,077,732212,184023,181958,12405,194363,2257
2022-07-09,San Luis Obispo,079,281455,59309,58636,5909,64545,498
2022-07-09,San Mateo,081,765935,154636,152319,9626,161945,723
2022-07-09,Santa Barbara,083,443738,97198,96266,5762,102028,697
2022-07-09,Santa Clara,085,1922200,397474,388270,17048,405318,2360
2022-07-09,Santa Cruz,087,273765,57351,56455,2924,59379,266
2022-07-09,Shasta,089,179085,32817,32536,6690,39226,576
2022-07-09,Sierra,091,2930,290,291,58,349,4
2022-07-09,Siskiyou,093,43540,4843,4855,3051,7906,82
2022-07-09,Solano,095,438530,97119,95651,7019,102670,455
2022-07-09,Sonoma,097,501317,99504,98430,4554,102984,496
2022-07-09,Stanislaus,099,539301,128116,126897,19653,146550,1686
2022-07-09,Sutter,101,95872,22312,22165,2340,24505,228
2022-07-09,Tehama,103,63373,12852,12716,2785,15501,205
2022-07-09,Trinity,105,12862,1305,1272,322,1594,20
2022-07-09,Tulare,107,460477,113817,113002,31152,144154,1508
2022-07-09,Tuolumne,109,53932,14252,14019,809,14828,194
2022-07-09,Ventura,111,848112,193280,191462,12655,204117,1518
2022-07-09,Yolo,113,214977,44586,44152,3675,47827,323
2022-07-09,Yuba,115,75493,17464,17345,1479,18824,125
2022-07-08,Alameda,001,1643700,316797,312651,17610,330261,1912
2022-07-08,Alpine,003,1148,130,129,1,130,0
2022-07-08,Amador,005,37829,9405,9335,793,10128,87
2022-07-08,Butte,007,227075,36612,36165,8146,44311,438
2022-07-08,Calaveras,009,45235,7942,7895,431,8326,125
2022-07-08,Colusa,011,21464,3610,3586,1142,4728,22
2022-07-08,Contra Costa,013,1133247,231020,224718,17992,242710,1351
2022-07-08,Del Norte,015,27424,6833,6666,333,6999,54
2022-07-08,El Dorado,017,186661,30305,30070,3860,33930,218
2022-07-08,Fresno,019,978130,254861,250379,27469,277848,2786
2022-07-08,Glenn,021,27897,5282,5231,1750,6981,48
2022-07-08,Humboldt,023,135768,19889,19677,4098,23775,149
2022-07-08,Imperial,025,180216,60281,59558,12383,71941,944
2022-07-08,Inyo,027,18085,4332,4297,723,5020,56
2022-07-08,Kern,029,883053,205830,204128,53047,257175,2359
2022-07-08,Kings,031,150075,55069,54725,3706,58431,449
2022-07-08,Lake,033,64148,11781,11685,1031,12716,140
2022-07-08,Lassen,035,31185,9394,9362,934,10296,64
2022-07-08,Los Angeles,037,10098052,3035261,3002013,152197,3154210,32151
2022-07-08,Madera,039,155013,40347,40081,6953,47034,372
2022-07-08,Marin,041,260295,41678,41271,4713,45984,302
2022-07-08,Mariposa,043,17540,2853,2805,287,3092,30
2022-07-08,Mendocino,045,87422,14751,14610,3892,18502,128
2022-07-08,Merced,047,269075,67537,66616,10059,76675,832
2022-07-08,Modoc,049,8938,819,789,288,1077,9
2022-07-08,Mono,051,14174,3130,3119,199,3318,7
2022-07-08,Monterey,053,433212,87739,87002,17626,104628,745
2022-07-08,Napa,055,140530,30016,29807,1300,31107,145
2022-07-08,Nevada,057,99092,17872,17693,1549,19242,131
2022-07-08,Orange,059,3164182,615982,610975,52500,663475,7132
2022-07-08,Placer,061,380077,71025,70401,8728,79129,632
2022-07-08,Plumas,063,18699,3378,3339,406,3745,13
2022-07-08,Riverside,065,2383286,644386,638193,31277,669470,6506
2022-07-08,Sacramento,067,1510023,321336,318556,31134,349690,3108
2022-07-08,San Benito,069,59416,14843,14628,764,15392,100
2022-07-08,San Bernardino,071,2135413,621760,610086,27426,637512,7893
2022-07-08,San Diego,073,3302833,851612,844085,63950,908035,5357
2022-07-08,San Francisco,075,870044,163616,161931,10825,172756,914
2022-07-08,San Joaquin,077,732212,183849,181958,12388,194346,2257
2022-07-08,San Luis Obispo,079,281455,59273,58636,5894,64530,498
2022-07-08,San Mateo,081,765935,154340,152319,9612,161931,723
2022-07-08,Santa Barbara,083,443738,97071,96266,5758,102024,697
2022-07-08,Santa Clara,085,1922200,396703,388270,17026,405296,2360
2022-07-08,Santa Cruz,087,273765,57263,56455,2916,59371,266
2022-07-08,Shasta,089,179085,32787,32536,6682,39218,576
2022-07-08,Sierra,091,2930,290,291,58,349,4
2022-07-08,Siskiyou,093,43540,4841,4855,3048,7903,82
2022-07-08,Solano,095,438530,97001,95651,7005,102656,455
2022-07-08,Sonoma,097,501317,99354,98430,4537,102967,496
2022-07-08,Stanislaus,099,539301,127978,126897,19640,146537,1686
2022-07-08,Sutter,101,95872,22287,22165,2339,24504,228
2022-07-08,Tehama,103,63373,12840,12716,2783,15499,205
2022-07-08,Trinity,105,12862,1303,1272,321,1593,20
2022-07-08,Tulare,107,460477,113697,113002,31084,144086,1508
2022-07-08,Tuolumne,109,53932,14221,14019,803,14822,194
2022-07-08,Ventura,111,848112,193041,191462,12616,204078,1518
2022-07-08,Yolo,113,214977,44533,44152,3663,47815,323
2022-07-08,Yuba,115,75493,17448,17345,1478,18823,125
2022-07-07,Alameda,001,1643700,315995,312651,17563,330214,1912
2022-07-07,Alpine,003,1148,129,129,1,130,0
2022-07-07,Amador,005,37829,9389,9335,786,10121,87
2022-07-07,Butte,007,227075,36548,36165,8126,44291,438
2022-07-07,Calaveras,009,45235,7933,7895,426,8321,125
2022-07-07,Colusa,011,21464,3605,3586,1141,4727,22
2022-07-07,Contra Costa,013,1133247,230473,224718,17916,242634,1351
2022-07-07,Del Norte,015,27424,6807,6666,329,6995,54
2022-07-07,El Dorado,017,186661,30253,30070,3849,33919,218
2022-07-07,Fresno,019,978130,254311,250379,27365,277744,2786
2022-07-07,Glenn,021,27897,5276,5231,1748,6979,48
2022-07-07,Humboldt,023,135768,19844,19677,4082,23759,149
2022-07-07,Imperial,025,180216,60106,59558,12273,71831,944
2022-07-07,Inyo,027,18085,4328,4297,715,5012,56
2022-07-07,Kern,029,883053,205530,204128,52839,256967,2359
2022-07-07,Kings,031,150075,54992,54725,3702,58427,449
2022-07-07,Lake,033,64148,11760,11685,1031,12716,140
2022-07-07,Lassen,035,31185,9393,9362,934,10296,64
2022-07-07,Los Angeles,037,10098052,3028922,3002013,151510,3153523,32151
2022-07-07,Madera,039,155013,40267,40081,6937,47018,372
2022-07-07,Marin,041,260295,41600,41271,4702,45973,302
2022-07-07,Mariposa,043,17540,2846,2805,284,3089,30
2022-07-07,Mendocino,045,87422,14734,14610,3887,18497,128
2022-07-07,Merced,047,269075,67423,66616,10026,76642,832
2022-07-07,Modoc,049,8938,814,789,285,1074,9
2022-07-07,Mono,051,14174,3129,3119,197,3316,7
2022-07-07,Monterey,053,433212,87579,87002,17563,104565,745
2022-07-07,Napa,055,140530,29946,29807,1292,31099,145
2022-07-07,Nevada,057,99092,17842,17693,1544,19237,131
2022-07-07,Orange,059,3164182,614592,610975,52287,663262,7132
2022-07-07,Placer,061,380077,70915,70401,8703,79104,632
2022-07-07,Plumas,063,18699,3371,3339,405,3744,13
2022-07-07,Riverside,065,2383286,643063,638193,31214,669407,6506
2022-07-07,Sacramento,067,1510023,320700,318556,31083,349639,3108
2022-07-07,San Benito,069,59416,14813,14628,764,15392,100
2022-07-07,San Bernardino,071,2135413,620458,610086,27362,637448,7893
2022-07-07,San Diego,073,3302833,849698,844085,63717,907802,5357
2022-07-07,San Francisco,075,870044,163234,161931,10772,172703,914
2022-07-07,San Joaquin,077,732212,183512,181958,12337,194295,2257
2022-07-07,San Luis Obispo,079,281455,59194,58636,5862,64498,498
2022-07-07,San Mateo,081,765935,153992,152319,9603,161922,723
2022-07-07,Santa Barbara,083,443738,96877,96266,5743,102009,697
2022-07-07,Santa Clara,085,1922200,395716,388270,16975,405245,2360
2022-07-07,Santa Cruz,087,273765,57106,56455,2902,59357,266
2022-07-07,Shasta,089,179085,32752,32536,6665,39201,576
2022-07-07,Sierra,091,2930,289,291,57,348,4
2022-07-07,Siskiyou,093,43540,4835,4855,3043,7898,82
2022-07-07,Solano,095,438530,96727,95651,6992,102643,455
2022-07-07,Sonoma,097,501317,99217,98430,4518,102948,496
2022-07-07,Stanislaus,099,539301,127778,126897,19603,146500,1686
2022-07-07,Sutter,101,95872,22241,22165,2337,24502,228
2022-07-07,Tehama,103,63373,12823,12716,2774,15490,205
2022-07-07,Trinity,105,12862,1298,1272,320,1592,20
2022-07-07,Tulare,107,460477,113489,113002,30991,143993,1508
2022-07-07,Tuolumne,109,53932,14184,14019,798,14817,194
2022-07-07,Ventura,111,848112,192721,191462,12535,203997,1518
2022-07-07,Yolo,113,214977,44476,44152,3650,47802,323
2022-07-07,Yuba,115,75493,17414,17345,1476,18821,125
2022-07-06,Alameda,001,1643700,315162,310551,17519,328070,1899
2022-07-06,Alpine,003,1148,129,129,1,130,0
2022-07-06,Amador,005,37829,9370,9301,786,10087,87
2022-07-06,Butte,007,227075,36484,36053,8110,44163,436
2022-07-06,Calaveras,009,45235,7924,7873,424,8297,124
2022-07-06,Colusa,011,21464,3602,3579,1140,4719,22
2022-07-06,Contra Costa,013,1133247,229957,223500,17861,241361,1348
2022-07-06,Del Norte,015,27424,6777,6623,327,6950,54
2022-07-06,El Dorado,017,186661,30208,29953,3837,33790,218
2022-07-06,Fresno,019,978130,253752,249480,27282,276762,2786
2022-07-06,Glenn,021,27897,5271,5222,1748,6970,48
2022-07-06,Humboldt,023,135768,19797,19608,4071,23679,149
2022-07-06,Imperial,025,180216,59906,59184,12186,71370,944
2022-07-06,Inyo,027,18085,4322,4282,709,4991,56
2022-07-06,Kern,029,883053,205207,203587,52619,256206,2353
2022-07-06,Kings,031,150075,54875,54560,3697,58257,449
2022-07-06,Lake,033,64148,11741,11659,1031,12690,140
2022-07-06,Lassen,035,31185,9376,9350,934,10284,64
2022-07-06,Los Angeles,037,10098052,3022471,2991161,150790,3141951,32116
2022-07-06,Madera,039,155013,40196,39952,6915,46867,372
2022-07-06,Marin,041,260295,41532,41036,4692,45728,302
2022-07-06,Mariposa,043,17540,2836,2797,284,3081,30
2022-07-06,Mendocino,045,87422,14706,14540,3875,18415,127
2022-07-06,Merced,047,269075,67302,66420,10003,76423,832
2022-07-06,Modoc,049,8938,808,788,283,1071,8
2022-07-06,Mono,051,14174,3128,3109,197,3306,7
2022-07-06,Monterey,053,433212,87421,86639,17497,104136,744
2022-07-06,Napa,055,140530,29886,29690,1290,30980,144
2022-07-06,Nevada,057,99092,17813,17660,1538,19198,131
2022-07-06,Orange,059,3164182,613069,608084,52065,660149,7125
2022-07-06,Placer,061,380077,70801,70113,8682,78795,632
2022-07-06,Plumas,063,18699,3360,3316,404,3720,13
2022-07-06,Riverside,065,2383286,641700,636209,31142,667351,6505
2022-07-06,Sacramento,067,1510023,320010,317315,31038,348353,3104
2022-07-06,San Benito,069,59416,14771,14556,753,15309,100
2022-07-06,San Bernardino,071,2135413,619205,608119,27286,635405,7870
2022-07-06,San Diego,073,3302833,847575,839970,63461,903431,5349
2022-07-06,San Francisco,075,870044,162815,160612,10739,171351,910
2022-07-06,San Joaquin,077,732212,183196,181448,12307,193755,2256
2022-07-06,San Luis Obispo,079,281455,59082,58488,5823,64311,496
2022-07-06,San Mateo,081,765935,153586,151344,9573,160917,723
2022-07-06,Santa Barbara,083,443738,96686,95918,5722,101640,702
2022-07-06,Santa Clara,085,1922200,394617,385553,16908,402461,2358
2022-07-06,Santa Cruz,087,273765,56964,56307,2883,59190,267
2022-07-06,Shasta,089,179085,32698,32444,6642,39086,570
2022-07-06,Sierra,091,2930,289,290,57,347,4
2022-07-06,Siskiyou,093,43540,4830,4841,3037,7878,82
2022-07-06,Solano,095,438530,96475,95181,6967,102148,455
2022-07-06,Sonoma,097,501317,99035,98031,4500,102531,495
2022-07-06,Stanislaus,099,539301,127555,126492,19572,146064,1682
2022-07-06,Sutter,101,95872,22190,22089,2336,24425,228
2022-07-06,Tehama,103,63373,12812,12680,2768,15448,205
2022-07-06,Trinity,105,12862,1290,1263,316,1579,20
2022-07-06,Tulare,107,460477,113276,112684,30898,143582,1500
2022-07-06,Tuolumne,109,53932,14151,13960,786,14746,189
2022-07-06,Ventura,111,848112,192338,190794,12460,203254,1517
2022-07-06,Yolo,113,214977,44393,43171,3630,46801,324
2022-07-06,Yuba,115,75493,17376,17277,1470,18747,124
2022-07-05,Alameda,001,1643700,314176,310551,17463,328014,1899
2022-07-05,Alpine,003,1148,129,129,1,130,0
2022-07-05,Amador,005,37829,9355,9301,782,10083,87
2022-07-05,Butte,007,227075,36401,36053,8089,44142,436
2022-07-05,Calaveras,009,45235,7913,7873,423,8296,124
2022-07-05,Colusa,011,21464,3597,3579,1138,4717,22
2022-07-05,Contra Costa,013,1133247,229325,223500,17785,241285,1348
2022-07-05,Del Norte,015,27424,6751,6623,322,6945,54
2022-07-05,El Dorado,017,186661,30158,29953,3828,33781,218
2022-07-05,Fresno,019,978130,253152,249480,27195,276675,2786
2022-07-05,Glenn,021,27897,5262,5222,1747,6969,48
2022-07-05,Humboldt,023,135768,19759,19608,4060,23668,149
2022-07-05,Imperial,025,180216,59765,59184,12087,71271,944
2022-07-05,Inyo,027,18085,4308,4282,699,4981,56
2022-07-05,Kern,029,883053,204770,203587,52378,255965,2353
2022-07-05,Kings,031,150075,54745,54560,3683,58243,449
2022-07-05,Lake,033,64148,11718,11659,1028,12687,140
2022-07-05,Lassen,035,31185,9365,9350,934,10284,64
2022-07-05,Los Angeles,037,10098052,3015542,2991161,150030,3141191,32116
2022-07-05,Madera,039,155013,40111,39952,6890,46842,372
2022-07-05,Marin,041,260295,41431,41036,4682,45718,302
2022-07-05,Mariposa,043,17540,2826,2797,281,3078,30
2022-07-05,Mendocino,045,87422,14660,14540,3859,18399,127
2022-07-05,Merced,047,269075,67182,66420,9972,76392,832
2022-07-05,Modoc,049,8938,800,788,283,1071,8
2022-07-05,Mono,051,14174,3125,3109,194,3303,7
2022-07-05,Monterey,053,433212,87257,86639,17445,104084,744
2022-07-05,Napa,055,140530,29833,29690,1285,30975,144
2022-07-05,Nevada,057,99092,17774,17660,1528,19188,131
2022-07-05,Orange,059,3164182,611519,608084,51818,659902,7125
2022-07-05,Placer,061,380077,70696,70113,8661,78774,632
2022-07-05,Plumas,063,18699,3350,3316,403,3719,13
2022-07-05,Riverside,065,2383286,640233,636209,31055,667264,6505
2022-07-05,Sacramento,067,1510023,319361,317315,30970,348285,3104
2022-07-05,San Benito,069,59416,14737,14556,746,15302,100
2022-07-05,San Bernardino,071,2135413,617877,608119,27208,635327,7870
2022-07-05,San Diego,073,3302833,845230,839970,63226,903196,5349
2022-07-05,San Francisco,075,870044,162292,160612,10713,171325,910
2022-07-05,San Joaquin,077,732212,182832,181448,12234,193682,2256
2022-07-05,San Luis Obispo,079,281455,58923,58488,5781,64269,496
2022-07-05,San Mateo,081,765935,153101,151344,9551,160895,723
2022-07-05,Santa Barbara,083,443738,96462,95918,5693,101611,702
2022-07-05,Santa Clara,085,1922200,393453,385553,16845,402398,2358
2022-07-05,Santa Cruz,087,273765,56789,56307,2867,59174,267
2022-07-05,Shasta,089,179085,32656,32444,6618,39062,570
2022-07-05,Sierra,091,2930,289,290,57,347,4
2022-07-05,Siskiyou,093,43540,4826,4841,3025,7866,82
2022-07-05,Solano,095,438530,96185,95181,6943,102124,455
2022-07-05,Sonoma,097,501317,98790,98031,4482,102513,495
2022-07-05,Stanislaus,099,539301,127314,126492,19530,146022,1682
2022-07-05,Sutter,101,95872,22148,22089,2334,24423,228
2022-07-05,Tehama,103,63373,12787,12680,2764,15444,205
2022-07-05,Trinity,105,12862,1281,1263,314,1577,20
2022-07-05,Tulare,107,460477,113038,112684,30817,143501,1500
2022-07-05,Tuolumne,109,53932,14117,13960,779,14739,189
2022-07-05,Ventura,111,848112,191938,190794,12397,203191,1517
2022-07-05,Yolo,113,214977,44307,43171,3620,46791,324
2022-07-05,Yuba,115,75493,17347,17277,1469,18746,124
2022-07-04,Alameda,001,1643700,313021,310551,17380,327931,1899
2022-07-04,Alpine,003,1148,129,129,1,130,0
2022-07-04,Amador,005,37829,9342,9301,781,10082,87
2022-07-04,Butte,007,227075,36291,36053,8071,44124,436
2022-07-04,Calaveras,009,45235,7903,7873,423,8296,124
2022-07-04,Colusa,011,21464,3593,3579,1136,4715,22
2022-07-04,Contra Costa,013,1133247,228611,223500,17684,241184,1348
2022-07-04,Del Norte,015,27424,6718,6623,318,6941,54
2022-07-04,El Dorado,017,186661,30073,29953,3810,33763,218
2022-07-04,Fresno,019,978130,252511,249480,27064,276544,2786
2022-07-04,Glenn,021,27897,5254,5222,1741,6963,48
2022-07-04,Humboldt,023,135768,19688,19608,4046,23654,149
2022-07-04,Imperial,025,180216,59558,59184,11967,71151,944
2022-07-04,Inyo,027,18085,4305,4282,689,4971,56
2022-07-04,Kern,029,883053,204321,203587,52100,255687,2353
2022-07-04,Kings,031,150075,54595,54560,3679,58239,449
2022-07-04,Lake,033,64148,11705,11659,1026,12685,140
2022-07-04,Lassen,035,31185,9357,9350,933,10283,64
2022-07-04,Los Angeles,037,10098052,3007056,2991161,149112,3140273,32116
2022-07-04,Madera,039,155013,40017,39952,6864,46816,372
2022-07-04,Marin,041,260295,41314,41036,4671,45707,302
2022-07-04,Mariposa,043,17540,2816,2797,276,3073,30
2022-07-04,Mendocino,045,87422,14624,14540,3813,18353,127
2022-07-04,Merced,047,269075,67052,66420,9924,76344,832
2022-07-04,Modoc,049,8938,792,788,279,1067,8
2022-07-04,Mono,051,14174,3123,3109,192,3301,7
2022-07-04,Monterey,053,433212,87063,86639,17375,104014,744
2022-07-04,Napa,055,140530,29768,29690,1281,30971,144
2022-07-04,Nevada,057,99092,17732,17660,1520,19180,131
2022-07-04,Orange,059,3164182,609722,608084,51514,659598,7125
2022-07-04,Placer,061,380077,70521,70113,8631,78744,632
2022-07-04,Plumas,063,18699,3332,3316,402,3718,13
2022-07-04,Riverside,065,2383286,638590,636209,30960,667169,6505
2022-07-04,Sacramento,067,1510023,318580,317315,30879,348194,3104
2022-07-04,San Benito,069,59416,14681,14556,741,15297,100
2022-07-04,San Bernardino,071,2135413,616273,608119,27133,635252,7870
2022-07-04,San Diego,073,3302833,842604,839970,62889,902859,5349
2022-07-04,San Francisco,075,870044,161670,160612,10653,171265,910
2022-07-04,San Joaquin,077,732212,182427,181448,12168,193616,2256
2022-07-04,San Luis Obispo,079,281455,58734,58488,5710,64198,496
2022-07-04,San Mateo,081,765935,152581,151344,9512,160856,723
2022-07-04,Santa Barbara,083,443738,96238,95918,5670,101588,702
2022-07-04,Santa Clara,085,1922200,391960,385553,16777,402330,2358
2022-07-04,Santa Cruz,087,273765,56591,56307,2845,59152,267
2022-07-04,Shasta,089,179085,32579,32444,6589,39033,570
2022-07-04,Sierra,091,2930,289,290,57,347,4
2022-07-04,Siskiyou,093,43540,4820,4841,3019,7860,82
2022-07-04,Solano,095,438530,95836,95181,6907,102088,455
2022-07-04,Sonoma,097,501317,98495,98031,4455,102486,495
2022-07-04,Stanislaus,099,539301,127024,126492,19478,145970,1682
2022-07-04,Sutter,101,95872,22102,22089,2332,24421,228
2022-07-04,Tehama,103,63373,12761,12680,2750,15430,205
2022-07-04,Trinity,105,12862,1276,1263,312,1575,20
2022-07-04,Tulare,107,460477,112801,112684,30705,143389,1500
2022-07-04,Tuolumne,109,53932,14075,13960,775,14735,189
2022-07-04,Ventura,111,848112,191468,190794,12291,203085,1517
2022-07-04,Yolo,113,214977,44213,43171,3602,46773,324
2022-07-04,Yuba,115,75493,17308,17277,1469,18746,124
2022-07-03,Alameda,001,1643700,312464,307672,17351,325023,1898
2022-07-03,Alpine,003,1148,129,129,1,130,0
2022-07-03,Amador,005,37829,9334,9243,778,10021,87
2022-07-03,Butte,007,227075,36277,35846,8064,43910,436
2022-07-03,Calaveras,009,45235,7887,7836,423,8259,124
2022-07-03,Colusa,011,21464,3591,3566,1134,4700,22
2022-07-03,Contra Costa,013,1133247,228258,221545,17652,239197,1343
2022-07-03,Del Norte,015,27424,6709,6543,317,6860,53
2022-07-03,El Dorado,017,186661,30041,29764,3804,33568,217
2022-07-03,Fresno,019,978130,252260,247952,27028,274980,2783
2022-07-03,Glenn,021,27897,5253,5211,1738,6949,48
2022-07-03,Humboldt,023,135768,19666,19516,4037,23553,149
2022-07-03,Imperial,025,180216,59483,58768,11928,70696,944
2022-07-03,Inyo,027,18085,4301,4261,687,4948,56
2022-07-03,Kern,029,883053,204179,202502,51945,254447,2352
2022-07-03,Kings,031,150075,54570,54262,3677,57939,449
2022-07-03,Lake,033,64148,11694,11595,1026,12621,140
2022-07-03,Lassen,035,31185,9354,9336,932,10268,64
2022-07-03,Los Angeles,037,10098052,3004234,2969395,148733,3118128,32089
2022-07-03,Madera,039,155013,39990,39738,6859,46597,372
2022-07-03,Marin,041,260295,41244,40653,4662,45315,297
2022-07-03,Mariposa,043,17540,2812,2780,275,3055,30
2022-07-03,Mendocino,045,87422,14612,14464,3812,18276,127
2022-07-03,Merced,047,269075,67005,66093,9919,76012,832
2022-07-03,Modoc,049,8938,792,787,279,1066,8
2022-07-03,Mono,051,14174,3122,3099,191,3290,7
2022-07-03,Monterey,053,433212,86951,86212,17321,103533,744
2022-07-03,Napa,055,140530,29748,29486,1278,30764,145
2022-07-03,Nevada,057,99092,17713,17546,1513,19059,131
2022-07-03,Orange,059,3164182,609179,603511,51370,654881,7114
2022-07-03,Placer,061,380077,70435,69606,8617,78223,631
2022-07-03,Plumas,063,18699,3325,3294,402,3696,13
2022-07-03,Riverside,065,2383286,638019,632038,30917,662955,6502
2022-07-03,Sacramento,067,1510023,318311,315165,30859,346024,3100
2022-07-03,San Benito,069,59416,14674,14420,740,15160,100
2022-07-03,San Bernardino,071,2135413,615666,604093,27098,631191,7860
2022-07-03,San Diego,073,3302833,841874,834116,62816,896932,5341
2022-07-03,San Francisco,075,870044,161334,158871,10641,169512,910
2022-07-03,San Joaquin,077,732212,182254,180368,12131,192499,2256
2022-07-03,San Luis Obispo,079,281455,58665,58079,5700,63779,489
2022-07-03,San Mateo,081,765935,152275,149812,9495,159307,723
2022-07-03,Santa Barbara,083,443738,96130,95214,5658,100872,699
2022-07-03,Santa Clara,085,1922200,391233,381630,16745,398375,2355
2022-07-03,Santa Cruz,087,273765,56530,55757,2824,58581,267
2022-07-03,Shasta,089,179085,32544,32280,6579,38859,570
2022-07-03,Sierra,091,2930,288,283,57,340,4
2022-07-03,Siskiyou,093,43540,4817,4808,3017,7825,82
2022-07-03,Solano,095,438530,95758,94437,6901,101338,455
2022-07-03,Sonoma,097,501317,98386,97379,4450,101829,495
2022-07-03,Stanislaus,099,539301,126904,125788,19462,145250,1681
2022-07-03,Sutter,101,95872,22081,21935,2331,24266,228
2022-07-03,Tehama,103,63373,12743,12615,2748,15363,205
2022-07-03,Trinity,105,12862,1275,1256,309,1565,20
2022-07-03,Tulare,107,460477,112703,112118,30667,142785,1500
2022-07-03,Tuolumne,109,53932,14052,13886,772,14658,189
2022-07-03,Ventura,111,848112,191257,189493,12270,201763,1517
2022-07-03,Yolo,113,214977,44170,42760,3592,46352,324
2022-07-03,Yuba,115,75493,17294,17168,1468,18636,124
2022-07-02,Alameda,001,1643700,312085,307672,17323,324995,1898
2022-07-02,Alpine,003,1148,129,129,1,130,0
2022-07-02,Amador,005,37829,9318,9243,777,10020,87
2022-07-02,Butte,007,227075,36252,35846,8051,43897,436
2022-07-02,Calaveras,009,45235,7881,7836,423,8259,124
2022-07-02,Colusa,011,21464,3587,3566,1132,4698,22
2022-07-02,Contra Costa,013,1133247,227913,221545,17600,239145,1343
2022-07-02,Del Norte,015,27424,6699,6543,317,6860,53
2022-07-02,El Dorado,017,186661,30007,29764,3800,33564,217
2022-07-02,Fresno,019,978130,252033,247952,26991,274943,2783
2022-07-02,Glenn,021,27897,5248,5211,1737,6948,48
2022-07-02,Humboldt,023,135768,19640,19516,4033,23549,149
2022-07-02,Imperial,025,180216,59403,58768,11907,70675,944
2022-07-02,Inyo,027,18085,4297,4261,685,4946,56
2022-07-02,Kern,029,883053,204026,202502,51784,254286,2352
2022-07-02,Kings,031,150075,54525,54262,3677,57939,449
2022-07-02,Lake,033,64148,11685,11595,1024,12619,140
2022-07-02,Lassen,035,31185,9353,9336,931,10267,64
2022-07-02,Los Angeles,037,10098052,3001472,2969395,148308,3117703,32089
2022-07-02,Madera,039,155013,39960,39738,6855,46593,372
2022-07-02,Marin,041,260295,41182,40653,4645,45298,297
2022-07-02,Mariposa,043,17540,2808,2780,274,3054,30
2022-07-02,Mendocino,045,87422,14584,14464,3812,18276,127
2022-07-02,Merced,047,269075,66946,66093,9910,76003,832
2022-07-02,Modoc,049,8938,792,787,278,1065,8
2022-07-02,Mono,051,14174,3119,3099,191,3290,7
2022-07-02,Monterey,053,433212,86860,86212,17283,103495,744
2022-07-02,Napa,055,140530,29719,29486,1278,30764,145
2022-07-02,Nevada,057,99092,17698,17546,1507,19053,131
2022-07-02,Orange,059,3164182,608527,603511,51213,654724,7114
2022-07-02,Placer,061,380077,70343,69606,8603,78209,631
2022-07-02,Plumas,063,18699,3316,3294,402,3696,13
2022-07-02,Riverside,065,2383286,637425,632038,30872,662910,6502
2022-07-02,Sacramento,067,1510023,317975,315165,30835,346000,3100
2022-07-02,San Benito,069,59416,14655,14420,731,15151,100
2022-07-02,San Bernardino,071,2135413,615132,604093,27063,631156,7860
2022-07-02,San Diego,073,3302833,841067,834116,62750,896866,5341
2022-07-02,San Francisco,075,870044,161051,158871,10617,169488,910
2022-07-02,San Joaquin,077,732212,182121,180368,12105,192473,2256
2022-07-02,San Luis Obispo,079,281455,58616,58079,5686,63765,489
2022-07-02,San Mateo,081,765935,152017,149812,9476,159288,723
2022-07-02,Santa Barbara,083,443738,96003,95214,5647,100861,699
2022-07-02,Santa Clara,085,1922200,390500,381630,16715,398345,2355
2022-07-02,Santa Cruz,087,273765,56471,55757,2813,58570,267
2022-07-02,Shasta,089,179085,32514,32280,6568,38848,570
2022-07-02,Sierra,091,2930,288,283,57,340,4
2022-07-02,Siskiyou,093,43540,4813,4808,3016,7824,82
2022-07-02,Solano,095,438530,95685,94437,6885,101322,455
2022-07-02,Sonoma,097,501317,98281,97379,4442,101821,495
2022-07-02,Stanislaus,099,539301,126785,125788,19446,145234,1681
2022-07-02,Sutter,101,95872,22062,21935,2331,24266,228
2022-07-02,Tehama,103,63373,12720,12615,2747,15362,205
2022-07-02,Trinity,105,12862,1273,1256,308,1564,20
2022-07-02,Tulare,107,460477,112602,112118,30626,142744,1500
2022-07-02,Tuolumne,109,53932,14039,13886,763,14649,189
2022-07-02,Ventura,111,848112,191085,189493,12245,201738,1517
2022-07-02,Yolo,113,214977,44125,42760,3585,46345,324
2022-07-02,Yuba,115,75493,17282,17168,1468,18636,124
2022-07-01,Alameda,001,1643700,311602,307672,17294,324966,1898
2022-07-01,Alpine,003,1148,129,129,1,130,0
2022-07-01,Amador,005,37829,9313,9243,775,10018,87
2022-07-01,Butte,007,227075,36225,35846,8033,43879,436
2022-07-01,Calaveras,009,45235,7870,7836,423,8259,124
2022-07-01,Colusa,011,21464,3584,3566,1132,4698,22
2022-07-01,Contra Costa,013,1133247,227611,221545,17557,239102,1343
2022-07-01,Del Norte,015,27424,6679,6543,315,6858,53
2022-07-01,El Dorado,017,186661,29982,29764,3792,33556,217
2022-07-01,Fresno,019,978130,251746,247952,26936,274888,2783
2022-07-01,Glenn,021,27897,5248,5211,1737,6948,48
2022-07-01,Humboldt,023,135768,19618,19516,4024,23540,149
2022-07-01,Imperial,025,180216,59327,58768,11880,70648,944
2022-07-01,Inyo,027,18085,4290,4261,679,4940,56
2022-07-01,Kern,029,883053,203820,202502,51649,254151,2352
2022-07-01,Kings,031,150075,54492,54262,3673,57935,449
2022-07-01,Lake,033,64148,11674,11595,1023,12618,140
2022-07-01,Lassen,035,31185,9350,9336,931,10267,64
2022-07-01,Los Angeles,037,10098052,2997987,2969395,147792,3117187,32089
2022-07-01,Madera,039,155013,39917,39738,6841,46579,372
2022-07-01,Marin,041,260295,41109,40653,4632,45285,297
2022-07-01,Mariposa,043,17540,2806,2780,273,3053,30
2022-07-01,Mendocino,045,87422,14564,14464,3808,18272,127
2022-07-01,Merced,047,269075,66861,66093,9906,75999,832
2022-07-01,Modoc,049,8938,792,787,277,1064,8
2022-07-01,Mono,051,14174,3111,3099,190,3289,7
2022-07-01,Monterey,053,433212,86777,86212,17252,103464,744
2022-07-01,Napa,055,140530,29675,29486,1278,30764,145
2022-07-01,Nevada,057,99092,17678,17546,1502,19048,131
2022-07-01,Orange,059,3164182,607812,603511,51052,654563,7114
2022-07-01,Placer,061,380077,70276,69606,8583,78189,631
2022-07-01,Plumas,063,18699,3313,3294,402,3696,13
2022-07-01,Riverside,065,2383286,636709,632038,30819,662857,6502
2022-07-01,Sacramento,067,1510023,317593,315165,30819,345984,3100
2022-07-01,San Benito,069,59416,14637,14420,730,15150,100
2022-07-01,San Bernardino,071,2135413,614492,604093,27029,631122,7860
2022-07-01,San Diego,073,3302833,840034,834116,62609,896725,5341
2022-07-01,San Francisco,075,870044,160776,158871,10578,169449,910
2022-07-01,San Joaquin,077,732212,181976,180368,12072,192440,2256
2022-07-01,San Luis Obispo,079,281455,58587,58079,5674,63753,489
2022-07-01,San Mateo,081,765935,151737,149812,9460,159272,723
2022-07-01,Santa Barbara,083,443738,95887,95214,5638,100852,699
2022-07-01,Santa Clara,085,1922200,389799,381630,16679,398309,2355
2022-07-01,Santa Cruz,087,273765,56405,55757,2800,58557,267
2022-07-01,Shasta,089,179085,32494,32280,6558,38838,570
2022-07-01,Sierra,091,2930,288,283,57,340,4
2022-07-01,Siskiyou,093,43540,4813,4808,3014,7822,82
2022-07-01,Solano,095,438530,95515,94437,6868,101305,455
2022-07-01,Sonoma,097,501317,98160,97379,4423,101802,495
2022-07-01,Stanislaus,099,539301,126656,125788,19419,145207,1681
2022-07-01,Sutter,101,95872,22033,21935,2331,24266,228
2022-07-01,Tehama,103,63373,12711,12615,2745,15360,205
2022-07-01,Trinity,105,12862,1272,1256,308,1564,20
2022-07-01,Tulare,107,460477,112505,112118,30584,142702,1500
2022-07-01,Tuolumne,109,53932,14020,13886,756,14642,189
2022-07-01,Ventura,111,848112,190874,189493,12209,201702,1517
2022-07-01,Yolo,113,214977,44090,42760,3570,46330,324
2022-07-01,Yuba,115,75493,17261,17168,1468,18636,124
2022-06-30,Alameda,001,1643700,310777,307672,17239,324911,1898
2022-06-30,Alpine,003,1148,129,129,1,130,0
2022-06-30,Amador,005,37829,9303,9243,772,10015,87
2022-06-30,Butte,007,227075,36175,35846,8016,43862,436
2022-06-30,Calaveras,009,45235,7859,7836,422,8258,124
2022-06-30,Colusa,011,21464,3580,3566,1130,4696,22
2022-06-30,Contra Costa,013,1133247,227061,221545,17486,239031,1343
2022-06-30,Del Norte,015,27424,6662,6543,312,6855,53
2022-06-30,El Dorado,017,186661,29937,29764,3782,33546,217
2022-06-30,Fresno,019,978130,251347,247952,26888,274840,2783
2022-06-30,Glenn,021,27897,5245,5211,1737,6948,48
2022-06-30,Humboldt,023,135768,19581,19516,4018,23534,149
2022-06-30,Imperial,025,180216,59213,58768,11848,70616,944
2022-06-30,Inyo,027,18085,4284,4261,679,4940,56
2022-06-30,Kern,029,883053,203502,202502,51463,253965,2352
2022-06-30,Kings,031,150075,54416,54262,3670,57932,449
2022-06-30,Lake,033,64148,11655,11595,1020,12615,140
2022-06-30,Lassen,035,31185,9347,9336,930,10266,64
2022-06-30,Los Angeles,037,10098052,2992585,2969395,147192,3116587,32089
2022-06-30,Madera,039,155013,39851,39738,6814,46552,372
2022-06-30,Marin,041,260295,41025,40653,4625,45278,297
2022-06-30,Mariposa,043,17540,2799,2780,271,3051,30
2022-06-30,Mendocino,045,87422,14547,14464,3802,18266,127
2022-06-30,Merced,047,269075,66762,66093,9889,75982,832
2022-06-30,Modoc,049,8938,791,787,276,1063,8
2022-06-30,Mono,051,14174,3109,3099,189,3288,7
2022-06-30,Monterey,053,433212,86628,86212,17189,103401,744
2022-06-30,Napa,055,140530,29617,29486,1272,30758,145
2022-06-30,Nevada,057,99092,17650,17546,1495,19041,131
2022-06-30,Orange,059,3164182,606646,603511,50850,654361,7114
2022-06-30,Placer,061,380077,70126,69606,8555,78161,631
2022-06-30,Plumas,063,18699,3308,3294,401,3695,13
2022-06-30,Riverside,065,2383286,635611,632038,30749,662787,6502
2022-06-30,Sacramento,067,1510023,316999,315165,30781,345946,3100
2022-06-30,San Benito,069,59416,14601,14420,727,15147,100
2022-06-30,San Bernardino,071,2135413,613445,604093,26987,631080,7860
2022-06-30,San Diego,073,3302833,838516,834116,62397,896513,5341
2022-06-30,San Francisco,075,870044,160352,158871,10548,169419,910
2022-06-30,San Joaquin,077,732212,181696,180368,12041,192409,2256
2022-06-30,San Luis Obispo,079,281455,58487,58079,5646,63725,489
2022-06-30,San Mateo,081,765935,151315,149812,9429,159241,723
2022-06-30,Santa Barbara,083,443738,95689,95214,5626,100840,699
2022-06-30,Santa Clara,085,1922200,388706,381630,16634,398264,2355
2022-06-30,Santa Cruz,087,273765,56286,55757,2786,58543,267
2022-06-30,Shasta,089,179085,32454,32280,6539,38819,570
2022-06-30,Sierra,091,2930,288,283,57,340,4
2022-06-30,Siskiyou,093,43540,4808,4808,3007,7815,82
2022-06-30,Solano,095,438530,95313,94437,6837,101274,455
2022-06-30,Sonoma,097,501317,97996,97379,4402,101781,495
2022-06-30,Stanislaus,099,539301,126461,125788,19388,145176,1681
2022-06-30,Sutter,101,95872,22000,21935,2329,24264,228
2022-06-30,Tehama,103,63373,12690,12615,2742,15357,205
2022-06-30,Trinity,105,12862,1266,1256,306,1562,20
2022-06-30,Tulare,107,460477,112358,112118,30509,142627,1500
2022-06-30,Tuolumne,109,53932,14001,13886,750,14636,189
2022-06-30,Ventura,111,848112,190530,189493,12134,201627,1517
2022-06-30,Yolo,113,214977,44019,42760,3552,46312,324
2022-06-30,Yuba,115,75493,17233,17168,1462,18630,124
2022-06-29,Alameda,001,1643700,309977,305288,17198,322486,1895
2022-06-29,Alpine,003,1148,129,129,1,130,0
2022-06-29,Amador,005,37829,9296,9205,772,9977,87
2022-06-29,Butte,007,227075,36127,35651,8000,43651,434
2022-06-29,Calaveras,009,45235,7848,7798,419,8217,124
2022-06-29,Colusa,011,21464,3577,3548,1128,4676,22
2022-06-29,Contra Costa,013,1133247,226578,219921,17432,237353,1339
2022-06-29,Del Norte,015,27424,6637,6484,308,6792,53
2022-06-29,El Dorado,017,186661,29879,29549,3766,33315,216
2022-06-29,Fresno,019,978130,250953,246740,26822,273562,2777
2022-06-29,Glenn,021,27897,5244,5192,1735,6927,48
2022-06-29,Humboldt,023,135768,19555,19411,4008,23419,149
2022-06-29,Imperial,025,180216,59094,58498,11802,70300,944
2022-06-29,Inyo,027,18085,4280,4243,674,4917,56
2022-06-29,Kern,029,883053,203217,201537,51282,252819,2343
2022-06-29,Kings,031,150075,54326,54031,3668,57699,448
2022-06-29,Lake,033,64148,11628,11548,1016,12564,140
2022-06-29,Lassen,035,31185,9342,9310,930,10240,64
2022-06-29,Los Angeles,037,10098052,2986952,2955489,146597,3102086,32062
2022-06-29,Madera,039,155013,39800,39554,6805,46359,372
2022-06-29,Marin,041,260295,40921,40397,4619,45016,297
2022-06-29,Mariposa,043,17540,2797,2753,271,3024,30
2022-06-29,Mendocino,045,87422,14518,14383,3786,18169,127
2022-06-29,Merced,047,269075,66668,65733,9877,75610,830
2022-06-29,Modoc,049,8938,789,780,275,1055,8
2022-06-29,Mono,051,14174,3109,3081,187,3268,7
2022-06-29,Monterey,053,433212,86496,85711,17139,102850,743
2022-06-29,Napa,055,140530,29565,29285,1268,30553,144
2022-06-29,Nevada,057,99092,17616,17439,1491,18930,129
2022-06-29,Orange,059,3164182,605483,599951,50676,650627,7095
2022-06-29,Placer,061,380077,69990,69244,8546,77790,629
2022-06-29,Plumas,063,18699,3305,3267,399,3666,13
2022-06-29,Riverside,065,2383286,634554,629035,30682,659717,6493
2022-06-29,Sacramento,067,1510023,316402,313224,30737,343961,3082
2022-06-29,San Benito,069,59416,14565,14302,719,15021,100
2022-06-29,San Bernardino,071,2135413,612453,600960,26891,627851,7825
2022-06-29,San Diego,073,3302833,836789,828907,62163,891070,5336
2022-06-29,San Francisco,075,870044,159858,157419,10513,167932,902
2022-06-29,San Joaquin,077,732212,181402,179476,12003,191479,2252
2022-06-29,San Luis Obispo,079,281455,58352,57783,5608,63391,486
2022-06-29,San Mateo,081,765935,150930,148533,9409,157942,723
2022-06-29,Santa Barbara,083,443738,95538,94683,5615,100298,699
2022-06-29,Santa Clara,085,1922200,387711,378000,16573,394573,2348
2022-06-29,Santa Cruz,087,273765,56161,55432,2772,58204,266
2022-06-29,Shasta,089,179085,32407,32106,6523,38629,570
2022-06-29,Sierra,091,2930,286,283,57,340,4
2022-06-29,Siskiyou,093,43540,4802,4773,3007,7780,82
2022-06-29,Solano,095,438530,95080,92975,6818,99793,455
2022-06-29,Sonoma,097,501317,97813,96854,4390,101244,493
2022-06-29,Stanislaus,099,539301,126285,125189,19358,144547,1674
2022-06-29,Sutter,101,95872,21947,21836,2324,24160,227
2022-06-29,Tehama,103,63373,12671,12561,2741,15302,205
2022-06-29,Trinity,105,12862,1264,1245,305,1550,20
2022-06-29,Tulare,107,460477,112224,111707,30436,142143,1499
2022-06-29,Tuolumne,109,53932,13976,13779,734,14513,189
2022-06-29,Ventura,111,848112,190223,188519,12070,200589,1514
2022-06-29,Yolo,113,214977,43917,42410,3541,45951,323
2022-06-29,Yuba,115,75493,17204,17082,1460,18542,124
2022-06-28,Alameda,001,1643700,309133,305288,17161,322449,1895
2022-06-28,Alpine,003,1148,129,129,1,130,0
2022-06-28,Amador,005,37829,9291,9205,771,9976,87
2022-06-28,Butte,007,227075,36061,35651,7982,43633,434
2022-06-28,Calaveras,009,45235,7836,7798,419,8217,124
2022-06-28,Colusa,011,21464,3576,3548,1127,4675,22
2022-06-28,Contra Costa,013,1133247,225973,219921,17369,237290,1339
2022-06-28,Del Norte,015,27424,6600,6484,306,6790,53
2022-06-28,El Dorado,017,186661,29831,29549,3755,33304,216
2022-06-28,Fresno,019,978130,250519,246740,26766,273506,2777
2022-06-28,Glenn,021,27897,5236,5192,1730,6922,48
2022-06-28,Humboldt,023,135768,19535,19411,4001,23412,149
2022-06-28,Imperial,025,180216,58999,58498,11725,70223,944
2022-06-28,Inyo,027,18085,4274,4243,668,4911,56
2022-06-28,Kern,029,883053,202922,201537,51068,252605,2343
2022-06-28,Kings,031,150075,54245,54031,3663,57694,448
2022-06-28,Lake,033,64148,11617,11548,1014,12562,140
2022-06-28,Lassen,035,31185,9335,9310,930,10240,64
2022-06-28,Los Angeles,037,10098052,2981019,2955489,145986,3101475,32062
2022-06-28,Madera,039,155013,39741,39554,6788,46342,372
2022-06-28,Marin,041,260295,40813,40397,4612,45009,297
2022-06-28,Mariposa,043,17540,2789,2753,269,3022,30
2022-06-28,Mendocino,045,87422,14490,14383,3774,18157,127
2022-06-28,Merced,047,269075,66565,65733,9859,75592,830
2022-06-28,Modoc,049,8938,787,780,274,1054,8
2022-06-28,Mono,051,14174,3102,3081,185,3266,7
2022-06-28,Monterey,053,433212,86371,85711,17092,102803,743
2022-06-28,Napa,055,140530,29497,29285,1265,30550,144
2022-06-28,Nevada,057,99092,17585,17439,1487,18926,129
2022-06-28,Orange,059,3164182,604134,599951,50493,650444,7095
2022-06-28,Placer,061,380077,69826,69244,8537,77781,629
2022-06-28,Plumas,063,18699,3305,3267,398,3665,13
2022-06-28,Riverside,065,2383286,633357,629035,30635,659670,6493
2022-06-28,Sacramento,067,1510023,315727,313224,30676,343900,3082
2022-06-28,San Benito,069,59416,14526,14302,718,15020,100
2022-06-28,San Bernardino,071,2135413,611325,600960,26845,627805,7825
2022-06-28,San Diego,073,3302833,834929,828907,61922,890829,5336
2022-06-28,San Francisco,075,870044,159328,157419,10489,167908,902
2022-06-28,San Joaquin,077,732212,181092,179476,11967,191443,2252
2022-06-28,San Luis Obispo,079,281455,58233,57783,5571,63354,486
2022-06-28,San Mateo,081,765935,150468,148533,9384,157917,723
2022-06-28,Santa Barbara,083,443738,95368,94683,5598,100281,699
2022-06-28,Santa Clara,085,1922200,386593,378000,16515,394515,2348
2022-06-28,Santa Cruz,087,273765,56029,55432,2764,58196,266
2022-06-28,Shasta,089,179085,32360,32106,6510,38616,570
2022-06-28,Sierra,091,2930,286,283,57,340,4
2022-06-28,Siskiyou,093,43540,4796,4773,3001,7774,82
2022-06-28,Solano,095,438530,94810,92975,6800,99775,455
2022-06-28,Sonoma,097,501317,97604,96854,4374,101228,493
2022-06-28,Stanislaus,099,539301,126083,125189,19335,144524,1674
2022-06-28,Sutter,101,95872,21912,21836,2322,24158,227
2022-06-28,Tehama,103,63373,12651,12561,2737,15298,205
2022-06-28,Trinity,105,12862,1261,1245,303,1548,20
2022-06-28,Tulare,107,460477,112038,111707,30362,142069,1499
2022-06-28,Tuolumne,109,53932,13945,13779,728,14507,189
2022-06-28,Ventura,111,848112,189900,188519,11991,200510,1514
2022-06-28,Yolo,113,214977,43806,42410,3535,45945,323
2022-06-28,Yuba,115,75493,17168,17082,1456,18538,124
2022-06-27,Alameda,001,1643700,308196,305288,17108,322396,1895
2022-06-27,Alpine,003,1148,129,129,1,130,0
2022-06-27,Amador,005,37829,9276,9205,769,9974,87
2022-06-27,Butte,007,227075,36007,35651,7962,43613,434
2022-06-27,Calaveras,009,45235,7822,7798,419,8217,124
2022-06-27,Colusa,011,21464,3572,3548,1125,4673,22
2022-06-27,Contra Costa,013,1133247,225292,219921,17305,237226,1339
2022-06-27,Del Norte,015,27424,6580,6484,300,6784,53
2022-06-27,El Dorado,017,186661,29766,29549,3737,33286,216
2022-06-27,Fresno,019,978130,250049,246740,26696,273436,2777
2022-06-27,Glenn,021,27897,5230,5192,1723,6915,48
2022-06-27,Humboldt,023,135768,19500,19411,3989,23400,149
2022-06-27,Imperial,025,180216,58861,58498,11659,70157,944
2022-06-27,Inyo,027,18085,4264,4243,659,4902,56
2022-06-27,Kern,029,883053,202564,201537,50860,252397,2343
2022-06-27,Kings,031,150075,54158,54031,3660,57691,448
2022-06-27,Lake,033,64148,11598,11548,1009,12557,140
2022-06-27,Lassen,035,31185,9326,9310,930,10240,64
2022-06-27,Los Angeles,037,10098052,2974820,2955489,145418,3100907,32062
2022-06-27,Madera,039,155013,39676,39554,6776,46330,372
2022-06-27,Marin,041,260295,40706,40397,4599,44996,297
2022-06-27,Mariposa,043,17540,2780,2753,267,3020,30
2022-06-27,Mendocino,045,87422,14460,14383,3768,18151,127
2022-06-27,Merced,047,269075,66456,65733,9824,75557,830
2022-06-27,Modoc,049,8938,782,780,273,1053,8
2022-06-27,Mono,051,14174,3101,3081,185,3266,7
2022-06-27,Monterey,053,433212,86221,85711,17031,102742,743
2022-06-27,Napa,055,140530,29428,29285,1262,30547,144
2022-06-27,Nevada,057,99092,17555,17439,1473,18912,129
2022-06-27,Orange,059,3164182,602769,599951,50274,650225,7095
2022-06-27,Placer,061,380077,69713,69244,8513,77757,629
2022-06-27,Plumas,063,18699,3300,3267,397,3664,13
2022-06-27,Riverside,065,2383286,632205,629035,30569,659604,6493
2022-06-27,Sacramento,067,1510023,315001,313224,30625,343849,3082
2022-06-27,San Benito,069,59416,14471,14302,715,15017,100
2022-06-27,San Bernardino,071,2135413,610215,600960,26798,627758,7825
2022-06-27,San Diego,073,3302833,833006,828907,61693,890600,5336
2022-06-27,San Francisco,075,870044,158773,157419,10463,167882,902
2022-06-27,San Joaquin,077,732212,180749,179476,11925,191401,2252
2022-06-27,San Luis Obispo,079,281455,58118,57783,5534,63317,486
2022-06-27,San Mateo,081,765935,149991,148533,9350,157883,723
2022-06-27,Santa Barbara,083,443738,95181,94683,5584,100267,699
2022-06-27,Santa Clara,085,1922200,385175,378000,16461,394461,2348
2022-06-27,Santa Cruz,087,273765,55859,55432,2756,58188,266
2022-06-27,Shasta,089,179085,32299,32106,6492,38598,570
2022-06-27,Sierra,091,2930,286,283,57,340,4
2022-06-27,Siskiyou,093,43540,4786,4773,2994,7767,82
2022-06-27,Solano,095,438530,94500,92975,6768,99743,455
2022-06-27,Sonoma,097,501317,97411,96854,4355,101209,493
2022-06-27,Stanislaus,099,539301,125855,125189,19314,144503,1674
2022-06-27,Sutter,101,95872,21872,21836,2319,24155,227
2022-06-27,Tehama,103,63373,12629,12561,2735,15296,205
2022-06-27,Trinity,105,12862,1259,1245,301,1546,20
2022-06-27,Tulare,107,460477,111862,111707,30275,141982,1499
2022-06-27,Tuolumne,109,53932,13910,13779,720,14499,189
2022-06-27,Ventura,111,848112,189520,188519,11929,200448,1514
2022-06-27,Yolo,113,214977,43680,42410,3527,45937,323
2022-06-27,Yuba,115,75493,17140,17082,1453,18535,124
2022-06-26,Alameda,001,1643700,307116,302071,17053,319124,1891
2022-06-26,Alpine,003,1148,129,129,1,130,0
2022-06-26,Amador,005,37829,9237,9135,767,9902,87
2022-06-26,Butte,007,227075,35934,35406,7937,43343,433
2022-06-26,Calaveras,009,45235,7807,7754,416,8170,124
2022-06-26,Colusa,011,21464,3563,3540,1121,4661,22
2022-06-26,Contra Costa,013,1133247,224667,218053,17221,235274,1335
2022-06-26,Del Norte,015,27424,6558,6398,296,6694,52
2022-06-26,El Dorado,017,186661,29682,29313,3712,33025,216
2022-06-26,Fresno,019,978130,249511,245118,26630,271748,2777
2022-06-26,Glenn,021,27897,5225,5178,1720,6898,48
2022-06-26,Humboldt,023,135768,19465,19234,3978,23212,149
2022-06-26,Imperial,025,180216,58715,58127,11566,69693,944
2022-06-26,Inyo,027,18085,4253,4228,646,4874,56
2022-06-26,Kern,029,883053,202256,200556,50653,251209,2344
2022-06-26,Kings,031,150075,54050,53783,3656,57439,448
2022-06-26,Lake,033,64148,11579,11471,1007,12478,140
2022-06-26,Lassen,035,31185,9317,9287,930,10217,64
2022-06-26,Los Angeles,037,10098052,2968233,2936815,144778,3081593,32036
2022-06-26,Madera,039,155013,39607,39319,6756,46075,372
2022-06-26,Marin,041,260295,40585,39979,4578,44557,297
2022-06-26,Mariposa,043,17540,2772,2713,267,2980,30
2022-06-26,Mendocino,045,87422,14431,14292,3741,18033,127
2022-06-26,Merced,047,269075,66325,65408,9797,75205,828
2022-06-26,Modoc,049,8938,781,777,271,1048,8
2022-06-26,Mono,051,14174,3091,3076,185,3261,7
2022-06-26,Monterey,053,433212,86048,85275,16970,102245,743
2022-06-26,Napa,055,140530,29348,29054,1259,30313,144
2022-06-26,Nevada,057,99092,17511,17339,1469,18808,129
2022-06-26,Orange,059,3164182,601284,595761,50065,645826,7090
2022-06-26,Placer,061,380077,69579,68785,8490,77275,628
2022-06-26,Plumas,063,18699,3288,3241,397,3638,13
2022-06-26,Riverside,065,2383286,630981,625794,30512,656306,6493
2022-06-26,Sacramento,067,1510023,314178,310837,30559,341396,3077
2022-06-26,San Benito,069,59416,14426,14192,712,14904,99
2022-06-26,San Bernardino,071,2135413,609005,598062,26739,624801,7803
2022-06-26,San Diego,073,3302833,830824,822848,61520,884368,5332
2022-06-26,San Francisco,075,870044,158142,155609,10411,166020,899
2022-06-26,San Joaquin,077,732212,180372,178447,11880,190327,2252
2022-06-26,San Luis Obispo,079,281455,57983,57472,5483,62955,485
2022-06-26,San Mateo,081,765935,149476,146955,9320,156275,723
2022-06-26,Santa Barbara,083,443738,94973,94017,5556,99573,699
2022-06-26,Santa Clara,085,1922200,383793,373961,16380,390341,2338
2022-06-26,Santa Cruz,087,273765,55702,54874,2747,57621,265
2022-06-26,Shasta,089,179085,32217,31921,6474,38395,570
2022-06-26,Sierra,091,2930,285,283,57,340,4
2022-06-26,Siskiyou,093,43540,4768,4744,2987,7731,81
2022-06-26,Solano,095,438530,94229,92248,6730,98978,455
2022-06-26,Sonoma,097,501317,97177,95981,4319,100300,493
2022-06-26,Stanislaus,099,539301,125654,124493,19285,143778,1672
2022-06-26,Sutter,101,95872,21832,21733,2318,24051,227
2022-06-26,Tehama,103,63373,12612,12510,2729,15239,205
2022-06-26,Trinity,105,12862,1254,1233,299,1532,20
2022-06-26,Tulare,107,460477,111681,111188,30194,141382,1496
2022-06-26,Tuolumne,109,53932,13882,13688,713,14401,189
2022-06-26,Ventura,111,848112,189125,187389,11850,199239,1514
2022-06-26,Yolo,113,214977,43565,41932,3513,45445,323
2022-06-26,Yuba,115,75493,17103,16994,1444,18438,124
2022-06-25,Alameda,001,1643700,306646,302071,17040,319111,1891
2022-06-25,Alpine,003,1148,129,129,1,130,0
2022-06-25,Amador,005,37829,9227,9135,766,9901,87
2022-06-25,Butte,007,227075,35895,35406,7915,43321,433
2022-06-25,Calaveras,009,45235,7798,7754,416,8170,124
2022-06-25,Colusa,011,21464,3558,3540,1121,4661,22
2022-06-25,Contra Costa,013,1133247,224307,218053,17178,235231,1335
2022-06-25,Del Norte,015,27424,6544,6398,293,6691,52
2022-06-25,El Dorado,017,186661,29642,29313,3706,33019,216
2022-06-25,Fresno,019,978130,249279,245118,26604,271722,2777
2022-06-25,Glenn,021,27897,5220,5178,1718,6896,48
2022-06-25,Humboldt,023,135768,19444,19234,3967,23201,149
2022-06-25,Imperial,025,180216,58633,58127,11541,69668,944
2022-06-25,Inyo,027,18085,4251,4228,642,4870,56
2022-06-25,Kern,029,883053,202097,200556,50548,251104,2344
2022-06-25,Kings,031,150075,54013,53783,3656,57439,448
2022-06-25,Lake,033,64148,11570,11471,1006,12477,140
2022-06-25,Lassen,035,31185,9311,9287,928,10215,64
2022-06-25,Los Angeles,037,10098052,2965220,2936815,144395,3081210,32036
2022-06-25,Madera,039,155013,39574,39319,6753,46072,372
2022-06-25,Marin,041,260295,40532,39979,4571,44550,297
2022-06-25,Mariposa,043,17540,2770,2713,267,2980,30
2022-06-25,Mendocino,045,87422,14419,14292,3736,18028,127
2022-06-25,Merced,047,269075,66248,65408,9794,75202,828
2022-06-25,Modoc,049,8938,781,777,271,1048,8
2022-06-25,Mono,051,14174,3086,3076,185,3261,7
2022-06-25,Monterey,053,433212,85947,85275,16941,102216,743
2022-06-25,Napa,055,140530,29317,29054,1255,30309,144
2022-06-25,Nevada,057,99092,17487,17339,1465,18804,129
2022-06-25,Orange,059,3164182,600585,595761,49927,645688,7090
2022-06-25,Placer,061,380077,69482,68785,8470,77255,628
2022-06-25,Plumas,063,18699,3284,3241,397,3638,13
2022-06-25,Riverside,065,2383286,630338,625794,30470,656264,6493
2022-06-25,Sacramento,067,1510023,313868,310837,30532,341369,3077
2022-06-25,San Benito,069,59416,14401,14192,711,14903,99
2022-06-25,San Bernardino,071,2135413,608407,598062,26711,624773,7803
2022-06-25,San Diego,073,3302833,829918,822848,61456,884304,5332
2022-06-25,San Francisco,075,870044,157848,155609,10393,166002,899
2022-06-25,San Joaquin,077,732212,180223,178447,11865,190312,2252
2022-06-25,San Luis Obispo,079,281455,57912,57472,5473,62945,485
2022-06-25,San Mateo,081,765935,149200,146955,9299,156254,723
2022-06-25,Santa Barbara,083,443738,94830,94017,5543,99560,699
2022-06-25,Santa Clara,085,1922200,382939,373961,16352,390313,2338
2022-06-25,Santa Cruz,087,273765,55632,54874,2744,57618,265
2022-06-25,Shasta,089,179085,32179,31921,6460,38381,570
2022-06-25,Sierra,091,2930,285,283,57,340,4
2022-06-25,Siskiyou,093,43540,4765,4744,2984,7728,81
2022-06-25,Solano,095,438530,94144,92248,6709,98957,455
2022-06-25,Sonoma,097,501317,97066,95981,4308,100289,493
2022-06-25,Stanislaus,099,539301,125524,124493,19266,143759,1672
2022-06-25,Sutter,101,95872,21811,21733,2317,24050,227
2022-06-25,Tehama,103,63373,12601,12510,2724,15234,205
2022-06-25,Trinity,105,12862,1253,1233,297,1530,20
2022-06-25,Tulare,107,460477,111599,111188,30156,141344,1496
2022-06-25,Tuolumne,109,53932,13864,13688,710,14398,189
2022-06-25,Ventura,111,848112,188917,187389,11821,199210,1514
2022-06-25,Yolo,113,214977,43502,41932,3507,45439,323
2022-06-25,Yuba,115,75493,17082,16994,1443,18437,124
2022-06-24,Alameda,001,1643700,306072,302071,17005,319076,1891
2022-06-24,Alpine,003,1148,129,129,1,130,0
2022-06-24,Amador,005,37829,9220,9135,764,9899,87
2022-06-24,Butte,007,227075,35865,35406,7901,43307,433
2022-06-24,Calaveras,009,45235,7793,7754,415,8169,124
2022-06-24,Colusa,011,21464,3557,3540,1118,4658,22
2022-06-24,Contra Costa,013,1133247,223965,218053,17152,235205,1335
2022-06-24,Del Norte,015,27424,6533,6398,291,6689,52
2022-06-24,El Dorado,017,186661,29599,29313,3702,33015,216
2022-06-24,Fresno,019,978130,248990,245118,26568,271686,2777
2022-06-24,Glenn,021,27897,5218,5178,1718,6896,48
2022-06-24,Humboldt,023,135768,19413,19234,3962,23196,149
2022-06-24,Imperial,025,180216,58561,58127,11511,69638,944
2022-06-24,Inyo,027,18085,4249,4228,638,4866,56
2022-06-24,Kern,029,883053,201924,200556,50452,251008,2344
2022-06-24,Kings,031,150075,53969,53783,3652,57435,448
2022-06-24,Lake,033,64148,11559,11471,1006,12477,140
2022-06-24,Lassen,035,31185,9308,9287,927,10214,64
2022-06-24,Los Angeles,037,10098052,2961943,2936815,144067,3080882,32036
2022-06-24,Madera,039,155013,39528,39319,6747,46066,372
2022-06-24,Marin,041,260295,40456,39979,4559,44538,297
2022-06-24,Mariposa,043,17540,2763,2713,267,2980,30
2022-06-24,Mendocino,045,87422,14410,14292,3733,18025,127
2022-06-24,Merced,047,269075,66210,65408,9785,75193,828
2022-06-24,Modoc,049,8938,781,777,271,1048,8
2022-06-24,Mono,051,14174,3082,3076,184,3260,7
2022-06-24,Monterey,053,433212,85866,85275,16914,102189,743
2022-06-24,Napa,055,140530,29289,29054,1254,30308,144
2022-06-24,Nevada,057,99092,17471,17339,1459,18798,129
2022-06-24,Orange,059,3164182,599896,595761,49781,645542,7090
2022-06-24,Placer,061,380077,69406,68785,8458,77243,628
2022-06-24,Plumas,063,18699,3280,3241,397,3638,13
2022-06-24,Riverside,065,2383286,629693,625794,30426,656220,6493
2022-06-24,Sacramento,067,1510023,313472,310837,30510,341347,3077
2022-06-24,San Benito,069,59416,14388,14192,710,14902,99
2022-06-24,San Bernardino,071,2135413,607819,598062,26686,624748,7803
2022-06-24,San Diego,073,3302833,828880,822848,61374,884222,5332
2022-06-24,San Francisco,075,870044,157535,155609,10366,165975,899
2022-06-24,San Joaquin,077,732212,180044,178447,11839,190286,2252
2022-06-24,San Luis Obispo,079,281455,57867,57472,5468,62940,485
2022-06-24,San Mateo,081,765935,148867,146955,9286,156241,723
2022-06-24,Santa Barbara,083,443738,94699,94017,5540,99557,699
2022-06-24,Santa Clara,085,1922200,382110,373961,16299,390260,2338
2022-06-24,Santa Cruz,087,273765,55531,54874,2733,57607,265
2022-06-24,Shasta,089,179085,32149,31921,6451,38372,570
2022-06-24,Sierra,091,2930,285,283,57,340,4
2022-06-24,Siskiyou,093,43540,4757,4744,2983,7727,81
2022-06-24,Solano,095,438530,93992,92248,6695,98943,455
2022-06-24,Sonoma,097,501317,96927,95981,4291,100272,493
2022-06-24,Stanislaus,099,539301,125399,124493,19244,143737,1672
2022-06-24,Sutter,101,95872,21796,21733,2316,24049,227
2022-06-24,Tehama,103,63373,12586,12510,2718,15228,205
2022-06-24,Trinity,105,12862,1250,1233,297,1530,20
2022-06-24,Tulare,107,460477,111498,111188,30099,141287,1496
2022-06-24,Tuolumne,109,53932,13845,13688,704,14392,189
2022-06-24,Ventura,111,848112,188690,187389,11792,199181,1514
2022-06-24,Yolo,113,214977,43410,41932,3498,45430,323
2022-06-24,Yuba,115,75493,17064,16994,1443,18437,124
2022-06-23,Alameda,001,1643700,305252,302071,16946,319017,1891
2022-06-23,Alpine,003,1148,129,129,1,130,0
2022-06-23,Amador,005,37829,9211,9135,763,9898,87
2022-06-23,Butte,007,227075,35805,35406,7882,43288,433
2022-06-23,Calaveras,009,45235,7782,7754,414,8168,124
2022-06-23,Colusa,011,21464,3550,3540,1116,4656,22
2022-06-23,Contra Costa,013,1133247,223455,218053,17058,235111,1335
2022-06-23,Del Norte,015,27424,6501,6398,289,6687,52
2022-06-23,El Dorado,017,186661,29541,29313,3690,33003,216
2022-06-23,Fresno,019,978130,248584,245118,26507,271625,2777
2022-06-23,Glenn,021,27897,5215,5178,1709,6887,48
2022-06-23,Humboldt,023,135768,19391,19234,3958,23192,149
2022-06-23,Imperial,025,180216,58487,58127,11458,69585,944
2022-06-23,Inyo,027,18085,4246,4228,635,4863,56
2022-06-23,Kern,029,883053,201642,200556,50302,250858,2344
2022-06-23,Kings,031,150075,53910,53783,3649,57432,448
2022-06-23,Lake,033,64148,11538,11471,1006,12477,140
2022-06-23,Lassen,035,31185,9298,9287,926,10213,64
2022-06-23,Los Angeles,037,10098052,2957277,2936815,143524,3080339,32036
2022-06-23,Madera,039,155013,39466,39319,6732,46051,372
2022-06-23,Marin,041,260295,40342,39979,4535,44514,297
2022-06-23,Mariposa,043,17540,2751,2713,267,2980,30
2022-06-23,Mendocino,045,87422,14381,14292,3729,18021,127
2022-06-23,Merced,047,269075,66132,65408,9769,75177,828
2022-06-23,Modoc,049,8938,780,777,271,1048,8
2022-06-23,Mono,051,14174,3080,3076,183,3259,7
2022-06-23,Monterey,053,433212,85720,85275,16861,102136,743
2022-06-23,Napa,055,140530,29232,29054,1253,30307,144
2022-06-23,Nevada,057,99092,17438,17339,1459,18798,129
2022-06-23,Orange,059,3164182,598884,595761,49598,645359,7090
2022-06-23,Placer,061,380077,69268,68785,8437,77222,628
2022-06-23,Plumas,063,18699,3275,3241,395,3636,13
2022-06-23,Riverside,065,2383286,628772,625794,30377,656171,6493
2022-06-23,Sacramento,067,1510023,312869,310837,30467,341304,3077
2022-06-23,San Benito,069,59416,14357,14192,708,14900,99
2022-06-23,San Bernardino,071,2135413,607024,598062,26652,624714,7803
2022-06-23,San Diego,073,3302833,827409,822848,61175,884023,5332
2022-06-23,San Francisco,075,870044,157073,155609,10333,165942,899
2022-06-23,San Joaquin,077,732212,179767,178447,11812,190259,2252
2022-06-23,San Luis Obispo,079,281455,57778,57472,5436,62908,485
2022-06-23,San Mateo,081,765935,148519,146955,9251,156206,723
2022-06-23,Santa Barbara,083,443738,94534,94017,5512,99529,699
2022-06-23,Santa Clara,085,1922200,381117,373961,16250,390211,2338
2022-06-23,Santa Cruz,087,273765,55420,54874,2721,57595,265
2022-06-23,Shasta,089,179085,32107,31921,6439,38360,570
2022-06-23,Sierra,091,2930,284,283,57,340,4
2022-06-23,Siskiyou,093,43540,4751,4744,2976,7720,81
2022-06-23,Solano,095,438530,93745,92248,6652,98900,455
2022-06-23,Sonoma,097,501317,96730,95981,4271,100252,493
2022-06-23,Stanislaus,099,539301,125218,124493,19213,143706,1672
2022-06-23,Sutter,101,95872,21762,21733,2316,24049,227
2022-06-23,Tehama,103,63373,12577,12510,2715,15225,205
2022-06-23,Trinity,105,12862,1248,1233,297,1530,20
2022-06-23,Tulare,107,460477,111373,111188,30030,141218,1496
2022-06-23,Tuolumne,109,53932,13818,13688,692,14380,189
2022-06-23,Ventura,111,848112,188394,187389,11755,199144,1514
2022-06-23,Yolo,113,214977,43306,41932,3487,45419,323
2022-06-23,Yuba,115,75493,17043,16994,1437,18431,124
2022-06-22,Alameda,001,1643700,304428,299567,16887,316454,1888
2022-06-22,Alpine,003,1148,129,129,1,130,0
2022-06-22,Amador,005,37829,9205,9049,762,9811,87
2022-06-22,Butte,007,227075,35739,35203,7864,43067,433
2022-06-22,Calaveras,009,45235,7770,7716,414,8130,122
2022-06-22,Colusa,011,21464,3547,3529,1116,4645,21
2022-06-22,Contra Costa,013,1133247,222934,216355,17003,233358,1328
2022-06-22,Del Norte,015,27424,6483,6367,288,6655,52
2022-06-22,El Dorado,017,186661,29478,29139,3677,32816,215
2022-06-22,Fresno,019,978130,248162,244129,26452,270581,2772
2022-06-22,Glenn,021,27897,5213,5161,1704,6865,48
2022-06-22,Humboldt,023,135768,19339,19111,3938,23049,148
2022-06-22,Imperial,025,180216,58386,57866,11425,69291,944
2022-06-22,Inyo,027,18085,4241,4222,634,4856,56
2022-06-22,Kern,029,883053,201369,199721,50168,249889,2341
2022-06-22,Kings,031,150075,53846,53568,3645,57213,448
2022-06-22,Lake,033,64148,11521,11426,1000,12426,140
2022-06-22,Lassen,035,31185,9290,9259,924,10183,64
2022-06-22,Los Angeles,037,10098052,2952318,2925667,143065,3068732,32015
2022-06-22,Madera,039,155013,39409,39139,6713,45852,372
2022-06-22,Marin,041,260295,40239,39687,4529,44216,297
2022-06-22,Mariposa,043,17540,2745,2695,264,2959,30
2022-06-22,Mendocino,045,87422,14365,14201,3708,17909,127
2022-06-22,Merced,047,269075,66035,65120,9745,74865,827
2022-06-22,Modoc,049,8938,779,773,267,1040,8
2022-06-22,Mono,051,14174,3079,3073,181,3254,7
2022-06-22,Monterey,053,433212,85593,84752,16818,101570,742
2022-06-22,Napa,055,140530,29162,28894,1249,30143,144
2022-06-22,Nevada,057,99092,17419,17280,1449,18729,129
2022-06-22,Orange,059,3164182,597694,592215,49407,641622,7084
2022-06-22,Placer,061,380077,69152,68447,8427,76874,628
2022-06-22,Plumas,063,18699,3265,3220,395,3615,13
2022-06-22,Riverside,065,2383286,627922,623584,30321,653905,6491
2022-06-22,Sacramento,067,1510023,312242,309105,30433,339538,3071
2022-06-22,San Benito,069,59416,14332,14128,705,14833,99
2022-06-22,San Bernardino,071,2135413,606224,595517,26622,622139,7774
2022-06-22,San Diego,073,3302833,825806,815124,60986,876110,5318
2022-06-22,San Francisco,075,870044,156594,154213,10303,164516,897
2022-06-22,San Joaquin,077,732212,179504,177637,11787,189424,2251
2022-06-22,San Luis Obispo,079,281455,57688,57177,5401,62578,485
2022-06-22,San Mateo,081,765935,148111,145781,9228,155009,723
2022-06-22,Santa Barbara,083,443738,94387,93576,5498,99074,700
2022-06-22,Santa Clara,085,1922200,380025,370678,16140,386818,2340
2022-06-22,Santa Cruz,087,273765,55301,54525,2708,57233,265
2022-06-22,Shasta,089,179085,32062,31786,6424,38210,570
2022-06-22,Sierra,091,2930,284,283,57,340,4
2022-06-22,Siskiyou,093,43540,4744,4711,2973,7684,81
2022-06-22,Solano,095,438530,93496,91528,6586,98114,454
2022-06-22,Sonoma,097,501317,96519,95363,4250,99613,493
2022-06-22,Stanislaus,099,539301,125022,124023,19156,143179,1670
2022-06-22,Sutter,101,95872,21730,21649,2315,23964,227
2022-06-22,Tehama,103,63373,12567,12465,2713,15178,205
2022-06-22,Trinity,105,12862,1246,1223,297,1520,20
2022-06-22,Tulare,107,460477,111239,110768,29950,140718,1496
2022-06-22,Tuolumne,109,53932,13799,13596,686,14282,189
2022-06-22,Ventura,111,848112,188089,186601,11703,198304,1514
2022-06-22,Yolo,113,214977,43186,41689,3476,45165,323
2022-06-22,Yuba,115,75493,17023,16912,1433,18345,124
2022-06-21,Alameda,001,1643700,303629,299567,16850,316417,1888
2022-06-21,Alpine,003,1148,129,129,1,130,0
2022-06-21,Amador,005,37829,9198,9049,759,9808,87
2022-06-21,Butte,007,227075,35667,35203,7852,43055,433
2022-06-21,Calaveras,009,45235,7761,7716,413,8129,122
2022-06-21,Colusa,011,21464,3545,3529,1114,4643,21
2022-06-21,Contra Costa,013,1133247,222371,216355,16954,233309,1328
2022-06-21,Del Norte,015,27424,6452,6367,286,6653,52
2022-06-21,El Dorado,017,186661,29405,29139,3670,32809,215
2022-06-21,Fresno,019,978130,247723,244129,26386,270515,2772
2022-06-21,Glenn,021,27897,5206,5161,1702,6863,48
2022-06-21,Humboldt,023,135768,19287,19111,3925,23036,148
2022-06-21,Imperial,025,180216,58291,57866,11390,69256,944
2022-06-21,Inyo,027,18085,4236,4222,628,4850,56
2022-06-21,Kern,029,883053,201047,199721,49983,249704,2341
2022-06-21,Kings,031,150075,53771,53568,3644,57212,448
2022-06-21,Lake,033,64148,11498,11426,997,12423,140
2022-06-21,Lassen,035,31185,9280,9259,921,10180,64
2022-06-21,Los Angeles,037,10098052,2947497,2925667,142556,3068223,32015
2022-06-21,Madera,039,155013,39325,39139,6702,45841,372
2022-06-21,Marin,041,260295,40149,39687,4517,44204,297
2022-06-21,Mariposa,043,17540,2739,2695,263,2958,30
2022-06-21,Mendocino,045,87422,14336,14201,3699,17900,127
2022-06-21,Merced,047,269075,65935,65120,9713,74833,827
2022-06-21,Modoc,049,8938,776,773,266,1039,8
2022-06-21,Mono,051,14174,3077,3073,180,3253,7
2022-06-21,Monterey,053,433212,85437,84752,16776,101528,742
2022-06-21,Napa,055,140530,29109,28894,1248,30142,144
2022-06-21,Nevada,057,99092,17391,17280,1446,18726,129
2022-06-21,Orange,059,3164182,596503,592215,49258,641473,7084
2022-06-21,Placer,061,380077,69025,68447,8415,76862,628
2022-06-21,Plumas,063,18699,3256,3220,394,3614,13
2022-06-21,Riverside,065,2383286,626960,623584,30261,653845,6491
2022-06-21,Sacramento,067,1510023,311549,309105,30388,339493,3071
2022-06-21,San Benito,069,59416,14296,14128,702,14830,99
2022-06-21,San Bernardino,071,2135413,605398,595517,26575,622092,7774
2022-06-21,San Diego,073,3302833,824126,815124,60782,875906,5318
2022-06-21,San Francisco,075,870044,156116,154213,10271,164484,897
2022-06-21,San Joaquin,077,732212,179185,177637,11757,189394,2251
2022-06-21,San Luis Obispo,079,281455,57577,57177,5356,62533,485
2022-06-21,San Mateo,081,765935,147622,145781,9208,154989,723
2022-06-21,Santa Barbara,083,443738,94220,93576,5484,99060,700
2022-06-21,Santa Clara,085,1922200,378860,370678,16091,386769,2340
2022-06-21,Santa Cruz,087,273765,55171,54525,2700,57225,265
2022-06-21,Shasta,089,179085,32016,31786,6406,38192,570
2022-06-21,Sierra,091,2930,284,283,57,340,4
2022-06-21,Siskiyou,093,43540,4736,4711,2965,7676,81
2022-06-21,Solano,095,438530,93235,91528,6568,98096,454
2022-06-21,Sonoma,097,501317,96284,95363,4226,99589,493
2022-06-21,Stanislaus,099,539301,124829,124023,19126,143149,1670
2022-06-21,Sutter,101,95872,21706,21649,2313,23962,227
2022-06-21,Tehama,103,63373,12553,12465,2713,15178,205
2022-06-21,Trinity,105,12862,1240,1223,297,1520,20
2022-06-21,Tulare,107,460477,111098,110768,29891,140659,1496
2022-06-21,Tuolumne,109,53932,13775,13596,680,14276,189
2022-06-21,Ventura,111,848112,187766,186601,11648,198249,1514
2022-06-21,Yolo,113,214977,43054,41689,3464,45153,323
2022-06-21,Yuba,115,75493,16994,16912,1432,18344,124
2022-06-20,Alameda,001,1643700,302730,299567,16790,316357,1888
2022-06-20,Alpine,003,1148,129,129,1,130,0
2022-06-20,Amador,005,37829,9188,9049,757,9806,87
2022-06-20,Butte,007,227075,35597,35203,7838,43041,433
2022-06-20,Calaveras,009,45235,7754,7716,413,8129,122
2022-06-20,Colusa,011,21464,3544,3529,1113,4642,21
2022-06-20,Contra Costa,013,1133247,221771,216355,16886,233241,1328
2022-06-20,Del Norte,015,27424,6440,6367,282,6649,52
2022-06-20,El Dorado,017,186661,29334,29139,3651,32790,215
2022-06-20,Fresno,019,978130,247234,244129,26322,270451,2772
2022-06-20,Glenn,021,27897,5202,5161,1699,6860,48
2022-06-20,Humboldt,023,135768,19239,19111,3908,23019,148
2022-06-20,Imperial,025,180216,58158,57866,11357,69223,944
2022-06-20,Inyo,027,18085,4232,4222,623,4845,56
2022-06-20,Kern,029,883053,200750,199721,49834,249555,2341
2022-06-20,Kings,031,150075,53690,53568,3642,57210,448
2022-06-20,Lake,033,64148,11477,11426,995,12421,140
2022-06-20,Lassen,035,31185,9275,9259,920,10179,64
2022-06-20,Los Angeles,037,10098052,2942090,2925667,142075,3067742,32015
2022-06-20,Madera,039,155013,39263,39139,6684,45823,372
2022-06-20,Marin,041,260295,40047,39687,4494,44181,297
2022-06-20,Mariposa,043,17540,2725,2695,263,2958,30
2022-06-20,Mendocino,045,87422,14307,14201,3694,17895,127
2022-06-20,Merced,047,269075,65842,65120,9687,74807,827
2022-06-20,Modoc,049,8938,775,773,265,1038,8
2022-06-20,Mono,051,14174,3077,3073,177,3250,7
2022-06-20,Monterey,053,433212,85288,84752,16711,101463,742
2022-06-20,Napa,055,140530,29037,28894,1245,30139,144
2022-06-20,Nevada,057,99092,17366,17280,1437,18717,129
2022-06-20,Orange,059,3164182,595240,592215,49098,641313,7084
2022-06-20,Placer,061,380077,68907,68447,8402,76849,628
2022-06-20,Plumas,063,18699,3250,3220,394,3614,13
2022-06-20,Riverside,065,2383286,626023,623584,30193,653777,6491
2022-06-20,Sacramento,067,1510023,310842,309105,30317,339422,3071
2022-06-20,San Benito,069,59416,14250,14128,696,14824,99
2022-06-20,San Bernardino,071,2135413,604491,595517,26537,622054,7774
2022-06-20,San Diego,073,3302833,822139,815124,60528,875652,5318
2022-06-20,San Francisco,075,870044,155500,154213,10232,164445,897
2022-06-20,San Joaquin,077,732212,178859,177637,11711,189348,2251
2022-06-20,San Luis Obispo,079,281455,57473,57177,5308,62485,485
2022-06-20,San Mateo,081,765935,147116,145781,9183,154964,723
2022-06-20,Santa Barbara,083,443738,94036,93576,5459,99035,700
2022-06-20,Santa Clara,085,1922200,377655,370678,16030,386708,2340
2022-06-20,Santa Cruz,087,273765,54998,54525,2693,57218,265
2022-06-20,Shasta,089,179085,31960,31786,6394,38180,570
2022-06-20,Sierra,091,2930,284,283,56,339,4
2022-06-20,Siskiyou,093,43540,4723,4711,2953,7664,81
2022-06-20,Solano,095,438530,92906,91528,6546,98074,454
2022-06-20,Sonoma,097,501317,96044,95363,4200,99563,493
2022-06-20,Stanislaus,099,539301,124644,124023,19097,143120,1670
2022-06-20,Sutter,101,95872,21675,21649,2294,23943,227
2022-06-20,Tehama,103,63373,12538,12465,2710,15175,205
2022-06-20,Trinity,105,12862,1235,1223,297,1520,20
2022-06-20,Tulare,107,460477,110953,110768,29829,140597,1496
2022-06-20,Tuolumne,109,53932,13739,13596,680,14276,189
2022-06-20,Ventura,111,848112,187430,186601,11608,198209,1514
2022-06-20,Yolo,113,214977,42893,41689,3446,45135,323
2022-06-20,Yuba,115,75493,16969,16912,1426,18338,124
2022-06-19,Alameda,001,1643700,301807,296062,16759,312821,1883
2022-06-19,Alpine,003,1148,129,129,1,130,0
2022-06-19,Amador,005,37829,9138,8985,744,9729,87
2022-06-19,Butte,007,227075,35536,34920,7815,42735,432
2022-06-19,Calaveras,009,45235,7736,7664,412,8076,122
2022-06-19,Colusa,011,21464,3539,3519,1109,4628,21
2022-06-19,Contra Costa,013,1133247,221085,213994,16821,230815,1323
2022-06-19,Del Norte,015,27424,6423,6307,279,6586,52
2022-06-19,El Dorado,017,186661,29252,28904,3636,32540,215
2022-06-19,Fresno,019,978130,246785,242214,26252,268466,2768
2022-06-19,Glenn,021,27897,5193,5131,1697,6828,48
2022-06-19,Humboldt,023,135768,19194,18885,3883,22768,148
2022-06-19,Imperial,025,180216,58035,57450,11324,68774,944
2022-06-19,Inyo,027,18085,4231,4209,622,4831,56
2022-06-19,Kern,029,883053,200385,198567,49662,248229,2340
2022-06-19,Kings,031,150075,53596,53242,3639,56881,448
2022-06-19,Lake,033,64148,11463,11318,994,12312,140
2022-06-19,Lassen,035,31185,9262,9225,920,10145,64
2022-06-19,Los Angeles,037,10098052,2937228,2909197,141516,3050713,31999
2022-06-19,Madera,039,155013,39171,38859,6663,45522,372
2022-06-19,Marin,041,260295,39919,39214,4484,43698,294
2022-06-19,Mariposa,043,17540,2718,2662,262,2924,30
2022-06-19,Mendocino,045,87422,14280,14090,3681,17771,127
2022-06-19,Merced,047,269075,65741,64734,9657,74391,827
2022-06-19,Modoc,049,8938,772,771,264,1035,8
2022-06-19,Mono,051,14174,3075,3066,176,3242,6
2022-06-19,Monterey,053,433212,85140,84032,16665,100697,744
2022-06-19,Napa,055,140530,28976,28619,1241,29860,144
2022-06-19,Nevada,057,99092,17336,17134,1429,18563,129
2022-06-19,Orange,059,3164182,593986,587176,48905,636081,7074
2022-06-19,Placer,061,380077,68789,67961,8381,76342,628
2022-06-19,Plumas,063,18699,3242,3201,394,3595,13
2022-06-19,Riverside,065,2383286,625150,619760,30144,649904,6488
2022-06-19,Sacramento,067,1510023,310111,306215,30263,336478,3072
2022-06-19,San Benito,069,59416,14231,13985,694,14679,99
2022-06-19,San Bernardino,071,2135413,603669,591926,26500,618426,7765
2022-06-19,San Diego,073,3302833,820609,815124,60405,875529,5318
2022-06-19,San Francisco,075,870044,154983,151898,10193,162091,897
2022-06-19,San Joaquin,077,732212,178537,176323,11673,187996,2251
2022-06-19,San Luis Obispo,079,281455,57335,56767,5251,62018,485
2022-06-19,San Mateo,081,765935,146661,143879,9150,153029,723
2022-06-19,Santa Barbara,083,443738,93866,92906,5443,98349,699
2022-06-19,Santa Clara,085,1922200,376480,365638,15967,381605,2328
2022-06-19,Santa Cruz,087,273765,54835,53866,2674,56540,264
2022-06-19,Shasta,089,179085,31901,31647,6383,38030,568
2022-06-19,Sierra,091,2930,284,281,56,337,4
2022-06-19,Siskiyou,093,43540,4711,4672,2947,7619,81
2022-06-19,Solano,095,438530,92649,90548,6533,97081,454
2022-06-19,Sonoma,097,501317,95801,94318,4179,98497,493
2022-06-19,Stanislaus,099,539301,124458,123264,19048,142312,1668
2022-06-19,Sutter,101,95872,21640,21501,2286,23787,227
2022-06-19,Tehama,103,63373,12529,12410,2704,15114,205
2022-06-19,Trinity,105,12862,1232,1220,297,1517,20
2022-06-19,Tulare,107,460477,110769,110041,29776,139817,1496
2022-06-19,Tuolumne,109,53932,13712,13487,680,14167,189
2022-06-19,Ventura,111,848112,187078,185219,11563,196782,1513
2022-06-19,Yolo,113,214977,42805,41135,3433,44568,323
2022-06-19,Yuba,115,75493,16937,16786,1423,18209,124
2022-06-18,Alameda,001,1643700,301342,296062,16738,312800,1883
2022-06-18,Alpine,003,1148,129,129,1,130,0
2022-06-18,Amador,005,37829,9131,8985,740,9725,87
2022-06-18,Butte,007,227075,35486,34920,7804,42724,432
2022-06-18,Calaveras,009,45235,7724,7664,412,8076,122
2022-06-18,Colusa,011,21464,3536,3519,1109,4628,21
2022-06-18,Contra Costa,013,1133247,220771,213994,16793,230787,1323
2022-06-18,Del Norte,015,27424,6417,6307,278,6585,52
2022-06-18,El Dorado,017,186661,29223,28904,3633,32537,215
2022-06-18,Fresno,019,978130,246583,242214,26235,268449,2768
2022-06-18,Glenn,021,27897,5190,5131,1696,6827,48
2022-06-18,Humboldt,023,135768,19165,18885,3876,22761,148
2022-06-18,Imperial,025,180216,57965,57450,11311,68761,944
2022-06-18,Inyo,027,18085,4230,4209,621,4830,56
2022-06-18,Kern,029,883053,200262,198567,49576,248143,2340
2022-06-18,Kings,031,150075,53560,53242,3638,56880,448
2022-06-18,Lake,033,64148,11452,11318,992,12310,140
2022-06-18,Lassen,035,31185,9258,9225,920,10145,64
2022-06-18,Los Angeles,037,10098052,2934788,2909197,141226,3050423,31999
2022-06-18,Madera,039,155013,39148,38859,6657,45516,372
2022-06-18,Marin,041,260295,39855,39214,4474,43688,294
2022-06-18,Mariposa,043,17540,2713,2662,262,2924,30
2022-06-18,Mendocino,045,87422,14258,14090,3678,17768,127
2022-06-18,Merced,047,269075,65676,64734,9647,74381,827
2022-06-18,Modoc,049,8938,772,771,264,1035,8
2022-06-18,Mono,051,14174,3074,3066,176,3242,6
2022-06-18,Monterey,053,433212,85048,84032,16637,100669,744
2022-06-18,Napa,055,140530,28951,28619,1240,29859,144
2022-06-18,Nevada,057,99092,17324,17134,1428,18562,129
2022-06-18,Orange,059,3164182,593363,587176,48791,635967,7074
2022-06-18,Placer,061,380077,68724,67961,8367,76328,628
2022-06-18,Plumas,063,18699,3234,3201,394,3595,13
2022-06-18,Riverside,065,2383286,624616,619760,30129,649889,6488
2022-06-18,Sacramento,067,1510023,309791,306215,30241,336456,3072
2022-06-18,San Benito,069,59416,14216,13985,687,14672,99
2022-06-18,San Bernardino,071,2135413,603241,591926,26478,618404,7765
2022-06-18,San Diego,073,3302833,819891,815124,60344,875468,5318
2022-06-18,San Francisco,075,870044,154650,151898,10174,162072,897
2022-06-18,San Joaquin,077,732212,178374,176323,11664,187987,2251
2022-06-18,San Luis Obispo,079,281455,57290,56767,5242,62009,485
2022-06-18,San Mateo,081,765935,146391,143879,9128,153007,723
2022-06-18,Santa Barbara,083,443738,93755,92906,5433,98339,699
2022-06-18,Santa Clara,085,1922200,375727,365638,15921,381559,2328
2022-06-18,Santa Cruz,087,273765,54759,53866,2664,56530,264
2022-06-18,Shasta,089,179085,31880,31647,6380,38027,568
2022-06-18,Sierra,091,2930,284,281,56,337,4
2022-06-18,Siskiyou,093,43540,4703,4672,2943,7615,81
2022-06-18,Solano,095,438530,92566,90548,6524,97072,454
2022-06-18,Sonoma,097,501317,95662,94318,4161,98479,493
2022-06-18,Stanislaus,099,539301,124350,123264,19027,142291,1668
2022-06-18,Sutter,101,95872,21619,21501,2283,23784,227
2022-06-18,Tehama,103,63373,12520,12410,2700,15110,205
2022-06-18,Trinity,105,12862,1231,1220,297,1517,20
2022-06-18,Tulare,107,460477,110687,110041,29736,139777,1496
2022-06-18,Tuolumne,109,53932,13690,13487,677,14164,189
2022-06-18,Ventura,111,848112,186903,185219,11540,196759,1513
2022-06-18,Yolo,113,214977,42736,41135,3428,44563,323
2022-06-18,Yuba,115,75493,16924,16786,1423,18209,124
2022-06-17,Alameda,001,1643700,300870,296062,16724,312786,1883
2022-06-17,Alpine,003,1148,129,129,1,130,0
2022-06-17,Amador,005,37829,9122,8985,740,9725,87
2022-06-17,Butte,007,227075,35455,34920,7794,42714,432
2022-06-17,Calaveras,009,45235,7716,7664,412,8076,122
2022-06-17,Colusa,011,21464,3535,3519,1104,4623,21
2022-06-17,Contra Costa,013,1133247,220472,213994,16768,230762,1323
2022-06-17,Del Norte,015,27424,6403,6307,278,6585,52
2022-06-17,El Dorado,017,186661,29190,28904,3629,32533,215
2022-06-17,Fresno,019,978130,246339,242214,26209,268423,2768
2022-06-17,Glenn,021,27897,5189,5131,1690,6821,48
2022-06-17,Humboldt,023,135768,19138,18885,3872,22757,148
2022-06-17,Imperial,025,180216,57912,57450,11299,68749,944
2022-06-17,Inyo,027,18085,4226,4209,615,4824,56
2022-06-17,Kern,029,883053,200108,198567,49534,248101,2340
2022-06-17,Kings,031,150075,53533,53242,3637,56879,448
2022-06-17,Lake,033,64148,11444,11318,991,12309,140
2022-06-17,Lassen,035,31185,9257,9225,919,10144,64
2022-06-17,Los Angeles,037,10098052,2931946,2909197,140928,3050125,31999
2022-06-17,Madera,039,155013,39123,38859,6651,45510,372
2022-06-17,Marin,041,260295,39760,39214,4461,43675,294
2022-06-17,Mariposa,043,17540,2709,2662,262,2924,30
2022-06-17,Mendocino,045,87422,14241,14090,3674,17764,127
2022-06-17,Merced,047,269075,65619,64734,9642,74376,827
2022-06-17,Modoc,049,8938,772,771,264,1035,8
2022-06-17,Mono,051,14174,3074,3066,176,3242,6
2022-06-17,Monterey,053,433212,84958,84032,16607,100639,744
2022-06-17,Napa,055,140530,28912,28619,1237,29856,144
2022-06-17,Nevada,057,99092,17306,17134,1423,18557,129
2022-06-17,Orange,059,3164182,592686,587176,48655,635831,7074
2022-06-17,Placer,061,380077,68664,67961,8355,76316,628
2022-06-17,Plumas,063,18699,3233,3201,393,3594,13
2022-06-17,Riverside,065,2383286,624065,619760,30093,649853,6488
2022-06-17,Sacramento,067,1510023,309404,306215,30221,336436,3072
2022-06-17,San Benito,069,59416,14204,13985,687,14672,99
2022-06-17,San Bernardino,071,2135413,602803,591926,26447,618373,7765
2022-06-17,San Diego,073,3302833,818929,815124,60240,875364,5318
2022-06-17,San Francisco,075,870044,154336,151898,10141,162039,897
2022-06-17,San Joaquin,077,732212,178222,176323,11653,187976,2251
2022-06-17,San Luis Obispo,079,281455,57253,56767,5236,62003,485
2022-06-17,San Mateo,081,765935,146088,143879,9109,152988,723
2022-06-17,Santa Barbara,083,443738,93650,92906,5421,98327,699
2022-06-17,Santa Clara,085,1922200,374901,365638,15889,381527,2328
2022-06-17,Santa Cruz,087,273765,54693,53866,2659,56525,264
2022-06-17,Shasta,089,179085,31853,31647,6372,38019,568
2022-06-17,Sierra,091,2930,284,281,56,337,4
2022-06-17,Siskiyou,093,43540,4696,4672,2943,7615,81
2022-06-17,Solano,095,438530,92422,90548,6512,97060,454
2022-06-17,Sonoma,097,501317,95497,94318,4144,98462,493
2022-06-17,Stanislaus,099,539301,124253,123264,19017,142281,1668
2022-06-17,Sutter,101,95872,21597,21501,2277,23778,227
2022-06-17,Tehama,103,63373,12505,12410,2697,15107,205
2022-06-17,Trinity,105,12862,1231,1220,297,1517,20
2022-06-17,Tulare,107,460477,110599,110041,29705,139746,1496
2022-06-17,Tuolumne,109,53932,13677,13487,676,14163,189
2022-06-17,Ventura,111,848112,186723,185219,11519,196738,1513
2022-06-17,Yolo,113,214977,42654,41135,3415,44550,323
2022-06-17,Yuba,115,75493,16917,16786,1420,18206,124
2022-06-16,Alameda,001,1643700,300090,296062,16675,312737,1883
2022-06-16,Alpine,003,1148,129,129,1,130,0
2022-06-16,Amador,005,37829,9115,8985,735,9720,87
2022-06-16,Butte,007,227075,35380,34920,7778,42698,432
2022-06-16,Calaveras,009,45235,7704,7664,410,8074,122
2022-06-16,Colusa,011,21464,3533,3519,1103,4622,21
2022-06-16,Contra Costa,013,1133247,220008,213994,16717,230711,1323
2022-06-16,Del Norte,015,27424,6389,6307,277,6584,52
2022-06-16,El Dorado,017,186661,29138,28904,3617,32521,215
2022-06-16,Fresno,019,978130,245965,242214,26147,268361,2768
2022-06-16,Glenn,021,27897,5180,5131,1689,6820,48
2022-06-16,Humboldt,023,135768,19108,18885,3858,22743,148
2022-06-16,Imperial,025,180216,57813,57450,11270,68720,944
2022-06-16,Inyo,027,18085,4225,4209,612,4821,56
2022-06-16,Kern,029,883053,199897,198567,49418,247985,2340
2022-06-16,Kings,031,150075,53466,53242,3634,56876,448
2022-06-16,Lake,033,64148,11428,11318,991,12309,140
2022-06-16,Lassen,035,31185,9250,9225,919,10144,64
2022-06-16,Los Angeles,037,10098052,2927959,2909197,140568,3049765,31999
2022-06-16,Madera,039,155013,39092,38859,6641,45500,372
2022-06-16,Marin,041,260295,39661,39214,4448,43662,294
2022-06-16,Mariposa,043,17540,2701,2662,260,2922,30
2022-06-16,Mendocino,045,87422,14212,14090,3664,17754,127
2022-06-16,Merced,047,269075,65540,64734,9623,74357,827
2022-06-16,Modoc,049,8938,772,771,264,1035,8
2022-06-16,Mono,051,14174,3073,3066,175,3241,6
2022-06-16,Monterey,053,433212,84809,84032,16552,100584,744
2022-06-16,Napa,055,140530,28868,28619,1234,29853,144
2022-06-16,Nevada,057,99092,17283,17134,1418,18552,129
2022-06-16,Orange,059,3164182,591664,587176,48517,635693,7074
2022-06-16,Placer,061,380077,68579,67961,8332,76293,628
2022-06-16,Plumas,063,18699,3226,3201,392,3593,13
2022-06-16,Riverside,065,2383286,623319,619760,30049,649809,6488
2022-06-16,Sacramento,067,1510023,308822,306215,30187,336402,3072
2022-06-16,San Benito,069,59416,14180,13985,684,14669,99
2022-06-16,San Bernardino,071,2135413,602146,591926,26409,618335,7765
2022-06-16,San Diego,073,3302833,817410,815124,60081,875205,5318
2022-06-16,San Francisco,075,870044,153892,151898,10101,161999,897
2022-06-16,San Joaquin,077,732212,177968,176323,11633,187956,2251
2022-06-16,San Luis Obispo,079,281455,57175,56767,5216,61983,485
2022-06-16,San Mateo,081,765935,145723,143879,9093,152972,723
2022-06-16,Santa Barbara,083,443738,93501,92906,5407,98313,699
2022-06-16,Santa Clara,085,1922200,373959,365638,15841,381479,2328
2022-06-16,Santa Cruz,087,273765,54560,53866,2647,56513,264
2022-06-16,Shasta,089,179085,31823,31647,6361,38008,568
2022-06-16,Sierra,091,2930,283,281,56,337,4
2022-06-16,Siskiyou,093,43540,4687,4672,2934,7606,81
2022-06-16,Solano,095,438530,92227,90548,6500,97048,454
2022-06-16,Sonoma,097,501317,95310,94318,4127,98445,493
2022-06-16,Stanislaus,099,539301,124092,123264,19000,142264,1668
2022-06-16,Sutter,101,95872,21572,21501,2275,23776,227
2022-06-16,Tehama,103,63373,12486,12410,2695,15105,205
2022-06-16,Trinity,105,12862,1229,1220,294,1514,20
2022-06-16,Tulare,107,460477,110468,110041,29664,139705,1496
2022-06-16,Tuolumne,109,53932,13653,13487,672,14159,189
2022-06-16,Ventura,111,848112,186452,185219,11474,196693,1513
2022-06-16,Yolo,113,214977,42564,41135,3404,44539,323
2022-06-16,Yuba,115,75493,16893,16786,1416,18202,124
2022-06-15,Alameda,001,1643700,299306,295002,16648,311650,1880
2022-06-15,Alpine,003,1148,129,129,1,130,0
2022-06-15,Amador,005,37829,9107,8972,735,9707,87
2022-06-15,Butte,007,227075,35317,34841,7759,42600,430
2022-06-15,Calaveras,009,45235,7701,7648,408,8056,122
2022-06-15,Colusa,011,21464,3529,3515,1101,4616,21
2022-06-15,Contra Costa,013,1133247,219545,213219,16673,229892,1321
2022-06-15,Del Norte,015,27424,6378,6298,276,6574,52
2022-06-15,El Dorado,017,186661,29084,28829,3605,32434,215
2022-06-15,Fresno,019,978130,245593,241768,26101,267869,2767
2022-06-15,Glenn,021,27897,5174,5128,1681,6809,48
2022-06-15,Humboldt,023,135768,19070,18836,3833,22669,148
2022-06-15,Imperial,025,180216,57730,57373,11247,68620,941
2022-06-15,Inyo,027,18085,4223,4205,611,4816,56
2022-06-15,Kern,029,883053,199632,198216,49311,247527,2338
2022-06-15,Kings,031,150075,53412,53170,3631,56801,448
2022-06-15,Lake,033,64148,11408,11303,986,12289,140
2022-06-15,Lassen,035,31185,9246,9209,918,10127,64
2022-06-15,Los Angeles,037,10098052,2923676,2897298,140206,3037504,31971
2022-06-15,Madera,039,155013,39048,38776,6624,45400,372
2022-06-15,Marin,041,260295,39571,39027,4442,43469,294
2022-06-15,Mariposa,043,17540,2697,2651,258,2909,30
2022-06-15,Mendocino,045,87422,14180,14052,3654,17706,127
2022-06-15,Merced,047,269075,65459,64595,9611,74206,825
2022-06-15,Modoc,049,8938,771,772,264,1036,8
2022-06-15,Mono,051,14174,3073,3060,174,3234,6
2022-06-15,Monterey,053,433212,84668,83837,16512,100349,741
2022-06-15,Napa,055,140530,28808,28518,1225,29743,144
2022-06-15,Nevada,057,99092,17258,17107,1414,18521,127
2022-06-15,Orange,059,3164182,590637,585496,48346,633842,7067
2022-06-15,Placer,061,380077,68456,67805,8316,76121,628
2022-06-15,Plumas,063,18699,3221,3185,390,3575,13
2022-06-15,Riverside,065,2383286,622594,618584,29997,648581,6482
2022-06-15,Sacramento,067,1510023,308226,305361,30141,335502,3059
2022-06-15,San Benito,069,59416,14140,13953,677,14630,99
2022-06-15,San Bernardino,071,2135413,601493,590328,26369,616697,7735
2022-06-15,San Diego,073,3302833,815861,811093,59914,871007,5316
2022-06-15,San Francisco,075,870044,153465,151170,10076,161246,890
2022-06-15,San Joaquin,077,732212,177724,175966,11599,187565,2244
2022-06-15,San Luis Obispo,079,281455,57089,56535,5179,61714,486
2022-06-15,San Mateo,081,765935,145327,143277,9077,152354,722
2022-06-15,Santa Barbara,083,443738,93368,92710,5400,98110,698
2022-06-15,Santa Clara,085,1922200,372950,364014,15805,379819,2323
2022-06-15,Santa Cruz,087,273765,54445,53718,2642,56360,265
2022-06-15,Shasta,089,179085,31783,31598,6354,37952,568
2022-06-15,Sierra,091,2930,281,280,56,336,4
2022-06-15,Siskiyou,093,43540,4676,4656,2924,7580,81
2022-06-15,Solano,095,438530,91998,90265,6488,96753,453
2022-06-15,Sonoma,097,501317,95117,94041,4115,98156,492
2022-06-15,Stanislaus,099,539301,123949,122944,18975,141919,1668
2022-06-15,Sutter,101,95872,21545,21448,2270,23718,227
2022-06-15,Tehama,103,63373,12478,12392,2689,15081,205
2022-06-15,Trinity,105,12862,1228,1217,292,1509,20
2022-06-15,Tulare,107,460477,110364,109930,29627,139557,1495
2022-06-15,Tuolumne,109,53932,13642,13459,672,14131,189
2022-06-15,Ventura,111,848112,186180,184750,11425,196175,1509
2022-06-15,Yolo,113,214977,42460,40756,3389,44145,322
2022-06-15,Yuba,115,75493,16868,16754,1411,18165,124
2022-06-14,Alameda,001,1643700,298606,295002,16603,311605,1880
2022-06-14,Alpine,003,1148,129,129,1,130,0
2022-06-14,Amador,005,37829,9091,8972,730,9702,87
2022-06-14,Butte,007,227075,35262,34841,7743,42584,430
2022-06-14,Calaveras,009,45235,7690,7648,407,8055,122
2022-06-14,Colusa,011,21464,3527,3515,1100,4615,21
2022-06-14,Contra Costa,013,1133247,219011,213219,16614,229833,1321
2022-06-14,Del Norte,015,27424,6370,6298,273,6571,52
2022-06-14,El Dorado,017,186661,29032,28829,3597,32426,215
2022-06-14,Fresno,019,978130,245195,241768,26039,267807,2767
2022-06-14,Glenn,021,27897,5165,5128,1678,6806,48
2022-06-14,Humboldt,023,135768,19020,18836,3816,22652,148
2022-06-14,Imperial,025,180216,57656,57373,11217,68590,941
2022-06-14,Inyo,027,18085,4218,4205,610,4815,56
2022-06-14,Kern,029,883053,199370,198216,49195,247411,2338
2022-06-14,Kings,031,150075,53342,53170,3629,56799,448
2022-06-14,Lake,033,64148,11382,11303,985,12288,140
2022-06-14,Lassen,035,31185,9240,9209,915,10124,64
2022-06-14,Los Angeles,037,10098052,2919156,2897298,139785,3037083,31971
2022-06-14,Madera,039,155013,38995,38776,6615,45391,372
2022-06-14,Marin,041,260295,39462,39027,4431,43458,294
2022-06-14,Mariposa,043,17540,2686,2651,255,2906,30
2022-06-14,Mendocino,045,87422,14152,14052,3641,17693,127
2022-06-14,Merced,047,269075,65377,64595,9586,74181,825
2022-06-14,Modoc,049,8938,771,772,263,1035,8
2022-06-14,Mono,051,14174,3073,3060,173,3233,6
2022-06-14,Monterey,053,433212,84529,83837,16466,100303,741
2022-06-14,Napa,055,140530,28744,28518,1224,29742,144
2022-06-14,Nevada,057,99092,17227,17107,1409,18516,127
2022-06-14,Orange,059,3164182,589510,585496,48179,633675,7067
2022-06-14,Placer,061,380077,68333,67805,8301,76106,628
2022-06-14,Plumas,063,18699,3217,3185,390,3575,13
2022-06-14,Riverside,065,2383286,621812,618584,29962,648546,6482
2022-06-14,Sacramento,067,1510023,307594,305361,30058,335419,3059
2022-06-14,San Benito,069,59416,14105,13953,675,14628,99
2022-06-14,San Bernardino,071,2135413,600777,590328,26325,616653,7735
2022-06-14,San Diego,073,3302833,814154,811093,59765,870858,5316
2022-06-14,San Francisco,075,870044,152985,151170,10048,161218,890
2022-06-14,San Joaquin,077,732212,177455,175966,11563,187529,2244
2022-06-14,San Luis Obispo,079,281455,56980,56535,5131,61666,486
2022-06-14,San Mateo,081,765935,144945,143277,9063,152340,722
2022-06-14,Santa Barbara,083,443738,93232,92710,5384,98094,698
2022-06-14,Santa Clara,085,1922200,371883,364014,15761,379775,2323
2022-06-14,Santa Cruz,087,273765,54318,53718,2631,56349,265
2022-06-14,Shasta,089,179085,31753,31598,6346,37944,568
2022-06-14,Sierra,091,2930,281,280,56,336,4
2022-06-14,Siskiyou,093,43540,4666,4656,2918,7574,81
2022-06-14,Solano,095,438530,91738,90265,6466,96731,453
2022-06-14,Sonoma,097,501317,94901,94041,4101,98142,492
2022-06-14,Stanislaus,099,539301,123772,122944,18946,141890,1668
2022-06-14,Sutter,101,95872,21507,21448,2266,23714,227
2022-06-14,Tehama,103,63373,12460,12392,2688,15080,205
2022-06-14,Trinity,105,12862,1227,1217,292,1509,20
2022-06-14,Tulare,107,460477,110222,109930,29583,139513,1495
2022-06-14,Tuolumne,109,53932,13621,13459,668,14127,189
2022-06-14,Ventura,111,848112,185887,184750,11387,196137,1509
2022-06-14,Yolo,113,214977,42353,40756,3378,44134,322
2022-06-14,Yuba,115,75493,16838,16754,1408,18162,124
2022-06-13,Alameda,001,1643700,297781,295002,16551,311553,1880
2022-06-13,Alpine,003,1148,129,129,1,130,0
2022-06-13,Amador,005,37829,9084,8972,728,9700,87
2022-06-13,Butte,007,227075,35184,34841,7718,42559,430
2022-06-13,Calaveras,009,45235,7672,7648,407,8055,122
2022-06-13,Colusa,011,21464,3527,3515,1097,4612,21
2022-06-13,Contra Costa,013,1133247,218436,213219,16547,229766,1321
2022-06-13,Del Norte,015,27424,6358,6298,269,6567,52
2022-06-13,El Dorado,017,186661,28982,28829,3585,32414,215
2022-06-13,Fresno,019,978130,244768,241768,25984,267752,2767
2022-06-13,Glenn,021,27897,5161,5128,1674,6802,48
2022-06-13,Humboldt,023,135768,18967,18836,3792,22628,148
2022-06-13,Imperial,025,180216,57556,57373,11173,68546,941
2022-06-13,Inyo,027,18085,4214,4205,605,4810,56
2022-06-13,Kern,029,883053,199102,198216,49059,247275,2338
2022-06-13,Kings,031,150075,53277,53170,3625,56795,448
2022-06-13,Lake,033,64148,11357,11303,984,12287,140
2022-06-13,Lassen,035,31185,9232,9209,912,10121,64
2022-06-13,Los Angeles,037,10098052,2914589,2897298,139395,3036693,31971
2022-06-13,Madera,039,155013,38928,38776,6597,45373,372
2022-06-13,Marin,041,260295,39355,39027,4403,43430,294
2022-06-13,Mariposa,043,17540,2672,2651,254,2905,30
2022-06-13,Mendocino,045,87422,14128,14052,3625,17677,127
2022-06-13,Merced,047,269075,65301,64595,9558,74153,825
2022-06-13,Modoc,049,8938,770,772,263,1035,8
2022-06-13,Mono,051,14174,3071,3060,173,3233,6
2022-06-13,Monterey,053,433212,84394,83837,16415,100252,741
2022-06-13,Napa,055,140530,28673,28518,1220,29738,144
2022-06-13,Nevada,057,99092,17196,17107,1406,18513,127
2022-06-13,Orange,059,3164182,588275,585496,47996,633492,7067
2022-06-13,Placer,061,380077,68236,67805,8279,76084,628
2022-06-13,Plumas,063,18699,3212,3185,389,3574,13
2022-06-13,Riverside,065,2383286,621068,618584,29927,648511,6482
2022-06-13,Sacramento,067,1510023,306915,305361,29991,335352,3059
2022-06-13,San Benito,069,59416,14078,13953,669,14622,99
2022-06-13,San Bernardino,071,2135413,599982,590328,26294,616622,7735
2022-06-13,San Diego,073,3302833,812451,811093,59659,870752,5316
2022-06-13,San Francisco,075,870044,152450,151170,10030,161200,890
2022-06-13,San Joaquin,077,732212,177191,175966,11526,187492,2244
2022-06-13,San Luis Obispo,079,281455,56877,56535,5079,61614,486
2022-06-13,San Mateo,081,765935,144505,143277,9041,152318,722
2022-06-13,Santa Barbara,083,443738,93103,92710,5371,98081,698
2022-06-13,Santa Clara,085,1922200,370862,364014,15710,379724,2323
2022-06-13,Santa Cruz,087,273765,54180,53718,2624,56342,265
2022-06-13,Shasta,089,179085,31720,31598,6339,37937,568
2022-06-13,Sierra,091,2930,281,280,56,336,4
2022-06-13,Siskiyou,093,43540,4662,4656,2910,7566,81
2022-06-13,Solano,095,438530,91497,90265,6442,96707,453
2022-06-13,Sonoma,097,501317,94644,94041,4082,98123,492
2022-06-13,Stanislaus,099,539301,123604,122944,18921,141865,1668
2022-06-13,Sutter,101,95872,21479,21448,2262,23710,227
2022-06-13,Tehama,103,63373,12441,12392,2685,15077,205
2022-06-13,Trinity,105,12862,1225,1217,292,1509,20
2022-06-13,Tulare,107,460477,110070,109930,29536,139466,1495
2022-06-13,Tuolumne,109,53932,13598,13459,665,14124,189
2022-06-13,Ventura,111,848112,185595,184750,11335,196085,1509
2022-06-13,Yolo,113,214977,42216,40756,3366,44122,322
2022-06-13,Yuba,115,75493,16820,16754,1404,18158,124
2022-06-12,Alameda,001,1643700,296963,292112,16492,308604,1877
2022-06-12,Alpine,003,1148,129,129,1,130,0
2022-06-12,Amador,005,37829,9061,8869,727,9596,87
2022-06-12,Butte,007,227075,35127,34596,7697,42293,427
2022-06-12,Calaveras,009,45235,7658,7604,404,8008,122
2022-06-12,Colusa,011,21464,3526,3505,1096,4601,21
2022-06-12,Contra Costa,013,1133247,217847,211229,16476,227705,1315
2022-06-12,Del Norte,015,27424,6344,6253,269,6522,52
2022-06-12,El Dorado,017,186661,28921,28641,3568,32209,215
2022-06-12,Fresno,019,978130,244304,240345,25930,266275,2766
2022-06-12,Glenn,021,27897,5158,5104,1672,6776,48
2022-06-12,Humboldt,023,135768,18902,18696,3756,22452,148
2022-06-12,Imperial,025,180216,57479,57129,11129,68258,941
2022-06-12,Inyo,027,18085,4212,4194,604,4798,56
2022-06-12,Kern,029,883053,198820,197353,48938,246291,2338
2022-06-12,Kings,031,150075,53199,52978,3620,56598,447
2022-06-12,Lake,033,64148,11333,11202,983,12185,139
2022-06-12,Lassen,035,31185,9214,9172,910,10082,64
2022-06-12,Los Angeles,037,10098052,2909644,2878981,138913,3017894,31947
2022-06-12,Madera,039,155013,38835,38567,6571,45138,372
2022-06-12,Marin,041,260295,39246,38593,4379,42972,294
2022-06-12,Mariposa,043,17540,2666,2625,253,2878,30
2022-06-12,Mendocino,045,87422,14105,13945,3619,17564,127
2022-06-12,Merced,047,269075,65186,64286,9529,73815,825
2022-06-12,Modoc,049,8938,770,767,263,1030,8
2022-06-12,Mono,051,14174,3067,3052,172,3224,6
2022-06-12,Monterey,053,433212,84236,83391,16337,99728,739
2022-06-12,Napa,055,140530,28611,28202,1211,29413,143
2022-06-12,Nevada,057,99092,17152,16989,1400,18389,127
2022-06-12,Orange,059,3164182,587001,581624,47804,629428,7057
2022-06-12,Placer,061,380077,68122,67306,8256,75562,628
2022-06-12,Plumas,063,18699,3206,3172,388,3560,13
2022-06-12,Riverside,065,2383286,620124,615556,29859,645415,6481
2022-06-12,Sacramento,067,1510023,306171,302721,29886,332607,3058
2022-06-12,San Benito,069,59416,14044,13832,663,14495,99
2022-06-12,San Bernardino,071,2135413,599059,587385,26244,613629,7708
2022-06-12,San Diego,073,3302833,810716,805360,59523,864883,5315
2022-06-12,San Francisco,075,870044,151897,149278,9985,159263,890
2022-06-12,San Joaquin,077,732212,176835,174822,11500,186322,2244
2022-06-12,San Luis Obispo,079,281455,56740,56160,5018,61178,485
2022-06-12,San Mateo,081,765935,144039,141719,9000,150719,715
2022-06-12,Santa Barbara,083,443738,92930,92177,5356,97533,694
2022-06-12,Santa Clara,085,1922200,369683,359925,15664,375589,2322
2022-06-12,Santa Cruz,087,273765,54020,53171,2619,55790,264
2022-06-12,Shasta,089,179085,31673,31483,6325,37808,566
2022-06-12,Sierra,091,2930,281,278,56,334,4
2022-06-12,Siskiyou,093,43540,4654,4633,2905,7538,81
2022-06-12,Solano,095,438530,91205,89424,6423,95847,453
2022-06-12,Sonoma,097,501317,94388,93218,4058,97276,492
2022-06-12,Stanislaus,099,539301,123404,122267,18880,141147,1665
2022-06-12,Sutter,101,95872,21439,21333,2247,23580,227
2022-06-12,Tehama,103,63373,12422,12343,2680,15023,205
2022-06-12,Trinity,105,12862,1222,1213,292,1505,20
2022-06-12,Tulare,107,460477,109872,109467,29473,138940,1495
2022-06-12,Tuolumne,109,53932,13570,13382,663,14045,189
2022-06-12,Ventura,111,848112,185241,183680,11288,194968,1508
2022-06-12,Yolo,113,214977,42095,40202,3361,43563,323
2022-06-12,Yuba,115,75493,16792,16653,1396,18049,123
2022-06-11,Alameda,001,1643700,296547,292112,16471,308583,1877
2022-06-11,Alpine,003,1148,129,129,1,130,0
2022-06-11,Amador,005,37829,9047,8869,727,9596,87
2022-06-11,Butte,007,227075,35092,34596,7681,42277,427
2022-06-11,Calaveras,009,45235,7651,7604,403,8007,122
2022-06-11,Colusa,011,21464,3524,3505,1095,4600,21
2022-06-11,Contra Costa,013,1133247,217535,211229,16441,227670,1315
2022-06-11,Del Norte,015,27424,6336,6253,269,6522,52
2022-06-11,El Dorado,017,186661,28902,28641,3566,32207,215
2022-06-11,Fresno,019,978130,244108,240345,25910,266255,2766
2022-06-11,Glenn,021,27897,5156,5104,1672,6776,48
2022-06-11,Humboldt,023,135768,18882,18696,3748,22444,148
2022-06-11,Imperial,025,180216,57423,57129,11115,68244,941
2022-06-11,Inyo,027,18085,4212,4194,602,4796,56
2022-06-11,Kern,029,883053,198698,197353,48865,246218,2338
2022-06-11,Kings,031,150075,53167,52978,3619,56597,447
2022-06-11,Lake,033,64148,11325,11202,980,12182,139
2022-06-11,Lassen,035,31185,9209,9172,909,10081,64
2022-06-11,Los Angeles,037,10098052,2907301,2878981,138622,3017603,31947
2022-06-11,Madera,039,155013,38814,38567,6569,45136,372
2022-06-11,Marin,041,260295,39169,38593,4345,42938,294
2022-06-11,Mariposa,043,17540,2662,2625,252,2877,30
2022-06-11,Mendocino,045,87422,14094,13945,3615,17560,127
2022-06-11,Merced,047,269075,65137,64286,9525,73811,825
2022-06-11,Modoc,049,8938,770,767,263,1030,8
2022-06-11,Mono,051,14174,3067,3052,172,3224,6
2022-06-11,Monterey,053,433212,84153,83391,16305,99696,739
2022-06-11,Napa,055,140530,28572,28202,1207,29409,143
2022-06-11,Nevada,057,99092,17138,16989,1398,18387,127
2022-06-11,Orange,059,3164182,586361,581624,47666,629290,7057
2022-06-11,Placer,061,380077,68035,67306,8247,75553,628
2022-06-11,Plumas,063,18699,3203,3172,388,3560,13
2022-06-11,Riverside,065,2383286,619598,615556,29830,645386,6481
2022-06-11,Sacramento,067,1510023,305863,302721,29852,332573,3058
2022-06-11,San Benito,069,59416,14034,13832,660,14492,99
2022-06-11,San Bernardino,071,2135413,598637,587385,26221,613606,7708
2022-06-11,San Diego,073,3302833,810015,805360,59478,864838,5315
2022-06-11,San Francisco,075,870044,151576,149278,9965,159243,890
2022-06-11,San Joaquin,077,732212,176681,174822,11481,186303,2244
2022-06-11,San Luis Obispo,079,281455,56706,56160,5008,61168,485
2022-06-11,San Mateo,081,765935,143816,141719,8978,150697,715
2022-06-11,Santa Barbara,083,443738,92864,92177,5342,97519,694
2022-06-11,Santa Clara,085,1922200,368920,359925,15627,375552,2322
2022-06-11,Santa Cruz,087,273765,53965,53171,2605,55776,264
2022-06-11,Shasta,089,179085,31657,31483,6319,37802,566
2022-06-11,Sierra,091,2930,281,278,56,334,4
2022-06-11,Siskiyou,093,43540,4648,4633,2897,7530,81
2022-06-11,Solano,095,438530,91116,89424,6413,95837,453
2022-06-11,Sonoma,097,501317,94280,93218,4033,97251,492
2022-06-11,Stanislaus,099,539301,123302,122267,18857,141124,1665
2022-06-11,Sutter,101,95872,21421,21333,2246,23579,227
2022-06-11,Tehama,103,63373,12415,12343,2680,15023,205
2022-06-11,Trinity,105,12862,1221,1213,292,1505,20
2022-06-11,Tulare,107,460477,109790,109467,29445,138912,1495
2022-06-11,Tuolumne,109,53932,13544,13382,662,14044,189
2022-06-11,Ventura,111,848112,185063,183680,11256,194936,1508
2022-06-11,Yolo,113,214977,42030,40202,3354,43556,323
2022-06-11,Yuba,115,75493,16773,16653,1392,18045,123
2022-06-10,Alameda,001,1643700,296072,292112,16448,308560,1877
2022-06-10,Alpine,003,1148,129,129,1,130,0
2022-06-10,Amador,005,37829,9034,8869,726,9595,87
2022-06-10,Butte,007,227075,35060,34596,7667,42263,427
2022-06-10,Calaveras,009,45235,7646,7604,402,8006,122
2022-06-10,Colusa,011,21464,3519,3505,1094,4599,21
2022-06-10,Contra Costa,013,1133247,217267,211229,16410,227639,1315
2022-06-10,Del Norte,015,27424,6330,6253,268,6521,52
2022-06-10,El Dorado,017,186661,28873,28641,3563,32204,215
2022-06-10,Fresno,019,978130,243879,240345,25887,266232,2766
2022-06-10,Glenn,021,27897,5154,5104,1669,6773,48
2022-06-10,Humboldt,023,135768,18860,18696,3741,22437,148
2022-06-10,Imperial,025,180216,57377,57129,11112,68241,941
2022-06-10,Inyo,027,18085,4211,4194,599,4793,56
2022-06-10,Kern,029,883053,198552,197353,48773,246126,2338
2022-06-10,Kings,031,150075,53147,52978,3618,56596,447
2022-06-10,Lake,033,64148,11310,11202,979,12181,139
2022-06-10,Lassen,035,31185,9206,9172,907,10079,64
2022-06-10,Los Angeles,037,10098052,2904569,2878981,138353,3017334,31947
2022-06-10,Madera,039,155013,38786,38567,6561,45128,372
2022-06-10,Marin,041,260295,39074,38593,4318,42911,294
2022-06-10,Mariposa,043,17540,2658,2625,251,2876,30
2022-06-10,Mendocino,045,87422,14076,13945,3607,17552,127
2022-06-10,Merced,047,269075,65094,64286,9520,73806,825
2022-06-10,Modoc,049,8938,770,767,263,1030,8
2022-06-10,Mono,051,14174,3067,3052,171,3223,6
2022-06-10,Monterey,053,433212,84061,83391,16265,99656,739
2022-06-10,Napa,055,140530,28542,28202,1206,29408,143
2022-06-10,Nevada,057,99092,17125,16989,1397,18386,127
2022-06-10,Orange,059,3164182,585699,581624,47546,629170,7057
2022-06-10,Placer,061,380077,67964,67306,8229,75535,628
2022-06-10,Plumas,063,18699,3199,3172,388,3560,13
2022-06-10,Riverside,065,2383286,619076,615556,29801,645357,6481
2022-06-10,Sacramento,067,1510023,305467,302721,29829,332550,3058
2022-06-10,San Benito,069,59416,14021,13832,659,14491,99
2022-06-10,San Bernardino,071,2135413,598227,587385,26190,613575,7708
2022-06-10,San Diego,073,3302833,809100,805360,59442,864802,5315
2022-06-10,San Francisco,075,870044,151261,149278,9927,159205,890
2022-06-10,San Joaquin,077,732212,176566,174822,11465,186287,2244
2022-06-10,San Luis Obispo,079,281455,56671,56160,5001,61161,485
2022-06-10,San Mateo,081,765935,143560,141719,8965,150684,715
2022-06-10,Santa Barbara,083,443738,92765,92177,5338,97515,694
2022-06-10,Santa Clara,085,1922200,368175,359925,15593,375518,2322
2022-06-10,Santa Cruz,087,273765,53866,53171,2595,55766,264
2022-06-10,Shasta,089,179085,31637,31483,6310,37793,566
2022-06-10,Sierra,091,2930,280,278,56,334,4
2022-06-10,Siskiyou,093,43540,4641,4633,2891,7524,81
2022-06-10,Solano,095,438530,90954,89424,6399,95823,453
2022-06-10,Sonoma,097,501317,94119,93218,4010,97228,492
2022-06-10,Stanislaus,099,539301,123183,122267,18843,141110,1665
2022-06-10,Sutter,101,95872,21406,21333,2244,23577,227
2022-06-10,Tehama,103,63373,12407,12343,2679,15022,205
2022-06-10,Trinity,105,12862,1219,1213,292,1505,20
2022-06-10,Tulare,107,460477,109723,109467,29424,138891,1495
2022-06-10,Tuolumne,109,53932,13530,13382,660,14042,189
2022-06-10,Ventura,111,848112,184877,183680,11222,194902,1508
2022-06-10,Yolo,113,214977,41940,40202,3346,43548,323
2022-06-10,Yuba,115,75493,16752,16653,1389,18042,123
2022-06-09,Alameda,001,1643700,295164,292112,16397,308509,1877
2022-06-09,Alpine,003,1148,129,129,1,130,0
2022-06-09,Amador,005,37829,9023,8869,723,9592,87
2022-06-09,Butte,007,227075,35000,34596,7656,42252,427
2022-06-09,Calaveras,009,45235,7636,7604,402,8006,122
2022-06-09,Colusa,011,21464,3518,3505,1092,4597,21
2022-06-09,Contra Costa,013,1133247,216753,211229,16365,227594,1315
2022-06-09,Del Norte,015,27424,6317,6253,265,6518,52
2022-06-09,El Dorado,017,186661,28816,28641,3553,32194,215
2022-06-09,Fresno,019,978130,243523,240345,25840,266185,2766
2022-06-09,Glenn,021,27897,5148,5104,1667,6771,48
2022-06-09,Humboldt,023,135768,18811,18696,3730,22426,148
2022-06-09,Imperial,025,180216,57319,57129,11095,68224,941
2022-06-09,Inyo,027,18085,4208,4194,594,4788,56
2022-06-09,Kern,029,883053,198350,197353,48675,246028,2338
2022-06-09,Kings,031,150075,53106,52978,3615,56593,447
2022-06-09,Lake,033,64148,11285,11202,977,12179,139
2022-06-09,Lassen,035,31185,9187,9172,905,10077,64
2022-06-09,Los Angeles,037,10098052,2900172,2878981,137972,3016953,31947
2022-06-09,Madera,039,155013,38733,38567,6547,45114,372
2022-06-09,Marin,041,260295,38971,38593,4293,42886,294
2022-06-09,Mariposa,043,17540,2654,2625,250,2875,30
2022-06-09,Mendocino,045,87422,14048,13945,3605,17550,127
2022-06-09,Merced,047,269075,65017,64286,9511,73797,825
2022-06-09,Modoc,049,8938,769,767,263,1030,8
2022-06-09,Mono,051,14174,3061,3052,169,3221,6
2022-06-09,Monterey,053,433212,83940,83391,16196,99587,739
2022-06-09,Napa,055,140530,28482,28202,1204,29406,143
2022-06-09,Nevada,057,99092,17091,16989,1396,18385,127
2022-06-09,Orange,059,3164182,584635,581624,47393,629017,7057
2022-06-09,Placer,061,380077,67843,67306,8216,75522,628
2022-06-09,Plumas,063,18699,3193,3172,388,3560,13
2022-06-09,Riverside,065,2383286,618384,615556,29761,645317,6481
2022-06-09,Sacramento,067,1510023,304885,302721,29742,332463,3058
2022-06-09,San Benito,069,59416,14003,13832,657,14489,99
2022-06-09,San Bernardino,071,2135413,597560,587385,26157,613542,7708
2022-06-09,San Diego,073,3302833,807695,805360,59302,864662,5315
2022-06-09,San Francisco,075,870044,150869,149278,9897,159175,890
2022-06-09,San Joaquin,077,732212,176273,174822,11445,186267,2244
2022-06-09,San Luis Obispo,079,281455,56584,56160,4972,61132,485
2022-06-09,San Mateo,081,765935,143175,141719,8938,150657,715
2022-06-09,Santa Barbara,083,443738,92634,92177,5333,97510,694
2022-06-09,Santa Clara,085,1922200,367209,359925,15526,375451,2322
2022-06-09,Santa Cruz,087,273765,53734,53171,2585,55756,264
2022-06-09,Shasta,089,179085,31605,31483,6300,37783,566
2022-06-09,Sierra,091,2930,280,278,56,334,4
2022-06-09,Siskiyou,093,43540,4634,4633,2877,7510,81
2022-06-09,Solano,095,438530,90708,89424,6384,95808,453
2022-06-09,Sonoma,097,501317,93962,93218,3991,97209,492
2022-06-09,Stanislaus,099,539301,123015,122267,18829,141096,1665
2022-06-09,Sutter,101,95872,21369,21333,2244,23577,227
2022-06-09,Tehama,103,63373,12388,12343,2678,15021,205
2022-06-09,Trinity,105,12862,1218,1213,292,1505,20
2022-06-09,Tulare,107,460477,109602,109467,29388,138855,1495
2022-06-09,Tuolumne,109,53932,13499,13382,657,14039,189
2022-06-09,Ventura,111,848112,184609,183680,11188,194868,1508
2022-06-09,Yolo,113,214977,41828,40202,3331,43533,323
2022-06-09,Yuba,115,75493,16729,16653,1386,18039,123
2022-06-08,Alameda,001,1643700,294399,289661,16346,306007,1873
2022-06-08,Alpine,003,1148,129,128,1,129,0
2022-06-08,Amador,005,37829,9015,8818,721,9539,87
2022-06-08,Butte,007,227075,34933,34380,7638,42018,427
2022-06-08,Calaveras,009,45235,7622,7564,402,7966,122
2022-06-08,Colusa,011,21464,3516,3495,1089,4584,21
2022-06-08,Contra Costa,013,1133247,216240,209384,16301,225685,1310
2022-06-08,Del Norte,015,27424,6295,6229,265,6494,52
2022-06-08,El Dorado,017,186661,28764,28478,3544,32022,215
2022-06-08,Fresno,019,978130,243182,239376,25769,265145,2766
2022-06-08,Glenn,021,27897,5144,5095,1664,6759,48
2022-06-08,Humboldt,023,135768,18781,18598,3704,22302,147
2022-06-08,Imperial,025,180216,57244,56912,11075,67987,941
2022-06-08,Inyo,027,18085,4206,4189,594,4783,56
2022-06-08,Kern,029,883053,198081,196763,48565,245328,2338
2022-06-08,Kings,031,150075,53036,52821,3611,56432,447
2022-06-08,Lake,033,64148,11264,11158,974,12132,137
2022-06-08,Lassen,035,31185,9174,9148,905,10053,64
2022-06-08,Los Angeles,037,10098052,2895555,2865901,137581,3003482,31920
2022-06-08,Madera,039,155013,38688,38408,6534,44942,372
2022-06-08,Marin,041,260295,38879,38338,4276,42614,294
2022-06-08,Mariposa,043,17540,2644,2614,249,2863,30
2022-06-08,Mendocino,045,87422,14028,13859,3593,17452,127
2022-06-08,Merced,047,269075,64951,64080,9489,73569,825
2022-06-08,Modoc,049,8938,765,761,263,1024,8
2022-06-08,Mono,051,14174,3057,3044,169,3213,6
2022-06-08,Monterey,053,433212,83829,83063,16146,99209,740
2022-06-08,Napa,055,140530,28393,27996,1199,29195,143
2022-06-08,Nevada,057,99092,17065,16907,1392,18299,127
2022-06-08,Orange,059,3164182,583530,578530,47201,625731,7044
2022-06-08,Placer,061,380077,67712,66951,8204,75155,627
2022-06-08,Plumas,063,18699,3190,3150,387,3537,13
2022-06-08,Riverside,065,2383286,617698,613469,29726,643195,6480
2022-06-08,Sacramento,067,1510023,304242,300875,29659,330534,3054
2022-06-08,San Benito,069,59416,13969,13734,655,14389,99
2022-06-08,San Bernardino,071,2135413,596866,585029,26113,611142,7685
2022-06-08,San Diego,073,3302833,806200,800840,59126,859966,5308
2022-06-08,San Francisco,075,870044,150446,147960,9871,157831,885
2022-06-08,San Joaquin,077,732212,175997,173887,11415,185302,2241
2022-06-08,San Luis Obispo,079,281455,56428,55822,4909,60731,484
2022-06-08,San Mateo,081,765935,142776,140569,8889,149458,710
2022-06-08,Santa Barbara,083,443738,92495,91747,5322,97069,693
2022-06-08,Santa Clara,085,1922200,366239,356452,15478,371930,2321
2022-06-08,Santa Cruz,087,273765,53594,52753,2574,55327,264
2022-06-08,Shasta,089,179085,31572,31394,6289,37683,565
2022-06-08,Sierra,091,2930,280,278,56,334,4
2022-06-08,Siskiyou,093,43540,4629,4609,2875,7484,81
2022-06-08,Solano,095,438530,90440,88522,6363,94885,453
2022-06-08,Sonoma,097,501317,93777,92644,3957,96601,491
2022-06-08,Stanislaus,099,539301,122832,121787,18794,140581,1662
2022-06-08,Sutter,101,95872,21345,21256,2238,23494,227
2022-06-08,Tehama,103,63373,12381,12306,2677,14983,205
2022-06-08,Trinity,105,12862,1217,1211,291,1502,20
2022-06-08,Tulare,107,460477,109516,109091,29334,138425,1494
2022-06-08,Tuolumne,109,53932,13484,13335,656,13991,189
2022-06-08,Ventura,111,848112,184333,182847,11138,193985,1506
2022-06-08,Yolo,113,214977,41722,39962,3317,43279,321
2022-06-08,Yuba,115,75493,16704,16558,1378,17936,122
2022-06-07,Alameda,001,1643700,293590,289661,16302,305963,1873
2022-06-07,Alpine,003,1148,129,128,1,129,0
2022-06-07,Amador,005,37829,9005,8818,718,9536,87
2022-06-07,Butte,007,227075,34854,34380,7613,41993,427
2022-06-07,Calaveras,009,45235,7614,7564,400,7964,122
2022-06-07,Colusa,011,21464,3516,3495,1086,4581,21
2022-06-07,Contra Costa,013,1133247,215680,209384,16248,225632,1310
2022-06-07,Del Norte,015,27424,6287,6229,262,6491,52
2022-06-07,El Dorado,017,186661,28702,28478,3533,32011,215
2022-06-07,Fresno,019,978130,242797,239376,25703,265079,2766
2022-06-07,Glenn,021,27897,5137,5095,1664,6759,48
2022-06-07,Humboldt,023,135768,18743,18598,3688,22286,147
2022-06-07,Imperial,025,180216,57185,56912,11042,67954,941
2022-06-07,Inyo,027,18085,4205,4189,586,4775,56
2022-06-07,Kern,029,883053,197826,196763,48455,245218,2338
2022-06-07,Kings,031,150075,52978,52821,3607,56428,447
2022-06-07,Lake,033,64148,11239,11158,968,12126,137
2022-06-07,Lassen,035,31185,9165,9148,904,10052,64
2022-06-07,Los Angeles,037,10098052,2890216,2865901,137145,3003046,31920
2022-06-07,Madera,039,155013,38616,38408,6518,44926,372
2022-06-07,Marin,041,260295,38795,38338,4249,42587,294
2022-06-07,Mariposa,043,17540,2637,2614,247,2861,30
2022-06-07,Mendocino,045,87422,13996,13859,3562,17421,127
2022-06-07,Merced,047,269075,64859,64080,9473,73553,825
2022-06-07,Modoc,049,8938,765,761,261,1022,8
2022-06-07,Mono,051,14174,3055,3044,167,3211,6
2022-06-07,Monterey,053,433212,83701,83063,16092,99155,740
2022-06-07,Napa,055,140530,28319,27996,1192,29188,143
2022-06-07,Nevada,057,99092,17038,16907,1386,18293,127
2022-06-07,Orange,059,3164182,582410,578530,47039,625569,7044
2022-06-07,Placer,061,380077,67560,66951,8172,75123,627
2022-06-07,Plumas,063,18699,3185,3150,386,3536,13
2022-06-07,Riverside,065,2383286,616822,613469,29675,643144,6480
2022-06-07,Sacramento,067,1510023,303519,300875,29557,330432,3054
2022-06-07,San Benito,069,59416,13926,13734,651,14385,99
2022-06-07,San Bernardino,071,2135413,596095,585029,26085,611114,7685
2022-06-07,San Diego,073,3302833,804624,800840,58915,859755,5308
2022-06-07,San Francisco,075,870044,149932,147960,9849,157809,885
2022-06-07,San Joaquin,077,732212,175661,173887,11378,185265,2241
2022-06-07,San Luis Obispo,079,281455,56325,55822,4864,60686,484
2022-06-07,San Mateo,081,765935,142357,140569,8834,149403,710
2022-06-07,Santa Barbara,083,443738,92349,91747,5309,97056,693
2022-06-07,Santa Clara,085,1922200,365099,356452,15398,371850,2321
2022-06-07,Santa Cruz,087,273765,53493,52753,2567,55320,264
2022-06-07,Shasta,089,179085,31535,31394,6282,37676,565
2022-06-07,Sierra,091,2930,279,278,56,334,4
2022-06-07,Siskiyou,093,43540,4622,4609,2871,7480,81
2022-06-07,Solano,095,438530,90114,88522,6345,94867,453
2022-06-07,Sonoma,097,501317,93548,92644,3925,96569,491
2022-06-07,Stanislaus,099,539301,122659,121787,18774,140561,1662
2022-06-07,Sutter,101,95872,21316,21256,2236,23492,227
2022-06-07,Tehama,103,63373,12365,12306,2673,14979,205
2022-06-07,Trinity,105,12862,1216,1211,291,1502,20
2022-06-07,Tulare,107,460477,109390,109091,29284,138375,1494
2022-06-07,Tuolumne,109,53932,13469,13335,654,13989,189
2022-06-07,Ventura,111,848112,183968,182847,11094,193941,1506
2022-06-07,Yolo,113,214977,41606,39962,3308,43270,321
2022-06-07,Yuba,115,75493,16675,16558,1377,17935,122
2022-06-06,Alameda,001,1643700,292707,289661,16247,305908,1873
2022-06-06,Alpine,003,1148,129,128,1,129,0
2022-06-06,Amador,005,37829,8954,8818,716,9534,87
2022-06-06,Butte,007,227075,34790,34380,7599,41979,427
2022-06-06,Calaveras,009,45235,7603,7564,400,7964,122
2022-06-06,Colusa,011,21464,3515,3495,1082,4577,21
2022-06-06,Contra Costa,013,1133247,215028,209384,16166,225550,1310
2022-06-06,Del Norte,015,27424,6279,6229,261,6490,52
2022-06-06,El Dorado,017,186661,28655,28478,3521,31999,215
2022-06-06,Fresno,019,978130,242372,239376,25635,265011,2766
2022-06-06,Glenn,021,27897,5129,5095,1662,6757,48
2022-06-06,Humboldt,023,135768,18705,18598,3675,22273,147
2022-06-06,Imperial,025,180216,57112,56912,11010,67922,941
2022-06-06,Inyo,027,18085,4201,4189,583,4772,56
2022-06-06,Kern,029,883053,197543,196763,48320,245083,2338
2022-06-06,Kings,031,150075,52919,52821,3604,56425,447
2022-06-06,Lake,033,64148,11219,11158,962,12120,137
2022-06-06,Lassen,035,31185,9155,9148,903,10051,64
2022-06-06,Los Angeles,037,10098052,2884574,2865901,136728,3002629,31920
2022-06-06,Madera,039,155013,38548,38408,6490,44898,372
2022-06-06,Marin,041,260295,38670,38338,4212,42550,294
2022-06-06,Mariposa,043,17540,2627,2614,245,2859,30
2022-06-06,Mendocino,045,87422,13967,13859,3551,17410,127
2022-06-06,Merced,047,269075,64739,64080,9449,73529,825
2022-06-06,Modoc,049,8938,763,761,259,1020,8
2022-06-06,Mono,051,14174,3052,3044,166,3210,6
2022-06-06,Monterey,053,433212,83558,83063,16027,99090,740
2022-06-06,Napa,055,140530,28240,27996,1183,29179,143
2022-06-06,Nevada,057,99092,17010,16907,1382,18289,127
2022-06-06,Orange,059,3164182,581283,578530,46878,625408,7044
2022-06-06,Placer,061,380077,67444,66951,8140,75091,627
2022-06-06,Plumas,063,18699,3178,3150,385,3535,13
2022-06-06,Riverside,065,2383286,616030,613469,29625,643094,6480
2022-06-06,Sacramento,067,1510023,302743,300875,29455,330330,3054
2022-06-06,San Benito,069,59416,13878,13734,647,14381,99
2022-06-06,San Bernardino,071,2135413,595324,585029,26043,611072,7685
2022-06-06,San Diego,073,3302833,802836,800840,58679,859519,5308
2022-06-06,San Francisco,075,870044,149414,147960,9827,157787,885
2022-06-06,San Joaquin,077,732212,175278,173887,11347,185234,2241
2022-06-06,San Luis Obispo,079,281455,56216,55822,4831,60653,484
2022-06-06,San Mateo,081,765935,141875,140569,8797,149366,710
2022-06-06,Santa Barbara,083,443738,92171,91747,5291,97038,693
2022-06-06,Santa Clara,085,1922200,363839,356452,15314,371766,2321
2022-06-06,Santa Cruz,087,273765,53338,52753,2555,55308,264
2022-06-06,Shasta,089,179085,31500,31394,6270,37664,565
2022-06-06,Sierra,091,2930,279,278,56,334,4
2022-06-06,Siskiyou,093,43540,4612,4609,2861,7470,81
2022-06-06,Solano,095,438530,89821,88522,6325,94847,453
2022-06-06,Sonoma,097,501317,93307,92644,3897,96541,491
2022-06-06,Stanislaus,099,539301,122471,121787,18748,140535,1662
2022-06-06,Sutter,101,95872,21286,21256,2230,23486,227
2022-06-06,Tehama,103,63373,12353,12306,2671,14977,205
2022-06-06,Trinity,105,12862,1214,1211,291,1502,20
2022-06-06,Tulare,107,460477,109251,109091,29229,138320,1494
2022-06-06,Tuolumne,109,53932,13450,13335,653,13988,189
2022-06-06,Ventura,111,848112,183661,182847,11051,193898,1506
2022-06-06,Yolo,113,214977,41450,39962,3297,43259,321
2022-06-06,Yuba,115,75493,16632,16558,1370,17928,122
2022-06-05,Alameda,001,1643700,291657,285785,16186,301971,1873
2022-06-05,Alpine,003,1148,128,128,1,129,0
2022-06-05,Amador,005,37829,8916,8775,713,9488,87
2022-06-05,Butte,007,227075,34711,34129,7581,41710,427
2022-06-05,Calaveras,009,45235,7587,7525,394,7919,121
2022-06-05,Colusa,011,21464,3509,3484,1082,4566,21
2022-06-05,Contra Costa,013,1133247,214318,206711,16057,222768,1310
2022-06-05,Del Norte,015,27424,6268,6206,257,6463,52
2022-06-05,El Dorado,017,186661,28578,28241,3512,31753,214
2022-06-05,Fresno,019,978130,241904,237945,25546,263491,2766
2022-06-05,Glenn,021,27897,5122,5063,1662,6725,48
2022-06-05,Humboldt,023,135768,18656,18433,3653,22086,147
2022-06-05,Imperial,025,180216,57016,56690,10962,67652,941
2022-06-05,Inyo,027,18085,4197,4176,578,4754,56
2022-06-05,Kern,029,883053,197232,195863,48203,244066,2338
2022-06-05,Kings,031,150075,52843,52597,3598,56195,447
2022-06-05,Lake,033,64148,11200,11064,958,12022,137
2022-06-05,Lassen,035,31185,9147,9106,899,10005,64
2022-06-05,Los Angeles,037,10098052,2878499,2846989,136197,2983186,31899
2022-06-05,Madera,039,155013,38486,38188,6474,44662,372
2022-06-05,Marin,041,260295,38556,37879,4179,42058,294
2022-06-05,Mariposa,043,17540,2625,2557,244,2801,30
2022-06-05,Mendocino,045,87422,13931,13738,3504,17242,125
2022-06-05,Merced,047,269075,64648,63756,9415,73171,825
2022-06-05,Modoc,049,8938,762,759,259,1018,8
2022-06-05,Mono,051,14174,3049,3037,164,3201,6
2022-06-05,Monterey,053,433212,83396,82451,15946,98397,738
2022-06-05,Napa,055,140530,28111,27686,1174,28860,143
2022-06-05,Nevada,057,99092,16966,16728,1366,18094,127
2022-06-05,Orange,059,3164182,580019,574146,46690,620836,7038
2022-06-05,Placer,061,380077,67303,66428,8107,74535,627
2022-06-05,Plumas,063,18699,3170,3138,385,3523,13
2022-06-05,Riverside,065,2383286,615094,610369,29562,639931,6481
2022-06-05,Sacramento,067,1510023,301833,297787,29312,327099,3052
2022-06-05,San Benito,069,59416,13833,13572,641,14213,99
2022-06-05,San Bernardino,071,2135413,594340,582305,25999,608304,7664
2022-06-05,San Diego,073,3302833,800940,794822,58487,853309,5303
2022-06-05,San Francisco,075,870044,148826,145876,9774,155650,881
2022-06-05,San Joaquin,077,732212,174840,172621,11299,183920,2242
2022-06-05,San Luis Obispo,079,281455,56054,55333,4758,60091,484
2022-06-05,San Mateo,081,765935,141361,138536,8749,147285,710
2022-06-05,Santa Barbara,083,443738,91979,90911,5272,96183,693
2022-06-05,Santa Clara,085,1922200,362420,351492,15225,366717,2317
2022-06-05,Santa Cruz,087,273765,53146,52333,2542,54875,263
2022-06-05,Shasta,089,179085,31459,31272,6259,37531,565
2022-06-05,Sierra,091,2930,279,278,56,334,4
2022-06-05,Siskiyou,093,43540,4607,4591,2849,7440,81
2022-06-05,Solano,095,438530,89479,87571,6308,93879,452
2022-06-05,Sonoma,097,501317,93027,91518,3868,95386,491
2022-06-05,Stanislaus,099,539301,122273,121001,18720,139721,1661
2022-06-05,Sutter,101,95872,21254,21125,2223,23348,227
2022-06-05,Tehama,103,63373,12334,12262,2668,14930,204
2022-06-05,Trinity,105,12862,1214,1204,291,1495,20
2022-06-05,Tulare,107,460477,109064,108598,29154,137752,1490
2022-06-05,Tuolumne,109,53932,13421,13251,640,13891,189
2022-06-05,Ventura,111,848112,183308,181709,10994,192703,1505
2022-06-05,Yolo,113,214977,41320,39561,3285,42846,321
2022-06-05,Yuba,115,75493,16592,16467,1362,17829,122
2022-06-04,Alameda,001,1643700,291156,285785,16166,301951,1873
2022-06-04,Alpine,003,1148,128,128,1,129,0
2022-06-04,Amador,005,37829,8907,8775,711,9486,87
2022-06-04,Butte,007,227075,34672,34129,7576,41705,427
2022-06-04,Calaveras,009,45235,7573,7525,394,7919,121
2022-06-04,Colusa,011,21464,3506,3484,1077,4561,21
2022-06-04,Contra Costa,013,1133247,213929,206711,16017,222728,1310
2022-06-04,Del Norte,015,27424,6267,6206,257,6463,52
2022-06-04,El Dorado,017,186661,28539,28241,3508,31749,214
2022-06-04,Fresno,019,978130,241733,237945,25529,263474,2766
2022-06-04,Glenn,021,27897,5118,5063,1661,6724,48
2022-06-04,Humboldt,023,135768,18634,18433,3647,22080,147
2022-06-04,Imperial,025,180216,56964,56690,10950,67640,941
2022-06-04,Inyo,027,18085,4197,4176,577,4753,56
2022-06-04,Kern,029,883053,197109,195863,48135,243998,2338
2022-06-04,Kings,031,150075,52802,52597,3598,56195,447
2022-06-04,Lake,033,64148,11185,11064,952,12016,137
2022-06-04,Lassen,035,31185,9142,9106,898,10004,64
2022-06-04,Los Angeles,037,10098052,2876046,2846989,135922,2982911,31899
2022-06-04,Madera,039,155013,38452,38188,6470,44658,372
2022-06-04,Marin,041,260295,38479,37879,4138,42017,294
2022-06-04,Mariposa,043,17540,2622,2557,244,2801,30
2022-06-04,Mendocino,045,87422,13918,13738,3503,17241,125
2022-06-04,Merced,047,269075,64598,63756,9406,73162,825
2022-06-04,Modoc,049,8938,761,759,258,1017,8
2022-06-04,Mono,051,14174,3049,3037,164,3201,6
2022-06-04,Monterey,053,433212,83311,82451,15911,98362,738
2022-06-04,Napa,055,140530,28069,27686,1172,28858,143
2022-06-04,Nevada,057,99092,16953,16728,1365,18093,127
2022-06-04,Orange,059,3164182,579378,574146,46563,620709,7038
2022-06-04,Placer,061,380077,67221,66428,8090,74518,627
2022-06-04,Plumas,063,18699,3166,3138,384,3522,13
2022-06-04,Riverside,065,2383286,614559,610369,29537,639906,6481
2022-06-04,Sacramento,067,1510023,301474,297787,29283,327070,3052
2022-06-04,San Benito,069,59416,13807,13572,638,14210,99
2022-06-04,San Bernardino,071,2135413,593891,582305,25970,608275,7664
2022-06-04,San Diego,073,3302833,800212,794822,58440,853262,5303
2022-06-04,San Francisco,075,870044,148498,145876,9753,155629,881
2022-06-04,San Joaquin,077,732212,174695,172621,11262,183883,2242
2022-06-04,San Luis Obispo,079,281455,56015,55333,4752,60085,484
2022-06-04,San Mateo,081,765935,141057,138536,8721,147257,710
2022-06-04,Santa Barbara,083,443738,91881,90911,5251,96162,693
2022-06-04,Santa Clara,085,1922200,361551,351492,15184,366676,2317
2022-06-04,Santa Cruz,087,273765,53061,52333,2529,54862,263
2022-06-04,Shasta,089,179085,31436,31272,6256,37528,565
2022-06-04,Sierra,091,2930,279,278,56,334,4
2022-06-04,Siskiyou,093,43540,4603,4591,2843,7434,81
2022-06-04,Solano,095,438530,89395,87571,6291,93862,452
2022-06-04,Sonoma,097,501317,92874,91518,3854,95372,491
2022-06-04,Stanislaus,099,539301,122135,121001,18705,139706,1661
2022-06-04,Sutter,101,95872,21227,21125,2220,23345,227
2022-06-04,Tehama,103,63373,12320,12262,2667,14929,204
2022-06-04,Trinity,105,12862,1214,1204,291,1495,20
2022-06-04,Tulare,107,460477,108998,108598,29112,137710,1490
2022-06-04,Tuolumne,109,53932,13411,13251,637,13888,189
2022-06-04,Ventura,111,848112,183123,181709,10977,192686,1505
2022-06-04,Yolo,113,214977,41242,39561,3280,42841,321
2022-06-04,Yuba,115,75493,16576,16467,1358,17825,122
2022-06-03,Alameda,001,1643700,290620,285785,16140,301925,1873
2022-06-03,Alpine,003,1148,128,128,1,129,0
2022-06-03,Amador,005,37829,8901,8775,709,9484,87
2022-06-03,Butte,007,227075,34621,34129,7566,41695,427
2022-06-03,Calaveras,009,45235,7568,7525,394,7919,121
2022-06-03,Colusa,011,21464,3506,3484,1075,4559,21
2022-06-03,Contra Costa,013,1133247,213618,206711,15988,222699,1310
2022-06-03,Del Norte,015,27424,6263,6206,254,6460,52
2022-06-03,El Dorado,017,186661,28510,28241,3505,31746,214
2022-06-03,Fresno,019,978130,241504,237945,25496,263441,2766
2022-06-03,Glenn,021,27897,5112,5063,1659,6722,48
2022-06-03,Humboldt,023,135768,18614,18433,3642,22075,147
2022-06-03,Imperial,025,180216,56918,56690,10940,67630,941
2022-06-03,Inyo,027,18085,4196,4176,577,4753,56
2022-06-03,Kern,029,883053,196968,195863,48067,243930,2338
2022-06-03,Kings,031,150075,52778,52597,3598,56195,447
2022-06-03,Lake,033,64148,11174,11064,949,12013,137
2022-06-03,Lassen,035,31185,9137,9106,898,10004,64
2022-06-03,Los Angeles,037,10098052,2873147,2846989,135636,2982625,31899
2022-06-03,Madera,039,155013,38408,38188,6461,44649,372
2022-06-03,Marin,041,260295,38410,37879,4103,41982,294
2022-06-03,Mariposa,043,17540,2618,2557,244,2801,30
2022-06-03,Mendocino,045,87422,13896,13738,3502,17240,125
2022-06-03,Merced,047,269075,64547,63756,9403,73159,825
2022-06-03,Modoc,049,8938,761,759,258,1017,8
2022-06-03,Mono,051,14174,3046,3037,164,3201,6
2022-06-03,Monterey,053,433212,83212,82451,15864,98315,738
2022-06-03,Napa,055,140530,28019,27686,1164,28850,143
2022-06-03,Nevada,057,99092,16932,16728,1364,18092,127
2022-06-03,Orange,059,3164182,578693,574146,46459,620605,7038
2022-06-03,Placer,061,380077,67140,66428,8073,74501,627
2022-06-03,Plumas,063,18699,3164,3138,383,3521,13
2022-06-03,Riverside,065,2383286,614031,610369,29507,639876,6481
2022-06-03,Sacramento,067,1510023,301003,297787,29248,327035,3052
2022-06-03,San Benito,069,59416,13794,13572,634,14206,99
2022-06-03,San Bernardino,071,2135413,593439,582305,25935,608240,7664
2022-06-03,San Diego,073,3302833,799265,794822,58317,853139,5303
2022-06-03,San Francisco,075,870044,148132,145876,9721,155597,881
2022-06-03,San Joaquin,077,732212,174530,172621,11243,183864,2242
2022-06-03,San Luis Obispo,079,281455,55970,55333,4743,60076,484
2022-06-03,San Mateo,081,765935,140773,138536,8709,147245,710
2022-06-03,Santa Barbara,083,443738,91762,90911,5249,96160,693
2022-06-03,Santa Clara,085,1922200,360659,351492,15137,366629,2317
2022-06-03,Santa Cruz,087,273765,52929,52333,2516,54849,263
2022-06-03,Shasta,089,179085,31424,31272,6255,37527,565
2022-06-03,Sierra,091,2930,279,278,56,334,4
2022-06-03,Siskiyou,093,43540,4599,4591,2842,7433,81
2022-06-03,Solano,095,438530,89279,87571,6280,93851,452
2022-06-03,Sonoma,097,501317,92729,91518,3845,95363,491
2022-06-03,Stanislaus,099,539301,122028,121001,18684,139685,1661
2022-06-03,Sutter,101,95872,21204,21125,2219,23344,227
2022-06-03,Tehama,103,63373,12314,12262,2666,14928,204
2022-06-03,Trinity,105,12862,1212,1204,291,1495,20
2022-06-03,Tulare,107,460477,108930,108598,29077,137675,1490
2022-06-03,Tuolumne,109,53932,13400,13251,634,13885,189
2022-06-03,Ventura,111,848112,182935,181709,10952,192661,1505
2022-06-03,Yolo,113,214977,41180,39561,3266,42827,321
2022-06-03,Yuba,115,75493,16551,16467,1356,17823,122
2022-06-02,Alameda,001,1643700,289722,285785,16076,301861,1873
2022-06-02,Alpine,003,1148,128,128,1,129,0
2022-06-02,Amador,005,37829,8878,8775,707,9482,87
2022-06-02,Butte,007,227075,34545,34129,7550,41679,427
2022-06-02,Calaveras,009,45235,7555,7525,393,7918,121
2022-06-02,Colusa,011,21464,3503,3484,1075,4559,21
2022-06-02,Contra Costa,013,1133247,213032,206711,15896,222607,1310
2022-06-02,Del Norte,015,27424,6253,6206,253,6459,52
2022-06-02,El Dorado,017,186661,28442,28241,3493,31734,214
2022-06-02,Fresno,019,978130,241158,237945,25441,263386,2766
2022-06-02,Glenn,021,27897,5106,5063,1656,6719,48
2022-06-02,Humboldt,023,135768,18573,18433,3621,22054,147
2022-06-02,Imperial,025,180216,56858,56690,10929,67619,941
2022-06-02,Inyo,027,18085,4196,4176,574,4750,56
2022-06-02,Kern,029,883053,196685,195863,47963,243826,2338
2022-06-02,Kings,031,150075,52725,52597,3593,56190,447
2022-06-02,Lake,033,64148,11152,11064,947,12011,137
2022-06-02,Lassen,035,31185,9126,9106,898,10004,64
2022-06-02,Los Angeles,037,10098052,2868222,2846989,135209,2982198,31899
2022-06-02,Madera,039,155013,38355,38188,6448,44636,372
2022-06-02,Marin,041,260295,38312,37879,4076,41955,294
2022-06-02,Mariposa,043,17540,2613,2557,243,2800,30
2022-06-02,Mendocino,045,87422,13867,13738,3494,17232,125
2022-06-02,Merced,047,269075,64471,63756,9393,73149,825
2022-06-02,Modoc,049,8938,760,759,258,1017,8
2022-06-02,Mono,051,14174,3046,3037,164,3201,6
2022-06-02,Monterey,053,433212,83060,82451,15800,98251,738
2022-06-02,Napa,055,140530,27943,27686,1161,28847,143
2022-06-02,Nevada,057,99092,16895,16728,1359,18087,127
2022-06-02,Orange,059,3164182,577663,574146,46312,620458,7038
2022-06-02,Placer,061,380077,67019,66428,8049,74477,627
2022-06-02,Plumas,063,18699,3155,3138,383,3521,13
2022-06-02,Riverside,065,2383286,613347,610369,29448,639817,6481
2022-06-02,Sacramento,067,1510023,300365,297787,29143,326930,3052
2022-06-02,San Benito,069,59416,13761,13572,632,14204,99
2022-06-02,San Bernardino,071,2135413,592770,582305,25889,608194,7664
2022-06-02,San Diego,073,3302833,797892,794822,58145,852967,5303
2022-06-02,San Francisco,075,870044,147714,145876,9672,155548,881
2022-06-02,San Joaquin,077,732212,174219,172621,11210,183831,2242
2022-06-02,San Luis Obispo,079,281455,55840,55333,4708,60041,484
2022-06-02,San Mateo,081,765935,140394,138536,8657,147193,710
2022-06-02,Santa Barbara,083,443738,91588,90911,5234,96145,693
2022-06-02,Santa Clara,085,1922200,359571,351492,15017,366509,2317
2022-06-02,Santa Cruz,087,273765,52813,52333,2505,54838,263
2022-06-02,Shasta,089,179085,31394,31272,6248,37520,565
2022-06-02,Sierra,091,2930,279,278,56,334,4
2022-06-02,Siskiyou,093,43540,4592,4591,2833,7424,81
2022-06-02,Solano,095,438530,89004,87571,6270,93841,452
2022-06-02,Sonoma,097,501317,92503,91518,3819,95337,491
2022-06-02,Stanislaus,099,539301,121869,121001,18655,139656,1661
2022-06-02,Sutter,101,95872,21177,21125,2213,23338,227
2022-06-02,Tehama,103,63373,12302,12262,2659,14921,204
2022-06-02,Trinity,105,12862,1210,1204,291,1495,20
2022-06-02,Tulare,107,460477,108800,108598,29011,137609,1490
2022-06-02,Tuolumne,109,53932,13381,13251,632,13883,189
2022-06-02,Ventura,111,848112,182664,181709,10918,192627,1505
2022-06-02,Yolo,113,214977,41071,39561,3256,42817,321
2022-06-02,Yuba,115,75493,16530,16467,1349,17816,122
2022-06-01,Alameda,001,1643700,288719,284051,16022,300073,1868
2022-06-01,Alpine,003,1148,128,128,1,129,0
2022-06-01,Amador,005,37829,8872,8741,705,9446,87
2022-06-01,Butte,007,227075,34476,34059,7536,41595,427
2022-06-01,Calaveras,009,45235,7550,7502,390,7892,120
2022-06-01,Colusa,011,21464,3500,3476,1075,4551,21
2022-06-01,Contra Costa,013,1133247,212387,205699,15819,221518,1310
2022-06-01,Del Norte,015,27424,6243,6188,252,6440,51
2022-06-01,El Dorado,017,186661,28380,28133,3475,31608,214
2022-06-01,Fresno,019,978130,240799,237367,25386,262753,2765
2022-06-01,Glenn,021,27897,5101,5059,1655,6714,48
2022-06-01,Humboldt,023,135768,18530,18371,3598,21969,147
2022-06-01,Imperial,025,180216,56791,56445,10902,67347,938
2022-06-01,Inyo,027,18085,4192,4171,568,4739,56
2022-06-01,Kern,029,883053,196460,195438,47881,243319,2336
2022-06-01,Kings,031,150075,52668,52491,3589,56080,447
2022-06-01,Lake,033,64148,11131,11024,942,11966,137
2022-06-01,Lassen,035,31185,9113,9083,897,9980,64
2022-06-01,Los Angeles,037,10098052,2862817,2836856,134778,2971634,31882
2022-06-01,Madera,039,155013,38317,38115,6434,44549,372
2022-06-01,Marin,041,260295,38196,37654,4036,41690,293
2022-06-01,Mariposa,043,17540,2598,2549,242,2791,30
2022-06-01,Mendocino,045,87422,13840,13692,3478,17170,125
2022-06-01,Merced,047,269075,64392,63637,9373,73010,824
2022-06-01,Modoc,049,8938,757,755,257,1012,8
2022-06-01,Mono,051,14174,3044,3035,163,3198,6
2022-06-01,Monterey,053,433212,82906,82215,15737,97952,737
2022-06-01,Napa,055,140530,27867,27580,1151,28731,143
2022-06-01,Nevada,057,99092,16856,16693,1350,18043,127
2022-06-01,Orange,059,3164182,576414,571973,46157,618130,7032
2022-06-01,Placer,061,380077,66876,66199,8016,74215,627
2022-06-01,Plumas,063,18699,3148,3117,382,3499,13
2022-06-01,Riverside,065,2383286,612609,608913,29402,638315,6480
2022-06-01,Sacramento,067,1510023,299612,296457,29039,325496,3045
2022-06-01,San Benito,069,59416,13723,13510,621,14131,98
2022-06-01,San Bernardino,071,2135413,592062,580767,25851,606618,7641
2022-06-01,San Diego,073,3302833,796199,791557,57946,849503,5292
2022-06-01,San Francisco,075,870044,147195,144476,9634,154110,879
2022-06-01,San Joaquin,077,732212,173921,172170,11181,183351,2241
2022-06-01,San Luis Obispo,079,281455,55673,55099,4675,59774,482
2022-06-01,San Mateo,081,765935,139913,137566,8582,146148,710
2022-06-01,Santa Barbara,083,443738,91405,90531,5219,95750,693
2022-06-01,Santa Clara,085,1922200,358414,348742,14926,363668,2317
2022-06-01,Santa Cruz,087,273765,52700,52141,2495,54636,263
2022-06-01,Shasta,089,179085,31363,31247,6245,37492,564
2022-06-01,Sierra,091,2930,279,280,56,336,4
2022-06-01,Siskiyou,093,43540,4587,4574,2828,7402,81
2022-06-01,Solano,095,438530,88770,87206,6242,93448,452
2022-06-01,Sonoma,097,501317,92250,91174,3795,94969,491
2022-06-01,Stanislaus,099,539301,121678,120778,18633,139411,1656
2022-06-01,Sutter,101,95872,21148,21065,2209,23274,227
2022-06-01,Tehama,103,63373,12295,12245,2655,14900,204
2022-06-01,Trinity,105,12862,1209,1200,290,1490,20
2022-06-01,Tulare,107,460477,108689,108401,28955,137356,1490
2022-06-01,Tuolumne,109,53932,13367,13221,631,13852,189
2022-06-01,Ventura,111,848112,182381,181163,10887,192050,1503
2022-06-01,Yolo,113,214977,40988,39371,3245,42616,320
2022-06-01,Yuba,115,75493,16506,16406,1341,17747,122
2022-05-31,Alameda,001,1643700,287613,284051,15968,300019,1868
2022-05-31,Alpine,003,1148,128,128,1,129,0
2022-05-31,Amador,005,37829,8854,8741,699,9440,87
2022-05-31,Butte,007,227075,34415,34059,7518,41577,427
2022-05-31,Calaveras,009,45235,7539,7502,390,7892,120
2022-05-31,Colusa,011,21464,3495,3476,1074,4550,21
2022-05-31,Contra Costa,013,1133247,211636,205699,15724,221423,1310
2022-05-31,Del Norte,015,27424,6234,6188,250,6438,51
2022-05-31,El Dorado,017,186661,28319,28133,3455,31588,214
2022-05-31,Fresno,019,978130,240396,237367,25317,262684,2765
2022-05-31,Glenn,021,27897,5093,5059,1653,6712,48
2022-05-31,Humboldt,023,135768,18499,18371,3578,21949,147
2022-05-31,Imperial,025,180216,56727,56445,10878,67323,938
2022-05-31,Inyo,027,18085,4186,4171,566,4737,56
2022-05-31,Kern,029,883053,196216,195438,47785,243223,2336
2022-05-31,Kings,031,150075,52617,52491,3583,56074,447
2022-05-31,Lake,033,64148,11112,11024,938,11962,137
2022-05-31,Lassen,035,31185,9101,9083,896,9979,64
2022-05-31,Los Angeles,037,10098052,2856739,2836856,134313,2971169,31882
2022-05-31,Madera,039,155013,38253,38115,6414,44529,372
2022-05-31,Marin,041,260295,38058,37654,4000,41654,293
2022-05-31,Mariposa,043,17540,2592,2549,237,2786,30
2022-05-31,Mendocino,045,87422,13805,13692,3461,17153,125
2022-05-31,Merced,047,269075,64305,63637,9350,72987,824
2022-05-31,Modoc,049,8938,755,755,257,1012,8
2022-05-31,Mono,051,14174,3040,3035,163,3198,6
2022-05-31,Monterey,053,433212,82746,82215,15671,97886,737
2022-05-31,Napa,055,140530,27774,27580,1148,28728,143
2022-05-31,Nevada,057,99092,16809,16693,1348,18041,127
2022-05-31,Orange,059,3164182,575187,571973,45974,617947,7032
2022-05-31,Placer,061,380077,66716,66199,7986,74185,627
2022-05-31,Plumas,063,18699,3144,3117,381,3498,13
2022-05-31,Riverside,065,2383286,611689,608913,29340,638253,6480
2022-05-31,Sacramento,067,1510023,298761,296457,28898,325355,3045
2022-05-31,San Benito,069,59416,13668,13510,616,14126,98
2022-05-31,San Bernardino,071,2135413,591180,580767,25816,606583,7641
2022-05-31,San Diego,073,3302833,794323,791557,57741,849298,5292
2022-05-31,San Francisco,075,870044,146555,144476,9592,154068,879
2022-05-31,San Joaquin,077,732212,173544,172170,11139,183309,2241
2022-05-31,San Luis Obispo,079,281455,55523,55099,4610,59709,482
2022-05-31,San Mateo,081,765935,139355,137566,8540,146106,710
2022-05-31,Santa Barbara,083,443738,91181,90531,5196,95727,693
2022-05-31,Santa Clara,085,1922200,356904,348742,14849,363591,2317
2022-05-31,Santa Cruz,087,273765,52580,52141,2475,54616,263
2022-05-31,Shasta,089,179085,31329,31247,6234,37481,564
2022-05-31,Sierra,091,2930,278,280,55,335,4
2022-05-31,Siskiyou,093,43540,4582,4574,2822,7396,81
2022-05-31,Solano,095,438530,88438,87206,6218,93424,452
2022-05-31,Sonoma,097,501317,91961,91174,3756,94930,491
2022-05-31,Stanislaus,099,539301,121474,120778,18608,139386,1656
2022-05-31,Sutter,101,95872,21119,21065,2203,23268,227
2022-05-31,Tehama,103,63373,12286,12245,2650,14895,204
2022-05-31,Trinity,105,12862,1208,1200,290,1490,20
2022-05-31,Tulare,107,460477,108550,108401,28895,137296,1490
2022-05-31,Tuolumne,109,53932,13352,13221,628,13849,189
2022-05-31,Ventura,111,848112,182061,181163,10838,192001,1503
2022-05-31,Yolo,113,214977,40814,39371,3234,42605,320
2022-05-31,Yuba,115,75493,16474,16406,1335,17741,122
2022-05-30,Alameda,001,1643700,286240,284051,15878,299929,1868
2022-05-30,Alpine,003,1148,128,128,1,129,0
2022-05-30,Amador,005,37829,8839,8741,698,9439,87
2022-05-30,Butte,007,227075,34338,34059,7495,41554,427
2022-05-30,Calaveras,009,45235,7530,7502,390,7892,120
2022-05-30,Colusa,011,21464,3493,3476,1073,4549,21
2022-05-30,Contra Costa,013,1133247,210793,205699,15588,221287,1310
2022-05-30,Del Norte,015,27424,6216,6188,249,6437,51
2022-05-30,El Dorado,017,186661,28242,28133,3435,31568,214
2022-05-30,Fresno,019,978130,239924,237367,25242,262609,2765
2022-05-30,Glenn,021,27897,5088,5059,1650,6709,48
2022-05-30,Humboldt,023,135768,18445,18371,3550,21921,147
2022-05-30,Imperial,025,180216,56646,56445,10851,67296,938
2022-05-30,Inyo,027,18085,4181,4171,565,4736,56
2022-05-30,Kern,029,883053,195936,195438,47669,243107,2336
2022-05-30,Kings,031,150075,52521,52491,3582,56073,447
2022-05-30,Lake,033,64148,11083,11024,929,11953,137
2022-05-30,Lassen,035,31185,9086,9083,893,9976,64
2022-05-30,Los Angeles,037,10098052,2849412,2836856,133805,2970661,31882
2022-05-30,Madera,039,155013,38197,38115,6374,44489,372
2022-05-30,Marin,041,260295,37933,37654,3958,41612,293
2022-05-30,Mariposa,043,17540,2569,2549,233,2782,30
2022-05-30,Mendocino,045,87422,13758,13692,3443,17135,125
2022-05-30,Merced,047,269075,64208,63637,9313,72950,824
2022-05-30,Modoc,049,8938,752,755,255,1010,8
2022-05-30,Mono,051,14174,3037,3035,163,3198,6
2022-05-30,Monterey,053,433212,82557,82215,15583,97798,737
2022-05-30,Napa,055,140530,27697,27580,1140,28720,143
2022-05-30,Nevada,057,99092,16762,16693,1343,18036,127
2022-05-30,Orange,059,3164182,573722,571973,45758,617731,7032
2022-05-30,Placer,061,380077,66575,66199,7956,74155,627
2022-05-30,Plumas,063,18699,3138,3117,378,3495,13
2022-05-30,Riverside,065,2383286,610679,608913,29262,638175,6480
2022-05-30,Sacramento,067,1510023,297806,296457,28741,325198,3045
2022-05-30,San Benito,069,59416,13606,13510,608,14118,98
2022-05-30,San Bernardino,071,2135413,590207,580767,25780,606547,7641
2022-05-30,San Diego,073,3302833,792054,791557,57447,849004,5292
2022-05-30,San Francisco,075,870044,145900,144476,9538,154014,879
2022-05-30,San Joaquin,077,732212,173146,172170,11097,183267,2241
2022-05-30,San Luis Obispo,079,281455,55316,55099,4539,59638,482
2022-05-30,San Mateo,081,765935,138676,137566,8488,146054,710
2022-05-30,Santa Barbara,083,443738,90925,90531,5162,95693,693
2022-05-30,Santa Clara,085,1922200,355351,348742,14761,363503,2317
2022-05-30,Santa Cruz,087,273765,52442,52141,2465,54606,263
2022-05-30,Shasta,089,179085,31291,31247,6227,37474,564
2022-05-30,Sierra,091,2930,278,280,55,335,4
2022-05-30,Siskiyou,093,43540,4573,4574,2810,7384,81
2022-05-30,Solano,095,438530,88092,87206,6162,93368,452
2022-05-30,Sonoma,097,501317,91674,91174,3712,94886,491
2022-05-30,Stanislaus,099,539301,121283,120778,18579,139357,1656
2022-05-30,Sutter,101,95872,21080,21065,2197,23262,227
2022-05-30,Tehama,103,63373,12270,12245,2646,14891,204
2022-05-30,Trinity,105,12862,1207,1200,290,1490,20
2022-05-30,Tulare,107,460477,108391,108401,28806,137207,1490
2022-05-30,Tuolumne,109,53932,13327,13221,624,13845,189
2022-05-30,Ventura,111,848112,181688,181163,10786,191949,1503
2022-05-30,Yolo,113,214977,40627,39371,3224,42595,320
2022-05-30,Yuba,115,75493,16446,16406,1331,17737,122
2022-05-29,Alameda,001,1643700,285759,280775,15854,296629,1863
2022-05-29,Alpine,003,1148,128,126,1,127,0
2022-05-29,Amador,005,37829,8834,8696,695,9391,86
2022-05-29,Butte,007,227075,34322,33876,7488,41364,426
2022-05-29,Calaveras,009,45235,7519,7469,390,7859,120
2022-05-29,Colusa,011,21464,3492,3474,1072,4546,21
2022-05-29,Contra Costa,013,1133247,210448,203528,15563,219091,1306
2022-05-29,Del Norte,015,27424,6214,6166,248,6414,51
2022-05-29,El Dorado,017,186661,28216,27898,3432,31330,214
2022-05-29,Fresno,019,978130,239794,236250,25222,261472,2764
2022-05-29,Glenn,021,27897,5083,5048,1650,6698,48
2022-05-29,Humboldt,023,135768,18424,18257,3539,21796,147
2022-05-29,Imperial,025,180216,56608,56323,10837,67160,939
2022-05-29,Inyo,027,18085,4180,4161,565,4726,56
2022-05-29,Kern,029,883053,195838,194687,47604,242291,2334
2022-05-29,Kings,031,150075,52496,52292,3582,55874,447
2022-05-29,Lake,033,64148,11074,10958,927,11885,137
2022-05-29,Lassen,035,31185,9082,9049,893,9942,64
2022-05-29,Los Angeles,037,10098052,2847210,2819145,133536,2952681,31862
2022-05-29,Madera,039,155013,38174,37955,6369,44324,371
2022-05-29,Marin,041,260295,37864,37215,3926,41141,293
2022-05-29,Mariposa,043,17540,2564,2526,233,2759,31
2022-05-29,Mendocino,045,87422,13737,13612,3442,17054,124
2022-05-29,Merced,047,269075,64187,63389,9310,72699,824
2022-05-29,Modoc,049,8938,752,751,255,1006,8
2022-05-29,Mono,051,14174,3036,3030,163,3193,6
2022-05-29,Monterey,053,433212,82492,81875,15539,97414,737
2022-05-29,Napa,055,140530,27669,27376,1139,28515,144
2022-05-29,Nevada,057,99092,16747,16568,1341,17909,127
2022-05-29,Orange,059,3164182,573146,568369,45582,613951,7028
2022-05-29,Placer,061,380077,66506,65672,7947,73619,626
2022-05-29,Plumas,063,18699,3131,3096,378,3474,13
2022-05-29,Riverside,065,2383286,610333,606444,29227,635671,6480
2022-05-29,Sacramento,067,1510023,297349,294000,28719,322719,3032
2022-05-29,San Benito,069,59416,13600,13402,606,14008,98
2022-05-29,San Bernardino,071,2135413,589914,578656,25764,604420,7610
2022-05-29,San Diego,073,3302833,791315,786243,57367,843610,5288
2022-05-29,San Francisco,075,870044,145475,142456,9529,151985,879
2022-05-29,San Joaquin,077,732212,172984,171282,11079,182361,2241
2022-05-29,San Luis Obispo,079,281455,55264,54701,4527,59228,481
2022-05-29,San Mateo,081,765935,138424,135746,8475,144221,710
2022-05-29,Santa Barbara,083,443738,90796,89940,5161,95101,693
2022-05-29,Santa Clara,085,1922200,354556,344223,14722,358945,2304
2022-05-29,Santa Cruz,087,273765,52366,51819,2458,54277,263
2022-05-29,Shasta,089,179085,31279,31165,6223,37388,564
2022-05-29,Sierra,091,2930,278,278,55,333,4
2022-05-29,Siskiyou,093,43540,4568,4537,2808,7345,81
2022-05-29,Solano,095,438530,88039,86565,6151,92716,452
2022-05-29,Sonoma,097,501317,91582,90364,3697,94061,490
2022-05-29,Stanislaus,099,539301,121184,120241,18560,138801,1657
2022-05-29,Sutter,101,95872,21060,20976,2197,23173,227
2022-05-29,Tehama,103,63373,12260,12210,2645,14855,204
2022-05-29,Trinity,105,12862,1206,1196,290,1486,20
2022-05-29,Tulare,107,460477,108307,108029,28761,136790,1484
2022-05-29,Tuolumne,109,53932,13312,13141,624,13765,189
2022-05-29,Ventura,111,848112,181543,179953,10776,190729,1503
2022-05-29,Yolo,113,214977,40575,39016,3221,42237,319
2022-05-29,Yuba,115,75493,16430,16314,1327,17641,122
2022-05-28,Alameda,001,1643700,285385,280775,15829,296604,1863
2022-05-28,Alpine,003,1148,128,126,1,127,0
2022-05-28,Amador,005,37829,8825,8696,695,9391,86
2022-05-28,Butte,007,227075,34298,33876,7472,41348,426
2022-05-28,Calaveras,009,45235,7515,7469,390,7859,120
2022-05-28,Colusa,011,21464,3487,3474,1071,4545,21
2022-05-28,Contra Costa,013,1133247,210180,203528,15539,219067,1306
2022-05-28,Del Norte,015,27424,6210,6166,246,6412,51
2022-05-28,El Dorado,017,186661,28186,27898,3431,31329,214
2022-05-28,Fresno,019,978130,239636,236250,25191,261441,2764
2022-05-28,Glenn,021,27897,5080,5048,1650,6698,48
2022-05-28,Humboldt,023,135768,18400,18257,3529,21786,147
2022-05-28,Imperial,025,180216,56582,56323,10827,67150,939
2022-05-28,Inyo,027,18085,4180,4161,563,4724,56
2022-05-28,Kern,029,883053,195739,194687,47554,242241,2334
2022-05-28,Kings,031,150075,52472,52292,3581,55873,447
2022-05-28,Lake,033,64148,11064,10958,927,11885,137
2022-05-28,Lassen,035,31185,9077,9049,893,9942,64
2022-05-28,Los Angeles,037,10098052,2845234,2819145,133268,2952413,31862
2022-05-28,Madera,039,155013,38157,37955,6366,44321,371
2022-05-28,Marin,041,260295,37797,37215,3896,41111,293
2022-05-28,Mariposa,043,17540,2560,2526,233,2759,31
2022-05-28,Mendocino,045,87422,13725,13612,3442,17054,124
2022-05-28,Merced,047,269075,64155,63389,9304,72693,824
2022-05-28,Modoc,049,8938,752,751,255,1006,8
2022-05-28,Mono,051,14174,3036,3030,162,3192,6
2022-05-28,Monterey,053,433212,82424,81875,15507,97382,737
2022-05-28,Napa,055,140530,27624,27376,1138,28514,144
2022-05-28,Nevada,057,99092,16735,16568,1339,17907,127
2022-05-28,Orange,059,3164182,572631,568369,45462,613831,7028
2022-05-28,Placer,061,380077,66431,65672,7933,73605,626
2022-05-28,Plumas,063,18699,3125,3096,377,3473,13
2022-05-28,Riverside,065,2383286,609954,606444,29199,635643,6480
2022-05-28,Sacramento,067,1510023,297075,294000,28701,322701,3032
2022-05-28,San Benito,069,59416,13585,13402,606,14008,98
2022-05-28,San Bernardino,071,2135413,589550,578656,25737,604393,7610
2022-05-28,San Diego,073,3302833,790656,786243,57315,843558,5288
2022-05-28,San Francisco,075,870044,145171,142456,9508,151964,879
2022-05-28,San Joaquin,077,732212,172880,171282,11063,182345,2241
2022-05-28,San Luis Obispo,079,281455,55229,54701,4524,59225,481
2022-05-28,San Mateo,081,765935,138152,135746,8448,144194,710
2022-05-28,Santa Barbara,083,443738,90696,89940,5151,95091,693
2022-05-28,Santa Clara,085,1922200,353773,344223,14695,358918,2304
2022-05-28,Santa Cruz,087,273765,52326,51819,2450,54269,263
2022-05-28,Shasta,089,179085,31268,31165,6218,37383,564
2022-05-28,Sierra,091,2930,278,278,54,332,4
2022-05-28,Siskiyou,093,43540,4560,4537,2804,7341,81
2022-05-28,Solano,095,438530,87965,86565,6141,92706,452
2022-05-28,Sonoma,097,501317,91441,90364,3686,94050,490
2022-05-28,Stanislaus,099,539301,121084,120241,18552,138793,1657
2022-05-28,Sutter,101,95872,21045,20976,2195,23171,227
2022-05-28,Tehama,103,63373,12248,12210,2642,14852,204
2022-05-28,Trinity,105,12862,1205,1196,290,1486,20
2022-05-28,Tulare,107,460477,108250,108029,28728,136757,1484
2022-05-28,Tuolumne,109,53932,13297,13141,623,13764,189
2022-05-28,Ventura,111,848112,181377,179953,10756,190709,1503
2022-05-28,Yolo,113,214977,40521,39016,3214,42230,319
2022-05-28,Yuba,115,75493,16416,16314,1325,17639,122
2022-05-27,Alameda,001,1643700,284912,280775,15792,296567,1863
2022-05-27,Alpine,003,1148,127,126,1,127,0
2022-05-27,Amador,005,37829,8820,8696,695,9391,86
2022-05-27,Butte,007,227075,34272,33876,7456,41332,426
2022-05-27,Calaveras,009,45235,7508,7469,390,7859,120
2022-05-27,Colusa,011,21464,3487,3474,1071,4545,21
2022-05-27,Contra Costa,013,1133247,209899,203528,15507,219035,1306
2022-05-27,Del Norte,015,27424,6204,6166,246,6412,51
2022-05-27,El Dorado,017,186661,28162,27898,3423,31321,214
2022-05-27,Fresno,019,978130,239464,236250,25159,261409,2764
2022-05-27,Glenn,021,27897,5078,5048,1649,6697,48
2022-05-27,Humboldt,023,135768,18390,18257,3523,21780,147
2022-05-27,Imperial,025,180216,56498,56323,10822,67145,939
2022-05-27,Inyo,027,18085,4178,4161,562,4723,56
2022-05-27,Kern,029,883053,195630,194687,47486,242173,2334
2022-05-27,Kings,031,150075,52444,52292,3578,55870,447
2022-05-27,Lake,033,64148,11058,10958,925,11883,137
2022-05-27,Lassen,035,31185,9073,9049,893,9942,64
2022-05-27,Los Angeles,037,10098052,2842886,2819145,133021,2952166,31862
2022-05-27,Madera,039,155013,38123,37955,6357,44312,371
2022-05-27,Marin,041,260295,37730,37215,3862,41077,293
2022-05-27,Mariposa,043,17540,2554,2526,233,2759,31
2022-05-27,Mendocino,045,87422,13708,13612,3438,17050,124
2022-05-27,Merced,047,269075,64114,63389,9299,72688,824
2022-05-27,Modoc,049,8938,752,751,255,1006,8
2022-05-27,Mono,051,14174,3035,3030,162,3192,6
2022-05-27,Monterey,053,433212,82365,81875,15462,97337,737
2022-05-27,Napa,055,140530,27591,27376,1135,28511,144
2022-05-27,Nevada,057,99092,16724,16568,1335,17903,127
2022-05-27,Orange,059,3164182,572077,568369,45352,613721,7028
2022-05-27,Placer,061,380077,66361,65672,7924,73596,626
2022-05-27,Plumas,063,18699,3122,3096,377,3473,13
2022-05-27,Riverside,065,2383286,609540,606444,29167,635611,6480
2022-05-27,Sacramento,067,1510023,296700,294000,28661,322661,3032
2022-05-27,San Benito,069,59416,13573,13402,606,14008,98
2022-05-27,San Bernardino,071,2135413,589213,578656,25712,604368,7610
2022-05-27,San Diego,073,3302833,789778,786243,57223,843466,5288
2022-05-27,San Francisco,075,870044,144840,142456,9468,151924,879
2022-05-27,San Joaquin,077,732212,172748,171282,11043,182325,2241
2022-05-27,San Luis Obispo,079,281455,55166,54701,4513,59214,481
2022-05-27,San Mateo,081,765935,137902,135746,8423,144169,710
2022-05-27,Santa Barbara,083,443738,90607,89940,5150,95090,693
2022-05-27,Santa Clara,085,1922200,353032,344223,14679,358902,2304
2022-05-27,Santa Cruz,087,273765,52271,51819,2438,54257,263
2022-05-27,Shasta,089,179085,31258,31165,6212,37377,564
2022-05-27,Sierra,091,2930,278,278,54,332,4
2022-05-27,Siskiyou,093,43540,4558,4537,2802,7339,81
2022-05-27,Solano,095,438530,87837,86565,6130,92695,452
2022-05-27,Sonoma,097,501317,91296,90364,3674,94038,490
2022-05-27,Stanislaus,099,539301,121001,120241,18537,138778,1657
2022-05-27,Sutter,101,95872,21028,20976,2194,23170,227
2022-05-27,Tehama,103,63373,12245,12210,2641,14851,204
2022-05-27,Trinity,105,12862,1205,1196,290,1486,20
2022-05-27,Tulare,107,460477,108184,108029,28691,136720,1484
2022-05-27,Tuolumne,109,53932,13287,13141,622,13763,189
2022-05-27,Ventura,111,848112,181201,179953,10733,190686,1503
2022-05-27,Yolo,113,214977,40450,39016,3206,42222,319
2022-05-27,Yuba,115,75493,16402,16314,1324,17638,122
2022-05-26,Alameda,001,1643700,284061,280775,15715,296490,1863
2022-05-26,Alpine,003,1148,127,126,1,127,0
2022-05-26,Amador,005,37829,8807,8696,695,9391,86
2022-05-26,Butte,007,227075,34217,33876,7434,41310,426
2022-05-26,Calaveras,009,45235,7498,7469,390,7859,120
2022-05-26,Colusa,011,21464,3484,3474,1068,4542,21
2022-05-26,Contra Costa,013,1133247,209421,203528,15434,218962,1306
2022-05-26,Del Norte,015,27424,6196,6166,242,6408,51
2022-05-26,El Dorado,017,186661,28113,27898,3412,31310,214
2022-05-26,Fresno,019,978130,239209,236250,25103,261353,2764
2022-05-26,Glenn,021,27897,5072,5048,1649,6697,48
2022-05-26,Humboldt,023,135768,18349,18257,3510,21767,147
2022-05-26,Imperial,025,180216,56466,56323,10807,67130,939
2022-05-26,Inyo,027,18085,4177,4161,559,4720,56
2022-05-26,Kern,029,883053,195466,194687,47411,242098,2334
2022-05-26,Kings,031,150075,52398,52292,3575,55867,447
2022-05-26,Lake,033,64148,11043,10958,925,11883,137
2022-05-26,Lassen,035,31185,9064,9049,893,9942,64
2022-05-26,Los Angeles,037,10098052,2838709,2819145,132686,2951831,31862
2022-05-26,Madera,039,155013,38079,37955,6346,44301,371
2022-05-26,Marin,041,260295,37635,37215,3821,41036,293
2022-05-26,Mariposa,043,17540,2549,2526,231,2757,31
2022-05-26,Mendocino,045,87422,13682,13612,3429,17041,124
2022-05-26,Merced,047,269075,64049,63389,9289,72678,824
2022-05-26,Modoc,049,8938,751,751,255,1006,8
2022-05-26,Mono,051,14174,3034,3030,161,3191,6
2022-05-26,Monterey,053,433212,82286,81875,15409,97284,737
2022-05-26,Napa,055,140530,27539,27376,1133,28509,144
2022-05-26,Nevada,057,99092,16693,16568,1326,17894,127
2022-05-26,Orange,059,3164182,571174,568369,45226,613595,7028
2022-05-26,Placer,061,380077,66225,65672,7904,73576,626
2022-05-26,Plumas,063,18699,3118,3096,376,3472,13
2022-05-26,Riverside,065,2383286,608925,606444,29115,635559,6480
2022-05-26,Sacramento,067,1510023,296045,294000,28572,322572,3032
2022-05-26,San Benito,069,59416,13557,13402,604,14006,98
2022-05-26,San Bernardino,071,2135413,588667,578656,25697,604353,7610
2022-05-26,San Diego,073,3302833,788475,786243,57080,843323,5288
2022-05-26,San Francisco,075,870044,144386,142456,9421,151877,879
2022-05-26,San Joaquin,077,732212,172524,171282,11019,182301,2241
2022-05-26,San Luis Obispo,079,281455,55069,54701,4481,59182,481
2022-05-26,San Mateo,081,765935,137515,135746,8385,144131,710
2022-05-26,Santa Barbara,083,443738,90460,89940,5130,95070,693
2022-05-26,Santa Clara,085,1922200,352076,344223,14593,358816,2304
2022-05-26,Santa Cruz,087,273765,52180,51819,2430,54249,263
2022-05-26,Shasta,089,179085,31231,31165,6209,37374,564
2022-05-26,Sierra,091,2930,278,278,54,332,4
2022-05-26,Siskiyou,093,43540,4554,4537,2800,7337,81
2022-05-26,Solano,095,438530,87634,86565,6121,92686,452
2022-05-26,Sonoma,097,501317,91105,90364,3647,94011,490
2022-05-26,Stanislaus,099,539301,120897,120241,18518,138759,1657
2022-05-26,Sutter,101,95872,21008,20976,2190,23166,227
2022-05-26,Tehama,103,63373,12235,12210,2640,14850,204
2022-05-26,Trinity,105,12862,1203,1196,290,1486,20
2022-05-26,Tulare,107,460477,108118,108029,28636,136665,1484
2022-05-26,Tuolumne,109,53932,13267,13141,618,13759,189
2022-05-26,Ventura,111,848112,180939,179953,10696,190649,1503
2022-05-26,Yolo,113,214977,40347,39016,3197,42213,319
2022-05-26,Yuba,115,75493,16386,16314,1322,17636,122
2022-05-25,Alameda,001,1643700,283157,278228,15656,293884,1860
2022-05-25,Alpine,003,1148,126,126,1,127,0
2022-05-25,Amador,005,37829,8790,8654,693,9347,86
2022-05-25,Butte,007,227075,34155,33755,7411,41166,426
2022-05-25,Calaveras,009,45235,7490,7450,388,7838,120
2022-05-25,Colusa,011,21464,3483,3471,1066,4537,21
2022-05-25,Contra Costa,013,1133247,208869,201866,15361,217227,1306
2022-05-25,Del Norte,015,27424,6190,6145,236,6381,50
2022-05-25,El Dorado,017,186661,28062,27715,3403,31118,213
2022-05-25,Fresno,019,978130,238921,235569,25051,260620,2763
2022-05-25,Glenn,021,27897,5067,5030,1647,6677,48
2022-05-25,Humboldt,023,135768,18323,18133,3491,21624,147
2022-05-25,Imperial,025,180216,56410,56203,10796,66999,923
2022-05-25,Inyo,027,18085,4174,4152,559,4711,56
2022-05-25,Kern,029,883053,195272,194251,47324,241575,2336
2022-05-25,Kings,031,150075,52345,52178,3571,55749,447
2022-05-25,Lake,033,64148,11030,10908,924,11832,137
2022-05-25,Lassen,035,31185,9057,9028,893,9921,64
2022-05-25,Los Angeles,037,10098052,2834087,2806770,132314,2939084,31845
2022-05-25,Madera,039,155013,38040,37867,6333,44200,370
2022-05-25,Marin,041,260295,37535,36890,3793,40683,293
2022-05-25,Mariposa,043,17540,2539,2514,229,2743,30
2022-05-25,Mendocino,045,87422,13667,13545,3423,16968,124
2022-05-25,Merced,047,269075,63983,63220,9259,72479,823
2022-05-25,Modoc,049,8938,750,750,254,1004,8
2022-05-25,Mono,051,14174,3034,3024,160,3184,6
2022-05-25,Monterey,053,433212,82220,81592,15366,96958,737
2022-05-25,Napa,055,140530,27490,27240,1127,28367,143
2022-05-25,Nevada,057,99092,16658,16517,1320,17837,127
2022-05-25,Orange,059,3164182,570168,565564,45070,610634,7026
2022-05-25,Placer,061,380077,66074,65309,7883,73192,626
2022-05-25,Plumas,063,18699,3112,3065,375,3440,13
2022-05-25,Riverside,065,2383286,608244,604465,29063,633528,6480
2022-05-25,Sacramento,067,1510023,295400,292211,28464,320675,3028
2022-05-25,San Benito,069,59416,13523,13338,597,13935,98
2022-05-25,San Bernardino,071,2135413,588138,576982,25671,602653,7568
2022-05-25,San Diego,073,3302833,787012,782420,56891,839311,5284
2022-05-25,San Francisco,075,870044,143887,141015,9394,150409,872
2022-05-25,San Joaquin,077,732212,172287,170626,10998,181624,2238
2022-05-25,San Luis Obispo,079,281455,54962,54342,4429,58771,481
2022-05-25,San Mateo,081,765935,137058,134441,8319,142760,710
2022-05-25,Santa Barbara,083,443738,90293,89426,5115,94541,693
2022-05-25,Santa Clara,085,1922200,351006,340868,14487,355355,2304
2022-05-25,Santa Cruz,087,273765,52096,51644,2415,54059,263
2022-05-25,Shasta,089,179085,31206,31072,6200,37272,564
2022-05-25,Sierra,091,2930,278,277,54,331,4
2022-05-25,Siskiyou,093,43540,4544,4516,2797,7313,81
2022-05-25,Solano,095,438530,87424,86024,6102,92126,451
2022-05-25,Sonoma,097,501317,90912,89810,3608,93418,490
2022-05-25,Stanislaus,099,539301,120761,119894,18495,138389,1654
2022-05-25,Sutter,101,95872,20983,20904,2187,23091,226
2022-05-25,Tehama,103,63373,12229,12189,2636,14825,201
2022-05-25,Trinity,105,12862,1203,1194,290,1484,20
2022-05-25,Tulare,107,460477,108036,107790,28593,136383,1482
2022-05-25,Tuolumne,109,53932,13245,13086,615,13701,182
2022-05-25,Ventura,111,848112,180649,179116,10659,189775,1499
2022-05-25,Yolo,113,214977,40253,38782,3187,41969,319
2022-05-25,Yuba,115,75493,16359,16260,1316,17576,122
2022-05-24,Alameda,001,1643700,282274,278228,15598,293826,1860
2022-05-24,Alpine,003,1148,126,126,1,127,0
2022-05-24,Amador,005,37829,8784,8654,689,9343,86
2022-05-24,Butte,007,227075,34111,33755,7389,41144,426
2022-05-24,Calaveras,009,45235,7483,7450,386,7836,120
2022-05-24,Colusa,011,21464,3481,3471,1064,4535,21
2022-05-24,Contra Costa,013,1133247,208218,201866,15261,217127,1306
2022-05-24,Del Norte,015,27424,6185,6145,234,6379,50
2022-05-24,El Dorado,017,186661,27993,27715,3396,31111,213
2022-05-24,Fresno,019,978130,238603,235569,25015,260584,2763
2022-05-24,Glenn,021,27897,5065,5030,1647,6677,48
2022-05-24,Humboldt,023,135768,18291,18133,3473,21606,147
2022-05-24,Imperial,025,180216,56357,56203,10783,66986,923
2022-05-24,Inyo,027,18085,4166,4152,556,4708,56
2022-05-24,Kern,029,883053,195076,194251,47218,241469,2336
2022-05-24,Kings,031,150075,52279,52178,3566,55744,447
2022-05-24,Lake,033,64148,11013,10908,922,11830,137
2022-05-24,Lassen,035,31185,9044,9028,889,9917,64
2022-05-24,Los Angeles,037,10098052,2828827,2806770,131926,2938696,31845
2022-05-24,Madera,039,155013,37993,37867,6318,44185,370
2022-05-24,Marin,041,260295,37426,36890,3744,40634,293
2022-05-24,Mariposa,043,17540,2532,2514,227,2741,30
2022-05-24,Mendocino,045,87422,13643,13545,3413,16958,124
2022-05-24,Merced,047,269075,63922,63220,9228,72448,823
2022-05-24,Modoc,049,8938,749,750,253,1003,8
2022-05-24,Mono,051,14174,3031,3024,160,3184,6
2022-05-24,Monterey,053,433212,82130,81592,15305,96897,737
2022-05-24,Napa,055,140530,27442,27240,1115,28355,143
2022-05-24,Nevada,057,99092,16616,16517,1313,17830,127
2022-05-24,Orange,059,3164182,569136,565564,44898,610462,7026
2022-05-24,Placer,061,380077,65973,65309,7867,73176,626
2022-05-24,Plumas,063,18699,3106,3065,375,3440,13
2022-05-24,Riverside,065,2383286,607549,604465,29014,633479,6480
2022-05-24,Sacramento,067,1510023,294716,292211,28343,320554,3028
2022-05-24,San Benito,069,59416,13488,13338,595,13933,98
2022-05-24,San Bernardino,071,2135413,587512,576982,25642,602624,7568
2022-05-24,San Diego,073,3302833,785362,782420,56674,839094,5284
2022-05-24,San Francisco,075,870044,143351,141015,9367,150382,872
2022-05-24,San Joaquin,077,732212,172019,170626,10966,181592,2238
2022-05-24,San Luis Obispo,079,281455,54811,54342,4376,58718,481
2022-05-24,San Mateo,081,765935,136524,134441,8265,142706,710
2022-05-24,Santa Barbara,083,443738,90131,89426,5088,94514,693
2022-05-24,Santa Clara,085,1922200,349717,340868,14397,355265,2304
2022-05-24,Santa Cruz,087,273765,52019,51644,2405,54049,263
2022-05-24,Shasta,089,179085,31181,31072,6188,37260,564
2022-05-24,Sierra,091,2930,278,277,54,331,4
2022-05-24,Siskiyou,093,43540,4534,4516,2789,7305,81
2022-05-24,Solano,095,438530,87193,86024,6072,92096,451
2022-05-24,Sonoma,097,501317,90704,89810,3570,93380,490
2022-05-24,Stanislaus,099,539301,120622,119894,18459,138353,1654
2022-05-24,Sutter,101,95872,20962,20904,2183,23087,226
2022-05-24,Tehama,103,63373,12220,12189,2634,14823,201
2022-05-24,Trinity,105,12862,1200,1194,290,1484,20
2022-05-24,Tulare,107,460477,107919,107790,28539,136329,1482
2022-05-24,Tuolumne,109,53932,13230,13086,615,13701,182
2022-05-24,Ventura,111,848112,180338,179116,10609,189725,1499
2022-05-24,Yolo,113,214977,40149,38782,3182,41964,319
2022-05-24,Yuba,115,75493,16331,16260,1308,17568,122
2022-05-23,Alameda,001,1643700,281338,278228,15510,293738,1860
2022-05-23,Alpine,003,1148,126,126,1,127,0
2022-05-23,Amador,005,37829,8751,8654,686,9340,86
2022-05-23,Butte,007,227075,34063,33755,7361,41116,426
2022-05-23,Calaveras,009,45235,7476,7450,384,7834,120
2022-05-23,Colusa,011,21464,3480,3471,1062,4533,21
2022-05-23,Contra Costa,013,1133247,207479,201866,15179,217045,1306
2022-05-23,Del Norte,015,27424,6180,6145,230,6375,50
2022-05-23,El Dorado,017,186661,27909,27715,3387,31102,213
2022-05-23,Fresno,019,978130,238253,235569,24948,260517,2763
2022-05-23,Glenn,021,27897,5061,5030,1643,6673,48
2022-05-23,Humboldt,023,135768,18264,18133,3451,21584,147
2022-05-23,Imperial,025,180216,56314,56203,10763,66966,923
2022-05-23,Inyo,027,18085,4163,4152,555,4707,56
2022-05-23,Kern,029,883053,194858,194251,47132,241383,2336
2022-05-23,Kings,031,150075,52231,52178,3561,55739,447
2022-05-23,Lake,033,64148,10994,10908,920,11828,137
2022-05-23,Lassen,035,31185,9036,9028,886,9914,64
2022-05-23,Los Angeles,037,10098052,2823441,2806770,131561,2938331,31845
2022-05-23,Madera,039,155013,37962,37867,6295,44162,370
2022-05-23,Marin,041,260295,37284,36890,3699,40589,293
2022-05-23,Mariposa,043,17540,2530,2514,225,2739,30
2022-05-23,Mendocino,045,87422,13621,13545,3399,16944,124
2022-05-23,Merced,047,269075,63843,63220,9200,72420,823
2022-05-23,Modoc,049,8938,748,750,253,1003,8
2022-05-23,Mono,051,14174,3031,3024,160,3184,6
2022-05-23,Monterey,053,433212,82030,81592,15241,96833,737
2022-05-23,Napa,055,140530,27385,27240,1108,28348,143
2022-05-23,Nevada,057,99092,16581,16517,1310,17827,127
2022-05-23,Orange,059,3164182,568129,565564,44750,610314,7026
2022-05-23,Placer,061,380077,65827,65309,7835,73144,626
2022-05-23,Plumas,063,18699,3103,3065,374,3439,13
2022-05-23,Riverside,065,2383286,606818,604465,28961,633426,6480
2022-05-23,Sacramento,067,1510023,293968,292211,28218,320429,3028
2022-05-23,San Benito,069,59416,13453,13338,592,13930,98
2022-05-23,San Bernardino,071,2135413,586876,576982,25608,602590,7568
2022-05-23,San Diego,073,3302833,783646,782420,56460,838880,5284
2022-05-23,San Francisco,075,870044,142782,141015,9334,150349,872
2022-05-23,San Joaquin,077,732212,171746,170626,10932,181558,2238
2022-05-23,San Luis Obispo,079,281455,54665,54342,4329,58671,481
2022-05-23,San Mateo,081,765935,135949,134441,8215,142656,710
2022-05-23,Santa Barbara,083,443738,89896,89426,5064,94490,693
2022-05-23,Santa Clara,085,1922200,348340,340868,14309,355177,2304
2022-05-23,Santa Cruz,087,273765,51916,51644,2390,54034,263
2022-05-23,Shasta,089,179085,31158,31072,6182,37254,564
2022-05-23,Sierra,091,2930,278,277,54,331,4
2022-05-23,Siskiyou,093,43540,4520,4516,2785,7301,81
2022-05-23,Solano,095,438530,86922,86024,6052,92076,451
2022-05-23,Sonoma,097,501317,90476,89810,3521,93331,490
2022-05-23,Stanislaus,099,539301,120482,119894,18419,138313,1654
2022-05-23,Sutter,101,95872,20922,20904,2178,23082,226
2022-05-23,Tehama,103,63373,12208,12189,2633,14822,201
2022-05-23,Trinity,105,12862,1199,1194,290,1484,20
2022-05-23,Tulare,107,460477,107797,107790,28469,136259,1482
2022-05-23,Tuolumne,109,53932,13206,13086,611,13697,182
2022-05-23,Ventura,111,848112,180007,179116,10578,189694,1499
2022-05-23,Yolo,113,214977,40016,38782,3166,41948,319
2022-05-23,Yuba,115,75493,16302,16260,1304,17564,122
2022-05-22,Alameda,001,1643700,280249,274996,15404,290400,1858
2022-05-22,Alpine,003,1148,126,126,1,127,0
2022-05-22,Amador,005,37829,8734,8628,680,9308,86
2022-05-22,Butte,007,227075,34011,33606,7334,40940,426
2022-05-22,Calaveras,009,45235,7465,7424,380,7804,120
2022-05-22,Colusa,011,21464,3476,3468,1059,4527,21
2022-05-22,Contra Costa,013,1133247,206749,199703,15045,214748,1305
2022-05-22,Del Norte,015,27424,6164,6045,219,6264,50
2022-05-22,El Dorado,017,186661,27834,27517,3371,30888,213
2022-05-22,Fresno,019,978130,237908,234657,24895,259552,2760
2022-05-22,Glenn,021,27897,5051,5020,1642,6662,48
2022-05-22,Humboldt,023,135768,18211,17984,3424,21408,146
2022-05-22,Imperial,025,180216,56246,56014,10748,66762,923
2022-05-22,Inyo,027,18085,4155,4135,553,4688,56
2022-05-22,Kern,029,883053,194621,193705,47032,240737,2334
2022-05-22,Kings,031,150075,52169,52038,3555,55593,447
2022-05-22,Lake,033,64148,10962,10867,918,11785,137
2022-05-22,Lassen,035,31185,9020,9011,883,9894,64
2022-05-22,Los Angeles,037,10098052,2817622,2791671,131134,2922805,31815
2022-05-22,Madera,039,155013,37916,37744,6260,44004,370
2022-05-22,Marin,041,260295,37138,36394,3655,40049,293
2022-05-22,Mariposa,043,17540,2526,2490,224,2714,30
2022-05-22,Mendocino,045,87422,13593,13461,3370,16831,124
2022-05-22,Merced,047,269075,63766,62969,9169,72138,823
2022-05-22,Modoc,049,8938,747,750,253,1003,8
2022-05-22,Mono,051,14174,3030,3012,160,3172,6
2022-05-22,Monterey,053,433212,81873,81224,15141,96365,735
2022-05-22,Napa,055,140530,27314,27034,1100,28134,143
2022-05-22,Nevada,057,99092,16547,16410,1299,17709,127
2022-05-22,Orange,059,3164182,567035,562531,44565,607096,7025
2022-05-22,Placer,061,380077,65668,64802,7803,72605,626
2022-05-22,Plumas,063,18699,3096,3052,372,3424,13
2022-05-22,Riverside,065,2383286,605978,601808,28895,630703,6476
2022-05-22,Sacramento,067,1510023,293163,289972,28061,318033,3027
2022-05-22,San Benito,069,59416,13421,13234,586,13820,98
2022-05-22,San Bernardino,071,2135413,586164,575194,25569,600763,7523
2022-05-22,San Diego,073,3302833,782028,777404,56265,833669,5282
2022-05-22,San Francisco,075,870044,142099,138922,9317,148239,871
2022-05-22,San Joaquin,077,732212,171437,169745,10888,180633,2237
2022-05-22,San Luis Obispo,079,281455,54510,54012,4268,58280,481
2022-05-22,San Mateo,081,765935,135379,132636,8161,140797,711
2022-05-22,Santa Barbara,083,443738,89664,88783,5029,93812,692
2022-05-22,Santa Clara,085,1922200,346897,336488,14232,350720,2301
2022-05-22,Santa Cruz,087,273765,51823,51333,2376,53709,263
2022-05-22,Shasta,089,179085,31109,30966,6170,37136,564
2022-05-22,Sierra,091,2930,278,276,54,330,4
2022-05-22,Siskiyou,093,43540,4511,4501,2784,7285,81
2022-05-22,Solano,095,438530,86638,85038,6019,91057,451
2022-05-22,Sonoma,097,501317,90189,88889,3466,92355,489
2022-05-22,Stanislaus,099,539301,120308,119396,18394,137790,1653
2022-05-22,Sutter,101,95872,20893,20809,2170,22979,226
2022-05-22,Tehama,103,63373,12200,12162,2628,14790,201
2022-05-22,Trinity,105,12862,1199,1191,289,1480,20
2022-05-22,Tulare,107,460477,107692,107485,28386,135871,1477
2022-05-22,Tuolumne,109,53932,13186,12977,609,13586,182
2022-05-22,Ventura,111,848112,179660,178024,10526,188550,1499
2022-05-22,Yolo,113,214977,39891,38377,3142,41519,319
2022-05-22,Yuba,115,75493,16275,16180,1295,17475,122
2022-05-21,Alameda,001,1643700,279787,274996,15383,290379,1858
2022-05-21,Alpine,003,1148,126,126,1,127,0
2022-05-21,Amador,005,37829,8723,8628,680,9308,86
2022-05-21,Butte,007,227075,33990,33606,7320,40926,426
2022-05-21,Calaveras,009,45235,7459,7424,380,7804,120
2022-05-21,Colusa,011,21464,3476,3468,1058,4526,21
2022-05-21,Contra Costa,013,1133247,206390,199703,15012,214715,1305
2022-05-21,Del Norte,015,27424,6160,6045,217,6262,50
2022-05-21,El Dorado,017,186661,27797,27517,3369,30886,213
2022-05-21,Fresno,019,978130,237778,234657,24874,259531,2760
2022-05-21,Glenn,021,27897,5048,5020,1641,6661,48
2022-05-21,Humboldt,023,135768,18186,17984,3416,21400,146
2022-05-21,Imperial,025,180216,56212,56014,10746,66760,923
2022-05-21,Inyo,027,18085,4153,4135,551,4686,56
2022-05-21,Kern,029,883053,194524,193705,46972,240677,2334
2022-05-21,Kings,031,150075,52146,52038,3554,55592,447
2022-05-21,Lake,033,64148,10954,10867,918,11785,137
2022-05-21,Lassen,035,31185,9017,9011,883,9894,64
2022-05-21,Los Angeles,037,10098052,2815331,2791671,130888,2922559,31815
2022-05-21,Madera,039,155013,37898,37744,6254,43998,370
2022-05-21,Marin,041,260295,37043,36394,3611,40005,293
2022-05-21,Mariposa,043,17540,2524,2490,224,2714,30
2022-05-21,Mendocino,045,87422,13582,13461,3365,16826,124
2022-05-21,Merced,047,269075,63731,62969,9163,72132,823
2022-05-21,Modoc,049,8938,746,750,253,1003,8
2022-05-21,Mono,051,14174,3030,3012,160,3172,6
2022-05-21,Monterey,053,433212,81807,81224,15086,96310,735
2022-05-21,Napa,055,140530,27281,27034,1097,28131,143
2022-05-21,Nevada,057,99092,16541,16410,1299,17709,127
2022-05-21,Orange,059,3164182,566521,562531,44452,606983,7025
2022-05-21,Placer,061,380077,65560,64802,7790,72592,626
2022-05-21,Plumas,063,18699,3089,3052,372,3424,13
2022-05-21,Riverside,065,2383286,605503,601808,28870,630678,6476
2022-05-21,Sacramento,067,1510023,292835,289972,28032,318004,3027
2022-05-21,San Benito,069,59416,13409,13234,578,13812,98
2022-05-21,San Bernardino,071,2135413,585824,575194,25544,600738,7523
2022-05-21,San Diego,073,3302833,781333,777404,56201,833605,5282
2022-05-21,San Francisco,075,870044,141793,138922,9304,148226,871
2022-05-21,San Joaquin,077,732212,171319,169745,10869,180614,2237
2022-05-21,San Luis Obispo,079,281455,54431,54012,4254,58266,481
2022-05-21,San Mateo,081,765935,135066,132636,8135,140771,711
2022-05-21,Santa Barbara,083,443738,89572,88783,5016,93799,692
2022-05-21,Santa Clara,085,1922200,346048,336488,14189,350677,2301
2022-05-21,Santa Cruz,087,273765,51778,51333,2357,53690,263
2022-05-21,Shasta,089,179085,31098,30966,6168,37134,564
2022-05-21,Sierra,091,2930,277,276,54,330,4
2022-05-21,Siskiyou,093,43540,4507,4501,2782,7283,81
2022-05-21,Solano,095,438530,86554,85038,6013,91051,451
2022-05-21,Sonoma,097,501317,90063,88889,3457,92346,489
2022-05-21,Stanislaus,099,539301,120229,119396,18370,137766,1653
2022-05-21,Sutter,101,95872,20883,20809,2165,22974,226
2022-05-21,Tehama,103,63373,12198,12162,2627,14789,201
2022-05-21,Trinity,105,12862,1199,1191,289,1480,20
2022-05-21,Tulare,107,460477,107630,107485,28350,135835,1477
2022-05-21,Tuolumne,109,53932,13179,12977,609,13586,182
2022-05-21,Ventura,111,848112,179485,178024,10507,188531,1499
2022-05-21,Yolo,113,214977,39829,38377,3131,41508,319
2022-05-21,Yuba,115,75493,16262,16180,1293,17473,122
2022-05-20,Alameda,001,1643700,279245,274996,15357,290353,1858
2022-05-20,Alpine,003,1148,126,126,1,127,0
2022-05-20,Amador,005,37829,8716,8628,680,9308,86
2022-05-20,Butte,007,227075,33968,33606,7308,40914,426
2022-05-20,Calaveras,009,45235,7451,7424,380,7804,120
2022-05-20,Colusa,011,21464,3476,3468,1058,4526,21
2022-05-20,Contra Costa,013,1133247,206032,199703,14995,214698,1305
2022-05-20,Del Norte,015,27424,6155,6045,216,6261,50
2022-05-20,El Dorado,017,186661,27763,27517,3366,30883,213
2022-05-20,Fresno,019,978130,237619,234657,24844,259501,2760
2022-05-20,Glenn,021,27897,5045,5020,1641,6661,48
2022-05-20,Humboldt,023,135768,18164,17984,3408,21392,146
2022-05-20,Imperial,025,180216,56188,56014,10743,66757,923
2022-05-20,Inyo,027,18085,4150,4135,547,4682,56
2022-05-20,Kern,029,883053,194420,193705,46924,240629,2334
2022-05-20,Kings,031,150075,52131,52038,3553,55591,447
2022-05-20,Lake,033,64148,10937,10867,918,11785,137
2022-05-20,Lassen,035,31185,9015,9011,883,9894,64
2022-05-20,Los Angeles,037,10098052,2812980,2791671,130660,2922331,31815
2022-05-20,Madera,039,155013,37879,37744,6246,43990,370
2022-05-20,Marin,041,260295,36969,36394,3572,39966,293
2022-05-20,Mariposa,043,17540,2519,2490,224,2714,30
2022-05-20,Mendocino,045,87422,13567,13461,3361,16822,124
2022-05-20,Merced,047,269075,63697,62969,9160,72129,823
2022-05-20,Modoc,049,8938,746,750,253,1003,8
2022-05-20,Mono,051,14174,3026,3012,160,3172,6
2022-05-20,Monterey,053,433212,81749,81224,15046,96270,735
2022-05-20,Napa,055,140530,27251,27034,1093,28127,143
2022-05-20,Nevada,057,99092,16533,16410,1297,17707,127
2022-05-20,Orange,059,3164182,565949,562531,44353,606884,7025
2022-05-20,Placer,061,380077,65485,64802,7774,72576,626
2022-05-20,Plumas,063,18699,3087,3052,372,3424,13
2022-05-20,Riverside,065,2383286,605052,601808,28847,630655,6476
2022-05-20,Sacramento,067,1510023,292460,289972,28010,317982,3027
2022-05-20,San Benito,069,59416,13393,13234,577,13811,98
2022-05-20,San Bernardino,071,2135413,585503,575194,25525,600719,7523
2022-05-20,San Diego,073,3302833,780535,777404,56109,833513,5282
2022-05-20,San Francisco,075,870044,141458,138922,9273,148195,871
2022-05-20,San Joaquin,077,732212,171198,169745,10861,180606,2237
2022-05-20,San Luis Obispo,079,281455,54395,54012,4249,58261,481
2022-05-20,San Mateo,081,765935,134751,132636,8112,140748,711
2022-05-20,Santa Barbara,083,443738,89488,88783,5011,93794,692
2022-05-20,Santa Clara,085,1922200,345254,336488,14138,350626,2301
2022-05-20,Santa Cruz,087,273765,51733,51333,2339,53672,263
2022-05-20,Shasta,089,179085,31084,30966,6165,37131,564
2022-05-20,Sierra,091,2930,277,276,54,330,4
2022-05-20,Siskiyou,093,43540,4504,4501,2780,7281,81
2022-05-20,Solano,095,438530,86412,85038,6005,91043,451
2022-05-20,Sonoma,097,501317,89936,88889,3444,92333,489
2022-05-20,Stanislaus,099,539301,120147,119396,18357,137753,1653
2022-05-20,Sutter,101,95872,20874,20809,2164,22973,226
2022-05-20,Tehama,103,63373,12195,12162,2626,14788,201
2022-05-20,Trinity,105,12862,1199,1191,289,1480,20
2022-05-20,Tulare,107,460477,107573,107485,28311,135796,1477
2022-05-20,Tuolumne,109,53932,13160,12977,607,13584,182
2022-05-20,Ventura,111,848112,179288,178024,10489,188513,1499
2022-05-20,Yolo,113,214977,39760,38377,3125,41502,319
2022-05-20,Yuba,115,75493,16247,16180,1289,17469,122
2022-05-19,Alameda,001,1643700,278423,274996,15288,290284,1858
2022-05-19,Alpine,003,1148,126,126,1,127,0
2022-05-19,Amador,005,37829,8708,8628,680,9308,86
2022-05-19,Butte,007,227075,33930,33606,7299,40905,426
2022-05-19,Calaveras,009,45235,7445,7424,377,7801,120
2022-05-19,Colusa,011,21464,3475,3468,1057,4525,21
2022-05-19,Contra Costa,013,1133247,205488,199703,14921,214624,1305
2022-05-19,Del Norte,015,27424,6151,6045,211,6256,50
2022-05-19,El Dorado,017,186661,27711,27517,3351,30868,213
2022-05-19,Fresno,019,978130,237395,234657,24804,259461,2760
2022-05-19,Glenn,021,27897,5044,5020,1637,6657,48
2022-05-19,Humboldt,023,135768,18130,17984,3393,21377,146
2022-05-19,Imperial,025,180216,56140,56014,10742,66756,923
2022-05-19,Inyo,027,18085,4146,4135,546,4681,56
2022-05-19,Kern,029,883053,194279,193705,46849,240554,2334
2022-05-19,Kings,031,150075,52104,52038,3552,55590,447
2022-05-19,Lake,033,64148,10929,10867,916,11783,137
2022-05-19,Lassen,035,31185,9011,9011,883,9894,64
2022-05-19,Los Angeles,037,10098052,2809033,2791671,130331,2922002,31815
2022-05-19,Madera,039,155013,37843,37744,6230,43974,370
2022-05-19,Marin,041,260295,36873,36394,3539,39933,293
2022-05-19,Mariposa,043,17540,2511,2490,224,2714,30
2022-05-19,Mendocino,045,87422,13544,13461,3354,16815,124
2022-05-19,Merced,047,269075,63635,62969,9144,72113,823
2022-05-19,Modoc,049,8938,746,750,253,1003,8
2022-05-19,Mono,051,14174,3025,3012,156,3168,6
2022-05-19,Monterey,053,433212,81669,81224,14981,96205,735
2022-05-19,Napa,055,140530,27194,27034,1090,28124,143
2022-05-19,Nevada,057,99092,16499,16410,1290,17700,127
2022-05-19,Orange,059,3164182,565116,562531,44224,606755,7025
2022-05-19,Placer,061,380077,65366,64802,7758,72560,626
2022-05-19,Plumas,063,18699,3081,3052,372,3424,13
2022-05-19,Riverside,065,2383286,604419,601808,28804,630612,6476
2022-05-19,Sacramento,067,1510023,291899,289972,27926,317898,3027
2022-05-19,San Benito,069,59416,13365,13234,574,13808,98
2022-05-19,San Bernardino,071,2135413,584987,575194,25504,600698,7523
2022-05-19,San Diego,073,3302833,779298,777404,55944,833348,5282
2022-05-19,San Francisco,075,870044,140990,138922,9239,148161,871
2022-05-19,San Joaquin,077,732212,170953,169745,10844,180589,2237
2022-05-19,San Luis Obispo,079,281455,54292,54012,4217,58229,481
2022-05-19,San Mateo,081,765935,134284,132636,8054,140690,711
2022-05-19,Santa Barbara,083,443738,89335,88783,4984,93767,692
2022-05-19,Santa Clara,085,1922200,344173,336488,14051,350539,2301
2022-05-19,Santa Cruz,087,273765,51655,51333,2325,53658,263
2022-05-19,Shasta,089,179085,31055,30966,6159,37125,564
2022-05-19,Sierra,091,2930,277,276,54,330,4
2022-05-19,Siskiyou,093,43540,4501,4501,2778,7279,81
2022-05-19,Solano,095,438530,86225,85038,5980,91018,451
2022-05-19,Sonoma,097,501317,89732,88889,3410,92299,489
2022-05-19,Stanislaus,099,539301,120017,119396,18335,137731,1653
2022-05-19,Sutter,101,95872,20838,20809,2161,22970,226
2022-05-19,Tehama,103,63373,12185,12162,2623,14785,201
2022-05-19,Trinity,105,12862,1198,1191,289,1480,20
2022-05-19,Tulare,107,460477,107479,107485,28265,135750,1477
2022-05-19,Tuolumne,109,53932,13136,12977,604,13581,182
2022-05-19,Ventura,111,848112,179013,178024,10450,188474,1499
2022-05-19,Yolo,113,214977,39670,38377,3117,41494,319
2022-05-19,Yuba,115,75493,16227,16180,1281,17461,122
2022-05-18,Alameda,001,1643700,277578,272530,15218,287748,1859
2022-05-18,Alpine,003,1148,126,126,1,127,0
2022-05-18,Amador,005,37829,8690,8592,680,9272,86
2022-05-18,Butte,007,227075,33889,33486,7284,40770,426
2022-05-18,Calaveras,009,45235,7437,7400,377,7777,120
2022-05-18,Colusa,011,21464,3475,3467,1057,4524,21
2022-05-18,Contra Costa,013,1133247,204929,198207,14834,213041,1303
2022-05-18,Del Norte,015,27424,6143,6001,207,6208,50
2022-05-18,El Dorado,017,186661,27660,27388,3343,30731,212
2022-05-18,Fresno,019,978130,237132,234055,24763,258818,2759
2022-05-18,Glenn,021,27897,5043,5012,1637,6649,48
2022-05-18,Humboldt,023,135768,18105,17868,3372,21240,146
2022-05-18,Imperial,025,180216,56078,55915,10736,66651,918
2022-05-18,Inyo,027,18085,4142,4120,540,4660,56
2022-05-18,Kern,029,883053,194162,193338,46789,240127,2327
2022-05-18,Kings,031,150075,52075,51903,3549,55452,447
2022-05-18,Lake,033,64148,10920,10831,915,11746,137
2022-05-18,Lassen,035,31185,9005,8994,883,9877,65
2022-05-18,Los Angeles,037,10098052,2804719,2780354,130048,2910402,31789
2022-05-18,Madera,039,155013,37805,37644,6221,43865,365
2022-05-18,Marin,041,260295,36783,36024,3498,39522,293
2022-05-18,Mariposa,043,17540,2504,2481,224,2705,30
2022-05-18,Mendocino,045,87422,13523,13403,3339,16742,124
2022-05-18,Merced,047,269075,63570,62802,9117,71919,818
2022-05-18,Modoc,049,8938,746,748,253,1001,8
2022-05-18,Mono,051,14174,3024,3010,154,3164,6
2022-05-18,Monterey,053,433212,81560,80955,14925,95880,735
2022-05-18,Napa,055,140530,27153,26912,1083,27995,143
2022-05-18,Nevada,057,99092,16479,16361,1285,17646,127
2022-05-18,Orange,059,3164182,564311,560094,44115,604209,7021
2022-05-18,Placer,061,380077,65221,64432,7743,72175,626
2022-05-18,Plumas,063,18699,3073,3022,369,3391,13
2022-05-18,Riverside,065,2383286,603771,599947,28752,628699,6471
2022-05-18,Sacramento,067,1510023,291375,288335,27843,316178,3022
2022-05-18,San Benito,069,59416,13341,13186,570,13756,98
2022-05-18,San Bernardino,071,2135413,584519,573790,25477,599267,7455
2022-05-18,San Diego,073,3302833,777864,773934,55780,829714,5277
2022-05-18,San Francisco,075,870044,140466,137341,9212,146553,869
2022-05-18,San Joaquin,077,732212,170718,169045,10758,179803,2236
2022-05-18,San Luis Obispo,079,281455,54193,53756,4183,57939,478
2022-05-18,San Mateo,081,765935,133858,131330,7987,139317,709
2022-05-18,Santa Barbara,083,443738,89175,88317,4963,93280,693
2022-05-18,Santa Clara,085,1922200,343024,333230,13958,347188,2300
2022-05-18,Santa Cruz,087,273765,51567,51020,2312,53332,263
2022-05-18,Shasta,089,179085,31032,30899,6154,37053,558
2022-05-18,Sierra,091,2930,277,275,54,329,4
2022-05-18,Siskiyou,093,43540,4496,4495,2776,7271,81
2022-05-18,Solano,095,438530,85962,84476,5962,90438,451
2022-05-18,Sonoma,097,501317,89533,88195,3371,91566,489
2022-05-18,Stanislaus,099,539301,119907,119025,18302,137327,1645
2022-05-18,Sutter,101,95872,20816,20763,2152,22915,226
2022-05-18,Tehama,103,63373,12179,12133,2620,14753,201
2022-05-18,Trinity,105,12862,1198,1189,289,1478,20
2022-05-18,Tulare,107,460477,107411,107292,28207,135499,1477
2022-05-18,Tuolumne,109,53932,13117,12917,602,13519,182
2022-05-18,Ventura,111,848112,178744,177233,10406,187639,1497
2022-05-18,Yolo,113,214977,39558,38139,3105,41244,316
2022-05-18,Yuba,115,75493,16203,16109,1272,17381,122
2022-05-17,Alameda,001,1643700,276743,272530,15149,287679,1859
2022-05-17,Alpine,003,1148,126,126,1,127,0
2022-05-17,Amador,005,37829,8681,8592,678,9270,86
2022-05-17,Butte,007,227075,33837,33486,7263,40749,426
2022-05-17,Calaveras,009,45235,7430,7400,377,7777,120
2022-05-17,Colusa,011,21464,3474,3467,1056,4523,21
2022-05-17,Contra Costa,013,1133247,204291,198207,14749,212956,1303
2022-05-17,Del Norte,015,27424,6129,6001,207,6208,50
2022-05-17,El Dorado,017,186661,27605,27388,3337,30725,212
2022-05-17,Fresno,019,978130,236879,234055,24732,258787,2759
2022-05-17,Glenn,021,27897,5040,5012,1636,6648,48
2022-05-17,Humboldt,023,135768,18065,17868,3355,21223,146
2022-05-17,Imperial,025,180216,56035,55915,10726,66641,918
2022-05-17,Inyo,027,18085,4140,4120,531,4651,56
2022-05-17,Kern,029,883053,194005,193338,46733,240071,2327
2022-05-17,Kings,031,150075,52032,51903,3545,55448,447
2022-05-17,Lake,033,64148,10905,10831,913,11744,137
2022-05-17,Lassen,035,31185,9000,8994,882,9876,65
2022-05-17,Los Angeles,037,10098052,2800204,2780354,129736,2910090,31789
2022-05-17,Madera,039,155013,37779,37644,6206,43850,365
2022-05-17,Marin,041,260295,36650,36024,3437,39461,293
2022-05-17,Mariposa,043,17540,2499,2481,223,2704,30
2022-05-17,Mendocino,045,87422,13497,13403,3329,16732,124
2022-05-17,Merced,047,269075,63505,62802,9098,71900,818
2022-05-17,Modoc,049,8938,746,748,253,1001,8
2022-05-17,Mono,051,14174,3020,3010,154,3164,6
2022-05-17,Monterey,053,433212,81443,80955,14860,95815,735
2022-05-17,Napa,055,140530,27105,26912,1075,27987,143
2022-05-17,Nevada,057,99092,16450,16361,1277,17638,127
2022-05-17,Orange,059,3164182,563408,560094,43975,604069,7021
2022-05-17,Placer,061,380077,65057,64432,7705,72137,626
2022-05-17,Plumas,063,18699,3067,3022,368,3390,13
2022-05-17,Riverside,065,2383286,603084,599947,28708,628655,6471
2022-05-17,Sacramento,067,1510023,290740,288335,27743,316078,3022
2022-05-17,San Benito,069,59416,13304,13186,569,13755,98
2022-05-17,San Bernardino,071,2135413,584030,573790,25463,599253,7455
2022-05-17,San Diego,073,3302833,776351,773934,55613,829547,5277
2022-05-17,San Francisco,075,870044,139889,137341,9181,146522,869
2022-05-17,San Joaquin,077,732212,170479,169045,10717,179762,2236
2022-05-17,San Luis Obispo,079,281455,54100,53756,4139,57895,478
2022-05-17,San Mateo,081,765935,133362,131330,7948,139278,709
2022-05-17,Santa Barbara,083,443738,88977,88317,4945,93262,693
2022-05-17,Santa Clara,085,1922200,341843,333230,13885,347115,2300
2022-05-17,Santa Cruz,087,273765,51490,51020,2304,53324,263
2022-05-17,Shasta,089,179085,30994,30899,6151,37050,558
2022-05-17,Sierra,091,2930,277,275,54,329,4
2022-05-17,Siskiyou,093,43540,4494,4495,2774,7269,81
2022-05-17,Solano,095,438530,85681,84476,5932,90408,451
2022-05-17,Sonoma,097,501317,89290,88195,3326,91521,489
2022-05-17,Stanislaus,099,539301,119758,119025,18273,137298,1645
2022-05-17,Sutter,101,95872,20796,20763,2148,22911,226
2022-05-17,Tehama,103,63373,12167,12133,2617,14750,201
2022-05-17,Trinity,105,12862,1197,1189,289,1478,20
2022-05-17,Tulare,107,460477,107317,107292,28167,135459,1477
2022-05-17,Tuolumne,109,53932,13103,12917,602,13519,182
2022-05-17,Ventura,111,848112,178421,177233,10352,187585,1497
2022-05-17,Yolo,113,214977,39422,38139,3098,41237,316
2022-05-17,Yuba,115,75493,16178,16109,1269,17378,122
2022-05-16,Alameda,001,1643700,275738,272530,15070,287600,1859
2022-05-16,Alpine,003,1148,126,126,1,127,0
2022-05-16,Amador,005,37829,8671,8592,677,9269,86
2022-05-16,Butte,007,227075,33779,33486,7247,40733,426
2022-05-16,Calaveras,009,45235,7424,7400,375,7775,120
2022-05-16,Colusa,011,21464,3473,3467,1056,4523,21
2022-05-16,Contra Costa,013,1133247,203648,198207,14668,212875,1303
2022-05-16,Del Norte,015,27424,6116,6001,204,6205,50
2022-05-16,El Dorado,017,186661,27549,27388,3329,30717,212
2022-05-16,Fresno,019,978130,236615,234055,24690,258745,2759
2022-05-16,Glenn,021,27897,5035,5012,1631,6643,48
2022-05-16,Humboldt,023,135768,18019,17868,3341,21209,146
2022-05-16,Imperial,025,180216,55971,55915,10713,66628,918
2022-05-16,Inyo,027,18085,4136,4120,528,4648,56
2022-05-16,Kern,029,883053,193853,193338,46667,240005,2327
2022-05-16,Kings,031,150075,51982,51903,3544,55447,447
2022-05-16,Lake,033,64148,10898,10831,912,11743,137
2022-05-16,Lassen,035,31185,8995,8994,880,9874,65
2022-05-16,Los Angeles,037,10098052,2795789,2780354,129450,2909804,31789
2022-05-16,Madera,039,155013,37748,37644,6184,43828,365
2022-05-16,Marin,041,260295,36486,36024,3389,39413,293
2022-05-16,Mariposa,043,17540,2498,2481,222,2703,30
2022-05-16,Mendocino,045,87422,13471,13403,3317,16720,124
2022-05-16,Merced,047,269075,63434,62802,9062,71864,818
2022-05-16,Modoc,049,8938,746,748,253,1001,8
2022-05-16,Mono,051,14174,3017,3010,154,3164,6
2022-05-16,Monterey,053,433212,81331,80955,14774,95729,735
2022-05-16,Napa,055,140530,27054,26912,1070,27982,143
2022-05-16,Nevada,057,99092,16431,16361,1271,17632,127
2022-05-16,Orange,059,3164182,562555,560094,43848,603942,7021
2022-05-16,Placer,061,380077,64949,64432,7674,72106,626
2022-05-16,Plumas,063,18699,3057,3022,367,3389,13
2022-05-16,Riverside,065,2383286,602369,599947,28652,628599,6471
2022-05-16,Sacramento,067,1510023,290076,288335,27649,315984,3022
2022-05-16,San Benito,069,59416,13286,13186,564,13750,98
2022-05-16,San Bernardino,071,2135413,583559,573790,25433,599223,7455
2022-05-16,San Diego,073,3302833,774810,773934,55445,829379,5277
2022-05-16,San Francisco,075,870044,139186,137341,9149,146490,869
2022-05-16,San Joaquin,077,732212,170199,169045,10532,179577,2236
2022-05-16,San Luis Obispo,079,281455,53997,53756,4110,57866,478
2022-05-16,San Mateo,081,765935,132818,131330,7893,139223,709
2022-05-16,Santa Barbara,083,443738,88832,88317,4934,93251,693
2022-05-16,Santa Clara,085,1922200,340519,333230,13798,347028,2300
2022-05-16,Santa Cruz,087,273765,51411,51020,2289,53309,263
2022-05-16,Shasta,089,179085,30961,30899,6143,37042,558
2022-05-16,Sierra,091,2930,277,275,53,328,4
2022-05-16,Siskiyou,093,43540,4491,4495,2767,7262,81
2022-05-16,Solano,095,438530,85419,84476,5906,90382,451
2022-05-16,Sonoma,097,501317,88990,88195,3288,91483,489
2022-05-16,Stanislaus,099,539301,119614,119025,18240,137265,1645
2022-05-16,Sutter,101,95872,20782,20763,2141,22904,226
2022-05-16,Tehama,103,63373,12159,12133,2614,14747,201
2022-05-16,Trinity,105,12862,1196,1189,289,1478,20
2022-05-16,Tulare,107,460477,107238,107292,28121,135413,1477
2022-05-16,Tuolumne,109,53932,13070,12917,599,13516,182
2022-05-16,Ventura,111,848112,178090,177233,10294,187527,1497
2022-05-16,Yolo,113,214977,39288,38139,3089,41228,316
2022-05-16,Yuba,115,75493,16151,16109,1266,17375,122
2022-05-15,Alameda,001,1643700,274668,268944,15001,283945,1857
2022-05-15,Alpine,003,1148,126,125,1,126,0
2022-05-15,Amador,005,37829,8655,8574,672,9246,86
2022-05-15,Butte,007,227075,33721,33377,7226,40603,424
2022-05-15,Calaveras,009,45235,7405,7378,373,7751,120
2022-05-15,Colusa,011,21464,3470,3463,1054,4517,21
2022-05-15,Contra Costa,013,1133247,202884,195925,14586,210511,1301
2022-05-15,Del Norte,015,27424,6043,5919,202,6121,50
2022-05-15,El Dorado,017,186661,27488,27216,3314,30530,212
2022-05-15,Fresno,019,978130,236347,233305,24655,257960,2757
2022-05-15,Glenn,021,27897,5032,5004,1630,6634,48
2022-05-15,Humboldt,023,135768,17969,17633,3301,20934,146
2022-05-15,Imperial,025,180216,55935,55756,10692,66448,917
2022-05-15,Inyo,027,18085,4132,4114,524,4638,56
2022-05-15,Kern,029,883053,193675,192939,46584,239523,2314
2022-05-15,Kings,031,150075,51922,51779,3540,55319,447
2022-05-15,Lake,033,64148,10881,10790,909,11699,137
2022-05-15,Lassen,035,31185,8987,8987,879,9866,65
2022-05-15,Los Angeles,037,10098052,2791210,2768726,129079,2897805,31768
2022-05-15,Madera,039,155013,37706,37520,6166,43686,365
2022-05-15,Marin,041,260295,36315,35486,3350,38836,293
2022-05-15,Mariposa,043,17540,2493,2463,221,2684,30
2022-05-15,Mendocino,045,87422,13451,13349,3290,16639,124
2022-05-15,Merced,047,269075,63349,62627,9016,71643,818
2022-05-15,Modoc,049,8938,745,747,253,1000,8
2022-05-15,Mono,051,14174,3014,3002,152,3154,6
2022-05-15,Monterey,053,433212,81222,80620,14686,95306,735
2022-05-15,Napa,055,140530,26999,26698,1066,27764,143
2022-05-15,Nevada,057,99092,16401,16240,1268,17508,127
2022-05-15,Orange,059,3164182,561609,557134,43710,600844,7017
2022-05-15,Placer,061,380077,64767,63963,7644,71607,626
2022-05-15,Plumas,063,18699,3051,3006,367,3373,13
2022-05-15,Riverside,065,2383286,601652,597914,28584,626498,6471
2022-05-15,Sacramento,067,1510023,289357,286403,27513,313916,3022
2022-05-15,San Benito,069,59416,13261,13106,562,13668,98
2022-05-15,San Bernardino,071,2135413,583013,572057,25404,597461,7423
2022-05-15,San Diego,073,3302833,773306,770323,55246,825569,5271
2022-05-15,San Francisco,075,870044,138475,134916,9115,144031,866
2022-05-15,San Joaquin,077,732212,169956,168174,10455,178629,2236
2022-05-15,San Luis Obispo,079,281455,53870,53502,4068,57570,478
2022-05-15,San Mateo,081,765935,132283,129480,7823,137303,709
2022-05-15,Santa Barbara,083,443738,88602,87773,4899,92672,693
2022-05-15,Santa Clara,085,1922200,339103,328609,13706,342315,2297
2022-05-15,Santa Cruz,087,273765,51306,50268,2273,52541,263
2022-05-15,Shasta,089,179085,30920,30799,6137,36936,557
2022-05-15,Sierra,091,2930,277,275,53,328,4
2022-05-15,Siskiyou,093,43540,4489,4482,2764,7246,81
2022-05-15,Solano,095,438530,85099,83669,5872,89541,451
2022-05-15,Sonoma,097,501317,88665,87070,3263,90333,488
2022-05-15,Stanislaus,099,539301,119445,118586,18208,136794,1645
2022-05-15,Sutter,101,95872,20755,20690,2131,22821,226
2022-05-15,Tehama,103,63373,12141,12115,2608,14723,201
2022-05-15,Trinity,105,12862,1195,1188,289,1477,20
2022-05-15,Tulare,107,460477,107136,107077,28075,135152,1469
2022-05-15,Tuolumne,109,53932,13015,12851,597,13448,182
2022-05-15,Ventura,111,848112,177744,176317,10232,186549,1497
2022-05-15,Yolo,113,214977,39173,37737,3077,40814,316
2022-05-15,Yuba,115,75493,16117,16028,1257,17285,122
2022-05-14,Alameda,001,1643700,274240,268944,14981,283925,1857
2022-05-14,Alpine,003,1148,125,125,1,126,0
2022-05-14,Amador,005,37829,8649,8574,672,9246,86
2022-05-14,Butte,007,227075,33701,33377,7218,40595,424
2022-05-14,Calaveras,009,45235,7403,7378,373,7751,120
2022-05-14,Colusa,011,21464,3470,3463,1054,4517,21
2022-05-14,Contra Costa,013,1133247,202505,195925,14556,210481,1301
2022-05-14,Del Norte,015,27424,6035,5919,200,6119,50
2022-05-14,El Dorado,017,186661,27458,27216,3309,30525,212
2022-05-14,Fresno,019,978130,236223,233305,24646,257951,2757
2022-05-14,Glenn,021,27897,5031,5004,1626,6630,48
2022-05-14,Humboldt,023,135768,17943,17633,3294,20927,146
2022-05-14,Imperial,025,180216,55904,55756,10689,66445,917
2022-05-14,Inyo,027,18085,4127,4114,524,4638,56
2022-05-14,Kern,029,883053,193605,192939,46538,239477,2314
2022-05-14,Kings,031,150075,51895,51779,3540,55319,447
2022-05-14,Lake,033,64148,10871,10790,904,11694,137
2022-05-14,Lassen,035,31185,8985,8987,879,9866,65
2022-05-14,Los Angeles,037,10098052,2789280,2768726,128864,2897590,31768
2022-05-14,Madera,039,155013,37691,37520,6166,43686,365
2022-05-14,Marin,041,260295,36208,35486,3301,38787,293
2022-05-14,Mariposa,043,17540,2492,2463,221,2684,30
2022-05-14,Mendocino,045,87422,13441,13349,3286,16635,124
2022-05-14,Merced,047,269075,63313,62627,9013,71640,818
2022-05-14,Modoc,049,8938,744,747,253,1000,8
2022-05-14,Mono,051,14174,3014,3002,151,3153,6
2022-05-14,Monterey,053,433212,81157,80620,14633,95253,735
2022-05-14,Napa,055,140530,26975,26698,1059,27757,143
2022-05-14,Nevada,057,99092,16386,16240,1267,17507,127
2022-05-14,Orange,059,3164182,561165,557134,43626,600760,7017
2022-05-14,Placer,061,380077,64660,63963,7622,71585,626
2022-05-14,Plumas,063,18699,3047,3006,367,3373,13
2022-05-14,Riverside,065,2383286,601240,597914,28549,626463,6471
2022-05-14,Sacramento,067,1510023,289084,286403,27491,313894,3022
2022-05-14,San Benito,069,59416,13251,13106,559,13665,98
2022-05-14,San Bernardino,071,2135413,582735,572057,25392,597449,7423
2022-05-14,San Diego,073,3302833,772706,770323,55199,825522,5271
2022-05-14,San Francisco,075,870044,138119,134916,9091,144007,866
2022-05-14,San Joaquin,077,732212,169813,168174,10438,178612,2236
2022-05-14,San Luis Obispo,079,281455,53843,53502,4065,57567,478
2022-05-14,San Mateo,081,765935,131959,129480,7795,137275,709
2022-05-14,Santa Barbara,083,443738,88495,87773,4894,92667,693
2022-05-14,Santa Clara,085,1922200,338271,328609,13667,342276,2297
2022-05-14,Santa Cruz,087,273765,51259,50268,2259,52527,263
2022-05-14,Shasta,089,179085,30916,30799,6136,36935,557
2022-05-14,Sierra,091,2930,277,275,53,328,4
2022-05-14,Siskiyou,093,43540,4486,4482,2762,7244,81
2022-05-14,Solano,095,438530,85037,83669,5862,89531,451
2022-05-14,Sonoma,097,501317,88521,87070,3251,90321,488
2022-05-14,Stanislaus,099,539301,119361,118586,18197,136783,1645
2022-05-14,Sutter,101,95872,20748,20690,2130,22820,226
2022-05-14,Tehama,103,63373,12135,12115,2607,14722,201
2022-05-14,Trinity,105,12862,1195,1188,289,1477,20
2022-05-14,Tulare,107,460477,107087,107077,28051,135128,1469
2022-05-14,Tuolumne,109,53932,13004,12851,597,13448,182
2022-05-14,Ventura,111,848112,177582,176317,10207,186524,1497
2022-05-14,Yolo,113,214977,39104,37737,3070,40807,316
2022-05-14,Yuba,115,75493,16110,16028,1256,17284,122
2022-05-13,Alameda,001,1643700,273762,268944,14948,283892,1857
2022-05-13,Alpine,003,1148,125,125,1,126,0
2022-05-13,Amador,005,37829,8644,8574,671,9245,86
2022-05-13,Butte,007,227075,33684,33377,7216,40593,424
2022-05-13,Calaveras,009,45235,7400,7378,373,7751,120
2022-05-13,Colusa,011,21464,3469,3463,1054,4517,21
2022-05-13,Contra Costa,013,1133247,202163,195925,14526,210451,1301
2022-05-13,Del Norte,015,27424,6032,5919,200,6119,50
2022-05-13,El Dorado,017,186661,27430,27216,3309,30525,212
2022-05-13,Fresno,019,978130,236114,233305,24627,257932,2757
2022-05-13,Glenn,021,27897,5029,5004,1625,6629,48
2022-05-13,Humboldt,023,135768,17919,17633,3286,20919,146
2022-05-13,Imperial,025,180216,55885,55756,10688,66444,917
2022-05-13,Inyo,027,18085,4127,4114,523,4637,56
2022-05-13,Kern,029,883053,193530,192939,46509,239448,2314
2022-05-13,Kings,031,150075,51871,51779,3540,55319,447
2022-05-13,Lake,033,64148,10868,10790,904,11694,137
2022-05-13,Lassen,035,31185,8984,8987,879,9866,65
2022-05-13,Los Angeles,037,10098052,2787339,2768726,128672,2897398,31768
2022-05-13,Madera,039,155013,37671,37520,6157,43677,365
2022-05-13,Marin,041,260295,36105,35486,3258,38744,293
2022-05-13,Mariposa,043,17540,2490,2463,221,2684,30
2022-05-13,Mendocino,045,87422,13427,13349,3279,16628,124
2022-05-13,Merced,047,269075,63278,62627,9004,71631,818
2022-05-13,Modoc,049,8938,744,747,253,1000,8
2022-05-13,Mono,051,14174,3012,3002,150,3152,6
2022-05-13,Monterey,053,433212,81101,80620,14594,95214,735
2022-05-13,Napa,055,140530,26939,26698,1057,27755,143
2022-05-13,Nevada,057,99092,16371,16240,1266,17506,127
2022-05-13,Orange,059,3164182,560697,557134,43553,600687,7017
2022-05-13,Placer,061,380077,64581,63963,7613,71576,626
2022-05-13,Plumas,063,18699,3040,3006,367,3373,13
2022-05-13,Riverside,065,2383286,600852,597914,28520,626434,6471
2022-05-13,Sacramento,067,1510023,288750,286403,27465,313868,3022
2022-05-13,San Benito,069,59416,13247,13106,559,13665,98
2022-05-13,San Bernardino,071,2135413,582494,572057,25384,597441,7423
2022-05-13,San Diego,073,3302833,772068,770323,55119,825442,5271
2022-05-13,San Francisco,075,870044,137770,134916,9071,143987,866
2022-05-13,San Joaquin,077,732212,169693,168174,10426,178600,2236
2022-05-13,San Luis Obispo,079,281455,53807,53502,4061,57563,478
2022-05-13,San Mateo,081,765935,131670,129480,7774,137254,709
2022-05-13,Santa Barbara,083,443738,88401,87773,4891,92664,693
2022-05-13,Santa Clara,085,1922200,337469,328609,13634,342243,2297
2022-05-13,Santa Cruz,087,273765,51172,50268,2251,52519,263
2022-05-13,Shasta,089,179085,30912,30799,6136,36935,557
2022-05-13,Sierra,091,2930,276,275,50,325,4
2022-05-13,Siskiyou,093,43540,4485,4482,2762,7244,81
2022-05-13,Solano,095,438530,84913,83669,5855,89524,451
2022-05-13,Sonoma,097,501317,88344,87070,3237,90307,488
2022-05-13,Stanislaus,099,539301,119267,118586,18183,136769,1645
2022-05-13,Sutter,101,95872,20736,20690,2129,22819,226
2022-05-13,Tehama,103,63373,12133,12115,2605,14720,201
2022-05-13,Trinity,105,12862,1194,1188,289,1477,20
2022-05-13,Tulare,107,460477,107041,107077,28017,135094,1469
2022-05-13,Tuolumne,109,53932,12988,12851,597,13448,182
2022-05-13,Ventura,111,848112,177402,176317,10193,186510,1497
2022-05-13,Yolo,113,214977,39041,37737,3067,40804,316
2022-05-13,Yuba,115,75493,16097,16028,1253,17281,122
2022-05-12,Alameda,001,1643700,273012,268944,14891,283835,1857
2022-05-12,Alpine,003,1148,125,125,1,126,0
2022-05-12,Amador,005,37829,8635,8574,671,9245,86
2022-05-12,Butte,007,227075,33657,33377,7202,40579,424
2022-05-12,Calaveras,009,45235,7396,7378,372,7750,120
2022-05-12,Colusa,011,21464,3469,3463,1053,4516,21
2022-05-12,Contra Costa,013,1133247,201643,195925,14463,210388,1301
2022-05-12,Del Norte,015,27424,6015,5919,199,6118,50
2022-05-12,El Dorado,017,186661,27390,27216,3300,30516,212
2022-05-12,Fresno,019,978130,235962,233305,24607,257912,2757
2022-05-12,Glenn,021,27897,5025,5004,1623,6627,48
2022-05-12,Humboldt,023,135768,17877,17633,3273,20906,146
2022-05-12,Imperial,025,180216,55858,55756,10675,66431,917
2022-05-12,Inyo,027,18085,4123,4114,518,4632,56
2022-05-12,Kern,029,883053,193464,192939,46461,239400,2314
2022-05-12,Kings,031,150075,51850,51779,3538,55317,447
2022-05-12,Lake,033,64148,10850,10790,898,11688,137
2022-05-12,Lassen,035,31185,8983,8987,879,9866,65
2022-05-12,Los Angeles,037,10098052,2784136,2768726,128405,2897131,31768
2022-05-12,Madera,039,155013,37646,37520,6145,43665,365
2022-05-12,Marin,041,260295,36005,35486,3235,38721,293
2022-05-12,Mariposa,043,17540,2485,2463,220,2683,30
2022-05-12,Mendocino,045,87422,13410,13349,3267,16616,124
2022-05-12,Merced,047,269075,63246,62627,8993,71620,818
2022-05-12,Modoc,049,8938,743,747,253,1000,8
2022-05-12,Mono,051,14174,3012,3002,149,3151,6
2022-05-12,Monterey,053,433212,81044,80620,14551,95171,735
2022-05-12,Napa,055,140530,26894,26698,1055,27753,143
2022-05-12,Nevada,057,99092,16349,16240,1265,17505,127
2022-05-12,Orange,059,3164182,560057,557134,43444,600578,7017
2022-05-12,Placer,061,380077,64483,63963,7590,71553,626
2022-05-12,Plumas,063,18699,3034,3006,367,3373,13
2022-05-12,Riverside,065,2383286,600395,597914,28487,626401,6471
2022-05-12,Sacramento,067,1510023,288293,286403,27401,313804,3022
2022-05-12,San Benito,069,59416,13232,13106,558,13664,98
2022-05-12,San Bernardino,071,2135413,582143,572057,25367,597424,7423
2022-05-12,San Diego,073,3302833,771117,770323,55029,825352,5271
2022-05-12,San Francisco,075,870044,137391,134916,9033,143949,866
2022-05-12,San Joaquin,077,732212,169514,168174,10386,178560,2236
2022-05-12,San Luis Obispo,079,281455,53748,53502,4032,57534,478
2022-05-12,San Mateo,081,765935,131261,129480,7723,137203,709
2022-05-12,Santa Barbara,083,443738,88295,87773,4880,92653,693
2022-05-12,Santa Clara,085,1922200,336495,328609,13550,342159,2297
2022-05-12,Santa Cruz,087,273765,51028,50268,2245,52513,263
2022-05-12,Shasta,089,179085,30899,30799,6134,36933,557
2022-05-12,Sierra,091,2930,275,275,50,325,4
2022-05-12,Siskiyou,093,43540,4480,4482,2760,7242,81
2022-05-12,Solano,095,438530,84694,83669,5842,89511,451
2022-05-12,Sonoma,097,501317,88126,87070,3211,90281,488
2022-05-12,Stanislaus,099,539301,119165,118586,18154,136740,1645
2022-05-12,Sutter,101,95872,20720,20690,2128,22818,226
2022-05-12,Tehama,103,63373,12126,12115,2602,14717,201
2022-05-12,Trinity,105,12862,1193,1188,288,1476,20
2022-05-12,Tulare,107,460477,106987,107077,27969,135046,1469
2022-05-12,Tuolumne,109,53932,12968,12851,595,13446,182
2022-05-12,Ventura,111,848112,177172,176317,10150,186467,1497
2022-05-12,Yolo,113,214977,38928,37737,3057,40794,316
2022-05-12,Yuba,115,75493,16081,16028,1250,17278,122
2022-05-11,Alameda,001,1643700,272301,267982,14838,282820,1853
2022-05-11,Alpine,003,1148,125,125,1,126,0
2022-05-11,Amador,005,37829,8627,8564,671,9235,86
2022-05-11,Butte,007,227075,33625,33339,7196,40535,423
2022-05-11,Calaveras,009,45235,7391,7368,368,7736,120
2022-05-11,Colusa,011,21464,3468,3462,1053,4515,21
2022-05-11,Contra Costa,013,1133247,201124,195153,14408,209561,1302
2022-05-11,Del Norte,015,27424,6005,5911,199,6110,50
2022-05-11,El Dorado,017,186661,27354,27172,3293,30465,212
2022-05-11,Fresno,019,978130,235797,233021,24575,257596,2754
2022-05-11,Glenn,021,27897,5025,5001,1621,6622,48
2022-05-11,Humboldt,023,135768,17834,17585,3257,20842,146
2022-05-11,Imperial,025,180216,55833,55751,10665,66416,917
2022-05-11,Inyo,027,18085,4122,4093,517,4610,56
2022-05-11,Kern,029,883053,193366,192795,46416,239211,2292
2022-05-11,Kings,031,150075,51823,51752,3536,55288,447
2022-05-11,Lake,033,64148,10837,10786,897,11683,137
2022-05-11,Lassen,035,31185,8982,8984,878,9862,65
2022-05-11,Los Angeles,037,10098052,2781022,2761410,128176,2889586,31747
2022-05-11,Madera,039,155013,37614,37496,6134,43630,365
2022-05-11,Marin,041,260295,35904,35336,3194,38530,292
2022-05-11,Mariposa,043,17540,2480,2461,220,2681,30
2022-05-11,Mendocino,045,87422,13395,13320,3250,16570,124
2022-05-11,Merced,047,269075,63203,62567,8972,71539,818
2022-05-11,Modoc,049,8938,742,747,253,1000,8
2022-05-11,Mono,051,14174,3012,2999,148,3147,6
2022-05-11,Monterey,053,433212,80981,80534,14500,95034,733
2022-05-11,Napa,055,140530,26843,26660,1053,27713,143
2022-05-11,Nevada,057,99092,16333,16230,1260,17490,127
2022-05-11,Orange,059,3164182,559382,556265,43364,599629,7009
2022-05-11,Placer,061,380077,64385,63823,7574,71397,625
2022-05-11,Plumas,063,18699,3026,2998,367,3365,13
2022-05-11,Riverside,065,2383286,599945,597302,28451,625753,6468
2022-05-11,Sacramento,067,1510023,287875,285799,27351,313150,3020
2022-05-11,San Benito,069,59416,13212,13088,554,13642,98
2022-05-11,San Bernardino,071,2135413,581780,571372,25358,596730,7354
2022-05-11,San Diego,073,3302833,770137,768135,54898,823033,5257
2022-05-11,San Francisco,075,870044,136895,134027,9008,143035,864
2022-05-11,San Joaquin,077,732212,169341,167949,10365,178314,2233
2022-05-11,San Luis Obispo,079,281455,53701,53420,4015,57435,478
2022-05-11,San Mateo,081,765935,130863,128821,7680,136501,711
2022-05-11,Santa Barbara,083,443738,88166,87593,4868,92461,693
2022-05-11,Santa Clara,085,1922200,335492,327177,13502,340679,2294
2022-05-11,Santa Cruz,087,273765,50870,50031,2231,52262,263
2022-05-11,Shasta,089,179085,30867,30768,6131,36899,564
2022-05-11,Sierra,091,2930,275,275,50,325,4
2022-05-11,Siskiyou,093,43540,4478,4478,2760,7238,81
2022-05-11,Solano,095,438530,84494,83464,5829,89293,450
2022-05-11,Sonoma,097,501317,87922,86798,3198,89996,488
2022-05-11,Stanislaus,099,539301,119062,118445,18132,136577,1644
2022-05-11,Sutter,101,95872,20705,20668,2127,22795,225
2022-05-11,Tehama,103,63373,12126,12106,2602,14708,201
2022-05-11,Trinity,105,12862,1191,1188,288,1476,20
2022-05-11,Tulare,107,460477,106929,107068,27936,135004,1468
2022-05-11,Tuolumne,109,53932,12951,12829,595,13424,181
2022-05-11,Ventura,111,848112,176973,175955,10108,186063,1491
2022-05-11,Yolo,113,214977,38813,37654,3052,40706,316
2022-05-11,Yuba,115,75493,16062,15997,1240,17237,122
2022-05-10,Alameda,001,1643700,271520,267982,14785,282767,1853
2022-05-10,Alpine,003,1148,125,125,1,126,0
2022-05-10,Amador,005,37829,8623,8564,670,9234,86
2022-05-10,Butte,007,227075,33599,33339,7192,40531,423
2022-05-10,Calaveras,009,45235,7387,7368,367,7735,120
2022-05-10,Colusa,011,21464,3468,3462,1052,4514,21
2022-05-10,Contra Costa,013,1133247,200639,195153,14366,209519,1302
2022-05-10,Del Norte,015,27424,5953,5911,199,6110,50
2022-05-10,El Dorado,017,186661,27317,27172,3287,30459,212
2022-05-10,Fresno,019,978130,235635,233021,24546,257567,2754
2022-05-10,Glenn,021,27897,5022,5001,1621,6622,48
2022-05-10,Humboldt,023,135768,17796,17585,3240,20825,146
2022-05-10,Imperial,025,180216,55798,55751,10647,66398,917
2022-05-10,Inyo,027,18085,4120,4093,511,4604,56
2022-05-10,Kern,029,883053,193264,192795,46375,239170,2292
2022-05-10,Kings,031,150075,51792,51752,3536,55288,447
2022-05-10,Lake,033,64148,10832,10786,897,11683,137
2022-05-10,Lassen,035,31185,8977,8984,878,9862,65
2022-05-10,Los Angeles,037,10098052,2777737,2761410,127943,2889353,31747
2022-05-10,Madera,039,155013,37581,37496,6121,43617,365
2022-05-10,Marin,041,260295,35788,35336,3151,38487,292
2022-05-10,Mariposa,043,17540,2480,2461,220,2681,30
2022-05-10,Mendocino,045,87422,13383,13320,3237,16557,124
2022-05-10,Merced,047,269075,63158,62567,8953,71520,818
2022-05-10,Modoc,049,8938,742,747,253,1000,8
2022-05-10,Mono,051,14174,3008,2999,145,3144,6
2022-05-10,Monterey,053,433212,80915,80534,14452,94986,733
2022-05-10,Napa,055,140530,26805,26660,1051,27711,143
2022-05-10,Nevada,057,99092,16313,16230,1257,17487,127
2022-05-10,Orange,059,3164182,558678,556265,43269,599534,7009
2022-05-10,Placer,061,380077,64272,63823,7558,71381,625
2022-05-10,Plumas,063,18699,3018,2998,366,3364,13
2022-05-10,Riverside,065,2383286,599518,597302,28422,625724,6468
2022-05-10,Sacramento,067,1510023,287369,285799,27285,313084,3020
2022-05-10,San Benito,069,59416,13195,13088,549,13637,98
2022-05-10,San Bernardino,071,2135413,581431,571372,25332,596704,7354
2022-05-10,San Diego,073,3302833,769122,768135,54776,822911,5257
2022-05-10,San Francisco,075,870044,136344,134027,8981,143008,864
2022-05-10,San Joaquin,077,732212,169187,167949,10303,178252,2233
2022-05-10,San Luis Obispo,079,281455,53625,53420,3990,57410,478
2022-05-10,San Mateo,081,765935,130485,128821,7642,136463,711
2022-05-10,Santa Barbara,083,443738,88050,87593,4853,92446,693
2022-05-10,Santa Clara,085,1922200,334461,327177,13422,340599,2294
2022-05-10,Santa Cruz,087,273765,50744,50031,2220,52251,263
2022-05-10,Shasta,089,179085,30847,30768,6130,36898,564
2022-05-10,Sierra,091,2930,275,275,49,324,4
2022-05-10,Siskiyou,093,43540,4474,4478,2760,7238,81
2022-05-10,Solano,095,438530,84307,83464,5810,89274,450
2022-05-10,Sonoma,097,501317,87682,86798,3160,89958,488
2022-05-10,Stanislaus,099,539301,118968,118445,18113,136558,1644
2022-05-10,Sutter,101,95872,20686,20668,2124,22792,225
2022-05-10,Tehama,103,63373,12123,12106,2595,14701,201
2022-05-10,Trinity,105,12862,1191,1188,288,1476,20
2022-05-10,Tulare,107,460477,106885,107068,27909,134977,1468
2022-05-10,Tuolumne,109,53932,12939,12829,595,13424,181
2022-05-10,Ventura,111,848112,176755,175955,10070,186025,1491
2022-05-10,Yolo,113,214977,38709,37654,3041,40695,316
2022-05-10,Yuba,115,75493,16041,15997,1237,17234,122
2022-05-09,Alameda,001,1643700,270740,267982,14742,282724,1853
2022-05-09,Alpine,003,1148,125,125,1,126,0
2022-05-09,Amador,005,37829,8617,8564,670,9234,86
2022-05-09,Butte,007,227075,33573,33339,7183,40522,423
2022-05-09,Calaveras,009,45235,7381,7368,367,7735,120
2022-05-09,Colusa,011,21464,3466,3462,1050,4512,21
2022-05-09,Contra Costa,013,1133247,200167,195153,14308,209461,1302
2022-05-09,Del Norte,015,27424,5944,5911,198,6109,50
2022-05-09,El Dorado,017,186661,27282,27172,3279,30451,212
2022-05-09,Fresno,019,978130,235476,233021,24524,257545,2754
2022-05-09,Glenn,021,27897,5020,5001,1620,6621,48
2022-05-09,Humboldt,023,135768,17745,17585,3218,20803,146
2022-05-09,Imperial,025,180216,55764,55751,10634,66385,917
2022-05-09,Inyo,027,18085,4117,4093,508,4601,56
2022-05-09,Kern,029,883053,193167,192795,46318,239113,2292
2022-05-09,Kings,031,150075,51761,51752,3535,55287,447
2022-05-09,Lake,033,64148,10824,10786,896,11682,137
2022-05-09,Lassen,035,31185,8975,8984,878,9862,65
2022-05-09,Los Angeles,037,10098052,2774392,2761410,127698,2889108,31747
2022-05-09,Madera,039,155013,37549,37496,6112,43608,365
2022-05-09,Marin,041,260295,35671,35336,3116,38452,292
2022-05-09,Mariposa,043,17540,2475,2461,220,2681,30
2022-05-09,Mendocino,045,87422,13372,13320,3226,16546,124
2022-05-09,Merced,047,269075,63118,62567,8934,71501,818
2022-05-09,Modoc,049,8938,742,747,253,1000,8
2022-05-09,Mono,051,14174,3006,2999,143,3142,6
2022-05-09,Monterey,053,433212,80823,80534,14399,94933,733
2022-05-09,Napa,055,140530,26755,26660,1049,27709,143
2022-05-09,Nevada,057,99092,16285,16230,1251,17481,127
2022-05-09,Orange,059,3164182,558008,556265,43187,599452,7009
2022-05-09,Placer,061,380077,64211,63823,7542,71365,625
2022-05-09,Plumas,063,18699,3009,2998,366,3364,13
2022-05-09,Riverside,065,2383286,599027,597302,28386,625688,6468
2022-05-09,Sacramento,067,1510023,286939,285799,27213,313012,3020
2022-05-09,San Benito,069,59416,13176,13088,547,13635,98
2022-05-09,San Bernardino,071,2135413,581093,571372,25321,596693,7354
2022-05-09,San Diego,073,3302833,768147,768135,54634,822769,5257
2022-05-09,San Francisco,075,870044,135789,134027,8956,142983,864
2022-05-09,San Joaquin,077,732212,169004,167949,10281,178230,2233
2022-05-09,San Luis Obispo,079,281455,53572,53420,3969,57389,478
2022-05-09,San Mateo,081,765935,130058,128821,7604,136425,711
2022-05-09,Santa Barbara,083,443738,87920,87593,4842,92435,693
2022-05-09,Santa Clara,085,1922200,333323,327177,13358,340535,2294
2022-05-09,Santa Cruz,087,273765,50603,50031,2212,52243,263
2022-05-09,Shasta,089,179085,30834,30768,6128,36896,564
2022-05-09,Sierra,091,2930,275,275,49,324,4
2022-05-09,Siskiyou,093,43540,4472,4478,2760,7238,81
2022-05-09,Solano,095,438530,84150,83464,5797,89261,450
2022-05-09,Sonoma,097,501317,87422,86798,3134,89932,488
2022-05-09,Stanislaus,099,539301,118872,118445,18095,136540,1644
2022-05-09,Sutter,101,95872,20673,20668,2123,22791,225
2022-05-09,Tehama,103,63373,12121,12106,2593,14699,201
2022-05-09,Trinity,105,12862,1191,1188,288,1476,20
2022-05-09,Tulare,107,460477,106839,107068,27873,134941,1468
2022-05-09,Tuolumne,109,53932,12931,12829,595,13424,181
2022-05-09,Ventura,111,848112,176538,175955,10020,185975,1491
2022-05-09,Yolo,113,214977,38600,37654,3032,40686,316
2022-05-09,Yuba,115,75493,16032,15997,1236,17233,122
2022-05-08,Alameda,001,1643700,269843,265198,14676,279874,1855
2022-05-08,Alpine,003,1148,125,125,1,126,0
2022-05-08,Amador,005,37829,8606,8556,667,9223,86
2022-05-08,Butte,007,227075,33550,33269,7172,40441,421
2022-05-08,Calaveras,009,45235,7374,7353,366,7719,120
2022-05-08,Colusa,011,21464,3465,3459,1050,4509,21
2022-05-08,Contra Costa,013,1133247,199652,193961,14227,208188,1302
2022-05-08,Del Norte,015,27424,5928,5884,198,6082,50
2022-05-08,El Dorado,017,186661,27244,27081,3274,30355,210
2022-05-08,Fresno,019,978130,235308,232655,24501,257156,2754
2022-05-08,Glenn,021,27897,5018,4996,1620,6616,48
2022-05-08,Humboldt,023,135768,17692,17410,3179,20589,146
2022-05-08,Imperial,025,180216,55730,55683,10625,66308,917
2022-05-08,Inyo,027,18085,4110,4087,508,4595,56
2022-05-08,Kern,029,883053,193073,192590,46272,238862,2287
2022-05-08,Kings,031,150075,51744,51702,3535,55237,447
2022-05-08,Lake,033,64148,10817,10766,896,11662,137
2022-05-08,Lassen,035,31185,8971,8978,878,9856,65
2022-05-08,Los Angeles,037,10098052,2770804,2751478,127409,2878887,31738
2022-05-08,Madera,039,155013,37527,37420,6093,43513,365
2022-05-08,Marin,041,260295,35546,34934,3069,38003,292
2022-05-08,Mariposa,043,17540,2468,2438,219,2657,30
2022-05-08,Mendocino,045,87422,13353,13270,3200,16470,124
2022-05-08,Merced,047,269075,63069,62471,8905,71376,818
2022-05-08,Modoc,049,8938,742,745,253,998,8
2022-05-08,Mono,051,14174,3005,2997,141,3138,6
2022-05-08,Monterey,053,433212,80730,80246,14317,94563,733
2022-05-08,Napa,055,140530,26714,26524,1046,27570,143
2022-05-08,Nevada,057,99092,16261,16171,1249,17420,127
2022-05-08,Orange,059,3164182,557327,554411,43082,597493,7007
2022-05-08,Placer,061,380077,64094,63577,7515,71092,625
2022-05-08,Plumas,063,18699,3005,2996,366,3362,13
2022-05-08,Riverside,065,2383286,598539,596022,28350,624372,6467
2022-05-08,Sacramento,067,1510023,286428,284564,27143,311707,3016
2022-05-08,San Benito,069,59416,13161,13047,544,13591,98
2022-05-08,San Bernardino,071,2135413,580661,570381,25286,595667,7306
2022-05-08,San Diego,073,3302833,767119,765377,54529,819906,5244
2022-05-08,San Francisco,075,870044,135138,132659,8924,141583,861
2022-05-08,San Joaquin,077,732212,168819,167568,10248,177816,2229
2022-05-08,San Luis Obispo,079,281455,53501,53273,3949,57222,477
2022-05-08,San Mateo,081,765935,129595,127615,7552,135167,709
2022-05-08,Santa Barbara,083,443738,87786,87305,4833,92138,692
2022-05-08,Santa Clara,085,1922200,332252,324946,13285,338231,2287
2022-05-08,Santa Cruz,087,273765,50423,49605,2208,51813,262
2022-05-08,Shasta,089,179085,30806,30721,6124,36845,563
2022-05-08,Sierra,091,2930,275,275,49,324,4
2022-05-08,Siskiyou,093,43540,4469,4470,2755,7225,81
2022-05-08,Solano,095,438530,83979,83038,5772,88810,450
2022-05-08,Sonoma,097,501317,87203,86150,3099,89249,488
2022-05-08,Stanislaus,099,539301,118764,118235,18070,136305,1643
2022-05-08,Sutter,101,95872,20652,20694,2119,22813,225
2022-05-08,Tehama,103,63373,12115,12098,2590,14688,201
2022-05-08,Trinity,105,12862,1190,1180,288,1468,20
2022-05-08,Tulare,107,460477,106798,106987,27838,134825,1468
2022-05-08,Tuolumne,109,53932,12918,12793,591,13384,181
2022-05-08,Ventura,111,848112,176302,175454,9974,185428,1491
2022-05-08,Yolo,113,214977,38493,37456,3018,40474,315
2022-05-08,Yuba,115,75493,16010,15964,1232,17196,122
2022-05-07,Alameda,001,1643700,269464,265198,14658,279856,1855
2022-05-07,Alpine,003,1148,125,125,1,126,0
2022-05-07,Amador,005,37829,8604,8556,667,9223,86
2022-05-07,Butte,007,227075,33542,33269,7166,40435,421
2022-05-07,Calaveras,009,45235,7367,7353,366,7719,120
2022-05-07,Colusa,011,21464,3465,3459,1050,4509,21
2022-05-07,Contra Costa,013,1133247,199410,193961,14210,208171,1302
2022-05-07,Del Norte,015,27424,5926,5884,198,6082,50
2022-05-07,El Dorado,017,186661,27226,27081,3273,30354,210
2022-05-07,Fresno,019,978130,235250,232655,24495,257150,2754
2022-05-07,Glenn,021,27897,5017,4996,1620,6616,48
2022-05-07,Humboldt,023,135768,17664,17410,3171,20581,146
2022-05-07,Imperial,025,180216,55707,55683,10619,66302,917
2022-05-07,Inyo,027,18085,4107,4087,508,4595,56
2022-05-07,Kern,029,883053,193038,192590,46251,238841,2287
2022-05-07,Kings,031,150075,51733,51702,3535,55237,447
2022-05-07,Lake,033,64148,10813,10766,896,11662,137
2022-05-07,Lassen,035,31185,8971,8978,878,9856,65
2022-05-07,Los Angeles,037,10098052,2769227,2751478,127237,2878715,31738
2022-05-07,Madera,039,155013,37520,37420,6093,43513,365
2022-05-07,Marin,041,260295,35472,34934,3037,37971,292
2022-05-07,Mariposa,043,17540,2465,2438,219,2657,30
2022-05-07,Mendocino,045,87422,13344,13270,3197,16467,124
2022-05-07,Merced,047,269075,63056,62471,8905,71376,818
2022-05-07,Modoc,049,8938,742,745,253,998,8
2022-05-07,Mono,051,14174,3004,2997,140,3137,6
2022-05-07,Monterey,053,433212,80670,80246,14291,94537,733
2022-05-07,Napa,055,140530,26684,26524,1045,27569,143
2022-05-07,Nevada,057,99092,16251,16171,1244,17415,127
2022-05-07,Orange,059,3164182,556998,554411,43028,597439,7007
2022-05-07,Placer,061,380077,64030,63577,7507,71084,625
2022-05-07,Plumas,063,18699,3005,2996,365,3361,13
2022-05-07,Riverside,065,2383286,598283,596022,28323,624345,6467
2022-05-07,Sacramento,067,1510023,286232,284564,27131,311695,3016
2022-05-07,San Benito,069,59416,13152,13047,539,13586,98
2022-05-07,San Bernardino,071,2135413,580449,570381,25281,595662,7306
2022-05-07,San Diego,073,3302833,766633,765377,54499,819876,5244
2022-05-07,San Francisco,075,870044,134810,132659,8904,141563,861
2022-05-07,San Joaquin,077,732212,168714,167568,10239,177807,2229
2022-05-07,San Luis Obispo,079,281455,53489,53273,3938,57211,477
2022-05-07,San Mateo,081,765935,129310,127615,7531,135146,709
2022-05-07,Santa Barbara,083,443738,87706,87305,4830,92135,692
2022-05-07,Santa Clara,085,1922200,331632,324946,13255,338201,2287
2022-05-07,Santa Cruz,087,273765,50370,49605,2198,51803,262
2022-05-07,Shasta,089,179085,30798,30721,6124,36845,563
2022-05-07,Sierra,091,2930,275,275,49,324,4
2022-05-07,Siskiyou,093,43540,4467,4470,2755,7225,81
2022-05-07,Solano,095,438530,83921,83038,5767,88805,450
2022-05-07,Sonoma,097,501317,87078,86150,3090,89240,488
2022-05-07,Stanislaus,099,539301,118717,118235,18061,136296,1643
2022-05-07,Sutter,101,95872,20643,20694,2119,22813,225
2022-05-07,Tehama,103,63373,12113,12098,2589,14687,201
2022-05-07,Trinity,105,12862,1190,1180,288,1468,20
2022-05-07,Tulare,107,460477,106773,106987,27826,134813,1468
2022-05-07,Tuolumne,109,53932,12911,12793,591,13384,181
2022-05-07,Ventura,111,848112,176191,175454,9950,185404,1491
2022-05-07,Yolo,113,214977,38448,37456,3016,40472,315
2022-05-07,Yuba,115,75493,16001,15964,1232,17196,122
2022-05-06,Alameda,001,1643700,269081,265198,14636,279834,1855
2022-05-06,Alpine,003,1148,125,125,1,126,0
2022-05-06,Amador,005,37829,8603,8556,666,9222,86
2022-05-06,Butte,007,227075,33533,33269,7163,40432,421
2022-05-06,Calaveras,009,45235,7365,7353,366,7719,120
2022-05-06,Colusa,011,21464,3465,3459,1050,4509,21
2022-05-06,Contra Costa,013,1133247,199178,193961,14198,208159,1302
2022-05-06,Del Norte,015,27424,5916,5884,198,6082,50
2022-05-06,El Dorado,017,186661,27201,27081,3270,30351,210
2022-05-06,Fresno,019,978130,235174,232655,24486,257141,2754
2022-05-06,Glenn,021,27897,5017,4996,1620,6616,48
2022-05-06,Humboldt,023,135768,17637,17410,3164,20574,146
2022-05-06,Imperial,025,180216,55698,55683,10616,66299,917
2022-05-06,Inyo,027,18085,4098,4087,505,4592,56
2022-05-06,Kern,029,883053,192986,192590,46222,238812,2287
2022-05-06,Kings,031,150075,51725,51702,3535,55237,447
2022-05-06,Lake,033,64148,10811,10766,896,11662,137
2022-05-06,Lassen,035,31185,8971,8978,878,9856,65
2022-05-06,Los Angeles,037,10098052,2767411,2751478,127088,2878566,31738
2022-05-06,Madera,039,155013,37506,37420,6090,43510,365
2022-05-06,Marin,041,260295,35394,34934,2991,37925,292
2022-05-06,Mariposa,043,17540,2464,2438,212,2650,30
2022-05-06,Mendocino,045,87422,13332,13270,3195,16465,124
2022-05-06,Merced,047,269075,63039,62471,8904,71375,818
2022-05-06,Modoc,049,8938,742,745,253,998,8
2022-05-06,Mono,051,14174,3003,2997,140,3137,6
2022-05-06,Monterey,053,433212,80631,80246,14254,94500,733
2022-05-06,Napa,055,140530,26667,26524,1045,27569,143
2022-05-06,Nevada,057,99092,16239,16171,1242,17413,127
2022-05-06,Orange,059,3164182,556655,554411,42961,597372,7007
2022-05-06,Placer,061,380077,63969,63577,7495,71072,625
2022-05-06,Plumas,063,18699,3003,2996,365,3361,13
2022-05-06,Riverside,065,2383286,598054,596022,28303,624325,6467
2022-05-06,Sacramento,067,1510023,285976,284564,27111,311675,3016
2022-05-06,San Benito,069,59416,13147,13047,539,13586,98
2022-05-06,San Bernardino,071,2135413,580272,570381,25275,595656,7306
2022-05-06,San Diego,073,3302833,766123,765377,54462,819839,5244
2022-05-06,San Francisco,075,870044,134484,132659,8883,141542,861
2022-05-06,San Joaquin,077,732212,168624,167568,10227,177795,2229
2022-05-06,San Luis Obispo,079,281455,53463,53273,3933,57206,477
2022-05-06,San Mateo,081,765935,129081,127615,7523,135138,709
2022-05-06,Santa Barbara,083,443738,87652,87305,4828,92133,692
2022-05-06,Santa Clara,085,1922200,331040,324946,13240,338186,2287
2022-05-06,Santa Cruz,087,273765,50305,49605,2194,51799,262
2022-05-06,Shasta,089,179085,30792,30721,6123,36844,563
2022-05-06,Sierra,091,2930,275,275,49,324,4
2022-05-06,Siskiyou,093,43540,4465,4470,2753,7223,81
2022-05-06,Solano,095,438530,83831,83038,5759,88797,450
2022-05-06,Sonoma,097,501317,86956,86150,3075,89225,488
2022-05-06,Stanislaus,099,539301,118660,118235,18054,136289,1643
2022-05-06,Sutter,101,95872,20637,20694,2119,22813,225
2022-05-06,Tehama,103,63373,12108,12098,2589,14687,201
2022-05-06,Trinity,105,12862,1189,1180,288,1468,20
2022-05-06,Tulare,107,460477,106754,106987,27815,134802,1468
2022-05-06,Tuolumne,109,53932,12904,12793,590,13383,181
2022-05-06,Ventura,111,848112,176074,175454,9920,185374,1491
2022-05-06,Yolo,113,214977,38401,37456,3012,40468,315
2022-05-06,Yuba,115,75493,15990,15964,1231,17195,122
2022-05-05,Alameda,001,1643700,268494,265198,14594,279792,1855
2022-05-05,Alpine,003,1148,125,125,1,126,0
2022-05-05,Amador,005,37829,8601,8556,665,9221,86
2022-05-05,Butte,007,227075,33514,33269,7156,40425,421
2022-05-05,Calaveras,009,45235,7361,7353,364,7717,120
2022-05-05,Colusa,011,21464,3465,3459,1047,4506,21
2022-05-05,Contra Costa,013,1133247,198784,193961,14154,208115,1302
2022-05-05,Del Norte,015,27424,5915,5884,198,6082,50
2022-05-05,El Dorado,017,186661,27176,27081,3263,30344,210
2022-05-05,Fresno,019,978130,235073,232655,24463,257118,2754
2022-05-05,Glenn,021,27897,5017,4996,1619,6615,48
2022-05-05,Humboldt,023,135768,17599,17410,3150,20560,146
2022-05-05,Imperial,025,180216,55691,55683,10605,66288,917
2022-05-05,Inyo,027,18085,4094,4087,504,4591,56
2022-05-05,Kern,029,883053,192928,192590,46185,238775,2287
2022-05-05,Kings,031,150075,51717,51702,3535,55237,447
2022-05-05,Lake,033,64148,10807,10766,896,11662,137
2022-05-05,Lassen,035,31185,8971,8978,878,9856,65
2022-05-05,Los Angeles,037,10098052,2764837,2751478,126868,2878346,31738
2022-05-05,Madera,039,155013,37489,37420,6085,43505,365
2022-05-05,Marin,041,260295,35285,34934,2969,37903,292
2022-05-05,Mariposa,043,17540,2462,2438,211,2649,30
2022-05-05,Mendocino,045,87422,13321,13270,3187,16457,124
2022-05-05,Merced,047,269075,63007,62471,8900,71371,818
2022-05-05,Modoc,049,8938,742,745,251,996,8
2022-05-05,Mono,051,14174,3002,2997,139,3136,6
2022-05-05,Monterey,053,433212,80576,80246,14225,94471,733
2022-05-05,Napa,055,140530,26634,26524,1044,27568,143
2022-05-05,Nevada,057,99092,16229,16171,1239,17410,127
2022-05-05,Orange,059,3164182,556146,554411,42903,597314,7007
2022-05-05,Placer,061,380077,63908,63577,7486,71063,625
2022-05-05,Plumas,063,18699,3002,2996,365,3361,13
2022-05-05,Riverside,065,2383286,597717,596022,28276,624298,6467
2022-05-05,Sacramento,067,1510023,285637,284564,27061,311625,3016
2022-05-05,San Benito,069,59416,13136,13047,537,13584,98
2022-05-05,San Bernardino,071,2135413,579982,570381,25259,595640,7306
2022-05-05,San Diego,073,3302833,765383,765377,54392,819769,5244
2022-05-05,San Francisco,075,870044,134068,132659,8849,141508,861
2022-05-05,San Joaquin,077,732212,168534,167568,10199,177767,2229
2022-05-05,San Luis Obispo,079,281455,53427,53273,3918,57191,477
2022-05-05,San Mateo,081,765935,128744,127615,7498,135113,709
2022-05-05,Santa Barbara,083,443738,87577,87305,4823,92128,692
2022-05-05,Santa Clara,085,1922200,330243,324946,13178,338124,2287
2022-05-05,Santa Cruz,087,273765,50207,49605,2190,51795,262
2022-05-05,Shasta,089,179085,30782,30721,6121,36842,563
2022-05-05,Sierra,091,2930,275,275,49,324,4
2022-05-05,Siskiyou,093,43540,4463,4470,2753,7223,81
2022-05-05,Solano,095,438530,83710,83038,5741,88779,450
2022-05-05,Sonoma,097,501317,86783,86150,3057,89207,488
2022-05-05,Stanislaus,099,539301,118602,118235,18040,136275,1643
2022-05-05,Sutter,101,95872,20635,20694,2117,22811,225
2022-05-05,Tehama,103,63373,12104,12098,2587,14685,201
2022-05-05,Trinity,105,12862,1189,1180,288,1468,20
2022-05-05,Tulare,107,460477,106724,106987,27797,134784,1468
2022-05-05,Tuolumne,109,53932,12886,12793,587,13380,181
2022-05-05,Ventura,111,848112,175887,175454,9877,185331,1491
2022-05-05,Yolo,113,214977,38330,37456,3001,40457,315
2022-05-05,Yuba,115,75493,15980,15964,1228,17192,122
2022-05-04,Alameda,001,1643700,267826,263736,14552,278288,1850
2022-05-04,Alpine,003,1148,125,124,1,125,0
2022-05-04,Amador,005,37829,8598,8546,664,9210,86
2022-05-04,Butte,007,227075,33497,33220,7151,40371,417
2022-05-04,Calaveras,009,45235,7356,7344,364,7708,120
2022-05-04,Colusa,011,21464,3464,3460,1047,4507,21
2022-05-04,Contra Costa,013,1133247,198417,193175,14099,207274,1302
2022-05-04,Del Norte,015,27424,5907,5866,198,6064,50
2022-05-04,El Dorado,017,186661,27151,27021,3256,30277,210
2022-05-04,Fresno,019,978130,234955,232332,24453,256785,2751
2022-05-04,Glenn,021,27897,5015,4995,1619,6614,48
2022-05-04,Humboldt,023,135768,17559,17316,3140,20456,146
2022-05-04,Imperial,025,180216,55668,55548,10597,66145,910
2022-05-04,Inyo,027,18085,4094,4085,501,4586,56
2022-05-04,Kern,029,883053,192862,192432,46149,238581,2281
2022-05-04,Kings,031,150075,51699,51663,3534,55197,447
2022-05-04,Lake,033,64148,10802,10758,896,11654,137
2022-05-04,Lassen,035,31185,8970,8972,876,9848,65
2022-05-04,Los Angeles,037,10098052,2762063,2744894,126677,2871571,31722
2022-05-04,Madera,039,155013,37465,37395,6080,43475,365
2022-05-04,Marin,041,260295,35198,34727,2947,37674,291
2022-05-04,Mariposa,043,17540,2456,2435,206,2641,30
2022-05-04,Mendocino,045,87422,13313,13247,3179,16426,123
2022-05-04,Merced,047,269075,62980,62419,8889,71308,818
2022-05-04,Modoc,049,8938,742,746,251,997,8
2022-05-04,Mono,051,14174,3001,2993,136,3129,6
2022-05-04,Monterey,053,433212,80514,80038,14201,94239,732
2022-05-04,Napa,055,140530,26597,26434,1041,27475,143
2022-05-04,Nevada,057,99092,16213,16136,1235,17371,127
2022-05-04,Orange,059,3164182,555562,553177,42827,596004,7006
2022-05-04,Placer,061,380077,63825,63410,7481,70891,625
2022-05-04,Plumas,063,18699,3000,2947,365,3312,13
2022-05-04,Riverside,065,2383286,597383,594981,28250,623231,6457
2022-05-04,Sacramento,067,1510023,285306,283939,27025,310964,3013
2022-05-04,San Benito,069,59416,13127,13019,531,13550,98
2022-05-04,San Bernardino,071,2135413,579719,569570,25246,594816,7240
2022-05-04,San Diego,073,3302833,764635,763453,54299,817752,5239
2022-05-04,San Francisco,075,870044,133661,131599,8828,140427,860
2022-05-04,San Joaquin,077,732212,168430,167280,10170,177450,2225
2022-05-04,San Luis Obispo,079,281455,53383,53156,3907,57063,477
2022-05-04,San Mateo,081,765935,128420,126800,7464,134264,710
2022-05-04,Santa Barbara,083,443738,87472,87058,4808,91866,688
2022-05-04,Santa Clara,085,1922200,329436,322805,13125,335930,2285
2022-05-04,Santa Cruz,087,273765,50092,49230,2187,51417,262
2022-05-04,Shasta,089,179085,30766,30681,6119,36800,556
2022-05-04,Sierra,091,2930,275,275,49,324,4
2022-05-04,Siskiyou,093,43540,4460,4463,2751,7214,81
2022-05-04,Solano,095,438530,83564,82796,5730,88526,449
2022-05-04,Sonoma,097,501317,86607,85694,3032,88726,488
2022-05-04,Stanislaus,099,539301,118539,118123,18029,136152,1643
2022-05-04,Sutter,101,95872,20624,20672,2115,22787,224
2022-05-04,Tehama,103,63373,12102,12090,2582,14672,201
2022-05-04,Trinity,105,12862,1189,1180,288,1468,20
2022-05-04,Tulare,107,460477,106706,106935,27782,134717,1464
2022-05-04,Tuolumne,109,53932,12879,12757,585,13342,181
2022-05-04,Ventura,111,848112,175719,175066,9835,184901,1486
2022-05-04,Yolo,113,214977,38254,37344,2996,40340,315
2022-05-04,Yuba,115,75493,15971,15940,1225,17165,122
2022-05-03,Alameda,001,1643700,267223,263736,14508,278244,1850
2022-05-03,Alpine,003,1148,125,124,1,125,0
2022-05-03,Amador,005,37829,8595,8546,663,9209,86
2022-05-03,Butte,007,227075,33481,33220,7146,40366,417
2022-05-03,Calaveras,009,45235,7349,7344,364,7708,120
2022-05-03,Colusa,011,21464,3463,3460,1047,4507,21
2022-05-03,Contra Costa,013,1133247,198024,193175,14056,207231,1302
2022-05-03,Del Norte,015,27424,5900,5866,196,6062,50
2022-05-03,El Dorado,017,186661,27129,27021,3252,30273,210
2022-05-03,Fresno,019,978130,234844,232332,24434,256766,2751
2022-05-03,Glenn,021,27897,5014,4995,1617,6612,48
2022-05-03,Humboldt,023,135768,17523,17316,3121,20437,146
2022-05-03,Imperial,025,180216,55646,55548,10591,66139,910
2022-05-03,Inyo,027,18085,4092,4085,501,4586,56
2022-05-03,Kern,029,883053,192784,192432,46117,238549,2281
2022-05-03,Kings,031,150075,51687,51663,3534,55197,447
2022-05-03,Lake,033,64148,10798,10758,895,11653,137
2022-05-03,Lassen,035,31185,8970,8972,876,9848,65
2022-05-03,Los Angeles,037,10098052,2759003,2744894,126444,2871338,31722
2022-05-03,Madera,039,155013,37434,37395,6075,43470,365
2022-05-03,Marin,041,260295,35088,34727,2924,37651,291
2022-05-03,Mariposa,043,17540,2448,2435,206,2641,30
2022-05-03,Mendocino,045,87422,13298,13247,3161,16408,123
2022-05-03,Merced,047,269075,62952,62419,8865,71284,818
2022-05-03,Modoc,049,8938,741,746,251,997,8
2022-05-03,Mono,051,14174,2999,2993,135,3128,6
2022-05-03,Monterey,053,433212,80462,80038,14167,94205,732
2022-05-03,Napa,055,140530,26562,26434,1034,27468,143
2022-05-03,Nevada,057,99092,16202,16136,1235,17371,127
2022-05-03,Orange,059,3164182,555038,553177,42748,595925,7006
2022-05-03,Placer,061,380077,63731,63410,7467,70877,625
2022-05-03,Plumas,063,18699,2996,2947,365,3312,13
2022-05-03,Riverside,065,2383286,597016,594981,28226,623207,6457
2022-05-03,Sacramento,067,1510023,284989,283939,26980,310919,3013
2022-05-03,San Benito,069,59416,13114,13019,528,13547,98
2022-05-03,San Bernardino,071,2135413,579450,569570,25234,594804,7240
2022-05-03,San Diego,073,3302833,763793,763453,54199,817652,5239
2022-05-03,San Francisco,075,870044,133186,131599,8798,140397,860
2022-05-03,San Joaquin,077,732212,168347,167280,10144,177424,2225
2022-05-03,San Luis Obispo,079,281455,53336,53156,3898,57054,477
2022-05-03,San Mateo,081,765935,128072,126800,7431,134231,710
2022-05-03,Santa Barbara,083,443738,87383,87058,4806,91864,688
2022-05-03,Santa Clara,085,1922200,328618,322805,13075,335880,2285
2022-05-03,Santa Cruz,087,273765,50000,49230,2181,51411,262
2022-05-03,Shasta,089,179085,30747,30681,6118,36799,556
2022-05-03,Sierra,091,2930,275,275,49,324,4
2022-05-03,Siskiyou,093,43540,4459,4463,2751,7214,81
2022-05-03,Solano,095,438530,83374,82796,5718,88514,449
2022-05-03,Sonoma,097,501317,86426,85694,3008,88702,488
2022-05-03,Stanislaus,099,539301,118485,118123,18016,136139,1643
2022-05-03,Sutter,101,95872,20619,20672,2113,22785,224
2022-05-03,Tehama,103,63373,12098,12090,2581,14671,201
2022-05-03,Trinity,105,12862,1188,1180,288,1468,20
2022-05-03,Tulare,107,460477,106678,106935,27768,134703,1464
2022-05-03,Tuolumne,109,53932,12866,12757,585,13342,181
2022-05-03,Ventura,111,848112,175550,175066,9792,184858,1486
2022-05-03,Yolo,113,214977,38186,37344,2995,40339,315
2022-05-03,Yuba,115,75493,15960,15940,1217,17157,122
2022-05-02,Alameda,001,1643700,266587,263736,14462,278198,1850
2022-05-02,Alpine,003,1148,125,124,1,125,0
2022-05-02,Amador,005,37829,8592,8546,660,9206,86
2022-05-02,Butte,007,227075,33458,33220,7143,40363,417
2022-05-02,Calaveras,009,45235,7348,7344,363,7707,120
2022-05-02,Colusa,011,21464,3463,3460,1047,4507,21
2022-05-02,Contra Costa,013,1133247,197652,193175,14018,207193,1302
2022-05-02,Del Norte,015,27424,5895,5866,191,6057,50
2022-05-02,El Dorado,017,186661,27106,27021,3246,30267,210
2022-05-02,Fresno,019,978130,234732,232332,24406,256738,2751
2022-05-02,Glenn,021,27897,5012,4995,1617,6612,48
2022-05-02,Humboldt,023,135768,17472,17316,3107,20423,146
2022-05-02,Imperial,025,180216,55633,55548,10584,66132,910
2022-05-02,Inyo,027,18085,4091,4085,499,4584,56
2022-05-02,Kern,029,883053,192700,192432,46088,238520,2281
2022-05-02,Kings,031,150075,51670,51663,3534,55197,447
2022-05-02,Lake,033,64148,10794,10758,895,11653,137
2022-05-02,Lassen,035,31185,8969,8972,876,9848,65
2022-05-02,Los Angeles,037,10098052,2755982,2744894,126226,2871120,31722
2022-05-02,Madera,039,155013,37417,37395,6068,43463,365
2022-05-02,Marin,041,260295,34963,34727,2901,37628,291
2022-05-02,Mariposa,043,17540,2443,2435,206,2641,30
2022-05-02,Mendocino,045,87422,13280,13247,3148,16395,123
2022-05-02,Merced,047,269075,62920,62419,8858,71277,818
2022-05-02,Modoc,049,8938,740,746,251,997,8
2022-05-02,Mono,051,14174,2997,2993,134,3127,6
2022-05-02,Monterey,053,433212,80384,80038,14126,94164,732
2022-05-02,Napa,055,140530,26523,26434,1032,27466,143
2022-05-02,Nevada,057,99092,16184,16136,1233,17369,127
2022-05-02,Orange,059,3164182,554498,553177,42652,595829,7006
2022-05-02,Placer,061,380077,63674,63410,7460,70870,625
2022-05-02,Plumas,063,18699,2996,2947,365,3312,13
2022-05-02,Riverside,065,2383286,596625,594981,28199,623180,6457
2022-05-02,Sacramento,067,1510023,284682,283939,26941,310880,3013
2022-05-02,San Benito,069,59416,13102,13019,528,13547,98
2022-05-02,San Bernardino,071,2135413,579163,569570,25216,594786,7240
2022-05-02,San Diego,073,3302833,762930,763453,54103,817556,5239
2022-05-02,San Francisco,075,870044,132751,131599,8771,140370,860
2022-05-02,San Joaquin,077,732212,168230,167280,10132,177412,2225
2022-05-02,San Luis Obispo,079,281455,53283,53156,3889,57045,477
2022-05-02,San Mateo,081,765935,127749,126800,7416,134216,710
2022-05-02,Santa Barbara,083,443738,87282,87058,4802,91860,688
2022-05-02,Santa Clara,085,1922200,327703,322805,13029,335834,2285
2022-05-02,Santa Cruz,087,273765,49874,49230,2177,51407,262
2022-05-02,Shasta,089,179085,30728,30681,6117,36798,556
2022-05-02,Sierra,091,2930,275,275,49,324,4
2022-05-02,Siskiyou,093,43540,4456,4463,2749,7212,81
2022-05-02,Solano,095,438530,83233,82796,5708,88504,449
2022-05-02,Sonoma,097,501317,86243,85694,2987,88681,488
2022-05-02,Stanislaus,099,539301,118412,118123,18002,136125,1643
2022-05-02,Sutter,101,95872,20612,20672,2110,22782,224
2022-05-02,Tehama,103,63373,12093,12090,2578,14668,201
2022-05-02,Trinity,105,12862,1187,1180,288,1468,20
2022-05-02,Tulare,107,460477,106656,106935,27752,134687,1464
2022-05-02,Tuolumne,109,53932,12860,12757,585,13342,181
2022-05-02,Ventura,111,848112,175387,175066,9760,184826,1486
2022-05-02,Yolo,113,214977,38108,37344,2989,40333,315
2022-05-02,Yuba,115,75493,15955,15940,1215,17155,122
2022-05-01,Alameda,001,1643700,265883,262027,14411,276438,1851
2022-05-01,Alpine,003,1148,125,124,1,125,0
2022-05-01,Amador,005,37829,8592,8533,660,9193,86
2022-05-01,Butte,007,227075,33431,33172,7138,40310,418
2022-05-01,Calaveras,009,45235,7344,7328,357,7685,120
2022-05-01,Colusa,011,21464,3463,3457,1047,4504,21
2022-05-01,Contra Costa,013,1133247,197266,192136,13947,206083,1301
2022-05-01,Del Norte,015,27424,5887,5841,191,6032,50
2022-05-01,El Dorado,017,186661,27074,26946,3242,30188,210
2022-05-01,Fresno,019,978130,234627,232067,24386,256453,2748
2022-05-01,Glenn,021,27897,5012,4995,1617,6612,48
2022-05-01,Humboldt,023,135768,17408,17194,3082,20276,145
2022-05-01,Imperial,025,180216,55609,55503,10581,66084,910
2022-05-01,Inyo,027,18085,4090,4084,498,4582,56
2022-05-01,Kern,029,883053,192637,192250,46042,238292,2265
2022-05-01,Kings,031,150075,51649,51640,3530,55170,447
2022-05-01,Lake,033,64148,10787,10742,893,11635,137
2022-05-01,Lassen,035,31185,8969,8966,876,9842,65
2022-05-01,Los Angeles,037,10098052,2752980,2736900,125992,2862892,31712
2022-05-01,Madera,039,155013,37399,37360,6057,43417,365
2022-05-01,Marin,041,260295,34876,34519,2868,37387,291
2022-05-01,Mariposa,043,17540,2442,2430,206,2636,30
2022-05-01,Mendocino,045,87422,13261,13219,3132,16351,123
2022-05-01,Merced,047,269075,62888,62357,8842,71199,818
2022-05-01,Modoc,049,8938,740,745,251,996,8
2022-05-01,Mono,051,14174,2994,2989,132,3121,6
2022-05-01,Monterey,053,433212,80305,79881,14084,93965,731
2022-05-01,Napa,055,140530,26478,26319,1028,27347,143
2022-05-01,Nevada,057,99092,16165,16100,1232,17332,127
2022-05-01,Orange,059,3164182,553945,551822,42548,594370,6998
2022-05-01,Placer,061,380077,63600,63273,7446,70719,625
2022-05-01,Plumas,063,18699,2995,2946,365,3311,13
2022-05-01,Riverside,065,2383286,596165,593965,28165,622130,6457
2022-05-01,Sacramento,067,1510023,284349,283048,26882,309930,3007
2022-05-01,San Benito,069,59416,13094,12988,528,13516,98
2022-05-01,San Bernardino,071,2135413,578844,568758,25199,593957,7191
2022-05-01,San Diego,073,3302833,762050,761253,54011,815264,5238
2022-05-01,San Francisco,075,870044,132259,130241,8740,138981,860
2022-05-01,San Joaquin,077,732212,168085,167028,10102,177130,2225
2022-05-01,San Luis Obispo,079,281455,53211,53040,3873,56913,477
2022-05-01,San Mateo,081,765935,127383,125807,7377,133184,705
2022-05-01,Santa Barbara,083,443738,87178,86768,4792,91560,688
2022-05-01,Santa Clara,085,1922200,326757,320709,12979,333688,2281
2022-05-01,Santa Cruz,087,273765,49722,48798,2169,50967,262
2022-05-01,Shasta,089,179085,30712,30649,6115,36764,554
2022-05-01,Sierra,091,2930,275,274,49,323,4
2022-05-01,Siskiyou,093,43540,4455,4458,2743,7201,81
2022-05-01,Solano,095,438530,83101,82459,5693,88152,449
2022-05-01,Sonoma,097,501317,86023,85290,2959,88249,488
2022-05-01,Stanislaus,099,539301,118357,117943,17986,135929,1643
2022-05-01,Sutter,101,95872,20604,20644,2103,22747,224
2022-05-01,Tehama,103,63373,12092,12078,2577,14655,202
2022-05-01,Trinity,105,12862,1187,1179,288,1467,20
2022-05-01,Tulare,107,460477,106623,106856,27732,134588,1458
2022-05-01,Tuolumne,109,53932,12841,12713,579,13292,181
2022-05-01,Ventura,111,848112,175215,174679,9707,184386,1486
2022-05-01,Yolo,113,214977,38043,37173,2979,40152,314
2022-05-01,Yuba,115,75493,15945,15917,1213,17130,121
2022-04-30,Alameda,001,1643700,265477,262027,14396,276423,1851
2022-04-30,Alpine,003,1148,125,124,1,125,0
2022-04-30,Amador,005,37829,8590,8533,660,9193,86
2022-04-30,Butte,007,227075,33425,33172,7134,40306,418
2022-04-30,Calaveras,009,45235,7341,7328,356,7684,120
2022-04-30,Colusa,011,21464,3462,3457,1047,4504,21
2022-04-30,Contra Costa,013,1133247,197020,192136,13937,206073,1301
2022-04-30,Del Norte,015,27424,5882,5841,191,6032,50
2022-04-30,El Dorado,017,186661,27056,26946,3238,30184,210
2022-04-30,Fresno,019,978130,234580,232067,24379,256446,2748
2022-04-30,Glenn,021,27897,5011,4995,1616,6611,48
2022-04-30,Humboldt,023,135768,17366,17194,3073,20267,145
2022-04-30,Imperial,025,180216,55596,55503,10579,66082,910
2022-04-30,Inyo,027,18085,4090,4084,498,4582,56
2022-04-30,Kern,029,883053,192601,192250,46024,238274,2265
2022-04-30,Kings,031,150075,51643,51640,3529,55169,447
2022-04-30,Lake,033,64148,10784,10742,893,11635,137
2022-04-30,Lassen,035,31185,8969,8966,876,9842,65
2022-04-30,Los Angeles,037,10098052,2751601,2736900,125815,2862715,31712
2022-04-30,Madera,039,155013,37388,37360,6056,43416,365
2022-04-30,Marin,041,260295,34830,34519,2838,37357,291
2022-04-30,Mariposa,043,17540,2440,2430,205,2635,30
2022-04-30,Mendocino,045,87422,13257,13219,3132,16351,123
2022-04-30,Merced,047,269075,62874,62357,8840,71197,818
2022-04-30,Modoc,049,8938,740,745,251,996,8
2022-04-30,Mono,051,14174,2993,2989,130,3119,6
2022-04-30,Monterey,053,433212,80237,79881,14061,93942,731
2022-04-30,Napa,055,140530,26455,26319,1027,27346,143
2022-04-30,Nevada,057,99092,16150,16100,1231,17331,127
2022-04-30,Orange,059,3164182,553678,551822,42505,594327,6998
2022-04-30,Placer,061,380077,63555,63273,7438,70711,625
2022-04-30,Plumas,063,18699,2992,2946,365,3311,13
2022-04-30,Riverside,065,2383286,595921,593965,28147,622112,6457
2022-04-30,Sacramento,067,1510023,284227,283048,26869,309917,3007
2022-04-30,San Benito,069,59416,13091,12988,528,13516,98
2022-04-30,San Bernardino,071,2135413,578669,568758,25190,593948,7191
2022-04-30,San Diego,073,3302833,761677,761253,53980,815233,5238
2022-04-30,San Francisco,075,870044,131974,130241,8717,138958,860
2022-04-30,San Joaquin,077,732212,168030,167028,10097,177125,2225
2022-04-30,San Luis Obispo,079,281455,53200,53040,3870,56910,477
2022-04-30,San Mateo,081,765935,127164,125807,7359,133166,705
2022-04-30,Santa Barbara,083,443738,87122,86768,4789,91557,688
2022-04-30,Santa Clara,085,1922200,326184,320709,12955,333664,2281
2022-04-30,Santa Cruz,087,273765,49676,48798,2169,50967,262
2022-04-30,Shasta,089,179085,30706,30649,6113,36762,554
2022-04-30,Sierra,091,2930,275,274,49,323,4
2022-04-30,Siskiyou,093,43540,4453,4458,2742,7200,81
2022-04-30,Solano,095,438530,83083,82459,5691,88150,449
2022-04-30,Sonoma,097,501317,85906,85290,2947,88237,488
2022-04-30,Stanislaus,099,539301,118326,117943,17980,135923,1643
2022-04-30,Sutter,101,95872,20599,20644,2103,22747,224
2022-04-30,Tehama,103,63373,12088,12078,2575,14653,202
2022-04-30,Trinity,105,12862,1187,1179,288,1467,20
2022-04-30,Tulare,107,460477,106603,106856,27720,134576,1458
2022-04-30,Tuolumne,109,53932,12832,12713,579,13292,181
2022-04-30,Ventura,111,848112,175131,174679,9675,184354,1486
2022-04-30,Yolo,113,214977,37997,37173,2978,40151,314
2022-04-30,Yuba,115,75493,15938,15917,1212,17129,121
2022-04-29,Alameda,001,1643700,265166,262027,14383,276410,1851
2022-04-29,Alpine,003,1148,124,124,1,125,0
2022-04-29,Amador,005,37829,8583,8533,658,9191,86
2022-04-29,Butte,007,227075,33420,33172,7128,40300,418
2022-04-29,Calaveras,009,45235,7339,7328,356,7684,120
2022-04-29,Colusa,011,21464,3461,3457,1047,4504,21
2022-04-29,Contra Costa,013,1133247,196824,192136,13918,206054,1301
2022-04-29,Del Norte,015,27424,5878,5841,191,6032,50
2022-04-29,El Dorado,017,186661,27044,26946,3236,30182,210
2022-04-29,Fresno,019,978130,234530,232067,24371,256438,2748
2022-04-29,Glenn,021,27897,5011,4995,1615,6610,48
2022-04-29,Humboldt,023,135768,17341,17194,3065,20259,145
2022-04-29,Imperial,025,180216,55580,55503,10578,66081,910
2022-04-29,Inyo,027,18085,4090,4084,496,4580,56
2022-04-29,Kern,029,883053,192574,192250,46012,238262,2265
2022-04-29,Kings,031,150075,51638,51640,3529,55169,447
2022-04-29,Lake,033,64148,10783,10742,893,11635,137
2022-04-29,Lassen,035,31185,8968,8966,876,9842,65
2022-04-29,Los Angeles,037,10098052,2750309,2736900,125667,2862567,31712
2022-04-29,Madera,039,155013,37378,37360,6055,43415,365
2022-04-29,Marin,041,260295,34765,34519,2818,37337,291
2022-04-29,Mariposa,043,17540,2438,2430,205,2635,30
2022-04-29,Mendocino,045,87422,13252,13219,3131,16350,123
2022-04-29,Merced,047,269075,62862,62357,8838,71195,818
2022-04-29,Modoc,049,8938,740,745,251,996,8
2022-04-29,Mono,051,14174,2993,2989,130,3119,6
2022-04-29,Monterey,053,433212,80203,79881,14047,93928,731
2022-04-29,Napa,055,140530,26427,26319,1025,27344,143
2022-04-29,Nevada,057,99092,16143,16100,1230,17330,127
2022-04-29,Orange,059,3164182,553411,551822,42451,594273,6998
2022-04-29,Placer,061,380077,63526,63273,7431,70704,625
2022-04-29,Plumas,063,18699,2991,2946,365,3311,13
2022-04-29,Riverside,065,2383286,595702,593965,28126,622091,6457
2022-04-29,Sacramento,067,1510023,284080,283048,26861,309909,3007
2022-04-29,San Benito,069,59416,13086,12988,528,13516,98
2022-04-29,San Bernardino,071,2135413,578511,568758,25180,593938,7191
2022-04-29,San Diego,073,3302833,761261,761253,53954,815207,5238
2022-04-29,San Francisco,075,870044,131752,130241,8697,138938,860
2022-04-29,San Joaquin,077,732212,167975,167028,10093,177121,2225
2022-04-29,San Luis Obispo,079,281455,53185,53040,3865,56905,477
2022-04-29,San Mateo,081,765935,126965,125807,7346,133153,705
2022-04-29,Santa Barbara,083,443738,87082,86768,4787,91555,688
2022-04-29,Santa Clara,085,1922200,325674,320709,12925,333634,2281
2022-04-29,Santa Cruz,087,273765,49620,48798,2165,50963,262
2022-04-29,Shasta,089,179085,30704,30649,6112,36761,554
2022-04-29,Sierra,091,2930,275,274,49,323,4
2022-04-29,Siskiyou,093,43540,4452,4458,2742,7200,81
2022-04-29,Solano,095,438530,83026,82459,5686,88145,449
2022-04-29,Sonoma,097,501317,85798,85290,2934,88224,488
2022-04-29,Stanislaus,099,539301,118303,117943,17974,135917,1643
2022-04-29,Sutter,101,95872,20592,20644,2102,22746,224
2022-04-29,Tehama,103,63373,12086,12078,2575,14653,202
2022-04-29,Trinity,105,12862,1187,1179,288,1467,20
2022-04-29,Tulare,107,460477,106585,106856,27704,134560,1458
2022-04-29,Tuolumne,109,53932,12825,12713,576,13289,181
2022-04-29,Ventura,111,848112,175055,174679,9653,184332,1486
2022-04-29,Yolo,113,214977,37964,37173,2975,40148,314
2022-04-29,Yuba,115,75493,15933,15917,1212,17129,121
2022-04-28,Alameda,001,1643700,264726,262027,14347,276374,1851
2022-04-28,Alpine,003,1148,124,124,1,125,0
2022-04-28,Amador,005,37829,8580,8533,658,9191,86
2022-04-28,Butte,007,227075,33411,33172,7122,40294,418
2022-04-28,Calaveras,009,45235,7335,7328,356,7684,120
2022-04-28,Colusa,011,21464,3461,3457,1047,4504,21
2022-04-28,Contra Costa,013,1133247,196564,192136,13877,206013,1301
2022-04-28,Del Norte,015,27424,5874,5841,191,6032,50
2022-04-28,El Dorado,017,186661,27022,26946,3232,30178,210
2022-04-28,Fresno,019,978130,234471,232067,24362,256429,2748
2022-04-28,Glenn,021,27897,5008,4995,1615,6610,48
2022-04-28,Humboldt,023,135768,17307,17194,3049,20243,145
2022-04-28,Imperial,025,180216,55568,55503,10573,66076,910
2022-04-28,Inyo,027,18085,4090,4084,496,4580,56
2022-04-28,Kern,029,883053,192535,192250,45998,238248,2265
2022-04-28,Kings,031,150075,51632,51640,3529,55169,447
2022-04-28,Lake,033,64148,10779,10742,893,11635,137
2022-04-28,Lassen,035,31185,8968,8966,876,9842,65
2022-04-28,Los Angeles,037,10098052,2748251,2736900,125481,2862381,31712
2022-04-28,Madera,039,155013,37372,37360,6052,43412,365
2022-04-28,Marin,041,260295,34715,34519,2803,37322,291
2022-04-28,Mariposa,043,17540,2438,2430,205,2635,30
2022-04-28,Mendocino,045,87422,13241,13219,3114,16333,123
2022-04-28,Merced,047,269075,62841,62357,8829,71186,818
2022-04-28,Modoc,049,8938,740,745,251,996,8
2022-04-28,Mono,051,14174,2991,2989,130,3119,6
2022-04-28,Monterey,053,433212,80164,79881,14023,93904,731
2022-04-28,Napa,055,140530,26396,26319,1022,27341,143
2022-04-28,Nevada,057,99092,16135,16100,1227,17327,127
2022-04-28,Orange,059,3164182,553052,551822,42384,594206,6998
2022-04-28,Placer,061,380077,63479,63273,7423,70696,625
2022-04-28,Plumas,063,18699,2990,2946,365,3311,13
2022-04-28,Riverside,065,2383286,595419,593965,28104,622069,6457
2022-04-28,Sacramento,067,1510023,283894,283048,26825,309873,3007
2022-04-28,San Benito,069,59416,13076,12988,526,13514,98
2022-04-28,San Bernardino,071,2135413,578311,568758,25172,593930,7191
2022-04-28,San Diego,073,3302833,760721,761253,53890,815143,5238
2022-04-28,San Francisco,075,870044,131450,130241,8662,138903,860
2022-04-28,San Joaquin,077,732212,167904,167028,10077,177105,2225
2022-04-28,San Luis Obispo,079,281455,53157,53040,3847,56887,477
2022-04-28,San Mateo,081,765935,126715,125807,7325,133132,705
2022-04-28,Santa Barbara,083,443738,87029,86768,4784,91552,688
2022-04-28,Santa Clara,085,1922200,325130,320709,12891,333600,2281
2022-04-28,Santa Cruz,087,273765,49523,48798,2159,50957,262
2022-04-28,Shasta,089,179085,30696,30649,6112,36761,554
2022-04-28,Sierra,091,2930,275,274,49,323,4
2022-04-28,Siskiyou,093,43540,4449,4458,2742,7200,81
2022-04-28,Solano,095,438530,82942,82459,5681,88140,449
2022-04-28,Sonoma,097,501317,85683,85290,2920,88210,488
2022-04-28,Stanislaus,099,539301,118265,117943,17967,135910,1643
2022-04-28,Sutter,101,95872,20582,20644,2099,22743,224
2022-04-28,Tehama,103,63373,12085,12078,2574,14652,202
2022-04-28,Trinity,105,12862,1187,1179,288,1467,20
2022-04-28,Tulare,107,460477,106564,106856,27694,134550,1458
2022-04-28,Tuolumne,109,53932,12813,12713,575,13288,181
2022-04-28,Ventura,111,848112,174966,174679,9617,184296,1486
2022-04-28,Yolo,113,214977,37927,37173,2972,40145,314
2022-04-28,Yuba,115,75493,15924,15917,1210,17127,121
2022-04-27,Alameda,001,1643700,264245,260871,14304,275175,1843
2022-04-27,Alpine,003,1148,124,124,1,125,0
2022-04-27,Amador,005,37829,8579,8518,658,9176,86
2022-04-27,Butte,007,227075,33400,33118,7117,40235,411
2022-04-27,Calaveras,009,45235,7332,7307,356,7663,119
2022-04-27,Colusa,011,21464,3461,3457,1047,4504,21
2022-04-27,Contra Costa,013,1133247,196301,191412,13847,205259,1300
2022-04-27,Del Norte,015,27424,5869,5833,191,6024,50
2022-04-27,El Dorado,017,186661,27010,26898,3227,30125,209
2022-04-27,Fresno,019,978130,234404,231951,24349,256300,2744
2022-04-27,Glenn,021,27897,5008,4993,1615,6608,48
2022-04-27,Humboldt,023,135768,17277,17138,3038,20176,145
2022-04-27,Imperial,025,180216,55550,55480,10570,66050,910
2022-04-27,Inyo,027,18085,4089,4080,495,4575,56
2022-04-27,Kern,029,883053,192499,192157,45979,238136,2271
2022-04-27,Kings,031,150075,51627,51617,3528,55145,444
2022-04-27,Lake,033,64148,10775,10732,893,11625,135
2022-04-27,Lassen,035,31185,8967,8965,876,9841,65
2022-04-27,Los Angeles,037,10098052,2745944,2731988,125298,2857286,31691
2022-04-27,Madera,039,155013,37363,37339,6051,43390,354
2022-04-27,Marin,041,260295,34654,34354,2789,37143,288
2022-04-27,Mariposa,043,17540,2436,2427,205,2632,30
2022-04-27,Mendocino,045,87422,13234,13188,3106,16294,123
2022-04-27,Merced,047,269075,62827,62315,8824,71139,815
2022-04-27,Modoc,049,8938,740,745,251,996,8
2022-04-27,Mono,051,14174,2991,2989,130,3119,6
2022-04-27,Monterey,053,433212,80122,79695,13983,93678,729
2022-04-27,Napa,055,140530,26367,26210,1017,27227,143
2022-04-27,Nevada,057,99092,16119,16080,1224,17304,127
2022-04-27,Orange,059,3164182,552679,550859,42322,593181,6991
2022-04-27,Placer,061,380077,63438,63154,7408,70562,623
2022-04-27,Plumas,063,18699,2989,2934,365,3299,13
2022-04-27,Riverside,065,2383286,595153,593397,28088,621485,6453
2022-04-27,Sacramento,067,1510023,283694,281802,26793,308595,3001
2022-04-27,San Benito,069,59416,13063,12989,524,13513,98
2022-04-27,San Bernardino,071,2135413,578113,568018,25165,593183,7105
2022-04-27,San Diego,073,3302833,760147,759873,53827,813700,5236
2022-04-27,San Francisco,075,870044,131098,129284,8637,137921,857
2022-04-27,San Joaquin,077,732212,167828,166848,10062,176910,2225
2022-04-27,San Luis Obispo,079,281455,53112,52911,3836,56747,476
2022-04-27,San Mateo,081,765935,126483,125018,7274,132292,702
2022-04-27,Santa Barbara,083,443738,86965,86557,4777,91334,685
2022-04-27,Santa Clara,085,1922200,324561,319077,12846,331923,2282
2022-04-27,Santa Cruz,087,273765,49438,48500,2152,50652,262
2022-04-27,Shasta,089,179085,30685,30633,6109,36742,554
2022-04-27,Sierra,091,2930,274,276,49,325,4
2022-04-27,Siskiyou,093,43540,4449,4455,2738,7193,81
2022-04-27,Solano,095,438530,82829,82220,5673,87893,448
2022-04-27,Sonoma,097,501317,85574,84983,2902,87885,487
2022-04-27,Stanislaus,099,539301,118223,117841,17957,135798,1643
2022-04-27,Sutter,101,95872,20578,20627,2095,22722,224
2022-04-27,Tehama,103,63373,12085,12073,2574,14647,201
2022-04-27,Trinity,105,12862,1187,1179,288,1467,20
2022-04-27,Tulare,107,460477,106546,106580,27685,134265,1453
2022-04-27,Tuolumne,109,53932,12796,12684,574,13258,181
2022-04-27,Ventura,111,848112,174863,174425,9602,184027,1480
2022-04-27,Yolo,113,214977,37878,37096,2966,40062,314
2022-04-27,Yuba,115,75493,15920,15902,1205,17107,121
2022-04-26,Alameda,001,1643700,263725,260871,14263,275134,1843
2022-04-26,Alpine,003,1148,124,124,1,125,0
2022-04-26,Amador,005,37829,8576,8518,657,9175,86
2022-04-26,Butte,007,227075,33383,33118,7110,40228,411
2022-04-26,Calaveras,009,45235,7328,7307,355,7662,119
2022-04-26,Colusa,011,21464,3461,3457,1047,4504,21
2022-04-26,Contra Costa,013,1133247,196039,191412,13810,205222,1300
2022-04-26,Del Norte,015,27424,5861,5833,191,6024,50
2022-04-26,El Dorado,017,186661,26989,26898,3223,30121,209
2022-04-26,Fresno,019,978130,234325,231951,24339,256290,2744
2022-04-26,Glenn,021,27897,5008,4993,1614,6607,48
2022-04-26,Humboldt,023,135768,17246,17138,3032,20170,145
2022-04-26,Imperial,025,180216,55530,55480,10565,66045,910
2022-04-26,Inyo,027,18085,4089,4080,495,4575,56
2022-04-26,Kern,029,883053,192452,192157,45954,238111,2271
2022-04-26,Kings,031,150075,51621,51617,3528,55145,444
2022-04-26,Lake,033,64148,10768,10732,893,11625,135
2022-04-26,Lassen,035,31185,8962,8965,876,9841,65
2022-04-26,Los Angeles,037,10098052,2743566,2731988,125114,2857102,31691
2022-04-26,Madera,039,155013,37355,37339,6044,43383,354
2022-04-26,Marin,041,260295,34600,34354,2770,37124,288
2022-04-26,Mariposa,043,17540,2436,2427,205,2632,30
2022-04-26,Mendocino,045,87422,13230,13188,3100,16288,123
2022-04-26,Merced,047,269075,62804,62315,8807,71122,815
2022-04-26,Modoc,049,8938,740,745,251,996,8
2022-04-26,Mono,051,14174,2991,2989,129,3118,6
2022-04-26,Monterey,053,433212,80068,79695,13944,93639,729
2022-04-26,Napa,055,140530,26336,26210,1013,27223,143
2022-04-26,Nevada,057,99092,16110,16080,1224,17304,127
2022-04-26,Orange,059,3164182,552270,550859,42263,593122,6991
2022-04-26,Placer,061,380077,63407,63154,7404,70558,623
2022-04-26,Plumas,063,18699,2989,2934,365,3299,13
2022-04-26,Riverside,065,2383286,594844,593397,28062,621459,6453
2022-04-26,Sacramento,067,1510023,283456,281802,26772,308574,3001
2022-04-26,San Benito,069,59416,13059,12989,523,13512,98
2022-04-26,San Bernardino,071,2135413,577905,568018,25151,593169,7105
2022-04-26,San Diego,073,3302833,759487,759873,53722,813595,5236
2022-04-26,San Francisco,075,870044,130699,129284,8612,137896,857
2022-04-26,San Joaquin,077,732212,167767,166848,10052,176900,2225
2022-04-26,San Luis Obispo,079,281455,53083,52911,3825,56736,476
2022-04-26,San Mateo,081,765935,126208,125018,7245,132263,702
2022-04-26,Santa Barbara,083,443738,86904,86557,4772,91329,685
2022-04-26,Santa Clara,085,1922200,324001,319077,12802,331879,2282
2022-04-26,Santa Cruz,087,273765,49338,48500,2149,50649,262
2022-04-26,Shasta,089,179085,30673,30633,6109,36742,554
2022-04-26,Sierra,091,2930,274,276,49,325,4
2022-04-26,Siskiyou,093,43540,4447,4455,2736,7191,81
2022-04-26,Solano,095,438530,82730,82220,5662,87882,448
2022-04-26,Sonoma,097,501317,85468,84983,2886,87869,487
2022-04-26,Stanislaus,099,539301,118188,117841,17947,135788,1643
2022-04-26,Sutter,101,95872,20568,20627,2095,22722,224
2022-04-26,Tehama,103,63373,12076,12073,2574,14647,201
2022-04-26,Trinity,105,12862,1187,1179,288,1467,20
2022-04-26,Tulare,107,460477,106519,106580,27671,134251,1453
2022-04-26,Tuolumne,109,53932,12777,12684,572,13256,181
2022-04-26,Ventura,111,848112,174754,174425,9576,184001,1480
2022-04-26,Yolo,113,214977,37819,37096,2961,40057,314
2022-04-26,Yuba,115,75493,15918,15902,1205,17107,121
2022-04-25,Alameda,001,1643700,263212,260871,14222,275093,1843
2022-04-25,Alpine,003,1148,124,124,1,125,0
2022-04-25,Amador,005,37829,8573,8518,657,9175,86
2022-04-25,Butte,007,227075,33368,33118,7101,40219,411
2022-04-25,Calaveras,009,45235,7325,7307,355,7662,119
2022-04-25,Colusa,011,21464,3461,3457,1047,4504,21
2022-04-25,Contra Costa,013,1133247,195773,191412,13773,205185,1300
2022-04-25,Del Norte,015,27424,5855,5833,189,6022,50
2022-04-25,El Dorado,017,186661,26968,26898,3221,30119,209
2022-04-25,Fresno,019,978130,234233,231951,24327,256278,2744
2022-04-25,Glenn,021,27897,5008,4993,1614,6607,48
2022-04-25,Humboldt,023,135768,17204,17138,3024,20162,145
2022-04-25,Imperial,025,180216,55510,55480,10560,66040,910
2022-04-25,Inyo,027,18085,4089,4080,495,4575,56
2022-04-25,Kern,029,883053,192408,192157,45936,238093,2271
2022-04-25,Kings,031,150075,51612,51617,3527,55144,444
2022-04-25,Lake,033,64148,10765,10732,892,11624,135
2022-04-25,Lassen,035,31185,8961,8965,876,9841,65
2022-04-25,Los Angeles,037,10098052,2741190,2731988,124949,2856937,31691
2022-04-25,Madera,039,155013,37342,37339,6040,43379,354
2022-04-25,Marin,041,260295,34536,34354,2746,37100,288
2022-04-25,Mariposa,043,17540,2436,2427,204,2631,30
2022-04-25,Mendocino,045,87422,13220,13188,3083,16271,123
2022-04-25,Merced,047,269075,62791,62315,8805,71120,815
2022-04-25,Modoc,049,8938,740,745,251,996,8
2022-04-25,Mono,051,14174,2991,2989,129,3118,6
2022-04-25,Monterey,053,433212,80030,79695,13919,93614,729
2022-04-25,Napa,055,140530,26295,26210,1011,27221,143
2022-04-25,Nevada,057,99092,16104,16080,1222,17302,127
2022-04-25,Orange,059,3164182,551863,550859,42200,593059,6991
2022-04-25,Placer,061,380077,63372,63154,7400,70554,623
2022-04-25,Plumas,063,18699,2987,2934,365,3299,13
2022-04-25,Riverside,065,2383286,594580,593397,28045,621442,6453
2022-04-25,Sacramento,067,1510023,283289,281802,26741,308543,3001
2022-04-25,San Benito,069,59416,13052,12989,523,13512,98
2022-04-25,San Bernardino,071,2135413,577674,568018,25134,593152,7105
2022-04-25,San Diego,073,3302833,758808,759873,53644,813517,5236
2022-04-25,San Francisco,075,870044,130338,129284,8590,137874,857
2022-04-25,San Joaquin,077,732212,167683,166848,10038,176886,2225
2022-04-25,San Luis Obispo,079,281455,53034,52911,3817,56728,476
2022-04-25,San Mateo,081,765935,125934,125018,7227,132245,702
2022-04-25,Santa Barbara,083,443738,86843,86557,4766,91323,685
2022-04-25,Santa Clara,085,1922200,323355,319077,12758,331835,2282
2022-04-25,Santa Cruz,087,273765,49196,48500,2140,50640,262
2022-04-25,Shasta,089,179085,30661,30633,6106,36739,554
2022-04-25,Sierra,091,2930,274,276,49,325,4
2022-04-25,Siskiyou,093,43540,4447,4455,2735,7190,81
2022-04-25,Solano,095,438530,82611,82220,5651,87871,448
2022-04-25,Sonoma,097,501317,85344,84983,2867,87850,487
2022-04-25,Stanislaus,099,539301,118143,117841,17940,135781,1643
2022-04-25,Sutter,101,95872,20565,20627,2095,22722,224
2022-04-25,Tehama,103,63373,12076,12073,2574,14647,201
2022-04-25,Trinity,105,12862,1186,1179,288,1467,20
2022-04-25,Tulare,107,460477,106494,106580,27661,134241,1453
2022-04-25,Tuolumne,109,53932,12767,12684,572,13256,181
2022-04-25,Ventura,111,848112,174644,174425,9552,183977,1480
2022-04-25,Yolo,113,214977,37756,37096,2957,40053,314
2022-04-25,Yuba,115,75493,15908,15902,1204,17106,121
2022-04-24,Alameda,001,1643700,262628,259619,14179,273798,1837
2022-04-24,Alpine,003,1148,124,124,1,125,0
2022-04-24,Amador,005,37829,8564,8509,656,9165,86
2022-04-24,Butte,007,227075,33351,33105,7094,40199,411
2022-04-24,Calaveras,009,45235,7316,7296,353,7649,119
2022-04-24,Colusa,011,21464,3460,3453,1047,4500,21
2022-04-24,Contra Costa,013,1133247,195468,190611,13740,204351,1298
2022-04-24,Del Norte,015,27424,5846,5827,187,6014,50
2022-04-24,El Dorado,017,186661,26950,26837,3219,30056,209
2022-04-24,Fresno,019,978130,234152,231751,24314,256065,2744
2022-04-24,Glenn,021,27897,5008,4989,1612,6601,48
2022-04-24,Humboldt,023,135768,17179,17033,3010,20043,145
2022-04-24,Imperial,025,180216,55498,55434,10552,65986,910
2022-04-24,Inyo,027,18085,4085,4079,494,4573,56
2022-04-24,Kern,029,883053,192355,192012,45922,237934,2267
2022-04-24,Kings,031,150075,51603,51588,3527,55115,444
2022-04-24,Lake,033,64148,10757,10720,889,11609,134
2022-04-24,Lassen,035,31185,8960,8966,876,9842,65
2022-04-24,Los Angeles,037,10098052,2738855,2725630,124804,2850434,31667
2022-04-24,Madera,039,155013,37327,37333,6034,43367,354
2022-04-24,Marin,041,260295,34482,34150,2712,36862,288
2022-04-24,Mariposa,043,17540,2433,2422,204,2626,30
2022-04-24,Mendocino,045,87422,13215,13158,3071,16229,122
2022-04-24,Merced,047,269075,62767,62286,8796,71082,815
2022-04-24,Modoc,049,8938,740,745,251,996,8
2022-04-24,Mono,051,14174,2989,2986,129,3115,6
2022-04-24,Monterey,053,433212,79977,79560,13886,93446,729
2022-04-24,Napa,055,140530,26258,26093,1010,27103,143
2022-04-24,Nevada,057,99092,16088,16052,1220,17272,127
2022-04-24,Orange,059,3164182,551440,549765,42137,591902,6989
2022-04-24,Placer,061,380077,63317,63037,7392,70429,622
2022-04-24,Plumas,063,18699,2985,2934,365,3299,13
2022-04-24,Riverside,065,2383286,594302,592683,28010,620693,6450
2022-04-24,Sacramento,067,1510023,283081,280551,26708,307259,2993
2022-04-24,San Benito,069,59416,13048,12966,523,13489,98
2022-04-24,San Bernardino,071,2135413,577441,566806,25112,591918,7047
2022-04-24,San Diego,073,3302833,758178,758311,53581,811892,5233
2022-04-24,San Francisco,075,870044,129895,128323,8564,136887,857
2022-04-24,San Joaquin,077,732212,167596,166626,10002,176628,2224
2022-04-24,San Luis Obispo,079,281455,52958,52826,3807,56633,476
2022-04-24,San Mateo,081,765935,125619,124106,7198,131304,703
2022-04-24,Santa Barbara,083,443738,86774,86376,4764,91140,685
2022-04-24,Santa Clara,085,1922200,322669,317487,12707,330194,2277
2022-04-24,Santa Cruz,087,273765,49083,48255,2134,50389,261
2022-04-24,Shasta,089,179085,30649,30607,6104,36711,557
2022-04-24,Sierra,091,2930,274,276,49,325,4
2022-04-24,Siskiyou,093,43540,4445,4453,2733,7186,81
2022-04-24,Solano,095,438530,82502,81982,5642,87624,448
2022-04-24,Sonoma,097,501317,85208,84581,2845,87426,486
2022-04-24,Stanislaus,099,539301,118092,117737,17934,135671,1632
2022-04-24,Sutter,101,95872,20556,20605,2092,22697,224
2022-04-24,Tehama,103,63373,12072,12064,2574,14638,201
2022-04-24,Trinity,105,12862,1186,1177,288,1465,20
2022-04-24,Tulare,107,460477,106467,106354,27650,134004,1446
2022-04-24,Tuolumne,109,53932,12754,12664,571,13235,181
2022-04-24,Ventura,111,848112,174532,174091,9531,183622,1479
2022-04-24,Yolo,113,214977,37716,36990,2954,39944,314
2022-04-24,Yuba,115,75493,15904,15888,1204,17092,121
2022-04-23,Alameda,001,1643700,262383,259619,14166,273785,1837
2022-04-23,Alpine,003,1148,124,124,1,125,0
2022-04-23,Amador,005,37829,8558,8509,656,9165,86
2022-04-23,Butte,007,227075,33342,33105,7091,40196,411
2022-04-23,Calaveras,009,45235,7308,7296,353,7649,119
2022-04-23,Colusa,011,21464,3460,3453,1047,4500,21
2022-04-23,Contra Costa,013,1133247,195312,190611,13722,204333,1298
2022-04-23,Del Norte,015,27424,5844,5827,186,6013,50
2022-04-23,El Dorado,017,186661,26940,26837,3218,30055,209
2022-04-23,Fresno,019,978130,234119,231751,24308,256059,2744
2022-04-23,Glenn,021,27897,5008,4989,1612,6601,48
2022-04-23,Humboldt,023,135768,17163,17033,3007,20040,145
2022-04-23,Imperial,025,180216,55487,55434,10551,65985,910
2022-04-23,Inyo,027,18085,4085,4079,493,4572,56
2022-04-23,Kern,029,883053,192327,192012,45908,237920,2267
2022-04-23,Kings,031,150075,51598,51588,3526,55114,444
2022-04-23,Lake,033,64148,10756,10720,889,11609,134
2022-04-23,Lassen,035,31185,8960,8966,876,9842,65
2022-04-23,Los Angeles,037,10098052,2737911,2725630,124703,2850333,31667
2022-04-23,Madera,039,155013,37320,37333,6033,43366,354
2022-04-23,Marin,041,260295,34447,34150,2666,36816,288
2022-04-23,Mariposa,043,17540,2433,2422,204,2626,30
2022-04-23,Mendocino,045,87422,13208,13158,3071,16229,122
2022-04-23,Merced,047,269075,62757,62286,8796,71082,815
2022-04-23,Modoc,049,8938,740,745,251,996,8
2022-04-23,Mono,051,14174,2989,2986,129,3115,6
2022-04-23,Monterey,053,433212,79908,79560,13871,93431,729
2022-04-23,Napa,055,140530,26237,26093,1008,27101,143
2022-04-23,Nevada,057,99092,16082,16052,1218,17270,127
2022-04-23,Orange,059,3164182,551224,549765,42088,591853,6989
2022-04-23,Placer,061,380077,63287,63037,7391,70428,622
2022-04-23,Plumas,063,18699,2985,2934,365,3299,13
2022-04-23,Riverside,065,2383286,594166,592683,28000,620683,6450
2022-04-23,Sacramento,067,1510023,282981,280551,26705,307256,2993
2022-04-23,San Benito,069,59416,13047,12966,523,13489,98
2022-04-23,San Bernardino,071,2135413,577319,566806,25109,591915,7047
2022-04-23,San Diego,073,3302833,757916,758311,53563,811874,5233
2022-04-23,San Francisco,075,870044,129690,128323,8538,136861,857
2022-04-23,San Joaquin,077,732212,167555,166626,9994,176620,2224
2022-04-23,San Luis Obispo,079,281455,52943,52826,3803,56629,476
2022-04-23,San Mateo,081,765935,125458,124106,7192,131298,703
2022-04-23,Santa Barbara,083,443738,86738,86376,4763,91139,685
2022-04-23,Santa Clara,085,1922200,322288,317487,12680,330167,2277
2022-04-23,Santa Cruz,087,273765,49033,48255,2132,50387,261
2022-04-23,Shasta,089,179085,30646,30607,6104,36711,557
2022-04-23,Sierra,091,2930,274,276,49,325,4
2022-04-23,Siskiyou,093,43540,4443,4453,2733,7186,81
2022-04-23,Solano,095,438530,82475,81982,5638,87620,448
2022-04-23,Sonoma,097,501317,85140,84581,2836,87417,486
2022-04-23,Stanislaus,099,539301,118056,117737,17932,135669,1632
2022-04-23,Sutter,101,95872,20550,20605,2092,22697,224
2022-04-23,Tehama,103,63373,12071,12064,2574,14638,201
2022-04-23,Trinity,105,12862,1186,1177,288,1465,20
2022-04-23,Tulare,107,460477,106459,106354,27641,133995,1446
2022-04-23,Tuolumne,109,53932,12749,12664,571,13235,181
2022-04-23,Ventura,111,848112,174469,174091,9523,183614,1479
2022-04-23,Yolo,113,214977,37688,36990,2950,39940,314
2022-04-23,Yuba,115,75493,15902,15888,1204,17092,121
2022-04-22,Alameda,001,1643700,262152,259619,14147,273766,1837
2022-04-22,Alpine,003,1148,124,124,1,125,0
2022-04-22,Amador,005,37829,8557,8509,654,9163,86
2022-04-22,Butte,007,227075,33336,33105,7086,40191,411
2022-04-22,Calaveras,009,45235,7307,7296,353,7649,119
2022-04-22,Colusa,011,21464,3460,3453,1047,4500,21
2022-04-22,Contra Costa,013,1133247,195176,190611,13706,204317,1298
2022-04-22,Del Norte,015,27424,5844,5827,186,6013,50
2022-04-22,El Dorado,017,186661,26927,26837,3214,30051,209
2022-04-22,Fresno,019,978130,234089,231751,24304,256055,2744
2022-04-22,Glenn,021,27897,5006,4989,1612,6601,48
2022-04-22,Humboldt,023,135768,17147,17033,3001,20034,145
2022-04-22,Imperial,025,180216,55481,55434,10551,65985,910
2022-04-22,Inyo,027,18085,4085,4079,492,4571,56
2022-04-22,Kern,029,883053,192306,192012,45905,237917,2267
2022-04-22,Kings,031,150075,51594,51588,3525,55113,444
2022-04-22,Lake,033,64148,10755,10720,889,11609,134
2022-04-22,Lassen,035,31185,8960,8966,876,9842,65
2022-04-22,Los Angeles,037,10098052,2736831,2725630,124644,2850274,31667
2022-04-22,Madera,039,155013,37315,37333,6032,43365,354
2022-04-22,Marin,041,260295,34410,34150,2655,36805,288
2022-04-22,Mariposa,043,17540,2432,2422,204,2626,30
2022-04-22,Mendocino,045,87422,13203,13158,3066,16224,122
2022-04-22,Merced,047,269075,62750,62286,8784,71070,815
2022-04-22,Modoc,049,8938,740,745,251,996,8
2022-04-22,Mono,051,14174,2989,2986,128,3114,6
2022-04-22,Monterey,053,433212,79873,79560,13857,93417,729
2022-04-22,Napa,055,140530,26220,26093,1006,27099,143
2022-04-22,Nevada,057,99092,16082,16052,1218,17270,127
2022-04-22,Orange,059,3164182,551039,549765,42035,591800,6989
2022-04-22,Placer,061,380077,63264,63037,7388,70425,622
2022-04-22,Plumas,063,18699,2985,2934,365,3299,13
2022-04-22,Riverside,065,2383286,594022,592683,27985,620668,6450
2022-04-22,Sacramento,067,1510023,282894,280551,26693,307244,2993
2022-04-22,San Benito,069,59416,13042,12966,523,13489,98
2022-04-22,San Bernardino,071,2135413,577206,566806,25101,591907,7047
2022-04-22,San Diego,073,3302833,757597,758311,53535,811846,5233
2022-04-22,San Francisco,075,870044,129523,128323,8512,136835,857
2022-04-22,San Joaquin,077,732212,167525,166626,9992,176618,2224
2022-04-22,San Luis Obispo,079,281455,52937,52826,3802,56628,476
2022-04-22,San Mateo,081,765935,125293,124106,7181,131287,703
2022-04-22,Santa Barbara,083,443738,86692,86376,4762,91138,685
2022-04-22,Santa Clara,085,1922200,321941,317487,12666,330153,2277
2022-04-22,Santa Cruz,087,273765,48993,48255,2131,50386,261
2022-04-22,Shasta,089,179085,30642,30607,6103,36710,557
2022-04-22,Sierra,091,2930,274,276,48,324,4
2022-04-22,Siskiyou,093,43540,4443,4453,2733,7186,81
2022-04-22,Solano,095,438530,82418,81982,5635,87617,448
2022-04-22,Sonoma,097,501317,85075,84581,2832,87413,486
2022-04-22,Stanislaus,099,539301,118034,117737,17927,135664,1632
2022-04-22,Sutter,101,95872,20544,20605,2092,22697,224
2022-04-22,Tehama,103,63373,12066,12064,2573,14637,201
2022-04-22,Trinity,105,12862,1186,1177,287,1464,20
2022-04-22,Tulare,107,460477,106449,106354,27633,133987,1446
2022-04-22,Tuolumne,109,53932,12743,12664,569,13233,181
2022-04-22,Ventura,111,848112,174394,174091,9512,183603,1479
2022-04-22,Yolo,113,214977,37667,36990,2948,39938,314
2022-04-22,Yuba,115,75493,15899,15888,1203,17091,121
2022-04-21,Alameda,001,1643700,261788,259619,14112,273731,1837
2022-04-21,Alpine,003,1148,124,124,1,125,0
2022-04-21,Amador,005,37829,8554,8509,654,9163,86
2022-04-21,Butte,007,227075,33329,33105,7078,40183,411
2022-04-21,Calaveras,009,45235,7304,7296,353,7649,119
2022-04-21,Colusa,011,21464,3459,3453,1047,4500,21
2022-04-21,Contra Costa,013,1133247,194981,190611,13685,204296,1298
2022-04-21,Del Norte,015,27424,5843,5827,186,6013,50
2022-04-21,El Dorado,017,186661,26911,26837,3213,30050,209
2022-04-21,Fresno,019,978130,234047,231751,24295,256046,2744
2022-04-21,Glenn,021,27897,5006,4989,1611,6600,48
2022-04-21,Humboldt,023,135768,17124,17033,2993,20026,145
2022-04-21,Imperial,025,180216,55472,55434,10551,65985,910
2022-04-21,Inyo,027,18085,4085,4079,492,4571,56
2022-04-21,Kern,029,883053,192273,192012,45890,237902,2267
2022-04-21,Kings,031,150075,51586,51588,3525,55113,444
2022-04-21,Lake,033,64148,10752,10720,889,11609,134
2022-04-21,Lassen,035,31185,8960,8966,876,9842,65
2022-04-21,Los Angeles,037,10098052,2735189,2725630,124529,2850159,31667
2022-04-21,Madera,039,155013,37312,37333,6031,43364,354
2022-04-21,Marin,041,260295,34362,34150,2645,36795,288
2022-04-21,Mariposa,043,17540,2431,2422,204,2626,30
2022-04-21,Mendocino,045,87422,13196,13158,3063,16221,122
2022-04-21,Merced,047,269075,62732,62286,8781,71067,815
2022-04-21,Modoc,049,8938,740,745,251,996,8
2022-04-21,Mono,051,14174,2988,2986,127,3113,6
2022-04-21,Monterey,053,433212,79846,79560,13843,93403,729
2022-04-21,Napa,055,140530,26189,26093,1005,27098,143
2022-04-21,Nevada,057,99092,16078,16052,1218,17270,127
2022-04-21,Orange,059,3164182,550787,549765,41998,591763,6989
2022-04-21,Placer,061,380077,63226,63037,7384,70421,622
2022-04-21,Plumas,063,18699,2985,2934,365,3299,13
2022-04-21,Riverside,065,2383286,593861,592683,27967,620650,6450
2022-04-21,Sacramento,067,1510023,282745,280551,26674,307225,2993
2022-04-21,San Benito,069,59416,13036,12966,523,13489,98
2022-04-21,San Bernardino,071,2135413,577014,566806,25089,591895,7047
2022-04-21,San Diego,073,3302833,757172,758311,53491,811802,5233
2022-04-21,San Francisco,075,870044,129300,128323,8484,136807,857
2022-04-21,San Joaquin,077,732212,167471,166626,9987,176613,2224
2022-04-21,San Luis Obispo,079,281455,52917,52826,3795,56621,476
2022-04-21,San Mateo,081,765935,125089,124106,7164,131270,703
2022-04-21,Santa Barbara,083,443738,86633,86376,4759,91135,685
2022-04-21,Santa Clara,085,1922200,321491,317487,12644,330131,2277
2022-04-21,Santa Cruz,087,273765,48947,48255,2129,50384,261
2022-04-21,Shasta,089,179085,30634,30607,6103,36710,557
2022-04-21,Sierra,091,2930,274,276,48,324,4
2022-04-21,Siskiyou,093,43540,4443,4453,2733,7186,81
2022-04-21,Solano,095,438530,82356,81982,5628,87610,448
2022-04-21,Sonoma,097,501317,84961,84581,2812,87393,486
2022-04-21,Stanislaus,099,539301,117995,117737,17919,135656,1632
2022-04-21,Sutter,101,95872,20535,20605,2090,22695,224
2022-04-21,Tehama,103,63373,12066,12064,2573,14637,201
2022-04-21,Trinity,105,12862,1186,1177,287,1464,20
2022-04-21,Tulare,107,460477,106442,106354,27629,133983,1446
2022-04-21,Tuolumne,109,53932,12738,12664,569,13233,181
2022-04-21,Ventura,111,848112,174312,174091,9506,183597,1479
2022-04-21,Yolo,113,214977,37637,36990,2948,39938,314
2022-04-21,Yuba,115,75493,15897,15888,1203,17091,121
2022-04-20,Alameda,001,1643700,261422,258734,14084,272818,1832
2022-04-20,Alpine,003,1148,124,124,1,125,0
2022-04-20,Amador,005,37829,8552,8494,654,9148,86
2022-04-20,Butte,007,227075,33313,33083,7071,40154,408
2022-04-20,Calaveras,009,45235,7298,7288,352,7640,119
2022-04-20,Colusa,011,21464,3459,3453,1047,4500,21
2022-04-20,Contra Costa,013,1133247,194747,190042,13660,203702,1299
2022-04-20,Del Norte,015,27424,5837,5814,186,6000,50
2022-04-20,El Dorado,017,186661,26896,26821,3209,30030,209
2022-04-20,Fresno,019,978130,233997,231568,24294,255862,2740
2022-04-20,Glenn,021,27897,5005,4988,1608,6596,48
2022-04-20,Humboldt,023,135768,17102,16976,2989,19965,145
2022-04-20,Imperial,025,180216,55464,55405,10548,65953,910
2022-04-20,Inyo,027,18085,4085,4075,491,4566,56
2022-04-20,Kern,029,883053,192238,191915,45874,237789,2262
2022-04-20,Kings,031,150075,51577,51571,3523,55094,445
2022-04-20,Lake,033,64148,10752,10711,889,11600,134
2022-04-20,Lassen,035,31185,8960,8951,876,9827,65
2022-04-20,Los Angeles,037,10098052,2733454,2721699,124409,2846108,31630
2022-04-20,Madera,039,155013,37309,37333,6028,43361,354
2022-04-20,Marin,041,260295,34321,33985,2622,36607,288
2022-04-20,Mariposa,043,17540,2429,2412,204,2616,30
2022-04-20,Mendocino,045,87422,13190,13128,3055,16183,122
2022-04-20,Merced,047,269075,62722,62322,8768,71090,813
2022-04-20,Modoc,049,8938,740,744,251,995,8
2022-04-20,Mono,051,14174,2988,2984,127,3111,6
2022-04-20,Monterey,053,433212,79801,79419,13824,93243,727
2022-04-20,Napa,055,140530,26155,26016,1001,27017,143
2022-04-20,Nevada,057,99092,16068,16034,1215,17249,127
2022-04-20,Orange,059,3164182,550459,549136,41951,591087,6963
2022-04-20,Placer,061,380077,63199,62928,7379,70307,619
2022-04-20,Plumas,063,18699,2985,2932,365,3297,13
2022-04-20,Riverside,065,2383286,593669,592224,27945,620169,6447
2022-04-20,Sacramento,067,1510023,282599,279326,26660,305986,2987
2022-04-20,San Benito,069,59416,13030,12971,520,13491,98
2022-04-20,San Bernardino,071,2135413,576807,565405,25072,590477,6977
2022-04-20,San Diego,073,3302833,756730,757138,53430,810568,5231
2022-04-20,San Francisco,075,870044,128992,127594,8467,136061,854
2022-04-20,San Joaquin,077,732212,167400,166531,9980,176511,2222
2022-04-20,San Luis Obispo,079,281455,52890,52740,3788,56528,476
2022-04-20,San Mateo,081,765935,124870,123279,7133,130412,701
2022-04-20,Santa Barbara,083,443738,86597,86214,4753,90967,685
2022-04-20,Santa Clara,085,1922200,321080,316355,12606,328961,2274
2022-04-20,Santa Cruz,087,273765,48883,47997,2125,50122,261
2022-04-20,Shasta,089,179085,30631,30590,6102,36692,554
2022-04-20,Sierra,091,2930,274,276,48,324,4
2022-04-20,Siskiyou,093,43540,4442,4446,2732,7178,80
2022-04-20,Solano,095,438530,82285,81841,5625,87466,447
2022-04-20,Sonoma,097,501317,84874,84429,2788,87217,485
2022-04-20,Stanislaus,099,539301,117959,117540,17908,135448,1630
2022-04-20,Sutter,101,95872,20528,20632,2090,22722,224
2022-04-20,Tehama,103,63373,12064,12061,2573,14634,199
2022-04-20,Trinity,105,12862,1186,1178,287,1465,20
2022-04-20,Tulare,107,460477,106434,105974,27618,133592,1439
2022-04-20,Tuolumne,109,53932,12733,12648,568,13216,180
2022-04-20,Ventura,111,848112,174224,173904,9497,183401,1475
2022-04-20,Yolo,113,214977,37587,36785,2945,39730,311
2022-04-20,Yuba,115,75493,15893,15868,1201,17069,121
2022-04-19,Alameda,001,1643700,261059,258734,14055,272789,1832
2022-04-19,Alpine,003,1148,124,124,1,125,0
2022-04-19,Amador,005,37829,8548,8494,651,9145,86
2022-04-19,Butte,007,227075,33306,33083,7067,40150,408
2022-04-19,Calaveras,009,45235,7295,7288,352,7640,119
2022-04-19,Colusa,011,21464,3459,3453,1047,4500,21
2022-04-19,Contra Costa,013,1133247,194500,190042,13642,203684,1299
2022-04-19,Del Norte,015,27424,5835,5814,184,5998,50
2022-04-19,El Dorado,017,186661,26882,26821,3206,30027,209
2022-04-19,Fresno,019,978130,233942,231568,24284,255852,2740
2022-04-19,Glenn,021,27897,5004,4988,1608,6596,48
2022-04-19,Humboldt,023,135768,17065,16976,2978,19954,145
2022-04-19,Imperial,025,180216,55457,55405,10545,65950,910
2022-04-19,Inyo,027,18085,4082,4075,491,4566,56
2022-04-19,Kern,029,883053,192202,191915,45864,237779,2262
2022-04-19,Kings,031,150075,51563,51571,3522,55093,445
2022-04-19,Lake,033,64148,10748,10711,888,11599,134
2022-04-19,Lassen,035,31185,8960,8951,876,9827,65
2022-04-19,Los Angeles,037,10098052,2731664,2721699,124281,2845980,31630
2022-04-19,Madera,039,155013,37306,37333,6027,43360,354
2022-04-19,Marin,041,260295,34271,33985,2606,36591,288
2022-04-19,Mariposa,043,17540,2429,2412,203,2615,30
2022-04-19,Mendocino,045,87422,13182,13128,3044,16172,122
2022-04-19,Merced,047,269075,62703,62322,8764,71086,813
2022-04-19,Modoc,049,8938,740,744,251,995,8
2022-04-19,Mono,051,14174,2988,2984,127,3111,6
2022-04-19,Monterey,053,433212,79782,79419,13811,93230,727
2022-04-19,Napa,055,140530,26132,26016,992,27008,143
2022-04-19,Nevada,057,99092,16062,16034,1213,17247,127
2022-04-19,Orange,059,3164182,550180,549136,41907,591043,6963
2022-04-19,Placer,061,380077,63168,62928,7374,70302,619
2022-04-19,Plumas,063,18699,2985,2932,365,3297,13
2022-04-19,Riverside,065,2383286,593486,592224,27933,620157,6447
2022-04-19,Sacramento,067,1510023,282424,279326,26638,305964,2987
2022-04-19,San Benito,069,59416,13024,12971,519,13490,98
2022-04-19,San Bernardino,071,2135413,576593,565405,25050,590455,6977
2022-04-19,San Diego,073,3302833,756265,757138,53365,810503,5231
2022-04-19,San Francisco,075,870044,128659,127594,8450,136044,854
2022-04-19,San Joaquin,077,732212,167350,166531,9976,176507,2222
2022-04-19,San Luis Obispo,079,281455,52854,52740,3782,56522,476
2022-04-19,San Mateo,081,765935,124638,123279,7113,130392,701
2022-04-19,Santa Barbara,083,443738,86543,86214,4745,90959,685
2022-04-19,Santa Clara,085,1922200,320660,316355,12578,328933,2274
2022-04-19,Santa Cruz,087,273765,48828,47997,2123,50120,261
2022-04-19,Shasta,089,179085,30619,30590,6101,36691,554
2022-04-19,Sierra,091,2930,274,276,48,324,4
2022-04-19,Siskiyou,093,43540,4441,4446,2730,7176,80
2022-04-19,Solano,095,438530,82201,81841,5618,87459,447
2022-04-19,Sonoma,097,501317,84772,84429,2759,87188,485
2022-04-19,Stanislaus,099,539301,117933,117540,17903,135443,1630
2022-04-19,Sutter,101,95872,20528,20632,2090,22722,224
2022-04-19,Tehama,103,63373,12063,12061,2573,14634,199
2022-04-19,Trinity,105,12862,1185,1178,287,1465,20
2022-04-19,Tulare,107,460477,106419,105974,27612,133586,1439
2022-04-19,Tuolumne,109,53932,12731,12648,568,13216,180
2022-04-19,Ventura,111,848112,174131,173904,9484,183388,1475
2022-04-19,Yolo,113,214977,37542,36785,2943,39728,311
2022-04-19,Yuba,115,75493,15886,15868,1201,17069,121
2022-04-18,Alameda,001,1643700,260672,258734,14032,272766,1832
2022-04-18,Alpine,003,1148,124,124,1,125,0
2022-04-18,Amador,005,37829,8547,8494,650,9144,86
2022-04-18,Butte,007,227075,33302,33083,7062,40145,408
2022-04-18,Calaveras,009,45235,7291,7288,351,7639,119
2022-04-18,Colusa,011,21464,3458,3453,1047,4500,21
2022-04-18,Contra Costa,013,1133247,194265,190042,13617,203659,1299
2022-04-18,Del Norte,015,27424,5830,5814,184,5998,50
2022-04-18,El Dorado,017,186661,26866,26821,3203,30024,209
2022-04-18,Fresno,019,978130,233900,231568,24273,255841,2740
2022-04-18,Glenn,021,27897,5004,4988,1607,6595,48
2022-04-18,Humboldt,023,135768,17036,16976,2975,19951,145
2022-04-18,Imperial,025,180216,55445,55405,10543,65948,910
2022-04-18,Inyo,027,18085,4082,4075,491,4566,56
2022-04-18,Kern,029,883053,192157,191915,45852,237767,2262
2022-04-18,Kings,031,150075,51558,51571,3522,55093,445
2022-04-18,Lake,033,64148,10744,10711,887,11598,134
2022-04-18,Lassen,035,31185,8960,8951,876,9827,65
2022-04-18,Los Angeles,037,10098052,2729841,2721699,124167,2845866,31630
2022-04-18,Madera,039,155013,37298,37333,6026,43359,354
2022-04-18,Marin,041,260295,34208,33985,2583,36568,288
2022-04-18,Mariposa,043,17540,2427,2412,203,2615,30
2022-04-18,Mendocino,045,87422,13165,13128,3039,16167,122
2022-04-18,Merced,047,269075,62691,62322,8758,71080,813
2022-04-18,Modoc,049,8938,739,744,251,995,8
2022-04-18,Mono,051,14174,2987,2984,127,3111,6
2022-04-18,Monterey,053,433212,79709,79419,13795,93214,727
2022-04-18,Napa,055,140530,26096,26016,991,27007,143
2022-04-18,Nevada,057,99092,16052,16034,1211,17245,127
2022-04-18,Orange,059,3164182,549892,549136,41871,591007,6963
2022-04-18,Placer,061,380077,63135,62928,7372,70300,619
2022-04-18,Plumas,063,18699,2985,2932,365,3297,13
2022-04-18,Riverside,065,2383286,593277,592224,27913,620137,6447
2022-04-18,Sacramento,067,1510023,282268,279326,26626,305952,2987
2022-04-18,San Benito,069,59416,13018,12971,519,13490,98
2022-04-18,San Bernardino,071,2135413,576382,565405,25032,590437,6977
2022-04-18,San Diego,073,3302833,755796,757138,53306,810444,5231
2022-04-18,San Francisco,075,870044,128342,127594,8438,136032,854
2022-04-18,San Joaquin,077,732212,167290,166531,9969,176500,2222
2022-04-18,San Luis Obispo,079,281455,52825,52740,3777,56517,476
2022-04-18,San Mateo,081,765935,124405,123279,7094,130373,701
2022-04-18,Santa Barbara,083,443738,86472,86214,4740,90954,685
2022-04-18,Santa Clara,085,1922200,320214,316355,12554,328909,2274
2022-04-18,Santa Cruz,087,273765,48723,47997,2121,50118,261
2022-04-18,Shasta,089,179085,30613,30590,6098,36688,554
2022-04-18,Sierra,091,2930,274,276,48,324,4
2022-04-18,Siskiyou,093,43540,4440,4446,2729,7175,80
2022-04-18,Solano,095,438530,82136,81841,5612,87453,447
2022-04-18,Sonoma,097,501317,84672,84429,2744,87173,485
2022-04-18,Stanislaus,099,539301,117903,117540,17900,135440,1630
2022-04-18,Sutter,101,95872,20526,20632,2088,22720,224
2022-04-18,Tehama,103,63373,12059,12061,2573,14634,199
2022-04-18,Trinity,105,12862,1185,1178,287,1465,20
2022-04-18,Tulare,107,460477,106404,105974,27604,133578,1439
2022-04-18,Tuolumne,109,53932,12724,12648,567,13215,180
2022-04-18,Ventura,111,848112,174040,173904,9474,183378,1475
2022-04-18,Yolo,113,214977,37484,36785,2943,39728,311
2022-04-18,Yuba,115,75493,15877,15868,1200,17068,121
2022-04-17,Alameda,001,1643700,260276,257897,14006,271903,1829
2022-04-17,Alpine,003,1148,124,124,1,125,0
2022-04-17,Amador,005,37829,8542,8491,648,9139,86
2022-04-17,Butte,007,227075,33299,33053,7059,40112,405
2022-04-17,Calaveras,009,45235,7288,7275,350,7625,119
2022-04-17,Colusa,011,21464,3457,3450,1047,4497,21
2022-04-17,Contra Costa,013,1133247,194037,189742,13581,203323,1298
2022-04-17,Del Norte,015,27424,5826,5809,184,5993,50
2022-04-17,El Dorado,017,186661,26855,26796,3201,29997,209
2022-04-17,Fresno,019,978130,233823,231455,24268,255723,2739
2022-04-17,Glenn,021,27897,5004,4991,1607,6598,48
2022-04-17,Humboldt,023,135768,17001,16929,2969,19898,143
2022-04-17,Imperial,025,180216,55436,55371,10542,65913,910
2022-04-17,Inyo,027,18085,4080,4075,491,4566,56
2022-04-17,Kern,029,883053,192122,191866,45837,237703,2258
2022-04-17,Kings,031,150075,51547,51544,3520,55064,445
2022-04-17,Lake,033,64148,10743,10702,887,11589,134
2022-04-17,Lassen,035,31185,8960,8950,876,9826,65
2022-04-17,Los Angeles,037,10098052,2727857,2717479,124048,2841527,31598
2022-04-17,Madera,039,155013,37292,37362,6026,43388,354
2022-04-17,Marin,041,260295,34141,33829,2553,36382,288
2022-04-17,Mariposa,043,17540,2419,2406,203,2609,30
2022-04-17,Mendocino,045,87422,13150,13107,3035,16142,122
2022-04-17,Merced,047,269075,62671,62295,8752,71047,813
2022-04-17,Modoc,049,8938,739,743,251,994,8
2022-04-17,Mono,051,14174,2986,2977,127,3104,6
2022-04-17,Monterey,053,433212,79676,79311,13775,93086,727
2022-04-17,Napa,055,140530,26051,25929,985,26914,143
2022-04-17,Nevada,057,99092,16036,16014,1206,17220,123
2022-04-17,Orange,059,3164182,549529,548311,41820,590131,6945
2022-04-17,Placer,061,380077,63095,62882,7365,70247,618
2022-04-17,Plumas,063,18699,2985,2929,365,3294,13
2022-04-17,Riverside,065,2383286,593056,591772,27893,619665,6443
2022-04-17,Sacramento,067,1510023,282105,278523,26602,305125,2978
2022-04-17,San Benito,069,59416,13015,12926,518,13444,98
2022-04-17,San Bernardino,071,2135413,576144,564397,25018,589415,6948
2022-04-17,San Diego,073,3302833,755309,756165,53238,809403,5229
2022-04-17,San Francisco,075,870044,128024,126976,8422,135398,854
2022-04-17,San Joaquin,077,732212,167240,166645,9963,176608,2220
2022-04-17,San Luis Obispo,079,281455,52756,52698,3772,56470,476
2022-04-17,San Mateo,081,765935,124167,122652,7080,129732,699
2022-04-17,Santa Barbara,083,443738,86414,86030,4733,90763,684
2022-04-17,Santa Clara,085,1922200,319722,315296,12528,327824,2268
2022-04-17,Santa Cruz,087,273765,48601,47895,2119,50014,261
2022-04-17,Shasta,089,179085,30602,30578,6094,36672,554
2022-04-17,Sierra,091,2930,274,276,48,324,4
2022-04-17,Siskiyou,093,43540,4435,4444,2728,7172,80
2022-04-17,Solano,095,438530,82069,81781,5606,87387,447
2022-04-17,Sonoma,097,501317,84560,84172,2737,86909,485
2022-04-17,Stanislaus,099,539301,117873,117567,17893,135460,1619
2022-04-17,Sutter,101,95872,20521,20621,2087,22708,224
2022-04-17,Tehama,103,63373,12058,12061,2573,14634,199
2022-04-17,Trinity,105,12862,1184,1178,287,1465,20
2022-04-17,Tulare,107,460477,106390,105757,27595,133352,1428
2022-04-17,Tuolumne,109,53932,12718,12640,567,13207,180
2022-04-17,Ventura,111,848112,173943,173665,9455,183120,1474
2022-04-17,Yolo,113,214977,37435,36752,2941,39693,311
2022-04-17,Yuba,115,75493,15871,15857,1200,17057,121
2022-04-16,Alameda,001,1643700,260123,257897,13996,271893,1829
2022-04-16,Alpine,003,1148,124,124,1,125,0
2022-04-16,Amador,005,37829,8540,8491,648,9139,86
2022-04-16,Butte,007,227075,33295,33053,7057,40110,405
2022-04-16,Calaveras,009,45235,7286,7275,350,7625,119
2022-04-16,Colusa,011,21464,3457,3450,1047,4497,21
2022-04-16,Contra Costa,013,1133247,193946,189742,13575,203317,1298
2022-04-16,Del Norte,015,27424,5826,5809,184,5993,50
2022-04-16,El Dorado,017,186661,26844,26796,3201,29997,209
2022-04-16,Fresno,019,978130,233795,231455,24267,255722,2739
2022-04-16,Glenn,021,27897,5004,4991,1607,6598,48
2022-04-16,Humboldt,023,135768,16993,16929,2964,19893,143
2022-04-16,Imperial,025,180216,55430,55371,10541,65912,910
2022-04-16,Inyo,027,18085,4080,4075,491,4566,56
2022-04-16,Kern,029,883053,192111,191866,45825,237691,2258
2022-04-16,Kings,031,150075,51544,51544,3520,55064,445
2022-04-16,Lake,033,64148,10741,10702,887,11589,134
2022-04-16,Lassen,035,31185,8960,8950,876,9826,65
2022-04-16,Los Angeles,037,10098052,2727141,2717479,123997,2841476,31598
2022-04-16,Madera,039,155013,37290,37362,6026,43388,354
2022-04-16,Marin,041,260295,34103,33829,2527,36356,288
2022-04-16,Mariposa,043,17540,2418,2406,203,2609,30
2022-04-16,Mendocino,045,87422,13144,13107,3035,16142,122
2022-04-16,Merced,047,269075,62668,62295,8751,71046,813
2022-04-16,Modoc,049,8938,739,743,251,994,8
2022-04-16,Mono,051,14174,2986,2977,127,3104,6
2022-04-16,Monterey,053,433212,79661,79311,13766,93077,727
2022-04-16,Napa,055,140530,26028,25929,983,26912,143
2022-04-16,Nevada,057,99092,16033,16014,1203,17217,123
2022-04-16,Orange,059,3164182,549413,548311,41789,590100,6945
2022-04-16,Placer,061,380077,63078,62882,7363,70245,618
2022-04-16,Plumas,063,18699,2983,2929,365,3294,13
2022-04-16,Riverside,065,2383286,592976,591772,27887,619659,6443
2022-04-16,Sacramento,067,1510023,282053,278523,26599,305122,2978
2022-04-16,San Benito,069,59416,13014,12926,518,13444,98
2022-04-16,San Bernardino,071,2135413,576044,564397,25014,589411,6948
2022-04-16,San Diego,073,3302833,755162,756165,53224,809389,5229
2022-04-16,San Francisco,075,870044,127868,126976,8413,135389,854
2022-04-16,San Joaquin,077,732212,167201,166645,9959,176604,2220
2022-04-16,San Luis Obispo,079,281455,52750,52698,3771,56469,476
2022-04-16,San Mateo,081,765935,124067,122652,7077,129729,699
2022-04-16,Santa Barbara,083,443738,86384,86030,4733,90763,684
2022-04-16,Santa Clara,085,1922200,319481,315296,12520,327816,2268
2022-04-16,Santa Cruz,087,273765,48573,47895,2119,50014,261
2022-04-16,Shasta,089,179085,30598,30578,6094,36672,554
2022-04-16,Sierra,091,2930,274,276,48,324,4
2022-04-16,Siskiyou,093,43540,4435,4444,2728,7172,80
2022-04-16,Solano,095,438530,82054,81781,5604,87385,447
2022-04-16,Sonoma,097,501317,84511,84172,2728,86900,485
2022-04-16,Stanislaus,099,539301,117853,117567,17888,135455,1619
2022-04-16,Sutter,101,95872,20517,20621,2087,22708,224
2022-04-16,Tehama,103,63373,12057,12061,2573,14634,199
2022-04-16,Trinity,105,12862,1184,1178,287,1465,20
2022-04-16,Tulare,107,460477,106380,105757,27593,133350,1428
2022-04-16,Tuolumne,109,53932,12717,12640,567,13207,180
2022-04-16,Ventura,111,848112,173915,173665,9451,183116,1474
2022-04-16,Yolo,113,214977,37427,36752,2940,39692,311
2022-04-16,Yuba,115,75493,15867,15857,1200,17057,121
2022-04-15,Alameda,001,1643700,259941,257897,13988,271885,1829
2022-04-15,Alpine,003,1148,124,124,1,125,0
2022-04-15,Amador,005,37829,8539,8491,646,9137,86
2022-04-15,Butte,007,227075,33293,33053,7055,40108,405
2022-04-15,Calaveras,009,45235,7284,7275,350,7625,119
2022-04-15,Colusa,011,21464,3457,3450,1047,4497,21
2022-04-15,Contra Costa,013,1133247,193829,189742,13568,203310,1298
2022-04-15,Del Norte,015,27424,5825,5809,184,5993,50
2022-04-15,El Dorado,017,186661,26829,26796,3200,29996,209
2022-04-15,Fresno,019,978130,233766,231455,24266,255721,2739
2022-04-15,Glenn,021,27897,5003,4991,1607,6598,48
2022-04-15,Humboldt,023,135768,16981,16929,2963,19892,143
2022-04-15,Imperial,025,180216,55428,55371,10541,65912,910
2022-04-15,Inyo,027,18085,4080,4075,490,4565,56
2022-04-15,Kern,029,883053,192096,191866,45815,237681,2258
2022-04-15,Kings,031,150075,51540,51544,3520,55064,445
2022-04-15,Lake,033,64148,10736,10702,887,11589,134
2022-04-15,Lassen,035,31185,8960,8950,876,9826,65
2022-04-15,Los Angeles,037,10098052,2726365,2717479,123931,2841410,31598
2022-04-15,Madera,039,155013,37288,37362,6026,43388,354
2022-04-15,Marin,041,260295,34069,33829,2506,36335,288
2022-04-15,Mariposa,043,17540,2417,2406,203,2609,30
2022-04-15,Mendocino,045,87422,13138,13107,3033,16140,122
2022-04-15,Merced,047,269075,62664,62295,8751,71046,813
2022-04-15,Modoc,049,8938,739,743,251,994,8
2022-04-15,Mono,051,14174,2981,2977,126,3103,6
2022-04-15,Monterey,053,433212,79634,79311,13760,93071,727
2022-04-15,Napa,055,140530,26011,25929,982,26911,143
2022-04-15,Nevada,057,99092,16031,16014,1202,17216,123
2022-04-15,Orange,059,3164182,549292,548311,41757,590068,6945
2022-04-15,Placer,061,380077,63063,62882,7362,70244,618
2022-04-15,Plumas,063,18699,2983,2929,365,3294,13
2022-04-15,Riverside,065,2383286,592875,591772,27881,619653,6443
2022-04-15,Sacramento,067,1510023,281974,278523,26595,305118,2978
2022-04-15,San Benito,069,59416,13012,12926,517,13443,98
2022-04-15,San Bernardino,071,2135413,575963,564397,25011,589408,6948
2022-04-15,San Diego,073,3302833,754969,756165,53205,809370,5229
2022-04-15,San Francisco,075,870044,127719,126976,8397,135373,854
2022-04-15,San Joaquin,077,732212,167178,166645,9957,176602,2220
2022-04-15,San Luis Obispo,079,281455,52742,52698,3771,56469,476
2022-04-15,San Mateo,081,765935,123931,122652,7070,129722,699
2022-04-15,Santa Barbara,083,443738,86351,86030,4732,90762,684
2022-04-15,Santa Clara,085,1922200,319189,315296,12511,327807,2268
2022-04-15,Santa Cruz,087,273765,48545,47895,2118,50013,261
2022-04-15,Shasta,089,179085,30589,30578,6094,36672,554
2022-04-15,Sierra,091,2930,274,276,48,324,4
2022-04-15,Siskiyou,093,43540,4433,4444,2728,7172,80
2022-04-15,Solano,095,438530,82029,81781,5604,87385,447
2022-04-15,Sonoma,097,501317,84458,84172,2712,86884,485
2022-04-15,Stanislaus,099,539301,117833,117567,17886,135453,1619
2022-04-15,Sutter,101,95872,20514,20621,2087,22708,224
2022-04-15,Tehama,103,63373,12057,12061,2573,14634,199
2022-04-15,Trinity,105,12862,1184,1178,287,1465,20
2022-04-15,Tulare,107,460477,106374,105757,27586,133343,1428
2022-04-15,Tuolumne,109,53932,12714,12640,564,13204,180
2022-04-15,Ventura,111,848112,173886,173665,9445,183110,1474
2022-04-15,Yolo,113,214977,37410,36752,2940,39692,311
2022-04-15,Yuba,115,75493,15864,15857,1200,17057,121
2022-04-14,Alameda,001,1643700,259676,257897,13978,271875,1829
2022-04-14,Alpine,003,1148,124,124,1,125,0
2022-04-14,Amador,005,37829,8539,8491,646,9137,86
2022-04-14,Butte,007,227075,33288,33053,7052,40105,405
2022-04-14,Calaveras,009,45235,7283,7275,350,7625,119
2022-04-14,Colusa,011,21464,3457,3450,1047,4497,21
2022-04-14,Contra Costa,013,1133247,193673,189742,13556,203298,1298
2022-04-14,Del Norte,015,27424,5824,5809,184,5993,50
2022-04-14,El Dorado,017,186661,26826,26796,3198,29994,209
2022-04-14,Fresno,019,978130,233739,231455,24265,255720,2739
2022-04-14,Glenn,021,27897,5003,4991,1605,6596,48
2022-04-14,Humboldt,023,135768,16967,16929,2962,19891,143
2022-04-14,Imperial,025,180216,55418,55371,10541,65912,910
2022-04-14,Inyo,027,18085,4080,4075,489,4564,56
2022-04-14,Kern,029,883053,192077,191866,45807,237673,2258
2022-04-14,Kings,031,150075,51532,51544,3520,55064,445
2022-04-14,Lake,033,64148,10735,10702,887,11589,134
2022-04-14,Lassen,035,31185,8960,8950,875,9825,65
2022-04-14,Los Angeles,037,10098052,2725281,2717479,123842,2841321,31598
2022-04-14,Madera,039,155013,37286,37362,6026,43388,354
2022-04-14,Marin,041,260295,34029,33829,2485,36314,288
2022-04-14,Mariposa,043,17540,2416,2406,203,2609,30
2022-04-14,Mendocino,045,87422,13133,13107,3033,16140,122
2022-04-14,Merced,047,269075,62660,62295,8750,71045,813
2022-04-14,Modoc,049,8938,738,743,251,994,8
2022-04-14,Mono,051,14174,2981,2977,125,3102,6
2022-04-14,Monterey,053,433212,79609,79311,13755,93066,727
2022-04-14,Napa,055,140530,25989,25929,981,26910,143
2022-04-14,Nevada,057,99092,16024,16014,1201,17215,123
2022-04-14,Orange,059,3164182,549102,548311,41728,590039,6945
2022-04-14,Placer,061,380077,63045,62882,7357,70239,618
2022-04-14,Plumas,063,18699,2983,2929,365,3294,13
2022-04-14,Riverside,065,2383286,592754,591772,27871,619643,6443
2022-04-14,Sacramento,067,1510023,281855,278523,26581,305104,2978
2022-04-14,San Benito,069,59416,13006,12926,517,13443,98
2022-04-14,San Bernardino,071,2135413,575791,564397,25006,589403,6948
2022-04-14,San Diego,073,3302833,754691,756165,53167,809332,5229
2022-04-14,San Francisco,075,870044,127517,126976,8384,135360,854
2022-04-14,San Joaquin,077,732212,167147,166645,9956,176601,2220
2022-04-14,San Luis Obispo,079,281455,52726,52698,3767,56465,476
2022-04-14,San Mateo,081,765935,123769,122652,7058,129710,699
2022-04-14,Santa Barbara,083,443738,86306,86030,4730,90760,684
2022-04-14,Santa Clara,085,1922200,318888,315296,12502,327798,2268
2022-04-14,Santa Cruz,087,273765,48515,47895,2117,50012,261
2022-04-14,Shasta,089,179085,30587,30578,6093,36671,554
2022-04-14,Sierra,091,2930,274,276,48,324,4
2022-04-14,Siskiyou,093,43540,4433,4444,2727,7171,80
2022-04-14,Solano,095,438530,81989,81781,5598,87379,447
2022-04-14,Sonoma,097,501317,84367,84172,2707,86879,485
2022-04-14,Stanislaus,099,539301,117814,117567,17883,135450,1619
2022-04-14,Sutter,101,95872,20512,20621,2078,22699,224
2022-04-14,Tehama,103,63373,12056,12061,2572,14633,199
2022-04-14,Trinity,105,12862,1184,1178,287,1465,20
2022-04-14,Tulare,107,460477,106360,105757,27582,133339,1428
2022-04-14,Tuolumne,109,53932,12709,12640,563,13203,180
2022-04-14,Ventura,111,848112,173837,173665,9439,183104,1474
2022-04-14,Yolo,113,214977,37383,36752,2937,39689,311
2022-04-14,Yuba,115,75493,15861,15857,1200,17057,121
2022-04-13,Alameda,001,1643700,259425,257440,13957,271397,1833
2022-04-13,Alpine,003,1148,124,124,1,125,0
2022-04-13,Amador,005,37829,8537,8490,646,9136,86
2022-04-13,Butte,007,227075,33280,33044,7052,40096,402
2022-04-13,Calaveras,009,45235,7282,7270,350,7620,119
2022-04-13,Colusa,011,21464,3457,3451,1047,4498,21
2022-04-13,Contra Costa,013,1133247,193540,189471,13542,203013,1298
2022-04-13,Del Norte,015,27424,5822,5812,184,5996,50
2022-04-13,El Dorado,017,186661,26822,26794,3198,29992,208
2022-04-13,Fresno,019,978130,233706,231325,24253,255578,2738
2022-04-13,Glenn,021,27897,5001,4989,1605,6594,48
2022-04-13,Humboldt,023,135768,16953,16922,2961,19883,143
2022-04-13,Imperial,025,180216,55405,55353,10539,65892,910
2022-04-13,Inyo,027,18085,4080,4074,486,4560,56
2022-04-13,Kern,029,883053,192051,191859,45801,237660,2249
2022-04-13,Kings,031,150075,51526,51535,3520,55055,443
2022-04-13,Lake,033,64148,10733,10695,887,11582,134
2022-04-13,Lassen,035,31185,8959,8949,875,9824,65
2022-04-13,Los Angeles,037,10098052,2724024,2715722,123767,2839489,31578
2022-04-13,Madera,039,155013,37283,37361,6026,43387,354
2022-04-13,Marin,041,260295,33990,33747,2456,36203,288
2022-04-13,Mariposa,043,17540,2410,2402,203,2605,29
2022-04-13,Mendocino,045,87422,13124,13101,3031,16132,120
2022-04-13,Merced,047,269075,62650,62276,8749,71025,811
2022-04-13,Modoc,049,8938,738,743,251,994,8
2022-04-13,Mono,051,14174,2979,2971,125,3096,6
2022-04-13,Monterey,053,433212,79596,79179,13748,92927,727
2022-04-13,Napa,055,140530,25972,25892,978,26870,143
2022-04-13,Nevada,057,99092,16018,16002,1201,17203,123
2022-04-13,Orange,059,3164182,548907,547783,41704,589487,6935
2022-04-13,Placer,061,380077,63018,62851,7354,70205,615
2022-04-13,Plumas,063,18699,2982,2923,365,3288,13
2022-04-13,Riverside,065,2383286,592614,591659,27864,619523,6437
2022-04-13,Sacramento,067,1510023,281769,277866,26578,304444,2974
2022-04-13,San Benito,069,59416,13000,12927,517,13444,98
2022-04-13,San Bernardino,071,2135413,575646,563709,25001,588710,6905
2022-04-13,San Diego,073,3302833,754407,755584,53135,808719,5223
2022-04-13,San Francisco,075,870044,127349,126608,8364,134972,850
2022-04-13,San Joaquin,077,732212,167112,166654,9954,176608,2219
2022-04-13,San Luis Obispo,079,281455,52702,52660,3767,56427,476
2022-04-13,San Mateo,081,765935,123615,122167,7037,129204,699
2022-04-13,Santa Barbara,083,443738,86268,85938,4725,90663,684
2022-04-13,Santa Clara,085,1922200,318618,314863,12485,327348,2267
2022-04-13,Santa Cruz,087,273765,48461,47765,2116,49881,260
2022-04-13,Shasta,089,179085,30585,30569,6093,36662,551
2022-04-13,Sierra,091,2930,274,276,48,324,4
2022-04-13,Siskiyou,093,43540,4432,4444,2726,7170,80
2022-04-13,Solano,095,438530,81951,81843,5595,87438,448
2022-04-13,Sonoma,097,501317,84297,84033,2693,86726,485
2022-04-13,Stanislaus,099,539301,117796,117573,17878,135451,1577
2022-04-13,Sutter,101,95872,20508,20610,2078,22688,223
2022-04-13,Tehama,103,63373,12055,12062,2571,14633,200
2022-04-13,Trinity,105,12862,1184,1177,287,1464,20
2022-04-13,Tulare,107,460477,106353,105519,27577,133096,1426
2022-04-13,Tuolumne,109,53932,12703,12639,563,13202,180
2022-04-13,Ventura,111,848112,173780,173558,9433,182991,1474
2022-04-13,Yolo,113,214977,37344,36684,2935,39619,311
2022-04-13,Yuba,115,75493,15857,15851,1200,17051,121
2022-04-12,Alameda,001,1643700,259182,257440,13948,271388,1833
2022-04-12,Alpine,003,1148,124,124,1,125,0
2022-04-12,Amador,005,37829,8536,8490,646,9136,86
2022-04-12,Butte,007,227075,33268,33044,7046,40090,402
2022-04-12,Calaveras,009,45235,7278,7270,349,7619,119
2022-04-12,Colusa,011,21464,3457,3451,1047,4498,21
2022-04-12,Contra Costa,013,1133247,193385,189471,13529,203000,1298
2022-04-12,Del Norte,015,27424,5819,5812,184,5996,50
2022-04-12,El Dorado,017,186661,26810,26794,3198,29992,208
2022-04-12,Fresno,019,978130,233676,231325,24246,255571,2738
2022-04-12,Glenn,021,27897,5001,4989,1605,6594,48
2022-04-12,Humboldt,023,135768,16945,16922,2959,19881,143
2022-04-12,Imperial,025,180216,55401,55353,10530,65883,910
2022-04-12,Inyo,027,18085,4080,4074,486,4560,56
2022-04-12,Kern,029,883053,192031,191859,45792,237651,2249
2022-04-12,Kings,031,150075,51518,51535,3518,55053,443
2022-04-12,Lake,033,64148,10729,10695,886,11581,134
2022-04-12,Lassen,035,31185,8959,8949,875,9824,65
2022-04-12,Los Angeles,037,10098052,2722784,2715722,123665,2839387,31578
2022-04-12,Madera,039,155013,37282,37361,6026,43387,354
2022-04-12,Marin,041,260295,33944,33747,2430,36177,288
2022-04-12,Mariposa,043,17540,2410,2402,203,2605,29
2022-04-12,Mendocino,045,87422,13116,13101,3025,16126,120
2022-04-12,Merced,047,269075,62636,62276,8747,71023,811
2022-04-12,Modoc,049,8938,738,743,250,993,8
2022-04-12,Mono,051,14174,2979,2971,125,3096,6
2022-04-12,Monterey,053,433212,79572,79179,13741,92920,727
2022-04-12,Napa,055,140530,25949,25892,968,26860,143
2022-04-12,Nevada,057,99092,16015,16002,1200,17202,123
2022-04-12,Orange,059,3164182,548656,547783,41670,589453,6935
2022-04-12,Placer,061,380077,62995,62851,7348,70199,615
2022-04-12,Plumas,063,18699,2981,2923,365,3288,13
2022-04-12,Riverside,065,2383286,592470,591659,27844,619503,6437
2022-04-12,Sacramento,067,1510023,281654,277866,26575,304441,2974
2022-04-12,San Benito,069,59416,12995,12927,516,13443,98
2022-04-12,San Bernardino,071,2135413,575473,563709,24998,588707,6905
2022-04-12,San Diego,073,3302833,754075,755584,53093,808677,5223
2022-04-12,San Francisco,075,870044,127137,126608,8350,134958,850
2022-04-12,San Joaquin,077,732212,167082,166654,9952,176606,2219
2022-04-12,San Luis Obispo,079,281455,52668,52660,3761,56421,476
2022-04-12,San Mateo,081,765935,123450,122167,7023,129190,699
2022-04-12,Santa Barbara,083,443738,86222,85938,4721,90659,684
2022-04-12,Santa Clara,085,1922200,318326,314863,12475,327338,2267
2022-04-12,Santa Cruz,087,273765,48381,47765,2113,49878,260
2022-04-12,Shasta,089,179085,30585,30569,6092,36661,551
2022-04-12,Sierra,091,2930,274,276,48,324,4
2022-04-12,Siskiyou,093,43540,4432,4444,2724,7168,80
2022-04-12,Solano,095,438530,81911,81843,5593,87436,448
2022-04-12,Sonoma,097,501317,84238,84033,2687,86720,485
2022-04-12,Stanislaus,099,539301,117776,117573,17874,135447,1577
2022-04-12,Sutter,101,95872,20505,20610,2078,22688,223
2022-04-12,Tehama,103,63373,12053,12062,2571,14633,200
2022-04-12,Trinity,105,12862,1184,1177,287,1464,20
2022-04-12,Tulare,107,460477,106338,105519,27572,133091,1426
2022-04-12,Tuolumne,109,53932,12701,12639,561,13200,180
2022-04-12,Ventura,111,848112,173732,173558,9427,182985,1474
2022-04-12,Yolo,113,214977,37304,36684,2929,39613,311
2022-04-12,Yuba,115,75493,15852,15851,1200,17051,121
2022-04-11,Alameda,001,1643700,258890,256649,13933,270582,1826
2022-04-11,Alpine,003,1148,124,124,1,125,0
2022-04-11,Amador,005,37829,8535,8489,646,9135,86
2022-04-11,Butte,007,227075,33255,33031,7042,40073,399
2022-04-11,Calaveras,009,45235,7275,7260,349,7609,119
2022-04-11,Colusa,011,21464,3455,3449,1047,4496,21
2022-04-11,Contra Costa,013,1133247,193218,189154,13512,202666,1296
2022-04-11,Del Norte,015,27424,5818,5811,184,5995,50
2022-04-11,El Dorado,017,186661,26797,26757,3197,29954,207
2022-04-11,Fresno,019,978130,233654,231090,24245,255335,2731
2022-04-11,Glenn,021,27897,5000,4988,1604,6592,47
2022-04-11,Humboldt,023,135768,16930,16913,2957,19870,141
2022-04-11,Imperial,025,180216,55396,55267,10528,65795,910
2022-04-11,Inyo,027,18085,4080,4071,486,4557,56
2022-04-11,Kern,029,883053,192006,191542,45790,237332,2244
2022-04-11,Kings,031,150075,51514,51519,3518,55037,443
2022-04-11,Lake,033,64148,10728,10690,885,11575,134
2022-04-11,Lassen,035,31185,8959,8948,875,9823,65
2022-04-11,Los Angeles,037,10098052,2721531,2709735,123593,2833328,31509
2022-04-11,Madera,039,155013,37275,37356,6026,43382,354
2022-04-11,Marin,041,260295,33886,33648,2413,36061,288
2022-04-11,Mariposa,043,17540,2409,2394,203,2597,29
2022-04-11,Mendocino,045,87422,13112,13087,3023,16110,120
2022-04-11,Merced,047,269075,62626,62231,8745,70976,811
2022-04-11,Modoc,049,8938,738,743,250,993,8
2022-04-11,Mono,051,14174,2978,2967,124,3091,6
2022-04-11,Monterey,053,433212,79552,79103,13732,92835,727
2022-04-11,Napa,055,140530,25932,25824,966,26790,144
2022-04-11,Nevada,057,99092,16011,15976,1200,17176,123
2022-04-11,Orange,059,3164182,548450,546983,41636,588619,6912
2022-04-11,Placer,061,380077,62973,62831,7347,70178,616
2022-04-11,Plumas,063,18699,2979,2887,365,3252,13
2022-04-11,Riverside,065,2383286,592343,591268,27827,619095,6429
2022-04-11,Sacramento,067,1510023,281554,277125,26571,303696,2972
2022-04-11,San Benito,069,59416,12994,12917,516,13433,98
2022-04-11,San Bernardino,071,2135413,575323,562571,24989,587560,6892
2022-04-11,San Diego,073,3302833,753749,754281,53053,807334,5210
2022-04-11,San Francisco,075,870044,126907,125963,8338,134301,844
2022-04-11,San Joaquin,077,732212,167044,166547,9946,176493,2212
2022-04-11,San Luis Obispo,079,281455,52645,52609,3760,56369,476
2022-04-11,San Mateo,081,765935,123260,121514,7013,128527,698
2022-04-11,Santa Barbara,083,443738,86173,85754,4716,90470,680
2022-04-11,Santa Clara,085,1922200,317981,313965,12460,326425,2266
2022-04-11,Santa Cruz,087,273765,48286,47624,2110,49734,259
2022-04-11,Shasta,089,179085,30580,30586,6091,36677,549
2022-04-11,Sierra,091,2930,274,272,48,320,4
2022-04-11,Siskiyou,093,43540,4432,4444,2722,7166,80
2022-04-11,Solano,095,438530,81883,81886,5592,87478,448
2022-04-11,Sonoma,097,501317,84170,83600,2675,86275,485
2022-04-11,Stanislaus,099,539301,117742,117528,17866,135394,1578
2022-04-11,Sutter,101,95872,20502,20591,2078,22669,223
2022-04-11,Tehama,103,63373,12052,12059,2570,14629,201
2022-04-11,Trinity,105,12862,1184,1177,287,1464,20
2022-04-11,Tulare,107,460477,106327,105278,27564,132842,1415
2022-04-11,Tuolumne,109,53932,12698,12632,561,13193,180
2022-04-11,Ventura,111,848112,173673,173343,9426,182769,1467
2022-04-11,Yolo,113,214977,37267,36587,2927,39514,312
2022-04-11,Yuba,115,75493,15849,15848,1199,17047,121
2022-04-10,Alameda,001,1643700,258556,256649,13922,270571,1826
2022-04-10,Alpine,003,1148,124,124,1,125,0
2022-04-10,Amador,005,37829,8533,8489,646,9135,86
2022-04-10,Butte,007,227075,33251,33031,7038,40069,399
2022-04-10,Calaveras,009,45235,7272,7260,349,7609,119
2022-04-10,Colusa,011,21464,3454,3449,1047,4496,21
2022-04-10,Contra Costa,013,1133247,193058,189154,13492,202646,1296
2022-04-10,Del Norte,015,27424,5815,5811,184,5995,50
2022-04-10,El Dorado,017,186661,26790,26757,3195,29952,207
2022-04-10,Fresno,019,978130,233616,231090,24243,255333,2731
2022-04-10,Glenn,021,27897,5000,4988,1604,6592,47
2022-04-10,Humboldt,023,135768,16920,16913,2955,19868,141
2022-04-10,Imperial,025,180216,55392,55267,10526,65793,910
2022-04-10,Inyo,027,18085,4080,4071,484,4555,56
2022-04-10,Kern,029,883053,191988,191542,45785,237327,2244
2022-04-10,Kings,031,150075,51512,51519,3518,55037,443
2022-04-10,Lake,033,64148,10724,10690,883,11573,134
2022-04-10,Lassen,035,31185,8958,8948,875,9823,65
2022-04-10,Los Angeles,037,10098052,2720209,2709735,123505,2833240,31509
2022-04-10,Madera,039,155013,37270,37356,6025,43381,354
2022-04-10,Marin,041,260295,33846,33648,2384,36032,288
2022-04-10,Mariposa,043,17540,2407,2394,203,2597,29
2022-04-10,Mendocino,045,87422,13104,13087,3022,16109,120
2022-04-10,Merced,047,269075,62615,62231,8743,70974,811
2022-04-10,Modoc,049,8938,738,743,250,993,8
2022-04-10,Mono,051,14174,2975,2967,124,3091,6
2022-04-10,Monterey,053,433212,79536,79103,13722,92825,727
2022-04-10,Napa,055,140530,25910,25824,964,26788,144
2022-04-10,Nevada,057,99092,15994,15976,1200,17176,123
2022-04-10,Orange,059,3164182,548200,546983,41597,588580,6912
2022-04-10,Placer,061,380077,62939,62831,7346,70177,616
2022-04-10,Plumas,063,18699,2977,2887,365,3252,13
2022-04-10,Riverside,065,2383286,592193,591268,27814,619082,6429
2022-04-10,Sacramento,067,1510023,281456,277125,26561,303686,2972
2022-04-10,San Benito,069,59416,12990,12917,516,13433,98
2022-04-10,San Bernardino,071,2135413,575091,562571,24980,587551,6892
2022-04-10,San Diego,073,3302833,753421,754281,53005,807286,5210
2022-04-10,San Francisco,075,870044,126666,125963,8323,134286,844
2022-04-10,San Joaquin,077,732212,166997,166547,9939,176486,2212
2022-04-10,San Luis Obispo,079,281455,52610,52609,3758,56367,476
2022-04-10,San Mateo,081,765935,123091,121514,7000,128514,698
2022-04-10,Santa Barbara,083,443738,86089,85754,4706,90460,680
2022-04-10,Santa Clara,085,1922200,317652,313965,12446,326411,2266
2022-04-10,Santa Cruz,087,273765,48197,47624,2109,49733,259
2022-04-10,Shasta,089,179085,30573,30586,6091,36677,549
2022-04-10,Sierra,091,2930,274,272,48,320,4
2022-04-10,Siskiyou,093,43540,4432,4444,2721,7165,80
2022-04-10,Solano,095,438530,81836,81886,5587,87473,448
2022-04-10,Sonoma,097,501317,84069,83600,2668,86268,485
2022-04-10,Stanislaus,099,539301,117719,117528,17859,135387,1578
2022-04-10,Sutter,101,95872,20498,20591,2074,22665,223
2022-04-10,Tehama,103,63373,12050,12059,2570,14629,201
2022-04-10,Trinity,105,12862,1184,1177,287,1464,20
2022-04-10,Tulare,107,460477,106313,105278,27557,132835,1415
2022-04-10,Tuolumne,109,53932,12691,12632,561,13193,180
2022-04-10,Ventura,111,848112,173594,173343,9421,182764,1467
2022-04-10,Yolo,113,214977,37237,36587,2922,39509,312
2022-04-10,Yuba,115,75493,15848,15848,1199,17047,121
2022-04-09,Alameda,001,1643700,258382,256649,13917,270566,1826
2022-04-09,Alpine,003,1148,124,124,1,125,0
2022-04-09,Amador,005,37829,8533,8489,645,9134,86
2022-04-09,Butte,007,227075,33248,33031,7038,40069,399
2022-04-09,Calaveras,009,45235,7271,7260,349,7609,119
2022-04-09,Colusa,011,21464,3453,3449,1047,4496,21
2022-04-09,Contra Costa,013,1133247,192962,189154,13485,202639,1296
2022-04-09,Del Norte,015,27424,5814,5811,184,5995,50
2022-04-09,El Dorado,017,186661,26783,26757,3195,29952,207
2022-04-09,Fresno,019,978130,233595,231090,24243,255333,2731
2022-04-09,Glenn,021,27897,5000,4988,1604,6592,47
2022-04-09,Humboldt,023,135768,16913,16913,2955,19868,141
2022-04-09,Imperial,025,180216,55387,55267,10526,65793,910
2022-04-09,Inyo,027,18085,4080,4071,484,4555,56
2022-04-09,Kern,029,883053,191979,191542,45780,237322,2244
2022-04-09,Kings,031,150075,51506,51519,3518,55037,443
2022-04-09,Lake,033,64148,10722,10690,883,11573,134
2022-04-09,Lassen,035,31185,8958,8948,875,9823,65
2022-04-09,Los Angeles,037,10098052,2719525,2709735,123432,2833167,31509
2022-04-09,Madera,039,155013,37267,37356,6025,43381,354
2022-04-09,Marin,041,260295,33807,33648,2347,35995,288
2022-04-09,Mariposa,043,17540,2407,2394,203,2597,29
2022-04-09,Mendocino,045,87422,13102,13087,3022,16109,120
2022-04-09,Merced,047,269075,62603,62231,8741,70972,811
2022-04-09,Modoc,049,8938,738,743,250,993,8
2022-04-09,Mono,051,14174,2974,2967,123,3090,6
2022-04-09,Monterey,053,433212,79527,79103,13718,92821,727
2022-04-09,Napa,055,140530,25885,25824,964,26788,144
2022-04-09,Nevada,057,99092,15991,15976,1200,17176,123
2022-04-09,Orange,059,3164182,548079,546983,41575,588558,6912
2022-04-09,Placer,061,380077,62924,62831,7344,70175,616
2022-04-09,Plumas,063,18699,2977,2887,365,3252,13
2022-04-09,Riverside,065,2383286,592103,591268,27804,619072,6429
2022-04-09,Sacramento,067,1510023,281409,277125,26559,303684,2972
2022-04-09,San Benito,069,59416,12989,12917,515,13432,98
2022-04-09,San Bernardino,071,2135413,575024,562571,24977,587548,6892
2022-04-09,San Diego,073,3302833,753273,754281,52991,807272,5210
2022-04-09,San Francisco,075,870044,126541,125963,8315,134278,844
2022-04-09,San Joaquin,077,732212,166981,166547,9936,176483,2212
2022-04-09,San Luis Obispo,079,281455,52610,52609,3755,56364,476
2022-04-09,San Mateo,081,765935,122997,121514,6997,128511,698
2022-04-09,Santa Barbara,083,443738,86056,85754,4706,90460,680
2022-04-09,Santa Clara,085,1922200,317456,313965,12443,326408,2266
2022-04-09,Santa Cruz,087,273765,48164,47624,2107,49731,259
2022-04-09,Shasta,089,179085,30571,30586,6091,36677,549
2022-04-09,Sierra,091,2930,274,272,48,320,4
2022-04-09,Siskiyou,093,43540,4431,4444,2720,7164,80
2022-04-09,Solano,095,438530,81818,81886,5585,87471,448
2022-04-09,Sonoma,097,501317,84030,83600,2664,86264,485
2022-04-09,Stanislaus,099,539301,117706,117528,17857,135385,1578
2022-04-09,Sutter,101,95872,20498,20591,2074,22665,223
2022-04-09,Tehama,103,63373,12050,12059,2570,14629,201
2022-04-09,Trinity,105,12862,1184,1177,287,1464,20
2022-04-09,Tulare,107,460477,106310,105278,27555,132833,1415
2022-04-09,Tuolumne,109,53932,12689,12632,561,13193,180
2022-04-09,Ventura,111,848112,173557,173343,9418,182761,1467
2022-04-09,Yolo,113,214977,37218,36587,2922,39509,312
2022-04-09,Yuba,115,75493,15847,15848,1199,17047,121
2022-04-08,Alameda,001,1643700,258222,256649,13911,270560,1826
2022-04-08,Alpine,003,1148,124,124,1,125,0
2022-04-08,Amador,005,37829,8531,8489,644,9133,86
2022-04-08,Butte,007,227075,33242,33031,7035,40066,399
2022-04-08,Calaveras,009,45235,7269,7260,349,7609,119
2022-04-08,Colusa,011,21464,3453,3449,1047,4496,21
2022-04-08,Contra Costa,013,1133247,192884,189154,13472,202626,1296
2022-04-08,Del Norte,015,27424,5812,5811,184,5995,50
2022-04-08,El Dorado,017,186661,26781,26757,3195,29952,207
2022-04-08,Fresno,019,978130,233575,231090,24241,255331,2731
2022-04-08,Glenn,021,27897,5000,4988,1604,6592,47
2022-04-08,Humboldt,023,135768,16909,16913,2953,19866,141
2022-04-08,Imperial,025,180216,55383,55267,10526,65793,910
2022-04-08,Inyo,027,18085,4078,4071,483,4554,56
2022-04-08,Kern,029,883053,191960,191542,45779,237321,2244
2022-04-08,Kings,031,150075,51501,51519,3518,55037,443
2022-04-08,Lake,033,64148,10722,10690,883,11573,134
2022-04-08,Lassen,035,31185,8958,8948,875,9823,65
2022-04-08,Los Angeles,037,10098052,2718899,2709735,123374,2833109,31509
2022-04-08,Madera,039,155013,37265,37356,6024,43380,354
2022-04-08,Marin,041,260295,33785,33648,2333,35981,288
2022-04-08,Mariposa,043,17540,2407,2394,202,2596,29
2022-04-08,Mendocino,045,87422,13100,13087,3022,16109,120
2022-04-08,Merced,047,269075,62598,62231,8738,70969,811
2022-04-08,Modoc,049,8938,738,743,250,993,8
2022-04-08,Mono,051,14174,2972,2967,123,3090,6
2022-04-08,Monterey,053,433212,79517,79103,13717,92820,727
2022-04-08,Napa,055,140530,25873,25824,956,26780,144
2022-04-08,Nevada,057,99092,15988,15976,1200,17176,123
2022-04-08,Orange,059,3164182,547960,546983,41561,588544,6912
2022-04-08,Placer,061,380077,62906,62831,7342,70173,616
2022-04-08,Plumas,063,18699,2974,2887,365,3252,13
2022-04-08,Riverside,065,2383286,592027,591268,27801,619069,6429
2022-04-08,Sacramento,067,1510023,281362,277125,26558,303683,2972
2022-04-08,San Benito,069,59416,12989,12917,515,13432,98
2022-04-08,San Bernardino,071,2135413,574971,562571,24974,587545,6892
2022-04-08,San Diego,073,3302833,753105,754281,52980,807261,5210
2022-04-08,San Francisco,075,870044,126445,125963,8310,134273,844
2022-04-08,San Joaquin,077,732212,166963,166547,9934,176481,2212
2022-04-08,San Luis Obispo,079,281455,52605,52609,3755,56364,476
2022-04-08,San Mateo,081,765935,122890,121514,6993,128507,698
2022-04-08,Santa Barbara,083,443738,86035,85754,4706,90460,680
2022-04-08,Santa Clara,085,1922200,317270,313965,12436,326401,2266
2022-04-08,Santa Cruz,087,273765,48147,47624,2104,49728,259
2022-04-08,Shasta,089,179085,30568,30586,6091,36677,549
2022-04-08,Sierra,091,2930,274,272,48,320,4
2022-04-08,Siskiyou,093,43540,4431,4444,2720,7164,80
2022-04-08,Solano,095,438530,81798,81886,5584,87470,448
2022-04-08,Sonoma,097,501317,83979,83600,2660,86260,485
2022-04-08,Stanislaus,099,539301,117691,117528,17855,135383,1578
2022-04-08,Sutter,101,95872,20498,20591,2074,22665,223
2022-04-08,Tehama,103,63373,12050,12059,2570,14629,201
2022-04-08,Trinity,105,12862,1184,1177,287,1464,20
2022-04-08,Tulare,107,460477,106305,105278,27551,132829,1415
2022-04-08,Tuolumne,109,53932,12688,12632,560,13192,180
2022-04-08,Ventura,111,848112,173528,173343,9416,182759,1467
2022-04-08,Yolo,113,214977,37209,36587,2921,39508,312
2022-04-08,Yuba,115,75493,15846,15848,1199,17047,121
2022-04-07,Alameda,001,1643700,258026,256649,13903,270552,1826
2022-04-07,Alpine,003,1148,124,124,1,125,0
2022-04-07,Amador,005,37829,8530,8489,641,9130,86
2022-04-07,Butte,007,227075,33238,33031,7033,40064,399
2022-04-07,Calaveras,009,45235,7267,7260,349,7609,119
2022-04-07,Colusa,011,21464,3452,3449,1047,4496,21
2022-04-07,Contra Costa,013,1133247,192765,189154,13460,202614,1296
2022-04-07,Del Norte,015,27424,5811,5811,184,5995,50
2022-04-07,El Dorado,017,186661,26769,26757,3193,29950,207
2022-04-07,Fresno,019,978130,233549,231090,24240,255330,2731
2022-04-07,Glenn,021,27897,4999,4988,1603,6591,47
2022-04-07,Humboldt,023,135768,16902,16913,2951,19864,141
2022-04-07,Imperial,025,180216,55381,55267,10524,65791,910
2022-04-07,Inyo,027,18085,4078,4071,483,4554,56
2022-04-07,Kern,029,883053,191936,191542,45776,237318,2244
2022-04-07,Kings,031,150075,51493,51519,3518,55037,443
2022-04-07,Lake,033,64148,10718,10690,883,11573,134
2022-04-07,Lassen,035,31185,8958,8948,875,9823,65
2022-04-07,Los Angeles,037,10098052,2717991,2709735,123299,2833034,31509
2022-04-07,Madera,039,155013,37261,37356,6024,43380,354
2022-04-07,Marin,041,260295,33765,33648,2315,35963,288
2022-04-07,Mariposa,043,17540,2404,2394,201,2595,29
2022-04-07,Mendocino,045,87422,13096,13087,3021,16108,120
2022-04-07,Merced,047,269075,62588,62231,8733,70964,811
2022-04-07,Modoc,049,8938,738,743,250,993,8
2022-04-07,Mono,051,14174,2971,2967,123,3090,6
2022-04-07,Monterey,053,433212,79495,79103,13713,92816,727
2022-04-07,Napa,055,140530,25857,25824,952,26776,144
2022-04-07,Nevada,057,99092,15980,15976,1199,17175,123
2022-04-07,Orange,059,3164182,547804,546983,41531,588514,6912
2022-04-07,Placer,061,380077,62889,62831,7339,70170,616
2022-04-07,Plumas,063,18699,2974,2887,365,3252,13
2022-04-07,Riverside,065,2383286,591925,591268,27787,619055,6429
2022-04-07,Sacramento,067,1510023,281297,277125,26551,303676,2972
2022-04-07,San Benito,069,59416,12988,12917,515,13432,98
2022-04-07,San Bernardino,071,2135413,574811,562571,24961,587532,6892
2022-04-07,San Diego,073,3302833,752837,754281,52948,807229,5210
2022-04-07,San Francisco,075,870044,126288,125963,8295,134258,844
2022-04-07,San Joaquin,077,732212,166922,166547,9931,176478,2212
2022-04-07,San Luis Obispo,079,281455,52587,52609,3753,56362,476
2022-04-07,San Mateo,081,765935,122767,121514,6977,128491,698
2022-04-07,Santa Barbara,083,443738,85991,85754,4704,90458,680
2022-04-07,Santa Clara,085,1922200,317047,313965,12424,326389,2266
2022-04-07,Santa Cruz,087,273765,48128,47624,2100,49724,259
2022-04-07,Shasta,089,179085,30566,30586,6091,36677,549
2022-04-07,Sierra,091,2930,274,272,48,320,4
2022-04-07,Siskiyou,093,43540,4431,4444,2719,7163,80
2022-04-07,Solano,095,438530,81768,81886,5584,87470,448
2022-04-07,Sonoma,097,501317,83936,83600,2654,86254,485
2022-04-07,Stanislaus,099,539301,117669,117528,17852,135380,1578
2022-04-07,Sutter,101,95872,20494,20591,2073,22664,223
2022-04-07,Tehama,103,63373,12049,12059,2570,14629,201
2022-04-07,Trinity,105,12862,1184,1177,287,1464,20
2022-04-07,Tulare,107,460477,106299,105278,27550,132828,1415
2022-04-07,Tuolumne,109,53932,12686,12632,559,13191,180
2022-04-07,Ventura,111,848112,173499,173343,9414,182757,1467
2022-04-07,Yolo,113,214977,37191,36587,2921,39508,312
2022-04-07,Yuba,115,75493,15844,15848,1199,17047,121
2022-04-06,Alameda,001,1643700,257840,256143,13895,270038,1814
2022-04-06,Alpine,003,1148,124,124,1,125,0
2022-04-06,Amador,005,37829,8529,8488,641,9129,86
2022-04-06,Butte,007,227075,33233,32997,7031,40028,396
2022-04-06,Calaveras,009,45235,7265,7258,349,7607,120
2022-04-06,Colusa,011,21464,3452,3447,1047,4494,21
2022-04-06,Contra Costa,013,1133247,192699,188850,13444,202294,1296
2022-04-06,Del Norte,015,27424,5811,5809,184,5993,50
2022-04-06,El Dorado,017,186661,26766,26744,3193,29937,205
2022-04-06,Fresno,019,978130,233514,230942,24236,255178,2725
2022-04-06,Glenn,021,27897,4999,4986,1602,6588,47
2022-04-06,Humboldt,023,135768,16898,16904,2950,19854,140
2022-04-06,Imperial,025,180216,55375,55294,10524,65818,908
2022-04-06,Inyo,027,18085,4077,4068,481,4549,56
2022-04-06,Kern,029,883053,191914,191449,45774,237223,2234
2022-04-06,Kings,031,150075,51492,51491,3517,55008,443
2022-04-06,Lake,033,64148,10714,10679,883,11562,136
2022-04-06,Lassen,035,31185,8958,8945,875,9820,65
2022-04-06,Los Angeles,037,10098052,2716947,2707306,123229,2830535,31465
2022-04-06,Madera,039,155013,37257,37349,6024,43373,354
2022-04-06,Marin,041,260295,33744,33566,2308,35874,288
2022-04-06,Mariposa,043,17540,2403,2392,201,2593,29
2022-04-06,Mendocino,045,87422,13092,13074,3020,16094,119
2022-04-06,Merced,047,269075,62580,62195,8729,70924,810
2022-04-06,Modoc,049,8938,738,741,250,991,8
2022-04-06,Mono,051,14174,2970,2967,123,3090,6
2022-04-06,Monterey,053,433212,79482,79019,13705,92724,727
2022-04-06,Napa,055,140530,25838,25790,948,26738,143
2022-04-06,Nevada,057,99092,15978,15974,1199,17173,123
2022-04-06,Orange,059,3164182,547636,546491,41508,587999,6887
2022-04-06,Placer,061,380077,62883,62787,7338,70125,615
2022-04-06,Plumas,063,18699,2974,2850,365,3215,13
2022-04-06,Riverside,065,2383286,591828,590826,27782,618608,6424
2022-04-06,Sacramento,067,1510023,281219,276567,26547,303114,2953
2022-04-06,San Benito,069,59416,12987,12908,515,13423,98
2022-04-06,San Bernardino,071,2135413,574680,561648,24959,586607,6883
2022-04-06,San Diego,073,3302833,752543,753402,52909,806311,5192
2022-04-06,San Francisco,075,870044,126129,125536,8289,133825,843
2022-04-06,San Joaquin,077,732212,166889,166415,9928,176343,2207
2022-04-06,San Luis Obispo,079,281455,52565,52557,3751,56308,475
2022-04-06,San Mateo,081,765935,122658,121041,6966,128007,693
2022-04-06,Santa Barbara,083,443738,85951,85630,4700,90330,679
2022-04-06,Santa Clara,085,1922200,316850,313278,12404,325682,2265
2022-04-06,Santa Cruz,087,273765,48074,47446,2095,49541,259
2022-04-06,Shasta,089,179085,30565,30565,6091,36656,529
2022-04-06,Sierra,091,2930,274,272,48,320,4
2022-04-06,Siskiyou,093,43540,4431,4442,2719,7161,80
2022-04-06,Solano,095,438530,81733,81789,5579,87368,447
2022-04-06,Sonoma,097,501317,83872,83361,2649,86010,485
2022-04-06,Stanislaus,099,539301,117653,117534,17846,135380,1578
2022-04-06,Sutter,101,95872,20489,20581,2073,22654,222
2022-04-06,Tehama,103,63373,12047,12049,2570,14619,198
2022-04-06,Trinity,105,12862,1184,1173,287,1460,20
2022-04-06,Tulare,107,460477,106292,104826,27545,132371,1414
2022-04-06,Tuolumne,109,53932,12684,12621,559,13180,180
2022-04-06,Ventura,111,848112,173446,173179,9408,182587,1460
2022-04-06,Yolo,113,214977,37166,36393,2920,39313,314
2022-04-06,Yuba,115,75493,15839,15839,1199,17038,121
2022-04-05,Alameda,001,1643700,257628,256143,13885,270028,1814
2022-04-05,Alpine,003,1148,124,124,1,125,0
2022-04-05,Amador,005,37829,8527,8488,641,9129,86
2022-04-05,Butte,007,227075,33228,32997,7028,40025,396
2022-04-05,Calaveras,009,45235,7261,7258,349,7607,120
2022-04-05,Colusa,011,21464,3450,3447,1046,4493,21
2022-04-05,Contra Costa,013,1133247,192606,188850,13437,202287,1296
2022-04-05,Del Norte,015,27424,5809,5809,184,5993,50
2022-04-05,El Dorado,017,186661,26754,26744,3193,29937,205
2022-04-05,Fresno,019,978130,233478,230942,24228,255170,2725
2022-04-05,Glenn,021,27897,4999,4986,1601,6587,47
2022-04-05,Humboldt,023,135768,16892,16904,2950,19854,140
2022-04-05,Imperial,025,180216,55373,55294,10524,65818,908
2022-04-05,Inyo,027,18085,4076,4068,480,4548,56
2022-04-05,Kern,029,883053,191894,191449,45771,237220,2234
2022-04-05,Kings,031,150075,51489,51491,3517,55008,443
2022-04-05,Lake,033,64148,10711,10679,883,11562,136
2022-04-05,Lassen,035,31185,8958,8945,874,9819,65
2022-04-05,Los Angeles,037,10098052,2715894,2707306,123155,2830461,31465
2022-04-05,Madera,039,155013,37250,37349,6022,43371,354
2022-04-05,Marin,041,260295,33689,33566,2293,35859,288
2022-04-05,Mariposa,043,17540,2403,2392,201,2593,29
2022-04-05,Mendocino,045,87422,13086,13074,3019,16093,119
2022-04-05,Merced,047,269075,62568,62195,8724,70919,810
2022-04-05,Modoc,049,8938,738,741,250,991,8
2022-04-05,Mono,051,14174,2969,2967,123,3090,6
2022-04-05,Monterey,053,433212,79459,79019,13694,92713,727
2022-04-05,Napa,055,140530,25829,25790,943,26733,143
2022-04-05,Nevada,057,99092,15970,15974,1199,17173,123
2022-04-05,Orange,059,3164182,547455,546491,41479,587970,6887
2022-04-05,Placer,061,380077,62857,62787,7338,70125,615
2022-04-05,Plumas,063,18699,2974,2850,365,3215,13
2022-04-05,Riverside,065,2383286,591707,590826,27770,618596,6424
2022-04-05,Sacramento,067,1510023,281139,276567,26542,303109,2953
2022-04-05,San Benito,069,59416,12980,12908,515,13423,98
2022-04-05,San Bernardino,071,2135413,574549,561648,24949,586597,6883
2022-04-05,San Diego,073,3302833,752235,753402,52865,806267,5192
2022-04-05,San Francisco,075,870044,125927,125536,8281,133817,843
2022-04-05,San Joaquin,077,732212,166847,166415,9926,176341,2207
2022-04-05,San Luis Obispo,079,281455,52548,52557,3746,56303,475
2022-04-05,San Mateo,081,765935,122540,121041,6956,127997,693
2022-04-05,Santa Barbara,083,443738,85915,85630,4699,90329,679
2022-04-05,Santa Clara,085,1922200,316590,313278,12391,325669,2265
2022-04-05,Santa Cruz,087,273765,48007,47446,2092,49538,259
2022-04-05,Shasta,089,179085,30565,30565,6089,36654,529
2022-04-05,Sierra,091,2930,274,272,48,320,4
2022-04-05,Siskiyou,093,43540,4431,4442,2719,7161,80
2022-04-05,Solano,095,438530,81680,81789,5576,87365,447
2022-04-05,Sonoma,097,501317,83808,83361,2640,86001,485
2022-04-05,Stanislaus,099,539301,117639,117534,17837,135371,1578
2022-04-05,Sutter,101,95872,20485,20581,2072,22653,222
2022-04-05,Tehama,103,63373,12045,12049,2569,14618,198
2022-04-05,Trinity,105,12862,1184,1173,287,1460,20
2022-04-05,Tulare,107,460477,106282,104826,27542,132368,1414
2022-04-05,Tuolumne,109,53932,12683,12621,559,13180,180
2022-04-05,Ventura,111,848112,173390,173179,9401,182580,1460
2022-04-05,Yolo,113,214977,37151,36393,2917,39310,314
2022-04-05,Yuba,115,75493,15837,15839,1199,17038,121
2022-04-04,Alameda,001,1643700,257397,256143,13870,270013,1814
2022-04-04,Alpine,003,1148,124,124,1,125,0
2022-04-04,Amador,005,37829,8526,8488,640,9128,86
2022-04-04,Butte,007,227075,33222,32997,7025,40022,396
2022-04-04,Calaveras,009,45235,7261,7258,349,7607,120
2022-04-04,Colusa,011,21464,3449,3447,1046,4493,21
2022-04-04,Contra Costa,013,1133247,192506,188850,13429,202279,1296
2022-04-04,Del Norte,015,27424,5809,5809,184,5993,50
2022-04-04,El Dorado,017,186661,26749,26744,3193,29937,205
2022-04-04,Fresno,019,978130,233460,230942,24223,255165,2725
2022-04-04,Glenn,021,27897,4998,4986,1601,6587,47
2022-04-04,Humboldt,023,135768,16884,16904,2945,19849,140
2022-04-04,Imperial,025,180216,55368,55294,10524,65818,908
2022-04-04,Inyo,027,18085,4076,4068,478,4546,56
2022-04-04,Kern,029,883053,191871,191449,45766,237215,2234
2022-04-04,Kings,031,150075,51483,51491,3517,55008,443
2022-04-04,Lake,033,64148,10706,10679,883,11562,136
2022-04-04,Lassen,035,31185,8958,8945,874,9819,65
2022-04-04,Los Angeles,037,10098052,2714799,2707306,123111,2830417,31465
2022-04-04,Madera,039,155013,37246,37349,6022,43371,354
2022-04-04,Marin,041,260295,33672,33566,2284,35850,288
2022-04-04,Mariposa,043,17540,2402,2392,201,2593,29
2022-04-04,Mendocino,045,87422,13080,13074,3017,16091,119
2022-04-04,Merced,047,269075,62557,62195,8719,70914,810
2022-04-04,Modoc,049,8938,738,741,250,991,8
2022-04-04,Mono,051,14174,2969,2967,123,3090,6
2022-04-04,Monterey,053,433212,79443,79019,13688,92707,727
2022-04-04,Napa,055,140530,25812,25790,942,26732,143
2022-04-04,Nevada,057,99092,15966,15974,1198,17172,123
2022-04-04,Orange,059,3164182,547290,546491,41453,587944,6887
2022-04-04,Placer,061,380077,62847,62787,7337,70124,615
2022-04-04,Plumas,063,18699,2973,2850,365,3215,13
2022-04-04,Riverside,065,2383286,591616,590826,27758,618584,6424
2022-04-04,Sacramento,067,1510023,281047,276567,26534,303101,2953
2022-04-04,San Benito,069,59416,12977,12908,515,13423,98
2022-04-04,San Bernardino,071,2135413,574412,561648,24942,586590,6883
2022-04-04,San Diego,073,3302833,751916,753402,52828,806230,5192
2022-04-04,San Francisco,075,870044,125728,125536,8272,133808,843
2022-04-04,San Joaquin,077,732212,166821,166415,9923,176338,2207
2022-04-04,San Luis Obispo,079,281455,52525,52557,3744,56301,475
2022-04-04,San Mateo,081,765935,122402,121041,6944,127985,693
2022-04-04,Santa Barbara,083,443738,85870,85630,4698,90328,679
2022-04-04,Santa Clara,085,1922200,316321,313278,12379,325657,2265
2022-04-04,Santa Cruz,087,273765,47960,47446,2092,49538,259
2022-04-04,Shasta,089,179085,30562,30565,6088,36653,529
2022-04-04,Sierra,091,2930,274,272,48,320,4
2022-04-04,Siskiyou,093,43540,4431,4442,2719,7161,80
2022-04-04,Solano,095,438530,81634,81789,5573,87362,447
2022-04-04,Sonoma,097,501317,83754,83361,2633,85994,485
2022-04-04,Stanislaus,099,539301,117618,117534,17830,135364,1578
2022-04-04,Sutter,101,95872,20482,20581,2072,22653,222
2022-04-04,Tehama,103,63373,12043,12049,2569,14618,198
2022-04-04,Trinity,105,12862,1184,1173,287,1460,20
2022-04-04,Tulare,107,460477,106273,104826,27539,132365,1414
2022-04-04,Tuolumne,109,53932,12676,12621,559,13180,180
2022-04-04,Ventura,111,848112,173350,173179,9398,182577,1460
2022-04-04,Yolo,113,214977,37137,36393,2915,39308,314
2022-04-04,Yuba,115,75493,15834,15839,1199,17038,121
2022-04-03,Alameda,001,1643700,257142,255650,13868,269518,1813
2022-04-03,Alpine,003,1148,124,124,1,125,0
2022-04-03,Amador,005,37829,8525,8485,640,9125,86
2022-04-03,Butte,007,227075,33215,32981,7023,40004,396
2022-04-03,Calaveras,009,45235,7261,7254,349,7603,119
2022-04-03,Colusa,011,21464,3449,3445,1046,4491,21
2022-04-03,Contra Costa,013,1133247,192400,188658,13419,202077,1291
2022-04-03,Del Norte,015,27424,5809,5812,184,5996,50
2022-04-03,El Dorado,017,186661,26735,26732,3191,29923,200
2022-04-03,Fresno,019,978130,233428,230559,24220,254779,2722
2022-04-03,Glenn,021,27897,4998,4982,1601,6583,47
2022-04-03,Humboldt,023,135768,16879,16898,2945,19843,140
2022-04-03,Imperial,025,180216,55366,55266,10521,65787,908
2022-04-03,Inyo,027,18085,4074,4063,478,4541,56
2022-04-03,Kern,029,883053,191846,191384,45761,237145,2224
2022-04-03,Kings,031,150075,51477,51470,3515,54985,443
2022-04-03,Lake,033,64148,10704,10674,883,11557,136
2022-04-03,Lassen,035,31185,8957,8943,874,9817,65
2022-04-03,Los Angeles,037,10098052,2713610,2703576,123026,2826602,31410
2022-04-03,Madera,039,155013,37244,37333,6021,43354,354
2022-04-03,Marin,041,260295,33637,33493,2276,35769,287
2022-04-03,Mariposa,043,17540,2401,2391,201,2592,29
2022-04-03,Mendocino,045,87422,13074,13058,3016,16074,119
2022-04-03,Merced,047,269075,62542,62149,8713,70862,808
2022-04-03,Modoc,049,8938,737,741,250,991,8
2022-04-03,Mono,051,14174,2969,2967,123,3090,6
2022-04-03,Monterey,053,433212,79426,78964,13663,92627,726
2022-04-03,Napa,055,140530,25793,25757,941,26698,143
2022-04-03,Nevada,057,99092,15960,15962,1197,17159,123
2022-04-03,Orange,059,3164182,547091,546047,41428,587475,6880
2022-04-03,Placer,061,380077,62821,62740,7332,70072,614
2022-04-03,Plumas,063,18699,2972,2803,365,3168,14
2022-04-03,Riverside,065,2383286,591458,590563,27743,618306,6418
2022-04-03,Sacramento,067,1510023,280972,276218,26521,302739,2950
2022-04-03,San Benito,069,59416,12973,12901,515,13416,98
2022-04-03,San Bernardino,071,2135413,574267,561362,24939,586301,6865
2022-04-03,San Diego,073,3302833,751587,752281,52791,805072,5178
2022-04-03,San Francisco,075,870044,125497,125075,8266,133341,843
2022-04-03,San Joaquin,077,732212,166764,166336,9918,176254,2202
2022-04-03,San Luis Obispo,079,281455,52506,52512,3744,56256,475
2022-04-03,San Mateo,081,765935,122262,120717,6937,127654,693
2022-04-03,Santa Barbara,083,443738,85825,85611,4696,90307,678
2022-04-03,Santa Clara,085,1922200,316021,312517,12370,324887,2258
2022-04-03,Santa Cruz,087,273765,47905,47371,2090,49461,259
2022-04-03,Shasta,089,179085,30552,30556,6087,36643,530
2022-04-03,Sierra,091,2930,274,273,48,321,4
2022-04-03,Siskiyou,093,43540,4431,4439,2719,7158,80
2022-04-03,Solano,095,438530,81592,81848,5567,87415,446
2022-04-03,Sonoma,097,501317,83676,83235,2625,85860,485
2022-04-03,Stanislaus,099,539301,117587,117536,17824,135360,1581
2022-04-03,Sutter,101,95872,20479,20570,2072,22642,222
2022-04-03,Tehama,103,63373,12041,12046,2569,14615,198
2022-04-03,Trinity,105,12862,1184,1173,287,1460,20
2022-04-03,Tulare,107,460477,106266,104736,27531,132267,1410
2022-04-03,Tuolumne,109,53932,12675,12618,559,13177,180
2022-04-03,Ventura,111,848112,173297,173044,9394,182438,1460
2022-04-03,Yolo,113,214977,37116,36347,2913,39260,313
2022-04-03,Yuba,115,75493,15832,15835,1199,17034,120
2022-04-02,Alameda,001,1643700,257040,255650,13868,269518,1813
2022-04-02,Alpine,003,1148,124,124,1,125,0
2022-04-02,Amador,005,37829,8525,8485,640,9125,86
2022-04-02,Butte,007,227075,33211,32981,7022,40003,396
2022-04-02,Calaveras,009,45235,7261,7254,349,7603,119
2022-04-02,Colusa,011,21464,3449,3445,1046,4491,21
2022-04-02,Contra Costa,013,1133247,192341,188658,13416,202074,1291
2022-04-02,Del Norte,015,27424,5808,5812,184,5996,50
2022-04-02,El Dorado,017,186661,26732,26732,3191,29923,200
2022-04-02,Fresno,019,978130,233399,230559,24220,254779,2722
2022-04-02,Glenn,021,27897,4998,4982,1601,6583,47
2022-04-02,Humboldt,023,135768,16875,16898,2945,19843,140
2022-04-02,Imperial,025,180216,55363,55266,10521,65787,908
2022-04-02,Inyo,027,18085,4074,4063,478,4541,56
2022-04-02,Kern,029,883053,191831,191384,45757,237141,2224
2022-04-02,Kings,031,150075,51474,51470,3515,54985,443
2022-04-02,Lake,033,64148,10703,10674,883,11557,136
2022-04-02,Lassen,035,31185,8957,8943,874,9817,65
2022-04-02,Los Angeles,037,10098052,2713090,2703576,122986,2826562,31410
2022-04-02,Madera,039,155013,37241,37333,6021,43354,354
2022-04-02,Marin,041,260295,33614,33493,2268,35761,287
2022-04-02,Mariposa,043,17540,2400,2391,201,2592,29
2022-04-02,Mendocino,045,87422,13072,13058,3016,16074,119
2022-04-02,Merced,047,269075,62539,62149,8713,70862,808
2022-04-02,Modoc,049,8938,737,741,250,991,8
2022-04-02,Mono,051,14174,2969,2967,122,3089,6
2022-04-02,Monterey,053,433212,79413,78964,13657,92621,726
2022-04-02,Napa,055,140530,25779,25757,940,26697,143
2022-04-02,Nevada,057,99092,15956,15962,1196,17158,123
2022-04-02,Orange,059,3164182,546985,546047,41416,587463,6880
2022-04-02,Placer,061,380077,62810,62740,7330,70070,614
2022-04-02,Plumas,063,18699,2972,2803,365,3168,14
2022-04-02,Riverside,065,2383286,591384,590563,27738,618301,6418
2022-04-02,Sacramento,067,1510023,280932,276218,26520,302738,2950
2022-04-02,San Benito,069,59416,12972,12901,515,13416,98
2022-04-02,San Bernardino,071,2135413,574215,561362,24936,586298,6865
2022-04-02,San Diego,073,3302833,751463,752281,52781,805062,5178
2022-04-02,San Francisco,075,870044,125392,125075,8258,133333,843
2022-04-02,San Joaquin,077,732212,166743,166336,9916,176252,2202
2022-04-02,San Luis Obispo,079,281455,52501,52512,3744,56256,475
2022-04-02,San Mateo,081,765935,122165,120717,6930,127647,693
2022-04-02,Santa Barbara,083,443738,85806,85611,4695,90306,678
2022-04-02,Santa Clara,085,1922200,315857,312517,12366,324883,2258
2022-04-02,Santa Cruz,087,273765,47893,47371,2089,49460,259
2022-04-02,Shasta,089,179085,30551,30556,6087,36643,530
2022-04-02,Sierra,091,2930,274,273,48,321,4
2022-04-02,Siskiyou,093,43540,4431,4439,2718,7157,80
2022-04-02,Solano,095,438530,81577,81848,5566,87414,446
2022-04-02,Sonoma,097,501317,83628,83235,2619,85854,485
2022-04-02,Stanislaus,099,539301,117578,117536,17822,135358,1581
2022-04-02,Sutter,101,95872,20474,20570,2072,22642,222
2022-04-02,Tehama,103,63373,12041,12046,2569,14615,198
2022-04-02,Trinity,105,12862,1184,1173,287,1460,20
2022-04-02,Tulare,107,460477,106262,104736,27531,132267,1410
2022-04-02,Tuolumne,109,53932,12673,12618,559,13177,180
2022-04-02,Ventura,111,848112,173256,173044,9394,182438,1460
2022-04-02,Yolo,113,214977,37104,36347,2910,39257,313
2022-04-02,Yuba,115,75493,15831,15835,1199,17034,120
2022-04-01,Alameda,001,1643700,256924,255650,13863,269513,1813
2022-04-01,Alpine,003,1148,124,124,1,125,0
2022-04-01,Amador,005,37829,8525,8485,640,9125,86
2022-04-01,Butte,007,227075,33207,32981,7019,40000,396
2022-04-01,Calaveras,009,45235,7259,7254,349,7603,119
2022-04-01,Colusa,011,21464,3448,3445,1046,4491,21
2022-04-01,Contra Costa,013,1133247,192289,188658,13415,202073,1291
2022-04-01,Del Norte,015,27424,5806,5812,184,5996,50
2022-04-01,El Dorado,017,186661,26729,26732,3190,29922,200
2022-04-01,Fresno,019,978130,233374,230559,24218,254777,2722
2022-04-01,Glenn,021,27897,4998,4982,1601,6583,47
2022-04-01,Humboldt,023,135768,16873,16898,2945,19843,140
2022-04-01,Imperial,025,180216,55361,55266,10521,65787,908
2022-04-01,Inyo,027,18085,4072,4063,477,4540,56
2022-04-01,Kern,029,883053,191820,191384,45754,237138,2224
2022-04-01,Kings,031,150075,51471,51470,3515,54985,443
2022-04-01,Lake,033,64148,10700,10674,883,11557,136
2022-04-01,Lassen,035,31185,8956,8943,874,9817,65
2022-04-01,Los Angeles,037,10098052,2712596,2703576,122943,2826519,31410
2022-04-01,Madera,039,155013,37240,37333,6021,43354,354
2022-04-01,Marin,041,260295,33596,33493,2261,35754,287
2022-04-01,Mariposa,043,17540,2397,2391,201,2592,29
2022-04-01,Mendocino,045,87422,13069,13058,3015,16073,119
2022-04-01,Merced,047,269075,62532,62149,8712,70861,808
2022-04-01,Modoc,049,8938,737,741,250,991,8
2022-04-01,Mono,051,14174,2969,2967,122,3089,6
2022-04-01,Monterey,053,433212,79395,78964,13654,92618,726
2022-04-01,Napa,055,140530,25769,25757,940,26697,143
2022-04-01,Nevada,057,99092,15956,15962,1195,17157,123
2022-04-01,Orange,059,3164182,546877,546047,41408,587455,6880
2022-04-01,Placer,061,380077,62796,62740,7330,70070,614
2022-04-01,Plumas,063,18699,2972,2803,364,3167,14
2022-04-01,Riverside,065,2383286,591318,590563,27725,618288,6418
2022-04-01,Sacramento,067,1510023,280894,276218,26513,302731,2950
2022-04-01,San Benito,069,59416,12971,12901,515,13416,98
2022-04-01,San Bernardino,071,2135413,574159,561362,24932,586294,6865
2022-04-01,San Diego,073,3302833,751317,752281,52765,805046,5178
2022-04-01,San Francisco,075,870044,125282,125075,8252,133327,843
2022-04-01,San Joaquin,077,732212,166723,166336,9913,176249,2202
2022-04-01,San Luis Obispo,079,281455,52495,52512,3743,56255,475
2022-04-01,San Mateo,081,765935,122101,120717,6926,127643,693
2022-04-01,Santa Barbara,083,443738,85786,85611,4695,90306,678
2022-04-01,Santa Clara,085,1922200,315707,312517,12365,324882,2258
2022-04-01,Santa Cruz,087,273765,47878,47371,2087,49458,259
2022-04-01,Shasta,089,179085,30550,30556,6087,36643,530
2022-04-01,Sierra,091,2930,274,273,48,321,4
2022-04-01,Siskiyou,093,43540,4431,4439,2717,7156,80
2022-04-01,Solano,095,438530,81562,81848,5566,87414,446
2022-04-01,Sonoma,097,501317,83584,83235,2618,85853,485
2022-04-01,Stanislaus,099,539301,117566,117536,17819,135355,1581
2022-04-01,Sutter,101,95872,20474,20570,2072,22642,222
2022-04-01,Tehama,103,63373,12041,12046,2569,14615,198
2022-04-01,Trinity,105,12862,1184,1173,287,1460,20
2022-04-01,Tulare,107,460477,106257,104736,27527,132263,1410
2022-04-01,Tuolumne,109,53932,12672,12618,559,13177,180
2022-04-01,Ventura,111,848112,173225,173044,9390,182434,1460
2022-04-01,Yolo,113,214977,37090,36347,2909,39256,313
2022-04-01,Yuba,115,75493,15830,15835,1199,17034,120
2022-03-31,Alameda,001,1643700,256747,255650,13850,269500,1813
2022-03-31,Alpine,003,1148,124,124,1,125,0
2022-03-31,Amador,005,37829,8525,8485,640,9125,86
2022-03-31,Butte,007,227075,33203,32981,7016,39997,396
2022-03-31,Calaveras,009,45235,7256,7254,349,7603,119
2022-03-31,Colusa,011,21464,3447,3445,1046,4491,21
2022-03-31,Contra Costa,013,1133247,192193,188658,13409,202067,1291
2022-03-31,Del Norte,015,27424,5805,5812,184,5996,50
2022-03-31,El Dorado,017,186661,26721,26732,3190,29922,200
2022-03-31,Fresno,019,978130,233339,230559,24197,254756,2722
2022-03-31,Glenn,021,27897,4997,4982,1601,6583,47
2022-03-31,Humboldt,023,135768,16869,16898,2945,19843,140
2022-03-31,Imperial,025,180216,55358,55266,10520,65786,908
2022-03-31,Inyo,027,18085,4071,4063,474,4537,56
2022-03-31,Kern,029,883053,191805,191384,45745,237129,2224
2022-03-31,Kings,031,150075,51462,51470,3515,54985,443
2022-03-31,Lake,033,64148,10699,10674,882,11556,136
2022-03-31,Lassen,035,31185,8954,8943,874,9817,65
2022-03-31,Los Angeles,037,10098052,2711854,2703576,122886,2826462,31410
2022-03-31,Madera,039,155013,37237,37333,6021,43354,354
2022-03-31,Marin,041,260295,33570,33493,2249,35742,287
2022-03-31,Mariposa,043,17540,2396,2391,200,2591,29
2022-03-31,Mendocino,045,87422,13065,13058,3015,16073,119
2022-03-31,Merced,047,269075,62527,62149,8709,70858,808
2022-03-31,Modoc,049,8938,737,741,250,991,8
2022-03-31,Mono,051,14174,2969,2967,122,3089,6
2022-03-31,Monterey,053,433212,79378,78964,13643,92607,726
2022-03-31,Napa,055,140530,25762,25757,938,26695,143
2022-03-31,Nevada,057,99092,15949,15962,1194,17156,123
2022-03-31,Orange,059,3164182,546729,546047,41394,587441,6880
2022-03-31,Placer,061,380077,62771,62740,7327,70067,614
2022-03-31,Plumas,063,18699,2972,2803,363,3166,14
2022-03-31,Riverside,065,2383286,591208,590563,27722,618285,6418
2022-03-31,Sacramento,067,1510023,280820,276218,26505,302723,2950
2022-03-31,San Benito,069,59416,12970,12901,515,13416,98
2022-03-31,San Bernardino,071,2135413,574062,561362,24921,586283,6865
2022-03-31,San Diego,073,3302833,751081,752281,52737,805018,5178
2022-03-31,San Francisco,075,870044,125125,125075,8240,133315,843
2022-03-31,San Joaquin,077,732212,166689,166336,9898,176234,2202
2022-03-31,San Luis Obispo,079,281455,52481,52512,3742,56254,475
2022-03-31,San Mateo,081,765935,121990,120717,6925,127642,693
2022-03-31,Santa Barbara,083,443738,85756,85611,4695,90306,678
2022-03-31,Santa Clara,085,1922200,315479,312517,12354,324871,2258
2022-03-31,Santa Cruz,087,273765,47859,47371,2085,49456,259
2022-03-31,Shasta,089,179085,30544,30556,6087,36643,530
2022-03-31,Sierra,091,2930,271,273,48,321,4
2022-03-31,Siskiyou,093,43540,4430,4439,2717,7156,80
2022-03-31,Solano,095,438530,81533,81848,5563,87411,446
2022-03-31,Sonoma,097,501317,83541,83235,2612,85847,485
2022-03-31,Stanislaus,099,539301,117549,117536,17814,135350,1581
2022-03-31,Sutter,101,95872,20471,20570,2071,22641,222
2022-03-31,Tehama,103,63373,12040,12046,2568,14614,198
2022-03-31,Trinity,105,12862,1184,1173,287,1460,20
2022-03-31,Tulare,107,460477,106247,104736,27519,132255,1410
2022-03-31,Tuolumne,109,53932,12671,12618,559,13177,180
2022-03-31,Ventura,111,848112,173185,173044,9387,182431,1460
2022-03-31,Yolo,113,214977,37074,36347,2909,39256,313
2022-03-31,Yuba,115,75493,15830,15835,1196,17031,120
2022-03-30,Alameda,001,1643700,256615,255467,13842,269309,1812
2022-03-30,Alpine,003,1148,124,124,1,125,0
2022-03-30,Amador,005,37829,8525,8485,640,9125,86
2022-03-30,Butte,007,227075,33198,32968,7010,39978,396
2022-03-30,Calaveras,009,45235,7254,7253,348,7601,119
2022-03-30,Colusa,011,21464,3447,3445,1046,4491,21
2022-03-30,Contra Costa,013,1133247,192132,188496,13398,201894,1291
2022-03-30,Del Norte,015,27424,5803,5808,184,5992,50
2022-03-30,El Dorado,017,186661,26713,26722,3190,29912,200
2022-03-30,Fresno,019,978130,233328,230448,24191,254639,2720
2022-03-30,Glenn,021,27897,4996,4982,1601,6583,47
2022-03-30,Humboldt,023,135768,16866,16894,2945,19839,140
2022-03-30,Imperial,025,180216,55354,55252,10517,65769,908
2022-03-30,Inyo,027,18085,4070,4062,472,4534,56
2022-03-30,Kern,029,883053,191777,191363,45740,237103,2219
2022-03-30,Kings,031,150075,51456,51446,3514,54960,443
2022-03-30,Lake,033,64148,10698,10674,882,11556,136
2022-03-30,Lassen,035,31185,8954,8943,874,9817,65
2022-03-30,Los Angeles,037,10098052,2711039,2702536,122831,2825367,31384
2022-03-30,Madera,039,155013,37231,37330,6020,43350,354
2022-03-30,Marin,041,260295,33550,33453,2230,35683,287
2022-03-30,Mariposa,043,17540,2396,2390,200,2590,27
2022-03-30,Mendocino,045,87422,13061,13055,3012,16067,118
2022-03-30,Merced,047,269075,62522,62136,8704,70840,808
2022-03-30,Modoc,049,8938,737,739,250,989,8
2022-03-30,Mono,051,14174,2968,2967,122,3089,6
2022-03-30,Monterey,053,433212,79361,78911,13636,92547,726
2022-03-30,Napa,055,140530,25750,25745,937,26682,141
2022-03-30,Nevada,057,99092,15946,15960,1192,17152,123
2022-03-30,Orange,059,3164182,546579,545895,41372,587267,6876
2022-03-30,Placer,061,380077,62756,62705,7323,70028,614
2022-03-30,Plumas,063,18699,2972,2762,361,3123,13
2022-03-30,Riverside,065,2383286,591125,590437,27709,618146,6411
2022-03-30,Sacramento,067,1510023,280752,276081,26498,302579,2949
2022-03-30,San Benito,069,59416,12966,12898,515,13413,98
2022-03-30,San Bernardino,071,2135413,573979,561153,24917,586070,6863
2022-03-30,San Diego,073,3302833,750850,751684,52710,804394,5169
2022-03-30,San Francisco,075,870044,125019,124930,8231,133161,841
2022-03-30,San Joaquin,077,732212,166660,166299,9892,176191,2201
2022-03-30,San Luis Obispo,079,281455,52467,52484,3738,56222,475
2022-03-30,San Mateo,081,765935,121890,120548,6925,127473,693
2022-03-30,Santa Barbara,083,443738,85734,85488,4692,90180,677
2022-03-30,Santa Clara,085,1922200,315297,312253,12334,324587,2258
2022-03-30,Santa Cruz,087,273765,47803,47340,2084,49424,259
2022-03-30,Shasta,089,179085,30541,30555,6087,36642,530
2022-03-30,Sierra,091,2930,271,273,48,321,4
2022-03-30,Siskiyou,093,43540,4430,4439,2717,7156,80
2022-03-30,Solano,095,438530,81514,81816,5559,87375,443
2022-03-30,Sonoma,097,501317,83504,83163,2611,85774,485
2022-03-30,Stanislaus,099,539301,117536,117593,17811,135404,1559
2022-03-30,Sutter,101,95872,20466,20565,2071,22636,222
2022-03-30,Tehama,103,63373,12039,12045,2567,14612,198
2022-03-30,Trinity,105,12862,1183,1173,287,1460,20
2022-03-30,Tulare,107,460477,106241,104667,27512,132179,1410
2022-03-30,Tuolumne,109,53932,12669,12616,559,13175,180
2022-03-30,Ventura,111,848112,173144,172984,9379,182363,1460
2022-03-30,Yolo,113,214977,37064,36325,2906,39231,313
2022-03-30,Yuba,115,75493,15828,15830,1196,17026,120
2022-03-29,Alameda,001,1643700,256490,255261,13832,269093,1810
2022-03-29,Alpine,003,1148,124,124,1,125,0
2022-03-29,Amador,005,37829,8525,8483,640,9123,86
2022-03-29,Butte,007,227075,33195,32954,7010,39964,396
2022-03-29,Calaveras,009,45235,7253,7250,347,7597,119
2022-03-29,Colusa,011,21464,3447,3445,1046,4491,21
2022-03-29,Contra Costa,013,1133247,192044,188359,13390,201749,1290
2022-03-29,Del Norte,015,27424,5803,5806,183,5989,50
2022-03-29,El Dorado,017,186661,26708,26706,3190,29896,200
2022-03-29,Fresno,019,978130,233300,230256,24187,254443,2718
2022-03-29,Glenn,021,27897,4996,4983,1601,6584,47
2022-03-29,Humboldt,023,135768,16863,16892,2942,19834,140
2022-03-29,Imperial,025,180216,55340,55233,10516,65749,908
2022-03-29,Inyo,027,18085,4068,4062,471,4533,56
2022-03-29,Kern,029,883053,191745,191338,45733,237071,2220
2022-03-29,Kings,031,150075,51449,51416,3513,54929,443
2022-03-29,Lake,033,64148,10694,10674,882,11556,136
2022-03-29,Lassen,035,31185,8953,8943,874,9817,65
2022-03-29,Los Angeles,037,10098052,2710210,2702005,122785,2824790,31378
2022-03-29,Madera,039,155013,37223,37325,6017,43342,354
2022-03-29,Marin,041,260295,33530,33431,2225,35656,287
2022-03-29,Mariposa,043,17540,2396,2388,200,2588,23
2022-03-29,Mendocino,045,87422,13057,13053,3011,16064,119
2022-03-29,Merced,047,269075,62509,62123,8703,70826,806
2022-03-29,Modoc,049,8938,735,737,250,987,8
2022-03-29,Mono,051,14174,2968,2966,122,3088,5
2022-03-29,Monterey,053,433212,79348,78774,13628,92402,725
2022-03-29,Napa,055,140530,25743,25732,937,26669,141
2022-03-29,Nevada,057,99092,15938,15956,1192,17148,123
2022-03-29,Orange,059,3164182,546431,545832,41356,587188,6871
2022-03-29,Placer,061,380077,62738,62687,7318,70005,614
2022-03-29,Plumas,063,18699,2970,2761,361,3122,13
2022-03-29,Riverside,065,2383286,591023,590359,27701,618060,6403
2022-03-29,Sacramento,067,1510023,280686,276040,26486,302526,2946
2022-03-29,San Benito,069,59416,12964,12892,515,13407,97
2022-03-29,San Bernardino,071,2135413,573883,561026,24909,585935,6860
2022-03-29,San Diego,073,3302833,750608,751240,52687,803927,5159
2022-03-29,San Francisco,075,870044,124868,124789,8225,133014,840
2022-03-29,San Joaquin,077,732212,166624,166241,9884,176125,2198
2022-03-29,San Luis Obispo,079,281455,52451,52455,3734,56189,472
2022-03-29,San Mateo,081,765935,121795,120435,6923,127358,686
2022-03-29,Santa Barbara,083,443738,85711,85464,4692,90156,676
2022-03-29,Santa Clara,085,1922200,315058,312067,12317,324384,2259
2022-03-29,Santa Cruz,087,273765,47783,47323,2083,49406,259
2022-03-29,Shasta,089,179085,30534,30552,6085,36637,529
2022-03-29,Sierra,091,2930,271,273,48,321,4
2022-03-29,Siskiyou,093,43540,4430,4439,2716,7155,80
2022-03-29,Solano,095,438530,81490,81713,5556,87269,441
2022-03-29,Sonoma,097,501317,83471,83130,2605,85735,485
2022-03-29,Stanislaus,099,539301,117517,117683,17805,135488,1559
2022-03-29,Sutter,101,95872,20464,20556,2070,22626,221
2022-03-29,Tehama,103,63373,12037,12045,2567,14612,198
2022-03-29,Trinity,105,12862,1183,1173,287,1460,20
2022-03-29,Tulare,107,460477,106237,104622,27507,132129,1406
2022-03-29,Tuolumne,109,53932,12667,12615,559,13174,180
2022-03-29,Ventura,111,848112,173089,172946,9378,182324,1460
2022-03-29,Yolo,113,214977,37051,36296,2905,39201,313
2022-03-29,Yuba,115,75493,15824,15824,1195,17019,117
2022-03-28,Alameda,001,1643700,256337,255192,13822,269014,1808
2022-03-28,Alpine,003,1148,124,124,1,125,0
2022-03-28,Amador,005,37829,8524,8480,640,9120,86
2022-03-28,Butte,007,227075,33178,32947,7010,39957,392
2022-03-28,Calaveras,009,45235,7253,7247,347,7594,119
2022-03-28,Colusa,011,21464,3447,3445,1046,4491,21
2022-03-28,Contra Costa,013,1133247,191964,188305,13385,201690,1290
2022-03-28,Del Norte,015,27424,5801,5834,183,6017,50
2022-03-28,El Dorado,017,186661,26701,26703,3188,29891,200
2022-03-28,Fresno,019,978130,233272,230144,24170,254314,2717
2022-03-28,Glenn,021,27897,4995,4983,1601,6584,47
2022-03-28,Humboldt,023,135768,16862,16916,2942,19858,140
2022-03-28,Imperial,025,180216,55330,55245,10516,65761,909
2022-03-28,Inyo,027,18085,4067,4062,471,4533,56
2022-03-28,Kern,029,883053,191719,191333,45724,237057,2212
2022-03-28,Kings,031,150075,51436,51405,3513,54918,443
2022-03-28,Lake,033,64148,10692,10673,882,11555,136
2022-03-28,Lassen,035,31185,8953,8946,874,9820,63
2022-03-28,Los Angeles,037,10098052,2709341,2700997,122746,2823743,31349
2022-03-28,Madera,039,155013,37219,37324,6017,43341,354
2022-03-28,Marin,041,260295,33505,33391,2220,35611,287
2022-03-28,Mariposa,043,17540,2395,2388,200,2588,23
2022-03-28,Mendocino,045,87422,13055,13046,3010,16056,118
2022-03-28,Merced,047,269075,62499,62116,8698,70814,805
2022-03-28,Modoc,049,8938,734,736,250,986,7
2022-03-28,Mono,051,14174,2968,2966,122,3088,5
2022-03-28,Monterey,053,433212,79315,78784,13624,92408,724
2022-03-28,Napa,055,140530,25737,25723,936,26659,140
2022-03-28,Nevada,057,99092,15936,15969,1192,17161,123
2022-03-28,Orange,059,3164182,546302,545700,41330,587030,6860
2022-03-28,Placer,061,380077,62718,62687,7317,70004,613
2022-03-28,Plumas,063,18699,2969,2760,361,3121,13
2022-03-28,Riverside,065,2383286,590923,590298,27693,617991,6397
2022-03-28,Sacramento,067,1510023,280617,275889,26474,302363,2946
2022-03-28,San Benito,069,59416,12964,12889,515,13404,97
2022-03-28,San Bernardino,071,2135413,573801,560836,24898,585734,6858
2022-03-28,San Diego,073,3302833,750369,750659,52653,803312,5155
2022-03-28,San Francisco,075,870044,124728,124678,8215,132893,839
2022-03-28,San Joaquin,077,732212,166592,166247,9882,176129,2196
2022-03-28,San Luis Obispo,079,281455,52426,52434,3731,56165,470
2022-03-28,San Mateo,081,765935,121679,120337,6918,127255,686
2022-03-28,Santa Barbara,083,443738,85683,85442,4690,90132,675
2022-03-28,Santa Clara,085,1922200,314829,311953,12308,324261,2257
2022-03-28,Santa Cruz,087,273765,47750,47324,2083,49407,259
2022-03-28,Shasta,089,179085,30533,30550,6084,36634,527
2022-03-28,Sierra,091,2930,271,273,48,321,4
2022-03-28,Siskiyou,093,43540,4429,4438,2716,7154,80
2022-03-28,Solano,095,438530,81462,81704,5551,87255,441
2022-03-28,Sonoma,097,501317,83425,83105,2600,85705,485
2022-03-28,Stanislaus,099,539301,117505,117783,17800,135583,1562
2022-03-28,Sutter,101,95872,20458,20549,2070,22619,221
2022-03-28,Tehama,103,63373,12037,12041,2567,14608,200
2022-03-28,Trinity,105,12862,1183,1173,287,1460,20
2022-03-28,Tulare,107,460477,106225,104576,27501,132077,1404
2022-03-28,Tuolumne,109,53932,12667,12627,559,13186,180
2022-03-28,Ventura,111,848112,173050,172867,9377,182244,1455
2022-03-28,Yolo,113,214977,37033,36282,2903,39185,312
2022-03-28,Yuba,115,75493,15823,15821,1193,17014,117
2022-03-27,Alameda,001,1643700,256149,255132,13813,268945,1809
2022-03-27,Alpine,003,1148,124,124,1,125,0
2022-03-27,Amador,005,37829,8521,8480,640,9120,86
2022-03-27,Butte,007,227075,33165,32943,7004,39947,392
2022-03-27,Calaveras,009,45235,7251,7245,347,7592,119
2022-03-27,Colusa,011,21464,3447,3445,1046,4491,21
2022-03-27,Contra Costa,013,1133247,191849,188251,13368,201619,1290
2022-03-27,Del Norte,015,27424,5800,5836,183,6019,50
2022-03-27,El Dorado,017,186661,26687,26699,3185,29884,200
2022-03-27,Fresno,019,978130,233225,230049,24152,254201,2717
2022-03-27,Glenn,021,27897,4993,4983,1601,6584,47
2022-03-27,Humboldt,023,135768,16858,16920,2942,19862,140
2022-03-27,Imperial,025,180216,55317,55240,10515,65755,909
2022-03-27,Inyo,027,18085,4066,4062,469,4531,56
2022-03-27,Kern,029,883053,191681,191332,45718,237050,2213
2022-03-27,Kings,031,150075,51427,51400,3513,54913,443
2022-03-27,Lake,033,64148,10691,10672,881,11553,136
2022-03-27,Lassen,035,31185,8953,8946,874,9820,63
2022-03-27,Los Angeles,037,10098052,2708525,2700983,122699,2823682,31348
2022-03-27,Madera,039,155013,37215,37323,6015,43338,354
2022-03-27,Marin,041,260295,33468,33391,2210,35601,287
2022-03-27,Mariposa,043,17540,2395,2390,200,2590,23
2022-03-27,Mendocino,045,87422,13051,13046,3008,16054,118
2022-03-27,Merced,047,269075,62489,62110,8697,70807,805
2022-03-27,Modoc,049,8938,733,736,248,984,7
2022-03-27,Mono,051,14174,2968,2966,122,3088,5
2022-03-27,Monterey,053,433212,79294,78778,13612,92390,724
2022-03-27,Napa,055,140530,25721,25723,936,26659,140
2022-03-27,Nevada,057,99092,15932,15967,1190,17157,123
2022-03-27,Orange,059,3164182,546168,545644,41296,586940,6860
2022-03-27,Placer,061,380077,62700,62680,7316,69996,613
2022-03-27,Plumas,063,18699,2968,2760,359,3119,13
2022-03-27,Riverside,065,2383286,590837,590251,27682,617933,6395
2022-03-27,Sacramento,067,1510023,280536,275854,26467,302321,2941
2022-03-27,San Benito,069,59416,12959,12889,514,13403,97
2022-03-27,San Bernardino,071,2135413,573684,560853,24896,585749,6862
2022-03-27,San Diego,073,3302833,750113,750659,52629,803288,5155
2022-03-27,San Francisco,075,870044,124543,124619,8204,132823,839
2022-03-27,San Joaquin,077,732212,166556,166238,9878,176116,2196
2022-03-27,San Luis Obispo,079,281455,52405,52430,3729,56159,470
2022-03-27,San Mateo,081,765935,121574,120324,6913,127237,686
2022-03-27,Santa Barbara,083,443738,85647,85434,4688,90122,675
2022-03-27,Santa Clara,085,1922200,314618,311822,12301,324123,2257
2022-03-27,Santa Cruz,087,273765,47717,47321,2081,49402,259
2022-03-27,Shasta,089,179085,30529,30550,6082,36632,527
2022-03-27,Sierra,091,2930,271,273,48,321,4
2022-03-27,Siskiyou,093,43540,4429,4436,2715,7151,80
2022-03-27,Solano,095,438530,81420,81691,5548,87239,441
2022-03-27,Sonoma,097,501317,83372,83088,2596,85684,485
2022-03-27,Stanislaus,099,539301,117485,117778,17797,135575,1562
2022-03-27,Sutter,101,95872,20452,20545,2070,22615,221
2022-03-27,Tehama,103,63373,12037,12040,2567,14607,200
2022-03-27,Trinity,105,12862,1183,1173,287,1460,20
2022-03-27,Tulare,107,460477,106216,104582,27492,132074,1404
2022-03-27,Tuolumne,109,53932,12666,12628,559,13187,180
2022-03-27,Ventura,111,848112,173005,172831,9375,182206,1455
2022-03-27,Yolo,113,214977,37012,36232,2900,39132,312
2022-03-27,Yuba,115,75493,15820,15821,1186,17007,117
2022-03-26,Alameda,001,1643700,256069,254691,13812,268503,1803
2022-03-26,Alpine,003,1148,124,124,1,125,0
2022-03-26,Amador,005,37829,8521,8476,640,9116,86
2022-03-26,Butte,007,227075,33161,32929,7002,39931,391
2022-03-26,Calaveras,009,45235,7249,7240,347,7587,120
2022-03-26,Colusa,011,21464,3445,3445,1046,4491,21
2022-03-26,Contra Costa,013,1133247,191796,187990,13365,201355,1285
2022-03-26,Del Norte,015,27424,5798,5831,183,6014,50
2022-03-26,El Dorado,017,186661,26679,26674,3183,29857,200
2022-03-26,Fresno,019,978130,233202,229799,24151,253950,2710
2022-03-26,Glenn,021,27897,4992,4978,1601,6579,47
2022-03-26,Humboldt,023,135768,16854,16911,2942,19853,139
2022-03-26,Imperial,025,180216,55311,55230,10514,65744,913
2022-03-26,Inyo,027,18085,4066,4060,468,4528,56
2022-03-26,Kern,029,883053,191668,191288,45714,237002,2201
2022-03-26,Kings,031,150075,51426,51397,3513,54910,444
2022-03-26,Lake,033,64148,10691,10659,881,11540,136
2022-03-26,Lassen,035,31185,8953,8944,874,9818,63
2022-03-26,Los Angeles,037,10098052,2708069,2698028,122658,2820686,31291
2022-03-26,Madera,039,155013,37212,37321,6013,43334,354
2022-03-26,Marin,041,260295,33457,33317,2206,35523,287
2022-03-26,Mariposa,043,17540,2395,2386,200,2586,23
2022-03-26,Mendocino,045,87422,13047,13038,3008,16046,118
2022-03-26,Merced,047,269075,62482,62083,8695,70778,805
2022-03-26,Modoc,049,8938,733,736,248,984,7
2022-03-26,Mono,051,14174,2968,2966,122,3088,5
2022-03-26,Monterey,053,433212,79287,78688,13610,92298,724
2022-03-26,Napa,055,140530,25717,25701,936,26637,139
2022-03-26,Nevada,057,99092,15928,15960,1190,17150,123
2022-03-26,Orange,059,3164182,546092,545294,41285,586579,6853
2022-03-26,Placer,061,380077,62688,62634,7312,69946,613
2022-03-26,Plumas,063,18699,2968,2758,358,3116,13
2022-03-26,Riverside,065,2383286,590768,590060,27681,617741,6397
2022-03-26,Sacramento,067,1510023,280502,275529,26465,301994,2935
2022-03-26,San Benito,069,59416,12959,12885,514,13399,97
2022-03-26,San Bernardino,071,2135413,573624,560742,24892,585634,6840
2022-03-26,San Diego,073,3302833,749989,750170,52622,802792,5146
2022-03-26,San Francisco,075,870044,124436,124265,8198,132463,839
2022-03-26,San Joaquin,077,732212,166535,166079,9877,175956,2195
2022-03-26,San Luis Obispo,079,281455,52399,52369,3729,56098,469
2022-03-26,San Mateo,081,765935,121515,120165,6905,127070,684
2022-03-26,Santa Barbara,083,443738,85627,85477,4686,90163,674
2022-03-26,Santa Clara,085,1922200,314460,311189,12294,323483,2250
2022-03-26,Santa Cruz,087,273765,47706,47329,2081,49410,259
2022-03-26,Shasta,089,179085,30528,30542,6081,36623,527
2022-03-26,Sierra,091,2930,271,273,48,321,4
2022-03-26,Siskiyou,093,43540,4428,4433,2715,7148,80
2022-03-26,Solano,095,438530,81411,81659,5548,87207,441
2022-03-26,Sonoma,097,501317,83342,83113,2591,85704,485
2022-03-26,Stanislaus,099,539301,117478,117962,17796,135758,1565
2022-03-26,Sutter,101,95872,20450,20536,2070,22606,221
2022-03-26,Tehama,103,63373,12037,12036,2566,14602,195
2022-03-26,Trinity,105,12862,1183,1174,287,1461,20
2022-03-26,Tulare,107,460477,106208,104538,27491,132029,1400
2022-03-26,Tuolumne,109,53932,12664,12628,559,13187,180
2022-03-26,Ventura,111,848112,172964,172690,9371,182061,1455
2022-03-26,Yolo,113,214977,37003,36234,2900,39134,311
2022-03-26,Yuba,115,75493,15819,15807,1186,16993,117
2022-03-25,Alameda,001,1643700,256006,254691,13809,268500,1803
2022-03-25,Alpine,003,1148,124,124,1,125,0
2022-03-25,Amador,005,37829,8520,8476,640,9116,86
2022-03-25,Butte,007,227075,33156,32929,7002,39931,391
2022-03-25,Calaveras,009,45235,7248,7240,347,7587,120
2022-03-25,Colusa,011,21464,3445,3445,1046,4491,21
2022-03-25,Contra Costa,013,1133247,191749,187990,13362,201352,1285
2022-03-25,Del Norte,015,27424,5798,5831,183,6014,50
2022-03-25,El Dorado,017,186661,26675,26674,3183,29857,200
2022-03-25,Fresno,019,978130,233173,229799,24143,253942,2710
2022-03-25,Glenn,021,27897,4992,4978,1601,6579,47
2022-03-25,Humboldt,023,135768,16854,16911,2942,19853,139
2022-03-25,Imperial,025,180216,55306,55230,10513,65743,913
2022-03-25,Inyo,027,18085,4065,4060,468,4528,56
2022-03-25,Kern,029,883053,191658,191288,45713,237001,2201
2022-03-25,Kings,031,150075,51425,51397,3513,54910,444
2022-03-25,Lake,033,64148,10691,10659,881,11540,136
2022-03-25,Lassen,035,31185,8952,8944,874,9818,63
2022-03-25,Los Angeles,037,10098052,2707645,2698028,122626,2820654,31291
2022-03-25,Madera,039,155013,37211,37321,6012,43333,354
2022-03-25,Marin,041,260295,33442,33317,2197,35514,287
2022-03-25,Mariposa,043,17540,2395,2386,200,2586,23
2022-03-25,Mendocino,045,87422,13047,13038,3008,16046,118
2022-03-25,Merced,047,269075,62476,62083,8694,70777,805
2022-03-25,Modoc,049,8938,733,736,248,984,7
2022-03-25,Mono,051,14174,2967,2966,122,3088,5
2022-03-25,Monterey,053,433212,79276,78688,13607,92295,724
2022-03-25,Napa,055,140530,25710,25701,936,26637,139
2022-03-25,Nevada,057,99092,15927,15960,1190,17150,123
2022-03-25,Orange,059,3164182,546018,545294,41269,586563,6853
2022-03-25,Placer,061,380077,62682,62634,7309,69943,613
2022-03-25,Plumas,063,18699,2967,2758,358,3116,13
2022-03-25,Riverside,065,2383286,590708,590060,27670,617730,6397
2022-03-25,Sacramento,067,1510023,280459,275529,26464,301993,2935
2022-03-25,San Benito,069,59416,12959,12885,514,13399,97
2022-03-25,San Bernardino,071,2135413,573584,560742,24889,585631,6840
2022-03-25,San Diego,073,3302833,749866,750170,52611,802781,5146
2022-03-25,San Francisco,075,870044,124355,124265,8185,132450,839
2022-03-25,San Joaquin,077,732212,166521,166079,9874,175953,2195
2022-03-25,San Luis Obispo,079,281455,52396,52369,3728,56097,469
2022-03-25,San Mateo,081,765935,121463,120165,6905,127070,684
2022-03-25,Santa Barbara,083,443738,85612,85477,4684,90161,674
2022-03-25,Santa Clara,085,1922200,314309,311189,12289,323478,2250
2022-03-25,Santa Cruz,087,273765,47698,47329,2081,49410,259
2022-03-25,Shasta,089,179085,30524,30542,6080,36622,527
2022-03-25,Sierra,091,2930,271,273,48,321,4
2022-03-25,Siskiyou,093,43540,4426,4433,2713,7146,80
2022-03-25,Solano,095,438530,81397,81659,5546,87205,441
2022-03-25,Sonoma,097,501317,83305,83113,2591,85704,485
2022-03-25,Stanislaus,099,539301,117464,117962,17795,135757,1565
2022-03-25,Sutter,101,95872,20445,20536,2070,22606,221
2022-03-25,Tehama,103,63373,12035,12036,2566,14602,195
2022-03-25,Trinity,105,12862,1183,1174,287,1461,20
2022-03-25,Tulare,107,460477,106204,104538,27491,132029,1400
2022-03-25,Tuolumne,109,53932,12663,12628,559,13187,180
2022-03-25,Ventura,111,848112,172926,172690,9371,182061,1455
2022-03-25,Yolo,113,214977,36991,36234,2899,39133,311
2022-03-25,Yuba,115,75493,15814,15807,1185,16992,117
2022-03-24,Alameda,001,1643700,255889,254691,13793,268484,1803
2022-03-24,Alpine,003,1148,124,124,1,125,0
2022-03-24,Amador,005,37829,8520,8476,640,9116,86
2022-03-24,Butte,007,227075,33150,32929,7002,39931,391
2022-03-24,Calaveras,009,45235,7246,7240,347,7587,120
2022-03-24,Colusa,011,21464,3445,3445,1046,4491,21
2022-03-24,Contra Costa,013,1133247,191670,187990,13359,201349,1285
2022-03-24,Del Norte,015,27424,5794,5831,183,6014,50
2022-03-24,El Dorado,017,186661,26665,26674,3183,29857,200
2022-03-24,Fresno,019,978130,233131,229799,24133,253932,2710
2022-03-24,Glenn,021,27897,4991,4978,1601,6579,47
2022-03-24,Humboldt,023,135768,16849,16911,2940,19851,139
2022-03-24,Imperial,025,180216,55299,55230,10513,65743,913
2022-03-24,Inyo,027,18085,4064,4060,468,4528,56
2022-03-24,Kern,029,883053,191648,191288,45711,236999,2201
2022-03-24,Kings,031,150075,51416,51397,3511,54908,444
2022-03-24,Lake,033,64148,10690,10659,881,11540,136
2022-03-24,Lassen,035,31185,8951,8944,874,9818,63
2022-03-24,Los Angeles,037,10098052,2707072,2698028,122582,2820610,31291
2022-03-24,Madera,039,155013,37209,37321,6010,43331,354
2022-03-24,Marin,041,260295,33421,33317,2188,35505,287
2022-03-24,Mariposa,043,17540,2395,2386,200,2586,23
2022-03-24,Mendocino,045,87422,13041,13038,3005,16043,118
2022-03-24,Merced,047,269075,62469,62083,8693,70776,805
2022-03-24,Modoc,049,8938,733,736,248,984,7
2022-03-24,Mono,051,14174,2967,2966,122,3088,5
2022-03-24,Monterey,053,433212,79250,78688,13593,92281,724
2022-03-24,Napa,055,140530,25701,25701,936,26637,139
2022-03-24,Nevada,057,99092,15923,15960,1189,17149,123
2022-03-24,Orange,059,3164182,545916,545294,41254,586548,6853
2022-03-24,Placer,061,380077,62662,62634,7308,69942,613
2022-03-24,Plumas,063,18699,2967,2758,358,3116,13
2022-03-24,Riverside,065,2383286,590631,590060,27662,617722,6397
2022-03-24,Sacramento,067,1510023,280389,275529,26460,301989,2935
2022-03-24,San Benito,069,59416,12958,12885,513,13398,97
2022-03-24,San Bernardino,071,2135413,573501,560742,24885,585627,6840
2022-03-24,San Diego,073,3302833,749659,750170,52598,802768,5146
2022-03-24,San Francisco,075,870044,124273,124265,8179,132444,839
2022-03-24,San Joaquin,077,732212,166494,166079,9874,175953,2195
2022-03-24,San Luis Obispo,079,281455,52380,52369,3727,56096,469
2022-03-24,San Mateo,081,765935,121414,120165,6902,127067,684
2022-03-24,Santa Barbara,083,443738,85597,85477,4681,90158,674
2022-03-24,Santa Clara,085,1922200,314161,311189,12273,323462,2250
2022-03-24,Santa Cruz,087,273765,47680,47329,2080,49409,259
2022-03-24,Shasta,089,179085,30516,30542,6080,36622,527
2022-03-24,Sierra,091,2930,271,273,48,321,4
2022-03-24,Siskiyou,093,43540,4424,4433,2713,7146,80
2022-03-24,Solano,095,438530,81378,81659,5545,87204,441
2022-03-24,Sonoma,097,501317,83270,83113,2589,85702,485
2022-03-24,Stanislaus,099,539301,117456,117962,17792,135754,1565
2022-03-24,Sutter,101,95872,20440,20536,2070,22606,221
2022-03-24,Tehama,103,63373,12033,12036,2565,14601,195
2022-03-24,Trinity,105,12862,1183,1174,287,1461,20
2022-03-24,Tulare,107,460477,106193,104538,27486,132024,1400
2022-03-24,Tuolumne,109,53932,12661,12628,559,13187,180
2022-03-24,Ventura,111,848112,172883,172690,9368,182058,1455
2022-03-24,Yolo,113,214977,36985,36234,2895,39129,311
2022-03-24,Yuba,115,75493,15810,15807,1183,16990,117
2022-03-23,Alameda,001,1643700,255756,254559,13782,268341,1802
2022-03-23,Alpine,003,1148,124,124,1,125,0
2022-03-23,Amador,005,37829,8520,8475,640,9115,86
2022-03-23,Butte,007,227075,33135,32920,7001,39921,387
2022-03-23,Calaveras,009,45235,7241,7237,347,7584,120
2022-03-23,Colusa,011,21464,3444,3444,1046,4490,21
2022-03-23,Contra Costa,013,1133247,191572,187898,13348,201246,1279
2022-03-23,Del Norte,015,27424,5792,5830,183,6013,50
2022-03-23,El Dorado,017,186661,26659,26670,3183,29853,200
2022-03-23,Fresno,019,978130,233095,229656,24120,253776,2710
2022-03-23,Glenn,021,27897,4991,4975,1601,6576,47
2022-03-23,Humboldt,023,135768,16848,16908,2939,19847,139
2022-03-23,Imperial,025,180216,55293,55211,10512,65723,909
2022-03-23,Inyo,027,18085,4064,4060,468,4528,56
2022-03-23,Kern,029,883053,191631,191241,45706,236947,2196
2022-03-23,Kings,031,150075,51405,51384,3511,54895,442
2022-03-23,Lake,033,64148,10686,10658,880,11538,135
2022-03-23,Lassen,035,31185,8950,8944,873,9817,63
2022-03-23,Los Angeles,037,10098052,2706393,2697227,122553,2819780,31267
2022-03-23,Madera,039,155013,37204,37317,6008,43325,354
2022-03-23,Marin,041,260295,33395,33274,2183,35457,287
2022-03-23,Mariposa,043,17540,2393,2382,199,2581,11
2022-03-23,Mendocino,045,87422,13037,13033,3004,16037,118
2022-03-23,Merced,047,269075,62458,62056,8690,70746,805
2022-03-23,Modoc,049,8938,733,736,248,984,7
2022-03-23,Mono,051,14174,2967,2966,122,3088,5
2022-03-23,Monterey,053,433212,79233,78655,13569,92224,724
2022-03-23,Napa,055,140530,25688,25691,934,26625,139
2022-03-23,Nevada,057,99092,15921,15958,1189,17147,123
2022-03-23,Orange,059,3164182,545784,545158,41241,586399,6852
2022-03-23,Placer,061,380077,62643,62622,7306,69928,613
2022-03-23,Plumas,063,18699,2967,2747,358,3105,13
2022-03-23,Riverside,065,2383286,590558,589947,27657,617604,6388
2022-03-23,Sacramento,067,1510023,280326,275398,26452,301850,2934
2022-03-23,San Benito,069,59416,12957,12884,513,13397,97
2022-03-23,San Bernardino,071,2135413,573428,560550,24881,585431,6828
2022-03-23,San Diego,073,3302833,749466,749871,52575,802446,5143
2022-03-23,San Francisco,075,870044,124160,124110,8172,132282,838
2022-03-23,San Joaquin,077,732212,166457,166041,9867,175908,2187
2022-03-23,San Luis Obispo,079,281455,52363,52344,3722,56066,469
2022-03-23,San Mateo,081,765935,121329,120080,6892,126972,685
2022-03-23,Santa Barbara,083,443738,85580,85464,4680,90144,673
2022-03-23,Santa Clara,085,1922200,313995,310956,12261,323217,2250
2022-03-23,Santa Cruz,087,273765,47661,47314,2076,49390,259
2022-03-23,Shasta,089,179085,30512,30524,6079,36603,526
2022-03-23,Sierra,091,2930,271,273,48,321,4
2022-03-23,Siskiyou,093,43540,4424,4433,2713,7146,80
2022-03-23,Solano,095,438530,81344,81615,5544,87159,441
2022-03-23,Sonoma,097,501317,83237,83074,2586,85660,482
2022-03-23,Stanislaus,099,539301,117439,118041,17789,135830,1568
2022-03-23,Sutter,101,95872,20437,20532,2070,22602,218
2022-03-23,Tehama,103,63373,12030,12035,2565,14600,195
2022-03-23,Trinity,105,12862,1183,1174,287,1461,20
2022-03-23,Tulare,107,460477,106176,104489,27481,131970,1394
2022-03-23,Tuolumne,109,53932,12660,12629,559,13188,180
2022-03-23,Ventura,111,848112,172835,172647,9366,182013,1455
2022-03-23,Yolo,113,214977,36966,36197,2893,39090,308
2022-03-23,Yuba,115,75493,15803,15801,1182,16983,117
2022-03-22,Alameda,001,1643700,255632,254467,13487,267954,1802
2022-03-22,Alpine,003,1148,124,122,1,123,0
2022-03-22,Amador,005,37829,8519,8462,639,9101,86
2022-03-22,Butte,007,227075,33125,32907,6997,39904,387
2022-03-22,Calaveras,009,45235,7239,7237,347,7584,120
2022-03-22,Colusa,011,21464,3443,3445,1046,4491,21
2022-03-22,Contra Costa,013,1133247,191496,187813,13327,201140,1279
2022-03-22,Del Norte,015,27424,5786,5824,183,6007,50
2022-03-22,El Dorado,017,186661,26652,26661,3183,29844,200
2022-03-22,Fresno,019,978130,233046,229551,24111,253662,2708
2022-03-22,Glenn,021,27897,4989,4971,1601,6572,47
2022-03-22,Humboldt,023,135768,16845,16911,2939,19850,139
2022-03-22,Imperial,025,180216,55281,55170,10509,65679,908
2022-03-22,Inyo,027,18085,4064,4060,468,4528,56
2022-03-22,Kern,029,883053,191608,191213,45698,236911,2195
2022-03-22,Kings,031,150075,51394,51369,3510,54879,442
2022-03-22,Lake,033,64148,10684,10657,879,11536,135
2022-03-22,Lassen,035,31185,8950,8940,873,9813,63
2022-03-22,Los Angeles,037,10098052,2705727,2696746,122506,2819252,31250
2022-03-22,Madera,039,155013,37201,37304,6005,43309,354
2022-03-22,Marin,041,260295,33370,33253,2179,35432,287
2022-03-22,Mariposa,043,17540,2391,2382,199,2581,6
2022-03-22,Mendocino,045,87422,13032,13030,3002,16032,118
2022-03-22,Merced,047,269075,62447,62056,8686,70742,805
2022-03-22,Modoc,049,8938,733,735,248,983,7
2022-03-22,Mono,051,14174,2967,2963,122,3085,5
2022-03-22,Monterey,053,433212,79216,78614,13559,92173,724
2022-03-22,Napa,055,140530,25678,25688,933,26621,139
2022-03-22,Nevada,057,99092,15913,15950,1189,17139,123
2022-03-22,Orange,059,3164182,545642,545075,41224,586299,6843
2022-03-22,Placer,061,380077,62630,62604,7304,69908,610
2022-03-22,Plumas,063,18699,2966,2744,358,3102,13
2022-03-22,Riverside,065,2383286,590483,589816,27654,617470,6383
2022-03-22,Sacramento,067,1510023,280250,275374,26441,301815,2927
2022-03-22,San Benito,069,59416,12956,12884,512,13396,97
2022-03-22,San Bernardino,071,2135413,573346,560371,24861,585232,6811
2022-03-22,San Diego,073,3302833,749268,749647,52555,802202,5141
2022-03-22,San Francisco,075,870044,124053,123998,8166,132164,838
2022-03-22,San Joaquin,077,732212,166429,165992,9864,175856,2187
2022-03-22,San Luis Obispo,079,281455,52355,52257,3722,55979,465
2022-03-22,San Mateo,081,765935,121256,119975,6889,126864,686
2022-03-22,Santa Barbara,083,443738,85563,85457,4679,90136,672
2022-03-22,Santa Clara,085,1922200,313818,310787,12250,323037,2249
2022-03-22,Santa Cruz,087,273765,47641,47287,2075,49362,259
2022-03-22,Shasta,089,179085,30506,30528,6079,36607,525
2022-03-22,Sierra,091,2930,271,273,48,321,4
2022-03-22,Siskiyou,093,43540,4424,4429,2712,7141,80
2022-03-22,Solano,095,438530,81321,81587,5541,87128,440
2022-03-22,Sonoma,097,501317,83208,83042,2583,85625,482
2022-03-22,Stanislaus,099,539301,117422,118025,17785,135810,1568
2022-03-22,Sutter,101,95872,20436,20525,2067,22592,218
2022-03-22,Tehama,103,63373,12028,12034,2565,14599,162
2022-03-22,Trinity,105,12862,1183,1174,287,1461,20
2022-03-22,Tulare,107,460477,106165,104431,27473,131904,1391
2022-03-22,Tuolumne,109,53932,12660,12628,559,13187,180
2022-03-22,Ventura,111,848112,172786,172590,9364,181954,1455
2022-03-22,Yolo,113,214977,36946,36184,2892,39076,308
2022-03-22,Yuba,115,75493,15800,15795,1181,16976,117
2022-03-21,Alameda,001,1643700,255406,254354,13479,267833,1799
2022-03-21,Alpine,003,1148,124,122,1,123,0
2022-03-21,Amador,005,37829,8516,8461,638,9099,85
2022-03-21,Butte,007,227075,33114,32895,6994,39889,385
2022-03-21,Calaveras,009,45235,7238,7237,347,7584,119
2022-03-21,Colusa,011,21464,3443,3445,1046,4491,21
2022-03-21,Contra Costa,013,1133247,191432,187509,13311,200820,1276
2022-03-21,Del Norte,015,27424,5785,5824,183,6007,50
2022-03-21,El Dorado,017,186661,26641,26610,3183,29793,199
2022-03-21,Fresno,019,978130,232998,229374,24102,253476,2707
2022-03-21,Glenn,021,27897,4987,4972,1596,6568,46
2022-03-21,Humboldt,023,135768,16835,16912,2926,19838,139
2022-03-21,Imperial,025,180216,55268,55133,10508,65641,908
2022-03-21,Inyo,027,18085,4063,4060,468,4528,56
2022-03-21,Kern,029,883053,191575,191184,45692,236876,2187
2022-03-21,Kings,031,150075,51380,51366,3508,54874,441
2022-03-21,Lake,033,64148,10682,10655,879,11534,135
2022-03-21,Lassen,035,31185,8949,8939,873,9812,63
2022-03-21,Los Angeles,037,10098052,2704869,2694711,122458,2817169,31218
2022-03-21,Madera,039,155013,37195,37288,6002,43290,354
2022-03-21,Marin,041,260295,33326,33242,2174,35416,287
2022-03-21,Mariposa,043,17540,2390,2383,198,2581,6
2022-03-21,Mendocino,045,87422,13024,13028,3000,16028,118
2022-03-21,Merced,047,269075,62434,62048,8681,70729,803
2022-03-21,Modoc,049,8938,731,734,248,982,7
2022-03-21,Mono,051,14174,2967,2962,122,3084,5
2022-03-21,Monterey,053,433212,79167,78572,13546,92118,724
2022-03-21,Napa,055,140530,25670,25684,931,26615,138
2022-03-21,Nevada,057,99092,15909,15963,1188,17151,123
2022-03-21,Orange,059,3164182,545489,544943,41207,586150,6841
2022-03-21,Placer,061,380077,62611,62550,7303,69853,610
2022-03-21,Plumas,063,18699,2966,2744,358,3102,13
2022-03-21,Riverside,065,2383286,590402,589707,27650,617357,6376
2022-03-21,Sacramento,067,1510023,280160,275334,26426,301760,2925
2022-03-21,San Benito,069,59416,12950,12872,512,13384,97
2022-03-21,San Bernardino,071,2135413,573258,560210,24848,585058,6807
2022-03-21,San Diego,073,3302833,749044,748833,52535,801368,5138
2022-03-21,San Francisco,075,870044,123886,123912,8157,132069,835
2022-03-21,San Joaquin,077,732212,166402,165939,9861,175800,2185
2022-03-21,San Luis Obispo,079,281455,52330,52219,3717,55936,463
2022-03-21,San Mateo,081,765935,121097,119899,6887,126786,684
2022-03-21,Santa Barbara,083,443738,85548,85416,4677,90093,672
2022-03-21,Santa Clara,085,1922200,313557,310509,12247,322756,2245
2022-03-21,Santa Cruz,087,273765,47605,47267,2074,49341,259
2022-03-21,Shasta,089,179085,30500,30523,6077,36600,525
2022-03-21,Sierra,091,2930,271,273,48,321,4
2022-03-21,Siskiyou,093,43540,4424,4426,2712,7138,80
2022-03-21,Solano,095,438530,81293,81399,5540,86939,441
2022-03-21,Sonoma,097,501317,83166,82979,2581,85560,482
2022-03-21,Stanislaus,099,539301,117389,118144,17783,135927,1571
2022-03-21,Sutter,101,95872,20433,20523,2055,22578,218
2022-03-21,Tehama,103,63373,12024,12030,2565,14595,160
2022-03-21,Trinity,105,12862,1183,1174,287,1461,20
2022-03-21,Tulare,107,460477,106145,104350,27468,131818,1389
2022-03-21,Tuolumne,109,53932,12660,12620,559,13179,180
2022-03-21,Ventura,111,848112,172716,172537,9360,181897,1452
2022-03-21,Yolo,113,214977,36930,36141,2890,39031,307
2022-03-21,Yuba,115,75493,15797,15790,1180,16970,117
2022-03-20,Alameda,001,1643700,255269,254293,13469,267762,1801
2022-03-20,Alpine,003,1148,122,122,1,123,0
2022-03-20,Amador,005,37829,8513,8460,638,9098,85
2022-03-20,Butte,007,227075,33099,32892,6990,39882,385
2022-03-20,Calaveras,009,45235,7238,7233,344,7577,119
2022-03-20,Colusa,011,21464,3443,3446,1046,4492,21
2022-03-20,Contra Costa,013,1133247,191329,187467,13301,200768,1276
2022-03-20,Del Norte,015,27424,5783,5821,183,6004,50
2022-03-20,El Dorado,017,186661,26632,26608,3183,29791,199
2022-03-20,Fresno,019,978130,232920,229297,24091,253388,2707
2022-03-20,Glenn,021,27897,4986,4972,1596,6568,46
2022-03-20,Humboldt,023,135768,16833,16913,2924,19837,139
2022-03-20,Imperial,025,180216,55257,55133,10507,65640,908
2022-03-20,Inyo,027,18085,4063,4060,468,4528,56
2022-03-20,Kern,029,883053,191533,191170,45687,236857,2187
2022-03-20,Kings,031,150075,51369,51360,3508,54868,441
2022-03-20,Lake,033,64148,10678,10652,879,11531,135
2022-03-20,Lassen,035,31185,8947,8938,873,9811,63
2022-03-20,Los Angeles,037,10098052,2704077,2694698,122415,2817113,31219
2022-03-20,Madera,039,155013,37190,37284,5999,43283,354
2022-03-20,Marin,041,260295,33310,33232,2173,35405,275
2022-03-20,Mariposa,043,17540,2390,2383,198,2581,6
2022-03-20,Mendocino,045,87422,13017,13027,2995,16022,118
2022-03-20,Merced,047,269075,62422,62041,8677,70718,803
2022-03-20,Modoc,049,8938,731,734,248,982,7
2022-03-20,Mono,051,14174,2965,2962,122,3084,5
2022-03-20,Monterey,053,433212,79134,78566,13535,92101,723
2022-03-20,Napa,055,140530,25658,25682,930,26612,138
2022-03-20,Nevada,057,99092,15905,15964,1188,17152,123
2022-03-20,Orange,059,3164182,545367,544862,41189,586051,6841
2022-03-20,Placer,061,380077,62590,62525,7303,69828,610
2022-03-20,Plumas,063,18699,2966,2744,358,3102,13
2022-03-20,Riverside,065,2383286,590305,589657,27646,617303,6376
2022-03-20,Sacramento,067,1510023,280077,275317,26414,301731,2927
2022-03-20,San Benito,069,59416,12950,12869,511,13380,97
2022-03-20,San Bernardino,071,2135413,573177,560220,24839,585059,6805
2022-03-20,San Diego,073,3302833,748808,748833,52501,801334,5138
2022-03-20,San Francisco,075,870044,123737,123858,8145,132003,835
2022-03-20,San Joaquin,077,732212,166369,165927,9856,175783,2185
2022-03-20,San Luis Obispo,079,281455,52306,52217,3714,55931,463
2022-03-20,San Mateo,081,765935,121037,119901,6881,126782,684
2022-03-20,Santa Barbara,083,443738,85523,85412,4676,90088,672
2022-03-20,Santa Clara,085,1922200,313349,310412,12239,322651,2243
2022-03-20,Santa Cruz,087,273765,47578,47265,2073,49338,259
2022-03-20,Shasta,089,179085,30490,30522,6076,36598,525
2022-03-20,Sierra,091,2930,271,273,48,321,4
2022-03-20,Siskiyou,093,43540,4423,4426,2712,7138,80
2022-03-20,Solano,095,438530,81263,81393,5538,86931,441
2022-03-20,Sonoma,097,501317,83123,82965,2580,85545,481
2022-03-20,Stanislaus,099,539301,117364,118146,17780,135926,1572
2022-03-20,Sutter,101,95872,20426,20519,2047,22566,218
2022-03-20,Tehama,103,63373,12022,12030,2565,14595,160
2022-03-20,Trinity,105,12862,1183,1174,287,1461,20
2022-03-20,Tulare,107,460477,106124,104353,27456,131809,1389
2022-03-20,Tuolumne,109,53932,12655,12617,559,13176,180
2022-03-20,Ventura,111,848112,172666,172514,9355,181869,1451
2022-03-20,Yolo,113,214977,36911,36135,2889,39024,307
2022-03-20,Yuba,115,75493,15788,15787,1178,16965,117
2022-03-19,Alameda,001,1643700,255193,253936,13467,267403,1797
2022-03-19,Alpine,003,1148,122,122,1,123,0
2022-03-19,Amador,005,37829,8510,8456,638,9094,85
2022-03-19,Butte,007,227075,33091,32856,6990,39846,385
2022-03-19,Calaveras,009,45235,7238,7229,344,7573,119
2022-03-19,Colusa,011,21464,3441,3445,1046,4491,21
2022-03-19,Contra Costa,013,1133247,191293,187225,13300,200525,1276
2022-03-19,Del Norte,015,27424,5780,5815,183,5998,48
2022-03-19,El Dorado,017,186661,26628,26618,3183,29801,199
2022-03-19,Fresno,019,978130,232897,228965,24090,253055,2694
2022-03-19,Glenn,021,27897,4986,4971,1596,6567,44
2022-03-19,Humboldt,023,135768,16827,16901,2924,19825,138
2022-03-19,Imperial,025,180216,55256,55038,10506,65544,898
2022-03-19,Inyo,027,18085,4063,4061,468,4529,56
2022-03-19,Kern,029,883053,191518,190943,45679,236622,2184
2022-03-19,Kings,031,150075,51364,51334,3508,54842,441
2022-03-19,Lake,033,64148,10678,10641,879,11520,135
2022-03-19,Lassen,035,31185,8947,8925,873,9798,63
2022-03-19,Los Angeles,037,10098052,2703700,2686759,122381,2809140,31133
2022-03-19,Madera,039,155013,37190,37273,5999,43272,354
2022-03-19,Marin,041,260295,33291,33163,2169,35332,272
2022-03-19,Mariposa,043,17540,2389,2378,198,2576,6
2022-03-19,Mendocino,045,87422,13017,13012,2995,16007,117
2022-03-19,Merced,047,269075,62417,61985,8675,70660,800
2022-03-19,Modoc,049,8938,731,734,248,982,7
2022-03-19,Mono,051,14174,2965,2961,122,3083,5
2022-03-19,Monterey,053,433212,79123,78483,13528,92011,720
2022-03-19,Napa,055,140530,25655,25654,930,26584,138
2022-03-19,Nevada,057,99092,15903,15960,1188,17148,123
2022-03-19,Orange,059,3164182,545296,543907,41173,585080,6817
2022-03-19,Placer,061,380077,62576,62483,7303,69786,605
2022-03-19,Plumas,063,18699,2966,2724,358,3082,13
2022-03-19,Riverside,065,2383286,590255,589017,27639,616656,6359
2022-03-19,Sacramento,067,1510023,280035,274855,26410,301265,2913
2022-03-19,San Benito,069,59416,12949,12859,511,13370,97
2022-03-19,San Bernardino,071,2135413,573131,559935,24837,584772,6778
2022-03-19,San Diego,073,3302833,748708,747344,52487,799831,5133
2022-03-19,San Francisco,075,870044,123667,123587,8143,131730,833
2022-03-19,San Joaquin,077,732212,166344,165765,9853,175618,2181
2022-03-19,San Luis Obispo,079,281455,52300,52174,3714,55888,463
2022-03-19,San Mateo,081,765935,121000,119782,6880,126662,667
2022-03-19,Santa Barbara,083,443738,85508,85336,4675,90011,671
2022-03-19,Santa Clara,085,1922200,313227,309918,12230,322148,2225
2022-03-19,Santa Cruz,087,273765,47570,47203,2069,49272,256
2022-03-19,Shasta,089,179085,30486,30495,6076,36571,525
2022-03-19,Sierra,091,2930,271,273,48,321,4
2022-03-19,Siskiyou,093,43540,4422,4422,2712,7134,76
2022-03-19,Solano,095,438530,81254,81340,5535,86875,441
2022-03-19,Sonoma,097,501317,83106,82838,2577,85415,472
2022-03-19,Stanislaus,099,539301,117354,118138,17778,135916,1568
2022-03-19,Sutter,101,95872,20423,20503,2047,22550,218
2022-03-19,Tehama,103,63373,12022,12007,2565,14572,160
2022-03-19,Trinity,105,12862,1183,1173,287,1460,20
2022-03-19,Tulare,107,460477,106115,104290,27451,131741,1384
2022-03-19,Tuolumne,109,53932,12654,12617,559,13176,180
2022-03-19,Ventura,111,848112,172635,172380,9354,181734,1451
2022-03-19,Yolo,113,214977,36902,36086,2889,38975,306
2022-03-19,Yuba,115,75493,15784,15768,1177,16945,117
2022-03-18,Alameda,001,1643700,255132,253936,13464,267400,1797
2022-03-18,Alpine,003,1148,122,122,1,123,0
2022-03-18,Amador,005,37829,8510,8456,638,9094,85
2022-03-18,Butte,007,227075,33086,32856,6987,39843,385
2022-03-18,Calaveras,009,45235,7238,7229,344,7573,119
2022-03-18,Colusa,011,21464,3441,3445,1046,4491,21
2022-03-18,Contra Costa,013,1133247,191261,187225,13298,200523,1276
2022-03-18,Del Norte,015,27424,5778,5815,183,5998,48
2022-03-18,El Dorado,017,186661,26623,26618,3181,29799,199
2022-03-18,Fresno,019,978130,232864,228965,24090,253055,2694
2022-03-18,Glenn,021,27897,4985,4971,1596,6567,44
2022-03-18,Humboldt,023,135768,16824,16901,2923,19824,138
2022-03-18,Imperial,025,180216,55254,55038,10506,65544,898
2022-03-18,Inyo,027,18085,4063,4061,468,4529,56
2022-03-18,Kern,029,883053,191507,190943,45676,236619,2184
2022-03-18,Kings,031,150075,51356,51334,3508,54842,441
2022-03-18,Lake,033,64148,10676,10641,878,11519,135
2022-03-18,Lassen,035,31185,8946,8925,873,9798,63
2022-03-18,Los Angeles,037,10098052,2703346,2686759,122355,2809114,31133
2022-03-18,Madera,039,155013,37185,37273,5999,43272,354
2022-03-18,Marin,041,260295,33277,33163,2169,35332,272
2022-03-18,Mariposa,043,17540,2388,2378,198,2576,6
2022-03-18,Mendocino,045,87422,13013,13012,2995,16007,117
2022-03-18,Merced,047,269075,62405,61985,8675,70660,800
2022-03-18,Modoc,049,8938,731,734,248,982,7
2022-03-18,Mono,051,14174,2964,2961,122,3083,5
2022-03-18,Monterey,053,433212,79105,78483,13526,92009,720
2022-03-18,Napa,055,140530,25652,25654,930,26584,138
2022-03-18,Nevada,057,99092,15900,15960,1187,17147,123
2022-03-18,Orange,059,3164182,545229,543907,41164,585071,6817
2022-03-18,Placer,061,380077,62567,62483,7303,69786,605
2022-03-18,Plumas,063,18699,2966,2724,358,3082,13
2022-03-18,Riverside,065,2383286,590195,589017,27635,616652,6359
2022-03-18,Sacramento,067,1510023,279999,274855,26406,301261,2913
2022-03-18,San Benito,069,59416,12947,12859,511,13370,97
2022-03-18,San Bernardino,071,2135413,573093,559935,24835,584770,6778
2022-03-18,San Diego,073,3302833,748600,747344,52472,799816,5133
2022-03-18,San Francisco,075,870044,123587,123587,8138,131725,833
2022-03-18,San Joaquin,077,732212,166329,165765,9848,175613,2181
2022-03-18,San Luis Obispo,079,281455,52293,52174,3714,55888,463
2022-03-18,San Mateo,081,765935,120965,119782,6877,126659,667
2022-03-18,Santa Barbara,083,443738,85498,85336,4674,90010,671
2022-03-18,Santa Clara,085,1922200,313121,309918,12227,322145,2225
2022-03-18,Santa Cruz,087,273765,47558,47203,2068,49271,256
2022-03-18,Shasta,089,179085,30485,30495,6076,36571,525
2022-03-18,Sierra,091,2930,271,273,48,321,4
2022-03-18,Siskiyou,093,43540,4422,4422,2712,7134,76
2022-03-18,Solano,095,438530,81243,81340,5529,86869,441
2022-03-18,Sonoma,097,501317,83085,82838,2576,85414,472
2022-03-18,Stanislaus,099,539301,117341,118138,17778,135916,1568
2022-03-18,Sutter,101,95872,20420,20503,2047,22550,218
2022-03-18,Tehama,103,63373,12021,12007,2565,14572,160
2022-03-18,Trinity,105,12862,1183,1173,287,1460,20
2022-03-18,Tulare,107,460477,106109,104290,27446,131736,1384
2022-03-18,Tuolumne,109,53932,12653,12617,559,13176,180
2022-03-18,Ventura,111,848112,172615,172380,9349,181729,1451
2022-03-18,Yolo,113,214977,36891,36086,2889,38975,306
2022-03-18,Yuba,115,75493,15782,15768,1177,16945,117
2022-03-17,Alameda,001,1643700,255033,253936,13458,267394,1797
2022-03-17,Alpine,003,1148,122,122,1,123,0
2022-03-17,Amador,005,37829,8503,8456,638,9094,85
2022-03-17,Butte,007,227075,33073,32856,6985,39841,385
2022-03-17,Calaveras,009,45235,7235,7229,344,7573,119
2022-03-17,Colusa,011,21464,3441,3445,1046,4491,21
2022-03-17,Contra Costa,013,1133247,191197,187225,13287,200512,1276
2022-03-17,Del Norte,015,27424,5776,5815,183,5998,48
2022-03-17,El Dorado,017,186661,26617,26618,3181,29799,199
2022-03-17,Fresno,019,978130,232815,228965,24087,253052,2694
2022-03-17,Glenn,021,27897,4985,4971,1596,6567,44
2022-03-17,Humboldt,023,135768,16820,16901,2921,19822,138
2022-03-17,Imperial,025,180216,55243,55038,10506,65544,898
2022-03-17,Inyo,027,18085,4063,4061,468,4529,56
2022-03-17,Kern,029,883053,191476,190943,45673,236616,2184
2022-03-17,Kings,031,150075,51353,51334,3507,54841,441
2022-03-17,Lake,033,64148,10673,10641,878,11519,135
2022-03-17,Lassen,035,31185,8944,8925,873,9798,63
2022-03-17,Los Angeles,037,10098052,2702688,2686759,122320,2809079,31133
2022-03-17,Madera,039,155013,37181,37273,5999,43272,354
2022-03-17,Marin,041,260295,33265,33163,2168,35331,272
2022-03-17,Mariposa,043,17540,2388,2378,198,2576,6
2022-03-17,Mendocino,045,87422,13009,13012,2992,16004,117
2022-03-17,Merced,047,269075,62399,61985,8672,70657,800
2022-03-17,Modoc,049,8938,731,734,248,982,7
2022-03-17,Mono,051,14174,2964,2961,121,3082,5
2022-03-17,Monterey,053,433212,79082,78483,13520,92003,720
2022-03-17,Napa,055,140530,25647,25654,930,26584,138
2022-03-17,Nevada,057,99092,15897,15960,1187,17147,123
2022-03-17,Orange,059,3164182,545135,543907,41154,585061,6817
2022-03-17,Placer,061,380077,62551,62483,7301,69784,605
2022-03-17,Plumas,063,18699,2965,2724,358,3082,13
2022-03-17,Riverside,065,2383286,590115,589017,27628,616645,6359
2022-03-17,Sacramento,067,1510023,279933,274855,26400,301255,2913
2022-03-17,San Benito,069,59416,12946,12859,511,13370,97
2022-03-17,San Bernardino,071,2135413,573029,559935,24832,584767,6778
2022-03-17,San Diego,073,3302833,748425,747344,52456,799800,5133
2022-03-17,San Francisco,075,870044,123507,123587,8133,131720,833
2022-03-17,San Joaquin,077,732212,166309,165765,9846,175611,2181
2022-03-17,San Luis Obispo,079,281455,52279,52174,3712,55886,463
2022-03-17,San Mateo,081,765935,120917,119782,6873,126655,667
2022-03-17,Santa Barbara,083,443738,85482,85336,4674,90010,671
2022-03-17,Santa Clara,085,1922200,313000,309918,12223,322141,2225
2022-03-17,Santa Cruz,087,273765,47542,47203,2066,49269,256
2022-03-17,Shasta,089,179085,30481,30495,6074,36569,525
2022-03-17,Sierra,091,2930,271,273,48,321,4
2022-03-17,Siskiyou,093,43540,4422,4422,2712,7134,76
2022-03-17,Solano,095,438530,81214,81340,5525,86865,441
2022-03-17,Sonoma,097,501317,83057,82838,2574,85412,472
2022-03-17,Stanislaus,099,539301,117327,118138,17773,135911,1568
2022-03-17,Sutter,101,95872,20410,20503,2036,22539,218
2022-03-17,Tehama,103,63373,12021,12007,2565,14572,160
2022-03-17,Trinity,105,12862,1183,1173,287,1460,20
2022-03-17,Tulare,107,460477,106093,104290,27436,131726,1384
2022-03-17,Tuolumne,109,53932,12651,12617,558,13175,180
2022-03-17,Ventura,111,848112,172566,172380,9347,181727,1451
2022-03-17,Yolo,113,214977,36877,36086,2889,38975,306
2022-03-17,Yuba,115,75493,15780,15768,1176,16944,117
2022-03-16,Alameda,001,1643700,254933,253792,13455,267247,1794
2022-03-16,Alpine,003,1148,122,122,1,123,0
2022-03-16,Amador,005,37829,8495,8449,638,9087,85
2022-03-16,Butte,007,227075,33062,32837,6980,39817,385
2022-03-16,Calaveras,009,45235,7233,7229,344,7573,120
2022-03-16,Colusa,011,21464,3441,3445,1046,4491,22
2022-03-16,Contra Costa,013,1133247,191139,187100,13276,200376,1266
2022-03-16,Del Norte,015,27424,5775,5811,181,5992,48
2022-03-16,El Dorado,017,186661,26604,26602,3180,29782,199
2022-03-16,Fresno,019,978130,232768,228786,24076,252862,2689
2022-03-16,Glenn,021,27897,4984,4969,1596,6565,44
2022-03-16,Humboldt,023,135768,16817,16893,2921,19814,138
2022-03-16,Imperial,025,180216,55231,55002,10505,65507,897
2022-03-16,Inyo,027,18085,4062,4061,468,4529,56
2022-03-16,Kern,029,883053,191433,190835,45666,236501,2170
2022-03-16,Kings,031,150075,51338,51321,3507,54828,437
2022-03-16,Lake,033,64148,10671,10633,877,11510,133
2022-03-16,Lassen,035,31185,8941,8924,873,9797,62
2022-03-16,Los Angeles,037,10098052,2702057,2685789,122280,2808069,31102
2022-03-16,Madera,039,155013,37171,37262,5998,43260,354
2022-03-16,Marin,041,260295,33244,33136,2166,35302,272
2022-03-16,Mariposa,043,17540,2386,2376,198,2574,6
2022-03-16,Mendocino,045,87422,13006,13011,2991,16002,117
2022-03-16,Merced,047,269075,62383,61959,8668,70627,798
2022-03-16,Modoc,049,8938,730,734,248,982,7
2022-03-16,Mono,051,14174,2964,2960,121,3081,5
2022-03-16,Monterey,053,433212,79060,78416,13515,91931,720
2022-03-16,Napa,055,140530,25638,25638,930,26568,138
2022-03-16,Nevada,057,99092,15895,15960,1187,17147,123
2022-03-16,Orange,059,3164182,545012,543326,41131,584457,6791
2022-03-16,Placer,061,380077,62535,62435,7299,69734,605
2022-03-16,Plumas,063,18699,2965,2723,358,3081,13
2022-03-16,Riverside,065,2383286,590019,588761,27625,616386,6351
2022-03-16,Sacramento,067,1510023,279866,274709,26393,301102,2910
2022-03-16,San Benito,069,59416,12941,12854,511,13365,97
2022-03-16,San Bernardino,071,2135413,572948,559746,24825,584571,6775
2022-03-16,San Diego,073,3302833,748218,746970,52432,799402,5126
2022-03-16,San Francisco,075,870044,123407,123446,8126,131572,831
2022-03-16,San Joaquin,077,732212,166262,165703,9843,175546,2169
2022-03-16,San Luis Obispo,079,281455,52261,52132,3708,55840,462
2022-03-16,San Mateo,081,765935,120854,119680,6865,126545,660
2022-03-16,Santa Barbara,083,443738,85449,85322,4670,89992,670
2022-03-16,Santa Clara,085,1922200,312814,309689,12208,321897,2224
2022-03-16,Santa Cruz,087,273765,47512,47161,2066,49227,255
2022-03-16,Shasta,089,179085,30472,30489,6070,36559,527
2022-03-16,Sierra,091,2930,271,273,48,321,4
2022-03-16,Siskiyou,093,43540,4420,4419,2710,7129,76
2022-03-16,Solano,095,438530,81191,81277,5523,86800,440
2022-03-16,Sonoma,097,501317,83013,82791,2565,85356,472
2022-03-16,Stanislaus,099,539301,117301,118072,17771,135843,1567
2022-03-16,Sutter,101,95872,20408,20494,2035,22529,218
2022-03-16,Tehama,103,63373,12019,11999,2565,14564,160
2022-03-16,Trinity,105,12862,1183,1173,287,1460,20
2022-03-16,Tulare,107,460477,106080,104217,27430,131647,1377
2022-03-16,Tuolumne,109,53932,12646,12610,558,13168,180
2022-03-16,Ventura,111,848112,172525,172212,9343,181555,1451
2022-03-16,Yolo,113,214977,36854,36079,2888,38967,307
2022-03-16,Yuba,115,75493,15775,15758,1176,16934,117
2022-03-15,Alameda,001,1643700,254799,253694,13446,267140,1793
2022-03-15,Alpine,003,1148,122,122,1,123,0
2022-03-15,Amador,005,37829,8492,8448,638,9086,85
2022-03-15,Butte,007,227075,33049,32822,6979,39801,385
2022-03-15,Calaveras,009,45235,7231,7236,344,7580,118
2022-03-15,Colusa,011,21464,3441,3445,1046,4491,21
2022-03-15,Contra Costa,013,1133247,191058,187021,13269,200290,1265
2022-03-15,Del Norte,015,27424,5772,5806,178,5984,48
2022-03-15,El Dorado,017,186661,26601,26596,3180,29776,199
2022-03-15,Fresno,019,978130,232725,228631,24067,252698,2689
2022-03-15,Glenn,021,27897,4982,4966,1596,6562,44
2022-03-15,Humboldt,023,135768,16811,16889,2920,19809,138
2022-03-15,Imperial,025,180216,55220,54981,10501,65482,896
2022-03-15,Inyo,027,18085,4062,4062,467,4529,56
2022-03-15,Kern,029,883053,191404,190645,45656,236301,2168
2022-03-15,Kings,031,150075,51319,51317,3503,54820,437
2022-03-15,Lake,033,64148,10667,10631,877,11508,131
2022-03-15,Lassen,035,31185,8939,8926,873,9799,62
2022-03-15,Los Angeles,037,10098052,2701370,2685071,122223,2807294,31077
2022-03-15,Madera,039,155013,37162,37258,5997,43255,354
2022-03-15,Marin,041,260295,33221,33111,2165,35276,272
2022-03-15,Mariposa,043,17540,2384,2377,198,2575,6
2022-03-15,Mendocino,045,87422,13001,13005,2990,15995,117
2022-03-15,Merced,047,269075,62366,61916,8659,70575,798
2022-03-15,Modoc,049,8938,730,733,248,981,7
2022-03-15,Mono,051,14174,2964,2961,121,3082,5
2022-03-15,Monterey,053,433212,79030,78400,13507,91907,718
2022-03-15,Napa,055,140530,25630,25657,928,26585,138
2022-03-15,Nevada,057,99092,15893,15960,1185,17145,123
2022-03-15,Orange,059,3164182,544872,543197,41124,584321,6780
2022-03-15,Placer,061,380077,62518,62398,7295,69693,604
2022-03-15,Plumas,063,18699,2964,2722,358,3080,13
2022-03-15,Riverside,065,2383286,589920,588622,27617,616239,6333
2022-03-15,Sacramento,067,1510023,279781,274633,26387,301020,2907
2022-03-15,San Benito,069,59416,12936,12849,511,13360,95
2022-03-15,San Bernardino,071,2135413,572872,559605,24822,584427,6770
2022-03-15,San Diego,073,3302833,747975,746474,52410,798884,5116
2022-03-15,San Francisco,075,870044,123291,123526,8117,131643,831
2022-03-15,San Joaquin,077,732212,166219,165664,9837,175501,2161
2022-03-15,San Luis Obispo,079,281455,52251,52060,3704,55764,458
2022-03-15,San Mateo,081,765935,120803,119586,6859,126445,649
2022-03-15,Santa Barbara,083,443738,85424,85353,4666,90019,668
2022-03-15,Santa Clara,085,1922200,312650,309535,12197,321732,2224
2022-03-15,Santa Cruz,087,273765,47459,47117,2066,49183,255
2022-03-15,Shasta,089,179085,30463,30476,6067,36543,524
2022-03-15,Sierra,091,2930,271,273,48,321,4
2022-03-15,Siskiyou,093,43540,4420,4420,2710,7130,76
2022-03-15,Solano,095,438530,81155,81260,5522,86782,440
2022-03-15,Sonoma,097,501317,82973,82737,2565,85302,472
2022-03-15,Stanislaus,099,539301,117283,118085,17768,135853,1567
2022-03-15,Sutter,101,95872,20405,20480,2026,22506,217
2022-03-15,Tehama,103,63373,12016,11997,2565,14562,160
2022-03-15,Trinity,105,12862,1183,1173,287,1460,20
2022-03-15,Tulare,107,460477,106061,104153,27418,131571,1375
2022-03-15,Tuolumne,109,53932,12642,12602,558,13160,180
2022-03-15,Ventura,111,848112,172480,172150,9340,181490,1451
2022-03-15,Yolo,113,214977,36839,36079,2884,38963,308
2022-03-15,Yuba,115,75493,15767,15756,1176,16932,116
2022-03-14,Alameda,001,1643700,254688,253629,13442,267071,1791
2022-03-14,Alpine,003,1148,122,122,1,123,0
2022-03-14,Amador,005,37829,8487,8448,638,9086,85
2022-03-14,Butte,007,227075,33033,32812,6979,39791,385
2022-03-14,Calaveras,009,45235,7230,7245,344,7589,118
2022-03-14,Colusa,011,21464,3440,3445,1046,4491,21
2022-03-14,Contra Costa,013,1133247,190966,186969,13261,200230,1265
2022-03-14,Del Norte,015,27424,5766,5807,178,5985,48
2022-03-14,El Dorado,017,186661,26596,26570,3180,29750,199
2022-03-14,Fresno,019,978130,232650,228470,24057,252527,2682
2022-03-14,Glenn,021,27897,4980,4966,1596,6562,44
2022-03-14,Humboldt,023,135768,16804,16890,2918,19808,137
2022-03-14,Imperial,025,180216,55209,54933,10500,65433,897
2022-03-14,Inyo,027,18085,4062,4062,467,4529,56
2022-03-14,Kern,029,883053,191369,190526,45645,236171,2166
2022-03-14,Kings,031,150075,51301,51293,3502,54795,437
2022-03-14,Lake,033,64148,10664,10631,877,11508,131
2022-03-14,Lassen,035,31185,8939,8927,872,9799,62
2022-03-14,Los Angeles,037,10098052,2700739,2683369,122158,2805527,31034
2022-03-14,Madera,039,155013,37155,37255,5996,43251,354
2022-03-14,Marin,041,260295,33193,33099,2165,35264,272
2022-03-14,Mariposa,043,17540,2383,2376,198,2574,6
2022-03-14,Mendocino,045,87422,12996,12992,2983,15975,117
2022-03-14,Merced,047,269075,62347,61905,8657,70562,795
2022-03-14,Modoc,049,8938,729,731,248,979,7
2022-03-14,Mono,051,14174,2963,2961,121,3082,5
2022-03-14,Monterey,053,433212,79015,78376,13471,91847,718
2022-03-14,Napa,055,140530,25616,25649,928,26577,138
2022-03-14,Nevada,057,99092,15891,15954,1185,17139,123
2022-03-14,Orange,059,3164182,544735,543099,41110,584209,6775
2022-03-14,Placer,061,380077,62500,62389,7293,69682,601
2022-03-14,Plumas,063,18699,2964,2711,358,3069,13
2022-03-14,Riverside,065,2383286,589785,588531,27607,616138,6332
2022-03-14,Sacramento,067,1510023,279699,274682,26382,301064,2899
2022-03-14,San Benito,069,59416,12931,12846,511,13357,95
2022-03-14,San Bernardino,071,2135413,572785,559505,24817,584322,6767
2022-03-14,San Diego,073,3302833,747672,745515,52381,797896,5108
2022-03-14,San Francisco,075,870044,123201,123575,8110,131685,824
2022-03-14,San Joaquin,077,732212,166180,165662,9836,175498,2142
2022-03-14,San Luis Obispo,079,281455,52223,52046,3701,55747,458
2022-03-14,San Mateo,081,765935,120730,119564,6857,126421,649
2022-03-14,Santa Barbara,083,443738,85387,85396,4665,90061,667
2022-03-14,Santa Clara,085,1922200,312460,309600,12194,321794,2223
2022-03-14,Santa Cruz,087,273765,47420,47107,2064,49171,255
2022-03-14,Shasta,089,179085,30458,30462,6064,36526,520
2022-03-14,Sierra,091,2930,271,273,48,321,4
2022-03-14,Siskiyou,093,43540,4415,4419,2709,7128,76
2022-03-14,Solano,095,438530,81106,81233,5517,86750,440
2022-03-14,Sonoma,097,501317,82938,82731,2561,85292,473
2022-03-14,Stanislaus,099,539301,117247,118088,17764,135852,1567
2022-03-14,Sutter,101,95872,20398,20478,2026,22504,217
2022-03-14,Tehama,103,63373,12014,11996,2565,14561,160
2022-03-14,Trinity,105,12862,1183,1172,287,1459,20
2022-03-14,Tulare,107,460477,106034,104121,27411,131532,1365
2022-03-14,Tuolumne,109,53932,12641,12567,557,13124,180
2022-03-14,Ventura,111,848112,172427,172107,9338,181445,1442
2022-03-14,Yolo,113,214977,36823,36059,2882,38941,308
2022-03-14,Yuba,115,75493,15755,15748,1176,16924,116
2022-03-13,Alameda,001,1643700,254563,253547,13434,266981,1792
2022-03-13,Alpine,003,1148,122,122,1,123,0
2022-03-13,Amador,005,37829,8485,8444,638,9082,85
2022-03-13,Butte,007,227075,33014,32806,6976,39782,384
2022-03-13,Calaveras,009,45235,7225,7253,344,7597,118
2022-03-13,Colusa,011,21464,3440,3444,1044,4488,21
2022-03-13,Contra Costa,013,1133247,190868,186911,13248,200159,1265
2022-03-13,Del Norte,015,27424,5762,5808,178,5986,48
2022-03-13,El Dorado,017,186661,26591,26563,3179,29742,199
2022-03-13,Fresno,019,978130,232568,228421,24043,252464,2683
2022-03-13,Glenn,021,27897,4977,4966,1595,6561,44
2022-03-13,Humboldt,023,135768,16796,16883,2918,19801,137
2022-03-13,Imperial,025,180216,55198,54934,10498,65432,897
2022-03-13,Inyo,027,18085,4062,4062,466,4528,56
2022-03-13,Kern,029,883053,191315,190495,45633,236128,2166
2022-03-13,Kings,031,150075,51293,51273,3502,54775,437
2022-03-13,Lake,033,64148,10661,10626,877,11503,131
2022-03-13,Lassen,035,31185,8938,8929,871,9800,62
2022-03-13,Los Angeles,037,10098052,2700016,2683351,122116,2805467,31034
2022-03-13,Madera,039,155013,37147,37248,5996,43244,354
2022-03-13,Marin,041,260295,33169,33083,2163,35246,272
2022-03-13,Mariposa,043,17540,2381,2376,198,2574,6
2022-03-13,Mendocino,045,87422,12990,12987,2978,15965,117
2022-03-13,Merced,047,269075,62325,61895,8647,70542,795
2022-03-13,Modoc,049,8938,729,731,248,979,7
2022-03-13,Mono,051,14174,2963,2961,121,3082,5
2022-03-13,Monterey,053,433212,78979,78366,13423,91789,718
2022-03-13,Napa,055,140530,25602,25639,927,26566,138
2022-03-13,Nevada,057,99092,15884,15959,1185,17144,123
2022-03-13,Orange,059,3164182,544615,543036,41086,584122,6774
2022-03-13,Placer,061,380077,62472,62372,7290,69662,601
2022-03-13,Plumas,063,18699,2964,2711,358,3069,13
2022-03-13,Riverside,065,2383286,589652,588487,27601,616088,6332
2022-03-13,Sacramento,067,1510023,279590,274715,26369,301084,2899
2022-03-13,San Benito,069,59416,12925,12844,509,13353,95
2022-03-13,San Bernardino,071,2135413,572695,559450,24807,584257,6767
2022-03-13,San Diego,073,3302833,747331,745515,52347,797862,5108
2022-03-13,San Francisco,075,870044,123081,123622,8104,131726,824
2022-03-13,San Joaquin,077,732212,166130,165641,9834,175475,2142
2022-03-13,San Luis Obispo,079,281455,52193,52040,3699,55739,458
2022-03-13,San Mateo,081,765935,120652,119521,6848,126369,649
2022-03-13,Santa Barbara,083,443738,85347,85453,4663,90116,667
2022-03-13,Santa Clara,085,1922200,312273,309493,12186,321679,2225
2022-03-13,Santa Cruz,087,273765,47368,47087,2064,49151,255
2022-03-13,Shasta,089,179085,30441,30457,6062,36519,520
2022-03-13,Sierra,091,2930,271,273,48,321,4
2022-03-13,Siskiyou,093,43540,4415,4418,2709,7127,76
2022-03-13,Solano,095,438530,81070,81217,5512,86729,440
2022-03-13,Sonoma,097,501317,82904,82711,2557,85268,473
2022-03-13,Stanislaus,099,539301,117214,118075,17759,135834,1567
2022-03-13,Sutter,101,95872,20394,20474,2026,22500,217
2022-03-13,Tehama,103,63373,12013,11997,2564,14561,160
2022-03-13,Trinity,105,12862,1183,1172,287,1459,20
2022-03-13,Tulare,107,460477,106001,104119,27403,131522,1365
2022-03-13,Tuolumne,109,53932,12638,12565,557,13122,180
2022-03-13,Ventura,111,848112,172369,172080,9331,181411,1442
2022-03-13,Yolo,113,214977,36804,36019,2880,38899,308
2022-03-13,Yuba,115,75493,15750,15741,1176,16917,116
2022-03-12,Alameda,001,1643700,254495,253079,13429,266508,1783
2022-03-12,Alpine,003,1148,122,122,1,123,0
2022-03-12,Amador,005,37829,8481,8427,638,9065,84
2022-03-12,Butte,007,227075,33009,32774,6974,39748,380
2022-03-12,Calaveras,009,45235,7224,7253,344,7597,118
2022-03-12,Colusa,011,21464,3440,3440,1044,4484,21
2022-03-12,Contra Costa,013,1133247,190826,186618,13247,199865,1256
2022-03-12,Del Norte,015,27424,5761,5791,178,5969,48
2022-03-12,El Dorado,017,186661,26587,26538,3179,29717,199
2022-03-12,Fresno,019,978130,232546,228041,24043,252084,2653
2022-03-12,Glenn,021,27897,4977,4955,1595,6550,44
2022-03-12,Humboldt,023,135768,16792,16862,2917,19779,137
2022-03-12,Imperial,025,180216,55193,54837,10495,65332,896
2022-03-12,Inyo,027,18085,4062,4056,466,4522,56
2022-03-12,Kern,029,883053,191298,190330,45628,235958,2162
2022-03-12,Kings,031,150075,51287,51145,3502,54647,436
2022-03-12,Lake,033,64148,10659,10594,876,11470,131
2022-03-12,Lassen,035,31185,8937,8915,871,9786,62
2022-03-12,Los Angeles,037,10098052,2699690,2678858,122095,2800953,30901
2022-03-12,Madera,039,155013,37142,37223,5996,43219,354
2022-03-12,Marin,041,260295,33144,33015,2162,35177,272
2022-03-12,Mariposa,043,17540,2381,2372,198,2570,6
2022-03-12,Mendocino,045,87422,12986,12965,2978,15943,117
2022-03-12,Merced,047,269075,62318,61840,8645,70485,795
2022-03-12,Modoc,049,8938,729,730,248,978,7
2022-03-12,Mono,051,14174,2963,2960,120,3080,5
2022-03-12,Monterey,053,433212,78972,78285,13421,91706,716
2022-03-12,Napa,055,140530,25592,25584,926,26510,138
2022-03-12,Nevada,057,99092,15878,15947,1185,17132,123
2022-03-12,Orange,059,3164182,544551,542354,41077,583431,6718
2022-03-12,Placer,061,380077,62463,62282,7290,69572,598
2022-03-12,Plumas,063,18699,2964,2707,358,3065,13
2022-03-12,Riverside,065,2383286,589587,588022,27596,615618,6317
2022-03-12,Sacramento,067,1510023,279550,274519,26365,300884,2886
2022-03-12,San Benito,069,59416,12922,12868,509,13377,95
2022-03-12,San Bernardino,071,2135413,572647,559013,24806,583819,6734
2022-03-12,San Diego,073,3302833,747209,744386,52325,796711,5090
2022-03-12,San Francisco,075,870044,123016,123610,8098,131708,823
2022-03-12,San Joaquin,077,732212,166109,165516,9831,175347,2117
2022-03-12,San Luis Obispo,079,281455,52184,51947,3696,55643,457
2022-03-12,San Mateo,081,765935,120616,119288,6847,126135,641
2022-03-12,Santa Barbara,083,443738,85328,85421,4663,90084,664
2022-03-12,Santa Clara,085,1922200,312168,308989,12181,321170,2208
2022-03-12,Santa Cruz,087,273765,47355,46982,2063,49045,254
2022-03-12,Shasta,089,179085,30429,30419,6060,36479,517
2022-03-12,Sierra,091,2930,271,273,48,321,4
2022-03-12,Siskiyou,093,43540,4415,4405,2709,7114,75
2022-03-12,Solano,095,438530,81056,81058,5512,86570,436
2022-03-12,Sonoma,097,501317,82887,82622,2555,85177,473
2022-03-12,Stanislaus,099,539301,117200,117884,17758,135642,1564
2022-03-12,Sutter,101,95872,20393,20429,2026,22455,217
2022-03-12,Tehama,103,63373,12013,11983,2564,14547,159
2022-03-12,Trinity,105,12862,1182,1172,287,1459,20
2022-03-12,Tulare,107,460477,105996,103994,27399,131393,1358
2022-03-12,Tuolumne,109,53932,12637,12476,557,13033,180
2022-03-12,Ventura,111,848112,172344,171932,9330,181262,1442
2022-03-12,Yolo,113,214977,36797,35982,2878,38860,308
2022-03-12,Yuba,115,75493,15750,15722,1176,16898,116
2022-03-11,Alameda,001,1643700,254431,253079,13429,266508,1783
2022-03-11,Alpine,003,1148,122,122,1,123,0
2022-03-11,Amador,005,37829,8479,8427,638,9065,84
2022-03-11,Butte,007,227075,33005,32774,6973,39747,380
2022-03-11,Calaveras,009,45235,7224,7253,344,7597,118
2022-03-11,Colusa,011,21464,3440,3440,1044,4484,21
2022-03-11,Contra Costa,013,1133247,190778,186618,13245,199863,1256
2022-03-11,Del Norte,015,27424,5757,5791,178,5969,48
2022-03-11,El Dorado,017,186661,26583,26538,3179,29717,199
2022-03-11,Fresno,019,978130,232491,228041,24039,252080,2653
2022-03-11,Glenn,021,27897,4977,4955,1595,6550,44
2022-03-11,Humboldt,023,135768,16787,16862,2916,19778,137
2022-03-11,Imperial,025,180216,55187,54837,10494,65331,896
2022-03-11,Inyo,027,18085,4062,4056,466,4522,56
2022-03-11,Kern,029,883053,191276,190330,45623,235953,2162
2022-03-11,Kings,031,150075,51268,51145,3502,54647,436
2022-03-11,Lake,033,64148,10655,10594,876,11470,131
2022-03-11,Lassen,035,31185,8936,8915,871,9786,62
2022-03-11,Los Angeles,037,10098052,2699369,2678858,122067,2800925,30901
2022-03-11,Madera,039,155013,37137,37223,5996,43219,354
2022-03-11,Marin,041,260295,33128,33015,2161,35176,272
2022-03-11,Mariposa,043,17540,2380,2372,198,2570,6
2022-03-11,Mendocino,045,87422,12980,12965,2978,15943,117
2022-03-11,Merced,047,269075,62311,61840,8643,70483,795
2022-03-11,Modoc,049,8938,729,730,248,978,7
2022-03-11,Mono,051,14174,2962,2960,120,3080,5
2022-03-11,Monterey,053,433212,78959,78285,13414,91699,716
2022-03-11,Napa,055,140530,25581,25584,926,26510,138
2022-03-11,Nevada,057,99092,15875,15947,1185,17132,123
2022-03-11,Orange,059,3164182,544482,542354,41063,583417,6718
2022-03-11,Placer,061,380077,62452,62282,7289,69571,598
2022-03-11,Plumas,063,18699,2962,2707,358,3065,13
2022-03-11,Riverside,065,2383286,589510,588022,27592,615614,6317
2022-03-11,Sacramento,067,1510023,279480,274519,26363,300882,2886
2022-03-11,San Benito,069,59416,12921,12868,509,13377,95
2022-03-11,San Bernardino,071,2135413,572590,559013,24801,583814,6734
2022-03-11,San Diego,073,3302833,747043,744386,52311,796697,5090
2022-03-11,San Francisco,075,870044,122960,123610,8094,131704,823
2022-03-11,San Joaquin,077,732212,166071,165516,9828,175344,2117
2022-03-11,San Luis Obispo,079,281455,52176,51947,3695,55642,457
2022-03-11,San Mateo,081,765935,120567,119288,6844,126132,641
2022-03-11,Santa Barbara,083,443738,85308,85421,4662,90083,664
2022-03-11,Santa Clara,085,1922200,312031,308989,12178,321167,2208
2022-03-11,Santa Cruz,087,273765,47340,46982,2063,49045,254
2022-03-11,Shasta,089,179085,30424,30419,6057,36476,517
2022-03-11,Sierra,091,2930,271,273,48,321,4
2022-03-11,Siskiyou,093,43540,4415,4405,2707,7112,75
2022-03-11,Solano,095,438530,81042,81058,5511,86569,436
2022-03-11,Sonoma,097,501317,82861,82622,2553,85175,473
2022-03-11,Stanislaus,099,539301,117186,117884,17756,135640,1564
2022-03-11,Sutter,101,95872,20391,20429,2026,22455,217
2022-03-11,Tehama,103,63373,12011,11983,2564,14547,159
2022-03-11,Trinity,105,12862,1182,1172,287,1459,20
2022-03-11,Tulare,107,460477,105982,103994,27393,131387,1358
2022-03-11,Tuolumne,109,53932,12635,12476,557,13033,180
2022-03-11,Ventura,111,848112,172308,171932,9325,181257,1442
2022-03-11,Yolo,113,214977,36786,35982,2878,38860,308
2022-03-11,Yuba,115,75493,15747,15722,1176,16898,116
2022-03-10,Alameda,001,1643700,254306,253079,13425,266504,1783
2022-03-10,Alpine,003,1148,122,122,1,123,0
2022-03-10,Amador,005,37829,8478,8427,638,9065,84
2022-03-10,Butte,007,227075,32989,32774,6971,39745,380
2022-03-10,Calaveras,009,45235,7223,7253,343,7596,118
2022-03-10,Colusa,011,21464,3440,3440,1044,4484,21
2022-03-10,Contra Costa,013,1133247,190694,186618,13235,199853,1256
2022-03-10,Del Norte,015,27424,5748,5791,178,5969,48
2022-03-10,El Dorado,017,186661,26571,26538,3178,29716,199
2022-03-10,Fresno,019,978130,232415,228041,24029,252070,2653
2022-03-10,Glenn,021,27897,4974,4955,1595,6550,44
2022-03-10,Humboldt,023,135768,16778,16862,2915,19777,137
2022-03-10,Imperial,025,180216,55177,54837,10493,65330,896
2022-03-10,Inyo,027,18085,4061,4056,466,4522,56
2022-03-10,Kern,029,883053,191243,190330,45609,235939,2162
2022-03-10,Kings,031,150075,51239,51145,3501,54646,436
2022-03-10,Lake,033,64148,10645,10594,875,11469,131
2022-03-10,Lassen,035,31185,8936,8915,871,9786,62
2022-03-10,Los Angeles,037,10098052,2698817,2678858,122026,2800884,30901
2022-03-10,Madera,039,155013,37131,37223,5989,43212,354
2022-03-10,Marin,041,260295,33115,33015,2157,35172,272
2022-03-10,Mariposa,043,17540,2380,2372,198,2570,6
2022-03-10,Mendocino,045,87422,12977,12965,2978,15943,117
2022-03-10,Merced,047,269075,62291,61840,8638,70478,795
2022-03-10,Modoc,049,8938,728,730,248,978,7
2022-03-10,Mono,051,14174,2962,2960,120,3080,5
2022-03-10,Monterey,053,433212,78936,78285,13389,91674,716
2022-03-10,Napa,055,140530,25572,25584,925,26509,138
2022-03-10,Nevada,057,99092,15868,15947,1185,17132,123
2022-03-10,Orange,059,3164182,544361,542354,41045,583399,6718
2022-03-10,Placer,061,380077,62430,62282,7284,69566,598
2022-03-10,Plumas,063,18699,2961,2707,358,3065,13
2022-03-10,Riverside,065,2383286,589395,588022,27587,615609,6317
2022-03-10,Sacramento,067,1510023,279403,274519,26357,300876,2886
2022-03-10,San Benito,069,59416,12920,12868,508,13376,95
2022-03-10,San Bernardino,071,2135413,572517,559013,24797,583810,6734
2022-03-10,San Diego,073,3302833,746785,744386,52280,796666,5090
2022-03-10,San Francisco,075,870044,122893,123610,8088,131698,823
2022-03-10,San Joaquin,077,732212,166037,165516,9826,175342,2117
2022-03-10,San Luis Obispo,079,281455,52153,51947,3692,55639,457
2022-03-10,San Mateo,081,765935,120504,119288,6842,126130,641
2022-03-10,Santa Barbara,083,443738,85276,85421,4661,90082,664
2022-03-10,Santa Clara,085,1922200,311860,308989,12171,321160,2208
2022-03-10,Santa Cruz,087,273765,47308,46982,2063,49045,254
2022-03-10,Shasta,089,179085,30415,30419,6055,36474,517
2022-03-10,Sierra,091,2930,271,273,48,321,4
2022-03-10,Siskiyou,093,43540,4415,4405,2707,7112,75
2022-03-10,Solano,095,438530,81006,81058,5506,86564,436
2022-03-10,Sonoma,097,501317,82834,82622,2553,85175,473
2022-03-10,Stanislaus,099,539301,117152,117884,17754,135638,1564
2022-03-10,Sutter,101,95872,20387,20429,2026,22455,217
2022-03-10,Tehama,103,63373,12010,11983,2564,14547,159
2022-03-10,Trinity,105,12862,1182,1172,287,1459,20
2022-03-10,Tulare,107,460477,105964,103994,27387,131381,1358
2022-03-10,Tuolumne,109,53932,12632,12476,557,13033,180
2022-03-10,Ventura,111,848112,172267,171932,9322,181254,1442
2022-03-10,Yolo,113,214977,36773,35982,2877,38859,308
2022-03-10,Yuba,115,75493,15737,15722,1175,16897,116
2022-03-09,Alameda,001,1643700,254175,252893,13420,266313,1781
2022-03-09,Alpine,003,1148,122,125,1,126,0
2022-03-09,Amador,005,37829,8472,8409,638,9047,84
2022-03-09,Butte,007,227075,32980,32767,6967,39734,380
2022-03-09,Calaveras,009,45235,7221,7249,343,7592,117
2022-03-09,Colusa,011,21464,3439,3439,1044,4483,21
2022-03-09,Contra Costa,013,1133247,190588,186483,13220,199703,1256
2022-03-09,Del Norte,015,27424,5744,5765,178,5943,48
2022-03-09,El Dorado,017,186661,26566,26515,3178,29693,198
2022-03-09,Fresno,019,978130,232317,227885,24022,251907,2653
2022-03-09,Glenn,021,27897,4974,4953,1594,6547,44
2022-03-09,Humboldt,023,135768,16773,16854,2912,19766,137
2022-03-09,Imperial,025,180216,55171,54764,10491,65255,894
2022-03-09,Inyo,027,18085,4061,4056,466,4522,56
2022-03-09,Kern,029,883053,191195,190254,45596,235850,2159
2022-03-09,Kings,031,150075,51218,51122,3501,54623,435
2022-03-09,Lake,033,64148,10638,10586,875,11461,130
2022-03-09,Lassen,035,31185,8936,8901,871,9772,62
2022-03-09,Los Angeles,037,10098052,2698171,2677901,121986,2799887,30842
2022-03-09,Madera,039,155013,37123,37207,5988,43195,354
2022-03-09,Marin,041,260295,33097,32967,2157,35124,272
2022-03-09,Mariposa,043,17540,2377,2372,198,2570,6
2022-03-09,Mendocino,045,87422,12973,12957,2973,15930,117
2022-03-09,Merced,047,269075,62274,61792,8632,70424,792
2022-03-09,Modoc,049,8938,727,730,247,977,7
2022-03-09,Mono,051,14174,2962,2962,120,3082,5
2022-03-09,Monterey,053,433212,78914,78258,13346,91604,716
2022-03-09,Napa,055,140530,25551,25561,924,26485,138
2022-03-09,Nevada,057,99092,15859,15938,1184,17122,123
2022-03-09,Orange,059,3164182,544231,542278,41033,583311,6700
2022-03-09,Placer,061,380077,62408,62242,7280,69522,598
2022-03-09,Plumas,063,18699,2960,2708,358,3066,13
2022-03-09,Riverside,065,2383286,589283,587833,27577,615410,6305
2022-03-09,Sacramento,067,1510023,279315,274373,26341,300714,2877
2022-03-09,San Benito,069,59416,12903,12864,508,13372,95
2022-03-09,San Bernardino,071,2135413,572417,558795,24786,583581,6723
2022-03-09,San Diego,073,3302833,746514,743956,52253,796209,5083
2022-03-09,San Francisco,075,870044,122802,123676,8084,131760,812
2022-03-09,San Joaquin,077,732212,165997,165444,9820,175264,2113
2022-03-09,San Luis Obispo,079,281455,52134,51923,3690,55613,457
2022-03-09,San Mateo,081,765935,120446,119194,6830,126024,639
2022-03-09,Santa Barbara,083,443738,85262,85382,4659,90041,661
2022-03-09,Santa Clara,085,1922200,311706,308765,12161,320926,2206
2022-03-09,Santa Cruz,087,273765,47268,46917,2062,48979,254
2022-03-09,Shasta,089,179085,30393,30407,6054,36461,493
2022-03-09,Sierra,091,2930,271,273,48,321,4
2022-03-09,Siskiyou,093,43540,4414,4403,2706,7109,75
2022-03-09,Solano,095,438530,80970,80984,5505,86489,436
2022-03-09,Sonoma,097,501317,82801,82574,2551,85125,473
2022-03-09,Stanislaus,099,539301,117115,117827,17749,135576,1541
2022-03-09,Sutter,101,95872,20376,20409,2022,22431,217
2022-03-09,Tehama,103,63373,12006,11980,2564,14544,159
2022-03-09,Trinity,105,12862,1182,1174,287,1461,20
2022-03-09,Tulare,107,460477,105936,103932,27374,131306,1350
2022-03-09,Tuolumne,109,53932,12630,12444,557,13001,180
2022-03-09,Ventura,111,848112,172216,171852,9319,181171,1448
2022-03-09,Yolo,113,214977,36754,35973,2865,38838,308
2022-03-09,Yuba,115,75493,15732,15714,1174,16888,115
2022-03-08,Alameda,001,1643700,254017,252744,13408,266152,1769
2022-03-08,Alpine,003,1148,122,125,1,126,0
2022-03-08,Amador,005,37829,8458,8407,638,9045,84
2022-03-08,Butte,007,227075,32966,32759,6963,39722,380
2022-03-08,Calaveras,009,45235,7217,7245,343,7588,117
2022-03-08,Colusa,011,21464,3436,3439,1043,4482,21
2022-03-08,Contra Costa,013,1133247,190501,186396,13207,199603,1256
2022-03-08,Del Norte,015,27424,5739,5763,178,5941,48
2022-03-08,El Dorado,017,186661,26556,26503,3172,29675,197
2022-03-08,Fresno,019,978130,232219,227808,24013,251821,2653
2022-03-08,Glenn,021,27897,4972,4944,1593,6537,43
2022-03-08,Humboldt,023,135768,16761,16837,2899,19736,137
2022-03-08,Imperial,025,180216,55156,54721,10489,65210,890
2022-03-08,Inyo,027,18085,4058,4056,466,4522,56
2022-03-08,Kern,029,883053,191132,190208,45582,235790,2154
2022-03-08,Kings,031,150075,51176,51089,3499,54588,434
2022-03-08,Lake,033,64148,10628,10571,875,11446,130
2022-03-08,Lassen,035,31185,8935,8897,871,9768,62
2022-03-08,Los Angeles,037,10098052,2697480,2677166,121949,2799115,30803
2022-03-08,Madera,039,155013,37113,37185,5987,43172,354
2022-03-08,Marin,041,260295,33060,32943,2156,35099,272
2022-03-08,Mariposa,043,17540,2375,2371,198,2569,6
2022-03-08,Mendocino,045,87422,12969,12950,2972,15922,117
2022-03-08,Merced,047,269075,62253,61767,8621,70388,791
2022-03-08,Modoc,049,8938,726,729,247,976,7
2022-03-08,Mono,051,14174,2961,2961,120,3081,5
2022-03-08,Monterey,053,433212,78894,78247,13309,91556,711
2022-03-08,Napa,055,140530,25525,25528,923,26451,137
2022-03-08,Nevada,057,99092,15848,15939,1183,17122,122
2022-03-08,Orange,059,3164182,544085,542164,41013,583177,6692
2022-03-08,Placer,061,380077,62379,62221,7279,69500,594
2022-03-08,Plumas,063,18699,2960,2703,358,3061,13
2022-03-08,Riverside,065,2383286,589175,587686,27570,615256,6294
2022-03-08,Sacramento,067,1510023,279213,274276,26322,300598,2872
2022-03-08,San Benito,069,59416,12901,12855,508,13363,94
2022-03-08,San Bernardino,071,2135413,572324,558512,24776,583288,6715
2022-03-08,San Diego,073,3302833,746171,743604,52236,795840,5077
2022-03-08,San Francisco,075,870044,122706,123675,8079,131754,807
2022-03-08,San Joaquin,077,732212,165961,165381,9816,175197,2104
2022-03-08,San Luis Obispo,079,281455,52106,51900,3687,55587,451
2022-03-08,San Mateo,081,765935,120365,119103,6820,125923,638
2022-03-08,Santa Barbara,083,443738,85230,85363,4659,90022,659
2022-03-08,Santa Clara,085,1922200,311479,308528,12154,320682,2206
2022-03-08,Santa Cruz,087,273765,47231,46875,2061,48936,254
2022-03-08,Shasta,089,179085,30374,30372,6051,36423,493
2022-03-08,Sierra,091,2930,271,273,48,321,4
2022-03-08,Siskiyou,093,43540,4410,4404,2706,7110,74
2022-03-08,Solano,095,438530,80942,80924,5502,86426,434
2022-03-08,Sonoma,097,501317,82753,82571,2550,85121,473
2022-03-08,Stanislaus,099,539301,117071,117782,17740,135522,1541
2022-03-08,Sutter,101,95872,20368,20403,2022,22425,217
2022-03-08,Tehama,103,63373,12002,11972,2563,14535,158
2022-03-08,Trinity,105,12862,1182,1174,287,1461,20
2022-03-08,Tulare,107,460477,105898,103893,27363,131256,1334
2022-03-08,Tuolumne,109,53932,12625,12427,555,12982,180
2022-03-08,Ventura,111,848112,172152,171806,9312,181118,1447
2022-03-08,Yolo,113,214977,36728,35946,2864,38810,306
2022-03-08,Yuba,115,75493,15727,15705,1173,16878,115
2022-03-07,Alameda,001,1643700,253808,252578,13397,265975,1766
2022-03-07,Alpine,003,1148,122,125,1,126,0
2022-03-07,Amador,005,37829,8455,8368,638,9006,84
2022-03-07,Butte,007,227075,32951,32734,6959,39693,378
2022-03-07,Calaveras,009,45235,7213,7242,343,7585,116
2022-03-07,Colusa,011,21464,3436,3437,1043,4480,21
2022-03-07,Contra Costa,013,1133247,190401,186087,13186,199273,1256
2022-03-07,Del Norte,015,27424,5735,5758,178,5936,48
2022-03-07,El Dorado,017,186661,26550,26487,3171,29658,196
2022-03-07,Fresno,019,978130,232128,227670,23990,251660,2653
2022-03-07,Glenn,021,27897,4969,4939,1593,6532,43
2022-03-07,Humboldt,023,135768,16748,16829,2894,19723,137
2022-03-07,Imperial,025,180216,55134,54712,10484,65196,890
2022-03-07,Inyo,027,18085,4056,4054,466,4520,56
2022-03-07,Kern,029,883053,191068,190163,45559,235722,2152
2022-03-07,Kings,031,150075,51146,51065,3494,54559,433
2022-03-07,Lake,033,64148,10616,10562,874,11436,130
2022-03-07,Lassen,035,31185,8934,8896,871,9767,62
2022-03-07,Los Angeles,037,10098052,2696684,2675497,121908,2797405,30759
2022-03-07,Madera,039,155013,37103,37164,5985,43149,354
2022-03-07,Marin,041,260295,33023,32919,2153,35072,272
2022-03-07,Mariposa,043,17540,2374,2369,198,2567,6
2022-03-07,Mendocino,045,87422,12962,12940,2971,15911,117
2022-03-07,Merced,047,269075,62213,61751,8614,70365,791
2022-03-07,Modoc,049,8938,726,729,247,976,7
2022-03-07,Mono,051,14174,2961,2960,120,3080,5
2022-03-07,Monterey,053,433212,78860,78161,13261,91422,706
2022-03-07,Napa,055,140530,25496,25500,923,26423,136
2022-03-07,Nevada,057,99092,15841,15935,1177,17112,122
2022-03-07,Orange,059,3164182,543914,542028,40986,583014,6687
2022-03-07,Placer,061,380077,62350,62215,7278,69493,591
2022-03-07,Plumas,063,18699,2960,2702,358,3060,13
2022-03-07,Riverside,065,2383286,589048,587537,27562,615099,6279
2022-03-07,Sacramento,067,1510023,279111,274079,26309,300388,2866
2022-03-07,San Benito,069,59416,12895,12843,508,13351,94
2022-03-07,San Bernardino,071,2135413,572219,558265,24766,583031,6703
2022-03-07,San Diego,073,3302833,745830,742287,52193,794480,5068
2022-03-07,San Francisco,075,870044,122594,123655,8073,131728,807
2022-03-07,San Joaquin,077,732212,165910,165343,9809,175152,2091
2022-03-07,San Luis Obispo,079,281455,52061,51874,3685,55559,448
2022-03-07,San Mateo,081,765935,120289,119035,6813,125848,630
2022-03-07,Santa Barbara,083,443738,85192,85345,4658,90003,659
2022-03-07,Santa Clara,085,1922200,311284,308517,12146,320663,2202
2022-03-07,Santa Cruz,087,273765,47181,46823,2060,48883,254
2022-03-07,Shasta,089,179085,30361,30352,6048,36400,493
2022-03-07,Sierra,091,2930,271,273,48,321,4
2022-03-07,Siskiyou,093,43540,4406,4398,2705,7103,74
2022-03-07,Solano,095,438530,80885,80886,5500,86386,435
2022-03-07,Sonoma,097,501317,82709,82530,2549,85079,473
2022-03-07,Stanislaus,099,539301,117032,117713,17733,135446,1537
2022-03-07,Sutter,101,95872,20357,20400,2021,22421,217
2022-03-07,Tehama,103,63373,11997,11966,2562,14528,158
2022-03-07,Trinity,105,12862,1180,1173,287,1460,20
2022-03-07,Tulare,107,460477,105862,103834,27353,131187,1316
2022-03-07,Tuolumne,109,53932,12619,12408,554,12962,179
2022-03-07,Ventura,111,848112,172101,171886,9310,181196,1436
2022-03-07,Yolo,113,214977,36705,35934,2858,38792,306
2022-03-07,Yuba,115,75493,15720,15701,1172,16873,115
2022-03-06,Alameda,001,1643700,253615,252460,13388,265848,1766
2022-03-06,Alpine,003,1148,122,125,1,126,0
2022-03-06,Amador,005,37829,8452,8367,636,9003,84
2022-03-06,Butte,007,227075,32939,32714,6954,39668,376
2022-03-06,Calaveras,009,45235,7211,7236,342,7578,116
2022-03-06,Colusa,011,21464,3434,3435,1042,4477,21
2022-03-06,Contra Costa,013,1133247,190287,185974,13161,199135,1256
2022-03-06,Del Norte,015,27424,5720,5744,177,5921,48
2022-03-06,El Dorado,017,186661,26542,26478,3169,29647,196
2022-03-06,Fresno,019,978130,231987,227514,23980,251494,2653
2022-03-06,Glenn,021,27897,4965,4939,1593,6532,43
2022-03-06,Humboldt,023,135768,16738,16813,2891,19704,137
2022-03-06,Imperial,025,180216,55116,54719,10474,65193,890
2022-03-06,Inyo,027,18085,4054,4053,466,4519,56
2022-03-06,Kern,029,883053,191012,190088,45539,235627,2152
2022-03-06,Kings,031,150075,51076,51050,3492,54542,432
2022-03-06,Lake,033,64148,10602,10539,873,11412,130
2022-03-06,Lassen,035,31185,8921,8887,870,9757,62
2022-03-06,Los Angeles,037,10098052,2695760,2675456,121854,2797310,30759
2022-03-06,Madera,039,155013,37073,37135,5978,43113,354
2022-03-06,Marin,041,260295,32997,32879,2152,35031,272
2022-03-06,Mariposa,043,17540,2373,2365,197,2562,6
2022-03-06,Mendocino,045,87422,12950,12923,2967,15890,116
2022-03-06,Merced,047,269075,62181,61722,8596,70318,791
2022-03-06,Modoc,049,8938,726,729,247,976,7
2022-03-06,Mono,051,14174,2961,2959,120,3079,5
2022-03-06,Monterey,053,433212,78814,78154,13230,91384,706
2022-03-06,Napa,055,140530,25461,25457,921,26378,136
2022-03-06,Nevada,057,99092,15830,15924,1176,17100,122
2022-03-06,Orange,059,3164182,543756,541903,40940,582843,6688
2022-03-06,Placer,061,380077,62317,62185,7274,69459,591
2022-03-06,Plumas,063,18699,2955,2704,358,3062,13
2022-03-06,Riverside,065,2383286,588885,587388,27542,614930,6279
2022-03-06,Sacramento,067,1510023,278975,273935,26285,300220,2869
2022-03-06,San Benito,069,59416,12884,12835,507,13342,94
2022-03-06,San Bernardino,071,2135413,572097,558139,24754,582893,6701
2022-03-06,San Diego,073,3302833,745435,742287,52144,794431,5068
2022-03-06,San Francisco,075,870044,122462,123742,8070,131812,806
2022-03-06,San Joaquin,077,732212,165828,165252,9803,175055,2091
2022-03-06,San Luis Obispo,079,281455,52023,51828,3683,55511,448
2022-03-06,San Mateo,081,765935,120206,118916,6804,125720,630
2022-03-06,Santa Barbara,083,443738,85151,85317,4653,89970,659
2022-03-06,Santa Clara,085,1922200,311016,308250,12144,320394,2201
2022-03-06,Santa Cruz,087,273765,47130,46755,2059,48814,254
2022-03-06,Shasta,089,179085,30338,30332,6032,36364,493
2022-03-06,Sierra,091,2930,271,273,48,321,4
2022-03-06,Siskiyou,093,43540,4404,4398,2703,7101,74
2022-03-06,Solano,095,438530,80828,80833,5494,86327,435
2022-03-06,Sonoma,097,501317,82674,82458,2545,85003,473
2022-03-06,Stanislaus,099,539301,116986,117680,17721,135401,1536
2022-03-06,Sutter,101,95872,20347,20390,2017,22407,217
2022-03-06,Tehama,103,63373,11989,11963,2562,14525,158
2022-03-06,Trinity,105,12862,1180,1172,286,1458,20
2022-03-06,Tulare,107,460477,105806,103794,27341,131135,1316
2022-03-06,Tuolumne,109,53932,12613,12379,552,12931,179
2022-03-06,Ventura,111,848112,172032,171819,9308,181127,1436
2022-03-06,Yolo,113,214977,36679,35882,2855,38737,306
2022-03-06,Yuba,115,75493,15716,15694,1171,16865,115
2022-03-05,Alameda,001,1643700,253499,251988,13383,265371,1760
2022-03-05,Alpine,003,1148,122,125,1,126,0
2022-03-05,Amador,005,37829,8449,8344,636,8980,83
2022-03-05,Butte,007,227075,32931,32663,6950,39613,372
2022-03-05,Calaveras,009,45235,7208,7236,342,7578,116
2022-03-05,Colusa,011,21464,3434,3433,1042,4475,21
2022-03-05,Contra Costa,013,1133247,190224,185734,13156,198890,1235
2022-03-05,Del Norte,015,27424,5717,5725,177,5902,48
2022-03-05,El Dorado,017,186661,26536,26446,3166,29612,193
2022-03-05,Fresno,019,978130,231935,227154,23979,251133,2640
2022-03-05,Glenn,021,27897,4961,4927,1593,6520,43
2022-03-05,Humboldt,023,135768,16732,16781,2889,19670,136
2022-03-05,Imperial,025,180216,55106,54650,10472,65122,880
2022-03-05,Inyo,027,18085,4053,4043,465,4508,56
2022-03-05,Kern,029,883053,190979,189817,45521,235338,2141
2022-03-05,Kings,031,150075,51069,50926,3491,54417,431
2022-03-05,Lake,033,64148,10594,10512,872,11384,130
2022-03-05,Lassen,035,31185,8913,8818,870,9688,62
2022-03-05,Los Angeles,037,10098052,2695396,2671564,121818,2793382,30608
2022-03-05,Madera,039,155013,37058,37100,5978,43078,354
2022-03-05,Marin,041,260295,32985,32829,2152,34981,272
2022-03-05,Mariposa,043,17540,2373,2363,197,2560,6
2022-03-05,Mendocino,045,87422,12947,12845,2967,15812,113
2022-03-05,Merced,047,269075,62170,61653,8596,70249,789
2022-03-05,Modoc,049,8938,726,729,247,976,7
2022-03-05,Mono,051,14174,2961,2961,120,3081,5
2022-03-05,Monterey,053,433212,78795,78028,13223,91251,704
2022-03-05,Napa,055,140530,25443,25405,921,26326,134
2022-03-05,Nevada,057,99092,15826,15907,1176,17083,122
2022-03-05,Orange,059,3164182,543631,541463,40928,582391,6638
2022-03-05,Placer,061,380077,62303,62117,7267,69384,591
2022-03-05,Plumas,063,18699,2954,2701,358,3059,13
2022-03-05,Riverside,065,2383286,588794,586785,27538,614323,6239
2022-03-05,Sacramento,067,1510023,278911,273487,26279,299766,2847
2022-03-05,San Benito,069,59416,12882,12820,507,13327,94
2022-03-05,San Bernardino,071,2135413,572039,557421,24748,582169,6641
2022-03-05,San Diego,073,3302833,745247,740747,52132,792879,5045
2022-03-05,San Francisco,075,870044,122392,123537,8067,131604,798
2022-03-05,San Joaquin,077,732212,165788,165085,9795,174880,2069
2022-03-05,San Luis Obispo,079,281455,52015,51739,3682,55421,446
2022-03-05,San Mateo,081,765935,120151,118646,6800,125446,621
2022-03-05,Santa Barbara,083,443738,85136,85249,4653,89902,655
2022-03-05,Santa Clara,085,1922200,310899,307689,12141,319830,2195
2022-03-05,Santa Cruz,087,273765,47110,46622,2059,48681,253
2022-03-05,Shasta,089,179085,30326,30282,6032,36314,492
2022-03-05,Sierra,091,2930,271,273,47,320,4
2022-03-05,Siskiyou,093,43540,4403,4389,2702,7091,74
2022-03-05,Solano,095,438530,80811,80690,5494,86184,435
2022-03-05,Sonoma,097,501317,82652,82313,2545,84858,473
2022-03-05,Stanislaus,099,539301,116960,117501,17719,135220,1531
2022-03-05,Sutter,101,95872,20339,20346,2017,22363,217
2022-03-05,Tehama,103,63373,11986,11939,2562,14501,158
2022-03-05,Trinity,105,12862,1180,1170,284,1454,20
2022-03-05,Tulare,107,460477,105792,103534,27332,130866,1305
2022-03-05,Tuolumne,109,53932,12609,12325,551,12876,178
2022-03-05,Ventura,111,848112,171991,171666,9306,180972,1436
2022-03-05,Yolo,113,214977,36665,35856,2855,38711,306
2022-03-05,Yuba,115,75493,15708,15666,1171,16837,115
2022-03-04,Alameda,001,1643700,253403,251988,13375,265363,1760
2022-03-04,Alpine,003,1148,122,125,1,126,0
2022-03-04,Amador,005,37829,8448,8344,636,8980,83
2022-03-04,Butte,007,227075,32925,32663,6945,39608,372
2022-03-04,Calaveras,009,45235,7207,7236,342,7578,116
2022-03-04,Colusa,011,21464,3432,3433,1042,4475,21
2022-03-04,Contra Costa,013,1133247,190156,185734,13153,198887,1235
2022-03-04,Del Norte,015,27424,5707,5725,177,5902,48
2022-03-04,El Dorado,017,186661,26532,26446,3166,29612,193
2022-03-04,Fresno,019,978130,231872,227154,23972,251126,2640
2022-03-04,Glenn,021,27897,4960,4927,1593,6520,43
2022-03-04,Humboldt,023,135768,16728,16781,2889,19670,136
2022-03-04,Imperial,025,180216,55099,54650,10468,65118,880
2022-03-04,Inyo,027,18085,4053,4043,465,4508,56
2022-03-04,Kern,029,883053,190937,189817,45511,235328,2141
2022-03-04,Kings,031,150075,51056,50926,3491,54417,431
2022-03-04,Lake,033,64148,10593,10512,872,11384,130
2022-03-04,Lassen,035,31185,8911,8818,870,9688,62
2022-03-04,Los Angeles,037,10098052,2694866,2671564,121788,2793352,30608
2022-03-04,Madera,039,155013,37049,37100,5978,43078,354
2022-03-04,Marin,041,260295,32963,32829,2150,34979,272
2022-03-04,Mariposa,043,17540,2368,2363,197,2560,6
2022-03-04,Mendocino,045,87422,12941,12845,2967,15812,113
2022-03-04,Merced,047,269075,62160,61653,8594,70247,789
2022-03-04,Modoc,049,8938,726,729,247,976,7
2022-03-04,Mono,051,14174,2961,2961,120,3081,5
2022-03-04,Monterey,053,433212,78775,78028,13217,91245,704
2022-03-04,Napa,055,140530,25428,25405,920,26325,134
2022-03-04,Nevada,057,99092,15821,15907,1176,17083,122
2022-03-04,Orange,059,3164182,543512,541463,40910,582373,6638
2022-03-04,Placer,061,380077,62291,62117,7264,69381,591
2022-03-04,Plumas,063,18699,2954,2701,357,3058,13
2022-03-04,Riverside,065,2383286,588707,586785,27537,614322,6239
2022-03-04,Sacramento,067,1510023,278837,273487,26276,299763,2847
2022-03-04,San Benito,069,59416,12878,12820,507,13327,94
2022-03-04,San Bernardino,071,2135413,571957,557421,24747,582168,6641
2022-03-04,San Diego,073,3302833,745009,740747,52115,792862,5045
2022-03-04,San Francisco,075,870044,122327,123537,8060,131597,798
2022-03-04,San Joaquin,077,732212,165756,165085,9794,174879,2069
2022-03-04,San Luis Obispo,079,281455,52006,51739,3681,55420,446
2022-03-04,San Mateo,081,765935,120093,118646,6798,125444,621
2022-03-04,Santa Barbara,083,443738,85113,85249,4653,89902,655
2022-03-04,Santa Clara,085,1922200,310748,307689,12139,319828,2195
2022-03-04,Santa Cruz,087,273765,47088,46622,2059,48681,253
2022-03-04,Shasta,089,179085,30318,30282,6029,36311,492
2022-03-04,Sierra,091,2930,271,273,47,320,4
2022-03-04,Siskiyou,093,43540,4402,4389,2698,7087,74
2022-03-04,Solano,095,438530,80778,80690,5491,86181,435
2022-03-04,Sonoma,097,501317,82621,82313,2544,84857,473
2022-03-04,Stanislaus,099,539301,116941,117501,17717,135218,1531
2022-03-04,Sutter,101,95872,20335,20346,2017,22363,217
2022-03-04,Tehama,103,63373,11983,11939,2562,14501,158
2022-03-04,Trinity,105,12862,1180,1170,284,1454,20
2022-03-04,Tulare,107,460477,105773,103534,27327,130861,1305
2022-03-04,Tuolumne,109,53932,12604,12325,551,12876,178
2022-03-04,Ventura,111,848112,171943,171666,9303,180969,1436
2022-03-04,Yolo,113,214977,36648,35856,2855,38711,306
2022-03-04,Yuba,115,75493,15703,15666,1170,16836,115
2022-03-03,Alameda,001,1643700,253286,251988,13363,265351,1760
2022-03-03,Alpine,003,1148,122,125,1,126,0
2022-03-03,Amador,005,37829,8447,8344,636,8980,83
2022-03-03,Butte,007,227075,32908,32663,6938,39601,372
2022-03-03,Calaveras,009,45235,7195,7236,342,7578,116
2022-03-03,Colusa,011,21464,3432,3433,1042,4475,21
2022-03-03,Contra Costa,013,1133247,190081,185734,13138,198872,1235
2022-03-03,Del Norte,015,27424,5700,5725,177,5902,48
2022-03-03,El Dorado,017,186661,26514,26446,3165,29611,193
2022-03-03,Fresno,019,978130,231744,227154,23965,251119,2640
2022-03-03,Glenn,021,27897,4957,4927,1592,6519,43
2022-03-03,Humboldt,023,135768,16713,16781,2888,19669,136
2022-03-03,Imperial,025,180216,55082,54650,10466,65116,880
2022-03-03,Inyo,027,18085,4052,4043,465,4508,56
2022-03-03,Kern,029,883053,190869,189817,45493,235310,2141
2022-03-03,Kings,031,150075,51033,50926,3489,54415,431
2022-03-03,Lake,033,64148,10588,10512,870,11382,130
2022-03-03,Lassen,035,31185,8903,8818,870,9688,62
2022-03-03,Los Angeles,037,10098052,2694142,2671564,121746,2793310,30608
2022-03-03,Madera,039,155013,37033,37100,5973,43073,354
2022-03-03,Marin,041,260295,32937,32829,2149,34978,272
2022-03-03,Mariposa,043,17540,2367,2363,197,2560,6
2022-03-03,Mendocino,045,87422,12930,12845,2965,15810,113
2022-03-03,Merced,047,269075,62141,61653,8588,70241,789
2022-03-03,Modoc,049,8938,726,729,247,976,7
2022-03-03,Mono,051,14174,2960,2961,120,3081,5
2022-03-03,Monterey,053,433212,78745,78028,13200,91228,704
2022-03-03,Napa,055,140530,25404,25405,919,26324,134
2022-03-03,Nevada,057,99092,15816,15907,1171,17078,122
2022-03-03,Orange,059,3164182,543336,541463,40884,582347,6638
2022-03-03,Placer,061,380077,62269,62117,7261,69378,591
2022-03-03,Plumas,063,18699,2953,2701,357,3058,13
2022-03-03,Riverside,065,2383286,588574,586785,27532,614317,6239
2022-03-03,Sacramento,067,1510023,278724,273487,26259,299746,2847
2022-03-03,San Benito,069,59416,12874,12820,507,13327,94
2022-03-03,San Bernardino,071,2135413,571855,557421,24741,582162,6641
2022-03-03,San Diego,073,3302833,744666,740747,52097,792844,5045
2022-03-03,San Francisco,075,870044,122253,123537,8049,131586,798
2022-03-03,San Joaquin,077,732212,165681,165085,9791,174876,2069
2022-03-03,San Luis Obispo,079,281455,51951,51739,3673,55412,446
2022-03-03,San Mateo,081,765935,120017,118646,6789,125435,621
2022-03-03,Santa Barbara,083,443738,85094,85249,4644,89893,655
2022-03-03,Santa Clara,085,1922200,310566,307689,12125,319814,2195
2022-03-03,Santa Cruz,087,273765,47038,46622,2057,48679,253
2022-03-03,Shasta,089,179085,30300,30282,6027,36309,492
2022-03-03,Sierra,091,2930,271,273,47,320,4
2022-03-03,Siskiyou,093,43540,4400,4389,2698,7087,74
2022-03-03,Solano,095,438530,80730,80690,5489,86179,435
2022-03-03,Sonoma,097,501317,82572,82313,2540,84853,473
2022-03-03,Stanislaus,099,539301,116908,117501,17709,135210,1531
2022-03-03,Sutter,101,95872,20327,20346,2017,22363,217
2022-03-03,Tehama,103,63373,11980,11939,2562,14501,158
2022-03-03,Trinity,105,12862,1179,1170,284,1454,20
2022-03-03,Tulare,107,460477,105730,103534,27319,130853,1305
2022-03-03,Tuolumne,109,53932,12593,12325,551,12876,178
2022-03-03,Ventura,111,848112,171891,171666,9301,180967,1436
2022-03-03,Yolo,113,214977,36624,35856,2850,38706,306
2022-03-03,Yuba,115,75493,15697,15666,1165,16831,115
2022-03-02,Alameda,001,1643700,253107,251886,13346,265232,1759
2022-03-02,Alpine,003,1148,122,125,1,126,0
2022-03-02,Amador,005,37829,8434,8341,636,8977,83
2022-03-02,Butte,007,227075,32896,32636,6934,39570,372
2022-03-02,Calaveras,009,45235,7194,7225,342,7567,116
2022-03-02,Colusa,011,21464,3429,3428,1042,4470,21
2022-03-02,Contra Costa,013,1133247,189988,185589,13120,198709,1236
2022-03-02,Del Norte,015,27424,5693,5708,175,5883,47
2022-03-02,El Dorado,017,186661,26503,26433,3162,29595,192
2022-03-02,Fresno,019,978130,231611,226932,23955,250887,2629
2022-03-02,Glenn,021,27897,4956,4922,1591,6513,43
2022-03-02,Humboldt,023,135768,16703,16747,2881,19628,135
2022-03-02,Imperial,025,180216,55056,54629,10461,65090,878
2022-03-02,Inyo,027,18085,4050,4041,464,4505,56
2022-03-02,Kern,029,883053,190801,189656,45474,235130,2136
2022-03-02,Kings,031,150075,51007,50819,3486,54305,431
2022-03-02,Lake,033,64148,10575,10495,868,11363,130
2022-03-02,Lassen,035,31185,8900,8811,869,9680,62
2022-03-02,Los Angeles,037,10098052,2693264,2670287,121698,2791985,30535
2022-03-02,Madera,039,155013,37016,37077,5971,43048,354
2022-03-02,Marin,041,260295,32920,32794,2148,34942,272
2022-03-02,Mariposa,043,17540,2367,2359,197,2556,6
2022-03-02,Mendocino,045,87422,12917,12832,2960,15792,112
2022-03-02,Merced,047,269075,62116,61606,8579,70185,785
2022-03-02,Modoc,049,8938,726,729,247,976,7
2022-03-02,Mono,051,14174,2960,2961,120,3081,5
2022-03-02,Monterey,053,433212,78708,77963,13177,91140,703
2022-03-02,Napa,055,140530,25355,25382,918,26300,134
2022-03-02,Nevada,057,99092,15805,15920,1170,17090,122
2022-03-02,Orange,059,3164182,543132,541230,40857,582087,6623
2022-03-02,Placer,061,380077,62247,62066,7258,69324,589
2022-03-02,Plumas,063,18699,2953,2700,357,3057,13
2022-03-02,Riverside,065,2383286,588424,586513,27522,614035,6229
2022-03-02,Sacramento,067,1510023,278607,273291,26248,299539,2837
2022-03-02,San Benito,069,59416,12863,12814,507,13321,94
2022-03-02,San Bernardino,071,2135413,571745,557082,24735,581817,6619
2022-03-02,San Diego,073,3302833,744306,739803,52049,791852,5034
2022-03-02,San Francisco,075,870044,122158,123442,8047,131489,792
2022-03-02,San Joaquin,077,732212,165622,164968,9786,174754,2063
2022-03-02,San Luis Obispo,079,281455,51913,51686,3668,55354,446
2022-03-02,San Mateo,081,765935,119930,118518,6773,125291,617
2022-03-02,Santa Barbara,083,443738,85069,85183,4643,89826,655
2022-03-02,Santa Clara,085,1922200,310352,307354,12112,319466,2184
2022-03-02,Santa Cruz,087,273765,46967,46534,2056,48590,253
2022-03-02,Shasta,089,179085,30275,30253,6017,36270,490
2022-03-02,Sierra,091,2930,271,273,47,320,4
2022-03-02,Siskiyou,093,43540,4399,4384,2695,7079,74
2022-03-02,Solano,095,438530,80664,80626,5486,86112,433
2022-03-02,Sonoma,097,501317,82526,82208,2536,84744,473
2022-03-02,Stanislaus,099,539301,116872,117411,17684,135095,1519
2022-03-02,Sutter,101,95872,20305,20317,2000,22317,216
2022-03-02,Tehama,103,63373,11976,11930,2561,14491,158
2022-03-02,Trinity,105,12862,1177,1160,284,1444,20
2022-03-02,Tulare,107,460477,105690,103451,27304,130755,1302
2022-03-02,Tuolumne,109,53932,12588,12297,551,12848,179
2022-03-02,Ventura,111,848112,171838,171770,9297,181067,1427
2022-03-02,Yolo,113,214977,36606,35799,2845,38644,305
2022-03-02,Yuba,115,75493,15684,15653,1160,16813,115
2022-03-01,Alameda,001,1643700,252937,251830,13334,265164,1749
2022-03-01,Alpine,003,1148,122,125,1,126,0
2022-03-01,Amador,005,37829,8386,8334,634,8968,83
2022-03-01,Butte,007,227075,32872,32575,6929,39504,372
2022-03-01,Calaveras,009,45235,7191,7223,341,7564,116
2022-03-01,Colusa,011,21464,3428,3423,1042,4465,21
2022-03-01,Contra Costa,013,1133247,189878,185378,13105,198483,1231
2022-03-01,Del Norte,015,27424,5690,5701,174,5875,45
2022-03-01,El Dorado,017,186661,26484,26413,3160,29573,192
2022-03-01,Fresno,019,978130,231471,226594,23941,250535,2628
2022-03-01,Glenn,021,27897,4954,4919,1589,6508,40
2022-03-01,Humboldt,023,135768,16682,16727,2874,19601,135
2022-03-01,Imperial,025,180216,55039,54570,10455,65025,875
2022-03-01,Inyo,027,18085,4046,4041,463,4504,56
2022-03-01,Kern,029,883053,190727,189365,45450,234815,2120
2022-03-01,Kings,031,150075,50985,50763,3482,54245,427
2022-03-01,Lake,033,64148,10564,10471,866,11337,128
2022-03-01,Lassen,035,31185,8896,8801,869,9670,61
2022-03-01,Los Angeles,037,10098052,2692314,2669489,121641,2791130,30486
2022-03-01,Madera,039,155013,36996,37046,5965,43011,354
2022-03-01,Marin,041,260295,32894,32764,2147,34911,272
2022-03-01,Mariposa,043,17540,2366,2357,196,2553,6
2022-03-01,Mendocino,045,87422,12906,12818,2958,15776,112
2022-03-01,Merced,047,269075,62085,61549,8565,70114,781
2022-03-01,Modoc,049,8938,726,729,247,976,7
2022-03-01,Mono,051,14174,2959,2960,120,3080,6
2022-03-01,Monterey,053,433212,78682,77911,13167,91078,696
2022-03-01,Napa,055,140530,25324,25344,918,26262,134
2022-03-01,Nevada,057,99092,15797,15916,1167,17083,121
2022-03-01,Orange,059,3164182,542916,541054,40822,581876,6612
2022-03-01,Placer,061,380077,62219,62021,7253,69274,583
2022-03-01,Plumas,063,18699,2953,2694,357,3051,13
2022-03-01,Riverside,065,2383286,588260,586184,27521,613705,6198
2022-03-01,Sacramento,067,1510023,278477,273089,26235,299324,2831
2022-03-01,San Benito,069,59416,12859,12806,507,13313,94
2022-03-01,San Bernardino,071,2135413,571611,556743,24733,581476,6588
2022-03-01,San Diego,073,3302833,743881,739136,52007,791143,5029
2022-03-01,San Francisco,075,870044,122055,123481,8041,131522,792
2022-03-01,San Joaquin,077,732212,165555,164894,9782,174676,2062
2022-03-01,San Luis Obispo,079,281455,51877,51592,3664,55256,445
2022-03-01,San Mateo,081,765935,119858,118358,6766,125124,613
2022-03-01,Santa Barbara,083,443738,85033,85134,4639,89773,654
2022-03-01,Santa Clara,085,1922200,310097,306978,12100,319078,2190
2022-03-01,Santa Cruz,087,273765,46917,46471,2053,48524,253
2022-03-01,Shasta,089,179085,30246,30227,6014,36241,489
2022-03-01,Sierra,091,2930,271,274,47,321,5
2022-03-01,Siskiyou,093,43540,4397,4384,2692,7076,74
2022-03-01,Solano,095,438530,80601,80556,5483,86039,434
2022-03-01,Sonoma,097,501317,82457,82103,2530,84633,477
2022-03-01,Stanislaus,099,539301,116820,117308,17659,134967,1521
2022-03-01,Sutter,101,95872,20291,20288,1996,22284,217
2022-03-01,Tehama,103,63373,11970,11923,2558,14481,158
2022-03-01,Trinity,105,12862,1176,1159,284,1443,20
2022-03-01,Tulare,107,460477,105608,103371,27284,130655,1302
2022-03-01,Tuolumne,109,53932,12581,12276,549,12825,175
2022-03-01,Ventura,111,848112,171768,171672,9290,180962,1427
2022-03-01,Yolo,113,214977,36581,35801,2839,38640,299
2022-03-01,Yuba,115,75493,15676,15637,1160,16797,116
2022-02-28,Alameda,001,1643700,252714,251714,13320,265034,1742
2022-02-28,Alpine,003,1148,122,125,1,126,0
2022-02-28,Amador,005,37829,8380,8308,633,8941,83
2022-02-28,Butte,007,227075,32853,32550,6923,39473,368
2022-02-28,Calaveras,009,45235,7188,7220,340,7560,110
2022-02-28,Colusa,011,21464,3427,3422,1040,4462,21
2022-02-28,Contra Costa,013,1133247,189773,185272,13086,198358,1231
2022-02-28,Del Norte,015,27424,5685,5699,173,5872,45
2022-02-28,El Dorado,017,186661,26474,26409,3155,29564,191
2022-02-28,Fresno,019,978130,231270,226519,23920,250439,2622
2022-02-28,Glenn,021,27897,4950,4918,1589,6507,40
2022-02-28,Humboldt,023,135768,16667,16717,2870,19587,135
2022-02-28,Imperial,025,180216,55012,54517,10451,64968,875
2022-02-28,Inyo,027,18085,4046,4041,462,4503,56
2022-02-28,Kern,029,883053,190635,189245,45421,234666,2115
2022-02-28,Kings,031,150075,50945,50741,3481,54222,427
2022-02-28,Lake,033,64148,10552,10468,862,11330,128
2022-02-28,Lassen,035,31185,8839,8794,869,9663,55
2022-02-28,Los Angeles,037,10098052,2691151,2666804,121545,2788349,30410
2022-02-28,Madera,039,155013,36970,37023,5949,42972,354
2022-02-28,Marin,041,260295,32869,32775,2147,34922,272
2022-02-28,Mariposa,043,17540,2363,2354,194,2548,6
2022-02-28,Mendocino,045,87422,12897,12800,2950,15750,112
2022-02-28,Merced,047,269075,62040,61519,8548,70067,781
2022-02-28,Modoc,049,8938,726,727,247,974,7
2022-02-28,Mono,051,14174,2959,2961,120,3081,5
2022-02-28,Monterey,053,433212,78615,77865,13146,91011,693
2022-02-28,Napa,055,140530,25297,25317,918,26235,129
2022-02-28,Nevada,057,99092,15791,15908,1161,17069,121
2022-02-28,Orange,059,3164182,542663,540839,40808,581647,6605
2022-02-28,Placer,061,380077,62188,61976,7248,69224,577
2022-02-28,Plumas,063,18699,2953,2691,356,3047,13
2022-02-28,Riverside,065,2383286,588066,585891,27489,613380,6179
2022-02-28,Sacramento,067,1510023,278337,273038,26211,299249,2825
2022-02-28,San Benito,069,59416,12854,12798,507,13305,94
2022-02-28,San Bernardino,071,2135413,571427,556540,24719,581259,6576
2022-02-28,San Diego,073,3302833,743493,737760,51977,789737,5018
2022-02-28,San Francisco,075,870044,121895,123402,8035,131437,792
2022-02-28,San Joaquin,077,732212,165471,164833,9772,174605,2060
2022-02-28,San Luis Obispo,079,281455,51816,51565,3657,55222,440
2022-02-28,San Mateo,081,765935,119760,118301,6760,125061,611
2022-02-28,Santa Barbara,083,443738,84989,85076,4634,89710,653
2022-02-28,Santa Clara,085,1922200,309818,306930,12079,319009,2180
2022-02-28,Santa Cruz,087,273765,46847,46447,2053,48500,253
2022-02-28,Shasta,089,179085,30221,30213,6010,36223,488
2022-02-28,Sierra,091,2930,271,273,47,320,4
2022-02-28,Siskiyou,093,43540,4394,4382,2687,7069,74
2022-02-28,Solano,095,438530,80533,80544,5471,86015,430
2022-02-28,Sonoma,097,501317,82389,82058,2527,84585,477
2022-02-28,Stanislaus,099,539301,116756,117231,17642,134873,1521
2022-02-28,Sutter,101,95872,20278,20285,1993,22278,214
2022-02-28,Tehama,103,63373,11957,11917,2558,14475,158
2022-02-28,Trinity,105,12862,1176,1160,284,1444,20
2022-02-28,Tulare,107,460477,105559,103304,27268,130572,1300
2022-02-28,Tuolumne,109,53932,12571,12247,549,12796,175
2022-02-28,Ventura,111,848112,171684,171614,9289,180903,1423
2022-02-28,Yolo,113,214977,36545,35754,2832,38586,299
2022-02-28,Yuba,115,75493,15661,15625,1159,16784,115
2022-02-27,Alameda,001,1643700,252440,251624,13311,264935,1744
2022-02-27,Alpine,003,1148,122,125,1,126,0
2022-02-27,Amador,005,37829,8376,8305,630,8935,83
2022-02-27,Butte,007,227075,32817,32551,6910,39461,368
2022-02-27,Calaveras,009,45235,7180,7214,340,7554,110
2022-02-27,Colusa,011,21464,3425,3422,1040,4462,21
2022-02-27,Contra Costa,013,1133247,189644,185185,13066,198251,1230
2022-02-27,Del Norte,015,27424,5668,5691,171,5862,45
2022-02-27,El Dorado,017,186661,26456,26410,3153,29563,191
2022-02-27,Fresno,019,978130,231070,226397,23893,250290,2621
2022-02-27,Glenn,021,27897,4948,4915,1589,6504,40
2022-02-27,Humboldt,023,135768,16645,16713,2863,19576,135
2022-02-27,Imperial,025,180216,54964,54509,10434,64943,875
2022-02-27,Inyo,027,18085,4045,4041,458,4499,56
2022-02-27,Kern,029,883053,190518,189219,45382,234601,2115
2022-02-27,Kings,031,150075,50917,50733,3480,54213,428
2022-02-27,Lake,033,64148,10533,10463,862,11325,128
2022-02-27,Lassen,035,31185,8831,8786,869,9655,55
2022-02-27,Los Angeles,037,10098052,2689842,2666789,121463,2788252,30410
2022-02-27,Madera,039,155013,36944,37009,5941,42950,354
2022-02-27,Marin,041,260295,32831,32756,2145,34901,272
2022-02-27,Mariposa,043,17540,2360,2352,194,2546,6
2022-02-27,Mendocino,045,87422,12880,12798,2937,15735,112
2022-02-27,Merced,047,269075,61987,61491,8530,70021,779
2022-02-27,Modoc,049,8938,725,727,247,974,7
2022-02-27,Mono,051,14174,2958,2960,120,3080,5
2022-02-27,Monterey,053,433212,78558,77851,13122,90973,693
2022-02-27,Napa,055,140530,25260,25316,918,26234,129
2022-02-27,Nevada,057,99092,15783,15900,1157,17057,121
2022-02-27,Orange,059,3164182,542417,540659,40779,581438,6605
2022-02-27,Placer,061,380077,62148,61965,7244,69209,577
2022-02-27,Plumas,063,18699,2950,2691,356,3047,13
2022-02-27,Riverside,065,2383286,587825,585833,27465,613298,6179
2022-02-27,Sacramento,067,1510023,278148,272927,26182,299109,2822
2022-02-27,San Benito,069,59416,12847,12798,507,13305,94
2022-02-27,San Bernardino,071,2135413,571242,556457,24709,581166,6572
2022-02-27,San Diego,073,3302833,743022,737760,51931,789691,5018
2022-02-27,San Francisco,075,870044,121771,123327,8024,131351,791
2022-02-27,San Joaquin,077,732212,165367,164814,9765,174579,2060
2022-02-27,San Luis Obispo,079,281455,51724,51564,3650,55214,439
2022-02-27,San Mateo,081,765935,119650,118244,6755,124999,611
2022-02-27,Santa Barbara,083,443738,84951,85050,4630,89680,653
2022-02-27,Santa Clara,085,1922200,309529,306756,12052,318808,2180
2022-02-27,Santa Cruz,087,273765,46786,46411,2053,48464,253
2022-02-27,Shasta,089,179085,30189,30206,6005,36211,488
2022-02-27,Sierra,091,2930,271,273,47,320,4
2022-02-27,Siskiyou,093,43540,4389,4378,2675,7053,74
2022-02-27,Solano,095,438530,80459,80515,5458,85973,430
2022-02-27,Sonoma,097,501317,82307,82041,2520,84561,476
2022-02-27,Stanislaus,099,539301,116690,117200,17622,134822,1522
2022-02-27,Sutter,101,95872,20261,20280,1987,22267,214
2022-02-27,Tehama,103,63373,11944,11915,2557,14472,158
2022-02-27,Trinity,105,12862,1175,1158,284,1442,20
2022-02-27,Tulare,107,460477,105490,103270,27219,130489,1300
2022-02-27,Tuolumne,109,53932,12558,12243,548,12791,175
2022-02-27,Ventura,111,848112,171609,171660,9285,180945,1423
2022-02-27,Yolo,113,214977,36518,35744,2827,38571,299
2022-02-27,Yuba,115,75493,15651,15619,1157,16776,113
2022-02-26,Alameda,001,1643700,252326,250867,13307,264174,1716
2022-02-26,Alpine,003,1148,122,125,1,126,0
2022-02-26,Amador,005,37829,8374,8282,629,8911,83
2022-02-26,Butte,007,227075,32803,32466,6907,39373,368
2022-02-26,Calaveras,009,45235,7179,7192,340,7532,110
2022-02-26,Colusa,011,21464,3425,3414,1040,4454,21
2022-02-26,Contra Costa,013,1133247,189576,184686,13048,197734,1209
2022-02-26,Del Norte,015,27424,5663,5639,171,5810,45
2022-02-26,El Dorado,017,186661,26445,26355,3150,29505,191
2022-02-26,Fresno,019,978130,230980,225679,23893,249572,2597
2022-02-26,Glenn,021,27897,4946,4909,1588,6497,40
2022-02-26,Humboldt,023,135768,16620,16619,2862,19481,133
2022-02-26,Imperial,025,180216,54937,54367,10432,64799,871
2022-02-26,Inyo,027,18085,4044,4034,453,4487,56
2022-02-26,Kern,029,883053,190465,188584,45363,233947,2106
2022-02-26,Kings,031,150075,50904,50579,3480,54059,423
2022-02-26,Lake,033,64148,10528,10383,862,11245,128
2022-02-26,Lassen,035,31185,8830,8761,869,9630,55
2022-02-26,Los Angeles,037,10098052,2689272,2660973,121423,2782396,30202
2022-02-26,Madera,039,155013,36929,36933,5939,42872,330
2022-02-26,Marin,041,260295,32815,32651,2143,34794,267
2022-02-26,Mariposa,043,17540,2359,2332,194,2526,6
2022-02-26,Mendocino,045,87422,12873,12762,2937,15699,111
2022-02-26,Merced,047,269075,61966,61348,8529,69877,775
2022-02-26,Modoc,049,8938,725,726,247,973,7
2022-02-26,Mono,051,14174,2958,2959,119,3078,5
2022-02-26,Monterey,053,433212,78526,77610,13116,90726,692
2022-02-26,Napa,055,140530,25245,25221,917,26138,130
2022-02-26,Nevada,057,99092,15779,15850,1155,17005,121
2022-02-26,Orange,059,3164182,542306,539992,40762,580754,6540
2022-02-26,Placer,061,380077,62129,61803,7241,69044,573
2022-02-26,Plumas,063,18699,2950,2673,356,3029,13
2022-02-26,Riverside,065,2383286,587704,584835,27456,612291,6143
2022-02-26,Sacramento,067,1510023,278052,272339,26172,298511,2793
2022-02-26,San Benito,069,59416,12843,12770,507,13277,92
2022-02-26,San Bernardino,071,2135413,571153,555668,24702,580370,6505
2022-02-26,San Diego,073,3302833,742799,736049,51907,787956,5002
2022-02-26,San Francisco,075,870044,121701,123079,8016,131095,769
2022-02-26,San Joaquin,077,732212,165334,164418,9764,174182,2048
2022-02-26,San Luis Obispo,079,281455,51712,51358,3648,55006,438
2022-02-26,San Mateo,081,765935,119596,117860,6754,124614,603
2022-02-26,Santa Barbara,083,443738,84920,84830,4630,89460,652
2022-02-26,Santa Clara,085,1922200,309380,305895,12048,317943,2166
2022-02-26,Santa Cruz,087,273765,46763,46186,2053,48239,251
2022-02-26,Shasta,089,179085,30180,30108,5999,36107,485
2022-02-26,Sierra,091,2930,271,270,47,317,1
2022-02-26,Siskiyou,093,43540,4389,4359,2673,7032,72
2022-02-26,Solano,095,438530,80424,80225,5454,85679,428
2022-02-26,Sonoma,097,501317,82273,81702,2518,84220,432
2022-02-26,Stanislaus,099,539301,116652,116896,17617,134513,1503
2022-02-26,Sutter,101,95872,20252,20230,1987,22217,214
2022-02-26,Tehama,103,63373,11938,11878,2555,14433,158
2022-02-26,Trinity,105,12862,1174,1156,284,1440,20
2022-02-26,Tulare,107,460477,105454,102983,27204,130187,1295
2022-02-26,Tuolumne,109,53932,12555,12169,548,12717,175
2022-02-26,Ventura,111,848112,171577,171292,9282,180574,1411
2022-02-26,Yolo,113,214977,36497,35615,2824,38439,296
2022-02-26,Yuba,115,75493,15639,15587,1157,16744,113
2022-02-25,Alameda,001,1643700,252205,250867,13298,264165,1716
2022-02-25,Alpine,003,1148,122,125,1,126,0
2022-02-25,Amador,005,37829,8363,8282,629,8911,83
2022-02-25,Butte,007,227075,32790,32466,6904,39370,368
2022-02-25,Calaveras,009,45235,7177,7192,340,7532,110
2022-02-25,Colusa,011,21464,3425,3414,1040,4454,21
2022-02-25,Contra Costa,013,1133247,189492,184686,13027,197713,1209
2022-02-25,Del Norte,015,27424,5654,5639,171,5810,45
2022-02-25,El Dorado,017,186661,26436,26355,3150,29505,191
2022-02-25,Fresno,019,978130,230882,225679,23886,249565,2597
2022-02-25,Glenn,021,27897,4944,4909,1588,6497,40
2022-02-25,Humboldt,023,135768,16609,16619,2862,19481,133
2022-02-25,Imperial,025,180216,54919,54367,10431,64798,871
2022-02-25,Inyo,027,18085,4043,4034,453,4487,56
2022-02-25,Kern,029,883053,190400,188584,45350,233934,2106
2022-02-25,Kings,031,150075,50890,50579,3478,54057,423
2022-02-25,Lake,033,64148,10510,10383,862,11245,128
2022-02-25,Lassen,035,31185,8827,8761,869,9630,55
2022-02-25,Los Angeles,037,10098052,2688686,2660973,121392,2782365,30202
2022-02-25,Madera,039,155013,36909,36933,5938,42871,330
2022-02-25,Marin,041,260295,32801,32651,2143,34794,267
2022-02-25,Mariposa,043,17540,2356,2332,194,2526,6
2022-02-25,Mendocino,045,87422,12871,12762,2937,15699,111
2022-02-25,Merced,047,269075,61935,61348,8524,69872,775
2022-02-25,Modoc,049,8938,725,726,247,973,7
2022-02-25,Mono,051,14174,2957,2959,119,3078,5
2022-02-25,Monterey,053,433212,78498,77610,13110,90720,692
2022-02-25,Napa,055,140530,25236,25221,917,26138,130
2022-02-25,Nevada,057,99092,15768,15850,1152,17002,121
2022-02-25,Orange,059,3164182,542171,539992,40739,580731,6540
2022-02-25,Placer,061,380077,62114,61803,7235,69038,573
2022-02-25,Plumas,063,18699,2948,2673,356,3029,13
2022-02-25,Riverside,065,2383286,587549,584835,27444,612279,6143
2022-02-25,Sacramento,067,1510023,277950,272339,26167,298506,2793
2022-02-25,San Benito,069,59416,12841,12770,507,13277,92
2022-02-25,San Bernardino,071,2135413,571046,555668,24695,580363,6505
2022-02-25,San Diego,073,3302833,742516,736049,51888,787937,5002
2022-02-25,San Francisco,075,870044,121620,123079,8013,131092,769
2022-02-25,San Joaquin,077,732212,165294,164418,9759,174177,2048
2022-02-25,San Luis Obispo,079,281455,51708,51358,3639,54997,438
2022-02-25,San Mateo,081,765935,119534,117860,6750,124610,603
2022-02-25,Santa Barbara,083,443738,84883,84830,4630,89460,652
2022-02-25,Santa Clara,085,1922200,309194,305895,12045,317940,2166
2022-02-25,Santa Cruz,087,273765,46729,46186,2051,48237,251
2022-02-25,Shasta,089,179085,30171,30108,5997,36105,485
2022-02-25,Sierra,091,2930,271,270,47,317,1
2022-02-25,Siskiyou,093,43540,4389,4359,2672,7031,72
2022-02-25,Solano,095,438530,80395,80225,5453,85678,428
2022-02-25,Sonoma,097,501317,82222,81702,2516,84218,432
2022-02-25,Stanislaus,099,539301,116624,116896,17613,134509,1503
2022-02-25,Sutter,101,95872,20243,20230,1987,22217,214
2022-02-25,Tehama,103,63373,11936,11878,2555,14433,158
2022-02-25,Trinity,105,12862,1174,1156,284,1440,20
2022-02-25,Tulare,107,460477,105420,102983,27182,130165,1295
2022-02-25,Tuolumne,109,53932,12552,12169,548,12717,175
2022-02-25,Ventura,111,848112,171526,171292,9281,180573,1411
2022-02-25,Yolo,113,214977,36482,35615,2824,38439,296
2022-02-25,Yuba,115,75493,15632,15587,1157,16744,113
2022-02-24,Alameda,001,1643700,251998,250867,13289,264156,1716
2022-02-24,Alpine,003,1148,122,125,1,126,0
2022-02-24,Amador,005,37829,8358,8282,628,8910,83
2022-02-24,Butte,007,227075,32769,32466,6900,39366,368
2022-02-24,Calaveras,009,45235,7175,7192,338,7530,110
2022-02-24,Colusa,011,21464,3424,3414,1039,4453,21
2022-02-24,Contra Costa,013,1133247,189363,184686,13018,197704,1209
2022-02-24,Del Norte,015,27424,5639,5639,170,5809,45
2022-02-24,El Dorado,017,186661,26421,26355,3150,29505,191
2022-02-24,Fresno,019,978130,230687,225679,23871,249550,2597
2022-02-24,Glenn,021,27897,4942,4909,1587,6496,40
2022-02-24,Humboldt,023,135768,16593,16619,2861,19480,133
2022-02-24,Imperial,025,180216,54879,54367,10422,64789,871
2022-02-24,Inyo,027,18085,4042,4034,452,4486,56
2022-02-24,Kern,029,883053,190260,188584,45317,233901,2106
2022-02-24,Kings,031,150075,50860,50579,3473,54052,423
2022-02-24,Lake,033,64148,10493,10383,862,11245,128
2022-02-24,Lassen,035,31185,8823,8761,868,9629,55
2022-02-24,Los Angeles,037,10098052,2687529,2660973,121337,2782310,30202
2022-02-24,Madera,039,155013,36883,36933,5936,42869,330
2022-02-24,Marin,041,260295,32781,32651,2142,34793,267
2022-02-24,Mariposa,043,17540,2350,2332,193,2525,6
2022-02-24,Mendocino,045,87422,12864,12762,2933,15695,111
2022-02-24,Merced,047,269075,61905,61348,8515,69863,775
2022-02-24,Modoc,049,8938,724,726,247,973,7
2022-02-24,Mono,051,14174,2956,2959,119,3078,5
2022-02-24,Monterey,053,433212,78446,77610,13102,90712,692
2022-02-24,Napa,055,140530,25196,25221,913,26134,130
2022-02-24,Nevada,057,99092,15754,15850,1152,17002,121
2022-02-24,Orange,059,3164182,541922,539992,40704,580696,6540
2022-02-24,Placer,061,380077,62077,61803,7233,69036,573
2022-02-24,Plumas,063,18699,2943,2673,355,3028,13
2022-02-24,Riverside,065,2383286,587296,584835,27418,612253,6143
2022-02-24,Sacramento,067,1510023,277777,272339,26151,298490,2793
2022-02-24,San Benito,069,59416,12830,12770,507,13277,92
2022-02-24,San Bernardino,071,2135413,570853,555668,24683,580351,6505
2022-02-24,San Diego,073,3302833,742102,736049,51841,787890,5002
2022-02-24,San Francisco,075,870044,121497,123079,8006,131085,769
2022-02-24,San Joaquin,077,732212,165166,164418,9755,174173,2048
2022-02-24,San Luis Obispo,079,281455,51662,51358,3637,54995,438
2022-02-24,San Mateo,081,765935,119441,117860,6744,124604,603
2022-02-24,Santa Barbara,083,443738,84818,84830,4629,89459,652
2022-02-24,Santa Clara,085,1922200,308959,305895,12032,317927,2166
2022-02-24,Santa Cruz,087,273765,46649,46186,2049,48235,251
2022-02-24,Shasta,089,179085,30152,30108,5991,36099,485
2022-02-24,Sierra,091,2930,271,270,47,317,1
2022-02-24,Siskiyou,093,43540,4386,4359,2669,7028,72
2022-02-24,Solano,095,438530,80316,80225,5449,85674,428
2022-02-24,Sonoma,097,501317,82168,81702,2511,84213,432
2022-02-24,Stanislaus,099,539301,116549,116896,17600,134496,1503
2022-02-24,Sutter,101,95872,20229,20230,1971,22201,214
2022-02-24,Tehama,103,63373,11930,11878,2554,14432,158
2022-02-24,Trinity,105,12862,1172,1156,284,1440,20
2022-02-24,Tulare,107,460477,105364,102983,27153,130136,1295
2022-02-24,Tuolumne,109,53932,12542,12169,546,12715,175
2022-02-24,Ventura,111,848112,171448,171292,9278,180570,1411
2022-02-24,Yolo,113,214977,36456,35615,2822,38437,296
2022-02-24,Yuba,115,75493,15618,15587,1157,16744,113
2022-02-23,Alameda,001,1643700,251772,247686,13275,260961,1713
2022-02-23,Alpine,003,1148,122,125,1,126,0
2022-02-23,Amador,005,37829,8340,8274,628,8902,79
2022-02-23,Butte,007,227075,32742,32417,6897,39314,367
2022-02-23,Calaveras,009,45235,7165,7182,337,7519,107
2022-02-23,Colusa,011,21464,3420,3411,1039,4450,21
2022-02-23,Contra Costa,013,1133247,189220,184013,13005,197018,1209
2022-02-23,Del Norte,015,27424,5628,5625,169,5794,45
2022-02-23,El Dorado,017,186661,26405,26317,3146,29463,189
2022-02-23,Fresno,019,978130,230500,225308,23848,249156,2596
2022-02-23,Glenn,021,27897,4938,4909,1585,6494,40
2022-02-23,Humboldt,023,135768,16577,16601,2858,19459,132
2022-02-23,Imperial,025,180216,54840,54292,10409,64701,871
2022-02-23,Inyo,027,18085,4041,4031,449,4480,54
2022-02-23,Kern,029,883053,190157,188432,45270,233702,2106
2022-02-23,Kings,031,150075,50827,50416,3472,53888,423
2022-02-23,Lake,033,64148,10475,10368,861,11229,126
2022-02-23,Lassen,035,31185,8807,8749,868,9617,55
2022-02-23,Los Angeles,037,10098052,2686167,2659569,121295,2780864,30167
2022-02-23,Madera,039,155013,36852,36876,5926,42802,330
2022-02-23,Marin,041,260295,32758,32625,2141,34766,267
2022-02-23,Mariposa,043,17540,2345,2325,192,2517,6
2022-02-23,Mendocino,045,87422,12854,12747,2929,15676,111
2022-02-23,Merced,047,269075,61873,61295,8509,69804,772
2022-02-23,Modoc,049,8938,724,723,246,969,7
2022-02-23,Mono,051,14174,2955,2960,119,3079,5
2022-02-23,Monterey,053,433212,78408,77472,13079,90551,691
2022-02-23,Napa,055,140530,25171,25185,908,26093,128
2022-02-23,Nevada,057,99092,15748,15825,1149,16974,121
2022-02-23,Orange,059,3164182,541617,539631,40682,580313,6520
2022-02-23,Placer,061,380077,62030,61758,7226,68984,573
2022-02-23,Plumas,063,18699,2939,2663,355,3018,13
2022-02-23,Riverside,065,2383286,587005,584381,27382,611763,6119
2022-02-23,Sacramento,067,1510023,277618,272057,26130,298187,2796
2022-02-23,San Benito,069,59416,12823,12756,506,13262,92
2022-02-23,San Bernardino,071,2135413,570693,555238,24667,579905,6479
2022-02-23,San Diego,073,3302833,741598,735406,51791,787197,4988
2022-02-23,San Francisco,075,870044,121370,122127,8004,130131,769
2022-02-23,San Joaquin,077,732212,165074,164257,9749,174006,2042
2022-02-23,San Luis Obispo,079,281455,51614,51264,3635,54899,434
2022-02-23,San Mateo,081,765935,119350,117585,6735,124320,603
2022-02-23,Santa Barbara,083,443738,84757,84760,4625,89385,651
2022-02-23,Santa Clara,085,1922200,308702,305484,12023,317507,2157
2022-02-23,Santa Cruz,087,273765,46579,46059,2048,48107,251
2022-02-23,Shasta,089,179085,30124,30066,5988,36054,481
2022-02-23,Sierra,091,2930,271,270,47,317,1
2022-02-23,Siskiyou,093,43540,4383,4356,2667,7023,71
2022-02-23,Solano,095,438530,80226,80103,5447,85550,427
2022-02-23,Sonoma,097,501317,82114,81594,2509,84103,432
2022-02-23,Stanislaus,099,539301,116472,116789,17591,134380,1482
2022-02-23,Sutter,101,95872,20212,20194,1967,22161,213
2022-02-23,Tehama,103,63373,11920,11863,2554,14417,154
2022-02-23,Trinity,105,12862,1172,1156,284,1440,20
2022-02-23,Tulare,107,460477,105297,102812,27130,129942,1290
2022-02-23,Tuolumne,109,53932,12533,12158,545,12703,175
2022-02-23,Ventura,111,848112,171360,171163,9271,180434,1401
2022-02-23,Yolo,113,214977,36419,35590,2815,38405,296
2022-02-23,Yuba,115,75493,15615,15571,1155,16726,113
2022-02-22,Alameda,001,1643700,251524,247434,13264,260698,1706
2022-02-22,Alpine,003,1148,122,124,1,125,0
2022-02-22,Amador,005,37829,8330,8243,628,8871,79
2022-02-22,Butte,007,227075,32707,32359,6890,39249,366
2022-02-22,Calaveras,009,45235,7156,7178,337,7515,107
2022-02-22,Colusa,011,21464,3419,3402,1037,4439,21
2022-02-22,Contra Costa,013,1133247,189067,183812,12986,196798,1201
2022-02-22,Del Norte,015,27424,5619,5611,168,5779,45
2022-02-22,El Dorado,017,186661,26395,26289,3146,29435,189
2022-02-22,Fresno,019,978130,230274,225104,23822,248926,2592
2022-02-22,Glenn,021,27897,4937,4900,1584,6484,40
2022-02-22,Humboldt,023,135768,16553,16559,2854,19413,132
2022-02-22,Imperial,025,180216,54808,54227,10405,64632,864
2022-02-22,Inyo,027,18085,4039,4026,447,4473,54
2022-02-22,Kern,029,883053,190037,188237,45234,233471,2102
2022-02-22,Kings,031,150075,50765,50359,3470,53829,423
2022-02-22,Lake,033,64148,10464,10353,859,11212,126
2022-02-22,Lassen,035,31185,8803,8730,868,9598,55
2022-02-22,Los Angeles,037,10098052,2684709,2658230,121206,2779436,30129
2022-02-22,Madera,039,155013,36818,36833,5917,42750,330
2022-02-22,Marin,041,260295,32733,32591,2140,34731,267
2022-02-22,Mariposa,043,17540,2337,2322,192,2514,6
2022-02-22,Mendocino,045,87422,12840,12714,2919,15633,110
2022-02-22,Merced,047,269075,61812,61241,8502,69743,770
2022-02-22,Modoc,049,8938,721,720,246,966,6
2022-02-22,Mono,051,14174,2955,2961,119,3080,5
2022-02-22,Monterey,053,433212,78354,77359,13060,90419,690
2022-02-22,Napa,055,140530,25142,25151,907,26058,128
2022-02-22,Nevada,057,99092,15732,15815,1148,16963,121
2022-02-22,Orange,059,3164182,541330,539390,40649,580039,6502
2022-02-22,Placer,061,380077,61992,61709,7221,68930,572
2022-02-22,Plumas,063,18699,2933,2659,354,3013,13
2022-02-22,Riverside,065,2383286,586748,583969,27362,611331,6097
2022-02-22,Sacramento,067,1510023,277428,271789,26106,297895,2775
2022-02-22,San Benito,069,59416,12812,12742,505,13247,92
2022-02-22,San Bernardino,071,2135413,570491,554903,24648,579551,6451
2022-02-22,San Diego,073,3302833,741073,734536,51736,786272,4974
2022-02-22,San Francisco,075,870044,121241,121954,8000,129954,769
2022-02-22,San Joaquin,077,732212,164953,164111,9739,173850,2040
2022-02-22,San Luis Obispo,079,281455,51529,51193,3629,54822,431
2022-02-22,San Mateo,081,765935,119256,117418,6730,124148,603
2022-02-22,Santa Barbara,083,443738,84696,84701,4621,89322,650
2022-02-22,Santa Clara,085,1922200,308419,305045,12017,317062,2155
2022-02-22,Santa Cruz,087,273765,46514,45958,2048,48006,251
2022-02-22,Shasta,089,179085,30099,30024,5983,36007,479
2022-02-22,Sierra,091,2930,271,269,46,315,0
2022-02-22,Siskiyou,093,43540,4380,4350,2662,7012,70
2022-02-22,Solano,095,438530,80150,79968,5445,85413,425
2022-02-22,Sonoma,097,501317,82048,81412,2505,83917,431
2022-02-22,Stanislaus,099,539301,116391,116676,17571,134247,1475
2022-02-22,Sutter,101,95872,20196,20164,1965,22129,210
2022-02-22,Tehama,103,63373,11911,11852,2553,14405,152
2022-02-22,Trinity,105,12862,1172,1147,283,1430,20
2022-02-22,Tulare,107,460477,105191,102717,27100,129817,1287
2022-02-22,Tuolumne,109,53932,12515,12136,544,12680,175
2022-02-22,Ventura,111,848112,171275,171064,9265,180329,1401
2022-02-22,Yolo,113,214977,36382,35527,2810,38337,292
2022-02-22,Yuba,115,75493,15605,15550,1154,16704,110
2022-02-21,Alameda,001,1643700,251241,247434,13248,260682,1704
2022-02-21,Alpine,003,1148,122,124,1,125,0
2022-02-21,Amador,005,37829,8324,8246,628,8874,79
2022-02-21,Butte,007,227075,32665,32356,6866,39222,366
2022-02-21,Calaveras,009,45235,7148,7175,337,7512,107
2022-02-21,Colusa,011,21464,3417,3401,1035,4436,21
2022-02-21,Contra Costa,013,1133247,188840,183701,12972,196673,1201
2022-02-21,Del Norte,015,27424,5601,5601,167,5768,45
2022-02-21,El Dorado,017,186661,26367,26273,3141,29414,189
2022-02-21,Fresno,019,978130,229957,224923,23766,248689,2592
2022-02-21,Glenn,021,27897,4932,4897,1584,6481,40
2022-02-21,Humboldt,023,135768,16510,16548,2846,19394,132
2022-02-21,Imperial,025,180216,54748,54208,10392,64600,864
2022-02-21,Inyo,027,18085,4036,4023,447,4470,54
2022-02-21,Kern,029,883053,189844,188188,45182,233370,2102
2022-02-21,Kings,031,150075,50699,50188,3467,53655,422
2022-02-21,Lake,033,64148,10442,10334,857,11191,126
2022-02-21,Lassen,035,31185,8795,8705,863,9568,55
2022-02-21,Los Angeles,037,10098052,2682937,2656873,121111,2777984,30108
2022-02-21,Madera,039,155013,36781,36796,5896,42692,330
2022-02-21,Marin,041,260295,32709,32570,2140,34710,258
2022-02-21,Mariposa,043,17540,2334,2321,192,2513,6
2022-02-21,Mendocino,045,87422,12813,12706,2908,15614,110
2022-02-21,Merced,047,269075,61755,61209,8485,69694,770
2022-02-21,Modoc,049,8938,720,718,246,964,6
2022-02-21,Mono,051,14174,2954,2960,119,3079,5
2022-02-21,Monterey,053,433212,78260,77354,13019,90373,690
2022-02-21,Napa,055,140530,25103,25126,907,26033,128
2022-02-21,Nevada,057,99092,15721,15810,1145,16955,121
2022-02-21,Orange,059,3164182,540978,539068,40624,579692,6502
2022-02-21,Placer,061,380077,61938,61727,7217,68944,572
2022-02-21,Plumas,063,18699,2930,2657,349,3006,13
2022-02-21,Riverside,065,2383286,586379,583712,27315,611027,6097
2022-02-21,Sacramento,067,1510023,277175,271588,26073,297661,2769
2022-02-21,San Benito,069,59416,12799,12731,505,13236,92
2022-02-21,San Bernardino,071,2135413,570253,554662,24627,579289,6441
2022-02-21,San Diego,073,3302833,740458,732298,51658,783956,4974
2022-02-21,San Francisco,075,870044,121060,121865,7996,129861,769
2022-02-21,San Joaquin,077,732212,164813,164036,9727,173763,2040
2022-02-21,San Luis Obispo,079,281455,51438,51184,3622,54806,429
2022-02-21,San Mateo,081,765935,119163,117259,6722,123981,605
2022-02-21,Santa Barbara,083,443738,84620,84626,4613,89239,650
2022-02-21,Santa Clara,085,1922200,308088,304858,12011,316869,2158
2022-02-21,Santa Cruz,087,273765,46388,45941,2047,47988,251
2022-02-21,Shasta,089,179085,30054,30004,5975,35979,479
2022-02-21,Sierra,091,2930,271,269,46,315,0
2022-02-21,Siskiyou,093,43540,4369,4337,2657,6994,70
2022-02-21,Solano,095,438530,80057,79906,5440,85346,425
2022-02-21,Sonoma,097,501317,81935,81361,2498,83859,431
2022-02-21,Stanislaus,099,539301,116280,116597,17547,134144,1475
2022-02-21,Sutter,101,95872,20171,20152,1963,22115,210
2022-02-21,Tehama,103,63373,11897,11842,2552,14394,152
2022-02-21,Trinity,105,12862,1171,1147,283,1430,20
2022-02-21,Tulare,107,460477,105097,102614,27057,129671,1287
2022-02-21,Tuolumne,109,53932,12504,12126,541,12667,175
2022-02-21,Ventura,111,848112,171136,170939,9256,180195,1401
2022-02-21,Yolo,113,214977,36339,35518,2801,38319,292
2022-02-21,Yuba,115,75493,15586,15546,1145,16691,110
2022-02-20,Alameda,001,1643700,251012,246028,13240,259268,1700
2022-02-20,Alpine,003,1148,122,124,1,125,0
2022-02-20,Amador,005,37829,8312,8203,628,8831,79
2022-02-20,Butte,007,227075,32637,32173,6862,39035,364
2022-02-20,Calaveras,009,45235,7145,7136,336,7472,107
2022-02-20,Colusa,011,21464,3414,3389,1034,4423,21
2022-02-20,Contra Costa,013,1133247,188710,182797,12967,195764,1190
2022-02-20,Del Norte,015,27424,5586,5511,167,5678,45
2022-02-20,El Dorado,017,186661,26346,26101,3140,29241,189
2022-02-20,Fresno,019,978130,229760,223594,23750,247344,2544
2022-02-20,Glenn,021,27897,4929,4881,1584,6465,39
2022-02-20,Humboldt,023,135768,16498,16393,2842,19235,132
2022-02-20,Imperial,025,180216,54682,53967,10382,64349,862
2022-02-20,Inyo,027,18085,4036,4018,446,4464,52
2022-02-20,Kern,029,883053,189709,187158,45138,232296,2095
2022-02-20,Kings,031,150075,50671,49724,3464,53188,421
2022-02-20,Lake,033,64148,10409,10184,856,11040,126
2022-02-20,Lassen,035,31185,8783,8640,863,9503,55
2022-02-20,Los Angeles,037,10098052,2681616,2642878,121029,2763907,29842
2022-02-20,Madera,039,155013,36750,36526,5892,42418,330
2022-02-20,Marin,041,260295,32692,32441,2140,34581,258
2022-02-20,Mariposa,043,17540,2328,2310,190,2500,6
2022-02-20,Mendocino,045,87422,12803,12625,2905,15530,110
2022-02-20,Merced,047,269075,61727,60886,8481,69367,769
2022-02-20,Modoc,049,8938,719,714,246,960,6
2022-02-20,Mono,051,14174,2954,2956,119,3075,5
2022-02-20,Monterey,053,433212,78200,76765,13006,89771,682
2022-02-20,Napa,055,140530,25081,24970,905,25875,127
2022-02-20,Nevada,057,99092,15710,15715,1144,16859,121
2022-02-20,Orange,059,3164182,540659,538019,40588,578607,6416
2022-02-20,Placer,061,380077,61905,61417,7209,68626,560
2022-02-20,Plumas,063,18699,2926,2646,347,2993,13
2022-02-20,Riverside,065,2383286,586110,581788,27289,609077,6087
2022-02-20,Sacramento,067,1510023,276995,270080,26049,296129,2747
2022-02-20,San Benito,069,59416,12796,12665,505,13170,92
2022-02-20,San Bernardino,071,2135413,570045,553151,24610,577761,6400
2022-02-20,San Diego,073,3302833,739886,729549,51593,781142,4947
2022-02-20,San Francisco,075,870044,120923,121197,7986,129183,756
2022-02-20,San Joaquin,077,732212,164694,163083,9716,172799,2033
2022-02-20,San Luis Obispo,079,281455,51409,50823,3618,54441,424
2022-02-20,San Mateo,081,765935,119089,116648,6715,123363,598
2022-02-20,Santa Barbara,083,443738,84576,83988,4611,88599,642
2022-02-20,Santa Clara,085,1922200,307805,303077,12003,315080,2138
2022-02-20,Santa Cruz,087,273765,46322,45532,2044,47576,250
2022-02-20,Shasta,089,179085,30025,29847,5968,35815,479
2022-02-20,Sierra,091,2930,271,269,46,315,0
2022-02-20,Siskiyou,093,43540,4364,4307,2656,6963,70
2022-02-20,Solano,095,438530,79982,78914,5436,84350,424
2022-02-20,Sonoma,097,501317,81860,80843,2495,83338,431
2022-02-20,Stanislaus,099,539301,116214,115976,17530,133506,1454
2022-02-20,Sutter,101,95872,20159,20060,1960,22020,210
2022-02-20,Tehama,103,63373,11885,11760,2549,14309,152
2022-02-20,Trinity,105,12862,1170,1130,283,1413,20
2022-02-20,Tulare,107,460477,105009,101996,27031,129027,1286
2022-02-20,Tuolumne,109,53932,12483,12036,541,12577,175
2022-02-20,Ventura,111,848112,171040,170331,9249,179580,1384
2022-02-20,Yolo,113,214977,36313,35363,2798,38161,293
2022-02-20,Yuba,115,75493,15571,15449,1144,16593,112
2022-02-19,Alameda,001,1643700,250839,246028,13236,259264,1700
2022-02-19,Alpine,003,1148,122,124,1,125,0
2022-02-19,Amador,005,37829,8308,8203,628,8831,79
2022-02-19,Butte,007,227075,32613,32173,6859,39032,364
2022-02-19,Calaveras,009,45235,7145,7136,336,7472,107
2022-02-19,Colusa,011,21464,3413,3389,1032,4421,21
2022-02-19,Contra Costa,013,1133247,188613,182797,12966,195763,1190
2022-02-19,Del Norte,015,27424,5576,5511,167,5678,45
2022-02-19,El Dorado,017,186661,26328,26101,3138,29239,189
2022-02-19,Fresno,019,978130,229642,223594,23743,247337,2544
2022-02-19,Glenn,021,27897,4924,4881,1584,6465,39
2022-02-19,Humboldt,023,135768,16483,16393,2842,19235,132
2022-02-19,Imperial,025,180216,54666,53967,10377,64344,862
2022-02-19,Inyo,027,18085,4035,4018,445,4463,52
2022-02-19,Kern,029,883053,189606,187158,45114,232272,2095
2022-02-19,Kings,031,150075,50648,49724,3463,53187,421
2022-02-19,Lake,033,64148,10400,10184,856,11040,126
2022-02-19,Lassen,035,31185,8771,8640,862,9502,55
2022-02-19,Los Angeles,037,10098052,2680828,2642878,120987,2763865,29842
2022-02-19,Madera,039,155013,36728,36526,5890,42416,330
2022-02-19,Marin,041,260295,32669,32441,2139,34580,258
2022-02-19,Mariposa,043,17540,2325,2310,190,2500,6
2022-02-19,Mendocino,045,87422,12793,12625,2905,15530,110
2022-02-19,Merced,047,269075,61683,60886,8477,69363,769
2022-02-19,Modoc,049,8938,719,714,245,959,6
2022-02-19,Mono,051,14174,2953,2956,119,3075,5
2022-02-19,Monterey,053,433212,78111,76765,12995,89760,682
2022-02-19,Napa,055,140530,25071,24970,905,25875,127
2022-02-19,Nevada,057,99092,15702,15715,1144,16859,121
2022-02-19,Orange,059,3164182,540457,538019,40562,578581,6416
2022-02-19,Placer,061,380077,61858,61417,7209,68626,560
2022-02-19,Plumas,063,18699,2925,2646,347,2993,13
2022-02-19,Riverside,065,2383286,585928,581788,27277,609065,6087
2022-02-19,Sacramento,067,1510023,276850,270080,26038,296118,2747
2022-02-19,San Benito,069,59416,12783,12665,504,13169,92
2022-02-19,San Bernardino,071,2135413,569883,553151,24603,577754,6400
2022-02-19,San Diego,073,3302833,739541,729549,51546,781095,4947
2022-02-19,San Francisco,075,870044,120838,121197,7982,129179,756
2022-02-19,San Joaquin,077,732212,164621,163083,9705,172788,2033
2022-02-19,San Luis Obispo,079,281455,51396,50823,3614,54437,424
2022-02-19,San Mateo,081,765935,119047,116648,6714,123362,598
2022-02-19,Santa Barbara,083,443738,84509,83988,4610,88598,642
2022-02-19,Santa Clara,085,1922200,307610,303077,12001,315078,2138
2022-02-19,Santa Cruz,087,273765,46284,45532,2042,47574,250
2022-02-19,Shasta,089,179085,30011,29847,5965,35812,479
2022-02-19,Sierra,091,2930,271,269,46,315,0
2022-02-19,Siskiyou,093,43540,4361,4307,2656,6963,70
2022-02-19,Solano,095,438530,79940,78914,5435,84349,424
2022-02-19,Sonoma,097,501317,81818,80843,2495,83338,431
2022-02-19,Stanislaus,099,539301,116142,115976,17524,133500,1454
2022-02-19,Sutter,101,95872,20151,20060,1960,22020,210
2022-02-19,Tehama,103,63373,11878,11760,2549,14309,152
2022-02-19,Trinity,105,12862,1168,1130,283,1413,20
2022-02-19,Tulare,107,460477,104962,101996,27006,129002,1286
2022-02-19,Tuolumne,109,53932,12474,12036,541,12577,175
2022-02-19,Ventura,111,848112,170965,170331,9245,179576,1384
2022-02-19,Yolo,113,214977,36282,35363,2794,38157,293
2022-02-19,Yuba,115,75493,15562,15449,1144,16593,112
2022-02-18,Alameda,001,1643700,250674,246028,13228,259256,1700
2022-02-18,Alpine,003,1148,121,124,1,125,0
2022-02-18,Amador,005,37829,8301,8203,626,8829,79
2022-02-18,Butte,007,227075,32592,32173,6853,39026,364
2022-02-18,Calaveras,009,45235,7140,7136,335,7471,107
2022-02-18,Colusa,011,21464,3411,3389,1032,4421,21
2022-02-18,Contra Costa,013,1133247,188506,182797,12960,195757,1190
2022-02-18,Del Norte,015,27424,5565,5511,167,5678,45
2022-02-18,El Dorado,017,186661,26317,26101,3138,29239,189
2022-02-18,Fresno,019,978130,229454,223594,23730,247324,2544
2022-02-18,Glenn,021,27897,4923,4881,1583,6464,39
2022-02-18,Humboldt,023,135768,16466,16393,2837,19230,132
2022-02-18,Imperial,025,180216,54640,53967,10366,64333,862
2022-02-18,Inyo,027,18085,4033,4018,445,4463,52
2022-02-18,Kern,029,883053,189494,187158,45069,232227,2095
2022-02-18,Kings,031,150075,50561,49724,3463,53187,421
2022-02-18,Lake,033,64148,10382,10184,854,11038,126
2022-02-18,Lassen,035,31185,8751,8640,861,9501,55
2022-02-18,Los Angeles,037,10098052,2679845,2642878,120932,2763810,29842
2022-02-18,Madera,039,155013,36705,36526,5888,42414,330
2022-02-18,Marin,041,260295,32651,32441,2137,34578,258
2022-02-18,Mariposa,043,17540,2323,2310,190,2500,6
2022-02-18,Mendocino,045,87422,12783,12625,2905,15530,110
2022-02-18,Merced,047,269075,61639,60886,8468,69354,769
2022-02-18,Modoc,049,8938,719,714,245,959,6
2022-02-18,Mono,051,14174,2953,2956,119,3075,5
2022-02-18,Monterey,053,433212,78038,76765,12987,89752,682
2022-02-18,Napa,055,140530,25053,24970,905,25875,127
2022-02-18,Nevada,057,99092,15694,15715,1144,16859,121
2022-02-18,Orange,059,3164182,540221,538019,40523,578542,6416
2022-02-18,Placer,061,380077,61829,61417,7202,68619,560
2022-02-18,Plumas,063,18699,2921,2646,347,2993,13
2022-02-18,Riverside,065,2383286,585747,581788,27269,609057,6087
2022-02-18,Sacramento,067,1510023,276658,270080,26030,296110,2747
2022-02-18,San Benito,069,59416,12775,12665,504,13169,92
2022-02-18,San Bernardino,071,2135413,569705,553151,24598,577749,6400
2022-02-18,San Diego,073,3302833,739117,729549,51520,781069,4947
2022-02-18,San Francisco,075,870044,120750,121197,7974,129171,756
2022-02-18,San Joaquin,077,732212,164552,163083,9698,172781,2033
2022-02-18,San Luis Obispo,079,281455,51380,50823,3611,54434,424
2022-02-18,San Mateo,081,765935,118982,116648,6711,123359,598
2022-02-18,Santa Barbara,083,443738,84469,83988,4608,88596,642
2022-02-18,Santa Clara,085,1922200,307375,303077,12000,315077,2138
2022-02-18,Santa Cruz,087,273765,46250,45532,2041,47573,250
2022-02-18,Shasta,089,179085,29997,29847,5964,35811,479
2022-02-18,Sierra,091,2930,271,269,46,315,0
2022-02-18,Siskiyou,093,43540,4358,4307,2654,6961,70
2022-02-18,Solano,095,438530,79870,78914,5434,84348,424
2022-02-18,Sonoma,097,501317,81762,80843,2494,83337,431
2022-02-18,Stanislaus,099,539301,116092,115976,17510,133486,1454
2022-02-18,Sutter,101,95872,20139,20060,1960,22020,210
2022-02-18,Tehama,103,63373,11867,11760,2549,14309,152
2022-02-18,Trinity,105,12862,1167,1130,282,1412,20
2022-02-18,Tulare,107,460477,104911,101996,26965,128961,1286
2022-02-18,Tuolumne,109,53932,12468,12036,540,12576,175
2022-02-18,Ventura,111,848112,170875,170331,9240,179571,1384
2022-02-18,Yolo,113,214977,36254,35363,2792,38155,293
2022-02-18,Yuba,115,75493,15547,15449,1144,16593,112
2022-02-17,Alameda,001,1643700,250408,246028,13213,259241,1700
2022-02-17,Alpine,003,1148,121,124,1,125,0
2022-02-17,Amador,005,37829,8297,8203,624,8827,79
2022-02-17,Butte,007,227075,32559,32173,6849,39022,364
2022-02-17,Calaveras,009,45235,7131,7136,332,7468,107
2022-02-17,Colusa,011,21464,3408,3389,1032,4421,21
2022-02-17,Contra Costa,013,1133247,188310,182797,12928,195725,1190
2022-02-17,Del Norte,015,27424,5544,5511,167,5678,45
2022-02-17,El Dorado,017,186661,26291,26101,3128,29229,189
2022-02-17,Fresno,019,978130,229164,223594,23700,247294,2544
2022-02-17,Glenn,021,27897,4921,4881,1580,6461,39
2022-02-17,Humboldt,023,135768,16426,16393,2836,19229,132
2022-02-17,Imperial,025,180216,54569,53967,10350,64317,862
2022-02-17,Inyo,027,18085,4031,4018,444,4462,52
2022-02-17,Kern,029,883053,189340,187158,45020,232178,2095
2022-02-17,Kings,031,150075,50497,49724,3458,53182,421
2022-02-17,Lake,033,64148,10352,10184,850,11034,126
2022-02-17,Lassen,035,31185,8741,8640,859,9499,55
2022-02-17,Los Angeles,037,10098052,2678024,2642878,120852,2763730,29842
2022-02-17,Madera,039,155013,36662,36526,5881,42407,330
2022-02-17,Marin,041,260295,32625,32441,2136,34577,258
2022-02-17,Mariposa,043,17540,2321,2310,189,2499,6
2022-02-17,Mendocino,045,87422,12766,12625,2902,15527,110
2022-02-17,Merced,047,269075,61565,60886,8451,69337,769
2022-02-17,Modoc,049,8938,718,714,245,959,6
2022-02-17,Mono,051,14174,2951,2956,119,3075,5
2022-02-17,Monterey,053,433212,77926,76765,12945,89710,682
2022-02-17,Napa,055,140530,25021,24970,903,25873,127
2022-02-17,Nevada,057,99092,15682,15715,1143,16858,121
2022-02-17,Orange,059,3164182,539882,538019,40496,578515,6416
2022-02-17,Placer,061,380077,61787,61417,7194,68611,560
2022-02-17,Plumas,063,18699,2918,2646,347,2993,13
2022-02-17,Riverside,065,2383286,585374,581788,27242,609030,6087
2022-02-17,Sacramento,067,1510023,276371,270080,25982,296062,2747
2022-02-17,San Benito,069,59416,12764,12665,504,13169,92
2022-02-17,San Bernardino,071,2135413,569401,553151,24584,577735,6400
2022-02-17,San Diego,073,3302833,738520,729549,51466,781015,4947
2022-02-17,San Francisco,075,870044,120616,121197,7964,129161,756
2022-02-17,San Joaquin,077,732212,164388,163083,9685,172768,2033
2022-02-17,San Luis Obispo,079,281455,51275,50823,3603,54426,424
2022-02-17,San Mateo,081,765935,118888,116648,6702,123350,598
2022-02-17,Santa Barbara,083,443738,84369,83988,4601,88589,642
2022-02-17,Santa Clara,085,1922200,307005,303077,11986,315063,2138
2022-02-17,Santa Cruz,087,273765,46167,45532,2039,47571,250
2022-02-17,Shasta,089,179085,29970,29847,5961,35808,479
2022-02-17,Sierra,091,2930,271,269,46,315,0
2022-02-17,Siskiyou,093,43540,4349,4307,2650,6957,70
2022-02-17,Solano,095,438530,79789,78914,5427,84341,424
2022-02-17,Sonoma,097,501317,81696,80843,2487,83330,431
2022-02-17,Stanislaus,099,539301,115988,115976,17493,133469,1454
2022-02-17,Sutter,101,95872,20124,20060,1952,22012,210
2022-02-17,Tehama,103,63373,11859,11760,2548,14308,152
2022-02-17,Trinity,105,12862,1165,1130,280,1410,20
2022-02-17,Tulare,107,460477,104799,101996,26941,128937,1286
2022-02-17,Tuolumne,109,53932,12457,12036,540,12576,175
2022-02-17,Ventura,111,848112,170735,170331,9239,179570,1384
2022-02-17,Yolo,113,214977,36216,35363,2791,38154,293
2022-02-17,Yuba,115,75493,15532,15449,1144,16593,112
2022-02-16,Alameda,001,1643700,250098,245662,13176,258838,1691
2022-02-16,Alpine,003,1148,121,124,1,125,0
2022-02-16,Amador,005,37829,8279,8197,623,8820,77
2022-02-16,Butte,007,227075,32513,32095,6836,38931,363
2022-02-16,Calaveras,009,45235,7127,7129,329,7458,107
2022-02-16,Colusa,011,21464,3402,3384,1032,4416,21
2022-02-16,Contra Costa,013,1133247,188077,182423,12892,195315,1179
2022-02-16,Del Norte,015,27424,5524,5473,164,5637,45
2022-02-16,El Dorado,017,186661,26264,26061,3124,29185,189
2022-02-16,Fresno,019,978130,228804,223056,23651,246707,2542
2022-02-16,Glenn,021,27897,4918,4873,1575,6448,39
2022-02-16,Humboldt,023,135768,16402,16342,2826,19168,132
2022-02-16,Imperial,025,180216,54491,53901,10322,64223,861
2022-02-16,Inyo,027,18085,4028,4013,443,4456,52
2022-02-16,Kern,029,883053,189123,186740,44935,231675,2084
2022-02-16,Kings,031,150075,50444,49575,3449,53024,420
2022-02-16,Lake,033,64148,10327,10145,850,10995,125
2022-02-16,Lassen,035,31185,8708,8618,859,9477,55
2022-02-16,Los Angeles,037,10098052,2675947,2640005,120744,2760749,29749
2022-02-16,Madera,039,155013,36595,36382,5867,42249,330
2022-02-16,Marin,041,260295,32589,32381,2134,34515,257
2022-02-16,Mariposa,043,17540,2319,2305,189,2494,6
2022-02-16,Mendocino,045,87422,12744,12605,2892,15497,108
2022-02-16,Merced,047,269075,61497,60776,8419,69195,767
2022-02-16,Modoc,049,8938,718,711,241,952,6
2022-02-16,Mono,051,14174,2949,2953,119,3072,5
2022-02-16,Monterey,053,433212,77779,76624,12904,89528,682
2022-02-16,Napa,055,140530,24983,24897,900,25797,128
2022-02-16,Nevada,057,99092,15664,15677,1139,16816,121
2022-02-16,Orange,059,3164182,539477,537934,40452,578386,6392
2022-02-16,Placer,061,380077,61744,61278,7182,68460,556
2022-02-16,Plumas,063,18699,2915,2644,345,2989,13
2022-02-16,Riverside,065,2383286,584977,580828,27196,608024,6064
2022-02-16,Sacramento,067,1510023,276048,269416,25926,295342,2736
2022-02-16,San Benito,069,59416,12737,12644,504,13148,92
2022-02-16,San Bernardino,071,2135413,569127,552353,24562,576915,6379
2022-02-16,San Diego,073,3302833,737760,728610,51389,779999,4931
2022-02-16,San Francisco,075,870044,120443,120987,7961,128948,756
2022-02-16,San Joaquin,077,732212,164221,162752,9675,172427,2032
2022-02-16,San Luis Obispo,079,281455,51203,50704,3591,54295,425
2022-02-16,San Mateo,081,765935,118770,116438,6684,123122,595
2022-02-16,Santa Barbara,083,443738,84293,83968,4589,88557,642
2022-02-16,Santa Clara,085,1922200,306614,302439,11955,314394,2130
2022-02-16,Santa Cruz,087,273765,46077,45274,2037,47311,250
2022-02-16,Shasta,089,179085,29932,29767,5949,35716,477
2022-02-16,Sierra,091,2930,270,269,46,315,0
2022-02-16,Siskiyou,093,43540,4342,4302,2644,6946,71
2022-02-16,Solano,095,438530,79674,78742,5421,84163,422
2022-02-16,Sonoma,097,501317,81568,80642,2477,83119,431
2022-02-16,Stanislaus,099,539301,115869,115751,17460,133211,1443
2022-02-16,Sutter,101,95872,20107,20020,1949,21969,210
2022-02-16,Tehama,103,63373,11842,11738,2546,14284,152
2022-02-16,Trinity,105,12862,1165,1130,279,1409,20
2022-02-16,Tulare,107,460477,104680,101817,26891,128708,1281
2022-02-16,Tuolumne,109,53932,12445,11991,539,12530,171
2022-02-16,Ventura,111,848112,170601,170117,9231,179348,1372
2022-02-16,Yolo,113,214977,36166,35284,2789,38073,292
2022-02-16,Yuba,115,75493,15510,15405,1141,16546,110
2022-02-15,Alameda,001,1643700,249744,245265,13150,258415,1683
2022-02-15,Alpine,003,1148,121,124,1,125,0
2022-02-15,Amador,005,37829,8269,8183,622,8805,77
2022-02-15,Butte,007,227075,32464,32011,6822,38833,361
2022-02-15,Calaveras,009,45235,7117,7115,329,7444,106
2022-02-15,Colusa,011,21464,3394,3374,1031,4405,21
2022-02-15,Contra Costa,013,1133247,187820,182041,12862,194903,1179
2022-02-15,Del Norte,015,27424,5496,5439,163,5602,45
2022-02-15,El Dorado,017,186661,26246,25988,3119,29107,189
2022-02-15,Fresno,019,978130,228430,222673,23594,246267,2543
2022-02-15,Glenn,021,27897,4909,4862,1574,6436,39
2022-02-15,Humboldt,023,135768,16357,16297,2811,19108,132
2022-02-15,Imperial,025,180216,54427,53813,10307,64120,860
2022-02-15,Inyo,027,18085,4027,4009,442,4451,52
2022-02-15,Kern,029,883053,188902,186324,44843,231167,2072
2022-02-15,Kings,031,150075,50351,49473,3440,52913,418
2022-02-15,Lake,033,64148,10295,10112,844,10956,123
2022-02-15,Lassen,035,31185,8694,8587,857,9444,55
2022-02-15,Los Angeles,037,10098052,2673696,2638266,120614,2758880,29691
2022-02-15,Madera,039,155013,36529,36260,5847,42107,330
2022-02-15,Marin,041,260295,32547,32355,2132,34487,255
2022-02-15,Mariposa,043,17540,2318,2302,189,2491,6
2022-02-15,Mendocino,045,87422,12727,12580,2873,15453,108
2022-02-15,Merced,047,269075,61415,60674,8387,69061,763
2022-02-15,Modoc,049,8938,716,710,238,948,6
2022-02-15,Mono,051,14174,2948,2952,119,3071,5
2022-02-15,Monterey,053,433212,77653,75530,12846,88376,682
2022-02-15,Napa,055,140530,24933,24832,893,25725,127
2022-02-15,Nevada,057,99092,15638,15643,1138,16781,121
2022-02-15,Orange,059,3164182,539020,537478,40408,577886,6374
2022-02-15,Placer,061,380077,61683,61170,7171,68341,554
2022-02-15,Plumas,063,18699,2911,2638,345,2983,13
2022-02-15,Riverside,065,2383286,584492,579940,27137,607077,6049
2022-02-15,Sacramento,067,1510023,275660,268950,25847,294797,2721
2022-02-15,San Benito,069,59416,12718,12616,504,13120,91
2022-02-15,San Bernardino,071,2135413,568767,551803,24542,576345,6372
2022-02-15,San Diego,073,3302833,736800,727486,51286,778772,4914
2022-02-15,San Francisco,075,870044,120273,120759,7950,128709,756
2022-02-15,San Joaquin,077,732212,164004,162518,9661,172179,2021
2022-02-15,San Luis Obispo,079,281455,51106,50534,3576,54110,419
2022-02-15,San Mateo,081,765935,118634,116253,6664,122917,595
2022-02-15,Santa Barbara,083,443738,84157,83734,4575,88309,640
2022-02-15,Santa Clara,085,1922200,306116,301831,11920,313751,2130
2022-02-15,Santa Cruz,087,273765,45973,45171,2032,47203,250
2022-02-15,Shasta,089,179085,29881,29684,5935,35619,477
2022-02-15,Sierra,091,2930,270,269,46,315,0
2022-02-15,Siskiyou,093,43540,4335,4288,2637,6925,70
2022-02-15,Solano,095,438530,79540,78626,5416,84042,426
2022-02-15,Sonoma,097,501317,81447,80433,2471,82904,431
2022-02-15,Stanislaus,099,539301,115728,115549,17429,132978,1429
2022-02-15,Sutter,101,95872,20078,19980,1944,21924,208
2022-02-15,Tehama,103,63373,11824,11717,2544,14261,151
2022-02-15,Trinity,105,12862,1159,1125,276,1401,20
2022-02-15,Tulare,107,460477,104528,101645,26836,128481,1278
2022-02-15,Tuolumne,109,53932,12426,11945,537,12482,171
2022-02-15,Ventura,111,848112,170427,169942,9224,179166,1372
2022-02-15,Yolo,113,214977,36116,35241,2781,38022,289
2022-02-15,Yuba,115,75493,15482,15372,1136,16508,109
2022-02-14,Alameda,001,1643700,249310,244315,13118,257433,1677
2022-02-14,Alpine,003,1148,121,125,1,126,0
2022-02-14,Amador,005,37829,8254,8164,619,8783,77
2022-02-14,Butte,007,227075,32410,31946,6807,38753,360
2022-02-14,Calaveras,009,45235,7104,7097,327,7424,106
2022-02-14,Colusa,011,21464,3391,3367,1027,4394,21
2022-02-14,Contra Costa,013,1133247,187536,181753,12824,194577,1167
2022-02-14,Del Norte,015,27424,5473,5426,162,5588,45
2022-02-14,El Dorado,017,186661,26211,25915,3110,29025,188
2022-02-14,Fresno,019,978130,227949,222360,23506,245866,2538
2022-02-14,Glenn,021,27897,4904,4854,1574,6428,39
2022-02-14,Humboldt,023,135768,16317,16264,2786,19050,132
2022-02-14,Imperial,025,180216,54355,53765,10281,64046,860
2022-02-14,Inyo,027,18085,4026,4010,441,4451,52
2022-02-14,Kern,029,883053,188560,186037,44735,230772,2063
2022-02-14,Kings,031,150075,50245,49395,3431,52826,419
2022-02-14,Lake,033,64148,10258,10090,841,10931,123
2022-02-14,Lassen,035,31185,8684,8539,855,9394,55
2022-02-14,Los Angeles,037,10098052,2671134,2636064,120487,2756551,29650
2022-02-14,Madera,039,155013,36465,36194,5824,42018,330
2022-02-14,Marin,041,260295,32511,32304,2129,34433,255
2022-02-14,Mariposa,043,17540,2311,2295,189,2484,6
2022-02-14,Mendocino,045,87422,12700,12541,2841,15382,108
2022-02-14,Merced,047,269075,61325,60591,8344,68935,758
2022-02-14,Modoc,049,8938,711,707,238,945,6
2022-02-14,Mono,051,14174,2947,2954,119,3073,5
2022-02-14,Monterey,053,433212,77482,75407,12767,88174,678
2022-02-14,Napa,055,140530,24874,24776,893,25669,127
2022-02-14,Nevada,057,99092,15619,15629,1137,16766,121
2022-02-14,Orange,059,3164182,538516,536924,40342,577266,6355
2022-02-14,Placer,061,380077,61614,61123,7156,68279,554
2022-02-14,Plumas,063,18699,2909,2631,345,2976,13
2022-02-14,Riverside,065,2383286,583945,579174,27069,606243,5994
2022-02-14,Sacramento,067,1510023,275217,268547,25735,294282,2717
2022-02-14,San Benito,069,59416,12694,12598,503,13101,91
2022-02-14,San Bernardino,071,2135413,568351,551338,24522,575860,6372
2022-02-14,San Diego,073,3302833,735832,723902,51183,775085,4894
2022-02-14,San Francisco,075,870044,120086,120581,7940,128521,756
2022-02-14,San Joaquin,077,732212,163766,162363,9638,172001,2018
2022-02-14,San Luis Obispo,079,281455,50998,50465,3566,54031,416
2022-02-14,San Mateo,081,765935,118470,116129,6656,122785,592
2022-02-14,Santa Barbara,083,443738,84011,83697,4565,88262,636
2022-02-14,Santa Clara,085,1922200,305581,301319,11896,313215,2127
2022-02-14,Santa Cruz,087,273765,45810,45042,2028,47070,250
2022-02-14,Shasta,089,179085,29795,29595,5918,35513,474
2022-02-14,Sierra,091,2930,270,269,46,315,0
2022-02-14,Siskiyou,093,43540,4322,4278,2623,6901,69
2022-02-14,Solano,095,438530,79360,78533,5405,83938,427
2022-02-14,Sonoma,097,501317,81307,80336,2459,82795,431
2022-02-14,Stanislaus,099,539301,115550,115426,17386,132812,1406
2022-02-14,Sutter,101,95872,20050,19957,1938,21895,209
2022-02-14,Tehama,103,63373,11801,11686,2543,14229,151
2022-02-14,Trinity,105,12862,1156,1123,276,1399,20
2022-02-14,Tulare,107,460477,104322,101448,26742,128190,1276
2022-02-14,Tuolumne,109,53932,12397,11920,534,12454,170
2022-02-14,Ventura,111,848112,170250,169725,9212,178937,1361
2022-02-14,Yolo,113,214977,36057,35112,2771,37883,286
2022-02-14,Yuba,115,75493,15452,15375,1132,16507,108
2022-02-13,Alameda,001,1643700,248819,243681,13084,256765,1677
2022-02-13,Alpine,003,1148,121,125,1,126,0
2022-02-13,Amador,005,37829,8225,8146,616,8762,77
2022-02-13,Butte,007,227075,32335,31865,6785,38650,360
2022-02-13,Calaveras,009,45235,7097,7083,324,7407,106
2022-02-13,Colusa,011,21464,3389,3366,1025,4391,21
2022-02-13,Contra Costa,013,1133247,187174,181313,12760,194073,1159
2022-02-13,Del Norte,015,27424,5441,5379,162,5541,45
2022-02-13,El Dorado,017,186661,26175,25871,3102,28973,188
2022-02-13,Fresno,019,978130,227412,221686,23447,245133,2537
2022-02-13,Glenn,021,27897,4897,4847,1571,6418,39
2022-02-13,Humboldt,023,135768,16270,16210,2758,18968,132
2022-02-13,Imperial,025,180216,54257,53658,10246,63904,860
2022-02-13,Inyo,027,18085,4023,4006,439,4445,52
2022-02-13,Kern,029,883053,188308,185640,44650,230290,2063
2022-02-13,Kings,031,150075,50118,49243,3419,52662,416
2022-02-13,Lake,033,64148,10195,10042,834,10876,123
2022-02-13,Lassen,035,31185,8659,8503,853,9356,55
2022-02-13,Los Angeles,037,10098052,2667986,2631267,120347,2751614,29595
2022-02-13,Madera,039,155013,36348,36054,5796,41850,330
2022-02-13,Marin,041,260295,32440,32222,2122,34344,255
2022-02-13,Mariposa,043,17540,2305,2292,187,2479,6
2022-02-13,Mendocino,045,87422,12671,12521,2802,15323,108
2022-02-13,Merced,047,269075,61182,60460,8290,68750,758
2022-02-13,Modoc,049,8938,709,704,231,935,6
2022-02-13,Mono,051,14174,2946,2949,119,3068,5
2022-02-13,Monterey,053,433212,77275,75295,12693,87988,678
2022-02-13,Napa,055,140530,24797,24743,890,25633,127
2022-02-13,Nevada,057,99092,15585,15590,1130,16720,121
2022-02-13,Orange,059,3164182,537890,536134,40280,576414,6355
2022-02-13,Placer,061,380077,61538,61020,7135,68155,554
2022-02-13,Plumas,063,18699,2901,2626,342,2968,13
2022-02-13,Riverside,065,2383286,583351,578363,27028,605391,5995
2022-02-13,Sacramento,067,1510023,274704,267947,25605,293552,2699
2022-02-13,San Benito,069,59416,12661,12578,502,13080,91
2022-02-13,San Bernardino,071,2135413,567865,550632,24488,575120,6367
2022-02-13,San Diego,073,3302833,734695,723902,51063,774965,4894
2022-02-13,San Francisco,075,870044,119834,120295,7928,128223,756
2022-02-13,San Joaquin,077,732212,163466,162028,9610,171638,2018
2022-02-13,San Luis Obispo,079,281455,50853,50384,3558,53942,415
2022-02-13,San Mateo,081,765935,118249,115876,6630,122506,592
2022-02-13,Santa Barbara,083,443738,83847,83547,4558,88105,635
2022-02-13,Santa Clara,085,1922200,304939,300412,11859,312271,2114
2022-02-13,Santa Cruz,087,273765,45655,44887,2026,46913,240
2022-02-13,Shasta,089,179085,29716,29531,5895,35426,474
2022-02-13,Sierra,091,2930,270,269,46,315,0
2022-02-13,Siskiyou,093,43540,4315,4264,2607,6871,69
2022-02-13,Solano,095,438530,79202,78424,5382,83806,426
2022-02-13,Sonoma,097,501317,81143,80172,2447,82619,431
2022-02-13,Stanislaus,099,539301,115357,115156,17346,132502,1406
2022-02-13,Sutter,101,95872,20011,19900,1938,21838,209
2022-02-13,Tehama,103,63373,11776,11644,2540,14184,151
2022-02-13,Trinity,105,12862,1153,1120,273,1393,20
2022-02-13,Tulare,107,460477,104109,101135,26654,127789,1276
2022-02-13,Tuolumne,109,53932,12371,11891,529,12420,170
2022-02-13,Ventura,111,848112,170056,169422,9192,178614,1361
2022-02-13,Yolo,113,214977,35990,35057,2759,37816,286
2022-02-13,Yuba,115,75493,15418,15346,1131,16477,107
2022-02-12,Alameda,001,1643700,248600,242137,13070,255207,1668
2022-02-12,Alpine,003,1148,121,124,1,125,0
2022-02-12,Amador,005,37829,8219,8091,616,8707,76
2022-02-12,Butte,007,227075,32306,31601,6779,38380,360
2022-02-12,Calaveras,009,45235,7094,7022,323,7345,106
2022-02-12,Colusa,011,21464,3386,3345,1025,4370,21
2022-02-12,Contra Costa,013,1133247,186983,180270,12753,193023,1141
2022-02-12,Del Norte,015,27424,5422,5262,162,5424,45
2022-02-12,El Dorado,017,186661,26159,25692,3102,28794,188
2022-02-12,Fresno,019,978130,227200,219909,23432,243341,2509
2022-02-12,Glenn,021,27897,4896,4818,1570,6388,39
2022-02-12,Humboldt,023,135768,16246,16058,2755,18813,132
2022-02-12,Imperial,025,180216,54213,53304,10236,63540,860
2022-02-12,Inyo,027,18085,4021,3991,439,4430,52
2022-02-12,Kern,029,883053,188197,184639,44612,229251,2037
2022-02-12,Kings,031,150075,50078,48893,3412,52305,415
2022-02-12,Lake,033,64148,10174,9926,830,10756,123
2022-02-12,Lassen,035,31185,8636,8477,852,9329,55
2022-02-12,Los Angeles,037,10098052,2666831,2616426,120276,2736702,29364
2022-02-12,Madera,039,155013,36314,35710,5790,41500,330
2022-02-12,Marin,041,260295,32408,32048,2119,34167,255
2022-02-12,Mariposa,043,17540,2305,2286,187,2473,6
2022-02-12,Mendocino,045,87422,12655,12439,2802,15241,107
2022-02-12,Merced,047,269075,61128,60187,8285,68472,758
2022-02-12,Modoc,049,8938,709,697,231,928,6
2022-02-12,Mono,051,14174,2945,2939,119,3058,5
2022-02-12,Monterey,053,433212,77214,74842,12671,87513,672
2022-02-12,Napa,055,140530,24769,24530,890,25420,124
2022-02-12,Nevada,057,99092,15572,15499,1129,16628,119
2022-02-12,Orange,059,3164182,537598,534503,40245,574748,6305
2022-02-12,Placer,061,380077,61482,60636,7132,67768,554
2022-02-12,Plumas,063,18699,2900,2617,341,2958,13
2022-02-12,Riverside,065,2383286,582989,575566,27005,602571,5961
2022-02-12,Sacramento,067,1510023,274468,266347,25595,291942,2686
2022-02-12,San Benito,069,59416,12649,12526,502,13028,91
2022-02-12,San Bernardino,071,2135413,567630,548822,24475,573297,6360
2022-02-12,San Diego,073,3302833,734196,720287,51012,771299,4854
2022-02-12,San Francisco,075,870044,119712,119113,7917,127030,740
2022-02-12,San Joaquin,077,732212,163335,161234,9604,170838,2014
2022-02-12,San Luis Obispo,079,281455,50817,50064,3555,53619,416
2022-02-12,San Mateo,081,765935,118161,115235,6623,121858,589
2022-02-12,Santa Barbara,083,443738,83761,83390,4551,87941,631
2022-02-12,Santa Clara,085,1922200,304603,298176,11852,310028,2093
2022-02-12,Santa Cruz,087,273765,45619,44447,2024,46471,239
2022-02-12,Shasta,089,179085,29687,29370,5891,35261,473
2022-02-12,Sierra,091,2930,270,268,46,314,0
2022-02-12,Siskiyou,093,43540,4307,4231,2604,6835,68
2022-02-12,Solano,095,438530,79160,77865,5377,83242,424
2022-02-12,Sonoma,097,501317,81039,79533,2445,81978,431
2022-02-12,Stanislaus,099,539301,115232,114531,17333,131864,1406
2022-02-12,Sutter,101,95872,19996,19800,1938,21738,211
2022-02-12,Tehama,103,63373,11760,11580,2540,14120,151
2022-02-12,Trinity,105,12862,1152,1115,273,1388,20
2022-02-12,Tulare,107,460477,104014,100434,26617,127051,1273
2022-02-12,Tuolumne,109,53932,12353,11754,529,12283,125
2022-02-12,Ventura,111,848112,169949,168736,9187,177923,1340
2022-02-12,Yolo,113,214977,35949,34773,2756,37529,286
2022-02-12,Yuba,115,75493,15404,15242,1130,16372,107
2022-02-11,Alameda,001,1643700,248316,242137,13057,255194,1668
2022-02-11,Alpine,003,1148,121,124,1,125,0
2022-02-11,Amador,005,37829,8207,8091,616,8707,76
2022-02-11,Butte,007,227075,32262,31601,6768,38369,360
2022-02-11,Calaveras,009,45235,7091,7022,323,7345,106
2022-02-11,Colusa,011,21464,3384,3345,1024,4369,21
2022-02-11,Contra Costa,013,1133247,186781,180270,12734,193004,1141
2022-02-11,Del Norte,015,27424,5406,5262,161,5423,45
2022-02-11,El Dorado,017,186661,26140,25692,3101,28793,188
2022-02-11,Fresno,019,978130,226906,219909,23414,243323,2509
2022-02-11,Glenn,021,27897,4892,4818,1570,6388,39
2022-02-11,Humboldt,023,135768,16218,16058,2750,18808,132
2022-02-11,Imperial,025,180216,54184,53304,10225,63529,860
2022-02-11,Inyo,027,18085,4017,3991,435,4426,52
2022-02-11,Kern,029,883053,188039,184639,44561,229200,2037
2022-02-11,Kings,031,150075,50039,48893,3411,52304,415
2022-02-11,Lake,033,64148,10149,9926,828,10754,123
2022-02-11,Lassen,035,31185,8596,8477,852,9329,55
2022-02-11,Los Angeles,037,10098052,2665202,2616426,120187,2736613,29364
2022-02-11,Madera,039,155013,36272,35710,5784,41494,330
2022-02-11,Marin,041,260295,32376,32048,2116,34164,255
2022-02-11,Mariposa,043,17540,2300,2286,187,2473,6
2022-02-11,Mendocino,045,87422,12639,12439,2802,15241,107
2022-02-11,Merced,047,269075,61078,60187,8273,68460,758
2022-02-11,Modoc,049,8938,707,697,231,928,6
2022-02-11,Mono,051,14174,2944,2939,119,3058,5
2022-02-11,Monterey,053,433212,77098,74842,12658,87500,672
2022-02-11,Napa,055,140530,24743,24530,890,25420,124
2022-02-11,Nevada,057,99092,15558,15499,1126,16625,119
2022-02-11,Orange,059,3164182,537247,534503,40185,574688,6305
2022-02-11,Placer,061,380077,61430,60636,7130,67766,554
2022-02-11,Plumas,063,18699,2896,2617,339,2956,13
2022-02-11,Riverside,065,2383286,582572,575566,26989,602555,5961
2022-02-11,Sacramento,067,1510023,274204,266347,25583,291930,2686
2022-02-11,San Benito,069,59416,12644,12526,502,13028,91
2022-02-11,San Bernardino,071,2135413,567315,548822,24461,573283,6360
2022-02-11,San Diego,073,3302833,733493,720287,50953,771240,4854
2022-02-11,San Francisco,075,870044,119591,119113,7901,127014,740
2022-02-11,San Joaquin,077,732212,163166,161234,9593,170827,2014
2022-02-11,San Luis Obispo,079,281455,50780,50064,3551,53615,416
2022-02-11,San Mateo,081,765935,118043,115235,6614,121849,589
2022-02-11,Santa Barbara,083,443738,83677,83390,4550,87940,631
2022-02-11,Santa Clara,085,1922200,304176,298176,11836,310012,2093
2022-02-11,Santa Cruz,087,273765,45527,44447,2024,46471,239
2022-02-11,Shasta,089,179085,29656,29370,5883,35253,473
2022-02-11,Sierra,091,2930,269,268,45,313,0
2022-02-11,Siskiyou,093,43540,4296,4231,2598,6829,68
2022-02-11,Solano,095,438530,79035,77865,5371,83236,424
2022-02-11,Sonoma,097,501317,80953,79533,2440,81973,431
2022-02-11,Stanislaus,099,539301,115132,114531,17318,131849,1406
2022-02-11,Sutter,101,95872,19973,19800,1936,21736,211
2022-02-11,Tehama,103,63373,11746,11580,2540,14120,151
2022-02-11,Trinity,105,12862,1151,1115,272,1387,20
2022-02-11,Tulare,107,460477,103895,100434,26566,127000,1273
2022-02-11,Tuolumne,109,53932,12337,11754,527,12281,125
2022-02-11,Ventura,111,848112,169810,168736,9182,177918,1340
2022-02-11,Yolo,113,214977,35916,34773,2754,37527,286
2022-02-11,Yuba,115,75493,15387,15242,1129,16371,107
2022-02-10,Alameda,001,1643700,247793,242137,13015,255152,1668
2022-02-10,Alpine,003,1148,121,124,1,125,0
2022-02-10,Amador,005,37829,8195,8091,610,8701,76
2022-02-10,Butte,007,227075,32211,31601,6754,38355,360
2022-02-10,Calaveras,009,45235,7079,7022,321,7343,106
2022-02-10,Colusa,011,21464,3378,3345,1022,4367,21
2022-02-10,Contra Costa,013,1133247,186420,180270,12669,192939,1141
2022-02-10,Del Norte,015,27424,5377,5262,159,5421,45
2022-02-10,El Dorado,017,186661,26096,25692,3094,28786,188
2022-02-10,Fresno,019,978130,226330,219909,23328,243237,2509
2022-02-10,Glenn,021,27897,4886,4818,1568,6386,39
2022-02-10,Humboldt,023,135768,16168,16058,2728,18786,132
2022-02-10,Imperial,025,180216,54115,53304,10182,63486,860
2022-02-10,Inyo,027,18085,4013,3991,435,4426,52
2022-02-10,Kern,029,883053,187731,184639,44452,229091,2037
2022-02-10,Kings,031,150075,49928,48893,3400,52293,415
2022-02-10,Lake,033,64148,10118,9926,826,10752,123
2022-02-10,Lassen,035,31185,8582,8477,850,9327,55
2022-02-10,Los Angeles,037,10098052,2662067,2616426,120004,2736430,29364
2022-02-10,Madera,039,155013,36175,35710,5753,41463,330
2022-02-10,Marin,041,260295,32318,32048,2104,34152,255
2022-02-10,Mariposa,043,17540,2296,2286,186,2472,6
2022-02-10,Mendocino,045,87422,12617,12439,2778,15217,107
2022-02-10,Merced,047,269075,60952,60187,8216,68403,758
2022-02-10,Modoc,049,8938,706,697,230,927,6
2022-02-10,Mono,051,14174,2942,2939,118,3057,5
2022-02-10,Monterey,053,433212,76917,74842,12578,87420,672
2022-02-10,Napa,055,140530,24679,24530,888,25418,124
2022-02-10,Nevada,057,99092,15533,15499,1125,16624,119
2022-02-10,Orange,059,3164182,536597,534503,40114,574617,6305
2022-02-10,Placer,061,380077,61349,60636,7121,67757,554
2022-02-10,Plumas,063,18699,2893,2617,332,2949,13
2022-02-10,Riverside,065,2383286,581852,575566,26934,602500,5961
2022-02-10,Sacramento,067,1510023,273720,266347,25495,291842,2686
2022-02-10,San Benito,069,59416,12623,12526,500,13026,91
2022-02-10,San Bernardino,071,2135413,566770,548822,24431,573253,6360
2022-02-10,San Diego,073,3302833,732390,720287,50827,771114,4854
2022-02-10,San Francisco,075,870044,119377,119113,7884,126997,740
2022-02-10,San Joaquin,077,732212,162854,161234,9585,170819,2014
2022-02-10,San Luis Obispo,079,281455,50681,50064,3540,53604,416
2022-02-10,San Mateo,081,765935,117817,115235,6597,121832,589
2022-02-10,Santa Barbara,083,443738,83493,83390,4544,87934,631
2022-02-10,Santa Clara,085,1922200,303505,298176,11781,309957,2093
2022-02-10,Santa Cruz,087,273765,45383,44447,2023,46470,239
2022-02-10,Shasta,089,179085,29594,29370,5863,35233,473
2022-02-10,Sierra,091,2930,269,268,45,313,0
2022-02-10,Siskiyou,093,43540,4291,4231,2585,6816,68
2022-02-10,Solano,095,438530,78842,77865,5352,83217,424
2022-02-10,Sonoma,097,501317,80817,79533,2423,81956,431
2022-02-10,Stanislaus,099,539301,114952,114531,17279,131810,1406
2022-02-10,Sutter,101,95872,19934,19800,1921,21721,211
2022-02-10,Tehama,103,63373,11716,11580,2537,14117,151
2022-02-10,Trinity,105,12862,1148,1115,271,1386,20
2022-02-10,Tulare,107,460477,103706,100434,26489,126923,1273
2022-02-10,Tuolumne,109,53932,12315,11754,522,12276,125
2022-02-10,Ventura,111,848112,169529,168736,9168,177904,1340
2022-02-10,Yolo,113,214977,35841,34773,2748,37521,286
2022-02-10,Yuba,115,75493,15355,15242,1124,16366,107
2022-02-09,Alameda,001,1643700,247257,241141,12960,254101,1668
2022-02-09,Alpine,003,1148,120,124,1,125,0
2022-02-09,Amador,005,37829,8181,8069,605,8674,76
2022-02-09,Butte,007,227075,32118,31433,6740,38173,359
2022-02-09,Calaveras,009,45235,7065,7005,317,7322,106
2022-02-09,Colusa,011,21464,3375,3331,1021,4352,21
2022-02-09,Contra Costa,013,1133247,186061,179695,12622,192317,1132
2022-02-09,Del Norte,015,27424,5330,5204,158,5362,45
2022-02-09,El Dorado,017,186661,26059,25572,3082,28654,186
2022-02-09,Fresno,019,978130,225709,218989,23240,242229,2502
2022-02-09,Glenn,021,27897,4871,4804,1567,6371,39
2022-02-09,Humboldt,023,135768,16121,15929,2703,18632,131
2022-02-09,Imperial,025,180216,54012,53102,10110,63212,858
2022-02-09,Inyo,027,18085,4007,3989,434,4423,52
2022-02-09,Kern,029,883053,187356,184068,44338,228406,2021
2022-02-09,Kings,031,150075,49817,48718,3394,52112,410
2022-02-09,Lake,033,64148,10078,9880,821,10701,124
2022-02-09,Lassen,035,31185,8557,8459,849,9308,55
2022-02-09,Los Angeles,037,10098052,2658438,2611611,119867,2731478,29263
2022-02-09,Madera,039,155013,36078,35559,5723,41282,330
2022-02-09,Marin,041,260295,32268,31965,2097,34062,255
2022-02-09,Mariposa,043,17540,2293,2279,186,2465,6
2022-02-09,Mendocino,045,87422,12583,12378,2749,15127,107
2022-02-09,Merced,047,269075,60822,59952,8159,68111,755
2022-02-09,Modoc,049,8938,703,691,229,920,6
2022-02-09,Mono,051,14174,2940,2937,118,3055,5
2022-02-09,Monterey,053,433212,76715,74500,12492,86992,670
2022-02-09,Napa,055,140530,24633,24429,883,25312,123
2022-02-09,Nevada,057,99092,15512,15446,1123,16569,119
2022-02-09,Orange,059,3164182,535966,534316,40034,574350,6263
2022-02-09,Placer,061,380077,61254,60490,7101,67591,553
2022-02-09,Plumas,063,18699,2888,2609,328,2937,13
2022-02-09,Riverside,065,2383286,581111,573907,26889,600796,5911
2022-02-09,Sacramento,067,1510023,273156,265624,25379,291003,2673
2022-02-09,San Benito,069,59416,12599,12492,500,12992,91
2022-02-09,San Bernardino,071,2135413,566163,547768,24405,572173,6349
2022-02-09,San Diego,073,3302833,731032,717896,50715,768611,4832
2022-02-09,San Francisco,075,870044,119126,118550,7873,126423,731
2022-02-09,San Joaquin,077,732212,162550,160618,9575,170193,2014
2022-02-09,San Luis Obispo,079,281455,50535,49833,3535,53368,414
2022-02-09,San Mateo,081,765935,117629,114890,6557,121447,589
2022-02-09,Santa Barbara,083,443738,83311,82830,4538,87368,629
2022-02-09,Santa Clara,085,1922200,302782,297157,11723,308880,2090
2022-02-09,Santa Cruz,087,273765,45201,44200,2016,46216,239
2022-02-09,Shasta,089,179085,29525,29215,5842,35057,471
2022-02-09,Sierra,091,2930,268,268,44,312,0
2022-02-09,Siskiyou,093,43540,4277,4217,2579,6796,68
2022-02-09,Solano,095,438530,78649,77299,5343,82642,423
2022-02-09,Sonoma,097,501317,80643,79165,2416,81581,431
2022-02-09,Stanislaus,099,539301,114703,114039,17048,131087,1406
2022-02-09,Sutter,101,95872,19892,19758,1908,21666,207
2022-02-09,Tehama,103,63373,11691,11542,2533,14075,149
2022-02-09,Trinity,105,12862,1144,1110,270,1380,20
2022-02-09,Tulare,107,460477,103493,100049,26403,126452,1271
2022-02-09,Tuolumne,109,53932,12278,11702,519,12221,95
2022-02-09,Ventura,111,848112,169292,168253,9155,177408,1325
2022-02-09,Yolo,113,214977,35771,34588,2732,37320,285
2022-02-09,Yuba,115,75493,15324,15187,1113,16300,105
2022-02-08,Alameda,001,1643700,246624,240587,12888,253475,1651
2022-02-08,Alpine,003,1148,120,124,1,125,0
2022-02-08,Amador,005,37829,8173,8050,598,8648,76
2022-02-08,Butte,007,227075,32034,31353,6718,38071,359
2022-02-08,Calaveras,009,45235,7048,6981,315,7296,101
2022-02-08,Colusa,011,21464,3367,3320,1020,4340,21
2022-02-08,Contra Costa,013,1133247,185616,179078,12541,191619,1132
2022-02-08,Del Norte,015,27424,5305,5156,153,5309,44
2022-02-08,El Dorado,017,186661,26014,25446,3071,28517,186
2022-02-08,Fresno,019,978130,224962,218416,23133,241549,2502
2022-02-08,Glenn,021,27897,4854,4784,1563,6347,39
2022-02-08,Humboldt,023,135768,16061,15865,2671,18536,130
2022-02-08,Imperial,025,180216,53883,52977,10066,63043,855
2022-02-08,Inyo,027,18085,4002,3983,434,4417,52
2022-02-08,Kern,029,883053,187020,183519,44208,227727,2010
2022-02-08,Kings,031,150075,49658,48479,3382,51861,411
2022-02-08,Lake,033,64148,10048,9806,815,10621,125
2022-02-08,Lassen,035,31185,8548,8423,845,9268,55
2022-02-08,Los Angeles,037,10098052,2654133,2611204,119682,2730886,29259
2022-02-08,Madera,039,155013,35970,35381,5667,41048,330
2022-02-08,Marin,041,260295,32194,31878,2092,33970,255
2022-02-08,Mariposa,043,17540,2292,2266,178,2444,6
2022-02-08,Mendocino,045,87422,12551,12336,2718,15054,107
2022-02-08,Merced,047,269075,60707,59789,8099,67888,751
2022-02-08,Modoc,049,8938,699,684,229,913,6
2022-02-08,Mono,051,14174,2939,2932,118,3050,5
2022-02-08,Monterey,053,433212,76510,74316,12407,86723,670
2022-02-08,Napa,055,140530,24560,24346,877,25223,121
2022-02-08,Nevada,057,99092,15486,15383,1120,16503,117
2022-02-08,Orange,059,3164182,535279,533507,39946,573453,6205
2022-02-08,Placer,061,380077,61146,60301,7089,67390,553
2022-02-08,Plumas,063,18699,2877,2596,321,2917,13
2022-02-08,Riverside,065,2383286,580282,571892,26817,598709,5908
2022-02-08,Sacramento,067,1510023,272485,264479,25204,289683,2664
2022-02-08,San Benito,069,59416,12575,12434,498,12932,91
2022-02-08,San Bernardino,071,2135413,565451,544658,24361,569019,6335
2022-02-08,San Diego,073,3302833,729459,717896,50583,768479,4832
2022-02-08,San Francisco,075,870044,118814,117942,7864,125806,731
2022-02-08,San Joaquin,077,732212,162165,160147,9557,169704,2005
2022-02-08,San Luis Obispo,079,281455,50370,49556,3505,53061,410
2022-02-08,San Mateo,081,765935,117411,114541,6527,121068,589
2022-02-08,Santa Barbara,083,443738,83143,82461,4513,86974,627
2022-02-08,Santa Clara,085,1922200,301899,295679,11676,307355,2091
2022-02-08,Santa Cruz,087,273765,45046,43884,2011,45895,239
2022-02-08,Shasta,089,179085,29442,29084,5815,34899,470
2022-02-08,Sierra,091,2930,268,267,44,311,0
2022-02-08,Siskiyou,093,43540,4267,4191,2570,6761,68
2022-02-08,Solano,095,438530,78416,77031,5328,82359,421
2022-02-08,Sonoma,097,501317,80429,78798,2392,81190,431
2022-02-08,Stanislaus,099,539301,114447,113733,16970,130703,1406
2022-02-08,Sutter,101,95872,19854,19717,1896,21613,203
2022-02-08,Tehama,103,63373,11663,11491,2526,14017,149
2022-02-08,Trinity,105,12862,1138,1110,270,1380,20
2022-02-08,Tulare,107,460477,103203,99694,26272,125966,1267
2022-02-08,Tuolumne,109,53932,12254,11665,517,12182,92
2022-02-08,Ventura,111,848112,169055,167830,9140,176970,1325
2022-02-08,Yolo,113,214977,35689,34462,2719,37181,281
2022-02-08,Yuba,115,75493,15279,15126,1091,16217,107
2022-02-07,Alameda,001,1643700,245904,238678,12823,251501,1643
2022-02-07,Alpine,003,1148,120,124,1,125,0
2022-02-07,Amador,005,37829,8145,7980,590,8570,75
2022-02-07,Butte,007,227075,31946,31184,6688,37872,355
2022-02-07,Calaveras,009,45235,7026,6910,314,7224,100
2022-02-07,Colusa,011,21464,3356,3283,1016,4299,21
2022-02-07,Contra Costa,013,1133247,185134,177767,12467,190234,1130
2022-02-07,Del Norte,015,27424,5264,5093,148,5241,44
2022-02-07,El Dorado,017,186661,25951,25257,3061,28318,185
2022-02-07,Fresno,019,978130,224089,216495,22987,239482,2493
2022-02-07,Glenn,021,27897,4846,4762,1559,6321,39
2022-02-07,Humboldt,023,135768,15986,15764,2646,18410,129
2022-02-07,Imperial,025,180216,53768,52689,9997,62686,853
2022-02-07,Inyo,027,18085,3997,3976,428,4404,51
2022-02-07,Kern,029,883053,186547,182047,44044,226091,1998
2022-02-07,Kings,031,150075,49474,48147,3365,51512,403
2022-02-07,Lake,033,64148,10002,9519,807,10326,125
2022-02-07,Lassen,035,31185,8530,8362,839,9201,55
2022-02-07,Los Angeles,037,10098052,2649710,2607438,119464,2726902,29210
2022-02-07,Madera,039,155013,35846,35083,5620,40703,330
2022-02-07,Marin,041,260295,32127,31670,2082,33752,255
2022-02-07,Mariposa,043,17540,2287,2253,174,2427,6
2022-02-07,Mendocino,045,87422,12493,12237,2680,14917,107
2022-02-07,Merced,047,269075,60576,59472,8006,67478,748
2022-02-07,Modoc,049,8938,695,679,229,908,6
2022-02-07,Mono,051,14174,2937,2917,118,3035,5
2022-02-07,Monterey,053,433212,76255,69433,12300,81733,670
2022-02-07,Napa,055,140530,24475,23237,868,24105,120
2022-02-07,Nevada,057,99092,15450,15268,1114,16382,113
2022-02-07,Orange,059,3164182,534516,531442,39865,571307,6179
2022-02-07,Placer,061,380077,61021,59894,7074,66968,546
2022-02-07,Plumas,063,18699,2866,2573,312,2885,13
2022-02-07,Riverside,065,2383286,579340,568874,26733,595607,5868
2022-02-07,Sacramento,067,1510023,271799,262834,25022,287856,2631
2022-02-07,San Benito,069,59416,12536,12285,496,12781,90
2022-02-07,San Bernardino,071,2135413,564654,542846,24321,567167,6335
2022-02-07,San Diego,073,3302833,727741,716244,50394,766638,4811
2022-02-07,San Francisco,075,870044,118474,113945,7839,121784,727
2022-02-07,San Joaquin,077,732212,161782,159358,9538,168896,1998
2022-02-07,San Luis Obispo,079,281455,50200,48994,3486,52480,406
2022-02-07,San Mateo,081,765935,117125,107060,6498,113558,589
2022-02-07,Santa Barbara,083,443738,82955,81608,4498,86106,624
2022-02-07,Santa Clara,085,1922200,300948,293360,11629,304989,2085
2022-02-07,Santa Cruz,087,273765,44830,43244,2007,45251,239
2022-02-07,Shasta,089,179085,29352,28900,5789,34689,468
2022-02-07,Sierra,091,2930,268,265,44,309,0
2022-02-07,Siskiyou,093,43540,4256,4157,2554,6711,68
2022-02-07,Solano,095,438530,78159,73934,5299,79233,420
2022-02-07,Sonoma,097,501317,80172,78296,2376,80672,431
2022-02-07,Stanislaus,099,539301,114189,113029,16826,129855,1406
2022-02-07,Sutter,101,95872,19821,19599,1869,21468,203
2022-02-07,Tehama,103,63373,11621,11418,2518,13936,146
2022-02-07,Trinity,105,12862,1134,1109,267,1376,20
2022-02-07,Tulare,107,460477,102844,98774,26142,124916,1263
2022-02-07,Tuolumne,109,53932,12206,11578,513,12091,92
2022-02-07,Ventura,111,848112,168738,166904,9125,176029,1324
2022-02-07,Yolo,113,214977,35579,34007,2704,36711,281
2022-02-07,Yuba,115,75493,15232,14998,1084,16082,105
2022-02-06,Alameda,001,1643700,244992,237188,12740,249928,1643
2022-02-06,Alpine,003,1148,120,123,1,124,0
2022-02-06,Amador,005,37829,8114,7922,578,8500,73
2022-02-06,Butte,007,227075,31817,31021,6637,37658,355
2022-02-06,Calaveras,009,45235,6999,6870,309,7179,99
2022-02-06,Colusa,011,21464,3346,3282,1015,4297,21
2022-02-06,Contra Costa,013,1133247,184474,176863,12304,189167,1128
2022-02-06,Del Norte,015,27424,5208,5038,146,5184,44
2022-02-06,El Dorado,017,186661,25888,25165,3049,28214,185
2022-02-06,Fresno,019,978130,223232,214726,22733,237459,2489
2022-02-06,Glenn,021,27897,4832,4738,1550,6288,39
2022-02-06,Humboldt,023,135768,15903,15658,2606,18264,128
2022-02-06,Imperial,025,180216,53581,52396,9951,62347,853
2022-02-06,Inyo,027,18085,3995,3970,425,4395,51
2022-02-06,Kern,029,883053,185995,181188,43805,224993,1996
2022-02-06,Kings,031,150075,49250,47669,3340,51009,401
2022-02-06,Lake,033,64148,9933,9468,790,10258,125
2022-02-06,Lassen,035,31185,8510,8326,834,9160,55
2022-02-06,Los Angeles,037,10098052,2644204,2602620,119207,2721827,29180
2022-02-06,Madera,039,155013,35661,34901,5528,40429,330
2022-02-06,Marin,041,260295,32029,31488,2069,33557,255
2022-02-06,Mariposa,043,17540,2279,2244,163,2407,6
2022-02-06,Mendocino,045,87422,12450,12169,2610,14779,107
2022-02-06,Merced,047,269075,60350,59112,7839,66951,748
2022-02-06,Modoc,049,8938,690,675,228,903,6
2022-02-06,Mono,051,14174,2932,2901,116,3017,5
2022-02-06,Monterey,053,433212,75889,67912,12143,80055,670
2022-02-06,Napa,055,140530,24356,23230,861,24091,120
2022-02-06,Nevada,057,99092,15385,15192,1101,16293,113
2022-02-06,Orange,059,3164182,533564,527906,39764,567670,6171
2022-02-06,Placer,061,380077,60844,59507,7048,66555,544
2022-02-06,Plumas,063,18699,2853,2559,303,2862,13
2022-02-06,Riverside,065,2383286,578202,568276,26656,594932,5865
2022-02-06,Sacramento,067,1510023,270932,261353,24761,286114,2631
2022-02-06,San Benito,069,59416,12481,12186,488,12674,90
2022-02-06,San Bernardino,071,2135413,563679,541103,24251,565354,6334
2022-02-06,San Diego,073,3302833,725679,709938,50151,760089,4786
2022-02-06,San Francisco,075,870044,118093,113115,7813,120928,728
2022-02-06,San Joaquin,077,732212,161214,158510,9499,168009,1997
2022-02-06,San Luis Obispo,079,281455,49975,48843,3429,52272,405
2022-02-06,San Mateo,081,765935,116787,105556,6459,112015,587
2022-02-06,Santa Barbara,083,443738,82637,81118,4461,85579,623
2022-02-06,Santa Clara,085,1922200,299828,291732,11513,303245,2075
2022-02-06,Santa Cruz,087,273765,44517,42952,1993,44945,239
2022-02-06,Shasta,089,179085,29229,28762,5740,34502,468
2022-02-06,Sierra,091,2930,268,265,44,309,0
2022-02-06,Siskiyou,093,43540,4235,4118,2528,6646,68
2022-02-06,Solano,095,438530,77862,73475,5256,78731,419
2022-02-06,Sonoma,097,501317,79837,77887,2356,80243,431
2022-02-06,Stanislaus,099,539301,113793,112521,16678,129199,1406
2022-02-06,Sutter,101,95872,19779,19523,1831,21354,203
2022-02-06,Tehama,103,63373,11581,11366,2498,13864,146
2022-02-06,Trinity,105,12862,1133,1102,266,1368,20
2022-02-06,Tulare,107,460477,102414,98260,25961,124221,1262
2022-02-06,Tuolumne,109,53932,12154,11507,495,12002,92
2022-02-06,Ventura,111,848112,168362,166235,9114,175349,1323
2022-02-06,Yolo,113,214977,35440,33784,2687,36471,281
2022-02-06,Yuba,115,75493,15187,14917,1075,15992,104
2022-02-05,Alameda,001,1643700,244575,235698,12731,248429,1638
2022-02-05,Alpine,003,1148,120,124,1,125,0
2022-02-05,Amador,005,37829,8105,7855,576,8431,71
2022-02-05,Butte,007,227075,31762,30733,6623,37356,355
2022-02-05,Calaveras,009,45235,6983,6789,309,7098,99
2022-02-05,Colusa,011,21464,3339,3234,1015,4249,21
2022-02-05,Contra Costa,013,1133247,184196,175871,12288,188159,1115
2022-02-05,Del Norte,015,27424,5166,4978,146,5124,44
2022-02-05,El Dorado,017,186661,25856,24813,3047,27860,185
2022-02-05,Fresno,019,978130,222879,213539,22712,236251,2477
2022-02-05,Glenn,021,27897,4830,4691,1544,6235,39
2022-02-05,Humboldt,023,135768,15854,15514,2603,18117,127
2022-02-05,Imperial,025,180216,53520,52153,9938,62091,853
2022-02-05,Inyo,027,18085,3992,3948,425,4373,51
2022-02-05,Kern,029,883053,185786,180296,43703,223999,1987
2022-02-05,Kings,031,150075,49163,47538,3333,50871,402
2022-02-05,Lake,033,64148,9914,9289,783,10072,124
2022-02-05,Lassen,035,31185,8499,8288,832,9120,55
2022-02-05,Los Angeles,037,10098052,2642030,2572702,119083,2691785,28947
2022-02-05,Madera,039,155013,35608,34471,5515,39986,329
2022-02-05,Marin,041,260295,31983,31299,2065,33364,255
2022-02-05,Mariposa,043,17540,2278,2222,162,2384,6
2022-02-05,Mendocino,045,87422,12422,12066,2608,14674,107
2022-02-05,Merced,047,269075,60256,58908,7832,66740,744
2022-02-05,Modoc,049,8938,689,664,228,892,6
2022-02-05,Mono,051,14174,2931,2904,116,3020,5
2022-02-05,Monterey,053,433212,75773,67342,12099,79441,666
2022-02-05,Napa,055,140530,24300,22973,860,23833,118
2022-02-05,Nevada,057,99092,15363,15002,1096,16098,113
2022-02-05,Orange,059,3164182,533123,527516,39672,567188,6134
2022-02-05,Placer,061,380077,60719,59043,7035,66078,533
2022-02-05,Plumas,063,18699,2852,2550,302,2852,13
2022-02-05,Riverside,065,2383286,577600,563991,26586,590577,5827
2022-02-05,Sacramento,067,1510023,270537,259437,24726,284163,2610
2022-02-05,San Benito,069,59416,12436,12142,488,12630,90
2022-02-05,San Bernardino,071,2135413,563167,539312,24231,563543,6322
2022-02-05,San Diego,073,3302833,724821,703957,50074,754031,4735
2022-02-05,San Francisco,075,870044,117883,112481,7786,120267,720
2022-02-05,San Joaquin,077,732212,161029,157420,9487,166907,1989
2022-02-05,San Luis Obispo,079,281455,49938,48361,3427,51788,404
2022-02-05,San Mateo,081,765935,116599,104810,6451,111261,587
2022-02-05,Santa Barbara,083,443738,82474,80478,4449,84927,617
2022-02-05,Santa Clara,085,1922200,299175,289262,11497,300759,2067
2022-02-05,Santa Cruz,087,273765,44443,42553,1990,44543,239
2022-02-05,Shasta,089,179085,29187,28604,5730,34334,466
2022-02-05,Sierra,091,2930,268,262,44,306,0
2022-02-05,Siskiyou,093,43540,4228,4106,2515,6621,67
2022-02-05,Solano,095,438530,77787,73112,5247,78359,415
2022-02-05,Sonoma,097,501317,79671,77213,2352,79565,431
2022-02-05,Stanislaus,099,539301,113591,111783,16655,128438,1406
2022-02-05,Sutter,101,95872,19749,19406,1825,21231,203
2022-02-05,Tehama,103,63373,11562,11259,2491,13750,146
2022-02-05,Trinity,105,12862,1131,1085,266,1351,20
2022-02-05,Tulare,107,460477,102245,97414,25879,123293,1254
2022-02-05,Tuolumne,109,53932,12128,11409,492,11901,91
2022-02-05,Ventura,111,848112,168136,165532,9098,174630,1308
2022-02-05,Yolo,113,214977,35356,33614,2672,36286,281
2022-02-05,Yuba,115,75493,15156,14801,1067,15868,105
2022-02-04,Alameda,001,1643700,244086,235698,12721,248419,1638
2022-02-04,Alpine,003,1148,120,124,1,125,0
2022-02-04,Amador,005,37829,8089,7855,572,8427,71
2022-02-04,Butte,007,227075,31703,30733,6611,37344,355
2022-02-04,Calaveras,009,45235,6973,6789,307,7096,99
2022-02-04,Colusa,011,21464,3335,3234,1013,4247,21
2022-02-04,Contra Costa,013,1133247,183862,175871,12260,188131,1115
2022-02-04,Del Norte,015,27424,5145,4978,146,5124,44
2022-02-04,El Dorado,017,186661,25821,24813,3044,27857,185
2022-02-04,Fresno,019,978130,222393,213539,22678,236217,2477
2022-02-04,Glenn,021,27897,4821,4691,1541,6232,39
2022-02-04,Humboldt,023,135768,15827,15514,2600,18114,127
2022-02-04,Imperial,025,180216,53443,52153,9921,62074,853
2022-02-04,Inyo,027,18085,3989,3948,425,4373,51
2022-02-04,Kern,029,883053,185561,180296,43579,223875,1987
2022-02-04,Kings,031,150075,49088,47538,3326,50864,402
2022-02-04,Lake,033,64148,9892,9289,780,10069,124
2022-02-04,Lassen,035,31185,8476,8288,832,9120,55
2022-02-04,Los Angeles,037,10098052,2639393,2572702,118951,2691653,28947
2022-02-04,Madera,039,155013,35525,34471,5507,39978,329
2022-02-04,Marin,041,260295,31919,31299,2056,33355,255
2022-02-04,Mariposa,043,17540,2276,2222,160,2382,6
2022-02-04,Mendocino,045,87422,12391,12066,2606,14672,107
2022-02-04,Merced,047,269075,60176,58908,7822,66730,744
2022-02-04,Modoc,049,8938,689,664,228,892,6
2022-02-04,Mono,051,14174,2929,2904,116,3020,5
2022-02-04,Monterey,053,433212,75583,67342,12056,79398,666
2022-02-04,Napa,055,140530,24253,22973,856,23829,118
2022-02-04,Nevada,057,99092,15329,15002,1092,16094,113
2022-02-04,Orange,059,3164182,532574,527516,39614,567130,6134
2022-02-04,Placer,061,380077,60615,59043,7024,66067,533
2022-02-04,Plumas,063,18699,2845,2550,301,2851,13
2022-02-04,Riverside,065,2383286,576888,563991,26574,590565,5827
2022-02-04,Sacramento,067,1510023,270033,259437,24703,284140,2610
2022-02-04,San Benito,069,59416,12417,12142,486,12628,90
2022-02-04,San Bernardino,071,2135413,562585,539312,24210,563522,6322
2022-02-04,San Diego,073,3302833,723690,703957,49987,753944,4735
2022-02-04,San Francisco,075,870044,117641,112481,7761,120242,720
2022-02-04,San Joaquin,077,732212,160799,157420,9475,166895,1989
2022-02-04,San Luis Obispo,079,281455,49877,48361,3420,51781,404
2022-02-04,San Mateo,081,765935,116367,104810,6437,111247,587
2022-02-04,Santa Barbara,083,443738,82325,80478,4448,84926,617
2022-02-04,Santa Clara,085,1922200,298504,289262,11476,300738,2067
2022-02-04,Santa Cruz,087,273765,44238,42553,1986,44539,239
2022-02-04,Shasta,089,179085,29134,28604,5719,34323,466
2022-02-04,Sierra,091,2930,268,262,44,306,0
2022-02-04,Siskiyou,093,43540,4220,4106,2508,6614,67
2022-02-04,Solano,095,438530,77595,73112,5209,78321,415
2022-02-04,Sonoma,097,501317,79512,77213,2271,79484,431
2022-02-04,Stanislaus,099,539301,113410,111783,16629,128412,1406
2022-02-04,Sutter,101,95872,19725,19406,1818,21224,203
2022-02-04,Tehama,103,63373,11547,11259,2490,13749,146
2022-02-04,Trinity,105,12862,1130,1085,265,1350,20
2022-02-04,Tulare,107,460477,102065,97414,25799,123213,1254
2022-02-04,Tuolumne,109,53932,12116,11409,491,11900,91
2022-02-04,Ventura,111,848112,167867,165532,9090,174622,1308
2022-02-04,Yolo,113,214977,35263,33614,2666,36280,281
2022-02-04,Yuba,115,75493,15138,14801,1067,15868,105
2022-02-03,Alameda,001,1643700,243308,235698,12660,248358,1638
2022-02-03,Alpine,003,1148,120,124,1,125,0
2022-02-03,Amador,005,37829,8069,7855,567,8422,71
2022-02-03,Butte,007,227075,31597,30733,6582,37315,355
2022-02-03,Calaveras,009,45235,6943,6789,304,7093,99
2022-02-03,Colusa,011,21464,3322,3234,1011,4245,21
2022-02-03,Contra Costa,013,1133247,183236,175871,12156,188027,1115
2022-02-03,Del Norte,015,27424,5103,4978,143,5121,44
2022-02-03,El Dorado,017,186661,25751,24813,3039,27852,185
2022-02-03,Fresno,019,978130,221452,213539,22517,236056,2477
2022-02-03,Glenn,021,27897,4804,4691,1524,6215,39
2022-02-03,Humboldt,023,135768,15751,15514,2564,18078,127
2022-02-03,Imperial,025,180216,53299,52153,9870,62023,853
2022-02-03,Inyo,027,18085,3986,3948,421,4369,51
2022-02-03,Kern,029,883053,185097,180296,43365,223661,1987
2022-02-03,Kings,031,150075,48930,47538,3319,50857,402
2022-02-03,Lake,033,64148,9838,9289,774,10063,124
2022-02-03,Lassen,035,31185,8452,8288,831,9119,55
2022-02-03,Los Angeles,037,10098052,2633973,2572702,118689,2691391,28947
2022-02-03,Madera,039,155013,35389,34471,5463,39934,329
2022-02-03,Marin,041,260295,31823,31299,2051,33350,255
2022-02-03,Mariposa,043,17540,2264,2222,157,2379,6
2022-02-03,Mendocino,045,87422,12347,12066,2583,14649,107
2022-02-03,Merced,047,269075,60024,58908,7725,66633,744
2022-02-03,Modoc,049,8938,686,664,228,892,6
2022-02-03,Mono,051,14174,2924,2904,115,3019,5
2022-02-03,Monterey,053,433212,75296,67342,11864,79206,666
2022-02-03,Napa,055,140530,24122,22973,856,23829,118
2022-02-03,Nevada,057,99092,15289,15002,1082,16084,113
2022-02-03,Orange,059,3164182,531650,527516,39522,567038,6134
2022-02-03,Placer,061,380077,60417,59043,7001,66044,533
2022-02-03,Plumas,063,18699,2831,2550,297,2847,13
2022-02-03,Riverside,065,2383286,575685,563991,26503,590494,5827
2022-02-03,Sacramento,067,1510023,269076,259437,24513,283950,2610
2022-02-03,San Benito,069,59416,12389,12142,483,12625,90
2022-02-03,San Bernardino,071,2135413,561572,539312,24171,563483,6322
2022-02-03,San Diego,073,3302833,721721,703957,49815,753772,4735
2022-02-03,San Francisco,075,870044,117309,112481,7732,120213,720
2022-02-03,San Joaquin,077,732212,160311,157420,9444,166864,1989
2022-02-03,San Luis Obispo,079,281455,49678,48361,3405,51766,404
2022-02-03,San Mateo,081,765935,116016,104810,6404,111214,587
2022-02-03,Santa Barbara,083,443738,81967,80478,4419,84897,617
2022-02-03,Santa Clara,085,1922200,297309,289262,11369,300631,2067
2022-02-03,Santa Cruz,087,273765,43898,42553,1979,44532,239
2022-02-03,Shasta,089,179085,29030,28604,5692,34296,466
2022-02-03,Sierra,091,2930,268,262,44,306,0
2022-02-03,Siskiyou,093,43540,4205,4106,2492,6598,67
2022-02-03,Solano,095,438530,77264,73112,5190,78302,415
2022-02-03,Sonoma,097,501317,79216,77213,2264,79477,431
2022-02-03,Stanislaus,099,539301,113032,111783,16541,128324,1406
2022-02-03,Sutter,101,95872,19673,19406,1802,21208,203
2022-02-03,Tehama,103,63373,11517,11259,2482,13741,146
2022-02-03,Trinity,105,12862,1128,1085,264,1349,20
2022-02-03,Tulare,107,460477,101662,97414,25661,123075,1254
2022-02-03,Tuolumne,109,53932,12075,11409,479,11888,91
2022-02-03,Ventura,111,848112,167482,165532,9078,174610,1308
2022-02-03,Yolo,113,214977,35154,33614,2652,36266,281
2022-02-03,Yuba,115,75493,15088,14801,1051,15852,105
2022-02-02,Alameda,001,1643700,242358,234300,12560,246860,1632
2022-02-02,Alpine,003,1148,120,123,1,124,0
2022-02-02,Amador,005,37829,8039,7781,558,8339,71
2022-02-02,Butte,007,227075,31485,30550,6545,37095,355
2022-02-02,Calaveras,009,45235,6917,6753,300,7053,99
2022-02-02,Colusa,011,21464,3307,3211,1010,4221,21
2022-02-02,Contra Costa,013,1133247,182608,174876,12059,186935,1113
2022-02-02,Del Norte,015,27424,5061,4924,139,5063,44
2022-02-02,El Dorado,017,186661,25688,24690,3020,27710,185
2022-02-02,Fresno,019,978130,220420,211976,22383,234359,2463
2022-02-02,Glenn,021,27897,4785,4667,1514,6181,39
2022-02-02,Humboldt,023,135768,15691,15392,2525,17917,127
2022-02-02,Imperial,025,180216,53103,51875,9743,61618,853
2022-02-02,Inyo,027,18085,3980,3944,420,4364,51
2022-02-02,Kern,029,883053,184501,179386,43152,222538,1974
2022-02-02,Kings,031,150075,48740,47061,3293,50354,401
2022-02-02,Lake,033,64148,9780,9235,767,10002,120
2022-02-02,Lassen,035,31185,8439,8258,822,9080,55
2022-02-02,Los Angeles,037,10098052,2627755,2561902,118314,2680216,28850
2022-02-02,Madera,039,155013,35222,34265,5391,39656,329
2022-02-02,Marin,041,260295,31720,31149,2041,33190,255
2022-02-02,Mariposa,043,17540,2253,2215,153,2368,6
2022-02-02,Mendocino,045,87422,12294,11996,2544,14540,105
2022-02-02,Merced,047,269075,59840,58532,7641,66173,744
2022-02-02,Modoc,049,8938,680,662,228,890,6
2022-02-02,Mono,051,14174,2913,2887,115,3002,5
2022-02-02,Monterey,053,433212,74905,66852,11684,78536,666
2022-02-02,Napa,055,140530,24002,22859,843,23702,117
2022-02-02,Nevada,057,99092,15231,14895,1060,15955,112
2022-02-02,Orange,059,3164182,530594,524418,39428,563846,6127
2022-02-02,Placer,061,380077,60223,58654,6972,65626,533
2022-02-02,Plumas,063,18699,2815,2540,294,2834,12
2022-02-02,Riverside,065,2383286,574406,561220,26456,587676,5827
2022-02-02,Sacramento,067,1510023,268074,258078,24306,282384,2602
2022-02-02,San Benito,069,59416,12349,12058,479,12537,90
2022-02-02,San Bernardino,071,2135413,560552,537485,24108,561593,6317
2022-02-02,San Diego,073,3302833,719520,703957,49626,753583,4735
2022-02-02,San Francisco,075,870044,116939,112008,7716,119724,714
2022-02-02,San Joaquin,077,732212,159738,156537,9418,165955,1986
2022-02-02,San Luis Obispo,079,281455,49480,48119,3392,51511,403
2022-02-02,San Mateo,081,765935,115641,104201,6340,110541,587
2022-02-02,Santa Barbara,083,443738,81624,79979,4388,84367,612
2022-02-02,Santa Clara,085,1922200,296136,287443,11257,298700,2051
2022-02-02,Santa Cruz,087,273765,43609,42127,1968,44095,239
2022-02-02,Shasta,089,179085,28929,28429,5647,34076,465
2022-02-02,Sierra,091,2930,268,262,44,306,0
2022-02-02,Siskiyou,093,43540,4195,4078,2463,6541,67
2022-02-02,Solano,095,438530,76906,72711,5163,77874,414
2022-02-02,Sonoma,097,501317,78903,76681,2251,78932,431
2022-02-02,Stanislaus,099,539301,112636,111167,16408,127575,1403
2022-02-02,Sutter,101,95872,19609,19290,1773,21063,203
2022-02-02,Tehama,103,63373,11459,11193,2463,13656,146
2022-02-02,Trinity,105,12862,1125,1074,262,1336,20
2022-02-02,Tulare,107,460477,101273,96820,25509,122329,1249
2022-02-02,Tuolumne,109,53932,11998,11342,476,11818,91
2022-02-02,Ventura,111,848112,167084,164905,9059,173964,1292
2022-02-02,Yolo,113,214977,35029,33332,2629,35961,281
2022-02-02,Yuba,115,75493,15023,14720,1043,15763,104
2022-02-01,Alameda,001,1643700,241286,233782,12455,246237,1620
2022-02-01,Alpine,003,1148,120,123,1,124,0
2022-02-01,Amador,005,37829,7993,7783,552,8335,73
2022-02-01,Butte,007,227075,31342,30496,6503,36999,355
2022-02-01,Calaveras,009,45235,6880,6749,296,7045,98
2022-02-01,Colusa,011,21464,3295,3202,997,4199,21
2022-02-01,Contra Costa,013,1133247,181849,174379,11915,186294,1115
2022-02-01,Del Norte,015,27424,5013,4907,136,5043,44
2022-02-01,El Dorado,017,186661,25627,24664,3003,27667,184
2022-02-01,Fresno,019,978130,219236,211352,22220,233572,2464
2022-02-01,Glenn,021,27897,4769,4649,1504,6153,39
2022-02-01,Humboldt,023,135768,15609,15354,2497,17851,127
2022-02-01,Imperial,025,180216,52890,51675,9678,61353,846
2022-02-01,Inyo,027,18085,3970,3928,417,4345,51
2022-02-01,Kern,029,883053,183854,178987,42907,221894,1967
2022-02-01,Kings,031,150075,48480,46959,3270,50229,400
2022-02-01,Lake,033,64148,9724,9211,760,9971,119
2022-02-01,Lassen,035,31185,8421,8231,818,9049,55
2022-02-01,Los Angeles,037,10098052,2620602,2548794,117940,2666734,28752
2022-02-01,Madera,039,155013,35002,34124,5310,39434,329
2022-02-01,Marin,041,260295,31596,31099,2025,33124,255
2022-02-01,Mariposa,043,17540,2246,2210,152,2362,6
2022-02-01,Mendocino,045,87422,12232,11978,2507,14485,105
2022-02-01,Merced,047,269075,59653,58362,7515,65877,743
2022-02-01,Modoc,049,8938,673,664,228,892,6
2022-02-01,Mono,051,14174,2907,2888,115,3003,5
2022-02-01,Monterey,053,433212,74485,66553,11490,78043,665
2022-02-01,Napa,055,140530,23903,22795,827,23622,116
2022-02-01,Nevada,057,99092,15170,14863,1048,15911,112
2022-02-01,Orange,059,3164182,529447,523741,39284,563025,6108
2022-02-01,Placer,061,380077,59975,58486,6934,65420,532
2022-02-01,Plumas,063,18699,2800,2526,291,2817,12
2022-02-01,Riverside,065,2383286,573018,560010,26408,586418,5825
2022-02-01,Sacramento,067,1510023,267022,257504,24040,281544,2593
2022-02-01,San Benito,069,59416,12283,12053,476,12529,90
2022-02-01,San Bernardino,071,2135413,559258,536591,24043,560634,6311
2022-02-01,San Diego,073,3302833,717000,701009,49398,750407,4710
2022-02-01,San Francisco,075,870044,116471,111606,7697,119303,713
2022-02-01,San Joaquin,077,732212,159206,156300,9395,165695,1987
2022-02-01,San Luis Obispo,079,281455,49251,47842,3331,51173,403
2022-02-01,San Mateo,081,765935,115172,103868,6298,110166,589
2022-02-01,Santa Barbara,083,443738,81179,79659,4351,84010,608
2022-02-01,Santa Clara,085,1922200,294607,286109,11152,297261,2070
2022-02-01,Santa Cruz,087,273765,43309,41782,1952,43734,239
2022-02-01,Shasta,089,179085,28809,28382,5594,33976,465
2022-02-01,Sierra,091,2930,266,262,44,306,0
2022-02-01,Siskiyou,093,43540,4181,4072,2436,6508,66
2022-02-01,Solano,095,438530,76629,72494,5141,77635,415
2022-02-01,Sonoma,097,501317,78543,76379,2228,78607,431
2022-02-01,Stanislaus,099,539301,112226,110925,16302,127227,1403
2022-02-01,Sutter,101,95872,19541,19256,1740,20996,202
2022-02-01,Tehama,103,63373,11402,11165,2450,13615,146
2022-02-01,Trinity,105,12862,1121,1073,262,1335,19
2022-02-01,Tulare,107,460477,100782,96467,25312,121779,1247
2022-02-01,Tuolumne,109,53932,11948,11318,467,11785,91
2022-02-01,Ventura,111,848112,166579,164721,9034,173755,1293
2022-02-01,Yolo,113,214977,34877,33257,2603,35860,275
2022-02-01,Yuba,115,75493,14962,14693,1036,15729,103
2022-01-31,Alameda,001,1643700,239930,232743,12346,245089,1607
2022-01-31,Alpine,003,1148,119,123,1,124,0
2022-01-31,Amador,005,37829,7940,7682,535,8217,73
2022-01-31,Butte,007,227075,31166,30371,6455,36826,354
2022-01-31,Calaveras,009,45235,6844,6700,285,6985,96
2022-01-31,Colusa,011,21464,3285,3187,988,4175,21
2022-01-31,Contra Costa,013,1133247,181005,173466,11788,185254,1115
2022-01-31,Del Norte,015,27424,4979,4879,133,5012,43
2022-01-31,El Dorado,017,186661,25522,24545,2973,27518,184
2022-01-31,Fresno,019,978130,217730,210589,22018,232607,2464
2022-01-31,Glenn,021,27897,4733,4641,1492,6133,39
2022-01-31,Humboldt,023,135768,15519,15308,2464,17772,126
2022-01-31,Imperial,025,180216,52674,51472,9569,61041,846
2022-01-31,Inyo,027,18085,3959,3922,411,4333,50
2022-01-31,Kern,029,883053,183072,178375,42591,220966,1967
2022-01-31,Kings,031,150075,48123,46845,3236,50081,398
2022-01-31,Lake,033,64148,9651,9141,748,9889,119
2022-01-31,Lassen,035,31185,8390,8162,812,8974,55
2022-01-31,Los Angeles,037,10098052,2612379,2541189,117532,2658721,28718
2022-01-31,Madera,039,155013,34788,33886,5214,39100,329
2022-01-31,Marin,041,260295,31471,31023,2008,33031,253
2022-01-31,Mariposa,043,17540,2236,2203,143,2346,6
2022-01-31,Mendocino,045,87422,12166,11896,2466,14362,104
2022-01-31,Merced,047,269075,59366,58198,7326,65524,740
2022-01-31,Modoc,049,8938,670,661,228,889,6
2022-01-31,Mono,051,14174,2893,2889,115,3004,5
2022-01-31,Monterey,053,433212,74033,66117,11277,77394,661
2022-01-31,Napa,055,140530,23735,22707,810,23517,113
2022-01-31,Nevada,057,99092,15093,14813,1035,15848,112
2022-01-31,Orange,059,3164182,528122,522358,39147,561505,6098
2022-01-31,Placer,061,380077,59728,58252,6903,65155,523
2022-01-31,Plumas,063,18699,2787,2513,289,2802,12
2022-01-31,Riverside,065,2383286,571200,558166,26344,584510,5785
2022-01-31,Sacramento,067,1510023,265730,256594,23788,280382,2571
2022-01-31,San Benito,069,59416,12224,11976,475,12451,90
2022-01-31,San Bernardino,071,2135413,557609,535276,23961,559237,6302
2022-01-31,San Diego,073,3302833,714094,698571,49126,747697,4686
2022-01-31,San Francisco,075,870044,116066,111119,7663,118782,712
2022-01-31,San Joaquin,077,732212,158446,155736,9364,165100,1985
2022-01-31,San Luis Obispo,079,281455,48997,47656,3274,50930,395
2022-01-31,San Mateo,081,765935,114664,103313,6240,109553,589
2022-01-31,Santa Barbara,083,443738,80673,79267,4309,83576,606
2022-01-31,Santa Clara,085,1922200,292921,284562,11048,295610,2041
2022-01-31,Santa Cruz,087,273765,42930,41630,1945,43575,239
2022-01-31,Shasta,089,179085,28679,28190,5553,33743,462
2022-01-31,Sierra,091,2930,266,261,44,305,0
2022-01-31,Siskiyou,093,43540,4165,4054,2420,6474,66
2022-01-31,Solano,095,438530,75922,72258,5094,77352,414
2022-01-31,Sonoma,097,501317,78089,76199,2198,78397,431
2022-01-31,Stanislaus,099,539301,111698,110493,16121,126614,1403
2022-01-31,Sutter,101,95872,19461,19189,1690,20879,202
2022-01-31,Tehama,103,63373,11339,11112,2422,13534,145
2022-01-31,Trinity,105,12862,1116,1071,259,1330,19
2022-01-31,Tulare,107,460477,100151,96053,25080,121133,1245
2022-01-31,Tuolumne,109,53932,11858,11278,460,11738,91
2022-01-31,Ventura,111,848112,166043,164060,9009,173069,1286
2022-01-31,Yolo,113,214977,34716,33175,2576,35751,274
2022-01-31,Yuba,115,75493,14899,14652,1016,15668,103
2022-01-30,Alameda,001,1643700,238372,231838,12194,244032,1607
2022-01-30,Alpine,003,1148,119,123,1,124,0
2022-01-30,Amador,005,37829,7889,7644,512,8156,73
2022-01-30,Butte,007,227075,30960,30255,6376,36631,354
2022-01-30,Calaveras,009,45235,6788,6676,274,6950,96
2022-01-30,Colusa,011,21464,3265,3168,980,4148,21
2022-01-30,Contra Costa,013,1133247,180011,172902,11585,184487,1102
2022-01-30,Del Norte,015,27424,4938,4833,130,4963,43
2022-01-30,El Dorado,017,186661,25400,24491,2948,27439,184
2022-01-30,Fresno,019,978130,216154,209645,21756,231401,2463
2022-01-30,Glenn,021,27897,4700,4619,1483,6102,39
2022-01-30,Humboldt,023,135768,15407,15247,2409,17656,126
2022-01-30,Imperial,025,180216,52350,51415,9400,60815,846
2022-01-30,Inyo,027,18085,3942,3921,408,4329,50
2022-01-30,Kern,029,883053,182207,177924,42269,220193,1967
2022-01-30,Kings,031,150075,47771,46654,3179,49833,398
2022-01-30,Lake,033,64148,9562,9080,727,9807,119
2022-01-30,Lassen,035,31185,8366,8158,804,8962,55
2022-01-30,Los Angeles,037,10098052,2602302,2530739,117061,2647800,28678
2022-01-30,Madera,039,155013,34490,33752,5030,38782,329
2022-01-30,Marin,041,260295,31323,30875,1994,32869,253
2022-01-30,Mariposa,043,17540,2224,2177,138,2315,6
2022-01-30,Mendocino,045,87422,12093,11860,2360,14220,104
2022-01-30,Merced,047,269075,58994,58006,7032,65038,740
2022-01-30,Modoc,049,8938,667,661,228,889,6
2022-01-30,Mono,051,14174,2887,2888,115,3003,5
2022-01-30,Monterey,053,433212,73444,65996,10998,76994,661
2022-01-30,Napa,055,140530,23567,22588,794,23382,114
2022-01-30,Nevada,057,99092,15004,14741,1019,15760,112
2022-01-30,Orange,059,3164182,526485,521334,38997,560331,6098
2022-01-30,Placer,061,380077,59399,58030,6863,64893,523
2022-01-30,Plumas,063,18699,2762,2510,275,2785,12
2022-01-30,Riverside,065,2383286,569131,557088,26244,583332,5767
2022-01-30,Sacramento,067,1510023,264273,255715,23294,279009,2572
2022-01-30,San Benito,069,59416,12158,11945,470,12415,90
2022-01-30,San Bernardino,071,2135413,555836,534050,23850,557900,6302
2022-01-30,San Diego,073,3302833,710557,687145,48690,735835,4665
2022-01-30,San Francisco,075,870044,115517,110772,7629,118401,712
2022-01-30,San Joaquin,077,732212,157457,155165,9326,164491,1985
2022-01-30,San Luis Obispo,079,281455,48600,47599,3238,50837,394
2022-01-30,San Mateo,081,765935,114091,102979,6195,109174,589
2022-01-30,Santa Barbara,083,443738,79996,79072,4248,83320,606
2022-01-30,Santa Clara,085,1922200,290945,282846,10917,293763,2035
2022-01-30,Santa Cruz,087,273765,42471,41330,1937,43267,239
2022-01-30,Shasta,089,179085,28518,28105,5469,33574,462
2022-01-30,Sierra,091,2930,266,261,44,305,0
2022-01-30,Siskiyou,093,43540,4135,4039,2373,6412,66
2022-01-30,Solano,095,438530,75396,71857,5043,76900,414
2022-01-30,Sonoma,097,501317,77570,75890,2169,78059,431
2022-01-30,Stanislaus,099,539301,111044,110111,15918,126029,1403
2022-01-30,Sutter,101,95872,19369,19108,1593,20701,202
2022-01-30,Tehama,103,63373,11267,11071,2392,13463,145
2022-01-30,Trinity,105,12862,1110,1068,259,1327,19
2022-01-30,Tulare,107,460477,99408,95676,24820,120496,1245
2022-01-30,Tuolumne,109,53932,11749,11242,423,11665,91
2022-01-30,Ventura,111,848112,165465,163521,8979,172500,1286
2022-01-30,Yolo,113,214977,34498,33043,2543,35586,274
2022-01-30,Yuba,115,75493,14809,14584,996,15580,103
2022-01-29,Alameda,001,1643700,237699,225602,12176,237778,1605
2022-01-29,Alpine,003,1148,119,123,1,124,0
2022-01-29,Amador,005,37829,7867,7505,509,8014,73
2022-01-29,Butte,007,227075,30870,29557,6345,35902,353
2022-01-29,Calaveras,009,45235,6769,6484,274,6758,96
2022-01-29,Colusa,011,21464,3260,3107,976,4083,21
2022-01-29,Contra Costa,013,1133247,179464,168003,11552,179555,1101
2022-01-29,Del Norte,015,27424,4920,4589,128,4717,43
2022-01-29,El Dorado,017,186661,25356,24008,2941,26949,184
2022-01-29,Fresno,019,978130,215696,202691,21717,224408,2457
2022-01-29,Glenn,021,27897,4692,4516,1476,5992,39
2022-01-29,Humboldt,023,135768,15360,14812,2402,17214,126
2022-01-29,Imperial,025,180216,52233,50153,9344,59497,845
2022-01-29,Inyo,027,18085,3940,3895,400,4295,50
2022-01-29,Kern,029,883053,181867,174456,42107,216563,1962
2022-01-29,Kings,031,150075,47652,45047,3172,48219,397
2022-01-29,Lake,033,64148,9529,8747,723,9470,119
2022-01-29,Lassen,035,31185,8345,7961,801,8762,55
2022-01-29,Los Angeles,037,10098052,2598395,2473332,116795,2590127,28467
2022-01-29,Madera,039,155013,34381,32753,5002,37755,329
2022-01-29,Marin,041,260295,31258,30137,1992,32129,253
2022-01-29,Mariposa,043,17540,2222,2117,136,2253,6
2022-01-29,Mendocino,045,87422,12069,11591,2344,13935,104
2022-01-29,Merced,047,269075,58886,56472,7027,63499,735
2022-01-29,Modoc,049,8938,667,654,228,882,6
2022-01-29,Mono,051,14174,2885,2860,115,2975,5
2022-01-29,Monterey,053,433212,73289,64090,10936,75026,658
2022-01-29,Napa,055,140530,23511,22121,792,22913,113
2022-01-29,Nevada,057,99092,14970,14337,1016,15353,112
2022-01-29,Orange,059,3164182,525781,511255,38891,550146,6038
2022-01-29,Placer,061,380077,59208,56562,6847,63409,523
2022-01-29,Plumas,063,18699,2752,2463,271,2734,12
2022-01-29,Riverside,065,2383286,568107,548121,26202,574323,5726
2022-01-29,Sacramento,067,1510023,263634,249130,23248,272378,2558
2022-01-29,San Benito,069,59416,12100,11670,469,12139,90
2022-01-29,San Bernardino,071,2135413,555087,525249,23806,549055,6297
2022-01-29,San Diego,073,3302833,709223,683027,48590,731617,4643
2022-01-29,San Francisco,075,870044,115243,108265,7581,115846,712
2022-01-29,San Joaquin,077,732212,157212,150849,9304,160153,1971
2022-01-29,San Luis Obispo,079,281455,48510,46374,3235,49609,391
2022-01-29,San Mateo,081,765935,113751,100306,6176,106482,586
2022-01-29,Santa Barbara,083,443738,79774,76546,4242,80788,604
2022-01-29,Santa Clara,085,1922200,290010,273879,10889,284768,2019
2022-01-29,Santa Cruz,087,273765,42340,39228,1935,41163,240
2022-01-29,Shasta,089,179085,28458,27504,5456,32960,452
2022-01-29,Sierra,091,2930,266,260,43,303,0
2022-01-29,Siskiyou,093,43540,4125,3987,2366,6353,66
2022-01-29,Solano,095,438530,75251,69862,5030,74892,407
2022-01-29,Sonoma,097,501317,77355,73439,2164,75603,427
2022-01-29,Stanislaus,099,539301,110794,107668,15867,123535,1403
2022-01-29,Sutter,101,95872,19321,18797,1577,20374,202
2022-01-29,Tehama,103,63373,11232,10880,2383,13263,145
2022-01-29,Trinity,105,12862,1107,1033,258,1291,19
2022-01-29,Tulare,107,460477,99151,93154,24748,117902,1237
2022-01-29,Tuolumne,109,53932,11723,10806,415,11221,91
2022-01-29,Ventura,111,848112,165135,160466,8960,169426,1271
2022-01-29,Yolo,113,214977,34384,32123,2527,34650,275
2022-01-29,Yuba,115,75493,14769,14295,994,15289,103
2022-01-28,Alameda,001,1643700,236754,225602,12158,237760,1605
2022-01-28,Alpine,003,1148,119,123,1,124,0
2022-01-28,Amador,005,37829,7841,7505,508,8013,73
2022-01-28,Butte,007,227075,30793,29557,6323,35880,353
2022-01-28,Calaveras,009,45235,6751,6484,273,6757,96
2022-01-28,Colusa,011,21464,3255,3107,975,4082,21
2022-01-28,Contra Costa,013,1133247,178914,168003,11515,179518,1101
2022-01-28,Del Norte,015,27424,4896,4589,127,4716,43
2022-01-28,El Dorado,017,186661,25311,24008,2934,26942,184
2022-01-28,Fresno,019,978130,214818,202691,21661,224352,2457
2022-01-28,Glenn,021,27897,4679,4516,1474,5990,39
2022-01-28,Humboldt,023,135768,15324,14812,2392,17204,126
2022-01-28,Imperial,025,180216,52105,50153,9314,59467,845
2022-01-28,Inyo,027,18085,3936,3895,397,4292,50
2022-01-28,Kern,029,883053,181456,174456,41949,216405,1962
2022-01-28,Kings,031,150075,47522,45047,3162,48209,397
2022-01-28,Lake,033,64148,9497,8747,720,9467,119
2022-01-28,Lassen,035,31185,8275,7961,799,8760,55
2022-01-28,Los Angeles,037,10098052,2592672,2473332,116581,2589913,28467
2022-01-28,Madera,039,155013,34253,32753,4986,37739,329
2022-01-28,Marin,041,260295,31165,30137,1972,32109,253
2022-01-28,Mariposa,043,17540,2212,2117,134,2251,6
2022-01-28,Mendocino,045,87422,12026,11591,2342,13933,104
2022-01-28,Merced,047,269075,58785,56472,7012,63484,735
2022-01-28,Modoc,049,8938,666,654,228,882,6
2022-01-28,Mono,051,14174,2880,2860,114,2974,5
2022-01-28,Monterey,053,433212,73087,64090,10887,74977,658
2022-01-28,Napa,055,140530,23432,22121,790,22911,113
2022-01-28,Nevada,057,99092,14933,14337,1014,15351,112
2022-01-28,Orange,059,3164182,524710,511255,38801,550056,6038
2022-01-28,Placer,061,380077,59009,56562,6824,63386,523
2022-01-28,Plumas,063,18699,2744,2463,269,2732,12
2022-01-28,Riverside,065,2383286,566785,548121,26161,574282,5726
2022-01-28,Sacramento,067,1510023,262890,249130,23195,272325,2558
2022-01-28,San Benito,069,59416,12078,11670,464,12134,90
2022-01-28,San Bernardino,071,2135413,554047,525249,23769,549018,6297
2022-01-28,San Diego,073,3302833,707401,683027,48511,731538,4643
2022-01-28,San Francisco,075,870044,114888,108265,7532,115797,712
2022-01-28,San Joaquin,077,732212,156923,150849,9290,160139,1971
2022-01-28,San Luis Obispo,079,281455,48426,46374,3228,49602,391
2022-01-28,San Mateo,081,765935,113398,100306,6156,106462,586
2022-01-28,Santa Barbara,083,443738,79525,76546,4240,80786,604
2022-01-28,Santa Clara,085,1922200,288821,273879,10840,284719,2019
2022-01-28,Santa Cruz,087,273765,42147,39228,1924,41152,240
2022-01-28,Shasta,089,179085,28398,27504,5442,32946,452
2022-01-28,Sierra,091,2930,266,260,43,303,0
2022-01-28,Siskiyou,093,43540,4115,3987,2362,6349,66
2022-01-28,Solano,095,438530,74699,69862,4964,74826,407
2022-01-28,Sonoma,097,501317,77149,73439,2157,75596,427
2022-01-28,Stanislaus,099,539301,110521,107668,15820,123488,1403
2022-01-28,Sutter,101,95872,19276,18797,1575,20372,202
2022-01-28,Tehama,103,63373,11200,10880,2376,13256,145
2022-01-28,Trinity,105,12862,1098,1033,258,1291,19
2022-01-28,Tulare,107,460477,98878,93154,24642,117796,1237
2022-01-28,Tuolumne,109,53932,11690,10806,411,11217,91
2022-01-28,Ventura,111,848112,164681,160466,8941,169407,1271
2022-01-28,Yolo,113,214977,34279,32123,2521,34644,275
2022-01-28,Yuba,115,75493,14730,14295,990,15285,103
2022-01-27,Alameda,001,1643700,235169,225602,12027,237629,1605
2022-01-27,Alpine,003,1148,119,123,1,124,0
2022-01-27,Amador,005,37829,7794,7505,497,8002,73
2022-01-27,Butte,007,227075,30640,29557,6269,35826,353
2022-01-27,Calaveras,009,45235,6725,6484,257,6741,96
2022-01-27,Colusa,011,21464,3239,3107,970,4077,21
2022-01-27,Contra Costa,013,1133247,177850,168003,11341,179344,1101
2022-01-27,Del Norte,015,27424,4852,4589,123,4712,43
2022-01-27,El Dorado,017,186661,25202,24008,2915,26923,184
2022-01-27,Fresno,019,978130,213174,202691,21441,224132,2457
2022-01-27,Glenn,021,27897,4647,4516,1466,5982,39
2022-01-27,Humboldt,023,135768,15236,14812,2355,17167,126
2022-01-27,Imperial,025,180216,51836,50153,9203,59356,845
2022-01-27,Inyo,027,18085,3929,3895,388,4283,50
2022-01-27,Kern,029,883053,180677,174456,41588,216044,1962
2022-01-27,Kings,031,150075,47183,45047,3124,48171,397
2022-01-27,Lake,033,64148,9443,8747,703,9450,119
2022-01-27,Lassen,035,31185,8234,7961,793,8754,55
2022-01-27,Los Angeles,037,10098052,2581516,2473332,116069,2589401,28467
2022-01-27,Madera,039,155013,34044,32753,4884,37637,329
2022-01-27,Marin,041,260295,31001,30137,1957,32094,253
2022-01-27,Mariposa,043,17540,2189,2117,131,2248,6
2022-01-27,Mendocino,045,87422,11975,11591,2293,13884,104
2022-01-27,Merced,047,269075,58513,56472,6849,63321,735
2022-01-27,Modoc,049,8938,664,654,227,881,6
2022-01-27,Mono,051,14174,2875,2860,114,2974,5
2022-01-27,Monterey,053,433212,72465,64090,10642,74732,658
2022-01-27,Napa,055,140530,23277,22121,763,22884,113
2022-01-27,Nevada,057,99092,14861,14337,987,15324,112
2022-01-27,Orange,059,3164182,522984,511255,38663,549918,6038
2022-01-27,Placer,061,380077,58691,56562,6772,63334,523
2022-01-27,Plumas,063,18699,2733,2463,257,2720,12
2022-01-27,Riverside,065,2383286,564610,548121,26093,574214,5726
2022-01-27,Sacramento,067,1510023,261607,249130,22870,272000,2558
2022-01-27,San Benito,069,59416,12023,11670,459,12129,90
2022-01-27,San Bernardino,071,2135413,552152,525249,23668,548917,6297
2022-01-27,San Diego,073,3302833,704060,683027,48152,731179,4643
2022-01-27,San Francisco,075,870044,114382,108265,7474,115739,712
2022-01-27,San Joaquin,077,732212,156062,150849,9225,160074,1971
2022-01-27,San Luis Obispo,079,281455,48155,46374,3193,49567,391
2022-01-27,San Mateo,081,765935,112813,100306,6087,106393,586
2022-01-27,Santa Barbara,083,443738,79046,76546,4185,80731,604
2022-01-27,Santa Clara,085,1922200,286752,273879,10694,284573,2019
2022-01-27,Santa Cruz,087,273765,41482,39228,1906,41134,240
2022-01-27,Shasta,089,179085,28272,27504,5393,32897,452
2022-01-27,Sierra,091,2930,265,260,42,302,0
2022-01-27,Siskiyou,093,43540,4094,3987,2325,6312,66
2022-01-27,Solano,095,438530,74060,69862,4906,74768,407
2022-01-27,Sonoma,097,501317,76683,73439,2143,75582,427
2022-01-27,Stanislaus,099,539301,109995,107668,15663,123331,1403
2022-01-27,Sutter,101,95872,19170,18797,1551,20348,202
2022-01-27,Tehama,103,63373,11148,10880,2360,13240,145
2022-01-27,Trinity,105,12862,1094,1033,257,1290,19
2022-01-27,Tulare,107,460477,98209,93154,24381,117535,1237
2022-01-27,Tuolumne,109,53932,11636,10806,403,11209,91
2022-01-27,Ventura,111,848112,164029,160466,8905,169371,1271
2022-01-27,Yolo,113,214977,34133,32123,2506,34629,275
2022-01-27,Yuba,115,75493,14652,14295,974,15269,103
2022-01-26,Alameda,001,1643700,233280,222680,11863,234543,1596
2022-01-26,Alpine,003,1148,119,123,1,124,0
2022-01-26,Amador,005,37829,7720,7427,482,7909,73
2022-01-26,Butte,007,227075,30445,29229,6205,35434,353
2022-01-26,Calaveras,009,45235,6687,6387,251,6638,96
2022-01-26,Colusa,011,21464,3220,3094,965,4059,21
2022-01-26,Contra Costa,013,1133247,176651,165972,11171,177143,1095
2022-01-26,Del Norte,015,27424,4794,4542,122,4664,43
2022-01-26,El Dorado,017,186661,25079,23819,2892,26711,181
2022-01-26,Fresno,019,978130,211310,199689,21221,220910,2452
2022-01-26,Glenn,021,27897,4614,4472,1461,5933,39
2022-01-26,Humboldt,023,135768,15138,14715,2312,17027,126
2022-01-26,Imperial,025,180216,51479,49477,9063,58540,839
2022-01-26,Inyo,027,18085,3926,3889,358,4247,50
2022-01-26,Kern,029,883053,179737,173052,41248,214300,1953
2022-01-26,Kings,031,150075,46778,44367,3095,47462,396
2022-01-26,Lake,033,64148,9361,8645,693,9338,119
2022-01-26,Lassen,035,31185,8194,7888,793,8681,55
2022-01-26,Los Angeles,037,10098052,2569308,2450620,115624,2566244,28382
2022-01-26,Madera,039,155013,33805,32323,4747,37070,329
2022-01-26,Marin,041,260295,30818,29813,1940,31753,253
2022-01-26,Mariposa,043,17540,2172,2108,124,2232,6
2022-01-26,Mendocino,045,87422,11927,11453,2242,13695,103
2022-01-26,Merced,047,269075,58137,56060,6672,62732,733
2022-01-26,Modoc,049,8938,663,652,226,878,6
2022-01-26,Mono,051,14174,2872,2852,114,2966,4
2022-01-26,Monterey,053,433212,71908,63264,10354,73618,659
2022-01-26,Napa,055,140530,23121,21864,753,22617,112
2022-01-26,Nevada,057,99092,14767,14128,975,15103,112
2022-01-26,Orange,059,3164182,520994,506419,38497,544916,6007
2022-01-26,Placer,061,380077,58352,55892,6711,62603,524
2022-01-26,Plumas,063,18699,2706,2425,255,2680,12
2022-01-26,Riverside,065,2383286,562079,543788,25977,569765,5701
2022-01-26,Sacramento,067,1510023,259912,246416,22543,268959,2559
2022-01-26,San Benito,069,59416,11952,11563,447,12010,90
2022-01-26,San Bernardino,071,2135413,549880,521699,23561,545260,6291
2022-01-26,San Diego,073,3302833,699845,676392,47794,724186,4622
2022-01-26,San Francisco,075,870044,113741,107174,7442,114616,704
2022-01-26,San Joaquin,077,732212,155067,148770,9171,157941,1971
2022-01-26,San Luis Obispo,079,281455,47850,45716,3167,48883,391
2022-01-26,San Mateo,081,765935,112146,99016,5963,104979,586
2022-01-26,Santa Barbara,083,443738,78518,75548,4125,79673,600
2022-01-26,Santa Clara,085,1922200,284640,270470,10523,280993,2015
2022-01-26,Santa Cruz,087,273765,40963,38298,1892,40190,239
2022-01-26,Shasta,089,179085,28125,27255,5348,32603,452
2022-01-26,Sierra,091,2930,264,260,41,301,0
2022-01-26,Siskiyou,093,43540,4078,3971,2300,6271,66
2022-01-26,Solano,095,438530,73364,69150,4839,73989,401
2022-01-26,Sonoma,097,501317,76123,72509,2108,74617,423
2022-01-26,Stanislaus,099,539301,109440,106582,15446,122028,1396
2022-01-26,Sutter,101,95872,19060,18670,1507,20177,202
2022-01-26,Tehama,103,63373,11094,10749,2346,13095,145
2022-01-26,Trinity,105,12862,1089,1008,257,1265,19
2022-01-26,Tulare,107,460477,97406,91904,24142,116046,1234
2022-01-26,Tuolumne,109,53932,11452,10699,392,11091,91
2022-01-26,Ventura,111,848112,163319,159077,8863,167940,1263
2022-01-26,Yolo,113,214977,33915,31913,2468,34381,275
2022-01-26,Yuba,115,75493,14567,14171,952,15123,103
2022-01-25,Alameda,001,1643700,231389,219753,11692,231445,1589
2022-01-25,Alpine,003,1148,119,122,1,123,0
2022-01-25,Amador,005,37829,7643,7352,471,7823,73
2022-01-25,Butte,007,227075,30232,28887,6128,35015,351
2022-01-25,Calaveras,009,45235,6629,6266,238,6504,95
2022-01-25,Colusa,011,21464,3199,3074,963,4037,21
2022-01-25,Contra Costa,013,1133247,175252,163792,10943,174735,1092
2022-01-25,Del Norte,015,27424,4724,4514,117,4631,43
2022-01-25,El Dorado,017,186661,24942,23339,2868,26207,179
2022-01-25,Fresno,019,978130,209135,198262,20927,219189,2434
2022-01-25,Glenn,021,27897,4584,4418,1445,5863,39
2022-01-25,Humboldt,023,135768,15046,14574,2286,16860,126
2022-01-25,Imperial,025,180216,51023,48913,8842,57755,832
2022-01-25,Inyo,027,18085,3910,3857,316,4173,50
2022-01-25,Kern,029,883053,178732,171695,40800,212495,1947
2022-01-25,Kings,031,150075,46310,43853,3050,46903,396
2022-01-25,Lake,033,64148,9282,8543,681,9224,118
2022-01-25,Lassen,035,31185,8163,7834,784,8618,55
2022-01-25,Los Angeles,037,10098052,2554362,2433516,114982,2548498,28293
2022-01-25,Madera,039,155013,33484,31794,4614,36408,329
2022-01-25,Marin,041,260295,30641,29589,1927,31516,253
2022-01-25,Mariposa,043,17540,2160,2069,118,2187,6
2022-01-25,Mendocino,045,87422,11807,11280,2139,13419,103
2022-01-25,Merced,047,269075,57746,55555,6532,62087,733
2022-01-25,Modoc,049,8938,661,652,226,878,6
2022-01-25,Mono,051,14174,2862,2826,113,2939,4
2022-01-25,Monterey,053,433212,71334,62498,9953,72451,654
2022-01-25,Napa,055,140530,22926,21668,719,22387,111
2022-01-25,Nevada,057,99092,14654,13944,953,14897,112
2022-01-25,Orange,059,3164182,518713,504274,38300,542574,5980
2022-01-25,Placer,061,380077,57949,55465,6638,62103,518
2022-01-25,Plumas,063,18699,2682,2397,251,2648,12
2022-01-25,Riverside,065,2383286,558988,540723,25813,566536,5686
2022-01-25,Sacramento,067,1510023,257960,244468,22015,266483,2545
2022-01-25,San Benito,069,59416,11853,11446,443,11889,88
2022-01-25,San Bernardino,071,2135413,547254,519150,23447,542597,6288
2022-01-25,San Diego,073,3302833,694853,670110,47342,717452,4604
2022-01-25,San Francisco,075,870044,112982,106254,7400,113654,703
2022-01-25,San Joaquin,077,732212,154066,147271,9106,156377,1972
2022-01-25,San Luis Obispo,079,281455,47489,45130,3119,48249,391
2022-01-25,San Mateo,081,765935,111313,98010,5852,103862,586
2022-01-25,Santa Barbara,083,443738,77850,74686,4046,78732,594
2022-01-25,Santa Clara,085,1922200,281990,268031,10321,278352,2006
2022-01-25,Santa Cruz,087,273765,40292,37850,1877,39727,237
2022-01-25,Shasta,089,179085,27963,27090,5282,32372,452
2022-01-25,Sierra,091,2930,264,260,37,297,0
2022-01-25,Siskiyou,093,43540,4054,3958,2265,6223,65
2022-01-25,Solano,095,438530,72792,68657,4780,73437,399
2022-01-25,Sonoma,097,501317,75434,71633,2068,73701,423
2022-01-25,Stanislaus,099,539301,108767,105965,15220,121185,1396
2022-01-25,Sutter,101,95872,18957,18508,1467,19975,200
2022-01-25,Tehama,103,63373,11031,10669,2322,12991,145
2022-01-25,Trinity,105,12862,1082,999,255,1254,19
2022-01-25,Tulare,107,460477,96546,91237,23823,115060,1229
2022-01-25,Tuolumne,109,53932,11271,10516,368,10884,91
2022-01-25,Ventura,111,848112,162465,157971,8814,166785,1263
2022-01-25,Yolo,113,214977,33656,31677,2424,34101,274
2022-01-25,Yuba,115,75493,14482,14038,925,14963,103
2022-01-24,Alameda,001,1643700,228921,216252,11425,227677,1581
2022-01-24,Alpine,003,1148,119,120,1,121,0
2022-01-24,Amador,005,37829,7592,7166,434,7600,73
2022-01-24,Butte,007,227075,29999,28607,6063,34670,350
2022-01-24,Calaveras,009,45235,6581,6172,224,6396,95
2022-01-24,Colusa,011,21464,3179,3052,946,3998,21
2022-01-24,Contra Costa,013,1133247,173694,162161,10721,172882,1092
2022-01-24,Del Norte,015,27424,4664,4460,117,4577,43
2022-01-24,El Dorado,017,186661,24777,23128,2842,25970,179
2022-01-24,Fresno,019,978130,206801,196092,20603,216695,2430
2022-01-24,Glenn,021,27897,4544,4367,1436,5803,39
2022-01-24,Humboldt,023,135768,14935,14416,2241,16657,126
2022-01-24,Imperial,025,180216,50483,48228,8562,56790,824
2022-01-24,Inyo,027,18085,3904,3805,292,4097,50
2022-01-24,Kern,029,883053,177425,169892,40329,210221,1946
2022-01-24,Kings,031,150075,45737,43260,2979,46239,396
2022-01-24,Lake,033,64148,9173,8423,666,9089,118
2022-01-24,Lassen,035,31185,8079,7732,765,8497,55
2022-01-24,Los Angeles,037,10098052,2537839,2391045,114205,2505250,28230
2022-01-24,Madera,039,155013,33049,31339,4430,35769,329
2022-01-24,Marin,041,260295,30408,29301,1891,31192,253
2022-01-24,Mariposa,043,17540,2135,2033,114,2147,6
2022-01-24,Mendocino,045,87422,11703,11002,2060,13062,103
2022-01-24,Merced,047,269075,57242,54970,6247,61217,730
2022-01-24,Modoc,049,8938,658,648,225,873,6
2022-01-24,Mono,051,14174,2852,2802,112,2914,4
2022-01-24,Monterey,053,433212,70474,61975,9598,71573,654
2022-01-24,Napa,055,140530,22747,21494,707,22201,111
2022-01-24,Nevada,057,99092,14527,13774,930,14704,112
2022-01-24,Orange,059,3164182,516135,501634,38033,539667,5969
2022-01-24,Placer,061,380077,57467,54933,6589,61522,518
2022-01-24,Plumas,063,18699,2650,2370,237,2607,12
2022-01-24,Riverside,065,2383286,555256,535962,25605,561567,5661
2022-01-24,Sacramento,067,1510023,255598,241522,21459,262981,2526
2022-01-24,San Benito,069,59416,11751,11331,430,11761,88
2022-01-24,San Bernardino,071,2135413,544364,515604,23284,538888,6285
2022-01-24,San Diego,073,3302833,689197,663580,46791,710371,4586
2022-01-24,San Francisco,075,870044,112025,105418,7306,112724,703
2022-01-24,San Joaquin,077,732212,152747,145984,9030,155014,1959
2022-01-24,San Luis Obispo,079,281455,47018,44616,3065,47681,387
2022-01-24,San Mateo,081,765935,110349,96968,5739,102707,586
2022-01-24,Santa Barbara,083,443738,77039,73866,3953,77819,591
2022-01-24,Santa Clara,085,1922200,279092,265341,10110,275451,2006
2022-01-24,Santa Cruz,087,273765,39492,37188,1859,39047,237
2022-01-24,Shasta,089,179085,27779,26871,5194,32065,452
2022-01-24,Sierra,091,2930,264,258,37,295,0
2022-01-24,Siskiyou,093,43540,4046,3934,2226,6160,64
2022-01-24,Solano,095,438530,72110,68094,4703,72797,400
2022-01-24,Sonoma,097,501317,74519,70733,2031,72764,423
2022-01-24,Stanislaus,099,539301,108009,104933,14932,119865,1395
2022-01-24,Sutter,101,95872,18842,18336,1381,19717,200
2022-01-24,Tehama,103,63373,10961,10567,2302,12869,145
2022-01-24,Trinity,105,12862,1073,978,253,1231,19
2022-01-24,Tulare,107,460477,95474,90089,23466,113555,1219
2022-01-24,Tuolumne,109,53932,11150,10374,360,10734,91
2022-01-24,Ventura,111,848112,161443,156551,8769,165320,1261
2022-01-24,Yolo,113,214977,33363,31480,2395,33875,273
2022-01-24,Yuba,115,75493,14376,13862,886,14748,103
2022-01-23,Alameda,001,1643700,226221,214003,11105,225108,1583
2022-01-23,Alpine,003,1148,119,120,1,121,0
2022-01-23,Amador,005,37829,7536,7090,394,7484,73
2022-01-23,Butte,007,227075,29700,28340,5937,34277,350
2022-01-23,Calaveras,009,45235,6516,6095,203,6298,95
2022-01-23,Colusa,011,21464,3154,3040,937,3977,21
2022-01-23,Contra Costa,013,1133247,171755,160798,10348,171146,1092
2022-01-23,Del Norte,015,27424,4596,4419,111,4530,43
2022-01-23,El Dorado,017,186661,24591,22925,2795,25720,179
2022-01-23,Fresno,019,978130,204270,193642,20118,213760,2430
2022-01-23,Glenn,021,27897,4497,4340,1414,5754,39
2022-01-23,Humboldt,023,135768,14813,14296,2159,16455,126
2022-01-23,Imperial,025,180216,49885,47935,8280,56215,824
2022-01-23,Inyo,027,18085,3877,3781,278,4059,50
2022-01-23,Kern,029,883053,176062,168585,39801,208386,1946
2022-01-23,Kings,031,150075,45103,42622,2877,45499,397
2022-01-23,Lake,033,64148,9003,8363,640,9003,118
2022-01-23,Lassen,035,31185,8030,7710,741,8451,55
2022-01-23,Los Angeles,037,10098052,2517517,2390590,113058,2503648,28231
2022-01-23,Madera,039,155013,32691,30962,4194,35156,329
2022-01-23,Marin,041,260295,30155,29025,1853,30878,253
2022-01-23,Mariposa,043,17540,2120,2011,111,2122,6
2022-01-23,Mendocino,045,87422,11578,10889,1932,12821,103
2022-01-23,Merced,047,269075,56669,54644,5794,60438,730
2022-01-23,Modoc,049,8938,656,645,222,867,6
2022-01-23,Mono,051,14174,2844,2788,110,2898,4
2022-01-23,Monterey,053,433212,69638,61522,9165,70687,654
2022-01-23,Napa,055,140530,22485,21281,694,21975,111
2022-01-23,Nevada,057,99092,14366,13629,901,14530,112
2022-01-23,Orange,059,3164182,513030,498968,37742,536710,5970
2022-01-23,Placer,061,380077,56897,54568,6500,61068,518
2022-01-23,Plumas,063,18699,2617,2368,208,2576,12
2022-01-23,Riverside,065,2383286,550809,532273,25303,557576,5661
2022-01-23,Sacramento,067,1510023,252960,239589,20518,260107,2530
2022-01-23,San Benito,069,59416,11629,11225,419,11644,88
2022-01-23,San Bernardino,071,2135413,540803,512657,23006,535663,6281
2022-01-23,San Diego,073,3302833,682592,640215,45982,686197,4566
2022-01-23,San Francisco,075,870044,110958,104485,7198,111683,704
2022-01-23,San Joaquin,077,732212,151119,144621,8949,153570,1959
2022-01-23,San Luis Obispo,079,281455,46321,44183,2991,47174,386
2022-01-23,San Mateo,081,765935,109231,95940,5595,101535,586
2022-01-23,Santa Barbara,083,443738,75915,73041,3830,76871,590
2022-01-23,Santa Clara,085,1922200,275747,261991,9791,271782,2005
2022-01-23,Santa Cruz,087,273765,38960,36547,1828,38375,237
2022-01-23,Shasta,089,179085,27499,26732,5074,31806,452
2022-01-23,Sierra,091,2930,263,252,37,289,0
2022-01-23,Siskiyou,093,43540,4021,3916,2169,6085,64
2022-01-23,Solano,095,438530,71309,67457,4609,72066,400
2022-01-23,Sonoma,097,501317,73565,69791,1975,71766,423
2022-01-23,Stanislaus,099,539301,107148,104067,14640,118707,1395
2022-01-23,Sutter,101,95872,18683,18175,1268,19443,200
2022-01-23,Tehama,103,63373,10864,10481,2271,12752,145
2022-01-23,Trinity,105,12862,1070,961,251,1212,19
2022-01-23,Tulare,107,460477,94220,89120,23056,112176,1219
2022-01-23,Tuolumne,109,53932,10958,10243,343,10586,91
2022-01-23,Ventura,111,848112,160262,155052,8692,163744,1261
2022-01-23,Yolo,113,214977,32987,30908,2355,33263,273
2022-01-23,Yuba,115,75493,14252,13762,833,14595,103
2022-01-22,Alameda,001,1643700,225160,203927,11078,215005,1575
2022-01-22,Alpine,003,1148,118,119,1,120,0
2022-01-22,Amador,005,37829,7502,6845,389,7234,73
2022-01-22,Butte,007,227075,29578,27232,5905,33137,350
2022-01-22,Calaveras,009,45235,6486,5835,202,6037,95
2022-01-22,Colusa,011,21464,3137,2954,934,3888,21
2022-01-22,Contra Costa,013,1133247,170781,154111,10318,164429,1091
2022-01-22,Del Norte,015,27424,4557,4269,107,4376,43
2022-01-22,El Dorado,017,186661,24526,22273,2783,25056,179
2022-01-22,Fresno,019,978130,203435,185292,20048,205340,2429
2022-01-22,Glenn,021,27897,4490,4174,1411,5585,39
2022-01-22,Humboldt,023,135768,14745,13628,2146,15774,125
2022-01-22,Imperial,025,180216,49694,45741,8222,53963,820
2022-01-22,Inyo,027,18085,3873,3706,254,3960,50
2022-01-22,Kern,029,883053,175435,162902,39501,202403,1946
2022-01-22,Kings,031,150075,44895,40580,2864,43444,396
2022-01-22,Lake,033,64148,8969,8056,632,8688,118
2022-01-22,Lassen,035,31185,7996,7545,734,8279,55
2022-01-22,Los Angeles,037,10098052,2510102,2286280,112555,2398835,28038
2022-01-22,Madera,039,155013,32572,29595,4179,33774,329
2022-01-22,Marin,041,260295,30028,27893,1848,29741,253
2022-01-22,Mariposa,043,17540,2116,1920,111,2031,6
2022-01-22,Mendocino,045,87422,11528,10395,1910,12305,103
2022-01-22,Merced,047,269075,56512,53025,5786,58811,727
2022-01-22,Modoc,049,8938,655,639,222,861,6
2022-01-22,Mono,051,14174,2843,2723,106,2829,4
2022-01-22,Monterey,053,433212,69432,59038,9123,68161,651
2022-01-22,Napa,055,140530,22390,20402,684,21086,111
2022-01-22,Nevada,057,99092,14298,12957,893,13850,112
2022-01-22,Orange,059,3164182,511422,480329,37494,517823,5946
2022-01-22,Placer,061,380077,56626,52557,6463,59020,512
2022-01-22,Plumas,063,18699,2600,2289,204,2493,12
2022-01-22,Riverside,065,2383286,548892,513567,25231,538798,5623
2022-01-22,Sacramento,067,1510023,251918,230206,20413,250619,2510
2022-01-22,San Benito,069,59416,11571,10743,414,11157,88
2022-01-22,San Bernardino,071,2135413,539266,495209,22912,518121,6267
2022-01-22,San Diego,073,3302833,680105,628904,45761,674665,4559
2022-01-22,San Francisco,075,870044,110302,100238,7049,107287,702
2022-01-22,San Joaquin,077,732212,150676,138264,8907,147171,1960
2022-01-22,San Luis Obispo,079,281455,46202,42154,2985,45139,385
2022-01-22,San Mateo,081,765935,108645,91440,5533,96973,585
2022-01-22,Santa Barbara,083,443738,75493,69555,3824,73379,589
2022-01-22,Santa Clara,085,1922200,274062,249205,9725,258930,1993
2022-01-22,Santa Cruz,087,273765,38778,33741,1822,35563,237
2022-01-22,Shasta,089,179085,27403,25919,5052,30971,450
2022-01-22,Sierra,091,2930,263,248,36,284,0
2022-01-22,Siskiyou,093,43540,4003,3845,2148,5993,62
2022-01-22,Solano,095,438530,71086,63882,4571,68453,391
2022-01-22,Sonoma,097,501317,73145,66013,1965,67978,422
2022-01-22,Stanislaus,099,539301,106690,100092,14542,114634,1393
2022-01-22,Sutter,101,95872,18615,17616,1255,18871,199
2022-01-22,Tehama,103,63373,10829,10171,2260,12431,142
2022-01-22,Trinity,105,12862,1068,925,251,1176,19
2022-01-22,Tulare,107,460477,93842,85223,22934,108157,1211
2022-01-22,Tuolumne,109,53932,10890,9731,337,10068,91
2022-01-22,Ventura,111,848112,159571,148742,8652,157394,1250
2022-01-22,Yolo,113,214977,32809,30061,2338,32399,273
2022-01-22,Yuba,115,75493,14163,13288,829,14117,103
2022-01-21,Alameda,001,1643700,223582,203927,11046,214973,1575
2022-01-21,Alpine,003,1148,118,119,1,120,0
2022-01-21,Amador,005,37829,7445,6845,386,7231,73
2022-01-21,Butte,007,227075,29452,27232,5862,33094,350
2022-01-21,Calaveras,009,45235,6440,5835,202,6037,95
2022-01-21,Colusa,011,21464,3130,2954,928,3882,21
2022-01-21,Contra Costa,013,1133247,169677,154111,10238,164349,1091
2022-01-21,Del Norte,015,27424,4517,4269,107,4376,43
2022-01-21,El Dorado,017,186661,24441,22273,2767,25040,179
2022-01-21,Fresno,019,978130,202177,185292,19948,205240,2429
2022-01-21,Glenn,021,27897,4468,4174,1407,5581,39
2022-01-21,Humboldt,023,135768,14675,13628,2127,15755,125
2022-01-21,Imperial,025,180216,49505,45741,8146,53887,820
2022-01-21,Inyo,027,18085,3860,3706,249,3955,50
2022-01-21,Kern,029,883053,174720,162902,39131,202033,1946
2022-01-21,Kings,031,150075,44698,40580,2856,43436,396
2022-01-21,Lake,033,64148,8912,8056,620,8676,118
2022-01-21,Lassen,035,31185,7947,7545,730,8275,55
2022-01-21,Los Angeles,037,10098052,2498801,2286280,112098,2398378,28038
2022-01-21,Madera,039,155013,32281,29595,4151,33746,329
2022-01-21,Marin,041,260295,29853,27893,1829,29722,253
2022-01-21,Mariposa,043,17540,2104,1920,110,2030,6
2022-01-21,Mendocino,045,87422,11447,10395,1907,12302,103
2022-01-21,Merced,047,269075,56351,53025,5782,58807,727
2022-01-21,Modoc,049,8938,654,639,222,861,6
2022-01-21,Mono,051,14174,2829,2723,103,2826,4
2022-01-21,Monterey,053,433212,68961,59038,8997,68035,651
2022-01-21,Napa,055,140530,22270,20402,676,21078,111
2022-01-21,Nevada,057,99092,14200,12957,889,13846,112
2022-01-21,Orange,059,3164182,509185,480329,37249,517578,5946
2022-01-21,Placer,061,380077,56234,52557,6401,58958,512
2022-01-21,Plumas,063,18699,2587,2289,199,2488,12
2022-01-21,Riverside,065,2383286,546237,513567,25152,538719,5623
2022-01-21,Sacramento,067,1510023,250481,230206,20314,250520,2510
2022-01-21,San Benito,069,59416,11536,10743,411,11154,88
2022-01-21,San Bernardino,071,2135413,537193,495209,22837,518046,6267
2022-01-21,San Diego,073,3302833,675937,628904,45584,674488,4559
2022-01-21,San Francisco,075,870044,109542,100238,6961,107199,702
2022-01-21,San Joaquin,077,732212,150073,138264,8851,147115,1960
2022-01-21,San Luis Obispo,079,281455,46076,42154,2982,45136,385
2022-01-21,San Mateo,081,765935,107974,91440,5494,96934,585
2022-01-21,Santa Barbara,083,443738,74991,69555,3815,73370,589
2022-01-21,Santa Clara,085,1922200,272230,249205,9617,258822,1993
2022-01-21,Santa Cruz,087,273765,38060,33741,1809,35550,237
2022-01-21,Shasta,089,179085,27314,25919,5005,30924,450
2022-01-21,Sierra,091,2930,261,248,35,283,0
2022-01-21,Siskiyou,093,43540,3994,3845,2130,5975,62
2022-01-21,Solano,095,438530,70673,63882,4488,68370,391
2022-01-21,Sonoma,097,501317,72621,66013,1955,67968,422
2022-01-21,Stanislaus,099,539301,106185,100092,14467,114559,1393
2022-01-21,Sutter,101,95872,18529,17616,1241,18857,199
2022-01-21,Tehama,103,63373,10792,10171,2258,12429,142
2022-01-21,Trinity,105,12862,1062,925,250,1175,19
2022-01-21,Tulare,107,460477,93362,85223,22780,108003,1211
2022-01-21,Tuolumne,109,53932,10807,9731,330,10061,91
2022-01-21,Ventura,111,848112,158762,148742,8621,157363,1250
2022-01-21,Yolo,113,214977,32646,30061,2317,32378,273
2022-01-21,Yuba,115,75493,14091,13288,822,14110,103
2022-01-20,Alameda,001,1643700,220517,203927,10813,214740,1575
2022-01-20,Alpine,003,1148,118,119,1,120,0
2022-01-20,Amador,005,37829,7381,6845,368,7213,73
2022-01-20,Butte,007,227075,29186,27232,5782,33014,350
2022-01-20,Calaveras,009,45235,6335,5835,193,6028,95
2022-01-20,Colusa,011,21464,3104,2954,916,3870,21
2022-01-20,Contra Costa,013,1133247,167628,154111,9965,164076,1091
2022-01-20,Del Norte,015,27424,4477,4269,104,4373,43
2022-01-20,El Dorado,017,186661,24239,22273,2721,24994,179
2022-01-20,Fresno,019,978130,199546,185292,19563,204855,2429
2022-01-20,Glenn,021,27897,4434,4174,1398,5572,39
2022-01-20,Humboldt,023,135768,14548,13628,2077,15705,125
2022-01-20,Imperial,025,180216,48987,45741,7971,53712,820
2022-01-20,Inyo,027,18085,3848,3706,238,3944,50
2022-01-20,Kern,029,883053,173197,162902,38592,201494,1946
2022-01-20,Kings,031,150075,44143,40580,2816,43396,396
2022-01-20,Lake,033,64148,8816,8056,592,8648,118
2022-01-20,Lassen,035,31185,7894,7545,715,8260,55
2022-01-20,Los Angeles,037,10098052,2474069,2286280,111125,2397405,28038
2022-01-20,Madera,039,155013,31894,29595,4026,33621,329
2022-01-20,Marin,041,260295,29561,27893,1792,29685,253
2022-01-20,Mariposa,043,17540,2077,1920,107,2027,6
2022-01-20,Mendocino,045,87422,11349,10395,1829,12224,103
2022-01-20,Merced,047,269075,55914,53025,5554,58579,727
2022-01-20,Modoc,049,8938,652,639,222,861,6
2022-01-20,Mono,051,14174,2821,2723,102,2825,4
2022-01-20,Monterey,053,433212,68198,59038,8581,67619,651
2022-01-20,Napa,055,140530,22005,20402,637,21039,111
2022-01-20,Nevada,057,99092,14055,12957,867,13824,112
2022-01-20,Orange,059,3164182,505250,480329,36876,517205,5946
2022-01-20,Placer,061,380077,55750,52557,6341,58898,512
2022-01-20,Plumas,063,18699,2559,2289,195,2484,12
2022-01-20,Riverside,065,2383286,541668,513567,24921,538488,5623
2022-01-20,Sacramento,067,1510023,248201,230206,19682,249888,2510
2022-01-20,San Benito,069,59416,11425,10743,398,11141,88
2022-01-20,San Bernardino,071,2135413,532983,495209,22558,517767,6267
2022-01-20,San Diego,073,3302833,668846,628904,44880,673784,4559
2022-01-20,San Francisco,075,870044,108395,100238,6822,107060,702
2022-01-20,San Joaquin,077,732212,148421,138264,8724,146988,1960
2022-01-20,San Luis Obispo,079,281455,45565,42154,2948,45102,385
2022-01-20,San Mateo,081,765935,106749,91440,5290,96730,585
2022-01-20,Santa Barbara,083,443738,74093,69555,3703,73258,589
2022-01-20,Santa Clara,085,1922200,268881,249205,9289,258494,1993
2022-01-20,Santa Cruz,087,273765,37176,33741,1786,35527,237
2022-01-20,Shasta,089,179085,27123,25919,4938,30857,450
2022-01-20,Sierra,091,2930,261,248,33,281,0
2022-01-20,Siskiyou,093,43540,3983,3845,2097,5942,62
2022-01-20,Solano,095,438530,69722,63882,4399,68281,391
2022-01-20,Sonoma,097,501317,71594,66013,1904,67917,422
2022-01-20,Stanislaus,099,539301,105225,100092,14261,114353,1393
2022-01-20,Sutter,101,95872,18365,17616,1213,18829,199
2022-01-20,Tehama,103,63373,10719,10171,2240,12411,142
2022-01-20,Trinity,105,12862,1048,925,249,1174,19
2022-01-20,Tulare,107,460477,92312,85223,22497,107720,1211
2022-01-20,Tuolumne,109,53932,10665,9731,320,10051,91
2022-01-20,Ventura,111,848112,157377,148742,8544,157286,1250
2022-01-20,Yolo,113,214977,32359,30061,2283,32344,273
2022-01-20,Yuba,115,75493,13985,13288,789,14077,103
2022-01-19,Alameda,001,1643700,217144,199739,10494,210233,1571
2022-01-19,Alpine,003,1148,117,119,1,120,0
2022-01-19,Amador,005,37829,7300,6789,326,7115,73
2022-01-19,Butte,007,227075,28881,26839,5695,32534,351
2022-01-19,Calaveras,009,45235,6245,5765,184,5949,95
2022-01-19,Colusa,011,21464,3070,2938,908,3846,21
2022-01-19,Contra Costa,013,1133247,165199,151543,9719,161262,1091
2022-01-19,Del Norte,015,27424,4438,4240,103,4343,43
2022-01-19,El Dorado,017,186661,23987,21953,2681,24634,177
2022-01-19,Fresno,019,978130,196587,181526,19233,200759,2430
2022-01-19,Glenn,021,27897,4382,4127,1388,5515,39
2022-01-19,Humboldt,023,135768,14391,13391,2027,15418,125
2022-01-19,Imperial,025,180216,48252,45156,7774,52930,820
2022-01-19,Inyo,027,18085,3825,3680,199,3879,49
2022-01-19,Kern,029,883053,171431,160747,37914,198661,1946
2022-01-19,Kings,031,150075,43445,40027,2748,42775,395
2022-01-19,Lake,033,64148,8689,7972,579,8551,118
2022-01-19,Lassen,035,31185,7837,7507,693,8200,55
2022-01-19,Los Angeles,037,10098052,2445681,2251718,109709,2361427,27934
2022-01-19,Madera,039,155013,31514,29021,3856,32877,329
2022-01-19,Marin,041,260295,29264,27375,1751,29126,251
2022-01-19,Mariposa,043,17540,2052,1896,100,1996,6
2022-01-19,Mendocino,045,87422,11178,10252,1736,11988,103
2022-01-19,Merced,047,269075,55368,52355,5198,57553,724
2022-01-19,Modoc,049,8938,650,635,221,856,6
2022-01-19,Mono,051,14174,2799,2677,100,2777,4
2022-01-19,Monterey,053,433212,67290,58426,8124,66550,651
2022-01-19,Napa,055,140530,21752,20090,610,20700,110
2022-01-19,Nevada,057,99092,13898,12703,840,13543,112
2022-01-19,Orange,059,3164182,500763,468460,36505,504965,5943
2022-01-19,Placer,061,380077,55186,51545,6273,57818,511
2022-01-19,Plumas,063,18699,2519,2239,189,2428,12
2022-01-19,Riverside,065,2383286,536151,503575,24686,528261,5604
2022-01-19,Sacramento,067,1510023,245304,226035,18966,245001,2512
2022-01-19,San Benito,069,59416,11283,10639,386,11025,88
2022-01-19,San Bernardino,071,2135413,528217,487846,22179,510025,6265
2022-01-19,San Diego,073,3302833,660073,614709,44142,658851,4553
2022-01-19,San Francisco,075,870044,107024,98652,6746,105398,694
2022-01-19,San Joaquin,077,732212,146517,135953,8600,144553,1959
2022-01-19,San Luis Obispo,079,281455,44966,41374,2882,44256,382
2022-01-19,San Mateo,081,765935,105336,89715,5026,94741,585
2022-01-19,Santa Barbara,083,443738,73096,68531,3604,72135,586
2022-01-19,Santa Clara,085,1922200,265089,244922,8932,253854,1991
2022-01-19,Santa Cruz,087,273765,35874,33026,1762,34788,237
2022-01-19,Shasta,089,179085,26856,25355,4866,30221,450
2022-01-19,Sierra,091,2930,261,245,32,277,0
2022-01-19,Siskiyou,093,43540,3959,3821,2044,5865,62
2022-01-19,Solano,095,438530,68876,63003,4269,67272,392
2022-01-19,Sonoma,097,501317,70494,64689,1858,66547,420
2022-01-19,Stanislaus,099,539301,104175,98952,13969,112921,1381
2022-01-19,Sutter,101,95872,18196,17436,1125,18561,199
2022-01-19,Tehama,103,63373,10604,10064,2196,12260,142
2022-01-19,Trinity,105,12862,1036,916,248,1164,19
2022-01-19,Tulare,107,460477,91030,83743,22030,105773,1200
2022-01-19,Tuolumne,109,53932,10506,9613,295,9908,91
2022-01-19,Ventura,111,848112,155862,144738,8469,153207,1234
2022-01-19,Yolo,113,214977,31994,29392,2247,31639,273
2022-01-19,Yuba,115,75493,13823,13114,776,13890,104
2022-01-18,Alameda,001,1643700,213795,195728,10178,205906,1566
2022-01-18,Alpine,003,1148,117,118,1,119,0
2022-01-18,Amador,005,37829,7162,6691,290,6981,73
2022-01-18,Butte,007,227075,28489,26514,5613,32127,347
2022-01-18,Calaveras,009,45235,6156,5684,169,5853,94
2022-01-18,Colusa,011,21464,3026,2903,903,3806,21
2022-01-18,Contra Costa,013,1133247,163053,149446,9341,158787,1085
2022-01-18,Del Norte,015,27424,4368,4229,98,4327,43
2022-01-18,El Dorado,017,186661,23619,21707,2637,24344,175
2022-01-18,Fresno,019,978130,193043,178922,18777,197699,2425
2022-01-18,Glenn,021,27897,4348,4070,1376,5446,39
2022-01-18,Humboldt,023,135768,14227,13218,1955,15173,125
2022-01-18,Imperial,025,180216,47556,44742,7593,52335,819
2022-01-18,Inyo,027,18085,3784,3654,189,3843,49
2022-01-18,Kern,029,883053,169409,158864,37161,196025,1943
2022-01-18,Kings,031,150075,42571,39440,2670,42110,392
2022-01-18,Lake,033,64148,8576,7919,560,8479,117
2022-01-18,Lassen,035,31185,7754,7461,654,8115,55
2022-01-18,Los Angeles,037,10098052,2412246,2227360,108231,2335591,27871
2022-01-18,Madera,039,155013,30992,28717,3667,32384,329
2022-01-18,Marin,041,260295,28959,27036,1710,28746,251
2022-01-18,Mariposa,043,17540,2027,1872,96,1968,6
2022-01-18,Mendocino,045,87422,11009,10114,1651,11765,103
2022-01-18,Merced,047,269075,54756,51746,4910,56656,718
2022-01-18,Modoc,049,8938,648,633,216,849,6
2022-01-18,Mono,051,14174,2778,2643,99,2742,4
2022-01-18,Monterey,053,433212,66514,57846,7645,65491,650
2022-01-18,Napa,055,140530,21420,19911,595,20506,109
2022-01-18,Nevada,057,99092,13714,12584,798,13382,111
2022-01-18,Orange,059,3164182,495430,461324,35999,497323,5938
2022-01-18,Placer,061,380077,54541,50983,6200,57183,508
2022-01-18,Plumas,063,18699,2481,2218,183,2401,12
2022-01-18,Riverside,065,2383286,530174,497278,24379,521657,5599
2022-01-18,Sacramento,067,1510023,242217,223745,17984,241729,2496
2022-01-18,San Benito,069,59416,11142,10520,372,10892,88
2022-01-18,San Bernardino,071,2135413,522765,483753,21750,505503,6258
2022-01-18,San Diego,073,3302833,649876,605137,43096,648233,4547
2022-01-18,San Francisco,075,870044,105559,96505,6630,103135,694
2022-01-18,San Joaquin,077,732212,144550,134365,8384,142749,1957
2022-01-18,San Luis Obispo,079,281455,44285,40848,2796,43644,381
2022-01-18,San Mateo,081,765935,103822,88225,4829,93054,585
2022-01-18,Santa Barbara,083,443738,71878,67216,3431,70647,581
2022-01-18,Santa Clara,085,1922200,260904,240281,8538,248819,1986
2022-01-18,Santa Cruz,087,273765,35224,32203,1727,33930,237
2022-01-18,Shasta,089,179085,26574,25162,4772,29934,448
2022-01-18,Sierra,091,2930,257,244,32,276,0
2022-01-18,Siskiyou,093,43540,3926,3799,1991,5790,62
2022-01-18,Solano,095,438530,68025,62204,4158,66362,391
2022-01-18,Sonoma,097,501317,69106,63714,1803,65517,419
2022-01-18,Stanislaus,099,539301,102955,98000,13592,111592,1379
2022-01-18,Sutter,101,95872,18005,17295,1054,18349,198
2022-01-18,Tehama,103,63373,10508,9975,2144,12119,142
2022-01-18,Trinity,105,12862,1023,907,247,1154,19
2022-01-18,Tulare,107,460477,89564,82667,21627,104294,1196
2022-01-18,Tuolumne,109,53932,10338,9528,284,9812,91
2022-01-18,Ventura,111,848112,154151,143384,8383,151767,1233
2022-01-18,Yolo,113,214977,31597,28786,2197,30983,270
2022-01-18,Yuba,115,75493,13663,12971,751,13722,101
2022-01-17,Alameda,001,1643700,209115,193276,9593,202869,1565
2022-01-17,Alpine,003,1148,116,118,0,118,0
2022-01-17,Amador,005,37829,7048,6640,232,6872,73
2022-01-17,Butte,007,227075,28095,26303,5502,31805,348
2022-01-17,Calaveras,009,45235,6025,5584,141,5725,94
2022-01-17,Colusa,011,21464,3002,2905,896,3801,21
2022-01-17,Contra Costa,013,1133247,160120,147993,8841,156834,1086
2022-01-17,Del Norte,015,27424,4316,4209,91,4300,43
2022-01-17,El Dorado,017,186661,23373,21540,2555,24095,175
2022-01-17,Fresno,019,978130,189237,176959,18248,195207,2426
2022-01-17,Glenn,021,27897,4295,4055,1363,5418,39
2022-01-17,Humboldt,023,135768,14021,13120,1789,14909,125
2022-01-17,Imperial,025,180216,46871,44412,7430,51842,821
2022-01-17,Inyo,027,18085,3762,3650,163,3813,49
2022-01-17,Kern,029,883053,166871,157645,36285,193930,1944
2022-01-17,Kings,031,150075,41437,39143,2548,41691,392
2022-01-17,Lake,033,64148,8427,7864,520,8384,117
2022-01-17,Lassen,035,31185,7661,7417,617,8034,55
2022-01-17,Los Angeles,037,10098052,2373028,2205740,106266,2312006,27832
2022-01-17,Madera,039,155013,30340,28568,3487,32055,329
2022-01-17,Marin,041,260295,28553,26633,1654,28287,251
2022-01-17,Mariposa,043,17540,2001,1862,89,1951,6
2022-01-17,Mendocino,045,87422,10786,10030,1511,11541,103
2022-01-17,Merced,047,269075,54076,51227,4347,55574,718
2022-01-17,Modoc,049,8938,644,630,216,846,6
2022-01-17,Mono,051,14174,2755,2642,98,2740,4
2022-01-17,Monterey,053,433212,65394,57318,7225,64543,647
2022-01-17,Napa,055,140530,21075,19647,573,20220,109
2022-01-17,Nevada,057,99092,13528,12414,761,13175,111
2022-01-17,Orange,059,3164182,489475,457418,35523,492941,5933
2022-01-17,Placer,061,380077,53809,50511,6056,56567,508
2022-01-17,Plumas,063,18699,2435,2205,151,2356,12
2022-01-17,Riverside,065,2383286,523357,491322,23926,515248,5600
2022-01-17,Sacramento,067,1510023,238137,221143,16640,237783,2497
2022-01-17,San Benito,069,59416,10974,10432,344,10776,88
2022-01-17,San Bernardino,071,2135413,516293,480243,21208,501451,6259
2022-01-17,San Diego,073,3302833,637666,569241,41886,611127,4545
2022-01-17,San Francisco,075,870044,103929,95292,6437,101729,694
2022-01-17,San Joaquin,077,732212,141697,133414,8194,141608,1958
2022-01-17,San Luis Obispo,079,281455,43456,40425,2695,43120,379
2022-01-17,San Mateo,081,765935,101850,87013,4576,91589,585
2022-01-17,Santa Barbara,083,443738,70556,66704,3231,69935,581
2022-01-17,Santa Clara,085,1922200,256318,237934,8105,246039,1985
2022-01-17,Santa Cruz,087,273765,34452,31714,1690,33404,237
2022-01-17,Shasta,089,179085,26295,25025,4651,29676,448
2022-01-17,Sierra,091,2930,256,242,32,274,0
2022-01-17,Siskiyou,093,43540,3887,3764,1911,5675,62
2022-01-17,Solano,095,438530,66984,61497,3899,65396,391
2022-01-17,Sonoma,097,501317,67602,62763,1737,64500,419
2022-01-17,Stanislaus,099,539301,101640,96951,13101,110052,1379
2022-01-17,Sutter,101,95872,17795,17159,918,18077,198
2022-01-17,Tehama,103,63373,10384,9912,2087,11999,142
2022-01-17,Trinity,105,12862,1010,906,243,1149,19
2022-01-17,Tulare,107,460477,87814,81741,21085,102826,1199
2022-01-17,Tuolumne,109,53932,10199,9416,252,9668,91
2022-01-17,Ventura,111,848112,152035,142070,8265,150335,1234
2022-01-17,Yolo,113,214977,31067,28638,2132,30770,270
2022-01-17,Yuba,115,75493,13466,12871,695,13566,101
2022-01-16,Alameda,001,1643700,206065,190691,9343,200034,1564
2022-01-16,Alpine,003,1148,116,118,0,118,0
2022-01-16,Amador,005,37829,6975,6618,224,6842,73
2022-01-16,Butte,007,227075,27747,26139,5449,31588,348
2022-01-16,Calaveras,009,45235,5924,5537,137,5674,94
2022-01-16,Colusa,011,21464,2985,2886,884,3770,21
2022-01-16,Contra Costa,013,1133247,158105,146307,8627,154934,1086
2022-01-16,Del Norte,015,27424,4274,4177,89,4266,43
2022-01-16,El Dorado,017,186661,23099,21303,2518,23821,175
2022-01-16,Fresno,019,978130,186437,174818,17841,192659,2425
2022-01-16,Glenn,021,27897,4238,4049,1341,5390,39
2022-01-16,Humboldt,023,135768,13874,13075,1770,14845,125
2022-01-16,Imperial,025,180216,46300,44035,7266,51301,821
2022-01-16,Inyo,027,18085,3725,3602,141,3743,49
2022-01-16,Kern,029,883053,165599,156655,35500,192155,1944
2022-01-16,Kings,031,150075,41063,38861,2527,41388,392
2022-01-16,Lake,033,64148,8323,7823,486,8309,117
2022-01-16,Lassen,035,31185,7616,7391,604,7995,55
2022-01-16,Los Angeles,037,10098052,2349834,2174403,104755,2279158,27805
2022-01-16,Madera,039,155013,29970,28313,3437,31750,329
2022-01-16,Marin,041,260295,28259,26292,1639,27931,251
2022-01-16,Mariposa,043,17540,1974,1851,84,1935,6
2022-01-16,Mendocino,045,87422,10639,9992,1395,11387,102
2022-01-16,Merced,047,269075,53464,50882,4321,55203,718
2022-01-16,Modoc,049,8938,641,629,216,845,6
2022-01-16,Mono,051,14174,2751,2614,96,2710,4
2022-01-16,Monterey,053,433212,64628,57012,7081,64093,647
2022-01-16,Napa,055,140530,20809,19521,562,20083,109
2022-01-16,Nevada,057,99092,13315,12307,743,13050,111
2022-01-16,Orange,059,3164182,484089,451962,34975,486937,5932
2022-01-16,Placer,061,380077,53102,50076,5946,56022,508
2022-01-16,Plumas,063,18699,2400,2204,142,2346,12
2022-01-16,Riverside,065,2383286,517844,485191,23706,508897,5600
2022-01-16,Sacramento,067,1510023,235172,218819,15924,234743,2491
2022-01-16,San Benito,069,59416,10815,10377,342,10719,88
2022-01-16,San Bernardino,071,2135413,512259,474425,20953,495378,6259
2022-01-16,San Diego,073,3302833,630076,569241,41446,610687,4545
2022-01-16,San Francisco,075,870044,102407,94139,6299,100438,694
2022-01-16,San Joaquin,077,732212,139895,132214,8051,140265,1958
2022-01-16,San Luis Obispo,079,281455,42799,40113,2656,42769,379
2022-01-16,San Mateo,081,765935,100321,85966,4483,90449,585
2022-01-16,Santa Barbara,083,443738,69528,66111,3190,69301,582
2022-01-16,Santa Clara,085,1922200,252534,234293,7947,242240,1984
2022-01-16,Santa Cruz,087,273765,33823,31469,1668,33137,237
2022-01-16,Shasta,089,179085,26039,24980,4583,29563,449
2022-01-16,Sierra,091,2930,252,238,31,269,0
2022-01-16,Siskiyou,093,43540,3859,3748,1872,5620,62
2022-01-16,Solano,095,438530,66308,60885,3768,64653,391
2022-01-16,Sonoma,097,501317,66524,61842,1720,63562,419
2022-01-16,Stanislaus,099,539301,100578,96370,12935,109305,1379
2022-01-16,Sutter,101,95872,17595,16996,896,17892,198
2022-01-16,Tehama,103,63373,10299,9868,2066,11934,142
2022-01-16,Trinity,105,12862,1005,889,241,1130,19
2022-01-16,Tulare,107,460477,86507,80867,20832,101699,1199
2022-01-16,Tuolumne,109,53932,10094,9369,244,9613,91
2022-01-16,Ventura,111,848112,150458,140715,8187,148902,1234
2022-01-16,Yolo,113,214977,30674,28481,2079,30560,270
2022-01-16,Yuba,115,75493,13288,12760,689,13449,101
2022-01-15,Alameda,001,1643700,204721,177768,9289,187057,1561
2022-01-15,Alpine,003,1148,116,117,0,117,0
2022-01-15,Amador,005,37829,6943,6434,210,6644,72
2022-01-15,Butte,007,227075,27591,25032,5398,30430,348
2022-01-15,Calaveras,009,45235,5892,5258,137,5395,93
2022-01-15,Colusa,011,21464,2971,2796,877,3673,21
2022-01-15,Contra Costa,013,1133247,156839,137643,8579,146222,1082
2022-01-15,Del Norte,015,27424,4259,4065,87,4152,43
2022-01-15,El Dorado,017,186661,22994,20434,2502,22936,175
2022-01-15,Fresno,019,978130,185464,167361,17743,185104,2415
2022-01-15,Glenn,021,27897,4231,3906,1332,5238,39
2022-01-15,Humboldt,023,135768,13771,12419,1754,14173,123
2022-01-15,Imperial,025,180216,46162,42508,7158,49666,817
2022-01-15,Inyo,027,18085,3715,3395,141,3536,49
2022-01-15,Kern,029,883053,164756,150085,35110,185195,1938
2022-01-15,Kings,031,150075,40814,37221,2515,39736,391
2022-01-15,Lake,033,64148,8284,7641,473,8114,117
2022-01-15,Lassen,035,31185,7576,7274,598,7872,55
2022-01-15,Los Angeles,037,10098052,2338296,2047927,103807,2151734,27641
2022-01-15,Madera,039,155013,29824,27294,3413,30707,329
2022-01-15,Marin,041,260295,28072,25248,1632,26880,251
2022-01-15,Mariposa,043,17540,1967,1762,84,1846,6
2022-01-15,Mendocino,045,87422,10566,9534,1389,10923,102
2022-01-15,Merced,047,269075,53292,48904,4309,53213,715
2022-01-15,Modoc,049,8938,639,628,216,844,6
2022-01-15,Mono,051,14174,2746,2508,95,2603,4
2022-01-15,Monterey,053,433212,64114,55315,7017,62332,647
2022-01-15,Napa,055,140530,20688,17648,558,18206,109
2022-01-15,Nevada,057,99092,13255,11773,730,12503,111
2022-01-15,Orange,059,3164182,481489,433141,34702,467843,5914
2022-01-15,Placer,061,380077,52812,47780,5910,53690,501
2022-01-15,Plumas,063,18699,2379,2158,136,2294,12
2022-01-15,Riverside,065,2383286,515163,466381,23571,489952,5578
2022-01-15,Sacramento,067,1510023,234011,208156,15824,223980,2491
2022-01-15,San Benito,069,59416,10715,9868,337,10205,87
2022-01-15,San Bernardino,071,2135413,509884,454395,20805,475200,6233
2022-01-15,San Diego,073,3302833,626290,559385,41190,600575,4540
2022-01-15,San Francisco,075,870044,101412,88004,6164,94168,692
2022-01-15,San Joaquin,077,732212,139322,125136,7954,133090,1954
2022-01-15,San Luis Obispo,079,281455,42610,38231,2643,40874,374
2022-01-15,San Mateo,081,765935,99363,80494,4442,84936,582
2022-01-15,Santa Barbara,083,443738,68932,62312,3179,65491,579
2022-01-15,Santa Clara,085,1922200,250289,218986,7829,226815,1974
2022-01-15,Santa Cruz,087,273765,33469,29414,1660,31074,235
2022-01-15,Shasta,089,179085,25947,24482,4551,29033,445
2022-01-15,Sierra,091,2930,251,232,30,262,0
2022-01-15,Siskiyou,093,43540,3847,3661,1862,5523,62
2022-01-15,Solano,095,438530,66028,58061,3719,61780,389
2022-01-15,Sonoma,097,501317,65938,58181,1714,59895,418
2022-01-15,Stanislaus,099,539301,99997,92986,12832,105818,1379
2022-01-15,Sutter,101,95872,17506,16345,886,17231,197
2022-01-15,Tehama,103,63373,10251,9572,2047,11619,141
2022-01-15,Trinity,105,12862,1002,872,241,1113,19
2022-01-15,Tulare,107,460477,86059,77769,20723,98492,1192
2022-01-15,Tuolumne,109,53932,9993,9042,239,9281,91
2022-01-15,Ventura,111,848112,149683,134736,8149,142885,1227
2022-01-15,Yolo,113,214977,30495,27311,2059,29370,270
2022-01-15,Yuba,115,75493,13224,12200,685,12885,101
2022-01-14,Alameda,001,1643700,202687,177768,9241,187009,1561
2022-01-14,Alpine,003,1148,116,117,0,117,0
2022-01-14,Amador,005,37829,6867,6434,201,6635,72
2022-01-14,Butte,007,227075,27410,25032,5367,30399,348
2022-01-14,Calaveras,009,45235,5855,5258,136,5394,93
2022-01-14,Colusa,011,21464,2962,2796,867,3663,21
2022-01-14,Contra Costa,013,1133247,155314,137643,8473,146116,1082
2022-01-14,Del Norte,015,27424,4234,4065,86,4151,43
2022-01-14,El Dorado,017,186661,22841,20434,2484,22918,175
2022-01-14,Fresno,019,978130,183745,167361,17645,185006,2415
2022-01-14,Glenn,021,27897,4208,3906,1324,5230,39
2022-01-14,Humboldt,023,135768,13665,12419,1722,14141,123
2022-01-14,Imperial,025,180216,45991,42508,7138,49646,817
2022-01-14,Inyo,027,18085,3690,3395,137,3532,49
2022-01-14,Kern,029,883053,163756,150085,34676,184761,1938
2022-01-14,Kings,031,150075,40562,37221,2507,39728,391
2022-01-14,Lake,033,64148,8227,7641,461,8102,117
2022-01-14,Lassen,035,31185,7542,7274,586,7860,55
2022-01-14,Los Angeles,037,10098052,2318978,2047927,102771,2150698,27641
2022-01-14,Madera,039,155013,29589,27294,3385,30679,329
2022-01-14,Marin,041,260295,27813,25248,1597,26845,251
2022-01-14,Mariposa,043,17540,1952,1762,84,1846,6
2022-01-14,Mendocino,045,87422,10454,9534,1376,10910,102
2022-01-14,Merced,047,269075,53105,48904,4294,53198,715
2022-01-14,Modoc,049,8938,638,628,216,844,6
2022-01-14,Mono,051,14174,2725,2508,93,2601,4
2022-01-14,Monterey,053,433212,63416,55315,6924,62239,647
2022-01-14,Napa,055,140530,20518,17648,553,18201,109
2022-01-14,Nevada,057,99092,13133,11773,717,12490,111
2022-01-14,Orange,059,3164182,477756,433141,34383,467524,5914
2022-01-14,Placer,061,380077,52376,47780,5824,53604,501
2022-01-14,Plumas,063,18699,2371,2158,129,2287,12
2022-01-14,Riverside,065,2383286,511643,466381,23427,489808,5578
2022-01-14,Sacramento,067,1510023,232059,208156,15672,223828,2491
2022-01-14,San Benito,069,59416,10663,9868,336,10204,87
2022-01-14,San Bernardino,071,2135413,506675,454395,20618,475013,6233
2022-01-14,San Diego,073,3302833,620641,559385,40881,600266,4540
2022-01-14,San Francisco,075,870044,100239,88004,5989,93993,692
2022-01-14,San Joaquin,077,732212,138466,125136,7874,133010,1954
2022-01-14,San Luis Obispo,079,281455,42443,38231,2622,40853,374
2022-01-14,San Mateo,081,765935,98133,80494,4413,84907,582
2022-01-14,Santa Barbara,083,443738,68413,62312,3169,65481,579
2022-01-14,Santa Clara,085,1922200,247625,218986,7724,226710,1974
2022-01-14,Santa Cruz,087,273765,33091,29414,1651,31065,235
2022-01-14,Shasta,089,179085,25826,24482,4518,29000,445
2022-01-14,Sierra,091,2930,249,232,28,260,0
2022-01-14,Siskiyou,093,43540,3836,3661,1849,5510,62
2022-01-14,Solano,095,438530,65182,58061,3631,61692,389
2022-01-14,Sonoma,097,501317,65397,58181,1688,59869,418
2022-01-14,Stanislaus,099,539301,99391,92986,12724,105710,1379
2022-01-14,Sutter,101,95872,17380,16345,878,17223,197
2022-01-14,Tehama,103,63373,10198,9572,2035,11607,141
2022-01-14,Trinity,105,12862,997,872,239,1111,19
2022-01-14,Tulare,107,460477,85535,77769,20562,98331,1192
2022-01-14,Tuolumne,109,53932,9870,9042,235,9277,91
2022-01-14,Ventura,111,848112,148580,134736,8090,142826,1227
2022-01-14,Yolo,113,214977,30254,27311,2031,29342,270
2022-01-14,Yuba,115,75493,13121,12200,680,12880,101
2022-01-13,Alameda,001,1643700,198421,177768,8898,186666,1561
2022-01-13,Alpine,003,1148,115,117,0,117,0
2022-01-13,Amador,005,37829,6807,6434,180,6614,72
2022-01-13,Butte,007,227075,27103,25032,5254,30286,348
2022-01-13,Calaveras,009,45235,5765,5258,133,5391,93
2022-01-13,Colusa,011,21464,2934,2796,857,3653,21
2022-01-13,Contra Costa,013,1133247,152647,137643,8007,145650,1082
2022-01-13,Del Norte,015,27424,4198,4065,85,4150,43
2022-01-13,El Dorado,017,186661,22595,20434,2438,22872,175
2022-01-13,Fresno,019,978130,180802,167361,17243,184604,2415
2022-01-13,Glenn,021,27897,4161,3906,1298,5204,39
2022-01-13,Humboldt,023,135768,13513,12419,1660,14079,123
2022-01-13,Imperial,025,180216,45450,42508,6927,49435,817
2022-01-13,Inyo,027,18085,3634,3395,120,3515,49
2022-01-13,Kern,029,883053,162171,150085,34087,184172,1938
2022-01-13,Kings,031,150075,40081,37221,2463,39684,391
2022-01-13,Lake,033,64148,8127,7641,440,8081,117
2022-01-13,Lassen,035,31185,7508,7274,570,7844,55
2022-01-13,Los Angeles,037,10098052,2282497,2047927,100985,2148912,27641
2022-01-13,Madera,039,155013,29124,27294,3292,30586,329
2022-01-13,Marin,041,260295,27469,25248,1554,26802,251
2022-01-13,Mariposa,043,17540,1929,1762,81,1843,6
2022-01-13,Mendocino,045,87422,10363,9534,1308,10842,102
2022-01-13,Merced,047,269075,52438,48904,4027,52931,715
2022-01-13,Modoc,049,8938,635,628,216,844,6
2022-01-13,Mono,051,14174,2702,2508,90,2598,4
2022-01-13,Monterey,053,433212,62479,55315,6638,61953,647
2022-01-13,Napa,055,140530,20220,17648,543,18191,109
2022-01-13,Nevada,057,99092,12941,11773,687,12460,111
2022-01-13,Orange,059,3164182,471315,433141,33923,467064,5914
2022-01-13,Placer,061,380077,51747,47780,5709,53489,501
2022-01-13,Plumas,063,18699,2351,2158,119,2277,12
2022-01-13,Riverside,065,2383286,505339,466381,23100,489481,5578
2022-01-13,Sacramento,067,1510023,228964,208156,14886,223042,2491
2022-01-13,San Benito,069,59416,10558,9868,328,10196,87
2022-01-13,San Bernardino,071,2135413,500763,454395,20152,474547,6233
2022-01-13,San Diego,073,3302833,612127,559385,40006,599391,4540
2022-01-13,San Francisco,075,870044,98500,88004,5794,93798,692
2022-01-13,San Joaquin,077,732212,136381,125136,7721,132857,1954
2022-01-13,San Luis Obispo,079,281455,41840,38231,2517,40748,374
2022-01-13,San Mateo,081,765935,96350,80494,4177,84671,582
2022-01-13,Santa Barbara,083,443738,67415,62312,2993,65305,579
2022-01-13,Santa Clara,085,1922200,243204,218986,7396,226382,1974
2022-01-13,Santa Cruz,087,273765,32276,29414,1629,31043,235
2022-01-13,Shasta,089,179085,25616,24482,4446,28928,445
2022-01-13,Sierra,091,2930,248,232,28,260,0
2022-01-13,Siskiyou,093,43540,3814,3661,1809,5470,62
2022-01-13,Solano,095,438530,64049,58061,3520,61581,389
2022-01-13,Sonoma,097,501317,64332,58181,1632,59813,418
2022-01-13,Stanislaus,099,539301,98272,92986,12430,105416,1379
2022-01-13,Sutter,101,95872,17185,16345,814,17159,197
2022-01-13,Tehama,103,63373,10100,9572,1987,11559,141
2022-01-13,Trinity,105,12862,989,872,239,1111,19
2022-01-13,Tulare,107,460477,84255,77769,20274,98043,1192
2022-01-13,Tuolumne,109,53932,9728,9042,217,9259,91
2022-01-13,Ventura,111,848112,146798,134736,7996,142732,1227
2022-01-13,Yolo,113,214977,29838,27311,1987,29298,270
2022-01-13,Yuba,115,75493,12986,12200,651,12851,101
2022-01-12,Alameda,001,1643700,193846,173001,8442,181443,1563
2022-01-12,Alpine,003,1148,115,117,0,117,0
2022-01-12,Amador,005,37829,6759,6354,166,6520,71
2022-01-12,Butte,007,227075,26771,24631,5163,29794,348
2022-01-12,Calaveras,009,45235,5688,5151,127,5278,93
2022-01-12,Colusa,011,21464,2896,2772,844,3616,21
2022-01-12,Contra Costa,013,1133247,149951,134579,7628,142207,1077
2022-01-12,Del Norte,015,27424,4172,4019,83,4102,43
2022-01-12,El Dorado,017,186661,22278,20092,2399,22491,175
2022-01-12,Fresno,019,978130,177942,165316,16811,182127,2413
2022-01-12,Glenn,021,27897,4109,3859,1276,5135,39
2022-01-12,Humboldt,023,135768,13341,12081,1578,13659,122
2022-01-12,Imperial,025,180216,44795,41985,6629,48614,814
2022-01-12,Inyo,027,18085,3588,3334,104,3438,49
2022-01-12,Kern,029,883053,160033,148435,33365,181800,1933
2022-01-12,Kings,031,150075,39451,36780,2421,39201,391
2022-01-12,Lake,033,64148,8011,7535,396,7931,117
2022-01-12,Lassen,035,31185,7466,7223,543,7766,55
2022-01-12,Los Angeles,037,10098052,2242760,2005065,98754,2103819,27601
2022-01-12,Madera,039,155013,28809,26952,3193,30145,329
2022-01-12,Marin,041,260295,26980,24704,1503,26207,251
2022-01-12,Mariposa,043,17540,1900,1725,79,1804,6
2022-01-12,Mendocino,045,87422,10199,9379,1210,10589,103
2022-01-12,Merced,047,269075,51728,48441,3751,52192,710
2022-01-12,Modoc,049,8938,633,627,216,843,6
2022-01-12,Mono,051,14174,2666,2466,86,2552,4
2022-01-12,Monterey,053,433212,61492,54524,6277,60801,647
2022-01-12,Napa,055,140530,19962,17347,520,17867,109
2022-01-12,Nevada,057,99092,12727,11552,641,12193,111
2022-01-12,Orange,059,3164182,464547,425737,33330,459067,5912
2022-01-12,Placer,061,380077,51086,47004,5594,52598,501
2022-01-12,Plumas,063,18699,2311,2135,108,2243,12
2022-01-12,Riverside,065,2383286,498103,458881,22760,481641,5565
2022-01-12,Sacramento,067,1510023,225385,204696,14009,218705,2479
2022-01-12,San Benito,069,59416,10421,9737,316,10053,87
2022-01-12,San Bernardino,071,2135413,494249,447869,19528,467397,6222
2022-01-12,San Diego,073,3302833,601628,551669,39142,590811,4529
2022-01-12,San Francisco,075,870044,96661,85700,5681,91381,691
2022-01-12,San Joaquin,077,732212,134070,122850,7593,130443,1948
2022-01-12,San Luis Obispo,079,281455,41114,37727,2434,40161,373
2022-01-12,San Mateo,081,765935,94317,78476,3803,82279,582
2022-01-12,Santa Barbara,083,443738,66272,60815,2891,63706,578
2022-01-12,Santa Clara,085,1922200,238453,213177,7018,220195,1971
2022-01-12,Santa Cruz,087,273765,31621,28463,1581,30044,235
2022-01-12,Shasta,089,179085,25403,24324,4381,28705,446
2022-01-12,Sierra,091,2930,247,228,28,256,0
2022-01-12,Siskiyou,093,43540,3786,3639,1762,5401,62
2022-01-12,Solano,095,438530,62997,57052,3400,60452,386
2022-01-12,Sonoma,097,501317,63047,56394,1549,57943,417
2022-01-12,Stanislaus,099,539301,97032,91738,12086,103824,1373
2022-01-12,Sutter,101,95872,16991,16135,781,16916,197
2022-01-12,Tehama,103,63373,10011,9475,1926,11401,141
2022-01-12,Trinity,105,12862,985,868,238,1106,19
2022-01-12,Tulare,107,460477,83142,76943,19896,96839,1192
2022-01-12,Tuolumne,109,53932,9599,8870,200,9070,91
2022-01-12,Ventura,111,848112,144893,132180,7910,140090,1220
2022-01-12,Yolo,113,214977,29426,26888,1915,28803,270
2022-01-12,Yuba,115,75493,12825,12015,624,12639,101
2022-01-11,Alameda,001,1643700,189404,169181,8047,177228,1561
2022-01-11,Alpine,003,1148,115,116,0,116,0
2022-01-11,Amador,005,37829,6675,6317,151,6468,71
2022-01-11,Butte,007,227075,26375,24479,5069,29548,347
2022-01-11,Calaveras,009,45235,5559,5083,113,5196,93
2022-01-11,Colusa,011,21464,2871,2766,831,3597,21
2022-01-11,Contra Costa,013,1133247,146803,132410,7134,139544,1077
2022-01-11,Del Norte,015,27424,4139,4006,81,4087,43
2022-01-11,El Dorado,017,186661,21947,19842,2329,22171,174
2022-01-11,Fresno,019,978130,174759,163509,16411,179920,2404
2022-01-11,Glenn,021,27897,4047,3844,1232,5076,39
2022-01-11,Humboldt,023,135768,13122,11960,1485,13445,122
2022-01-11,Imperial,025,180216,44189,41444,6430,47874,813
2022-01-11,Inyo,027,18085,3490,3278,97,3375,49
2022-01-11,Kern,029,883053,157752,146942,32543,179485,1929
2022-01-11,Kings,031,150075,38863,36524,2390,38914,389
2022-01-11,Lake,033,64148,7933,7494,380,7874,117
2022-01-11,Lassen,035,31185,7416,7210,529,7739,55
2022-01-11,Los Angeles,037,10098052,2200286,1966319,96503,2062822,27563
2022-01-11,Madera,039,155013,28394,26688,3114,29802,329
2022-01-11,Marin,041,260295,26623,24387,1458,25845,251
2022-01-11,Mariposa,043,17540,1878,1718,75,1793,6
2022-01-11,Mendocino,045,87422,10038,9301,1112,10413,102
2022-01-11,Merced,047,269075,50943,48068,3568,51636,708
2022-01-11,Modoc,049,8938,632,626,215,841,6
2022-01-11,Mono,051,14174,2623,2425,85,2510,4
2022-01-11,Monterey,053,433212,60449,53911,5929,59840,646
2022-01-11,Napa,055,140530,19525,17020,473,17493,109
2022-01-11,Nevada,057,99092,12501,11467,606,12073,110
2022-01-11,Orange,059,3164182,456876,417703,32695,450398,5909
2022-01-11,Placer,061,380077,50330,46459,5450,51909,500
2022-01-11,Plumas,063,18699,2276,2099,100,2199,12
2022-01-11,Riverside,065,2383286,490371,453766,22446,476212,5551
2022-01-11,Sacramento,067,1510023,221204,201058,12983,214041,2489
2022-01-11,San Benito,069,59416,10241,9624,300,9924,83
2022-01-11,San Bernardino,071,2135413,486263,442960,18918,461878,6198
2022-01-11,San Diego,073,3302833,589627,536954,38024,574978,4520
2022-01-11,San Francisco,075,870044,94464,83678,5524,89202,691
2022-01-11,San Joaquin,077,732212,131671,121139,7422,128561,1944
2022-01-11,San Luis Obispo,079,281455,40339,37183,2315,39498,372
2022-01-11,San Mateo,081,765935,92025,76756,3581,80337,582
2022-01-11,Santa Barbara,083,443738,64967,59758,2754,62512,578
2022-01-11,Santa Clara,085,1922200,232834,208425,6565,214990,1971
2022-01-11,Santa Cruz,087,273765,31111,27709,1531,29240,232
2022-01-11,Shasta,089,179085,25145,24132,4288,28420,446
2022-01-11,Sierra,091,2930,245,228,28,256,0
2022-01-11,Siskiyou,093,43540,3762,3621,1712,5333,62
2022-01-11,Solano,095,438530,61593,56349,3246,59595,388
2022-01-11,Sonoma,097,501317,61529,55411,1469,56880,416
2022-01-11,Stanislaus,099,539301,95661,90998,11713,102711,1372
2022-01-11,Sutter,101,95872,16793,15993,727,16720,197
2022-01-11,Tehama,103,63373,9884,9406,1878,11284,140
2022-01-11,Trinity,105,12862,973,858,236,1094,19
2022-01-11,Tulare,107,460477,81843,76267,19497,95764,1188
2022-01-11,Tuolumne,109,53932,9439,8811,193,9004,91
2022-01-11,Ventura,111,848112,142663,129548,7764,137312,1220
2022-01-11,Yolo,113,214977,28856,26482,1854,28336,270
2022-01-11,Yuba,115,75493,12650,11912,603,12515,101
2022-01-10,Alameda,001,1643700,184350,165657,7525,173182,1559
2022-01-10,Alpine,003,1148,115,116,0,116,0
2022-01-10,Amador,005,37829,6572,6279,136,6415,71
2022-01-10,Butte,007,227075,26033,24217,4973,29190,347
2022-01-10,Calaveras,009,45235,5461,5025,107,5132,93
2022-01-10,Colusa,011,21464,2841,2758,822,3580,21
2022-01-10,Contra Costa,013,1133247,143908,129951,6612,136563,1077
2022-01-10,Del Norte,015,27424,4116,3970,81,4051,43
2022-01-10,El Dorado,017,186661,21410,19606,2274,21880,172
2022-01-10,Fresno,019,978130,171590,161593,15969,177562,2404
2022-01-10,Glenn,021,27897,3988,3807,1218,5025,39
2022-01-10,Humboldt,023,135768,12880,11778,1352,13130,121
2022-01-10,Imperial,025,180216,43462,41080,6213,47293,811
2022-01-10,Inyo,027,18085,3435,3227,85,3312,49
2022-01-10,Kern,029,883053,155182,145744,31800,177544,1929
2022-01-10,Kings,031,150075,38243,36286,2364,38650,389
2022-01-10,Lake,033,64148,7844,7416,356,7772,117
2022-01-10,Lassen,035,31185,7378,7192,507,7699,55
2022-01-10,Los Angeles,037,10098052,2154740,1932475,94013,2026488,27546
2022-01-10,Madera,039,155013,27945,26501,3012,29513,328
2022-01-10,Marin,041,260295,26133,24023,1385,25408,251
2022-01-10,Mariposa,043,17540,1838,1684,70,1754,6
2022-01-10,Mendocino,045,87422,9865,9163,1025,10188,101
2022-01-10,Merced,047,269075,50113,47632,3279,50911,707
2022-01-10,Modoc,049,8938,631,622,213,835,6
2022-01-10,Mono,051,14174,2557,2415,80,2495,4
2022-01-10,Monterey,053,433212,59494,53485,5611,59096,645
2022-01-10,Napa,055,140530,19148,16775,459,17234,109
2022-01-10,Nevada,057,99092,12277,11300,568,11868,110
2022-01-10,Orange,059,3164182,448183,406170,31835,438005,5906
2022-01-10,Placer,061,380077,49483,45642,5288,50930,498
2022-01-10,Plumas,063,18699,2241,2086,98,2184,12
2022-01-10,Riverside,065,2383286,482113,445536,21997,467533,5546
2022-01-10,Sacramento,067,1510023,216686,198023,11934,209957,2474
2022-01-10,San Benito,069,59416,10069,9467,290,9757,83
2022-01-10,San Bernardino,071,2135413,477776,437207,18190,455397,6184
2022-01-10,San Diego,073,3302833,576935,530506,36882,567388,4500
2022-01-10,San Francisco,075,870044,92669,82209,5265,87474,690
2022-01-10,San Joaquin,077,732212,128974,119587,7138,126725,1927
2022-01-10,San Luis Obispo,079,281455,39521,36618,2220,38838,371
2022-01-10,San Mateo,081,765935,89377,75210,3326,78536,582
2022-01-10,Santa Barbara,083,443738,63706,58957,2565,61522,578
2022-01-10,Santa Clara,085,1922200,226775,203540,6088,209628,1971
2022-01-10,Santa Cruz,087,273765,30270,26906,1493,28399,232
2022-01-10,Shasta,089,179085,24948,23983,4211,28194,446
2022-01-10,Sierra,091,2930,242,223,28,251,0
2022-01-10,Siskiyou,093,43540,3729,3592,1668,5260,62
2022-01-10,Solano,095,438530,60551,55663,3049,58712,385
2022-01-10,Sonoma,097,501317,59982,54478,1423,55901,412
2022-01-10,Stanislaus,099,539301,94318,89997,11362,101359,1372
2022-01-10,Sutter,101,95872,16549,15823,681,16504,196
2022-01-10,Tehama,103,63373,9770,9360,1823,11183,140
2022-01-10,Trinity,105,12862,969,849,234,1083,19
2022-01-10,Tulare,107,460477,80355,75498,19121,94619,1186
2022-01-10,Tuolumne,109,53932,9314,8685,181,8866,91
2022-01-10,Ventura,111,848112,140061,126240,7614,133854,1217
2022-01-10,Yolo,113,214977,28264,26065,1801,27866,270
2022-01-10,Yuba,115,75493,12402,11776,569,12345,101
2022-01-09,Alameda,001,1643700,179857,162701,6859,169560,1561
2022-01-09,Alpine,003,1148,115,116,0,116,0
2022-01-09,Amador,005,37829,6484,6215,124,6339,71
2022-01-09,Butte,007,227075,25638,24018,4855,28873,347
2022-01-09,Calaveras,009,45235,5330,4976,98,5074,93
2022-01-09,Colusa,011,21464,2813,2750,799,3549,21
2022-01-09,Contra Costa,013,1133247,140902,128050,5944,133994,1077
2022-01-09,Del Norte,015,27424,4077,3950,77,4027,43
2022-01-09,El Dorado,017,186661,21042,19430,2209,21639,172
2022-01-09,Fresno,019,978130,168887,159989,15550,175539,2405
2022-01-09,Glenn,021,27897,3931,3797,1196,4993,39
2022-01-09,Humboldt,023,135768,12635,11582,1230,12812,121
2022-01-09,Imperial,025,180216,42626,40608,5953,46561,811
2022-01-09,Inyo,027,18085,3332,3149,76,3225,49
2022-01-09,Kern,029,883053,152731,144819,31061,175880,1927
2022-01-09,Kings,031,150075,37567,36041,2327,38368,389
2022-01-09,Lake,033,64148,7733,7393,312,7705,117
2022-01-09,Lassen,035,31185,7314,7172,478,7650,55
2022-01-09,Los Angeles,037,10098052,2106678,1887830,90959,1978789,27532
2022-01-09,Madera,039,155013,27566,26325,2915,29240,328
2022-01-09,Marin,041,260295,25682,23708,1295,25003,251
2022-01-09,Mariposa,043,17540,1788,1660,69,1729,6
2022-01-09,Mendocino,045,87422,9657,9097,914,10011,101
2022-01-09,Merced,047,269075,49230,47294,3003,50297,706
2022-01-09,Modoc,049,8938,629,619,213,832,6
2022-01-09,Mono,051,14174,2522,2390,73,2463,4
2022-01-09,Monterey,053,433212,58431,53251,5343,58594,645
2022-01-09,Napa,055,140530,18653,16614,443,17057,109
2022-01-09,Nevada,057,99092,12023,11152,507,11659,110
2022-01-09,Orange,059,3164182,438184,400563,30882,431445,5905
2022-01-09,Placer,061,380077,48485,45081,5139,50220,498
2022-01-09,Plumas,063,18699,2202,2081,78,2159,12
2022-01-09,Riverside,065,2383286,473123,440413,21456,461869,5546
2022-01-09,Sacramento,067,1510023,211888,195444,10815,206259,2475
2022-01-09,San Benito,069,59416,9883,9363,262,9625,83
2022-01-09,San Bernardino,071,2135413,469267,430257,17371,447628,6180
2022-01-09,San Diego,073,3302833,563820,478206,35024,513230,4500
2022-01-09,San Francisco,075,870044,90795,80463,5020,85483,690
2022-01-09,San Joaquin,077,732212,125875,118422,6971,125393,1927
2022-01-09,San Luis Obispo,079,281455,38716,36291,2114,38405,371
2022-01-09,San Mateo,081,765935,86862,73867,3000,76867,582
2022-01-09,Santa Barbara,083,443738,62021,58280,2303,60583,578
2022-01-09,Santa Clara,085,1922200,220399,199889,5552,205441,1976
2022-01-09,Santa Cruz,087,273765,29520,26513,1461,27974,232
2022-01-09,Shasta,089,179085,24709,23926,4124,28050,446
2022-01-09,Sierra,091,2930,239,223,26,249,0
2022-01-09,Siskiyou,093,43540,3700,3580,1609,5189,62
2022-01-09,Solano,095,438530,59396,54985,2768,57753,384
2022-01-09,Sonoma,097,501317,58308,53543,1386,54929,412
2022-01-09,Stanislaus,099,539301,92945,89248,11065,100313,1372
2022-01-09,Sutter,101,95872,16261,15695,601,16296,196
2022-01-09,Tehama,103,63373,9653,9306,1772,11078,140
2022-01-09,Trinity,105,12862,965,848,232,1080,19
2022-01-09,Tulare,107,460477,78951,75085,18745,93830,1186
2022-01-09,Tuolumne,109,53932,9156,8595,162,8757,91
2022-01-09,Ventura,111,848112,137010,124269,7371,131640,1217
2022-01-09,Yolo,113,214977,27657,25632,1754,27386,270
2022-01-09,Yuba,115,75493,12204,11666,538,12204,101
2022-01-08,Alameda,001,1643700,177956,148560,6717,155277,1558
2022-01-08,Alpine,003,1148,115,114,0,114,0
2022-01-08,Amador,005,37829,6453,6091,119,6210,71
2022-01-08,Butte,007,227075,25447,23429,4814,28243,347
2022-01-08,Calaveras,009,45235,5284,4823,94,4917,93
2022-01-08,Colusa,011,21464,2805,2713,796,3509,21
2022-01-08,Contra Costa,013,1133247,139337,119907,5861,125768,1077
2022-01-08,Del Norte,015,27424,4060,3902,77,3979,43
2022-01-08,El Dorado,017,186661,20858,18599,2175,20774,172
2022-01-08,Fresno,019,978130,167963,155394,15412,170806,2393
2022-01-08,Glenn,021,27897,3923,3732,1191,4923,39
2022-01-08,Humboldt,023,135768,12511,11149,1204,12353,121
2022-01-08,Imperial,025,180216,42438,39429,5811,45240,800
2022-01-08,Inyo,027,18085,3318,3020,73,3093,49
2022-01-08,Kern,029,883053,151594,140410,30630,171040,1921
2022-01-08,Kings,031,150075,37326,35275,2310,37585,390
2022-01-08,Lake,033,64148,7693,7209,304,7513,117
2022-01-08,Lassen,035,31185,7284,7127,462,7589,55
2022-01-08,Los Angeles,037,10098052,2088285,1765787,89222,1855009,27476
2022-01-08,Madera,039,155013,27399,25767,2877,28644,328
2022-01-08,Marin,041,260295,25398,22377,1284,23661,251
2022-01-08,Mariposa,043,17540,1778,1588,69,1657,6
2022-01-08,Mendocino,045,87422,9583,8792,912,9704,101
2022-01-08,Merced,047,269075,49051,46094,2979,49073,703
2022-01-08,Modoc,049,8938,629,610,213,823,6
2022-01-08,Mono,051,14174,2511,2240,68,2308,4
2022-01-08,Monterey,053,433212,58045,51721,5250,56971,644
2022-01-08,Napa,055,140530,18500,15819,417,16236,109
2022-01-08,Nevada,057,99092,11938,10765,494,11259,110
2022-01-08,Orange,059,3164182,434391,375124,30032,405156,5903
2022-01-08,Placer,061,380077,48042,43172,5097,48269,495
2022-01-08,Plumas,063,18699,2192,2053,73,2126,12
2022-01-08,Riverside,065,2383286,469605,422591,21188,443779,5535
2022-01-08,Sacramento,067,1510023,210447,185118,10657,195775,2470
2022-01-08,San Benito,069,59416,9721,9016,259,9275,83
2022-01-08,San Bernardino,071,2135413,465777,411724,16970,428694,6122
2022-01-08,San Diego,073,3302833,558921,472273,34482,506755,4495
2022-01-08,San Francisco,075,870044,89596,73660,4741,78401,690
2022-01-08,San Joaquin,077,732212,124893,112514,6872,119386,1916
2022-01-08,San Luis Obispo,079,281455,38513,34489,2071,36560,369
2022-01-08,San Mateo,081,765935,85477,67918,2913,70831,582
2022-01-08,Santa Barbara,083,443738,61326,54617,2269,56886,575
2022-01-08,Santa Clara,085,1922200,217138,183842,5315,189157,1966
2022-01-08,Santa Cruz,087,273765,29093,24678,1441,26119,230
2022-01-08,Shasta,089,179085,24618,23585,4093,27678,445
2022-01-08,Sierra,091,2930,235,215,25,240,0
2022-01-08,Siskiyou,093,43540,3688,3545,1595,5140,62
2022-01-08,Solano,095,438530,58988,52452,2696,55148,383
2022-01-08,Sonoma,097,501317,57785,50130,1352,51482,411
2022-01-08,Stanislaus,099,539301,92305,87049,10942,97991,1372
2022-01-08,Sutter,101,95872,16142,15261,588,15849,195
2022-01-08,Tehama,103,63373,9622,9109,1764,10873,140
2022-01-08,Trinity,105,12862,959,836,232,1068,19
2022-01-08,Tulare,107,460477,78552,73600,18609,92209,1185
2022-01-08,Tuolumne,109,53932,9050,8360,159,8519,91
2022-01-08,Ventura,111,848112,135840,117229,7237,124466,1216
2022-01-08,Yolo,113,214977,27364,24006,1726,25732,270
2022-01-08,Yuba,115,75493,12116,11277,535,11812,101
2022-01-07,Alameda,001,1643700,175261,148560,6600,155160,1558
2022-01-07,Alpine,003,1148,115,114,0,114,0
2022-01-07,Amador,005,37829,6404,6091,116,6207,71
2022-01-07,Butte,007,227075,25241,23429,4781,28210,347
2022-01-07,Calaveras,009,45235,5245,4823,94,4917,93
2022-01-07,Colusa,011,21464,2796,2713,785,3498,21
2022-01-07,Contra Costa,013,1133247,137386,119907,5737,125644,1077
2022-01-07,Del Norte,015,27424,4044,3902,76,3978,43
2022-01-07,El Dorado,017,186661,20673,18599,2162,20761,172
2022-01-07,Fresno,019,978130,166544,155394,15307,170701,2393
2022-01-07,Glenn,021,27897,3903,3732,1188,4920,39
2022-01-07,Humboldt,023,135768,12367,11149,1177,12326,121
2022-01-07,Imperial,025,180216,42280,39429,5728,45157,800
2022-01-07,Inyo,027,18085,3299,3020,71,3091,49
2022-01-07,Kern,029,883053,150622,140410,30185,170595,1921
2022-01-07,Kings,031,150075,37145,35275,2296,37571,390
2022-01-07,Lake,033,64148,7645,7209,279,7488,117
2022-01-07,Lassen,035,31185,7268,7127,459,7586,55
2022-01-07,Los Angeles,037,10098052,2057109,1765787,87766,1853553,27476
2022-01-07,Madera,039,155013,27217,25767,2840,28607,328
2022-01-07,Marin,041,260295,25017,22377,1266,23643,251
2022-01-07,Mariposa,043,17540,1762,1588,69,1657,6
2022-01-07,Mendocino,045,87422,9490,8792,911,9703,101
2022-01-07,Merced,047,269075,48878,46094,2955,49049,703
2022-01-07,Modoc,049,8938,628,610,213,823,6
2022-01-07,Mono,051,14174,2473,2240,62,2302,4
2022-01-07,Monterey,053,433212,57623,51721,5155,56876,644
2022-01-07,Napa,055,140530,18273,15819,398,16217,109
2022-01-07,Nevada,057,99092,11808,10765,473,11238,110
2022-01-07,Orange,059,3164182,429578,375124,29414,404538,5903
2022-01-07,Placer,061,380077,47537,43172,5047,48219,495
2022-01-07,Plumas,063,18699,2183,2053,72,2125,12
2022-01-07,Riverside,065,2383286,465777,422591,20959,443550,5535
2022-01-07,Sacramento,067,1510023,208178,185118,10504,195622,2470
2022-01-07,San Benito,069,59416,9675,9016,258,9274,83
2022-01-07,San Bernardino,071,2135413,461654,411724,16741,428465,6122
2022-01-07,San Diego,073,3302833,551809,472273,33935,506208,4495
2022-01-07,San Francisco,075,870044,88152,73660,4486,78146,690
2022-01-07,San Joaquin,077,732212,123930,112514,6811,119325,1916
2022-01-07,San Luis Obispo,079,281455,38298,34489,2016,36505,369
2022-01-07,San Mateo,081,765935,84010,67918,2854,70772,582
2022-01-07,Santa Barbara,083,443738,60631,54617,2248,56865,575
2022-01-07,Santa Clara,085,1922200,213667,183842,5200,189042,1966
2022-01-07,Santa Cruz,087,273765,28613,24678,1425,26103,230
2022-01-07,Shasta,089,179085,24519,23585,4059,27644,445
2022-01-07,Sierra,091,2930,232,215,25,240,0
2022-01-07,Siskiyou,093,43540,3677,3545,1583,5128,62
2022-01-07,Solano,095,438530,58304,52452,2651,55103,383
2022-01-07,Sonoma,097,501317,57183,50130,1267,51397,411
2022-01-07,Stanislaus,099,539301,91777,87049,10841,97890,1372
2022-01-07,Sutter,101,95872,15992,15261,575,15836,195
2022-01-07,Tehama,103,63373,9586,9109,1751,10860,140
2022-01-07,Trinity,105,12862,952,836,231,1067,19
2022-01-07,Tulare,107,460477,78124,73600,18469,92069,1185
2022-01-07,Tuolumne,109,53932,8962,8360,155,8515,91
2022-01-07,Ventura,111,848112,134214,117229,7102,124331,1216
2022-01-07,Yolo,113,214977,26992,24006,1707,25713,270
2022-01-07,Yuba,115,75493,12010,11277,530,11807,101
2022-01-06,Alameda,001,1643700,170006,148560,6182,154742,1558
2022-01-06,Alpine,003,1148,114,114,0,114,0
2022-01-06,Amador,005,37829,6353,6091,111,6202,71
2022-01-06,Butte,007,227075,24948,23429,4697,28126,347
2022-01-06,Calaveras,009,45235,5128,4823,92,4915,93
2022-01-06,Colusa,011,21464,2777,2713,777,3490,21
2022-01-06,Contra Costa,013,1133247,134268,119907,5316,125223,1077
2022-01-06,Del Norte,015,27424,4010,3902,74,3976,43
2022-01-06,El Dorado,017,186661,20332,18599,2126,20725,172
2022-01-06,Fresno,019,978130,164301,155394,15038,170432,2393
2022-01-06,Glenn,021,27897,3876,3732,1162,4894,39
2022-01-06,Humboldt,023,135768,12140,11149,1136,12285,121
2022-01-06,Imperial,025,180216,41696,39429,5527,44956,800
2022-01-06,Inyo,027,18085,3261,3020,71,3091,49
2022-01-06,Kern,029,883053,148953,140410,29519,169929,1921
2022-01-06,Kings,031,150075,36820,35275,2271,37546,390
2022-01-06,Lake,033,64148,7571,7209,268,7477,117
2022-01-06,Lassen,035,31185,7245,7127,453,7580,55
2022-01-06,Los Angeles,037,10098052,2002940,1765787,85415,1851202,27476
2022-01-06,Madera,039,155013,26912,25767,2782,28549,328
2022-01-06,Marin,041,260295,24615,22377,1234,23611,251
2022-01-06,Mariposa,043,17540,1743,1588,69,1657,6
2022-01-06,Mendocino,045,87422,9393,8792,872,9664,101
2022-01-06,Merced,047,269075,48317,46094,2809,48903,703
2022-01-06,Modoc,049,8938,627,610,213,823,6
2022-01-06,Mono,051,14174,2450,2240,59,2299,4
2022-01-06,Monterey,053,433212,56900,51721,4904,56625,644
2022-01-06,Napa,055,140530,17876,15819,389,16208,109
2022-01-06,Nevada,057,99092,11610,10765,461,11226,110
2022-01-06,Orange,059,3164182,420126,375124,28665,403789,5903
2022-01-06,Placer,061,380077,46795,43172,4960,48132,495
2022-01-06,Plumas,063,18699,2165,2053,64,2117,12
2022-01-06,Riverside,065,2383286,458306,422591,20671,443262,5535
2022-01-06,Sacramento,067,1510023,204121,185118,9767,194885,2470
2022-01-06,San Benito,069,59416,9574,9016,251,9267,83
2022-01-06,San Bernardino,071,2135413,453977,411724,16252,427976,6122
2022-01-06,San Diego,073,3302833,540180,472273,32933,505206,4495
2022-01-06,San Francisco,075,870044,85820,73660,4231,77891,690
2022-01-06,San Joaquin,077,732212,121739,112514,6728,119242,1916
2022-01-06,San Luis Obispo,079,281455,37599,34489,1946,36435,369
2022-01-06,San Mateo,081,765935,81587,67918,2674,70592,582
2022-01-06,Santa Barbara,083,443738,59463,54617,2189,56806,575
2022-01-06,Santa Clara,085,1922200,208603,183842,4810,188652,1966
2022-01-06,Santa Cruz,087,273765,28052,24678,1401,26079,230
2022-01-06,Shasta,089,179085,24371,23585,4009,27594,445
2022-01-06,Sierra,091,2930,229,215,25,240,0
2022-01-06,Siskiyou,093,43540,3661,3545,1537,5082,62
2022-01-06,Solano,095,438530,57290,52452,2466,54918,383
2022-01-06,Sonoma,097,501317,55790,50130,1234,51364,411
2022-01-06,Stanislaus,099,539301,90626,87049,10671,97720,1372
2022-01-06,Sutter,101,95872,15815,15261,547,15808,195
2022-01-06,Tehama,103,63373,9508,9109,1724,10833,140
2022-01-06,Trinity,105,12862,945,836,230,1066,19
2022-01-06,Tulare,107,460477,77418,73600,18301,91901,1185
2022-01-06,Tuolumne,109,53932,8850,8360,149,8509,91
2022-01-06,Ventura,111,848112,131530,117229,6942,124171,1216
2022-01-06,Yolo,113,214977,26437,24006,1663,25669,270
2022-01-06,Yuba,115,75493,11875,11277,513,11790,101
2022-01-05,Alameda,001,1643700,164900,144824,5756,150580,1548
2022-01-05,Alpine,003,1148,114,112,0,112,0
2022-01-05,Amador,005,37829,6310,6012,108,6120,70
2022-01-05,Butte,007,227075,24634,23134,4635,27769,343
2022-01-05,Calaveras,009,45235,5073,4758,90,4848,90
2022-01-05,Colusa,011,21464,2763,2704,766,3470,21
2022-01-05,Contra Costa,013,1133247,130995,117188,4862,122050,1071
2022-01-05,Del Norte,015,27424,3990,3862,72,3934,43
2022-01-05,El Dorado,017,186661,19937,18367,2096,20463,171
2022-01-05,Fresno,019,978130,162186,153033,14746,167779,2377
2022-01-05,Glenn,021,27897,3827,3700,1152,4852,39
2022-01-05,Humboldt,023,135768,11936,10938,1088,12026,120
2022-01-05,Imperial,025,180216,41070,38789,5375,44164,800
2022-01-05,Inyo,027,18085,3179,2939,67,3006,49
2022-01-05,Kern,029,883053,147170,138186,28949,167135,1913
2022-01-05,Kings,031,150075,36476,34893,2252,37145,387
2022-01-05,Lake,033,64148,7488,7129,252,7381,117
2022-01-05,Lassen,035,31185,7225,7077,445,7522,55
2022-01-05,Los Angeles,037,10098052,1946612,1729640,83038,1812678,27443
2022-01-05,Madera,039,155013,26672,25392,2689,28081,327
2022-01-05,Marin,041,260295,24268,21829,1185,23014,251
2022-01-05,Mariposa,043,17540,1717,1564,68,1632,6
2022-01-05,Mendocino,045,87422,9262,8625,837,9462,101
2022-01-05,Merced,047,269075,47646,45721,2674,48395,700
2022-01-05,Modoc,049,8938,624,603,213,816,6
2022-01-05,Mono,051,14174,2431,2201,55,2256,4
2022-01-05,Monterey,053,433212,56076,51241,4707,55948,639
2022-01-05,Napa,055,140530,17514,15494,359,15853,108
2022-01-05,Nevada,057,99092,11414,10624,444,11068,110
2022-01-05,Orange,059,3164182,410080,366139,27597,393736,5869
2022-01-05,Placer,061,380077,45911,42456,4867,47323,492
2022-01-05,Plumas,063,18699,2145,2020,62,2082,12
2022-01-05,Riverside,065,2383286,450858,415253,20320,435573,5502
2022-01-05,Sacramento,067,1510023,199344,181488,8817,190305,2455
2022-01-05,San Benito,069,59416,9379,8829,238,9067,83
2022-01-05,San Bernardino,071,2135413,445220,405323,15693,421016,6085
2022-01-05,San Diego,073,3302833,526601,466602,31952,498554,4495
2022-01-05,San Francisco,075,870044,83243,71405,4093,75498,686
2022-01-05,San Joaquin,077,732212,119202,110497,6649,117146,1903
2022-01-05,San Luis Obispo,079,281455,36803,34066,1869,35935,369
2022-01-05,San Mateo,081,765935,79399,66018,2476,68494,578
2022-01-05,Santa Barbara,083,443738,58156,53082,2110,55192,570
2022-01-05,Santa Clara,085,1922200,202636,178629,4396,183025,1961
2022-01-05,Santa Cruz,087,273765,27297,24394,1380,25774,229
2022-01-05,Shasta,089,179085,24215,23361,3980,27341,441
2022-01-05,Sierra,091,2930,226,210,23,233,0
2022-01-05,Siskiyou,093,43540,3651,3513,1508,5021,60
2022-01-05,Solano,095,438530,56244,51505,2331,53836,380
2022-01-05,Sonoma,097,501317,54525,49120,1077,50197,412
2022-01-05,Stanislaus,099,539301,89634,86248,10498,96746,1360
2022-01-05,Sutter,101,95872,15614,15117,508,15625,193
2022-01-05,Tehama,103,63373,9411,9011,1693,10704,140
2022-01-05,Trinity,105,12862,941,822,228,1050,19
2022-01-05,Tulare,107,460477,76639,72718,18129,90847,1173
2022-01-05,Tuolumne,109,53932,8758,8223,142,8365,90
2022-01-05,Ventura,111,848112,128782,114752,6734,121486,1211
2022-01-05,Yolo,113,214977,25828,23401,1623,25024,269
2022-01-05,Yuba,115,75493,11693,11138,487,11625,100
2022-01-04,Alameda,001,1643700,159274,143360,5351,148711,1532
2022-01-04,Alpine,003,1148,114,113,0,113,0
2022-01-04,Amador,005,37829,6243,6025,102,6127,71
2022-01-04,Butte,007,227075,24335,23094,4563,27657,346
2022-01-04,Calaveras,009,45235,4999,4767,87,4854,93
2022-01-04,Colusa,011,21464,2746,2689,760,3449,21
2022-01-04,Contra Costa,013,1133247,127646,116005,4493,120498,1075
2022-01-04,Del Norte,015,27424,3958,3882,69,3951,43
2022-01-04,El Dorado,017,186661,19583,18339,2075,20414,172
2022-01-04,Fresno,019,978130,159925,153244,14486,167730,2380
2022-01-04,Glenn,021,27897,3798,3705,1137,4842,39
2022-01-04,Humboldt,023,135768,11690,10865,1038,11903,120
2022-01-04,Imperial,025,180216,40470,38596,5114,43710,800
2022-01-04,Inyo,027,18085,3096,2870,66,2936,49
2022-01-04,Kern,029,883053,145241,138245,28369,166614,1916
2022-01-04,Kings,031,150075,36152,34931,2235,37166,388
2022-01-04,Lake,033,64148,7447,7152,243,7395,117
2022-01-04,Lassen,035,31185,7202,7111,441,7552,55
2022-01-04,Los Angeles,037,10098052,1886653,1705253,80678,1785931,27419
2022-01-04,Madera,039,155013,26328,25425,2618,28043,328
2022-01-04,Marin,041,260295,23788,21675,1126,22801,251
2022-01-04,Mariposa,043,17540,1681,1564,67,1631,6
2022-01-04,Mendocino,045,87422,9139,8636,813,9449,101
2022-01-04,Merced,047,269075,47026,45583,2545,48128,700
2022-01-04,Modoc,049,8938,621,611,213,824,6
2022-01-04,Mono,051,14174,2382,2190,45,2235,4
2022-01-04,Monterey,053,433212,55344,51176,4482,55658,643
2022-01-04,Napa,055,140530,17010,15370,329,15699,107
2022-01-04,Nevada,057,99092,11256,10608,431,11039,110
2022-01-04,Orange,059,3164182,399318,362051,26435,388486,5897
2022-01-04,Placer,061,380077,45072,42285,4751,47036,494
2022-01-04,Plumas,063,18699,2119,2014,60,2074,12
2022-01-04,Riverside,065,2383286,442336,413366,19972,433338,5504
2022-01-04,Sacramento,067,1510023,194347,181271,8094,189365,2453
2022-01-04,San Benito,069,59416,9191,8763,230,8993,79
2022-01-04,San Bernardino,071,2135413,436026,404409,15154,419563,6060
2022-01-04,San Diego,073,3302833,510265,458499,30986,489485,4487
2022-01-04,San Francisco,075,870044,80392,70666,3949,74615,688
2022-01-04,San Joaquin,077,732212,116781,110374,6496,116870,1911
2022-01-04,San Luis Obispo,079,281455,35996,33788,1782,35570,371
2022-01-04,San Mateo,081,765935,77085,65157,2288,67445,582
2022-01-04,Santa Barbara,083,443738,56632,52449,2033,54482,574
2022-01-04,Santa Clara,085,1922200,196398,176854,3932,180786,1964
2022-01-04,Santa Cruz,087,273765,26536,23904,1345,25249,228
2022-01-04,Shasta,089,179085,24070,23366,3926,27292,442
2022-01-04,Sierra,091,2930,225,214,22,236,0
2022-01-04,Siskiyou,093,43540,3636,3509,1489,4998,61
2022-01-04,Solano,095,438530,54934,51300,2134,53434,383
2022-01-04,Sonoma,097,501317,52818,48653,957,49610,410
2022-01-04,Stanislaus,099,539301,88574,86107,10328,96435,1361
2022-01-04,Sutter,101,95872,15461,15032,484,15516,193
2022-01-04,Tehama,103,63373,9333,9020,1671,10691,140
2022-01-04,Trinity,105,12862,936,833,224,1057,18
2022-01-04,Tulare,107,460477,75853,72893,17931,90824,1172
2022-01-04,Tuolumne,109,53932,8646,8235,137,8372,91
2022-01-04,Ventura,111,848112,125724,114079,6504,120583,1213
2022-01-04,Yolo,113,214977,25183,22938,1578,24516,270
2022-01-04,Yuba,115,75493,11513,11104,471,11575,101
2022-01-03,Alameda,001,1643700,153147,142090,4914,147004,1529
2022-01-03,Alpine,003,1148,113,113,0,113,0
2022-01-03,Amador,005,37829,6181,6004,97,6101,71
2022-01-03,Butte,007,227075,24035,22924,4505,27429,345
2022-01-03,Calaveras,009,45235,4938,4742,81,4823,93
2022-01-03,Colusa,011,21464,2736,2683,753,3436,21
2022-01-03,Contra Costa,013,1133247,124205,114966,3904,118870,1073
2022-01-03,Del Norte,015,27424,3938,3873,65,3938,43
2022-01-03,El Dorado,017,186661,19194,18183,2046,20229,172
2022-01-03,Fresno,019,978130,157846,152674,14277,166951,2379
2022-01-03,Glenn,021,27897,3769,3703,1102,4805,39
2022-01-03,Humboldt,023,135768,11480,10784,990,11774,119
2022-01-03,Imperial,025,180216,39839,38411,4938,43349,800
2022-01-03,Inyo,027,18085,3027,2845,62,2907,49
2022-01-03,Kern,029,883053,143245,137773,27772,165545,1916
2022-01-03,Kings,031,150075,35829,34817,2206,37023,387
2022-01-03,Lake,033,64148,7345,7134,225,7359,117
2022-01-03,Lassen,035,31185,7184,7103,438,7541,55
2022-01-03,Los Angeles,037,10098052,1825804,1686203,77929,1764132,27394
2022-01-03,Madera,039,155013,26035,25323,2574,27897,320
2022-01-03,Marin,041,260295,23194,21532,1087,22619,251
2022-01-03,Mariposa,043,17540,1639,1559,67,1626,6
2022-01-03,Mendocino,045,87422,8990,8573,763,9336,101
2022-01-03,Merced,047,269075,46423,45459,2433,47892,696
2022-01-03,Modoc,049,8938,618,602,213,815,6
2022-01-03,Mono,051,14174,2304,2172,40,2212,4
2022-01-03,Monterey,053,433212,54517,51047,4276,55323,644
2022-01-03,Napa,055,140530,16501,15260,297,15557,107
2022-01-03,Nevada,057,99092,11092,10572,422,10994,110
2022-01-03,Orange,059,3164182,388136,358052,25206,383258,5894
2022-01-03,Placer,061,380077,44248,42054,4690,46744,489
2022-01-03,Plumas,063,18699,2099,2005,60,2065,12
2022-01-03,Riverside,065,2383286,433862,410155,19477,429632,5504
2022-01-03,Sacramento,067,1510023,189183,179992,7539,187531,2452
2022-01-03,San Benito,069,59416,9029,8688,223,8911,79
2022-01-03,San Bernardino,071,2135413,427086,401938,14684,416622,6056
2022-01-03,San Diego,073,3302833,494173,451154,30025,481179,4476
2022-01-03,San Francisco,075,870044,77586,69315,3699,73014,686
2022-01-03,San Joaquin,077,732212,114462,109757,6371,116128,1903
2022-01-03,San Luis Obispo,079,281455,35186,33667,1689,35356,367
2022-01-03,San Mateo,081,765935,74369,64470,2131,66601,582
2022-01-03,Santa Barbara,083,443738,55170,51912,1939,53851,571
2022-01-03,Santa Clara,085,1922200,190298,174215,3458,177673,1963
2022-01-03,Santa Cruz,087,273765,25727,23765,1313,25078,228
2022-01-03,Shasta,089,179085,23893,23301,3899,27200,440
2022-01-03,Sierra,091,2930,218,213,21,234,0
2022-01-03,Siskiyou,093,43540,3609,3500,1467,4967,61
2022-01-03,Solano,095,438530,53634,51030,1948,52978,380
2022-01-03,Sonoma,097,501317,51122,48391,861,49252,410
2022-01-03,Stanislaus,099,539301,87579,85793,10138,95931,1332
2022-01-03,Sutter,101,95872,15304,14973,464,15437,193
2022-01-03,Tehama,103,63373,9259,9005,1645,10650,140
2022-01-03,Trinity,105,12862,931,833,223,1056,18
2022-01-03,Tulare,107,460477,75158,72664,17727,90391,1167
2022-01-03,Tuolumne,109,53932,8510,8179,133,8312,91
2022-01-03,Ventura,111,848112,122556,112762,6265,119027,1211
2022-01-03,Yolo,113,214977,24504,22563,1514,24077,270
2022-01-03,Yuba,115,75493,11380,11037,452,11489,99
2022-01-02,Alameda,001,1643700,148578,133486,4421,137907,1528
2022-01-02,Alpine,003,1148,111,113,0,113,0
2022-01-02,Amador,005,37829,6113,5913,92,6005,70
2022-01-02,Butte,007,227075,23695,22469,4443,26912,341
2022-01-02,Calaveras,009,45235,4867,4668,73,4741,93
2022-01-02,Colusa,011,21464,2729,2659,742,3401,21
2022-01-02,Contra Costa,013,1133247,120620,109593,3467,113060,1073
2022-01-02,Del Norte,015,27424,3906,3841,63,3904,43
2022-01-02,El Dorado,017,186661,18858,17621,1995,19616,172
2022-01-02,Fresno,019,978130,156053,149927,14042,163969,2379
2022-01-02,Glenn,021,27897,3750,3663,1093,4756,39
2022-01-02,Humboldt,023,135768,11238,10381,914,11295,119
2022-01-02,Imperial,025,180216,39185,37672,4729,42401,800
2022-01-02,Inyo,027,18085,2957,2726,51,2777,49
2022-01-02,Kern,029,883053,141327,136123,27175,163298,1917
2022-01-02,Kings,031,150075,35506,34318,2171,36489,386
2022-01-02,Lake,033,64148,7274,7060,211,7271,117
2022-01-02,Lassen,035,31185,7168,7089,436,7525,55
2022-01-02,Los Angeles,037,10098052,1774622,1596123,75029,1671152,27371
2022-01-02,Madera,039,155013,25784,25002,2521,27523,320
2022-01-02,Marin,041,260295,22629,20475,1016,21491,249
2022-01-02,Mariposa,043,17540,1608,1509,65,1574,6
2022-01-02,Mendocino,045,87422,8866,8422,745,9167,101
2022-01-02,Merced,047,269075,45880,44769,2333,47102,694
2022-01-02,Modoc,049,8938,616,601,212,813,6
2022-01-02,Mono,051,14174,2275,2101,35,2136,4
2022-01-02,Monterey,053,433212,53890,50251,4066,54317,643
2022-01-02,Napa,055,140530,15961,14439,286,14725,107
2022-01-02,Nevada,057,99092,10904,10299,407,10706,110
2022-01-02,Orange,059,3164182,377107,339526,24050,363576,5890
2022-01-02,Placer,061,380077,43522,40857,4603,45460,489
2022-01-02,Plumas,063,18699,2083,1994,56,2050,12
2022-01-02,Riverside,065,2383286,425522,397124,18960,416084,5501
2022-01-02,Sacramento,067,1510023,185104,173562,6707,180269,2448
2022-01-02,San Benito,069,59416,8848,8320,208,8528,79
2022-01-02,San Bernardino,071,2135413,418941,386278,14127,400405,6051
2022-01-02,San Diego,073,3302833,479149,427087,28846,455933,4469
2022-01-02,San Francisco,075,870044,74640,64498,3458,67956,682
2022-01-02,San Joaquin,077,732212,112574,106640,6229,112869,1902
2022-01-02,San Luis Obispo,079,281455,34450,32342,1606,33948,365
2022-01-02,San Mateo,081,765935,71802,60504,1891,62395,581
2022-01-02,Santa Barbara,083,443738,53735,49555,1878,51433,568
2022-01-02,Santa Clara,085,1922200,184072,164547,3058,167605,1969
2022-01-02,Santa Cruz,087,273765,25058,22980,1280,24260,228
2022-01-02,Shasta,089,179085,23701,23161,3850,27011,435
2022-01-02,Sierra,091,2930,217,206,21,227,0
2022-01-02,Siskiyou,093,43540,3584,3474,1444,4918,61
2022-01-02,Solano,095,438530,52688,48957,1784,50741,379
2022-01-02,Sonoma,097,501317,49803,46040,824,46864,410
2022-01-02,Stanislaus,099,539301,86723,84367,10001,94368,1332
2022-01-02,Sutter,101,95872,15131,14741,445,15186,193
2022-01-02,Tehama,103,63373,9194,8944,1622,10566,139
2022-01-02,Trinity,105,12862,929,832,222,1054,17
2022-01-02,Tulare,107,460477,74497,71941,17533,89474,1160
2022-01-02,Tuolumne,109,53932,8404,8044,128,8172,91
2022-01-02,Ventura,111,848112,119634,107992,6044,114036,1211
2022-01-02,Yolo,113,214977,23830,21747,1448,23195,270
2022-01-02,Yuba,115,75493,11256,10844,436,11280,99
2022-01-01,Alameda,001,1643700,146697,133486,4161,137647,1528
2022-01-01,Alpine,003,1148,111,113,0,113,0
2022-01-01,Amador,005,37829,6077,5913,87,6000,70
2022-01-01,Butte,007,227075,23500,22469,4405,26874,341
2022-01-01,Calaveras,009,45235,4828,4668,71,4739,93
2022-01-01,Colusa,011,21464,2725,2659,732,3391,21
2022-01-01,Contra Costa,013,1133247,119249,109593,3339,112932,1073
2022-01-01,Del Norte,015,27424,3901,3841,63,3904,43
2022-01-01,El Dorado,017,186661,18706,17621,1980,19601,172
2022-01-01,Fresno,019,978130,155367,149927,13960,163887,2379
2022-01-01,Glenn,021,27897,3743,3663,1093,4756,39
2022-01-01,Humboldt,023,135768,11099,10381,893,11274,119
2022-01-01,Imperial,025,180216,39036,37672,4680,42352,800
2022-01-01,Inyo,027,18085,2928,2726,49,2775,49
2022-01-01,Kern,029,883053,140627,136123,26870,162993,1917
2022-01-01,Kings,031,150075,35363,34318,2144,36462,386
2022-01-01,Lake,033,64148,7236,7060,206,7266,117
2022-01-01,Lassen,035,31185,7162,7089,431,7520,55
2022-01-01,Los Angeles,037,10098052,1754482,1596123,73075,1669198,27371
2022-01-01,Madera,039,155013,25700,25002,2507,27509,320
2022-01-01,Marin,041,260295,22317,20475,975,21450,249
2022-01-01,Mariposa,043,17540,1597,1509,65,1574,6
2022-01-01,Mendocino,045,87422,8774,8422,739,9161,101
2022-01-01,Merced,047,269075,45747,44769,2319,47088,694
2022-01-01,Modoc,049,8938,613,601,212,813,6
2022-01-01,Mono,051,14174,2251,2101,30,2131,4
2022-01-01,Monterey,053,433212,53581,50251,3979,54230,643
2022-01-01,Napa,055,140530,15811,14439,271,14710,107
2022-01-01,Nevada,057,99092,10828,10299,400,10699,110
2022-01-01,Orange,059,3164182,372883,339526,23340,362866,5890
2022-01-01,Placer,061,380077,43219,40857,4537,45394,489
2022-01-01,Plumas,063,18699,2071,1994,56,2050,12
2022-01-01,Riverside,065,2383286,422028,397124,18758,415882,5501
2022-01-01,Sacramento,067,1510023,183832,173562,6452,180014,2448
2022-01-01,San Benito,069,59416,8757,8320,208,8528,79
2022-01-01,San Bernardino,071,2135413,415675,386278,13847,400125,6051
2022-01-01,San Diego,073,3302833,473196,427087,28327,455414,4469
2022-01-01,San Francisco,075,870044,73238,64498,3248,67746,682
2022-01-01,San Joaquin,077,732212,111867,106640,6156,112796,1902
2022-01-01,San Luis Obispo,079,281455,34246,32342,1597,33939,365
2022-01-01,San Mateo,081,765935,70337,60504,1742,62246,581
2022-01-01,Santa Barbara,083,443738,52995,49555,1842,51397,568
2022-01-01,Santa Clara,085,1922200,181003,164547,2862,167409,1969
2022-01-01,Santa Cruz,087,273765,24737,22980,1262,24242,228
2022-01-01,Shasta,089,179085,23615,23161,3832,26993,435
2022-01-01,Sierra,091,2930,216,206,21,227,0
2022-01-01,Siskiyou,093,43540,3581,3474,1434,4908,61
2022-01-01,Solano,095,438530,52420,48957,1725,50682,379
2022-01-01,Sonoma,097,501317,49409,46040,794,46834,410
2022-01-01,Stanislaus,099,539301,86316,84367,9914,94281,1332
2022-01-01,Sutter,101,95872,15054,14741,443,15184,193
2022-01-01,Tehama,103,63373,9161,8944,1610,10554,139
2022-01-01,Trinity,105,12862,926,832,222,1054,17
2022-01-01,Tulare,107,460477,74252,71941,17434,89375,1160
2022-01-01,Tuolumne,109,53932,8344,8044,125,8169,91
2022-01-01,Ventura,111,848112,118249,107992,5914,113906,1211
2022-01-01,Yolo,113,214977,23411,21747,1408,23155,270
2022-01-01,Yuba,115,75493,11190,10844,430,11274,99
2021-12-31,Alameda,001,1643700,145877,133486,4061,137547,1528
2021-12-31,Alpine,003,1148,111,113,0,113,0
2021-12-31,Amador,005,37829,6053,5913,86,5999,70
2021-12-31,Butte,007,227075,23393,22469,4370,26839,341
2021-12-31,Calaveras,009,45235,4795,4668,71,4739,93
2021-12-31,Colusa,011,21464,2716,2659,726,3385,21
2021-12-31,Contra Costa,013,1133247,118355,109593,3259,112852,1073
2021-12-31,Del Norte,015,27424,3892,3841,61,3902,43
2021-12-31,El Dorado,017,186661,18619,17621,1962,19583,172
2021-12-31,Fresno,019,978130,155054,149927,13938,163865,2379
2021-12-31,Glenn,021,27897,3742,3663,1091,4754,39
2021-12-31,Humboldt,023,135768,11012,10381,874,11255,119
2021-12-31,Imperial,025,180216,38904,37672,4664,42336,800
2021-12-31,Inyo,027,18085,2901,2726,48,2774,49
2021-12-31,Kern,029,883053,140119,136123,26733,162856,1917
2021-12-31,Kings,031,150075,35253,34318,2134,36452,386
2021-12-31,Lake,033,64148,7213,7060,201,7261,117
2021-12-31,Lassen,035,31185,7148,7089,431,7520,55
2021-12-31,Los Angeles,037,10098052,1743698,1596123,72323,1668446,27371
2021-12-31,Madera,039,155013,25631,25002,2490,27492,320
2021-12-31,Marin,041,260295,22161,20475,944,21419,249
2021-12-31,Mariposa,043,17540,1590,1509,64,1573,6
2021-12-31,Mendocino,045,87422,8741,8422,736,9158,101
2021-12-31,Merced,047,269075,45663,44769,2301,47070,694
2021-12-31,Modoc,049,8938,609,601,210,811,6
2021-12-31,Mono,051,14174,2239,2101,29,2130,4
2021-12-31,Monterey,053,433212,53454,50251,3913,54164,643
2021-12-31,Napa,055,140530,15700,14439,261,14700,107
2021-12-31,Nevada,057,99092,10761,10299,394,10693,110
2021-12-31,Orange,059,3164182,370368,339526,22912,362438,5890
2021-12-31,Placer,061,380077,42986,40857,4471,45328,489
2021-12-31,Plumas,063,18699,2066,1994,56,2050,12
2021-12-31,Riverside,065,2383286,420340,397124,18603,415727,5501
2021-12-31,Sacramento,067,1510023,182964,173562,6346,179908,2448
2021-12-31,San Benito,069,59416,8743,8320,207,8527,79
2021-12-31,San Bernardino,071,2135413,413359,386278,13656,399934,6051
2021-12-31,San Diego,073,3302833,469975,427087,28009,455096,4469
2021-12-31,San Francisco,075,870044,72312,64498,3190,67688,682
2021-12-31,San Joaquin,077,732212,111239,106640,6090,112730,1902
2021-12-31,San Luis Obispo,079,281455,34138,32342,1585,33927,365
2021-12-31,San Mateo,081,765935,69456,60504,1690,62194,581
2021-12-31,Santa Barbara,083,443738,52596,49555,1830,51385,568
2021-12-31,Santa Clara,085,1922200,179020,164547,2721,167268,1969
2021-12-31,Santa Cruz,087,273765,24500,22980,1241,24221,228
2021-12-31,Shasta,089,179085,23553,23161,3811,26972,435
2021-12-31,Sierra,091,2930,216,206,21,227,0
2021-12-31,Siskiyou,093,43540,3574,3474,1423,4897,61
2021-12-31,Solano,095,438530,52264,48957,1699,50656,379
2021-12-31,Sonoma,097,501317,49156,46040,781,46821,410
2021-12-31,Stanislaus,099,539301,85990,84367,9853,94220,1332
2021-12-31,Sutter,101,95872,14993,14741,437,15178,193
2021-12-31,Tehama,103,63373,9129,8944,1601,10545,139
2021-12-31,Trinity,105,12862,925,832,222,1054,17
2021-12-31,Tulare,107,460477,74049,71941,17350,89291,1160
2021-12-31,Tuolumne,109,53932,8299,8044,124,8168,91
2021-12-31,Ventura,111,848112,117275,107992,5832,113824,1211
2021-12-31,Yolo,113,214977,23190,21747,1386,23133,270
2021-12-31,Yuba,115,75493,11133,10844,424,11268,99
2021-12-30,Alameda,001,1643700,144573,133486,3926,137412,1528
2021-12-30,Alpine,003,1148,110,113,0,113,0
2021-12-30,Amador,005,37829,6034,5913,85,5998,70
2021-12-30,Butte,007,227075,23261,22469,4345,26814,341
2021-12-30,Calaveras,009,45235,4776,4668,71,4739,93
2021-12-30,Colusa,011,21464,2715,2659,724,3383,21
2021-12-30,Contra Costa,013,1133247,117259,109593,3148,112741,1073
2021-12-30,Del Norte,015,27424,3881,3841,60,3901,43
2021-12-30,El Dorado,017,186661,18515,17621,1941,19562,172
2021-12-30,Fresno,019,978130,154518,149927,13867,163794,2379
2021-12-30,Glenn,021,27897,3736,3663,1088,4751,39
2021-12-30,Humboldt,023,135768,10945,10381,862,11243,119
2021-12-30,Imperial,025,180216,38736,37672,4554,42226,800
2021-12-30,Inyo,027,18085,2882,2726,46,2772,49
2021-12-30,Kern,029,883053,139586,136123,26433,162556,1917
2021-12-30,Kings,031,150075,35135,34318,2119,36437,386
2021-12-30,Lake,033,64148,7198,7060,196,7256,117
2021-12-30,Lassen,035,31185,7142,7089,431,7520,55
2021-12-30,Los Angeles,037,10098052,1720388,1596123,71056,1667179,27371
2021-12-30,Madera,039,155013,25555,25002,2470,27472,320
2021-12-30,Marin,041,260295,21987,20475,919,21394,249
2021-12-30,Mariposa,043,17540,1584,1509,64,1573,6
2021-12-30,Mendocino,045,87422,8724,8422,725,9147,101
2021-12-30,Merced,047,269075,45561,44769,2286,47055,694
2021-12-30,Modoc,049,8938,608,601,210,811,6
2021-12-30,Mono,051,14174,2234,2101,28,2129,4
2021-12-30,Monterey,053,433212,53141,50251,3852,54103,643
2021-12-30,Napa,055,140530,15556,14439,252,14691,107
2021-12-30,Nevada,057,99092,10697,10299,385,10684,110
2021-12-30,Orange,059,3164182,365323,339526,22358,361884,5890
2021-12-30,Placer,061,380077,42710,40857,4424,45281,489
2021-12-30,Plumas,063,18699,2062,1994,55,2049,12
2021-12-30,Riverside,065,2383286,417072,397124,18451,415575,5501
2021-12-30,Sacramento,067,1510023,181710,173562,6201,179763,2448
2021-12-30,San Benito,069,59416,8696,8320,205,8525,79
2021-12-30,San Bernardino,071,2135413,410738,386278,13509,399787,6051
2021-12-30,San Diego,073,3302833,464828,427087,27498,454585,4469
2021-12-30,San Francisco,075,870044,71224,64498,3118,67616,682
2021-12-30,San Joaquin,077,732212,110643,106640,6046,112686,1902
2021-12-30,San Luis Obispo,079,281455,34019,32342,1572,33914,365
2021-12-30,San Mateo,081,765935,68413,60504,1561,62065,581
2021-12-30,Santa Barbara,083,443738,52118,49555,1811,51366,568
2021-12-30,Santa Clara,085,1922200,176693,164547,2598,167145,1969
2021-12-30,Santa Cruz,087,273765,24261,22980,1207,24187,228
2021-12-30,Shasta,089,179085,23500,23161,3805,26966,435
2021-12-30,Sierra,091,2930,216,206,21,227,0
2021-12-30,Siskiyou,093,43540,3565,3474,1421,4895,61
2021-12-30,Solano,095,438530,51915,48957,1652,50609,379
2021-12-30,Sonoma,097,501317,48821,46040,772,46812,410
2021-12-30,Stanislaus,099,539301,85673,84367,9793,94160,1332
2021-12-30,Sutter,101,95872,14931,14741,436,15177,193
2021-12-30,Tehama,103,63373,9102,8944,1595,10539,139
2021-12-30,Trinity,105,12862,922,832,222,1054,17
2021-12-30,Tulare,107,460477,73861,71941,17273,89214,1160
2021-12-30,Tuolumne,109,53932,8260,8044,124,8168,91
2021-12-30,Ventura,111,848112,116018,107992,5729,113721,1211
2021-12-30,Yolo,113,214977,23051,21747,1360,23107,270
2021-12-30,Yuba,115,75493,11086,10844,422,11266,99
2021-12-29,Alameda,001,1643700,141332,131586,3775,135361,1529
2021-12-29,Alpine,003,1148,110,113,0,113,0
2021-12-29,Amador,005,37829,6011,5905,82,5987,70
2021-12-29,Butte,007,227075,23118,22353,4307,26660,338
2021-12-29,Calaveras,009,45235,4749,4646,69,4715,93
2021-12-29,Colusa,011,21464,2705,2657,719,3376,21
2021-12-29,Contra Costa,013,1133247,115166,108165,3022,111187,1072
2021-12-29,Del Norte,015,27424,3867,3826,58,3884,43
2021-12-29,El Dorado,017,186661,18293,17489,1923,19412,172
2021-12-29,Fresno,019,978130,153387,149318,13752,163070,2364
2021-12-29,Glenn,021,27897,3726,3653,1085,4738,39
2021-12-29,Humboldt,023,135768,10835,10249,840,11089,119
2021-12-29,Imperial,025,180216,38499,37460,4486,41946,800
2021-12-29,Inyo,027,18085,2849,2703,46,2749,49
2021-12-29,Kern,029,883053,138783,135648,26048,161696,1913
2021-12-29,Kings,031,150075,35020,34216,2113,36329,386
2021-12-29,Lake,033,64148,7167,7048,194,7242,117
2021-12-29,Lassen,035,31185,7138,7085,430,7515,55
2021-12-29,Los Angeles,037,10098052,1690395,1576414,69335,1645749,27349
2021-12-29,Madera,039,155013,25451,24923,2459,27382,320
2021-12-29,Marin,041,260295,21632,20025,898,20923,249
2021-12-29,Mariposa,043,17540,1562,1507,64,1571,6
2021-12-29,Mendocino,045,87422,8665,8386,721,9107,99
2021-12-29,Merced,047,269075,45345,44548,2271,46819,693
2021-12-29,Modoc,049,8938,605,600,210,810,6
2021-12-29,Mono,051,14174,2210,2056,27,2083,4
2021-12-29,Monterey,053,433212,52732,50097,3746,53843,641
2021-12-29,Napa,055,140530,15233,14247,234,14481,107
2021-12-29,Nevada,057,99092,10606,10274,384,10658,110
2021-12-29,Orange,059,3164182,357829,334557,21678,356235,5887
2021-12-29,Placer,061,380077,42222,40545,4349,44894,489
2021-12-29,Plumas,063,18699,2050,1990,55,2045,12
2021-12-29,Riverside,065,2383286,411653,392989,18244,411233,5486
2021-12-29,Sacramento,067,1510023,179379,172145,6043,178188,2437
2021-12-29,San Benito,069,59416,8553,8239,204,8443,79
2021-12-29,San Bernardino,071,2135413,405152,382872,13293,396165,6049
2021-12-29,San Diego,073,3302833,453998,421045,26780,447825,4461
2021-12-29,San Francisco,075,870044,69528,63117,3048,66165,684
2021-12-29,San Joaquin,077,732212,109460,106063,5975,112038,1891
2021-12-29,San Luis Obispo,079,281455,33624,31936,1523,33459,365
2021-12-29,San Mateo,081,765935,66787,59478,1453,60931,581
2021-12-29,Santa Barbara,083,443738,51279,49003,1786,50789,568
2021-12-29,Santa Clara,085,1922200,173491,162008,2467,164475,1962
2021-12-29,Santa Cruz,087,273765,23982,22669,1175,23844,228
2021-12-29,Shasta,089,179085,23425,23083,3793,26876,435
2021-12-29,Sierra,091,2930,215,206,21,227,0
2021-12-29,Siskiyou,093,43540,3553,3472,1410,4882,61
2021-12-29,Solano,095,438530,51210,48562,1599,50161,379
2021-12-29,Sonoma,097,501317,48019,45479,750,46229,410
2021-12-29,Stanislaus,099,539301,85185,84083,9733,93816,1332
2021-12-29,Sutter,101,95872,14862,14688,434,15122,193
2021-12-29,Tehama,103,63373,9077,8914,1583,10497,138
2021-12-29,Trinity,105,12862,919,832,222,1054,17
2021-12-29,Tulare,107,460477,73572,71752,17156,88908,1160
2021-12-29,Tuolumne,109,53932,8207,8012,123,8135,91
2021-12-29,Ventura,111,848112,114081,106974,5551,112525,1207
2021-12-29,Yolo,113,214977,22812,21564,1329,22893,270
2021-12-29,Yuba,115,75493,11025,10808,418,11226,99
2021-12-28,Alameda,001,1643700,138166,130427,3622,134049,1522
2021-12-28,Alpine,003,1148,110,113,0,113,0
2021-12-28,Amador,005,37829,5991,5900,81,5981,70
2021-12-28,Butte,007,227075,22974,22285,4290,26575,338
2021-12-28,Calaveras,009,45235,4731,4641,68,4709,91
2021-12-28,Colusa,011,21464,2699,2653,717,3370,21
2021-12-28,Contra Costa,013,1133247,112864,107160,2907,110067,1072
2021-12-28,Del Norte,015,27424,3861,3815,58,3873,43
2021-12-28,El Dorado,017,186661,18070,17419,1913,19332,172
2021-12-28,Fresno,019,978130,152302,148987,13672,162659,2365
2021-12-28,Glenn,021,27897,3701,3639,1081,4720,39
2021-12-28,Humboldt,023,135768,10714,10198,816,11014,119
2021-12-28,Imperial,025,180216,38203,37223,4386,41609,800
2021-12-28,Inyo,027,18085,2791,2676,45,2721,48
2021-12-28,Kern,029,883053,138062,135346,25699,161045,1909
2021-12-28,Kings,031,150075,34884,34165,2098,36263,386
2021-12-28,Lake,033,64148,7148,7044,189,7233,116
2021-12-28,Lassen,035,31185,7129,7083,430,7513,55
2021-12-28,Los Angeles,037,10098052,1658129,1561791,67690,1629481,27323
2021-12-28,Madera,039,155013,25325,24865,2439,27304,320
2021-12-28,Marin,041,260295,21220,19739,868,20607,249
2021-12-28,Mariposa,043,17540,1551,1499,63,1562,6
2021-12-28,Mendocino,045,87422,8605,8366,713,9079,98
2021-12-28,Merced,047,269075,45105,44434,2259,46693,691
2021-12-28,Modoc,049,8938,605,599,209,808,6
2021-12-28,Mono,051,14174,2187,2045,25,2070,4
2021-12-28,Monterey,053,433212,52355,49973,3673,53646,639
2021-12-28,Napa,055,140530,14915,14131,207,14338,107
2021-12-28,Nevada,057,99092,10515,10250,381,10631,110
2021-12-28,Orange,059,3164182,350174,331279,20941,352220,5882
2021-12-28,Placer,061,380077,41753,40410,4279,44689,489
2021-12-28,Plumas,063,18699,2047,1989,55,2044,12
2021-12-28,Riverside,065,2383286,406413,390343,18001,408344,5470
2021-12-28,Sacramento,067,1510023,177092,171290,5914,177204,2426
2021-12-28,San Benito,069,59416,8409,8170,202,8372,79
2021-12-28,San Bernardino,071,2135413,399257,381316,13072,394388,6047
2021-12-28,San Diego,073,3302833,443306,417383,26224,443607,4450
2021-12-28,San Francisco,075,870044,67907,61745,2990,64735,682
2021-12-28,San Joaquin,077,732212,108406,105572,5931,111503,1884
2021-12-28,San Luis Obispo,079,281455,33158,31759,1507,33266,365
2021-12-28,San Mateo,081,765935,65273,58712,1365,60077,582
2021-12-28,Santa Barbara,083,443738,50634,48493,1766,50259,568
2021-12-28,Santa Clara,085,1922200,170287,160811,2372,163183,1962
2021-12-28,Santa Cruz,087,273765,23609,22513,1137,23650,228
2021-12-28,Shasta,089,179085,23354,23035,3788,26823,434
2021-12-28,Sierra,091,2930,212,206,21,227,0
2021-12-28,Siskiyou,093,43540,3544,3468,1405,4873,60
2021-12-28,Solano,095,438530,50296,48318,1545,49863,378
2021-12-28,Sonoma,097,501317,47161,45086,725,45811,410
2021-12-28,Stanislaus,099,539301,84701,83946,9672,93618,1331
2021-12-28,Sutter,101,95872,14813,14662,431,15093,193
2021-12-28,Tehama,103,63373,9059,8893,1581,10474,138
2021-12-28,Trinity,105,12862,917,831,221,1052,17
2021-12-28,Tulare,107,460477,73293,71630,17041,88671,1156
2021-12-28,Tuolumne,109,53932,8165,8006,123,8129,91
2021-12-28,Ventura,111,848112,111975,105883,5421,111304,1207
2021-12-28,Yolo,113,214977,22478,21320,1280,22600,270
2021-12-28,Yuba,115,75493,10969,10778,415,11193,99
2021-12-27,Alameda,001,1643700,135489,129910,3490,133400,1530
2021-12-27,Alpine,003,1148,110,113,0,113,0
2021-12-27,Amador,005,37829,5963,5891,81,5972,70
2021-12-27,Butte,007,227075,22835,22234,4263,26497,335
2021-12-27,Calaveras,009,45235,4706,4630,67,4697,91
2021-12-27,Colusa,011,21464,2688,2652,711,3363,21
2021-12-27,Contra Costa,013,1133247,110697,106692,2824,109516,1071
2021-12-27,Del Norte,015,27424,3852,3802,57,3859,43
2021-12-27,El Dorado,017,186661,17910,17361,1901,19262,172
2021-12-27,Fresno,019,978130,151341,148826,13590,162416,2364
2021-12-27,Glenn,021,27897,3693,3634,1075,4709,39
2021-12-27,Humboldt,023,135768,10600,10164,794,10958,119
2021-12-27,Imperial,025,180216,37962,37180,4292,41472,800
2021-12-27,Inyo,027,18085,2762,2662,43,2705,48
2021-12-27,Kern,029,883053,137412,135119,25396,160515,1907
2021-12-27,Kings,031,150075,34735,34126,2085,36211,382
2021-12-27,Lake,033,64148,7125,7037,179,7216,116
2021-12-27,Lassen,035,31185,7123,7080,430,7510,55
2021-12-27,Los Angeles,037,10098052,1621786,1554074,65935,1620009,27300
2021-12-27,Madera,039,155013,25206,24840,2420,27260,320
2021-12-27,Marin,041,260295,20831,19601,841,20442,249
2021-12-27,Mariposa,043,17540,1536,1495,63,1558,6
2021-12-27,Mendocino,045,87422,8538,8351,708,9059,98
2021-12-27,Merced,047,269075,44874,44383,2241,46624,690
2021-12-27,Modoc,049,8938,603,599,209,808,6
2021-12-27,Mono,051,14174,2124,2026,25,2051,4
2021-12-27,Monterey,053,433212,52055,49918,3622,53540,639
2021-12-27,Napa,055,140530,14646,14083,198,14281,107
2021-12-27,Nevada,057,99092,10446,10239,373,10612,110
2021-12-27,Orange,059,3164182,342683,329222,20136,349358,5875
2021-12-27,Placer,061,380077,41376,40263,4231,44494,489
2021-12-27,Plumas,063,18699,2045,1988,53,2041,12
2021-12-27,Riverside,065,2383286,401829,389096,17745,406841,5470
2021-12-27,Sacramento,067,1510023,175065,170858,5745,176603,2422
2021-12-27,San Benito,069,59416,8290,8133,198,8331,79
2021-12-27,San Bernardino,071,2135413,393272,380526,12871,393397,6047
2021-12-27,San Diego,073,3302833,433098,414968,25732,440700,4445
2021-12-27,San Francisco,075,870044,66156,60920,2925,63845,682
2021-12-27,San Joaquin,077,732212,107486,105413,5867,111280,1876
2021-12-27,San Luis Obispo,079,281455,32713,31671,1486,33157,365
2021-12-27,San Mateo,081,765935,63748,58397,1266,59663,581
2021-12-27,Santa Barbara,083,443738,49848,48209,1746,49955,568
2021-12-27,Santa Clara,085,1922200,167278,159904,2246,162150,1961
2021-12-27,Santa Cruz,087,273765,23322,22456,1119,23575,228
2021-12-27,Shasta,089,179085,23293,23015,3777,26792,432
2021-12-27,Sierra,091,2930,212,206,21,227,0
2021-12-27,Siskiyou,093,43540,3535,3466,1400,4866,60
2021-12-27,Solano,095,438530,49563,48172,1497,49669,378
2021-12-27,Sonoma,097,501317,46585,44990,707,45697,410
2021-12-27,Stanislaus,099,539301,84247,83833,9631,93464,1331
2021-12-27,Sutter,101,95872,14757,14642,426,15068,191
2021-12-27,Tehama,103,63373,9044,8887,1573,10460,136
2021-12-27,Trinity,105,12862,917,827,221,1048,17
2021-12-27,Tulare,107,460477,73027,71562,16946,88508,1146
2021-12-27,Tuolumne,109,53932,8127,7978,122,8100,91
2021-12-27,Ventura,111,848112,109890,105212,5286,110498,1206
2021-12-27,Yolo,113,214977,22187,21300,1246,22546,270
2021-12-27,Yuba,115,75493,10908,10759,414,11173,98
2021-12-26,Alameda,001,1643700,133375,127221,3418,130639,1525
2021-12-26,Alpine,003,1148,110,113,0,113,0
2021-12-26,Amador,005,37829,5947,5861,79,5940,70
2021-12-26,Butte,007,227075,22681,22087,4232,26319,330
2021-12-26,Calaveras,009,45235,4684,4591,67,4658,91
2021-12-26,Colusa,011,21464,2677,2647,705,3352,21
2021-12-26,Contra Costa,013,1133247,108935,105022,2725,107747,1071
2021-12-26,Del Norte,015,27424,3847,3795,57,3852,43
2021-12-26,El Dorado,017,186661,17756,17188,1893,19081,172
2021-12-26,Fresno,019,978130,150633,148027,13510,161537,2358
2021-12-26,Glenn,021,27897,3681,3611,1061,4672,39
2021-12-26,Humboldt,023,135768,10457,10052,771,10823,119
2021-12-26,Imperial,025,180216,37660,36878,4202,41080,800
2021-12-26,Inyo,027,18085,2738,2636,40,2676,47
2021-12-26,Kern,029,883053,136687,134591,25141,159732,1908
2021-12-26,Kings,031,150075,34582,34009,2079,36088,379
2021-12-26,Lake,033,64148,7103,7019,176,7195,116
2021-12-26,Lassen,035,31185,7117,7072,429,7501,55
2021-12-26,Los Angeles,037,10098052,1591908,1515469,64137,1579606,27257
2021-12-26,Madera,039,155013,25087,24741,2404,27145,320
2021-12-26,Marin,041,260295,20452,19085,782,19867,249
2021-12-26,Mariposa,043,17540,1530,1480,63,1543,6
2021-12-26,Mendocino,045,87422,8487,8314,706,9020,98
2021-12-26,Merced,047,269075,44622,44208,2227,46435,690
2021-12-26,Modoc,049,8938,602,597,207,804,6
2021-12-26,Mono,051,14174,2098,2000,25,2025,4
2021-12-26,Monterey,053,433212,51774,49709,3573,53282,638
2021-12-26,Napa,055,140530,14409,13809,193,14002,107
2021-12-26,Nevada,057,99092,10386,10153,366,10519,110
2021-12-26,Orange,059,3164182,336336,322991,19340,342331,5863
2021-12-26,Placer,061,380077,41026,39852,4161,44013,489
2021-12-26,Plumas,063,18699,2037,1987,52,2039,12
2021-12-26,Riverside,065,2383286,397644,384567,17576,402143,5470
2021-12-26,Sacramento,067,1510023,173339,169144,5599,174743,2418
2021-12-26,San Benito,069,59416,8201,7991,194,8185,79
2021-12-26,San Bernardino,071,2135413,388415,376052,12694,388746,6043
2021-12-26,San Diego,073,3302833,424104,406616,25238,431854,4442
2021-12-26,San Francisco,075,870044,64576,58229,2863,61092,682
2021-12-26,San Joaquin,077,732212,106675,104590,5814,110404,1872
2021-12-26,San Luis Obispo,079,281455,32266,31290,1468,32758,365
2021-12-26,San Mateo,081,765935,62345,56973,1219,58192,581
2021-12-26,Santa Barbara,083,443738,49171,47553,1716,49269,567
2021-12-26,Santa Clara,085,1922200,164562,156872,2112,158984,1967
2021-12-26,Santa Cruz,087,273765,23038,22176,1105,23281,228
2021-12-26,Shasta,089,179085,23211,22959,3765,26724,432
2021-12-26,Sierra,091,2930,212,202,21,223,0
2021-12-26,Siskiyou,093,43540,3527,3460,1391,4851,60
2021-12-26,Solano,095,438530,49061,47646,1459,49105,377
2021-12-26,Sonoma,097,501317,46089,44358,675,45033,408
2021-12-26,Stanislaus,099,539301,83873,83368,9589,92957,1331
2021-12-26,Sutter,101,95872,14692,14533,423,14956,191
2021-12-26,Tehama,103,63373,9011,8861,1569,10430,136
2021-12-26,Trinity,105,12862,917,826,220,1046,17
2021-12-26,Tulare,107,460477,72778,71292,16840,88132,1137
2021-12-26,Tuolumne,109,53932,8090,7919,122,8041,91
2021-12-26,Ventura,111,848112,108056,103498,5139,108637,1206
2021-12-26,Yolo,113,214977,21902,21084,1207,22291,270
2021-12-26,Yuba,115,75493,10857,10694,412,11106,98
2021-12-25,Alameda,001,1643700,132286,127221,3353,130574,1525
2021-12-25,Alpine,003,1148,110,113,0,113,0
2021-12-25,Amador,005,37829,5928,5861,79,5940,70
2021-12-25,Butte,007,227075,22583,22087,4215,26302,330
2021-12-25,Calaveras,009,45235,4655,4591,66,4657,91
2021-12-25,Colusa,011,21464,2672,2647,699,3346,21
2021-12-25,Contra Costa,013,1133247,108113,105022,2671,107693,1071
2021-12-25,Del Norte,015,27424,3840,3795,56,3851,43
2021-12-25,El Dorado,017,186661,17703,17188,1882,19070,172
2021-12-25,Fresno,019,978130,150318,148027,13462,161489,2358
2021-12-25,Glenn,021,27897,3670,3611,1057,4668,39
2021-12-25,Humboldt,023,135768,10375,10052,764,10816,119
2021-12-25,Imperial,025,180216,37538,36878,4180,41058,800
2021-12-25,Inyo,027,18085,2718,2636,40,2676,47
2021-12-25,Kern,029,883053,136340,134591,25015,159606,1908
2021-12-25,Kings,031,150075,34492,34009,2072,36081,379
2021-12-25,Lake,033,64148,7091,7019,174,7193,116
2021-12-25,Lassen,035,31185,7115,7072,429,7501,55
2021-12-25,Los Angeles,037,10098052,1579084,1515469,62796,1578265,27257
2021-12-25,Madera,039,155013,25037,24741,2398,27139,320
2021-12-25,Marin,041,260295,20110,19085,733,19818,249
2021-12-25,Mariposa,043,17540,1524,1480,63,1543,6
2021-12-25,Mendocino,045,87422,8449,8314,706,9020,98
2021-12-25,Merced,047,269075,44520,44208,2225,46433,690
2021-12-25,Modoc,049,8938,602,597,207,804,6
2021-12-25,Mono,051,14174,2081,2000,25,2025,4
2021-12-25,Monterey,053,433212,51607,49709,3538,53247,638
2021-12-25,Napa,055,140530,14294,13809,185,13994,107
2021-12-25,Nevada,057,99092,10357,10153,366,10519,110
2021-12-25,Orange,059,3164182,333456,322991,18769,341760,5863
2021-12-25,Placer,061,380077,40842,39852,4127,43979,489
2021-12-25,Plumas,063,18699,2035,1987,52,2039,12
2021-12-25,Riverside,065,2383286,395363,384567,17457,402024,5470
2021-12-25,Sacramento,067,1510023,172523,169144,5494,174638,2418
2021-12-25,San Benito,069,59416,8136,7991,194,8185,79
2021-12-25,San Bernardino,071,2135413,386178,376052,12561,388613,6043
2021-12-25,San Diego,073,3302833,420036,406616,24968,431584,4442
2021-12-25,San Francisco,075,870044,63545,58229,2827,61056,682
2021-12-25,San Joaquin,077,732212,106338,104590,5782,110372,1872
2021-12-25,San Luis Obispo,079,281455,32113,31290,1459,32749,365
2021-12-25,San Mateo,081,765935,61312,56973,1176,58149,581
2021-12-25,Santa Barbara,083,443738,48807,47553,1704,49257,567
2021-12-25,Santa Clara,085,1922200,163076,156872,2045,158917,1967
2021-12-25,Santa Cruz,087,273765,22878,22176,1099,23275,228
2021-12-25,Shasta,089,179085,23178,22959,3759,26718,432
2021-12-25,Sierra,091,2930,212,202,21,223,0
2021-12-25,Siskiyou,093,43540,3524,3460,1385,4845,60
2021-12-25,Solano,095,438530,48936,47646,1441,49087,377
2021-12-25,Sonoma,097,501317,45705,44358,649,45007,408
2021-12-25,Stanislaus,099,539301,83659,83368,9563,92931,1331
2021-12-25,Sutter,101,95872,14651,14533,421,14954,191
2021-12-25,Tehama,103,63373,8991,8861,1565,10426,136
2021-12-25,Trinity,105,12862,916,826,220,1046,17
2021-12-25,Tulare,107,460477,72643,71292,16762,88054,1137
2021-12-25,Tuolumne,109,53932,8059,7919,122,8041,91
2021-12-25,Ventura,111,848112,106883,103498,5033,108531,1206
2021-12-25,Yolo,113,214977,21792,21084,1186,22270,270
2021-12-25,Yuba,115,75493,10830,10694,411,11105,98
2021-12-24,Alameda,001,1643700,131659,127221,3336,130557,1525
2021-12-24,Alpine,003,1148,110,113,0,113,0
2021-12-24,Amador,005,37829,5920,5861,78,5939,70
2021-12-24,Butte,007,227075,22526,22087,4198,26285,330
2021-12-24,Calaveras,009,45235,4649,4591,66,4657,91
2021-12-24,Colusa,011,21464,2670,2647,698,3345,21
2021-12-24,Contra Costa,013,1133247,107795,105022,2638,107660,1071
2021-12-24,Del Norte,015,27424,3833,3795,56,3851,43
2021-12-24,El Dorado,017,186661,17648,17188,1877,19065,172
2021-12-24,Fresno,019,978130,150151,148027,13449,161476,2358
2021-12-24,Glenn,021,27897,3669,3611,1057,4668,39
2021-12-24,Humboldt,023,135768,10320,10052,759,10811,119
2021-12-24,Imperial,025,180216,37455,36878,4176,41054,800
2021-12-24,Inyo,027,18085,2698,2636,40,2676,47
2021-12-24,Kern,029,883053,136217,134591,24973,159564,1908
2021-12-24,Kings,031,150075,34423,34009,2071,36080,379
2021-12-24,Lake,033,64148,7087,7019,174,7193,116
2021-12-24,Lassen,035,31185,7112,7072,429,7501,55
2021-12-24,Los Angeles,037,10098052,1574207,1515469,62269,1577738,27257
2021-12-24,Madera,039,155013,25002,24741,2393,27134,320
2021-12-24,Marin,041,260295,19964,19085,702,19787,249
2021-12-24,Mariposa,043,17540,1522,1480,63,1543,6
2021-12-24,Mendocino,045,87422,8432,8314,706,9020,98
2021-12-24,Merced,047,269075,44470,44208,2223,46431,690
2021-12-24,Modoc,049,8938,602,597,207,804,6
2021-12-24,Mono,051,14174,2068,2000,25,2025,4
2021-12-24,Monterey,053,433212,51511,49709,3512,53221,638
2021-12-24,Napa,055,140530,14229,13809,181,13990,107
2021-12-24,Nevada,057,99092,10331,10153,364,10517,110
2021-12-24,Orange,059,3164182,332391,322991,18609,341600,5863
2021-12-24,Placer,061,380077,40721,39852,4111,43963,489
2021-12-24,Plumas,063,18699,2034,1987,52,2039,12
2021-12-24,Riverside,065,2383286,394366,384567,17367,401934,5470
2021-12-24,Sacramento,067,1510023,172207,169144,5459,174603,2418
2021-12-24,San Benito,069,59416,8127,7991,193,8184,79
2021-12-24,San Bernardino,071,2135413,385034,376052,12488,388540,6043
2021-12-24,San Diego,073,3302833,418913,406616,24841,431457,4442
2021-12-24,San Francisco,075,870044,63038,58229,2810,61039,682
2021-12-24,San Joaquin,077,732212,106143,104590,5774,110364,1872
2021-12-24,San Luis Obispo,079,281455,32051,31290,1449,32739,365
2021-12-24,San Mateo,081,765935,60879,56973,1153,58126,581
2021-12-24,Santa Barbara,083,443738,48602,47553,1697,49250,567
2021-12-24,Santa Clara,085,1922200,162250,156872,2011,158883,1967
2021-12-24,Santa Cruz,087,273765,22795,22176,1096,23272,228
2021-12-24,Shasta,089,179085,23144,22959,3755,26714,432
2021-12-24,Sierra,091,2930,211,202,21,223,0
2021-12-24,Siskiyou,093,43540,3519,3460,1381,4841,60
2021-12-24,Solano,095,438530,48884,47646,1439,49085,377
2021-12-24,Sonoma,097,501317,45539,44358,641,44999,408
2021-12-24,Stanislaus,099,539301,83548,83368,9540,92908,1331
2021-12-24,Sutter,101,95872,14631,14533,418,14951,191
2021-12-24,Tehama,103,63373,8982,8861,1562,10423,136
2021-12-24,Trinity,105,12862,914,826,220,1046,17
2021-12-24,Tulare,107,460477,72575,71292,16720,88012,1137
2021-12-24,Tuolumne,109,53932,8034,7919,122,8041,91
2021-12-24,Ventura,111,848112,106436,103498,4977,108475,1206
2021-12-24,Yolo,113,214977,21718,21084,1168,22252,270
2021-12-24,Yuba,115,75493,10807,10694,410,11104,98
2021-12-23,Alameda,001,1643700,130926,127221,3301,130522,1525
2021-12-23,Alpine,003,1148,110,113,0,113,0
2021-12-23,Amador,005,37829,5908,5861,76,5937,70
2021-12-23,Butte,007,227075,22473,22087,4187,26274,330
2021-12-23,Calaveras,009,45235,4638,4591,66,4657,91
2021-12-23,Colusa,011,21464,2664,2647,694,3341,21
2021-12-23,Contra Costa,013,1133247,107365,105022,2595,107617,1071
2021-12-23,Del Norte,015,27424,3830,3795,56,3851,43
2021-12-23,El Dorado,017,186661,17584,17188,1871,19059,172
2021-12-23,Fresno,019,978130,149946,148027,13431,161458,2358
2021-12-23,Glenn,021,27897,3665,3611,1057,4668,39
2021-12-23,Humboldt,023,135768,10267,10052,756,10808,119
2021-12-23,Imperial,025,180216,37381,36878,4149,41027,800
2021-12-23,Inyo,027,18085,2685,2636,40,2676,47
2021-12-23,Kern,029,883053,136067,134591,24877,159468,1908
2021-12-23,Kings,031,150075,34382,34009,2070,36079,379
2021-12-23,Lake,033,64148,7075,7019,172,7191,116
2021-12-23,Lassen,035,31185,7111,7072,429,7501,55
2021-12-23,Los Angeles,037,10098052,1564647,1515469,61192,1576661,27257
2021-12-23,Madera,039,155013,24969,24741,2389,27130,320
2021-12-23,Marin,041,260295,19830,19085,685,19770,249
2021-12-23,Mariposa,043,17540,1517,1480,63,1543,6
2021-12-23,Mendocino,045,87422,8423,8314,706,9020,98
2021-12-23,Merced,047,269075,44421,44208,2221,46429,690
2021-12-23,Modoc,049,8938,602,597,207,804,6
2021-12-23,Mono,051,14174,2047,2000,24,2024,4
2021-12-23,Monterey,053,433212,51389,49709,3491,53200,638
2021-12-23,Napa,055,140530,14150,13809,176,13985,107
2021-12-23,Nevada,057,99092,10307,10153,363,10516,110
2021-12-23,Orange,059,3164182,330703,322991,18279,341270,5863
2021-12-23,Placer,061,380077,40598,39852,4095,43947,489
2021-12-23,Plumas,063,18699,2034,1987,52,2039,12
2021-12-23,Riverside,065,2383286,393148,384567,17298,401865,5470
2021-12-23,Sacramento,067,1510023,171750,169144,5412,174556,2418
2021-12-23,San Benito,069,59416,8108,7991,191,8182,79
2021-12-23,San Bernardino,071,2135413,383846,376052,12383,388435,6043
2021-12-23,San Diego,073,3302833,417062,406616,24643,431259,4442
2021-12-23,San Francisco,075,870044,62307,58229,2782,61011,682
2021-12-23,San Joaquin,077,732212,105925,104590,5761,110351,1872
2021-12-23,San Luis Obispo,079,281455,31979,31290,1445,32735,365
2021-12-23,San Mateo,081,765935,60317,56973,1133,58106,581
2021-12-23,Santa Barbara,083,443738,48403,47553,1695,49248,567
2021-12-23,Santa Clara,085,1922200,161345,156872,1952,158824,1967
2021-12-23,Santa Cruz,087,273765,22680,22176,1084,23260,228
2021-12-23,Shasta,089,179085,23113,22959,3752,26711,432
2021-12-23,Sierra,091,2930,208,202,21,223,0
2021-12-23,Siskiyou,093,43540,3519,3460,1379,4839,60
2021-12-23,Solano,095,438530,48776,47646,1423,49069,377
2021-12-23,Sonoma,097,501317,45362,44358,640,44998,408
2021-12-23,Stanislaus,099,539301,83419,83368,9520,92888,1331
2021-12-23,Sutter,101,95872,14614,14533,417,14950,191
2021-12-23,Tehama,103,63373,8970,8861,1558,10419,136
2021-12-23,Trinity,105,12862,914,826,220,1046,17
2021-12-23,Tulare,107,460477,72499,71292,16677,87969,1137
2021-12-23,Tuolumne,109,53932,8016,7919,121,8040,91
2021-12-23,Ventura,111,848112,105901,103498,4911,108409,1206
2021-12-23,Yolo,113,214977,21646,21084,1150,22234,270
2021-12-23,Yuba,115,75493,10794,10694,410,11104,98
2021-12-22,Alameda,001,1643700,129969,126533,3218,129751,1522
2021-12-22,Alpine,003,1148,110,112,0,112,0
2021-12-22,Amador,005,37829,5895,5850,75,5925,70
2021-12-22,Butte,007,227075,22421,22070,4173,26243,330
2021-12-22,Calaveras,009,45235,4629,4580,66,4646,91
2021-12-22,Colusa,011,21464,2664,2645,691,3336,21
2021-12-22,Contra Costa,013,1133247,106727,104559,2551,107110,1070
2021-12-22,Del Norte,015,27424,3830,3794,56,3850,43
2021-12-22,El Dorado,017,186661,17522,17140,1862,19002,172
2021-12-22,Fresno,019,978130,149668,147838,13399,161237,2349
2021-12-22,Glenn,021,27897,3660,3604,1057,4661,39
2021-12-22,Humboldt,023,135768,10205,10022,751,10773,119
2021-12-22,Imperial,025,180216,37295,36755,4112,40867,798
2021-12-22,Inyo,027,18085,2667,2632,40,2672,47
2021-12-22,Kern,029,883053,135832,134433,24795,159228,1900
2021-12-22,Kings,031,150075,34332,33953,2063,36016,376
2021-12-22,Lake,033,64148,7068,7008,170,7178,116
2021-12-22,Lassen,035,31185,7106,7069,428,7497,55
2021-12-22,Los Angeles,037,10098052,1551094,1507110,60030,1567140,27234
2021-12-22,Madera,039,155013,24931,24702,2385,27087,320
2021-12-22,Marin,041,260295,19609,18927,662,19589,249
2021-12-22,Mariposa,043,17540,1510,1480,63,1543,6
2021-12-22,Mendocino,045,87422,8414,8299,706,9005,99
2021-12-22,Merced,047,269075,44350,44137,2218,46355,689
2021-12-22,Modoc,049,8938,602,595,207,802,6
2021-12-22,Mono,051,14174,2043,1979,24,2003,4
2021-12-22,Monterey,053,433212,51234,49650,3474,53124,639
2021-12-22,Napa,055,140530,14023,13746,166,13912,107
2021-12-22,Nevada,057,99092,10279,10101,358,10459,110
2021-12-22,Orange,059,3164182,328400,321765,17851,339616,5858
2021-12-22,Placer,061,380077,40416,39758,4058,43816,489
2021-12-22,Plumas,063,18699,2030,1986,52,2038,12
2021-12-22,Riverside,065,2383286,391317,383319,17185,400504,5472
2021-12-22,Sacramento,067,1510023,171091,168695,5352,174047,2422
2021-12-22,San Benito,069,59416,8056,7971,189,8160,79
2021-12-22,San Bernardino,071,2135413,382122,375044,12298,387342,6039
2021-12-22,San Diego,073,3302833,412944,404269,24314,428583,4434
2021-12-22,San Francisco,075,870044,61321,57520,2740,60260,682
2021-12-22,San Joaquin,077,732212,105655,104385,5747,110132,1870
2021-12-22,San Luis Obispo,079,281455,31838,31175,1425,32600,365
2021-12-22,San Mateo,081,765935,59635,56604,1103,57707,581
2021-12-22,Santa Barbara,083,443738,48146,47372,1679,49051,566
2021-12-22,Santa Clara,085,1922200,160221,156258,1911,158169,1954
2021-12-22,Santa Cruz,087,273765,22573,22075,1079,23154,228
2021-12-22,Shasta,089,179085,23084,22937,3747,26684,432
2021-12-22,Sierra,091,2930,208,202,21,223,0
2021-12-22,Siskiyou,093,43540,3516,3458,1376,4834,59
2021-12-22,Solano,095,438530,48547,47531,1410,48941,375
2021-12-22,Sonoma,097,501317,45087,44201,629,44830,408
2021-12-22,Stanislaus,099,539301,83278,83245,9500,92745,1331
2021-12-22,Sutter,101,95872,14578,14513,414,14927,191
2021-12-22,Tehama,103,63373,8957,8853,1554,10407,136
2021-12-22,Trinity,105,12862,914,826,220,1046,17
2021-12-22,Tulare,107,460477,72400,71226,16629,87855,1137
2021-12-22,Tuolumne,109,53932,7995,7903,121,8024,91
2021-12-22,Ventura,111,848112,105295,103089,4806,107895,1206
2021-12-22,Yolo,113,214977,21571,21012,1136,22148,270
2021-12-22,Yuba,115,75493,10777,10681,410,11091,98
2021-12-21,Alameda,001,1643700,128945,126007,3163,129170,1518
2021-12-21,Alpine,003,1148,110,112,0,112,0
2021-12-21,Amador,005,37829,5885,5845,75,5920,70
2021-12-21,Butte,007,227075,22357,22041,4159,26200,330
2021-12-21,Calaveras,009,45235,4616,4575,66,4641,91
2021-12-21,Colusa,011,21464,2662,2643,690,3333,21
2021-12-21,Contra Costa,013,1133247,106098,104255,2486,106741,1068
2021-12-21,Del Norte,015,27424,3829,3793,56,3849,43
2021-12-21,El Dorado,017,186661,17457,17098,1850,18948,172
2021-12-21,Fresno,019,978130,149380,147707,13364,161071,2341
2021-12-21,Glenn,021,27897,3646,3602,1057,4659,39
2021-12-21,Humboldt,023,135768,10141,9989,746,10735,118
2021-12-21,Imperial,025,180216,37197,36580,4071,40651,792
2021-12-21,Inyo,027,18085,2656,2627,40,2667,47
2021-12-21,Kern,029,883053,135623,134321,24690,159011,1892
2021-12-21,Kings,031,150075,34272,33914,2062,35976,376
2021-12-21,Lake,033,64148,7063,7004,168,7172,116
2021-12-21,Lassen,035,31185,7104,7069,428,7497,55
2021-12-21,Los Angeles,037,10098052,1537189,1501169,59009,1560178,27220
2021-12-21,Madera,039,155013,24894,24688,2378,27066,320
2021-12-21,Marin,041,260295,19439,18828,627,19455,249
2021-12-21,Mariposa,043,17540,1509,1480,62,1542,6
2021-12-21,Mendocino,045,87422,8398,8282,704,8986,97
2021-12-21,Merced,047,269075,44278,44096,2214,46310,688
2021-12-21,Modoc,049,8938,600,595,205,800,6
2021-12-21,Mono,051,14174,2024,1979,24,2003,4
2021-12-21,Monterey,053,433212,51143,49586,3457,53043,638
2021-12-21,Napa,055,140530,13922,13703,155,13858,107
2021-12-21,Nevada,057,99092,10250,10095,358,10453,110
2021-12-21,Orange,059,3164182,326263,320705,17403,338108,5855
2021-12-21,Placer,061,380077,40276,39649,4029,43678,487
2021-12-21,Plumas,063,18699,2030,1975,52,2027,12
2021-12-21,Riverside,065,2383286,389590,382415,17066,399481,5465
2021-12-21,Sacramento,067,1510023,170445,168422,5297,173719,2419
2021-12-21,San Benito,069,59416,8017,7950,186,8136,79
2021-12-21,San Bernardino,071,2135413,380447,374219,12186,386405,6026
2021-12-21,San Diego,073,3302833,409214,402386,23976,426362,4424
2021-12-21,San Francisco,075,870044,60360,56950,2707,59657,681
2021-12-21,San Joaquin,077,732212,105370,104238,5728,109966,1870
2021-12-21,San Luis Obispo,079,281455,31674,31103,1413,32516,365
2021-12-21,San Mateo,081,765935,59018,56381,1080,57461,581
2021-12-21,Santa Barbara,083,443738,47918,47194,1664,48858,564
2021-12-21,Santa Clara,085,1922200,159199,155769,1869,157638,1951
2021-12-21,Santa Cruz,087,273765,22456,22028,1069,23097,228
2021-12-21,Shasta,089,179085,23053,22920,3743,26663,429
2021-12-21,Sierra,091,2930,206,201,21,222,0
2021-12-21,Siskiyou,093,43540,3515,3455,1376,4831,59
2021-12-21,Solano,095,438530,48393,47474,1403,48877,372
2021-12-21,Sonoma,097,501317,44865,44051,619,44670,408
2021-12-21,Stanislaus,099,539301,83123,83167,9469,92636,1331
2021-12-21,Sutter,101,95872,14555,14492,413,14905,190
2021-12-21,Tehama,103,63373,8949,8849,1549,10398,136
2021-12-21,Trinity,105,12862,913,826,220,1046,17
2021-12-21,Tulare,107,460477,72306,71166,16588,87754,1137
2021-12-21,Tuolumne,109,53932,7971,7893,121,8014,91
2021-12-21,Ventura,111,848112,104677,102631,4693,107324,1205
2021-12-21,Yolo,113,214977,21465,20944,1132,22076,267
2021-12-21,Yuba,115,75493,10760,10668,410,11078,98
2021-12-20,Alameda,001,1643700,127981,125762,3094,128856,1515
2021-12-20,Alpine,003,1148,110,112,0,112,0
2021-12-20,Amador,005,37829,5871,5838,75,5913,70
2021-12-20,Butte,007,227075,22295,22030,4145,26175,329
2021-12-20,Calaveras,009,45235,4606,4569,66,4635,91
2021-12-20,Colusa,011,21464,2661,2644,690,3334,21
2021-12-20,Contra Costa,013,1133247,105565,104051,2438,106489,1068
2021-12-20,Del Norte,015,27424,3827,3792,56,3848,43
2021-12-20,El Dorado,017,186661,17396,17083,1842,18925,172
2021-12-20,Fresno,019,978130,149139,147605,13334,160939,2341
2021-12-20,Glenn,021,27897,3640,3597,1057,4654,39
2021-12-20,Humboldt,023,135768,10099,9973,742,10715,118
2021-12-20,Imperial,025,180216,37081,36532,4041,40573,792
2021-12-20,Inyo,027,18085,2653,2615,40,2655,47
2021-12-20,Kern,029,883053,135424,134203,24630,158833,1883
2021-12-20,Kings,031,150075,34230,33898,2061,35959,376
2021-12-20,Lake,033,64148,7058,6999,168,7167,116
2021-12-20,Lassen,035,31185,7102,7065,427,7492,55
2021-12-20,Los Angeles,037,10098052,1525701,1495251,58282,1553533,27188
2021-12-20,Madera,039,155013,24865,24668,2374,27042,313
2021-12-20,Marin,041,260295,19224,18747,609,19356,249
2021-12-20,Mariposa,043,17540,1500,1479,62,1541,6
2021-12-20,Mendocino,045,87422,8386,8264,702,8966,96
2021-12-20,Merced,047,269075,44221,44071,2209,46280,687
2021-12-20,Modoc,049,8938,600,595,202,797,6
2021-12-20,Mono,051,14174,2001,1973,24,1997,4
2021-12-20,Monterey,053,433212,51047,49556,3437,52993,636
2021-12-20,Napa,055,140530,13837,13672,145,13817,107
2021-12-20,Nevada,057,99092,10210,10079,357,10436,109
2021-12-20,Orange,059,3164182,324652,320235,17089,337324,5852
2021-12-20,Placer,061,380077,40146,39579,3999,43578,485
2021-12-20,Plumas,063,18699,2027,1971,50,2021,12
2021-12-20,Riverside,065,2383286,388143,381841,16977,398818,5452
2021-12-20,Sacramento,067,1510023,169875,168153,5257,173410,2414
2021-12-20,San Benito,069,59416,7973,7934,184,8118,79
2021-12-20,San Bernardino,071,2135413,378912,373881,12101,385982,6023
2021-12-20,San Diego,073,3302833,405999,401483,23736,425219,4412
2021-12-20,San Francisco,075,870044,59300,56661,2650,59311,681
2021-12-20,San Joaquin,077,732212,105128,104188,5717,109905,1865
2021-12-20,San Luis Obispo,079,281455,31560,31075,1405,32480,365
2021-12-20,San Mateo,081,765935,58470,56247,1061,57308,581
2021-12-20,Santa Barbara,083,443738,47706,47131,1659,48790,562
2021-12-20,Santa Clara,085,1922200,158238,155427,1820,157247,1950
2021-12-20,Santa Cruz,087,273765,22376,21989,1064,23053,227
2021-12-20,Shasta,089,179085,23032,22888,3738,26626,429
2021-12-20,Sierra,091,2930,205,201,21,222,0
2021-12-20,Siskiyou,093,43540,3514,3453,1374,4827,59
2021-12-20,Solano,095,438530,48265,47394,1395,48789,370
2021-12-20,Sonoma,097,501317,44675,43982,611,44593,408
2021-12-20,Stanislaus,099,539301,82997,83110,9440,92550,1331
2021-12-20,Sutter,101,95872,14532,14480,413,14893,190
2021-12-20,Tehama,103,63373,8941,8840,1546,10386,136
2021-12-20,Trinity,105,12862,913,826,220,1046,17
2021-12-20,Tulare,107,460477,72212,71124,16530,87654,1129
2021-12-20,Tuolumne,109,53932,7957,7867,117,7984,91
2021-12-20,Ventura,111,848112,104170,102452,4617,107069,1203
2021-12-20,Yolo,113,214977,21371,20903,1120,22023,267
2021-12-20,Yuba,115,75493,10744,10656,407,11063,97
2021-12-19,Alameda,001,1643700,127088,125464,3054,128518,1519
2021-12-19,Alpine,003,1148,110,112,0,112,0
2021-12-19,Amador,005,37829,5859,5832,74,5906,70
2021-12-19,Butte,007,227075,22240,22022,4137,26159,329
2021-12-19,Calaveras,009,45235,4590,4563,65,4628,91
2021-12-19,Colusa,011,21464,2661,2643,687,3330,21
2021-12-19,Contra Costa,013,1133247,105074,103906,2404,106310,1068
2021-12-19,Del Norte,015,27424,3823,3797,56,3853,43
2021-12-19,El Dorado,017,186661,17337,17067,1840,18907,172
2021-12-19,Fresno,019,978130,148898,147505,13309,160814,2341
2021-12-19,Glenn,021,27897,3636,3596,1056,4652,39
2021-12-19,Humboldt,023,135768,10056,9957,737,10694,118
2021-12-19,Imperial,025,180216,36952,36501,3998,40499,792
2021-12-19,Inyo,027,18085,2644,2613,40,2653,47
2021-12-19,Kern,029,883053,135225,134136,24562,158698,1883
2021-12-19,Kings,031,150075,34171,33874,2057,35931,378
2021-12-19,Lake,033,64148,7049,6999,165,7164,116
2021-12-19,Lassen,035,31185,7098,7065,427,7492,55
2021-12-19,Los Angeles,037,10098052,1516694,1495082,57683,1552765,27189
2021-12-19,Madera,039,155013,24840,24642,2368,27010,313
2021-12-19,Marin,041,260295,19048,18707,586,19293,249
2021-12-19,Mariposa,043,17540,1494,1475,62,1537,6
2021-12-19,Mendocino,045,87422,8369,8257,699,8956,96
2021-12-19,Merced,047,269075,44126,44045,2202,46247,687
2021-12-19,Modoc,049,8938,599,595,202,797,6
2021-12-19,Mono,051,14174,1990,1968,23,1991,4
2021-12-19,Monterey,053,433212,50945,49516,3416,52932,636
2021-12-19,Napa,055,140530,13764,13659,136,13795,107
2021-12-19,Nevada,057,99092,10174,10057,354,10411,109
2021-12-19,Orange,059,3164182,323241,319615,16862,336477,5852
2021-12-19,Placer,061,380077,40025,39525,3983,43508,485
2021-12-19,Plumas,063,18699,2024,1971,50,2021,12
2021-12-19,Riverside,065,2383286,386697,381305,16902,398207,5452
2021-12-19,Sacramento,067,1510023,169380,167933,5228,173161,2415
2021-12-19,San Benito,069,59416,7948,7929,183,8112,79
2021-12-19,San Bernardino,071,2135413,377581,373480,12063,385543,6023
2021-12-19,San Diego,073,3302833,403522,398197,23540,421737,4406
2021-12-19,San Francisco,075,870044,58421,56358,2594,58952,681
2021-12-19,San Joaquin,077,732212,104869,104125,5703,109828,1865
2021-12-19,San Luis Obispo,079,281455,31436,31035,1394,32429,366
2021-12-19,San Mateo,081,765935,58005,56132,1046,57178,581
2021-12-19,Santa Barbara,083,443738,47483,47070,1652,48722,562
2021-12-19,Santa Clara,085,1922200,157350,155049,1794,156843,1950
2021-12-19,Santa Cruz,087,273765,22277,21960,1059,23019,227
2021-12-19,Shasta,089,179085,22995,22875,3734,26609,429
2021-12-19,Sierra,091,2930,204,201,21,222,0
2021-12-19,Siskiyou,093,43540,3511,3452,1374,4826,59
2021-12-19,Solano,095,438530,48143,47341,1389,48730,370
2021-12-19,Sonoma,097,501317,44491,43944,609,44553,408
2021-12-19,Stanislaus,099,539301,82859,83040,9408,92448,1331
2021-12-19,Sutter,101,95872,14492,14475,412,14887,190
2021-12-19,Tehama,103,63373,8933,8840,1546,10386,136
2021-12-19,Trinity,105,12862,913,826,220,1046,17
2021-12-19,Tulare,107,460477,72119,71085,16488,87573,1129
2021-12-19,Tuolumne,109,53932,7940,7865,116,7981,91
2021-12-19,Ventura,111,848112,103590,102170,4552,106722,1203
2021-12-19,Yolo,113,214977,21289,20887,1102,21989,267
2021-12-19,Yuba,115,75493,10727,10646,405,11051,97
2021-12-18,Alameda,001,1643700,126678,124583,3027,127610,1512
2021-12-18,Alpine,003,1148,110,110,0,110,0
2021-12-18,Amador,005,37829,5853,5821,74,5895,69
2021-12-18,Butte,007,227075,22224,21956,4132,26088,328
2021-12-18,Calaveras,009,45235,4583,4534,65,4599,91
2021-12-18,Colusa,011,21464,2657,2635,685,3320,21
2021-12-18,Contra Costa,013,1133247,104859,103380,2390,105770,1065
2021-12-18,Del Norte,015,27424,3820,3791,56,3847,43
2021-12-18,El Dorado,017,186661,17309,16968,1837,18805,171
2021-12-18,Fresno,019,978130,148795,147038,13296,160334,2335
2021-12-18,Glenn,021,27897,3633,3590,1056,4646,39
2021-12-18,Humboldt,023,135768,10040,9889,737,10626,118
2021-12-18,Imperial,025,180216,36879,36280,3986,40266,790
2021-12-18,Inyo,027,18085,2638,2607,40,2647,47
2021-12-18,Kern,029,883053,135135,133754,24517,158271,1873
2021-12-18,Kings,031,150075,34138,33783,2053,35836,374
2021-12-18,Lake,033,64148,7048,6976,165,7141,115
2021-12-18,Lassen,035,31185,7096,7061,426,7487,55
2021-12-18,Los Angeles,037,10098052,1512597,1484840,57369,1542209,27135
2021-12-18,Madera,039,155013,24825,24575,2366,26941,313
2021-12-18,Marin,041,260295,18948,18537,574,19111,249
2021-12-18,Mariposa,043,17540,1493,1468,62,1530,6
2021-12-18,Mendocino,045,87422,8363,8219,699,8918,95
2021-12-18,Merced,047,269075,44091,43929,2201,46130,686
2021-12-18,Modoc,049,8938,597,595,202,797,6
2021-12-18,Mono,051,14174,1988,1956,23,1979,4
2021-12-18,Monterey,053,433212,50887,49343,3411,52754,635
2021-12-18,Napa,055,140530,13738,13581,134,13715,107
2021-12-18,Nevada,057,99092,10152,9991,352,10343,108
2021-12-18,Orange,059,3164182,322574,318149,16726,334875,5844
2021-12-18,Placer,061,380077,39924,39336,3969,43305,485
2021-12-18,Plumas,063,18699,2024,1964,50,2014,13
2021-12-18,Riverside,065,2383286,386000,379354,16861,396215,5439
2021-12-18,Sacramento,067,1510023,169144,167046,5208,172254,2404
2021-12-18,San Benito,069,59416,7933,7894,183,8077,79
2021-12-18,San Bernardino,071,2135413,376911,371658,12035,383693,6017
2021-12-18,San Diego,073,3302833,402557,397130,23488,420618,4399
2021-12-18,San Francisco,075,870044,57927,55562,2564,58126,679
2021-12-18,San Joaquin,077,732212,104782,103698,5693,109391,1858
2021-12-18,San Luis Obispo,079,281455,31394,30873,1388,32261,365
2021-12-18,San Mateo,081,765935,57765,55730,1041,56771,580
2021-12-18,Santa Barbara,083,443738,47387,46776,1650,48426,562
2021-12-18,Santa Clara,085,1922200,156894,154243,1781,156024,1946
2021-12-18,Santa Cruz,087,273765,22225,21805,1057,22862,225
2021-12-18,Shasta,089,179085,22974,22811,3734,26545,429
2021-12-18,Sierra,091,2930,204,199,21,220,0
2021-12-18,Siskiyou,093,43540,3509,3441,1373,4814,58
2021-12-18,Solano,095,438530,48097,47174,1387,48561,369
2021-12-18,Sonoma,097,501317,44381,43658,605,44263,407
2021-12-18,Stanislaus,099,539301,82777,82736,9396,92132,1330
2021-12-18,Sutter,101,95872,14474,14435,412,14847,190
2021-12-18,Tehama,103,63373,8926,8814,1545,10359,136
2021-12-18,Trinity,105,12862,913,823,220,1043,17
2021-12-18,Tulare,107,460477,72081,70922,16463,87385,1120
2021-12-18,Tuolumne,109,53932,7926,7834,116,7950,91
2021-12-18,Ventura,111,848112,103305,101612,4530,106142,1201
2021-12-18,Yolo,113,214977,21249,20793,1097,21890,267
2021-12-18,Yuba,115,75493,10716,10599,405,11004,96
2021-12-17,Alameda,001,1643700,126336,124583,3008,127591,1512
2021-12-17,Alpine,003,1148,110,110,0,110,0
2021-12-17,Amador,005,37829,5846,5821,74,5895,69
2021-12-17,Butte,007,227075,22203,21956,4125,26081,328
2021-12-17,Calaveras,009,45235,4579,4534,65,4599,91
2021-12-17,Colusa,011,21464,2656,2635,684,3319,21
2021-12-17,Contra Costa,013,1133247,104658,103380,2386,105766,1065
2021-12-17,Del Norte,015,27424,3819,3791,56,3847,43
2021-12-17,El Dorado,017,186661,17281,16968,1834,18802,171
2021-12-17,Fresno,019,978130,148692,147038,13296,160334,2335
2021-12-17,Glenn,021,27897,3626,3590,1056,4646,39
2021-12-17,Humboldt,023,135768,10020,9889,735,10624,118
2021-12-17,Imperial,025,180216,36816,36280,3968,40248,790
2021-12-17,Inyo,027,18085,2633,2607,40,2647,47
2021-12-17,Kern,029,883053,135043,133754,24476,158230,1873
2021-12-17,Kings,031,150075,34119,33783,2053,35836,374
2021-12-17,Lake,033,64148,7044,6976,165,7141,115
2021-12-17,Lassen,035,31185,7096,7061,425,7486,55
2021-12-17,Los Angeles,037,10098052,1508652,1484840,57132,1541972,27135
2021-12-17,Madera,039,155013,24809,24575,2361,26936,313
2021-12-17,Marin,041,260295,18872,18537,570,19107,249
2021-12-17,Mariposa,043,17540,1489,1468,62,1530,6
2021-12-17,Mendocino,045,87422,8352,8219,699,8918,95
2021-12-17,Merced,047,269075,44065,43929,2200,46129,686
2021-12-17,Modoc,049,8938,597,595,202,797,6
2021-12-17,Mono,051,14174,1985,1956,23,1979,4
2021-12-17,Monterey,053,433212,50829,49343,3406,52749,635
2021-12-17,Napa,055,140530,13711,13581,133,13714,107
2021-12-17,Nevada,057,99092,10141,9991,352,10343,108
2021-12-17,Orange,059,3164182,322010,318149,16659,334808,5844
2021-12-17,Placer,061,380077,39869,39336,3963,43299,485
2021-12-17,Plumas,063,18699,2023,1964,50,2014,13
2021-12-17,Riverside,065,2383286,385347,379354,16851,396205,5439
2021-12-17,Sacramento,067,1510023,168911,167046,5195,172241,2404
2021-12-17,San Benito,069,59416,7931,7894,183,8077,79
2021-12-17,San Bernardino,071,2135413,376350,371658,12018,383676,6017
2021-12-17,San Diego,073,3302833,401629,397130,23440,420570,4399
2021-12-17,San Francisco,075,870044,57599,55562,2534,58096,679
2021-12-17,San Joaquin,077,732212,104707,103698,5676,109374,1858
2021-12-17,San Luis Obispo,079,281455,31364,30873,1385,32258,365
2021-12-17,San Mateo,081,765935,57577,55730,1034,56764,580
2021-12-17,Santa Barbara,083,443738,47310,46776,1644,48420,562
2021-12-17,Santa Clara,085,1922200,156521,154243,1767,156010,1946
2021-12-17,Santa Cruz,087,273765,22178,21805,1053,22858,225
2021-12-17,Shasta,089,179085,22962,22811,3732,26543,429
2021-12-17,Sierra,091,2930,203,199,21,220,0
2021-12-17,Siskiyou,093,43540,3505,3441,1371,4812,58
2021-12-17,Solano,095,438530,48029,47174,1383,48557,369
2021-12-17,Sonoma,097,501317,44284,43658,602,44260,407
2021-12-17,Stanislaus,099,539301,82726,82736,9389,92125,1330
2021-12-17,Sutter,101,95872,14462,14435,410,14845,190
2021-12-17,Tehama,103,63373,8919,8814,1544,10358,136
2021-12-17,Trinity,105,12862,913,823,220,1043,17
2021-12-17,Tulare,107,460477,72039,70922,16433,87355,1120
2021-12-17,Tuolumne,109,53932,7914,7834,116,7950,91
2021-12-17,Ventura,111,848112,103055,101612,4518,106130,1201
2021-12-17,Yolo,113,214977,21213,20793,1095,21888,267
2021-12-17,Yuba,115,75493,10705,10599,403,11002,96
2021-12-16,Alameda,001,1643700,125955,124583,2993,127576,1512
2021-12-16,Alpine,003,1148,108,110,0,110,0
2021-12-16,Amador,005,37829,5838,5821,74,5895,69
2021-12-16,Butte,007,227075,22183,21956,4121,26077,328
2021-12-16,Calaveras,009,45235,4572,4534,65,4599,91
2021-12-16,Colusa,011,21464,2656,2635,684,3319,21
2021-12-16,Contra Costa,013,1133247,104436,103380,2376,105756,1065
2021-12-16,Del Norte,015,27424,3816,3791,56,3847,43
2021-12-16,El Dorado,017,186661,17246,16968,1829,18797,171
2021-12-16,Fresno,019,978130,148533,147038,13288,160326,2335
2021-12-16,Glenn,021,27897,3626,3590,1053,4643,39
2021-12-16,Humboldt,023,135768,9996,9889,725,10614,118
2021-12-16,Imperial,025,180216,36732,36280,3940,40220,790
2021-12-16,Inyo,027,18085,2629,2607,39,2646,47
2021-12-16,Kern,029,883053,134899,133754,24427,158181,1873
2021-12-16,Kings,031,150075,34095,33783,2052,35835,374
2021-12-16,Lake,033,64148,7040,6976,165,7141,115
2021-12-16,Lassen,035,31185,7093,7061,424,7485,55
2021-12-16,Los Angeles,037,10098052,1504437,1484840,56869,1541709,27135
2021-12-16,Madera,039,155013,24780,24575,2357,26932,313
2021-12-16,Marin,041,260295,18825,18537,563,19100,249
2021-12-16,Mariposa,043,17540,1487,1468,62,1530,6
2021-12-16,Mendocino,045,87422,8341,8219,694,8913,95
2021-12-16,Merced,047,269075,44026,43929,2199,46128,686
2021-12-16,Modoc,049,8938,597,595,202,797,6
2021-12-16,Mono,051,14174,1982,1956,23,1979,4
2021-12-16,Monterey,053,433212,50758,49343,3389,52732,635
2021-12-16,Napa,055,140530,13679,13581,133,13714,107
2021-12-16,Nevada,057,99092,10115,9991,352,10343,108
2021-12-16,Orange,059,3164182,321398,318149,16579,334728,5844
2021-12-16,Placer,061,380077,39792,39336,3958,43294,485
2021-12-16,Plumas,063,18699,2023,1964,50,2014,13
2021-12-16,Riverside,065,2383286,384542,379354,16837,396191,5439
2021-12-16,Sacramento,067,1510023,168628,167046,5171,172217,2404
2021-12-16,San Benito,069,59416,7924,7894,183,8077,79
2021-12-16,San Bernardino,071,2135413,375684,371658,11998,383656,6017
2021-12-16,San Diego,073,3302833,400460,397130,23374,420504,4399
2021-12-16,San Francisco,075,870044,57220,55562,2512,58074,679
2021-12-16,San Joaquin,077,732212,104585,103698,5669,109367,1858
2021-12-16,San Luis Obispo,079,281455,31294,30873,1379,32252,365
2021-12-16,San Mateo,081,765935,57377,55730,1031,56761,580
2021-12-16,Santa Barbara,083,443738,47189,46776,1640,48416,562
2021-12-16,Santa Clara,085,1922200,156189,154243,1757,156000,1946
2021-12-16,Santa Cruz,087,273765,22132,21805,1052,22857,225
2021-12-16,Shasta,089,179085,22932,22811,3730,26541,429
2021-12-16,Sierra,091,2930,203,199,21,220,0
2021-12-16,Siskiyou,093,43540,3504,3441,1367,4808,58
2021-12-16,Solano,095,438530,47961,47174,1376,48550,369
2021-12-16,Sonoma,097,501317,44185,43658,600,44258,407
2021-12-16,Stanislaus,099,539301,82639,82736,9375,92111,1330
2021-12-16,Sutter,101,95872,14448,14435,409,14844,190
2021-12-16,Tehama,103,63373,8912,8814,1543,10357,136
2021-12-16,Trinity,105,12862,913,823,220,1043,17
2021-12-16,Tulare,107,460477,71990,70922,16408,87330,1120
2021-12-16,Tuolumne,109,53932,7893,7834,116,7950,91
2021-12-16,Ventura,111,848112,102788,101612,4511,106123,1201
2021-12-16,Yolo,113,214977,21162,20793,1090,21883,267
2021-12-16,Yuba,115,75493,10689,10599,402,11001,96
2021-12-15,Alameda,001,1643700,125626,124342,2982,127324,1509
2021-12-15,Alpine,003,1148,108,109,0,109,0
2021-12-15,Amador,005,37829,5832,5810,74,5884,69
2021-12-15,Butte,007,227075,22159,21922,4120,26042,327
2021-12-15,Calaveras,009,45235,4566,4523,65,4588,89
2021-12-15,Colusa,011,21464,2655,2632,683,3315,21
2021-12-15,Contra Costa,013,1133247,104217,103236,2373,105609,1064
2021-12-15,Del Norte,015,27424,3815,3789,55,3844,43
2021-12-15,El Dorado,017,186661,17216,16936,1823,18759,171
2021-12-15,Fresno,019,978130,148405,146859,13274,160133,2319
2021-12-15,Glenn,021,27897,3625,3589,1053,4642,39
2021-12-15,Humboldt,023,135768,9976,9854,724,10578,118
2021-12-15,Imperial,025,180216,36652,36187,3896,40083,789
2021-12-15,Inyo,027,18085,2624,2606,39,2645,47
2021-12-15,Kern,029,883053,134761,133590,24381,157971,1866
2021-12-15,Kings,031,150075,34066,33716,2048,35764,374
2021-12-15,Lake,033,64148,7032,6968,164,7132,115
2021-12-15,Lassen,035,31185,7093,7062,424,7486,55
2021-12-15,Los Angeles,037,10098052,1500531,1482735,56669,1539404,27116
2021-12-15,Madera,039,155013,24762,24549,2351,26900,313
2021-12-15,Marin,041,260295,18766,18514,558,19072,249
2021-12-15,Mariposa,043,17540,1484,1463,62,1525,6
2021-12-15,Mendocino,045,87422,8336,8209,691,8900,95
2021-12-15,Merced,047,269075,43984,43890,2187,46077,685
2021-12-15,Modoc,049,8938,597,595,202,797,6
2021-12-15,Mono,051,14174,1978,1955,23,1978,4
2021-12-15,Monterey,053,433212,50703,49279,3371,52650,635
2021-12-15,Napa,055,140530,13650,13557,131,13688,107
2021-12-15,Nevada,057,99092,10094,9958,352,10310,107
2021-12-15,Orange,059,3164182,320815,317808,16537,334345,5838
2021-12-15,Placer,061,380077,39735,39264,3948,43212,485
2021-12-15,Plumas,063,18699,2019,1957,50,2007,12
2021-12-15,Riverside,065,2383286,383821,378769,16826,395595,5438
2021-12-15,Sacramento,067,1510023,168321,166793,5151,171944,2401
2021-12-15,San Benito,069,59416,7909,7877,183,8060,79
2021-12-15,San Bernardino,071,2135413,375118,371122,11965,383087,6013
2021-12-15,San Diego,073,3302833,399265,396546,23304,419850,4395
2021-12-15,San Francisco,075,870044,56902,55414,2494,57908,679
2021-12-15,San Joaquin,077,732212,104434,103579,5659,109238,1853
2021-12-15,San Luis Obispo,079,281455,31245,30784,1372,32156,365
2021-12-15,San Mateo,081,765935,57235,55657,1021,56678,580
2021-12-15,Santa Barbara,083,443738,47108,46681,1638,48319,562
2021-12-15,Santa Clara,085,1922200,155877,153928,1739,155667,1944
2021-12-15,Santa Cruz,087,273765,22092,21753,1045,22798,225
2021-12-15,Shasta,089,179085,22917,22778,3726,26504,427
2021-12-15,Sierra,091,2930,203,199,21,220,0
2021-12-15,Siskiyou,093,43540,3503,3434,1366,4800,58
2021-12-15,Solano,095,438530,47890,47098,1370,48468,367
2021-12-15,Sonoma,097,501317,44103,43580,595,44175,407
2021-12-15,Stanislaus,099,539301,82531,82628,9367,91995,1298
2021-12-15,Sutter,101,95872,14428,14428,408,14836,189
2021-12-15,Tehama,103,63373,8905,8806,1542,10348,136
2021-12-15,Trinity,105,12862,912,822,220,1042,17
2021-12-15,Tulare,107,460477,71938,70846,16379,87225,1120
2021-12-15,Tuolumne,109,53932,7884,7818,115,7933,91
2021-12-15,Ventura,111,848112,102573,101447,4505,105952,1199
2021-12-15,Yolo,113,214977,21133,20749,1086,21835,267
2021-12-15,Yuba,115,75493,10679,10587,401,10988,96
2021-12-14,Alameda,001,1643700,125293,124272,2970,127242,1506
2021-12-14,Alpine,003,1148,107,109,0,109,0
2021-12-14,Amador,005,37829,5826,5808,73,5881,69
2021-12-14,Butte,007,227075,22126,21901,4118,26019,326
2021-12-14,Calaveras,009,45235,4554,4517,65,4582,89
2021-12-14,Colusa,011,21464,2653,2628,683,3311,21
2021-12-14,Contra Costa,013,1133247,104033,103135,2369,105504,1064
2021-12-14,Del Norte,015,27424,3812,3788,55,3843,43
2021-12-14,El Dorado,017,186661,17181,16915,1821,18736,170
2021-12-14,Fresno,019,978130,148234,146756,13266,160022,2316
2021-12-14,Glenn,021,27897,3624,3589,1053,4642,39
2021-12-14,Humboldt,023,135768,9964,9836,716,10552,118
2021-12-14,Imperial,025,180216,36580,36049,3853,39902,789
2021-12-14,Inyo,027,18085,2623,2601,39,2640,46
2021-12-14,Kern,029,883053,134623,133498,24332,157830,1863
2021-12-14,Kings,031,150075,34029,33693,2045,35738,373
2021-12-14,Lake,033,64148,7023,6961,164,7125,115
2021-12-14,Lassen,035,31185,7092,7061,424,7485,55
2021-12-14,Los Angeles,037,10098052,1496862,1481131,56493,1537624,27099
2021-12-14,Madera,039,155013,24735,24535,2343,26878,313
2021-12-14,Marin,041,260295,18718,18491,556,19047,249
2021-12-14,Mariposa,043,17540,1481,1463,61,1524,6
2021-12-14,Mendocino,045,87422,8308,8206,689,8895,95
2021-12-14,Merced,047,269075,43938,43870,2185,46055,684
2021-12-14,Modoc,049,8938,596,595,202,797,6
2021-12-14,Mono,051,14174,1971,1955,23,1978,4
2021-12-14,Monterey,053,433212,50618,49237,3361,52598,635
2021-12-14,Napa,055,140530,13621,13528,131,13659,107
2021-12-14,Nevada,057,99092,10068,9956,351,10307,106
2021-12-14,Orange,059,3164182,320260,317465,16483,333948,5827
2021-12-14,Placer,061,380077,39660,39221,3943,43164,482
2021-12-14,Plumas,063,18699,2015,1950,48,1998,12
2021-12-14,Riverside,065,2383286,383129,378227,16809,395036,5427
2021-12-14,Sacramento,067,1510023,168011,166605,5128,171733,2394
2021-12-14,San Benito,069,59416,7890,7871,183,8054,79
2021-12-14,San Bernardino,071,2135413,374487,370604,11933,382537,6013
2021-12-14,San Diego,073,3302833,398126,395876,23253,419129,4393
2021-12-14,San Francisco,075,870044,56586,55278,2483,57761,679
2021-12-14,San Joaquin,077,732212,104291,103488,5642,109130,1848
2021-12-14,San Luis Obispo,079,281455,31185,30753,1368,32121,363
2021-12-14,San Mateo,081,765935,57071,55601,1014,56615,580
2021-12-14,Santa Barbara,083,443738,47006,46648,1634,48282,560
2021-12-14,Santa Clara,085,1922200,155555,153814,1726,155540,1945
2021-12-14,Santa Cruz,087,273765,22027,21737,1040,22777,225
2021-12-14,Shasta,089,179085,22890,22756,3725,26481,427
2021-12-14,Sierra,091,2930,201,199,21,220,0
2021-12-14,Siskiyou,093,43540,3498,3430,1365,4795,58
2021-12-14,Solano,095,438530,47843,47065,1364,48429,367
2021-12-14,Sonoma,097,501317,44020,43538,593,44131,407
2021-12-14,Stanislaus,099,539301,82444,82581,9351,91932,1293
2021-12-14,Sutter,101,95872,14416,14421,407,14828,189
2021-12-14,Tehama,103,63373,8901,8805,1542,10347,134
2021-12-14,Trinity,105,12862,912,821,220,1041,17
2021-12-14,Tulare,107,460477,71866,70803,16349,87152,1120
2021-12-14,Tuolumne,109,53932,7871,7815,115,7930,91
2021-12-14,Ventura,111,848112,102349,101343,4498,105841,1199
2021-12-14,Yolo,113,214977,21094,20734,1078,21812,267
2021-12-14,Yuba,115,75493,10662,10574,401,10975,92
2021-12-13,Alameda,001,1643700,125003,124174,2953,127127,1501
2021-12-13,Alpine,003,1148,107,109,0,109,0
2021-12-13,Amador,005,37829,5822,5797,73,5870,69
2021-12-13,Butte,007,227075,22102,21889,4114,26003,326
2021-12-13,Calaveras,009,45235,4547,4507,64,4571,89
2021-12-13,Colusa,011,21464,2650,2627,683,3310,21
2021-12-13,Contra Costa,013,1133247,103880,103041,2358,105399,1064
2021-12-13,Del Norte,015,27424,3808,3787,55,3842,42
2021-12-13,El Dorado,017,186661,17158,16896,1819,18715,170
2021-12-13,Fresno,019,978130,148084,146641,13256,159897,2312
2021-12-13,Glenn,021,27897,3620,3589,1051,4640,37
2021-12-13,Humboldt,023,135768,9935,9821,712,10533,118
2021-12-13,Imperial,025,180216,36496,35974,3832,39806,787
2021-12-13,Inyo,027,18085,2622,2592,39,2631,46
2021-12-13,Kern,029,883053,134497,133381,24279,157660,1863
2021-12-13,Kings,031,150075,33986,33680,2040,35720,372
2021-12-13,Lake,033,64148,7021,6958,162,7120,115
2021-12-13,Lassen,035,31185,7091,7057,424,7481,55
2021-12-13,Los Angeles,037,10098052,1494078,1480195,56332,1536527,27085
2021-12-13,Madera,039,155013,24706,24527,2338,26865,311
2021-12-13,Marin,041,260295,18658,18471,553,19024,249
2021-12-13,Mariposa,043,17540,1479,1462,61,1523,6
2021-12-13,Mendocino,045,87422,8295,8196,687,8883,95
2021-12-13,Merced,047,269075,43898,43848,2181,46029,682
2021-12-13,Modoc,049,8938,595,595,202,797,6
2021-12-13,Mono,051,14174,1964,1952,23,1975,4
2021-12-13,Monterey,053,433212,50566,49222,3342,52564,631
2021-12-13,Napa,055,140530,13608,13518,131,13649,107
2021-12-13,Nevada,057,99092,10049,9946,350,10296,106
2021-12-13,Orange,059,3164182,319790,317112,16431,333543,5824
2021-12-13,Placer,061,380077,39599,39168,3932,43100,481
2021-12-13,Plumas,063,18699,2011,1943,48,1991,12
2021-12-13,Riverside,065,2383286,382548,377728,16794,394522,5414
2021-12-13,Sacramento,067,1510023,167732,166439,5096,171535,2392
2021-12-13,San Benito,069,59416,7881,7856,183,8039,79
2021-12-13,San Bernardino,071,2135413,373906,370274,11925,382199,6011
2021-12-13,San Diego,073,3302833,397321,395266,23200,418466,4389
2021-12-13,San Francisco,075,870044,56316,55245,2470,57715,678
2021-12-13,San Joaquin,077,732212,104176,103449,5633,109082,1846
2021-12-13,San Luis Obispo,079,281455,31135,30746,1364,32110,363
2021-12-13,San Mateo,081,765935,56912,55569,1005,56574,580
2021-12-13,Santa Barbara,083,443738,46918,46608,1629,48237,560
2021-12-13,Santa Clara,085,1922200,155290,153672,1715,155387,1944
2021-12-13,Santa Cruz,087,273765,21972,21698,1037,22735,225
2021-12-13,Shasta,089,179085,22869,22731,3723,26454,426
2021-12-13,Sierra,091,2930,201,199,21,220,0
2021-12-13,Siskiyou,093,43540,3494,3426,1362,4788,57
2021-12-13,Solano,095,438530,47769,47045,1359,48404,365
2021-12-13,Sonoma,097,501317,43924,43492,591,44083,407
2021-12-13,Stanislaus,099,539301,82327,82507,9328,91835,1282
2021-12-13,Sutter,101,95872,14409,14408,407,14815,188
2021-12-13,Tehama,103,63373,8889,8800,1542,10342,134
2021-12-13,Trinity,105,12862,912,820,220,1040,17
2021-12-13,Tulare,107,460477,71808,70758,16325,87083,1114
2021-12-13,Tuolumne,109,53932,7860,7804,115,7919,91
2021-12-13,Ventura,111,848112,102124,101180,4487,105667,1197
2021-12-13,Yolo,113,214977,21042,20706,1076,21782,267
2021-12-13,Yuba,115,75493,10645,10570,401,10971,92
2021-12-12,Alameda,001,1643700,124721,124075,2941,127016,1503
2021-12-12,Alpine,003,1148,107,109,0,109,0
2021-12-12,Amador,005,37829,5814,5797,72,5869,69
2021-12-12,Butte,007,227075,22078,21874,4108,25982,326
2021-12-12,Calaveras,009,45235,4536,4501,64,4565,89
2021-12-12,Colusa,011,21464,2645,2627,680,3307,21
2021-12-12,Contra Costa,013,1133247,103692,102976,2356,105332,1065
2021-12-12,Del Norte,015,27424,3805,3793,55,3848,42
2021-12-12,El Dorado,017,186661,17122,16890,1811,18701,170
2021-12-12,Fresno,019,978130,147922,146518,13241,159759,2310
2021-12-12,Glenn,021,27897,3617,3589,1051,4640,37
2021-12-12,Humboldt,023,135768,9910,9804,705,10509,118
2021-12-12,Imperial,025,180216,36362,35926,3801,39727,787
2021-12-12,Inyo,027,18085,2617,2592,39,2631,46
2021-12-12,Kern,029,883053,134331,133314,24238,157552,1861
2021-12-12,Kings,031,150075,33935,33661,2038,35699,372
2021-12-12,Lake,033,64148,7013,6955,161,7116,115
2021-12-12,Lassen,035,31185,7090,7057,424,7481,55
2021-12-12,Los Angeles,037,10098052,1491162,1479054,56155,1535209,27074
2021-12-12,Madera,039,155013,24677,24493,2331,26824,311
2021-12-12,Marin,041,260295,18605,18451,549,19000,249
2021-12-12,Mariposa,043,17540,1478,1461,61,1522,6
2021-12-12,Mendocino,045,87422,8282,8190,686,8876,95
2021-12-12,Merced,047,269075,43865,43821,2174,45995,682
2021-12-12,Modoc,049,8938,595,595,201,796,6
2021-12-12,Mono,051,14174,1960,1947,23,1970,4
2021-12-12,Monterey,053,433212,50513,49192,3316,52508,631
2021-12-12,Napa,055,140530,13565,13508,129,13637,107
2021-12-12,Nevada,057,99092,10023,9938,349,10287,106
2021-12-12,Orange,059,3164182,319284,316918,16367,333285,5825
2021-12-12,Placer,061,380077,39534,39139,3926,43065,481
2021-12-12,Plumas,063,18699,2007,1942,46,1988,12
2021-12-12,Riverside,065,2383286,381870,377467,16769,394236,5414
2021-12-12,Sacramento,067,1510023,167465,166291,5075,171366,2392
2021-12-12,San Benito,069,59416,7861,7853,183,8036,79
2021-12-12,San Bernardino,071,2135413,373260,369977,11901,381878,6011
2021-12-12,San Diego,073,3302833,396426,393307,23162,416469,4378
2021-12-12,San Francisco,075,870044,56060,55180,2458,57638,678
2021-12-12,San Joaquin,077,732212,104036,103405,5623,109028,1846
2021-12-12,San Luis Obispo,079,281455,31082,30719,1362,32081,363
2021-12-12,San Mateo,081,765935,56795,55505,1001,56506,580
2021-12-12,Santa Barbara,083,443738,46843,46586,1627,48213,560
2021-12-12,Santa Clara,085,1922200,155004,153452,1701,155153,1945
2021-12-12,Santa Cruz,087,273765,21923,21671,1035,22706,225
2021-12-12,Shasta,089,179085,22841,22732,3722,26454,426
2021-12-12,Sierra,091,2930,201,199,21,220,0
2021-12-12,Siskiyou,093,43540,3494,3424,1362,4786,57
2021-12-12,Solano,095,438530,47703,47021,1356,48377,365
2021-12-12,Sonoma,097,501317,43831,43424,588,44012,407
2021-12-12,Stanislaus,099,539301,82227,82460,9315,91775,1282
2021-12-12,Sutter,101,95872,14398,14396,407,14803,189
2021-12-12,Tehama,103,63373,8878,8796,1540,10336,134
2021-12-12,Trinity,105,12862,910,820,220,1040,17
2021-12-12,Tulare,107,460477,71732,70733,16283,87016,1115
2021-12-12,Tuolumne,109,53932,7843,7794,115,7909,91
2021-12-12,Ventura,111,848112,101931,101105,4473,105578,1197
2021-12-12,Yolo,113,214977,20985,20685,1071,21756,267
2021-12-12,Yuba,115,75493,10631,10565,398,10963,92
2021-12-11,Alameda,001,1643700,124583,123572,2939,126511,1496
2021-12-11,Alpine,003,1148,107,109,0,109,0
2021-12-11,Amador,005,37829,5809,5787,72,5859,69
2021-12-11,Butte,007,227075,22064,21819,4106,25925,326
2021-12-11,Calaveras,009,45235,4528,4469,63,4532,89
2021-12-11,Colusa,011,21464,2641,2619,679,3298,21
2021-12-11,Contra Costa,013,1133247,103606,102618,2354,104972,1061
2021-12-11,Del Norte,015,27424,3805,3778,55,3833,42
2021-12-11,El Dorado,017,186661,17102,16796,1810,18606,170
2021-12-11,Fresno,019,978130,147834,145988,13232,159220,2294
2021-12-11,Glenn,021,27897,3615,3585,1051,4636,37
2021-12-11,Humboldt,023,135768,9893,9721,702,10423,118
2021-12-11,Imperial,025,180216,36304,35635,3792,39427,782
2021-12-11,Inyo,027,18085,2612,2576,39,2615,46
2021-12-11,Kern,029,883053,134262,132852,24204,157056,1854
2021-12-11,Kings,031,150075,33922,33530,2036,35566,371
2021-12-11,Lake,033,64148,7012,6932,159,7091,114
2021-12-11,Lassen,035,31185,7089,7049,424,7473,55
2021-12-11,Los Angeles,037,10098052,1489947,1474030,56065,1530095,27031
2021-12-11,Madera,039,155013,24671,24417,2330,26747,311
2021-12-11,Marin,041,260295,18571,18339,546,18885,249
2021-12-11,Mariposa,043,17540,1477,1450,61,1511,6
2021-12-11,Mendocino,045,87422,8275,8130,686,8816,95
2021-12-11,Merced,047,269075,43846,43690,2173,45863,681
2021-12-11,Modoc,049,8938,595,594,201,795,6
2021-12-11,Mono,051,14174,1956,1926,23,1949,4
2021-12-11,Monterey,053,433212,50485,49008,3313,52321,631
2021-12-11,Napa,055,140530,13548,13459,129,13588,107
2021-12-11,Nevada,057,99092,10010,9880,349,10229,106
2021-12-11,Orange,059,3164182,319034,315759,16340,332099,5805
2021-12-11,Placer,061,380077,39476,38959,3919,42878,481
2021-12-11,Plumas,063,18699,2001,1934,46,1980,12
2021-12-11,Riverside,065,2383286,381449,375649,16754,392403,5408
2021-12-11,Sacramento,067,1510023,167334,165530,5068,170598,2386
2021-12-11,San Benito,069,59416,7847,7808,183,7991,79
2021-12-11,San Bernardino,071,2135413,372897,368145,11891,380036,6007
2021-12-11,San Diego,073,3302833,396003,392274,23124,415398,4374
2021-12-11,San Francisco,075,870044,55907,54869,2453,57322,678
2021-12-11,San Joaquin,077,732212,103974,103013,5619,108632,1842
2021-12-11,San Luis Obispo,079,281455,31060,30567,1358,31925,362
2021-12-11,San Mateo,081,765935,56716,55284,999,56283,580
2021-12-11,Santa Barbara,083,443738,46808,46309,1627,47936,559
2021-12-11,Santa Clara,085,1922200,154806,152846,1689,154535,1941
2021-12-11,Santa Cruz,087,273765,21899,21557,1035,22592,225
2021-12-11,Shasta,089,179085,22826,22660,3718,26378,419
2021-12-11,Sierra,091,2930,201,199,21,220,0
2021-12-11,Siskiyou,093,43540,3488,3418,1359,4777,57
2021-12-11,Solano,095,438530,47674,46891,1352,48243,365
2021-12-11,Sonoma,097,501317,43783,43227,588,43815,407
2021-12-11,Stanislaus,099,539301,82178,82133,9306,91439,1264
2021-12-11,Sutter,101,95872,14389,14354,407,14761,187
2021-12-11,Tehama,103,63373,8875,8776,1538,10314,134
2021-12-11,Trinity,105,12862,910,819,220,1039,17
2021-12-11,Tulare,107,460477,71688,70523,16273,86796,1103
2021-12-11,Tuolumne,109,53932,7834,7760,115,7875,91
2021-12-11,Ventura,111,848112,101856,100711,4466,105177,1195
2021-12-11,Yolo,113,214977,20966,20608,1067,21675,267
2021-12-11,Yuba,115,75493,10619,10519,397,10916,92
2021-12-10,Alameda,001,1643700,124460,123572,2931,126503,1496
2021-12-10,Alpine,003,1148,106,109,0,109,0
2021-12-10,Amador,005,37829,5802,5787,72,5859,69
2021-12-10,Butte,007,227075,22051,21819,4104,25923,326
2021-12-10,Calaveras,009,45235,4525,4469,63,4532,89
2021-12-10,Colusa,011,21464,2640,2619,679,3298,21
2021-12-10,Contra Costa,013,1133247,103510,102618,2353,104971,1061
2021-12-10,Del Norte,015,27424,3805,3778,55,3833,42
2021-12-10,El Dorado,017,186661,17089,16796,1810,18606,170
2021-12-10,Fresno,019,978130,147746,145988,13221,159209,2294
2021-12-10,Glenn,021,27897,3615,3585,1051,4636,37
2021-12-10,Humboldt,023,135768,9876,9721,700,10421,118
2021-12-10,Imperial,025,180216,36249,35635,3777,39412,782
2021-12-10,Inyo,027,18085,2609,2576,39,2615,46
2021-12-10,Kern,029,883053,134173,132852,24180,157032,1854
2021-12-10,Kings,031,150075,33907,33530,2034,35564,371
2021-12-10,Lake,033,64148,7005,6932,159,7091,114
2021-12-10,Lassen,035,31185,7088,7049,424,7473,55
2021-12-10,Los Angeles,037,10098052,1488859,1474030,55979,1530009,27031
2021-12-10,Madera,039,155013,24653,24417,2328,26745,311
2021-12-10,Marin,041,260295,18549,18339,546,18885,249
2021-12-10,Mariposa,043,17540,1474,1450,61,1511,6
2021-12-10,Mendocino,045,87422,8268,8130,685,8815,95
2021-12-10,Merced,047,269075,43828,43690,2171,45861,681
2021-12-10,Modoc,049,8938,595,594,201,795,6
2021-12-10,Mono,051,14174,1953,1926,23,1949,4
2021-12-10,Monterey,053,433212,50448,49008,3307,52315,631
2021-12-10,Napa,055,140530,13536,13459,128,13587,107
2021-12-10,Nevada,057,99092,10001,9880,349,10229,106
2021-12-10,Orange,059,3164182,318766,315759,16308,332067,5805
2021-12-10,Placer,061,380077,39434,38959,3916,42875,481
2021-12-10,Plumas,063,18699,1999,1934,46,1980,12
2021-12-10,Riverside,065,2383286,381042,375649,16744,392393,5408
2021-12-10,Sacramento,067,1510023,167182,165530,5066,170596,2386
2021-12-10,San Benito,069,59416,7843,7808,183,7991,79
2021-12-10,San Bernardino,071,2135413,372525,368145,11868,380013,6007
2021-12-10,San Diego,073,3302833,395523,392274,23110,415384,4374
2021-12-10,San Francisco,075,870044,55822,54869,2447,57316,678
2021-12-10,San Joaquin,077,732212,103916,103013,5615,108628,1842
2021-12-10,San Luis Obispo,079,281455,31050,30567,1355,31922,362
2021-12-10,San Mateo,081,765935,56659,55284,996,56280,580
2021-12-10,Santa Barbara,083,443738,46772,46309,1626,47935,559
2021-12-10,Santa Clara,085,1922200,154636,152846,1676,154522,1941
2021-12-10,Santa Cruz,087,273765,21879,21557,1034,22591,225
2021-12-10,Shasta,089,179085,22815,22660,3715,26375,419
2021-12-10,Sierra,091,2930,201,199,21,220,0
2021-12-10,Siskiyou,093,43540,3481,3418,1359,4777,57
2021-12-10,Solano,095,438530,47632,46891,1348,48239,365
2021-12-10,Sonoma,097,501317,43749,43227,587,43814,407
2021-12-10,Stanislaus,099,539301,82112,82133,9300,91433,1264
2021-12-10,Sutter,101,95872,14381,14354,407,14761,187
2021-12-10,Tehama,103,63373,8873,8776,1536,10312,134
2021-12-10,Trinity,105,12862,910,819,220,1039,17
2021-12-10,Tulare,107,460477,71659,70523,16249,86772,1103
2021-12-10,Tuolumne,109,53932,7828,7760,115,7875,91
2021-12-10,Ventura,111,848112,101752,100711,4463,105174,1195
2021-12-10,Yolo,113,214977,20952,20608,1065,21673,267
2021-12-10,Yuba,115,75493,10607,10519,396,10915,92
2021-12-09,Alameda,001,1643700,124317,123572,2926,126498,1496
2021-12-09,Alpine,003,1148,106,109,0,109,0
2021-12-09,Amador,005,37829,5799,5787,71,5858,69
2021-12-09,Butte,007,227075,22031,21819,4100,25919,326
2021-12-09,Calaveras,009,45235,4516,4469,63,4532,89
2021-12-09,Colusa,011,21464,2638,2619,679,3298,21
2021-12-09,Contra Costa,013,1133247,103391,102618,2347,104965,1061
2021-12-09,Del Norte,015,27424,3804,3778,55,3833,42
2021-12-09,El Dorado,017,186661,17061,16796,1805,18601,170
2021-12-09,Fresno,019,978130,147598,145988,13209,159197,2294
2021-12-09,Glenn,021,27897,3615,3585,1051,4636,37
2021-12-09,Humboldt,023,135768,9853,9721,699,10420,118
2021-12-09,Imperial,025,180216,36178,35635,3748,39383,782
2021-12-09,Inyo,027,18085,2607,2576,39,2615,46
2021-12-09,Kern,029,883053,134047,132852,24147,156999,1854
2021-12-09,Kings,031,150075,33881,33530,2031,35561,371
2021-12-09,Lake,033,64148,6996,6932,159,7091,114
2021-12-09,Lassen,035,31185,7086,7049,424,7473,55
2021-12-09,Los Angeles,037,10098052,1487319,1474030,55895,1529925,27031
2021-12-09,Madera,039,155013,24628,24417,2325,26742,311
2021-12-09,Marin,041,260295,18535,18339,544,18883,249
2021-12-09,Mariposa,043,17540,1473,1450,61,1511,6
2021-12-09,Mendocino,045,87422,8255,8130,682,8812,95
2021-12-09,Merced,047,269075,43790,43690,2159,45849,681
2021-12-09,Modoc,049,8938,595,594,201,795,6
2021-12-09,Mono,051,14174,1949,1926,23,1949,4
2021-12-09,Monterey,053,433212,50402,49008,3296,52304,631
2021-12-09,Napa,055,140530,13516,13459,124,13583,107
2021-12-09,Nevada,057,99092,9982,9880,349,10229,106
2021-12-09,Orange,059,3164182,318429,315759,16269,332028,5805
2021-12-09,Placer,061,380077,39390,38959,3903,42862,481
2021-12-09,Plumas,063,18699,1991,1934,46,1980,12
2021-12-09,Riverside,065,2383286,380492,375649,16728,392377,5408
2021-12-09,Sacramento,067,1510023,166961,165530,5051,170581,2386
2021-12-09,San Benito,069,59416,7831,7808,182,7990,79
2021-12-09,San Bernardino,071,2135413,372010,368145,11844,379989,6007
2021-12-09,San Diego,073,3302833,394877,392274,23080,415354,4374
2021-12-09,San Francisco,075,870044,55737,54869,2440,57309,678
2021-12-09,San Joaquin,077,732212,103824,103013,5610,108623,1842
2021-12-09,San Luis Obispo,079,281455,31022,30567,1352,31919,362
2021-12-09,San Mateo,081,765935,56571,55284,994,56278,580
2021-12-09,Santa Barbara,083,443738,46692,46309,1620,47929,559
2021-12-09,Santa Clara,085,1922200,154420,152846,1665,154511,1941
2021-12-09,Santa Cruz,087,273765,21851,21557,1034,22591,225
2021-12-09,Shasta,089,179085,22799,22660,3714,26374,419
2021-12-09,Sierra,091,2930,201,199,21,220,0
2021-12-09,Siskiyou,093,43540,3477,3418,1358,4776,57
2021-12-09,Solano,095,438530,47595,46891,1346,48237,365
2021-12-09,Sonoma,097,501317,43692,43227,585,43812,407
2021-12-09,Stanislaus,099,539301,82041,82133,9285,91418,1264
2021-12-09,Sutter,101,95872,14366,14354,407,14761,187
2021-12-09,Tehama,103,63373,8866,8776,1534,10310,134
2021-12-09,Trinity,105,12862,910,819,220,1039,17
2021-12-09,Tulare,107,460477,71603,70523,16220,86743,1103
2021-12-09,Tuolumne,109,53932,7817,7760,114,7874,91
2021-12-09,Ventura,111,848112,101607,100711,4451,105162,1195
2021-12-09,Yolo,113,214977,20929,20608,1057,21665,267
2021-12-09,Yuba,115,75493,10599,10519,393,10912,92
2021-12-08,Alameda,001,1643700,124167,123438,2916,126354,1496
2021-12-08,Alpine,003,1148,106,108,0,108,0
2021-12-08,Amador,005,37829,5794,5781,71,5852,69
2021-12-08,Butte,007,227075,22014,21780,4097,25877,326
2021-12-08,Calaveras,009,45235,4508,4455,63,4518,89
2021-12-08,Colusa,011,21464,2635,2619,678,3297,21
2021-12-08,Contra Costa,013,1133247,103262,102506,2347,104853,1058
2021-12-08,Del Norte,015,27424,3803,3767,55,3822,42
2021-12-08,El Dorado,017,186661,17029,16757,1805,18562,170
2021-12-08,Fresno,019,978130,147438,145830,13195,159025,2293
2021-12-08,Glenn,021,27897,3615,3584,1048,4632,37
2021-12-08,Humboldt,023,135768,9832,9704,697,10401,117
2021-12-08,Imperial,025,180216,36097,35537,3718,39255,782
2021-12-08,Inyo,027,18085,2604,2570,39,2609,46
2021-12-08,Kern,029,883053,133925,132709,24099,156808,1846
2021-12-08,Kings,031,150075,33847,33468,2030,35498,371
2021-12-08,Lake,033,64148,6990,6927,158,7085,114
2021-12-08,Lassen,035,31185,7085,7041,422,7463,55
2021-12-08,Los Angeles,037,10098052,1485772,1472410,55785,1528195,27018
2021-12-08,Madera,039,155013,24607,24396,2318,26714,311
2021-12-08,Marin,041,260295,18514,18305,541,18846,249
2021-12-08,Mariposa,043,17540,1470,1447,61,1508,6
2021-12-08,Mendocino,045,87422,8242,8118,681,8799,95
2021-12-08,Merced,047,269075,43758,43631,2152,45783,680
2021-12-08,Modoc,049,8938,595,594,201,795,6
2021-12-08,Mono,051,14174,1943,1924,23,1947,4
2021-12-08,Monterey,053,433212,50335,48957,3283,52240,631
2021-12-08,Napa,055,140530,13502,13421,124,13545,107
2021-12-08,Nevada,057,99092,9966,9862,349,10211,106
2021-12-08,Orange,059,3164182,318081,315421,16232,331653,5795
2021-12-08,Placer,061,380077,39339,38934,3899,42833,478
2021-12-08,Plumas,063,18699,1989,1924,46,1970,12
2021-12-08,Riverside,065,2383286,379981,375099,16705,391804,5404
2021-12-08,Sacramento,067,1510023,166706,165278,5024,170302,2373
2021-12-08,San Benito,069,59416,7822,7793,182,7975,79
2021-12-08,San Bernardino,071,2135413,371528,367516,11820,379336,6006
2021-12-08,San Diego,073,3302833,394227,391676,23048,414724,4369
2021-12-08,San Francisco,075,870044,55650,54792,2432,57224,677
2021-12-08,San Joaquin,077,732212,103722,102877,5601,108478,1841
2021-12-08,San Luis Obispo,079,281455,30973,30519,1347,31866,361
2021-12-08,San Mateo,081,765935,56504,55220,988,56208,580
2021-12-08,Santa Barbara,083,443738,46637,46250,1617,47867,558
2021-12-08,Santa Clara,085,1922200,154257,152674,1654,154328,1937
2021-12-08,Santa Cruz,087,273765,21805,21505,1032,22537,224
2021-12-08,Shasta,089,179085,22779,22616,3708,26324,419
2021-12-08,Sierra,091,2930,201,199,21,220,0
2021-12-08,Siskiyou,093,43540,3476,3415,1356,4771,57
2021-12-08,Solano,095,438530,47565,46837,1345,48182,365
2021-12-08,Sonoma,097,501317,43630,43179,584,43763,405
2021-12-08,Stanislaus,099,539301,81960,82038,9272,91310,1264
2021-12-08,Sutter,101,95872,14350,14336,405,14741,187
2021-12-08,Tehama,103,63373,8857,8768,1534,10302,133
2021-12-08,Trinity,105,12862,910,818,220,1038,17
2021-12-08,Tulare,107,460477,71540,70472,16195,86667,1102
2021-12-08,Tuolumne,109,53932,7804,7749,114,7863,91
2021-12-08,Ventura,111,848112,101478,100647,4448,105095,1194
2021-12-08,Yolo,113,214977,20902,20575,1052,21627,267
2021-12-08,Yuba,115,75493,10585,10499,390,10889,92
2021-12-07,Alameda,001,1643700,123992,123325,2908,126233,1497
2021-12-07,Alpine,003,1148,106,108,0,108,0
2021-12-07,Amador,005,37829,5791,5778,70,5848,69
2021-12-07,Butte,007,227075,21990,21761,4091,25852,324
2021-12-07,Calaveras,009,45235,4491,4445,63,4508,88
2021-12-07,Colusa,011,21464,2633,2619,678,3297,21
2021-12-07,Contra Costa,013,1133247,103143,102421,2339,104760,1058
2021-12-07,Del Norte,015,27424,3802,3766,55,3821,42
2021-12-07,El Dorado,017,186661,17003,16742,1802,18544,170
2021-12-07,Fresno,019,978130,147290,145715,13181,158896,2289
2021-12-07,Glenn,021,27897,3614,3579,1048,4627,36
2021-12-07,Humboldt,023,135768,9806,9693,692,10385,117
2021-12-07,Imperial,025,180216,36019,35502,3697,39199,778
2021-12-07,Inyo,027,18085,2601,2567,39,2606,46
2021-12-07,Kern,029,883053,133765,132564,24046,156610,1838
2021-12-07,Kings,031,150075,33815,33441,2027,35468,372
2021-12-07,Lake,033,64148,6986,6925,158,7083,113
2021-12-07,Lassen,035,31185,7083,7040,421,7461,55
2021-12-07,Los Angeles,037,10098052,1483996,1470904,55685,1526589,27007
2021-12-07,Madera,039,155013,24584,24367,2311,26678,311
2021-12-07,Marin,041,260295,18481,18284,535,18819,249
2021-12-07,Mariposa,043,17540,1468,1446,61,1507,6
2021-12-07,Mendocino,045,87422,8223,8107,681,8788,95
2021-12-07,Merced,047,269075,43717,43600,2145,45745,675
2021-12-07,Modoc,049,8938,595,594,200,794,6
2021-12-07,Mono,051,14174,1941,1921,23,1944,4
2021-12-07,Monterey,053,433212,50251,48880,3265,52145,631
2021-12-07,Napa,055,140530,13483,13409,124,13533,107
2021-12-07,Nevada,057,99092,9951,9858,348,10206,105
2021-12-07,Orange,059,3164182,317747,315138,16183,331321,5784
2021-12-07,Placer,061,380077,39263,38860,3895,42755,474
2021-12-07,Plumas,063,18699,1985,1915,46,1961,12
2021-12-07,Riverside,065,2383286,379449,374552,16689,391241,5397
2021-12-07,Sacramento,067,1510023,166458,165148,5010,170158,2375
2021-12-07,San Benito,069,59416,7805,7776,182,7958,78
2021-12-07,San Bernardino,071,2135413,370935,366981,11802,378783,6007
2021-12-07,San Diego,073,3302833,393384,391110,23010,414120,4357
2021-12-07,San Francisco,075,870044,55538,54729,2427,57156,676
2021-12-07,San Joaquin,077,732212,103605,102797,5589,108386,1839
2021-12-07,San Luis Obispo,079,281455,30933,30495,1345,31840,361
2021-12-07,San Mateo,081,765935,56412,55163,982,56145,580
2021-12-07,Santa Barbara,083,443738,46565,46205,1615,47820,556
2021-12-07,Santa Clara,085,1922200,154072,152465,1645,154110,1941
2021-12-07,Santa Cruz,087,273765,21758,21493,1032,22525,224
2021-12-07,Shasta,089,179085,22757,22594,3705,26299,418
2021-12-07,Sierra,091,2930,201,199,21,220,0
2021-12-07,Siskiyou,093,43540,3474,3412,1356,4768,57
2021-12-07,Solano,095,438530,47525,46812,1343,48155,365
2021-12-07,Sonoma,097,501317,43556,43154,583,43737,405
2021-12-07,Stanislaus,099,539301,81882,81980,9261,91241,1258
2021-12-07,Sutter,101,95872,14342,14322,404,14726,186
2021-12-07,Tehama,103,63373,8849,8765,1533,10298,133
2021-12-07,Trinity,105,12862,910,818,220,1038,17
2021-12-07,Tulare,107,460477,71485,70411,16168,86579,1103
2021-12-07,Tuolumne,109,53932,7796,7743,114,7857,91
2021-12-07,Ventura,111,848112,101381,100569,4438,105007,1194
2021-12-07,Yolo,113,214977,20875,20560,1050,21610,263
2021-12-07,Yuba,115,75493,10567,10491,389,10880,91
2021-12-06,Alameda,001,1643700,123826,123227,2904,126131,1496
2021-12-06,Alpine,003,1148,106,108,0,108,0
2021-12-06,Amador,005,37829,5784,5769,69,5838,67
2021-12-06,Butte,007,227075,21972,21732,4088,25820,321
2021-12-06,Calaveras,009,45235,4484,4443,63,4506,88
2021-12-06,Colusa,011,21464,2632,2615,674,3289,21
2021-12-06,Contra Costa,013,1133247,103023,102327,2335,104662,1058
2021-12-06,Del Norte,015,27424,3800,3744,55,3799,42
2021-12-06,El Dorado,017,186661,16978,16726,1800,18526,168
2021-12-06,Fresno,019,978130,147093,145539,13170,158709,2285
2021-12-06,Glenn,021,27897,3611,3577,1047,4624,36
2021-12-06,Humboldt,023,135768,9786,9671,685,10356,117
2021-12-06,Imperial,025,180216,35938,35453,3679,39132,778
2021-12-06,Inyo,027,18085,2595,2562,38,2600,46
2021-12-06,Kern,029,883053,133577,132366,23990,156356,1835
2021-12-06,Kings,031,150075,33782,33399,2022,35421,368
2021-12-06,Lake,033,64148,6982,6922,158,7080,113
2021-12-06,Lassen,035,31185,7078,7032,419,7451,51
2021-12-06,Los Angeles,037,10098052,1482336,1470059,55592,1525651,26993
2021-12-06,Madera,039,155013,24557,24334,2308,26642,307
2021-12-06,Marin,041,260295,18453,18252,533,18785,249
2021-12-06,Mariposa,043,17540,1465,1443,61,1504,6
2021-12-06,Mendocino,045,87422,8210,8079,677,8756,95
2021-12-06,Merced,047,269075,43677,43549,2135,45684,672
2021-12-06,Modoc,049,8938,595,593,200,793,6
2021-12-06,Mono,051,14174,1936,1913,23,1936,4
2021-12-06,Monterey,053,433212,50174,48831,3246,52077,626
2021-12-06,Napa,055,140530,13460,13387,122,13509,107
2021-12-06,Nevada,057,99092,9923,9847,347,10194,105
2021-12-06,Orange,059,3164182,317367,314859,16140,330999,5771
2021-12-06,Placer,061,380077,39205,38785,3890,42675,473
2021-12-06,Plumas,063,18699,1977,1913,46,1959,10
2021-12-06,Riverside,065,2383286,378924,374116,16675,390791,5388
2021-12-06,Sacramento,067,1510023,166182,164926,4989,169915,2367
2021-12-06,San Benito,069,59416,7789,7755,182,7937,78
2021-12-06,San Bernardino,071,2135413,370375,366606,11775,378381,5998
2021-12-06,San Diego,073,3302833,392538,390389,22965,413354,4352
2021-12-06,San Francisco,075,870044,55430,54659,2422,57081,674
2021-12-06,San Joaquin,077,732212,103477,102728,5582,108310,1837
2021-12-06,San Luis Obispo,079,281455,30896,30464,1343,31807,361
2021-12-06,San Mateo,081,765935,56338,55112,979,56091,580
2021-12-06,Santa Barbara,083,443738,46472,46146,1614,47760,556
2021-12-06,Santa Clara,085,1922200,153863,152310,1628,153938,1937
2021-12-06,Santa Cruz,087,273765,21723,21450,1029,22479,224
2021-12-06,Shasta,089,179085,22734,22556,3697,26253,416
2021-12-06,Sierra,091,2930,200,198,21,219,0
2021-12-06,Siskiyou,093,43540,3472,3409,1351,4760,57
2021-12-06,Solano,095,438530,47480,46748,1342,48090,360
2021-12-06,Sonoma,097,501317,43485,43114,575,43689,405
2021-12-06,Stanislaus,099,539301,81785,81889,9227,91116,1241
2021-12-06,Sutter,101,95872,14330,14319,404,14723,186
2021-12-06,Tehama,103,63373,8841,8760,1533,10293,133
2021-12-06,Trinity,105,12862,910,815,219,1034,17
2021-12-06,Tulare,107,460477,71408,70285,16128,86413,1101
2021-12-06,Tuolumne,109,53932,7782,7726,114,7840,91
2021-12-06,Ventura,111,848112,101280,100426,4430,104856,1194
2021-12-06,Yolo,113,214977,20850,20548,1050,21598,263
2021-12-06,Yuba,115,75493,10552,10480,384,10864,91
2021-12-05,Alameda,001,1643700,123640,123104,2897,126001,1496
2021-12-05,Alpine,003,1148,105,108,0,108,0
2021-12-05,Amador,005,37829,5781,5761,69,5830,67
2021-12-05,Butte,007,227075,21938,21720,4082,25802,320
2021-12-05,Calaveras,009,45235,4468,4434,63,4497,88
2021-12-05,Colusa,011,21464,2631,2615,673,3288,21
2021-12-05,Contra Costa,013,1133247,102891,102251,2325,104576,1058
2021-12-05,Del Norte,015,27424,3798,3751,55,3806,42
2021-12-05,El Dorado,017,186661,16940,16717,1795,18512,168
2021-12-05,Fresno,019,978130,146919,145452,13149,158601,2284
2021-12-05,Glenn,021,27897,3609,3577,1046,4623,36
2021-12-05,Humboldt,023,135768,9755,9662,682,10344,117
2021-12-05,Imperial,025,180216,35844,35422,3650,39072,778
2021-12-05,Inyo,027,18085,2588,2559,38,2597,46
2021-12-05,Kern,029,883053,133413,132286,23938,156224,1833
2021-12-05,Kings,031,150075,33719,33360,2022,35382,369
2021-12-05,Lake,033,64148,6977,6919,157,7076,113
2021-12-05,Lassen,035,31185,7076,7031,419,7450,51
2021-12-05,Los Angeles,037,10098052,1480492,1468937,55457,1524394,26991
2021-12-05,Madera,039,155013,24516,24311,2305,26616,307
2021-12-05,Marin,041,260295,18406,18216,525,18741,249
2021-12-05,Mariposa,043,17540,1462,1440,60,1500,6
2021-12-05,Mendocino,045,87422,8191,8069,671,8740,95
2021-12-05,Merced,047,269075,43633,43534,2126,45660,672
2021-12-05,Modoc,049,8938,595,593,200,793,6
2021-12-05,Mono,051,14174,1929,1907,23,1930,4
2021-12-05,Monterey,053,433212,50102,48813,3214,52027,626
2021-12-05,Napa,055,140530,13434,13382,119,13501,107
2021-12-05,Nevada,057,99092,9902,9827,346,10173,105
2021-12-05,Orange,059,3164182,316930,314560,16098,330658,5771
2021-12-05,Placer,061,380077,39147,38738,3881,42619,473
2021-12-05,Plumas,063,18699,1973,1913,45,1958,9
2021-12-05,Riverside,065,2383286,378265,373827,16645,390472,5388
2021-12-05,Sacramento,067,1510023,165878,164721,4971,169692,2367
2021-12-05,San Benito,069,59416,7772,7748,181,7929,78
2021-12-05,San Bernardino,071,2135413,369667,366282,11728,378010,5998
2021-12-05,San Diego,073,3302833,391743,387979,22916,410895,4351
2021-12-05,San Francisco,075,870044,55328,54603,2420,57023,674
2021-12-05,San Joaquin,077,732212,103335,102698,5577,108275,1837
2021-12-05,San Luis Obispo,079,281455,30826,30454,1340,31794,360
2021-12-05,San Mateo,081,765935,56249,55050,969,56019,580
2021-12-05,Santa Barbara,083,443738,46389,46097,1606,47703,555
2021-12-05,Santa Clara,085,1922200,153609,152114,1610,153724,1933
2021-12-05,Santa Cruz,087,273765,21673,21424,1029,22453,224
2021-12-05,Shasta,089,179085,22678,22550,3696,26246,416
2021-12-05,Sierra,091,2930,200,198,21,219,0
2021-12-05,Siskiyou,093,43540,3470,3409,1350,4759,57
2021-12-05,Solano,095,438530,47417,46715,1340,48055,360
2021-12-05,Sonoma,097,501317,43408,43038,570,43608,405
2021-12-05,Stanislaus,099,539301,81646,81847,9217,91064,1241
2021-12-05,Sutter,101,95872,14307,14303,399,14702,186
2021-12-05,Tehama,103,63373,8833,8755,1531,10286,133
2021-12-05,Trinity,105,12862,909,815,219,1034,17
2021-12-05,Tulare,107,460477,71327,70254,16080,86334,1102
2021-12-05,Tuolumne,109,53932,7769,7718,114,7832,91
2021-12-05,Ventura,111,848112,101144,100367,4417,104784,1194
2021-12-05,Yolo,113,214977,20807,20512,1049,21561,263
2021-12-05,Yuba,115,75493,10539,10467,377,10844,91
2021-12-04,Alameda,001,1643700,123527,122508,2894,125402,1494
2021-12-04,Alpine,003,1148,105,108,0,108,0
2021-12-04,Amador,005,37829,5778,5729,69,5798,67
2021-12-04,Butte,007,227075,21919,21638,4078,25716,318
2021-12-04,Calaveras,009,45235,4460,4392,62,4454,88
2021-12-04,Colusa,011,21464,2631,2600,671,3271,21
2021-12-04,Contra Costa,013,1133247,102819,101824,2319,104143,1056
2021-12-04,Del Norte,015,27424,3795,3726,55,3781,42
2021-12-04,El Dorado,017,186661,16931,16621,1794,18415,168
2021-12-04,Fresno,019,978130,146829,144734,13141,157875,2270
2021-12-04,Glenn,021,27897,3609,3559,1046,4605,36
2021-12-04,Humboldt,023,135768,9740,9596,678,10274,117
2021-12-04,Imperial,025,180216,35791,35206,3637,38843,776
2021-12-04,Inyo,027,18085,2583,2538,38,2576,46
2021-12-04,Kern,029,883053,133333,131771,23915,155686,1817
2021-12-04,Kings,031,150075,33695,33183,2021,35204,367
2021-12-04,Lake,033,64148,6968,6903,157,7060,113
2021-12-04,Lassen,035,31185,7075,7014,417,7431,51
2021-12-04,Los Angeles,037,10098052,1479615,1463270,55379,1518649,26952
2021-12-04,Madera,039,155013,24502,24188,2301,26489,307
2021-12-04,Marin,041,260295,18385,18075,524,18599,249
2021-12-04,Mariposa,043,17540,1458,1421,60,1481,6
2021-12-04,Mendocino,045,87422,8186,7981,671,8652,91
2021-12-04,Merced,047,269075,43606,43337,2124,45461,671
2021-12-04,Modoc,049,8938,595,591,200,791,6
2021-12-04,Mono,051,14174,1929,1883,23,1906,4
2021-12-04,Monterey,053,433212,50070,48682,3207,51889,626
2021-12-04,Napa,055,140530,13424,13327,118,13445,106
2021-12-04,Nevada,057,99092,9894,9752,346,10098,105
2021-12-04,Orange,059,3164182,316698,313112,16072,329184,5748
2021-12-04,Placer,061,380077,39107,38460,3875,42335,473
2021-12-04,Plumas,063,18699,1970,1903,45,1948,7
2021-12-04,Riverside,065,2383286,377906,371768,16639,388407,5381
2021-12-04,Sacramento,067,1510023,165735,163900,4963,168863,2365
2021-12-04,San Benito,069,59416,7746,7688,181,7869,78
2021-12-04,San Bernardino,071,2135413,369278,364154,11715,375869,5983
2021-12-04,San Diego,073,3302833,391265,386710,22886,409596,4350
2021-12-04,San Francisco,075,870044,55260,54286,2417,56703,674
2021-12-04,San Joaquin,077,732212,103280,102286,5575,107861,1835
2021-12-04,San Luis Obispo,079,281455,30805,30318,1336,31654,360
2021-12-04,San Mateo,081,765935,56200,54774,966,55740,579
2021-12-04,Santa Barbara,083,443738,46344,45774,1606,47380,555
2021-12-04,Santa Clara,085,1922200,153455,151275,1596,152871,1928
2021-12-04,Santa Cruz,087,273765,21647,21286,1028,22314,224
2021-12-04,Shasta,089,179085,22661,22418,3694,26112,414
2021-12-04,Sierra,091,2930,200,196,21,217,0
2021-12-04,Siskiyou,093,43540,3468,3398,1350,4748,57
2021-12-04,Solano,095,438530,47397,46529,1339,47868,360
2021-12-04,Sonoma,097,501317,43363,42778,567,43345,405
2021-12-04,Stanislaus,099,539301,81574,81462,9210,90672,1231
2021-12-04,Sutter,101,95872,14299,14258,398,14656,186
2021-12-04,Tehama,103,63373,8831,8742,1531,10273,131
2021-12-04,Trinity,105,12862,908,801,219,1020,17
2021-12-04,Tulare,107,460477,71289,70014,16052,86066,1100
2021-12-04,Tuolumne,109,53932,7764,7676,114,7790,91
2021-12-04,Ventura,111,848112,101053,99751,4413,104164,1192
2021-12-04,Yolo,113,214977,20784,20442,1047,21489,261
2021-12-04,Yuba,115,75493,10528,10418,376,10794,91
2021-12-03,Alameda,001,1643700,123434,122508,2884,125392,1494
2021-12-03,Alpine,003,1148,105,108,0,108,0
2021-12-03,Amador,005,37829,5773,5729,68,5797,67
2021-12-03,Butte,007,227075,21906,21638,4073,25711,318
2021-12-03,Calaveras,009,45235,4451,4392,62,4454,88
2021-12-03,Colusa,011,21464,2629,2600,671,3271,21
2021-12-03,Contra Costa,013,1133247,102746,101824,2313,104137,1056
2021-12-03,Del Norte,015,27424,3793,3726,55,3781,42
2021-12-03,El Dorado,017,186661,16901,16621,1792,18413,168
2021-12-03,Fresno,019,978130,146715,144734,13138,157872,2270
2021-12-03,Glenn,021,27897,3608,3559,1045,4604,36
2021-12-03,Humboldt,023,135768,9723,9596,676,10272,117
2021-12-03,Imperial,025,180216,35749,35206,3607,38813,776
2021-12-03,Inyo,027,18085,2576,2538,38,2576,46
2021-12-03,Kern,029,883053,133261,131771,23880,155651,1817
2021-12-03,Kings,031,150075,33668,33183,2021,35204,367
2021-12-03,Lake,033,64148,6968,6903,157,7060,113
2021-12-03,Lassen,035,31185,7073,7014,416,7430,51
2021-12-03,Los Angeles,037,10098052,1478669,1463270,55304,1518574,26952
2021-12-03,Madera,039,155013,24476,24188,2297,26485,307
2021-12-03,Marin,041,260295,18352,18075,520,18595,249
2021-12-03,Mariposa,043,17540,1456,1421,60,1481,6
2021-12-03,Mendocino,045,87422,8179,7981,671,8652,91
2021-12-03,Merced,047,269075,43583,43337,2121,45458,671
2021-12-03,Modoc,049,8938,595,591,200,791,6
2021-12-03,Mono,051,14174,1923,1883,23,1906,4
2021-12-03,Monterey,053,433212,50031,48682,3196,51878,626
2021-12-03,Napa,055,140530,13412,13327,118,13445,106
2021-12-03,Nevada,057,99092,9883,9752,346,10098,105
2021-12-03,Orange,059,3164182,316429,313112,16040,329152,5748
2021-12-03,Placer,061,380077,39070,38460,3868,42328,473
2021-12-03,Plumas,063,18699,1967,1903,45,1948,7
2021-12-03,Riverside,065,2383286,377514,371768,16633,388401,5381
2021-12-03,Sacramento,067,1510023,165554,163900,4949,168849,2365
2021-12-03,San Benito,069,59416,7739,7688,181,7869,78
2021-12-03,San Bernardino,071,2135413,368830,364154,11704,375858,5983
2021-12-03,San Diego,073,3302833,390789,386710,22862,409572,4350
2021-12-03,San Francisco,075,870044,55190,54286,2413,56699,674
2021-12-03,San Joaquin,077,732212,103224,102286,5574,107860,1835
2021-12-03,San Luis Obispo,079,281455,30779,30318,1333,31651,360
2021-12-03,San Mateo,081,765935,56135,54774,963,55737,579
2021-12-03,Santa Barbara,083,443738,46308,45774,1606,47380,555
2021-12-03,Santa Clara,085,1922200,153275,151275,1582,152857,1928
2021-12-03,Santa Cruz,087,273765,21620,21286,1028,22314,224
2021-12-03,Shasta,089,179085,22646,22418,3694,26112,414
2021-12-03,Sierra,091,2930,200,196,21,217,0
2021-12-03,Siskiyou,093,43540,3465,3398,1348,4746,57
2021-12-03,Solano,095,438530,47355,46529,1338,47867,360
2021-12-03,Sonoma,097,501317,43327,42778,565,43343,405
2021-12-03,Stanislaus,099,539301,81517,81462,9201,90663,1231
2021-12-03,Sutter,101,95872,14286,14258,396,14654,186
2021-12-03,Tehama,103,63373,8830,8742,1530,10272,131
2021-12-03,Trinity,105,12862,908,801,219,1020,17
2021-12-03,Tulare,107,460477,71250,70014,16021,86035,1100
2021-12-03,Tuolumne,109,53932,7755,7676,114,7790,91
2021-12-03,Ventura,111,848112,100967,99751,4406,104157,1192
2021-12-03,Yolo,113,214977,20767,20442,1046,21488,261
2021-12-03,Yuba,115,75493,10520,10418,376,10794,91
2021-12-02,Alameda,001,1643700,123276,122508,2877,125385,1494
2021-12-02,Alpine,003,1148,105,108,0,108,0
2021-12-02,Amador,005,37829,5768,5729,67,5796,67
2021-12-02,Butte,007,227075,21881,21638,4068,25706,318
2021-12-02,Calaveras,009,45235,4441,4392,61,4453,88
2021-12-02,Colusa,011,21464,2628,2600,671,3271,21
2021-12-02,Contra Costa,013,1133247,102632,101824,2309,104133,1056
2021-12-02,Del Norte,015,27424,3785,3726,55,3781,42
2021-12-02,El Dorado,017,186661,16880,16621,1790,18411,168
2021-12-02,Fresno,019,978130,146545,144734,13124,157858,2270
2021-12-02,Glenn,021,27897,3608,3559,1042,4601,36
2021-12-02,Humboldt,023,135768,9704,9596,675,10271,117
2021-12-02,Imperial,025,180216,35681,35206,3585,38791,776
2021-12-02,Inyo,027,18085,2571,2538,38,2576,46
2021-12-02,Kern,029,883053,133091,131771,23828,155599,1817
2021-12-02,Kings,031,150075,33615,33183,2019,35202,367
2021-12-02,Lake,033,64148,6964,6903,157,7060,113
2021-12-02,Lassen,035,31185,7069,7014,416,7430,51
2021-12-02,Los Angeles,037,10098052,1477152,1463270,55216,1518486,26952
2021-12-02,Madera,039,155013,24439,24188,2288,26476,307
2021-12-02,Marin,041,260295,18321,18075,516,18591,249
2021-12-02,Mariposa,043,17540,1453,1421,60,1481,6
2021-12-02,Mendocino,045,87422,8163,7981,670,8651,91
2021-12-02,Merced,047,269075,43537,43337,2116,45453,671
2021-12-02,Modoc,049,8938,594,591,200,791,6
2021-12-02,Mono,051,14174,1917,1883,23,1906,4
2021-12-02,Monterey,053,433212,49956,48682,3175,51857,626
2021-12-02,Napa,055,140530,13399,13327,118,13445,106
2021-12-02,Nevada,057,99092,9865,9752,345,10097,105
2021-12-02,Orange,059,3164182,316085,313112,16003,329115,5748
2021-12-02,Placer,061,380077,39004,38460,3863,42323,473
2021-12-02,Plumas,063,18699,1964,1903,45,1948,7
2021-12-02,Riverside,065,2383286,376986,371768,16623,388391,5381
2021-12-02,Sacramento,067,1510023,165327,163900,4939,168839,2365
2021-12-02,San Benito,069,59416,7719,7688,181,7869,78
2021-12-02,San Bernardino,071,2135413,368276,364154,11684,375838,5983
2021-12-02,San Diego,073,3302833,390149,386710,22807,409517,4350
2021-12-02,San Francisco,075,870044,55095,54286,2408,56694,674
2021-12-02,San Joaquin,077,732212,103110,102286,5569,107855,1835
2021-12-02,San Luis Obispo,079,281455,30745,30318,1326,31644,360
2021-12-02,San Mateo,081,765935,56054,54774,955,55729,579
2021-12-02,Santa Barbara,083,443738,46227,45774,1603,47377,555
2021-12-02,Santa Clara,085,1922200,153030,151275,1565,152840,1928
2021-12-02,Santa Cruz,087,273765,21569,21286,1027,22313,224
2021-12-02,Shasta,089,179085,22613,22418,3693,26111,414
2021-12-02,Sierra,091,2930,200,196,21,217,0
2021-12-02,Siskiyou,093,43540,3464,3398,1341,4739,57
2021-12-02,Solano,095,438530,47305,46529,1336,47865,360
2021-12-02,Sonoma,097,501317,43253,42778,565,43343,405
2021-12-02,Stanislaus,099,539301,81422,81462,9193,90655,1231
2021-12-02,Sutter,101,95872,14273,14258,393,14651,186
2021-12-02,Tehama,103,63373,8823,8742,1528,10270,131
2021-12-02,Trinity,105,12862,908,801,219,1020,17
2021-12-02,Tulare,107,460477,71163,70014,15971,85985,1100
2021-12-02,Tuolumne,109,53932,7740,7676,113,7789,91
2021-12-02,Ventura,111,848112,100842,99751,4404,104155,1192
2021-12-02,Yolo,113,214977,20739,20442,1046,21488,261
2021-12-02,Yuba,115,75493,10504,10418,373,10791,91
2021-12-01,Alameda,001,1643700,123125,122298,2868,125166,1492
2021-12-01,Alpine,003,1148,105,108,0,108,0
2021-12-01,Amador,005,37829,5761,5723,67,5790,67
2021-12-01,Butte,007,227075,21863,21600,4063,25663,318
2021-12-01,Calaveras,009,45235,4436,4371,61,4432,88
2021-12-01,Colusa,011,21464,2621,2595,669,3264,20
2021-12-01,Contra Costa,013,1133247,102524,101651,2299,103950,1048
2021-12-01,Del Norte,015,27424,3783,3722,55,3777,42
2021-12-01,El Dorado,017,186661,16859,16575,1788,18363,166
2021-12-01,Fresno,019,978130,146338,144507,13115,157622,2264
2021-12-01,Glenn,021,27897,3602,3556,1041,4597,36
2021-12-01,Humboldt,023,135768,9680,9573,670,10243,117
2021-12-01,Imperial,025,180216,35601,35085,3558,38643,776
2021-12-01,Inyo,027,18085,2567,2533,38,2571,46
2021-12-01,Kern,029,883053,132943,131580,23774,155354,1804
2021-12-01,Kings,031,150075,33565,33112,2018,35130,364
2021-12-01,Lake,033,64148,6956,6896,156,7052,112
2021-12-01,Lassen,035,31185,7064,7008,414,7422,51
2021-12-01,Los Angeles,037,10098052,1475560,1461394,55122,1516516,26928
2021-12-01,Madera,039,155013,24408,24134,2279,26413,307
2021-12-01,Marin,041,260295,18283,18038,510,18548,249
2021-12-01,Mariposa,043,17540,1449,1415,60,1475,6
2021-12-01,Mendocino,045,87422,8149,7966,665,8631,90
2021-12-01,Merced,047,269075,43482,43259,2095,45354,670
2021-12-01,Modoc,049,8938,594,576,200,776,5
2021-12-01,Mono,051,14174,1912,1876,23,1899,4
2021-12-01,Monterey,053,433212,49907,48611,3166,51777,626
2021-12-01,Napa,055,140530,13382,13319,115,13434,107
2021-12-01,Nevada,057,99092,9852,9706,345,10051,105
2021-12-01,Orange,059,3164182,315718,312772,15967,328739,5735
2021-12-01,Placer,061,380077,38949,38373,3857,42230,472
2021-12-01,Plumas,063,18699,1960,1893,45,1938,7
2021-12-01,Riverside,065,2383286,376460,371189,16606,387795,5369
2021-12-01,Sacramento,067,1510023,165114,163616,4922,168538,2360
2021-12-01,San Benito,069,59416,7705,7669,181,7850,78
2021-12-01,San Bernardino,071,2135413,367683,363368,11658,375026,5973
2021-12-01,San Diego,073,3302833,389352,386056,22751,408807,4346
2021-12-01,San Francisco,075,870044,55013,54199,2401,56600,672
2021-12-01,San Joaquin,077,732212,103002,102109,5568,107677,1834
2021-12-01,San Luis Obispo,079,281455,30703,30238,1322,31560,360
2021-12-01,San Mateo,081,765935,55973,54711,952,55663,579
2021-12-01,Santa Barbara,083,443738,46157,45681,1601,47282,554
2021-12-01,Santa Clara,085,1922200,152808,150961,1547,152508,1925
2021-12-01,Santa Cruz,087,273765,21540,21191,1026,22217,224
2021-12-01,Shasta,089,179085,22582,22375,3687,26062,410
2021-12-01,Sierra,091,2930,200,195,21,216,0
2021-12-01,Siskiyou,093,43540,3461,3391,1341,4732,55
2021-12-01,Solano,095,438530,47260,46485,1336,47821,360
2021-12-01,Sonoma,097,501317,43178,42713,564,43277,405
2021-12-01,Stanislaus,099,539301,81325,81330,9180,90510,1231
2021-12-01,Sutter,101,95872,14258,14229,392,14621,186
2021-12-01,Tehama,103,63373,8813,8728,1528,10256,130
2021-12-01,Trinity,105,12862,903,801,219,1020,17
2021-12-01,Tulare,107,460477,71088,69953,15931,85884,1098
2021-12-01,Tuolumne,109,53932,7732,7655,113,7768,91
2021-12-01,Ventura,111,848112,100736,99680,4393,104073,1191
2021-12-01,Yolo,113,214977,20711,20393,1046,21439,260
2021-12-01,Yuba,115,75493,10493,10401,373,10774,89
2021-11-30,Alameda,001,1643700,122954,122196,2860,125056,1489
2021-11-30,Alpine,003,1148,105,108,0,108,0
2021-11-30,Amador,005,37829,5753,5716,67,5783,66
2021-11-30,Butte,007,227075,21834,21565,4052,25617,318
2021-11-30,Calaveras,009,45235,4418,4360,61,4421,88
2021-11-30,Colusa,011,21464,2620,2592,669,3261,21
2021-11-30,Contra Costa,013,1133247,102390,101538,2292,103830,1046
2021-11-30,Del Norte,015,27424,3777,3718,55,3773,42
2021-11-30,El Dorado,017,186661,16831,16558,1782,18340,166
2021-11-30,Fresno,019,978130,146138,144384,13106,157490,2259
2021-11-30,Glenn,021,27897,3597,3555,1040,4595,36
2021-11-30,Humboldt,023,135768,9649,9539,664,10203,116
2021-11-30,Imperial,025,180216,35493,34999,3531,38530,773
2021-11-30,Inyo,027,18085,2558,2530,38,2568,46
2021-11-30,Kern,029,883053,132775,131451,23719,155170,1799
2021-11-30,Kings,031,150075,33513,33074,2014,35088,362
2021-11-30,Lake,033,64148,6950,6892,154,7046,110
2021-11-30,Lassen,035,31185,7060,7003,413,7416,51
2021-11-30,Los Angeles,037,10098052,1473761,1460177,55021,1515198,26913
2021-11-30,Madera,039,155013,24374,24108,2274,26382,307
2021-11-30,Marin,041,260295,18239,18010,508,18518,249
2021-11-30,Mariposa,043,17540,1443,1412,60,1472,6
2021-11-30,Mendocino,045,87422,8120,7960,659,8619,89
2021-11-30,Merced,047,269075,43414,43200,2087,45287,668
2021-11-30,Modoc,049,8938,593,576,200,776,5
2021-11-30,Mono,051,14174,1909,1873,23,1896,4
2021-11-30,Monterey,053,433212,49844,48581,3155,51736,626
2021-11-30,Napa,055,140530,13362,13308,115,13423,105
2021-11-30,Nevada,057,99092,9836,9699,344,10043,105
2021-11-30,Orange,059,3164182,315297,312451,15925,328376,5724
2021-11-30,Placer,061,380077,38846,38324,3849,42173,470
2021-11-30,Plumas,063,18699,1955,1887,44,1931,7
2021-11-30,Riverside,065,2383286,375776,370739,16581,387320,5358
2021-11-30,Sacramento,067,1510023,164832,163420,4899,168319,2353
2021-11-30,San Benito,069,59416,7683,7645,180,7825,78
2021-11-30,San Bernardino,071,2135413,366996,363006,11635,374641,5967
2021-11-30,San Diego,073,3302833,388425,385405,22704,408109,4340
2021-11-30,San Francisco,075,870044,54907,54147,2392,56539,672
2021-11-30,San Joaquin,077,732212,102875,101972,5560,107532,1834
2021-11-30,San Luis Obispo,079,281455,30678,30200,1320,31520,360
2021-11-30,San Mateo,081,765935,55868,54656,942,55598,579
2021-11-30,Santa Barbara,083,443738,46061,45628,1595,47223,553
2021-11-30,Santa Clara,085,1922200,152551,150799,1530,152329,1929
2021-11-30,Santa Cruz,087,273765,21481,21169,1022,22191,224
2021-11-30,Shasta,089,179085,22552,22347,3684,26031,401
2021-11-30,Sierra,091,2930,197,195,21,216,0
2021-11-30,Siskiyou,093,43540,3457,3385,1338,4723,55
2021-11-30,Solano,095,438530,47197,46434,1330,47764,358
2021-11-30,Sonoma,097,501317,43099,42663,561,43224,405
2021-11-30,Stanislaus,099,539301,81221,81276,9152,90428,1227
2021-11-30,Sutter,101,95872,14247,14210,389,14599,186
2021-11-30,Tehama,103,63373,8806,8727,1527,10254,130
2021-11-30,Trinity,105,12862,902,799,219,1018,17
2021-11-30,Tulare,107,460477,71001,69900,15885,85785,1099
2021-11-30,Tuolumne,109,53932,7717,7643,113,7756,91
2021-11-30,Ventura,111,848112,100582,99601,4382,103983,1191
2021-11-30,Yolo,113,214977,20666,20376,1043,21419,260
2021-11-30,Yuba,115,75493,10474,10398,368,10766,89
2021-11-29,Alameda,001,1643700,122793,122136,2851,124987,1489
2021-11-29,Alpine,003,1148,105,108,0,108,0
2021-11-29,Amador,005,37829,5746,5706,67,5773,66
2021-11-29,Butte,007,227075,21803,21544,4045,25589,314
2021-11-29,Calaveras,009,45235,4402,4353,61,4414,88
2021-11-29,Colusa,011,21464,2618,2585,666,3251,20
2021-11-29,Contra Costa,013,1133247,102241,101441,2284,103725,1046
2021-11-29,Del Norte,015,27424,3774,3704,55,3759,42
2021-11-29,El Dorado,017,186661,16813,16534,1777,18311,166
2021-11-29,Fresno,019,978130,145931,144282,13083,157365,2254
2021-11-29,Glenn,021,27897,3594,3555,1039,4594,36
2021-11-29,Humboldt,023,135768,9632,9514,657,10171,115
2021-11-29,Imperial,025,180216,35428,34960,3510,38470,773
2021-11-29,Inyo,027,18085,2553,2529,38,2567,46
2021-11-29,Kern,029,883053,132591,131362,23678,155040,1789
2021-11-29,Kings,031,150075,33460,33059,2010,35069,363
2021-11-29,Lake,033,64148,6938,6889,154,7043,110
2021-11-29,Lassen,035,31185,7057,7003,411,7414,51
2021-11-29,Los Angeles,037,10098052,1471914,1459446,54936,1514382,26889
2021-11-29,Madera,039,155013,24338,24069,2266,26335,307
2021-11-29,Marin,041,260295,18192,17980,503,18483,249
2021-11-29,Mariposa,043,17540,1435,1409,60,1469,6
2021-11-29,Mendocino,045,87422,8103,7954,655,8609,89
2021-11-29,Merced,047,269075,43341,43167,2079,45246,667
2021-11-29,Modoc,049,8938,592,569,200,769,5
2021-11-29,Mono,051,14174,1892,1859,23,1882,4
2021-11-29,Monterey,053,433212,49783,48548,3139,51687,626
2021-11-29,Napa,055,140530,13352,13304,115,13419,104
2021-11-29,Nevada,057,99092,9822,9689,344,10033,105
2021-11-29,Orange,059,3164182,314893,312203,15880,328083,5709
2021-11-29,Placer,061,380077,38781,38261,3844,42105,470
2021-11-29,Plumas,063,18699,1952,1884,44,1928,7
2021-11-29,Riverside,065,2383286,375238,370334,16570,386904,5358
2021-11-29,Sacramento,067,1510023,164583,163282,4867,168149,2342
2021-11-29,San Benito,069,59416,7663,7631,179,7810,77
2021-11-29,San Bernardino,071,2135413,366392,362694,11601,374295,5962
2021-11-29,San Diego,073,3302833,387537,384853,22670,407523,4335
2021-11-29,San Francisco,075,870044,54808,54125,2388,56513,669
2021-11-29,San Joaquin,077,732212,102736,101927,5553,107480,1834
2021-11-29,San Luis Obispo,079,281455,30644,30165,1316,31481,359
2021-11-29,San Mateo,081,765935,55765,54622,938,55560,579
2021-11-29,Santa Barbara,083,443738,45964,45576,1591,47167,549
2021-11-29,Santa Clara,085,1922200,152274,150620,1524,152144,1925
2021-11-29,Santa Cruz,087,273765,21443,21149,1021,22170,224
2021-11-29,Shasta,089,179085,22517,22315,3680,25995,399
2021-11-29,Sierra,091,2930,197,195,21,216,0
2021-11-29,Siskiyou,093,43540,3454,3374,1331,4705,55
2021-11-29,Solano,095,438530,47145,46412,1328,47740,357
2021-11-29,Sonoma,097,501317,43022,42624,558,43182,405
2021-11-29,Stanislaus,099,539301,81139,81227,9134,90361,1223
2021-11-29,Sutter,101,95872,14231,14204,386,14590,186
2021-11-29,Tehama,103,63373,8801,8720,1522,10242,130
2021-11-29,Trinity,105,12862,897,798,219,1017,17
2021-11-29,Tulare,107,460477,70921,69850,15851,85701,1096
2021-11-29,Tuolumne,109,53932,7704,7627,113,7740,90
2021-11-29,Ventura,111,848112,100462,99520,4373,103893,1190
2021-11-29,Yolo,113,214977,20621,20344,1041,21385,257
2021-11-29,Yuba,115,75493,10457,10395,367,10762,89
2021-11-28,Alameda,001,1643700,122574,122082,2845,124927,1491
2021-11-28,Alpine,003,1148,105,108,0,108,0
2021-11-28,Amador,005,37829,5736,5703,67,5770,66
2021-11-28,Butte,007,227075,21762,21530,4042,25572,313
2021-11-28,Calaveras,009,45235,4381,4350,61,4411,88
2021-11-28,Colusa,011,21464,2614,2586,665,3251,19
2021-11-28,Contra Costa,013,1133247,102068,101355,2274,103629,1046
2021-11-28,Del Norte,015,27424,3769,3703,55,3758,42
2021-11-28,El Dorado,017,186661,16772,16527,1776,18303,166
2021-11-28,Fresno,019,978130,145685,144164,13056,157220,2252
2021-11-28,Glenn,021,27897,3591,3547,1037,4584,36
2021-11-28,Humboldt,023,135768,9600,9499,653,10152,115
2021-11-28,Imperial,025,180216,35320,34929,3486,38415,773
2021-11-28,Inyo,027,18085,2546,2531,38,2569,46
2021-11-28,Kern,029,883053,132384,131279,23621,154900,1789
2021-11-28,Kings,031,150075,33387,33057,2004,35061,364
2021-11-28,Lake,033,64148,6928,6885,153,7038,110
2021-11-28,Lassen,035,31185,7048,7002,407,7409,51
2021-11-28,Los Angeles,037,10098052,1469750,1458646,54849,1513495,26878
2021-11-28,Madera,039,155013,24290,24055,2259,26314,307
2021-11-28,Marin,041,260295,18145,17962,499,18461,249
2021-11-28,Mariposa,043,17540,1431,1406,60,1466,6
2021-11-28,Mendocino,045,87422,8073,7943,650,8593,89
2021-11-28,Merced,047,269075,43275,43166,2064,45230,667
2021-11-28,Modoc,049,8938,591,569,200,769,5
2021-11-28,Mono,051,14174,1886,1841,23,1864,4
2021-11-28,Monterey,053,433212,49718,48537,3119,51656,626
2021-11-28,Napa,055,140530,13339,13303,115,13418,104
2021-11-28,Nevada,057,99092,9796,9684,343,10027,105
2021-11-28,Orange,059,3164182,314508,312028,15838,327866,5693
2021-11-28,Placer,061,380077,38699,38240,3825,42065,470
2021-11-28,Plumas,063,18699,1946,1884,43,1927,7
2021-11-28,Riverside,065,2383286,374575,370051,16548,386599,5358
2021-11-28,Sacramento,067,1510023,164225,163170,4844,168014,2335
2021-11-28,San Benito,069,59416,7644,7623,178,7801,77
2021-11-28,San Bernardino,071,2135413,365650,362407,11573,373980,5958
2021-11-28,San Diego,073,3302833,386649,383025,22606,405631,4325
2021-11-28,San Francisco,075,870044,54732,54082,2383,56465,669
2021-11-28,San Joaquin,077,732212,102555,101895,5536,107431,1834
2021-11-28,San Luis Obispo,079,281455,30581,30152,1312,31464,358
2021-11-28,San Mateo,081,765935,55671,54567,934,55501,579
2021-11-28,Santa Barbara,083,443738,45885,45551,1580,47131,549
2021-11-28,Santa Clara,085,1922200,151974,150436,1510,151946,1920
2021-11-28,Santa Cruz,087,273765,21372,21110,1020,22130,224
2021-11-28,Shasta,089,179085,22478,22316,3678,25994,400
2021-11-28,Sierra,091,2930,197,195,21,216,0
2021-11-28,Siskiyou,093,43540,3448,3372,1327,4699,55
2021-11-28,Solano,095,438530,47083,46385,1327,47712,356
2021-11-28,Sonoma,097,501317,42936,42583,555,43138,405
2021-11-28,Stanislaus,099,539301,81014,81181,9112,90293,1223
2021-11-28,Sutter,101,95872,14210,14192,380,14572,186
2021-11-28,Tehama,103,63373,8793,8720,1518,10238,130
2021-11-28,Trinity,105,12862,896,797,219,1016,17
2021-11-28,Tulare,107,460477,70824,69833,15799,85632,1095
2021-11-28,Tuolumne,109,53932,7684,7620,113,7733,90
2021-11-28,Ventura,111,848112,100306,99486,4362,103848,1190
2021-11-28,Yolo,113,214977,20577,20333,1041,21374,257
2021-11-28,Yuba,115,75493,10439,10391,365,10756,89
2021-11-27,Alameda,001,1643700,122476,121618,2842,124460,1477
2021-11-27,Alpine,003,1148,105,106,0,106,0
2021-11-27,Amador,005,37829,5735,5670,67,5737,66
2021-11-27,Butte,007,227075,21739,21384,4037,25421,309
2021-11-27,Calaveras,009,45235,4375,4294,61,4355,85
2021-11-27,Colusa,011,21464,2613,2568,663,3231,19
2021-11-27,Contra Costa,013,1133247,101983,100961,2273,103234,1045
2021-11-27,Del Norte,015,27424,3762,3661,55,3716,42
2021-11-27,El Dorado,017,186661,16738,16399,1775,18174,161
2021-11-27,Fresno,019,978130,145573,143386,13050,156436,2246
2021-11-27,Glenn,021,27897,3587,3532,1036,4568,36
2021-11-27,Humboldt,023,135768,9572,9399,651,10050,115
2021-11-27,Imperial,025,180216,35237,34611,3470,38081,769
2021-11-27,Inyo,027,18085,2543,2506,38,2544,45
2021-11-27,Kern,029,883053,132299,130245,23592,153837,1773
2021-11-27,Kings,031,150075,33365,32891,2001,34892,358
2021-11-27,Lake,033,64148,6925,6836,152,6988,110
2021-11-27,Lassen,035,31185,7046,6959,406,7365,47
2021-11-27,Los Angeles,037,10098052,1468744,1454495,54780,1509275,26817
2021-11-27,Madera,039,155013,24269,23880,2254,26134,296
2021-11-27,Marin,041,260295,18106,17857,494,18351,248
2021-11-27,Mariposa,043,17540,1429,1374,60,1434,6
2021-11-27,Mendocino,045,87422,8054,7871,650,8521,89
2021-11-27,Merced,047,269075,43240,42921,2061,44982,664
2021-11-27,Modoc,049,8938,589,551,200,751,5
2021-11-27,Mono,051,14174,1884,1810,23,1833,4
2021-11-27,Monterey,053,433212,49685,48400,3105,51505,625
2021-11-27,Napa,055,140530,13325,13256,115,13371,104
2021-11-27,Nevada,057,99092,9774,9584,342,9926,103
2021-11-27,Orange,059,3164182,314257,310809,15801,326610,5665
2021-11-27,Placer,061,380077,38638,38001,3819,41820,468
2021-11-27,Plumas,063,18699,1942,1860,43,1903,7
2021-11-27,Riverside,065,2383286,374217,367601,16541,384142,5306
2021-11-27,Sacramento,067,1510023,164067,162328,4841,167169,2335
2021-11-27,San Benito,069,59416,7628,7575,178,7753,77
2021-11-27,San Bernardino,071,2135413,365215,360033,11564,371597,5932
2021-11-27,San Diego,073,3302833,386154,382634,22580,405214,4319
2021-11-27,San Francisco,075,870044,54681,53830,2380,56210,669
2021-11-27,San Joaquin,077,732212,102487,101368,5533,106901,1833
2021-11-27,San Luis Obispo,079,281455,30546,29983,1308,31291,358
2021-11-27,San Mateo,081,765935,55614,54360,931,55291,577
2021-11-27,Santa Barbara,083,443738,45831,45318,1578,46896,548
2021-11-27,Santa Clara,085,1922200,151767,149700,1503,151203,1922
2021-11-27,Santa Cruz,087,273765,21332,20929,1017,21946,222
2021-11-27,Shasta,089,179085,22455,22151,3677,25828,396
2021-11-27,Sierra,091,2930,196,194,21,215,0
2021-11-27,Siskiyou,093,43540,3445,3336,1325,4661,54
2021-11-27,Solano,095,438530,47047,46163,1324,47487,356
2021-11-27,Sonoma,097,501317,42873,42368,555,42923,405
2021-11-27,Stanislaus,099,539301,80945,80782,9095,89877,1220
2021-11-27,Sutter,101,95872,14202,14127,379,14506,181
2021-11-27,Tehama,103,63373,8791,8675,1517,10192,129
2021-11-27,Trinity,105,12862,896,789,219,1008,17
2021-11-27,Tulare,107,460477,70771,69377,15783,85160,1082
2021-11-27,Tuolumne,109,53932,7671,7574,113,7687,90
2021-11-27,Ventura,111,848112,100233,99163,4355,103518,1188
2021-11-27,Yolo,113,214977,20549,20237,1039,21276,257
2021-11-27,Yuba,115,75493,10428,10335,365,10700,88
2021-11-26,Alameda,001,1643700,122368,121618,2840,124458,1477
2021-11-26,Alpine,003,1148,105,106,0,106,0
2021-11-26,Amador,005,37829,5731,5670,67,5737,66
2021-11-26,Butte,007,227075,21715,21384,4032,25416,309
2021-11-26,Calaveras,009,45235,4366,4294,61,4355,85
2021-11-26,Colusa,011,21464,2611,2568,662,3230,19
2021-11-26,Contra Costa,013,1133247,101895,100961,2269,103230,1045
2021-11-26,Del Norte,015,27424,3759,3661,55,3716,42
2021-11-26,El Dorado,017,186661,16721,16399,1772,18171,161
2021-11-26,Fresno,019,978130,145440,143386,13040,156426,2246
2021-11-26,Glenn,021,27897,3584,3532,1036,4568,36
2021-11-26,Humboldt,023,135768,9553,9399,647,10046,115
2021-11-26,Imperial,025,180216,35180,34611,3457,38068,769
2021-11-26,Inyo,027,18085,2543,2506,38,2544,45
2021-11-26,Kern,029,883053,132216,130245,23548,153793,1773
2021-11-26,Kings,031,150075,33341,32891,1999,34890,358
2021-11-26,Lake,033,64148,6923,6836,152,6988,110
2021-11-26,Lassen,035,31185,7040,6959,406,7365,47
2021-11-26,Los Angeles,037,10098052,1467895,1454495,54719,1509214,26817
2021-11-26,Madera,039,155013,24242,23880,2252,26132,296
2021-11-26,Marin,041,260295,18077,17857,494,18351,248
2021-11-26,Mariposa,043,17540,1423,1374,59,1433,6
2021-11-26,Mendocino,045,87422,8044,7871,650,8521,89
2021-11-26,Merced,047,269075,43210,42921,2057,44978,664
2021-11-26,Modoc,049,8938,587,551,200,751,5
2021-11-26,Mono,051,14174,1873,1810,23,1833,4
2021-11-26,Monterey,053,433212,49642,48400,3098,51498,625
2021-11-26,Napa,055,140530,13309,13256,115,13371,104
2021-11-26,Nevada,057,99092,9762,9584,342,9926,103
2021-11-26,Orange,059,3164182,313988,310809,15769,326578,5665
2021-11-26,Placer,061,380077,38593,38001,3811,41812,468
2021-11-26,Plumas,063,18699,1937,1860,43,1903,7
2021-11-26,Riverside,065,2383286,373815,367601,16534,384135,5306
2021-11-26,Sacramento,067,1510023,163954,162328,4836,167164,2335
2021-11-26,San Benito,069,59416,7620,7575,178,7753,77
2021-11-26,San Bernardino,071,2135413,364782,360033,11557,371590,5932
2021-11-26,San Diego,073,3302833,385609,382634,22568,405202,4319
2021-11-26,San Francisco,075,870044,54633,53830,2378,56208,669
2021-11-26,San Joaquin,077,732212,102430,101368,5532,106900,1833
2021-11-26,San Luis Obispo,079,281455,30504,29983,1305,31288,358
2021-11-26,San Mateo,081,765935,55551,54360,930,55290,577
2021-11-26,Santa Barbara,083,443738,45784,45318,1577,46895,548
2021-11-26,Santa Clara,085,1922200,151598,149700,1495,151195,1922
2021-11-26,Santa Cruz,087,273765,21292,20929,1017,21946,222
2021-11-26,Shasta,089,179085,22435,22151,3675,25826,396
2021-11-26,Sierra,091,2930,196,194,21,215,0
2021-11-26,Siskiyou,093,43540,3442,3336,1324,4660,54
2021-11-26,Solano,095,438530,47005,46163,1323,47486,356
2021-11-26,Sonoma,097,501317,42823,42368,553,42921,405
2021-11-26,Stanislaus,099,539301,80872,80782,9084,89866,1220
2021-11-26,Sutter,101,95872,14189,14127,378,14505,181
2021-11-26,Tehama,103,63373,8789,8675,1516,10191,129
2021-11-26,Trinity,105,12862,895,789,219,1008,17
2021-11-26,Tulare,107,460477,70725,69377,15751,85128,1082
2021-11-26,Tuolumne,109,53932,7661,7574,113,7687,90
2021-11-26,Ventura,111,848112,100153,99163,4350,103513,1188
2021-11-26,Yolo,113,214977,20529,20237,1033,21270,257
2021-11-26,Yuba,115,75493,10422,10335,365,10700,88
2021-11-25,Alameda,001,1643700,122259,121618,2835,124453,1477
2021-11-25,Alpine,003,1148,105,106,0,106,0
2021-11-25,Amador,005,37829,5723,5670,67,5737,66
2021-11-25,Butte,007,227075,21697,21384,4030,25414,309
2021-11-25,Calaveras,009,45235,4361,4294,61,4355,85
2021-11-25,Colusa,011,21464,2608,2568,660,3228,19
2021-11-25,Contra Costa,013,1133247,101791,100961,2266,103227,1045
2021-11-25,Del Norte,015,27424,3754,3661,55,3716,42
2021-11-25,El Dorado,017,186661,16702,16399,1772,18171,161
2021-11-25,Fresno,019,978130,145307,143386,13031,156417,2246
2021-11-25,Glenn,021,27897,3581,3532,1035,4567,36
2021-11-25,Humboldt,023,135768,9534,9399,644,10043,115
2021-11-25,Imperial,025,180216,35135,34611,3446,38057,769
2021-11-25,Inyo,027,18085,2541,2506,38,2544,45
2021-11-25,Kern,029,883053,132118,130245,23502,153747,1773
2021-11-25,Kings,031,150075,33313,32891,1998,34889,358
2021-11-25,Lake,033,64148,6916,6836,152,6988,110
2021-11-25,Lassen,035,31185,7038,6959,405,7364,47
2021-11-25,Los Angeles,037,10098052,1466926,1454495,54662,1509157,26817
2021-11-25,Madera,039,155013,24206,23880,2251,26131,296
2021-11-25,Marin,041,260295,18050,17857,488,18345,248
2021-11-25,Mariposa,043,17540,1420,1374,59,1433,6
2021-11-25,Mendocino,045,87422,8026,7871,650,8521,89
2021-11-25,Merced,047,269075,43171,42921,2051,44972,664
2021-11-25,Modoc,049,8938,586,551,200,751,5
2021-11-25,Mono,051,14174,1862,1810,23,1833,4
2021-11-25,Monterey,053,433212,49598,48400,3089,51489,625
2021-11-25,Napa,055,140530,13301,13256,115,13371,104
2021-11-25,Nevada,057,99092,9743,9584,339,9923,103
2021-11-25,Orange,059,3164182,313725,310809,15738,326547,5665
2021-11-25,Placer,061,380077,38547,38001,3805,41806,468
2021-11-25,Plumas,063,18699,1935,1860,43,1903,7
2021-11-25,Riverside,065,2383286,373400,367601,16527,384128,5306
2021-11-25,Sacramento,067,1510023,163775,162328,4830,167158,2335
2021-11-25,San Benito,069,59416,7613,7575,178,7753,77
2021-11-25,San Bernardino,071,2135413,364383,360033,11540,371573,5932
2021-11-25,San Diego,073,3302833,385167,382634,22549,405183,4319
2021-11-25,San Francisco,075,870044,54584,53830,2375,56205,669
2021-11-25,San Joaquin,077,732212,102348,101368,5528,106896,1833
2021-11-25,San Luis Obispo,079,281455,30474,29983,1303,31286,358
2021-11-25,San Mateo,081,765935,55502,54360,928,55288,577
2021-11-25,Santa Barbara,083,443738,45745,45318,1575,46893,548
2021-11-25,Santa Clara,085,1922200,151440,149700,1490,151190,1922
2021-11-25,Santa Cruz,087,273765,21259,20929,1017,21946,222
2021-11-25,Shasta,089,179085,22409,22151,3675,25826,396
2021-11-25,Sierra,091,2930,196,194,21,215,0
2021-11-25,Siskiyou,093,43540,3439,3336,1324,4660,54
2021-11-25,Solano,095,438530,46968,46163,1322,47485,356
2021-11-25,Sonoma,097,501317,42766,42368,549,42917,405
2021-11-25,Stanislaus,099,539301,80805,80782,9070,89852,1220
2021-11-25,Sutter,101,95872,14173,14127,377,14504,181
2021-11-25,Tehama,103,63373,8781,8675,1516,10191,129
2021-11-25,Trinity,105,12862,895,789,219,1008,17
2021-11-25,Tulare,107,460477,70657,69377,15725,85102,1082
2021-11-25,Tuolumne,109,53932,7649,7574,113,7687,90
2021-11-25,Ventura,111,848112,100087,99163,4347,103510,1188
2021-11-25,Yolo,113,214977,20498,20237,1030,21267,257
2021-11-25,Yuba,115,75493,10413,10335,364,10699,88
2021-11-24,Alameda,001,1643700,122196,121618,2831,124449,1477
2021-11-24,Alpine,003,1148,105,106,0,106,0
2021-11-24,Amador,005,37829,5713,5670,67,5737,66
2021-11-24,Butte,007,227075,21681,21384,4029,25413,309
2021-11-24,Calaveras,009,45235,4354,4294,61,4355,85
2021-11-24,Colusa,011,21464,2608,2568,659,3227,19
2021-11-24,Contra Costa,013,1133247,101752,100961,2263,103224,1045
2021-11-24,Del Norte,015,27424,3751,3661,55,3716,42
2021-11-24,El Dorado,017,186661,16691,16399,1771,18170,161
2021-11-24,Fresno,019,978130,145253,143386,13030,156416,2246
2021-11-24,Glenn,021,27897,3576,3532,1034,4566,36
2021-11-24,Humboldt,023,135768,9519,9399,644,10043,115
2021-11-24,Imperial,025,180216,35106,34611,3440,38051,769
2021-11-24,Inyo,027,18085,2538,2506,38,2544,45
2021-11-24,Kern,029,883053,132056,130245,23490,153735,1773
2021-11-24,Kings,031,150075,33299,32891,1997,34888,358
2021-11-24,Lake,033,64148,6912,6836,152,6988,110
2021-11-24,Lassen,035,31185,7038,6959,405,7364,47
2021-11-24,Los Angeles,037,10098052,1466441,1454495,54620,1509115,26817
2021-11-24,Madera,039,155013,24183,23880,2245,26125,296
2021-11-24,Marin,041,260295,18038,17857,486,18343,248
2021-11-24,Mariposa,043,17540,1420,1374,59,1433,6
2021-11-24,Mendocino,045,87422,8014,7871,650,8521,89
2021-11-24,Merced,047,269075,43139,42921,2048,44969,664
2021-11-24,Modoc,049,8938,586,551,200,751,5
2021-11-24,Mono,051,14174,1859,1810,23,1833,4
2021-11-24,Monterey,053,433212,49585,48400,3088,51488,625
2021-11-24,Napa,055,140530,13297,13256,115,13371,104
2021-11-24,Nevada,057,99092,9728,9584,339,9923,103
2021-11-24,Orange,059,3164182,313570,310809,15723,326532,5665
2021-11-24,Placer,061,380077,38514,38001,3803,41804,468
2021-11-24,Plumas,063,18699,1933,1860,43,1903,7
2021-11-24,Riverside,065,2383286,373221,367601,16521,384122,5306
2021-11-24,Sacramento,067,1510023,163703,162328,4830,167158,2335
2021-11-24,San Benito,069,59416,7611,7575,178,7753,77
2021-11-24,San Bernardino,071,2135413,364172,360033,11530,371563,5932
2021-11-24,San Diego,073,3302833,384909,382634,22536,405170,4319
2021-11-24,San Francisco,075,870044,54554,53830,2373,56203,669
2021-11-24,San Joaquin,077,732212,102307,101368,5525,106893,1833
2021-11-24,San Luis Obispo,079,281455,30455,29983,1303,31286,358
2021-11-24,San Mateo,081,765935,55472,54360,927,55287,577
2021-11-24,Santa Barbara,083,443738,45718,45318,1575,46893,548
2021-11-24,Santa Clara,085,1922200,151344,149700,1489,151189,1922
2021-11-24,Santa Cruz,087,273765,21236,20929,1016,21945,222
2021-11-24,Shasta,089,179085,22398,22151,3672,25823,396
2021-11-24,Sierra,091,2930,196,194,21,215,0
2021-11-24,Siskiyou,093,43540,3436,3336,1324,4660,54
2021-11-24,Solano,095,438530,46940,46163,1320,47483,356
2021-11-24,Sonoma,097,501317,42734,42368,547,42915,405
2021-11-24,Stanislaus,099,539301,80768,80782,9065,89847,1220
2021-11-24,Sutter,101,95872,14160,14127,375,14502,181
2021-11-24,Tehama,103,63373,8778,8675,1515,10190,129
2021-11-24,Trinity,105,12862,895,789,219,1008,17
2021-11-24,Tulare,107,460477,70633,69377,15706,85083,1082
2021-11-24,Tuolumne,109,53932,7645,7574,113,7687,90
2021-11-24,Ventura,111,848112,100052,99163,4343,103506,1188
2021-11-24,Yolo,113,214977,20489,20237,1030,21267,257
2021-11-24,Yuba,115,75493,10409,10335,363,10698,88
2021-11-23,Alameda,001,1643700,122078,121618,2824,124442,1477
2021-11-23,Alpine,003,1148,105,106,0,106,0
2021-11-23,Amador,005,37829,5706,5670,67,5737,66
2021-11-23,Butte,007,227075,21652,21384,4025,25409,309
2021-11-23,Calaveras,009,45235,4348,4294,60,4354,85
2021-11-23,Colusa,011,21464,2604,2568,657,3225,19
2021-11-23,Contra Costa,013,1133247,101645,100961,2261,103222,1045
2021-11-23,Del Norte,015,27424,3748,3661,55,3716,42
2021-11-23,El Dorado,017,186661,16660,16399,1768,18167,161
2021-11-23,Fresno,019,978130,145114,143386,13021,156407,2246
2021-11-23,Glenn,021,27897,3571,3532,1034,4566,36
2021-11-23,Humboldt,023,135768,9497,9399,641,10040,115
2021-11-23,Imperial,025,180216,35037,34611,3421,38032,769
2021-11-23,Inyo,027,18085,2534,2506,38,2544,45
2021-11-23,Kern,029,883053,131948,130245,23441,153686,1773
2021-11-23,Kings,031,150075,33257,32891,1996,34887,358
2021-11-23,Lake,033,64148,6907,6836,152,6988,110
2021-11-23,Lassen,035,31185,7035,6959,402,7361,47
2021-11-23,Los Angeles,037,10098052,1465432,1454495,54553,1509048,26817
2021-11-23,Madera,039,155013,24157,23880,2243,26123,296
2021-11-23,Marin,041,260295,18008,17857,483,18340,248
2021-11-23,Mariposa,043,17540,1417,1374,59,1433,6
2021-11-23,Mendocino,045,87422,7993,7871,647,8518,89
2021-11-23,Merced,047,269075,43100,42921,2047,44968,664
2021-11-23,Modoc,049,8938,584,551,200,751,5
2021-11-23,Mono,051,14174,1845,1810,23,1833,4
2021-11-23,Monterey,053,433212,49549,48400,3082,51482,625
2021-11-23,Napa,055,140530,13289,13256,115,13371,104
2021-11-23,Nevada,057,99092,9699,9584,338,9922,103
2021-11-23,Orange,059,3164182,313320,310809,15687,326496,5665
2021-11-23,Placer,061,380077,38455,38001,3786,41787,468
2021-11-23,Plumas,063,18699,1929,1860,43,1903,7
2021-11-23,Riverside,065,2383286,372838,367601,16508,384109,5306
2021-11-23,Sacramento,067,1510023,163517,162328,4819,167147,2335
2021-11-23,San Benito,069,59416,7602,7575,176,7751,77
2021-11-23,San Bernardino,071,2135413,363755,360033,11515,371548,5932
2021-11-23,San Diego,073,3302833,384424,382634,22513,405147,4319
2021-11-23,San Francisco,075,870044,54495,53830,2371,56201,669
2021-11-23,San Joaquin,077,732212,102196,101368,5514,106882,1833
2021-11-23,San Luis Obispo,079,281455,30420,29983,1300,31283,358
2021-11-23,San Mateo,081,765935,55422,54360,926,55286,577
2021-11-23,Santa Barbara,083,443738,45665,45318,1575,46893,548
2021-11-23,Santa Clara,085,1922200,151134,149700,1477,151177,1922
2021-11-23,Santa Cruz,087,273765,21198,20929,1016,21945,222
2021-11-23,Shasta,089,179085,22362,22151,3670,25821,396
2021-11-23,Sierra,091,2930,196,194,21,215,0
2021-11-23,Siskiyou,093,43540,3431,3336,1323,4659,54
2021-11-23,Solano,095,438530,46886,46163,1316,47479,356
2021-11-23,Sonoma,097,501317,42683,42368,544,42912,405
2021-11-23,Stanislaus,099,539301,80698,80782,9053,89835,1220
2021-11-23,Sutter,101,95872,14144,14127,374,14501,181
2021-11-23,Tehama,103,63373,8765,8675,1514,10189,129
2021-11-23,Trinity,105,12862,894,789,219,1008,17
2021-11-23,Tulare,107,460477,70586,69377,15676,85053,1082
2021-11-23,Tuolumne,109,53932,7633,7574,112,7686,90
2021-11-23,Ventura,111,848112,99969,99163,4337,103500,1188
2021-11-23,Yolo,113,214977,20466,20237,1024,21261,257
2021-11-23,Yuba,115,75493,10397,10335,363,10698,88
2021-11-22,Alameda,001,1643700,121963,121566,2823,124389,1475
2021-11-22,Alpine,003,1148,105,106,0,106,0
2021-11-22,Amador,005,37829,5693,5670,67,5737,66
2021-11-22,Butte,007,227075,21613,21363,4020,25383,305
2021-11-22,Calaveras,009,45235,4336,4294,60,4354,84
2021-11-22,Colusa,011,21464,2601,2565,657,3222,19
2021-11-22,Contra Costa,013,1133247,101557,100877,2256,103133,1045
2021-11-22,Del Norte,015,27424,3745,3659,55,3714,42
2021-11-22,El Dorado,017,186661,16637,16378,1765,18143,161
2021-11-22,Fresno,019,978130,144981,143290,13013,156303,2243
2021-11-22,Glenn,021,27897,3566,3530,1033,4563,36
2021-11-22,Humboldt,023,135768,9471,9389,636,10025,115
2021-11-22,Imperial,025,180216,34976,34562,3407,37969,766
2021-11-22,Inyo,027,18085,2528,2501,38,2539,44
2021-11-22,Kern,029,883053,131787,130091,23392,153483,1762
2021-11-22,Kings,031,150075,33220,32867,1991,34858,358
2021-11-22,Lake,033,64148,6902,6837,152,6989,110
2021-11-22,Lassen,035,31185,7033,6954,401,7355,47
2021-11-22,Los Angeles,037,10098052,1464367,1453945,54471,1508416,26800
2021-11-22,Madera,039,155013,24123,23872,2235,26107,296
2021-11-22,Marin,041,260295,17977,17842,481,18323,248
2021-11-22,Mariposa,043,17540,1413,1372,59,1431,6
2021-11-22,Mendocino,045,87422,7977,7859,646,8505,89
2021-11-22,Merced,047,269075,43049,42898,2036,44934,660
2021-11-22,Modoc,049,8938,583,551,200,751,5
2021-11-22,Mono,051,14174,1838,1809,23,1832,4
2021-11-22,Monterey,053,433212,49521,48374,3078,51452,611
2021-11-22,Napa,055,140530,13280,13255,114,13369,104
2021-11-22,Nevada,057,99092,9682,9575,336,9911,96
2021-11-22,Orange,059,3164182,313078,310654,15661,326315,5663
2021-11-22,Placer,061,380077,38408,37956,3778,41734,465
2021-11-22,Plumas,063,18699,1926,1858,43,1901,7
2021-11-22,Riverside,065,2383286,372400,367301,16499,383800,5283
2021-11-22,Sacramento,067,1510023,163325,162222,4810,167032,2328
2021-11-22,San Benito,069,59416,7582,7567,176,7743,77
2021-11-22,San Bernardino,071,2135413,363338,359851,11504,371355,5916
2021-11-22,San Diego,073,3302833,383930,382132,22489,404621,4317
2021-11-22,San Francisco,075,870044,54403,53778,2365,56143,669
2021-11-22,San Joaquin,077,732212,102071,101299,5509,106808,1833
2021-11-22,San Luis Obispo,079,281455,30394,29963,1297,31260,358
2021-11-22,San Mateo,081,765935,55365,54330,924,55254,577
2021-11-22,Santa Barbara,083,443738,45589,45279,1575,46854,546
2021-11-22,Santa Clara,085,1922200,150950,149541,1467,151008,1919
2021-11-22,Santa Cruz,087,273765,21157,20891,1016,21907,222
2021-11-22,Shasta,089,179085,22348,22116,3665,25781,393
2021-11-22,Sierra,091,2930,196,193,21,214,0
2021-11-22,Siskiyou,093,43540,3426,3336,1321,4657,54
2021-11-22,Solano,095,438530,46837,46153,1314,47467,356
2021-11-22,Sonoma,097,501317,42622,42344,543,42887,404
2021-11-22,Stanislaus,099,539301,80611,80718,9043,89761,1209
2021-11-22,Sutter,101,95872,14128,14125,372,14497,181
2021-11-22,Tehama,103,63373,8758,8669,1509,10178,127
2021-11-22,Trinity,105,12862,893,785,219,1004,17
2021-11-22,Tulare,107,460477,70526,69314,15640,84954,1075
2021-11-22,Tuolumne,109,53932,7618,7567,112,7679,90
2021-11-22,Ventura,111,848112,99903,99114,4334,103448,1186
2021-11-22,Yolo,113,214977,20443,20227,1022,21249,257
2021-11-22,Yuba,115,75493,10388,10332,362,10694,88
2021-11-21,Alameda,001,1643700,121831,121443,2819,124262,1475
2021-11-21,Alpine,003,1148,103,106,0,106,0
2021-11-21,Amador,005,37829,5688,5662,66,5728,66
2021-11-21,Butte,007,227075,21571,21342,4015,25357,306
2021-11-21,Calaveras,009,45235,4327,4287,60,4347,84
2021-11-21,Colusa,011,21464,2597,2562,656,3218,19
2021-11-21,Contra Costa,013,1133247,101455,100807,2249,103056,1045
2021-11-21,Del Norte,015,27424,3741,3659,55,3714,42
2021-11-21,El Dorado,017,186661,16610,16370,1759,18129,161
2021-11-21,Fresno,019,978130,144809,143203,12993,156196,2242
2021-11-21,Glenn,021,27897,3561,3529,1033,4562,36
2021-11-21,Humboldt,023,135768,9449,9378,635,10013,115
2021-11-21,Imperial,025,180216,34888,34527,3397,37924,766
2021-11-21,Inyo,027,18085,2521,2501,38,2539,44
2021-11-21,Kern,029,883053,131623,130020,23346,153366,1762
2021-11-21,Kings,031,150075,33182,32843,1987,34830,356
2021-11-21,Lake,033,64148,6895,6834,152,6986,110
2021-11-21,Lassen,035,31185,7024,6953,401,7354,47
2021-11-21,Los Angeles,037,10098052,1463307,1453181,54416,1507597,26793
2021-11-21,Madera,039,155013,24098,23856,2230,26086,296
2021-11-21,Marin,041,260295,17948,17829,478,18307,248
2021-11-21,Mariposa,043,17540,1412,1371,58,1429,6
2021-11-21,Mendocino,045,87422,7971,7846,643,8489,89
2021-11-21,Merced,047,269075,42994,42881,2033,44914,660
2021-11-21,Modoc,049,8938,579,551,200,751,5
2021-11-21,Mono,051,14174,1828,1799,22,1821,4
2021-11-21,Monterey,053,433212,49475,48358,3069,51427,611
2021-11-21,Napa,055,140530,13268,13250,114,13364,104
2021-11-21,Nevada,057,99092,9656,9556,335,9891,96
2021-11-21,Orange,059,3164182,312822,310477,15630,326107,5663
2021-11-21,Placer,061,380077,38327,37929,3777,41706,465
2021-11-21,Plumas,063,18699,1921,1858,43,1901,7
2021-11-21,Riverside,065,2383286,371908,367093,16491,383584,5283
2021-11-21,Sacramento,067,1510023,163107,162087,4800,166887,2327
2021-11-21,San Benito,069,59416,7568,7563,175,7738,77
2021-11-21,San Bernardino,071,2135413,362843,359621,11469,371090,5912
2021-11-21,San Diego,073,3302833,383399,380747,22464,403211,4317
2021-11-21,San Francisco,075,870044,54334,53741,2360,56101,669
2021-11-21,San Joaquin,077,732212,101963,101264,5496,106760,1833
2021-11-21,San Luis Obispo,079,281455,30356,29948,1297,31245,358
2021-11-21,San Mateo,081,765935,55313,54290,922,55212,577
2021-11-21,Santa Barbara,083,443738,45529,45237,1572,46809,546
2021-11-21,Santa Clara,085,1922200,150744,149387,1448,150835,1918
2021-11-21,Santa Cruz,087,273765,21113,20866,1014,21880,222
2021-11-21,Shasta,089,179085,22317,22112,3663,25775,393
2021-11-21,Sierra,091,2930,196,193,21,214,0
2021-11-21,Siskiyou,093,43540,3421,3333,1320,4653,54
2021-11-21,Solano,095,438530,46781,46122,1307,47429,356
2021-11-21,Sonoma,097,501317,42562,42298,542,42840,404
2021-11-21,Stanislaus,099,539301,80516,80687,9028,89715,1209
2021-11-21,Sutter,101,95872,14114,14111,372,14483,181
2021-11-21,Tehama,103,63373,8752,8669,1508,10177,127
2021-11-21,Trinity,105,12862,891,784,217,1001,17
2021-11-21,Tulare,107,460477,70443,69285,15602,84887,1075
2021-11-21,Tuolumne,109,53932,7610,7560,111,7671,90
2021-11-21,Ventura,111,848112,99812,99081,4331,103412,1186
2021-11-21,Yolo,113,214977,20415,20209,1019,21228,257
2021-11-21,Yuba,115,75493,10379,10326,362,10688,88
2021-11-20,Alameda,001,1643700,121737,121059,2813,123872,1473
2021-11-20,Alpine,003,1148,103,105,0,105,0
2021-11-20,Amador,005,37829,5682,5652,65,5717,66
2021-11-20,Butte,007,227075,21556,21265,4011,25276,300
2021-11-20,Calaveras,009,45235,4317,4268,60,4328,84
2021-11-20,Colusa,011,21464,2596,2549,655,3204,19
2021-11-20,Contra Costa,013,1133247,101379,100491,2245,102736,1043
2021-11-20,Del Norte,015,27424,3738,3637,55,3692,42
2021-11-20,El Dorado,017,186661,16589,16308,1757,18065,161
2021-11-20,Fresno,019,978130,144740,142579,12984,155563,2233
2021-11-20,Glenn,021,27897,3560,3526,1032,4558,35
2021-11-20,Humboldt,023,135768,9436,9302,633,9935,115
2021-11-20,Imperial,025,180216,34836,34312,3391,37703,766
2021-11-20,Inyo,027,18085,2520,2467,38,2505,44
2021-11-20,Kern,029,883053,131522,129488,23309,152797,1750
2021-11-20,Kings,031,150075,33172,32720,1987,34707,354
2021-11-20,Lake,033,64148,6892,6808,152,6960,110
2021-11-20,Lassen,035,31185,7023,6931,401,7332,47
2021-11-20,Los Angeles,037,10098052,1462688,1448963,54368,1503331,26741
2021-11-20,Madera,039,155013,24084,23720,2226,25946,296
2021-11-20,Marin,041,260295,17933,17774,478,18252,248
2021-11-20,Mariposa,043,17540,1411,1354,58,1412,6
2021-11-20,Mendocino,045,87422,7963,7773,643,8416,89
2021-11-20,Merced,047,269075,42968,42692,2033,44725,656
2021-11-20,Modoc,049,8938,578,550,200,750,5
2021-11-20,Mono,051,14174,1822,1767,22,1789,4
2021-11-20,Monterey,053,433212,49462,48260,3064,51324,609
2021-11-20,Napa,055,140530,13265,13184,114,13298,103
2021-11-20,Nevada,057,99092,9640,9480,335,9815,92
2021-11-20,Orange,059,3164182,312622,309672,15613,325285,5658
2021-11-20,Placer,061,380077,38287,37800,3772,41572,462
2021-11-20,Plumas,063,18699,1917,1841,43,1884,7
2021-11-20,Riverside,065,2383286,371635,365809,16479,382288,5265
2021-11-20,Sacramento,067,1510023,163003,161533,4796,166329,2316
2021-11-20,San Benito,069,59416,7564,7533,175,7708,77
2021-11-20,San Bernardino,071,2135413,362563,358322,11458,369780,5897
2021-11-20,San Diego,073,3302833,383073,380147,22438,402585,4311
2021-11-20,San Francisco,075,870044,54295,53525,2359,55884,669
2021-11-20,San Joaquin,077,732212,101913,100922,5491,106413,1832
2021-11-20,San Luis Obispo,079,281455,30342,29815,1296,31111,355
2021-11-20,San Mateo,081,765935,55279,54132,921,55053,577
2021-11-20,Santa Barbara,083,443738,45497,45074,1572,46646,544
2021-11-20,Santa Clara,085,1922200,150637,148829,1447,150276,1917
2021-11-20,Santa Cruz,087,273765,21095,20756,1014,21770,222
2021-11-20,Shasta,089,179085,22293,21968,3662,25630,383
2021-11-20,Sierra,091,2930,196,191,21,212,0
2021-11-20,Siskiyou,093,43540,3418,3313,1320,4633,54
2021-11-20,Solano,095,438530,46760,46006,1307,47313,356
2021-11-20,Sonoma,097,501317,42531,42151,542,42693,403
2021-11-20,Stanislaus,099,539301,80470,80412,9024,89436,1205
2021-11-20,Sutter,101,95872,14106,14074,372,14446,181
2021-11-20,Tehama,103,63373,8747,8648,1508,10156,125
2021-11-20,Trinity,105,12862,887,771,217,988,17
2021-11-20,Tulare,107,460477,70404,69074,15581,84655,1054
2021-11-20,Tuolumne,109,53932,7602,7511,111,7622,90
2021-11-20,Ventura,111,848112,99763,98893,4324,103217,1186
2021-11-20,Yolo,113,214977,20406,20139,1016,21155,257
2021-11-20,Yuba,115,75493,10373,10290,361,10651,88
2021-11-19,Alameda,001,1643700,121663,121059,2810,123869,1473
2021-11-19,Alpine,003,1148,103,105,0,105,0
2021-11-19,Amador,005,37829,5672,5652,65,5717,66
2021-11-19,Butte,007,227075,21533,21265,4004,25269,300
2021-11-19,Calaveras,009,45235,4310,4268,60,4328,84
2021-11-19,Colusa,011,21464,2594,2549,654,3203,19
2021-11-19,Contra Costa,013,1133247,101322,100491,2240,102731,1043
2021-11-19,Del Norte,015,27424,3733,3637,55,3692,42
2021-11-19,El Dorado,017,186661,16567,16308,1755,18063,161
2021-11-19,Fresno,019,978130,144623,142579,12975,155554,2233
2021-11-19,Glenn,021,27897,3559,3526,1031,4557,35
2021-11-19,Humboldt,023,135768,9424,9302,630,9932,115
2021-11-19,Imperial,025,180216,34799,34312,3384,37696,766
2021-11-19,Inyo,027,18085,2516,2467,38,2505,44
2021-11-19,Kern,029,883053,131419,129488,23266,152754,1750
2021-11-19,Kings,031,150075,33147,32720,1985,34705,354
2021-11-19,Lake,033,64148,6889,6808,152,6960,110
2021-11-19,Lassen,035,31185,7018,6931,400,7331,47
2021-11-19,Los Angeles,037,10098052,1462000,1448963,54315,1503278,26741
2021-11-19,Madera,039,155013,24063,23720,2221,25941,296
2021-11-19,Marin,041,260295,17915,17774,476,18250,248
2021-11-19,Mariposa,043,17540,1409,1354,58,1412,6
2021-11-19,Mendocino,045,87422,7943,7773,643,8416,89
2021-11-19,Merced,047,269075,42942,42692,2032,44724,656
2021-11-19,Modoc,049,8938,577,550,200,750,5
2021-11-19,Mono,051,14174,1811,1767,22,1789,4
2021-11-19,Monterey,053,433212,49440,48260,3064,51324,609
2021-11-19,Napa,055,140530,13254,13184,113,13297,103
2021-11-19,Nevada,057,99092,9627,9480,335,9815,92
2021-11-19,Orange,059,3164182,312468,309672,15588,325260,5658
2021-11-19,Placer,061,380077,38250,37800,3768,41568,462
2021-11-19,Plumas,063,18699,1913,1841,43,1884,7
2021-11-19,Riverside,065,2383286,371361,365809,16475,382284,5265
2021-11-19,Sacramento,067,1510023,162878,161533,4792,166325,2316
2021-11-19,San Benito,069,59416,7558,7533,173,7706,77
2021-11-19,San Bernardino,071,2135413,362240,358322,11449,369771,5897
2021-11-19,San Diego,073,3302833,382682,380147,22412,402559,4311
2021-11-19,San Francisco,075,870044,54257,53525,2359,55884,669
2021-11-19,San Joaquin,077,732212,101856,100922,5487,106409,1832
2021-11-19,San Luis Obispo,079,281455,30324,29815,1294,31109,355
2021-11-19,San Mateo,081,765935,55231,54132,917,55049,577
2021-11-19,Santa Barbara,083,443738,45460,45074,1572,46646,544
2021-11-19,Santa Clara,085,1922200,150490,148829,1444,150273,1917
2021-11-19,Santa Cruz,087,273765,21068,20756,1011,21767,222
2021-11-19,Shasta,089,179085,22281,21968,3661,25629,383
2021-11-19,Sierra,091,2930,196,191,21,212,0
2021-11-19,Siskiyou,093,43540,3415,3313,1320,4633,54
2021-11-19,Solano,095,438530,46729,46006,1303,47309,356
2021-11-19,Sonoma,097,501317,42498,42151,539,42690,403
2021-11-19,Stanislaus,099,539301,80412,80412,9015,89427,1205
2021-11-19,Sutter,101,95872,14104,14074,372,14446,181
2021-11-19,Tehama,103,63373,8744,8648,1508,10156,125
2021-11-19,Trinity,105,12862,885,771,217,988,17
2021-11-19,Tulare,107,460477,70363,69074,15555,84629,1054
2021-11-19,Tuolumne,109,53932,7591,7511,111,7622,90
2021-11-19,Ventura,111,848112,99698,98893,4321,103214,1186
2021-11-19,Yolo,113,214977,20394,20139,1015,21154,257
2021-11-19,Yuba,115,75493,10370,10290,361,10651,88
2021-11-18,Alameda,001,1643700,121539,121059,2803,123862,1473
2021-11-18,Alpine,003,1148,103,105,0,105,0
2021-11-18,Amador,005,37829,5670,5652,65,5717,66
2021-11-18,Butte,007,227075,21516,21265,3997,25262,300
2021-11-18,Calaveras,009,45235,4303,4268,59,4327,84
2021-11-18,Colusa,011,21464,2586,2549,654,3203,19
2021-11-18,Contra Costa,013,1133247,101220,100491,2232,102723,1043
2021-11-18,Del Norte,015,27424,3730,3637,55,3692,42
2021-11-18,El Dorado,017,186661,16546,16308,1752,18060,161
2021-11-18,Fresno,019,978130,144483,142579,12965,155544,2233
2021-11-18,Glenn,021,27897,3558,3526,1030,4556,35
2021-11-18,Humboldt,023,135768,9407,9302,625,9927,115
2021-11-18,Imperial,025,180216,34744,34312,3368,37680,766
2021-11-18,Inyo,027,18085,2508,2467,38,2505,44
2021-11-18,Kern,029,883053,131271,129488,23219,152707,1750
2021-11-18,Kings,031,150075,33110,32720,1982,34702,354
2021-11-18,Lake,033,64148,6884,6808,152,6960,110
2021-11-18,Lassen,035,31185,7015,6931,395,7326,47
2021-11-18,Los Angeles,037,10098052,1461012,1448963,54255,1503218,26741
2021-11-18,Madera,039,155013,24038,23720,2217,25937,296
2021-11-18,Marin,041,260295,17898,17774,472,18246,248
2021-11-18,Mariposa,043,17540,1406,1354,58,1412,6
2021-11-18,Mendocino,045,87422,7921,7773,634,8407,89
2021-11-18,Merced,047,269075,42885,42692,2030,44722,656
2021-11-18,Modoc,049,8938,565,550,200,750,5
2021-11-18,Mono,051,14174,1803,1767,22,1789,4
2021-11-18,Monterey,053,433212,49415,48260,3059,51319,609
2021-11-18,Napa,055,140530,13242,13184,112,13296,103
2021-11-18,Nevada,057,99092,9603,9480,335,9815,92
2021-11-18,Orange,059,3164182,312231,309672,15568,325240,5658
2021-11-18,Placer,061,380077,38207,37800,3757,41557,462
2021-11-18,Plumas,063,18699,1912,1841,43,1884,7
2021-11-18,Riverside,065,2383286,370986,365809,16462,382271,5265
2021-11-18,Sacramento,067,1510023,162650,161533,4777,166310,2316
2021-11-18,San Benito,069,59416,7548,7533,173,7706,77
2021-11-18,San Bernardino,071,2135413,361807,358322,11430,369752,5897
2021-11-18,San Diego,073,3302833,382185,380147,22395,402542,4311
2021-11-18,San Francisco,075,870044,54205,53525,2355,55880,669
2021-11-18,San Joaquin,077,732212,101763,100922,5479,106401,1832
2021-11-18,San Luis Obispo,079,281455,30294,29815,1293,31108,355
2021-11-18,San Mateo,081,765935,55172,54132,914,55046,577
2021-11-18,Santa Barbara,083,443738,45414,45074,1565,46639,544
2021-11-18,Santa Clara,085,1922200,150299,148829,1436,150265,1917
2021-11-18,Santa Cruz,087,273765,21017,20756,1010,21766,222
2021-11-18,Shasta,089,179085,22245,21968,3656,25624,383
2021-11-18,Sierra,091,2930,195,191,21,212,0
2021-11-18,Siskiyou,093,43540,3415,3313,1316,4629,54
2021-11-18,Solano,095,438530,46686,46006,1301,47307,356
2021-11-18,Sonoma,097,501317,42449,42151,537,42688,403
2021-11-18,Stanislaus,099,539301,80345,80412,9007,89419,1205
2021-11-18,Sutter,101,95872,14093,14074,371,14445,181
2021-11-18,Tehama,103,63373,8739,8648,1508,10156,125
2021-11-18,Trinity,105,12862,884,771,217,988,17
2021-11-18,Tulare,107,460477,70289,69074,15511,84585,1054
2021-11-18,Tuolumne,109,53932,7581,7511,111,7622,90
2021-11-18,Ventura,111,848112,99621,98893,4317,103210,1186
2021-11-18,Yolo,113,214977,20377,20139,1011,21150,257
2021-11-18,Yuba,115,75493,10364,10290,361,10651,88
2021-11-17,Alameda,001,1643700,121417,120913,2802,123715,1472
2021-11-17,Alpine,003,1148,103,105,0,105,0
2021-11-17,Amador,005,37829,5664,5646,65,5711,66
2021-11-17,Butte,007,227075,21490,21230,3994,25224,300
2021-11-17,Calaveras,009,45235,4296,4259,59,4318,84
2021-11-17,Colusa,011,21464,2583,2546,653,3199,19
2021-11-17,Contra Costa,013,1133247,101128,100387,2228,102615,1039
2021-11-17,Del Norte,015,27424,3727,3630,55,3685,42
2021-11-17,El Dorado,017,186661,16526,16269,1751,18020,161
2021-11-17,Fresno,019,978130,144300,142366,12952,155318,2230
2021-11-17,Glenn,021,27897,3556,3527,1028,4555,34
2021-11-17,Humboldt,023,135768,9396,9270,622,9892,115
2021-11-17,Imperial,025,180216,34688,34256,3347,37603,766
2021-11-17,Inyo,027,18085,2502,2457,38,2495,44
2021-11-17,Kern,029,883053,131098,129307,23177,152484,1743
2021-11-17,Kings,031,150075,33083,32669,1978,34647,352
2021-11-17,Lake,033,64148,6880,6795,151,6946,110
2021-11-17,Lassen,035,31185,7013,6918,395,7313,47
2021-11-17,Los Angeles,037,10098052,1459915,1447947,54188,1502135,26721
2021-11-17,Madera,039,155013,24005,23673,2215,25888,287
2021-11-17,Marin,041,260295,17878,17757,470,18227,248
2021-11-17,Mariposa,043,17540,1402,1353,58,1411,6
2021-11-17,Mendocino,045,87422,7913,7735,633,8368,89
2021-11-17,Merced,047,269075,42826,42612,2025,44637,654
2021-11-17,Modoc,049,8938,561,540,200,740,5
2021-11-17,Mono,051,14174,1799,1765,22,1787,5
2021-11-17,Monterey,053,433212,49367,48221,3048,51269,609
2021-11-17,Napa,055,140530,13220,13167,112,13279,103
2021-11-17,Nevada,057,99092,9590,9447,335,9782,92
2021-11-17,Orange,059,3164182,311984,309396,15534,324930,5651
2021-11-17,Placer,061,380077,38159,37725,3749,41474,460
2021-11-17,Plumas,063,18699,1907,1833,43,1876,7
2021-11-17,Riverside,065,2383286,370575,365406,16449,381855,5229
2021-11-17,Sacramento,067,1510023,162481,161269,4770,166039,2302
2021-11-17,San Benito,069,59416,7541,7524,173,7697,77
2021-11-17,San Bernardino,071,2135413,361442,357947,11413,369360,5893
2021-11-17,San Diego,073,3302833,381694,379769,22369,402138,4301
2021-11-17,San Francisco,075,870044,54150,53469,2352,55821,667
2021-11-17,San Joaquin,077,732212,101661,100764,5474,106238,1828
2021-11-17,San Luis Obispo,079,281455,30268,29731,1290,31021,354
2021-11-17,San Mateo,081,765935,55104,54092,911,55003,577
2021-11-17,Santa Barbara,083,443738,45375,45000,1565,46565,542
2021-11-17,Santa Clara,085,1922200,150135,148626,1428,150054,1915
2021-11-17,Santa Cruz,087,273765,20982,20700,1010,21710,222
2021-11-17,Shasta,089,179085,22212,21883,3654,25537,382
2021-11-17,Sierra,091,2930,194,189,21,210,0
2021-11-17,Siskiyou,093,43540,3411,3307,1313,4620,54
2021-11-17,Solano,095,438530,46653,45948,1300,47248,353
2021-11-17,Sonoma,097,501317,42403,42093,534,42627,403
2021-11-17,Stanislaus,099,539301,80256,80276,8997,89273,1199
2021-11-17,Sutter,101,95872,14079,14064,369,14433,181
2021-11-17,Tehama,103,63373,8729,8633,1505,10138,125
2021-11-17,Trinity,105,12862,883,765,217,982,17
2021-11-17,Tulare,107,460477,70218,68977,15484,84461,1047
2021-11-17,Tuolumne,109,53932,7564,7485,111,7596,90
2021-11-17,Ventura,111,848112,99559,98812,4311,103123,1183
2021-11-17,Yolo,113,214977,20358,20100,1009,21109,257
2021-11-17,Yuba,115,75493,10352,10275,357,10632,88
2021-11-16,Alameda,001,1643700,121309,120809,2798,123607,1467
2021-11-16,Alpine,003,1148,103,105,0,105,0
2021-11-16,Amador,005,37829,5658,5644,65,5709,66
2021-11-16,Butte,007,227075,21464,21208,3989,25197,297
2021-11-16,Calaveras,009,45235,4287,4249,59,4308,83
2021-11-16,Colusa,011,21464,2577,2538,653,3191,19
2021-11-16,Contra Costa,013,1133247,101007,100320,2225,102545,1038
2021-11-16,Del Norte,015,27424,3721,3630,55,3685,42
2021-11-16,El Dorado,017,186661,16500,16248,1749,17997,159
2021-11-16,Fresno,019,978130,144114,142200,12930,155130,2218
2021-11-16,Glenn,021,27897,3555,3527,1025,4552,34
2021-11-16,Humboldt,023,135768,9376,9252,618,9870,115
2021-11-16,Imperial,025,180216,34604,34177,3333,37510,766
2021-11-16,Inyo,027,18085,2495,2449,38,2487,42
2021-11-16,Kern,029,883053,130938,129136,23116,152252,1735
2021-11-16,Kings,031,150075,33030,32614,1971,34585,350
2021-11-16,Lake,033,64148,6875,6789,151,6940,110
2021-11-16,Lassen,035,31185,7003,6915,395,7310,47
2021-11-16,Los Angeles,037,10098052,1458747,1446815,54116,1500931,26703
2021-11-16,Madera,039,155013,23967,23642,2209,25851,287
2021-11-16,Marin,041,260295,17859,17736,469,18205,248
2021-11-16,Mariposa,043,17540,1394,1349,57,1406,6
2021-11-16,Mendocino,045,87422,7871,7723,629,8352,89
2021-11-16,Merced,047,269075,42789,42578,2018,44596,653
2021-11-16,Modoc,049,8938,560,539,199,738,5
2021-11-16,Mono,051,14174,1790,1767,22,1789,4
2021-11-16,Monterey,053,433212,49337,48195,3034,51229,609
2021-11-16,Napa,055,140530,13209,13151,112,13263,103
2021-11-16,Nevada,057,99092,9573,9435,334,9769,92
2021-11-16,Orange,059,3164182,311717,309170,15500,324670,5651
2021-11-16,Placer,061,380077,38117,37676,3743,41419,459
2021-11-16,Plumas,063,18699,1898,1832,43,1875,7
2021-11-16,Riverside,065,2383286,370153,365078,16427,381505,5208
2021-11-16,Sacramento,067,1510023,162301,161102,4758,165860,2299
2021-11-16,San Benito,069,59416,7527,7513,173,7686,77
2021-11-16,San Bernardino,071,2135413,361017,357528,11360,368888,5901
2021-11-16,San Diego,073,3302833,381139,379435,22342,401777,4287
2021-11-16,San Francisco,075,870044,54077,53415,2344,55759,667
2021-11-16,San Joaquin,077,732212,101521,100637,5459,106096,1807
2021-11-16,San Luis Obispo,079,281455,30236,29703,1287,30990,356
2021-11-16,San Mateo,081,765935,55042,54034,909,54943,577
2021-11-16,Santa Barbara,083,443738,45307,44932,1562,46494,539
2021-11-16,Santa Clara,085,1922200,149953,148452,1416,149868,1916
2021-11-16,Santa Cruz,087,273765,20937,20684,1008,21692,222
2021-11-16,Shasta,089,179085,22173,21853,3650,25503,379
2021-11-16,Sierra,091,2930,194,189,21,210,0
2021-11-16,Siskiyou,093,43540,3408,3304,1311,4615,54
2021-11-16,Solano,095,438530,46613,45908,1299,47207,351
2021-11-16,Sonoma,097,501317,42354,42056,533,42589,401
2021-11-16,Stanislaus,099,539301,80159,80214,8974,89188,1196
2021-11-16,Sutter,101,95872,14067,14058,368,14426,181
2021-11-16,Tehama,103,63373,8722,8621,1498,10119,125
2021-11-16,Trinity,105,12862,883,762,216,978,17
2021-11-16,Tulare,107,460477,70138,68881,15449,84330,1039
2021-11-16,Tuolumne,109,53932,7554,7478,111,7589,90
2021-11-16,Ventura,111,848112,99484,98731,4308,103039,1183
2021-11-16,Yolo,113,214977,20320,20077,1007,21084,257
2021-11-16,Yuba,115,75493,10344,10262,355,10617,85
2021-11-15,Alameda,001,1643700,121151,120731,2794,123525,1464
2021-11-15,Alpine,003,1148,103,105,0,105,0
2021-11-15,Amador,005,37829,5653,5637,65,5702,66
2021-11-15,Butte,007,227075,21440,21182,3984,25166,296
2021-11-15,Calaveras,009,45235,4273,4237,59,4296,83
2021-11-15,Colusa,011,21464,2570,2535,650,3185,19
2021-11-15,Contra Costa,013,1133247,100901,100251,2222,102473,1038
2021-11-15,Del Norte,015,27424,3716,3630,54,3684,42
2021-11-15,El Dorado,017,186661,16476,16236,1745,17981,159
2021-11-15,Fresno,019,978130,143892,142015,12908,154923,2210
2021-11-15,Glenn,021,27897,3553,3526,1025,4551,34
2021-11-15,Humboldt,023,135768,9354,9230,610,9840,115
2021-11-15,Imperial,025,180216,34531,34130,3317,37447,766
2021-11-15,Inyo,027,18085,2490,2442,38,2480,42
2021-11-15,Kern,029,883053,130729,128928,23047,151975,1730
2021-11-15,Kings,031,150075,32996,32584,1966,34550,348
2021-11-15,Lake,033,64148,6871,6784,151,6935,109
2021-11-15,Lassen,035,31185,6992,6915,393,7308,47
2021-11-15,Los Angeles,037,10098052,1457559,1446114,54053,1500167,26677
2021-11-15,Madera,039,155013,23929,23605,2198,25803,287
2021-11-15,Marin,041,260295,17842,17723,468,18191,248
2021-11-15,Mariposa,043,17540,1393,1347,55,1402,6
2021-11-15,Mendocino,045,87422,7851,7694,623,8317,89
2021-11-15,Merced,047,269075,42732,42552,2007,44559,648
2021-11-15,Modoc,049,8938,559,538,198,736,5
2021-11-15,Mono,051,14174,1785,1763,22,1785,4
2021-11-15,Monterey,053,433212,49305,48154,3028,51182,609
2021-11-15,Napa,055,140530,13201,13143,112,13255,103
2021-11-15,Nevada,057,99092,9544,9420,333,9753,92
2021-11-15,Orange,059,3164182,311438,308859,15476,324335,5646
2021-11-15,Placer,061,380077,38054,37610,3739,41349,452
2021-11-15,Plumas,063,18699,1891,1829,43,1872,7
2021-11-15,Riverside,065,2383286,369704,364750,16408,381158,5199
2021-11-15,Sacramento,067,1510023,162080,160937,4746,165683,2293
2021-11-15,San Benito,069,59416,7522,7511,172,7683,77
2021-11-15,San Bernardino,071,2135413,360590,357306,11341,368647,5898
2021-11-15,San Diego,073,3302833,380602,378845,22317,401162,4284
2021-11-15,San Francisco,075,870044,54010,53374,2341,55715,667
2021-11-15,San Joaquin,077,732212,101367,100587,5448,106035,1799
2021-11-15,San Luis Obispo,079,281455,30193,29669,1275,30944,351
2021-11-15,San Mateo,081,765935,54989,54010,907,54917,576
2021-11-15,Santa Barbara,083,443738,45252,44879,1556,46435,539
2021-11-15,Santa Clara,085,1922200,149736,148313,1409,149722,1914
2021-11-15,Santa Cruz,087,273765,20895,20630,1007,21637,223
2021-11-15,Shasta,089,179085,22127,21779,3645,25424,374
2021-11-15,Sierra,091,2930,194,189,21,210,0
2021-11-15,Siskiyou,093,43540,3401,3302,1309,4611,54
2021-11-15,Solano,095,438530,46575,45885,1294,47179,351
2021-11-15,Sonoma,097,501317,42303,42021,532,42553,401
2021-11-15,Stanislaus,099,539301,80074,80129,8960,89089,1174
2021-11-15,Sutter,101,95872,14054,14043,367,14410,181
2021-11-15,Tehama,103,63373,8716,8615,1497,10112,125
2021-11-15,Trinity,105,12862,881,757,214,971,17
2021-11-15,Tulare,107,460477,70051,68826,15405,84231,1039
2021-11-15,Tuolumne,109,53932,7543,7461,111,7572,90
2021-11-15,Ventura,111,848112,99400,98605,4303,102908,1183
2021-11-15,Yolo,113,214977,20289,20065,1003,21068,255
2021-11-15,Yuba,115,75493,10325,10254,351,10605,85
2021-11-14,Alameda,001,1643700,120977,120629,2790,123419,1461
2021-11-14,Alpine,003,1148,102,105,0,105,0
2021-11-14,Amador,005,37829,5646,5632,64,5696,66
2021-11-14,Butte,007,227075,21408,21146,3975,25121,296
2021-11-14,Calaveras,009,45235,4262,4222,59,4281,83
2021-11-14,Colusa,011,21464,2568,2532,647,3179,19
2021-11-14,Contra Costa,013,1133247,100792,100188,2220,102408,1038
2021-11-14,Del Norte,015,27424,3713,3629,54,3683,42
2021-11-14,El Dorado,017,186661,16434,16212,1740,17952,159
2021-11-14,Fresno,019,978130,143610,141869,12874,154743,2209
2021-11-14,Glenn,021,27897,3551,3521,1025,4546,34
2021-11-14,Humboldt,023,135768,9323,9215,600,9815,115
2021-11-14,Imperial,025,180216,34428,34078,3302,37380,766
2021-11-14,Inyo,027,18085,2478,2441,38,2479,42
2021-11-14,Kern,029,883053,130489,128842,22977,151819,1730
2021-11-14,Kings,031,150075,32939,32545,1959,34504,349
2021-11-14,Lake,033,64148,6863,6777,151,6928,109
2021-11-14,Lassen,035,31185,6982,6911,392,7303,47
2021-11-14,Los Angeles,037,10098052,1456195,1445284,53978,1499262,26667
2021-11-14,Madera,039,155013,23879,23566,2189,25755,287
2021-11-14,Marin,041,260295,17827,17712,468,18180,247
2021-11-14,Mariposa,043,17540,1383,1337,51,1388,6
2021-11-14,Mendocino,045,87422,7818,7684,618,8302,89
2021-11-14,Merced,047,269075,42642,42513,2001,44514,648
2021-11-14,Modoc,049,8938,557,538,198,736,5
2021-11-14,Mono,051,14174,1773,1760,22,1782,4
2021-11-14,Monterey,053,433212,49250,48135,3010,51145,609
2021-11-14,Napa,055,140530,13183,13132,112,13244,103
2021-11-14,Nevada,057,99092,9516,9408,333,9741,92
2021-11-14,Orange,059,3164182,311119,308699,15455,324154,5646
2021-11-14,Placer,061,380077,37974,37569,3729,41298,452
2021-11-14,Plumas,063,18699,1888,1829,42,1871,7
2021-11-14,Riverside,065,2383286,369206,364490,16391,380881,5199
2021-11-14,Sacramento,067,1510023,161846,160761,4729,165490,2295
2021-11-14,San Benito,069,59416,7511,7507,171,7678,77
2021-11-14,San Bernardino,071,2135413,360008,357014,11324,368338,5897
2021-11-14,San Diego,073,3302833,380006,377633,22286,399919,4280
2021-11-14,San Francisco,075,870044,53934,53338,2336,55674,667
2021-11-14,San Joaquin,077,732212,101239,100518,5443,105961,1799
2021-11-14,San Luis Obispo,079,281455,30111,29645,1272,30917,352
2021-11-14,San Mateo,081,765935,54936,53978,905,54883,576
2021-11-14,Santa Barbara,083,443738,45173,44842,1553,46395,539
2021-11-14,Santa Clara,085,1922200,149536,148152,1402,149554,1913
2021-11-14,Santa Cruz,087,273765,20841,20609,1005,21614,223
2021-11-14,Shasta,089,179085,22075,21771,3632,25403,373
2021-11-14,Sierra,091,2930,194,189,21,210,0
2021-11-14,Siskiyou,093,43540,3392,3302,1308,4610,54
2021-11-14,Solano,095,438530,46520,45860,1287,47147,351
2021-11-14,Sonoma,097,501317,42237,41974,530,42504,401
2021-11-14,Stanislaus,099,539301,79939,80076,8942,89018,1174
2021-11-14,Sutter,101,95872,14037,14031,363,14394,181
2021-11-14,Tehama,103,63373,8706,8607,1495,10102,125
2021-11-14,Trinity,105,12862,878,754,212,966,17
2021-11-14,Tulare,107,460477,69934,68772,15346,84118,1037
2021-11-14,Tuolumne,109,53932,7525,7439,110,7549,90
2021-11-14,Ventura,111,848112,99285,98550,4302,102852,1183
2021-11-14,Yolo,113,214977,20261,20040,998,21038,255
2021-11-14,Yuba,115,75493,10318,10238,350,10588,85
2021-11-13,Alameda,001,1643700,120908,120407,2789,123196,1454
2021-11-13,Alpine,003,1148,102,105,0,105,0
2021-11-13,Amador,005,37829,5645,5614,64,5678,66
2021-11-13,Butte,007,227075,21387,21104,3972,25076,296
2021-11-13,Calaveras,009,45235,4251,4203,59,4262,83
2021-11-13,Colusa,011,21464,2566,2522,647,3169,19
2021-11-13,Contra Costa,013,1133247,100720,100004,2214,102218,1028
2021-11-13,Del Norte,015,27424,3713,3629,54,3683,42
2021-11-13,El Dorado,017,186661,16421,16163,1737,17900,159
2021-11-13,Fresno,019,978130,143503,141452,12860,154312,2205
2021-11-13,Glenn,021,27897,3551,3514,1024,4538,34
2021-11-13,Humboldt,023,135768,9308,9177,595,9772,115
2021-11-13,Imperial,025,180216,34378,33990,3285,37275,766
2021-11-13,Inyo,027,18085,2472,2436,38,2474,42
2021-11-13,Kern,029,883053,130387,128472,22933,151405,1719
2021-11-13,Kings,031,150075,32922,32452,1958,34410,347
2021-11-13,Lake,033,64148,6858,6769,151,6920,109
2021-11-13,Lassen,035,31185,6977,6897,392,7289,47
2021-11-13,Los Angeles,037,10098052,1455540,1443088,53940,1497028,26649
2021-11-13,Madera,039,155013,23848,23462,2184,25646,287
2021-11-13,Marin,041,260295,17814,17684,466,18150,247
2021-11-13,Mariposa,043,17540,1380,1323,51,1374,6
2021-11-13,Mendocino,045,87422,7799,7652,617,8269,89
2021-11-13,Merced,047,269075,42604,42411,1998,44409,644
2021-11-13,Modoc,049,8938,556,536,198,734,5
2021-11-13,Mono,051,14174,1769,1750,22,1772,4
2021-11-13,Monterey,053,433212,49224,48087,3008,51095,609
2021-11-13,Napa,055,140530,13175,13110,112,13222,103
2021-11-13,Nevada,057,99092,9496,9369,331,9700,92
2021-11-13,Orange,059,3164182,310952,308211,15427,323638,5641
2021-11-13,Placer,061,380077,37924,37453,3726,41179,445
2021-11-13,Plumas,063,18699,1885,1828,42,1870,8
2021-11-13,Riverside,065,2383286,368900,363801,16384,380185,5187
2021-11-13,Sacramento,067,1510023,161710,160397,4717,165114,2291
2021-11-13,San Benito,069,59416,7498,7491,170,7661,77
2021-11-13,San Bernardino,071,2135413,359755,356325,11317,367642,5873
2021-11-13,San Diego,073,3302833,379676,377633,22258,399891,4280
2021-11-13,San Francisco,075,870044,53902,53195,2335,55530,667
2021-11-13,San Joaquin,077,732212,101182,100263,5434,105697,1799
2021-11-13,San Luis Obispo,079,281455,30080,29589,1271,30860,351
2021-11-13,San Mateo,081,765935,54898,53853,904,54757,574
2021-11-13,Santa Barbara,083,443738,45140,44734,1553,46287,537
2021-11-13,Santa Clara,085,1922200,149417,147821,1397,149218,1905
2021-11-13,Santa Cruz,087,273765,20826,20565,1004,21569,223
2021-11-13,Shasta,089,179085,22044,21713,3628,25341,366
2021-11-13,Sierra,091,2930,193,188,21,209,0
2021-11-13,Siskiyou,093,43540,3383,3299,1307,4606,54
2021-11-13,Solano,095,438530,46491,45774,1283,47057,350
2021-11-13,Sonoma,097,501317,42203,41882,529,42411,399
2021-11-13,Stanislaus,099,539301,79864,79872,8928,88800,1174
2021-11-13,Sutter,101,95872,14027,14017,362,14379,181
2021-11-13,Tehama,103,63373,8700,8592,1491,10083,125
2021-11-13,Trinity,105,12862,877,749,212,961,17
2021-11-13,Tulare,107,460477,69868,68619,15323,83942,1033
2021-11-13,Tuolumne,109,53932,7507,7392,110,7502,90
2021-11-13,Ventura,111,848112,99227,98452,4299,102751,1183
2021-11-13,Yolo,113,214977,20244,20009,996,21005,255
2021-11-13,Yuba,115,75493,10308,10218,348,10566,85
2021-11-12,Alameda,001,1643700,120821,120407,2786,123193,1454
2021-11-12,Alpine,003,1148,102,105,0,105,0
2021-11-12,Amador,005,37829,5641,5614,63,5677,66
2021-11-12,Butte,007,227075,21369,21104,3968,25072,296
2021-11-12,Calaveras,009,45235,4240,4203,59,4262,83
2021-11-12,Colusa,011,21464,2562,2522,646,3168,19
2021-11-12,Contra Costa,013,1133247,100666,100004,2213,102217,1028
2021-11-12,Del Norte,015,27424,3712,3629,54,3683,42
2021-11-12,El Dorado,017,186661,16402,16163,1736,17899,159
2021-11-12,Fresno,019,978130,143360,141452,12847,154299,2205
2021-11-12,Glenn,021,27897,3548,3514,1023,4537,34
2021-11-12,Humboldt,023,135768,9301,9177,593,9770,115
2021-11-12,Imperial,025,180216,34351,33990,3276,37266,766
2021-11-12,Inyo,027,18085,2468,2436,38,2474,42
2021-11-12,Kern,029,883053,130250,128472,22900,151372,1719
2021-11-12,Kings,031,150075,32896,32452,1956,34408,347
2021-11-12,Lake,033,64148,6854,6769,151,6920,109
2021-11-12,Lassen,035,31185,6973,6897,391,7288,47
2021-11-12,Los Angeles,037,10098052,1454812,1443088,53896,1496984,26649
2021-11-12,Madera,039,155013,23819,23462,2179,25641,287
2021-11-12,Marin,041,260295,17798,17684,465,18149,247
2021-11-12,Mariposa,043,17540,1373,1323,51,1374,6
2021-11-12,Mendocino,045,87422,7787,7652,614,8266,89
2021-11-12,Merced,047,269075,42575,42411,1996,44407,644
2021-11-12,Modoc,049,8938,555,536,198,734,5
2021-11-12,Mono,051,14174,1767,1750,22,1772,4
2021-11-12,Monterey,053,433212,49192,48087,3002,51089,609
2021-11-12,Napa,055,140530,13166,13110,112,13222,103
2021-11-12,Nevada,057,99092,9483,9369,330,9699,92
2021-11-12,Orange,059,3164182,310764,308211,15409,323620,5641
2021-11-12,Placer,061,380077,37885,37453,3723,41176,445
2021-11-12,Plumas,063,18699,1879,1828,42,1870,8
2021-11-12,Riverside,065,2383286,368633,363801,16380,380181,5187
2021-11-12,Sacramento,067,1510023,161551,160397,4712,165109,2291
2021-11-12,San Benito,069,59416,7498,7491,170,7661,77
2021-11-12,San Bernardino,071,2135413,359446,356325,11307,367632,5873
2021-11-12,San Diego,073,3302833,379309,377633,22236,399869,4280
2021-11-12,San Francisco,075,870044,53868,53195,2331,55526,667
2021-11-12,San Joaquin,077,732212,101137,100263,5427,105690,1799
2021-11-12,San Luis Obispo,079,281455,30051,29589,1270,30859,351
2021-11-12,San Mateo,081,765935,54848,53853,901,54754,574
2021-11-12,Santa Barbara,083,443738,45085,44734,1552,46286,537
2021-11-12,Santa Clara,085,1922200,149275,147821,1393,149214,1905
2021-11-12,Santa Cruz,087,273765,20798,20565,1002,21567,223
2021-11-12,Shasta,089,179085,22011,21713,3625,25338,366
2021-11-12,Sierra,091,2930,192,188,21,209,0
2021-11-12,Siskiyou,093,43540,3382,3299,1305,4604,54
2021-11-12,Solano,095,438530,46463,45774,1279,47053,350
2021-11-12,Sonoma,097,501317,42163,41882,529,42411,399
2021-11-12,Stanislaus,099,539301,79812,79872,8920,88792,1174
2021-11-12,Sutter,101,95872,14020,14017,362,14379,181
2021-11-12,Tehama,103,63373,8696,8592,1490,10082,125
2021-11-12,Trinity,105,12862,870,749,212,961,17
2021-11-12,Tulare,107,460477,69826,68619,15288,83907,1033
2021-11-12,Tuolumne,109,53932,7494,7392,109,7501,90
2021-11-12,Ventura,111,848112,99162,98452,4298,102750,1183
2021-11-12,Yolo,113,214977,20229,20009,991,21000,255
2021-11-12,Yuba,115,75493,10299,10218,347,10565,85
2021-11-11,Alameda,001,1643700,120707,120147,2778,122925,1453
2021-11-11,Alpine,003,1148,102,105,0,105,0
2021-11-11,Amador,005,37829,5638,5603,62,5665,66
2021-11-11,Butte,007,227075,21326,21047,3960,25007,293
2021-11-11,Calaveras,009,45235,4222,4179,59,4238,83
2021-11-11,Colusa,011,21464,2554,2518,644,3162,19
2021-11-11,Contra Costa,013,1133247,100562,99808,2209,102017,1028
2021-11-11,Del Norte,015,27424,3710,3622,54,3676,42
2021-11-11,El Dorado,017,186661,16368,16085,1733,17818,159
2021-11-11,Fresno,019,978130,143156,140833,12813,153646,2202
2021-11-11,Glenn,021,27897,3546,3503,1022,4525,34
2021-11-11,Humboldt,023,135768,9278,9125,590,9715,115
2021-11-11,Imperial,025,180216,34282,33844,3254,37098,766
2021-11-11,Inyo,027,18085,2463,2428,38,2466,42
2021-11-11,Kern,029,883053,130065,128023,22837,150860,1709
2021-11-11,Kings,031,150075,32846,32318,1954,34272,345
2021-11-11,Lake,033,64148,6847,6745,151,6896,107
2021-11-11,Lassen,035,31185,6967,6875,391,7266,47
2021-11-11,Los Angeles,037,10098052,1453716,1440436,53838,1494274,26614
2021-11-11,Madera,039,155013,23772,23316,2171,25487,287
2021-11-11,Marin,041,260295,17788,17639,465,18104,247
2021-11-11,Mariposa,043,17540,1363,1317,51,1368,6
2021-11-11,Mendocino,045,87422,7772,7612,605,8217,89
2021-11-11,Merced,047,269075,42519,42292,1993,44285,643
2021-11-11,Modoc,049,8938,553,536,198,734,5
2021-11-11,Mono,051,14174,1763,1743,22,1765,4
2021-11-11,Monterey,053,433212,49157,48008,2990,50998,609
2021-11-11,Napa,055,140530,13158,13075,112,13187,103
2021-11-11,Nevada,057,99092,9461,9308,330,9638,92
2021-11-11,Orange,059,3164182,310491,307674,15372,323046,5633
2021-11-11,Placer,061,380077,37833,37333,3715,41048,440
2021-11-11,Plumas,063,18699,1875,1814,42,1856,7
2021-11-11,Riverside,065,2383286,368199,362930,16362,379292,5175
2021-11-11,Sacramento,067,1510023,161339,159962,4693,164655,2289
2021-11-11,San Benito,069,59416,7490,7473,170,7643,76
2021-11-11,San Bernardino,071,2135413,359016,355413,11294,366707,5849
2021-11-11,San Diego,073,3302833,378800,376428,22213,398641,4272
2021-11-11,San Francisco,075,870044,53809,53063,2330,55393,666
2021-11-11,San Joaquin,077,732212,101042,99937,5411,105348,1799
2021-11-11,San Luis Obispo,079,281455,30000,29532,1268,30800,351
2021-11-11,San Mateo,081,765935,54800,53722,896,54618,574
2021-11-11,Santa Barbara,083,443738,45028,44603,1549,46152,534
2021-11-11,Santa Clara,085,1922200,149093,147458,1387,148845,1901
2021-11-11,Santa Cruz,087,273765,20753,20479,1002,21481,222
2021-11-11,Shasta,089,179085,21966,21600,3623,25223,364
2021-11-11,Sierra,091,2930,191,186,21,207,0
2021-11-11,Siskiyou,093,43540,3376,3297,1304,4601,53
2021-11-11,Solano,095,438530,46426,45679,1278,46957,350
2021-11-11,Sonoma,097,501317,42126,41774,529,42303,395
2021-11-11,Stanislaus,099,539301,79730,79570,8904,88474,1166
2021-11-11,Sutter,101,95872,14005,13993,361,14354,181
2021-11-11,Tehama,103,63373,8684,8565,1488,10053,125
2021-11-11,Trinity,105,12862,869,748,212,960,17
2021-11-11,Tulare,107,460477,69733,68367,15252,83619,1028
2021-11-11,Tuolumne,109,53932,7481,7354,109,7463,90
2021-11-11,Ventura,111,848112,99084,98297,4291,102588,1182
2021-11-11,Yolo,113,214977,20201,19946,990,20936,255
2021-11-11,Yuba,115,75493,10283,10191,347,10538,85
2021-11-10,Alameda,001,1643700,120597,120147,2769,122916,1453
2021-11-10,Alpine,003,1148,102,105,0,105,0
2021-11-10,Amador,005,37829,5632,5603,62,5665,66
2021-11-10,Butte,007,227075,21299,21047,3956,25003,293
2021-11-10,Calaveras,009,45235,4211,4179,59,4238,83
2021-11-10,Colusa,011,21464,2548,2518,644,3162,19
2021-11-10,Contra Costa,013,1133247,100479,99808,2205,102013,1028
2021-11-10,Del Norte,015,27424,3709,3622,54,3676,42
2021-11-10,El Dorado,017,186661,16352,16085,1732,17817,159
2021-11-10,Fresno,019,978130,142977,140833,12800,153633,2202
2021-11-10,Glenn,021,27897,3546,3503,1021,4524,34
2021-11-10,Humboldt,023,135768,9260,9125,590,9715,115
2021-11-10,Imperial,025,180216,34234,33844,3235,37079,766
2021-11-10,Inyo,027,18085,2456,2428,38,2466,42
2021-11-10,Kern,029,883053,129915,128023,22782,150805,1709
2021-11-10,Kings,031,150075,32813,32318,1952,34270,345
2021-11-10,Lake,033,64148,6837,6745,151,6896,107
2021-11-10,Lassen,035,31185,6962,6875,391,7266,47
2021-11-10,Los Angeles,037,10098052,1452767,1440436,53778,1494214,26614
2021-11-10,Madera,039,155013,23722,23316,2165,25481,287
2021-11-10,Marin,041,260295,17775,17639,463,18102,247
2021-11-10,Mariposa,043,17540,1357,1317,51,1368,6
2021-11-10,Mendocino,045,87422,7760,7612,604,8216,89
2021-11-10,Merced,047,269075,42484,42292,1991,44283,643
2021-11-10,Modoc,049,8938,552,536,197,733,5
2021-11-10,Mono,051,14174,1761,1743,22,1765,4
2021-11-10,Monterey,053,433212,49123,48008,2979,50987,609
2021-11-10,Napa,055,140530,13144,13075,111,13186,103
2021-11-10,Nevada,057,99092,9454,9308,328,9636,92
2021-11-10,Orange,059,3164182,310227,307674,15340,323014,5633
2021-11-10,Placer,061,380077,37787,37333,3708,41041,440
2021-11-10,Plumas,063,18699,1869,1814,41,1855,7
2021-11-10,Riverside,065,2383286,367818,362930,16356,379286,5175
2021-11-10,Sacramento,067,1510023,161184,159962,4683,164645,2289
2021-11-10,San Benito,069,59416,7482,7473,170,7643,76
2021-11-10,San Bernardino,071,2135413,358675,355413,11287,366700,5849
2021-11-10,San Diego,073,3302833,378395,376428,22191,398619,4272
2021-11-10,San Francisco,075,870044,53748,53063,2327,55390,666
2021-11-10,San Joaquin,077,732212,100937,99937,5406,105343,1799
2021-11-10,San Luis Obispo,079,281455,29969,29532,1267,30799,351
2021-11-10,San Mateo,081,765935,54747,53722,895,54617,574
2021-11-10,Santa Barbara,083,443738,44990,44603,1548,46151,534
2021-11-10,Santa Clara,085,1922200,148946,147458,1381,148839,1901
2021-11-10,Santa Cruz,087,273765,20726,20479,1001,21480,222
2021-11-10,Shasta,089,179085,21930,21600,3621,25221,364
2021-11-10,Sierra,091,2930,190,186,21,207,0
2021-11-10,Siskiyou,093,43540,3374,3297,1304,4601,53
2021-11-10,Solano,095,438530,46396,45679,1276,46955,350
2021-11-10,Sonoma,097,501317,42075,41774,529,42303,395
2021-11-10,Stanislaus,099,539301,79628,79570,8888,88458,1166
2021-11-10,Sutter,101,95872,13997,13993,361,14354,181
2021-11-10,Tehama,103,63373,8672,8565,1482,10047,125
2021-11-10,Trinity,105,12862,865,748,211,959,17
2021-11-10,Tulare,107,460477,69672,68367,15213,83580,1028
2021-11-10,Tuolumne,109,53932,7457,7354,109,7463,90
2021-11-10,Ventura,111,848112,99013,98297,4291,102588,1182
2021-11-10,Yolo,113,214977,20182,19946,989,20935,255
2021-11-10,Yuba,115,75493,10274,10191,347,10538,85
2021-11-09,Alameda,001,1643700,120460,120051,2760,122811,1450
2021-11-09,Alpine,003,1148,102,105,0,105,0
2021-11-09,Amador,005,37829,5626,5596,62,5658,66
2021-11-09,Butte,007,227075,21274,21022,3952,24974,291
2021-11-09,Calaveras,009,45235,4207,4174,59,4233,84
2021-11-09,Colusa,011,21464,2543,2517,643,3160,19
2021-11-09,Contra Costa,013,1133247,100383,99732,2198,101930,1028
2021-11-09,Del Norte,015,27424,3708,3620,54,3674,42
2021-11-09,El Dorado,017,186661,16314,16073,1727,17800,160
2021-11-09,Fresno,019,978130,142731,140666,12785,153451,2188
2021-11-09,Glenn,021,27897,3541,3499,1020,4519,34
2021-11-09,Humboldt,023,135768,9239,9112,585,9697,115
2021-11-09,Imperial,025,180216,34181,33751,3221,36972,766
2021-11-09,Inyo,027,18085,2452,2404,38,2442,42
2021-11-09,Kern,029,883053,129669,127901,22720,150621,1694
2021-11-09,Kings,031,150075,32747,32279,1948,34227,344
2021-11-09,Lake,033,64148,6828,6743,151,6894,106
2021-11-09,Lassen,035,31185,6950,6846,391,7237,47
2021-11-09,Los Angeles,037,10098052,1451514,1439125,53717,1492842,26581
2021-11-09,Madera,039,155013,23672,23285,2156,25441,287
2021-11-09,Marin,041,260295,17756,17630,461,18091,247
2021-11-09,Mariposa,043,17540,1349,1317,51,1368,5
2021-11-09,Mendocino,045,87422,7737,7598,598,8196,85
2021-11-09,Merced,047,269075,42443,42251,1985,44236,613
2021-11-09,Modoc,049,8938,551,536,195,731,5
2021-11-09,Mono,051,14174,1756,1738,22,1760,4
2021-11-09,Monterey,053,433212,49087,47975,2955,50930,609
2021-11-09,Napa,055,140530,13126,13051,111,13162,103
2021-11-09,Nevada,057,99092,9435,9288,328,9616,92
2021-11-09,Orange,059,3164182,309943,307412,15313,322725,5621
2021-11-09,Placer,061,380077,37732,37291,3691,40982,440
2021-11-09,Plumas,063,18699,1867,1802,41,1843,7
2021-11-09,Riverside,065,2383286,367353,362557,16342,378899,5160
2021-11-09,Sacramento,067,1510023,160943,159856,4674,164530,2286
2021-11-09,San Benito,069,59416,7472,7471,169,7640,76
2021-11-09,San Bernardino,071,2135413,358225,354972,11270,366242,5839
2021-11-09,San Diego,073,3302833,377900,375997,22165,398162,4272
2021-11-09,San Francisco,075,870044,53674,52996,2322,55318,666
2021-11-09,San Joaquin,077,732212,100763,99848,5393,105241,1794
2021-11-09,San Luis Obispo,079,281455,29929,29488,1266,30754,350
2021-11-09,San Mateo,081,765935,54699,53697,886,54583,574
2021-11-09,Santa Barbara,083,443738,44923,44579,1541,46120,533
2021-11-09,Santa Clara,085,1922200,148740,147281,1374,148655,1901
2021-11-09,Santa Cruz,087,273765,20692,20463,1000,21463,222
2021-11-09,Shasta,089,179085,21875,21558,3616,25174,364
2021-11-09,Sierra,091,2930,190,186,21,207,0
2021-11-09,Siskiyou,093,43540,3372,3295,1302,4597,52
2021-11-09,Solano,095,438530,46341,45639,1275,46914,350
2021-11-09,Sonoma,097,501317,42018,41727,527,42254,395
2021-11-09,Stanislaus,099,539301,79522,79505,8871,88376,1165
2021-11-09,Sutter,101,95872,13982,13988,359,14347,180
2021-11-09,Tehama,103,63373,8654,8555,1480,10035,125
2021-11-09,Trinity,105,12862,864,746,211,957,17
2021-11-09,Tulare,107,460477,69565,68298,15174,83472,1024
2021-11-09,Tuolumne,109,53932,7437,7347,109,7456,90
2021-11-09,Ventura,111,848112,98935,98202,4286,102488,1182
2021-11-09,Yolo,113,214977,20158,19931,985,20916,255
2021-11-09,Yuba,115,75493,10257,10175,341,10516,85
2021-11-08,Alameda,001,1643700,120316,119983,2754,122737,1447
2021-11-08,Alpine,003,1148,102,105,0,105,0
2021-11-08,Amador,005,37829,5620,5590,62,5652,66
2021-11-08,Butte,007,227075,21246,21000,3943,24943,288
2021-11-08,Calaveras,009,45235,4199,4166,59,4225,82
2021-11-08,Colusa,011,21464,2542,2514,642,3156,19
2021-11-08,Contra Costa,013,1133247,100280,99669,2194,101863,1028
2021-11-08,Del Norte,015,27424,3704,3619,54,3673,42
2021-11-08,El Dorado,017,186661,16295,16055,1722,17777,156
2021-11-08,Fresno,019,978130,142430,140466,12763,153229,2179
2021-11-08,Glenn,021,27897,3539,3496,1016,4512,34
2021-11-08,Humboldt,023,135768,9213,9095,575,9670,109
2021-11-08,Imperial,025,180216,34101,33690,3203,36893,766
2021-11-08,Inyo,027,18085,2445,2398,38,2436,41
2021-11-08,Kern,029,883053,129433,127722,22637,150359,1692
2021-11-08,Kings,031,150075,32701,32248,1947,34195,344
2021-11-08,Lake,033,64148,6822,6737,151,6888,106
2021-11-08,Lassen,035,31185,6943,6830,389,7219,46
2021-11-08,Los Angeles,037,10098052,1450176,1438322,53660,1491982,26575
2021-11-08,Madera,039,155013,23623,23253,2145,25398,287
2021-11-08,Marin,041,260295,17739,17617,458,18075,247
2021-11-08,Mariposa,043,17540,1341,1316,50,1366,5
2021-11-08,Mendocino,045,87422,7724,7581,592,8173,85
2021-11-08,Merced,047,269075,42373,42224,1975,44199,607
2021-11-08,Modoc,049,8938,550,529,195,724,5
2021-11-08,Mono,051,14174,1752,1739,22,1761,4
2021-11-08,Monterey,053,433212,49046,47942,2935,50877,602
2021-11-08,Napa,055,140530,13112,13045,111,13156,103
2021-11-08,Nevada,057,99092,9416,9278,326,9604,92
2021-11-08,Orange,059,3164182,309670,307156,15283,322439,5616
2021-11-08,Placer,061,380077,37679,37250,3688,40938,439
2021-11-08,Plumas,063,18699,1866,1788,40,1828,7
2021-11-08,Riverside,065,2383286,366898,362201,16328,378529,5152
2021-11-08,Sacramento,067,1510023,160727,159735,4653,164388,2275
2021-11-08,San Benito,069,59416,7470,7461,169,7630,75
2021-11-08,San Bernardino,071,2135413,357712,354741,11252,365993,5836
2021-11-08,San Diego,073,3302833,377338,375557,22118,397675,4259
2021-11-08,San Francisco,075,870044,53621,52942,2316,55258,666
2021-11-08,San Joaquin,077,732212,100646,99736,5391,105127,1794
2021-11-08,San Luis Obispo,079,281455,29878,29464,1261,30725,350
2021-11-08,San Mateo,081,765935,54626,53658,881,54539,574
2021-11-08,Santa Barbara,083,443738,44869,44548,1540,46088,532
2021-11-08,Santa Clara,085,1922200,148515,147183,1368,148551,1899
2021-11-08,Santa Cruz,087,273765,20663,20435,1000,21435,222
2021-11-08,Shasta,089,179085,21828,21504,3610,25114,354
2021-11-08,Sierra,091,2930,190,183,21,204,0
2021-11-08,Siskiyou,093,43540,3368,3290,1291,4581,50
2021-11-08,Solano,095,438530,46300,45613,1271,46884,350
2021-11-08,Sonoma,097,501317,41950,41669,526,42195,395
2021-11-08,Stanislaus,099,539301,79370,79417,8857,88274,1150
2021-11-08,Sutter,101,95872,13974,13976,355,14331,180
2021-11-08,Tehama,103,63373,8645,8534,1480,10014,123
2021-11-08,Trinity,105,12862,864,743,210,953,13
2021-11-08,Tulare,107,460477,69448,68199,15136,83335,1020
2021-11-08,Tuolumne,109,53932,7418,7328,108,7436,90
2021-11-08,Ventura,111,848112,98842,98144,4284,102428,1182
2021-11-08,Yolo,113,214977,20119,19916,981,20897,255
2021-11-08,Yuba,115,75493,10246,10172,338,10510,83
2021-11-07,Alameda,001,1643700,120157,119902,2748,122650,1444
2021-11-07,Alpine,003,1148,102,105,0,105,0
2021-11-07,Amador,005,37829,5612,5580,60,5640,66
2021-11-07,Butte,007,227075,21205,20969,3934,24903,288
2021-11-07,Calaveras,009,45235,4172,4158,58,4216,82
2021-11-07,Colusa,011,21464,2536,2511,640,3151,19
2021-11-07,Contra Costa,013,1133247,100169,99596,2185,101781,1028
2021-11-07,Del Norte,015,27424,3702,3617,54,3671,42
2021-11-07,El Dorado,017,186661,16258,16040,1719,17759,156
2021-11-07,Fresno,019,978130,142089,140263,12736,152999,2179
2021-11-07,Glenn,021,27897,3532,3493,1015,4508,34
2021-11-07,Humboldt,023,135768,9189,9074,571,9645,109
2021-11-07,Imperial,025,180216,34028,33674,3184,36858,766
2021-11-07,Inyo,027,18085,2432,2394,38,2432,41
2021-11-07,Kern,029,883053,129162,127583,22546,150129,1692
2021-11-07,Kings,031,150075,32609,32221,1944,34165,343
2021-11-07,Lake,033,64148,6806,6734,150,6884,106
2021-11-07,Lassen,035,31185,6935,6819,385,7204,46
2021-11-07,Los Angeles,037,10098052,1448689,1437314,53585,1490899,26573
2021-11-07,Madera,039,155013,23578,23225,2137,25362,287
2021-11-07,Marin,041,260295,17719,17594,457,18051,247
2021-11-07,Mariposa,043,17540,1339,1306,50,1356,5
2021-11-07,Mendocino,045,87422,7696,7567,588,8155,85
2021-11-07,Merced,047,269075,42295,42186,1944,44130,607
2021-11-07,Modoc,049,8938,547,528,194,722,5
2021-11-07,Mono,051,14174,1746,1739,22,1761,4
2021-11-07,Monterey,053,433212,48994,47924,2931,50855,602
2021-11-07,Napa,055,140530,13091,13041,111,13152,103
2021-11-07,Nevada,057,99092,9368,9254,326,9580,92
2021-11-07,Orange,059,3164182,309346,306954,15245,322199,5616
2021-11-07,Placer,061,380077,37603,37202,3673,40875,439
2021-11-07,Plumas,063,18699,1859,1787,39,1826,7
2021-11-07,Riverside,065,2383286,366361,361960,16308,378268,5152
2021-11-07,Sacramento,067,1510023,160493,159549,4636,164185,2277
2021-11-07,San Benito,069,59416,7457,7460,169,7629,75
2021-11-07,San Bernardino,071,2135413,357195,354488,11229,365717,5832
2021-11-07,San Diego,073,3302833,376761,375165,22085,397250,4250
2021-11-07,San Francisco,075,870044,53537,52868,2310,55178,666
2021-11-07,San Joaquin,077,732212,100462,99696,5385,105081,1794
2021-11-07,San Luis Obispo,079,281455,29830,29454,1257,30711,350
2021-11-07,San Mateo,081,765935,54567,53600,879,54479,574
2021-11-07,Santa Barbara,083,443738,44806,44501,1539,46040,532
2021-11-07,Santa Clara,085,1922200,148310,147054,1356,148410,1898
2021-11-07,Santa Cruz,087,273765,20605,20397,999,21396,222
2021-11-07,Shasta,089,179085,21780,21479,3604,25083,354
2021-11-07,Sierra,091,2930,188,183,21,204,0
2021-11-07,Siskiyou,093,43540,3362,3289,1289,4578,51
2021-11-07,Solano,095,438530,46245,45582,1264,46846,350
2021-11-07,Sonoma,097,501317,41900,41630,525,42155,395
2021-11-07,Stanislaus,099,539301,79215,79351,8835,88186,1150
2021-11-07,Sutter,101,95872,13961,13964,352,14316,180
2021-11-07,Tehama,103,63373,8620,8528,1478,10006,121
2021-11-07,Trinity,105,12862,863,742,209,951,13
2021-11-07,Tulare,107,460477,69295,68145,15093,83238,1020
2021-11-07,Tuolumne,109,53932,7400,7300,106,7406,90
2021-11-07,Ventura,111,848112,98751,98085,4282,102367,1182
2021-11-07,Yolo,113,214977,20098,19899,978,20877,255
2021-11-07,Yuba,115,75493,10229,10162,333,10495,83
2021-11-06,Alameda,001,1643700,120094,119499,2745,122244,1436
2021-11-06,Alpine,003,1148,102,105,0,105,0
2021-11-06,Amador,005,37829,5606,5557,60,5617,66
2021-11-06,Butte,007,227075,21185,20796,3930,24726,288
2021-11-06,Calaveras,009,45235,4164,4105,58,4163,82
2021-11-06,Colusa,011,21464,2535,2501,639,3140,19
2021-11-06,Contra Costa,013,1133247,100114,99282,2183,101465,1025
2021-11-06,Del Norte,015,27424,3699,3607,54,3661,42
2021-11-06,El Dorado,017,186661,16241,15958,1719,17677,156
2021-11-06,Fresno,019,978130,141971,139249,12731,151980,2170
2021-11-06,Glenn,021,27897,3529,3479,1015,4494,33
2021-11-06,Humboldt,023,135768,9177,8972,567,9539,109
2021-11-06,Imperial,025,180216,33984,33471,3178,36649,766
2021-11-06,Inyo,027,18085,2426,2353,38,2391,41
2021-11-06,Kern,029,883053,129028,126848,22494,149342,1684
2021-11-06,Kings,031,150075,32576,32018,1939,33957,342
2021-11-06,Lake,033,64148,6804,6695,150,6845,106
2021-11-06,Lassen,035,31185,6930,6796,384,7180,46
2021-11-06,Los Angeles,037,10098052,1447920,1433081,53542,1486623,26533
2021-11-06,Madera,039,155013,23542,22994,2127,25121,287
2021-11-06,Marin,041,260295,17700,17520,454,17974,247
2021-11-06,Mariposa,043,17540,1337,1282,50,1332,5
2021-11-06,Mendocino,045,87422,7674,7486,588,8074,85
2021-11-06,Merced,047,269075,42271,41958,1936,43894,604
2021-11-06,Modoc,049,8938,546,523,194,717,5
2021-11-06,Mono,051,14174,1744,1725,22,1747,4
2021-11-06,Monterey,053,433212,48962,47830,2921,50751,602
2021-11-06,Napa,055,140530,13081,12950,111,13061,103
2021-11-06,Nevada,057,99092,9346,9169,325,9494,91
2021-11-06,Orange,059,3164182,309140,306049,15219,321268,5611
2021-11-06,Placer,061,380077,37562,36967,3670,40637,438
2021-11-06,Plumas,063,18699,1855,1755,38,1793,7
2021-11-06,Riverside,065,2383286,366042,360584,16300,376884,5138
2021-11-06,Sacramento,067,1510023,160400,158766,4631,163397,2263
2021-11-06,San Benito,069,59416,7450,7429,169,7598,75
2021-11-06,San Bernardino,071,2135413,356925,353142,11225,364367,5813
2021-11-06,San Diego,073,3302833,376425,373423,22067,395490,4246
2021-11-06,San Francisco,075,870044,53484,52556,2307,54863,666
2021-11-06,San Joaquin,077,732212,100404,99372,5384,104756,1782
2021-11-06,San Luis Obispo,079,281455,29802,29335,1253,30588,350
2021-11-06,San Mateo,081,765935,54532,53442,878,54320,574
2021-11-06,Santa Barbara,083,443738,44770,44301,1538,45839,532
2021-11-06,Santa Clara,085,1922200,148164,146519,1352,147871,1894
2021-11-06,Santa Cruz,087,273765,20586,20311,997,21308,222
2021-11-06,Shasta,089,179085,21761,21281,3599,24880,349
2021-11-06,Sierra,091,2930,188,181,21,202,0
2021-11-06,Siskiyou,093,43540,3362,3279,1287,4566,48
2021-11-06,Solano,095,438530,46215,45465,1263,46728,350
2021-11-06,Sonoma,097,501317,41850,41398,524,41922,395
2021-11-06,Stanislaus,099,539301,79147,78902,8827,87729,1193
2021-11-06,Sutter,101,95872,13957,13908,351,14259,180
2021-11-06,Tehama,103,63373,8608,8474,1476,9950,120
2021-11-06,Trinity,105,12862,860,732,209,941,11
2021-11-06,Tulare,107,460477,69245,67767,15064,82831,1010
2021-11-06,Tuolumne,109,53932,7388,7245,106,7351,90
2021-11-06,Ventura,111,848112,98684,97770,4277,102047,1180
2021-11-06,Yolo,113,214977,20081,19827,974,20801,255
2021-11-06,Yuba,115,75493,10215,10107,333,10440,83
2021-11-05,Alameda,001,1643700,120010,119499,2743,122242,1436
2021-11-05,Alpine,003,1148,102,105,0,105,0
2021-11-05,Amador,005,37829,5601,5557,60,5617,66
2021-11-05,Butte,007,227075,21172,20796,3929,24725,288
2021-11-05,Calaveras,009,45235,4159,4105,58,4163,82
2021-11-05,Colusa,011,21464,2535,2501,638,3139,19
2021-11-05,Contra Costa,013,1133247,100048,99282,2181,101463,1025
2021-11-05,Del Norte,015,27424,3697,3607,54,3661,42
2021-11-05,El Dorado,017,186661,16224,15958,1713,17671,156
2021-11-05,Fresno,019,978130,141792,139249,12720,151969,2170
2021-11-05,Glenn,021,27897,3528,3479,1014,4493,33
2021-11-05,Humboldt,023,135768,9163,8972,567,9539,109
2021-11-05,Imperial,025,180216,33948,33471,3175,36646,766
2021-11-05,Inyo,027,18085,2418,2353,38,2391,41
2021-11-05,Kern,029,883053,128901,126848,22439,149287,1684
2021-11-05,Kings,031,150075,32552,32018,1938,33956,342
2021-11-05,Lake,033,64148,6798,6695,150,6845,106
2021-11-05,Lassen,035,31185,6926,6796,383,7179,46
2021-11-05,Los Angeles,037,10098052,1447097,1433081,53504,1486585,26533
2021-11-05,Madera,039,155013,23503,22994,2126,25120,287
2021-11-05,Marin,041,260295,17678,17520,453,17973,247
2021-11-05,Mariposa,043,17540,1334,1282,49,1331,5
2021-11-05,Mendocino,045,87422,7663,7486,587,8073,85
2021-11-05,Merced,047,269075,42245,41958,1927,43885,604
2021-11-05,Modoc,049,8938,546,523,194,717,5
2021-11-05,Mono,051,14174,1743,1725,22,1747,4
2021-11-05,Monterey,053,433212,48932,47830,2919,50749,602
2021-11-05,Napa,055,140530,13059,12950,111,13061,103
2021-11-05,Nevada,057,99092,9333,9169,325,9494,91
2021-11-05,Orange,059,3164182,308944,306049,15197,321246,5611
2021-11-05,Placer,061,380077,37535,36967,3661,40628,438
2021-11-05,Plumas,063,18699,1847,1755,38,1793,7
2021-11-05,Riverside,065,2383286,365701,360584,16290,376874,5138
2021-11-05,Sacramento,067,1510023,160278,158766,4624,163390,2263
2021-11-05,San Benito,069,59416,7448,7429,168,7597,75
2021-11-05,San Bernardino,071,2135413,356592,353142,11215,364357,5813
2021-11-05,San Diego,073,3302833,376072,373423,22055,395478,4246
2021-11-05,San Francisco,075,870044,53433,52556,2304,54860,666
2021-11-05,San Joaquin,077,732212,100351,99372,5375,104747,1782
2021-11-05,San Luis Obispo,079,281455,29779,29335,1253,30588,350
2021-11-05,San Mateo,081,765935,54490,53442,876,54318,574
2021-11-05,Santa Barbara,083,443738,44725,44301,1537,45838,532
2021-11-05,Santa Clara,085,1922200,148027,146519,1351,147870,1894
2021-11-05,Santa Cruz,087,273765,20562,20311,996,21307,222
2021-11-05,Shasta,089,179085,21729,21281,3594,24875,349
2021-11-05,Sierra,091,2930,188,181,21,202,0
2021-11-05,Siskiyou,093,43540,3357,3279,1286,4565,48
2021-11-05,Solano,095,438530,46170,45465,1261,46726,350
2021-11-05,Sonoma,097,501317,41810,41398,524,41922,395
2021-11-05,Stanislaus,099,539301,79089,78902,8815,87717,1193
2021-11-05,Sutter,101,95872,13949,13908,350,14258,180
2021-11-05,Tehama,103,63373,8601,8474,1475,9949,120
2021-11-05,Trinity,105,12862,860,732,209,941,11
2021-11-05,Tulare,107,460477,69173,67767,15027,82794,1010
2021-11-05,Tuolumne,109,53932,7371,7245,105,7350,90
2021-11-05,Ventura,111,848112,98644,97770,4275,102045,1180
2021-11-05,Yolo,113,214977,20070,19827,973,20800,255
2021-11-05,Yuba,115,75493,10202,10107,331,10438,83
2021-11-04,Alameda,001,1643700,119895,119499,2737,122236,1436
2021-11-04,Alpine,003,1148,102,105,0,105,0
2021-11-04,Amador,005,37829,5593,5557,60,5617,66
2021-11-04,Butte,007,227075,21131,20796,3917,24713,288
2021-11-04,Calaveras,009,45235,4145,4105,56,4161,82
2021-11-04,Colusa,011,21464,2529,2501,637,3138,19
2021-11-04,Contra Costa,013,1133247,99957,99282,2176,101458,1025
2021-11-04,Del Norte,015,27424,3694,3607,54,3661,42
2021-11-04,El Dorado,017,186661,16198,15958,1709,17667,156
2021-11-04,Fresno,019,978130,141510,139249,12711,151960,2170
2021-11-04,Glenn,021,27897,3523,3479,1013,4492,33
2021-11-04,Humboldt,023,135768,9138,8972,564,9536,109
2021-11-04,Imperial,025,180216,33891,33471,3166,36637,766
2021-11-04,Inyo,027,18085,2410,2353,38,2391,41
2021-11-04,Kern,029,883053,128669,126848,22370,149218,1684
2021-11-04,Kings,031,150075,32473,32018,1929,33947,342
2021-11-04,Lake,033,64148,6788,6695,148,6843,106
2021-11-04,Lassen,035,31185,6916,6796,378,7174,46
2021-11-04,Los Angeles,037,10098052,1445790,1433081,53423,1486504,26533
2021-11-04,Madera,039,155013,23448,22994,2115,25109,287
2021-11-04,Marin,041,260295,17666,17520,451,17971,247
2021-11-04,Mariposa,043,17540,1327,1282,49,1331,5
2021-11-04,Mendocino,045,87422,7650,7486,581,8067,85
2021-11-04,Merced,047,269075,42191,41958,1923,43881,604
2021-11-04,Modoc,049,8938,545,523,194,717,5
2021-11-04,Mono,051,14174,1738,1725,22,1747,4
2021-11-04,Monterey,053,433212,48888,47830,2903,50733,602
2021-11-04,Napa,055,140530,13037,12950,111,13061,103
2021-11-04,Nevada,057,99092,9302,9169,324,9493,91
2021-11-04,Orange,059,3164182,308695,306049,15179,321228,5611
2021-11-04,Placer,061,380077,37463,36967,3652,40619,438
2021-11-04,Plumas,063,18699,1839,1755,34,1789,7
2021-11-04,Riverside,065,2383286,365303,360584,16281,376865,5138
2021-11-04,Sacramento,067,1510023,160043,158766,4605,163371,2263
2021-11-04,San Benito,069,59416,7442,7429,168,7597,75
2021-11-04,San Bernardino,071,2135413,356153,353142,11207,364349,5813
2021-11-04,San Diego,073,3302833,375603,373423,22034,395457,4246
2021-11-04,San Francisco,075,870044,53352,52556,2300,54856,666
2021-11-04,San Joaquin,077,732212,100244,99372,5363,104735,1782
2021-11-04,San Luis Obispo,079,281455,29755,29335,1247,30582,350
2021-11-04,San Mateo,081,765935,54431,53442,870,54312,574
2021-11-04,Santa Barbara,083,443738,44669,44301,1537,45838,532
2021-11-04,Santa Clara,085,1922200,147868,146519,1347,147866,1894
2021-11-04,Santa Cruz,087,273765,20527,20311,996,21307,222
2021-11-04,Shasta,089,179085,21671,21281,3588,24869,349
2021-11-04,Sierra,091,2930,186,181,21,202,0
2021-11-04,Siskiyou,093,43540,3353,3279,1279,4558,48
2021-11-04,Solano,095,438530,46128,45465,1260,46725,350
2021-11-04,Sonoma,097,501317,41750,41398,524,41922,395
2021-11-04,Stanislaus,099,539301,78952,78902,8807,87709,1193
2021-11-04,Sutter,101,95872,13938,13908,348,14256,180
2021-11-04,Tehama,103,63373,8592,8474,1471,9945,120
2021-11-04,Trinity,105,12862,859,732,209,941,11
2021-11-04,Tulare,107,460477,69058,67767,14981,82748,1010
2021-11-04,Tuolumne,109,53932,7349,7245,103,7348,90
2021-11-04,Ventura,111,848112,98556,97770,4272,102042,1180
2021-11-04,Yolo,113,214977,20044,19827,969,20796,255
2021-11-04,Yuba,115,75493,10188,10107,329,10436,83
2021-11-03,Alameda,001,1643700,119754,119356,2733,122089,1428
2021-11-03,Alpine,003,1148,102,105,0,105,0
2021-11-03,Amador,005,37829,5587,5545,59,5604,66
2021-11-03,Butte,007,227075,21086,20769,3908,24677,284
2021-11-03,Calaveras,009,45235,4127,4087,55,4142,82
2021-11-03,Colusa,011,21464,2523,2499,637,3136,20
2021-11-03,Contra Costa,013,1133247,99858,99168,2171,101339,1025
2021-11-03,Del Norte,015,27424,3692,3600,53,3653,42
2021-11-03,El Dorado,017,186661,16171,15915,1705,17620,156
2021-11-03,Fresno,019,978130,141149,138873,12689,151562,2166
2021-11-03,Glenn,021,27897,3520,3470,1013,4483,33
2021-11-03,Humboldt,023,135768,9121,8949,559,9508,109
2021-11-03,Imperial,025,180216,33819,33402,3156,36558,766
2021-11-03,Inyo,027,18085,2389,2344,38,2382,41
2021-11-03,Kern,029,883053,128409,126523,22271,148794,1681
2021-11-03,Kings,031,150075,32419,31923,1922,33845,341
2021-11-03,Lake,033,64148,6772,6685,148,6833,106
2021-11-03,Lassen,035,31185,6900,6782,373,7155,46
2021-11-03,Los Angeles,037,10098052,1444443,1431209,53343,1484552,26517
2021-11-03,Madera,039,155013,23380,22893,2106,24999,287
2021-11-03,Marin,041,260295,17645,17491,447,17938,247
2021-11-03,Mariposa,043,17540,1317,1276,49,1325,5
2021-11-03,Mendocino,045,87422,7634,7457,573,8030,84
2021-11-03,Merced,047,269075,42130,41849,1913,43762,597
2021-11-03,Modoc,049,8938,545,521,192,713,5
2021-11-03,Mono,051,14174,1734,1719,22,1741,4
2021-11-03,Monterey,053,433212,48838,47794,2890,50684,601
2021-11-03,Napa,055,140530,13025,12937,110,13047,103
2021-11-03,Nevada,057,99092,9275,9131,323,9454,91
2021-11-03,Orange,059,3164182,308384,305661,15147,320808,5607
2021-11-03,Placer,061,380077,37393,36868,3647,40515,438
2021-11-03,Plumas,063,18699,1828,1739,33,1772,7
2021-11-03,Riverside,065,2383286,364845,360060,16277,376337,5131
2021-11-03,Sacramento,067,1510023,159819,158311,4595,162906,2259
2021-11-03,San Benito,069,59416,7434,7419,168,7587,75
2021-11-03,San Bernardino,071,2135413,355678,352225,11186,363411,5813
2021-11-03,San Diego,073,3302833,375103,372951,22011,394962,4241
2021-11-03,San Francisco,075,870044,53260,52493,2295,54788,663
2021-11-03,San Joaquin,077,732212,100131,99188,5353,104541,1776
2021-11-03,San Luis Obispo,079,281455,29713,29276,1241,30517,348
2021-11-03,San Mateo,081,765935,54367,53396,864,54260,571
2021-11-03,Santa Barbara,083,443738,44612,44220,1534,45754,531
2021-11-03,Santa Clara,085,1922200,147688,146259,1340,147599,1897
2021-11-03,Santa Cruz,087,273765,20492,20275,996,21271,222
2021-11-03,Shasta,089,179085,21613,21215,3581,24796,346
2021-11-03,Sierra,091,2930,184,180,21,201,0
2021-11-03,Siskiyou,093,43540,3349,3276,1277,4553,46
2021-11-03,Solano,095,438530,46101,45411,1258,46669,351
2021-11-03,Sonoma,097,501317,41673,41326,522,41848,395
2021-11-03,Stanislaus,099,539301,78821,78736,8791,87527,1193
2021-11-03,Sutter,101,95872,13925,13876,346,14222,179
2021-11-03,Tehama,103,63373,8580,8438,1471,9909,118
2021-11-03,Trinity,105,12862,858,730,209,939,11
2021-11-03,Tulare,107,460477,68931,67588,14940,82528,1007
2021-11-03,Tuolumne,109,53932,7331,7218,101,7319,90
2021-11-03,Ventura,111,848112,98448,97682,4268,101950,1178
2021-11-03,Yolo,113,214977,20024,19758,963,20721,250
2021-11-03,Yuba,115,75493,10176,10092,329,10421,83
2021-11-02,Alameda,001,1643700,119607,119241,2727,121968,1425
2021-11-02,Alpine,003,1148,101,105,0,105,0
2021-11-02,Amador,005,37829,5582,5535,59,5594,66
2021-11-02,Butte,007,227075,21042,20744,3896,24640,282
2021-11-02,Calaveras,009,45235,4104,4075,55,4130,82
2021-11-02,Colusa,011,21464,2518,2497,636,3133,19
2021-11-02,Contra Costa,013,1133247,99754,99080,2159,101239,1025
2021-11-02,Del Norte,015,27424,3690,3596,53,3649,42
2021-11-02,El Dorado,017,186661,16142,15883,1705,17588,154
2021-11-02,Fresno,019,978130,140825,138644,12659,151303,2158
2021-11-02,Glenn,021,27897,3512,3469,1010,4479,33
2021-11-02,Humboldt,023,135768,9079,8937,558,9495,109
2021-11-02,Imperial,025,180216,33747,33371,3144,36515,766
2021-11-02,Inyo,027,18085,2382,2324,38,2362,41
2021-11-02,Kern,029,883053,128154,126311,22151,148462,1665
2021-11-02,Kings,031,150075,32360,31896,1917,33813,339
2021-11-02,Lake,033,64148,6767,6681,147,6828,106
2021-11-02,Lassen,035,31185,6888,6777,370,7147,45
2021-11-02,Los Angeles,037,10098052,1443002,1429601,53267,1482868,26496
2021-11-02,Madera,039,155013,23299,22837,2095,24932,287
2021-11-02,Marin,041,260295,17617,17482,447,17929,247
2021-11-02,Mariposa,043,17540,1306,1270,48,1318,5
2021-11-02,Mendocino,045,87422,7610,7447,561,8008,84
2021-11-02,Merced,047,269075,42063,41785,1905,43690,596
2021-11-02,Modoc,049,8938,542,520,191,711,5
2021-11-02,Mono,051,14174,1730,1718,22,1740,4
2021-11-02,Monterey,053,433212,48787,47775,2872,50647,599
2021-11-02,Napa,055,140530,13007,12930,110,13040,104
2021-11-02,Nevada,057,99092,9245,9122,322,9444,91
2021-11-02,Orange,059,3164182,308068,305369,15103,320472,5600
2021-11-02,Placer,061,380077,37321,36817,3632,40449,438
2021-11-02,Plumas,063,18699,1817,1721,33,1754,7
2021-11-02,Riverside,065,2383286,364391,359586,16258,375844,5116
2021-11-02,Sacramento,067,1510023,159562,158112,4573,162685,2250
2021-11-02,San Benito,069,59416,7418,7407,168,7575,75
2021-11-02,San Bernardino,071,2135413,355201,351832,11132,362964,5813
2021-11-02,San Diego,073,3302833,374518,372440,21981,394421,4232
2021-11-02,San Francisco,075,870044,53140,52450,2291,54741,663
2021-11-02,San Joaquin,077,732212,99998,99076,5342,104418,1772
2021-11-02,San Luis Obispo,079,281455,29680,29224,1237,30461,348
2021-11-02,San Mateo,081,765935,54295,53351,861,54212,571
2021-11-02,Santa Barbara,083,443738,44556,44177,1531,45708,531
2021-11-02,Santa Clara,085,1922200,147494,146115,1333,147448,1896
2021-11-02,Santa Cruz,087,273765,20459,20266,995,21261,222
2021-11-02,Shasta,089,179085,21539,21127,3571,24698,344
2021-11-02,Sierra,091,2930,184,180,20,200,0
2021-11-02,Siskiyou,093,43540,3347,3272,1274,4546,46
2021-11-02,Solano,095,438530,46061,45378,1252,46630,350
2021-11-02,Sonoma,097,501317,41592,41288,521,41809,395
2021-11-02,Stanislaus,099,539301,78666,78629,8771,87400,1193
2021-11-02,Sutter,101,95872,13905,13868,346,14214,179
2021-11-02,Tehama,103,63373,8564,8422,1468,9890,116
2021-11-02,Trinity,105,12862,858,729,209,938,11
2021-11-02,Tulare,107,460477,68806,67502,14892,82394,1002
2021-11-02,Tuolumne,109,53932,7309,7204,99,7303,90
2021-11-02,Ventura,111,848112,98343,97574,4264,101838,1178
2021-11-02,Yolo,113,214977,19994,19736,961,20697,250
2021-11-02,Yuba,115,75493,10153,10080,327,10407,83
2021-11-01,Alameda,001,1643700,119469,119159,2725,121884,1421
2021-11-01,Alpine,003,1148,101,105,0,105,0
2021-11-01,Amador,005,37829,5580,5532,59,5591,64
2021-11-01,Butte,007,227075,20992,20710,3890,24600,281
2021-11-01,Calaveras,009,45235,4094,4059,54,4113,82
2021-11-01,Colusa,011,21464,2516,2494,633,3127,19
2021-11-01,Contra Costa,013,1133247,99629,99011,2151,101162,1025
2021-11-01,Del Norte,015,27424,3688,3594,53,3647,42
2021-11-01,El Dorado,017,186661,16118,15858,1700,17558,154
2021-11-01,Fresno,019,978130,140448,138421,12623,151044,2149
2021-11-01,Glenn,021,27897,3505,3461,1008,4469,33
2021-11-01,Humboldt,023,135768,9051,8929,555,9484,108
2021-11-01,Imperial,025,180216,33697,33342,3135,36477,766
2021-11-01,Inyo,027,18085,2370,2307,38,2345,41
2021-11-01,Kern,029,883053,127853,126092,22036,148128,1660
2021-11-01,Kings,031,150075,32307,31866,1913,33779,337
2021-11-01,Lake,033,64148,6756,6676,146,6822,106
2021-11-01,Lassen,035,31185,6873,6775,367,7142,42
2021-11-01,Los Angeles,037,10098052,1441618,1428891,53178,1482069,26483
2021-11-01,Madera,039,155013,23219,22801,2090,24891,283
2021-11-01,Marin,041,260295,17597,17460,446,17906,247
2021-11-01,Mariposa,043,17540,1298,1266,47,1313,5
2021-11-01,Mendocino,045,87422,7577,7422,543,7965,84
2021-11-01,Merced,047,269075,41972,41740,1903,43643,594
2021-11-01,Modoc,049,8938,537,520,189,709,5
2021-11-01,Mono,051,14174,1726,1714,22,1736,3
2021-11-01,Monterey,053,433212,48744,47756,2860,50616,597
2021-11-01,Napa,055,140530,12980,12916,109,13025,101
2021-11-01,Nevada,057,99092,9222,9108,321,9429,91
2021-11-01,Orange,059,3164182,307725,305192,15062,320254,5596
2021-11-01,Placer,061,380077,37238,36747,3620,40367,435
2021-11-01,Plumas,063,18699,1798,1719,33,1752,7
2021-11-01,Riverside,065,2383286,363889,359263,16236,375499,5115
2021-11-01,Sacramento,067,1510023,159289,157893,4551,162444,2239
2021-11-01,San Benito,069,59416,7408,7406,167,7573,73
2021-11-01,San Bernardino,071,2135413,354710,351620,11112,362732,5815
2021-11-01,San Diego,073,3302833,373953,372043,21963,394006,4232
2021-11-01,San Francisco,075,870044,53054,52418,2284,54702,661
2021-11-01,San Joaquin,077,732212,99836,98969,5335,104304,1772
2021-11-01,San Luis Obispo,079,281455,29636,29199,1232,30431,343
2021-11-01,San Mateo,081,765935,54228,53314,857,54171,571
2021-11-01,Santa Barbara,083,443738,44489,44146,1527,45673,529
2021-11-01,Santa Clara,085,1922200,147295,145978,1328,147306,1907
2021-11-01,Santa Cruz,087,273765,20424,20238,995,21233,221
2021-11-01,Shasta,089,179085,21486,21104,3564,24668,338
2021-11-01,Sierra,091,2930,184,180,20,200,0
2021-11-01,Siskiyou,093,43540,3340,3272,1269,4541,46
2021-11-01,Solano,095,438530,46007,45358,1252,46610,350
2021-11-01,Sonoma,097,501317,41519,41234,520,41754,395
2021-11-01,Stanislaus,099,539301,78536,78534,8756,87290,1193
2021-11-01,Sutter,101,95872,13881,13852,344,14196,179
2021-11-01,Tehama,103,63373,8536,8412,1465,9877,116
2021-11-01,Trinity,105,12862,856,727,209,936,11
2021-11-01,Tulare,107,460477,68663,67388,14840,82228,1002
2021-11-01,Tuolumne,109,53932,7293,7175,98,7273,90
2021-11-01,Ventura,111,848112,98253,97507,4262,101769,1178
2021-11-01,Yolo,113,214977,19973,19708,955,20663,250
2021-11-01,Yuba,115,75493,10135,10066,325,10391,83
2021-10-31,Alameda,001,1643700,119325,119071,2721,121792,1419
2021-10-31,Alpine,003,1148,101,105,0,105,0
2021-10-31,Amador,005,37829,5569,5518,59,5577,64
2021-10-31,Butte,007,227075,20930,20689,3879,24568,281
2021-10-31,Calaveras,009,45235,4076,4052,53,4105,82
2021-10-31,Colusa,011,21464,2514,2493,630,3123,18
2021-10-31,Contra Costa,013,1133247,99501,98936,2149,101085,1025
2021-10-31,Del Norte,015,27424,3682,3591,53,3644,42
2021-10-31,El Dorado,017,186661,16072,15841,1697,17538,154
2021-10-31,Fresno,019,978130,140044,138165,12589,150754,2147
2021-10-31,Glenn,021,27897,3498,3459,1008,4467,33
2021-10-31,Humboldt,023,135768,9003,8919,549,9468,108
2021-10-31,Imperial,025,180216,33622,33334,3123,36457,766
2021-10-31,Inyo,027,18085,2351,2309,38,2347,41
2021-10-31,Kern,029,883053,127481,125917,21912,147829,1666
2021-10-31,Kings,031,150075,32221,31814,1901,33715,338
2021-10-31,Lake,033,64148,6745,6665,144,6809,106
2021-10-31,Lassen,035,31185,6858,6768,362,7130,42
2021-10-31,Los Angeles,037,10098052,1440066,1427933,53095,1481028,26474
2021-10-31,Madera,039,155013,23123,22744,2077,24821,283
2021-10-31,Marin,041,260295,17569,17443,445,17888,247
2021-10-31,Mariposa,043,17540,1292,1257,46,1303,5
2021-10-31,Mendocino,045,87422,7536,7403,526,7929,84
2021-10-31,Merced,047,269075,41879,41699,1883,43582,589
2021-10-31,Modoc,049,8938,531,517,186,703,5
2021-10-31,Mono,051,14174,1722,1711,22,1733,3
2021-10-31,Monterey,053,433212,48703,47744,2842,50586,596
2021-10-31,Napa,055,140530,12963,12906,107,13013,101
2021-10-31,Nevada,057,99092,9185,9084,316,9400,91
2021-10-31,Orange,059,3164182,307377,305032,14979,320011,5596
2021-10-31,Placer,061,380077,37141,36698,3607,40305,435
2021-10-31,Plumas,063,18699,1780,1716,33,1749,7
2021-10-31,Riverside,065,2383286,363312,359005,16222,375227,5104
2021-10-31,Sacramento,067,1510023,158937,157667,4538,162205,2243
2021-10-31,San Benito,069,59416,7399,7397,165,7562,73
2021-10-31,San Bernardino,071,2135413,354177,351411,11098,362509,5810
2021-10-31,San Diego,073,3302833,373400,371603,21932,393535,4218
2021-10-31,San Francisco,075,870044,52945,52370,2278,54648,661
2021-10-31,San Joaquin,077,732212,99672,98893,5320,104213,1772
2021-10-31,San Luis Obispo,079,281455,29583,29176,1231,30407,343
2021-10-31,San Mateo,081,765935,54169,53284,855,54139,571
2021-10-31,Santa Barbara,083,443738,44419,44113,1522,45635,529
2021-10-31,Santa Clara,085,1922200,147079,145829,1313,147142,1908
2021-10-31,Santa Cruz,087,273765,20389,20218,994,21212,221
2021-10-31,Shasta,089,179085,21403,21086,3552,24638,338
2021-10-31,Sierra,091,2930,184,180,20,200,0
2021-10-31,Siskiyou,093,43540,3334,3271,1268,4539,46
2021-10-31,Solano,095,438530,45958,45310,1246,46556,350
2021-10-31,Sonoma,097,501317,41449,41183,517,41700,395
2021-10-31,Stanislaus,099,539301,78347,78426,8739,87165,1193
2021-10-31,Sutter,101,95872,13862,13838,341,14179,179
2021-10-31,Tehama,103,63373,8505,8391,1461,9852,116
2021-10-31,Trinity,105,12862,856,724,209,933,11
2021-10-31,Tulare,107,460477,68467,67310,14752,82062,1002
2021-10-31,Tuolumne,109,53932,7264,7141,97,7238,90
2021-10-31,Ventura,111,848112,98131,97460,4257,101717,1178
2021-10-31,Yolo,113,214977,19927,19662,951,20613,250
2021-10-31,Yuba,115,75493,10117,10051,315,10366,83
2021-10-30,Alameda,001,1643700,119265,118632,2718,121350,1419
2021-10-30,Alpine,003,1148,101,105,0,105,0
2021-10-30,Amador,005,37829,5560,5480,58,5538,64
2021-10-30,Butte,007,227075,20915,20516,3872,24388,277
2021-10-30,Calaveras,009,45235,4069,3992,53,4045,82
2021-10-30,Colusa,011,21464,2514,2484,629,3113,19
2021-10-30,Contra Costa,013,1133247,99438,98562,2148,100710,1024
2021-10-30,Del Norte,015,27424,3679,3574,53,3627,42
2021-10-30,El Dorado,017,186661,16056,15752,1693,17445,154
2021-10-30,Fresno,019,978130,139899,136901,12577,149478,2131
2021-10-30,Glenn,021,27897,3494,3442,1008,4450,33
2021-10-30,Humboldt,023,135768,8988,8871,547,9418,105
2021-10-30,Imperial,025,180216,33576,33156,3119,36275,766
2021-10-30,Inyo,027,18085,2348,2249,38,2287,41
2021-10-30,Kern,029,883053,127329,124892,21843,146735,1653
2021-10-30,Kings,031,150075,32187,31578,1897,33475,337
2021-10-30,Lake,033,64148,6740,6610,144,6754,106
2021-10-30,Lassen,035,31185,6852,6719,360,7079,42
2021-10-30,Los Angeles,037,10098052,1439344,1424257,53042,1477299,26625
2021-10-30,Madera,039,155013,23079,22524,2072,24596,283
2021-10-30,Marin,041,260295,17554,17380,443,17823,247
2021-10-30,Mariposa,043,17540,1289,1228,46,1274,5
2021-10-30,Mendocino,045,87422,7513,7338,524,7862,84
2021-10-30,Merced,047,269075,41839,41428,1881,43309,586
2021-10-30,Modoc,049,8938,529,513,185,698,5
2021-10-30,Mono,051,14174,1722,1684,22,1706,3
2021-10-30,Monterey,053,433212,48686,47649,2836,50485,588
2021-10-30,Napa,055,140530,12948,12863,106,12969,101
2021-10-30,Nevada,057,99092,9166,9015,316,9331,91
2021-10-30,Orange,059,3164182,307197,304120,14957,319077,5588
2021-10-30,Placer,061,380077,37096,36400,3601,40001,434
2021-10-30,Plumas,063,18699,1775,1695,33,1728,7
2021-10-30,Riverside,065,2383286,363011,357645,16214,373859,5088
2021-10-30,Sacramento,067,1510023,158780,157125,4529,161654,2233
2021-10-30,San Benito,069,59416,7392,7362,165,7527,71
2021-10-30,San Bernardino,071,2135413,353899,350076,11083,361159,5777
2021-10-30,San Diego,073,3302833,373037,370006,21910,391916,4213
2021-10-30,San Francisco,075,870044,52916,52161,2276,54437,661
2021-10-30,San Joaquin,077,732212,99616,98314,5319,103633,1768
2021-10-30,San Luis Obispo,079,281455,29551,29053,1228,30281,341
2021-10-30,San Mateo,081,765935,54130,53083,855,53938,571
2021-10-30,Santa Barbara,083,443738,44384,43972,1521,45493,528
2021-10-30,Santa Clara,085,1922200,146973,145262,1309,146571,1903
2021-10-30,Santa Cruz,087,273765,20371,20134,992,21126,221
2021-10-30,Shasta,089,179085,21359,20878,3546,24424,332
2021-10-30,Sierra,091,2930,184,175,20,195,0
2021-10-30,Siskiyou,093,43540,3333,3257,1265,4522,46
2021-10-30,Solano,095,438530,45937,45146,1244,46390,346
2021-10-30,Sonoma,097,501317,41410,40924,517,41441,393
2021-10-30,Stanislaus,099,539301,78277,77871,8732,86603,1191
2021-10-30,Sutter,101,95872,13848,13773,341,14114,178
2021-10-30,Tehama,103,63373,8493,8307,1457,9764,114
2021-10-30,Trinity,105,12862,854,708,208,916,11
2021-10-30,Tulare,107,460477,68396,66745,14708,81453,995
2021-10-30,Tuolumne,109,53932,7240,7050,96,7146,90
2021-10-30,Ventura,111,848112,98082,97182,4254,101436,1174
2021-10-30,Yolo,113,214977,19908,19568,949,20517,250
2021-10-30,Yuba,115,75493,10106,9969,315,10284,82
2021-10-29,Alameda,001,1643700,119186,118632,2713,121345,1419
2021-10-29,Alpine,003,1148,101,105,0,105,0
2021-10-29,Amador,005,37829,5549,5480,58,5538,64
2021-10-29,Butte,007,227075,20890,20516,3860,24376,277
2021-10-29,Calaveras,009,45235,4062,3992,53,4045,82
2021-10-29,Colusa,011,21464,2514,2484,627,3111,19
2021-10-29,Contra Costa,013,1133247,99370,98562,2146,100708,1024
2021-10-29,Del Norte,015,27424,3672,3574,53,3627,42
2021-10-29,El Dorado,017,186661,16042,15752,1693,17445,154
2021-10-29,Fresno,019,978130,139684,136901,12564,149465,2131
2021-10-29,Glenn,021,27897,3493,3442,1007,4449,33
2021-10-29,Humboldt,023,135768,8983,8871,546,9417,105
2021-10-29,Imperial,025,180216,33549,33156,3116,36272,766
2021-10-29,Inyo,027,18085,2345,2249,38,2287,41
2021-10-29,Kern,029,883053,127152,124892,21753,146645,1653
2021-10-29,Kings,031,150075,32153,31578,1895,33473,337
2021-10-29,Lake,033,64148,6731,6610,141,6751,106
2021-10-29,Lassen,035,31185,6843,6719,358,7077,42
2021-10-29,Los Angeles,037,10098052,1438503,1424257,53000,1477257,26625
2021-10-29,Madera,039,155013,23027,22524,2067,24591,283
2021-10-29,Marin,041,260295,17538,17380,442,17822,247
2021-10-29,Mariposa,043,17540,1285,1228,46,1274,5
2021-10-29,Mendocino,045,87422,7505,7338,524,7862,84
2021-10-29,Merced,047,269075,41789,41428,1875,43303,586
2021-10-29,Modoc,049,8938,526,513,185,698,5
2021-10-29,Mono,051,14174,1720,1684,22,1706,3
2021-10-29,Monterey,053,433212,48663,47649,2836,50485,588
2021-10-29,Napa,055,140530,12927,12863,106,12969,101
2021-10-29,Nevada,057,99092,9154,9015,316,9331,91
2021-10-29,Orange,059,3164182,306972,304120,14937,319057,5588
2021-10-29,Placer,061,380077,37060,36400,3591,39991,434
2021-10-29,Plumas,063,18699,1769,1695,33,1728,7
2021-10-29,Riverside,065,2383286,362678,357645,16209,373854,5088
2021-10-29,Sacramento,067,1510023,158591,157125,4519,161644,2233
2021-10-29,San Benito,069,59416,7389,7362,165,7527,71
2021-10-29,San Bernardino,071,2135413,353596,350076,11072,361148,5777
2021-10-29,San Diego,073,3302833,372665,370006,21882,391888,4213
2021-10-29,San Francisco,075,870044,52856,52161,2269,54430,661
2021-10-29,San Joaquin,077,732212,99556,98314,5314,103628,1768
2021-10-29,San Luis Obispo,079,281455,29525,29053,1226,30279,341
2021-10-29,San Mateo,081,765935,54087,53083,853,53936,571
2021-10-29,Santa Barbara,083,443738,44344,43972,1518,45490,528
2021-10-29,Santa Clara,085,1922200,146859,145262,1302,146564,1903
2021-10-29,Santa Cruz,087,273765,20364,20134,991,21125,221
2021-10-29,Shasta,089,179085,21321,20878,3540,24418,332
2021-10-29,Sierra,091,2930,182,175,20,195,0
2021-10-29,Siskiyou,093,43540,3333,3257,1264,4521,46
2021-10-29,Solano,095,438530,45900,45146,1243,46389,346
2021-10-29,Sonoma,097,501317,41389,40924,517,41441,393
2021-10-29,Stanislaus,099,539301,78192,77871,8720,86591,1191
2021-10-29,Sutter,101,95872,13829,13773,341,14114,178
2021-10-29,Tehama,103,63373,8480,8307,1456,9763,114
2021-10-29,Trinity,105,12862,853,708,208,916,11
2021-10-29,Tulare,107,460477,68291,66745,14665,81410,995
2021-10-29,Tuolumne,109,53932,7227,7050,96,7146,90
2021-10-29,Ventura,111,848112,98027,97182,4250,101432,1174
2021-10-29,Yolo,113,214977,19887,19568,947,20515,250
2021-10-29,Yuba,115,75493,10098,9969,311,10280,82
2021-10-28,Alameda,001,1643700,119063,118632,2706,121338,1419
2021-10-28,Alpine,003,1148,101,105,0,105,0
2021-10-28,Amador,005,37829,5536,5480,58,5538,64
2021-10-28,Butte,007,227075,20848,20516,3849,24365,277
2021-10-28,Calaveras,009,45235,4049,3992,53,4045,82
2021-10-28,Colusa,011,21464,2511,2484,626,3110,19
2021-10-28,Contra Costa,013,1133247,99240,98562,2142,100704,1024
2021-10-28,Del Norte,015,27424,3671,3574,53,3627,42
2021-10-28,El Dorado,017,186661,16014,15752,1690,17442,154
2021-10-28,Fresno,019,978130,139352,136901,12533,149434,2131
2021-10-28,Glenn,021,27897,3490,3442,1005,4447,33
2021-10-28,Humboldt,023,135768,8967,8871,541,9412,105
2021-10-28,Imperial,025,180216,33483,33156,3109,36265,766
2021-10-28,Inyo,027,18085,2328,2249,38,2287,41
2021-10-28,Kern,029,883053,126904,124892,21641,146533,1653
2021-10-28,Kings,031,150075,32084,31578,1890,33468,337
2021-10-28,Lake,033,64148,6721,6610,141,6751,106
2021-10-28,Lassen,035,31185,6834,6719,355,7074,42
2021-10-28,Los Angeles,037,10098052,1437366,1424257,52926,1477183,26625
2021-10-28,Madera,039,155013,22973,22524,2056,24580,283
2021-10-28,Marin,041,260295,17520,17380,441,17821,247
2021-10-28,Mariposa,043,17540,1281,1228,46,1274,5
2021-10-28,Mendocino,045,87422,7492,7338,513,7851,84
2021-10-28,Merced,047,269075,41704,41428,1865,43293,586
2021-10-28,Modoc,049,8938,525,513,185,698,5
2021-10-28,Mono,051,14174,1714,1684,22,1706,3
2021-10-28,Monterey,053,433212,48632,47649,2819,50468,588
2021-10-28,Napa,055,140530,12918,12863,105,12968,101
2021-10-28,Nevada,057,99092,9136,9015,316,9331,91
2021-10-28,Orange,059,3164182,306685,304120,14873,318993,5588
2021-10-28,Placer,061,380077,36981,36400,3582,39982,434
2021-10-28,Plumas,063,18699,1761,1695,33,1728,7
2021-10-28,Riverside,065,2383286,362238,357645,16186,373831,5088
2021-10-28,Sacramento,067,1510023,158325,157125,4507,161632,2233
2021-10-28,San Benito,069,59416,7381,7362,165,7527,71
2021-10-28,San Bernardino,071,2135413,353180,350076,11049,361125,5777
2021-10-28,San Diego,073,3302833,372209,370006,21859,391865,4213
2021-10-28,San Francisco,075,870044,52810,52161,2262,54423,661
2021-10-28,San Joaquin,077,732212,99428,98314,5313,103627,1768
2021-10-28,San Luis Obispo,079,281455,29496,29053,1223,30276,341
2021-10-28,San Mateo,081,765935,54042,53083,851,53934,571
2021-10-28,Santa Barbara,083,443738,44305,43972,1516,45488,528
2021-10-28,Santa Clara,085,1922200,146700,145262,1297,146559,1903
2021-10-28,Santa Cruz,087,273765,20340,20134,991,21125,221
2021-10-28,Shasta,089,179085,21246,20878,3533,24411,332
2021-10-28,Sierra,091,2930,181,175,20,195,0
2021-10-28,Siskiyou,093,43540,3332,3257,1264,4521,46
2021-10-28,Solano,095,438530,45860,45146,1242,46388,346
2021-10-28,Sonoma,097,501317,41321,40924,516,41440,393
2021-10-28,Stanislaus,099,539301,78039,77871,8704,86575,1191
2021-10-28,Sutter,101,95872,13816,13773,337,14110,178
2021-10-28,Tehama,103,63373,8443,8307,1453,9760,114
2021-10-28,Trinity,105,12862,850,708,208,916,11
2021-10-28,Tulare,107,460477,68152,66745,14609,81354,995
2021-10-28,Tuolumne,109,53932,7196,7050,96,7146,90
2021-10-28,Ventura,111,848112,97942,97182,4247,101429,1174
2021-10-28,Yolo,113,214977,19848,19568,944,20512,250
2021-10-28,Yuba,115,75493,10069,9969,308,10277,82
2021-10-27,Alameda,001,1643700,118941,118487,2704,121191,1414
2021-10-27,Alpine,003,1148,101,105,0,105,0
2021-10-27,Amador,005,37829,5524,5470,57,5527,64
2021-10-27,Butte,007,227075,20803,20446,3834,24280,274
2021-10-27,Calaveras,009,45235,4031,3970,52,4022,82
2021-10-27,Colusa,011,21464,2511,2480,625,3105,18
2021-10-27,Contra Costa,013,1133247,99132,98442,2130,100572,1018
2021-10-27,Del Norte,015,27424,3664,3571,52,3623,42
2021-10-27,El Dorado,017,186661,15983,15723,1685,17408,154
2021-10-27,Fresno,019,978130,138971,136447,12499,148946,2128
2021-10-27,Glenn,021,27897,3488,3435,1004,4439,33
2021-10-27,Humboldt,023,135768,8947,8851,539,9390,105
2021-10-27,Imperial,025,180216,33443,33068,3104,36172,766
2021-10-27,Inyo,027,18085,2308,2236,38,2274,41
2021-10-27,Kern,029,883053,126635,124557,21541,146098,1647
2021-10-27,Kings,031,150075,32018,31437,1884,33321,335
2021-10-27,Lake,033,64148,6695,6589,141,6730,105
2021-10-27,Lassen,035,31185,6821,6706,353,7059,42
2021-10-27,Los Angeles,037,10098052,1436137,1422615,52868,1475483,26604
2021-10-27,Madera,039,155013,22889,22413,2032,24445,283
2021-10-27,Marin,041,260295,17505,17362,441,17803,247
2021-10-27,Mariposa,043,17540,1268,1228,46,1274,5
2021-10-27,Mendocino,045,87422,7478,7321,506,7827,84
2021-10-27,Merced,047,269075,41607,41310,1851,43161,583
2021-10-27,Modoc,049,8938,521,513,185,698,5
2021-10-27,Mono,051,14174,1711,1682,22,1704,3
2021-10-27,Monterey,053,433212,48595,47610,2798,50408,588
2021-10-27,Napa,055,140530,12903,12856,105,12961,101
2021-10-27,Nevada,057,99092,9118,8987,315,9302,90
2021-10-27,Orange,059,3164182,306365,303825,14823,318648,5584
2021-10-27,Placer,061,380077,36916,36296,3575,39871,434
2021-10-27,Plumas,063,18699,1753,1686,33,1719,7
2021-10-27,Riverside,065,2383286,361807,357152,16178,373330,5081
2021-10-27,Sacramento,067,1510023,158057,156830,4486,161316,2230
2021-10-27,San Benito,069,59416,7374,7337,165,7502,71
2021-10-27,San Bernardino,071,2135413,352755,349624,11027,360651,5770
2021-10-27,San Diego,073,3302833,371653,369579,21835,391414,4207
2021-10-27,San Francisco,075,870044,52759,52108,2258,54366,655
2021-10-27,San Joaquin,077,732212,99270,98168,5298,103466,1753
2021-10-27,San Luis Obispo,079,281455,29457,29002,1221,30223,341
2021-10-27,San Mateo,081,765935,53987,53032,843,53875,571
2021-10-27,Santa Barbara,083,443738,44252,43901,1513,45414,527
2021-10-27,Santa Clara,085,1922200,146521,145081,1289,146370,1902
2021-10-27,Santa Cruz,087,273765,20313,20091,989,21080,221
2021-10-27,Shasta,089,179085,21171,20813,3525,24338,331
2021-10-27,Sierra,091,2930,180,176,20,196,0
2021-10-27,Siskiyou,093,43540,3329,3256,1260,4516,46
2021-10-27,Solano,095,438530,45815,45089,1235,46324,346
2021-10-27,Sonoma,097,501317,41245,40829,514,41343,393
2021-10-27,Stanislaus,099,539301,77879,77687,8689,86376,1191
2021-10-27,Sutter,101,95872,13802,13754,337,14091,177
2021-10-27,Tehama,103,63373,8421,8265,1451,9716,113
2021-10-27,Trinity,105,12862,850,706,207,913,11
2021-10-27,Tulare,107,460477,67998,66568,14553,81121,991
2021-10-27,Tuolumne,109,53932,7169,7009,95,7104,90
2021-10-27,Ventura,111,848112,97850,97108,4242,101350,1172
2021-10-27,Yolo,113,214977,19819,19517,937,20454,250
2021-10-27,Yuba,115,75493,10048,9945,306,10251,82
2021-10-26,Alameda,001,1643700,118803,118360,2702,121062,1407
2021-10-26,Alpine,003,1148,101,105,0,105,0
2021-10-26,Amador,005,37829,5516,5465,56,5521,64
2021-10-26,Butte,007,227075,20743,20387,3817,24204,274
2021-10-26,Calaveras,009,45235,4020,3966,52,4018,81
2021-10-26,Colusa,011,21464,2508,2478,624,3102,18
2021-10-26,Contra Costa,013,1133247,99008,98352,2120,100472,1017
2021-10-26,Del Norte,015,27424,3659,3563,52,3615,42
2021-10-26,El Dorado,017,186661,15955,15690,1676,17366,153
2021-10-26,Fresno,019,978130,138524,136211,12451,148662,2122
2021-10-26,Glenn,021,27897,3474,3431,1001,4432,33
2021-10-26,Humboldt,023,135768,8929,8830,533,9363,105
2021-10-26,Imperial,025,180216,33378,33012,3099,36111,766
2021-10-26,Inyo,027,18085,2293,2200,38,2238,41
2021-10-26,Kern,029,883053,126292,124351,21423,145774,1645
2021-10-26,Kings,031,150075,31951,31382,1877,33259,336
2021-10-26,Lake,033,64148,6685,6584,139,6723,105
2021-10-26,Lassen,035,31185,6800,6689,351,7040,42
2021-10-26,Los Angeles,037,10098052,1434797,1421795,52797,1474592,26599
2021-10-26,Madera,039,155013,22799,22363,2021,24384,283
2021-10-26,Marin,041,260295,17488,17354,440,17794,244
2021-10-26,Mariposa,043,17540,1263,1225,45,1270,5
2021-10-26,Mendocino,045,87422,7449,7308,490,7798,83
2021-10-26,Merced,047,269075,41529,41267,1844,43111,583
2021-10-26,Modoc,049,8938,521,513,185,698,5
2021-10-26,Mono,051,14174,1706,1680,22,1702,3
2021-10-26,Monterey,053,433212,48556,47572,2788,50360,588
2021-10-26,Napa,055,140530,12891,12849,105,12954,101
2021-10-26,Nevada,057,99092,9087,8971,314,9285,90
2021-10-26,Orange,059,3164182,306096,303533,14784,318317,5580
2021-10-26,Placer,061,380077,36819,36245,3569,39814,434
2021-10-26,Plumas,063,18699,1744,1645,33,1678,7
2021-10-26,Riverside,065,2383286,361318,356775,16168,372943,5068
2021-10-26,Sacramento,067,1510023,157756,156643,4469,161112,2228
2021-10-26,San Benito,069,59416,7351,7325,165,7490,71
2021-10-26,San Bernardino,071,2135413,352327,349346,11012,360358,5764
2021-10-26,San Diego,073,3302833,371136,369043,21805,390848,4198
2021-10-26,San Francisco,075,870044,52685,52063,2255,54318,655
2021-10-26,San Joaquin,077,732212,99093,98036,5284,103320,1748
2021-10-26,San Luis Obispo,079,281455,29418,28928,1215,30143,337
2021-10-26,San Mateo,081,765935,53915,52974,840,53814,571
2021-10-26,Santa Barbara,083,443738,44206,43835,1512,45347,525
2021-10-26,Santa Clara,085,1922200,146319,144932,1283,146215,1903
2021-10-26,Santa Cruz,087,273765,20282,20067,989,21056,221
2021-10-26,Shasta,089,179085,21110,20725,3507,24232,330
2021-10-26,Sierra,091,2930,180,169,20,189,0
2021-10-26,Siskiyou,093,43540,3323,3254,1258,4512,46
2021-10-26,Solano,095,438530,45759,45044,1234,46278,344
2021-10-26,Sonoma,097,501317,41163,40794,512,41306,393
2021-10-26,Stanislaus,099,539301,77705,77552,8664,86216,1157
2021-10-26,Sutter,101,95872,13773,13739,336,14075,176
2021-10-26,Tehama,103,63373,8393,8247,1446,9693,112
2021-10-26,Trinity,105,12862,846,705,207,912,11
2021-10-26,Tulare,107,460477,67838,66476,14496,80972,991
2021-10-26,Tuolumne,109,53932,7143,6995,93,7088,90
2021-10-26,Ventura,111,848112,97741,97014,4239,101253,1170
2021-10-26,Yolo,113,214977,19788,19490,936,20426,248
2021-10-26,Yuba,115,75493,10030,9927,301,10228,82
2021-10-25,Alameda,001,1643700,118660,118319,2701,121020,1404
2021-10-25,Alpine,003,1148,101,105,0,105,0
2021-10-25,Amador,005,37829,5502,5455,56,5511,64
2021-10-25,Butte,007,227075,20670,20331,3809,24140,273
2021-10-25,Calaveras,009,45235,3990,3942,51,3993,82
2021-10-25,Colusa,011,21464,2506,2471,622,3093,18
2021-10-25,Contra Costa,013,1133247,98891,98267,2116,100383,1017
2021-10-25,Del Norte,015,27424,3652,3562,52,3614,42
2021-10-25,El Dorado,017,186661,15920,15663,1674,17337,149
2021-10-25,Fresno,019,978130,138090,135974,12415,148389,2112
2021-10-25,Glenn,021,27897,3471,3421,1000,4421,33
2021-10-25,Humboldt,023,135768,8906,8825,528,9353,105
2021-10-25,Imperial,025,180216,33317,32968,3088,36056,766
2021-10-25,Inyo,027,18085,2275,2183,38,2221,41
2021-10-25,Kern,029,883053,125941,124078,21284,145362,1649
2021-10-25,Kings,031,150075,31862,31329,1868,33197,335
2021-10-25,Lake,033,64148,6671,6571,139,6710,105
2021-10-25,Lassen,035,31185,6789,6688,349,7037,42
2021-10-25,Los Angeles,037,10098052,1433443,1421061,52731,1473792,26579
2021-10-25,Madera,039,155013,22745,22325,2014,24339,281
2021-10-25,Marin,041,260295,17466,17334,438,17772,244
2021-10-25,Mariposa,043,17540,1249,1220,45,1265,5
2021-10-25,Mendocino,045,87422,7420,7296,486,7782,82
2021-10-25,Merced,047,269075,41461,41207,1817,43024,583
2021-10-25,Modoc,049,8938,519,512,183,695,5
2021-10-25,Mono,051,14174,1698,1677,22,1699,3
2021-10-25,Monterey,053,433212,48523,47547,2786,50333,587
2021-10-25,Napa,055,140530,12878,12841,105,12946,100
2021-10-25,Nevada,057,99092,9061,8958,314,9272,90
2021-10-25,Orange,059,3164182,305798,303279,14747,318026,5574
2021-10-25,Placer,061,380077,36711,36153,3559,39712,431
2021-10-25,Plumas,063,18699,1732,1641,33,1674,7
2021-10-25,Riverside,065,2383286,360889,356381,16153,372534,5056
2021-10-25,Sacramento,067,1510023,157451,156516,4446,160962,2235
2021-10-25,San Benito,069,59416,7338,7314,164,7478,71
2021-10-25,San Bernardino,071,2135413,351819,349075,11000,360075,5748
2021-10-25,San Diego,073,3302833,370567,368386,21777,390163,4196
2021-10-25,San Francisco,075,870044,52612,52041,2249,54290,649
2021-10-25,San Joaquin,077,732212,98892,97980,5275,103255,1740
2021-10-25,San Luis Obispo,079,281455,29370,28907,1210,30117,336
2021-10-25,San Mateo,081,765935,53854,52927,836,53763,571
2021-10-25,Santa Barbara,083,443738,44147,43775,1512,45287,525
2021-10-25,Santa Clara,085,1922200,146127,144895,1278,146173,1901
2021-10-25,Santa Cruz,087,273765,20253,20053,988,21041,221
2021-10-25,Shasta,089,179085,21038,20666,3500,24166,326
2021-10-25,Sierra,091,2930,180,168,20,188,0
2021-10-25,Siskiyou,093,43540,3319,3248,1253,4501,46
2021-10-25,Solano,095,438530,45698,45022,1232,46254,344
2021-10-25,Sonoma,097,501317,41090,40746,510,41256,393
2021-10-25,Stanislaus,099,539301,77513,77452,8636,86088,1145
2021-10-25,Sutter,101,95872,13759,13721,333,14054,176
2021-10-25,Tehama,103,63373,8366,8224,1442,9666,111
2021-10-25,Trinity,105,12862,841,699,206,905,11
2021-10-25,Tulare,107,460477,67643,66357,14434,80791,986
2021-10-25,Tuolumne,109,53932,7109,6952,92,7044,90
2021-10-25,Ventura,111,848112,97650,96932,4236,101168,1167
2021-10-25,Yolo,113,214977,19738,19457,933,20390,248
2021-10-25,Yuba,115,75493,10014,9924,297,10221,82
2021-10-24,Alameda,001,1643700,118528,117816,2696,120512,1397
2021-10-24,Alpine,003,1148,101,105,0,105,0
2021-10-24,Amador,005,37829,5497,5412,56,5468,64
2021-10-24,Butte,007,227075,20598,20101,3797,23898,273
2021-10-24,Calaveras,009,45235,3971,3865,50,3915,81
2021-10-24,Colusa,011,21464,2502,2458,619,3077,18
2021-10-24,Contra Costa,013,1133247,98773,97855,2107,99962,1008
2021-10-24,Del Norte,015,27424,3648,3540,52,3592,42
2021-10-24,El Dorado,017,186661,15883,15540,1670,17210,149
2021-10-24,Fresno,019,978130,137654,134466,12365,146831,2094
2021-10-24,Glenn,021,27897,3463,3399,998,4397,33
2021-10-24,Humboldt,023,135768,8893,8753,522,9275,105
2021-10-24,Imperial,025,180216,33239,32777,3082,35859,766
2021-10-24,Inyo,027,18085,2243,2108,38,2146,41
2021-10-24,Kern,029,883053,125607,122939,21168,144107,1636
2021-10-24,Kings,031,150075,31733,30942,1853,32795,325
2021-10-24,Lake,033,64148,6648,6501,138,6639,105
2021-10-24,Lassen,035,31185,6772,6632,348,6980,27
2021-10-24,Los Angeles,037,10098052,1432009,1415919,52663,1468582,26527
2021-10-24,Madera,039,155013,22668,22062,2002,24064,281
2021-10-24,Marin,041,260295,17450,17264,437,17701,244
2021-10-24,Mariposa,043,17540,1246,1184,45,1229,5
2021-10-24,Mendocino,045,87422,7396,7220,476,7696,82
2021-10-24,Merced,047,269075,41339,40808,1811,42619,581
2021-10-24,Modoc,049,8938,518,507,183,690,5
2021-10-24,Mono,051,14174,1693,1655,22,1677,3
2021-10-24,Monterey,053,433212,48475,47456,2776,50232,586
2021-10-24,Napa,055,140530,12867,12789,105,12894,100
2021-10-24,Nevada,057,99092,9038,8861,311,9172,90
2021-10-24,Orange,059,3164182,305448,302237,14710,316947,5546
2021-10-24,Placer,061,380077,36607,35822,3545,39367,426
2021-10-24,Plumas,063,18699,1722,1623,32,1655,7
2021-10-24,Riverside,065,2383286,360415,354688,16133,370821,5041
2021-10-24,Sacramento,067,1510023,157110,155125,4423,159548,2232
2021-10-24,San Benito,069,59416,7318,7280,164,7444,71
2021-10-24,San Bernardino,071,2135413,351261,347681,10988,358669,5688
2021-10-24,San Diego,073,3302833,369983,366085,21746,387831,4183
2021-10-24,San Francisco,075,870044,52549,51820,2243,54063,649
2021-10-24,San Joaquin,077,732212,98719,97440,5269,102709,1721
2021-10-24,San Luis Obispo,079,281455,29309,28755,1203,29958,333
2021-10-24,San Mateo,081,765935,53782,52719,836,53555,571
2021-10-24,Santa Barbara,083,443738,44080,43552,1510,45062,523
2021-10-24,Santa Clara,085,1922200,145936,144276,1268,145544,1897
2021-10-24,Santa Cruz,087,273765,20215,19967,987,20954,221
2021-10-24,Shasta,089,179085,20940,20386,3494,23880,321
2021-10-24,Sierra,091,2930,180,168,20,188,0
2021-10-24,Siskiyou,093,43540,3312,3231,1249,4480,46
2021-10-24,Solano,095,438530,45649,44861,1227,46088,341
2021-10-24,Sonoma,097,501317,41007,40476,510,40986,393
2021-10-24,Stanislaus,099,539301,77322,76812,8625,85437,1145
2021-10-24,Sutter,101,95872,13732,13616,325,13941,175
2021-10-24,Tehama,103,63373,8318,8105,1431,9536,110
2021-10-24,Trinity,105,12862,837,696,204,900,11
2021-10-24,Tulare,107,460477,67470,65585,14363,79948,978
2021-10-24,Tuolumne,109,53932,7069,6840,90,6930,90
2021-10-24,Ventura,111,848112,97543,96664,4235,100899,1167
2021-10-24,Yolo,113,214977,19687,19280,933,20213,248
2021-10-24,Yuba,115,75493,9990,9838,296,10134,82
2021-10-23,Alameda,001,1643700,118440,117816,2691,120507,1397
2021-10-23,Alpine,003,1148,101,105,0,105,0
2021-10-23,Amador,005,37829,5490,5412,56,5468,64
2021-10-23,Butte,007,227075,20561,20101,3789,23890,273
2021-10-23,Calaveras,009,45235,3964,3865,49,3914,81
2021-10-23,Colusa,011,21464,2500,2458,618,3076,18
2021-10-23,Contra Costa,013,1133247,98721,97855,2103,99958,1008
2021-10-23,Del Norte,015,27424,3646,3540,52,3592,42
2021-10-23,El Dorado,017,186661,15857,15540,1668,17208,149
2021-10-23,Fresno,019,978130,137476,134466,12352,146818,2094
2021-10-23,Glenn,021,27897,3461,3399,997,4396,33
2021-10-23,Humboldt,023,135768,8879,8753,517,9270,105
2021-10-23,Imperial,025,180216,33192,32777,3078,35855,766
2021-10-23,Inyo,027,18085,2232,2108,38,2146,41
2021-10-23,Kern,029,883053,125447,122939,21081,144020,1636
2021-10-23,Kings,031,150075,31687,30942,1851,32793,325
2021-10-23,Lake,033,64148,6643,6501,138,6639,105
2021-10-23,Lassen,035,31185,6769,6632,346,6978,27
2021-10-23,Los Angeles,037,10098052,1431334,1415919,52608,1468527,26527
2021-10-23,Madera,039,155013,22619,22062,1994,24056,281
2021-10-23,Marin,041,260295,17433,17264,437,17701,244
2021-10-23,Mariposa,043,17540,1243,1184,44,1228,5
2021-10-23,Mendocino,045,87422,7389,7220,475,7695,82
2021-10-23,Merced,047,269075,41298,40808,1806,42614,581
2021-10-23,Modoc,049,8938,516,507,183,690,5
2021-10-23,Mono,051,14174,1687,1655,22,1677,3
2021-10-23,Monterey,053,433212,48458,47456,2772,50228,586
2021-10-23,Napa,055,140530,12862,12789,105,12894,100
2021-10-23,Nevada,057,99092,9027,8861,309,9170,90
2021-10-23,Orange,059,3164182,305261,302237,14695,316932,5546
2021-10-23,Placer,061,380077,36545,35822,3539,39361,426
2021-10-23,Plumas,063,18699,1721,1623,32,1655,7
2021-10-23,Riverside,065,2383286,360094,354688,16126,370814,5041
2021-10-23,Sacramento,067,1510023,156981,155125,4415,159540,2232
2021-10-23,San Benito,069,59416,7308,7280,164,7444,71
2021-10-23,San Bernardino,071,2135413,350990,347681,10980,358661,5688
2021-10-23,San Diego,073,3302833,369642,366085,21715,387800,4183
2021-10-23,San Francisco,075,870044,52513,51820,2242,54062,649
2021-10-23,San Joaquin,077,732212,98651,97440,5260,102700,1721
2021-10-23,San Luis Obispo,079,281455,29271,28755,1201,29956,333
2021-10-23,San Mateo,081,765935,53744,52719,835,53554,571
2021-10-23,Santa Barbara,083,443738,44049,43552,1508,45060,523
2021-10-23,Santa Clara,085,1922200,145825,144276,1264,145540,1897
2021-10-23,Santa Cruz,087,273765,20203,19967,987,20954,221
2021-10-23,Shasta,089,179085,20904,20386,3482,23868,321
2021-10-23,Sierra,091,2930,179,168,20,188,0
2021-10-23,Siskiyou,093,43540,3310,3231,1249,4480,46
2021-10-23,Solano,095,438530,45624,44861,1224,46085,341
2021-10-23,Sonoma,097,501317,40967,40476,510,40986,393
2021-10-23,Stanislaus,099,539301,77233,76812,8605,85417,1145
2021-10-23,Sutter,101,95872,13726,13616,324,13940,175
2021-10-23,Tehama,103,63373,8306,8105,1430,9535,110
2021-10-23,Trinity,105,12862,836,696,204,900,11
2021-10-23,Tulare,107,460477,67382,65585,14304,79889,978
2021-10-23,Tuolumne,109,53932,7048,6840,90,6930,90
2021-10-23,Ventura,111,848112,97482,96664,4235,100899,1167
2021-10-23,Yolo,113,214977,19669,19280,931,20211,248
2021-10-23,Yuba,115,75493,9981,9838,296,10134,82
2021-10-22,Alameda,001,1643700,118358,117816,2688,120504,1397
2021-10-22,Alpine,003,1148,101,105,0,105,0
2021-10-22,Amador,005,37829,5479,5412,56,5468,64
2021-10-22,Butte,007,227075,20529,20101,3785,23886,273
2021-10-22,Calaveras,009,45235,3956,3865,49,3914,81
2021-10-22,Colusa,011,21464,2497,2458,618,3076,18
2021-10-22,Contra Costa,013,1133247,98630,97855,2101,99956,1008
2021-10-22,Del Norte,015,27424,3642,3540,52,3592,42
2021-10-22,El Dorado,017,186661,15844,15540,1666,17206,149
2021-10-22,Fresno,019,978130,137261,134466,12331,146797,2094
2021-10-22,Glenn,021,27897,3451,3399,997,4396,33
2021-10-22,Humboldt,023,135768,8865,8753,516,9269,105
2021-10-22,Imperial,025,180216,33148,32777,3078,35855,766
2021-10-22,Inyo,027,18085,2219,2108,38,2146,41
2021-10-22,Kern,029,883053,125260,122939,21008,143947,1636
2021-10-22,Kings,031,150075,31652,30942,1850,32792,325
2021-10-22,Lake,033,64148,6633,6501,138,6639,105
2021-10-22,Lassen,035,31185,6762,6632,343,6975,27
2021-10-22,Los Angeles,037,10098052,1430569,1415919,52550,1468469,26527
2021-10-22,Madera,039,155013,22569,22062,1982,24044,281
2021-10-22,Marin,041,260295,17421,17264,437,17701,244
2021-10-22,Mariposa,043,17540,1240,1184,44,1228,5
2021-10-22,Mendocino,045,87422,7375,7220,474,7694,82
2021-10-22,Merced,047,269075,41261,40808,1799,42607,581
2021-10-22,Modoc,049,8938,516,507,183,690,5
2021-10-22,Mono,051,14174,1685,1655,22,1677,3
2021-10-22,Monterey,053,433212,48424,47456,2770,50226,586
2021-10-22,Napa,055,140530,12856,12789,105,12894,100
2021-10-22,Nevada,057,99092,9010,8861,308,9169,90
2021-10-22,Orange,059,3164182,305045,302237,14665,316902,5546
2021-10-22,Placer,061,380077,36517,35822,3530,39352,426
2021-10-22,Plumas,063,18699,1715,1623,32,1655,7
2021-10-22,Riverside,065,2383286,359783,354688,16121,370809,5041
2021-10-22,Sacramento,067,1510023,156794,155125,4406,159531,2232
2021-10-22,San Benito,069,59416,7303,7280,164,7444,71
2021-10-22,San Bernardino,071,2135413,350660,347681,10965,358646,5688
2021-10-22,San Diego,073,3302833,369244,366085,21697,387782,4183
2021-10-22,San Francisco,075,870044,52475,51820,2235,54055,649
2021-10-22,San Joaquin,077,732212,98590,97440,5257,102697,1721
2021-10-22,San Luis Obispo,079,281455,29241,28755,1201,29956,333
2021-10-22,San Mateo,081,765935,53693,52719,829,53548,571
2021-10-22,Santa Barbara,083,443738,44008,43552,1508,45060,523
2021-10-22,Santa Clara,085,1922200,145668,144276,1257,145533,1897
2021-10-22,Santa Cruz,087,273765,20181,19967,987,20954,221
2021-10-22,Shasta,089,179085,20871,20386,3479,23865,321
2021-10-22,Sierra,091,2930,178,168,19,187,0
2021-10-22,Siskiyou,093,43540,3308,3231,1246,4477,46
2021-10-22,Solano,095,438530,45589,44861,1220,46081,341
2021-10-22,Sonoma,097,501317,40910,40476,510,40986,393
2021-10-22,Stanislaus,099,539301,77130,76812,8588,85400,1145
2021-10-22,Sutter,101,95872,13711,13616,324,13940,175
2021-10-22,Tehama,103,63373,8284,8105,1425,9530,110
2021-10-22,Trinity,105,12862,835,696,204,900,11
2021-10-22,Tulare,107,460477,67295,65585,14252,79837,978
2021-10-22,Tuolumne,109,53932,7013,6840,90,6930,90
2021-10-22,Ventura,111,848112,97429,96664,4229,100893,1167
2021-10-22,Yolo,113,214977,19642,19280,930,20210,248
2021-10-22,Yuba,115,75493,9967,9838,294,10132,82
2021-10-21,Alameda,001,1643700,118243,117816,2682,120498,1397
2021-10-21,Alpine,003,1148,101,105,0,105,0
2021-10-21,Amador,005,37829,5471,5412,56,5468,64
2021-10-21,Butte,007,227075,20445,20101,3770,23871,273
2021-10-21,Calaveras,009,45235,3937,3865,49,3914,81
2021-10-21,Colusa,011,21464,2493,2458,614,3072,18
2021-10-21,Contra Costa,013,1133247,98513,97855,2096,99951,1008
2021-10-21,Del Norte,015,27424,3636,3540,51,3591,42
2021-10-21,El Dorado,017,186661,15815,15540,1659,17199,149
2021-10-21,Fresno,019,978130,136910,134466,12286,146752,2094
2021-10-21,Glenn,021,27897,3447,3399,994,4393,33
2021-10-21,Humboldt,023,135768,8851,8753,512,9265,105
2021-10-21,Imperial,025,180216,33093,32777,3074,35851,766
2021-10-21,Inyo,027,18085,2197,2108,38,2146,41
2021-10-21,Kern,029,883053,125013,122939,20899,143838,1636
2021-10-21,Kings,031,150075,31554,30942,1844,32786,325
2021-10-21,Lake,033,64148,6619,6501,137,6638,105
2021-10-21,Lassen,035,31185,6749,6632,339,6971,27
2021-10-21,Los Angeles,037,10098052,1429449,1415919,52502,1468421,26527
2021-10-21,Madera,039,155013,22511,22062,1972,24034,281
2021-10-21,Marin,041,260295,17403,17264,437,17701,244
2021-10-21,Mariposa,043,17540,1234,1184,43,1227,5
2021-10-21,Mendocino,045,87422,7357,7220,467,7687,82
2021-10-21,Merced,047,269075,41164,40808,1788,42596,581
2021-10-21,Modoc,049,8938,516,507,183,690,5
2021-10-21,Mono,051,14174,1676,1655,22,1677,3
2021-10-21,Monterey,053,433212,48390,47456,2759,50215,586
2021-10-21,Napa,055,140530,12844,12789,105,12894,100
2021-10-21,Nevada,057,99092,8985,8861,308,9169,90
2021-10-21,Orange,059,3164182,304773,302237,14629,316866,5546
2021-10-21,Placer,061,380077,36428,35822,3517,39339,426
2021-10-21,Plumas,063,18699,1701,1623,32,1655,7
2021-10-21,Riverside,065,2383286,359336,354688,16111,370799,5041
2021-10-21,Sacramento,067,1510023,156474,155125,4380,159505,2232
2021-10-21,San Benito,069,59416,7296,7280,162,7442,71
2021-10-21,San Bernardino,071,2135413,350280,347681,10931,358612,5688
2021-10-21,San Diego,073,3302833,368732,366085,21667,387752,4183
2021-10-21,San Francisco,075,870044,52420,51820,2234,54054,649
2021-10-21,San Joaquin,077,732212,98451,97440,5250,102690,1721
2021-10-21,San Luis Obispo,079,281455,29199,28755,1199,29954,333
2021-10-21,San Mateo,081,765935,53646,52719,828,53547,571
2021-10-21,Santa Barbara,083,443738,43942,43552,1506,45058,523
2021-10-21,Santa Clara,085,1922200,145495,144276,1253,145529,1897
2021-10-21,Santa Cruz,087,273765,20157,19967,985,20952,221
2021-10-21,Shasta,089,179085,20810,20386,3464,23850,321
2021-10-21,Sierra,091,2930,177,168,18,186,0
2021-10-21,Siskiyou,093,43540,3303,3231,1244,4475,46
2021-10-21,Solano,095,438530,45537,44861,1218,46079,341
2021-10-21,Sonoma,097,501317,40841,40476,508,40984,393
2021-10-21,Stanislaus,099,539301,76961,76812,8577,85389,1145
2021-10-21,Sutter,101,95872,13683,13616,320,13936,175
2021-10-21,Tehama,103,63373,8257,8105,1418,9523,110
2021-10-21,Trinity,105,12862,833,696,204,900,11
2021-10-21,Tulare,107,460477,67106,65585,14183,79768,978
2021-10-21,Tuolumne,109,53932,6975,6840,89,6929,90
2021-10-21,Ventura,111,848112,97338,96664,4227,100891,1167
2021-10-21,Yolo,113,214977,19596,19280,929,20209,248
2021-10-21,Yuba,115,75493,9943,9838,293,10131,82
2021-10-20,Alameda,001,1643700,118123,117654,2682,120336,1390
2021-10-20,Alpine,003,1148,101,103,0,103,0
2021-10-20,Amador,005,37829,5463,5379,56,5435,64
2021-10-20,Butte,007,227075,20390,20021,3754,23775,270
2021-10-20,Calaveras,009,45235,3917,3844,48,3892,81
2021-10-20,Colusa,011,21464,2489,2454,612,3066,18
2021-10-20,Contra Costa,013,1133247,98397,97721,2092,99813,1008
2021-10-20,Del Norte,015,27424,3632,3536,51,3587,42
2021-10-20,El Dorado,017,186661,15786,15502,1656,17158,149
2021-10-20,Fresno,019,978130,136507,134025,12250,146275,2084
2021-10-20,Glenn,021,27897,3439,3382,993,4375,33
2021-10-20,Humboldt,023,135768,8829,8727,510,9237,105
2021-10-20,Imperial,025,180216,33019,32705,3066,35771,766
2021-10-20,Inyo,027,18085,2178,2077,37,2114,40
2021-10-20,Kern,029,883053,124719,122630,20781,143411,1623
2021-10-20,Kings,031,150075,31477,30805,1834,32639,322
2021-10-20,Lake,033,64148,6597,6475,136,6611,104
2021-10-20,Lassen,035,31185,6734,6622,339,6961,27
2021-10-20,Los Angeles,037,10098052,1428331,1414931,52431,1467362,26506
2021-10-20,Madera,039,155013,22442,21983,1963,23946,281
2021-10-20,Marin,041,260295,17382,17250,435,17685,244
2021-10-20,Mariposa,043,17540,1227,1174,43,1217,5
2021-10-20,Mendocino,045,87422,7329,7189,464,7653,82
2021-10-20,Merced,047,269075,41083,40685,1772,42457,581
2021-10-20,Modoc,049,8938,516,504,183,687,5
2021-10-20,Mono,051,14174,1676,1653,22,1675,3
2021-10-20,Monterey,053,433212,48358,47430,2750,50180,587
2021-10-20,Napa,055,140530,12830,12773,104,12877,100
2021-10-20,Nevada,057,99092,8957,8836,308,9144,90
2021-10-20,Orange,059,3164182,304487,301957,14607,316564,5534
2021-10-20,Placer,061,380077,36339,35729,3508,39237,425
2021-10-20,Plumas,063,18699,1694,1604,32,1636,7
2021-10-20,Riverside,065,2383286,358892,354311,16094,370405,5030
2021-10-20,Sacramento,067,1510023,156174,154822,4356,159178,2222
2021-10-20,San Benito,069,59416,7293,7275,160,7435,71
2021-10-20,San Bernardino,071,2135413,349878,347217,10900,358117,5663
2021-10-20,San Diego,073,3302833,368225,365698,21648,387346,4178
2021-10-20,San Francisco,075,870044,52371,51755,2233,53988,646
2021-10-20,San Joaquin,077,732212,98306,97246,5242,102488,1721
2021-10-20,San Luis Obispo,079,281455,29153,28727,1195,29922,332
2021-10-20,San Mateo,081,765935,53575,52663,820,53483,571
2021-10-20,Santa Barbara,083,443738,43879,43489,1505,44994,523
2021-10-20,Santa Clara,085,1922200,145356,144124,1248,145372,1896
2021-10-20,Santa Cruz,087,273765,20144,19951,985,20936,219
2021-10-20,Shasta,089,179085,20748,20313,3437,23750,320
2021-10-20,Sierra,091,2930,177,168,18,186,0
2021-10-20,Siskiyou,093,43540,3303,3224,1238,4462,46
2021-10-20,Solano,095,438530,45505,44819,1216,46035,341
2021-10-20,Sonoma,097,501317,40794,40404,508,40912,393
2021-10-20,Stanislaus,099,539301,76811,76631,8558,85189,1145
2021-10-20,Sutter,101,95872,13659,13592,314,13906,175
2021-10-20,Tehama,103,63373,8226,8081,1407,9488,110
2021-10-20,Trinity,105,12862,833,693,203,896,11
2021-10-20,Tulare,107,460477,66930,65413,14139,79552,967
2021-10-20,Tuolumne,109,53932,6952,6803,89,6892,89
2021-10-20,Ventura,111,848112,97256,96610,4222,100832,1166
2021-10-20,Yolo,113,214977,19551,19236,927,20163,248
2021-10-20,Yuba,115,75493,9926,9808,290,10098,82
2021-10-19,Alameda,001,1643700,118000,117542,2676,120218,1383
2021-10-19,Alpine,003,1148,101,103,0,103,0
2021-10-19,Amador,005,37829,5447,5367,56,5423,64
2021-10-19,Butte,007,227075,20337,19974,3746,23720,268
2021-10-19,Calaveras,009,45235,3900,3826,47,3873,80
2021-10-19,Colusa,011,21464,2486,2447,610,3057,18
2021-10-19,Contra Costa,013,1133247,98306,97613,2087,99700,1004
2021-10-19,Del Norte,015,27424,3625,3531,51,3582,42
2021-10-19,El Dorado,017,186661,15761,15478,1651,17129,149
2021-10-19,Fresno,019,978130,136143,133813,12201,146014,2073
2021-10-19,Glenn,021,27897,3435,3380,991,4371,33
2021-10-19,Humboldt,023,135768,8805,8714,504,9218,105
2021-10-19,Imperial,025,180216,32953,32632,3062,35694,764
2021-10-19,Inyo,027,18085,2147,2045,37,2082,40
2021-10-19,Kern,029,883053,124402,122391,20657,143048,1613
2021-10-19,Kings,031,150075,31384,30757,1827,32584,322
2021-10-19,Lake,033,64148,6593,6465,136,6601,104
2021-10-19,Lassen,035,31185,6728,6612,335,6947,27
2021-10-19,Los Angeles,037,10098052,1427085,1413882,52359,1466241,26473
2021-10-19,Madera,039,155013,22379,21950,1955,23905,281
2021-10-19,Marin,041,260295,17368,17241,432,17673,244
2021-10-19,Mariposa,043,17540,1221,1171,41,1212,5
2021-10-19,Mendocino,045,87422,7314,7172,461,7633,82
2021-10-19,Merced,047,269075,40968,40628,1751,42379,580
2021-10-19,Modoc,049,8938,514,502,183,685,5
2021-10-19,Mono,051,14174,1672,1651,22,1673,3
2021-10-19,Monterey,053,433212,48321,47412,2739,50151,583
2021-10-19,Napa,055,140530,12823,12769,104,12873,100
2021-10-19,Nevada,057,99092,8936,8829,307,9136,90
2021-10-19,Orange,059,3164182,304230,301700,14574,316274,5527
2021-10-19,Placer,061,380077,36218,35663,3493,39156,422
2021-10-19,Plumas,063,18699,1676,1586,32,1618,8
2021-10-19,Riverside,065,2383286,358471,353891,16087,369978,5020
2021-10-19,Sacramento,067,1510023,155868,154570,4330,158900,2227
2021-10-19,San Benito,069,59416,7278,7264,160,7424,71
2021-10-19,San Bernardino,071,2135413,349476,346814,10871,357685,5627
2021-10-19,San Diego,073,3302833,367644,365285,21617,386902,4170
2021-10-19,San Francisco,075,870044,52308,51704,2231,53935,645
2021-10-19,San Joaquin,077,732212,98138,97105,5231,102336,1721
2021-10-19,San Luis Obispo,079,281455,29105,28670,1192,29862,332
2021-10-19,San Mateo,081,765935,53517,52617,818,53435,571
2021-10-19,Santa Barbara,083,443738,43812,43413,1504,44917,522
2021-10-19,Santa Clara,085,1922200,145180,143989,1241,145230,1898
2021-10-19,Santa Cruz,087,273765,20120,19895,983,20878,218
2021-10-19,Shasta,089,179085,20672,20209,3429,23638,319
2021-10-19,Sierra,091,2930,174,168,18,186,0
2021-10-19,Siskiyou,093,43540,3299,3216,1233,4449,46
2021-10-19,Solano,095,438530,45464,44782,1210,45992,341
2021-10-19,Sonoma,097,501317,40720,40379,507,40886,392
2021-10-19,Stanislaus,099,539301,76669,76526,8546,85072,1145
2021-10-19,Sutter,101,95872,13635,13569,313,13882,174
2021-10-19,Tehama,103,63373,8195,8057,1392,9449,108
2021-10-19,Trinity,105,12862,826,691,203,894,11
2021-10-19,Tulare,107,460477,66743,65253,14071,79324,958
2021-10-19,Tuolumne,109,53932,6923,6782,88,6870,89
2021-10-19,Ventura,111,848112,97180,96539,4217,100756,1166
2021-10-19,Yolo,113,214977,19502,19206,926,20132,248
2021-10-19,Yuba,115,75493,9908,9796,289,10085,82
2021-10-18,Alameda,001,1643700,117863,117506,2666,120172,1381
2021-10-18,Alpine,003,1148,101,103,0,103,0
2021-10-18,Amador,005,37829,5436,5345,56,5401,64
2021-10-18,Butte,007,227075,20287,19921,3734,23655,265
2021-10-18,Calaveras,009,45235,3875,3819,46,3865,80
2021-10-18,Colusa,011,21464,2485,2444,608,3052,18
2021-10-18,Contra Costa,013,1133247,98194,97585,2083,99668,995
2021-10-18,Del Norte,015,27424,3618,3529,51,3580,41
2021-10-18,El Dorado,017,186661,15731,15452,1649,17101,149
2021-10-18,Fresno,019,978130,135742,133688,12159,145847,2063
2021-10-18,Glenn,021,27897,3431,3370,987,4357,32
2021-10-18,Humboldt,023,135768,8785,8699,496,9195,104
2021-10-18,Imperial,025,180216,32862,32558,3062,35620,764
2021-10-18,Inyo,027,18085,2129,2020,37,2057,40
2021-10-18,Kern,029,883053,124103,122231,20563,142794,1605
2021-10-18,Kings,031,150075,31271,30698,1814,32512,320
2021-10-18,Lake,033,64148,6574,6455,132,6587,104
2021-10-18,Lassen,035,31185,6708,6607,332,6939,26
2021-10-18,Los Angeles,037,10098052,1425843,1413291,52282,1465573,26446
2021-10-18,Madera,039,155013,22325,21909,1942,23851,277
2021-10-18,Marin,041,260295,17348,17232,429,17661,244
2021-10-18,Mariposa,043,17540,1213,1160,41,1201,5
2021-10-18,Mendocino,045,87422,7295,7156,453,7609,82
2021-10-18,Merced,047,269075,40845,40573,1740,42313,579
2021-10-18,Modoc,049,8938,514,498,183,681,5
2021-10-18,Mono,051,14174,1666,1648,21,1669,3
2021-10-18,Monterey,053,433212,48299,47389,2734,50123,583
2021-10-18,Napa,055,140530,12808,12762,104,12866,100
2021-10-18,Nevada,057,99092,8917,8816,307,9123,90
2021-10-18,Orange,059,3164182,303891,301573,14539,316112,5524
2021-10-18,Placer,061,380077,36141,35598,3489,39087,420
2021-10-18,Plumas,063,18699,1668,1579,32,1611,6
2021-10-18,Riverside,065,2383286,358056,353699,16073,369772,5008
2021-10-18,Sacramento,067,1510023,155563,154428,4300,158728,2203
2021-10-18,San Benito,069,59416,7266,7253,160,7413,71
2021-10-18,San Bernardino,071,2135413,349056,346742,10857,357599,5606
2021-10-18,San Diego,073,3302833,367088,364948,21579,386527,4169
2021-10-18,San Francisco,075,870044,52245,51671,2225,53896,644
2021-10-18,San Joaquin,077,732212,97973,97041,5221,102262,1721
2021-10-18,San Luis Obispo,079,281455,29066,28644,1189,29833,331
2021-10-18,San Mateo,081,765935,53452,52594,817,53411,571
2021-10-18,Santa Barbara,083,443738,43753,43386,1502,44888,522
2021-10-18,Santa Clara,085,1922200,145025,143891,1233,145124,1895
2021-10-18,Santa Cruz,087,273765,20106,19876,981,20857,218
2021-10-18,Shasta,089,179085,20592,20146,3418,23564,313
2021-10-18,Sierra,091,2930,174,166,18,184,0
2021-10-18,Siskiyou,093,43540,3296,3210,1225,4435,42
2021-10-18,Solano,095,438530,45420,44758,1207,45965,339
2021-10-18,Sonoma,097,501317,40656,40349,504,40853,392
2021-10-18,Stanislaus,099,539301,76504,76466,8532,84998,1145
2021-10-18,Sutter,101,95872,13601,13557,311,13868,172
2021-10-18,Tehama,103,63373,8159,8042,1381,9423,107
2021-10-18,Trinity,105,12862,825,688,203,891,11
2021-10-18,Tulare,107,460477,66568,65171,14007,79178,958
2021-10-18,Tuolumne,109,53932,6894,6755,88,6843,89
2021-10-18,Ventura,111,848112,97085,96506,4214,100720,1165
2021-10-18,Yolo,113,214977,19463,19197,925,20122,248
2021-10-18,Yuba,115,75493,9881,9782,287,10069,82
2021-10-17,Alameda,001,1643700,117712,117423,2661,120084,1376
2021-10-17,Alpine,003,1148,101,103,0,103,0
2021-10-17,Amador,005,37829,5413,5341,56,5397,64
2021-10-17,Butte,007,227075,20203,19897,3723,23620,265
2021-10-17,Calaveras,009,45235,3859,3805,46,3851,80
2021-10-17,Colusa,011,21464,2480,2442,601,3043,18
2021-10-17,Contra Costa,013,1133247,98073,97485,2072,99557,995
2021-10-17,Del Norte,015,27424,3613,3526,51,3577,41
2021-10-17,El Dorado,017,186661,15673,15438,1642,17080,149
2021-10-17,Fresno,019,978130,135274,133429,12115,145544,2063
2021-10-17,Glenn,021,27897,3421,3364,982,4346,32
2021-10-17,Humboldt,023,135768,8765,8690,493,9183,104
2021-10-17,Imperial,025,180216,32780,32520,3055,35575,764
2021-10-17,Inyo,027,18085,2101,2000,37,2037,40
2021-10-17,Kern,029,883053,123753,122085,20465,142550,1603
2021-10-17,Kings,031,150075,31158,30636,1806,32442,315
2021-10-17,Lake,033,64148,6558,6437,132,6569,104
2021-10-17,Lassen,035,31185,6696,6605,328,6933,26
2021-10-17,Los Angeles,037,10098052,1424507,1412371,52210,1464581,26443
2021-10-17,Madera,039,155013,22263,21869,1931,23800,277
2021-10-17,Marin,041,260295,17326,17211,429,17640,243
2021-10-17,Mariposa,043,17540,1206,1150,41,1191,5
2021-10-17,Mendocino,045,87422,7266,7148,447,7595,82
2021-10-17,Merced,047,269075,40719,40531,1724,42255,579
2021-10-17,Modoc,049,8938,511,498,181,679,5
2021-10-17,Mono,051,14174,1664,1640,20,1660,3
2021-10-17,Monterey,053,433212,48258,47369,2724,50093,583
2021-10-17,Napa,055,140530,12792,12753,101,12854,100
2021-10-17,Nevada,057,99092,8900,8794,306,9100,90
2021-10-17,Orange,059,3164182,303576,301414,14506,315920,5524
2021-10-17,Placer,061,380077,36041,35559,3474,39033,420
2021-10-17,Plumas,063,18699,1644,1571,31,1602,6
2021-10-17,Riverside,065,2383286,357571,353500,16059,369559,5008
2021-10-17,Sacramento,067,1510023,155164,154080,4283,158363,2213
2021-10-17,San Benito,069,59416,7257,7250,159,7409,71
2021-10-17,San Bernardino,071,2135413,348620,346524,10837,357361,5597
2021-10-17,San Diego,073,3302833,366497,364675,21551,386226,4163
2021-10-17,San Francisco,075,870044,52173,51625,2216,53841,644
2021-10-17,San Joaquin,077,732212,97800,96950,5212,102162,1721
2021-10-17,San Luis Obispo,079,281455,29014,28604,1181,29785,331
2021-10-17,San Mateo,081,765935,53400,52541,813,53354,571
2021-10-17,Santa Barbara,083,443738,43690,43344,1501,44845,522
2021-10-17,Santa Clara,085,1922200,144847,143768,1224,144992,1895
2021-10-17,Santa Cruz,087,273765,20079,19861,979,20840,218
2021-10-17,Shasta,089,179085,20502,20116,3408,23524,312
2021-10-17,Sierra,091,2930,172,165,18,183,0
2021-10-17,Siskiyou,093,43540,3288,3204,1222,4426,42
2021-10-17,Solano,095,438530,45363,44722,1206,45928,340
2021-10-17,Sonoma,097,501317,40580,40306,503,40809,392
2021-10-17,Stanislaus,099,539301,76306,76354,8518,84872,1145
2021-10-17,Sutter,101,95872,13584,13543,309,13852,172
2021-10-17,Tehama,103,63373,8127,8015,1365,9380,107
2021-10-17,Trinity,105,12862,822,686,202,888,11
2021-10-17,Tulare,107,460477,66385,65057,13935,78992,958
2021-10-17,Tuolumne,109,53932,6860,6735,87,6822,89
2021-10-17,Ventura,111,848112,96985,96458,4211,100669,1165
2021-10-17,Yolo,113,214977,19418,19171,919,20090,248
2021-10-17,Yuba,115,75493,9855,9771,285,10056,82
2021-10-16,Alameda,001,1643700,117623,117027,2659,119686,1365
2021-10-16,Alpine,003,1148,100,102,0,102,0
2021-10-16,Amador,005,37829,5406,5310,56,5366,64
2021-10-16,Butte,007,227075,20172,19612,3713,23325,260
2021-10-16,Calaveras,009,45235,3852,3771,46,3817,80
2021-10-16,Colusa,011,21464,2476,2431,598,3029,18
2021-10-16,Contra Costa,013,1133247,97981,97107,2065,99172,982
2021-10-16,Del Norte,015,27424,3610,3516,51,3567,41
2021-10-16,El Dorado,017,186661,15652,15315,1640,16955,149
2021-10-16,Fresno,019,978130,135120,132433,12098,144531,2051
2021-10-16,Glenn,021,27897,3415,3331,982,4313,26
2021-10-16,Humboldt,023,135768,8754,8621,488,9109,104
2021-10-16,Imperial,025,180216,32765,32368,3053,35421,764
2021-10-16,Inyo,027,18085,2087,1932,37,1969,39
2021-10-16,Kern,029,883053,123597,121354,20384,141738,1590
2021-10-16,Kings,031,150075,31112,30418,1803,32221,314
2021-10-16,Lake,033,64148,6547,6378,132,6510,104
2021-10-16,Lassen,035,31185,6687,6559,324,6883,26
2021-10-16,Los Angeles,037,10098052,1423854,1409418,52157,1461575,26398
2021-10-16,Madera,039,155013,22219,21707,1927,23634,277
2021-10-16,Marin,041,260295,17316,17148,429,17577,243
2021-10-16,Mariposa,043,17540,1203,1096,41,1137,5
2021-10-16,Mendocino,045,87422,7255,7099,447,7546,82
2021-10-16,Merced,047,269075,40687,40265,1722,41987,577
2021-10-16,Modoc,049,8938,508,492,181,673,5
2021-10-16,Mono,051,14174,1660,1628,20,1648,3
2021-10-16,Monterey,053,433212,48241,47293,2716,50009,582
2021-10-16,Napa,055,140530,12781,12706,101,12807,100
2021-10-16,Nevada,057,99092,8880,8739,306,9045,90
2021-10-16,Orange,059,3164182,303400,300722,14481,315203,5509
2021-10-16,Placer,061,380077,35957,35343,3468,38811,412
2021-10-16,Plumas,063,18699,1639,1542,30,1572,6
2021-10-16,Riverside,065,2383286,357301,352435,16047,368482,4990
2021-10-16,Sacramento,067,1510023,154965,153264,4279,157543,2192
2021-10-16,San Benito,069,59416,7244,7210,158,7368,71
2021-10-16,San Bernardino,071,2135413,348412,345418,10829,356247,5566
2021-10-16,San Diego,073,3302833,366181,363109,21535,384644,4151
2021-10-16,San Francisco,075,870044,52126,51436,2212,53648,645
2021-10-16,San Joaquin,077,732212,97728,96507,5209,101716,1708
2021-10-16,San Luis Obispo,079,281455,28988,28460,1180,29640,329
2021-10-16,San Mateo,081,765935,53351,52399,812,53211,569
2021-10-16,Santa Barbara,083,443738,43654,43175,1500,44675,521
2021-10-16,Santa Clara,085,1922200,144747,143282,1216,144498,1890
2021-10-16,Santa Cruz,087,273765,20063,19794,978,20772,218
2021-10-16,Shasta,089,179085,20452,19932,3397,23329,309
2021-10-16,Sierra,091,2930,170,160,18,178,0
2021-10-16,Siskiyou,093,43540,3286,3173,1215,4388,42
2021-10-16,Solano,095,438530,45337,44585,1202,45787,334
2021-10-16,Sonoma,097,501317,40540,40195,503,40698,390
2021-10-16,Stanislaus,099,539301,76220,75868,8508,84376,1142
2021-10-16,Sutter,101,95872,13565,13471,308,13779,169
2021-10-16,Tehama,103,63373,8114,7907,1360,9267,104
2021-10-16,Trinity,105,12862,822,679,202,881,11
2021-10-16,Tulare,107,460477,66247,64489,13904,78393,951
2021-10-16,Tuolumne,109,53932,6828,6666,87,6753,89
2021-10-16,Ventura,111,848112,96953,96181,4206,100387,1164
2021-10-16,Yolo,113,214977,19389,19078,916,19994,247
2021-10-16,Yuba,115,75493,9831,9705,282,9987,82
2021-10-15,Alameda,001,1643700,117551,117027,2655,119682,1365
2021-10-15,Alpine,003,1148,100,102,0,102,0
2021-10-15,Amador,005,37829,5382,5310,56,5366,64
2021-10-15,Butte,007,227075,20136,19612,3705,23317,260
2021-10-15,Calaveras,009,45235,3846,3771,46,3817,80
2021-10-15,Colusa,011,21464,2474,2431,595,3026,18
2021-10-15,Contra Costa,013,1133247,97899,97107,2062,99169,982
2021-10-15,Del Norte,015,27424,3608,3516,51,3567,41
2021-10-15,El Dorado,017,186661,15632,15315,1635,16950,149
2021-10-15,Fresno,019,978130,134867,132433,12088,144521,2051
2021-10-15,Glenn,021,27897,3409,3331,981,4312,26
2021-10-15,Humboldt,023,135768,8745,8621,486,9107,104
2021-10-15,Imperial,025,180216,32718,32368,3049,35417,764
2021-10-15,Inyo,027,18085,2069,1932,37,1969,39
2021-10-15,Kern,029,883053,123461,121354,20310,141664,1590
2021-10-15,Kings,031,150075,31057,30418,1799,32217,314
2021-10-15,Lake,033,64148,6538,6378,132,6510,104
2021-10-15,Lassen,035,31185,6675,6559,323,6882,26
2021-10-15,Los Angeles,037,10098052,1423168,1409418,52110,1461528,26398
2021-10-15,Madera,039,155013,22175,21707,1919,23626,277
2021-10-15,Marin,041,260295,17305,17148,429,17577,243
2021-10-15,Mariposa,043,17540,1195,1096,41,1137,5
2021-10-15,Mendocino,045,87422,7240,7099,447,7546,82
2021-10-15,Merced,047,269075,40657,40265,1719,41984,577
2021-10-15,Modoc,049,8938,507,492,181,673,5
2021-10-15,Mono,051,14174,1657,1628,20,1648,3
2021-10-15,Monterey,053,433212,48219,47293,2714,50007,582
2021-10-15,Napa,055,140530,12777,12706,101,12807,100
2021-10-15,Nevada,057,99092,8865,8739,306,9045,90
2021-10-15,Orange,059,3164182,303232,300722,14463,315185,5509
2021-10-15,Placer,061,380077,35903,35343,3462,38805,412
2021-10-15,Plumas,063,18699,1631,1542,30,1572,6
2021-10-15,Riverside,065,2383286,357059,352435,16042,368477,4990
2021-10-15,Sacramento,067,1510023,154777,153264,4269,157533,2192
2021-10-15,San Benito,069,59416,7241,7210,158,7368,71
2021-10-15,San Bernardino,071,2135413,348180,345418,10826,356244,5566
2021-10-15,San Diego,073,3302833,365822,363109,21510,384619,4151
2021-10-15,San Francisco,075,870044,52086,51436,2205,53641,645
2021-10-15,San Joaquin,077,732212,97650,96507,5202,101709,1708
2021-10-15,San Luis Obispo,079,281455,28967,28460,1178,29638,329
2021-10-15,San Mateo,081,765935,53307,52399,811,53210,569
2021-10-15,Santa Barbara,083,443738,43616,43175,1500,44675,521
2021-10-15,Santa Clara,085,1922200,144626,143282,1208,144490,1890
2021-10-15,Santa Cruz,087,273765,20052,19794,978,20772,218
2021-10-15,Shasta,089,179085,20396,19932,3389,23321,309
2021-10-15,Sierra,091,2930,170,160,18,178,0
2021-10-15,Siskiyou,093,43540,3285,3173,1212,4385,42
2021-10-15,Solano,095,438530,45311,44585,1202,45787,334
2021-10-15,Sonoma,097,501317,40506,40195,502,40697,390
2021-10-15,Stanislaus,099,539301,76140,75868,8492,84360,1142
2021-10-15,Sutter,101,95872,13548,13471,306,13777,169
2021-10-15,Tehama,103,63373,8092,7907,1355,9262,104
2021-10-15,Trinity,105,12862,822,679,202,881,11
2021-10-15,Tulare,107,460477,66168,64489,13867,78356,951
2021-10-15,Tuolumne,109,53932,6805,6666,85,6751,89
2021-10-15,Ventura,111,848112,96911,96181,4203,100384,1164
2021-10-15,Yolo,113,214977,19372,19078,914,19992,247
2021-10-15,Yuba,115,75493,9821,9705,281,9986,82
2021-10-14,Alameda,001,1643700,117443,117027,2650,119677,1365
2021-10-14,Alpine,003,1148,100,102,0,102,0
2021-10-14,Amador,005,37829,5371,5310,56,5366,64
2021-10-14,Butte,007,227075,20084,19612,3699,23311,260
2021-10-14,Calaveras,009,45235,3833,3771,45,3816,80
2021-10-14,Colusa,011,21464,2472,2431,593,3024,18
2021-10-14,Contra Costa,013,1133247,97765,97107,2055,99162,982
2021-10-14,Del Norte,015,27424,3602,3516,51,3567,41
2021-10-14,El Dorado,017,186661,15594,15315,1632,16947,149
2021-10-14,Fresno,019,978130,134572,132433,12059,144492,2051
2021-10-14,Glenn,021,27897,3404,3331,980,4311,26
2021-10-14,Humboldt,023,135768,8728,8621,483,9104,104
2021-10-14,Imperial,025,180216,32655,32368,3042,35410,764
2021-10-14,Inyo,027,18085,2050,1932,37,1969,39
2021-10-14,Kern,029,883053,123189,121354,20211,141565,1590
2021-10-14,Kings,031,150075,30991,30418,1791,32209,314
2021-10-14,Lake,033,64148,6517,6378,131,6509,104
2021-10-14,Lassen,035,31185,6669,6559,322,6881,26
2021-10-14,Los Angeles,037,10098052,1422182,1409418,52060,1461478,26398
2021-10-14,Madera,039,155013,22110,21707,1913,23620,277
2021-10-14,Marin,041,260295,17300,17148,427,17575,243
2021-10-14,Mariposa,043,17540,1182,1096,40,1136,5
2021-10-14,Mendocino,045,87422,7226,7099,445,7544,82
2021-10-14,Merced,047,269075,40568,40265,1705,41970,577
2021-10-14,Modoc,049,8938,507,492,181,673,5
2021-10-14,Mono,051,14174,1650,1628,20,1648,3
2021-10-14,Monterey,053,433212,48194,47293,2709,50002,582
2021-10-14,Napa,055,140530,12762,12706,101,12807,100
2021-10-14,Nevada,057,99092,8838,8739,304,9043,90
2021-10-14,Orange,059,3164182,303024,300722,14446,315168,5509
2021-10-14,Placer,061,380077,35836,35343,3448,38791,412
2021-10-14,Plumas,063,18699,1616,1542,30,1572,6
2021-10-14,Riverside,065,2383286,356662,352435,16031,368466,4990
2021-10-14,Sacramento,067,1510023,154526,153264,4249,157513,2192
2021-10-14,San Benito,069,59416,7230,7210,158,7368,71
2021-10-14,San Bernardino,071,2135413,347824,345418,10819,356237,5566
2021-10-14,San Diego,073,3302833,365382,363109,21483,384592,4151
2021-10-14,San Francisco,075,870044,52030,51436,2201,53637,645
2021-10-14,San Joaquin,077,732212,97521,96507,5193,101700,1708
2021-10-14,San Luis Obispo,079,281455,28923,28460,1174,29634,329
2021-10-14,San Mateo,081,765935,53259,52399,810,53209,569
2021-10-14,Santa Barbara,083,443738,43560,43175,1495,44670,521
2021-10-14,Santa Clara,085,1922200,144485,143282,1202,144484,1890
2021-10-14,Santa Cruz,087,273765,20029,19794,978,20772,218
2021-10-14,Shasta,089,179085,20339,19932,3377,23309,309
2021-10-14,Sierra,091,2930,169,160,18,178,0
2021-10-14,Siskiyou,093,43540,3282,3173,1204,4377,42
2021-10-14,Solano,095,438530,45261,44585,1194,45779,334
2021-10-14,Sonoma,097,501317,40456,40195,499,40694,390
2021-10-14,Stanislaus,099,539301,75994,75868,8479,84347,1142
2021-10-14,Sutter,101,95872,13528,13471,305,13776,169
2021-10-14,Tehama,103,63373,8061,7907,1348,9255,104
2021-10-14,Trinity,105,12862,821,679,201,880,11
2021-10-14,Tulare,107,460477,65984,64489,13820,78309,951
2021-10-14,Tuolumne,109,53932,6773,6666,84,6750,89
2021-10-14,Ventura,111,848112,96843,96181,4197,100378,1164
2021-10-14,Yolo,113,214977,19336,19078,910,19988,247
2021-10-14,Yuba,115,75493,9807,9705,272,9977,82
2021-10-13,Alameda,001,1643700,117337,116914,2644,119558,1360
2021-10-13,Alpine,003,1148,100,102,0,102,0
2021-10-13,Amador,005,37829,5357,5305,56,5361,63
2021-10-13,Butte,007,227075,20008,19546,3693,23239,257
2021-10-13,Calaveras,009,45235,3812,3756,43,3799,79
2021-10-13,Colusa,011,21464,2465,2430,589,3019,18
2021-10-13,Contra Costa,013,1133247,97648,96975,2054,99029,969
2021-10-13,Del Norte,015,27424,3597,3512,51,3563,39
2021-10-13,El Dorado,017,186661,15571,15302,1627,16929,149
2021-10-13,Fresno,019,978130,134238,132055,12027,144082,2048
2021-10-13,Glenn,021,27897,3399,3327,976,4303,26
2021-10-13,Humboldt,023,135768,8717,8604,479,9083,102
2021-10-13,Imperial,025,180216,32595,32317,3040,35357,762
2021-10-13,Inyo,027,18085,2013,1907,37,1944,39
2021-10-13,Kern,029,883053,122944,120956,20119,141075,1586
2021-10-13,Kings,031,150075,30910,30246,1784,32030,312
2021-10-13,Lake,033,64148,6497,6371,131,6502,103
2021-10-13,Lassen,035,31185,6658,6535,316,6851,25
2021-10-13,Los Angeles,037,10098052,1421127,1408384,52006,1460390,26379
2021-10-13,Madera,039,155013,22057,21609,1899,23508,277
2021-10-13,Marin,041,260295,17276,17137,426,17563,243
2021-10-13,Mariposa,043,17540,1168,1090,40,1130,5
2021-10-13,Mendocino,045,87422,7210,7088,437,7525,82
2021-10-13,Merced,047,269075,40483,40164,1693,41857,577
2021-10-13,Modoc,049,8938,505,490,179,669,5
2021-10-13,Mono,051,14174,1650,1612,20,1632,3
2021-10-13,Monterey,053,433212,48174,47273,2702,49975,582
2021-10-13,Napa,055,140530,12751,12695,99,12794,100
2021-10-13,Nevada,057,99092,8816,8725,304,9029,90
2021-10-13,Orange,059,3164182,302817,300468,14430,314898,5503
2021-10-13,Placer,061,380077,35769,35254,3439,38693,412
2021-10-13,Plumas,063,18699,1602,1514,30,1544,6
2021-10-13,Riverside,065,2383286,356332,352044,16018,368062,4978
2021-10-13,Sacramento,067,1510023,154277,153141,4228,157369,2182
2021-10-13,San Benito,069,59416,7224,7196,157,7353,71
2021-10-13,San Bernardino,071,2135413,347499,344951,10802,355753,5562
2021-10-13,San Diego,073,3302833,364951,362564,21461,384025,4141
2021-10-13,San Francisco,075,870044,51986,51379,2197,53576,644
2021-10-13,San Joaquin,077,732212,97377,96343,5189,101532,1696
2021-10-13,San Luis Obispo,079,281455,28885,28397,1171,29568,330
2021-10-13,San Mateo,081,765935,53207,52352,806,53158,569
2021-10-13,Santa Barbara,083,443738,43508,43109,1495,44604,518
2021-10-13,Santa Clara,085,1922200,144345,143064,1201,144265,1886
2021-10-13,Santa Cruz,087,273765,20003,19763,977,20740,217
2021-10-13,Shasta,089,179085,20269,19802,3357,23159,307
2021-10-13,Sierra,091,2930,169,155,18,173,0
2021-10-13,Siskiyou,093,43540,3274,3173,1203,4376,42
2021-10-13,Solano,095,438530,45222,44558,1191,45749,334
2021-10-13,Sonoma,097,501317,40400,40122,499,40621,390
2021-10-13,Stanislaus,099,539301,75852,75698,8469,84167,1136
2021-10-13,Sutter,101,95872,13498,13458,303,13761,169
2021-10-13,Tehama,103,63373,8025,7849,1342,9191,103
2021-10-13,Trinity,105,12862,818,677,201,878,11
2021-10-13,Tulare,107,460477,65803,64297,13766,78063,945
2021-10-13,Tuolumne,109,53932,6759,6644,83,6727,89
2021-10-13,Ventura,111,848112,96769,96099,4191,100290,1162
2021-10-13,Yolo,113,214977,19307,19023,909,19932,247
2021-10-13,Yuba,115,75493,9782,9690,259,9949,80
2021-10-12,Alameda,001,1643700,117234,116813,2640,119453,1357
2021-10-12,Alpine,003,1148,100,102,0,102,0
2021-10-12,Amador,005,37829,5346,5301,56,5357,63
2021-10-12,Butte,007,227075,19936,19506,3681,23187,256
2021-10-12,Calaveras,009,45235,3797,3750,43,3793,75
2021-10-12,Colusa,011,21464,2462,2428,587,3015,18
2021-10-12,Contra Costa,013,1133247,97535,96894,2045,98939,960
2021-10-12,Del Norte,015,27424,3591,3511,51,3562,39
2021-10-12,El Dorado,017,186661,15537,15287,1625,16912,148
2021-10-12,Fresno,019,978130,133876,131848,11996,143844,2042
2021-10-12,Glenn,021,27897,3385,3321,975,4296,26
2021-10-12,Humboldt,023,135768,8690,8587,473,9060,102
2021-10-12,Imperial,025,180216,32543,32267,3038,35305,762
2021-10-12,Inyo,027,18085,1981,1889,37,1926,39
2021-10-12,Kern,029,883053,122657,120826,20010,140836,1580
2021-10-12,Kings,031,150075,30836,30200,1773,31973,312
2021-10-12,Lake,033,64148,6482,6372,129,6501,97
2021-10-12,Lassen,035,31185,6648,6526,315,6841,25
2021-10-12,Los Angeles,037,10098052,1420067,1407462,51960,1459422,26362
2021-10-12,Madera,039,155013,21986,21574,1886,23460,277
2021-10-12,Marin,041,260295,17253,17126,426,17552,242
2021-10-12,Mariposa,043,17540,1154,1088,40,1128,5
2021-10-12,Mendocino,045,87422,7181,7077,434,7511,82
2021-10-12,Merced,047,269075,40404,40113,1687,41800,567
2021-10-12,Modoc,049,8938,500,485,178,663,5
2021-10-12,Mono,051,14174,1648,1608,20,1628,3
2021-10-12,Monterey,053,433212,48143,47254,2694,49948,582
2021-10-12,Napa,055,140530,12737,12671,99,12770,97
2021-10-12,Nevada,057,99092,8804,8720,303,9023,89
2021-10-12,Orange,059,3164182,302562,300256,14405,314661,5499
2021-10-12,Placer,061,380077,35706,35214,3431,38645,404
2021-10-12,Plumas,063,18699,1588,1488,29,1517,6
2021-10-12,Riverside,065,2383286,356006,351771,16004,367775,4973
2021-10-12,Sacramento,067,1510023,153972,152935,4203,157138,2170
2021-10-12,San Benito,069,59416,7210,7193,157,7350,71
2021-10-12,San Bernardino,071,2135413,347186,344788,10792,355580,5563
2021-10-12,San Diego,073,3302833,364438,362256,21432,383688,4137
2021-10-12,San Francisco,075,870044,51922,51301,2196,53497,643
2021-10-12,San Joaquin,077,732212,97241,96237,5184,101421,1690
2021-10-12,San Luis Obispo,079,281455,28838,28379,1170,29549,327
2021-10-12,San Mateo,081,765935,53156,52328,805,53133,569
2021-10-12,Santa Barbara,083,443738,43447,43076,1495,44571,515
2021-10-12,Santa Clara,085,1922200,144192,142954,1199,144153,1882
2021-10-12,Santa Cruz,087,273765,19978,19757,977,20734,218
2021-10-12,Shasta,089,179085,20195,19731,3336,23067,304
2021-10-12,Sierra,091,2930,169,153,18,171,0
2021-10-12,Siskiyou,093,43540,3263,3166,1197,4363,42
2021-10-12,Solano,095,438530,45180,44516,1185,45701,329
2021-10-12,Sonoma,097,501317,40359,40105,498,40603,390
2021-10-12,Stanislaus,099,539301,75700,75589,8457,84046,1126
2021-10-12,Sutter,101,95872,13475,13436,299,13735,168
2021-10-12,Tehama,103,63373,7993,7820,1338,9158,103
2021-10-12,Trinity,105,12862,815,676,201,877,11
2021-10-12,Tulare,107,460477,65618,64216,13711,77927,944
2021-10-12,Tuolumne,109,53932,6742,6637,82,6719,89
2021-10-12,Ventura,111,848112,96668,96022,4186,100208,1160
2021-10-12,Yolo,113,214977,19276,18987,906,19893,247
2021-10-12,Yuba,115,75493,9767,9676,255,9931,70
2021-10-11,Alameda,001,1643700,117091,116759,2639,119398,1358
2021-10-11,Alpine,003,1148,100,102,0,102,0
2021-10-11,Amador,005,37829,5334,5286,56,5342,62
2021-10-11,Butte,007,227075,19876,19452,3676,23128,253
2021-10-11,Calaveras,009,45235,3776,3750,43,3793,75
2021-10-11,Colusa,011,21464,2458,2427,579,3006,18
2021-10-11,Contra Costa,013,1133247,97399,96832,2040,98872,960
2021-10-11,Del Norte,015,27424,3588,3510,47,3557,39
2021-10-11,El Dorado,017,186661,15508,15273,1621,16894,146
2021-10-11,Fresno,019,978130,133546,131703,11961,143664,2036
2021-10-11,Glenn,021,27897,3368,3308,973,4281,26
2021-10-11,Humboldt,023,135768,8665,8571,466,9037,101
2021-10-11,Imperial,025,180216,32493,32207,3032,35239,762
2021-10-11,Inyo,027,18085,1958,1862,36,1898,39
2021-10-11,Kern,029,883053,122420,120684,19915,140599,1575
2021-10-11,Kings,031,150075,30747,30180,1763,31943,309
2021-10-11,Lake,033,64148,6466,6361,125,6486,97
2021-10-11,Lassen,035,31185,6628,6499,312,6811,25
2021-10-11,Los Angeles,037,10098052,1419021,1406826,51909,1458735,26346
2021-10-11,Madera,039,155013,21928,21555,1869,23424,272
2021-10-11,Marin,041,260295,17235,17121,422,17543,242
2021-10-11,Mariposa,043,17540,1124,1083,39,1122,5
2021-10-11,Mendocino,045,87422,7165,7064,430,7494,82
2021-10-11,Merced,047,269075,40288,40064,1662,41726,566
2021-10-11,Modoc,049,8938,497,482,175,657,5
2021-10-11,Mono,051,14174,1638,1604,20,1624,3
2021-10-11,Monterey,053,433212,48114,47241,2687,49928,580
2021-10-11,Napa,055,140530,12715,12654,97,12751,96
2021-10-11,Nevada,057,99092,8784,8716,302,9018,90
2021-10-11,Orange,059,3164182,302331,299941,14374,314315,5499
2021-10-11,Placer,061,380077,35637,35173,3414,38587,404
2021-10-11,Plumas,063,18699,1570,1469,27,1496,6
2021-10-11,Riverside,065,2383286,355661,351444,15999,367443,4973
2021-10-11,Sacramento,067,1510023,153682,152681,4172,156853,2169
2021-10-11,San Benito,069,59416,7189,7184,155,7339,71
2021-10-11,San Bernardino,071,2135413,346801,344594,10784,355378,5549
2021-10-11,San Diego,073,3302833,363926,361712,21400,383112,4124
2021-10-11,San Francisco,075,870044,51851,51275,2193,53468,643
2021-10-11,San Joaquin,077,732212,97086,96152,5173,101325,1681
2021-10-11,San Luis Obispo,079,281455,28790,28355,1165,29520,327
2021-10-11,San Mateo,081,765935,53108,52298,805,53103,569
2021-10-11,Santa Barbara,083,443738,43401,43018,1494,44512,515
2021-10-11,Santa Clara,085,1922200,144030,142836,1195,144031,1882
2021-10-11,Santa Cruz,087,273765,19954,19745,976,20721,217
2021-10-11,Shasta,089,179085,20116,19662,3320,22982,295
2021-10-11,Sierra,091,2930,166,147,17,164,0
2021-10-11,Siskiyou,093,43540,3256,3159,1193,4352,42
2021-10-11,Solano,095,438530,45131,44474,1182,45656,329
2021-10-11,Sonoma,097,501317,40314,40067,498,40565,390
2021-10-11,Stanislaus,099,539301,75529,75478,8436,83914,1118
2021-10-11,Sutter,101,95872,13456,13427,297,13724,165
2021-10-11,Tehama,103,63373,7952,7795,1329,9124,102
2021-10-11,Trinity,105,12862,809,675,200,875,11
2021-10-11,Tulare,107,460477,65439,64094,13644,77738,942
2021-10-11,Tuolumne,109,53932,6704,6602,82,6684,89
2021-10-11,Ventura,111,848112,96571,95876,4179,100055,1160
2021-10-11,Yolo,113,214977,19228,18977,904,19881,247
2021-10-11,Yuba,115,75493,9750,9657,243,9900,69
2021-10-10,Alameda,001,1643700,116972,116679,2635,119314,1358
2021-10-10,Alpine,003,1148,100,102,0,102,0
2021-10-10,Amador,005,37829,5320,5278,56,5334,62
2021-10-10,Butte,007,227075,19811,19430,3661,23091,253
2021-10-10,Calaveras,009,45235,3764,3747,43,3790,75
2021-10-10,Colusa,011,21464,2457,2425,578,3003,18
2021-10-10,Contra Costa,013,1133247,97300,96760,2034,98794,960
2021-10-10,Del Norte,015,27424,3584,3507,47,3554,39
2021-10-10,El Dorado,017,186661,15478,15250,1615,16865,146
2021-10-10,Fresno,019,978130,133215,131434,11930,143364,2035
2021-10-10,Glenn,021,27897,3363,3297,971,4268,26
2021-10-10,Humboldt,023,135768,8644,8554,462,9016,101
2021-10-10,Imperial,025,180216,32418,32167,3031,35198,762
2021-10-10,Inyo,027,18085,1937,1857,36,1893,39
2021-10-10,Kern,029,883053,122094,120552,19812,140364,1573
2021-10-10,Kings,031,150075,30658,30122,1753,31875,308
2021-10-10,Lake,033,64148,6450,6349,124,6473,97
2021-10-10,Lassen,035,31185,6609,6495,311,6806,26
2021-10-10,Los Angeles,037,10098052,1417834,1406034,51835,1457869,26338
2021-10-10,Madera,039,155013,21882,21486,1860,23346,272
2021-10-10,Marin,041,260295,17218,17112,422,17534,242
2021-10-10,Mariposa,043,17540,1121,1074,39,1113,5
2021-10-10,Mendocino,045,87422,7150,7060,422,7482,81
2021-10-10,Merced,047,269075,40205,40036,1643,41679,566
2021-10-10,Modoc,049,8938,497,482,175,657,5
2021-10-10,Mono,051,14174,1637,1596,20,1616,3
2021-10-10,Monterey,053,433212,48085,47228,2686,49914,580
2021-10-10,Napa,055,140530,12692,12641,97,12738,96
2021-10-10,Nevada,057,99092,8772,8689,302,8991,90
2021-10-10,Orange,059,3164182,302069,299787,14346,314133,5499
2021-10-10,Placer,061,380077,35544,35128,3402,38530,404
2021-10-10,Plumas,063,18699,1554,1468,25,1493,6
2021-10-10,Riverside,065,2383286,355287,351248,15981,367229,4973
2021-10-10,Sacramento,067,1510023,153418,152405,4155,156560,2178
2021-10-10,San Benito,069,59416,7184,7180,154,7334,71
2021-10-10,San Bernardino,071,2135413,346488,344423,10776,355199,5551
2021-10-10,San Diego,073,3302833,363410,361038,21353,382391,4113
2021-10-10,San Francisco,075,870044,51804,51216,2191,53407,643
2021-10-10,San Joaquin,077,732212,96915,96084,5159,101243,1681
2021-10-10,San Luis Obispo,079,281455,28746,28343,1165,29508,326
2021-10-10,San Mateo,081,765935,53066,52273,804,53077,569
2021-10-10,Santa Barbara,083,443738,43354,42987,1493,44480,515
2021-10-10,Santa Clara,085,1922200,143864,142768,1188,143956,1881
2021-10-10,Santa Cruz,087,273765,19934,19727,976,20703,217
2021-10-10,Shasta,089,179085,20027,19635,3311,22946,296
2021-10-10,Sierra,091,2930,164,147,17,164,0
2021-10-10,Siskiyou,093,43540,3242,3155,1186,4341,42
2021-10-10,Solano,095,438530,45075,44431,1182,45613,329
2021-10-10,Sonoma,097,501317,40262,40027,498,40525,390
2021-10-10,Stanislaus,099,539301,75351,75403,8422,83825,1118
2021-10-10,Sutter,101,95872,13432,13412,292,13704,165
2021-10-10,Tehama,103,63373,7914,7764,1320,9084,102
2021-10-10,Trinity,105,12862,808,669,199,868,11
2021-10-10,Tulare,107,460477,65269,63930,13595,77525,940
2021-10-10,Tuolumne,109,53932,6680,6580,81,6661,89
2021-10-10,Ventura,111,848112,96482,95829,4179,100008,1160
2021-10-10,Yolo,113,214977,19194,18952,900,19852,247
2021-10-10,Yuba,115,75493,9734,9641,238,9879,69
2021-10-09,Alameda,001,1643700,116874,116253,2633,118886,1356
2021-10-09,Alpine,003,1148,99,102,0,102,0
2021-10-09,Amador,005,37829,5318,5237,55,5292,62
2021-10-09,Butte,007,227075,19781,19277,3657,22934,250
2021-10-09,Calaveras,009,45235,3760,3716,43,3759,75
2021-10-09,Colusa,011,21464,2453,2419,577,2996,18
2021-10-09,Contra Costa,013,1133247,97231,96378,2028,98406,958
2021-10-09,Del Norte,015,27424,3583,3495,47,3542,39
2021-10-09,El Dorado,017,186661,15460,15153,1612,16765,144
2021-10-09,Fresno,019,978130,133083,130508,11912,142420,2018
2021-10-09,Glenn,021,27897,3359,3277,969,4246,26
2021-10-09,Humboldt,023,135768,8630,8448,460,8908,97
2021-10-09,Imperial,025,180216,32384,31989,3029,35018,760
2021-10-09,Inyo,027,18085,1928,1808,36,1844,39
2021-10-09,Kern,029,883053,121953,119795,19785,139580,1559
2021-10-09,Kings,031,150075,30609,29894,1751,31645,308
2021-10-09,Lake,033,64148,6431,6283,123,6406,97
2021-10-09,Lassen,035,31185,6604,6442,310,6752,25
2021-10-09,Los Angeles,037,10098052,1417248,1402810,51798,1454608,26280
2021-10-09,Madera,039,155013,21849,21313,1846,23159,271
2021-10-09,Marin,041,260295,17213,17049,420,17469,242
2021-10-09,Mariposa,043,17540,1114,1042,38,1080,5
2021-10-09,Mendocino,045,87422,7143,7011,421,7432,82
2021-10-09,Merced,047,269075,40162,39784,1643,41427,565
2021-10-09,Modoc,049,8938,495,477,174,651,5
2021-10-09,Mono,051,14174,1634,1577,20,1597,3
2021-10-09,Monterey,053,433212,48073,47168,2683,49851,577
2021-10-09,Napa,055,140530,12688,12586,97,12683,96
2021-10-09,Nevada,057,99092,8761,8613,301,8914,90
2021-10-09,Orange,059,3164182,301888,299089,14327,313416,5457
2021-10-09,Placer,061,380077,35506,34877,3395,38272,393
2021-10-09,Plumas,063,18699,1543,1418,25,1443,6
2021-10-09,Riverside,065,2383286,355035,350082,15965,366047,4965
2021-10-09,Sacramento,067,1510023,153208,151566,4142,155708,2160
2021-10-09,San Benito,069,59416,7176,7123,154,7277,71
2021-10-09,San Bernardino,071,2135413,346300,343452,10772,354224,5556
2021-10-09,San Diego,073,3302833,363105,359909,21348,381257,4111
2021-10-09,San Francisco,075,870044,51756,50960,2184,53144,643
2021-10-09,San Joaquin,077,732212,96849,95606,5154,100760,1669
2021-10-09,San Luis Obispo,079,281455,28729,28197,1163,29360,324
2021-10-09,San Mateo,081,765935,53035,52121,803,52924,569
2021-10-09,Santa Barbara,083,443738,43327,42735,1493,44228,514
2021-10-09,Santa Clara,085,1922200,143740,142298,1182,143480,1873
2021-10-09,Santa Cruz,087,273765,19924,19635,975,20610,217
2021-10-09,Shasta,089,179085,19976,19437,3306,22743,290
2021-10-09,Sierra,091,2930,161,141,17,158,0
2021-10-09,Siskiyou,093,43540,3241,3124,1185,4309,42
2021-10-09,Solano,095,438530,45058,44265,1181,45446,329
2021-10-09,Sonoma,097,501317,40218,39848,498,40346,387
2021-10-09,Stanislaus,099,539301,75261,74899,8411,83310,1114
2021-10-09,Sutter,101,95872,13423,13314,290,13604,165
2021-10-09,Tehama,103,63373,7903,7670,1315,8985,99
2021-10-09,Trinity,105,12862,807,660,199,859,11
2021-10-09,Tulare,107,460477,65161,63398,13574,76972,932
2021-10-09,Tuolumne,109,53932,6661,6521,81,6602,89
2021-10-09,Ventura,111,848112,96428,95542,4176,99718,1158
2021-10-09,Yolo,113,214977,19171,18850,899,19749,247
2021-10-09,Yuba,115,75493,9722,9551,237,9788,69
2021-10-08,Alameda,001,1643700,116792,116253,2629,118882,1356
2021-10-08,Alpine,003,1148,99,102,0,102,0
2021-10-08,Amador,005,37829,5305,5237,55,5292,62
2021-10-08,Butte,007,227075,19752,19277,3653,22930,250
2021-10-08,Calaveras,009,45235,3755,3716,43,3759,75
2021-10-08,Colusa,011,21464,2451,2419,577,2996,18
2021-10-08,Contra Costa,013,1133247,97187,96378,2023,98401,958
2021-10-08,Del Norte,015,27424,3582,3495,47,3542,39
2021-10-08,El Dorado,017,186661,15440,15153,1608,16761,144
2021-10-08,Fresno,019,978130,132887,130508,11891,142399,2018
2021-10-08,Glenn,021,27897,3351,3277,966,4243,26
2021-10-08,Humboldt,023,135768,8619,8448,457,8905,97
2021-10-08,Imperial,025,180216,32355,31989,3025,35014,760
2021-10-08,Inyo,027,18085,1910,1808,36,1844,39
2021-10-08,Kern,029,883053,121816,119795,19743,139538,1559
2021-10-08,Kings,031,150075,30515,29894,1750,31644,308
2021-10-08,Lake,033,64148,6423,6283,123,6406,97
2021-10-08,Lassen,035,31185,6590,6442,307,6749,25
2021-10-08,Los Angeles,037,10098052,1416587,1402810,51766,1454576,26280
2021-10-08,Madera,039,155013,21790,21313,1839,23152,271
2021-10-08,Marin,041,260295,17202,17049,419,17468,242
2021-10-08,Mariposa,043,17540,1107,1042,36,1078,5
2021-10-08,Mendocino,045,87422,7130,7011,421,7432,82
2021-10-08,Merced,047,269075,40130,39784,1640,41424,565
2021-10-08,Modoc,049,8938,493,477,174,651,5
2021-10-08,Mono,051,14174,1631,1577,20,1597,3
2021-10-08,Monterey,053,433212,48046,47168,2681,49849,577
2021-10-08,Napa,055,140530,12672,12586,97,12683,96
2021-10-08,Nevada,057,99092,8749,8613,301,8914,90
2021-10-08,Orange,059,3164182,301741,299089,14307,313396,5457
2021-10-08,Placer,061,380077,35468,34877,3388,38265,393
2021-10-08,Plumas,063,18699,1531,1418,25,1443,6
2021-10-08,Riverside,065,2383286,354766,350082,15954,366036,4965
2021-10-08,Sacramento,067,1510023,153044,151566,4128,155694,2160
2021-10-08,San Benito,069,59416,7172,7123,152,7275,71
2021-10-08,San Bernardino,071,2135413,346091,343452,10764,354216,5556
2021-10-08,San Diego,073,3302833,362779,359909,21329,381238,4111
2021-10-08,San Francisco,075,870044,51709,50960,2177,53137,643
2021-10-08,San Joaquin,077,732212,96781,95606,5148,100754,1669
2021-10-08,San Luis Obispo,079,281455,28702,28197,1162,29359,324
2021-10-08,San Mateo,081,765935,53007,52121,803,52924,569
2021-10-08,Santa Barbara,083,443738,43292,42735,1492,44227,514
2021-10-08,Santa Clara,085,1922200,143627,142298,1177,143475,1873
2021-10-08,Santa Cruz,087,273765,19909,19635,975,20610,217
2021-10-08,Shasta,089,179085,19934,19437,3300,22737,290
2021-10-08,Sierra,091,2930,159,141,15,156,0
2021-10-08,Siskiyou,093,43540,3233,3124,1184,4308,42
2021-10-08,Solano,095,438530,45019,44265,1181,45446,329
2021-10-08,Sonoma,097,501317,40182,39848,498,40346,387
2021-10-08,Stanislaus,099,539301,75192,74899,8402,83301,1114
2021-10-08,Sutter,101,95872,13409,13314,288,13602,165
2021-10-08,Tehama,103,63373,7886,7670,1313,8983,99
2021-10-08,Trinity,105,12862,806,660,199,859,11
2021-10-08,Tulare,107,460477,65043,63398,13542,76940,932
2021-10-08,Tuolumne,109,53932,6638,6521,81,6602,89
2021-10-08,Ventura,111,848112,96377,95542,4170,99712,1158
2021-10-08,Yolo,113,214977,19156,18850,897,19747,247
2021-10-08,Yuba,115,75493,9702,9551,236,9787,69
2021-10-07,Alameda,001,1643700,116672,116253,2628,118881,1356
2021-10-07,Alpine,003,1148,99,102,0,102,0
2021-10-07,Amador,005,37829,5298,5237,55,5292,62
2021-10-07,Butte,007,227075,19703,19277,3642,22919,250
2021-10-07,Calaveras,009,45235,3743,3716,43,3759,75
2021-10-07,Colusa,011,21464,2448,2419,571,2990,18
2021-10-07,Contra Costa,013,1133247,97064,96378,2020,98398,958
2021-10-07,Del Norte,015,27424,3579,3495,47,3542,39
2021-10-07,El Dorado,017,186661,15403,15153,1604,16757,144
2021-10-07,Fresno,019,978130,132613,130508,11867,142375,2018
2021-10-07,Glenn,021,27897,3344,3277,963,4240,26
2021-10-07,Humboldt,023,135768,8593,8448,454,8902,97
2021-10-07,Imperial,025,180216,32284,31989,3012,35001,760
2021-10-07,Inyo,027,18085,1891,1808,36,1844,39
2021-10-07,Kern,029,883053,121584,119795,19679,139474,1559
2021-10-07,Kings,031,150075,30449,29894,1744,31638,308
2021-10-07,Lake,033,64148,6412,6283,123,6406,97
2021-10-07,Lassen,035,31185,6572,6442,305,6747,25
2021-10-07,Los Angeles,037,10098052,1415631,1402810,51721,1454531,26280
2021-10-07,Madera,039,155013,21717,21313,1825,23138,271
2021-10-07,Marin,041,260295,17184,17049,419,17468,242
2021-10-07,Mariposa,043,17540,1099,1042,36,1078,5
2021-10-07,Mendocino,045,87422,7120,7011,417,7428,82
2021-10-07,Merced,047,269075,40063,39784,1623,41407,565
2021-10-07,Modoc,049,8938,490,477,173,650,5
2021-10-07,Mono,051,14174,1623,1577,20,1597,3
2021-10-07,Monterey,053,433212,48021,47168,2672,49840,577
2021-10-07,Napa,055,140530,12657,12586,97,12683,96
2021-10-07,Nevada,057,99092,8721,8613,301,8914,90
2021-10-07,Orange,059,3164182,301515,299089,14293,313382,5457
2021-10-07,Placer,061,380077,35406,34877,3381,38258,393
2021-10-07,Plumas,063,18699,1514,1418,25,1443,6
2021-10-07,Riverside,065,2383286,354434,350082,15942,366024,4965
2021-10-07,Sacramento,067,1510023,152761,151566,4100,155666,2160
2021-10-07,San Benito,069,59416,7156,7123,150,7273,71
2021-10-07,San Bernardino,071,2135413,345817,343452,10756,354208,5556
2021-10-07,San Diego,073,3302833,362384,359909,21308,381217,4111
2021-10-07,San Francisco,075,870044,51638,50960,2174,53134,643
2021-10-07,San Joaquin,077,732212,96627,95606,5140,100746,1669
2021-10-07,San Luis Obispo,079,281455,28651,28197,1160,29357,324
2021-10-07,San Mateo,081,765935,52967,52121,802,52923,569
2021-10-07,Santa Barbara,083,443738,43223,42735,1486,44221,514
2021-10-07,Santa Clara,085,1922200,143477,142298,1171,143469,1873
2021-10-07,Santa Cruz,087,273765,19889,19635,974,20609,217
2021-10-07,Shasta,089,179085,19846,19437,3285,22722,290
2021-10-07,Sierra,091,2930,158,141,15,156,0
2021-10-07,Siskiyou,093,43540,3229,3124,1179,4303,42
2021-10-07,Solano,095,438530,44974,44265,1177,45442,329
2021-10-07,Sonoma,097,501317,40145,39848,496,40344,387
2021-10-07,Stanislaus,099,539301,75030,74899,8377,83276,1114
2021-10-07,Sutter,101,95872,13387,13314,285,13599,165
2021-10-07,Tehama,103,63373,7853,7670,1307,8977,99
2021-10-07,Trinity,105,12862,804,660,199,859,11
2021-10-07,Tulare,107,460477,64878,63398,13506,76904,932
2021-10-07,Tuolumne,109,53932,6616,6521,81,6602,89
2021-10-07,Ventura,111,848112,96304,95542,4167,99709,1158
2021-10-07,Yolo,113,214977,19123,18850,893,19743,247
2021-10-07,Yuba,115,75493,9676,9551,229,9780,69
2021-10-06,Alameda,001,1643700,116535,116058,2622,118680,1353
2021-10-06,Alpine,003,1148,99,102,0,102,0
2021-10-06,Amador,005,37829,5295,5205,55,5260,62
2021-10-06,Butte,007,227075,19641,19208,3635,22843,247
2021-10-06,Calaveras,009,45235,3734,3669,43,3712,75
2021-10-06,Colusa,011,21464,2445,2414,564,2978,18
2021-10-06,Contra Costa,013,1133247,96940,96184,2016,98200,953
2021-10-06,Del Norte,015,27424,3576,3490,44,3534,39
2021-10-06,El Dorado,017,186661,15377,15078,1601,16679,140
2021-10-06,Fresno,019,978130,132323,130074,11842,141916,2008
2021-10-06,Glenn,021,27897,3335,3270,961,4231,26
2021-10-06,Humboldt,023,135768,8578,8416,448,8864,94
2021-10-06,Imperial,025,180216,32231,31930,3002,34932,760
2021-10-06,Inyo,027,18085,1876,1806,36,1842,39
2021-10-06,Kern,029,883053,121327,119491,19588,139079,1552
2021-10-06,Kings,031,150075,30383,29785,1736,31521,308
2021-10-06,Lake,033,64148,6398,6271,123,6394,97
2021-10-06,Lassen,035,31185,6556,6429,304,6733,25
2021-10-06,Los Angeles,037,10098052,1414675,1401675,51672,1453347,26252
2021-10-06,Madera,039,155013,21662,21230,1815,23045,269
2021-10-06,Marin,041,260295,17175,17042,416,17458,242
2021-10-06,Mariposa,043,17540,1092,1036,36,1072,5
2021-10-06,Mendocino,045,87422,7111,6986,415,7401,81
2021-10-06,Merced,047,269075,39988,39666,1611,41277,563
2021-10-06,Modoc,049,8938,490,477,171,648,5
2021-10-06,Mono,051,14174,1611,1568,20,1588,3
2021-10-06,Monterey,053,433212,47988,47136,2667,49803,577
2021-10-06,Napa,055,140530,12633,12552,96,12648,96
2021-10-06,Nevada,057,99092,8705,8582,300,8882,90
2021-10-06,Orange,059,3164182,301276,298785,14281,313066,5448
2021-10-06,Placer,061,380077,35355,34764,3375,38139,390
2021-10-06,Plumas,063,18699,1491,1383,25,1408,6
2021-10-06,Riverside,065,2383286,354078,349645,15921,365566,4953
2021-10-06,Sacramento,067,1510023,152508,151164,4069,155233,2141
2021-10-06,San Benito,069,59416,7141,7108,150,7258,69
2021-10-06,San Bernardino,071,2135413,345525,343022,10749,353771,5551
2021-10-06,San Diego,073,3302833,361892,359564,21282,380846,4104
2021-10-06,San Francisco,075,870044,51574,50894,2171,53065,641
2021-10-06,San Joaquin,077,732212,96493,95418,5128,100546,1658
2021-10-06,San Luis Obispo,079,281455,28602,28170,1154,29324,323
2021-10-06,San Mateo,081,765935,52917,52056,797,52853,569
2021-10-06,Santa Barbara,083,443738,43140,42687,1484,44171,513
2021-10-06,Santa Clara,085,1922200,143326,142124,1166,143290,1872
2021-10-06,Santa Cruz,087,273765,19860,19604,972,20576,217
2021-10-06,Shasta,089,179085,19771,19325,3272,22597,287
2021-10-06,Sierra,091,2930,156,138,15,153,0
2021-10-06,Siskiyou,093,43540,3219,3116,1172,4288,42
2021-10-06,Solano,095,438530,44940,44185,1176,45361,328
2021-10-06,Sonoma,097,501317,40095,39787,495,40282,383
2021-10-06,Stanislaus,099,539301,74888,74699,8364,83063,1114
2021-10-06,Sutter,101,95872,13366,13284,283,13567,164
2021-10-06,Tehama,103,63373,7817,7629,1299,8928,99
2021-10-06,Trinity,105,12862,801,656,199,855,11
2021-10-06,Tulare,107,460477,64698,63198,13450,76648,926
2021-10-06,Tuolumne,109,53932,6589,6486,81,6567,89
2021-10-06,Ventura,111,848112,96213,95449,4159,99608,1158
2021-10-06,Yolo,113,214977,19090,18815,890,19705,247
2021-10-06,Yuba,115,75493,9652,9520,228,9748,69
2021-10-05,Alameda,001,1643700,116391,115968,2617,118585,1350
2021-10-05,Alpine,003,1148,99,102,0,102,0
2021-10-05,Amador,005,37829,5274,5194,54,5248,61
2021-10-05,Butte,007,227075,19592,19137,3620,22757,246
2021-10-05,Calaveras,009,45235,3718,3657,43,3700,73
2021-10-05,Colusa,011,21464,2438,2414,563,2977,18
2021-10-05,Contra Costa,013,1133247,96823,96108,2011,98119,941
2021-10-05,Del Norte,015,27424,3574,3485,43,3528,39
2021-10-05,El Dorado,017,186661,15338,15052,1598,16650,140
2021-10-05,Fresno,019,978130,131984,129957,11806,141763,1987
2021-10-05,Glenn,021,27897,3324,3270,956,4226,26
2021-10-05,Humboldt,023,135768,8547,8398,444,8842,94
2021-10-05,Imperial,025,180216,32184,31909,2997,34906,759
2021-10-05,Inyo,027,18085,1859,1800,36,1836,39
2021-10-05,Kern,029,883053,121063,119260,19487,138747,1540
2021-10-05,Kings,031,150075,30308,29749,1731,31480,301
2021-10-05,Lake,033,64148,6377,6264,122,6386,97
2021-10-05,Lassen,035,31185,6537,6417,302,6719,25
2021-10-05,Los Angeles,037,10098052,1413532,1400300,51619,1451919,26223
2021-10-05,Madera,039,155013,21604,21183,1803,22986,269
2021-10-05,Marin,041,260295,17163,17024,416,17440,242
2021-10-05,Mariposa,043,17540,1073,1033,33,1066,5
2021-10-05,Mendocino,045,87422,7095,6972,408,7380,79
2021-10-05,Merced,047,269075,39922,39608,1603,41211,562
2021-10-05,Modoc,049,8938,486,475,170,645,5
2021-10-05,Mono,051,14174,1603,1565,20,1585,3
2021-10-05,Monterey,053,433212,47971,47087,2657,49744,573
2021-10-05,Napa,055,140530,12609,12533,96,12629,96
2021-10-05,Nevada,057,99092,8675,8576,300,8876,90
2021-10-05,Orange,059,3164182,300999,298589,14249,312838,5441
2021-10-05,Placer,061,380077,35275,34728,3368,38096,382
2021-10-05,Plumas,063,18699,1466,1357,25,1382,6
2021-10-05,Riverside,065,2383286,353719,349365,15906,365271,4942
2021-10-05,Sacramento,067,1510023,152234,151111,4041,155152,2126
2021-10-05,San Benito,069,59416,7123,7103,148,7251,69
2021-10-05,San Bernardino,071,2135413,345199,342711,10742,353453,5557
2021-10-05,San Diego,073,3302833,361317,359194,21255,380449,4092
2021-10-05,San Francisco,075,870044,51476,50826,2168,52994,641
2021-10-05,San Joaquin,077,732212,96340,95276,5102,100378,1651
2021-10-05,San Luis Obispo,079,281455,28558,28113,1152,29265,324
2021-10-05,San Mateo,081,765935,52870,52008,797,52805,569
2021-10-05,Santa Barbara,083,443738,43062,42595,1480,44075,511
2021-10-05,Santa Clara,085,1922200,143164,141971,1159,143130,1873
2021-10-05,Santa Cruz,087,273765,19818,19582,972,20554,216
2021-10-05,Shasta,089,179085,19697,19285,3259,22544,286
2021-10-05,Sierra,091,2930,152,136,15,151,0
2021-10-05,Siskiyou,093,43540,3205,3107,1172,4279,42
2021-10-05,Solano,095,438530,44869,44149,1175,45324,325
2021-10-05,Sonoma,097,501317,40040,39756,490,40246,383
2021-10-05,Stanislaus,099,539301,74726,74599,8347,82946,1114
2021-10-05,Sutter,101,95872,13338,13270,282,13552,164
2021-10-05,Tehama,103,63373,7788,7607,1290,8897,98
2021-10-05,Trinity,105,12862,798,655,199,854,11
2021-10-05,Tulare,107,460477,64490,63093,13397,76490,920
2021-10-05,Tuolumne,109,53932,6573,6473,80,6553,89
2021-10-05,Ventura,111,848112,96107,95351,4158,99509,1155
2021-10-05,Yolo,113,214977,19054,18782,884,19666,245
2021-10-05,Yuba,115,75493,9620,9504,225,9729,69
2021-10-04,Alameda,001,1643700,116230,115845,2614,118459,1347
2021-10-04,Alpine,003,1148,99,102,0,102,0
2021-10-04,Amador,005,37829,5264,5163,53,5216,61
2021-10-04,Butte,007,227075,19514,19081,3609,22690,245
2021-10-04,Calaveras,009,45235,3709,3641,43,3684,73
2021-10-04,Colusa,011,21464,2437,2414,561,2975,18
2021-10-04,Contra Costa,013,1133247,96681,95958,2006,97964,937
2021-10-04,Del Norte,015,27424,3572,3485,39,3524,39
2021-10-04,El Dorado,017,186661,15292,15031,1591,16622,138
2021-10-04,Fresno,019,978130,131674,129665,11777,141442,1978
2021-10-04,Glenn,021,27897,3317,3270,953,4223,26
2021-10-04,Humboldt,023,135768,8515,8355,437,8792,94
2021-10-04,Imperial,025,180216,32135,31866,2990,34856,757
2021-10-04,Inyo,027,18085,1847,1792,34,1826,39
2021-10-04,Kern,029,883053,120772,118984,19367,138351,1531
2021-10-04,Kings,031,150075,30215,29702,1728,31430,303
2021-10-04,Lake,033,64148,6364,6248,122,6370,97
2021-10-04,Lassen,035,31185,6520,6405,302,6707,25
2021-10-04,Los Angeles,037,10098052,1412412,1399604,51563,1451167,26186
2021-10-04,Madera,039,155013,21540,21126,1791,22917,266
2021-10-04,Marin,041,260295,17147,17008,415,17423,242
2021-10-04,Mariposa,043,17540,1061,1024,33,1057,5
2021-10-04,Mendocino,045,87422,7077,6947,405,7352,79
2021-10-04,Merced,047,269075,39805,39565,1587,41152,558
2021-10-04,Modoc,049,8938,483,473,170,643,5
2021-10-04,Mono,051,14174,1595,1561,20,1581,3
2021-10-04,Monterey,053,433212,47950,47058,2650,49708,571
2021-10-04,Napa,055,140530,12586,12506,96,12602,96
2021-10-04,Nevada,057,99092,8655,8563,300,8863,90
2021-10-04,Orange,059,3164182,300703,298165,14217,312382,5438
2021-10-04,Placer,061,380077,35193,34630,3341,37971,379
2021-10-04,Plumas,063,18699,1444,1329,25,1354,6
2021-10-04,Riverside,065,2383286,353339,348828,15896,364724,4923
2021-10-04,Sacramento,067,1510023,151910,150887,4014,154901,2115
2021-10-04,San Benito,069,59416,7110,7099,148,7247,69
2021-10-04,San Bernardino,071,2135413,344838,342418,10731,353149,5551
2021-10-04,San Diego,073,3302833,360751,358525,21224,379749,4090
2021-10-04,San Francisco,075,870044,51381,50798,2164,52962,638
2021-10-04,San Joaquin,077,732212,96143,95198,5082,100280,1649
2021-10-04,San Luis Obispo,079,281455,28513,28090,1146,29236,323
2021-10-04,San Mateo,081,765935,52810,51958,796,52754,569
2021-10-04,Santa Barbara,083,443738,42977,42585,1479,44064,511
2021-10-04,Santa Clara,085,1922200,143017,141840,1153,142993,1869
2021-10-04,Santa Cruz,087,273765,19789,19559,971,20530,216
2021-10-04,Shasta,089,179085,19590,19170,3245,22415,279
2021-10-04,Sierra,091,2930,145,136,14,150,0
2021-10-04,Siskiyou,093,43540,3196,3103,1157,4260,42
2021-10-04,Solano,095,438530,44810,44092,1171,45263,322
2021-10-04,Sonoma,097,501317,39974,39720,490,40210,381
2021-10-04,Stanislaus,099,539301,74575,74444,8328,82772,1106
2021-10-04,Sutter,101,95872,13309,13261,281,13542,164
2021-10-04,Tehama,103,63373,7747,7585,1284,8869,95
2021-10-04,Trinity,105,12862,797,649,198,847,11
2021-10-04,Tulare,107,460477,64304,62957,13329,76286,920
2021-10-04,Tuolumne,109,53932,6547,6442,80,6522,89
2021-10-04,Ventura,111,848112,96015,95170,4152,99322,1153
2021-10-04,Yolo,113,214977,19010,18761,880,19641,242
2021-10-04,Yuba,115,75493,9581,9481,223,9704,68
2021-10-03,Alameda,001,1643700,116087,115751,2604,118355,1349
2021-10-03,Alpine,003,1148,99,102,0,102,0
2021-10-03,Amador,005,37829,5246,5160,51,5211,61
2021-10-03,Butte,007,227075,19441,19066,3590,22656,245
2021-10-03,Calaveras,009,45235,3692,3632,43,3675,73
2021-10-03,Colusa,011,21464,2435,2413,558,2971,18
2021-10-03,Contra Costa,013,1133247,96548,95890,1999,97889,937
2021-10-03,Del Norte,015,27424,3566,3483,38,3521,39
2021-10-03,El Dorado,017,186661,15233,15014,1584,16598,139
2021-10-03,Fresno,019,978130,131293,129365,11736,141101,1978
2021-10-03,Glenn,021,27897,3310,3266,945,4211,26
2021-10-03,Humboldt,023,135768,8469,8352,433,8785,94
2021-10-03,Imperial,025,180216,32068,31844,2982,34826,757
2021-10-03,Inyo,027,18085,1826,1788,34,1822,39
2021-10-03,Kern,029,883053,120467,118851,19245,138096,1535
2021-10-03,Kings,031,150075,30116,29623,1721,31344,300
2021-10-03,Lake,033,64148,6338,6239,122,6361,97
2021-10-03,Lassen,035,31185,6498,6400,300,6700,25
2021-10-03,Los Angeles,037,10098052,1411152,1398790,51509,1450299,26179
2021-10-03,Madera,039,155013,21468,21066,1781,22847,266
2021-10-03,Marin,041,260295,17124,16995,410,17405,242
2021-10-03,Mariposa,043,17540,1054,1011,33,1044,5
2021-10-03,Mendocino,045,87422,7057,6939,397,7336,79
2021-10-03,Merced,047,269075,39698,39516,1567,41083,558
2021-10-03,Modoc,049,8938,482,472,169,641,5
2021-10-03,Mono,051,14174,1591,1554,20,1574,3
2021-10-03,Monterey,053,433212,47925,47049,2639,49688,571
2021-10-03,Napa,055,140530,12557,12489,94,12583,96
2021-10-03,Nevada,057,99092,8620,8545,300,8845,90
2021-10-03,Orange,059,3164182,300421,298027,14197,312224,5447
2021-10-03,Placer,061,380077,35055,34596,3325,37921,379
2021-10-03,Plumas,063,18699,1416,1328,25,1353,6
2021-10-03,Riverside,065,2383286,352908,348593,15876,364469,4924
2021-10-03,Sacramento,067,1510023,151621,150664,3985,154649,2120
2021-10-03,San Benito,069,59416,7101,7095,148,7243,69
2021-10-03,San Bernardino,071,2135413,344420,342302,10724,353026,5555
2021-10-03,San Diego,073,3302833,360171,358153,21192,379345,4081
2021-10-03,San Francisco,075,870044,51296,50733,2161,52894,638
2021-10-03,San Joaquin,077,732212,95955,95133,5074,100207,1649
2021-10-03,San Luis Obispo,079,281455,28447,28065,1141,29206,325
2021-10-03,San Mateo,081,765935,52743,51923,795,52718,569
2021-10-03,Santa Barbara,083,443738,42881,42550,1471,44021,511
2021-10-03,Santa Clara,085,1922200,142846,141737,1146,142883,1869
2021-10-03,Santa Cruz,087,273765,19749,19548,969,20517,216
2021-10-03,Shasta,089,179085,19485,19132,3217,22349,279
2021-10-03,Sierra,091,2930,142,136,14,150,0
2021-10-03,Siskiyou,093,43540,3183,3096,1147,4243,42
2021-10-03,Solano,095,438530,44747,44051,1168,45219,322
2021-10-03,Sonoma,097,501317,39908,39679,490,40169,381
2021-10-03,Stanislaus,099,539301,74387,74366,8310,82676,1106
2021-10-03,Sutter,101,95872,13294,13248,277,13525,164
2021-10-03,Tehama,103,63373,7704,7564,1279,8843,94
2021-10-03,Trinity,105,12862,793,647,196,843,11
2021-10-03,Tulare,107,460477,64101,62860,13257,76117,924
2021-10-03,Tuolumne,109,53932,6518,6430,78,6508,89
2021-10-03,Ventura,111,848112,95910,95108,4149,99257,1153
2021-10-03,Yolo,113,214977,18980,18720,874,19594,242
2021-10-03,Yuba,115,75493,9564,9462,222,9684,68
2021-10-02,Alameda,001,1643700,115979,115185,2599,117784,1343
2021-10-02,Alpine,003,1148,99,102,0,102,0
2021-10-02,Amador,005,37829,5237,5105,51,5156,61
2021-10-02,Butte,007,227075,19411,18911,3582,22493,243
2021-10-02,Calaveras,009,45235,3685,3585,43,3628,72
2021-10-02,Colusa,011,21464,2434,2403,556,2959,18
2021-10-02,Contra Costa,013,1133247,96477,95369,1995,97364,933
2021-10-02,Del Norte,015,27424,3561,3468,38,3506,39
2021-10-02,El Dorado,017,186661,15207,14887,1583,16470,136
2021-10-02,Fresno,019,978130,131122,128450,11723,140173,1964
2021-10-02,Glenn,021,27897,3305,3234,945,4179,26
2021-10-02,Humboldt,023,135768,8451,8244,433,8677,94
2021-10-02,Imperial,025,180216,32033,31674,2979,34653,757
2021-10-02,Inyo,027,18085,1817,1746,34,1780,39
2021-10-02,Kern,029,883053,120334,117962,19164,137126,1524
2021-10-02,Kings,031,150075,30067,29339,1717,31056,301
2021-10-02,Lake,033,64148,6329,6191,122,6313,97
2021-10-02,Lassen,035,31185,6493,6360,300,6660,25
2021-10-02,Los Angeles,037,10098052,1410540,1395070,51473,1446543,26126
2021-10-02,Madera,039,155013,21443,20931,1772,22703,266
2021-10-02,Marin,041,260295,17119,16936,407,17343,242
2021-10-02,Mariposa,043,17540,1052,967,33,1000,5
2021-10-02,Mendocino,045,87422,7047,6869,397,7266,78
2021-10-02,Merced,047,269075,39671,39196,1563,40759,552
2021-10-02,Modoc,049,8938,480,468,169,637,5
2021-10-02,Mono,051,14174,1589,1540,20,1560,3
2021-10-02,Monterey,053,433212,47870,46964,2638,49602,571
2021-10-02,Napa,055,140530,12546,12433,94,12527,96
2021-10-02,Nevada,057,99092,8609,8474,299,8773,87
2021-10-02,Orange,059,3164182,300256,297307,14177,311484,5435
2021-10-02,Placer,061,380077,34989,34377,3316,37693,381
2021-10-02,Plumas,063,18699,1405,1298,25,1323,6
2021-10-02,Riverside,065,2383286,352667,347227,15865,363092,4895
2021-10-02,Sacramento,067,1510023,151448,149897,3977,153874,2099
2021-10-02,San Benito,069,59416,7094,7055,148,7203,69
2021-10-02,San Bernardino,071,2135413,344233,341212,10672,351884,5540
2021-10-02,San Diego,073,3302833,359854,356454,21170,377624,4078
2021-10-02,San Francisco,075,870044,51247,50393,2156,52549,634
2021-10-02,San Joaquin,077,732212,95890,94599,5068,99667,1646
2021-10-02,San Luis Obispo,079,281455,28423,27915,1141,29056,323
2021-10-02,San Mateo,081,765935,52702,51767,791,52558,573
2021-10-02,Santa Barbara,083,443738,42841,42423,1471,43894,508
2021-10-02,Santa Clara,085,1922200,142732,141231,1142,142373,1862
2021-10-02,Santa Cruz,087,273765,19732,19461,968,20429,214
2021-10-02,Shasta,089,179085,19439,18912,3211,22123,270
2021-10-02,Sierra,091,2930,141,131,14,145,0
2021-10-02,Siskiyou,093,43540,3182,3053,1144,4197,42
2021-10-02,Solano,095,438530,44702,43800,1167,44967,321
2021-10-02,Sonoma,097,501317,39874,39497,489,39986,382
2021-10-02,Stanislaus,099,539301,74301,73859,8297,82156,1099
2021-10-02,Sutter,101,95872,13285,13160,276,13436,160
2021-10-02,Tehama,103,63373,7689,7453,1279,8732,93
2021-10-02,Trinity,105,12862,790,625,196,821,10
2021-10-02,Tulare,107,460477,64025,62247,13231,75478,908
2021-10-02,Tuolumne,109,53932,6504,6369,78,6447,89
2021-10-02,Ventura,111,848112,95838,94854,4144,98998,1148
2021-10-02,Yolo,113,214977,18953,18640,872,19512,242
2021-10-02,Yuba,115,75493,9545,9370,221,9591,66
2021-10-01,Alameda,001,1643700,115902,115185,2593,117778,1343
2021-10-01,Alpine,003,1148,99,102,0,102,0
2021-10-01,Amador,005,37829,5217,5105,51,5156,61
2021-10-01,Butte,007,227075,19370,18911,3575,22486,243
2021-10-01,Calaveras,009,45235,3675,3585,43,3628,72
2021-10-01,Colusa,011,21464,2432,2403,556,2959,18
2021-10-01,Contra Costa,013,1133247,96381,95369,1991,97360,933
2021-10-01,Del Norte,015,27424,3558,3468,37,3505,39
2021-10-01,El Dorado,017,186661,15190,14887,1579,16466,136
2021-10-01,Fresno,019,978130,130934,128450,11713,140163,1964
2021-10-01,Glenn,021,27897,3303,3234,944,4178,26
2021-10-01,Humboldt,023,135768,8434,8244,433,8677,94
2021-10-01,Imperial,025,180216,32014,31674,2970,34644,757
2021-10-01,Inyo,027,18085,1808,1746,34,1780,39
2021-10-01,Kern,029,883053,120181,117962,19108,137070,1524
2021-10-01,Kings,031,150075,30033,29339,1712,31051,301
2021-10-01,Lake,033,64148,6319,6191,122,6313,97
2021-10-01,Lassen,035,31185,6482,6360,299,6659,25
2021-10-01,Los Angeles,037,10098052,1409775,1395070,51430,1446500,26126
2021-10-01,Madera,039,155013,21393,20931,1763,22694,266
2021-10-01,Marin,041,260295,17104,16936,406,17342,242
2021-10-01,Mariposa,043,17540,1045,967,33,1000,5
2021-10-01,Mendocino,045,87422,7035,6869,397,7266,78
2021-10-01,Merced,047,269075,39627,39196,1555,40751,552
2021-10-01,Modoc,049,8938,479,468,169,637,5
2021-10-01,Mono,051,14174,1586,1540,20,1560,3
2021-10-01,Monterey,053,433212,47849,46964,2635,49599,571
2021-10-01,Napa,055,140530,12536,12433,93,12526,96
2021-10-01,Nevada,057,99092,8595,8474,298,8772,87
2021-10-01,Orange,059,3164182,300072,297307,14157,311464,5435
2021-10-01,Placer,061,380077,34955,34377,3312,37689,381
2021-10-01,Plumas,063,18699,1396,1298,25,1323,6
2021-10-01,Riverside,065,2383286,352374,347227,15858,363085,4895
2021-10-01,Sacramento,067,1510023,151295,149897,3967,153864,2099
2021-10-01,San Benito,069,59416,7092,7055,146,7201,69
2021-10-01,San Bernardino,071,2135413,344033,341212,10669,351881,5540
2021-10-01,San Diego,073,3302833,359494,356454,21149,377603,4078
2021-10-01,San Francisco,075,870044,51206,50393,2155,52548,634
2021-10-01,San Joaquin,077,732212,95820,94599,5064,99663,1646
2021-10-01,San Luis Obispo,079,281455,28399,27915,1138,29053,323
2021-10-01,San Mateo,081,765935,52662,51767,788,52555,573
2021-10-01,Santa Barbara,083,443738,42805,42423,1471,43894,508
2021-10-01,Santa Clara,085,1922200,142639,141231,1137,142368,1862
2021-10-01,Santa Cruz,087,273765,19712,19461,967,20428,214
2021-10-01,Shasta,089,179085,19385,18912,3204,22116,270
2021-10-01,Sierra,091,2930,141,131,14,145,0
2021-10-01,Siskiyou,093,43540,3181,3053,1141,4194,42
2021-10-01,Solano,095,438530,44650,43800,1161,44961,321
2021-10-01,Sonoma,097,501317,39842,39497,488,39985,382
2021-10-01,Stanislaus,099,539301,74217,73859,8286,82145,1099
2021-10-01,Sutter,101,95872,13269,13160,274,13434,160
2021-10-01,Tehama,103,63373,7677,7453,1277,8730,93
2021-10-01,Trinity,105,12862,788,625,196,821,10
2021-10-01,Tulare,107,460477,63922,62247,13196,75443,908
2021-10-01,Tuolumne,109,53932,6487,6369,78,6447,89
2021-10-01,Ventura,111,848112,95771,94854,4139,98993,1148
2021-10-01,Yolo,113,214977,18929,18640,870,19510,242
2021-10-01,Yuba,115,75493,9523,9370,221,9591,66
2021-09-30,Alameda,001,1643700,115757,115185,2589,117774,1343
2021-09-30,Alpine,003,1148,99,102,0,102,0
2021-09-30,Amador,005,37829,5205,5105,51,5156,61
2021-09-30,Butte,007,227075,19321,18911,3566,22477,243
2021-09-30,Calaveras,009,45235,3661,3585,43,3628,72
2021-09-30,Colusa,011,21464,2429,2403,555,2958,18
2021-09-30,Contra Costa,013,1133247,96276,95369,1986,97355,933
2021-09-30,Del Norte,015,27424,3554,3468,34,3502,39
2021-09-30,El Dorado,017,186661,15164,14887,1571,16458,136
2021-09-30,Fresno,019,978130,130659,128450,11679,140129,1964
2021-09-30,Glenn,021,27897,3293,3234,941,4175,26
2021-09-30,Humboldt,023,135768,8402,8244,427,8671,94
2021-09-30,Imperial,025,180216,31962,31674,2968,34642,757
2021-09-30,Inyo,027,18085,1798,1746,34,1780,39
2021-09-30,Kern,029,883053,119937,117962,19027,136989,1524
2021-09-30,Kings,031,150075,29943,29339,1708,31047,301
2021-09-30,Lake,033,64148,6301,6191,122,6313,97
2021-09-30,Lassen,035,31185,6468,6360,299,6659,25
2021-09-30,Los Angeles,037,10098052,1408566,1395070,51371,1446441,26126
2021-09-30,Madera,039,155013,21310,20931,1748,22679,266
2021-09-30,Marin,041,260295,17084,16936,405,17341,242
2021-09-30,Mariposa,043,17540,1023,967,33,1000,5
2021-09-30,Mendocino,045,87422,7026,6869,388,7257,78
2021-09-30,Merced,047,269075,39531,39196,1550,40746,552
2021-09-30,Modoc,049,8938,479,468,168,636,5
2021-09-30,Mono,051,14174,1578,1540,20,1560,3
2021-09-30,Monterey,053,433212,47819,46964,2624,49588,571
2021-09-30,Napa,055,140530,12516,12433,93,12526,96
2021-09-30,Nevada,057,99092,8578,8474,297,8771,87
2021-09-30,Orange,059,3164182,299800,297307,14119,311426,5435
2021-09-30,Placer,061,380077,34901,34377,3292,37669,381
2021-09-30,Plumas,063,18699,1378,1298,25,1323,6
2021-09-30,Riverside,065,2383286,351940,347227,15837,363064,4895
2021-09-30,Sacramento,067,1510023,151034,149897,3941,153838,2099
2021-09-30,San Benito,069,59416,7086,7055,146,7201,69
2021-09-30,San Bernardino,071,2135413,343720,341212,10655,351867,5540
2021-09-30,San Diego,073,3302833,359013,356454,21123,377577,4078
2021-09-30,San Francisco,075,870044,51129,50393,2151,52544,634
2021-09-30,San Joaquin,077,732212,95688,94599,5056,99655,1646
2021-09-30,San Luis Obispo,079,281455,28351,27915,1134,29049,323
2021-09-30,San Mateo,081,765935,52613,51767,785,52552,573
2021-09-30,Santa Barbara,083,443738,42748,42423,1470,43893,508
2021-09-30,Santa Clara,085,1922200,142490,141231,1134,142365,1862
2021-09-30,Santa Cruz,087,273765,19672,19461,966,20427,214
2021-09-30,Shasta,089,179085,19323,18912,3189,22101,270
2021-09-30,Sierra,091,2930,140,131,14,145,0
2021-09-30,Siskiyou,093,43540,3173,3053,1136,4189,42
2021-09-30,Solano,095,438530,44596,43800,1158,44958,321
2021-09-30,Sonoma,097,501317,39793,39497,488,39985,382
2021-09-30,Stanislaus,099,539301,74057,73859,8267,82126,1099
2021-09-30,Sutter,101,95872,13248,13160,274,13434,160
2021-09-30,Tehama,103,63373,7640,7453,1265,8718,93
2021-09-30,Trinity,105,12862,784,625,196,821,10
2021-09-30,Tulare,107,460477,63746,62247,13139,75386,908
2021-09-30,Tuolumne,109,53932,6464,6369,78,6447,89
2021-09-30,Ventura,111,848112,95666,94854,4132,98986,1148
2021-09-30,Yolo,113,214977,18889,18640,867,19507,242
2021-09-30,Yuba,115,75493,9500,9370,220,9590,66
2021-09-29,Alameda,001,1643700,115611,114998,2586,117584,1339
2021-09-29,Alpine,003,1148,99,101,0,101,0
2021-09-29,Amador,005,37829,5183,5058,51,5109,61
2021-09-29,Butte,007,227075,19267,18835,3559,22394,242
2021-09-29,Calaveras,009,45235,3644,3553,42,3595,72
2021-09-29,Colusa,011,21464,2427,2401,555,2956,18
2021-09-29,Contra Costa,013,1133247,96162,95213,1978,97191,929
2021-09-29,Del Norte,015,27424,3548,3467,34,3501,39
2021-09-29,El Dorado,017,186661,15130,14834,1564,16398,136
2021-09-29,Fresno,019,978130,130359,128068,11658,139726,1957
2021-09-29,Glenn,021,27897,3288,3213,939,4152,26
2021-09-29,Humboldt,023,135768,8379,8203,426,8629,94
2021-09-29,Imperial,025,180216,31897,31600,2963,34563,757
2021-09-29,Inyo,027,18085,1788,1740,33,1773,39
2021-09-29,Kern,029,883053,119702,117605,18951,136556,1513
2021-09-29,Kings,031,150075,29861,29195,1693,30888,299
2021-09-29,Lake,033,64148,6281,6164,122,6286,97
2021-09-29,Lassen,035,31185,6454,6347,299,6646,25
2021-09-29,Los Angeles,037,10098052,1407345,1393617,51303,1444920,26098
2021-09-29,Madera,039,155013,21266,20818,1732,22550,266
2021-09-29,Marin,041,260295,17066,16921,403,17324,242
2021-09-29,Mariposa,043,17540,1008,963,33,996,5
2021-09-29,Mendocino,045,87422,7014,6821,380,7201,78
2021-09-29,Merced,047,269075,39438,39026,1539,40565,552
2021-09-29,Modoc,049,8938,477,468,168,636,5
2021-09-29,Mono,051,14174,1576,1527,20,1547,3
2021-09-29,Monterey,053,433212,47781,46917,2610,49527,571
2021-09-29,Napa,055,140530,12496,12416,90,12506,96
2021-09-29,Nevada,057,99092,8565,8434,297,8731,87
2021-09-29,Orange,059,3164182,299531,296936,14084,311020,5429
2021-09-29,Placer,061,380077,34837,34271,3270,37541,379
2021-09-29,Plumas,063,18699,1359,1289,25,1314,6
2021-09-29,Riverside,065,2383286,351505,346558,15824,362382,4886
2021-09-29,Sacramento,067,1510023,150783,149686,3931,153617,2099
2021-09-29,San Benito,069,59416,7075,7039,146,7185,69
2021-09-29,San Bernardino,071,2135413,343400,340672,10640,351312,5539
2021-09-29,San Diego,073,3302833,358526,355899,21093,376992,4066
2021-09-29,San Francisco,075,870044,51045,50286,2147,52433,629
2021-09-29,San Joaquin,077,732212,95530,94356,5034,99390,1645
2021-09-29,San Luis Obispo,079,281455,28305,27800,1128,28928,323
2021-09-29,San Mateo,081,765935,52553,51673,783,52456,573
2021-09-29,Santa Barbara,083,443738,42676,42328,1467,43795,507
2021-09-29,Santa Clara,085,1922200,142353,141036,1129,142165,1861
2021-09-29,Santa Cruz,087,273765,19654,19425,965,20390,214
2021-09-29,Shasta,089,179085,19257,18805,3178,21983,271
2021-09-29,Sierra,091,2930,136,130,14,144,0
2021-09-29,Siskiyou,093,43540,3160,3043,1129,4172,42
2021-09-29,Solano,095,438530,44540,43724,1151,44875,321
2021-09-29,Sonoma,097,501317,39732,39426,486,39912,370
2021-09-29,Stanislaus,099,539301,73926,73634,8256,81890,1096
2021-09-29,Sutter,101,95872,13221,13135,271,13406,155
2021-09-29,Tehama,103,63373,7610,7409,1250,8659,88
2021-09-29,Trinity,105,12862,780,616,196,812,10
2021-09-29,Tulare,107,460477,63571,62046,13080,75126,908
2021-09-29,Tuolumne,109,53932,6447,6336,78,6414,89
2021-09-29,Ventura,111,848112,95576,94753,4128,98881,1144
2021-09-29,Yolo,113,214977,18855,18587,863,19450,239
2021-09-29,Yuba,115,75493,9469,9351,216,9567,66
2021-09-28,Alameda,001,1643700,115453,114869,2580,117449,1333
2021-09-28,Alpine,003,1148,99,101,0,101,0
2021-09-28,Amador,005,37829,5161,5049,51,5100,61
2021-09-28,Butte,007,227075,19218,18764,3544,22308,241
2021-09-28,Calaveras,009,45235,3624,3530,42,3572,72
2021-09-28,Colusa,011,21464,2424,2399,553,2952,18
2021-09-28,Contra Costa,013,1133247,96021,95115,1973,97088,929
2021-09-28,Del Norte,015,27424,3545,3462,34,3496,39
2021-09-28,El Dorado,017,186661,15084,14793,1560,16353,133
2021-09-28,Fresno,019,978130,130014,127877,11624,139501,1948
2021-09-28,Glenn,021,27897,3283,3205,938,4143,26
2021-09-28,Humboldt,023,135768,8339,8159,423,8582,91
2021-09-28,Imperial,025,180216,31852,31543,2959,34502,757
2021-09-28,Inyo,027,18085,1774,1708,32,1740,39
2021-09-28,Kern,029,883053,119433,117420,18856,136276,1506
2021-09-28,Kings,031,150075,29759,29141,1685,30826,295
2021-09-28,Lake,033,64148,6266,6155,122,6277,95
2021-09-28,Lassen,035,31185,6448,6340,295,6635,25
2021-09-28,Los Angeles,037,10098052,1406056,1392445,51237,1443682,26068
2021-09-28,Madera,039,155013,21212,20764,1717,22481,266
2021-09-28,Marin,041,260295,17047,16887,401,17288,242
2021-09-28,Mariposa,043,17540,1003,952,33,985,5
2021-09-28,Mendocino,045,87422,6992,6804,378,7182,78
2021-09-28,Merced,047,269075,39352,38953,1526,40479,551
2021-09-28,Modoc,049,8938,476,467,168,635,5
2021-09-28,Mono,051,14174,1566,1527,20,1547,3
2021-09-28,Monterey,053,433212,47744,46859,2601,49460,571
2021-09-28,Napa,055,140530,12479,12388,89,12477,96
2021-09-28,Nevada,057,99092,8542,8409,296,8705,84
2021-09-28,Orange,059,3164182,299277,296596,14055,310651,5421
2021-09-28,Placer,061,380077,34772,34187,3252,37439,370
2021-09-28,Plumas,063,18699,1350,1276,25,1301,6
2021-09-28,Riverside,065,2383286,351045,346096,15803,361899,4874
2021-09-28,Sacramento,067,1510023,150492,149310,3909,153219,2086
2021-09-28,San Benito,069,59416,7058,7028,145,7173,69
2021-09-28,San Bernardino,071,2135413,343053,340342,10622,350964,5540
2021-09-28,San Diego,073,3302833,357979,355373,21061,376434,4054
2021-09-28,San Francisco,075,870044,50943,50234,2146,52380,627
2021-09-28,San Joaquin,077,732212,95378,94194,5021,99215,1639
2021-09-28,San Luis Obispo,079,281455,28271,27755,1123,28878,321
2021-09-28,San Mateo,081,765935,52508,51620,783,52403,571
2021-09-28,Santa Barbara,083,443738,42603,42226,1466,43692,506
2021-09-28,Santa Clara,085,1922200,142192,140886,1120,142006,1858
2021-09-28,Santa Cruz,087,273765,19613,19324,964,20288,214
2021-09-28,Shasta,089,179085,19196,18701,3164,21865,267
2021-09-28,Sierra,091,2930,135,130,13,143,0
2021-09-28,Siskiyou,093,43540,3148,3032,1126,4158,42
2021-09-28,Solano,095,438530,44467,43652,1148,44800,316
2021-09-28,Sonoma,097,501317,39685,39395,485,39880,370
2021-09-28,Stanislaus,099,539301,73755,73528,8244,81772,1094
2021-09-28,Sutter,101,95872,13202,13102,267,13369,155
2021-09-28,Tehama,103,63373,7592,7382,1235,8617,88
2021-09-28,Trinity,105,12862,777,613,196,809,10
2021-09-28,Tulare,107,460477,63410,61916,13022,74938,905
2021-09-28,Tuolumne,109,53932,6420,6308,78,6386,89
2021-09-28,Ventura,111,848112,95450,94632,4125,98757,1143
2021-09-28,Yolo,113,214977,18829,18564,859,19423,239
2021-09-28,Yuba,115,75493,9450,9323,215,9538,66
2021-09-27,Alameda,001,1643700,115259,114731,2571,117302,1327
2021-09-27,Alpine,003,1148,99,101,0,101,0
2021-09-27,Amador,005,37829,5147,5017,51,5068,59
2021-09-27,Butte,007,227075,19158,18687,3526,22213,239
2021-09-27,Calaveras,009,45235,3604,3514,41,3555,70
2021-09-27,Colusa,011,21464,2423,2393,552,2945,18
2021-09-27,Contra Costa,013,1133247,95889,94979,1964,96943,924
2021-09-27,Del Norte,015,27424,3543,3468,32,3500,37
2021-09-27,El Dorado,017,186661,15045,14764,1553,16317,132
2021-09-27,Fresno,019,978130,129694,127475,11591,139066,1942
2021-09-27,Glenn,021,27897,3270,3189,934,4123,26
2021-09-27,Humboldt,023,135768,8299,8118,423,8541,91
2021-09-27,Imperial,025,180216,31789,31491,2952,34443,756
2021-09-27,Inyo,027,18085,1762,1698,32,1730,39
2021-09-27,Kern,029,883053,119158,117064,18761,135825,1503
2021-09-27,Kings,031,150075,29661,28998,1673,30671,297
2021-09-27,Lake,033,64148,6246,6126,121,6247,95
2021-09-27,Lassen,035,31185,6433,6327,291,6618,25
2021-09-27,Los Angeles,037,10098052,1404719,1391538,51169,1442707,26040
2021-09-27,Madera,039,155013,21147,20691,1709,22400,262
2021-09-27,Marin,041,260295,17026,16861,400,17261,242
2021-09-27,Mariposa,043,17540,993,931,33,964,5
2021-09-27,Mendocino,045,87422,6966,6761,371,7132,74
2021-09-27,Merced,047,269075,39252,38840,1520,40360,548
2021-09-27,Modoc,049,8938,475,465,166,631,5
2021-09-27,Mono,051,14174,1554,1525,20,1545,3
2021-09-27,Monterey,053,433212,47701,46811,2590,49401,571
2021-09-27,Napa,055,140530,12455,12354,88,12442,95
2021-09-27,Nevada,057,99092,8518,8379,293,8672,84
2021-09-27,Orange,059,3164182,298970,296334,14025,310359,5409
2021-09-27,Placer,061,380077,34685,34087,3247,37334,370
2021-09-27,Plumas,063,18699,1340,1269,25,1294,6
2021-09-27,Riverside,065,2383286,350602,345529,15793,361322,4864
2021-09-27,Sacramento,067,1510023,150176,149096,3887,152983,2076
2021-09-27,San Benito,069,59416,7041,7017,145,7162,67
2021-09-27,San Bernardino,071,2135413,342638,339952,10598,350550,5544
2021-09-27,San Diego,073,3302833,357327,354755,21036,375791,4054
2021-09-27,San Francisco,075,870044,50859,50157,2143,52300,622
2021-09-27,San Joaquin,077,732212,95193,94085,5018,99103,1633
2021-09-27,San Luis Obispo,079,281455,28216,27674,1120,28794,320
2021-09-27,San Mateo,081,765935,52432,51552,783,52335,571
2021-09-27,Santa Barbara,083,443738,42536,42012,1462,43474,505
2021-09-27,Santa Clara,085,1922200,142011,140802,1110,141912,1853
2021-09-27,Santa Cruz,087,273765,19589,19292,963,20255,214
2021-09-27,Shasta,089,179085,19116,18599,3137,21736,267
2021-09-27,Sierra,091,2930,135,128,13,141,0
2021-09-27,Siskiyou,093,43540,3136,3015,1121,4136,42
2021-09-27,Solano,095,438530,44391,43582,1143,44725,314
2021-09-27,Sonoma,097,501317,39631,39347,485,39832,370
2021-09-27,Stanislaus,099,539301,73601,73370,8224,81594,1091
2021-09-27,Sutter,101,95872,13172,13082,264,13346,155
2021-09-27,Tehama,103,63373,7552,7345,1226,8571,88
2021-09-27,Trinity,105,12862,766,605,195,800,9
2021-09-27,Tulare,107,460477,63210,61708,12951,74659,904
2021-09-27,Tuolumne,109,53932,6398,6264,78,6342,89
2021-09-27,Ventura,111,848112,95325,94477,4121,98598,1138
2021-09-27,Yolo,113,214977,18794,18524,859,19383,239
2021-09-27,Yuba,115,75493,9413,9292,211,9503,64
2021-09-26,Alameda,001,1643700,115065,114601,2564,117165,1326
2021-09-26,Alpine,003,1148,99,101,0,101,0
2021-09-26,Amador,005,37829,5115,5001,50,5051,59
2021-09-26,Butte,007,227075,19083,18634,3506,22140,238
2021-09-26,Calaveras,009,45235,3582,3505,41,3546,70
2021-09-26,Colusa,011,21464,2418,2392,550,2942,18
2021-09-26,Contra Costa,013,1133247,95714,94877,1951,96828,924
2021-09-26,Del Norte,015,27424,3538,3466,31,3497,37
2021-09-26,El Dorado,017,186661,15003,14738,1545,16283,132
2021-09-26,Fresno,019,978130,129338,127235,11545,138780,1939
2021-09-26,Glenn,021,27897,3262,3182,930,4112,26
2021-09-26,Humboldt,023,135768,8262,8098,422,8520,91
2021-09-26,Imperial,025,180216,31729,31462,2951,34413,756
2021-09-26,Inyo,027,18085,1747,1685,32,1717,39
2021-09-26,Kern,029,883053,118819,116927,18651,135578,1502
2021-09-26,Kings,031,150075,29560,28930,1662,30592,293
2021-09-26,Lake,033,64148,6229,6113,121,6234,95
2021-09-26,Lassen,035,31185,6423,6319,286,6605,25
2021-09-26,Los Angeles,037,10098052,1403229,1390577,51102,1441679,26035
2021-09-26,Madera,039,155013,21072,20629,1690,22319,262
2021-09-26,Marin,041,260295,17003,16860,400,17260,242
2021-09-26,Mariposa,043,17540,987,929,33,962,5
2021-09-26,Mendocino,045,87422,6932,6744,356,7100,74
2021-09-26,Merced,047,269075,39091,38717,1512,40229,548
2021-09-26,Modoc,049,8938,475,465,165,630,5
2021-09-26,Mono,051,14174,1550,1516,20,1536,3
2021-09-26,Monterey,053,433212,47654,46792,2577,49369,571
2021-09-26,Napa,055,140530,12431,12340,87,12427,95
2021-09-26,Nevada,057,99092,8487,8356,288,8644,84
2021-09-26,Orange,059,3164182,298628,296085,13992,310077,5409
2021-09-26,Placer,061,380077,34591,34043,3238,37281,370
2021-09-26,Plumas,063,18699,1322,1268,25,1293,6
2021-09-26,Riverside,065,2383286,350070,345257,15779,361036,4864
2021-09-26,Sacramento,067,1510023,149770,148745,3868,152613,2071
2021-09-26,San Benito,069,59416,7024,7012,144,7156,67
2021-09-26,San Bernardino,071,2135413,342179,339771,10584,350355,5545
2021-09-26,San Diego,073,3302833,356705,354414,20995,375409,4051
2021-09-26,San Francisco,075,870044,50733,50092,2134,52226,622
2021-09-26,San Joaquin,077,732212,94989,93935,5004,98939,1633
2021-09-26,San Luis Obispo,079,281455,28143,27624,1115,28739,319
2021-09-26,San Mateo,081,765935,52363,51496,781,52277,571
2021-09-26,Santa Barbara,083,443738,42450,41946,1459,43405,505
2021-09-26,Santa Clara,085,1922200,141810,140667,1107,141774,1852
2021-09-26,Santa Cruz,087,273765,19564,19279,963,20242,214
2021-09-26,Shasta,089,179085,19007,18566,3114,21680,266
2021-09-26,Sierra,091,2930,135,128,13,141,0
2021-09-26,Siskiyou,093,43540,3122,2998,1111,4109,42
2021-09-26,Solano,095,438530,44324,43537,1142,44679,314
2021-09-26,Sonoma,097,501317,39572,39302,485,39787,370
2021-09-26,Stanislaus,099,539301,73401,73243,8196,81439,1091
2021-09-26,Sutter,101,95872,13135,13045,263,13308,155
2021-09-26,Tehama,103,63373,7495,7323,1215,8538,88
2021-09-26,Trinity,105,12862,763,591,195,786,9
2021-09-26,Tulare,107,460477,62989,61560,12874,74434,904
2021-09-26,Tuolumne,109,53932,6370,6236,76,6312,89
2021-09-26,Ventura,111,848112,95211,94391,4114,98505,1138
2021-09-26,Yolo,113,214977,18757,18496,852,19348,239
2021-09-26,Yuba,115,75493,9386,9275,211,9486,64
2021-09-25,Alameda,001,1643700,114986,114014,2561,116575,1324
2021-09-25,Alpine,003,1148,99,101,0,101,0
2021-09-25,Amador,005,37829,5101,4934,50,4984,59
2021-09-25,Butte,007,227075,19054,18396,3498,21894,236
2021-09-25,Calaveras,009,45235,3579,3461,41,3502,70
2021-09-25,Colusa,011,21464,2415,2387,548,2935,16
2021-09-25,Contra Costa,013,1133247,95643,94337,1947,96284,924
2021-09-25,Del Norte,015,27424,3537,3404,31,3435,35
2021-09-25,El Dorado,017,186661,14980,14641,1541,16182,130
2021-09-25,Fresno,019,978130,129193,126299,11529,137828,1927
2021-09-25,Glenn,021,27897,3257,3144,929,4073,25
2021-09-25,Humboldt,023,135768,8243,8014,420,8434,88
2021-09-25,Imperial,025,180216,31702,31280,2951,34231,755
2021-09-25,Inyo,027,18085,1739,1657,32,1689,39
2021-09-25,Kern,029,883053,118664,116021,18584,134605,1485
2021-09-25,Kings,031,150075,29509,28636,1659,30295,293
2021-09-25,Lake,033,64148,6223,6046,120,6166,92
2021-09-25,Lassen,035,31185,6411,6248,285,6533,25
2021-09-25,Los Angeles,037,10098052,1402520,1386417,51060,1437477,25964
2021-09-25,Madera,039,155013,21047,20432,1684,22116,262
2021-09-25,Marin,041,260295,16994,16802,398,17200,242
2021-09-25,Mariposa,043,17540,982,906,33,939,5
2021-09-25,Mendocino,045,87422,6913,6657,355,7012,74
2021-09-25,Merced,047,269075,39045,38393,1510,39903,546
2021-09-25,Modoc,049,8938,475,460,165,625,5
2021-09-25,Mono,051,14174,1547,1501,20,1521,3
2021-09-25,Monterey,053,433212,47624,46653,2575,49228,567
2021-09-25,Napa,055,140530,12411,12266,87,12353,95
2021-09-25,Nevada,057,99092,8470,8285,288,8573,84
2021-09-25,Orange,059,3164182,298455,294514,13975,308489,5374
2021-09-25,Placer,061,380077,34527,33764,3236,37000,367
2021-09-25,Plumas,063,18699,1318,1238,25,1263,6
2021-09-25,Riverside,065,2383286,349747,343463,15771,359234,4843
2021-09-25,Sacramento,067,1510023,149595,147728,3860,151588,2049
2021-09-25,San Benito,069,59416,7019,6965,144,7109,67
2021-09-25,San Bernardino,071,2135413,341941,338413,10571,348984,5540
2021-09-25,San Diego,073,3302833,356360,352017,20969,372986,4039
2021-09-25,San Francisco,075,870044,50689,49840,2133,51973,615
2021-09-25,San Joaquin,077,732212,94903,93273,5002,98275,1628
2021-09-25,San Luis Obispo,079,281455,28105,27447,1111,28558,318
2021-09-25,San Mateo,081,765935,52299,51266,779,52045,568
2021-09-25,Santa Barbara,083,443738,42392,41728,1459,43187,505
2021-09-25,Santa Clara,085,1922200,141703,140023,1105,141128,1844
2021-09-25,Santa Cruz,087,273765,19548,19200,961,20161,214
2021-09-25,Shasta,089,179085,18956,18256,3105,21361,262
2021-09-25,Sierra,091,2930,134,127,13,140,0
2021-09-25,Siskiyou,093,43540,3115,2956,1101,4057,41
2021-09-25,Solano,095,438530,44283,43331,1139,44470,312
2021-09-25,Sonoma,097,501317,39532,39112,485,39597,369
2021-09-25,Stanislaus,099,539301,73291,72628,8182,80810,1091
2021-09-25,Sutter,101,95872,13117,12976,260,13236,154
2021-09-25,Tehama,103,63373,7479,7200,1213,8413,86
2021-09-25,Trinity,105,12862,763,576,195,771,9
2021-09-25,Tulare,107,460477,62907,60909,12831,73740,898
2021-09-25,Tuolumne,109,53932,6358,6168,76,6244,89
2021-09-25,Ventura,111,848112,95144,94059,4110,98169,1129
2021-09-25,Yolo,113,214977,18735,18393,851,19244,239
2021-09-25,Yuba,115,75493,9366,9191,211,9402,61
2021-09-24,Alameda,001,1643700,114881,114014,2557,116571,1324
2021-09-24,Alpine,003,1148,99,101,0,101,0
2021-09-24,Amador,005,37829,5071,4934,50,4984,59
2021-09-24,Butte,007,227075,19001,18396,3487,21883,236
2021-09-24,Calaveras,009,45235,3572,3461,40,3501,70
2021-09-24,Colusa,011,21464,2412,2387,547,2934,16
2021-09-24,Contra Costa,013,1133247,95533,94337,1943,96280,924
2021-09-24,Del Norte,015,27424,3534,3404,31,3435,35
2021-09-24,El Dorado,017,186661,14962,14641,1539,16180,130
2021-09-24,Fresno,019,978130,128995,126299,11517,137816,1927
2021-09-24,Glenn,021,27897,3249,3144,929,4073,25
2021-09-24,Humboldt,023,135768,8224,8014,417,8431,88
2021-09-24,Imperial,025,180216,31664,31280,2949,34229,755
2021-09-24,Inyo,027,18085,1730,1657,32,1689,39
2021-09-24,Kern,029,883053,118528,116021,18518,134539,1485
2021-09-24,Kings,031,150075,29468,28636,1655,30291,293
2021-09-24,Lake,033,64148,6215,6046,120,6166,92
2021-09-24,Lassen,035,31185,6403,6248,284,6532,25
2021-09-24,Los Angeles,037,10098052,1401633,1386417,51019,1437436,25964
2021-09-24,Madera,039,155013,21016,20432,1675,22107,262
2021-09-24,Marin,041,260295,16980,16802,397,17199,242
2021-09-24,Mariposa,043,17540,970,906,33,939,5
2021-09-24,Mendocino,045,87422,6900,6657,355,7012,74
2021-09-24,Merced,047,269075,39001,38393,1510,39903,546
2021-09-24,Modoc,049,8938,475,460,164,624,5
2021-09-24,Mono,051,14174,1542,1501,20,1521,3
2021-09-24,Monterey,053,433212,47603,46653,2567,49220,567
2021-09-24,Napa,055,140530,12391,12266,87,12353,95
2021-09-24,Nevada,057,99092,8456,8285,285,8570,84
2021-09-24,Orange,059,3164182,298248,294514,13957,308471,5374
2021-09-24,Placer,061,380077,34472,33764,3224,36988,367
2021-09-24,Plumas,063,18699,1314,1238,25,1263,6
2021-09-24,Riverside,065,2383286,349413,343463,15764,359227,4843
2021-09-24,Sacramento,067,1510023,149409,147728,3856,151584,2049
2021-09-24,San Benito,069,59416,7013,6965,144,7109,67
2021-09-24,San Bernardino,071,2135413,341672,338413,10561,348974,5540
2021-09-24,San Diego,073,3302833,356009,352017,20954,372971,4039
2021-09-24,San Francisco,075,870044,50625,49840,2126,51966,615
2021-09-24,San Joaquin,077,732212,94790,93273,5000,98273,1628
2021-09-24,San Luis Obispo,079,281455,28073,27447,1107,28554,318
2021-09-24,San Mateo,081,765935,52239,51266,778,52044,568
2021-09-24,Santa Barbara,083,443738,42352,41728,1458,43186,505
2021-09-24,Santa Clara,085,1922200,141590,140023,1104,141127,1844
2021-09-24,Santa Cruz,087,273765,19525,19200,960,20160,214
2021-09-24,Shasta,089,179085,18902,18256,3091,21347,262
2021-09-24,Sierra,091,2930,133,127,13,140,0
2021-09-24,Siskiyou,093,43540,3106,2956,1095,4051,41
2021-09-24,Solano,095,438530,44245,43331,1137,44468,312
2021-09-24,Sonoma,097,501317,39499,39112,485,39597,369
2021-09-24,Stanislaus,099,539301,73175,72628,8167,80795,1091
2021-09-24,Sutter,101,95872,13098,12976,259,13235,154
2021-09-24,Tehama,103,63373,7466,7200,1208,8408,86
2021-09-24,Trinity,105,12862,760,576,195,771,9
2021-09-24,Tulare,107,460477,62818,60909,12789,73698,898
2021-09-24,Tuolumne,109,53932,6329,6168,76,6244,89
2021-09-24,Ventura,111,848112,95066,94059,4103,98162,1129
2021-09-24,Yolo,113,214977,18704,18393,847,19240,239
2021-09-24,Yuba,115,75493,9347,9191,211,9402,61
2021-09-23,Alameda,001,1643700,114724,114014,2551,116565,1324
2021-09-23,Alpine,003,1148,99,101,0,101,0
2021-09-23,Amador,005,37829,5058,4934,50,4984,59
2021-09-23,Butte,007,227075,18939,18396,3459,21855,236
2021-09-23,Calaveras,009,45235,3551,3461,40,3501,70
2021-09-23,Colusa,011,21464,2410,2387,544,2931,16
2021-09-23,Contra Costa,013,1133247,95392,94337,1936,96273,924
2021-09-23,Del Norte,015,27424,3525,3404,30,3434,35
2021-09-23,El Dorado,017,186661,14936,14641,1533,16174,130
2021-09-23,Fresno,019,978130,128698,126299,11498,137797,1927
2021-09-23,Glenn,021,27897,3235,3144,926,4070,25
2021-09-23,Humboldt,023,135768,8201,8014,415,8429,88
2021-09-23,Imperial,025,180216,31628,31280,2949,34229,755
2021-09-23,Inyo,027,18085,1716,1657,32,1689,39
2021-09-23,Kern,029,883053,118270,116021,18438,134459,1485
2021-09-23,Kings,031,150075,29364,28636,1646,30282,293
2021-09-23,Lake,033,64148,6205,6046,120,6166,92
2021-09-23,Lassen,035,31185,6394,6248,279,6527,25
2021-09-23,Los Angeles,037,10098052,1400436,1386417,50955,1437372,25964
2021-09-23,Madera,039,155013,20932,20432,1671,22103,262
2021-09-23,Marin,041,260295,16965,16802,394,17196,242
2021-09-23,Mariposa,043,17540,957,906,33,939,5
2021-09-23,Mendocino,045,87422,6877,6657,350,7007,74
2021-09-23,Merced,047,269075,38896,38393,1503,39896,546
2021-09-23,Modoc,049,8938,474,460,164,624,5
2021-09-23,Mono,051,14174,1539,1501,20,1521,3
2021-09-23,Monterey,053,433212,47554,46653,2556,49209,567
2021-09-23,Napa,055,140530,12374,12266,87,12353,95
2021-09-23,Nevada,057,99092,8429,8285,285,8570,84
2021-09-23,Orange,059,3164182,297951,294514,13933,308447,5374
2021-09-23,Placer,061,380077,34396,33764,3218,36982,367
2021-09-23,Plumas,063,18699,1297,1238,24,1262,6
2021-09-23,Riverside,065,2383286,348960,343463,15757,359220,4843
2021-09-23,Sacramento,067,1510023,149086,147728,3837,151565,2049
2021-09-23,San Benito,069,59416,7002,6965,144,7109,67
2021-09-23,San Bernardino,071,2135413,341306,338413,10545,348958,5540
2021-09-23,San Diego,073,3302833,355553,352017,20915,372932,4039
2021-09-23,San Francisco,075,870044,50552,49840,2124,51964,615
2021-09-23,San Joaquin,077,732212,94617,93273,4985,98258,1628
2021-09-23,San Luis Obispo,079,281455,28030,27447,1105,28552,318
2021-09-23,San Mateo,081,765935,52164,51266,777,52043,568
2021-09-23,Santa Barbara,083,443738,42274,41728,1455,43183,505
2021-09-23,Santa Clara,085,1922200,141438,140023,1097,141120,1844
2021-09-23,Santa Cruz,087,273765,19494,19200,960,20160,214
2021-09-23,Shasta,089,179085,18822,18256,3074,21330,262
2021-09-23,Sierra,091,2930,133,127,13,140,0
2021-09-23,Siskiyou,093,43540,3102,2956,1084,4040,41
2021-09-23,Solano,095,438530,44177,43331,1134,44465,312
2021-09-23,Sonoma,097,501317,39440,39112,482,39594,369
2021-09-23,Stanislaus,099,539301,73018,72628,8135,80763,1091
2021-09-23,Sutter,101,95872,13069,12976,259,13235,154
2021-09-23,Tehama,103,63373,7425,7200,1203,8403,86
2021-09-23,Trinity,105,12862,746,576,194,770,9
2021-09-23,Tulare,107,460477,62641,60909,12735,73644,898
2021-09-23,Tuolumne,109,53932,6304,6168,75,6243,89
2021-09-23,Ventura,111,848112,94962,94059,4096,98155,1129
2021-09-23,Yolo,113,214977,18673,18393,843,19236,239
2021-09-23,Yuba,115,75493,9318,9191,210,9401,61
2021-09-22,Alameda,001,1643700,114569,113862,2547,116409,1322
2021-09-22,Alpine,003,1148,99,100,0,100,0
2021-09-22,Amador,005,37829,5042,4915,50,4965,59
2021-09-22,Butte,007,227075,18879,18337,3441,21778,235
2021-09-22,Calaveras,009,45235,3535,3448,40,3488,70
2021-09-22,Colusa,011,21464,2405,2384,543,2927,16
2021-09-22,Contra Costa,013,1133247,95205,94209,1927,96136,924
2021-09-22,Del Norte,015,27424,3514,3386,29,3415,35
2021-09-22,El Dorado,017,186661,14900,14605,1527,16132,127
2021-09-22,Fresno,019,978130,128442,126006,11483,137489,1908
2021-09-22,Glenn,021,27897,3228,3138,925,4063,25
2021-09-22,Humboldt,023,135768,8179,7998,407,8405,80
2021-09-22,Imperial,025,180216,31576,31243,2942,34185,755
2021-09-22,Inyo,027,18085,1706,1651,32,1683,39
2021-09-22,Kern,029,883053,118028,115757,18316,134073,1477
2021-09-22,Kings,031,150075,29279,28589,1640,30229,292
2021-09-22,Lake,033,64148,6193,6035,120,6155,93
2021-09-22,Lassen,035,31185,6374,6209,275,6484,25
2021-09-22,Los Angeles,037,10098052,1399113,1384719,50900,1435619,25930
2021-09-22,Madera,039,155013,20875,20382,1661,22043,262
2021-09-22,Marin,041,260295,16954,16782,391,17173,242
2021-09-22,Mariposa,043,17540,951,901,33,934,5
2021-09-22,Mendocino,045,87422,6851,6624,344,6968,70
2021-09-22,Merced,047,269075,38765,38305,1501,39806,541
2021-09-22,Modoc,049,8938,471,458,164,622,5
2021-09-22,Mono,051,14174,1530,1496,19,1515,3
2021-09-22,Monterey,053,433212,47503,46615,2549,49164,566
2021-09-22,Napa,055,140530,12352,12248,86,12334,95
2021-09-22,Nevada,057,99092,8406,8273,282,8555,84
2021-09-22,Orange,059,3164182,297675,294214,13916,308130,5366
2021-09-22,Placer,061,380077,34308,33661,3205,36866,367
2021-09-22,Plumas,063,18699,1284,1230,24,1254,6
2021-09-22,Riverside,065,2383286,348425,342946,15732,358678,4830
2021-09-22,Sacramento,067,1510023,148781,147533,3808,151341,2043
2021-09-22,San Benito,069,59416,6991,6961,142,7103,67
2021-09-22,San Bernardino,071,2135413,340912,337938,10536,348474,5528
2021-09-22,San Diego,073,3302833,355102,351132,20891,372023,4027
2021-09-22,San Francisco,075,870044,50467,49734,2119,51853,610
2021-09-22,San Joaquin,077,732212,94385,93010,4961,97971,1626
2021-09-22,San Luis Obispo,079,281455,27980,27398,1101,28499,315
2021-09-22,San Mateo,081,765935,52091,51197,773,51970,568
2021-09-22,Santa Barbara,083,443738,42211,41678,1454,43132,504
2021-09-22,Santa Clara,085,1922200,141273,139803,1090,140893,1844
2021-09-22,Santa Cruz,087,273765,19456,19177,959,20136,214
2021-09-22,Shasta,089,179085,18732,18153,3063,21216,260
2021-09-22,Sierra,091,2930,133,127,13,140,0
2021-09-22,Siskiyou,093,43540,3085,2947,1074,4021,41
2021-09-22,Solano,095,438530,44111,43269,1134,44403,312
2021-09-22,Sonoma,097,501317,39387,39063,481,39544,369
2021-09-22,Stanislaus,099,539301,72853,72355,8116,80471,1091
2021-09-22,Sutter,101,95872,13049,12960,256,13216,153
2021-09-22,Tehama,103,63373,7398,7173,1200,8373,86
2021-09-22,Trinity,105,12862,745,572,194,766,9
2021-09-22,Tulare,107,460477,62430,60776,12666,73442,896
2021-09-22,Tuolumne,109,53932,6283,6155,74,6229,89
2021-09-22,Ventura,111,848112,94856,93978,4091,98069,1122
2021-09-22,Yolo,113,214977,18634,18342,836,19178,239
2021-09-22,Yuba,115,75493,9289,9169,205,9374,61
2021-09-21,Alameda,001,1643700,114416,113765,2547,116312,1321
2021-09-21,Alpine,003,1148,99,100,0,100,0
2021-09-21,Amador,005,37829,5020,4897,50,4947,59
2021-09-21,Butte,007,227075,18783,18229,3397,21626,232
2021-09-21,Calaveras,009,45235,3518,3437,40,3477,70
2021-09-21,Colusa,011,21464,2402,2378,542,2920,16
2021-09-21,Contra Costa,013,1133247,95011,94101,1913,96014,924
2021-09-21,Del Norte,015,27424,3502,3378,29,3407,34
2021-09-21,El Dorado,017,186661,14870,14578,1520,16098,127
2021-09-21,Fresno,019,978130,128090,125789,11456,137245,1892
2021-09-21,Glenn,021,27897,3221,3134,921,4055,25
2021-09-21,Humboldt,023,135768,8147,7955,402,8357,80
2021-09-21,Imperial,025,180216,31520,31185,2940,34125,755
2021-09-21,Inyo,027,18085,1696,1646,32,1678,39
2021-09-21,Kern,029,883053,117735,115534,18203,133737,1467
2021-09-21,Kings,031,150075,29191,28545,1632,30177,291
2021-09-21,Lake,033,64148,6170,6013,120,6133,90
2021-09-21,Lassen,035,31185,6356,6159,271,6430,25
2021-09-21,Los Angeles,037,10098052,1397658,1383277,50846,1434123,25893
2021-09-21,Madera,039,155013,20815,20317,1651,21968,262
2021-09-21,Marin,041,260295,16939,16748,390,17138,242
2021-09-21,Mariposa,043,17540,946,894,32,926,5
2021-09-21,Mendocino,045,87422,6813,6580,333,6913,68
2021-09-21,Merced,047,269075,38639,38225,1497,39722,539
2021-09-21,Modoc,049,8938,468,458,164,622,5
2021-09-21,Mono,051,14174,1528,1495,18,1513,3
2021-09-21,Monterey,053,433212,47435,46583,2537,49120,565
2021-09-21,Napa,055,140530,12331,12238,86,12324,95
2021-09-21,Nevada,057,99092,8379,8259,274,8533,84
2021-09-21,Orange,059,3164182,297343,293898,13886,307784,5357
2021-09-21,Placer,061,380077,34207,33609,3194,36803,365
2021-09-21,Plumas,063,18699,1277,1225,24,1249,5
2021-09-21,Riverside,065,2383286,347866,342460,15708,358168,4817
2021-09-21,Sacramento,067,1510023,148400,147378,3780,151158,2027
2021-09-21,San Benito,069,59416,6980,6950,141,7091,67
2021-09-21,San Bernardino,071,2135413,340472,337387,10519,347906,5520
2021-09-21,San Diego,073,3302833,354496,350265,20865,371130,4021
2021-09-21,San Francisco,075,870044,50369,49653,2115,51768,609
2021-09-21,San Joaquin,077,732212,94151,92762,4950,97712,1621
2021-09-21,San Luis Obispo,079,281455,27920,27318,1098,28416,314
2021-09-21,San Mateo,081,765935,52022,51136,773,51909,568
2021-09-21,Santa Barbara,083,443738,42142,41644,1450,43094,503
2021-09-21,Santa Clara,085,1922200,141056,139657,1086,140743,1843
2021-09-21,Santa Cruz,087,273765,19426,19140,958,20098,212
2021-09-21,Shasta,089,179085,18604,18027,3039,21066,258
2021-09-21,Sierra,091,2930,133,127,13,140,0
2021-09-21,Siskiyou,093,43540,3071,2927,1060,3987,36
2021-09-21,Solano,095,438530,44035,43220,1134,44354,311
2021-09-21,Sonoma,097,501317,39334,39042,481,39523,369
2021-09-21,Stanislaus,099,539301,72669,72211,8096,80307,1091
2021-09-21,Sutter,101,95872,13026,12930,253,13183,153
2021-09-21,Tehama,103,63373,7352,7151,1196,8347,85
2021-09-21,Trinity,105,12862,734,572,192,764,9
2021-09-21,Tulare,107,460477,62215,60607,12605,73212,896
2021-09-21,Tuolumne,109,53932,6250,6139,74,6213,89
2021-09-21,Ventura,111,848112,94751,93818,4083,97901,1120
2021-09-21,Yolo,113,214977,18598,18313,833,19146,239
2021-09-21,Yuba,115,75493,9261,9135,205,9340,61
2021-09-20,Alameda,001,1643700,114235,113637,2543,116180,1320
2021-09-20,Alpine,003,1148,99,100,0,100,0
2021-09-20,Amador,005,37829,5002,4883,49,4932,59
2021-09-20,Butte,007,227075,18701,18135,3382,21517,231
2021-09-20,Calaveras,009,45235,3496,3395,39,3434,66
2021-09-20,Colusa,011,21464,2400,2376,539,2915,16
2021-09-20,Contra Costa,013,1133247,94862,93919,1907,95826,924
2021-09-20,Del Norte,015,27424,3494,3374,28,3402,34
2021-09-20,El Dorado,017,186661,14837,14545,1508,16053,127
2021-09-20,Fresno,019,978130,127676,125287,11430,136717,1889
2021-09-20,Glenn,021,27897,3210,3112,918,4030,25
2021-09-20,Humboldt,023,135768,8112,7938,397,8335,80
2021-09-20,Imperial,025,180216,31437,31146,2939,34085,755
2021-09-20,Inyo,027,18085,1688,1641,31,1672,39
2021-09-20,Kern,029,883053,117396,115271,18072,133343,1459
2021-09-20,Kings,031,150075,29104,28471,1626,30097,285
2021-09-20,Lake,033,64148,6155,5984,119,6103,87
2021-09-20,Lassen,035,31185,6326,6132,271,6403,25
2021-09-20,Los Angeles,037,10098052,1396135,1382206,50766,1432972,25858
2021-09-20,Madera,039,155013,20762,20203,1644,21847,257
2021-09-20,Marin,041,260295,16914,16732,388,17120,242
2021-09-20,Mariposa,043,17540,935,887,32,919,5
2021-09-20,Mendocino,045,87422,6779,6568,328,6896,67
2021-09-20,Merced,047,269075,38528,38144,1486,39630,536
2021-09-20,Modoc,049,8938,467,457,162,619,5
2021-09-20,Mono,051,14174,1522,1480,18,1498,3
2021-09-20,Monterey,053,433212,47393,46506,2519,49025,565
2021-09-20,Napa,055,140530,12306,12209,85,12294,95
2021-09-20,Nevada,057,99092,8359,8228,272,8500,84
2021-09-20,Orange,059,3164182,297000,293642,13859,307501,5354
2021-09-20,Placer,061,380077,34117,33531,3179,36710,364
2021-09-20,Plumas,063,18699,1272,1211,24,1235,5
2021-09-20,Riverside,065,2383286,347366,341961,15695,357656,4802
2021-09-20,Sacramento,067,1510023,148027,147016,3746,150762,2016
2021-09-20,San Benito,069,59416,6971,6947,140,7087,67
2021-09-20,San Bernardino,071,2135413,340069,337059,10503,347562,5507
2021-09-20,San Diego,073,3302833,353824,349579,20828,370407,4009
2021-09-20,San Francisco,075,870044,50263,49559,2114,51673,605
2021-09-20,San Joaquin,077,732212,93908,92614,4937,97551,1615
2021-09-20,San Luis Obispo,079,281455,27844,27259,1090,28349,313
2021-09-20,San Mateo,081,765935,51935,51100,770,51870,567
2021-09-20,Santa Barbara,083,443738,42043,41589,1446,43035,500
2021-09-20,Santa Clara,085,1922200,140856,139578,1084,140662,1841
2021-09-20,Santa Cruz,087,273765,19394,19121,958,20079,211
2021-09-20,Shasta,089,179085,18505,17893,3009,20902,258
2021-09-20,Sierra,091,2930,131,126,13,139,0
2021-09-20,Siskiyou,093,43540,3049,2902,1047,3949,35
2021-09-20,Solano,095,438530,43967,43152,1126,44278,312
2021-09-20,Sonoma,097,501317,39288,38991,481,39472,369
2021-09-20,Stanislaus,099,539301,72470,72031,8077,80108,1091
2021-09-20,Sutter,101,95872,12990,12896,248,13144,153
2021-09-20,Tehama,103,63373,7320,7121,1184,8305,84
2021-09-20,Trinity,105,12862,728,568,191,759,7
2021-09-20,Tulare,107,460477,62013,60302,12552,72854,896
2021-09-20,Tuolumne,109,53932,6224,6113,74,6187,89
2021-09-20,Ventura,111,848112,94638,93700,4077,97777,1120
2021-09-20,Yolo,113,214977,18552,18287,831,19118,239
2021-09-20,Yuba,115,75493,9226,9107,203,9310,61
2021-09-19,Alameda,001,1643700,114022,113446,2538,115984,1320
2021-09-19,Alpine,003,1148,99,100,0,100,0
2021-09-19,Amador,005,37829,4962,4875,48,4923,59
2021-09-19,Butte,007,227075,18608,18063,3354,21417,230
2021-09-19,Calaveras,009,45235,3472,3390,36,3426,66
2021-09-19,Colusa,011,21464,2398,2375,537,2912,16
2021-09-19,Contra Costa,013,1133247,94677,93788,1897,95685,924
2021-09-19,Del Norte,015,27424,3468,3344,27,3371,34
2021-09-19,El Dorado,017,186661,14784,14512,1502,16014,127
2021-09-19,Fresno,019,978130,127271,124985,11385,136370,1888
2021-09-19,Glenn,021,27897,3201,3102,915,4017,25
2021-09-19,Humboldt,023,135768,8066,7914,395,8309,80
2021-09-19,Imperial,025,180216,31368,31122,2936,34058,755
2021-09-19,Inyo,027,18085,1679,1639,31,1670,39
2021-09-19,Kern,029,883053,117084,115074,17966,133040,1459
2021-09-19,Kings,031,150075,28977,28416,1617,30033,284
2021-09-19,Lake,033,64148,6124,5962,119,6081,87
2021-09-19,Lassen,035,31185,6306,6129,265,6394,25
2021-09-19,Los Angeles,037,10098052,1394154,1381200,50672,1431872,25852
2021-09-19,Madera,039,155013,20684,20161,1634,21795,257
2021-09-19,Marin,041,260295,16885,16711,386,17097,242
2021-09-19,Mariposa,043,17540,927,881,32,913,5
2021-09-19,Mendocino,045,87422,6734,6538,322,6860,67
2021-09-19,Merced,047,269075,38371,38068,1477,39545,535
2021-09-19,Modoc,049,8938,464,457,160,617,5
2021-09-19,Mono,051,14174,1517,1480,18,1498,3
2021-09-19,Monterey,053,433212,47338,46486,2516,49002,565
2021-09-19,Napa,055,140530,12285,12190,83,12273,95
2021-09-19,Nevada,057,99092,8331,8203,270,8473,84
2021-09-19,Orange,059,3164182,296631,293258,13837,307095,5354
2021-09-19,Placer,061,380077,34004,33406,3161,36567,364
2021-09-19,Plumas,063,18699,1264,1211,24,1235,5
2021-09-19,Riverside,065,2383286,346773,341566,15686,357252,4804
2021-09-19,Sacramento,067,1510023,147664,146603,3701,150304,2012
2021-09-19,San Benito,069,59416,6952,6942,140,7082,67
2021-09-19,San Bernardino,071,2135413,339573,336688,10491,347179,5506
2021-09-19,San Diego,073,3302833,353120,349225,20791,370016,4006
2021-09-19,San Francisco,075,870044,50155,49458,2105,51563,605
2021-09-19,San Joaquin,077,732212,93612,92467,4926,97393,1615
2021-09-19,San Luis Obispo,079,281455,27743,27208,1081,28289,313
2021-09-19,San Mateo,081,765935,51837,51028,769,51797,567
2021-09-19,Santa Barbara,083,443738,41937,41512,1446,42958,500
2021-09-19,Santa Clara,085,1922200,140669,139410,1079,140489,1841
2021-09-19,Santa Cruz,087,273765,19355,19096,958,20054,211
2021-09-19,Shasta,089,179085,18391,17813,2974,20787,258
2021-09-19,Sierra,091,2930,130,126,13,139,0
2021-09-19,Siskiyou,093,43540,3023,2882,1038,3920,35
2021-09-19,Solano,095,438530,43878,43056,1121,44177,312
2021-09-19,Sonoma,097,501317,39217,38956,477,39433,369
2021-09-19,Stanislaus,099,539301,72225,71830,8052,79882,1091
2021-09-19,Sutter,101,95872,12963,12868,241,13109,153
2021-09-19,Tehama,103,63373,7266,7081,1175,8256,84
2021-09-19,Trinity,105,12862,717,562,189,751,7
2021-09-19,Tulare,107,460477,61752,60160,12459,72619,896
2021-09-19,Tuolumne,109,53932,6183,6097,74,6171,89
2021-09-19,Ventura,111,848112,94476,93491,4068,97559,1120
2021-09-19,Yolo,113,214977,18503,18238,826,19064,239
2021-09-19,Yuba,115,75493,9200,9087,202,9289,61
2021-09-18,Alameda,001,1643700,113922,113300,2537,115837,1320
2021-09-18,Alpine,003,1148,99,100,0,100,0
2021-09-18,Amador,005,37829,4952,4850,48,4898,59
2021-09-18,Butte,007,227075,18569,17961,3338,21299,230
2021-09-18,Calaveras,009,45235,3467,3361,35,3396,66
2021-09-18,Colusa,011,21464,2398,2373,536,2909,16
2021-09-18,Contra Costa,013,1133247,94587,93656,1893,95549,924
2021-09-18,Del Norte,015,27424,3460,3326,25,3351,34
2021-09-18,El Dorado,017,186661,14761,14472,1499,15971,127
2021-09-18,Fresno,019,978130,127129,124771,11367,136138,1889
2021-09-18,Glenn,021,27897,3192,3086,912,3998,25
2021-09-18,Humboldt,023,135768,8052,7881,394,8275,80
2021-09-18,Imperial,025,180216,31344,31096,2935,34031,755
2021-09-18,Inyo,027,18085,1673,1636,31,1667,39
2021-09-18,Kern,029,883053,116929,114781,17902,132683,1459
2021-09-18,Kings,031,150075,28929,28330,1612,29942,285
2021-09-18,Lake,033,64148,6107,5936,119,6055,87
2021-09-18,Lassen,035,31185,6296,6121,263,6384,25
2021-09-18,Los Angeles,037,10098052,1393391,1379880,50622,1430502,25849
2021-09-18,Madera,039,155013,20640,20126,1624,21750,257
2021-09-18,Marin,041,260295,16868,16685,385,17070,242
2021-09-18,Mariposa,043,17540,924,871,32,903,5
2021-09-18,Mendocino,045,87422,6713,6523,322,6845,67
2021-09-18,Merced,047,269075,38335,37977,1471,39448,535
2021-09-18,Modoc,049,8938,464,457,159,616,5
2021-09-18,Mono,051,14174,1514,1480,18,1498,3
2021-09-18,Monterey,053,433212,47300,46466,2513,48979,565
2021-09-18,Napa,055,140530,12273,12168,83,12251,95
2021-09-18,Nevada,057,99092,8314,8183,270,8453,84
2021-09-18,Orange,059,3164182,296437,293005,13823,306828,5354
2021-09-18,Placer,061,380077,33932,33309,3158,36467,364
2021-09-18,Plumas,063,18699,1263,1204,24,1228,5
2021-09-18,Riverside,065,2383286,346388,341136,15672,356808,4802
2021-09-18,Sacramento,067,1510023,147481,146162,3692,149854,2016
2021-09-18,San Benito,069,59416,6948,6937,140,7077,67
2021-09-18,San Bernardino,071,2135413,339299,336380,10478,346858,5501
2021-09-18,San Diego,073,3302833,352729,348848,20778,369626,4006
2021-09-18,San Francisco,075,870044,50092,49359,2100,51459,605
2021-09-18,San Joaquin,077,732212,93502,92242,4914,97156,1615
2021-09-18,San Luis Obispo,079,281455,27706,27181,1078,28259,313
2021-09-18,San Mateo,081,765935,51787,50961,767,51728,567
2021-09-18,Santa Barbara,083,443738,41872,41465,1446,42911,500
2021-09-18,Santa Clara,085,1922200,140549,139233,1076,140309,1841
2021-09-18,Santa Cruz,087,273765,19335,19079,958,20037,211
2021-09-18,Shasta,089,179085,18328,17777,2958,20735,258
2021-09-18,Sierra,091,2930,129,125,13,138,0
2021-09-18,Siskiyou,093,43540,3020,2875,1032,3907,35
2021-09-18,Solano,095,438530,43838,42966,1118,44084,312
2021-09-18,Sonoma,097,501317,39182,38891,475,39366,369
2021-09-18,Stanislaus,099,539301,72080,71587,8030,79617,1091
2021-09-18,Sutter,101,95872,12949,12829,241,13070,153
2021-09-18,Tehama,103,63373,7252,7055,1168,8223,84
2021-09-18,Trinity,105,12862,715,561,189,750,7
2021-09-18,Tulare,107,460477,61676,60003,12409,72412,896
2021-09-18,Tuolumne,109,53932,6168,6069,74,6143,89
2021-09-18,Ventura,111,848112,94408,93424,4063,97487,1120
2021-09-18,Yolo,113,214977,18475,18213,822,19035,239
2021-09-18,Yuba,115,75493,9186,9061,201,9262,61
2021-09-17,Alameda,001,1643700,113796,113070,2535,115605,1320
2021-09-17,Alpine,003,1148,99,99,0,99,0
2021-09-17,Amador,005,37829,4936,4835,47,4882,58
2021-09-17,Butte,007,227075,18517,17870,3327,21197,230
2021-09-17,Calaveras,009,45235,3455,3338,34,3372,66
2021-09-17,Colusa,011,21464,2397,2369,531,2900,16
2021-09-17,Contra Costa,013,1133247,94484,93485,1890,95375,924
2021-09-17,Del Norte,015,27424,3455,3311,23,3334,34
2021-09-17,El Dorado,017,186661,14742,14421,1497,15918,127
2021-09-17,Fresno,019,978130,126910,124296,11351,135647,1882
2021-09-17,Glenn,021,27897,3175,3072,908,3980,25
2021-09-17,Humboldt,023,135768,8031,7850,394,8244,80
2021-09-17,Imperial,025,180216,31318,31031,2934,33965,755
2021-09-17,Inyo,027,18085,1665,1634,31,1665,39
2021-09-17,Kern,029,883053,116738,114303,17805,132108,1456
2021-09-17,Kings,031,150075,28864,28240,1610,29850,281
2021-09-17,Lake,033,64148,6094,5915,119,6034,87
2021-09-17,Lassen,035,31185,6281,6080,261,6341,25
2021-09-17,Los Angeles,037,10098052,1392412,1377905,50556,1428461,25820
2021-09-17,Madera,039,155013,20589,20040,1612,21652,257
2021-09-17,Marin,041,260295,16855,16658,383,17041,242
2021-09-17,Mariposa,043,17540,922,869,32,901,5
2021-09-17,Mendocino,045,87422,6694,6498,322,6820,67
2021-09-17,Merced,047,269075,38289,37803,1469,39272,533
2021-09-17,Modoc,049,8938,464,456,159,615,5
2021-09-17,Mono,051,14174,1510,1457,18,1475,3
2021-09-17,Monterey,053,433212,47277,46421,2512,48933,564
2021-09-17,Napa,055,140530,12252,12153,83,12236,95
2021-09-17,Nevada,057,99092,8299,8157,270,8427,84
2021-09-17,Orange,059,3164182,296218,292685,13805,306490,5346
2021-09-17,Placer,061,380077,33872,33188,3148,36336,362
2021-09-17,Plumas,063,18699,1254,1192,23,1215,5
2021-09-17,Riverside,065,2383286,345988,340445,15661,356106,4792
2021-09-17,Sacramento,067,1510023,147281,145985,3681,149666,1999
2021-09-17,San Benito,069,59416,6945,6929,140,7069,67
2021-09-17,San Bernardino,071,2135413,338939,335810,10471,346281,5488
2021-09-17,San Diego,073,3302833,352306,348098,20761,368859,4002
2021-09-17,San Francisco,075,870044,50041,49249,2095,51344,605
2021-09-17,San Joaquin,077,732212,93364,91977,4903,96880,1610
2021-09-17,San Luis Obispo,079,281455,27672,27102,1067,28169,311
2021-09-17,San Mateo,081,765935,51734,50854,766,51620,564
2021-09-17,Santa Barbara,083,443738,41809,41354,1445,42799,498
2021-09-17,Santa Clara,085,1922200,140400,138939,1075,140014,1838
2021-09-17,Santa Cruz,087,273765,19311,19039,958,19997,211
2021-09-17,Shasta,089,179085,18258,17617,2945,20562,254
2021-09-17,Sierra,091,2930,129,124,13,137,0
2021-09-17,Siskiyou,093,43540,3005,2852,1032,3884,35
2021-09-17,Solano,095,438530,43775,42898,1114,44012,312
2021-09-17,Sonoma,097,501317,39145,38808,474,39282,369
2021-09-17,Stanislaus,099,539301,71973,71408,8012,79420,1091
2021-09-17,Sutter,101,95872,12933,12799,238,13037,153
2021-09-17,Tehama,103,63373,7229,7020,1156,8176,84
2021-09-17,Trinity,105,12862,710,556,188,744,7
2021-09-17,Tulare,107,460477,61561,59689,12374,72063,895
2021-09-17,Tuolumne,109,53932,6149,6047,74,6121,89
2021-09-17,Ventura,111,848112,94296,93273,4061,97334,1116
2021-09-17,Yolo,113,214977,18444,18177,818,18995,239
2021-09-17,Yuba,115,75493,9159,9019,200,9219,61
2021-09-16,Alameda,001,1643700,113621,112770,2532,115302,1318
2021-09-16,Alpine,003,1148,99,99,0,99,0
2021-09-16,Amador,005,37829,4916,4819,47,4866,58
2021-09-16,Butte,007,227075,18442,17750,3311,21061,230
2021-09-16,Calaveras,009,45235,3424,3313,34,3347,66
2021-09-16,Colusa,011,21464,2395,2363,529,2892,16
2021-09-16,Contra Costa,013,1133247,94312,93213,1882,95095,917
2021-09-16,Del Norte,015,27424,3437,3285,23,3308,34
2021-09-16,El Dorado,017,186661,14701,14372,1489,15861,127
2021-09-16,Fresno,019,978130,126553,123853,11310,135163,1868
2021-09-16,Glenn,021,27897,3165,3068,906,3974,24
2021-09-16,Humboldt,023,135768,7998,7809,386,8195,80
2021-09-16,Imperial,025,180216,31275,30966,2926,33892,753
2021-09-16,Inyo,027,18085,1663,1623,31,1654,39
2021-09-16,Kern,029,883053,116466,113828,17738,131566,1448
2021-09-16,Kings,031,150075,28778,28114,1602,29716,280
2021-09-16,Lake,033,64148,6070,5890,116,6006,87
2021-09-16,Lassen,035,31185,6246,6028,256,6284,25
2021-09-16,Los Angeles,037,10098052,1391020,1376277,50491,1426768,25796
2021-09-16,Madera,039,155013,20512,19974,1607,21581,257
2021-09-16,Marin,041,260295,16828,16625,382,17007,242
2021-09-16,Mariposa,043,17540,916,849,32,881,6
2021-09-16,Mendocino,045,87422,6656,6445,311,6756,67
2021-09-16,Merced,047,269075,38182,37675,1467,39142,532
2021-09-16,Modoc,049,8938,462,455,159,614,5
2021-09-16,Mono,051,14174,1504,1449,18,1467,3
2021-09-16,Monterey,053,433212,47223,46342,2506,48848,562
2021-09-16,Napa,055,140530,12227,12115,79,12194,95
2021-09-16,Nevada,057,99092,8272,8121,269,8390,84
2021-09-16,Orange,059,3164182,295872,292183,13785,305968,5340
2021-09-16,Placer,061,380077,33776,33037,3128,36165,354
2021-09-16,Plumas,063,18699,1245,1178,23,1201,5
2021-09-16,Riverside,065,2383286,345458,339770,15647,355417,4786
2021-09-16,Sacramento,067,1510023,146925,145754,3649,149403,1996
2021-09-16,San Benito,069,59416,6933,6913,139,7052,67
2021-09-16,San Bernardino,071,2135413,338516,335129,10464,345593,5474
2021-09-16,San Diego,073,3302833,351692,347472,20722,368194,3994
2021-09-16,San Francisco,075,870044,49955,49133,2087,51220,605
2021-09-16,San Joaquin,077,732212,93126,91650,4860,96510,1608
2021-09-16,San Luis Obispo,079,281455,27599,27044,1063,28107,310
2021-09-16,San Mateo,081,765935,51657,50773,764,51537,564
2021-09-16,Santa Barbara,083,443738,41743,41272,1442,42714,497
2021-09-16,Santa Clara,085,1922200,140246,138685,1071,139756,1835
2021-09-16,Santa Cruz,087,273765,19284,19011,958,19969,211
2021-09-16,Shasta,089,179085,18133,17438,2912,20350,251
2021-09-16,Sierra,091,2930,129,123,13,136,0
2021-09-16,Siskiyou,093,43540,2985,2819,1025,3844,35
2021-09-16,Solano,095,438530,43703,42792,1105,43897,312
2021-09-16,Sonoma,097,501317,39082,38707,473,39180,369
2021-09-16,Stanislaus,099,539301,71740,71105,7996,79101,1091
2021-09-16,Sutter,101,95872,12889,12729,233,12962,152
2021-09-16,Tehama,103,63373,7189,6953,1145,8098,83
2021-09-16,Trinity,105,12862,707,547,187,734,7
2021-09-16,Tulare,107,460477,61339,59459,12302,71761,894
2021-09-16,Tuolumne,109,53932,6127,5999,73,6072,89
2021-09-16,Ventura,111,848112,94156,93087,4057,97144,1110
2021-09-16,Yolo,113,214977,18412,18135,816,18951,239
2021-09-16,Yuba,115,75493,9125,8981,197,9178,61
2021-09-15,Alameda,001,1643700,113455,112498,2525,115023,1317
2021-09-15,Alpine,003,1148,99,99,0,99,0
2021-09-15,Amador,005,37829,4908,4792,47,4839,58
2021-09-15,Butte,007,227075,18344,17664,3291,20955,228
2021-09-15,Calaveras,009,45235,3395,3293,32,3325,66
2021-09-15,Colusa,011,21464,2393,2352,526,2878,16
2021-09-15,Contra Costa,013,1133247,94130,92989,1871,94860,913
2021-09-15,Del Norte,015,27424,3424,3271,21,3292,34
2021-09-15,El Dorado,017,186661,14674,14309,1480,15789,127
2021-09-15,Fresno,019,978130,126174,123370,11254,134624,1867
2021-09-15,Glenn,021,27897,3153,3051,901,3952,20
2021-09-15,Humboldt,023,135768,7962,7754,381,8135,52
2021-09-15,Imperial,025,180216,31220,30891,2921,33812,753
2021-09-15,Inyo,027,18085,1659,1614,31,1645,39
2021-09-15,Kern,029,883053,116120,113546,17640,131186,1434
2021-09-15,Kings,031,150075,28699,27991,1594,29585,279
2021-09-15,Lake,033,64148,6037,5852,115,5967,85
2021-09-15,Lassen,035,31185,6186,6018,251,6269,25
2021-09-15,Los Angeles,037,10098052,1389517,1374307,50422,1424729,25767
2021-09-15,Madera,039,155013,20437,19880,1600,21480,257
2021-09-15,Marin,041,260295,16793,16592,377,16969,242
2021-09-15,Mariposa,043,17540,904,843,32,875,5
2021-09-15,Mendocino,045,87422,6626,6399,306,6705,66
2021-09-15,Merced,047,269075,38074,37508,1465,38973,529
2021-09-15,Modoc,049,8938,462,454,159,613,5
2021-09-15,Mono,051,14174,1498,1445,18,1463,3
2021-09-15,Monterey,053,433212,47153,46317,2495,48812,562
2021-09-15,Napa,055,140530,12206,12082,79,12161,95
2021-09-15,Nevada,057,99092,8250,8081,266,8347,84
2021-09-15,Orange,059,3164182,295548,291834,13766,305600,5328
2021-09-15,Placer,061,380077,33664,32860,3107,35967,352
2021-09-15,Plumas,063,18699,1240,1164,22,1186,5
2021-09-15,Riverside,065,2383286,344875,339077,15623,354700,4769
2021-09-15,Sacramento,067,1510023,146500,145202,3617,148819,1981
2021-09-15,San Benito,069,59416,6930,6902,139,7041,67
2021-09-15,San Bernardino,071,2135413,338054,334556,10450,345006,5470
2021-09-15,San Diego,073,3302833,351072,346933,20694,367627,3983
2021-09-15,San Francisco,075,870044,49844,48999,2082,51081,605
2021-09-15,San Joaquin,077,732212,92850,91322,4820,96142,1607
2021-09-15,San Luis Obispo,079,281455,27516,26943,1057,28000,306
2021-09-15,San Mateo,081,765935,51575,50691,761,51452,564
2021-09-15,Santa Barbara,083,443738,41640,41077,1438,42515,497
2021-09-15,Santa Clara,085,1922200,140072,138410,1066,139476,1833
2021-09-15,Santa Cruz,087,273765,19246,18984,956,19940,210
2021-09-15,Shasta,089,179085,18022,17317,2891,20208,250
2021-09-15,Sierra,091,2930,129,123,13,136,0
2021-09-15,Siskiyou,093,43540,2965,2804,995,3799,35
2021-09-15,Solano,095,438530,43631,42682,1100,43782,312
2021-09-15,Sonoma,097,501317,39025,38629,473,39102,369
2021-09-15,Stanislaus,099,539301,71516,70852,7974,78826,1091
2021-09-15,Sutter,101,95872,12856,12699,228,12927,151
2021-09-15,Tehama,103,63373,7148,6894,1136,8030,79
2021-09-15,Trinity,105,12862,705,541,185,726,7
2021-09-15,Tulare,107,460477,61080,59149,12241,71390,890
2021-09-15,Tuolumne,109,53932,6101,5969,73,6042,89
2021-09-15,Ventura,111,848112,94013,92960,4050,97010,1109
2021-09-15,Yolo,113,214977,18378,18064,810,18874,239
2021-09-15,Yuba,115,75493,9091,8953,197,9150,61
2021-09-14,Alameda,001,1643700,113248,112329,2522,114851,1316
2021-09-14,Alpine,003,1148,99,98,0,98,0
2021-09-14,Amador,005,37829,4888,4790,47,4837,57
2021-09-14,Butte,007,227075,18210,17516,3267,20783,226
2021-09-14,Calaveras,009,45235,3375,3280,29,3309,66
2021-09-14,Colusa,011,21464,2389,2344,523,2867,16
2021-09-14,Contra Costa,013,1133247,93932,92822,1863,94685,908
2021-09-14,Del Norte,015,27424,3408,3252,21,3273,32
2021-09-14,El Dorado,017,186661,14621,14247,1472,15719,123
2021-09-14,Fresno,019,978130,125699,123151,11202,134353,1856
2021-09-14,Glenn,021,27897,3136,3045,897,3942,20
2021-09-14,Humboldt,023,135768,7928,7717,376,8093,52
2021-09-14,Imperial,025,180216,31171,30845,2918,33763,752
2021-09-14,Inyo,027,18085,1650,1605,30,1635,39
2021-09-14,Kern,029,883053,115737,113250,17517,130767,1428
2021-09-14,Kings,031,150075,28623,27955,1586,29541,278
2021-09-14,Lake,033,64148,6005,5845,115,5960,83
2021-09-14,Lassen,035,31185,6172,5977,246,6223,25
2021-09-14,Los Angeles,037,10098052,1387681,1372831,50341,1423172,25729
2021-09-14,Madera,039,155013,20355,19800,1589,21389,254
2021-09-14,Marin,041,260295,16765,16584,375,16959,242
2021-09-14,Mariposa,043,17540,893,834,31,865,5
2021-09-14,Mendocino,045,87422,6590,6372,295,6667,65
2021-09-14,Merced,047,269075,37923,37430,1461,38891,526
2021-09-14,Modoc,049,8938,461,453,159,612,5
2021-09-14,Mono,051,14174,1494,1440,18,1458,4
2021-09-14,Monterey,053,433212,47112,46224,2484,48708,558
2021-09-14,Napa,055,140530,12173,12070,78,12148,91
2021-09-14,Nevada,057,99092,8216,8056,266,8322,83
2021-09-14,Orange,059,3164182,295155,291423,13742,305165,5319
2021-09-14,Placer,061,380077,33532,32735,3087,35822,350
2021-09-14,Plumas,063,18699,1225,1148,22,1170,5
2021-09-14,Riverside,065,2383286,344234,338534,15592,354126,4748
2021-09-14,Sacramento,067,1510023,146115,145051,3568,148619,1977
2021-09-14,San Benito,069,59416,6920,6887,139,7026,64
2021-09-14,San Bernardino,071,2135413,337557,333968,10425,344393,5465
2021-09-14,San Diego,073,3302833,350412,346204,20643,366847,3966
2021-09-14,San Francisco,075,870044,49710,48998,2080,51078,603
2021-09-14,San Joaquin,077,732212,92611,91128,4811,95939,1596
2021-09-14,San Luis Obispo,079,281455,27443,26845,1052,27897,304
2021-09-14,San Mateo,081,765935,51478,50602,758,51360,564
2021-09-14,Santa Barbara,083,443738,41544,40783,1429,42212,495
2021-09-14,Santa Clara,085,1922200,139837,138321,1063,139384,1828
2021-09-14,Santa Cruz,087,273765,19206,18965,954,19919,210
2021-09-14,Shasta,089,179085,17891,17152,2870,20022,246
2021-09-14,Sierra,091,2930,129,123,13,136,0
2021-09-14,Siskiyou,093,43540,2941,2756,978,3734,35
2021-09-14,Solano,095,438530,43548,42599,1097,43696,307
2021-09-14,Sonoma,097,501317,38956,38595,469,39064,369
2021-09-14,Stanislaus,099,539301,71256,70697,7946,78643,1091
2021-09-14,Sutter,101,95872,12814,12670,221,12891,149
2021-09-14,Tehama,103,63373,7094,6859,1128,7987,80
2021-09-14,Trinity,105,12862,699,538,184,722,7
2021-09-14,Tulare,107,460477,60827,58961,12170,71131,888
2021-09-14,Tuolumne,109,53932,6080,5951,71,6022,89
2021-09-14,Ventura,111,848112,93828,92841,4033,96874,1107
2021-09-14,Yolo,113,214977,18334,18039,805,18844,239
2021-09-14,Yuba,115,75493,9055,8928,197,9125,61
2021-09-13,Alameda,001,1643700,113034,112159,2517,114676,1309
2021-09-13,Alpine,003,1148,98,98,0,98,0
2021-09-13,Amador,005,37829,4870,4761,47,4808,56
2021-09-13,Butte,007,227075,18086,17393,3239,20632,225
2021-09-13,Calaveras,009,45235,3349,3253,27,3280,65
2021-09-13,Colusa,011,21464,2380,2346,519,2865,16
2021-09-13,Contra Costa,013,1133247,93686,92658,1858,94516,908
2021-09-13,Del Norte,015,27424,3372,3232,21,3253,28
2021-09-13,El Dorado,017,186661,14560,14194,1464,15658,119
2021-09-13,Fresno,019,978130,125232,122650,11136,133786,1853
2021-09-13,Glenn,021,27897,3122,3026,891,3917,20
2021-09-13,Humboldt,023,135768,7895,7659,373,8032,52
2021-09-13,Imperial,025,180216,31118,30802,2915,33717,751
2021-09-13,Inyo,027,18085,1643,1602,30,1632,39
2021-09-13,Kern,029,883053,115353,112930,17395,130325,1424
2021-09-13,Kings,031,150075,28513,27858,1574,29432,275
2021-09-13,Lake,033,64148,5983,5809,115,5924,82
2021-09-13,Lassen,035,31185,6137,5953,245,6198,25
2021-09-13,Los Angeles,037,10098052,1385816,1371423,50275,1421698,25703
2021-09-13,Madera,039,155013,20286,19735,1574,21309,252
2021-09-13,Marin,041,260295,16729,16557,374,16931,242
2021-09-13,Mariposa,043,17540,879,825,31,856,5
2021-09-13,Mendocino,045,87422,6555,6323,286,6609,61
2021-09-13,Merced,047,269075,37773,37291,1456,38747,521
2021-09-13,Modoc,049,8938,460,451,159,610,5
2021-09-13,Mono,051,14174,1488,1435,18,1453,3
2021-09-13,Monterey,053,433212,47022,46188,2471,48659,558
2021-09-13,Napa,055,140530,12155,12039,78,12117,91
2021-09-13,Nevada,057,99092,8190,8021,264,8285,83
2021-09-13,Orange,059,3164182,294722,291128,13720,304848,5312
2021-09-13,Placer,061,380077,33367,32617,3070,35687,343
2021-09-13,Plumas,063,18699,1216,1142,22,1164,5
2021-09-13,Riverside,065,2383286,343588,337876,15574,353450,4731
2021-09-13,Sacramento,067,1510023,145627,144537,3535,148072,1956
2021-09-13,San Benito,069,59416,6904,6867,138,7005,64
2021-09-13,San Bernardino,071,2135413,337066,333613,10400,344013,5441
2021-09-13,San Diego,073,3302833,349625,345647,20591,366238,3961
2021-09-13,San Francisco,075,870044,49580,48914,2074,50988,603
2021-09-13,San Joaquin,077,732212,92326,90966,4793,95759,1581
2021-09-13,San Luis Obispo,079,281455,27346,26805,1049,27854,300
2021-09-13,San Mateo,081,765935,51386,50525,753,51278,564
2021-09-13,Santa Barbara,083,443738,41425,40661,1422,42083,494
2021-09-13,Santa Clara,085,1922200,139592,138152,1058,139210,1820
2021-09-13,Santa Cruz,087,273765,19166,18917,953,19870,210
2021-09-13,Shasta,089,179085,17761,17033,2830,19863,243
2021-09-13,Sierra,091,2930,129,123,13,136,0
2021-09-13,Siskiyou,093,43540,2926,2745,966,3711,35
2021-09-13,Solano,095,438530,43444,42501,1094,43595,306
2021-09-13,Sonoma,097,501317,38889,38513,466,38979,368
2021-09-13,Stanislaus,099,539301,71001,70477,7910,78387,1091
2021-09-13,Sutter,101,95872,12756,12624,217,12841,145
2021-09-13,Tehama,103,63373,7031,6803,1116,7919,79
2021-09-13,Trinity,105,12862,697,533,182,715,7
2021-09-13,Tulare,107,460477,60543,58768,12110,70878,887
2021-09-13,Tuolumne,109,53932,6050,5909,71,5980,89
2021-09-13,Ventura,111,848112,93667,92679,4026,96705,1107
2021-09-13,Yolo,113,214977,18290,17974,799,18773,239
2021-09-13,Yuba,115,75493,9010,8884,196,9080,61
2021-09-12,Alameda,001,1643700,112773,111961,2514,114475,1309
2021-09-12,Alpine,003,1148,98,98,0,98,0
2021-09-12,Amador,005,37829,4849,4752,47,4799,56
2021-09-12,Butte,007,227075,17941,17257,3192,20449,221
2021-09-12,Calaveras,009,45235,3318,3236,23,3259,65
2021-09-12,Colusa,011,21464,2377,2344,518,2862,16
2021-09-12,Contra Costa,013,1133247,93418,92498,1846,94344,908
2021-09-12,Del Norte,015,27424,3337,3200,21,3221,28
2021-09-12,El Dorado,017,186661,14487,14167,1448,15615,119
2021-09-12,Fresno,019,978130,124714,122407,11079,133486,1853
2021-09-12,Glenn,021,27897,3105,3016,885,3901,20
2021-09-12,Humboldt,023,135768,7825,7636,362,7998,52
2021-09-12,Imperial,025,180216,31055,30790,2910,33700,751
2021-09-12,Inyo,027,18085,1633,1596,30,1626,39
2021-09-12,Kern,029,883053,114941,112602,17236,129838,1424
2021-09-12,Kings,031,150075,28402,27764,1557,29321,274
2021-09-12,Lake,033,64148,5943,5781,113,5894,82
2021-09-12,Lassen,035,31185,6100,5943,236,6179,25
2021-09-12,Los Angeles,037,10098052,1383757,1365968,50202,1416170,25630
2021-09-12,Madera,039,155013,20199,19691,1562,21253,252
2021-09-12,Marin,041,260295,16706,16526,374,16900,242
2021-09-12,Mariposa,043,17540,868,811,29,840,5
2021-09-12,Mendocino,045,87422,6515,6283,277,6560,61
2021-09-12,Merced,047,269075,37601,37172,1445,38617,521
2021-09-12,Modoc,049,8938,460,451,158,609,5
2021-09-12,Mono,051,14174,1481,1431,18,1449,3
2021-09-12,Monterey,053,433212,46923,46167,2461,48628,558
2021-09-12,Napa,055,140530,12125,12011,78,12089,91
2021-09-12,Nevada,057,99092,8150,7987,263,8250,83
2021-09-12,Orange,059,3164182,294259,290718,13699,304417,5312
2021-09-12,Placer,061,380077,33218,32520,3048,35568,343
2021-09-12,Plumas,063,18699,1197,1138,22,1160,5
2021-09-12,Riverside,065,2383286,342904,337332,15540,352872,4731
2021-09-12,Sacramento,067,1510023,145120,144030,3496,147526,1959
2021-09-12,San Benito,069,59416,6885,6852,137,6989,64
2021-09-12,San Bernardino,071,2135413,336456,333049,10387,343436,5439
2021-09-12,San Diego,073,3302833,348815,345058,20515,365573,3942
2021-09-12,San Francisco,075,870044,49469,48819,2067,50886,603
2021-09-12,San Joaquin,077,732212,91997,90730,4785,95515,1581
2021-09-12,San Luis Obispo,079,281455,27227,26729,1036,27765,299
2021-09-12,San Mateo,081,765935,51275,50432,749,51181,564
2021-09-12,Santa Barbara,083,443738,41313,40600,1415,42015,494
2021-09-12,Santa Clara,085,1922200,139335,137899,1055,138954,1820
2021-09-12,Santa Cruz,087,273765,19133,18892,952,19844,210
2021-09-12,Shasta,089,179085,17596,16957,2772,19729,243
2021-09-12,Sierra,091,2930,129,123,13,136,0
2021-09-12,Siskiyou,093,43540,2898,2730,951,3681,35
2021-09-12,Solano,095,438530,43338,42409,1091,43500,306
2021-09-12,Sonoma,097,501317,38809,38456,464,38920,368
2021-09-12,Stanislaus,099,539301,70702,70184,7871,78055,1091
2021-09-12,Sutter,101,95872,12714,12589,211,12800,145
2021-09-12,Tehama,103,63373,6967,6732,1104,7836,79
2021-09-12,Trinity,105,12862,693,529,180,709,7
2021-09-12,Tulare,107,460477,60190,58582,12050,70632,887
2021-09-12,Tuolumne,109,53932,6017,5888,71,5959,89
2021-09-12,Ventura,111,848112,93540,92496,4020,96516,1107
2021-09-12,Yolo,113,214977,18224,17943,791,18734,239
2021-09-12,Yuba,115,75493,8975,8842,196,9038,61
2021-09-11,Alameda,001,1643700,112649,111715,2512,114227,1309
2021-09-11,Alpine,003,1148,98,98,0,98,0
2021-09-11,Amador,005,37829,4836,4728,46,4774,56
2021-09-11,Butte,007,227075,17858,17218,3165,20383,221
2021-09-11,Calaveras,009,45235,3310,3208,22,3230,65
2021-09-11,Colusa,011,21464,2376,2338,515,2853,16
2021-09-11,Contra Costa,013,1133247,93299,92269,1842,94111,908
2021-09-11,Del Norte,015,27424,3321,3184,21,3205,28
2021-09-11,El Dorado,017,186661,14468,14117,1441,15558,119
2021-09-11,Fresno,019,978130,124535,122224,11054,133278,1853
2021-09-11,Glenn,021,27897,3095,3007,882,3889,20
2021-09-11,Humboldt,023,135768,7803,7615,359,7974,52
2021-09-11,Imperial,025,180216,31030,30760,2907,33667,751
2021-09-11,Inyo,027,18085,1630,1590,30,1620,39
2021-09-11,Kern,029,883053,114691,112205,17122,129327,1424
2021-09-11,Kings,031,150075,28353,27631,1551,29182,275
2021-09-11,Lake,033,64148,5922,5761,113,5874,82
2021-09-11,Lassen,035,31185,6085,5930,232,6162,25
2021-09-11,Los Angeles,037,10098052,1382784,1365831,50137,1415968,25630
2021-09-11,Madera,039,155013,20147,19648,1557,21205,252
2021-09-11,Marin,041,260295,16678,16496,373,16869,242
2021-09-11,Mariposa,043,17540,863,799,29,828,5
2021-09-11,Mendocino,045,87422,6491,6257,277,6534,61
2021-09-11,Merced,047,269075,37547,37042,1442,38484,521
2021-09-11,Modoc,049,8938,460,449,158,607,5
2021-09-11,Mono,051,14174,1475,1431,18,1449,3
2021-09-11,Monterey,053,433212,46886,46140,2458,48598,558
2021-09-11,Napa,055,140530,12102,11991,78,12069,91
2021-09-11,Nevada,057,99092,8135,7967,263,8230,83
2021-09-11,Orange,059,3164182,293957,290429,13683,304112,5306
2021-09-11,Placer,061,380077,33135,32414,3037,35451,344
2021-09-11,Plumas,063,18699,1190,1112,22,1134,5
2021-09-11,Riverside,065,2383286,342466,336585,15527,352112,4731
2021-09-11,Sacramento,067,1510023,144820,143557,3484,147041,1955
2021-09-11,San Benito,069,59416,6872,6844,137,6981,64
2021-09-11,San Bernardino,071,2135413,336113,332512,10373,342885,5430
2021-09-11,San Diego,073,3302833,348331,344355,20491,364846,3942
2021-09-11,San Francisco,075,870044,49414,48660,2063,50723,603
2021-09-11,San Joaquin,077,732212,91854,90482,4778,95260,1581
2021-09-11,San Luis Obispo,079,281455,27181,26651,1035,27686,299
2021-09-11,San Mateo,081,765935,51203,50341,748,51089,564
2021-09-11,Santa Barbara,083,443738,41240,40451,1415,41866,494
2021-09-11,Santa Clara,085,1922200,139182,137659,1052,138711,1820
2021-09-11,Santa Cruz,087,273765,19104,18865,952,19817,210
2021-09-11,Shasta,089,179085,17502,16877,2752,19629,243
2021-09-11,Sierra,091,2930,129,123,13,136,0
2021-09-11,Siskiyou,093,43540,2881,2717,948,3665,35
2021-09-11,Solano,095,438530,43287,42344,1088,43432,306
2021-09-11,Sonoma,097,501317,38762,38399,462,38861,368
2021-09-11,Stanislaus,099,539301,70577,69974,7858,77832,1091
2021-09-11,Sutter,101,95872,12688,12538,208,12746,145
2021-09-11,Tehama,103,63373,6946,6703,1096,7799,79
2021-09-11,Trinity,105,12862,686,526,180,706,7
2021-09-11,Tulare,107,460477,60078,58321,12004,70325,889
2021-09-11,Tuolumne,109,53932,5998,5879,68,5947,89
2021-09-11,Ventura,111,848112,93458,92328,4015,96343,1107
2021-09-11,Yolo,113,214977,18199,17906,788,18694,239
2021-09-11,Yuba,115,75493,8950,8813,196,9009,61
2021-09-10,Alameda,001,1643700,112458,111386,2511,113897,1306
2021-09-10,Alpine,003,1148,97,97,0,97,0
2021-09-10,Amador,005,37829,4824,4706,46,4752,56
2021-09-10,Butte,007,227075,17783,17051,3147,20198,222
2021-09-10,Calaveras,009,45235,3302,3183,22,3205,65
2021-09-10,Colusa,011,21464,2372,2327,512,2839,16
2021-09-10,Contra Costa,013,1133247,93176,92024,1840,93864,908
2021-09-10,Del Norte,015,27424,3306,3128,20,3148,28
2021-09-10,El Dorado,017,186661,14438,14051,1437,15488,119
2021-09-10,Fresno,019,978130,124211,121659,11026,132685,1846
2021-09-10,Glenn,021,27897,3088,2977,881,3858,20
2021-09-10,Humboldt,023,135768,7771,7543,355,7898,52
2021-09-10,Imperial,025,180216,31007,30716,2905,33621,751
2021-09-10,Inyo,027,18085,1626,1590,30,1620,39
2021-09-10,Kern,029,883053,114437,111832,17006,128838,1419
2021-09-10,Kings,031,150075,28279,27473,1544,29017,274
2021-09-10,Lake,033,64148,5906,5713,111,5824,79
2021-09-10,Lassen,035,31185,6077,5914,229,6143,25
2021-09-10,Los Angeles,037,10098052,1381579,1365709,50072,1415781,25630
2021-09-10,Madera,039,155013,20101,19520,1550,21070,252
2021-09-10,Marin,041,260295,16658,16458,370,16828,242
2021-09-10,Mariposa,043,17540,858,795,29,824,5
2021-09-10,Mendocino,045,87422,6459,6184,276,6460,61
2021-09-10,Merced,047,269075,37495,36884,1441,38325,521
2021-09-10,Modoc,049,8938,460,448,158,606,5
2021-09-10,Mono,051,14174,1470,1422,18,1440,3
2021-09-10,Monterey,053,433212,46842,46084,2456,48540,557
2021-09-10,Napa,055,140530,12077,11948,78,12026,90
2021-09-10,Nevada,057,99092,8117,7932,262,8194,83
2021-09-10,Orange,059,3164182,293650,290022,13673,303695,5302
2021-09-10,Placer,061,380077,33033,32264,3024,35288,343
2021-09-10,Plumas,063,18699,1182,1111,22,1133,5
2021-09-10,Riverside,065,2383286,341993,335988,15520,351508,4720
2021-09-10,Sacramento,067,1510023,144477,143244,3476,146720,1950
2021-09-10,San Benito,069,59416,6868,6824,137,6961,64
2021-09-10,San Bernardino,071,2135413,335694,331894,10364,342258,5422
2021-09-10,San Diego,073,3302833,347784,343173,20454,363627,3941
2021-09-10,San Francisco,075,870044,49335,48518,2056,50574,602
2021-09-10,San Joaquin,077,732212,91674,90208,4772,94980,1573
2021-09-10,San Luis Obispo,079,281455,27148,26526,1033,27559,299
2021-09-10,San Mateo,081,765935,51136,50251,747,50998,564
2021-09-10,Santa Barbara,083,443738,41187,40321,1412,41733,492
2021-09-10,Santa Clara,085,1922200,138999,137337,1051,138388,1817
2021-09-10,Santa Cruz,087,273765,19085,18785,951,19736,210
2021-09-10,Shasta,089,179085,17408,16667,2724,19391,242
2021-09-10,Sierra,091,2930,129,117,13,130,0
2021-09-10,Siskiyou,093,43540,2869,2702,944,3646,35
2021-09-10,Solano,095,438530,43213,42230,1081,43311,305
2021-09-10,Sonoma,097,501317,38704,38271,461,38732,368
2021-09-10,Stanislaus,099,539301,70421,69617,7834,77451,1091
2021-09-10,Sutter,101,95872,12654,12468,208,12676,145
2021-09-10,Tehama,103,63373,6913,6652,1090,7742,77
2021-09-10,Trinity,105,12862,682,524,180,704,7
2021-09-10,Tulare,107,460477,59930,57930,11955,69885,883
2021-09-10,Tuolumne,109,53932,5978,5842,68,5910,89
2021-09-10,Ventura,111,848112,93361,92145,4011,96156,1104
2021-09-10,Yolo,113,214977,18173,17825,784,18609,239
2021-09-10,Yuba,115,75493,8931,8760,195,8955,62
2021-09-09,Alameda,001,1643700,112239,111014,2507,113521,1306
2021-09-09,Alpine,003,1148,97,94,0,94,0
2021-09-09,Amador,005,37829,4803,4698,45,4743,56
2021-09-09,Butte,007,227075,17636,16874,3120,19994,221
2021-09-09,Calaveras,009,45235,3268,3165,22,3187,65
2021-09-09,Colusa,011,21464,2365,2321,511,2832,16
2021-09-09,Contra Costa,013,1133247,92966,91687,1835,93522,904
2021-09-09,Del Norte,015,27424,3283,3102,20,3122,28
2021-09-09,El Dorado,017,186661,14381,13970,1427,15397,119
2021-09-09,Fresno,019,978130,123736,121040,10980,132020,1838
2021-09-09,Glenn,021,27897,3076,2947,877,3824,20
2021-09-09,Humboldt,023,135768,7721,7471,349,7820,52
2021-09-09,Imperial,025,180216,30969,30661,2902,33563,751
2021-09-09,Inyo,027,18085,1619,1586,30,1616,39
2021-09-09,Kern,029,883053,114090,111390,16850,128240,1414
2021-09-09,Kings,031,150075,28177,27282,1533,28815,273
2021-09-09,Lake,033,64148,5882,5638,109,5747,79
2021-09-09,Lassen,035,31185,6027,5860,223,6083,25
2021-09-09,Los Angeles,037,10098052,1379711,1363735,49999,1413734,25583
2021-09-09,Madera,039,155013,20028,19401,1537,20938,252
2021-09-09,Marin,041,260295,16635,16416,367,16783,242
2021-09-09,Mariposa,043,17540,845,779,28,807,5
2021-09-09,Mendocino,045,87422,6425,6089,267,6356,61
2021-09-09,Merced,047,269075,37341,36634,1428,38062,516
2021-09-09,Modoc,049,8938,460,448,158,606,5
2021-09-09,Mono,051,14174,1460,1420,18,1438,3
2021-09-09,Monterey,053,433212,46788,45991,2445,48436,556
2021-09-09,Napa,055,140530,12045,11878,78,11956,90
2021-09-09,Nevada,057,99092,8079,7855,262,8117,82
2021-09-09,Orange,059,3164182,293241,289109,13642,302751,5299
2021-09-09,Placer,061,380077,32914,32048,3009,35057,342
2021-09-09,Plumas,063,18699,1171,1098,22,1120,5
2021-09-09,Riverside,065,2383286,341354,334774,15502,350276,4701
2021-09-09,Sacramento,067,1510023,143996,142728,3431,146159,1929
2021-09-09,San Benito,069,59416,6858,6820,136,6956,64
2021-09-09,San Bernardino,071,2135413,335122,331040,10351,341391,5417
2021-09-09,San Diego,073,3302833,347070,342149,20397,362546,3929
2021-09-09,San Francisco,075,870044,49221,48404,2047,50451,597
2021-09-09,San Joaquin,077,732212,91401,89874,4754,94628,1570
2021-09-09,San Luis Obispo,079,281455,27066,26472,1030,27502,296
2021-09-09,San Mateo,081,765935,51015,50143,744,50887,561
2021-09-09,Santa Barbara,083,443738,41081,40180,1408,41588,490
2021-09-09,Santa Clara,085,1922200,138776,137017,1046,138063,1816
2021-09-09,Santa Cruz,087,273765,19039,18728,951,19679,210
2021-09-09,Shasta,089,179085,17262,16401,2683,19084,238
2021-09-09,Sierra,091,2930,129,115,13,128,0
2021-09-09,Siskiyou,093,43540,2846,2683,930,3613,35
2021-09-09,Solano,095,438530,43097,42081,1077,43158,303
2021-09-09,Sonoma,097,501317,38636,38171,460,38631,360
2021-09-09,Stanislaus,099,539301,70142,69178,7802,76980,1074
2021-09-09,Sutter,101,95872,12599,12396,206,12602,144
2021-09-09,Tehama,103,63373,6859,6554,1085,7639,75
2021-09-09,Trinity,105,12862,676,523,178,701,6
2021-09-09,Tulare,107,460477,59689,57564,11896,69460,879
2021-09-09,Tuolumne,109,53932,5950,5802,67,5869,89
2021-09-09,Ventura,111,848112,93216,91610,4002,95612,1098
2021-09-09,Yolo,113,214977,18116,17724,781,18505,239
2021-09-09,Yuba,115,75493,8886,8707,192,8899,55
2021-09-08,Alameda,001,1643700,111995,110781,2505,113286,1305
2021-09-08,Alpine,003,1148,97,94,0,94,0
2021-09-08,Amador,005,37829,4791,4693,45,4738,56
2021-09-08,Butte,007,227075,17502,16775,3100,19875,220
2021-09-08,Calaveras,009,45235,3250,3157,22,3179,63
2021-09-08,Colusa,011,21464,2363,2308,511,2819,16
2021-09-08,Contra Costa,013,1133247,92686,91471,1830,93301,900
2021-09-08,Del Norte,015,27424,3260,3085,20,3105,25
2021-09-08,El Dorado,017,186661,14301,13928,1407,15335,119
2021-09-08,Fresno,019,978130,123237,120644,10916,131560,1831
2021-09-08,Glenn,021,27897,3061,2942,868,3810,20
2021-09-08,Humboldt,023,135768,7676,7438,341,7779,52
2021-09-08,Imperial,025,180216,30936,30609,2889,33498,751
2021-09-08,Inyo,027,18085,1608,1580,30,1610,39
2021-09-08,Kern,029,883053,113692,110933,16712,127645,1409
2021-09-08,Kings,031,150075,28048,27235,1519,28754,267
2021-09-08,Lake,033,64148,5851,5618,107,5725,79
2021-09-08,Lassen,035,31185,6009,5848,216,6064,25
2021-09-08,Los Angeles,037,10098052,1377640,1362029,49913,1411942,25533
2021-09-08,Madera,039,155013,19967,19352,1524,20876,252
2021-09-08,Marin,041,260295,16607,16386,366,16752,242
2021-09-08,Mariposa,043,17540,833,777,27,804,5
2021-09-08,Mendocino,045,87422,6381,6069,258,6327,61
2021-09-08,Merced,047,269075,37180,36500,1416,37916,516
2021-09-08,Modoc,049,8938,460,448,158,606,5
2021-09-08,Mono,051,14174,1454,1418,18,1436,3
2021-09-08,Monterey,053,433212,46739,45959,2439,48398,554
2021-09-08,Napa,055,140530,12010,11842,76,11918,90
2021-09-08,Nevada,057,99092,8044,7843,261,8104,82
2021-09-08,Orange,059,3164182,292831,288511,13619,302130,5290
2021-09-08,Placer,061,380077,32777,31852,2992,34844,337
2021-09-08,Plumas,063,18699,1164,1072,22,1094,5
2021-09-08,Riverside,065,2383286,340596,334037,15477,349514,4683
2021-09-08,Sacramento,067,1510023,143517,142448,3383,145831,1921
2021-09-08,San Benito,069,59416,6840,6800,136,6936,64
2021-09-08,San Bernardino,071,2135413,334516,330279,10334,340613,5411
2021-09-08,San Diego,073,3302833,346153,341437,20346,361783,3926
2021-09-08,San Francisco,075,870044,49082,48263,2043,50306,589
2021-09-08,San Joaquin,077,732212,91120,89631,4730,94361,1561
2021-09-08,San Luis Obispo,079,281455,26972,26303,1025,27328,294
2021-09-08,San Mateo,081,765935,50910,50051,744,50795,561
2021-09-08,Santa Barbara,083,443738,40969,40000,1404,41404,490
2021-09-08,Santa Clara,085,1922200,138543,136836,1042,137878,1810
2021-09-08,Santa Cruz,087,273765,19002,18699,951,19650,210
2021-09-08,Shasta,089,179085,17107,16227,2636,18863,234
2021-09-08,Sierra,091,2930,129,113,13,126,0
2021-09-08,Siskiyou,093,43540,2813,2643,919,3562,35
2021-09-08,Solano,095,438530,43003,41971,1075,43046,302
2021-09-08,Sonoma,097,501317,38552,38075,459,38534,360
2021-09-08,Stanislaus,099,539301,69910,68945,7763,76708,1074
2021-09-08,Sutter,101,95872,12534,12349,203,12552,144
2021-09-08,Tehama,103,63373,6792,6520,1067,7587,75
2021-09-08,Trinity,105,12862,673,520,174,694,6
2021-09-08,Tulare,107,460477,59366,57425,11839,69264,876
2021-09-08,Tuolumne,109,53932,5918,5783,65,5848,89
2021-09-08,Ventura,111,848112,93064,91345,3984,95329,1096
2021-09-08,Yolo,113,214977,18034,17680,777,18457,239
2021-09-08,Yuba,115,75493,8844,8675,190,8865,55
2021-09-07,Alameda,001,1643700,111696,110550,2498,113048,1301
2021-09-07,Alpine,003,1148,96,94,0,94,0
2021-09-07,Amador,005,37829,4764,4679,45,4724,53
2021-09-07,Butte,007,227075,17346,16723,3064,19787,220
2021-09-07,Calaveras,009,45235,3209,3140,20,3160,63
2021-09-07,Colusa,011,21464,2353,2306,509,2815,16
2021-09-07,Contra Costa,013,1133247,92420,91167,1824,92991,891
2021-09-07,Del Norte,015,27424,3246,3081,20,3101,24
2021-09-07,El Dorado,017,186661,14229,13892,1392,15284,119
2021-09-07,Fresno,019,978130,122679,120268,10822,131090,1828
2021-09-07,Glenn,021,27897,3049,2937,862,3799,20
2021-09-07,Humboldt,023,135768,7616,7397,324,7721,52
2021-09-07,Imperial,025,180216,30896,30584,2881,33465,751
2021-09-07,Inyo,027,18085,1602,1579,29,1608,39
2021-09-07,Kern,029,883053,113260,110674,16554,127228,1408
2021-09-07,Kings,031,150075,27924,27169,1501,28670,267
2021-09-07,Lake,033,64148,5808,5597,99,5696,78
2021-09-07,Lassen,035,31185,5991,5842,210,6052,21
2021-09-07,Los Angeles,037,10098052,1375409,1360407,49822,1410229,25486
2021-09-07,Madera,039,155013,19880,19316,1516,20832,249
2021-09-07,Marin,041,260295,16568,16363,366,16729,242
2021-09-07,Mariposa,043,17540,817,771,27,798,5
2021-09-07,Mendocino,045,87422,6321,6036,248,6284,61
2021-09-07,Merced,047,269075,37005,36400,1410,37810,513
2021-09-07,Modoc,049,8938,458,449,158,607,5
2021-09-07,Mono,051,14174,1445,1416,18,1434,3
2021-09-07,Monterey,053,433212,46656,45911,2427,48338,543
2021-09-07,Napa,055,140530,11969,11814,76,11890,90
2021-09-07,Nevada,057,99092,8017,7829,261,8090,82
2021-09-07,Orange,059,3164182,292402,288225,13589,301814,5274
2021-09-07,Placer,061,380077,32624,31710,2964,34674,337
2021-09-07,Plumas,063,18699,1149,1071,22,1093,5
2021-09-07,Riverside,065,2383286,339808,333390,15458,348848,4666
2021-09-07,Sacramento,067,1510023,142979,142364,3336,145700,1905
2021-09-07,San Benito,069,59416,6822,6786,136,6922,64
2021-09-07,San Bernardino,071,2135413,333764,329962,10309,340271,5407
2021-09-07,San Diego,073,3302833,345155,340709,20280,360989,3922
2021-09-07,San Francisco,075,870044,48942,48175,2038,50213,589
2021-09-07,San Joaquin,077,732212,90784,89468,4716,94184,1548
2021-09-07,San Luis Obispo,079,281455,26855,26253,1016,27269,287
2021-09-07,San Mateo,081,765935,50814,49913,743,50656,561
2021-09-07,Santa Barbara,083,443738,40843,39957,1399,41356,489
2021-09-07,Santa Clara,085,1922200,138254,136631,1037,137668,1807
2021-09-07,Santa Cruz,087,273765,18953,18669,949,19618,210
2021-09-07,Shasta,089,179085,16951,16096,2584,18680,226
2021-09-07,Sierra,091,2930,129,111,13,124,0
2021-09-07,Siskiyou,093,43540,2787,2607,902,3509,34
2021-09-07,Solano,095,438530,42873,41862,1071,42933,300
2021-09-07,Sonoma,097,501317,38468,38013,457,38470,358
2021-09-07,Stanislaus,099,539301,69639,68831,7736,76567,1074
2021-09-07,Sutter,101,95872,12460,12310,197,12507,138
2021-09-07,Tehama,103,63373,6740,6482,1047,7529,74
2021-09-07,Trinity,105,12862,667,517,174,691,6
2021-09-07,Tulare,107,460477,59016,57228,11760,68988,874
2021-09-07,Tuolumne,109,53932,5881,5759,65,5824,88
2021-09-07,Ventura,111,848112,92853,91246,3974,95220,1093
2021-09-07,Yolo,113,214977,17964,17653,775,18428,235
2021-09-07,Yuba,115,75493,8801,8642,185,8827,55
2021-09-06,Alameda,001,1643700,111383,110357,2490,112847,1301
2021-09-06,Alpine,003,1148,94,94,0,94,0
2021-09-06,Amador,005,37829,4748,4648,44,4692,53
2021-09-06,Butte,007,227075,17155,16588,3021,19609,218
2021-09-06,Calaveras,009,45235,3187,3122,20,3142,63
2021-09-06,Colusa,011,21464,2346,2306,505,2811,16
2021-09-06,Contra Costa,013,1133247,92124,90971,1814,92785,891
2021-09-06,Del Norte,015,27424,3205,3037,19,3056,24
2021-09-06,El Dorado,017,186661,14160,13848,1376,15224,119
2021-09-06,Fresno,019,978130,122102,119738,10747,130485,1828
2021-09-06,Glenn,021,27897,3020,2912,854,3766,20
2021-09-06,Humboldt,023,135768,7540,7320,306,7626,52
2021-09-06,Imperial,025,180216,30833,30576,2875,33451,751
2021-09-06,Inyo,027,18085,1593,1578,17,1595,39
2021-09-06,Kern,029,883053,112747,110347,16366,126713,1408
2021-09-06,Kings,031,150075,27781,27094,1486,28580,264
2021-09-06,Lake,033,64148,5744,5548,92,5640,78
2021-09-06,Lassen,035,31185,5965,5822,200,6022,21
2021-09-06,Los Angeles,037,10098052,1373033,1359348,49708,1409056,25477
2021-09-06,Madera,039,155013,19777,19191,1493,20684,249
2021-09-06,Marin,041,260295,16528,16356,366,16722,242
2021-09-06,Mariposa,043,17540,805,764,27,791,5
2021-09-06,Mendocino,045,87422,6251,5984,235,6219,61
2021-09-06,Merced,047,269075,36791,36300,1396,37696,513
2021-09-06,Modoc,049,8938,455,449,158,607,5
2021-09-06,Mono,051,14174,1441,1416,18,1434,3
2021-09-06,Monterey,053,433212,46562,45833,2411,48244,541
2021-09-06,Napa,055,140530,11926,11792,75,11867,90
2021-09-06,Nevada,057,99092,7969,7748,259,8007,82
2021-09-06,Orange,059,3164182,291908,287948,13538,301486,5274
2021-09-06,Placer,061,380077,32447,31595,2926,34521,337
2021-09-06,Plumas,063,18699,1128,1068,19,1087,5
2021-09-06,Riverside,065,2383286,338992,333052,15438,348490,4666
2021-09-06,Sacramento,067,1510023,142343,141730,3268,144998,1905
2021-09-06,San Benito,069,59416,6799,6777,133,6910,64
2021-09-06,San Bernardino,071,2135413,332874,329693,10278,339971,5398
2021-09-06,San Diego,073,3302833,344156,340222,20183,360405,3922
2021-09-06,San Francisco,075,870044,48808,48120,2033,50153,589
2021-09-06,San Joaquin,077,732212,90440,89293,4690,93983,1548
2021-09-06,San Luis Obispo,079,281455,26726,26183,1012,27195,286
2021-09-06,San Mateo,081,765935,50684,49859,741,50600,561
2021-09-06,Santa Barbara,083,443738,40712,39876,1390,41266,489
2021-09-06,Santa Clara,085,1922200,137962,136458,1035,137493,1807
2021-09-06,Santa Cruz,087,273765,18905,18615,946,19561,210
2021-09-06,Shasta,089,179085,16770,15985,2530,18515,226
2021-09-06,Sierra,091,2930,129,109,13,122,0
2021-09-06,Siskiyou,093,43540,2743,2595,868,3463,34
2021-09-06,Solano,095,438530,42725,41774,1065,42839,300
2021-09-06,Sonoma,097,501317,38347,37929,456,38385,358
2021-09-06,Stanislaus,099,539301,69297,68596,7692,76288,1074
2021-09-06,Sutter,101,95872,12398,12238,188,12426,138
2021-09-06,Tehama,103,63373,6678,6413,1020,7433,74
2021-09-06,Trinity,105,12862,664,515,172,687,6
2021-09-06,Tulare,107,460477,58657,57068,11679,68747,874
2021-09-06,Tuolumne,109,53932,5845,5697,65,5762,88
2021-09-06,Ventura,111,848112,92676,91132,3962,95094,1093
2021-09-06,Yolo,113,214977,17878,17576,770,18346,235
2021-09-06,Yuba,115,75493,8751,8584,181,8765,55
2021-09-05,Alameda,001,1643700,111190,110173,2487,112660,1301
2021-09-05,Alpine,003,1148,94,94,0,94,0
2021-09-05,Amador,005,37829,4736,4642,44,4686,53
2021-09-05,Butte,007,227075,17065,16504,2992,19496,218
2021-09-05,Calaveras,009,45235,3181,3106,20,3126,63
2021-09-05,Colusa,011,21464,2338,2305,503,2808,16
2021-09-05,Contra Costa,013,1133247,91939,90862,1809,92671,891
2021-09-05,Del Norte,015,27424,3185,3023,19,3042,24
2021-09-05,El Dorado,017,186661,14131,13827,1363,15190,119
2021-09-05,Fresno,019,978130,121804,119384,10706,130090,1828
2021-09-05,Glenn,021,27897,3006,2899,852,3751,20
2021-09-05,Humboldt,023,135768,7507,7312,303,7615,52
2021-09-05,Imperial,025,180216,30804,30548,2873,33421,751
2021-09-05,Inyo,027,18085,1590,1572,17,1589,39
2021-09-05,Kern,029,883053,112448,110073,16207,126280,1408
2021-09-05,Kings,031,150075,27704,26989,1482,28471,264
2021-09-05,Lake,033,64148,5724,5525,92,5617,78
2021-09-05,Lassen,035,31185,5943,5820,196,6016,21
2021-09-05,Los Angeles,037,10098052,1371736,1357748,49641,1407389,25465
2021-09-05,Madera,039,155013,19736,19155,1482,20637,249
2021-09-05,Marin,041,260295,16509,16342,365,16707,242
2021-09-05,Mariposa,043,17540,801,761,27,788,5
2021-09-05,Mendocino,045,87422,6217,5965,235,6200,61
2021-09-05,Merced,047,269075,36716,36243,1394,37637,513
2021-09-05,Modoc,049,8938,455,447,158,605,5
2021-09-05,Mono,051,14174,1441,1416,18,1434,3
2021-09-05,Monterey,053,433212,46534,45795,2402,48197,540
2021-09-05,Napa,055,140530,11901,11770,75,11845,90
2021-09-05,Nevada,057,99092,7947,7722,258,7980,82
2021-09-05,Orange,059,3164182,291620,287614,13521,301135,5274
2021-09-05,Placer,061,380077,32320,31487,2912,34399,337
2021-09-05,Plumas,063,18699,1121,1067,19,1086,5
2021-09-05,Riverside,065,2383286,338537,332604,15426,348030,4654
2021-09-05,Sacramento,067,1510023,141905,141276,3250,144526,1905
2021-09-05,San Benito,069,59416,6798,6764,133,6897,64
2021-09-05,San Bernardino,071,2135413,332490,329062,10262,339324,5392
2021-09-05,San Diego,073,3302833,343604,339427,20142,359569,3914
2021-09-05,San Francisco,075,870044,48729,48035,2029,50064,589
2021-09-05,San Joaquin,077,732212,90274,89121,4673,93794,1548
2021-09-05,San Luis Obispo,079,281455,26676,26098,1011,27109,285
2021-09-05,San Mateo,081,765935,50616,49809,737,50546,561
2021-09-05,Santa Barbara,083,443738,40645,39762,1388,41150,489
2021-09-05,Santa Clara,085,1922200,137752,136146,1033,137179,1807
2021-09-05,Santa Cruz,087,273765,18885,18588,944,19532,210
2021-09-05,Shasta,089,179085,16688,15960,2504,18464,226
2021-09-05,Sierra,091,2930,128,109,13,122,0
2021-09-05,Siskiyou,093,43540,2726,2585,854,3439,34
2021-09-05,Solano,095,438530,42630,41687,1060,42747,300
2021-09-05,Sonoma,097,501317,38262,37881,455,38336,358
2021-09-05,Stanislaus,099,539301,69157,68434,7668,76102,1074
2021-09-05,Sutter,101,95872,12368,12179,182,12361,138
2021-09-05,Tehama,103,63373,6651,6400,1014,7414,74
2021-09-05,Trinity,105,12862,658,505,171,676,6
2021-09-05,Tulare,107,460477,58488,56915,11635,68550,874
2021-09-05,Tuolumne,109,53932,5833,5688,65,5753,88
2021-09-05,Ventura,111,848112,92540,91004,3958,94962,1093
2021-09-05,Yolo,113,214977,17841,17557,765,18322,235
2021-09-05,Yuba,115,75493,8725,8521,179,8700,55
2021-09-04,Alameda,001,1643700,111067,109944,2480,112424,1301
2021-09-04,Alpine,003,1148,94,94,0,94,0
2021-09-04,Amador,005,37829,4718,4637,43,4680,53
2021-09-04,Butte,007,227075,17007,16403,2977,19380,218
2021-09-04,Calaveras,009,45235,3169,3087,19,3106,63
2021-09-04,Colusa,011,21464,2336,2301,503,2804,16
2021-09-04,Contra Costa,013,1133247,91822,90623,1806,92429,891
2021-09-04,Del Norte,015,27424,3174,2984,19,3003,24
2021-09-04,El Dorado,017,186661,14105,13782,1355,15137,119
2021-09-04,Fresno,019,978130,121609,119033,10686,129719,1828
2021-09-04,Glenn,021,27897,2996,2878,846,3724,20
2021-09-04,Humboldt,023,135768,7476,7298,297,7595,52
2021-09-04,Imperial,025,180216,30781,30526,2871,33397,751
2021-09-04,Inyo,027,18085,1588,1571,17,1588,39
2021-09-04,Kern,029,883053,112205,109751,16077,125828,1408
2021-09-04,Kings,031,150075,27617,26896,1476,28372,263
2021-09-04,Lake,033,64148,5706,5507,92,5599,78
2021-09-04,Lassen,035,31185,5928,5814,188,6002,21
2021-09-04,Los Angeles,037,10098052,1370779,1355634,49584,1405218,25454
2021-09-04,Madera,039,155013,19703,19112,1475,20587,249
2021-09-04,Marin,041,260295,16493,16319,364,16683,242
2021-09-04,Mariposa,043,17540,796,759,27,786,5
2021-09-04,Mendocino,045,87422,6181,5933,235,6168,61
2021-09-04,Merced,047,269075,36672,36083,1389,37472,513
2021-09-04,Modoc,049,8938,455,447,158,605,5
2021-09-04,Mono,051,14174,1438,1417,18,1435,3
2021-09-04,Monterey,053,433212,46503,45756,2398,48154,540
2021-09-04,Napa,055,140530,11876,11760,73,11833,90
2021-09-04,Nevada,057,99092,7932,7691,257,7948,82
2021-09-04,Orange,059,3164182,291357,287244,13500,300744,5274
2021-09-04,Placer,061,380077,32216,31374,2895,34269,337
2021-09-04,Plumas,063,18699,1113,1067,19,1086,5
2021-09-04,Riverside,065,2383286,338067,331958,15414,347372,4654
2021-09-04,Sacramento,067,1510023,141611,140735,3242,143977,1896
2021-09-04,San Benito,069,59416,6789,6758,133,6891,64
2021-09-04,San Bernardino,071,2135413,332158,328425,10248,338673,5393
2021-09-04,San Diego,073,3302833,343169,338748,20120,358868,3914
2021-09-04,San Francisco,075,870044,48654,47937,2021,49958,589
2021-09-04,San Joaquin,077,732212,90159,88846,4665,93511,1548
2021-09-04,San Luis Obispo,079,281455,26644,26020,1011,27031,285
2021-09-04,San Mateo,081,765935,50562,49721,737,50458,560
2021-09-04,Santa Barbara,083,443738,40579,39667,1386,41053,489
2021-09-04,Santa Clara,085,1922200,137567,135845,1030,136875,1806
2021-09-04,Santa Cruz,087,273765,18867,18579,940,19519,210
2021-09-04,Shasta,089,179085,16611,15924,2478,18402,226
2021-09-04,Sierra,091,2930,126,108,13,121,0
2021-09-04,Siskiyou,093,43540,2700,2563,843,3406,34
2021-09-04,Solano,095,438530,42557,41614,1058,42672,300
2021-09-04,Sonoma,097,501317,38229,37809,455,38264,358
2021-09-04,Stanislaus,099,539301,69010,68210,7643,75853,1074
2021-09-04,Sutter,101,95872,12327,12137,181,12318,138
2021-09-04,Tehama,103,63373,6626,6367,996,7363,74
2021-09-04,Trinity,105,12862,656,497,171,668,6
2021-09-04,Tulare,107,460477,58380,56719,11592,68311,874
2021-09-04,Tuolumne,109,53932,5814,5667,63,5730,88
2021-09-04,Ventura,111,848112,92405,90904,3955,94859,1090
2021-09-04,Yolo,113,214977,17805,17522,761,18283,235
2021-09-04,Yuba,115,75493,8696,8475,178,8653,55
2021-09-03,Alameda,001,1643700,110907,109636,2478,112114,1301
2021-09-03,Alpine,003,1148,94,94,0,94,0
2021-09-03,Amador,005,37829,4696,4614,43,4657,53
2021-09-03,Butte,007,227075,16916,16259,2951,19210,215
2021-09-03,Calaveras,009,45235,3159,3069,19,3088,63
2021-09-03,Colusa,011,21464,2331,2295,502,2797,16
2021-09-03,Contra Costa,013,1133247,91670,90299,1803,92102,886
2021-09-03,Del Norte,015,27424,3146,2943,18,2961,24
2021-09-03,El Dorado,017,186661,14072,13710,1351,15061,119
2021-09-03,Fresno,019,978130,121273,118508,10664,129172,1822
2021-09-03,Glenn,021,27897,2987,2867,838,3705,20
2021-09-03,Humboldt,023,135768,7451,7194,292,7486,52
2021-09-03,Imperial,025,180216,30758,30475,2866,33341,751
2021-09-03,Inyo,027,18085,1583,1567,17,1584,39
2021-09-03,Kern,029,883053,111989,109296,15966,125262,1407
2021-09-03,Kings,031,150075,27533,26753,1473,28226,263
2021-09-03,Lake,033,64148,5686,5479,90,5569,78
2021-09-03,Lassen,035,31185,5911,5789,184,5973,21
2021-09-03,Los Angeles,037,10098052,1369448,1351185,49519,1400704,25384
2021-09-03,Madera,039,155013,19618,19021,1469,20490,247
2021-09-03,Marin,041,260295,16471,16293,363,16656,242
2021-09-03,Mariposa,043,17540,789,753,25,778,5
2021-09-03,Mendocino,045,87422,6146,5891,235,6126,61
2021-09-03,Merced,047,269075,36618,35941,1380,37321,512
2021-09-03,Modoc,049,8938,455,445,158,603,5
2021-09-03,Mono,051,14174,1437,1410,18,1428,3
2021-09-03,Monterey,053,433212,46465,45707,2394,48101,540
2021-09-03,Napa,055,140530,11855,11733,73,11806,89
2021-09-03,Nevada,057,99092,7898,7632,257,7889,82
2021-09-03,Orange,059,3164182,291039,286818,13473,300291,5253
2021-09-03,Placer,061,380077,32109,31238,2871,34109,335
2021-09-03,Plumas,063,18699,1102,1057,19,1076,5
2021-09-03,Riverside,065,2383286,337535,331011,15398,346409,4653
2021-09-03,Sacramento,067,1510023,141247,139982,3224,143206,1886
2021-09-03,San Benito,069,59416,6783,6746,133,6879,64
2021-09-03,San Bernardino,071,2135413,331741,327599,10238,337837,5381
2021-09-03,San Diego,073,3302833,342549,337627,20087,357714,3911
2021-09-03,San Francisco,075,870044,48578,47822,2015,49837,589
2021-09-03,San Joaquin,077,732212,90006,88366,4657,93023,1540
2021-09-03,San Luis Obispo,079,281455,26569,25917,1009,26926,283
2021-09-03,San Mateo,081,765935,50467,49617,735,50352,560
2021-09-03,Santa Barbara,083,443738,40512,39507,1383,40890,489
2021-09-03,Santa Clara,085,1922200,137365,135522,1026,136548,1801
2021-09-03,Santa Cruz,087,273765,18842,18532,940,19472,210
2021-09-03,Shasta,089,179085,16536,15778,2454,18232,226
2021-09-03,Sierra,091,2930,124,105,13,118,0
2021-09-03,Siskiyou,093,43540,2688,2529,830,3359,34
2021-09-03,Solano,095,438530,42461,41457,1055,42512,300
2021-09-03,Sonoma,097,501317,38166,37699,455,38154,358
2021-09-03,Stanislaus,099,539301,68834,67887,7617,75504,1074
2021-09-03,Sutter,101,95872,12288,12073,180,12253,139
2021-09-03,Tehama,103,63373,6587,6334,989,7323,72
2021-09-03,Trinity,105,12862,654,490,167,657,6
2021-09-03,Tulare,107,460477,58254,56401,11540,67941,872
2021-09-03,Tuolumne,109,53932,5772,5630,63,5693,88
2021-09-03,Ventura,111,848112,92271,90742,3951,94693,1088
2021-09-03,Yolo,113,214977,17781,17446,757,18203,235
2021-09-03,Yuba,115,75493,8665,8412,178,8590,55
2021-09-02,Alameda,001,1643700,110649,109377,2475,111852,1301
2021-09-02,Alpine,003,1148,93,92,0,92,0
2021-09-02,Amador,005,37829,4680,4606,43,4649,53
2021-09-02,Butte,007,227075,16789,16154,2932,19086,215
2021-09-02,Calaveras,009,45235,3146,3042,19,3061,62
2021-09-02,Colusa,011,21464,2327,2290,502,2792,16
2021-09-02,Contra Costa,013,1133247,91488,90038,1792,91830,886
2021-09-02,Del Norte,015,27424,3115,2891,18,2909,24
2021-09-02,El Dorado,017,186661,14014,13641,1326,14967,119
2021-09-02,Fresno,019,978130,120785,117974,10610,128584,1804
2021-09-02,Glenn,021,27897,2971,2855,832,3687,20
2021-09-02,Humboldt,023,135768,7404,7141,281,7422,52
2021-09-02,Imperial,025,180216,30714,30449,2861,33310,751
2021-09-02,Inyo,027,18085,1578,1564,16,1580,39
2021-09-02,Kern,029,883053,111576,108930,15822,124752,1404
2021-09-02,Kings,031,150075,27440,26638,1463,28101,263
2021-09-02,Lake,033,64148,5656,5432,86,5518,78
2021-09-02,Lassen,035,31185,5897,5747,177,5924,21
2021-09-02,Los Angeles,037,10098052,1367591,1351105,49427,1400532,25382
2021-09-02,Madera,039,155013,19527,18937,1451,20388,247
2021-09-02,Marin,041,260295,16458,16244,361,16605,242
2021-09-02,Mariposa,043,17540,782,745,22,767,5
2021-09-02,Mendocino,045,87422,6104,5848,232,6080,61
2021-09-02,Merced,047,269075,36455,35820,1373,37193,508
2021-09-02,Modoc,049,8938,455,437,158,595,5
2021-09-02,Mono,051,14174,1437,1409,18,1427,3
2021-09-02,Monterey,053,433212,46399,45648,2379,48027,539
2021-09-02,Napa,055,140530,11826,11684,73,11757,88
2021-09-02,Nevada,057,99092,7846,7575,256,7831,82
2021-09-02,Orange,059,3164182,290579,286326,13439,299765,5240
2021-09-02,Placer,061,380077,31971,31067,2842,33909,330
2021-09-02,Plumas,063,18699,1091,1045,18,1063,5
2021-09-02,Riverside,065,2383286,336819,330190,15374,345564,4644
2021-09-02,Sacramento,067,1510023,140666,139274,3184,142458,1882
2021-09-02,San Benito,069,59416,6778,6734,132,6866,64
2021-09-02,San Bernardino,071,2135413,331131,326940,10165,337105,5369
2021-09-02,San Diego,073,3302833,341591,336382,20034,356416,3909
2021-09-02,San Francisco,075,870044,48468,47674,2011,49685,587
2021-09-02,San Joaquin,077,732212,89722,88056,4633,92689,1540
2021-09-02,San Luis Obispo,079,281455,26484,25851,1004,26855,283
2021-09-02,San Mateo,081,765935,50366,49490,733,50223,558
2021-09-02,Santa Barbara,083,443738,40422,39386,1370,40756,486
2021-09-02,Santa Clara,085,1922200,137064,135216,1020,136236,1799
2021-09-02,Santa Cruz,087,273765,18808,18473,937,19410,210
2021-09-02,Shasta,089,179085,16398,15670,2425,18095,224
2021-09-02,Sierra,091,2930,124,105,13,118,0
2021-09-02,Siskiyou,093,43540,2667,2513,802,3315,34
2021-09-02,Solano,095,438530,42355,41293,1052,42345,294
2021-09-02,Sonoma,097,501317,38085,37558,455,38013,352
2021-09-02,Stanislaus,099,539301,68593,67576,7597,75173,1074
2021-09-02,Sutter,101,95872,12219,11995,176,12171,138
2021-09-02,Tehama,103,63373,6529,6265,970,7235,72
2021-09-02,Trinity,105,12862,650,484,165,649,6
2021-09-02,Tulare,107,460477,58024,56105,11488,67593,872
2021-09-02,Tuolumne,109,53932,5715,5578,63,5641,88
2021-09-02,Ventura,111,848112,92088,90610,3946,94556,1084
2021-09-02,Yolo,113,214977,17706,17357,751,18108,235
2021-09-02,Yuba,115,75493,8605,8363,178,8541,55
2021-09-01,Alameda,001,1643700,110381,109075,2470,111545,1299
2021-09-01,Alpine,003,1148,93,92,0,92,0
2021-09-01,Amador,005,37829,4664,4599,42,4641,53
2021-09-01,Butte,007,227075,16674,16046,2904,18950,215
2021-09-01,Calaveras,009,45235,3134,3023,19,3042,59
2021-09-01,Colusa,011,21464,2322,2281,501,2782,16
2021-09-01,Contra Costa,013,1133247,91252,89834,1785,91619,877
2021-09-01,Del Norte,015,27424,3082,2860,18,2878,24
2021-09-01,El Dorado,017,186661,13958,13577,1297,14874,119
2021-09-01,Fresno,019,978130,120294,117492,10540,128032,1800
2021-09-01,Glenn,021,27897,2946,2846,824,3670,20
2021-09-01,Humboldt,023,135768,7357,7090,274,7364,52
2021-09-01,Imperial,025,180216,30676,30393,2856,33249,750
2021-09-01,Inyo,027,18085,1574,1561,15,1576,39
2021-09-01,Kern,029,883053,111146,108449,15684,124133,1400
2021-09-01,Kings,031,150075,27327,26443,1452,27895,263
2021-09-01,Lake,033,64148,5615,5396,81,5477,77
2021-09-01,Lassen,035,31185,5875,5731,173,5904,21
2021-09-01,Los Angeles,037,10098052,1365326,1348589,49326,1397915,25341
2021-09-01,Madera,039,155013,19449,18852,1436,20288,247
2021-09-01,Marin,041,260295,16436,16224,356,16580,240
2021-09-01,Mariposa,043,17540,774,735,22,757,5
2021-09-01,Mendocino,045,87422,6061,5821,227,6048,59
2021-09-01,Merced,047,269075,36277,35686,1363,37049,500
2021-09-01,Modoc,049,8938,449,436,156,592,5
2021-09-01,Mono,051,14174,1437,1400,18,1418,3
2021-09-01,Monterey,053,433212,46319,45590,2364,47954,539
2021-09-01,Napa,055,140530,11793,11653,73,11726,88
2021-09-01,Nevada,057,99092,7793,7508,255,7763,82
2021-09-01,Orange,059,3164182,290105,285840,13402,299242,5233
2021-09-01,Placer,061,380077,31814,30902,2828,33730,330
2021-09-01,Plumas,063,18699,1083,1033,18,1051,5
2021-09-01,Riverside,065,2383286,336007,329388,15344,344732,4634
2021-09-01,Sacramento,067,1510023,140058,138499,3139,141638,1875
2021-09-01,San Benito,069,59416,6761,6716,132,6848,64
2021-09-01,San Bernardino,071,2135413,330485,326250,10136,336386,5364
2021-09-01,San Diego,073,3302833,340569,335302,19978,355280,3908
2021-09-01,San Francisco,075,870044,48360,47538,2004,49542,584
2021-09-01,San Joaquin,077,732212,89400,87640,4610,92250,1540
2021-09-01,San Luis Obispo,079,281455,26388,25691,999,26690,283
2021-09-01,San Mateo,081,765935,50247,49394,727,50121,558
2021-09-01,Santa Barbara,083,443738,40304,39263,1354,40617,483
2021-09-01,Santa Clara,085,1922200,136796,134855,1014,135869,1796
2021-09-01,Santa Cruz,087,273765,18761,18453,935,19388,210
2021-09-01,Shasta,089,179085,16266,15552,2385,17937,221
2021-09-01,Sierra,091,2930,123,98,13,111,0
2021-09-01,Siskiyou,093,43540,2637,2482,782,3264,34
2021-09-01,Solano,095,438530,42204,41194,1046,42240,293
2021-09-01,Sonoma,097,501317,37991,37454,454,37908,352
2021-09-01,Stanislaus,099,539301,68308,67287,7566,74853,1075
2021-09-01,Sutter,101,95872,12155,11945,169,12114,136
2021-09-01,Tehama,103,63373,6495,6228,953,7181,72
2021-09-01,Trinity,105,12862,649,482,162,644,5
2021-09-01,Tulare,107,460477,57741,55768,11451,67219,870
2021-09-01,Tuolumne,109,53932,5676,5553,63,5616,88
2021-09-01,Ventura,111,848112,91873,90471,3930,94401,1089
2021-09-01,Yolo,113,214977,17646,17264,749,18013,235
2021-09-01,Yuba,115,75493,8543,8308,178,8486,55
2021-08-31,Alameda,001,1643700,110088,108837,2464,111301,1297
2021-08-31,Alpine,003,1148,91,92,0,92,0
2021-08-31,Amador,005,37829,4643,4555,42,4597,53
2021-08-31,Butte,007,227075,16533,15896,2863,18759,216
2021-08-31,Calaveras,009,45235,3094,3008,19,3027,59
2021-08-31,Colusa,011,21464,2320,2275,499,2774,16
2021-08-31,Contra Costa,013,1133247,90957,89546,1773,91319,871
2021-08-31,Del Norte,015,27424,3046,2830,18,2848,19
2021-08-31,El Dorado,017,186661,13887,13539,1279,14818,119
2021-08-31,Fresno,019,978130,119718,117155,10460,127615,1801
2021-08-31,Glenn,021,27897,2930,2829,814,3643,20
2021-08-31,Humboldt,023,135768,7282,7030,261,7291,52
2021-08-31,Imperial,025,180216,30639,30348,2848,33196,750
2021-08-31,Inyo,027,18085,1570,1550,15,1565,39
2021-08-31,Kern,029,883053,110644,108151,15505,123656,1393
2021-08-31,Kings,031,150075,27186,26405,1438,27843,260
2021-08-31,Lake,033,64148,5571,5359,80,5439,74
2021-08-31,Lassen,035,31185,5849,5702,170,5872,21
2021-08-31,Los Angeles,037,10098052,1362734,1346686,49249,1395935,25303
2021-08-31,Madera,039,155013,19359,18811,1419,20230,247
2021-08-31,Marin,041,260295,16407,16215,353,16568,240
2021-08-31,Mariposa,043,17540,766,732,22,754,5
2021-08-31,Mendocino,045,87422,6019,5777,226,6003,59
2021-08-31,Merced,047,269075,36107,35512,1358,36870,498
2021-08-31,Modoc,049,8938,448,436,156,592,5
2021-08-31,Mono,051,14174,1425,1398,18,1416,3
2021-08-31,Monterey,053,433212,46235,45550,2351,47901,539
2021-08-31,Napa,055,140530,11745,11618,73,11691,88
2021-08-31,Nevada,057,99092,7727,7460,255,7715,82
2021-08-31,Orange,059,3164182,289506,285310,13370,298680,5229
2021-08-31,Placer,061,380077,31624,30745,2791,33536,325
2021-08-31,Plumas,063,18699,1079,1018,17,1035,5
2021-08-31,Riverside,065,2383286,335035,328556,15311,343867,4627
2021-08-31,Sacramento,067,1510023,139374,137879,3107,140986,1863
2021-08-31,San Benito,069,59416,6749,6694,130,6824,64
2021-08-31,San Bernardino,071,2135413,329736,325446,10116,335562,5350
2021-08-31,San Diego,073,3302833,339316,334377,19920,354297,3888
2021-08-31,San Francisco,075,870044,48210,47440,1993,49433,581
2021-08-31,San Joaquin,077,732212,88956,87365,4595,91960,1540
2021-08-31,San Luis Obispo,079,281455,26265,25518,995,26513,282
2021-08-31,San Mateo,081,765935,50135,49299,727,50026,556
2021-08-31,Santa Barbara,083,443738,40154,39091,1348,40439,481
2021-08-31,Santa Clara,085,1922200,136443,134637,1007,135644,1793
2021-08-31,Santa Cruz,087,273765,18723,18419,932,19351,210
2021-08-31,Shasta,089,179085,16114,15368,2358,17726,220
2021-08-31,Sierra,091,2930,120,95,13,108,0
2021-08-31,Siskiyou,093,43540,2617,2435,766,3201,33
2021-08-31,Solano,095,438530,42064,41067,1040,42107,289
2021-08-31,Sonoma,097,501317,37895,37379,453,37832,352
2021-08-31,Stanislaus,099,539301,67953,67004,7531,74535,1075
2021-08-31,Sutter,101,95872,12090,11901,165,12066,136
2021-08-31,Tehama,103,63373,6434,6169,922,7091,72
2021-08-31,Trinity,105,12862,643,480,162,642,3
2021-08-31,Tulare,107,460477,57407,55567,11381,66948,870
2021-08-31,Tuolumne,109,53932,5640,5516,63,5579,88
2021-08-31,Ventura,111,848112,91654,90292,3918,94210,1081
2021-08-31,Yolo,113,214977,17560,17205,747,17952,234
2021-08-31,Yuba,115,75493,8489,8253,178,8431,54
2021-08-30,Alameda,001,1643700,109771,107734,2453,110187,1296
2021-08-30,Alpine,003,1148,91,92,0,92,0
2021-08-30,Amador,005,37829,4632,4507,42,4549,53
2021-08-30,Butte,007,227075,16381,15719,2830,18549,214
2021-08-30,Calaveras,009,45235,3079,2975,19,2994,59
2021-08-30,Colusa,011,21464,2311,2271,496,2767,16
2021-08-30,Contra Costa,013,1133247,90697,87679,1763,89442,872
2021-08-30,Del Norte,015,27424,3004,2796,17,2813,11
2021-08-30,El Dorado,017,186661,13818,13217,1262,14479,119
2021-08-30,Fresno,019,978130,119147,115867,10388,126255,1790
2021-08-30,Glenn,021,27897,2919,2804,808,3612,20
2021-08-30,Humboldt,023,135768,7228,6930,255,7185,52
2021-08-30,Imperial,025,180216,30601,30311,2843,33154,750
2021-08-30,Inyo,027,18085,1565,1544,15,1559,39
2021-08-30,Kern,029,883053,110166,107615,15343,122958,1389
2021-08-30,Kings,031,150075,27069,26236,1423,27659,259
2021-08-30,Lake,033,64148,5536,5323,77,5400,74
2021-08-30,Lassen,035,31185,5827,5667,164,5831,21
2021-08-30,Los Angeles,037,10098052,1360275,1344949,49164,1394113,25269
2021-08-30,Madera,039,155013,19277,18622,1399,20021,247
2021-08-30,Marin,041,260295,16376,16160,353,16513,240
2021-08-30,Mariposa,043,17540,760,715,21,736,5
2021-08-30,Mendocino,045,87422,5985,5721,222,5943,55
2021-08-30,Merced,047,269075,35979,35335,1354,36689,497
2021-08-30,Modoc,049,8938,446,436,155,591,5
2021-08-30,Mono,051,14174,1424,1390,18,1408,3
2021-08-30,Monterey,053,433212,46173,45463,2334,47797,539
2021-08-30,Napa,055,140530,11696,11579,71,11650,87
2021-08-30,Nevada,057,99092,7668,7356,252,7608,82
2021-08-30,Orange,059,3164182,288924,284750,13321,298071,5223
2021-08-30,Placer,061,380077,31459,29825,2768,32593,319
2021-08-30,Plumas,063,18699,1062,998,17,1015,5
2021-08-30,Riverside,065,2383286,334145,327593,15280,342873,4623
2021-08-30,Sacramento,067,1510023,138716,134571,3061,137632,1847
2021-08-30,San Benito,069,59416,6740,6663,130,6793,64
2021-08-30,San Bernardino,071,2135413,329058,324870,10086,334956,5348
2021-08-30,San Diego,073,3302833,338045,333011,19840,352851,3885
2021-08-30,San Francisco,075,870044,48069,46966,1980,48946,581
2021-08-30,San Joaquin,077,732212,88625,86203,4574,90777,1528
2021-08-30,San Luis Obispo,079,281455,26140,25422,988,26410,280
2021-08-30,San Mateo,081,765935,50009,48839,721,49560,554
2021-08-30,Santa Barbara,083,443738,40002,38998,1343,40341,481
2021-08-30,Santa Clara,085,1922200,136122,133281,1000,134281,1789
2021-08-30,Santa Cruz,087,273765,18669,18326,928,19254,210
2021-08-30,Shasta,089,179085,15985,15238,2319,17557,217
2021-08-30,Sierra,091,2930,118,91,13,104,0
2021-08-30,Siskiyou,093,43540,2604,2411,755,3166,33
2021-08-30,Solano,095,438530,41903,39986,1036,41022,290
2021-08-30,Sonoma,097,501317,37790,36764,453,37217,352
2021-08-30,Stanislaus,099,539301,67614,66173,7500,73673,1074
2021-08-30,Sutter,101,95872,12020,11791,158,11949,136
2021-08-30,Tehama,103,63373,6355,6085,898,6983,71
2021-08-30,Trinity,105,12862,632,468,159,627,3
2021-08-30,Tulare,107,460477,57095,55140,11306,66446,870
2021-08-30,Tuolumne,109,53932,5594,5492,63,5555,74
2021-08-30,Ventura,111,848112,91438,90149,3906,94055,1082
2021-08-30,Yolo,113,214977,17498,17071,743,17814,231
2021-08-30,Yuba,115,75493,8415,8129,177,8306,54
2021-08-29,Alameda,001,1643700,109439,107494,2442,109936,1296
2021-08-29,Alpine,003,1148,91,92,0,92,0
2021-08-29,Amador,005,37829,4618,4501,42,4543,53
2021-08-29,Butte,007,227075,16211,15602,2793,18395,214
2021-08-29,Calaveras,009,45235,3047,2970,19,2989,59
2021-08-29,Colusa,011,21464,2304,2260,490,2750,16
2021-08-29,Contra Costa,013,1133247,90400,87439,1758,89197,872
2021-08-29,Del Norte,015,27424,2961,2752,17,2769,11
2021-08-29,El Dorado,017,186661,13762,13166,1251,14417,119
2021-08-29,Fresno,019,978130,118550,115502,10318,125820,1790
2021-08-29,Glenn,021,27897,2901,2778,801,3579,20
2021-08-29,Humboldt,023,135768,7184,6922,240,7162,52
2021-08-29,Imperial,025,180216,30540,30293,2832,33125,750
2021-08-29,Inyo,027,18085,1555,1543,14,1557,39
2021-08-29,Kern,029,883053,109715,107324,15173,122497,1389
2021-08-29,Kings,031,150075,26915,26143,1409,27552,259
2021-08-29,Lake,033,64148,5496,5293,67,5360,74
2021-08-29,Lassen,035,31185,5804,5666,160,5826,21
2021-08-29,Los Angeles,037,10098052,1357527,1342541,49053,1391594,25263
2021-08-29,Madera,039,155013,19190,18594,1383,19977,247
2021-08-29,Marin,041,260295,16345,16134,351,16485,240
2021-08-29,Mariposa,043,17540,754,709,19,728,5
2021-08-29,Mendocino,045,87422,5927,5689,209,5898,55
2021-08-29,Merced,047,269075,35740,35250,1342,36592,497
2021-08-29,Modoc,049,8938,443,436,155,591,5
2021-08-29,Mono,051,14174,1417,1387,18,1405,3
2021-08-29,Monterey,053,433212,46068,45424,2311,47735,539
2021-08-29,Napa,055,140530,11665,11552,71,11623,87
2021-08-29,Nevada,057,99092,7611,7294,251,7545,82
2021-08-29,Orange,059,3164182,288296,284432,13279,297711,5223
2021-08-29,Placer,061,380077,31286,29674,2727,32401,319
2021-08-29,Plumas,063,18699,1051,996,17,1013,5
2021-08-29,Riverside,065,2383286,333285,326987,15259,342246,4623
2021-08-29,Sacramento,067,1510023,137963,133981,3012,136993,1843
2021-08-29,San Benito,069,59416,6715,6646,130,6776,64
2021-08-29,San Bernardino,071,2135413,328273,324266,10052,334318,5347
2021-08-29,San Diego,073,3302833,336939,332014,19745,351759,3880
2021-08-29,San Francisco,075,870044,47934,46885,1968,48853,581
2021-08-29,San Joaquin,077,732212,88177,85922,4554,90476,1528
2021-08-29,San Luis Obispo,079,281455,25942,25288,980,26268,280
2021-08-29,San Mateo,081,765935,49896,48737,716,49453,554
2021-08-29,Santa Barbara,083,443738,39836,38900,1339,40239,481
2021-08-29,Santa Clara,085,1922200,135769,132979,994,133973,1789
2021-08-29,Santa Cruz,087,273765,18622,18285,926,19211,210
2021-08-29,Shasta,089,179085,15831,15198,2292,17490,217
2021-08-29,Sierra,091,2930,116,91,13,104,0
2021-08-29,Siskiyou,093,43540,2557,2407,735,3142,33
2021-08-29,Solano,095,438530,41749,39887,1029,40916,290
2021-08-29,Sonoma,097,501317,37655,36650,449,37099,352
2021-08-29,Stanislaus,099,539301,67269,65956,7464,73420,1074
2021-08-29,Sutter,101,95872,11961,11719,151,11870,136
2021-08-29,Tehama,103,63373,6284,6040,875,6915,71
2021-08-29,Trinity,105,12862,629,468,156,624,3
2021-08-29,Tulare,107,460477,56761,54974,11222,66196,870
2021-08-29,Tuolumne,109,53932,5568,5478,62,5540,74
2021-08-29,Ventura,111,848112,91180,90114,3897,94011,1082
2021-08-29,Yolo,113,214977,17398,17015,730,17745,231
2021-08-29,Yuba,115,75493,8351,8042,177,8219,54
2021-08-28,Alameda,001,1643700,109276,107007,2433,109440,1296
2021-08-28,Alpine,003,1148,91,92,0,92,0
2021-08-28,Amador,005,37829,4599,4484,41,4525,53
2021-08-28,Butte,007,227075,16151,15487,2765,18252,214
2021-08-28,Calaveras,009,45235,3037,2926,19,2945,59
2021-08-28,Colusa,011,21464,2300,2252,488,2740,16
2021-08-28,Contra Costa,013,1133247,90189,86938,1755,88693,872
2021-08-28,Del Norte,015,27424,2934,2734,16,2750,11
2021-08-28,El Dorado,017,186661,13723,13089,1245,14334,119
2021-08-28,Fresno,019,978130,118309,115079,10287,125366,1792
2021-08-28,Glenn,021,27897,2892,2773,794,3567,20
2021-08-28,Humboldt,023,135768,7149,6887,235,7122,52
2021-08-28,Imperial,025,180216,30513,30260,2829,33089,750
2021-08-28,Inyo,027,18085,1553,1539,14,1553,39
2021-08-28,Kern,029,883053,109477,107012,15033,122045,1389
2021-08-28,Kings,031,150075,26848,26059,1406,27465,257
2021-08-28,Lake,033,64148,5473,5267,63,5330,74
2021-08-28,Lassen,035,31185,5789,5665,159,5824,21
2021-08-28,Los Angeles,037,10098052,1356312,1337097,48982,1386079,25234
2021-08-28,Madera,039,155013,19139,18553,1369,19922,247
2021-08-28,Marin,041,260295,16330,16106,351,16457,240
2021-08-28,Mariposa,043,17540,752,704,19,723,5
2021-08-28,Mendocino,045,87422,5902,5658,209,5867,55
2021-08-28,Merced,047,269075,35688,35108,1339,36447,497
2021-08-28,Modoc,049,8938,443,436,154,590,5
2021-08-28,Mono,051,14174,1414,1385,18,1403,3
2021-08-28,Monterey,053,433212,46026,45394,2306,47700,539
2021-08-28,Napa,055,140530,11642,11512,70,11582,88
2021-08-28,Nevada,057,99092,7587,7238,249,7487,82
2021-08-28,Orange,059,3164182,287939,283953,13231,297184,5222
2021-08-28,Placer,061,380077,31177,29428,2714,32142,319
2021-08-28,Plumas,063,18699,1044,991,17,1008,5
2021-08-28,Riverside,065,2383286,332697,326222,15249,341471,4623
2021-08-28,Sacramento,067,1510023,137572,132985,2994,135979,1844
2021-08-28,San Benito,069,59416,6708,6636,130,6766,64
2021-08-28,San Bernardino,071,2135413,327825,323672,10044,333716,5348
2021-08-28,San Diego,073,3302833,336355,331330,19709,351039,3880
2021-08-28,San Francisco,075,870044,47862,46654,1961,48615,581
2021-08-28,San Joaquin,077,732212,88007,85481,4545,90026,1527
2021-08-28,San Luis Obispo,079,281455,25875,25138,975,26113,280
2021-08-28,San Mateo,081,765935,49822,48575,712,49287,554
2021-08-28,Santa Barbara,083,443738,39765,38780,1339,40119,481
2021-08-28,Santa Clara,085,1922200,135563,132488,992,133480,1789
2021-08-28,Santa Cruz,087,273765,18604,18240,923,19163,210
2021-08-28,Shasta,089,179085,15728,15147,2274,17421,217
2021-08-28,Sierra,091,2930,112,91,13,104,0
2021-08-28,Siskiyou,093,43540,2549,2402,724,3126,33
2021-08-28,Solano,095,438530,41700,39610,1028,40638,290
2021-08-28,Sonoma,097,501317,37582,36466,447,36913,352
2021-08-28,Stanislaus,099,539301,67111,65670,7447,73117,1074
2021-08-28,Sutter,101,95872,11940,11669,150,11819,136
2021-08-28,Tehama,103,63373,6258,6004,864,6868,71
2021-08-28,Trinity,105,12862,625,463,155,618,3
2021-08-28,Tulare,107,460477,56631,54746,11180,65926,870
2021-08-28,Tuolumne,109,53932,5552,5469,62,5531,74
2021-08-28,Ventura,111,848112,91062,89934,3895,93829,1081
2021-08-28,Yolo,113,214977,17363,16907,723,17630,231
2021-08-28,Yuba,115,75493,8320,7985,176,8161,55
2021-08-27,Alameda,001,1643700,109065,106622,2431,109053,1296
2021-08-27,Alpine,003,1148,91,92,0,92,0
2021-08-27,Amador,005,37829,4583,4458,40,4498,53
2021-08-27,Butte,007,227075,16071,15277,2744,18021,214
2021-08-27,Calaveras,009,45235,3023,2903,19,2922,59
2021-08-27,Colusa,011,21464,2294,2240,486,2726,16
2021-08-27,Contra Costa,013,1133247,89991,86386,1752,88138,872
2021-08-27,Del Norte,015,27424,2902,2695,16,2711,11
2021-08-27,El Dorado,017,186661,13684,12968,1241,14209,119
2021-08-27,Fresno,019,978130,117874,114481,10266,124747,1774
2021-08-27,Glenn,021,27897,2874,2754,785,3539,20
2021-08-27,Humboldt,023,135768,7116,6782,232,7014,52
2021-08-27,Imperial,025,180216,30493,30201,2827,33028,750
2021-08-27,Inyo,027,18085,1552,1529,14,1543,39
2021-08-27,Kern,029,883053,109183,106570,14923,121493,1385
2021-08-27,Kings,031,150075,26769,25957,1404,27361,257
2021-08-27,Lake,033,64148,5448,5228,62,5290,74
2021-08-27,Lassen,035,31185,5773,5646,154,5800,21
2021-08-27,Los Angeles,037,10098052,1354783,1337006,48921,1385927,25230
2021-08-27,Madera,039,155013,19083,18476,1356,19832,247
2021-08-27,Marin,041,260295,16314,16055,349,16404,240
2021-08-27,Mariposa,043,17540,746,690,19,709,5
2021-08-27,Mendocino,045,87422,5871,5602,208,5810,55
2021-08-27,Merced,047,269075,35634,34906,1331,36237,495
2021-08-27,Modoc,049,8938,443,434,154,588,5
2021-08-27,Mono,051,14174,1409,1385,18,1403,3
2021-08-27,Monterey,053,433212,45977,45337,2298,47635,539
2021-08-27,Napa,055,140530,11608,11460,70,11530,87
2021-08-27,Nevada,057,99092,7547,7169,247,7416,82
2021-08-27,Orange,059,3164182,287579,283407,13192,296599,5206
2021-08-27,Placer,061,380077,31047,29157,2695,31852,320
2021-08-27,Plumas,063,18699,1038,984,17,1001,5
2021-08-27,Riverside,065,2383286,332179,325379,15234,340613,4622
2021-08-27,Sacramento,067,1510023,137137,131921,2981,134902,1838
2021-08-27,San Benito,069,59416,6702,6622,130,6752,64
2021-08-27,San Bernardino,071,2135413,327299,322893,10026,332919,5342
2021-08-27,San Diego,073,3302833,335574,330162,19655,349817,3877
2021-08-27,San Francisco,075,870044,47786,46456,1943,48399,581
2021-08-27,San Joaquin,077,732212,87824,84949,4526,89475,1524
2021-08-27,San Luis Obispo,079,281455,25826,24952,972,25924,280
2021-08-27,San Mateo,081,765935,49747,48424,708,49132,553
2021-08-27,Santa Barbara,083,443738,39673,38675,1337,40012,480
2021-08-27,Santa Clara,085,1922200,135334,132011,989,133000,1783
2021-08-27,Santa Cruz,087,273765,18564,18163,919,19082,210
2021-08-27,Shasta,089,179085,15649,14996,2258,17254,217
2021-08-27,Sierra,091,2930,111,91,13,104,0
2021-08-27,Siskiyou,093,43540,2534,2358,710,3068,33
2021-08-27,Solano,095,438530,41586,39347,1024,40371,287
2021-08-27,Sonoma,097,501317,37511,36326,446,36772,342
2021-08-27,Stanislaus,099,539301,66902,65167,7410,72577,1061
2021-08-27,Sutter,101,95872,11894,11590,148,11738,135
2021-08-27,Tehama,103,63373,6226,5964,849,6813,71
2021-08-27,Trinity,105,12862,625,458,154,612,3
2021-08-27,Tulare,107,460477,56495,54443,11135,65578,870
2021-08-27,Tuolumne,109,53932,5520,5438,62,5500,74
2021-08-27,Ventura,111,848112,90933,89774,3891,93665,1076
2021-08-27,Yolo,113,214977,17321,16805,718,17523,231
2021-08-27,Yuba,115,75493,8263,7926,176,8102,54
2021-08-26,Alameda,001,1643700,108797,106146,2423,108569,1296
2021-08-26,Alpine,003,1148,91,92,0,92,0
2021-08-26,Amador,005,37829,4568,4442,39,4481,53
2021-08-26,Butte,007,227075,15937,15159,2705,17864,214
2021-08-26,Calaveras,009,45235,3012,2873,19,2892,59
2021-08-26,Colusa,011,21464,2287,2234,482,2716,16
2021-08-26,Contra Costa,013,1133247,89631,85808,1746,87554,866
2021-08-26,Del Norte,015,27424,2866,2625,16,2641,8
2021-08-26,El Dorado,017,186661,13615,12863,1227,14090,118
2021-08-26,Fresno,019,978130,117373,113854,10212,124066,1770
2021-08-26,Glenn,021,27897,2856,2740,776,3516,20
2021-08-26,Humboldt,023,135768,7058,6695,222,6917,53
2021-08-26,Imperial,025,180216,30444,30121,2820,32941,748
2021-08-26,Inyo,027,18085,1542,1521,13,1534,39
2021-08-26,Kern,029,883053,108755,106051,14781,120832,1380
2021-08-26,Kings,031,150075,26646,25838,1396,27234,260
2021-08-26,Lake,033,64148,5402,5196,59,5255,74
2021-08-26,Lassen,035,31185,5761,5626,152,5778,21
2021-08-26,Los Angeles,037,10098052,1352508,1334372,48828,1383200,25199
2021-08-26,Madera,039,155013,19013,18393,1343,19736,247
2021-08-26,Marin,041,260295,16285,15983,346,16329,240
2021-08-26,Mariposa,043,17540,736,677,19,696,5
2021-08-26,Mendocino,045,87422,5833,5533,203,5736,55
2021-08-26,Merced,047,269075,35466,34755,1310,36065,495
2021-08-26,Modoc,049,8938,443,433,154,587,5
2021-08-26,Mono,051,14174,1405,1385,18,1403,3
2021-08-26,Monterey,053,433212,45904,45265,2287,47552,539
2021-08-26,Napa,055,140530,11585,11394,69,11463,87
2021-08-26,Nevada,057,99092,7489,7086,244,7330,80
2021-08-26,Orange,059,3164182,287087,282814,13168,295982,5200
2021-08-26,Placer,061,380077,30877,28898,2669,31567,319
2021-08-26,Plumas,063,18699,1031,971,16,987,5
2021-08-26,Riverside,065,2383286,331387,324486,15214,339700,4615
2021-08-26,Sacramento,067,1510023,136603,130977,2940,133917,1827
2021-08-26,San Benito,069,59416,6692,6604,130,6734,64
2021-08-26,San Bernardino,071,2135413,326641,322100,10001,332101,5339
2021-08-26,San Diego,073,3302833,334547,328276,19589,347865,3869
2021-08-26,San Francisco,075,870044,47660,46288,1937,48225,581
2021-08-26,San Joaquin,077,732212,87446,84429,4505,88934,1513
2021-08-26,San Luis Obispo,079,281455,25676,24831,965,25796,278
2021-08-26,San Mateo,081,765935,49618,48263,706,48969,553
2021-08-26,Santa Barbara,083,443738,39588,38566,1336,39902,479
2021-08-26,Santa Clara,085,1922200,135009,131443,985,132428,1782
2021-08-26,Santa Cruz,087,273765,18504,18072,917,18989,210
2021-08-26,Shasta,089,179085,15527,14891,2230,17121,217
2021-08-26,Sierra,091,2930,109,90,13,103,0
2021-08-26,Siskiyou,093,43540,2512,2342,697,3039,33
2021-08-26,Solano,095,438530,41437,39027,1015,40042,286
2021-08-26,Sonoma,097,501317,37422,36102,446,36548,337
2021-08-26,Stanislaus,099,539301,66602,64785,7369,72154,1061
2021-08-26,Sutter,101,95872,11834,11499,145,11644,135
2021-08-26,Tehama,103,63373,6168,5913,836,6749,68
2021-08-26,Trinity,105,12862,620,450,152,602,3
2021-08-26,Tulare,107,460477,56238,54157,11088,65245,870
2021-08-26,Tuolumne,109,53932,5500,5387,62,5449,74
2021-08-26,Ventura,111,848112,90747,89595,3882,93477,1080
2021-08-26,Yolo,113,214977,17256,16727,708,17435,231
2021-08-26,Yuba,115,75493,8190,7834,174,8008,54
2021-08-25,Alameda,001,1643700,108482,105636,2416,108052,1296
2021-08-25,Alpine,003,1148,91,92,0,92,0
2021-08-25,Amador,005,37829,4553,4415,39,4454,53
2021-08-25,Butte,007,227075,15829,15039,2662,17701,214
2021-08-25,Calaveras,009,45235,2993,2851,19,2870,59
2021-08-25,Colusa,011,21464,2280,2227,473,2700,16
2021-08-25,Contra Costa,013,1133247,89243,85322,1740,87062,863
2021-08-25,Del Norte,015,27424,2821,2573,16,2589,8
2021-08-25,El Dorado,017,186661,13555,12787,1212,13999,118
2021-08-25,Fresno,019,978130,116833,113384,10170,123554,1761
2021-08-25,Glenn,021,27897,2838,2728,761,3489,20
2021-08-25,Humboldt,023,135768,6989,6653,213,6866,52
2021-08-25,Imperial,025,180216,30407,30085,2814,32899,748
2021-08-25,Inyo,027,18085,1538,1518,13,1531,39
2021-08-25,Kern,029,883053,108324,105687,14626,120313,1379
2021-08-25,Kings,031,150075,26539,25676,1390,27066,258
2021-08-25,Lake,033,64148,5372,5163,56,5219,74
2021-08-25,Lassen,035,31185,5744,5583,151,5734,21
2021-08-25,Los Angeles,037,10098052,1349907,1331400,48731,1380131,25170
2021-08-25,Madera,039,155013,18949,18311,1321,19632,247
2021-08-25,Marin,041,260295,16263,15938,340,16278,240
2021-08-25,Mariposa,043,17540,730,676,19,695,5
2021-08-25,Mendocino,045,87422,5799,5486,197,5683,53
2021-08-25,Merced,047,269075,35334,34600,1297,35897,492
2021-08-25,Modoc,049,8938,443,433,154,587,5
2021-08-25,Mono,051,14174,1401,1382,18,1400,3
2021-08-25,Monterey,053,433212,45830,45196,2272,47468,539
2021-08-25,Napa,055,140530,11552,11348,68,11416,87
2021-08-25,Nevada,057,99092,7423,7000,243,7243,77
2021-08-25,Orange,059,3164182,286561,282061,13134,295195,5193
2021-08-25,Placer,061,380077,30701,28740,2637,31377,319
2021-08-25,Plumas,063,18699,1016,962,16,978,5
2021-08-25,Riverside,065,2383286,330543,323548,15192,338740,4610
2021-08-25,Sacramento,067,1510023,135920,130046,2901,132947,1827
2021-08-25,San Benito,069,59416,6671,6587,129,6716,64
2021-08-25,San Bernardino,071,2135413,325949,321228,9980,331208,5337
2021-08-25,San Diego,073,3302833,333279,327166,19504,346670,3859
2021-08-25,San Francisco,075,870044,47510,46107,1932,48039,578
2021-08-25,San Joaquin,077,732212,87061,84002,4488,88490,1510
2021-08-25,San Luis Obispo,079,281455,25484,24607,961,25568,276
2021-08-25,San Mateo,081,765935,49496,48153,703,48856,553
2021-08-25,Santa Barbara,083,443738,39459,38450,1336,39786,479
2021-08-25,Santa Clara,085,1922200,134641,130995,983,131978,1783
2021-08-25,Santa Cruz,087,273765,18444,17987,914,18901,210
2021-08-25,Shasta,089,179085,15401,14752,2198,16950,217
2021-08-25,Sierra,091,2930,106,90,13,103,0
2021-08-25,Siskiyou,093,43540,2467,2322,679,3001,33
2021-08-25,Solano,095,438530,41265,38848,1003,39851,286
2021-08-25,Sonoma,097,501317,37298,35986,443,36429,336
2021-08-25,Stanislaus,099,539301,66320,64441,7337,71778,1061
2021-08-25,Sutter,101,95872,11766,11451,141,11592,134
2021-08-25,Tehama,103,63373,6109,5861,819,6680,68
2021-08-25,Trinity,105,12862,614,450,151,601,3
2021-08-25,Tulare,107,460477,55954,53877,11018,64895,866
2021-08-25,Tuolumne,109,53932,5474,5354,62,5416,74
2021-08-25,Ventura,111,848112,90563,89379,3868,93247,1068
2021-08-25,Yolo,113,214977,17191,16667,698,17365,231
2021-08-25,Yuba,115,75493,8124,7771,173,7944,54
2021-08-24,Alameda,001,1643700,108174,105319,2404,107723,1296
2021-08-24,Alpine,003,1148,91,92,0,92,0
2021-08-24,Amador,005,37829,4534,4380,39,4419,50
2021-08-24,Butte,007,227075,15675,14964,2629,17593,214
2021-08-24,Calaveras,009,45235,2954,2811,19,2830,59
2021-08-24,Colusa,011,21464,2272,2221,468,2689,16
2021-08-24,Contra Costa,013,1133247,88879,84963,1735,86698,857
2021-08-24,Del Norte,015,27424,2794,2543,16,2559,8
2021-08-24,El Dorado,017,186661,13478,12732,1197,13929,118
2021-08-24,Fresno,019,978130,116225,113024,10107,123131,1761
2021-08-24,Glenn,021,27897,2823,2717,754,3471,20
2021-08-24,Humboldt,023,135768,6926,6585,200,6785,52
2021-08-24,Imperial,025,180216,30346,30045,2809,32854,748
2021-08-24,Inyo,027,18085,1533,1512,13,1525,39
2021-08-24,Kern,029,883053,107860,105399,14462,119861,1375
2021-08-24,Kings,031,150075,26418,25629,1375,27004,258
2021-08-24,Lake,033,64148,5337,5135,56,5191,72
2021-08-24,Lassen,035,31185,5728,5576,149,5725,21
2021-08-24,Los Angeles,037,10098052,1347042,1328777,48625,1377402,25135
2021-08-24,Madera,039,155013,18873,18251,1304,19555,247
2021-08-24,Marin,041,260295,16227,15900,336,16236,240
2021-08-24,Mariposa,043,17540,723,670,19,689,5
2021-08-24,Mendocino,045,87422,5756,5416,190,5606,52
2021-08-24,Merced,047,269075,35166,34490,1286,35776,491
2021-08-24,Modoc,049,8938,443,432,154,586,5
2021-08-24,Mono,051,14174,1399,1382,18,1400,3
2021-08-24,Monterey,053,433212,45764,45126,2255,47381,539
2021-08-24,Napa,055,140530,11520,11299,67,11366,85
2021-08-24,Nevada,057,99092,7353,6981,241,7222,77
2021-08-24,Orange,059,3164182,285961,281461,13110,294571,5187
2021-08-24,Placer,061,380077,30496,28618,2598,31216,318
2021-08-24,Plumas,063,18699,1006,953,16,969,5
2021-08-24,Riverside,065,2383286,329670,322620,15163,337783,4605
2021-08-24,Sacramento,067,1510023,135237,129542,2855,132397,1812
2021-08-24,San Benito,069,59416,6658,6576,129,6705,64
2021-08-24,San Bernardino,071,2135413,325194,320300,9950,330250,5328
2021-08-24,San Diego,073,3302833,331836,325823,19395,345218,3851
2021-08-24,San Francisco,075,870044,47335,46010,1922,47932,574
2021-08-24,San Joaquin,077,732212,86621,83684,4451,88135,1508
2021-08-24,San Luis Obispo,079,281455,25307,24443,950,25393,274
2021-08-24,San Mateo,081,765935,49347,48050,701,48751,553
2021-08-24,Santa Barbara,083,443738,39328,38307,1335,39642,478
2021-08-24,Santa Clara,085,1922200,134217,130763,978,131741,1779
2021-08-24,Santa Cruz,087,273765,18369,17928,908,18836,209
2021-08-24,Shasta,089,179085,15293,14664,2167,16831,217
2021-08-24,Sierra,091,2930,103,90,13,103,0
2021-08-24,Siskiyou,093,43540,2445,2294,664,2958,33
2021-08-24,Solano,095,438530,41056,38724,991,39715,283
2021-08-24,Sonoma,097,501317,37170,35849,441,36290,336
2021-08-24,Stanislaus,099,539301,65991,64195,7283,71478,1058
2021-08-24,Sutter,101,95872,11699,11384,138,11522,134
2021-08-24,Tehama,103,63373,6063,5826,805,6631,67
2021-08-24,Trinity,105,12862,603,446,143,589,3
2021-08-24,Tulare,107,460477,55602,53702,10928,64630,856
2021-08-24,Tuolumne,109,53932,5443,5287,62,5349,74
2021-08-24,Ventura,111,848112,90379,89167,3857,93024,1068
2021-08-24,Yolo,113,214977,17113,16492,685,17177,231
2021-08-24,Yuba,115,75493,8041,7723,171,7894,54
2021-08-23,Alameda,001,1643700,107766,104922,2391,107313,1294
2021-08-23,Alpine,003,1148,91,91,0,91,0
2021-08-23,Amador,005,37829,4520,4369,39,4408,50
2021-08-23,Butte,007,227075,15530,14847,2591,17438,211
2021-08-23,Calaveras,009,45235,2927,2803,19,2822,59
2021-08-23,Colusa,011,21464,2268,2206,465,2671,16
2021-08-23,Contra Costa,013,1133247,88501,84651,1728,86379,857
2021-08-23,Del Norte,015,27424,2748,2499,16,2515,8
2021-08-23,El Dorado,017,186661,13375,12684,1175,13859,118
2021-08-23,Fresno,019,978130,115664,112445,10057,122502,1759
2021-08-23,Glenn,021,27897,2807,2696,744,3440,20
2021-08-23,Humboldt,023,135768,6853,6498,186,6684,52
2021-08-23,Imperial,025,180216,30295,30011,2806,32817,748
2021-08-23,Inyo,027,18085,1526,1509,13,1522,39
2021-08-23,Kern,029,883053,107405,104995,14308,119303,1375
2021-08-23,Kings,031,150075,26287,25465,1369,26834,257
2021-08-23,Lake,033,64148,5297,5099,54,5153,69
2021-08-23,Lassen,035,31185,5716,5562,149,5711,21
2021-08-23,Los Angeles,037,10098052,1344071,1326412,48495,1374907,25096
2021-08-23,Madera,039,155013,18787,18155,1289,19444,246
2021-08-23,Marin,041,260295,16179,15856,332,16188,240
2021-08-23,Mariposa,043,17540,712,645,19,664,5
2021-08-23,Mendocino,045,87422,5689,5374,183,5557,51
2021-08-23,Merced,047,269075,34984,34322,1281,35603,488
2021-08-23,Modoc,049,8938,440,431,153,584,6
2021-08-23,Mono,051,14174,1395,1384,18,1402,3
2021-08-23,Monterey,053,433212,45664,45047,2245,47292,538
2021-08-23,Napa,055,140530,11482,11257,67,11324,85
2021-08-23,Nevada,057,99092,7272,6930,239,7169,77
2021-08-23,Orange,059,3164182,285327,280891,13076,293967,5181
2021-08-23,Placer,061,380077,30295,28540,2560,31100,314
2021-08-23,Plumas,063,18699,998,934,16,950,5
2021-08-23,Riverside,065,2383286,328751,321650,15137,336787,4598
2021-08-23,Sacramento,067,1510023,134449,128969,2788,131757,1807
2021-08-23,San Benito,069,59416,6640,6562,127,6689,64
2021-08-23,San Bernardino,071,2135413,324389,319577,9911,329488,5324
2021-08-23,San Diego,073,3302833,330403,324536,19272,343808,3848
2021-08-23,San Francisco,075,870044,47179,45945,1913,47858,573
2021-08-23,San Joaquin,077,732212,86188,83466,4418,87884,1499
2021-08-23,San Luis Obispo,079,281455,25124,24317,948,25265,274
2021-08-23,San Mateo,081,765935,49209,47935,698,48633,553
2021-08-23,Santa Barbara,083,443738,39149,38181,1333,39514,478
2021-08-23,Santa Clara,085,1922200,133817,130489,974,131463,1778
2021-08-23,Santa Cruz,087,273765,18312,17871,907,18778,209
2021-08-23,Shasta,089,179085,15166,14537,2129,16666,216
2021-08-23,Sierra,091,2930,103,90,13,103,0
2021-08-23,Siskiyou,093,43540,2424,2274,643,2917,33
2021-08-23,Solano,095,438530,40902,38612,982,39594,283
2021-08-23,Sonoma,097,501317,37049,35769,440,36209,336
2021-08-23,Stanislaus,099,539301,65657,63922,7244,71166,1058
2021-08-23,Sutter,101,95872,11611,11314,130,11444,133
2021-08-23,Tehama,103,63373,6009,5805,789,6594,67
2021-08-23,Trinity,105,12862,600,435,140,575,3
2021-08-23,Tulare,107,460477,55295,53370,10856,64226,856
2021-08-23,Tuolumne,109,53932,5401,5240,62,5302,73
2021-08-23,Ventura,111,848112,90161,88960,3845,92805,1063
2021-08-23,Yolo,113,214977,17024,16445,671,17116,226
2021-08-23,Yuba,115,75493,7970,7653,169,7822,54
2021-08-22,Alameda,001,1643700,107322,104539,2364,106903,1294
2021-08-22,Alpine,003,1148,91,91,0,91,0
2021-08-22,Amador,005,37829,4490,4349,39,4388,50
2021-08-22,Butte,007,227075,15391,14791,2556,17347,211
2021-08-22,Calaveras,009,45235,2889,2771,19,2790,59
2021-08-22,Colusa,011,21464,2261,2201,459,2660,16
2021-08-22,Contra Costa,013,1133247,87958,84371,1715,86086,857
2021-08-22,Del Norte,015,27424,2688,2455,16,2471,8
2021-08-22,El Dorado,017,186661,13271,12629,1155,13784,118
2021-08-22,Fresno,019,978130,115065,112057,9989,122046,1759
2021-08-22,Glenn,021,27897,2780,2678,731,3409,20
2021-08-22,Humboldt,023,135768,6775,6483,168,6651,52
2021-08-22,Imperial,025,180216,30237,29993,2801,32794,748
2021-08-22,Inyo,027,18085,1520,1505,13,1518,39
2021-08-22,Kern,029,883053,106879,104691,14156,118847,1375
2021-08-22,Kings,031,150075,26129,25391,1352,26743,257
2021-08-22,Lake,033,64148,5252,5069,51,5120,69
2021-08-22,Lassen,035,31185,5684,5556,145,5701,21
2021-08-22,Los Angeles,037,10098052,1340748,1324151,48365,1372516,25089
2021-08-22,Madera,039,155013,18668,18120,1275,19395,246
2021-08-22,Marin,041,260295,16127,15822,324,16146,240
2021-08-22,Mariposa,043,17540,702,638,17,655,5
2021-08-22,Mendocino,045,87422,5630,5336,183,5519,51
2021-08-22,Merced,047,269075,34781,34234,1268,35502,488
2021-08-22,Modoc,049,8938,438,431,153,584,6
2021-08-22,Mono,051,14174,1393,1378,18,1396,3
2021-08-22,Monterey,053,433212,45564,45017,2231,47248,538
2021-08-22,Napa,055,140530,11437,11231,67,11298,85
2021-08-22,Nevada,057,99092,7198,6864,237,7101,77
2021-08-22,Orange,059,3164182,284633,280390,13032,293422,5181
2021-08-22,Placer,061,380077,30089,28395,2524,30919,314
2021-08-22,Plumas,063,18699,980,923,15,938,5
2021-08-22,Riverside,065,2383286,327730,320836,15090,335926,4594
2021-08-22,Sacramento,067,1510023,133673,128231,2748,130979,1802
2021-08-22,San Benito,069,59416,6624,6550,127,6677,64
2021-08-22,San Bernardino,071,2135413,323422,318839,9876,328715,5324
2021-08-22,San Diego,073,3302833,329081,323591,19166,342757,3848
2021-08-22,San Francisco,075,870044,47013,45831,1904,47735,573
2021-08-22,San Joaquin,077,732212,85731,83121,4383,87504,1498
2021-08-22,San Luis Obispo,079,281455,24918,24250,941,25191,274
2021-08-22,San Mateo,081,765935,49033,47821,693,48514,553
2021-08-22,Santa Barbara,083,443738,38968,38099,1325,39424,478
2021-08-22,Santa Clara,085,1922200,133400,130189,967,131156,1778
2021-08-22,Santa Cruz,087,273765,18254,17823,902,18725,209
2021-08-22,Shasta,089,179085,15029,14478,2093,16571,216
2021-08-22,Sierra,091,2930,103,87,13,100,0
2021-08-22,Siskiyou,093,43540,2395,2261,625,2886,33
2021-08-22,Solano,095,438530,40704,38489,969,39458,283
2021-08-22,Sonoma,097,501317,36892,35676,438,36114,336
2021-08-22,Stanislaus,099,539301,65304,63683,7154,70837,1058
2021-08-22,Sutter,101,95872,11529,11251,126,11377,133
2021-08-22,Tehama,103,63373,5963,5791,770,6561,67
2021-08-22,Trinity,105,12862,593,433,138,571,3
2021-08-22,Tulare,107,460477,54977,53220,10773,63993,856
2021-08-22,Tuolumne,109,53932,5358,5214,62,5276,73
2021-08-22,Ventura,111,848112,89952,88791,3828,92619,1063
2021-08-22,Yolo,113,214977,16921,16374,664,17038,226
2021-08-22,Yuba,115,75493,7897,7626,168,7794,54
2021-08-21,Alameda,001,1643700,107121,104281,2358,106639,1294
2021-08-21,Alpine,003,1148,91,91,0,91,0
2021-08-21,Amador,005,37829,4480,4338,38,4376,50
2021-08-21,Butte,007,227075,15323,14714,2537,17251,211
2021-08-21,Calaveras,009,45235,2873,2744,19,2763,59
2021-08-21,Colusa,011,21464,2255,2192,455,2647,16
2021-08-21,Contra Costa,013,1133247,87699,84136,1707,85843,857
2021-08-21,Del Norte,015,27424,2665,2409,16,2425,8
2021-08-21,El Dorado,017,186661,13227,12590,1151,13741,118
2021-08-21,Fresno,019,978130,114866,111765,9977,121742,1759
2021-08-21,Glenn,021,27897,2767,2654,723,3377,20
2021-08-21,Humboldt,023,135768,6737,6446,163,6609,52
2021-08-21,Imperial,025,180216,30194,29976,2798,32774,748
2021-08-21,Inyo,027,18085,1517,1500,13,1513,39
2021-08-21,Kern,029,883053,106624,104443,14033,118476,1375
2021-08-21,Kings,031,150075,26058,25313,1347,26660,257
2021-08-21,Lake,033,64148,5231,5055,49,5104,69
2021-08-21,Lassen,035,31185,5670,5553,145,5698,21
2021-08-21,Los Angeles,037,10098052,1339450,1321308,48273,1369581,25080
2021-08-21,Madera,039,155013,18630,18067,1269,19336,246
2021-08-21,Marin,041,260295,16093,15775,322,16097,240
2021-08-21,Mariposa,043,17540,692,634,17,651,5
2021-08-21,Mendocino,045,87422,5584,5307,182,5489,51
2021-08-21,Merced,047,269075,34676,34148,1263,35411,488
2021-08-21,Modoc,049,8938,438,430,153,583,6
2021-08-21,Mono,051,14174,1393,1378,18,1396,3
2021-08-21,Monterey,053,433212,45517,44969,2224,47193,538
2021-08-21,Napa,055,140530,11402,11211,67,11278,85
2021-08-21,Nevada,057,99092,7154,6810,236,7046,77
2021-08-21,Orange,059,3164182,284181,279855,12998,292853,5181
2021-08-21,Placer,061,380077,29951,28289,2500,30789,314
2021-08-21,Plumas,063,18699,976,916,14,930,5
2021-08-21,Riverside,065,2383286,327150,320086,15077,335163,4594
2021-08-21,Sacramento,067,1510023,133177,127751,2737,130488,1809
2021-08-21,San Benito,069,59416,6614,6542,126,6668,64
2021-08-21,San Bernardino,071,2135413,322973,318293,9855,328148,5324
2021-08-21,San Diego,073,3302833,328425,322620,19117,341737,3848
2021-08-21,San Francisco,075,870044,46911,45637,1897,47534,573
2021-08-21,San Joaquin,077,732212,85514,82825,4367,87192,1498
2021-08-21,San Luis Obispo,079,281455,24860,24169,941,25110,273
2021-08-21,San Mateo,081,765935,48938,47685,693,48378,553
2021-08-21,Santa Barbara,083,443738,38886,37951,1321,39272,478
2021-08-21,Santa Clara,085,1922200,133135,129911,963,130874,1778
2021-08-21,Santa Cruz,087,273765,18217,17763,897,18660,209
2021-08-21,Shasta,089,179085,14955,14417,2079,16496,217
2021-08-21,Sierra,091,2930,98,85,13,98,0
2021-08-21,Siskiyou,093,43540,2381,2246,614,2860,33
2021-08-21,Solano,095,438530,40593,38423,959,39382,281
2021-08-21,Sonoma,097,501317,36805,35582,437,36019,336
2021-08-21,Stanislaus,099,539301,65122,63512,7137,70649,1058
2021-08-21,Sutter,101,95872,11484,11204,124,11328,133
2021-08-21,Tehama,103,63373,5938,5757,763,6520,67
2021-08-21,Trinity,105,12862,588,431,136,567,3
2021-08-21,Tulare,107,460477,54832,53045,10730,63775,857
2021-08-21,Tuolumne,109,53932,5327,5193,62,5255,73
2021-08-21,Ventura,111,848112,89807,88558,3813,92371,1063
2021-08-21,Yolo,113,214977,16874,16322,658,16980,226
2021-08-21,Yuba,115,75493,7851,7580,167,7747,54
2021-08-20,Alameda,001,1643700,106885,103812,2350,106162,1294
2021-08-20,Alpine,003,1148,91,91,0,91,0
2021-08-20,Amador,005,37829,4454,4323,38,4361,50
2021-08-20,Butte,007,227075,15250,14617,2514,17131,211
2021-08-20,Calaveras,009,45235,2853,2717,19,2736,59
2021-08-20,Colusa,011,21464,2250,2178,453,2631,16
2021-08-20,Contra Costa,013,1133247,87424,83721,1700,85421,857
2021-08-20,Del Norte,015,27424,2633,2316,16,2332,8
2021-08-20,El Dorado,017,186661,13189,12495,1143,13638,118
2021-08-20,Fresno,019,978130,114509,111315,9943,121258,1759
2021-08-20,Glenn,021,27897,2760,2642,713,3355,20
2021-08-20,Humboldt,023,135768,6685,6349,158,6507,52
2021-08-20,Imperial,025,180216,30171,29934,2798,32732,747
2021-08-20,Inyo,027,18085,1511,1495,13,1508,39
2021-08-20,Kern,029,883053,106341,104048,13905,117953,1373
2021-08-20,Kings,031,150075,25992,25241,1345,26586,256
2021-08-20,Lake,033,64148,5216,5024,46,5070,69
2021-08-20,Lassen,035,31185,5650,5539,145,5684,21
2021-08-20,Los Angeles,037,10098052,1337572,1317541,48172,1365713,25049
2021-08-20,Madera,039,155013,18581,18018,1254,19272,246
2021-08-20,Marin,041,260295,16075,15727,318,16045,240
2021-08-20,Mariposa,043,17540,687,630,17,647,5
2021-08-20,Mendocino,045,87422,5538,5241,181,5422,51
2021-08-20,Merced,047,269075,34612,34035,1253,35288,486
2021-08-20,Modoc,049,8938,438,429,153,582,6
2021-08-20,Mono,051,14174,1392,1368,18,1386,3
2021-08-20,Monterey,053,433212,45479,44890,2218,47108,538
2021-08-20,Napa,055,140530,11370,11152,67,11219,83
2021-08-20,Nevada,057,99092,7112,6753,230,6983,77
2021-08-20,Orange,059,3164182,283736,279193,12977,292170,5179
2021-08-20,Placer,061,380077,29855,28156,2471,30627,313
2021-08-20,Plumas,063,18699,966,908,14,922,5
2021-08-20,Riverside,065,2383286,326454,319072,15046,334118,4594
2021-08-20,Sacramento,067,1510023,132701,127226,2720,129946,1797
2021-08-20,San Benito,069,59416,6600,6508,126,6634,64
2021-08-20,San Bernardino,071,2135413,322362,317372,9826,327198,5322
2021-08-20,San Diego,073,3302833,327516,321102,19047,340149,3846
2021-08-20,San Francisco,075,870044,46815,45432,1882,47314,573
2021-08-20,San Joaquin,077,732212,85283,82419,4348,86767,1496
2021-08-20,San Luis Obispo,079,281455,24782,23986,937,24923,273
2021-08-20,San Mateo,081,765935,48825,47561,690,48251,551
2021-08-20,Santa Barbara,083,443738,38800,37794,1316,39110,477
2021-08-20,Santa Clara,085,1922200,132853,129510,958,130468,1774
2021-08-20,Santa Cruz,087,273765,18177,17701,894,18595,209
2021-08-20,Shasta,089,179085,14874,14277,2061,16338,215
2021-08-20,Sierra,091,2930,97,83,13,96,0
2021-08-20,Siskiyou,093,43540,2365,2226,609,2835,33
2021-08-20,Solano,095,438530,40452,38214,948,39162,277
2021-08-20,Sonoma,097,501317,36737,35416,436,35852,336
2021-08-20,Stanislaus,099,539301,64933,63219,7113,70332,1047
2021-08-20,Sutter,101,95872,11428,11136,123,11259,133
2021-08-20,Tehama,103,63373,5922,5730,751,6481,66
2021-08-20,Trinity,105,12862,588,422,135,557,3
2021-08-20,Tulare,107,460477,54702,52855,10687,63542,856
2021-08-20,Tuolumne,109,53932,5303,5153,61,5214,73
2021-08-20,Ventura,111,848112,89639,88285,3810,92095,1061
2021-08-20,Yolo,113,214977,16819,16236,652,16888,225
2021-08-20,Yuba,115,75493,7810,7523,167,7690,54
2021-08-19,Alameda,001,1643700,106440,103276,2328,105604,1294
2021-08-19,Alpine,003,1148,91,91,0,91,0
2021-08-19,Amador,005,37829,4447,4317,38,4355,50
2021-08-19,Butte,007,227075,15116,14518,2486,17004,211
2021-08-19,Calaveras,009,45235,2831,2673,19,2692,59
2021-08-19,Colusa,011,21464,2241,2167,448,2615,16
2021-08-19,Contra Costa,013,1133247,86984,83296,1687,84983,852
2021-08-19,Del Norte,015,27424,2583,2257,16,2273,8
2021-08-19,El Dorado,017,186661,13103,12410,1124,13534,118
2021-08-19,Fresno,019,978130,114067,110947,9889,120836,1759
2021-08-19,Glenn,021,27897,2742,2629,706,3335,20
2021-08-19,Humboldt,023,135768,6624,6246,152,6398,52
2021-08-19,Imperial,025,180216,30125,29865,2793,32658,747
2021-08-19,Inyo,027,18085,1504,1494,13,1507,39
2021-08-19,Kern,029,883053,105945,103731,13764,117495,1371
2021-08-19,Kings,031,150075,25861,25128,1333,26461,256
2021-08-19,Lake,033,64148,5184,4991,42,5033,69
2021-08-19,Lassen,035,31185,5632,5520,144,5664,21
2021-08-19,Los Angeles,037,10098052,1334588,1314453,48033,1362486,25020
2021-08-19,Madera,039,155013,18519,17947,1239,19186,246
2021-08-19,Marin,041,260295,16042,15672,315,15987,240
2021-08-19,Mariposa,043,17540,672,618,17,635,5
2021-08-19,Mendocino,045,87422,5505,5167,178,5345,51
2021-08-19,Merced,047,269075,34477,33851,1239,35090,486
2021-08-19,Modoc,049,8938,438,427,153,580,6
2021-08-19,Mono,051,14174,1388,1349,18,1367,3
2021-08-19,Monterey,053,433212,45406,44821,2208,47029,538
2021-08-19,Napa,055,140530,11318,11104,67,11171,83
2021-08-19,Nevada,057,99092,7048,6695,227,6922,77
2021-08-19,Orange,059,3164182,283099,278562,12926,291488,5172
2021-08-19,Placer,061,380077,29675,27953,2454,30407,313
2021-08-19,Plumas,063,18699,953,896,14,910,5
2021-08-19,Riverside,065,2383286,325422,318056,15017,333073,4589
2021-08-19,Sacramento,067,1510023,131998,126720,2685,129405,1801
2021-08-19,San Benito,069,59416,6583,6493,125,6618,64
2021-08-19,San Bernardino,071,2135413,321538,316398,9803,326201,5318
2021-08-19,San Diego,073,3302833,326265,319582,18949,338531,3839
2021-08-19,San Francisco,075,870044,46652,45220,1869,47089,571
2021-08-19,San Joaquin,077,732212,84834,82047,4299,86346,1491
2021-08-19,San Luis Obispo,079,281455,24644,23878,930,24808,271
2021-08-19,San Mateo,081,765935,48693,47431,689,48120,551
2021-08-19,Santa Barbara,083,443738,38655,37693,1313,39006,477
2021-08-19,Santa Clara,085,1922200,132463,129133,951,130084,1774
2021-08-19,Santa Cruz,087,273765,18114,17644,887,18531,209
2021-08-19,Shasta,089,179085,14750,14200,2038,16238,214
2021-08-19,Sierra,091,2930,93,83,13,96,0
2021-08-19,Siskiyou,093,43540,2350,2218,597,2815,33
2021-08-19,Solano,095,438530,40294,38025,937,38962,273
2021-08-19,Sonoma,097,501317,36649,35233,435,35668,336
2021-08-19,Stanislaus,099,539301,64589,62928,7069,69997,1047
2021-08-19,Sutter,101,95872,11343,11057,122,11179,133
2021-08-19,Tehama,103,63373,5886,5683,725,6408,66
2021-08-19,Trinity,105,12862,584,414,133,547,3
2021-08-19,Tulare,107,460477,54470,52685,10624,63309,856
2021-08-19,Tuolumne,109,53932,5267,5112,60,5172,64
2021-08-19,Ventura,111,848112,89436,88073,3796,91869,1060
2021-08-19,Yolo,113,214977,16734,16153,644,16797,225
2021-08-19,Yuba,115,75493,7758,7458,166,7624,51
2021-08-18,Alameda,001,1643700,106034,102696,2307,105003,1294
2021-08-18,Alpine,003,1148,90,91,0,91,0
2021-08-18,Amador,005,37829,4431,4279,37,4316,50
2021-08-18,Butte,007,227075,15006,14426,2456,16882,208
2021-08-18,Calaveras,009,45235,2794,2643,18,2661,59
2021-08-18,Colusa,011,21464,2233,2160,444,2604,16
2021-08-18,Contra Costa,013,1133247,86484,82767,1681,84448,851
2021-08-18,Del Norte,015,27424,2526,2219,16,2235,8
2021-08-18,El Dorado,017,186661,13013,12306,1110,13416,118
2021-08-18,Fresno,019,978130,113611,110523,9828,120351,1759
2021-08-18,Glenn,021,27897,2709,2623,698,3321,20
2021-08-18,Humboldt,023,135768,6553,6195,147,6342,52
2021-08-18,Imperial,025,180216,30092,29821,2791,32612,746
2021-08-18,Inyo,027,18085,1501,1494,13,1507,39
2021-08-18,Kern,029,883053,105598,103440,13670,117110,1370
2021-08-18,Kings,031,150075,25752,24984,1325,26309,256
2021-08-18,Lake,033,64148,5143,4957,41,4998,69
2021-08-18,Lassen,035,31185,5613,5506,143,5649,21
2021-08-18,Los Angeles,037,10098052,1331435,1311477,47902,1359379,24984
2021-08-18,Madera,039,155013,18460,17871,1226,19097,246
2021-08-18,Marin,041,260295,16004,15610,312,15922,240
2021-08-18,Mariposa,043,17540,659,615,16,631,5
2021-08-18,Mendocino,045,87422,5454,5129,176,5305,51
2021-08-18,Merced,047,269075,34313,33708,1228,34936,484
2021-08-18,Modoc,049,8938,438,427,152,579,6
2021-08-18,Mono,051,14174,1385,1344,18,1362,3
2021-08-18,Monterey,053,433212,45322,44735,2191,46926,532
2021-08-18,Napa,055,140530,11279,11060,66,11126,83
2021-08-18,Nevada,057,99092,6982,6633,227,6860,76
2021-08-18,Orange,059,3164182,282461,277795,12874,290669,5168
2021-08-18,Placer,061,380077,29447,27741,2426,30167,312
2021-08-18,Plumas,063,18699,944,874,14,888,5
2021-08-18,Riverside,065,2383286,324423,317107,14984,332091,4585
2021-08-18,Sacramento,067,1510023,131237,125599,2653,128252,1781
2021-08-18,San Benito,069,59416,6572,6481,124,6605,64
2021-08-18,San Bernardino,071,2135413,320739,315477,9784,325261,5304
2021-08-18,San Diego,073,3302833,324925,318152,18883,337035,3834
2021-08-18,San Francisco,075,870044,46450,44957,1860,46817,568
2021-08-18,San Joaquin,077,732212,84381,81601,4268,85869,1491
2021-08-18,San Luis Obispo,079,281455,24494,23726,917,24643,270
2021-08-18,San Mateo,081,765935,48529,47255,688,47943,551
2021-08-18,Santa Barbara,083,443738,38525,37599,1307,38906,475
2021-08-18,Santa Clara,085,1922200,132099,128563,948,129511,1773
2021-08-18,Santa Cruz,087,273765,18059,17566,883,18449,209
2021-08-18,Shasta,089,179085,14651,14087,2019,16106,213
2021-08-18,Sierra,091,2930,92,83,13,96,0
2021-08-18,Siskiyou,093,43540,2321,2204,585,2789,33
2021-08-18,Solano,095,438530,40088,37812,922,38734,271
2021-08-18,Sonoma,097,501317,36505,35063,434,35497,333
2021-08-18,Stanislaus,099,539301,64258,62613,7026,69639,1047
2021-08-18,Sutter,101,95872,11271,11004,117,11121,130
2021-08-18,Tehama,103,63373,5851,5653,715,6368,66
2021-08-18,Trinity,105,12862,577,409,130,539,3
2021-08-18,Tulare,107,460477,54231,52486,10555,63041,856
2021-08-18,Tuolumne,109,53932,5231,5081,58,5139,64
2021-08-18,Ventura,111,848112,89204,87835,3786,91621,1055
2021-08-18,Yolo,113,214977,16651,16047,626,16673,225
2021-08-18,Yuba,115,75493,7693,7391,166,7557,51
2021-08-17,Alameda,001,1643700,105637,102379,2292,104671,1290
2021-08-17,Alpine,003,1148,90,91,0,91,0
2021-08-17,Amador,005,37829,4402,4266,37,4303,50
2021-08-17,Butte,007,227075,14899,14357,2421,16778,206
2021-08-17,Calaveras,009,45235,2760,2624,18,2642,59
2021-08-17,Colusa,011,21464,2224,2156,440,2596,16
2021-08-17,Contra Costa,013,1133247,86036,82482,1671,84153,848
2021-08-17,Del Norte,015,27424,2472,2188,16,2204,8
2021-08-17,El Dorado,017,186661,12926,12242,1096,13338,118
2021-08-17,Fresno,019,978130,113126,110263,9765,120028,1755
2021-08-17,Glenn,021,27897,2695,2608,689,3297,20
2021-08-17,Humboldt,023,135768,6473,6155,145,6300,52
2021-08-17,Imperial,025,180216,30041,29768,2787,32555,746
2021-08-17,Inyo,027,18085,1498,1492,13,1505,39
2021-08-17,Kern,029,883053,105204,103048,13549,116597,1367
2021-08-17,Kings,031,150075,25647,24930,1314,26244,254
2021-08-17,Lake,033,64148,5100,4930,35,4965,68
2021-08-17,Lassen,035,31185,5596,5499,141,5640,21
2021-08-17,Los Angeles,037,10098052,1327866,1307999,47775,1355774,24952
2021-08-17,Madera,039,155013,18386,17838,1208,19046,246
2021-08-17,Marin,041,260295,15948,15570,312,15882,240
2021-08-17,Mariposa,043,17540,651,609,15,624,5
2021-08-17,Mendocino,045,87422,5399,5097,176,5273,51
2021-08-17,Merced,047,269075,34163,33508,1217,34725,482
2021-08-17,Modoc,049,8938,435,424,150,574,6
2021-08-17,Mono,051,14174,1380,1341,18,1359,3
2021-08-17,Monterey,053,433212,45238,44672,2181,46853,528
2021-08-17,Napa,055,140530,11238,11007,65,11072,83
2021-08-17,Nevada,057,99092,6907,6605,225,6830,75
2021-08-17,Orange,059,3164182,281816,277121,12838,289959,5164
2021-08-17,Placer,061,380077,29232,27634,2397,30031,312
2021-08-17,Plumas,063,18699,932,860,14,874,5
2021-08-17,Riverside,065,2383286,323410,316051,14941,330992,4582
2021-08-17,Sacramento,067,1510023,130443,125151,2611,127762,1774
2021-08-17,San Benito,069,59416,6553,6470,124,6594,64
2021-08-17,San Bernardino,071,2135413,319800,314402,9744,324146,5302
2021-08-17,San Diego,073,3302833,323315,317058,18785,335843,3824
2021-08-17,San Francisco,075,870044,46250,44820,1854,46674,567
2021-08-17,San Joaquin,077,732212,83913,81300,4234,85534,1489
2021-08-17,San Luis Obispo,079,281455,24338,23556,914,24470,268
2021-08-17,San Mateo,081,765935,48374,47127,683,47810,551
2021-08-17,Santa Barbara,083,443738,38366,37478,1300,38778,475
2021-08-17,Santa Clara,085,1922200,131696,128354,942,129296,1773
2021-08-17,Santa Cruz,087,273765,17974,17528,882,18410,209
2021-08-17,Shasta,089,179085,14520,14012,2000,16012,214
2021-08-17,Sierra,091,2930,91,82,13,95,0
2021-08-17,Siskiyou,093,43540,2305,2183,572,2755,33
2021-08-17,Solano,095,438530,39859,37662,909,38571,269
2021-08-17,Sonoma,097,501317,36357,34943,430,35373,333
2021-08-17,Stanislaus,099,539301,63917,62385,6967,69352,1047
2021-08-17,Sutter,101,95872,11199,10973,117,11090,130
2021-08-17,Tehama,103,63373,5817,5612,694,6306,66
2021-08-17,Trinity,105,12862,572,406,128,534,3
2021-08-17,Tulare,107,460477,53963,52362,10490,62852,856
2021-08-17,Tuolumne,109,53932,5187,5042,57,5099,64
2021-08-17,Ventura,111,848112,88965,87601,3765,91366,1053
2021-08-17,Yolo,113,214977,16562,15975,612,16587,225
2021-08-17,Yuba,115,75493,7621,7355,166,7521,51
2021-08-16,Alameda,001,1643700,105140,102052,2284,104336,1287
2021-08-16,Alpine,003,1148,90,91,0,91,0
2021-08-16,Amador,005,37829,4392,4235,37,4272,50
2021-08-16,Butte,007,227075,14782,14283,2384,16667,206
2021-08-16,Calaveras,009,45235,2700,2609,17,2626,57
2021-08-16,Colusa,011,21464,2213,2147,436,2583,16
2021-08-16,Contra Costa,013,1133247,85494,82070,1661,83731,848
2021-08-16,Del Norte,015,27424,2395,2125,16,2141,8
2021-08-16,El Dorado,017,186661,12825,12139,1083,13222,118
2021-08-16,Fresno,019,978130,112626,109623,9713,119336,1753
2021-08-16,Glenn,021,27897,2676,2593,683,3276,20
2021-08-16,Humboldt,023,135768,6402,6064,124,6188,52
2021-08-16,Imperial,025,180216,30000,29737,2773,32510,746
2021-08-16,Inyo,027,18085,1495,1490,13,1503,39
2021-08-16,Kern,029,883053,104829,102690,13433,116123,1367
2021-08-16,Kings,031,150075,25544,24817,1305,26122,254
2021-08-16,Lake,033,64148,5073,4898,34,4932,68
2021-08-16,Lassen,035,31185,5580,5481,133,5614,21
2021-08-16,Los Angeles,037,10098052,1324483,1305330,47635,1352965,24923
2021-08-16,Madera,039,155013,18311,17756,1187,18943,246
2021-08-16,Marin,041,260295,15889,15497,311,15808,239
2021-08-16,Mariposa,043,17540,634,597,15,612,5
2021-08-16,Mendocino,045,87422,5343,5037,174,5211,49
2021-08-16,Merced,047,269075,33962,33364,1204,34568,481
2021-08-16,Modoc,049,8938,433,421,149,570,5
2021-08-16,Mono,051,14174,1375,1339,18,1357,3
2021-08-16,Monterey,053,433212,45159,44595,2169,46764,527
2021-08-16,Napa,055,140530,11209,10946,65,11011,83
2021-08-16,Nevada,057,99092,6852,6535,224,6759,74
2021-08-16,Orange,059,3164182,281022,275985,12792,288777,5161
2021-08-16,Placer,061,380077,29050,27384,2365,29749,306
2021-08-16,Plumas,063,18699,921,851,14,865,5
2021-08-16,Riverside,065,2383286,322317,314774,14904,329678,4582
2021-08-16,Sacramento,067,1510023,129633,124554,2568,127122,1762
2021-08-16,San Benito,069,59416,6529,6452,124,6576,64
2021-08-16,San Bernardino,071,2135413,318833,313617,9717,323334,5301
2021-08-16,San Diego,073,3302833,321717,315348,18645,333993,3824
2021-08-16,San Francisco,075,870044,46046,44681,1847,46528,567
2021-08-16,San Joaquin,077,732212,83409,81087,4206,85293,1488
2021-08-16,San Luis Obispo,079,281455,24188,23452,906,24358,265
2021-08-16,San Mateo,081,765935,48192,47024,677,47701,548
2021-08-16,Santa Barbara,083,443738,38196,37358,1295,38653,475
2021-08-16,Santa Clara,085,1922200,131232,127978,938,128916,1773
2021-08-16,Santa Cruz,087,273765,17910,17491,876,18367,209
2021-08-16,Shasta,089,179085,14431,13862,1984,15846,211
2021-08-16,Sierra,091,2930,88,82,13,95,0
2021-08-16,Siskiyou,093,43540,2288,2169,552,2721,33
2021-08-16,Solano,095,438530,39578,37436,897,38333,263
2021-08-16,Sonoma,097,501317,36189,34844,427,35271,333
2021-08-16,Stanislaus,099,539301,63578,62033,6915,68948,1039
2021-08-16,Sutter,101,95872,11130,10902,116,11018,130
2021-08-16,Tehama,103,63373,5754,5565,689,6254,66
2021-08-16,Trinity,105,12862,566,400,127,527,3
2021-08-16,Tulare,107,460477,53719,52162,10422,62584,856
2021-08-16,Tuolumne,109,53932,5148,4984,56,5040,64
2021-08-16,Ventura,111,848112,88720,86954,3747,90701,1052
2021-08-16,Yolo,113,214977,16461,15922,604,16526,225
2021-08-16,Yuba,115,75493,7537,7314,165,7479,51
2021-08-15,Alameda,001,1643700,104658,101660,2267,103927,1287
2021-08-15,Alpine,003,1148,90,91,0,91,0
2021-08-15,Amador,005,37829,4364,4231,37,4268,49
2021-08-15,Butte,007,227075,14659,14263,2360,16623,206
2021-08-15,Calaveras,009,45235,2658,2599,17,2616,57
2021-08-15,Colusa,011,21464,2201,2140,426,2566,16
2021-08-15,Contra Costa,013,1133247,85010,81781,1646,83427,848
2021-08-15,Del Norte,015,27424,2328,2060,16,2076,8
2021-08-15,El Dorado,017,186661,12690,12057,1066,13123,118
2021-08-15,Fresno,019,978130,112148,109382,9647,119029,1753
2021-08-15,Glenn,021,27897,2653,2592,671,3263,20
2021-08-15,Humboldt,023,135768,6328,6024,118,6142,52
2021-08-15,Imperial,025,180216,29934,29711,2769,32480,746
2021-08-15,Inyo,027,18085,1494,1489,13,1502,39
2021-08-15,Kern,029,883053,104385,102524,13321,115845,1367
2021-08-15,Kings,031,150075,25398,24736,1295,26031,254
2021-08-15,Lake,033,64148,5014,4886,33,4919,68
2021-08-15,Lassen,035,31185,5563,5482,132,5614,21
2021-08-15,Los Angeles,037,10098052,1320948,1302882,47466,1350348,24918
2021-08-15,Madera,039,155013,18223,17714,1171,18885,246
2021-08-15,Marin,041,260295,15830,15461,309,15770,239
2021-08-15,Mariposa,043,17540,627,591,14,605,5
2021-08-15,Mendocino,045,87422,5286,5022,168,5190,49
2021-08-15,Merced,047,269075,33718,33305,1193,34498,481
2021-08-15,Modoc,049,8938,431,421,149,570,5
2021-08-15,Mono,051,14174,1371,1334,18,1352,3
2021-08-15,Monterey,053,433212,45037,44567,2148,46715,527
2021-08-15,Napa,055,140530,11154,10919,65,10984,83
2021-08-15,Nevada,057,99092,6767,6486,224,6710,74
2021-08-15,Orange,059,3164182,280252,275447,12752,288199,5161
2021-08-15,Placer,061,380077,28828,27220,2317,29537,306
2021-08-15,Plumas,063,18699,909,850,14,864,5
2021-08-15,Riverside,065,2383286,321179,314133,14877,329010,4582
2021-08-15,Sacramento,067,1510023,128815,123924,2536,126460,1761
2021-08-15,San Benito,069,59416,6511,6446,123,6569,64
2021-08-15,San Bernardino,071,2135413,317761,313120,9686,322806,5301
2021-08-15,San Diego,073,3302833,320245,314247,18518,332765,3824
2021-08-15,San Francisco,075,870044,45821,44531,1832,46363,567
2021-08-15,San Joaquin,077,732212,82921,80832,4167,84999,1488
2021-08-15,San Luis Obispo,079,281455,23992,23404,896,24300,265
2021-08-15,San Mateo,081,765935,48005,46897,671,47568,548
2021-08-15,Santa Barbara,083,443738,38024,37276,1288,38564,475
2021-08-15,Santa Clara,085,1922200,130798,127715,932,128647,1773
2021-08-15,Santa Cruz,087,273765,17840,17440,869,18309,209
2021-08-15,Shasta,089,179085,14328,13835,1959,15794,211
2021-08-15,Sierra,091,2930,87,82,12,94,0
2021-08-15,Siskiyou,093,43540,2267,2169,538,2707,33
2021-08-15,Solano,095,438530,39321,37320,886,38206,263
2021-08-15,Sonoma,097,501317,35993,34706,419,35125,333
2021-08-15,Stanislaus,099,539301,63209,61795,6838,68633,1039
2021-08-15,Sutter,101,95872,11039,10863,116,10979,130
2021-08-15,Tehama,103,63373,5705,5550,683,6233,66
2021-08-15,Trinity,105,12862,562,400,126,526,3
2021-08-15,Tulare,107,460477,53464,52046,10363,62409,856
2021-08-15,Tuolumne,109,53932,5110,4934,54,4988,64
2021-08-15,Ventura,111,848112,88415,86797,3732,90529,1052
2021-08-15,Yolo,113,214977,16366,15873,594,16467,225
2021-08-15,Yuba,115,75493,7460,7265,164,7429,51
2021-08-14,Alameda,001,1643700,104442,101305,2263,103568,1287
2021-08-14,Alpine,003,1148,90,91,0,91,0
2021-08-14,Amador,005,37829,4346,4206,37,4243,49
2021-08-14,Butte,007,227075,14623,14192,2344,16536,206
2021-08-14,Calaveras,009,45235,2651,2579,17,2596,57
2021-08-14,Colusa,011,21464,2190,2134,422,2556,16
2021-08-14,Contra Costa,013,1133247,84762,81458,1638,83096,848
2021-08-14,Del Norte,015,27424,2301,2015,16,2031,8
2021-08-14,El Dorado,017,186661,12654,12019,1058,13077,118
2021-08-14,Fresno,019,978130,111986,109056,9617,118673,1753
2021-08-14,Glenn,021,27897,2642,2583,668,3251,20
2021-08-14,Humboldt,023,135768,6275,5998,115,6113,52
2021-08-14,Imperial,025,180216,29907,29671,2769,32440,746
2021-08-14,Inyo,027,18085,1492,1487,13,1500,39
2021-08-14,Kern,029,883053,104190,102306,13225,115531,1367
2021-08-14,Kings,031,150075,25300,24647,1287,25934,254
2021-08-14,Lake,033,64148,4997,4850,32,4882,68
2021-08-14,Lassen,035,31185,5556,5475,131,5606,21
2021-08-14,Los Angeles,037,10098052,1319175,1299346,47329,1346675,24911
2021-08-14,Madera,039,155013,18176,17691,1166,18857,246
2021-08-14,Marin,041,260295,15796,15441,309,15750,239
2021-08-14,Mariposa,043,17540,623,584,14,598,5
2021-08-14,Mendocino,045,87422,5250,4977,165,5142,49
2021-08-14,Merced,047,269075,33654,33234,1187,34421,481
2021-08-14,Modoc,049,8938,431,421,149,570,5
2021-08-14,Mono,051,14174,1366,1332,18,1350,3
2021-08-14,Monterey,053,433212,44992,44514,2145,46659,527
2021-08-14,Napa,055,140530,11124,10878,64,10942,83
2021-08-14,Nevada,057,99092,6732,6419,223,6642,74
2021-08-14,Orange,059,3164182,279818,274732,12725,287457,5161
2021-08-14,Placer,061,380077,28682,27115,2293,29408,306
2021-08-14,Plumas,063,18699,899,849,14,863,5
2021-08-14,Riverside,065,2383286,320463,313264,14856,328120,4582
2021-08-14,Sacramento,067,1510023,128322,123438,2517,125955,1758
2021-08-14,San Benito,069,59416,6498,6428,123,6551,64
2021-08-14,San Bernardino,071,2135413,317211,312142,9665,321807,5301
2021-08-14,San Diego,073,3302833,319574,313589,18450,332039,3824
2021-08-14,San Francisco,075,870044,45692,44353,1813,46166,567
2021-08-14,San Joaquin,077,732212,82704,80585,4152,84737,1488
2021-08-14,San Luis Obispo,079,281455,23931,23328,893,24221,265
2021-08-14,San Mateo,081,765935,47886,46792,667,47459,548
2021-08-14,Santa Barbara,083,443738,37930,37118,1286,38404,475
2021-08-14,Santa Clara,085,1922200,130519,127432,929,128361,1772
2021-08-14,Santa Cruz,087,273765,17801,17384,868,18252,209
2021-08-14,Shasta,089,179085,14253,13813,1938,15751,211
2021-08-14,Sierra,091,2930,86,81,12,93,0
2021-08-14,Siskiyou,093,43540,2257,2160,528,2688,33
2021-08-14,Solano,095,438530,39234,37237,874,38111,263
2021-08-14,Sonoma,097,501317,35870,34606,417,35023,333
2021-08-14,Stanislaus,099,539301,63033,61564,6794,68358,1039
2021-08-14,Sutter,101,95872,10994,10808,115,10923,130
2021-08-14,Tehama,103,63373,5681,5530,678,6208,66
2021-08-14,Trinity,105,12862,556,399,126,525,3
2021-08-14,Tulare,107,460477,53328,51951,10318,62269,856
2021-08-14,Tuolumne,109,53932,5075,4924,54,4978,64
2021-08-14,Ventura,111,848112,88259,86569,3712,90281,1052
2021-08-14,Yolo,113,214977,16321,15815,585,16400,225
2021-08-14,Yuba,115,75493,7411,7223,164,7387,51
2021-08-13,Alameda,001,1643700,104147,100930,2255,103185,1284
2021-08-13,Alpine,003,1148,90,91,0,91,0
2021-08-13,Amador,005,37829,4318,4169,37,4206,49
2021-08-13,Butte,007,227075,14553,14100,2328,16428,206
2021-08-13,Calaveras,009,45235,2645,2564,17,2581,57
2021-08-13,Colusa,011,21464,2183,2123,417,2540,16
2021-08-13,Contra Costa,013,1133247,84450,81046,1631,82677,848
2021-08-13,Del Norte,015,27424,2261,1973,16,1989,8
2021-08-13,El Dorado,017,186661,12614,11951,1046,12997,118
2021-08-13,Fresno,019,978130,111693,108638,9593,118231,1753
2021-08-13,Glenn,021,27897,2631,2574,665,3239,20
2021-08-13,Humboldt,023,135768,6228,5882,112,5994,52
2021-08-13,Imperial,025,180216,29880,29654,2768,32422,745
2021-08-13,Inyo,027,18085,1491,1484,13,1497,39
2021-08-13,Kern,029,883053,103981,102029,13116,115145,1364
2021-08-13,Kings,031,150075,25215,24531,1280,25811,253
2021-08-13,Lake,033,64148,4974,4811,31,4842,68
2021-08-13,Lassen,035,31185,5548,5455,130,5585,21
2021-08-13,Los Angeles,037,10098052,1316851,1295406,47191,1342597,24891
2021-08-13,Madera,039,155013,18127,17614,1157,18771,246
2021-08-13,Marin,041,260295,15765,15380,309,15689,239
2021-08-13,Mariposa,043,17540,617,577,14,591,5
2021-08-13,Mendocino,045,87422,5197,4924,163,5087,49
2021-08-13,Merced,047,269075,33607,33111,1181,34292,480
2021-08-13,Modoc,049,8938,430,421,148,569,5
2021-08-13,Mono,051,14174,1363,1331,18,1349,3
2021-08-13,Monterey,053,433212,44932,44450,2143,46593,527
2021-08-13,Napa,055,140530,11088,10830,64,10894,83
2021-08-13,Nevada,057,99092,6691,6356,222,6578,74
2021-08-13,Orange,059,3164182,279325,274004,12676,286680,5159
2021-08-13,Placer,061,380077,28581,26987,2266,29253,306
2021-08-13,Plumas,063,18699,885,842,14,856,5
2021-08-13,Riverside,065,2383286,319724,312408,14831,327239,4581
2021-08-13,Sacramento,067,1510023,127852,122868,2492,125360,1758
2021-08-13,San Benito,069,59416,6492,6422,121,6543,64
2021-08-13,San Bernardino,071,2135413,316543,311378,9646,321024,5301
2021-08-13,San Diego,073,3302833,318528,312293,18371,330664,3821
2021-08-13,San Francisco,075,870044,45556,44196,1790,45986,567
2021-08-13,San Joaquin,077,732212,82487,80232,4136,84368,1481
2021-08-13,San Luis Obispo,079,281455,23868,23226,890,24116,265
2021-08-13,San Mateo,081,765935,47767,46660,666,47326,548
2021-08-13,Santa Barbara,083,443738,37845,37023,1282,38305,474
2021-08-13,Santa Clara,085,1922200,130232,126958,923,127881,1769
2021-08-13,Santa Cruz,087,273765,17761,17332,861,18193,209
2021-08-13,Shasta,089,179085,14190,13698,1924,15622,211
2021-08-13,Sierra,091,2930,85,81,12,93,0
2021-08-13,Siskiyou,093,43540,2248,2147,524,2671,33
2021-08-13,Solano,095,438530,39100,37104,866,37970,264
2021-08-13,Sonoma,097,501317,35765,34464,417,34881,333
2021-08-13,Stanislaus,099,539301,62861,61294,6753,68047,1039
2021-08-13,Sutter,101,95872,10950,10751,114,10865,130
2021-08-13,Tehama,103,63373,5657,5496,676,6172,66
2021-08-13,Trinity,105,12862,552,392,126,518,3
2021-08-13,Tulare,107,460477,53224,51770,10245,62015,856
2021-08-13,Tuolumne,109,53932,5042,4899,53,4952,64
2021-08-13,Ventura,111,848112,88101,86368,3699,90067,1052
2021-08-13,Yolo,113,214977,16267,15761,575,16336,225
2021-08-13,Yuba,115,75493,7373,7184,164,7348,51
2021-08-12,Alameda,001,1643700,103660,100472,2242,102714,1284
2021-08-12,Alpine,003,1148,90,91,0,91,0
2021-08-12,Amador,005,37829,4288,4161,36,4197,49
2021-08-12,Butte,007,227075,14483,14006,2310,16316,206
2021-08-12,Calaveras,009,45235,2629,2531,17,2548,57
2021-08-12,Colusa,011,21464,2178,2111,416,2527,17
2021-08-12,Contra Costa,013,1133247,83965,80738,1616,82354,846
2021-08-12,Del Norte,015,27424,2189,1923,16,1939,8
2021-08-12,El Dorado,017,186661,12500,11880,1037,12917,118
2021-08-12,Fresno,019,978130,111269,108193,9525,117718,1753
2021-08-12,Glenn,021,27897,2623,2559,653,3212,20
2021-08-12,Humboldt,023,135768,6159,5845,108,5953,52
2021-08-12,Imperial,025,180216,29824,29585,2762,32347,745
2021-08-12,Inyo,027,18085,1489,1483,13,1496,39
2021-08-12,Kern,029,883053,103691,101698,13037,114735,1364
2021-08-12,Kings,031,150075,25115,24423,1272,25695,252
2021-08-12,Lake,033,64148,4948,4774,31,4805,68
2021-08-12,Lassen,035,31185,5526,5428,129,5557,21
2021-08-12,Los Angeles,037,10098052,1313659,1291875,47057,1338932,24874
2021-08-12,Madera,039,155013,18063,17564,1145,18709,246
2021-08-12,Marin,041,260295,15716,15277,306,15583,239
2021-08-12,Mariposa,043,17540,608,568,13,581,5
2021-08-12,Mendocino,045,87422,5167,4873,157,5030,49
2021-08-12,Merced,047,269075,33483,32960,1174,34134,480
2021-08-12,Modoc,049,8938,429,423,148,571,5
2021-08-12,Mono,051,14174,1358,1325,18,1343,3
2021-08-12,Monterey,053,433212,44856,44383,2128,46511,527
2021-08-12,Napa,055,140530,11039,10780,63,10843,83
2021-08-12,Nevada,057,99092,6630,6283,222,6505,74
2021-08-12,Orange,059,3164182,278646,273167,12618,285785,5158
2021-08-12,Placer,061,380077,28382,26856,2243,29099,306
2021-08-12,Plumas,063,18699,877,829,14,843,5
2021-08-12,Riverside,065,2383286,318715,311304,14799,326103,4575
2021-08-12,Sacramento,067,1510023,127079,122222,2462,124684,1758
2021-08-12,San Benito,069,59416,6475,6398,119,6517,64
2021-08-12,San Bernardino,071,2135413,315669,310420,9616,320036,5297
2021-08-12,San Diego,073,3302833,317158,310596,18282,328878,3821
2021-08-12,San Francisco,075,870044,45349,43774,1777,45551,564
2021-08-12,San Joaquin,077,732212,82092,79945,4112,84057,1479
2021-08-12,San Luis Obispo,079,281455,23768,23101,877,23978,264
2021-08-12,San Mateo,081,765935,47623,46435,663,47098,548
2021-08-12,Santa Barbara,083,443738,37708,36881,1274,38155,473
2021-08-12,Santa Clara,085,1922200,129783,126614,917,127531,1769
2021-08-12,Santa Cruz,087,273765,17697,17261,860,18121,209
2021-08-12,Shasta,089,179085,14105,13621,1897,15518,211
2021-08-12,Sierra,091,2930,85,81,12,93,0
2021-08-12,Siskiyou,093,43540,2241,2134,515,2649,33
2021-08-12,Solano,095,438530,38871,36980,857,37837,262
2021-08-12,Sonoma,097,501317,35617,34299,414,34713,333
2021-08-12,Stanislaus,099,539301,62596,61026,6694,67720,1039
2021-08-12,Sutter,101,95872,10889,10695,112,10807,130
2021-08-12,Tehama,103,63373,5627,5462,667,6129,66
2021-08-12,Trinity,105,12862,548,386,125,511,3
2021-08-12,Tulare,107,460477,53079,51632,10196,61828,856
2021-08-12,Tuolumne,109,53932,4995,4845,51,4896,64
2021-08-12,Ventura,111,848112,87864,86106,3675,89781,1052
2021-08-12,Yolo,113,214977,16195,15686,561,16247,224
2021-08-12,Yuba,115,75493,7325,7128,163,7291,51
2021-08-11,Alameda,001,1643700,103154,100040,2239,102279,1281
2021-08-11,Alpine,003,1148,90,91,0,91,0
2021-08-11,Amador,005,37829,4264,4127,36,4163,49
2021-08-11,Butte,007,227075,14382,13905,2284,16189,206
2021-08-11,Calaveras,009,45235,2607,2505,17,2522,57
2021-08-11,Colusa,011,21464,2168,2101,414,2515,16
2021-08-11,Contra Costa,013,1133247,83464,80275,1598,81873,843
2021-08-11,Del Norte,015,27424,2130,1893,16,1909,8
2021-08-11,El Dorado,017,186661,12389,11799,1025,12824,119
2021-08-11,Fresno,019,978130,110811,107773,9479,117252,1751
2021-08-11,Glenn,021,27897,2614,2547,643,3190,20
2021-08-11,Humboldt,023,135768,6112,5765,107,5872,52
2021-08-11,Imperial,025,180216,29781,29565,2758,32323,745
2021-08-11,Inyo,027,18085,1489,1483,13,1496,39
2021-08-11,Kern,029,883053,103377,101448,12930,114378,1363
2021-08-11,Kings,031,150075,25002,24304,1263,25567,250
2021-08-11,Lake,033,64148,4911,4713,30,4743,68
2021-08-11,Lassen,035,31185,5517,5408,127,5535,21
2021-08-11,Los Angeles,037,10098052,1310330,1288238,46872,1335110,24851
2021-08-11,Madera,039,155013,18013,17511,1134,18645,245
2021-08-11,Marin,041,260295,15667,15235,306,15541,239
2021-08-11,Mariposa,043,17540,598,554,12,566,5
2021-08-11,Mendocino,045,87422,5098,4796,148,4944,49
2021-08-11,Merced,047,269075,33350,32802,1170,33972,479
2021-08-11,Modoc,049,8938,429,421,148,569,5
2021-08-11,Mono,051,14174,1353,1320,18,1338,3
2021-08-11,Monterey,053,433212,44757,44314,2110,46424,527
2021-08-11,Napa,055,140530,10998,10732,63,10795,83
2021-08-11,Nevada,057,99092,6577,6172,219,6391,74
2021-08-11,Orange,059,3164182,277788,272212,12572,284784,5155
2021-08-11,Placer,061,380077,28170,26687,2217,28904,305
2021-08-11,Plumas,063,18699,868,824,14,838,5
2021-08-11,Riverside,065,2383286,317722,310265,14764,325029,4570
2021-08-11,Sacramento,067,1510023,126288,121603,2422,124025,1757
2021-08-11,San Benito,069,59416,6462,6381,119,6500,64
2021-08-11,San Bernardino,071,2135413,314776,309498,9597,319095,5296
2021-08-11,San Diego,073,3302833,315688,309406,18178,327584,3818
2021-08-11,San Francisco,075,870044,45124,43555,1769,45324,564
2021-08-11,San Joaquin,077,732212,81685,79641,4085,83726,1478
2021-08-11,San Luis Obispo,079,281455,23664,22920,870,23790,264
2021-08-11,San Mateo,081,765935,47455,46300,660,46960,548
2021-08-11,Santa Barbara,083,443738,37545,36699,1266,37965,472
2021-08-11,Santa Clara,085,1922200,129301,126301,909,127210,1769
2021-08-11,Santa Cruz,087,273765,17632,17191,857,18048,209
2021-08-11,Shasta,089,179085,14031,13546,1882,15428,211
2021-08-11,Sierra,091,2930,84,81,12,93,0
2021-08-11,Siskiyou,093,43540,2227,2124,508,2632,33
2021-08-11,Solano,095,438530,38636,36862,843,37705,262
2021-08-11,Sonoma,097,501317,35438,34188,409,34597,333
2021-08-11,Stanislaus,099,539301,62265,60767,6664,67431,1037
2021-08-11,Sutter,101,95872,10817,10628,112,10740,130
2021-08-11,Tehama,103,63373,5598,5410,651,6061,66
2021-08-11,Trinity,105,12862,546,385,125,510,3
2021-08-11,Tulare,107,460477,52911,51464,10152,61616,854
2021-08-11,Tuolumne,109,53932,4963,4794,51,4845,64
2021-08-11,Ventura,111,848112,87612,85863,3654,89517,1051
2021-08-11,Yolo,113,214977,16120,15593,545,16138,218
2021-08-11,Yuba,115,75493,7266,7063,162,7225,53
2021-08-10,Alameda,001,1643700,102686,99771,2232,102003,1281
2021-08-10,Alpine,003,1148,90,91,0,91,0
2021-08-10,Amador,005,37829,4248,4093,36,4129,49
2021-08-10,Butte,007,227075,14298,13853,2264,16117,205
2021-08-10,Calaveras,009,45235,2583,2491,15,2506,57
2021-08-10,Colusa,011,21464,2155,2088,405,2493,16
2021-08-10,Contra Costa,013,1133247,82920,80018,1588,81606,840
2021-08-10,Del Norte,015,27424,2086,1870,16,1886,8
2021-08-10,El Dorado,017,186661,12288,11734,1013,12747,117
2021-08-10,Fresno,019,978130,110353,107616,9423,117039,1747
2021-08-10,Glenn,021,27897,2601,2538,633,3171,20
2021-08-10,Humboldt,023,135768,6058,5718,104,5822,52
2021-08-10,Imperial,025,180216,29746,29522,2751,32273,745
2021-08-10,Inyo,027,18085,1489,1482,13,1495,39
2021-08-10,Kern,029,883053,103049,101254,12834,114088,1359
2021-08-10,Kings,031,150075,24876,24252,1247,25499,251
2021-08-10,Lake,033,64148,4870,4700,30,4730,67
2021-08-10,Lassen,035,31185,5499,5401,127,5528,21
2021-08-10,Los Angeles,037,10098052,1306574,1285140,46709,1331849,24821
2021-08-10,Madera,039,155013,17940,17481,1124,18605,245
2021-08-10,Marin,041,260295,15620,15194,306,15500,239
2021-08-10,Mariposa,043,17540,585,550,12,562,5
2021-08-10,Mendocino,045,87422,5053,4775,144,4919,49
2021-08-10,Merced,047,269075,33202,32721,1161,33882,477
2021-08-10,Modoc,049,8938,428,421,148,569,5
2021-08-10,Mono,051,14174,1348,1320,18,1338,3
2021-08-10,Monterey,053,433212,44695,44259,2095,46354,527
2021-08-10,Napa,055,140530,10943,10703,62,10765,83
2021-08-10,Nevada,057,99092,6512,6151,218,6369,73
2021-08-10,Orange,059,3164182,276908,271688,12525,284213,5155
2021-08-10,Placer,061,380077,27951,26561,2175,28736,305
2021-08-10,Plumas,063,18699,859,816,14,830,5
2021-08-10,Riverside,065,2383286,316607,309529,14738,324267,4564
2021-08-10,Sacramento,067,1510023,125435,121159,2391,123550,1755
2021-08-10,San Benito,069,59416,6448,6371,119,6490,64
2021-08-10,San Bernardino,071,2135413,313852,308672,9579,318251,5295
2021-08-10,San Diego,073,3302833,314046,308288,18086,326374,3815
2021-08-10,San Francisco,075,870044,44871,43389,1754,45143,564
2021-08-10,San Joaquin,077,732212,81287,79391,4067,83458,1478
2021-08-10,San Luis Obispo,079,281455,23538,22776,868,23644,264
2021-08-10,San Mateo,081,765935,47283,46184,658,46842,548
2021-08-10,Santa Barbara,083,443738,37380,36574,1259,37833,472
2021-08-10,Santa Clara,085,1922200,128838,126019,902,126921,1770
2021-08-10,Santa Cruz,087,273765,17549,17142,855,17997,209
2021-08-10,Shasta,089,179085,13953,13461,1859,15320,211
2021-08-10,Sierra,091,2930,84,76,12,88,0
2021-08-10,Siskiyou,093,43540,2218,2088,501,2589,33
2021-08-10,Solano,095,438530,38390,36767,832,37599,262
2021-08-10,Sonoma,097,501317,35293,34054,406,34460,333
2021-08-10,Stanislaus,099,539301,61919,60605,6627,67232,1037
2021-08-10,Sutter,101,95872,10752,10569,112,10681,130
2021-08-10,Tehama,103,63373,5569,5392,646,6038,66
2021-08-10,Trinity,105,12862,546,384,125,509,3
2021-08-10,Tulare,107,460477,52747,51390,10100,61490,854
2021-08-10,Tuolumne,109,53932,4934,4780,49,4829,64
2021-08-10,Ventura,111,848112,87323,85714,3633,89347,1051
2021-08-10,Yolo,113,214977,16033,15568,535,16103,218
2021-08-10,Yuba,115,75493,7217,7028,162,7190,50
2021-08-09,Alameda,001,1643700,102135,99496,2228,101724,1276
2021-08-09,Alpine,003,1148,90,91,0,91,0
2021-08-09,Amador,005,37829,4222,4078,36,4114,48
2021-08-09,Butte,007,227075,14199,13813,2235,16048,205
2021-08-09,Calaveras,009,45235,2558,2472,15,2487,57
2021-08-09,Colusa,011,21464,2145,2075,398,2473,16
2021-08-09,Contra Costa,013,1133247,82378,79740,1576,81316,840
2021-08-09,Del Norte,015,27424,2018,1848,16,1864,8
2021-08-09,El Dorado,017,186661,12181,11672,1000,12672,117
2021-08-09,Fresno,019,978130,109859,107310,9384,116694,1747
2021-08-09,Glenn,021,27897,2590,2532,621,3153,20
2021-08-09,Humboldt,023,135768,5967,5632,102,5734,52
2021-08-09,Imperial,025,180216,29701,29512,2747,32259,745
2021-08-09,Inyo,027,18085,1489,1481,13,1494,39
2021-08-09,Kern,029,883053,102737,101069,12748,113817,1359
2021-08-09,Kings,031,150075,24769,24155,1233,25388,250
2021-08-09,Lake,033,64148,4835,4670,28,4698,66
2021-08-09,Lassen,035,31185,5477,5393,126,5519,21
2021-08-09,Los Angeles,037,10098052,1302556,1282891,46509,1329400,24798
2021-08-09,Madera,039,155013,17881,17429,1104,18533,245
2021-08-09,Marin,041,260295,15567,15154,305,15459,239
2021-08-09,Mariposa,043,17540,572,545,12,557,5
2021-08-09,Mendocino,045,87422,5002,4732,136,4868,49
2021-08-09,Merced,047,269075,33056,32666,1154,33820,477
2021-08-09,Modoc,049,8938,428,419,148,567,5
2021-08-09,Mono,051,14174,1345,1337,18,1355,3
2021-08-09,Monterey,053,433212,44623,44190,2080,46270,527
2021-08-09,Napa,055,140530,10896,10679,62,10741,83
2021-08-09,Nevada,057,99092,6440,6088,217,6305,73
2021-08-09,Orange,059,3164182,275869,271036,12470,283506,5153
2021-08-09,Placer,061,380077,27727,26457,2144,28601,305
2021-08-09,Plumas,063,18699,842,803,14,817,5
2021-08-09,Riverside,065,2383286,315530,308678,14720,323398,4562
2021-08-09,Sacramento,067,1510023,124601,120812,2366,123178,1748
2021-08-09,San Benito,069,59416,6428,6359,117,6476,63
2021-08-09,San Bernardino,071,2135413,312867,308038,9556,317594,5295
2021-08-09,San Diego,073,3302833,312388,306855,17987,324842,3811
2021-08-09,San Francisco,075,870044,44625,43261,1738,44999,564
2021-08-09,San Joaquin,077,732212,80904,79198,4049,83247,1469
2021-08-09,San Luis Obispo,079,281455,23399,22695,859,23554,264
2021-08-09,San Mateo,081,765935,47111,46040,655,46695,548
2021-08-09,Santa Barbara,083,443738,37196,36474,1251,37725,470
2021-08-09,Santa Clara,085,1922200,128335,125791,893,126684,2187
2021-08-09,Santa Cruz,087,273765,17487,17082,855,17937,209
2021-08-09,Shasta,089,179085,13836,13397,1848,15245,210
2021-08-09,Sierra,091,2930,83,75,12,87,0
2021-08-09,Siskiyou,093,43540,2206,2047,486,2533,32
2021-08-09,Solano,095,438530,38114,36653,830,37483,262
2021-08-09,Sonoma,097,501317,35112,33933,404,34337,333
2021-08-09,Stanislaus,099,539301,61640,60410,6578,66988,1037
2021-08-09,Sutter,101,95872,10703,10525,109,10634,129
2021-08-09,Tehama,103,63373,5527,5373,645,6018,66
2021-08-09,Trinity,105,12862,544,378,123,501,3
2021-08-09,Tulare,107,460477,52588,51274,10037,61311,854
2021-08-09,Tuolumne,109,53932,4892,4745,49,4794,64
2021-08-09,Ventura,111,848112,87051,85514,3622,89136,1047
2021-08-09,Yolo,113,214977,15955,15521,514,16035,218
2021-08-09,Yuba,115,75493,7158,6994,162,7156,50
2021-08-08,Alameda,001,1643700,101586,99135,2222,101357,1276
2021-08-08,Alpine,003,1148,90,91,0,91,0
2021-08-08,Amador,005,37829,4188,4057,35,4092,48
2021-08-08,Butte,007,227075,14117,13791,2215,16006,205
2021-08-08,Calaveras,009,45235,2525,2462,15,2477,57
2021-08-08,Colusa,011,21464,2128,2070,391,2461,16
2021-08-08,Contra Costa,013,1133247,81853,79454,1568,81022,840
2021-08-08,Del Norte,015,27424,1972,1810,16,1826,8
2021-08-08,El Dorado,017,186661,12060,11631,990,12621,117
2021-08-08,Fresno,019,978130,109416,107078,9347,116425,1747
2021-08-08,Glenn,021,27897,2582,2527,614,3141,20
2021-08-08,Humboldt,023,135768,5878,5571,102,5673,52
2021-08-08,Imperial,025,180216,29677,29485,2737,32222,745
2021-08-08,Inyo,027,18085,1489,1481,13,1494,39
2021-08-08,Kern,029,883053,102417,100909,12636,113545,1359
2021-08-08,Kings,031,150075,24655,24095,1224,25319,250
2021-08-08,Lake,033,64148,4785,4636,27,4663,66
2021-08-08,Lassen,035,31185,5462,5391,125,5516,21
2021-08-08,Los Angeles,037,10098052,1298306,1279982,46326,1326308,24793
2021-08-08,Madera,039,155013,17802,17398,1087,18485,245
2021-08-08,Marin,041,260295,15514,15124,303,15427,239
2021-08-08,Mariposa,043,17540,568,538,12,550,5
2021-08-08,Mendocino,045,87422,4940,4702,123,4825,49
2021-08-08,Merced,047,269075,32909,32634,1145,33779,477
2021-08-08,Modoc,049,8938,427,419,147,566,5
2021-08-08,Mono,051,14174,1341,1336,18,1354,3
2021-08-08,Monterey,053,433212,44553,44171,2069,46240,527
2021-08-08,Napa,055,140530,10860,10668,62,10730,83
2021-08-08,Nevada,057,99092,6356,6009,215,6224,73
2021-08-08,Orange,059,3164182,274955,270532,12428,282960,5153
2021-08-08,Placer,061,380077,27518,26332,2103,28435,305
2021-08-08,Plumas,063,18699,833,803,14,817,5
2021-08-08,Riverside,065,2383286,314407,308042,14697,322739,4562
2021-08-08,Sacramento,067,1510023,123772,120109,2354,122463,1744
2021-08-08,San Benito,069,59416,6411,6350,116,6466,63
2021-08-08,San Bernardino,071,2135413,311725,307378,9527,316905,5295
2021-08-08,San Diego,073,3302833,311047,305983,17889,323872,3811
2021-08-08,San Francisco,075,870044,44363,43098,1716,44814,564
2021-08-08,San Joaquin,077,732212,80456,79002,4033,83035,1469
2021-08-08,San Luis Obispo,079,281455,23225,22668,851,23519,263
2021-08-08,San Mateo,081,765935,46921,45927,652,46579,548
2021-08-08,Santa Barbara,083,443738,37019,36417,1244,37661,470
2021-08-08,Santa Clara,085,1922200,127883,125553,888,126441,2187
2021-08-08,Santa Cruz,087,273765,17416,17035,850,17885,209
2021-08-08,Shasta,089,179085,13751,13381,1837,15218,210
2021-08-08,Sierra,091,2930,83,74,12,86,0
2021-08-08,Siskiyou,093,43540,2190,2041,481,2522,32
2021-08-08,Solano,095,438530,37862,36551,826,37377,262
2021-08-08,Sonoma,097,501317,34868,33805,403,34208,333
2021-08-08,Stanislaus,099,539301,61314,60269,6533,66802,1037
2021-08-08,Sutter,101,95872,10643,10481,108,10589,129
2021-08-08,Tehama,103,63373,5491,5359,642,6001,66
2021-08-08,Trinity,105,12862,539,378,123,501,3
2021-08-08,Tulare,107,460477,52409,51220,9978,61198,854
2021-08-08,Tuolumne,109,53932,4852,4731,49,4780,64
2021-08-08,Ventura,111,848112,86760,85382,3612,88994,1047
2021-08-08,Yolo,113,214977,15862,15477,507,15984,218
2021-08-08,Yuba,115,75493,7119,6967,162,7129,50
2021-08-07,Alameda,001,1643700,101340,98812,2216,101028,1276
2021-08-07,Alpine,003,1148,90,91,0,91,0
2021-08-07,Amador,005,37829,4171,4041,34,4075,48
2021-08-07,Butte,007,227075,14065,13714,2203,15917,205
2021-08-07,Calaveras,009,45235,2515,2446,15,2461,57
2021-08-07,Colusa,011,21464,2123,2067,382,2449,16
2021-08-07,Contra Costa,013,1133247,81557,79168,1565,80733,840
2021-08-07,Del Norte,015,27424,1940,1791,16,1807,8
2021-08-07,El Dorado,017,186661,12012,11575,983,12558,117
2021-08-07,Fresno,019,978130,109212,106861,9321,116182,1747
2021-08-07,Glenn,021,27897,2574,2515,613,3128,20
2021-08-07,Humboldt,023,135768,5828,5510,99,5609,52
2021-08-07,Imperial,025,180216,29658,29470,2737,32207,745
2021-08-07,Inyo,027,18085,1487,1476,13,1489,39
2021-08-07,Kern,029,883053,102259,100693,12580,113273,1359
2021-08-07,Kings,031,150075,24594,24048,1218,25266,250
2021-08-07,Lake,033,64148,4764,4613,27,4640,66
2021-08-07,Lassen,035,31185,5458,5386,125,5511,21
2021-08-07,Los Angeles,037,10098052,1296268,1276853,46181,1323034,24786
2021-08-07,Madera,039,155013,17767,17366,1083,18449,245
2021-08-07,Marin,041,260295,15480,15085,302,15387,239
2021-08-07,Mariposa,043,17540,565,530,12,542,5
2021-08-07,Mendocino,045,87422,4904,4690,121,4811,49
2021-08-07,Merced,047,269075,32845,32569,1142,33711,477
2021-08-07,Modoc,049,8938,427,419,147,566,5
2021-08-07,Mono,051,14174,1338,1329,18,1347,3
2021-08-07,Monterey,053,433212,44501,44124,2064,46188,527
2021-08-07,Napa,055,140530,10839,10658,61,10719,83
2021-08-07,Nevada,057,99092,6306,5967,213,6180,73
2021-08-07,Orange,059,3164182,274363,269900,12398,282298,5153
2021-08-07,Placer,061,380077,27329,26244,2094,28338,305
2021-08-07,Plumas,063,18699,828,801,14,815,5
2021-08-07,Riverside,065,2383286,313735,307326,14690,322016,4562
2021-08-07,Sacramento,067,1510023,123270,119636,2350,121986,1744
2021-08-07,San Benito,069,59416,6401,6332,116,6448,63
2021-08-07,San Bernardino,071,2135413,311136,306663,9510,316173,5295
2021-08-07,San Diego,073,3302833,310291,304974,17854,322828,3811
2021-08-07,San Francisco,075,870044,44191,42926,1698,44624,564
2021-08-07,San Joaquin,077,732212,80292,78769,4018,82787,1469
2021-08-07,San Luis Obispo,079,281455,23156,22579,850,23429,263
2021-08-07,San Mateo,081,765935,46793,45804,650,46454,548
2021-08-07,Santa Barbara,083,443738,36923,36303,1238,37541,470
2021-08-07,Santa Clara,085,1922200,127612,125196,883,126079,2188
2021-08-07,Santa Cruz,087,273765,17373,16994,848,17842,209
2021-08-07,Shasta,089,179085,13695,13361,1830,15191,210
2021-08-07,Sierra,091,2930,83,74,12,86,0
2021-08-07,Siskiyou,093,43540,2178,2039,479,2518,32
2021-08-07,Solano,095,438530,37746,36458,818,37276,262
2021-08-07,Sonoma,097,501317,34746,33716,403,34119,333
2021-08-07,Stanislaus,099,539301,61143,60093,6503,66596,1037
2021-08-07,Sutter,101,95872,10606,10447,108,10555,129
2021-08-07,Tehama,103,63373,5480,5343,637,5980,66
2021-08-07,Trinity,105,12862,535,377,122,499,3
2021-08-07,Tulare,107,460477,52323,51133,9940,61073,854
2021-08-07,Tuolumne,109,53932,4822,4721,49,4770,64
2021-08-07,Ventura,111,848112,86580,85232,3598,88830,1047
2021-08-07,Yolo,113,214977,15819,15423,502,15925,218
2021-08-07,Yuba,115,75493,7094,6937,160,7097,50
2021-08-06,Alameda,001,1643700,101011,98487,2210,100697,1275
2021-08-06,Alpine,003,1148,90,91,0,91,0
2021-08-06,Amador,005,37829,4150,4002,34,4036,48
2021-08-06,Butte,007,227075,14015,13626,2188,15814,205
2021-08-06,Calaveras,009,45235,2504,2419,15,2434,57
2021-08-06,Colusa,011,21464,2116,2045,377,2422,16
2021-08-06,Contra Costa,013,1133247,81262,78796,1560,80356,840
2021-08-06,Del Norte,015,27424,1913,1755,15,1770,8
2021-08-06,El Dorado,017,186661,11962,11498,971,12469,117
2021-08-06,Fresno,019,978130,108948,106542,9294,115836,1747
2021-08-06,Glenn,021,27897,2559,2504,610,3114,20
2021-08-06,Humboldt,023,135768,5777,5421,96,5517,52
2021-08-06,Imperial,025,180216,29647,29404,2733,32137,745
2021-08-06,Inyo,027,18085,1484,1471,13,1484,39
2021-08-06,Kern,029,883053,102082,100427,12495,112922,1359
2021-08-06,Kings,031,150075,24539,23974,1214,25188,250
2021-08-06,Lake,033,64148,4741,4557,27,4584,66
2021-08-06,Lassen,035,31185,5436,5368,125,5493,21
2021-08-06,Los Angeles,037,10098052,1293775,1273081,46032,1319113,24772
2021-08-06,Madera,039,155013,17728,17324,1074,18398,245
2021-08-06,Marin,041,260295,15447,15051,302,15353,239
2021-08-06,Mariposa,043,17540,556,511,12,523,5
2021-08-06,Mendocino,045,87422,4862,4649,120,4769,49
2021-08-06,Merced,047,269075,32785,32456,1139,33595,477
2021-08-06,Modoc,049,8938,427,419,147,566,5
2021-08-06,Mono,051,14174,1337,1328,18,1346,3
2021-08-06,Monterey,053,433212,44433,44058,2051,46109,527
2021-08-06,Napa,055,140530,10812,10620,61,10681,83
2021-08-06,Nevada,057,99092,6250,5874,213,6087,73
2021-08-06,Orange,059,3164182,273797,269077,12381,281458,5151
2021-08-06,Placer,061,380077,27206,26086,2073,28159,305
2021-08-06,Plumas,063,18699,819,795,14,809,5
2021-08-06,Riverside,065,2383286,313025,306304,14679,320983,4562
2021-08-06,Sacramento,067,1510023,122778,119169,2331,121500,1740
2021-08-06,San Benito,069,59416,6384,6315,116,6431,63
2021-08-06,San Bernardino,071,2135413,310435,305806,9500,315306,5286
2021-08-06,San Diego,073,3302833,309252,303691,17805,321496,3810
2021-08-06,San Francisco,075,870044,44035,42659,1680,44339,565
2021-08-06,San Joaquin,077,732212,80142,78405,4006,82411,1469
2021-08-06,San Luis Obispo,079,281455,23088,22472,845,23317,263
2021-08-06,San Mateo,081,765935,46641,45665,645,46310,548
2021-08-06,Santa Barbara,083,443738,36834,36208,1234,37442,470
2021-08-06,Santa Clara,085,1922200,127322,124767,878,125645,2185
2021-08-06,Santa Cruz,087,273765,17329,16924,844,17768,207
2021-08-06,Shasta,089,179085,13629,13284,1824,15108,210
2021-08-06,Sierra,091,2930,83,73,12,85,0
2021-08-06,Siskiyou,093,43540,2168,2030,475,2505,32
2021-08-06,Solano,095,438530,37636,36351,809,37160,262
2021-08-06,Sonoma,097,501317,34660,33594,402,33996,333
2021-08-06,Stanislaus,099,539301,61005,59854,6483,66337,1037
2021-08-06,Sutter,101,95872,10563,10391,108,10499,128
2021-08-06,Tehama,103,63373,5456,5325,635,5960,66
2021-08-06,Trinity,105,12862,534,371,121,492,3
2021-08-06,Tulare,107,460477,52222,51018,9893,60911,854
2021-08-06,Tuolumne,109,53932,4795,4674,49,4723,64
2021-08-06,Ventura,111,848112,86409,85046,3586,88632,1047
2021-08-06,Yolo,113,214977,15766,15299,497,15796,218
2021-08-06,Yuba,115,75493,7071,6904,160,7064,50
2021-08-05,Alameda,001,1643700,100528,98052,2205,100257,1275
2021-08-05,Alpine,003,1148,90,91,0,91,0
2021-08-05,Amador,005,37829,4130,3992,34,4026,48
2021-08-05,Butte,007,227075,13954,13564,2165,15729,206
2021-08-05,Calaveras,009,45235,2485,2397,15,2412,57
2021-08-05,Colusa,011,21464,2104,2036,372,2408,16
2021-08-05,Contra Costa,013,1133247,80835,78514,1553,80067,840
2021-08-05,Del Norte,015,27424,1886,1731,15,1746,8
2021-08-05,El Dorado,017,186661,11877,11408,960,12368,117
2021-08-05,Fresno,019,978130,108577,106219,9257,115476,1747
2021-08-05,Glenn,021,27897,2553,2494,607,3101,20
2021-08-05,Humboldt,023,135768,5703,5328,95,5423,52
2021-08-05,Imperial,025,180216,29616,29383,2729,32112,745
2021-08-05,Inyo,027,18085,1480,1468,13,1481,38
2021-08-05,Kern,029,883053,101860,100091,12410,112501,1358
2021-08-05,Kings,031,150075,24455,23906,1209,25115,249
2021-08-05,Lake,033,64148,4702,4490,25,4515,66
2021-08-05,Lassen,035,31185,5428,5344,125,5469,21
2021-08-05,Los Angeles,037,10098052,1290555,1269445,45900,1315345,24756
2021-08-05,Madera,039,155013,17687,17301,1066,18367,245
2021-08-05,Marin,041,260295,15403,15005,298,15303,239
2021-08-05,Mariposa,043,17540,545,504,11,515,5
2021-08-05,Mendocino,045,87422,4819,4597,111,4708,49
2021-08-05,Merced,047,269075,32718,32381,1128,33509,477
2021-08-05,Modoc,049,8938,426,418,147,565,5
2021-08-05,Mono,051,14174,1329,1309,18,1327,3
2021-08-05,Monterey,053,433212,44376,43992,2033,46025,527
2021-08-05,Napa,055,140530,10776,10591,59,10650,83
2021-08-05,Nevada,057,99092,6168,5778,210,5988,73
2021-08-05,Orange,059,3164182,273016,268329,12354,280683,5149
2021-08-05,Placer,061,380077,27006,25965,2046,28011,305
2021-08-05,Plumas,063,18699,810,787,14,801,5
2021-08-05,Riverside,065,2383286,312107,305415,14653,320068,4562
2021-08-05,Sacramento,067,1510023,122070,118590,2317,120907,1739
2021-08-05,San Benito,069,59416,6366,6305,116,6421,63
2021-08-05,San Bernardino,071,2135413,309600,304956,9479,314435,5284
2021-08-05,San Diego,073,3302833,307980,302220,17723,319943,3806
2021-08-05,San Francisco,075,870044,43823,42301,1671,43972,564
2021-08-05,San Joaquin,077,732212,79780,78151,3988,82139,1468
2021-08-05,San Luis Obispo,079,281455,22973,22362,839,23201,263
2021-08-05,San Mateo,081,765935,46468,45554,643,46197,548
2021-08-05,Santa Barbara,083,443738,36727,36112,1231,37343,470
2021-08-05,Santa Clara,085,1922200,126989,124490,878,125368,2185
2021-08-05,Santa Cruz,087,273765,17285,16867,841,17708,207
2021-08-05,Shasta,089,179085,13571,13217,1816,15033,210
2021-08-05,Sierra,091,2930,78,73,12,85,0
2021-08-05,Siskiyou,093,43540,2147,2024,466,2490,32
2021-08-05,Solano,095,438530,37455,36250,802,37052,262
2021-08-05,Sonoma,097,501317,34525,33455,401,33856,330
2021-08-05,Stanislaus,099,539301,60783,59692,6444,66136,1037
2021-08-05,Sutter,101,95872,10508,10349,108,10457,127
2021-08-05,Tehama,103,63373,5438,5305,632,5937,66
2021-08-05,Trinity,105,12862,528,367,121,488,3
2021-08-05,Tulare,107,460477,52105,50889,9839,60728,854
2021-08-05,Tuolumne,109,53932,4765,4619,49,4668,64
2021-08-05,Ventura,111,848112,86158,84837,3572,88409,1047
2021-08-05,Yolo,113,214977,15699,15250,487,15737,218
2021-08-05,Yuba,115,75493,7028,6872,158,7030,50
2021-08-04,Alameda,001,1643700,100024,97477,2194,99671,1274
2021-08-04,Alpine,003,1148,90,91,0,91,0
2021-08-04,Amador,005,37829,4100,3962,33,3995,48
2021-08-04,Butte,007,227075,13886,13509,2148,15657,205
2021-08-04,Calaveras,009,45235,2460,2374,15,2389,57
2021-08-04,Colusa,011,21464,2092,2025,366,2391,16
2021-08-04,Contra Costa,013,1133247,80318,77966,1548,79514,840
2021-08-04,Del Norte,015,27424,1863,1701,15,1716,8
2021-08-04,El Dorado,017,186661,11797,11319,949,12268,117
2021-08-04,Fresno,019,978130,108207,105899,9218,115117,1747
2021-08-04,Glenn,021,27897,2545,2487,605,3092,20
2021-08-04,Humboldt,023,135768,5627,5271,94,5365,52
2021-08-04,Imperial,025,180216,29568,29375,2727,32102,745
2021-08-04,Inyo,027,18085,1479,1465,13,1478,38
2021-08-04,Kern,029,883053,101610,99868,12327,112195,1358
2021-08-04,Kings,031,150075,24383,23840,1201,25041,250
2021-08-04,Lake,033,64148,4672,4423,20,4443,65
2021-08-04,Lassen,035,31185,5420,5340,125,5465,21
2021-08-04,Los Angeles,037,10098052,1287062,1265788,45741,1311529,24737
2021-08-04,Madera,039,155013,17652,17251,1059,18310,245
2021-08-04,Marin,041,260295,15356,14950,296,15246,239
2021-08-04,Mariposa,043,17540,530,497,11,508,5
2021-08-04,Mendocino,045,87422,4795,4560,107,4667,49
2021-08-04,Merced,047,269075,32580,32274,1123,33397,476
2021-08-04,Modoc,049,8938,426,416,147,563,5
2021-08-04,Mono,051,14174,1325,1307,18,1325,3
2021-08-04,Monterey,053,433212,44311,43926,2022,45948,526
2021-08-04,Napa,055,140530,10739,10544,59,10603,82
2021-08-04,Nevada,057,99092,6104,5702,209,5911,73
2021-08-04,Orange,059,3164182,272141,267199,12317,279516,5146
2021-08-04,Placer,061,380077,26789,25688,2026,27714,305
2021-08-04,Plumas,063,18699,804,784,14,798,5
2021-08-04,Riverside,065,2383286,311182,304272,14628,318900,4562
2021-08-04,Sacramento,067,1510023,121313,117882,2291,120173,1736
2021-08-04,San Benito,069,59416,6351,6300,116,6416,63
2021-08-04,San Bernardino,071,2135413,308743,304164,9460,313624,5285
2021-08-04,San Diego,073,3302833,306467,301100,17656,318756,3805
2021-08-04,San Francisco,075,870044,43567,41913,1659,43572,562
2021-08-04,San Joaquin,077,732212,79423,77846,3976,81822,1466
2021-08-04,San Luis Obispo,079,281455,22863,22245,833,23078,262
2021-08-04,San Mateo,081,765935,46296,45392,642,46034,548
2021-08-04,Santa Barbara,083,443738,36598,36013,1223,37236,470
2021-08-04,Santa Clara,085,1922200,126598,124127,871,124998,2183
2021-08-04,Santa Cruz,087,273765,17223,16820,834,17654,208
2021-08-04,Shasta,089,179085,13520,13134,1805,14939,211
2021-08-04,Sierra,091,2930,78,73,12,85,0
2021-08-04,Siskiyou,093,43540,2127,2010,462,2472,32
2021-08-04,Solano,095,438530,37254,36025,793,36818,262
2021-08-04,Sonoma,097,501317,34353,33311,399,33710,330
2021-08-04,Stanislaus,099,539301,60557,59396,6406,65802,1037
2021-08-04,Sutter,101,95872,10471,10294,108,10402,127
2021-08-04,Tehama,103,63373,5412,5281,626,5907,66
2021-08-04,Trinity,105,12862,526,362,118,480,3
2021-08-04,Tulare,107,460477,51995,50797,9795,60592,855
2021-08-04,Tuolumne,109,53932,4740,4584,49,4633,64
2021-08-04,Ventura,111,848112,85900,84406,3550,87956,1047
2021-08-04,Yolo,113,214977,15619,15189,474,15663,215
2021-08-04,Yuba,115,75493,6988,6827,157,6984,50
2021-08-03,Alameda,001,1643700,99577,97275,2189,99464,1270
2021-08-03,Alpine,003,1148,90,91,0,91,0
2021-08-03,Amador,005,37829,4064,3953,33,3986,48
2021-08-03,Butte,007,227075,13819,13468,2133,15601,205
2021-08-03,Calaveras,009,45235,2438,2356,15,2371,57
2021-08-03,Colusa,011,21464,2079,2023,360,2383,16
2021-08-03,Contra Costa,013,1133247,79836,77739,1541,79280,836
2021-08-03,Del Norte,015,27424,1831,1691,14,1705,8
2021-08-03,El Dorado,017,186661,11704,11255,938,12193,117
2021-08-03,Fresno,019,978130,107844,105732,9187,114919,1746
2021-08-03,Glenn,021,27897,2538,2481,599,3080,20
2021-08-03,Humboldt,023,135768,5562,5199,89,5288,52
2021-08-03,Imperial,025,180216,29546,29333,2720,32053,745
2021-08-03,Inyo,027,18085,1476,1459,13,1472,38
2021-08-03,Kern,029,883053,101348,99708,12248,111956,1358
2021-08-03,Kings,031,150075,24295,23780,1194,24974,249
2021-08-03,Lake,033,64148,4616,4408,16,4424,66
2021-08-03,Lassen,035,31185,5410,5341,125,5466,21
2021-08-03,Los Angeles,037,10098052,1283315,1262678,45568,1308246,24721
2021-08-03,Madera,039,155013,17611,17220,1044,18264,245
2021-08-03,Marin,041,260295,15307,14906,293,15199,243
2021-08-03,Mariposa,043,17540,519,495,11,506,5
2021-08-03,Mendocino,045,87422,4746,4546,106,4652,49
2021-08-03,Merced,047,269075,32497,32197,1121,33318,476
2021-08-03,Modoc,049,8938,426,416,147,563,5
2021-08-03,Mono,051,14174,1320,1303,18,1321,3
2021-08-03,Monterey,053,433212,44248,43872,2009,45881,525
2021-08-03,Napa,055,140530,10696,10527,58,10585,82
2021-08-03,Nevada,057,99092,6023,5685,208,5893,73
2021-08-03,Orange,059,3164182,271402,266649,12287,278936,5146
2021-08-03,Placer,061,380077,26588,25624,2002,27626,305
2021-08-03,Plumas,063,18699,797,779,14,793,5
2021-08-03,Riverside,065,2383286,310257,303499,14602,318101,4562
2021-08-03,Sacramento,067,1510023,120568,117591,2271,119862,1732
2021-08-03,San Benito,069,59416,6336,6284,115,6399,63
2021-08-03,San Bernardino,071,2135413,307821,303386,9442,312828,5265
2021-08-03,San Diego,073,3302833,305028,300189,17546,317735,3803
2021-08-03,San Francisco,075,870044,43283,41758,1639,43397,562
2021-08-03,San Joaquin,077,732212,79072,77615,3955,81570,1461
2021-08-03,San Luis Obispo,079,281455,22723,22166,826,22992,264
2021-08-03,San Mateo,081,765935,46104,45255,637,45892,548
2021-08-03,Santa Barbara,083,443738,36479,35912,1217,37129,469
2021-08-03,Santa Clara,085,1922200,126177,123914,865,124779,2183
2021-08-03,Santa Cruz,087,273765,17157,16778,831,17609,207
2021-08-03,Shasta,089,179085,13445,13091,1794,14885,211
2021-08-03,Sierra,091,2930,78,72,12,84,0
2021-08-03,Siskiyou,093,43540,2116,1998,457,2455,32
2021-08-03,Solano,095,438530,37034,35953,781,36734,261
2021-08-03,Sonoma,097,501317,34172,33243,398,33641,330
2021-08-03,Stanislaus,099,539301,60335,59282,6387,65669,1037
2021-08-03,Sutter,101,95872,10431,10263,107,10370,127
2021-08-03,Tehama,103,63373,5385,5269,621,5890,66
2021-08-03,Trinity,105,12862,523,361,115,476,3
2021-08-03,Tulare,107,460477,51900,50729,9749,60478,854
2021-08-03,Tuolumne,109,53932,4705,4563,49,4612,64
2021-08-03,Ventura,111,848112,85656,84270,3529,87799,1046
2021-08-03,Yolo,113,214977,15527,15149,459,15608,215
2021-08-03,Yuba,115,75493,6951,6781,155,6936,50
2021-08-02,Alameda,001,1643700,99021,96954,2185,99139,1270
2021-08-02,Alpine,003,1148,90,91,0,91,0
2021-08-02,Amador,005,37829,4044,3927,33,3960,48
2021-08-02,Butte,007,227075,13739,13442,2114,15556,205
2021-08-02,Calaveras,009,45235,2413,2347,15,2362,57
2021-08-02,Colusa,011,21464,2067,2019,357,2376,16
2021-08-02,Contra Costa,013,1133247,79326,77516,1527,79043,836
2021-08-02,Del Norte,015,27424,1801,1653,14,1667,8
2021-08-02,El Dorado,017,186661,11601,11226,924,12150,116
2021-08-02,Fresno,019,978130,107499,105471,9150,114621,1744
2021-08-02,Glenn,021,27897,2530,2477,596,3073,20
2021-08-02,Humboldt,023,135768,5479,5161,87,5248,52
2021-08-02,Imperial,025,180216,29513,29302,2717,32019,743
2021-08-02,Inyo,027,18085,1470,1455,13,1468,38
2021-08-02,Kern,029,883053,101093,99556,12157,111713,1357
2021-08-02,Kings,031,150075,24225,23722,1188,24910,249
2021-08-02,Lake,033,64148,4573,4375,16,4391,66
2021-08-02,Lassen,035,31185,5387,5338,123,5461,21
2021-08-02,Los Angeles,037,10098052,1279592,1260807,45363,1306170,24705
2021-08-02,Madera,039,155013,17567,17158,1031,18189,245
2021-08-02,Marin,041,260295,15264,14859,292,15151,239
2021-08-02,Mariposa,043,17540,510,490,11,501,5
2021-08-02,Mendocino,045,87422,4706,4512,103,4615,49
2021-08-02,Merced,047,269075,32399,32163,1114,33277,474
2021-08-02,Modoc,049,8938,426,415,147,562,5
2021-08-02,Mono,051,14174,1313,1296,18,1314,3
2021-08-02,Monterey,053,433212,44188,43842,2001,45843,525
2021-08-02,Napa,055,140530,10653,10490,55,10545,82
2021-08-02,Nevada,057,99092,5952,5611,207,5818,73
2021-08-02,Orange,059,3164182,270488,266050,12242,278292,5146
2021-08-02,Placer,061,380077,26441,25516,1968,27484,306
2021-08-02,Plumas,063,18699,790,762,14,776,5
2021-08-02,Riverside,065,2383286,309319,302756,14587,317343,4562
2021-08-02,Sacramento,067,1510023,119870,117183,2252,119435,1728
2021-08-02,San Benito,069,59416,6317,6276,114,6390,63
2021-08-02,San Bernardino,071,2135413,306946,303000,9409,312409,5253
2021-08-02,San Diego,073,3302833,303548,299021,17466,316487,3798
2021-08-02,San Francisco,075,870044,42996,41553,1616,43169,562
2021-08-02,San Joaquin,077,732212,78729,77447,3930,81377,1461
2021-08-02,San Luis Obispo,079,281455,22629,22093,819,22912,261
2021-08-02,San Mateo,081,765935,45927,45154,625,45779,548
2021-08-02,Santa Barbara,083,443738,36341,35851,1211,37062,469
2021-08-02,Santa Clara,085,1922200,125706,123655,857,124512,2183
2021-08-02,Santa Cruz,087,273765,17099,16746,827,17573,207
2021-08-02,Shasta,089,179085,13383,13049,1780,14829,212
2021-08-02,Sierra,091,2930,78,71,12,83,0
2021-08-02,Siskiyou,093,43540,2105,1992,443,2435,31
2021-08-02,Solano,095,438530,36786,35852,768,36620,260
2021-08-02,Sonoma,097,501317,33946,33132,393,33525,330
2021-08-02,Stanislaus,099,539301,60116,59160,6360,65520,1037
2021-08-02,Sutter,101,95872,10385,10220,107,10327,127
2021-08-02,Tehama,103,63373,5362,5260,617,5877,66
2021-08-02,Trinity,105,12862,518,359,114,473,3
2021-08-02,Tulare,107,460477,51799,50640,9677,60317,854
2021-08-02,Tuolumne,109,53932,4638,4524,49,4573,64
2021-08-02,Ventura,111,848112,85471,84143,3506,87649,1044
2021-08-02,Yolo,113,214977,15429,15072,442,15514,215
2021-08-02,Yuba,115,75493,6909,6743,152,6895,50
2021-08-01,Alameda,001,1643700,98490,96775,2179,98954,1270
2021-08-01,Alpine,003,1148,90,91,0,91,0
2021-08-01,Amador,005,37829,4006,3923,33,3956,48
2021-08-01,Butte,007,227075,13661,13406,2096,15502,205
2021-08-01,Calaveras,009,45235,2389,2341,15,2356,57
2021-08-01,Colusa,011,21464,2056,2014,355,2369,16
2021-08-01,Contra Costa,013,1133247,78890,77360,1520,78880,836
2021-08-01,Del Norte,015,27424,1769,1642,14,1656,8
2021-08-01,El Dorado,017,186661,11501,11189,913,12102,116
2021-08-01,Fresno,019,978130,107172,105339,9105,114444,1744
2021-08-01,Glenn,021,27897,2524,2476,593,3069,20
2021-08-01,Humboldt,023,135768,5402,5118,83,5201,52
2021-08-01,Imperial,025,180216,29478,29297,2713,32010,743
2021-08-01,Inyo,027,18085,1468,1454,13,1467,38
2021-08-01,Kern,029,883053,100815,99396,12082,111478,1357
2021-08-01,Kings,031,150075,24138,23700,1183,24883,249
2021-08-01,Lake,033,64148,4494,4356,16,4372,66
2021-08-01,Lassen,035,31185,5374,5336,121,5457,21
2021-08-01,Los Angeles,037,10098052,1275900,1258461,45141,1303602,24700
2021-08-01,Madera,039,155013,17511,17146,1026,18172,245
2021-08-01,Marin,041,260295,15187,14844,291,15135,239
2021-08-01,Mariposa,043,17540,503,482,11,493,5
2021-08-01,Mendocino,045,87422,4660,4476,99,4575,49
2021-08-01,Merced,047,269075,32308,32144,1108,33252,474
2021-08-01,Modoc,049,8938,424,413,147,560,5
2021-08-01,Mono,051,14174,1310,1294,18,1312,3
2021-08-01,Monterey,053,433212,44141,43808,1988,45796,525
2021-08-01,Napa,055,140530,10604,10473,53,10526,82
2021-08-01,Nevada,057,99092,5865,5561,206,5767,73
2021-08-01,Orange,059,3164182,269674,265467,12199,277666,5146
2021-08-01,Placer,061,380077,26224,25464,1938,27402,306
2021-08-01,Plumas,063,18699,784,761,14,775,5
2021-08-01,Riverside,065,2383286,308386,302256,14569,316825,4562
2021-08-01,Sacramento,067,1510023,119134,116923,2238,119161,1727
2021-08-01,San Benito,069,59416,6300,6271,114,6385,63
2021-08-01,San Bernardino,071,2135413,306012,302542,9398,311940,5248
2021-08-01,San Diego,073,3302833,302362,298002,17401,315403,3798
2021-08-01,San Francisco,075,870044,42659,41432,1603,43035,562
2021-08-01,San Joaquin,077,732212,78362,77338,3905,81243,1461
2021-08-01,San Luis Obispo,079,281455,22527,22083,814,22897,261
2021-08-01,San Mateo,081,765935,45744,45036,618,45654,548
2021-08-01,Santa Barbara,083,443738,36217,35809,1207,37016,469
2021-08-01,Santa Clara,085,1922200,125294,123511,849,124360,2183
2021-08-01,Santa Cruz,087,273765,17020,16709,820,17529,207
2021-08-01,Shasta,089,179085,13312,13036,1771,14807,212
2021-08-01,Sierra,091,2930,76,71,12,83,0
2021-08-01,Siskiyou,093,43540,2099,1989,437,2426,31
2021-08-01,Solano,095,438530,36551,35800,759,36559,260
2021-08-01,Sonoma,097,501317,33754,33076,390,33466,330
2021-08-01,Stanislaus,099,539301,59879,59078,6328,65406,1037
2021-08-01,Sutter,101,95872,10330,10198,104,10302,127
2021-08-01,Tehama,103,63373,5345,5252,613,5865,66
2021-08-01,Trinity,105,12862,515,359,113,472,3
2021-08-01,Tulare,107,460477,51642,50600,9616,60216,854
2021-08-01,Tuolumne,109,53932,4600,4489,49,4538,64
2021-08-01,Ventura,111,848112,85241,84040,3491,87531,1044
2021-08-01,Yolo,113,214977,15359,15042,432,15474,215
2021-08-01,Yuba,115,75493,6872,6721,151,6872,50
2021-07-31,Alameda,001,1643700,98158,95279,2174,97453,1265
2021-07-31,Alpine,003,1148,90,89,0,89,0
2021-07-31,Amador,005,37829,3986,3877,33,3910,48
2021-07-31,Butte,007,227075,13627,13235,2075,15310,205
2021-07-31,Calaveras,009,45235,2380,2294,15,2309,57
2021-07-31,Colusa,011,21464,2050,2006,353,2359,16
2021-07-31,Contra Costa,013,1133247,78611,75866,1518,77384,832
2021-07-31,Del Norte,015,27424,1743,1576,14,1590,8
2021-07-31,El Dorado,017,186661,11448,11017,907,11924,116
2021-07-31,Fresno,019,978130,107013,104639,9092,113731,1744
2021-07-31,Glenn,021,27897,2519,2465,588,3053,20
2021-07-31,Humboldt,023,135768,5347,4978,82,5060,52
2021-07-31,Imperial,025,180216,29461,29164,2710,31874,743
2021-07-31,Inyo,027,18085,1465,1442,13,1455,38
2021-07-31,Kern,029,883053,100650,98903,12023,110926,1357
2021-07-31,Kings,031,150075,24085,23548,1178,24726,248
2021-07-31,Lake,033,64148,4469,4238,16,4254,66
2021-07-31,Lassen,035,31185,5367,5320,121,5441,21
2021-07-31,Los Angeles,037,10098052,1273693,1248545,45001,1293546,24691
2021-07-31,Madera,039,155013,17478,17058,1020,18078,245
2021-07-31,Marin,041,260295,15143,14701,290,14991,239
2021-07-31,Mariposa,043,17540,494,470,11,481,5
2021-07-31,Mendocino,045,87422,4635,4400,96,4496,49
2021-07-31,Merced,047,269075,32260,31959,1103,33062,474
2021-07-31,Modoc,049,8938,424,413,147,560,5
2021-07-31,Mono,051,14174,1308,1287,18,1305,3
2021-07-31,Monterey,053,433212,44101,43720,1978,45698,525
2021-07-31,Napa,055,140530,10585,10401,52,10453,82
2021-07-31,Nevada,057,99092,5826,5373,205,5578,72
2021-07-31,Orange,059,3164182,269100,263446,12181,275627,5144
2021-07-31,Placer,061,380077,26092,25104,1931,27035,306
2021-07-31,Plumas,063,18699,781,743,14,757,5
2021-07-31,Riverside,065,2383286,307769,300315,14559,314874,4554
2021-07-31,Sacramento,067,1510023,118722,115259,2231,117490,1720
2021-07-31,San Benito,069,59416,6289,6251,114,6365,63
2021-07-31,San Bernardino,071,2135413,305438,300726,9395,310121,5240
2021-07-31,San Diego,073,3302833,301689,295054,17355,312409,3798
2021-07-31,San Francisco,075,870044,42431,40412,1583,41995,562
2021-07-31,San Joaquin,077,732212,78197,76575,3892,80467,1443
2021-07-31,San Luis Obispo,079,281455,22474,21922,812,22734,260
2021-07-31,San Mateo,081,765935,45587,44622,613,45235,548
2021-07-31,Santa Barbara,083,443738,36136,35531,1206,36737,467
2021-07-31,Santa Clara,085,1922200,125039,122614,847,123461,2099
2021-07-31,Santa Cruz,087,273765,16981,16576,819,17395,207
2021-07-31,Shasta,089,179085,13275,12918,1763,14681,212
2021-07-31,Sierra,091,2930,76,68,12,80,0
2021-07-31,Siskiyou,093,43540,2090,1976,431,2407,31
2021-07-31,Solano,095,438530,36450,35340,752,36092,263
2021-07-31,Sonoma,097,501317,33628,32601,390,32991,329
2021-07-31,Stanislaus,099,539301,59720,58586,6306,64892,1035
2021-07-31,Sutter,101,95872,10296,10068,103,10171,127
2021-07-31,Tehama,103,63373,5330,5216,610,5826,66
2021-07-31,Trinity,105,12862,514,354,112,466,3
2021-07-31,Tulare,107,460477,51552,50409,9563,59972,854
2021-07-31,Tuolumne,109,53932,4561,4362,49,4411,64
2021-07-31,Ventura,111,848112,85080,83509,3475,86984,1044
2021-07-31,Yolo,113,214977,15311,14863,421,15284,215
2021-07-31,Yuba,115,75493,6849,6615,147,6762,50
2021-07-30,Alameda,001,1643700,97832,95279,2170,97449,1265
2021-07-30,Alpine,003,1148,90,89,0,89,0
2021-07-30,Amador,005,37829,3963,3877,33,3910,48
2021-07-30,Butte,007,227075,13572,13235,2062,15297,205
2021-07-30,Calaveras,009,45235,2370,2294,15,2309,57
2021-07-30,Colusa,011,21464,2046,2006,351,2357,16
2021-07-30,Contra Costa,013,1133247,78365,75866,1514,77380,832
2021-07-30,Del Norte,015,27424,1725,1576,14,1590,8
2021-07-30,El Dorado,017,186661,11415,11017,901,11918,116
2021-07-30,Fresno,019,978130,106818,104639,9080,113719,1744
2021-07-30,Glenn,021,27897,2514,2465,587,3052,20
2021-07-30,Humboldt,023,135768,5284,4978,79,5057,52
2021-07-30,Imperial,025,180216,29447,29164,2707,31871,743
2021-07-30,Inyo,027,18085,1464,1442,13,1455,38
2021-07-30,Kern,029,883053,100526,98903,11976,110879,1357
2021-07-30,Kings,031,150075,24045,23548,1174,24722,248
2021-07-30,Lake,033,64148,4441,4238,16,4254,66
2021-07-30,Lassen,035,31185,5363,5320,121,5441,21
2021-07-30,Los Angeles,037,10098052,1271360,1248545,44854,1293399,24691
2021-07-30,Madera,039,155013,17436,17058,1017,18075,245
2021-07-30,Marin,041,260295,15109,14701,290,14991,239
2021-07-30,Mariposa,043,17540,490,470,11,481,5
2021-07-30,Mendocino,045,87422,4605,4400,95,4495,49
2021-07-30,Merced,047,269075,32219,31959,1099,33058,474
2021-07-30,Modoc,049,8938,422,413,147,560,5
2021-07-30,Mono,051,14174,1303,1287,18,1305,3
2021-07-30,Monterey,053,433212,44067,43720,1969,45689,525
2021-07-30,Napa,055,140530,10563,10401,51,10452,82
2021-07-30,Nevada,057,99092,5769,5373,205,5578,72
2021-07-30,Orange,059,3164182,268475,263446,12155,275601,5144
2021-07-30,Placer,061,380077,26002,25104,1913,27017,306
2021-07-30,Plumas,063,18699,776,743,14,757,5
2021-07-30,Riverside,065,2383286,307132,300315,14549,314864,4554
2021-07-30,Sacramento,067,1510023,118270,115259,2227,117486,1720
2021-07-30,San Benito,069,59416,6282,6251,114,6365,63
2021-07-30,San Bernardino,071,2135413,304924,300726,9388,310114,5240
2021-07-30,San Diego,073,3302833,300915,295054,17297,312351,3798
2021-07-30,San Francisco,075,870044,42218,40412,1569,41981,562
2021-07-30,San Joaquin,077,732212,78043,76575,3887,80462,1443
2021-07-30,San Luis Obispo,079,281455,22436,21922,808,22730,260
2021-07-30,San Mateo,081,765935,45462,44622,600,45222,548
2021-07-30,Santa Barbara,083,443738,36067,35531,1200,36731,467
2021-07-30,Santa Clara,085,1922200,124816,122614,845,123459,2099
2021-07-30,Santa Cruz,087,273765,16955,16576,817,17393,207
2021-07-30,Shasta,089,179085,13230,12918,1763,14681,212
2021-07-30,Sierra,091,2930,75,68,12,80,0
2021-07-30,Siskiyou,093,43540,2081,1976,430,2406,31
2021-07-30,Solano,095,438530,36359,35340,736,36076,263
2021-07-30,Sonoma,097,501317,33533,32601,390,32991,329
2021-07-30,Stanislaus,099,539301,59576,58586,6286,64872,1035
2021-07-30,Sutter,101,95872,10261,10068,103,10171,127
2021-07-30,Tehama,103,63373,5320,5216,610,5826,66
2021-07-30,Trinity,105,12862,514,354,112,466,3
2021-07-30,Tulare,107,460477,51509,50409,9528,59937,854
2021-07-30,Tuolumne,109,53932,4543,4362,49,4411,64
2021-07-30,Ventura,111,848112,84916,83509,3460,86969,1044
2021-07-30,Yolo,113,214977,15251,14863,417,15280,215
2021-07-30,Yuba,115,75493,6813,6615,146,6761,50
2021-07-29,Alameda,001,1643700,97420,95279,2164,97443,1265
2021-07-29,Alpine,003,1148,90,89,0,89,0
2021-07-29,Amador,005,37829,3944,3877,33,3910,48
2021-07-29,Butte,007,227075,13523,13235,2054,15289,205
2021-07-29,Calaveras,009,45235,2355,2294,15,2309,57
2021-07-29,Colusa,011,21464,2039,2006,351,2357,16
2021-07-29,Contra Costa,013,1133247,77925,75866,1512,77378,832
2021-07-29,Del Norte,015,27424,1701,1576,14,1590,8
2021-07-29,El Dorado,017,186661,11351,11017,889,11906,116
2021-07-29,Fresno,019,978130,106554,104639,9054,113693,1744
2021-07-29,Glenn,021,27897,2504,2465,586,3051,20
2021-07-29,Humboldt,023,135768,5224,4978,77,5055,52
2021-07-29,Imperial,025,180216,29402,29164,2705,31869,743
2021-07-29,Inyo,027,18085,1460,1442,13,1455,38
2021-07-29,Kern,029,883053,100319,98903,11899,110802,1357
2021-07-29,Kings,031,150075,23999,23548,1170,24718,248
2021-07-29,Lake,033,64148,4406,4238,16,4254,66
2021-07-29,Lassen,035,31185,5355,5320,118,5438,21
2021-07-29,Los Angeles,037,10098052,1268256,1248545,44677,1293222,24691
2021-07-29,Madera,039,155013,17389,17058,1013,18071,245
2021-07-29,Marin,041,260295,15065,14701,290,14991,239
2021-07-29,Mariposa,043,17540,486,470,11,481,5
2021-07-29,Mendocino,045,87422,4582,4400,93,4493,49
2021-07-29,Merced,047,269075,32164,31959,1099,33058,474
2021-07-29,Modoc,049,8938,422,413,147,560,5
2021-07-29,Mono,051,14174,1301,1287,18,1305,3
2021-07-29,Monterey,053,433212,44018,43720,1959,45679,525
2021-07-29,Napa,055,140530,10531,10401,49,10450,82
2021-07-29,Nevada,057,99092,5717,5373,204,5577,72
2021-07-29,Orange,059,3164182,267763,263446,12123,275569,5144
2021-07-29,Placer,061,380077,25879,25104,1898,27002,306
2021-07-29,Plumas,063,18699,768,743,14,757,5
2021-07-29,Riverside,065,2383286,306427,300315,14525,314840,4554
2021-07-29,Sacramento,067,1510023,117715,115259,2214,117473,1720
2021-07-29,San Benito,069,59416,6271,6251,114,6365,63
2021-07-29,San Bernardino,071,2135413,304287,300726,9379,310105,5240
2021-07-29,San Diego,073,3302833,299858,295054,17229,312283,3798
2021-07-29,San Francisco,075,870044,41967,40412,1548,41960,562
2021-07-29,San Joaquin,077,732212,77788,76575,3879,80454,1443
2021-07-29,San Luis Obispo,079,281455,22381,21922,806,22728,260
2021-07-29,San Mateo,081,765935,45335,44622,590,45212,548
2021-07-29,Santa Barbara,083,443738,35981,35531,1199,36730,467
2021-07-29,Santa Clara,085,1922200,124520,122614,842,123456,2099
2021-07-29,Santa Cruz,087,273765,16902,16576,815,17391,207
2021-07-29,Shasta,089,179085,13176,12918,1754,14672,212
2021-07-29,Sierra,091,2930,75,68,12,80,0
2021-07-29,Siskiyou,093,43540,2076,1976,428,2404,31
2021-07-29,Solano,095,438530,36199,35340,726,36066,263
2021-07-29,Sonoma,097,501317,33359,32601,388,32989,329
2021-07-29,Stanislaus,099,539301,59404,58586,6271,64857,1035
2021-07-29,Sutter,101,95872,10215,10068,102,10170,127
2021-07-29,Tehama,103,63373,5307,5216,604,5820,66
2021-07-29,Trinity,105,12862,512,354,111,465,3
2021-07-29,Tulare,107,460477,51419,50409,9488,59897,854
2021-07-29,Tuolumne,109,53932,4503,4362,48,4410,64
2021-07-29,Ventura,111,848112,84750,83509,3453,86962,1044
2021-07-29,Yolo,113,214977,15184,14863,403,15266,215
2021-07-29,Yuba,115,75493,6764,6615,143,6758,50
2021-07-28,Alameda,001,1643700,96960,94965,2157,97122,1262
2021-07-28,Alpine,003,1148,90,89,0,89,0
2021-07-28,Amador,005,37829,3930,3870,33,3903,48
2021-07-28,Butte,007,227075,13466,13184,2041,15225,205
2021-07-28,Calaveras,009,45235,2334,2289,15,2304,57
2021-07-28,Colusa,011,21464,2036,2001,350,2351,16
2021-07-28,Contra Costa,013,1133247,77436,75487,1504,76991,832
2021-07-28,Del Norte,015,27424,1668,1545,14,1559,8
2021-07-28,El Dorado,017,186661,11301,10967,880,11847,116
2021-07-28,Fresno,019,978130,106302,104458,9034,113492,1744
2021-07-28,Glenn,021,27897,2501,2464,583,3047,20
2021-07-28,Humboldt,023,135768,5173,4946,76,5022,52
2021-07-28,Imperial,025,180216,29355,29096,2705,31801,743
2021-07-28,Inyo,027,18085,1454,1439,12,1451,38
2021-07-28,Kern,029,883053,100163,98781,11853,110634,1352
2021-07-28,Kings,031,150075,23935,23503,1160,24663,248
2021-07-28,Lake,033,64148,4360,4191,15,4206,65
2021-07-28,Lassen,035,31185,5347,5318,118,5436,21
2021-07-28,Los Angeles,037,10098052,1265079,1245485,44494,1289979,24673
2021-07-28,Madera,039,155013,17348,17024,1007,18031,245
2021-07-28,Marin,041,260295,15011,14652,290,14942,239
2021-07-28,Mariposa,043,17540,479,469,11,480,5
2021-07-28,Mendocino,045,87422,4554,4377,93,4470,49
2021-07-28,Merced,047,269075,32108,31886,1095,32981,474
2021-07-28,Modoc,049,8938,420,413,147,560,5
2021-07-28,Mono,051,14174,1300,1286,18,1304,3
2021-07-28,Monterey,053,433212,43971,43668,1950,45618,524
2021-07-28,Napa,055,140530,10491,10376,47,10423,82
2021-07-28,Nevada,057,99092,5663,5320,204,5524,72
2021-07-28,Orange,059,3164182,266971,262735,12094,274829,5143
2021-07-28,Placer,061,380077,25732,24978,1883,26861,306
2021-07-28,Plumas,063,18699,763,754,14,768,5
2021-07-28,Riverside,065,2383286,305659,299611,14506,314117,4554
2021-07-28,Sacramento,067,1510023,117062,114665,2195,116860,1714
2021-07-28,San Benito,069,59416,6260,6236,114,6350,63
2021-07-28,San Bernardino,071,2135413,303665,300121,9367,309488,5236
2021-07-28,San Diego,073,3302833,298584,294176,17156,311332,3798
2021-07-28,San Francisco,075,870044,41663,40144,1522,41666,561
2021-07-28,San Joaquin,077,732212,77537,76312,3849,80161,1443
2021-07-28,San Luis Obispo,079,281455,22322,21865,805,22670,260
2021-07-28,San Mateo,081,765935,45184,44477,581,45058,547
2021-07-28,Santa Barbara,083,443738,35906,35431,1194,36625,467
2021-07-28,Santa Clara,085,1922200,124258,122345,840,123185,2099
2021-07-28,Santa Cruz,087,273765,16864,16551,814,17365,207
2021-07-28,Shasta,089,179085,13131,12882,1744,14626,212
2021-07-28,Sierra,091,2930,71,67,12,79,0
2021-07-28,Siskiyou,093,43540,2067,1971,425,2396,31
2021-07-28,Solano,095,438530,36025,35204,719,35923,262
2021-07-28,Sonoma,097,501317,33215,32434,385,32819,328
2021-07-28,Stanislaus,099,539301,59207,58427,6255,64682,1035
2021-07-28,Sutter,101,95872,10183,10033,101,10134,126
2021-07-28,Tehama,103,63373,5295,5209,601,5810,66
2021-07-28,Trinity,105,12862,511,352,111,463,3
2021-07-28,Tulare,107,460477,51331,50363,9441,59804,854
2021-07-28,Tuolumne,109,53932,4464,4313,48,4361,64
2021-07-28,Ventura,111,848112,84554,83360,3437,86797,1043
2021-07-28,Yolo,113,214977,15112,14801,394,15195,215
2021-07-28,Yuba,115,75493,6731,6591,142,6733,51
2021-07-27,Alameda,001,1643700,96559,94682,2149,96831,1256
2021-07-27,Alpine,003,1148,90,89,0,89,0
2021-07-27,Amador,005,37829,3914,3861,33,3894,48
2021-07-27,Butte,007,227075,13418,13127,2029,15156,205
2021-07-27,Calaveras,009,45235,2323,2280,15,2295,57
2021-07-27,Colusa,011,21464,2027,1999,349,2348,16
2021-07-27,Contra Costa,013,1133247,76951,75227,1500,76727,830
2021-07-27,Del Norte,015,27424,1648,1538,14,1552,8
2021-07-27,El Dorado,017,186661,11241,10941,870,11811,116
2021-07-27,Fresno,019,978130,106010,104288,9011,113299,1746
2021-07-27,Glenn,021,27897,2493,2460,581,3041,20
2021-07-27,Humboldt,023,135768,5119,4925,75,5000,52
2021-07-27,Imperial,025,180216,29310,29048,2704,31752,743
2021-07-27,Inyo,027,18085,1452,1430,12,1442,38
2021-07-27,Kern,029,883053,99993,98724,11797,110521,1352
2021-07-27,Kings,031,150075,23878,23463,1150,24613,248
2021-07-27,Lake,033,64148,4321,4157,15,4172,65
2021-07-27,Lassen,035,31185,5341,5315,118,5433,21
2021-07-27,Los Angeles,037,10098052,1261610,1243336,44290,1287626,24658
2021-07-27,Madera,039,155013,17295,16998,1001,17999,245
2021-07-27,Marin,041,260295,14963,14631,287,14918,239
2021-07-27,Mariposa,043,17540,476,468,11,479,5
2021-07-27,Mendocino,045,87422,4531,4371,93,4464,49
2021-07-27,Merced,047,269075,32041,31825,1092,32917,473
2021-07-27,Modoc,049,8938,419,413,147,560,5
2021-07-27,Mono,051,14174,1296,1288,18,1306,3
2021-07-27,Monterey,053,433212,43931,43646,1939,45585,523
2021-07-27,Napa,055,140530,10461,10354,47,10401,82
2021-07-27,Nevada,057,99092,5586,5305,202,5507,72
2021-07-27,Orange,059,3164182,266231,262193,12068,274261,5143
2021-07-27,Placer,061,380077,25573,24916,1857,26773,306
2021-07-27,Plumas,063,18699,760,752,14,766,5
2021-07-27,Riverside,065,2383286,304930,299160,14487,313647,4554
2021-07-27,Sacramento,067,1510023,116459,114413,2186,116599,1710
2021-07-27,San Benito,069,59416,6251,6229,114,6343,63
2021-07-27,San Bernardino,071,2135413,302982,299593,9345,308938,5236
2021-07-27,San Diego,073,3302833,297495,293408,17077,310485,3798
2021-07-27,San Francisco,075,870044,41307,39939,1504,41443,561
2021-07-27,San Joaquin,077,732212,77275,76166,3830,79996,1442
2021-07-27,San Luis Obispo,079,281455,22267,21803,796,22599,260
2021-07-27,San Mateo,081,765935,45033,44378,578,44956,547
2021-07-27,Santa Barbara,083,443738,35811,35355,1192,36547,467
2021-07-27,Santa Clara,085,1922200,123964,122154,838,122992,2099
2021-07-27,Santa Cruz,087,273765,16818,16523,813,17336,207
2021-07-27,Shasta,089,179085,13081,12846,1731,14577,212
2021-07-27,Sierra,091,2930,71,65,12,77,0
2021-07-27,Siskiyou,093,43540,2062,1964,422,2386,31
2021-07-27,Solano,095,438530,35893,35093,709,35802,261
2021-07-27,Sonoma,097,501317,33071,32367,383,32750,328
2021-07-27,Stanislaus,099,539301,59039,58333,6227,64560,1033
2021-07-27,Sutter,101,95872,10142,9998,101,10099,115
2021-07-27,Tehama,103,63373,5273,5192,599,5791,66
2021-07-27,Trinity,105,12862,510,351,111,462,3
2021-07-27,Tulare,107,460477,51265,50324,9410,59734,854
2021-07-27,Tuolumne,109,53932,4412,4282,48,4330,64
2021-07-27,Ventura,111,848112,84346,83189,3425,86614,1043
2021-07-27,Yolo,113,214977,15039,14759,388,15147,215
2021-07-27,Yuba,115,75493,6709,6564,140,6704,51
2021-07-26,Alameda,001,1643700,96114,94436,2145,96581,1259
2021-07-26,Alpine,003,1148,90,89,0,89,0
2021-07-26,Amador,005,37829,3904,3854,33,3887,48
2021-07-26,Butte,007,227075,13363,13082,2013,15095,203
2021-07-26,Calaveras,009,45235,2317,2276,15,2291,57
2021-07-26,Colusa,011,21464,2020,1996,347,2343,16
2021-07-26,Contra Costa,013,1133247,76454,74854,1493,76347,830
2021-07-26,Del Norte,015,27424,1627,1530,14,1544,8
2021-07-26,El Dorado,017,186661,11177,10899,867,11766,116
2021-07-26,Fresno,019,978130,105806,104143,8988,113131,1742
2021-07-26,Glenn,021,27897,2491,2461,580,3041,20
2021-07-26,Humboldt,023,135768,5080,4906,73,4979,52
2021-07-26,Imperial,025,180216,29270,29034,2704,31738,743
2021-07-26,Inyo,027,18085,1447,1429,12,1441,38
2021-07-26,Kern,029,883053,99827,98633,11732,110365,1351
2021-07-26,Kings,031,150075,23829,23426,1146,24572,247
2021-07-26,Lake,033,64148,4300,4133,15,4148,65
2021-07-26,Lassen,035,31185,5337,5314,118,5432,21
2021-07-26,Los Angeles,037,10098052,1258262,1241527,44119,1285646,24647
2021-07-26,Madera,039,155013,17267,16971,994,17965,245
2021-07-26,Marin,041,260295,14906,14579,286,14865,239
2021-07-26,Mariposa,043,17540,475,467,11,478,5
2021-07-26,Mendocino,045,87422,4510,4354,93,4447,49
2021-07-26,Merced,047,269075,31950,31774,1088,32862,473
2021-07-26,Modoc,049,8938,419,413,147,560,5
2021-07-26,Mono,051,14174,1295,1286,18,1304,3
2021-07-26,Monterey,053,433212,43888,43595,1927,45522,521
2021-07-26,Napa,055,140530,10438,10332,47,10379,82
2021-07-26,Nevada,057,99092,5500,5280,202,5482,72
2021-07-26,Orange,059,3164182,265592,261803,12048,273851,5142
2021-07-26,Placer,061,380077,25436,24842,1836,26678,304
2021-07-26,Plumas,063,18699,756,750,14,764,5
2021-07-26,Riverside,065,2383286,304238,298626,14473,313099,4553
2021-07-26,Sacramento,067,1510023,115859,113986,2170,116156,1705
2021-07-26,San Benito,069,59416,6245,6222,114,6336,63
2021-07-26,San Bernardino,071,2135413,302367,299238,9332,308570,5237
2021-07-26,San Diego,073,3302833,296387,292688,16995,309683,3793
2021-07-26,San Francisco,075,870044,40945,39800,1478,41278,561
2021-07-26,San Joaquin,077,732212,77040,76033,3826,79859,1440
2021-07-26,San Luis Obispo,079,281455,22218,21752,793,22545,260
2021-07-26,San Mateo,081,765935,44885,44297,570,44867,547
2021-07-26,Santa Barbara,083,443738,35738,35311,1180,36491,467
2021-07-26,Santa Clara,085,1922200,123655,121978,829,122807,2099
2021-07-26,Santa Cruz,087,273765,16778,16493,810,17303,207
2021-07-26,Shasta,089,179085,13032,12819,1720,14539,211
2021-07-26,Sierra,091,2930,70,65,12,77,0
2021-07-26,Siskiyou,093,43540,2059,1962,420,2382,31
2021-07-26,Solano,095,438530,35738,34990,702,35692,259
2021-07-26,Sonoma,097,501317,32935,32283,381,32664,328
2021-07-26,Stanislaus,099,539301,58894,58219,6208,64427,1033
2021-07-26,Sutter,101,95872,10102,9963,98,10061,115
2021-07-26,Tehama,103,63373,5263,5183,595,5778,66
2021-07-26,Trinity,105,12862,510,351,110,461,3
2021-07-26,Tulare,107,460477,51199,50265,9381,59646,854
2021-07-26,Tuolumne,109,53932,4382,4271,47,4318,64
2021-07-26,Ventura,111,848112,84173,83072,3410,86482,1041
2021-07-26,Yolo,113,214977,14978,14727,376,15103,215
2021-07-26,Yuba,115,75493,6675,6538,138,6676,51
2021-07-25,Alameda,001,1643700,95626,94146,2140,96286,1259
2021-07-25,Alpine,003,1148,88,89,0,89,0
2021-07-25,Amador,005,37829,3889,3848,33,3881,48
2021-07-25,Butte,007,227075,13324,13074,2001,15075,203
2021-07-25,Calaveras,009,45235,2306,2275,15,2290,57
2021-07-25,Colusa,011,21464,2011,1996,343,2339,16
2021-07-25,Contra Costa,013,1133247,75970,74634,1479,76113,830
2021-07-25,Del Norte,015,27424,1606,1526,14,1540,8
2021-07-25,El Dorado,017,186661,11120,10878,863,11741,116
2021-07-25,Fresno,019,978130,105565,104019,8972,112991,1742
2021-07-25,Glenn,021,27897,2482,2461,578,3039,20
2021-07-25,Humboldt,023,135768,5021,4892,72,4964,52
2021-07-25,Imperial,025,180216,29234,29037,2704,31741,743
2021-07-25,Inyo,027,18085,1442,1427,12,1439,38
2021-07-25,Kern,029,883053,99655,98503,11661,110164,1351
2021-07-25,Kings,031,150075,23775,23396,1142,24538,247
2021-07-25,Lake,033,64148,4247,4109,14,4123,65
2021-07-25,Lassen,035,31185,5332,5314,118,5432,21
2021-07-25,Los Angeles,037,10098052,1254841,1239596,43927,1283523,24643
2021-07-25,Madera,039,155013,17230,16947,987,17934,245
2021-07-25,Marin,041,260295,14857,14558,283,14841,239
2021-07-25,Mariposa,043,17540,472,465,11,476,5
2021-07-25,Mendocino,045,87422,4481,4335,91,4426,49
2021-07-25,Merced,047,269075,31877,31760,1086,32846,473
2021-07-25,Modoc,049,8938,419,413,147,560,5
2021-07-25,Mono,051,14174,1292,1286,18,1304,3
2021-07-25,Monterey,053,433212,43850,43590,1919,45509,521
2021-07-25,Napa,055,140530,10402,10316,46,10362,82
2021-07-25,Nevada,057,99092,5435,5256,199,5455,72
2021-07-25,Orange,059,3164182,264884,261351,12025,273376,5142
2021-07-25,Placer,061,380077,25314,24755,1815,26570,304
2021-07-25,Plumas,063,18699,754,750,14,764,5
2021-07-25,Riverside,065,2383286,303474,298181,14456,312637,4553
2021-07-25,Sacramento,067,1510023,115309,113611,2155,115766,1704
2021-07-25,San Benito,069,59416,6238,6217,114,6331,63
2021-07-25,San Bernardino,071,2135413,301708,298982,9325,308307,5237
2021-07-25,San Diego,073,3302833,295325,290626,16921,307547,3793
2021-07-25,San Francisco,075,870044,40595,39663,1453,41116,561
2021-07-25,San Joaquin,077,732212,76783,75926,3807,79733,1440
2021-07-25,San Luis Obispo,079,281455,22145,21741,790,22531,260
2021-07-25,San Mateo,081,765935,44723,44189,564,44753,547
2021-07-25,Santa Barbara,083,443738,35658,35261,1177,36438,467
2021-07-25,Santa Clara,085,1922200,123325,121800,824,122624,2099
2021-07-25,Santa Cruz,087,273765,16731,16474,809,17283,207
2021-07-25,Shasta,089,179085,12985,12815,1715,14530,211
2021-07-25,Sierra,091,2930,70,65,12,77,0
2021-07-25,Siskiyou,093,43540,2051,1963,417,2380,31
2021-07-25,Solano,095,438530,35546,34863,699,35562,259
2021-07-25,Sonoma,097,501317,32810,32202,378,32580,328
2021-07-25,Stanislaus,099,539301,58728,58154,6203,64357,1033
2021-07-25,Sutter,101,95872,10049,9937,96,10033,115
2021-07-25,Tehama,103,63373,5247,5181,594,5775,66
2021-07-25,Trinity,105,12862,508,351,108,459,3
2021-07-25,Tulare,107,460477,51125,50221,9343,59564,854
2021-07-25,Tuolumne,109,53932,4331,4267,47,4314,64
2021-07-25,Ventura,111,848112,83959,82986,3387,86373,1041
2021-07-25,Yolo,113,214977,14917,14693,362,15055,215
2021-07-25,Yuba,115,75493,6643,6519,138,6657,51
2021-07-24,Alameda,001,1643700,95345,93170,2136,95306,1259
2021-07-24,Alpine,003,1148,88,89,0,89,0
2021-07-24,Amador,005,37829,3880,3816,33,3849,48
2021-07-24,Butte,007,227075,13295,12982,1997,14979,203
2021-07-24,Calaveras,009,45235,2301,2267,15,2282,57
2021-07-24,Colusa,011,21464,2010,1992,341,2333,16
2021-07-24,Contra Costa,013,1133247,75742,73682,1476,75158,830
2021-07-24,Del Norte,015,27424,1595,1497,14,1511,8
2021-07-24,El Dorado,017,186661,11086,10773,860,11633,116
2021-07-24,Fresno,019,978130,105447,103637,8962,112599,1736
2021-07-24,Glenn,021,27897,2480,2457,578,3035,20
2021-07-24,Humboldt,023,135768,4986,4780,71,4851,52
2021-07-24,Imperial,025,180216,29214,28996,2704,31700,742
2021-07-24,Inyo,027,18085,1439,1424,12,1436,38
2021-07-24,Kern,029,883053,99577,98261,11639,109900,1350
2021-07-24,Kings,031,150075,23744,23304,1139,24443,246
2021-07-24,Lake,033,64148,4224,3963,14,3977,64
2021-07-24,Lassen,035,31185,5331,5311,118,5429,21
2021-07-24,Los Angeles,037,10098052,1253064,1232164,43800,1275964,24623
2021-07-24,Madera,039,155013,17206,16885,985,17870,245
2021-07-24,Marin,041,260295,14818,14454,283,14737,238
2021-07-24,Mariposa,043,17540,472,453,11,464,5
2021-07-24,Mendocino,045,87422,4456,4293,91,4384,49
2021-07-24,Merced,047,269075,31855,31661,1085,32746,473
2021-07-24,Modoc,049,8938,419,413,147,560,5
2021-07-24,Mono,051,14174,1290,1284,18,1302,3
2021-07-24,Monterey,053,433212,43825,43525,1912,45437,521
2021-07-24,Napa,055,140530,10386,10230,46,10276,81
2021-07-24,Nevada,057,99092,5403,5183,199,5382,72
2021-07-24,Orange,059,3164182,264418,259973,12013,271986,5141
2021-07-24,Placer,061,380077,25232,24530,1810,26340,303
2021-07-24,Plumas,063,18699,753,737,14,751,4
2021-07-24,Riverside,065,2383286,303006,296912,14446,311358,4552
2021-07-24,Sacramento,067,1510023,114994,112438,2151,114589,1698
2021-07-24,San Benito,069,59416,6234,6200,113,6313,63
2021-07-24,San Bernardino,071,2135413,301317,297899,9316,307215,5236
2021-07-24,San Diego,073,3302833,294859,289368,16893,306261,3788
2021-07-24,San Francisco,075,870044,40422,38954,1437,40391,561
2021-07-24,San Joaquin,077,732212,76655,75461,3796,79257,1436
2021-07-24,San Luis Obispo,079,281455,22114,21616,788,22404,260
2021-07-24,San Mateo,081,765935,44606,43880,558,44438,542
2021-07-24,Santa Barbara,083,443738,35599,35071,1173,36244,465
2021-07-24,Santa Clara,085,1922200,123113,121092,823,121915,2099
2021-07-24,Santa Cruz,087,273765,16708,16416,809,17225,207
2021-07-24,Shasta,089,179085,12957,12759,1712,14471,211
2021-07-24,Sierra,091,2930,69,64,12,76,0
2021-07-24,Siskiyou,093,43540,2051,1951,417,2368,31
2021-07-24,Solano,095,438530,35454,34499,690,35189,259
2021-07-24,Sonoma,097,501317,32685,31928,376,32304,327
2021-07-24,Stanislaus,099,539301,58636,57879,6193,64072,1030
2021-07-24,Sutter,101,95872,10022,9890,96,9986,115
2021-07-24,Tehama,103,63373,5240,5166,592,5758,65
2021-07-24,Trinity,105,12862,508,345,108,453,3
2021-07-24,Tulare,107,460477,51082,50104,9326,59430,854
2021-07-24,Tuolumne,109,53932,4305,4216,47,4263,64
2021-07-24,Ventura,111,848112,83832,82687,3371,86058,1041
2021-07-24,Yolo,113,214977,14879,14557,358,14915,214
2021-07-24,Yuba,115,75493,6624,6449,138,6587,51
2021-07-23,Alameda,001,1643700,95092,93170,2132,95302,1259
2021-07-23,Alpine,003,1148,88,89,0,89,0
2021-07-23,Amador,005,37829,3873,3816,33,3849,48
2021-07-23,Butte,007,227075,13266,12982,1988,14970,203
2021-07-23,Calaveras,009,45235,2291,2267,15,2282,57
2021-07-23,Colusa,011,21464,2009,1992,341,2333,16
2021-07-23,Contra Costa,013,1133247,75482,73682,1467,75149,830
2021-07-23,Del Norte,015,27424,1587,1497,14,1511,8
2021-07-23,El Dorado,017,186661,11057,10773,856,11629,116
2021-07-23,Fresno,019,978130,105315,103637,8952,112589,1736
2021-07-23,Glenn,021,27897,2478,2457,575,3032,20
2021-07-23,Humboldt,023,135768,4964,4780,68,4848,52
2021-07-23,Imperial,025,180216,29202,28996,2704,31700,742
2021-07-23,Inyo,027,18085,1436,1424,12,1436,38
2021-07-23,Kern,029,883053,99495,98261,11614,109875,1350
2021-07-23,Kings,031,150075,23713,23304,1136,24440,246
2021-07-23,Lake,033,64148,4195,3963,14,3977,64
2021-07-23,Lassen,035,31185,5329,5311,118,5429,21
2021-07-23,Los Angeles,037,10098052,1251121,1232164,43693,1275857,24623
2021-07-23,Madera,039,155013,17176,16885,980,17865,245
2021-07-23,Marin,041,260295,14781,14454,281,14735,238
2021-07-23,Mariposa,043,17540,469,453,11,464,5
2021-07-23,Mendocino,045,87422,4443,4293,91,4384,49
2021-07-23,Merced,047,269075,31830,31661,1085,32746,473
2021-07-23,Modoc,049,8938,419,413,147,560,5
2021-07-23,Mono,051,14174,1289,1284,18,1302,3
2021-07-23,Monterey,053,433212,43799,43525,1912,45437,521
2021-07-23,Napa,055,140530,10365,10230,46,10276,81
2021-07-23,Nevada,057,99092,5359,5183,199,5382,72
2021-07-23,Orange,059,3164182,263969,259973,11990,271963,5141
2021-07-23,Placer,061,380077,25152,24530,1794,26324,303
2021-07-23,Plumas,063,18699,751,737,14,751,4
2021-07-23,Riverside,065,2383286,302540,296912,14434,311346,4552
2021-07-23,Sacramento,067,1510023,114639,112438,2149,114587,1698
2021-07-23,San Benito,069,59416,6228,6200,113,6313,63
2021-07-23,San Bernardino,071,2135413,300935,297899,9307,307206,5236
2021-07-23,San Diego,073,3302833,294251,289368,16845,306213,3788
2021-07-23,San Francisco,075,870044,40236,38954,1425,40379,561
2021-07-23,San Joaquin,077,732212,76551,75461,3781,79242,1436
2021-07-23,San Luis Obispo,079,281455,22075,21616,788,22404,260
2021-07-23,San Mateo,081,765935,44502,43880,554,44434,542
2021-07-23,Santa Barbara,083,443738,35534,35071,1172,36243,465
2021-07-23,Santa Clara,085,1922200,122894,121092,820,121912,2099
2021-07-23,Santa Cruz,087,273765,16683,16416,809,17225,207
2021-07-23,Shasta,089,179085,12930,12759,1709,14468,211
2021-07-23,Sierra,091,2930,69,64,12,76,0
2021-07-23,Siskiyou,093,43540,2049,1951,417,2368,31
2021-07-23,Solano,095,438530,35362,34499,686,35185,259
2021-07-23,Sonoma,097,501317,32590,31928,375,32303,327
2021-07-23,Stanislaus,099,539301,58560,57879,6184,64063,1030
2021-07-23,Sutter,101,95872,9993,9890,96,9986,115
2021-07-23,Tehama,103,63373,5231,5166,592,5758,65
2021-07-23,Trinity,105,12862,507,345,107,452,3
2021-07-23,Tulare,107,460477,51036,50104,9305,59409,854
2021-07-23,Tuolumne,109,53932,4283,4216,47,4263,64
2021-07-23,Ventura,111,848112,83670,82687,3353,86040,1041
2021-07-23,Yolo,113,214977,14843,14557,351,14908,214
2021-07-23,Yuba,115,75493,6598,6449,137,6586,51
2021-07-22,Alameda,001,1643700,94740,93170,2127,95297,1259
2021-07-22,Alpine,003,1148,88,89,0,89,0
2021-07-22,Amador,005,37829,3864,3816,33,3849,48
2021-07-22,Butte,007,227075,13232,12982,1979,14961,203
2021-07-22,Calaveras,009,45235,2281,2267,15,2282,57
2021-07-22,Colusa,011,21464,2007,1992,338,2330,16
2021-07-22,Contra Costa,013,1133247,75143,73682,1462,75144,830
2021-07-22,Del Norte,015,27424,1570,1497,14,1511,8
2021-07-22,El Dorado,017,186661,11021,10773,848,11621,116
2021-07-22,Fresno,019,978130,105185,103637,8942,112579,1736
2021-07-22,Glenn,021,27897,2474,2457,575,3032,20
2021-07-22,Humboldt,023,135768,4933,4780,66,4846,52
2021-07-22,Imperial,025,180216,29172,28996,2704,31700,742
2021-07-22,Inyo,027,18085,1434,1424,12,1436,38
2021-07-22,Kern,029,883053,99380,98261,11573,109834,1350
2021-07-22,Kings,031,150075,23674,23304,1134,24438,246
2021-07-22,Lake,033,64148,4144,3963,14,3977,64
2021-07-22,Lassen,035,31185,5326,5311,118,5429,21
2021-07-22,Los Angeles,037,10098052,1248682,1232164,43517,1275681,24623
2021-07-22,Madera,039,155013,17141,16885,978,17863,245
2021-07-22,Marin,041,260295,14740,14454,280,14734,238
2021-07-22,Mariposa,043,17540,462,453,11,464,5
2021-07-22,Mendocino,045,87422,4430,4293,90,4383,49
2021-07-22,Merced,047,269075,31788,31661,1084,32745,473
2021-07-22,Modoc,049,8938,419,413,147,560,5
2021-07-22,Mono,051,14174,1288,1284,18,1302,3
2021-07-22,Monterey,053,433212,43771,43525,1906,45431,521
2021-07-22,Napa,055,140530,10347,10230,46,10276,81
2021-07-22,Nevada,057,99092,5333,5183,198,5381,72
2021-07-22,Orange,059,3164182,263416,259973,11981,271954,5141
2021-07-22,Placer,061,380077,25058,24530,1783,26313,303
2021-07-22,Plumas,063,18699,750,737,14,751,4
2021-07-22,Riverside,065,2383286,302032,296912,14413,311325,4552
2021-07-22,Sacramento,067,1510023,114202,112438,2140,114578,1698
2021-07-22,San Benito,069,59416,6221,6200,113,6313,63
2021-07-22,San Bernardino,071,2135413,300532,297899,9292,307191,5236
2021-07-22,San Diego,073,3302833,293522,289368,16785,306153,3788
2021-07-22,San Francisco,075,870044,40023,38954,1413,40367,561
2021-07-22,San Joaquin,077,732212,76408,75461,3769,79230,1436
2021-07-22,San Luis Obispo,079,281455,22037,21616,784,22400,260
2021-07-22,San Mateo,081,765935,44390,43880,549,44429,542
2021-07-22,Santa Barbara,083,443738,35468,35071,1170,36241,465
2021-07-22,Santa Clara,085,1922200,122653,121092,817,121909,2099
2021-07-22,Santa Cruz,087,273765,16646,16416,808,17224,207
2021-07-22,Shasta,089,179085,12906,12759,1705,14464,211
2021-07-22,Sierra,091,2930,67,64,12,76,0
2021-07-22,Siskiyou,093,43540,2046,1951,417,2368,31
2021-07-22,Solano,095,438530,35216,34499,679,35178,259
2021-07-22,Sonoma,097,501317,32480,31928,373,32301,327
2021-07-22,Stanislaus,099,539301,58432,57879,6172,64051,1030
2021-07-22,Sutter,101,95872,9972,9890,96,9986,115
2021-07-22,Tehama,103,63373,5225,5166,592,5758,65
2021-07-22,Trinity,105,12862,507,345,107,452,3
2021-07-22,Tulare,107,460477,50993,50104,9277,59381,854
2021-07-22,Tuolumne,109,53932,4271,4216,47,4263,64
2021-07-22,Ventura,111,848112,83536,82687,3340,86027,1041
2021-07-22,Yolo,113,214977,14805,14557,351,14908,214
2021-07-22,Yuba,115,75493,6567,6449,134,6583,51
2021-07-21,Alameda,001,1643700,94420,92840,2124,94964,1256
2021-07-21,Alpine,003,1148,88,89,0,89,0
2021-07-21,Amador,005,37829,3851,3813,33,3846,48
2021-07-21,Butte,007,227075,13191,12939,1974,14913,203
2021-07-21,Calaveras,009,45235,2277,2257,15,2272,57
2021-07-21,Colusa,011,21464,2003,1988,337,2325,16
2021-07-21,Contra Costa,013,1133247,74879,73320,1453,74773,827
2021-07-21,Del Norte,015,27424,1560,1492,14,1506,8
2021-07-21,El Dorado,017,186661,10984,10742,844,11586,116
2021-07-21,Fresno,019,978130,105036,103504,8933,112437,1736
2021-07-21,Glenn,021,27897,2472,2455,574,3029,20
2021-07-21,Humboldt,023,135768,4901,4763,64,4827,52
2021-07-21,Imperial,025,180216,29160,28964,2701,31665,742
2021-07-21,Inyo,027,18085,1434,1423,12,1435,38
2021-07-21,Kern,029,883053,99262,98152,11532,109684,1350
2021-07-21,Kings,031,150075,23646,23270,1130,24400,246
2021-07-21,Lake,033,64148,4078,3896,14,3910,64
2021-07-21,Lassen,035,31185,5323,5310,118,5428,21
2021-07-21,Los Angeles,037,10098052,1246170,1229598,43379,1272977,24609
2021-07-21,Madera,039,155013,17117,16858,976,17834,245
2021-07-21,Marin,041,260295,14690,14427,280,14707,238
2021-07-21,Mariposa,043,17540,458,449,11,460,5
2021-07-21,Mendocino,045,87422,4412,4274,90,4364,49
2021-07-21,Merced,047,269075,31749,31607,1080,32687,473
2021-07-21,Modoc,049,8938,419,413,147,560,5
2021-07-21,Mono,051,14174,1285,1282,18,1300,3
2021-07-21,Monterey,053,433212,43741,43502,1903,45405,515
2021-07-21,Napa,055,140530,10321,10209,46,10255,81
2021-07-21,Nevada,057,99092,5298,5152,198,5350,72
2021-07-21,Orange,059,3164182,262862,259615,11951,271566,5139
2021-07-21,Placer,061,380077,24949,24441,1772,26213,303
2021-07-21,Plumas,063,18699,750,736,14,750,4
2021-07-21,Riverside,065,2383286,301519,296419,14396,310815,4552
2021-07-21,Sacramento,067,1510023,113779,112043,2129,114172,1696
2021-07-21,San Benito,069,59416,6211,6196,113,6309,63
2021-07-21,San Bernardino,071,2135413,300076,297519,9284,306803,5230
2021-07-21,San Diego,073,3302833,292672,288682,16722,305404,3787
2021-07-21,San Francisco,075,870044,39798,38699,1408,40107,559
2021-07-21,San Joaquin,077,732212,76219,75288,3757,79045,1434
2021-07-21,San Luis Obispo,079,281455,22000,21579,781,22360,260
2021-07-21,San Mateo,081,765935,44298,43755,545,44300,542
2021-07-21,Santa Barbara,083,443738,35409,34998,1154,36152,465
2021-07-21,Santa Clara,085,1922200,122444,120838,815,121653,2099
2021-07-21,Santa Cruz,087,273765,16612,16407,808,17215,207
2021-07-21,Shasta,089,179085,12873,12751,1702,14453,211
2021-07-21,Sierra,091,2930,67,64,12,76,0
2021-07-21,Siskiyou,093,43540,2044,1943,415,2358,31
2021-07-21,Solano,095,438530,35058,34374,674,35048,258
2021-07-21,Sonoma,097,501317,32364,31789,373,32162,327
2021-07-21,Stanislaus,099,539301,58330,57774,6162,63936,1028
2021-07-21,Sutter,101,95872,9948,9862,96,9958,113
2021-07-21,Tehama,103,63373,5221,5161,592,5753,65
2021-07-21,Trinity,105,12862,505,345,106,451,3
2021-07-21,Tulare,107,460477,50934,50066,9252,59318,854
2021-07-21,Tuolumne,109,53932,4234,4156,47,4203,64
2021-07-21,Ventura,111,848112,83414,82573,3328,85901,1041
2021-07-21,Yolo,113,214977,14764,14525,350,14875,213
2021-07-21,Yuba,115,75493,6539,6425,134,6559,52
2021-07-20,Alameda,001,1643700,94050,92625,2110,94735,1256
2021-07-20,Alpine,003,1148,88,89,0,89,0
2021-07-20,Amador,005,37829,3840,3807,33,3840,48
2021-07-20,Butte,007,227075,13154,12916,1968,14884,203
2021-07-20,Calaveras,009,45235,2274,2249,15,2264,57
2021-07-20,Colusa,011,21464,2003,1985,337,2322,16
2021-07-20,Contra Costa,013,1133247,74594,73143,1435,74578,825
2021-07-20,Del Norte,015,27424,1550,1490,14,1504,8
2021-07-20,El Dorado,017,186661,10944,10727,840,11567,116
2021-07-20,Fresno,019,978130,104901,103438,8914,112352,1736
2021-07-20,Glenn,021,27897,2472,2453,574,3027,20
2021-07-20,Humboldt,023,135768,4856,4735,62,4797,52
2021-07-20,Imperial,025,180216,29140,28933,2701,31634,742
2021-07-20,Inyo,027,18085,1430,1420,12,1432,36
2021-07-20,Kern,029,883053,99148,98082,11504,109586,1350
2021-07-20,Kings,031,150075,23605,23254,1125,24379,246
2021-07-20,Lake,033,64148,4053,3871,14,3885,64
2021-07-20,Lassen,035,31185,5323,5306,118,5424,21
2021-07-20,Los Angeles,037,10098052,1243374,1227404,43214,1270618,24603
2021-07-20,Madera,039,155013,17096,16856,972,17828,245
2021-07-20,Marin,041,260295,14654,14396,277,14673,234
2021-07-20,Mariposa,043,17540,456,448,11,459,5
2021-07-20,Mendocino,045,87422,4395,4259,90,4349,49
2021-07-20,Merced,047,269075,31710,31578,1073,32651,473
2021-07-20,Modoc,049,8938,419,413,147,560,5
2021-07-20,Mono,051,14174,1281,1281,18,1299,3
2021-07-20,Monterey,053,433212,43710,43481,1900,45381,515
2021-07-20,Napa,055,140530,10298,10191,46,10237,81
2021-07-20,Nevada,057,99092,5279,5148,197,5345,72
2021-07-20,Orange,059,3164182,262305,259303,11921,271224,5139
2021-07-20,Placer,061,380077,24858,24408,1750,26158,303
2021-07-20,Plumas,063,18699,748,736,14,750,4
2021-07-20,Riverside,065,2383286,300984,296118,14382,310500,4543
2021-07-20,Sacramento,067,1510023,113338,111796,2099,113895,1695
2021-07-20,San Benito,069,59416,6204,6196,113,6309,63
2021-07-20,San Bernardino,071,2135413,299667,297222,9259,306481,5231
2021-07-20,San Diego,073,3302833,291746,288209,16626,304835,3786
2021-07-20,San Francisco,075,870044,39539,38536,1398,39934,558
2021-07-20,San Joaquin,077,732212,76047,75198,3744,78942,1433
2021-07-20,San Luis Obispo,079,281455,21954,21556,780,22336,259
2021-07-20,San Mateo,081,765935,44179,43670,543,44213,542
2021-07-20,Santa Barbara,083,443738,35339,34935,1148,36083,462
2021-07-20,Santa Clara,085,1922200,122187,120704,813,121517,2098
2021-07-20,Santa Cruz,087,273765,16583,16399,808,17207,207
2021-07-20,Shasta,089,179085,12847,12734,1698,14432,211
2021-07-20,Sierra,091,2930,67,64,12,76,0
2021-07-20,Siskiyou,093,43540,2040,1931,414,2345,31
2021-07-20,Solano,095,438530,34923,34337,667,35004,258
2021-07-20,Sonoma,097,501317,32245,31763,372,32135,326
2021-07-20,Stanislaus,099,539301,58215,57706,6157,63863,1028
2021-07-20,Sutter,101,95872,9921,9854,93,9947,114
2021-07-20,Tehama,103,63373,5219,5153,592,5745,65
2021-07-20,Trinity,105,12862,503,344,105,449,3
2021-07-20,Tulare,107,460477,50892,50047,9235,59282,854
2021-07-20,Tuolumne,109,53932,4215,4156,47,4203,64
2021-07-20,Ventura,111,848112,83261,82504,3313,85817,1041
2021-07-20,Yolo,113,214977,14699,14495,347,14842,213
2021-07-20,Yuba,115,75493,6514,6393,131,6524,52
2021-07-19,Alameda,001,1643700,93672,92357,2095,94452,1256
2021-07-19,Alpine,003,1148,88,89,0,89,0
2021-07-19,Amador,005,37829,3836,3802,33,3835,48
2021-07-19,Butte,007,227075,13110,12901,1963,14864,202
2021-07-19,Calaveras,009,45235,2270,2245,15,2260,57
2021-07-19,Colusa,011,21464,2001,1981,337,2318,16
2021-07-19,Contra Costa,013,1133247,74282,72935,1415,74350,825
2021-07-19,Del Norte,015,27424,1537,1484,14,1498,8
2021-07-19,El Dorado,017,186661,10914,10703,832,11535,114
2021-07-19,Fresno,019,978130,104770,103350,8901,112251,1731
2021-07-19,Glenn,021,27897,2472,2452,573,3025,20
2021-07-19,Humboldt,023,135768,4826,4719,60,4779,52
2021-07-19,Imperial,025,180216,29113,28888,2700,31588,742
2021-07-19,Inyo,027,18085,1429,1417,12,1429,36
2021-07-19,Kern,029,883053,99034,97999,11471,109470,1349
2021-07-19,Kings,031,150075,23575,23221,1119,24340,246
2021-07-19,Lake,033,64148,4017,3848,14,3862,64
2021-07-19,Lassen,035,31185,5322,5305,118,5423,21
2021-07-19,Los Angeles,037,10098052,1240768,1225946,43028,1268974,24600
2021-07-19,Madera,039,155013,17073,16846,969,17815,244
2021-07-19,Marin,041,260295,14619,14369,274,14643,234
2021-07-19,Mariposa,043,17540,450,447,11,458,5
2021-07-19,Mendocino,045,87422,4377,4251,90,4341,49
2021-07-19,Merced,047,269075,31646,31565,1066,32631,472
2021-07-19,Modoc,049,8938,418,413,147,560,5
2021-07-19,Mono,051,14174,1279,1280,18,1298,3
2021-07-19,Monterey,053,433212,43686,43436,1899,45335,515
2021-07-19,Napa,055,140530,10273,10180,44,10224,81
2021-07-19,Nevada,057,99092,5251,5133,196,5329,72
2021-07-19,Orange,059,3164182,261782,258927,11889,270816,5138
2021-07-19,Placer,061,380077,24759,24359,1728,26087,303
2021-07-19,Plumas,063,18699,748,730,14,744,4
2021-07-19,Riverside,065,2383286,300494,295736,14344,310080,4543
2021-07-19,Sacramento,067,1510023,112974,111470,2073,113543,1696
2021-07-19,San Benito,069,59416,6201,6193,113,6306,63
2021-07-19,San Bernardino,071,2135413,299294,296929,9240,306169,5235
2021-07-19,San Diego,073,3302833,290846,287695,16521,304216,3786
2021-07-19,San Francisco,075,870044,39266,38463,1385,39848,560
2021-07-19,San Joaquin,077,732212,75882,75086,3739,78825,1431
2021-07-19,San Luis Obispo,079,281455,21909,21531,776,22307,259
2021-07-19,San Mateo,081,765935,44037,43563,534,44097,542
2021-07-19,Santa Barbara,083,443738,35267,34904,1146,36050,461
2021-07-19,Santa Clara,085,1922200,121929,120554,812,121366,2098
2021-07-19,Santa Cruz,087,273765,16567,16387,808,17195,207
2021-07-19,Shasta,089,179085,12829,12723,1696,14419,209
2021-07-19,Sierra,091,2930,66,64,12,76,0
2021-07-19,Siskiyou,093,43540,2035,1927,412,2339,31
2021-07-19,Solano,095,438530,34748,34262,656,34918,261
2021-07-19,Sonoma,097,501317,32124,31713,371,32084,325
2021-07-19,Stanislaus,099,539301,58114,57644,6147,63791,1027
2021-07-19,Sutter,101,95872,9905,9834,93,9927,114
2021-07-19,Tehama,103,63373,5213,5152,590,5742,65
2021-07-19,Trinity,105,12862,503,344,104,448,3
2021-07-19,Tulare,107,460477,50845,49994,9219,59213,855
2021-07-19,Tuolumne,109,53932,4205,4151,47,4198,64
2021-07-19,Ventura,111,848112,83165,82409,3291,85700,1041
2021-07-19,Yolo,113,214977,14667,14439,345,14784,213
2021-07-19,Yuba,115,75493,6490,6370,131,6501,52
2021-07-18,Alameda,001,1643700,93311,92162,2083,94245,1256
2021-07-18,Alpine,003,1148,88,89,0,89,0
2021-07-18,Amador,005,37829,3825,3799,33,3832,48
2021-07-18,Butte,007,227075,13068,12888,1956,14844,202
2021-07-18,Calaveras,009,45235,2267,2243,15,2258,57
2021-07-18,Colusa,011,21464,2001,1981,336,2317,16
2021-07-18,Contra Costa,013,1133247,73966,72849,1397,74246,825
2021-07-18,Del Norte,015,27424,1528,1482,14,1496,8
2021-07-18,El Dorado,017,186661,10877,10687,824,11511,114
2021-07-18,Fresno,019,978130,104616,103298,8883,112181,1731
2021-07-18,Glenn,021,27897,2471,2452,572,3024,20
2021-07-18,Humboldt,023,135768,4790,4714,60,4774,52
2021-07-18,Imperial,025,180216,29076,28877,2699,31576,742
2021-07-18,Inyo,027,18085,1425,1417,12,1429,36
2021-07-18,Kern,029,883053,98908,97963,11429,109392,1349
2021-07-18,Kings,031,150075,23554,23203,1115,24318,246
2021-07-18,Lake,033,64148,3981,3825,14,3839,64
2021-07-18,Lassen,035,31185,5322,5305,118,5423,21
2021-07-18,Los Angeles,037,10098052,1238080,1224691,42839,1267530,24598
2021-07-18,Madera,039,155013,17048,16838,965,17803,244
2021-07-18,Marin,041,260295,14583,14358,272,14630,234
2021-07-18,Mariposa,043,17540,449,447,11,458,5
2021-07-18,Mendocino,045,87422,4356,4246,90,4336,49
2021-07-18,Merced,047,269075,31615,31537,1064,32601,471
2021-07-18,Modoc,049,8938,418,413,147,560,5
2021-07-18,Mono,051,14174,1278,1280,18,1298,3
2021-07-18,Monterey,053,433212,43668,43422,1889,45311,515
2021-07-18,Napa,055,140530,10256,10174,41,10215,81
2021-07-18,Nevada,057,99092,5225,5124,196,5320,72
2021-07-18,Orange,059,3164182,261298,258724,11861,270585,5138
2021-07-18,Placer,061,380077,24691,24313,1701,26014,303
2021-07-18,Plumas,063,18699,748,730,14,744,4
2021-07-18,Riverside,065,2383286,300002,295522,14302,309824,4543
2021-07-18,Sacramento,067,1510023,112544,111255,2040,113295,1696
2021-07-18,San Benito,069,59416,6193,6191,113,6304,63
2021-07-18,San Bernardino,071,2135413,298819,296739,9225,305964,5233
2021-07-18,San Diego,073,3302833,290030,286287,16437,302724,3786
2021-07-18,San Francisco,075,870044,39030,38367,1374,39741,560
2021-07-18,San Joaquin,077,732212,75705,74997,3726,78723,1431
2021-07-18,San Luis Obispo,079,281455,21874,21527,773,22300,259
2021-07-18,San Mateo,081,765935,43924,43506,528,44034,542
2021-07-18,Santa Barbara,083,443738,35202,34880,1144,36024,461
2021-07-18,Santa Clara,085,1922200,121715,120438,805,121243,2098
2021-07-18,Santa Cruz,087,273765,16535,16372,807,17179,207
2021-07-18,Shasta,089,179085,12804,12714,1692,14406,209
2021-07-18,Sierra,091,2930,66,64,12,76,0
2021-07-18,Siskiyou,093,43540,2029,1927,407,2334,31
2021-07-18,Solano,095,438530,34620,34215,652,34867,261
2021-07-18,Sonoma,097,501317,32019,31675,370,32045,325
2021-07-18,Stanislaus,099,539301,58003,57600,6122,63722,1028
2021-07-18,Sutter,101,95872,9873,9826,93,9919,114
2021-07-18,Tehama,103,63373,5210,5150,589,5739,65
2021-07-18,Trinity,105,12862,503,344,104,448,3
2021-07-18,Tulare,107,460477,50792,49985,9196,59181,855
2021-07-18,Tuolumne,109,53932,4187,4149,47,4196,64
2021-07-18,Ventura,111,848112,83051,82361,3267,85628,1041
2021-07-18,Yolo,113,214977,14608,14425,339,14764,213
2021-07-18,Yuba,115,75493,6449,6357,131,6488,52
2021-07-17,Alameda,001,1643700,93093,91346,2072,93418,1255
2021-07-17,Alpine,003,1148,88,89,0,89,0
2021-07-17,Amador,005,37829,3816,3785,33,3818,48
2021-07-17,Butte,007,227075,13053,12824,1952,14776,202
2021-07-17,Calaveras,009,45235,2262,2237,15,2252,57
2021-07-17,Colusa,011,21464,1998,1976,336,2312,16
2021-07-17,Contra Costa,013,1133247,73784,72254,1384,73638,824
2021-07-17,Del Norte,015,27424,1520,1475,14,1489,8
2021-07-17,El Dorado,017,186661,10850,10622,820,11442,114
2021-07-17,Fresno,019,978130,104543,103055,8869,111924,1730
2021-07-17,Glenn,021,27897,2470,2451,572,3023,20
2021-07-17,Humboldt,023,135768,4777,4654,59,4713,52
2021-07-17,Imperial,025,180216,29060,28840,2699,31539,742
2021-07-17,Inyo,027,18085,1425,1416,12,1428,36
2021-07-17,Kern,029,883053,98851,97796,11393,109189,1348
2021-07-17,Kings,031,150075,23534,23163,1114,24277,246
2021-07-17,Lake,033,64148,3956,3760,14,3774,64
2021-07-17,Lassen,035,31185,5322,5302,118,5420,21
2021-07-17,Los Angeles,037,10098052,1236543,1219733,42698,1262431,24582
2021-07-17,Madera,039,155013,17040,16804,965,17769,240
2021-07-17,Marin,041,260295,14565,14297,270,14567,234
2021-07-17,Mariposa,043,17540,449,445,11,456,5
2021-07-17,Mendocino,045,87422,4344,4209,90,4299,49
2021-07-17,Merced,047,269075,31594,31451,1060,32511,471
2021-07-17,Modoc,049,8938,418,412,147,559,5
2021-07-17,Mono,051,14174,1276,1277,18,1295,3
2021-07-17,Monterey,053,433212,43645,43367,1884,45251,515
2021-07-17,Napa,055,140530,10240,10129,41,10170,81
2021-07-17,Nevada,057,99092,5210,5066,196,5262,72
2021-07-17,Orange,059,3164182,260991,257805,11822,269627,5136
2021-07-17,Placer,061,380077,24624,24169,1687,25856,303
2021-07-17,Plumas,063,18699,743,721,14,735,4
2021-07-17,Riverside,065,2383286,299696,294751,14270,309021,4542
2021-07-17,Sacramento,067,1510023,112308,110432,2020,112452,1694
2021-07-17,San Benito,069,59416,6187,6181,113,6294,63
2021-07-17,San Bernardino,071,2135413,298582,296048,9206,305254,5218
2021-07-17,San Diego,073,3302833,289623,285698,16369,302067,3786
2021-07-17,San Francisco,075,870044,38909,37978,1371,39349,560
2021-07-17,San Joaquin,077,732212,75618,74695,3720,78415,1430
2021-07-17,San Luis Obispo,079,281455,21847,21462,773,22235,258
2021-07-17,San Mateo,081,765935,43853,43324,527,43851,542
2021-07-17,Santa Barbara,083,443738,35161,34769,1141,35910,461
2021-07-17,Santa Clara,085,1922200,121543,119980,802,120782,2097
2021-07-17,Santa Cruz,087,273765,16528,16337,807,17144,207
2021-07-17,Shasta,089,179085,12789,12683,1687,14370,210
2021-07-17,Sierra,091,2930,66,62,12,74,0
2021-07-17,Siskiyou,093,43540,2024,1922,404,2326,29
2021-07-17,Solano,095,438530,34555,34015,644,34659,263
2021-07-17,Sonoma,097,501317,31951,31536,369,31905,322
2021-07-17,Stanislaus,099,539301,57926,57400,6108,63508,1028
2021-07-17,Sutter,101,95872,9863,9778,93,9871,114
2021-07-17,Tehama,103,63373,5207,5145,589,5734,64
2021-07-17,Trinity,105,12862,502,341,104,445,3
2021-07-17,Tulare,107,460477,50770,49937,9184,59121,854
2021-07-17,Tuolumne,109,53932,4177,4131,47,4178,64
2021-07-17,Ventura,111,848112,82982,82125,3256,85381,1041
2021-07-17,Yolo,113,214977,14576,14356,332,14688,213
2021-07-17,Yuba,115,75493,6438,6309,131,6440,52
2021-07-16,Alameda,001,1643700,92854,91346,2061,93407,1255
2021-07-16,Alpine,003,1148,88,89,0,89,0
2021-07-16,Amador,005,37829,3813,3785,33,3818,48
2021-07-16,Butte,007,227075,13028,12824,1948,14772,202
2021-07-16,Calaveras,009,45235,2261,2237,15,2252,57
2021-07-16,Colusa,011,21464,1996,1976,335,2311,16
2021-07-16,Contra Costa,013,1133247,73595,72254,1380,73634,824
2021-07-16,Del Norte,015,27424,1518,1475,14,1489,8
2021-07-16,El Dorado,017,186661,10831,10622,819,11441,114
2021-07-16,Fresno,019,978130,104491,103055,8849,111904,1730
2021-07-16,Glenn,021,27897,2470,2451,572,3023,20
2021-07-16,Humboldt,023,135768,4755,4654,59,4713,52
2021-07-16,Imperial,025,180216,29048,28840,2699,31539,742
2021-07-16,Inyo,027,18085,1423,1416,12,1428,36
2021-07-16,Kern,029,883053,98789,97796,11353,109149,1348
2021-07-16,Kings,031,150075,23509,23163,1113,24276,246
2021-07-16,Lake,033,64148,3929,3760,14,3774,64
2021-07-16,Lassen,035,31185,5321,5302,118,5420,21
2021-07-16,Los Angeles,037,10098052,1235041,1219733,42553,1262286,24582
2021-07-16,Madera,039,155013,17022,16804,965,17769,240
2021-07-16,Marin,041,260295,14541,14297,267,14564,234
2021-07-16,Mariposa,043,17540,449,445,11,456,5
2021-07-16,Mendocino,045,87422,4335,4209,89,4298,49
2021-07-16,Merced,047,269075,31573,31451,1058,32509,471
2021-07-16,Modoc,049,8938,418,412,147,559,5
2021-07-16,Mono,051,14174,1275,1277,18,1295,3
2021-07-16,Monterey,053,433212,43623,43367,1883,45250,515
2021-07-16,Napa,055,140530,10216,10129,40,10169,81
2021-07-16,Nevada,057,99092,5200,5066,196,5262,72
2021-07-16,Orange,059,3164182,260718,257805,11781,269586,5136
2021-07-16,Placer,061,380077,24571,24169,1682,25851,303
2021-07-16,Plumas,063,18699,742,721,14,735,4
2021-07-16,Riverside,065,2383286,299420,294751,14244,308995,4542
2021-07-16,Sacramento,067,1510023,112091,110432,2007,112439,1694
2021-07-16,San Benito,069,59416,6185,6181,113,6294,63
2021-07-16,San Bernardino,071,2135413,298306,296048,9189,305237,5218
2021-07-16,San Diego,073,3302833,289181,285698,16322,302020,3786
2021-07-16,San Francisco,075,870044,38791,37978,1366,39344,560
2021-07-16,San Joaquin,077,732212,75524,74695,3717,78412,1430
2021-07-16,San Luis Obispo,079,281455,21830,21462,773,22235,258
2021-07-16,San Mateo,081,765935,43800,43324,526,43850,542
2021-07-16,Santa Barbara,083,443738,35123,34769,1141,35910,461
2021-07-16,Santa Clara,085,1922200,121396,119980,795,120775,2097
2021-07-16,Santa Cruz,087,273765,16515,16337,807,17144,207
2021-07-16,Shasta,089,179085,12779,12683,1686,14369,210
2021-07-16,Sierra,091,2930,66,62,12,74,0
2021-07-16,Siskiyou,093,43540,2022,1922,402,2324,29
2021-07-16,Solano,095,438530,34488,34015,636,34651,263
2021-07-16,Sonoma,097,501317,31899,31536,366,31902,322
2021-07-16,Stanislaus,099,539301,57876,57400,6098,63498,1028
2021-07-16,Sutter,101,95872,9851,9778,93,9871,114
2021-07-16,Tehama,103,63373,5205,5145,589,5734,64
2021-07-16,Trinity,105,12862,502,341,103,444,3
2021-07-16,Tulare,107,460477,50745,49937,9174,59111,854
2021-07-16,Tuolumne,109,53932,4171,4131,47,4178,64
2021-07-16,Ventura,111,848112,82917,82125,3249,85374,1041
2021-07-16,Yolo,113,214977,14550,14356,329,14685,213
2021-07-16,Yuba,115,75493,6416,6309,130,6439,52
2021-07-15,Alameda,001,1643700,92558,91346,2051,93397,1255
2021-07-15,Alpine,003,1148,88,89,0,89,0
2021-07-15,Amador,005,37829,3810,3785,33,3818,48
2021-07-15,Butte,007,227075,13002,12824,1946,14770,202
2021-07-15,Calaveras,009,45235,2258,2237,15,2252,57
2021-07-15,Colusa,011,21464,1995,1976,334,2310,16
2021-07-15,Contra Costa,013,1133247,73381,72254,1373,73627,824
2021-07-15,Del Norte,015,27424,1515,1475,14,1489,8
2021-07-15,El Dorado,017,186661,10804,10622,817,11439,114
2021-07-15,Fresno,019,978130,104394,103055,8829,111884,1730
2021-07-15,Glenn,021,27897,2470,2451,572,3023,20
2021-07-15,Humboldt,023,135768,4737,4654,58,4712,52
2021-07-15,Imperial,025,180216,29025,28840,2699,31539,742
2021-07-15,Inyo,027,18085,1423,1416,12,1428,36
2021-07-15,Kern,029,883053,98719,97796,11325,109121,1348
2021-07-15,Kings,031,150075,23471,23163,1110,24273,246
2021-07-15,Lake,033,64148,3890,3760,14,3774,64
2021-07-15,Lassen,035,31185,5320,5302,118,5420,21
2021-07-15,Los Angeles,037,10098052,1233054,1219733,42396,1262129,24582
2021-07-15,Madera,039,155013,17000,16804,961,17765,240
2021-07-15,Marin,041,260295,14516,14297,267,14564,234
2021-07-15,Mariposa,043,17540,449,445,11,456,5
2021-07-15,Mendocino,045,87422,4327,4209,88,4297,49
2021-07-15,Merced,047,269075,31543,31451,1058,32509,471
2021-07-15,Modoc,049,8938,418,412,147,559,5
2021-07-15,Mono,051,14174,1275,1277,18,1295,3
2021-07-15,Monterey,053,433212,43594,43367,1880,45247,515
2021-07-15,Napa,055,140530,10191,10129,39,10168,81
2021-07-15,Nevada,057,99092,5183,5066,195,5261,72
2021-07-15,Orange,059,3164182,260367,257805,11750,269555,5136
2021-07-15,Placer,061,380077,24511,24169,1665,25834,303
2021-07-15,Plumas,063,18699,741,721,14,735,4
2021-07-15,Riverside,065,2383286,299099,294751,14229,308980,4542
2021-07-15,Sacramento,067,1510023,111786,110432,1990,112422,1694
2021-07-15,San Benito,069,59416,6183,6181,113,6294,63
2021-07-15,San Bernardino,071,2135413,297999,296048,9175,305223,5218
2021-07-15,San Diego,073,3302833,288543,285698,16244,301942,3786
2021-07-15,San Francisco,075,870044,38640,37978,1358,39336,560
2021-07-15,San Joaquin,077,732212,75407,74695,3712,78407,1430
2021-07-15,San Luis Obispo,079,281455,21798,21462,773,22235,258
2021-07-15,San Mateo,081,765935,43695,43324,521,43845,542
2021-07-15,Santa Barbara,083,443738,35067,34769,1140,35909,461
2021-07-15,Santa Clara,085,1922200,121274,119980,792,120772,2097
2021-07-15,Santa Cruz,087,273765,16502,16337,807,17144,207
2021-07-15,Shasta,089,179085,12771,12683,1682,14365,210
2021-07-15,Sierra,091,2930,66,62,12,74,0
2021-07-15,Siskiyou,093,43540,2021,1922,402,2324,29
2021-07-15,Solano,095,438530,34412,34015,630,34645,263
2021-07-15,Sonoma,097,501317,31838,31536,366,31902,322
2021-07-15,Stanislaus,099,539301,57807,57400,6085,63485,1028
2021-07-15,Sutter,101,95872,9831,9778,92,9870,114
2021-07-15,Tehama,103,63373,5199,5145,588,5733,64
2021-07-15,Trinity,105,12862,502,341,103,444,3
2021-07-15,Tulare,107,460477,50725,49937,9157,59094,854
2021-07-15,Tuolumne,109,53932,4159,4131,47,4178,64
2021-07-15,Ventura,111,848112,82841,82125,3244,85369,1041
2021-07-15,Yolo,113,214977,14522,14356,328,14684,213
2021-07-15,Yuba,115,75493,6401,6309,129,6438,52
2021-07-14,Alameda,001,1643700,92298,91092,2035,93127,1255
2021-07-14,Alpine,003,1148,88,89,0,89,0
2021-07-14,Amador,005,37829,3802,3784,33,3817,48
2021-07-14,Butte,007,227075,12975,12813,1939,14752,202
2021-07-14,Calaveras,009,45235,2251,2234,15,2249,57
2021-07-14,Colusa,011,21464,1992,1974,334,2308,16
2021-07-14,Contra Costa,013,1133247,73152,72091,1361,73452,823
2021-07-14,Del Norte,015,27424,1514,1472,14,1486,8
2021-07-14,El Dorado,017,186661,10778,10598,814,11412,114
2021-07-14,Fresno,019,978130,104314,102966,8818,111784,1728
2021-07-14,Glenn,021,27897,2470,2449,572,3021,20
2021-07-14,Humboldt,023,135768,4713,4644,56,4700,52
2021-07-14,Imperial,025,180216,28996,28822,2699,31521,742
2021-07-14,Inyo,027,18085,1422,1415,12,1427,36
2021-07-14,Kern,029,883053,98655,97736,11300,109036,1346
2021-07-14,Kings,031,150075,23458,23142,1110,24252,246
2021-07-14,Lake,033,64148,3857,3739,14,3753,63
2021-07-14,Lassen,035,31185,5319,5298,118,5416,21
2021-07-14,Los Angeles,037,10098052,1231038,1218265,42255,1260520,24578
2021-07-14,Madera,039,155013,16988,16786,959,17745,240
2021-07-14,Marin,041,260295,14482,14269,265,14534,233
2021-07-14,Mariposa,043,17540,447,445,11,456,5
2021-07-14,Mendocino,045,87422,4313,4193,88,4281,49
2021-07-14,Merced,047,269075,31506,31412,1055,32467,471
2021-07-14,Modoc,049,8938,418,412,147,559,4
2021-07-14,Mono,051,14174,1275,1278,18,1296,3
2021-07-14,Monterey,053,433212,43570,43347,1878,45225,504
2021-07-14,Napa,055,140530,10169,10121,39,10160,81
2021-07-14,Nevada,057,99092,5163,5058,195,5253,72
2021-07-14,Orange,059,3164182,260050,257558,11720,269278,5137
2021-07-14,Placer,061,380077,24458,24125,1653,25778,303
2021-07-14,Plumas,063,18699,734,719,14,733,4
2021-07-14,Riverside,065,2383286,298775,294511,14213,308724,4542
2021-07-14,Sacramento,067,1510023,111458,110193,1966,112159,1688
2021-07-14,San Benito,069,59416,6180,6177,113,6290,63
2021-07-14,San Bernardino,071,2135413,297699,295820,9160,304980,5193
2021-07-14,San Diego,073,3302833,287971,285269,16164,301433,3786
2021-07-14,San Francisco,075,870044,38501,37836,1353,39189,559
2021-07-14,San Joaquin,077,732212,75315,74599,3703,78302,1416
2021-07-14,San Luis Obispo,079,281455,21776,21444,771,22215,258
2021-07-14,San Mateo,081,765935,43596,43249,517,43766,542
2021-07-14,Santa Barbara,083,443738,35025,34719,1138,35857,461
2021-07-14,Santa Clara,085,1922200,121124,119844,789,120633,2098
2021-07-14,Santa Cruz,087,273765,16490,16326,807,17133,207
2021-07-14,Shasta,089,179085,12751,12669,1679,14348,209
2021-07-14,Sierra,091,2930,66,62,12,74,0
2021-07-14,Siskiyou,093,43540,2014,1922,399,2321,29
2021-07-14,Solano,095,438530,34339,33948,630,34578,268
2021-07-14,Sonoma,097,501317,31786,31470,366,31836,322
2021-07-14,Stanislaus,099,539301,57732,57340,6073,63413,1028
2021-07-14,Sutter,101,95872,9809,9766,92,9858,114
2021-07-14,Tehama,103,63373,5197,5142,588,5730,64
2021-07-14,Trinity,105,12862,502,341,103,444,3
2021-07-14,Tulare,107,460477,50708,49908,9143,59051,853
2021-07-14,Tuolumne,109,53932,4156,4128,46,4174,64
2021-07-14,Ventura,111,848112,82747,82041,3233,85274,1040
2021-07-14,Yolo,113,214977,14489,14332,325,14657,213
2021-07-14,Yuba,115,75493,6383,6294,129,6423,52
2021-07-13,Alameda,001,1643700,92034,90874,2025,92899,1255
2021-07-13,Alpine,003,1148,88,89,0,89,0
2021-07-13,Amador,005,37829,3795,3783,33,3816,48
2021-07-13,Butte,007,227075,12961,12802,1938,14740,202
2021-07-13,Calaveras,009,45235,2247,2230,15,2245,57
2021-07-13,Colusa,011,21464,1990,1972,331,2303,16
2021-07-13,Contra Costa,013,1133247,72927,71963,1352,73315,823
2021-07-13,Del Norte,015,27424,1510,1471,14,1485,8
2021-07-13,El Dorado,017,186661,10761,10581,812,11393,114
2021-07-13,Fresno,019,978130,104239,102909,8808,111717,1727
2021-07-13,Glenn,021,27897,2468,2448,572,3020,20
2021-07-13,Humboldt,023,135768,4698,4634,56,4690,51
2021-07-13,Imperial,025,180216,28985,28792,2699,31491,741
2021-07-13,Inyo,027,18085,1421,1415,12,1427,36
2021-07-13,Kern,029,883053,98566,97698,11261,108959,1346
2021-07-13,Kings,031,150075,23440,23132,1110,24242,246
2021-07-13,Lake,033,64148,3830,3719,13,3732,63
2021-07-13,Lassen,035,31185,5317,5292,118,5410,21
2021-07-13,Los Angeles,037,10098052,1229187,1217184,42085,1259269,24569
2021-07-13,Madera,039,155013,16978,16773,955,17728,240
2021-07-13,Marin,041,260295,14453,14254,264,14518,233
2021-07-13,Mariposa,043,17540,446,443,11,454,5
2021-07-13,Mendocino,045,87422,4306,4185,88,4273,49
2021-07-13,Merced,047,269075,31485,31379,1052,32431,471
2021-07-13,Modoc,049,8938,418,411,147,558,4
2021-07-13,Mono,051,14174,1274,1277,18,1295,3
2021-07-13,Monterey,053,433212,43552,43333,1874,45207,504
2021-07-13,Napa,055,140530,10148,10118,39,10157,81
2021-07-13,Nevada,057,99092,5138,5053,195,5248,72
2021-07-13,Orange,059,3164182,259720,257339,11692,269031,5136
2021-07-13,Placer,061,380077,24412,24091,1640,25731,303
2021-07-13,Plumas,063,18699,733,716,14,730,4
2021-07-13,Riverside,065,2383286,298453,294302,14186,308488,4541
2021-07-13,Sacramento,067,1510023,111148,109990,1943,111933,1687
2021-07-13,San Benito,069,59416,6178,6173,113,6286,63
2021-07-13,San Bernardino,071,2135413,297422,295596,9138,304734,5183
2021-07-13,San Diego,073,3302833,287423,284997,16085,301082,3785
2021-07-13,San Francisco,075,870044,38357,37725,1347,39072,559
2021-07-13,San Joaquin,077,732212,75199,74500,3700,78200,1417
2021-07-13,San Luis Obispo,079,281455,21750,21423,768,22191,258
2021-07-13,San Mateo,081,765935,43527,43180,516,43696,542
2021-07-13,Santa Barbara,083,443738,34976,34679,1135,35814,461
2021-07-13,Santa Clara,085,1922200,120971,119727,785,120512,2098
2021-07-13,Santa Cruz,087,273765,16481,16315,805,17120,207
2021-07-13,Shasta,089,179085,12738,12659,1672,14331,209
2021-07-13,Sierra,091,2930,66,62,12,74,0
2021-07-13,Siskiyou,093,43540,2013,1916,397,2313,29
2021-07-13,Solano,095,438530,34274,33918,624,34542,268
2021-07-13,Sonoma,097,501317,31727,31431,366,31797,322
2021-07-13,Stanislaus,099,539301,57661,57282,6058,63340,1028
2021-07-13,Sutter,101,95872,9791,9752,91,9843,114
2021-07-13,Tehama,103,63373,5190,5144,588,5732,64
2021-07-13,Trinity,105,12862,502,341,102,443,3
2021-07-13,Tulare,107,460477,50683,49891,9127,59018,853
2021-07-13,Tuolumne,109,53932,4148,4122,45,4167,64
2021-07-13,Ventura,111,848112,82662,81982,3208,85190,1040
2021-07-13,Yolo,113,214977,14461,14320,319,14639,213
2021-07-13,Yuba,115,75493,6366,6279,129,6408,52
2021-07-12,Alameda,001,1643700,91776,90720,2018,92738,1254
2021-07-12,Alpine,003,1148,88,89,0,89,0
2021-07-12,Amador,005,37829,3788,3781,33,3814,47
2021-07-12,Butte,007,227075,12941,12796,1936,14732,202
2021-07-12,Calaveras,009,45235,2245,2228,15,2243,57
2021-07-12,Colusa,011,21464,1986,1971,330,2301,16
2021-07-12,Contra Costa,013,1133247,72723,71833,1347,73180,823
2021-07-12,Del Norte,015,27424,1507,1469,14,1483,8
2021-07-12,El Dorado,017,186661,10732,10569,810,11379,114
2021-07-12,Fresno,019,978130,104145,102853,8796,111649,1728
2021-07-12,Glenn,021,27897,2468,2446,572,3018,20
2021-07-12,Humboldt,023,135768,4682,4621,56,4677,51
2021-07-12,Imperial,025,180216,28955,28789,2699,31488,741
2021-07-12,Inyo,027,18085,1421,1415,12,1427,36
2021-07-12,Kern,029,883053,98497,97660,11236,108896,1346
2021-07-12,Kings,031,150075,23420,23124,1108,24232,246
2021-07-12,Lake,033,64148,3809,3706,13,3719,63
2021-07-12,Lassen,035,31185,5316,5292,118,5410,21
2021-07-12,Los Angeles,037,10098052,1227390,1216230,41952,1258182,24559
2021-07-12,Madera,039,155013,16967,16772,955,17727,240
2021-07-12,Marin,041,260295,14428,14238,263,14501,233
2021-07-12,Mariposa,043,17540,446,442,11,453,5
2021-07-12,Mendocino,045,87422,4295,4175,88,4263,49
2021-07-12,Merced,047,269075,31454,31374,1051,32425,471
2021-07-12,Modoc,049,8938,417,411,147,558,4
2021-07-12,Mono,051,14174,1272,1275,18,1293,3
2021-07-12,Monterey,053,433212,43531,43315,1870,45185,504
2021-07-12,Napa,055,140530,10130,10104,38,10142,81
2021-07-12,Nevada,057,99092,5115,5046,195,5241,72
2021-07-12,Orange,059,3164182,259366,257171,11669,268840,5136
2021-07-12,Placer,061,380077,24361,24052,1634,25686,302
2021-07-12,Plumas,063,18699,733,716,14,730,4
2021-07-12,Riverside,065,2383286,298145,294108,14157,308265,4541
2021-07-12,Sacramento,067,1510023,110932,109849,1917,111766,1685
2021-07-12,San Benito,069,59416,6175,6166,113,6279,63
2021-07-12,San Bernardino,071,2135413,297150,295447,9123,304570,5171
2021-07-12,San Diego,073,3302833,286954,284648,16009,300657,3785
2021-07-12,San Francisco,075,870044,38211,37656,1344,39000,559
2021-07-12,San Joaquin,077,732212,75105,74424,3690,78114,1415
2021-07-12,San Luis Obispo,079,281455,21731,21408,767,22175,258
2021-07-12,San Mateo,081,765935,43433,43138,509,43647,542
2021-07-12,Santa Barbara,083,443738,34933,34664,1133,35797,461
2021-07-12,Santa Clara,085,1922200,120806,119634,782,120416,2098
2021-07-12,Santa Cruz,087,273765,16456,16310,804,17114,207
2021-07-12,Shasta,089,179085,12731,12648,1669,14317,208
2021-07-12,Sierra,091,2930,66,62,12,74,0
2021-07-12,Siskiyou,093,43540,2008,1916,392,2308,29
2021-07-12,Solano,095,438530,34184,33859,615,34474,268
2021-07-12,Sonoma,097,501317,31679,31377,365,31742,322
2021-07-12,Stanislaus,099,539301,57591,57243,6051,63294,1028
2021-07-12,Sutter,101,95872,9774,9736,90,9826,114
2021-07-12,Tehama,103,63373,5185,5138,587,5725,63
2021-07-12,Trinity,105,12862,498,340,100,440,3
2021-07-12,Tulare,107,460477,50655,49882,9114,58996,853
2021-07-12,Tuolumne,109,53932,4144,4116,45,4161,64
2021-07-12,Ventura,111,848112,82561,81919,3187,85106,1040
2021-07-12,Yolo,113,214977,14433,14303,315,14618,213
2021-07-12,Yuba,115,75493,6351,6266,129,6395,52
2021-07-11,Alameda,001,1643700,91447,90597,2006,92603,1254
2021-07-11,Alpine,003,1148,88,89,0,89,0
2021-07-11,Amador,005,37829,3786,3779,33,3812,47
2021-07-11,Butte,007,227075,12919,12794,1930,14724,202
2021-07-11,Calaveras,009,45235,2243,2226,14,2240,57
2021-07-11,Colusa,011,21464,1985,1971,329,2300,16
2021-07-11,Contra Costa,013,1133247,72513,71744,1340,73084,823
2021-07-11,Del Norte,015,27424,1503,1467,13,1480,8
2021-07-11,El Dorado,017,186661,10703,10554,808,11362,114
2021-07-11,Fresno,019,978130,104050,102813,8776,111589,1728
2021-07-11,Glenn,021,27897,2467,2446,572,3018,20
2021-07-11,Humboldt,023,135768,4669,4611,55,4666,51
2021-07-11,Imperial,025,180216,28937,28787,2698,31485,741
2021-07-11,Inyo,027,18085,1419,1415,12,1427,36
2021-07-11,Kern,029,883053,98424,97637,11220,108857,1346
2021-07-11,Kings,031,150075,23389,23116,1105,24221,246
2021-07-11,Lake,033,64148,3778,3699,13,3712,63
2021-07-11,Lassen,035,31185,5313,5291,118,5409,21
2021-07-11,Los Angeles,037,10098052,1225633,1215182,41796,1256978,24558
2021-07-11,Madera,039,155013,16948,16766,954,17720,240
2021-07-11,Marin,041,260295,14402,14231,263,14494,233
2021-07-11,Mariposa,043,17540,445,442,11,453,5
2021-07-11,Mendocino,045,87422,4275,4167,88,4255,49
2021-07-11,Merced,047,269075,31430,31366,1046,32412,471
2021-07-11,Modoc,049,8938,416,411,147,558,4
2021-07-11,Mono,051,14174,1272,1275,18,1293,3
2021-07-11,Monterey,053,433212,43512,43307,1866,45173,504
2021-07-11,Napa,055,140530,10126,10100,38,10138,81
2021-07-11,Nevada,057,99092,5104,5035,194,5229,72
2021-07-11,Orange,059,3164182,259054,257009,11641,268650,5136
2021-07-11,Placer,061,380077,24304,24017,1622,25639,302
2021-07-11,Plumas,063,18699,733,716,14,730,4
2021-07-11,Riverside,065,2383286,297881,293969,14139,308108,4541
2021-07-11,Sacramento,067,1510023,110654,109696,1906,111602,1685
2021-07-11,San Benito,069,59416,6170,6163,113,6276,63
2021-07-11,San Bernardino,071,2135413,296844,295342,9098,304440,5167
2021-07-11,San Diego,073,3302833,286540,283819,15923,299742,3784
2021-07-11,San Francisco,075,870044,38082,37596,1338,38934,559
2021-07-11,San Joaquin,077,732212,74988,74376,3673,78049,1415
2021-07-11,San Luis Obispo,079,281455,21698,21403,766,22169,258
2021-07-11,San Mateo,081,765935,43354,43107,503,43610,542
2021-07-11,Santa Barbara,083,443738,34886,34646,1133,35779,461
2021-07-11,Santa Clara,085,1922200,120652,119549,781,120330,2098
2021-07-11,Santa Cruz,087,273765,16440,16303,804,17107,207
2021-07-11,Shasta,089,179085,12714,12647,1667,14314,208
2021-07-11,Sierra,091,2930,66,62,12,74,0
2021-07-11,Siskiyou,093,43540,2004,1915,390,2305,29
2021-07-11,Solano,095,438530,34102,33837,611,34448,268
2021-07-11,Sonoma,097,501317,31597,31352,365,31717,322
2021-07-11,Stanislaus,099,539301,57525,57230,6040,63270,1028
2021-07-11,Sutter,101,95872,9760,9728,90,9818,114
2021-07-11,Tehama,103,63373,5182,5138,587,5725,63
2021-07-11,Trinity,105,12862,497,340,100,440,3
2021-07-11,Tulare,107,460477,50630,49877,9096,58973,853
2021-07-11,Tuolumne,109,53932,4138,4116,45,4161,64
2021-07-11,Ventura,111,848112,82488,81875,3167,85042,1040
2021-07-11,Yolo,113,214977,14408,14285,309,14594,213
2021-07-11,Yuba,115,75493,6340,6260,129,6389,52
2021-07-10,Alameda,001,1643700,91297,90090,2002,92092,1252
2021-07-10,Alpine,003,1148,88,89,0,89,0
2021-07-10,Amador,005,37829,3780,3773,33,3806,47
2021-07-10,Butte,007,227075,12909,12764,1927,14691,202
2021-07-10,Calaveras,009,45235,2242,2214,14,2228,57
2021-07-10,Colusa,011,21464,1983,1969,329,2298,16
2021-07-10,Contra Costa,013,1133247,72413,71376,1339,72715,821
2021-07-10,Del Norte,015,27424,1501,1451,13,1464,8
2021-07-10,El Dorado,017,186661,10686,10508,805,11313,114
2021-07-10,Fresno,019,978130,104016,102675,8769,111444,1730
2021-07-10,Glenn,021,27897,2464,2440,571,3011,20
2021-07-10,Humboldt,023,135768,4660,4574,55,4629,51
2021-07-10,Imperial,025,180216,28924,28729,2698,31427,741
2021-07-10,Inyo,027,18085,1418,1415,12,1427,36
2021-07-10,Kern,029,883053,98384,97538,11203,108741,1346
2021-07-10,Kings,031,150075,23382,23090,1104,24194,246
2021-07-10,Lake,033,64148,3761,3667,13,3680,63
2021-07-10,Lassen,035,31185,5313,5290,118,5408,21
2021-07-10,Los Angeles,037,10098052,1224605,1212043,41693,1253736,24542
2021-07-10,Madera,039,155013,16942,16744,951,17695,241
2021-07-10,Marin,041,260295,14388,14194,263,14457,233
2021-07-10,Mariposa,043,17540,445,442,11,453,5
2021-07-10,Mendocino,045,87422,4268,4153,87,4240,49
2021-07-10,Merced,047,269075,31417,31328,1046,32374,470
2021-07-10,Modoc,049,8938,416,410,147,557,4
2021-07-10,Mono,051,14174,1272,1275,18,1293,3
2021-07-10,Monterey,053,433212,43498,43251,1864,45115,499
2021-07-10,Napa,055,140530,10114,10077,38,10115,81
2021-07-10,Nevada,057,99092,5095,5000,194,5194,72
2021-07-10,Orange,059,3164182,258876,256438,11625,268063,5135
2021-07-10,Placer,061,380077,24275,23916,1612,25528,302
2021-07-10,Plumas,063,18699,732,717,14,731,4
2021-07-10,Riverside,065,2383286,297691,293474,14126,307600,4541
2021-07-10,Sacramento,067,1510023,110505,109091,1900,110991,1682
2021-07-10,San Benito,069,59416,6165,6141,113,6254,63
2021-07-10,San Bernardino,071,2135413,296656,294932,9085,304017,5117
2021-07-10,San Diego,073,3302833,286250,283577,15870,299447,3783
2021-07-10,San Francisco,075,870044,37999,37338,1335,38673,559
2021-07-10,San Joaquin,077,732212,74931,74150,3667,77817,1412
2021-07-10,San Luis Obispo,079,281455,21687,21375,765,22140,258
2021-07-10,San Mateo,081,765935,43302,42948,501,43449,542
2021-07-10,Santa Barbara,083,443738,34859,34595,1133,35728,460
2021-07-10,Santa Clara,085,1922200,120549,119330,778,120108,2094
2021-07-10,Santa Cruz,087,273765,16433,16286,804,17090,207
2021-07-10,Shasta,089,179085,12701,12623,1662,14285,206
2021-07-10,Sierra,091,2930,66,61,12,73,0
2021-07-10,Siskiyou,093,43540,2002,1909,387,2296,29
2021-07-10,Solano,095,438530,34060,33678,605,34283,268
2021-07-10,Sonoma,097,501317,31546,31231,365,31596,317
2021-07-10,Stanislaus,099,539301,57489,57104,6030,63134,1026
2021-07-10,Sutter,101,95872,9748,9692,90,9782,114
2021-07-10,Tehama,103,63373,5179,5131,587,5718,63
2021-07-10,Trinity,105,12862,497,341,100,441,3
2021-07-10,Tulare,107,460477,50620,49850,9090,58940,853
2021-07-10,Tuolumne,109,53932,4136,4114,45,4159,64
2021-07-10,Ventura,111,848112,82443,81713,3149,84862,1039
2021-07-10,Yolo,113,214977,14387,14250,306,14556,213
2021-07-10,Yuba,115,75493,6330,6238,129,6367,52
2021-07-09,Alameda,001,1643700,91138,90090,1997,92087,1252
2021-07-09,Alpine,003,1148,88,89,0,89,0
2021-07-09,Amador,005,37829,3779,3773,33,3806,47
2021-07-09,Butte,007,227075,12897,12764,1925,14689,202
2021-07-09,Calaveras,009,45235,2240,2214,14,2228,57
2021-07-09,Colusa,011,21464,1982,1969,329,2298,16
2021-07-09,Contra Costa,013,1133247,72287,71376,1337,72713,821
2021-07-09,Del Norte,015,27424,1496,1451,13,1464,8
2021-07-09,El Dorado,017,186661,10671,10508,804,11312,114
2021-07-09,Fresno,019,978130,103961,102675,8762,111437,1730
2021-07-09,Glenn,021,27897,2463,2440,569,3009,20
2021-07-09,Humboldt,023,135768,4641,4574,55,4629,51
2021-07-09,Imperial,025,180216,28916,28729,2697,31426,741
2021-07-09,Inyo,027,18085,1417,1415,12,1427,36
2021-07-09,Kern,029,883053,98346,97538,11191,108729,1346
2021-07-09,Kings,031,150075,23371,23090,1103,24193,246
2021-07-09,Lake,033,64148,3747,3667,13,3680,63
2021-07-09,Lassen,035,31185,5311,5290,117,5407,21
2021-07-09,Los Angeles,037,10098052,1223600,1212043,41623,1253666,24542
2021-07-09,Madera,039,155013,16932,16744,950,17694,241
2021-07-09,Marin,041,260295,14367,14194,262,14456,233
2021-07-09,Mariposa,043,17540,445,442,11,453,5
2021-07-09,Mendocino,045,87422,4261,4153,87,4240,49
2021-07-09,Merced,047,269075,31402,31328,1046,32374,470
2021-07-09,Modoc,049,8938,416,410,147,557,4
2021-07-09,Mono,051,14174,1272,1275,18,1293,3
2021-07-09,Monterey,053,433212,43489,43251,1864,45115,499
2021-07-09,Napa,055,140530,10107,10077,38,10115,81
2021-07-09,Nevada,057,99092,5086,5000,194,5194,72
2021-07-09,Orange,059,3164182,258670,256438,11611,268049,5135
2021-07-09,Placer,061,380077,24253,23916,1606,25522,302
2021-07-09,Plumas,063,18699,730,717,14,731,4
2021-07-09,Riverside,065,2383286,297505,293474,14113,307587,4541
2021-07-09,Sacramento,067,1510023,110351,109091,1891,110982,1682
2021-07-09,San Benito,069,59416,6163,6141,113,6254,63
2021-07-09,San Bernardino,071,2135413,296504,294932,9078,304010,5117
2021-07-09,San Diego,073,3302833,285961,283577,15822,299399,3783
2021-07-09,San Francisco,075,870044,37919,37338,1328,38666,559
2021-07-09,San Joaquin,077,732212,74857,74150,3660,77810,1412
2021-07-09,San Luis Obispo,079,281455,21675,21375,765,22140,258
2021-07-09,San Mateo,081,765935,43258,42948,497,43445,542
2021-07-09,Santa Barbara,083,443738,34838,34595,1132,35727,460
2021-07-09,Santa Clara,085,1922200,120438,119330,778,120108,2094
2021-07-09,Santa Cruz,087,273765,16430,16286,804,17090,207
2021-07-09,Shasta,089,179085,12695,12623,1657,14280,206
2021-07-09,Sierra,091,2930,66,61,12,73,0
2021-07-09,Siskiyou,093,43540,2000,1909,386,2295,29
2021-07-09,Solano,095,438530,34024,33678,601,34279,268
2021-07-09,Sonoma,097,501317,31510,31231,365,31596,317
2021-07-09,Stanislaus,099,539301,57460,57104,6028,63132,1026
2021-07-09,Sutter,101,95872,9739,9692,90,9782,114
2021-07-09,Tehama,103,63373,5177,5131,587,5718,63
2021-07-09,Trinity,105,12862,496,341,97,438,3
2021-07-09,Tulare,107,460477,50607,49850,9084,58934,853
2021-07-09,Tuolumne,109,53932,4132,4114,45,4159,64
2021-07-09,Ventura,111,848112,82388,81713,3140,84853,1039
2021-07-09,Yolo,113,214977,14372,14250,302,14552,213
2021-07-09,Yuba,115,75493,6317,6238,129,6367,52
2021-07-08,Alameda,001,1643700,90932,90090,1994,92084,1252
2021-07-08,Alpine,003,1148,88,89,0,89,0
2021-07-08,Amador,005,37829,3777,3773,33,3806,47
2021-07-08,Butte,007,227075,12884,12764,1922,14686,202
2021-07-08,Calaveras,009,45235,2237,2214,13,2227,57
2021-07-08,Colusa,011,21464,1982,1969,329,2298,16
2021-07-08,Contra Costa,013,1133247,72159,71376,1332,72708,821
2021-07-08,Del Norte,015,27424,1494,1451,13,1464,8
2021-07-08,El Dorado,017,186661,10654,10508,797,11305,114
2021-07-08,Fresno,019,978130,103898,102675,8751,111426,1730
2021-07-08,Glenn,021,27897,2463,2440,569,3009,20
2021-07-08,Humboldt,023,135768,4625,4574,54,4628,51
2021-07-08,Imperial,025,180216,28904,28729,2696,31425,741
2021-07-08,Inyo,027,18085,1417,1415,12,1427,36
2021-07-08,Kern,029,883053,98298,97538,11176,108714,1346
2021-07-08,Kings,031,150075,23362,23090,1103,24193,246
2021-07-08,Lake,033,64148,3733,3667,13,3680,63
2021-07-08,Lassen,035,31185,5308,5290,117,5407,21
2021-07-08,Los Angeles,037,10098052,1222387,1212043,41529,1253572,24542
2021-07-08,Madera,039,155013,16916,16744,950,17694,241
2021-07-08,Marin,041,260295,14353,14194,262,14456,233
2021-07-08,Mariposa,043,17540,444,442,11,453,5
2021-07-08,Mendocino,045,87422,4258,4153,87,4240,49
2021-07-08,Merced,047,269075,31388,31328,1044,32372,470
2021-07-08,Modoc,049,8938,416,410,147,557,4
2021-07-08,Mono,051,14174,1272,1275,18,1293,3
2021-07-08,Monterey,053,433212,43469,43251,1858,45109,499
2021-07-08,Napa,055,140530,10103,10077,38,10115,81
2021-07-08,Nevada,057,99092,5080,5000,194,5194,72
2021-07-08,Orange,059,3164182,258475,256438,11589,268027,5135
2021-07-08,Placer,061,380077,24214,23916,1598,25514,302
2021-07-08,Plumas,063,18699,729,717,14,731,4
2021-07-08,Riverside,065,2383286,297304,293474,14097,307571,4541
2021-07-08,Sacramento,067,1510023,110129,109091,1886,110977,1682
2021-07-08,San Benito,069,59416,6160,6141,113,6254,63
2021-07-08,San Bernardino,071,2135413,296329,294932,9069,304001,5117
2021-07-08,San Diego,073,3302833,285634,283577,15774,299351,3783
2021-07-08,San Francisco,075,870044,37839,37338,1324,38662,559
2021-07-08,San Joaquin,077,732212,74769,74150,3647,77797,1412
2021-07-08,San Luis Obispo,079,281455,21663,21375,762,22137,258
2021-07-08,San Mateo,081,765935,43207,42948,496,43444,542
2021-07-08,Santa Barbara,083,443738,34811,34595,1130,35725,460
2021-07-08,Santa Clara,085,1922200,120345,119330,777,120107,2094
2021-07-08,Santa Cruz,087,273765,16424,16286,804,17090,207
2021-07-08,Shasta,089,179085,12689,12623,1653,14276,206
2021-07-08,Sierra,091,2930,66,61,12,73,0
2021-07-08,Siskiyou,093,43540,1995,1909,383,2292,29
2021-07-08,Solano,095,438530,33969,33678,595,34273,268
2021-07-08,Sonoma,097,501317,31479,31231,364,31595,317
2021-07-08,Stanislaus,099,539301,57433,57104,6024,63128,1026
2021-07-08,Sutter,101,95872,9725,9692,88,9780,114
2021-07-08,Tehama,103,63373,5174,5131,586,5717,63
2021-07-08,Trinity,105,12862,496,341,97,438,3
2021-07-08,Tulare,107,460477,50589,49850,9077,58927,853
2021-07-08,Tuolumne,109,53932,4130,4114,45,4159,64
2021-07-08,Ventura,111,848112,82324,81713,3124,84837,1039
2021-07-08,Yolo,113,214977,14352,14250,300,14550,213
2021-07-08,Yuba,115,75493,6309,6238,129,6367,52
2021-07-07,Alameda,001,1643700,90749,89995,1988,91983,1253
2021-07-07,Alpine,003,1148,88,89,0,89,0
2021-07-07,Amador,005,37829,3772,3770,33,3803,47
2021-07-07,Butte,007,227075,12871,12750,1917,14667,202
2021-07-07,Calaveras,009,45235,2230,2212,13,2225,57
2021-07-07,Colusa,011,21464,1978,1969,329,2298,16
2021-07-07,Contra Costa,013,1133247,72012,71308,1330,72638,821
2021-07-07,Del Norte,015,27424,1489,1446,13,1459,8
2021-07-07,El Dorado,017,186661,10634,10494,795,11289,114
2021-07-07,Fresno,019,978130,103848,102639,8744,111383,1729
2021-07-07,Glenn,021,27897,2463,2441,569,3010,20
2021-07-07,Humboldt,023,135768,4611,4566,54,4620,51
2021-07-07,Imperial,025,180216,28897,28701,2696,31397,740
2021-07-07,Inyo,027,18085,1416,1415,12,1427,36
2021-07-07,Kern,029,883053,98254,97507,11161,108668,1348
2021-07-07,Kings,031,150075,23349,23085,1100,24185,245
2021-07-07,Lake,033,64148,3714,3660,13,3673,63
2021-07-07,Lassen,035,31185,5308,5286,117,5403,21
2021-07-07,Los Angeles,037,10098052,1221205,1211316,41427,1252743,24531
2021-07-07,Madera,039,155013,16905,16733,948,17681,241
2021-07-07,Marin,041,260295,14334,14183,261,14444,233
2021-07-07,Mariposa,043,17540,442,442,11,453,5
2021-07-07,Mendocino,045,87422,4249,4145,87,4232,49
2021-07-07,Merced,047,269075,31373,31317,1044,32361,470
2021-07-07,Modoc,049,8938,416,410,147,557,4
2021-07-07,Mono,051,14174,1271,1274,18,1292,3
2021-07-07,Monterey,053,433212,43445,43233,1856,45089,494
2021-07-07,Napa,055,140530,10092,10078,38,10116,81
2021-07-07,Nevada,057,99092,5073,4996,194,5190,72
2021-07-07,Orange,059,3164182,258249,256301,11568,267869,5132
2021-07-07,Placer,061,380077,24178,23901,1588,25489,302
2021-07-07,Plumas,063,18699,729,710,14,724,4
2021-07-07,Riverside,065,2383286,297090,293331,14087,307418,4538
2021-07-07,Sacramento,067,1510023,109939,108954,1878,110832,1682
2021-07-07,San Benito,069,59416,6155,6137,113,6250,63
2021-07-07,San Bernardino,071,2135413,296160,294787,9062,303849,5087
2021-07-07,San Diego,073,3302833,285314,283377,15734,299111,3782
2021-07-07,San Francisco,075,870044,37747,37284,1321,38605,558
2021-07-07,San Joaquin,077,732212,74693,74095,3632,77727,1410
2021-07-07,San Luis Obispo,079,281455,21654,21360,760,22120,258
2021-07-07,San Mateo,081,765935,43153,42908,493,43401,542
2021-07-07,Santa Barbara,083,443738,34785,34582,1130,35712,460
2021-07-07,Santa Clara,085,1922200,120247,119250,776,120026,2094
2021-07-07,Santa Cruz,087,273765,16415,16279,803,17082,207
2021-07-07,Shasta,089,179085,12681,12613,1650,14263,206
2021-07-07,Sierra,091,2930,66,60,12,72,0
2021-07-07,Siskiyou,093,43540,1989,1908,379,2287,29
2021-07-07,Solano,095,438530,33920,33659,588,34247,268
2021-07-07,Sonoma,097,501317,31433,31172,364,31536,316
2021-07-07,Stanislaus,099,539301,57401,57102,6019,63121,1028
2021-07-07,Sutter,101,95872,9715,9683,88,9771,114
2021-07-07,Tehama,103,63373,5173,5129,586,5715,63
2021-07-07,Trinity,105,12862,496,341,97,438,3
2021-07-07,Tulare,107,460477,50585,49835,9068,58903,853
2021-07-07,Tuolumne,109,53932,4126,4115,44,4159,64
2021-07-07,Ventura,111,848112,82280,81608,3110,84718,1036
2021-07-07,Yolo,113,214977,14341,14236,297,14533,213
2021-07-07,Yuba,115,75493,6293,6233,129,6362,51
2021-07-06,Alameda,001,1643700,90554,89918,1980,91898,1253
2021-07-06,Alpine,003,1148,88,89,0,89,0
2021-07-06,Amador,005,37829,3771,3768,32,3800,47
2021-07-06,Butte,007,227075,12858,12744,1914,14658,201
2021-07-06,Calaveras,009,45235,2230,2211,13,2224,55
2021-07-06,Colusa,011,21464,1977,1967,326,2293,16
2021-07-06,Contra Costa,013,1133247,71883,71262,1327,72589,820
2021-07-06,Del Norte,015,27424,1485,1445,13,1458,8
2021-07-06,El Dorado,017,186661,10616,10484,793,11277,113
2021-07-06,Fresno,019,978130,103796,102616,8732,111348,1727
2021-07-06,Glenn,021,27897,2462,2438,569,3007,20
2021-07-06,Humboldt,023,135768,4597,4565,53,4618,49
2021-07-06,Imperial,025,180216,28882,28693,2694,31387,739
2021-07-06,Inyo,027,18085,1416,1412,12,1424,36
2021-07-06,Kern,029,883053,98212,97491,11150,108641,1346
2021-07-06,Kings,031,150075,23341,23077,1099,24176,245
2021-07-06,Lake,033,64148,3704,3659,13,3672,63
2021-07-06,Lassen,035,31185,5307,5288,116,5404,21
2021-07-06,Los Angeles,037,10098052,1219986,1210965,41330,1252295,24525
2021-07-06,Madera,039,155013,16893,16730,948,17678,241
2021-07-06,Marin,041,260295,14320,14181,261,14442,233
2021-07-06,Mariposa,043,17540,442,442,11,453,5
2021-07-06,Mendocino,045,87422,4242,4143,87,4230,49
2021-07-06,Merced,047,269075,31356,31317,1043,32360,470
2021-07-06,Modoc,049,8938,416,411,147,558,4
2021-07-06,Mono,051,14174,1270,1274,18,1292,3
2021-07-06,Monterey,053,433212,43423,43224,1854,45078,494
2021-07-06,Napa,055,140530,10081,10081,38,10119,81
2021-07-06,Nevada,057,99092,5064,4988,194,5182,72
2021-07-06,Orange,059,3164182,258005,256227,11551,267778,5129
2021-07-06,Placer,061,380077,24137,23876,1582,25458,302
2021-07-06,Plumas,063,18699,728,708,14,722,4
2021-07-06,Riverside,065,2383286,296887,293227,14069,307296,4539
2021-07-06,Sacramento,067,1510023,109728,108850,1870,110720,1679
2021-07-06,San Benito,069,59416,6151,6137,113,6250,63
2021-07-06,San Bernardino,071,2135413,295981,294712,9049,303761,5056
2021-07-06,San Diego,073,3302833,284956,283278,15675,298953,3782
2021-07-06,San Francisco,075,870044,37630,37251,1320,38571,558
2021-07-06,San Joaquin,077,732212,74623,74019,3620,77639,1410
2021-07-06,San Luis Obispo,079,281455,21637,21354,758,22112,257
2021-07-06,San Mateo,081,765935,43078,42895,493,43388,541
2021-07-06,Santa Barbara,083,443738,34766,34572,1129,35701,460
2021-07-06,Santa Clara,085,1922200,120129,119194,773,119967,2095
2021-07-06,Santa Cruz,087,273765,16410,16274,802,17076,207
2021-07-06,Shasta,089,179085,12671,12606,1648,14254,205
2021-07-06,Sierra,091,2930,65,60,12,72,0
2021-07-06,Siskiyou,093,43540,1986,1905,375,2280,29
2021-07-06,Solano,095,438530,33869,33619,585,34204,268
2021-07-06,Sonoma,097,501317,31370,31130,363,31493,316
2021-07-06,Stanislaus,099,539301,57352,57120,6008,63128,1029
2021-07-06,Sutter,101,95872,9706,9674,87,9761,114
2021-07-06,Tehama,103,63373,5170,5126,585,5711,63
2021-07-06,Trinity,105,12862,496,341,97,438,3
2021-07-06,Tulare,107,460477,50570,49826,9058,58884,853
2021-07-06,Tuolumne,109,53932,4124,4113,44,4157,64
2021-07-06,Ventura,111,848112,82240,81534,3085,84619,1033
2021-07-06,Yolo,113,214977,14319,14227,294,14521,213
2021-07-06,Yuba,115,75493,6282,6231,129,6360,51
2021-07-05,Alameda,001,1643700,90378,89892,1975,91867,1253
2021-07-05,Alpine,003,1148,88,89,0,89,0
2021-07-05,Amador,005,37829,3769,3768,32,3800,47
2021-07-05,Butte,007,227075,12850,12740,1905,14645,201
2021-07-05,Calaveras,009,45235,2228,2211,13,2224,55
2021-07-05,Colusa,011,21464,1975,1966,325,2291,16
2021-07-05,Contra Costa,013,1133247,71755,71235,1327,72562,820
2021-07-05,Del Norte,015,27424,1481,1446,13,1459,8
2021-07-05,El Dorado,017,186661,10591,10481,793,11274,113
2021-07-05,Fresno,019,978130,103737,102592,8717,111309,1727
2021-07-05,Glenn,021,27897,2459,2438,568,3006,20
2021-07-05,Humboldt,023,135768,4583,4563,53,4616,49
2021-07-05,Imperial,025,180216,28863,28689,2694,31383,739
2021-07-05,Inyo,027,18085,1416,1412,12,1424,36
2021-07-05,Kern,029,883053,98164,97479,11130,108609,1346
2021-07-05,Kings,031,150075,23333,23065,1096,24161,245
2021-07-05,Lake,033,64148,3686,3645,13,3658,63
2021-07-05,Lassen,035,31185,5304,5288,115,5403,21
2021-07-05,Los Angeles,037,10098052,1218791,1210653,41228,1251881,24522
2021-07-05,Madera,039,155013,16882,16722,947,17669,241
2021-07-05,Marin,041,260295,14299,14178,261,14439,233
2021-07-05,Mariposa,043,17540,442,441,11,452,5
2021-07-05,Mendocino,045,87422,4237,4139,87,4226,49
2021-07-05,Merced,047,269075,31336,31312,1043,32355,470
2021-07-05,Modoc,049,8938,416,410,147,557,4
2021-07-05,Mono,051,14174,1270,1273,18,1291,3
2021-07-05,Monterey,053,433212,43403,43218,1849,45067,494
2021-07-05,Napa,055,140530,10075,10074,38,10112,81
2021-07-05,Nevada,057,99092,5046,4980,193,5173,72
2021-07-05,Orange,059,3164182,257804,256173,11533,267706,5129
2021-07-05,Placer,061,380077,24090,23867,1574,25441,302
2021-07-05,Plumas,063,18699,727,708,14,722,4
2021-07-05,Riverside,065,2383286,296696,293193,14057,307250,4539
2021-07-05,Sacramento,067,1510023,109546,108758,1860,110618,1679
2021-07-05,San Benito,069,59416,6144,6137,113,6250,63
2021-07-05,San Bernardino,071,2135413,295819,294647,9042,303689,5037
2021-07-05,San Diego,073,3302833,284593,282834,15631,298465,3782
2021-07-05,San Francisco,075,870044,37542,37237,1315,38552,558
2021-07-05,San Joaquin,077,732212,74553,73999,3615,77614,1410
2021-07-05,San Luis Obispo,079,281455,21623,21351,757,22108,257
2021-07-05,San Mateo,081,765935,43026,42876,490,43366,541
2021-07-05,Santa Barbara,083,443738,34746,34569,1129,35698,460
2021-07-05,Santa Clara,085,1922200,120023,119184,771,119955,2095
2021-07-05,Santa Cruz,087,273765,16401,16273,801,17074,208
2021-07-05,Shasta,089,179085,12662,12603,1646,14249,205
2021-07-05,Sierra,091,2930,65,60,12,72,0
2021-07-05,Siskiyou,093,43540,1984,1904,374,2278,29
2021-07-05,Solano,095,438530,33799,33612,579,34191,268
2021-07-05,Sonoma,097,501317,31317,31116,363,31479,316
2021-07-05,Stanislaus,099,539301,57322,57109,5997,63106,1029
2021-07-05,Sutter,101,95872,9694,9667,87,9754,114
2021-07-05,Tehama,103,63373,5169,5125,585,5710,63
2021-07-05,Trinity,105,12862,495,341,96,437,3
2021-07-05,Tulare,107,460477,50551,49818,9055,58873,853
2021-07-05,Tuolumne,109,53932,4120,4112,44,4156,64
2021-07-05,Ventura,111,848112,82189,81519,3066,84585,1033
2021-07-05,Yolo,113,214977,14299,14225,286,14511,213
2021-07-05,Yuba,115,75493,6274,6223,129,6352,51
2021-07-04,Alameda,001,1643700,90214,89683,1972,91655,1253
2021-07-04,Alpine,003,1148,88,89,0,89,0
2021-07-04,Amador,005,37829,3768,3758,32,3790,46
2021-07-04,Butte,007,227075,12840,12684,1905,14589,201
2021-07-04,Calaveras,009,45235,2224,2200,13,2213,55
2021-07-04,Colusa,011,21464,1975,1969,325,2294,15
2021-07-04,Contra Costa,013,1133247,71649,70941,1322,72263,818
2021-07-04,Del Norte,015,27424,1478,1439,13,1452,8
2021-07-04,El Dorado,017,186661,10582,10433,792,11225,113
2021-07-04,Fresno,019,978130,103691,102512,8702,111214,1727
2021-07-04,Glenn,021,27897,2457,2442,567,3009,20
2021-07-04,Humboldt,023,135768,4575,4530,53,4583,49
2021-07-04,Imperial,025,180216,28857,28661,2694,31355,739
2021-07-04,Inyo,027,18085,1416,1412,12,1424,35
2021-07-04,Kern,029,883053,98145,97421,11121,108542,1347
2021-07-04,Kings,031,150075,23325,23051,1096,24147,245
2021-07-04,Lake,033,64148,3676,3623,13,3636,62
2021-07-04,Lassen,035,31185,5303,5277,115,5392,20
2021-07-04,Los Angeles,037,10098052,1217927,1208705,41145,1249850,24506
2021-07-04,Madera,039,155013,16870,16696,946,17642,240
2021-07-04,Marin,041,260295,14284,14143,261,14404,233
2021-07-04,Mariposa,043,17540,442,441,11,452,5
2021-07-04,Mendocino,045,87422,4227,4122,87,4209,49
2021-07-04,Merced,047,269075,31325,31297,1043,32340,469
2021-07-04,Modoc,049,8938,416,410,147,557,4
2021-07-04,Mono,051,14174,1270,1275,18,1293,3
2021-07-04,Monterey,053,433212,43387,43212,1848,45060,492
2021-07-04,Napa,055,140530,10067,10045,37,10082,81
2021-07-04,Nevada,057,99092,5036,4966,193,5159,72
2021-07-04,Orange,059,3164182,257629,255823,11513,267336,5126
2021-07-04,Placer,061,380077,24053,23764,1568,25332,299
2021-07-04,Plumas,063,18699,727,707,14,721,4
2021-07-04,Riverside,065,2383286,296536,293260,14051,307311,4536
2021-07-04,Sacramento,067,1510023,109376,108257,1854,110111,1676
2021-07-04,San Benito,069,59416,6137,6108,113,6221,63
2021-07-04,San Bernardino,071,2135413,295651,294294,9035,303329,5003
2021-07-04,San Diego,073,3302833,284368,282692,15594,298286,3780
2021-07-04,San Francisco,075,870044,37483,37107,1309,38416,558
2021-07-04,San Joaquin,077,732212,74487,73841,3607,77448,1409
2021-07-04,San Luis Obispo,079,281455,21617,21330,756,22086,256
2021-07-04,San Mateo,081,765935,42992,42691,490,43181,541
2021-07-04,Santa Barbara,083,443738,34723,34526,1128,35654,456
2021-07-04,Santa Clara,085,1922200,119933,118966,770,119736,2090
2021-07-04,Santa Cruz,087,273765,16390,16254,801,17055,208
2021-07-04,Shasta,089,179085,12658,12582,1645,14227,204
2021-07-04,Sierra,091,2930,64,60,12,72,0
2021-07-04,Siskiyou,093,43540,1980,1899,373,2272,29
2021-07-04,Solano,095,438530,33758,33486,577,34063,268
2021-07-04,Sonoma,097,501317,31287,31000,363,31363,316
2021-07-04,Stanislaus,099,539301,57307,57018,5991,63009,1018
2021-07-04,Sutter,101,95872,9683,9644,87,9731,114
2021-07-04,Tehama,103,63373,5165,5124,585,5709,63
2021-07-04,Trinity,105,12862,494,341,96,437,3
2021-07-04,Tulare,107,460477,50541,49789,9052,58841,853
2021-07-04,Tuolumne,109,53932,4112,4113,44,4157,64
2021-07-04,Ventura,111,848112,82131,81425,3055,84480,1033
2021-07-04,Yolo,113,214977,14278,14188,283,14471,213
2021-07-04,Yuba,115,75493,6266,6197,129,6326,51
2021-07-03,Alameda,001,1643700,90127,89683,1964,91647,1253
2021-07-03,Alpine,003,1148,88,89,0,89,0
2021-07-03,Amador,005,37829,3768,3758,32,3790,46
2021-07-03,Butte,007,227075,12836,12684,1904,14588,201
2021-07-03,Calaveras,009,45235,2222,2200,13,2213,55
2021-07-03,Colusa,011,21464,1974,1969,325,2294,15
2021-07-03,Contra Costa,013,1133247,71589,70941,1319,72260,818
2021-07-03,Del Norte,015,27424,1475,1439,13,1452,8
2021-07-03,El Dorado,017,186661,10576,10433,790,11223,113
2021-07-03,Fresno,019,978130,103667,102512,8693,111205,1727
2021-07-03,Glenn,021,27897,2457,2442,567,3009,20
2021-07-03,Humboldt,023,135768,4570,4530,53,4583,49
2021-07-03,Imperial,025,180216,28847,28661,2694,31355,739
2021-07-03,Inyo,027,18085,1416,1412,12,1424,35
2021-07-03,Kern,029,883053,98125,97421,11113,108534,1347
2021-07-03,Kings,031,150075,23325,23051,1095,24146,245
2021-07-03,Lake,033,64148,3666,3623,13,3636,62
2021-07-03,Lassen,035,31185,5302,5277,115,5392,20
2021-07-03,Los Angeles,037,10098052,1217498,1208705,41114,1249819,24506
2021-07-03,Madera,039,155013,16861,16696,943,17639,240
2021-07-03,Marin,041,260295,14280,14143,261,14404,233
2021-07-03,Mariposa,043,17540,442,441,11,452,5
2021-07-03,Mendocino,045,87422,4226,4122,87,4209,49
2021-07-03,Merced,047,269075,31312,31297,1042,32339,469
2021-07-03,Modoc,049,8938,415,410,147,557,4
2021-07-03,Mono,051,14174,1269,1275,18,1293,3
2021-07-03,Monterey,053,433212,43375,43212,1846,45058,492
2021-07-03,Napa,055,140530,10062,10045,37,10082,81
2021-07-03,Nevada,057,99092,5022,4966,193,5159,72
2021-07-03,Orange,059,3164182,257545,255823,11506,267329,5126
2021-07-03,Placer,061,380077,24034,23764,1565,25329,299
2021-07-03,Plumas,063,18699,727,707,14,721,4
2021-07-03,Riverside,065,2383286,296444,293260,14047,307307,4536
2021-07-03,Sacramento,067,1510023,109302,108257,1851,110108,1676
2021-07-03,San Benito,069,59416,6130,6108,113,6221,63
2021-07-03,San Bernardino,071,2135413,295561,294294,9032,303326,5003
2021-07-03,San Diego,073,3302833,284237,282692,15575,298267,3780
2021-07-03,San Francisco,075,870044,37442,37107,1306,38413,558
2021-07-03,San Joaquin,077,732212,74451,73841,3602,77443,1409
2021-07-03,San Luis Obispo,079,281455,21605,21330,756,22086,256
2021-07-03,San Mateo,081,765935,42967,42691,489,43180,541
2021-07-03,Santa Barbara,083,443738,34714,34526,1127,35653,456
2021-07-03,Santa Clara,085,1922200,119886,118966,770,119736,2090
2021-07-03,Santa Cruz,087,273765,16383,16254,801,17055,208
2021-07-03,Shasta,089,179085,12654,12582,1643,14225,204
2021-07-03,Sierra,091,2930,64,60,12,72,0
2021-07-03,Siskiyou,093,43540,1979,1899,372,2271,29
2021-07-03,Solano,095,438530,33714,33486,577,34063,268
2021-07-03,Sonoma,097,501317,31253,31000,363,31363,316
2021-07-03,Stanislaus,099,539301,57296,57018,5984,63002,1018
2021-07-03,Sutter,101,95872,9673,9644,87,9731,114
2021-07-03,Tehama,103,63373,5163,5124,585,5709,63
2021-07-03,Trinity,105,12862,494,341,96,437,3
2021-07-03,Tulare,107,460477,50535,49789,9046,58835,853
2021-07-03,Tuolumne,109,53932,4111,4113,44,4157,64
2021-07-03,Ventura,111,848112,82101,81425,3047,84472,1033
2021-07-03,Yolo,113,214977,14268,14188,280,14468,213
2021-07-03,Yuba,115,75493,6260,6197,129,6326,51
2021-07-02,Alameda,001,1643700,90043,89683,1962,91645,1253
2021-07-02,Alpine,003,1148,88,89,0,89,0
2021-07-02,Amador,005,37829,3766,3758,32,3790,46
2021-07-02,Butte,007,227075,12829,12684,1904,14588,201
2021-07-02,Calaveras,009,45235,2220,2200,13,2213,55
2021-07-02,Colusa,011,21464,1973,1969,324,2293,15
2021-07-02,Contra Costa,013,1133247,71519,70941,1315,72256,818
2021-07-02,Del Norte,015,27424,1475,1439,13,1452,8
2021-07-02,El Dorado,017,186661,10568,10433,790,11223,113
2021-07-02,Fresno,019,978130,103639,102512,8687,111199,1727
2021-07-02,Glenn,021,27897,2456,2442,566,3008,20
2021-07-02,Humboldt,023,135768,4567,4530,52,4582,49
2021-07-02,Imperial,025,180216,28841,28661,2693,31354,739
2021-07-02,Inyo,027,18085,1416,1412,12,1424,35
2021-07-02,Kern,029,883053,98107,97421,11105,108526,1347
2021-07-02,Kings,031,150075,23315,23051,1095,24146,245
2021-07-02,Lake,033,64148,3660,3623,13,3636,62
2021-07-02,Lassen,035,31185,5302,5277,115,5392,20
2021-07-02,Los Angeles,037,10098052,1217024,1208705,41076,1249781,24506
2021-07-02,Madera,039,155013,16852,16696,942,17638,240
2021-07-02,Marin,041,260295,14276,14143,261,14404,233
2021-07-02,Mariposa,043,17540,442,441,11,452,5
2021-07-02,Mendocino,045,87422,4222,4122,86,4208,49
2021-07-02,Merced,047,269075,31303,31297,1042,32339,469
2021-07-02,Modoc,049,8938,415,410,147,557,4
2021-07-02,Mono,051,14174,1268,1275,18,1293,3
2021-07-02,Monterey,053,433212,43367,43212,1845,45057,492
2021-07-02,Napa,055,140530,10057,10045,37,10082,81
2021-07-02,Nevada,057,99092,5013,4966,193,5159,72
2021-07-02,Orange,059,3164182,257433,255823,11499,267322,5126
2021-07-02,Placer,061,380077,24017,23764,1558,25322,299
2021-07-02,Plumas,063,18699,727,707,14,721,4
2021-07-02,Riverside,065,2383286,296346,293260,14042,307302,4536
2021-07-02,Sacramento,067,1510023,109224,108257,1850,110107,1676
2021-07-02,San Benito,069,59416,6127,6108,113,6221,63
2021-07-02,San Bernardino,071,2135413,295474,294294,9030,303324,5003
2021-07-02,San Diego,073,3302833,284092,282692,15549,298241,3780
2021-07-02,San Francisco,075,870044,37394,37107,1304,38411,558
2021-07-02,San Joaquin,077,732212,74419,73841,3596,77437,1409
2021-07-02,San Luis Obispo,079,281455,21599,21330,755,22085,256
2021-07-02,San Mateo,081,765935,42932,42691,489,43180,541
2021-07-02,Santa Barbara,083,443738,34704,34526,1127,35653,456
2021-07-02,Santa Clara,085,1922200,119808,118966,770,119736,2090
2021-07-02,Santa Cruz,087,273765,16379,16254,801,17055,208
2021-07-02,Shasta,089,179085,12650,12582,1643,14225,204
2021-07-02,Sierra,091,2930,63,60,12,72,0
2021-07-02,Siskiyou,093,43540,1976,1899,371,2270,29
2021-07-02,Solano,095,438530,33689,33486,577,34063,268
2021-07-02,Sonoma,097,501317,31230,31000,363,31363,316
2021-07-02,Stanislaus,099,539301,57279,57018,5983,63001,1018
2021-07-02,Sutter,101,95872,9669,9644,87,9731,114
2021-07-02,Tehama,103,63373,5161,5124,583,5707,63
2021-07-02,Trinity,105,12862,494,341,96,437,3
2021-07-02,Tulare,107,460477,50525,49789,9038,58827,853
2021-07-02,Tuolumne,109,53932,4108,4113,44,4157,64
2021-07-02,Ventura,111,848112,82058,81425,3039,84464,1033
2021-07-02,Yolo,113,214977,14252,14188,278,14466,213
2021-07-02,Yuba,115,75493,6252,6197,129,6326,51
2021-07-01,Alameda,001,1643700,89942,89683,1960,91643,1253
2021-07-01,Alpine,003,1148,88,89,0,89,0
2021-07-01,Amador,005,37829,3765,3758,32,3790,46
2021-07-01,Butte,007,227075,12817,12684,1902,14586,201
2021-07-01,Calaveras,009,45235,2218,2200,13,2213,55
2021-07-01,Colusa,011,21464,1973,1969,322,2291,15
2021-07-01,Contra Costa,013,1133247,71447,70941,1315,72256,818
2021-07-01,Del Norte,015,27424,1474,1439,13,1452,8
2021-07-01,El Dorado,017,186661,10556,10433,790,11223,113
2021-07-01,Fresno,019,978130,103600,102512,8682,111194,1727
2021-07-01,Glenn,021,27897,2456,2442,566,3008,20
2021-07-01,Humboldt,023,135768,4565,4530,52,4582,49
2021-07-01,Imperial,025,180216,28824,28661,2693,31354,739
2021-07-01,Inyo,027,18085,1416,1412,12,1424,35
2021-07-01,Kern,029,883053,98081,97421,11095,108516,1347
2021-07-01,Kings,031,150075,23301,23051,1095,24146,245
2021-07-01,Lake,033,64148,3657,3623,13,3636,62
2021-07-01,Lassen,035,31185,5300,5277,115,5392,20
2021-07-01,Los Angeles,037,10098052,1216420,1208705,41021,1249726,24506
2021-07-01,Madera,039,155013,16843,16696,941,17637,240
2021-07-01,Marin,041,260295,14272,14143,261,14404,233
2021-07-01,Mariposa,043,17540,442,441,11,452,5
2021-07-01,Mendocino,045,87422,4218,4122,85,4207,49
2021-07-01,Merced,047,269075,31297,31297,1042,32339,469
2021-07-01,Modoc,049,8938,415,410,147,557,4
2021-07-01,Mono,051,14174,1267,1275,18,1293,3
2021-07-01,Monterey,053,433212,43359,43212,1842,45054,492
2021-07-01,Napa,055,140530,10050,10045,37,10082,81
2021-07-01,Nevada,057,99092,5008,4966,193,5159,72
2021-07-01,Orange,059,3164182,257313,255823,11480,267303,5126
2021-07-01,Placer,061,380077,23999,23764,1555,25319,299
2021-07-01,Plumas,063,18699,724,707,12,719,4
2021-07-01,Riverside,065,2383286,296237,293260,14034,307294,4536
2021-07-01,Sacramento,067,1510023,109099,108257,1843,110100,1676
2021-07-01,San Benito,069,59416,6123,6108,113,6221,63
2021-07-01,San Bernardino,071,2135413,295353,294294,9025,303319,5003
2021-07-01,San Diego,073,3302833,283914,282692,15512,298204,3780
2021-07-01,San Francisco,075,870044,37357,37107,1302,38409,558
2021-07-01,San Joaquin,077,732212,74368,73841,3592,77433,1409
2021-07-01,San Luis Obispo,079,281455,21584,21330,754,22084,256
2021-07-01,San Mateo,081,765935,42904,42691,488,43179,541
2021-07-01,Santa Barbara,083,443738,34691,34526,1127,35653,456
2021-07-01,Santa Clara,085,1922200,119759,118966,770,119736,2090
2021-07-01,Santa Cruz,087,273765,16374,16254,801,17055,208
2021-07-01,Shasta,089,179085,12642,12582,1642,14224,204
2021-07-01,Sierra,091,2930,63,60,12,72,0
2021-07-01,Siskiyou,093,43540,1976,1899,371,2270,29
2021-07-01,Solano,095,438530,33648,33486,576,34062,268
2021-07-01,Sonoma,097,501317,31186,31000,363,31363,316
2021-07-01,Stanislaus,099,539301,57262,57018,5979,62997,1018
2021-07-01,Sutter,101,95872,9660,9644,87,9731,114
2021-07-01,Tehama,103,63373,5161,5124,582,5706,63
2021-07-01,Trinity,105,12862,494,341,96,437,3
2021-07-01,Tulare,107,460477,50516,49789,9031,58820,853
2021-07-01,Tuolumne,109,53932,4101,4113,44,4157,64
2021-07-01,Ventura,111,848112,82027,81425,3029,84454,1033
2021-07-01,Yolo,113,214977,14236,14188,276,14464,213
2021-07-01,Yuba,115,75493,6245,6197,129,6326,51
2021-06-30,Alameda,001,1643700,89861,89597,1956,91553,1256
2021-06-30,Alpine,003,1148,88,89,0,89,0
2021-06-30,Amador,005,37829,3763,3756,32,3788,46
2021-06-30,Butte,007,227075,12810,12676,1893,14569,201
2021-06-30,Calaveras,009,45235,2212,2198,13,2211,55
2021-06-30,Colusa,011,21464,1971,1967,319,2286,15
2021-06-30,Contra Costa,013,1133247,71382,70869,1312,72181,818
2021-06-30,Del Norte,015,27424,1469,1435,13,1448,8
2021-06-30,El Dorado,017,186661,10536,10420,790,11210,113
2021-06-30,Fresno,019,978130,103563,102490,8679,111169,1727
2021-06-30,Glenn,021,27897,2454,2440,566,3006,20
2021-06-30,Humboldt,023,135768,4549,4522,50,4572,49
2021-06-30,Imperial,025,180216,28816,28651,2693,31344,739
2021-06-30,Inyo,027,18085,1416,1409,12,1421,35
2021-06-30,Kern,029,883053,98040,97267,11083,108350,1348
2021-06-30,Kings,031,150075,23296,23038,1094,24132,245
2021-06-30,Lake,033,64148,3644,3601,13,3614,56
2021-06-30,Lassen,035,31185,5295,5269,115,5384,20
2021-06-30,Los Angeles,037,10098052,1215746,1208246,40976,1249222,24499
2021-06-30,Madera,039,155013,16835,16688,939,17627,240
2021-06-30,Marin,041,260295,14263,14133,260,14393,232
2021-06-30,Mariposa,043,17540,441,441,11,452,5
2021-06-30,Mendocino,045,87422,4208,4115,85,4200,49
2021-06-30,Merced,047,269075,31287,31286,1042,32328,469
2021-06-30,Modoc,049,8938,415,410,147,557,4
2021-06-30,Mono,051,14174,1267,1275,18,1293,3
2021-06-30,Monterey,053,433212,43354,43209,1840,45049,492
2021-06-30,Napa,055,140530,10042,10039,37,10076,81
2021-06-30,Nevada,057,99092,4997,4958,193,5151,72
2021-06-30,Orange,059,3164182,257188,255764,11470,267234,5125
2021-06-30,Placer,061,380077,23975,23721,1552,25273,299
2021-06-30,Plumas,063,18699,724,705,12,717,4
2021-06-30,Riverside,065,2383286,296123,293280,14026,307306,4535
2021-06-30,Sacramento,067,1510023,108960,108137,1839,109976,1676
2021-06-30,San Benito,069,59416,6119,6105,113,6218,63
2021-06-30,San Bernardino,071,2135413,295193,294211,9020,303231,4975
2021-06-30,San Diego,073,3302833,283778,282583,15484,298067,3780
2021-06-30,San Francisco,075,870044,37308,37065,1297,38362,558
2021-06-30,San Joaquin,077,732212,74306,73777,3591,77368,1409
2021-06-30,San Luis Obispo,079,281455,21571,21326,753,22079,256
2021-06-30,San Mateo,081,765935,42867,42599,487,43086,537
2021-06-30,Santa Barbara,083,443738,34675,34521,1127,35648,456
2021-06-30,Santa Clara,085,1922200,119712,118930,767,119697,2090
2021-06-30,Santa Cruz,087,273765,16368,16250,801,17051,208
2021-06-30,Shasta,089,179085,12636,12564,1642,14206,204
2021-06-30,Sierra,091,2930,63,60,12,72,0
2021-06-30,Siskiyou,093,43540,1974,1900,368,2268,29
2021-06-30,Solano,095,438530,33609,33453,574,34027,268
2021-06-30,Sonoma,097,501317,31156,30947,363,31310,316
2021-06-30,Stanislaus,099,539301,57245,56997,5978,62975,1018
2021-06-30,Sutter,101,95872,9650,9638,87,9725,114
2021-06-30,Tehama,103,63373,5159,5124,582,5706,63
2021-06-30,Trinity,105,12862,494,341,96,437,3
2021-06-30,Tulare,107,460477,50505,49764,9020,58784,853
2021-06-30,Tuolumne,109,53932,4098,4112,44,4156,64
2021-06-30,Ventura,111,848112,81984,81392,3024,84416,1032
2021-06-30,Yolo,113,214977,14230,14178,273,14451,213
2021-06-30,Yuba,115,75493,6238,6191,129,6320,51
2021-06-29,Alameda,001,1643700,89755,89519,1954,91473,1257
2021-06-29,Alpine,003,1148,88,89,0,89,0
2021-06-29,Amador,005,37829,3759,3754,32,3786,46
2021-06-29,Butte,007,227075,12802,12669,1893,14562,201
2021-06-29,Calaveras,009,45235,2206,2198,13,2211,55
2021-06-29,Colusa,011,21464,1969,1967,319,2286,15
2021-06-29,Contra Costa,013,1133247,71308,70775,1311,72086,817
2021-06-29,Del Norte,015,27424,1468,1435,13,1448,8
2021-06-29,El Dorado,017,186661,10523,10403,786,11189,113
2021-06-29,Fresno,019,978130,103530,102464,8676,111140,1725
2021-06-29,Glenn,021,27897,2453,2439,566,3005,20
2021-06-29,Humboldt,023,135768,4545,4514,49,4563,49
2021-06-29,Imperial,025,180216,28807,28645,2692,31337,737
2021-06-29,Inyo,027,18085,1416,1408,12,1420,35
2021-06-29,Kern,029,883053,98019,97173,11077,108250,1347
2021-06-29,Kings,031,150075,23287,23035,1093,24128,245
2021-06-29,Lake,033,64148,3638,3594,13,3607,56
2021-06-29,Lassen,035,31185,5288,5268,115,5383,20
2021-06-29,Los Angeles,037,10098052,1215131,1207895,40948,1248843,24498
2021-06-29,Madera,039,155013,16831,16680,938,17618,240
2021-06-29,Marin,041,260295,14251,14127,260,14387,232
2021-06-29,Mariposa,043,17540,441,441,11,452,5
2021-06-29,Mendocino,045,87422,4204,4107,84,4191,49
2021-06-29,Merced,047,269075,31275,31277,1042,32319,469
2021-06-29,Modoc,049,8938,414,408,147,555,3
2021-06-29,Mono,051,14174,1267,1275,18,1293,3
2021-06-29,Monterey,053,433212,43344,43196,1838,45034,471
2021-06-29,Napa,055,140530,10036,10033,37,10070,81
2021-06-29,Nevada,057,99092,4990,4952,193,5145,72
2021-06-29,Orange,059,3164182,257088,255686,11455,267141,5124
2021-06-29,Placer,061,380077,23951,23693,1550,25243,299
2021-06-29,Plumas,063,18699,724,704,12,716,4
2021-06-29,Riverside,065,2383286,296024,292962,14019,306981,4524
2021-06-29,Sacramento,067,1510023,108807,108067,1835,109902,1677
2021-06-29,San Benito,069,59416,6108,6099,113,6212,63
2021-06-29,San Bernardino,071,2135413,295081,294118,9019,303137,4940
2021-06-29,San Diego,073,3302833,283622,282499,15457,297956,3780
2021-06-29,San Francisco,075,870044,37269,37041,1294,38335,558
2021-06-29,San Joaquin,077,732212,74258,73724,3588,77312,1409
2021-06-29,San Luis Obispo,079,281455,21561,21324,752,22076,256
2021-06-29,San Mateo,081,765935,42833,42540,487,43027,540
2021-06-29,Santa Barbara,083,443738,34665,34507,1126,35633,455
2021-06-29,Santa Clara,085,1922200,119658,118893,766,119659,2090
2021-06-29,Santa Cruz,087,273765,16362,16249,801,17050,208
2021-06-29,Shasta,089,179085,12624,12564,1641,14205,204
2021-06-29,Sierra,091,2930,63,59,12,71,0
2021-06-29,Siskiyou,093,43540,1971,1897,364,2261,29
2021-06-29,Solano,095,438530,33576,33440,572,34012,268
2021-06-29,Sonoma,097,501317,31114,30950,361,31311,316
2021-06-29,Stanislaus,099,539301,57224,56980,5971,62951,1018
2021-06-29,Sutter,101,95872,9639,9634,87,9721,114
2021-06-29,Tehama,103,63373,5159,5124,582,5706,63
2021-06-29,Trinity,105,12862,494,341,96,437,3
2021-06-29,Tulare,107,460477,50492,49751,9015,58766,852
2021-06-29,Tuolumne,109,53932,4096,4111,44,4155,64
2021-06-29,Ventura,111,848112,81946,81363,3018,84381,1032
2021-06-29,Yolo,113,214977,14218,14171,272,14443,213
2021-06-29,Yuba,115,75493,6228,6188,129,6317,51
2021-06-28,Alameda,001,1643700,89660,89638,1951,91589,1259
2021-06-28,Alpine,003,1148,88,89,0,89,0
2021-06-28,Amador,005,37829,3758,3753,32,3785,46
2021-06-28,Butte,007,227075,12793,12697,1891,14588,198
2021-06-28,Calaveras,009,45235,2203,2203,13,2216,55
2021-06-28,Colusa,011,21464,1967,1974,319,2293,15
2021-06-28,Contra Costa,013,1133247,71233,70807,1309,72116,816
2021-06-28,Del Norte,015,27424,1468,1436,13,1449,8
2021-06-28,El Dorado,017,186661,10513,10422,782,11204,115
2021-06-28,Fresno,019,978130,103499,103121,8674,111795,1727
2021-06-28,Glenn,021,27897,2453,2439,566,3005,20
2021-06-28,Humboldt,023,135768,4538,4520,48,4568,49
2021-06-28,Imperial,025,180216,28799,28981,2691,31672,741
2021-06-28,Inyo,027,18085,1413,1407,12,1419,35
2021-06-28,Kern,029,883053,98000,97252,11072,108324,1348
2021-06-28,Kings,031,150075,23281,23134,1093,24227,246
2021-06-28,Lake,033,64148,3631,3591,13,3604,56
2021-06-28,Lassen,035,31185,5286,5268,115,5383,20
2021-06-28,Los Angeles,037,10098052,1214611,1207714,40914,1248628,24496
2021-06-28,Madera,039,155013,16820,16683,937,17620,240
2021-06-28,Marin,041,260295,14236,14186,260,14446,232
2021-06-28,Mariposa,043,17540,441,440,11,451,5
2021-06-28,Mendocino,045,87422,4195,4102,83,4185,49
2021-06-28,Merced,047,269075,31263,31277,1042,32319,469
2021-06-28,Modoc,049,8938,414,411,146,557,3
2021-06-28,Mono,051,14174,1267,1276,18,1294,3
2021-06-28,Monterey,053,433212,43340,43202,1837,45039,462
2021-06-28,Napa,055,140530,10027,10050,36,10086,81
2021-06-28,Nevada,057,99092,4986,4951,193,5144,72
2021-06-28,Orange,059,3164182,256998,255755,11441,267196,5123
2021-06-28,Placer,061,380077,23935,23756,1546,25302,299
2021-06-28,Plumas,063,18699,722,704,12,716,4
2021-06-28,Riverside,065,2383286,295898,292647,14007,306654,4507
2021-06-28,Sacramento,067,1510023,108675,108342,1830,110172,1675
2021-06-28,San Benito,069,59416,6106,6101,113,6214,63
2021-06-28,San Bernardino,071,2135413,294981,294151,9014,303165,4928
2021-06-28,San Diego,073,3302833,283458,282417,15428,297845,3780
2021-06-28,San Francisco,075,870044,37234,37372,1292,38664,559
2021-06-28,San Joaquin,077,732212,74211,73973,3585,77558,1411
2021-06-28,San Luis Obispo,079,281455,21557,21340,751,22091,256
2021-06-28,San Mateo,081,765935,42799,42927,486,43413,540
2021-06-28,Santa Barbara,083,443738,34658,34534,1124,35658,455
2021-06-28,Santa Clara,085,1922200,119594,120377,765,121142,2103
2021-06-28,Santa Cruz,087,273765,16357,16245,801,17046,208
2021-06-28,Shasta,089,179085,12620,12642,1639,14281,203
2021-06-28,Sierra,091,2930,63,58,12,70,0
2021-06-28,Siskiyou,093,43540,1970,1896,364,2260,29
2021-06-28,Solano,095,438530,33540,33524,570,34094,267
2021-06-28,Sonoma,097,501317,31077,31137,360,31497,315
2021-06-28,Stanislaus,099,539301,57206,57047,5967,63014,1018
2021-06-28,Sutter,101,95872,9635,9682,87,9769,114
2021-06-28,Tehama,103,63373,5157,5122,582,5704,63
2021-06-28,Trinity,105,12862,494,341,96,437,3
2021-06-28,Tulare,107,460477,50482,49751,9011,58762,850
2021-06-28,Tuolumne,109,53932,4088,4121,44,4165,64
2021-06-28,Ventura,111,848112,81889,81393,3013,84406,1032
2021-06-28,Yolo,113,214977,14209,14199,269,14468,213
2021-06-28,Yuba,115,75493,6223,6207,129,6336,51
2021-06-27,Alameda,001,1643700,89573,89611,1947,91558,1259
2021-06-27,Alpine,003,1148,88,89,0,89,0
2021-06-27,Amador,005,37829,3757,3752,32,3784,46
2021-06-27,Butte,007,227075,12784,12696,1890,14586,198
2021-06-27,Calaveras,009,45235,2202,2203,13,2216,55
2021-06-27,Colusa,011,21464,1967,1974,319,2293,15
2021-06-27,Contra Costa,013,1133247,71147,70762,1305,72067,816
2021-06-27,Del Norte,015,27424,1465,1436,13,1449,8
2021-06-27,El Dorado,017,186661,10501,10418,779,11197,115
2021-06-27,Fresno,019,978130,103470,103110,8671,111781,1727
2021-06-27,Glenn,021,27897,2452,2439,565,3004,20
2021-06-27,Humboldt,023,135768,4526,4513,45,4558,49
2021-06-27,Imperial,025,180216,28785,28987,2691,31678,741
2021-06-27,Inyo,027,18085,1413,1407,12,1419,35
2021-06-27,Kern,029,883053,97974,97249,11065,108314,1348
2021-06-27,Kings,031,150075,23271,23132,1093,24225,246
2021-06-27,Lake,033,64148,3624,3581,13,3594,56
2021-06-27,Lassen,035,31185,5285,5265,115,5380,20
2021-06-27,Los Angeles,037,10098052,1214059,1207461,40874,1248335,24493
2021-06-27,Madera,039,155013,16812,16680,937,17617,240
2021-06-27,Marin,041,260295,14227,14182,260,14442,232
2021-06-27,Mariposa,043,17540,441,440,11,451,5
2021-06-27,Mendocino,045,87422,4188,4100,83,4183,49
2021-06-27,Merced,047,269075,31251,31266,1042,32308,469
2021-06-27,Modoc,049,8938,414,411,146,557,3
2021-06-27,Mono,051,14174,1267,1279,18,1297,3
2021-06-27,Monterey,053,433212,43327,43199,1837,45036,462
2021-06-27,Napa,055,140530,10021,10046,36,10082,81
2021-06-27,Nevada,057,99092,4980,4946,193,5139,72
2021-06-27,Orange,059,3164182,256884,255710,11430,267140,5123
2021-06-27,Placer,061,380077,23902,23731,1543,25274,299
2021-06-27,Plumas,063,18699,722,704,12,716,4
2021-06-27,Riverside,065,2383286,295796,292641,14001,306642,4507
2021-06-27,Sacramento,067,1510023,108540,108279,1826,110105,1675
2021-06-27,San Benito,069,59416,6100,6101,113,6214,63
2021-06-27,San Bernardino,071,2135413,294868,294115,9012,303127,4927
2021-06-27,San Diego,073,3302833,283318,282359,15402,297761,3780
2021-06-27,San Francisco,075,870044,37197,37360,1291,38651,559
2021-06-27,San Joaquin,077,732212,74175,73960,3583,77543,1411
2021-06-27,San Luis Obispo,079,281455,21550,21340,750,22090,256
2021-06-27,San Mateo,081,765935,42770,42925,483,43408,539
2021-06-27,Santa Barbara,083,443738,34644,34533,1122,35655,455
2021-06-27,Santa Clara,085,1922200,119543,120352,764,121116,2103
2021-06-27,Santa Cruz,087,273765,16348,16241,801,17042,208
2021-06-27,Shasta,089,179085,12614,12640,1638,14278,203
2021-06-27,Sierra,091,2930,63,58,12,70,0
2021-06-27,Siskiyou,093,43540,1968,1896,363,2259,29
2021-06-27,Solano,095,438530,33512,33516,570,34086,267
2021-06-27,Sonoma,097,501317,31039,31129,360,31489,315
2021-06-27,Stanislaus,099,539301,57166,57021,5964,62985,1018
2021-06-27,Sutter,101,95872,9629,9678,87,9765,114
2021-06-27,Tehama,103,63373,5153,5122,582,5704,63
2021-06-27,Trinity,105,12862,494,341,95,436,3
2021-06-27,Tulare,107,460477,50469,49749,9004,58753,850
2021-06-27,Tuolumne,109,53932,4086,4121,44,4165,64
2021-06-27,Ventura,111,848112,81855,81361,3004,84365,1032
2021-06-27,Yolo,113,214977,14194,14194,265,14459,213
2021-06-27,Yuba,115,75493,6217,6205,129,6334,51
2021-06-26,Alameda,001,1643700,89516,89560,1945,91505,1259
2021-06-26,Alpine,003,1148,88,89,0,89,0
2021-06-26,Amador,005,37829,3757,3748,32,3780,46
2021-06-26,Butte,007,227075,12780,12693,1887,14580,198
2021-06-26,Calaveras,009,45235,2200,2202,13,2215,55
2021-06-26,Colusa,011,21464,1967,1973,319,2292,15
2021-06-26,Contra Costa,013,1133247,71104,70712,1304,72016,816
2021-06-26,Del Norte,015,27424,1464,1432,13,1445,8
2021-06-26,El Dorado,017,186661,10493,10414,777,11191,115
2021-06-26,Fresno,019,978130,103450,103091,8669,111760,1727
2021-06-26,Glenn,021,27897,2450,2441,565,3006,20
2021-06-26,Humboldt,023,135768,4523,4509,45,4554,49
2021-06-26,Imperial,025,180216,28781,28970,2691,31661,741
2021-06-26,Inyo,027,18085,1413,1407,12,1419,35
2021-06-26,Kern,029,883053,97948,97239,11056,108295,1348
2021-06-26,Kings,031,150075,23267,23128,1092,24220,246
2021-06-26,Lake,033,64148,3613,3576,13,3589,56
2021-06-26,Lassen,035,31185,5282,5263,115,5378,20
2021-06-26,Los Angeles,037,10098052,1213755,1207198,40843,1248041,24490
2021-06-26,Madera,039,155013,16805,16679,936,17615,240
2021-06-26,Marin,041,260295,14218,14180,260,14440,232
2021-06-26,Mariposa,043,17540,441,440,11,451,5
2021-06-26,Mendocino,045,87422,4186,4096,83,4179,49
2021-06-26,Merced,047,269075,31245,31259,1041,32300,469
2021-06-26,Modoc,049,8938,414,411,146,557,3
2021-06-26,Mono,051,14174,1267,1279,18,1297,3
2021-06-26,Monterey,053,433212,43324,43192,1837,45029,462
2021-06-26,Napa,055,140530,10014,10043,36,10079,81
2021-06-26,Nevada,057,99092,4975,4939,193,5132,72
2021-06-26,Orange,059,3164182,256804,255640,11423,267063,5123
2021-06-26,Placer,061,380077,23888,23702,1541,25243,299
2021-06-26,Plumas,063,18699,722,704,12,716,4
2021-06-26,Riverside,065,2383286,295738,292480,13995,306475,4505
2021-06-26,Sacramento,067,1510023,108469,108179,1823,110002,1675
2021-06-26,San Benito,069,59416,6096,6100,113,6213,63
2021-06-26,San Bernardino,071,2135413,294774,294034,9008,303042,4928
2021-06-26,San Diego,073,3302833,283233,282263,15384,297647,3780
2021-06-26,San Francisco,075,870044,37165,37348,1290,38638,559
2021-06-26,San Joaquin,077,732212,74146,73928,3582,77510,1411
2021-06-26,San Luis Obispo,079,281455,21549,21330,749,22079,256
2021-06-26,San Mateo,081,765935,42750,42898,483,43381,539
2021-06-26,Santa Barbara,083,443738,34635,34525,1122,35647,455
2021-06-26,Santa Clara,085,1922200,119510,120321,764,121085,2103
2021-06-26,Santa Cruz,087,273765,16345,16239,801,17040,208
2021-06-26,Shasta,089,179085,12610,12635,1634,14269,203
2021-06-26,Sierra,091,2930,63,58,12,70,0
2021-06-26,Siskiyou,093,43540,1967,1896,362,2258,29
2021-06-26,Solano,095,438530,33494,33489,568,34057,267
2021-06-26,Sonoma,097,501317,31013,31088,360,31448,315
2021-06-26,Stanislaus,099,539301,57150,57006,5961,62967,1018
2021-06-26,Sutter,101,95872,9628,9669,87,9756,114
2021-06-26,Tehama,103,63373,5153,5119,582,5701,63
2021-06-26,Trinity,105,12862,494,341,95,436,3
2021-06-26,Tulare,107,460477,50463,49745,9004,58749,850
2021-06-26,Tuolumne,109,53932,4086,4121,44,4165,64
2021-06-26,Ventura,111,848112,81831,81352,3003,84355,1032
2021-06-26,Yolo,113,214977,14186,14184,265,14449,213
2021-06-26,Yuba,115,75493,6214,6200,129,6329,51
2021-06-25,Alameda,001,1643700,89448,89453,1943,91396,1271
2021-06-25,Alpine,003,1148,88,89,0,89,0
2021-06-25,Amador,005,37829,3756,3746,32,3778,46
2021-06-25,Butte,007,227075,12775,12682,1884,14566,198
2021-06-25,Calaveras,009,45235,2199,2201,13,2214,55
2021-06-25,Colusa,011,21464,1967,1972,319,2291,15
2021-06-25,Contra Costa,013,1133247,71068,70659,1304,71963,815
2021-06-25,Del Norte,015,27424,1464,1426,13,1439,8
2021-06-25,El Dorado,017,186661,10485,10406,774,11180,115
2021-06-25,Fresno,019,978130,103432,103073,8665,111738,1727
2021-06-25,Glenn,021,27897,2450,2441,565,3006,20
2021-06-25,Humboldt,023,135768,4517,4503,43,4546,49
2021-06-25,Imperial,025,180216,28778,28968,2691,31659,740
2021-06-25,Inyo,027,18085,1412,1406,12,1418,35
2021-06-25,Kern,029,883053,97929,97182,11052,108234,1347
2021-06-25,Kings,031,150075,23261,23118,1092,24210,246
2021-06-25,Lake,033,64148,3607,3571,13,3584,56
2021-06-25,Lassen,035,31185,5281,5259,115,5374,20
2021-06-25,Los Angeles,037,10098052,1213472,1206909,40826,1247735,24483
2021-06-25,Madera,039,155013,16802,16670,936,17606,240
2021-06-25,Marin,041,260295,14215,14179,260,14439,232
2021-06-25,Mariposa,043,17540,441,440,11,451,5
2021-06-25,Mendocino,045,87422,4183,4089,83,4172,49
2021-06-25,Merced,047,269075,31237,31256,1041,32297,467
2021-06-25,Modoc,049,8938,414,411,146,557,3
2021-06-25,Mono,051,14174,1267,1279,18,1297,3
2021-06-25,Monterey,053,433212,43319,43184,1836,45020,462
2021-06-25,Napa,055,140530,10009,10037,36,10073,81
2021-06-25,Nevada,057,99092,4972,4932,193,5125,72
2021-06-25,Orange,059,3164182,256733,255574,11421,266995,5119
2021-06-25,Placer,061,380077,23869,23672,1540,25212,299
2021-06-25,Plumas,063,18699,722,702,11,713,4
2021-06-25,Riverside,065,2383286,295670,291663,13988,305651,4490
2021-06-25,Sacramento,067,1510023,108397,108034,1820,109854,1673
2021-06-25,San Benito,069,59416,6092,6098,113,6211,63
2021-06-25,San Bernardino,071,2135413,294719,293941,9006,302947,4911
2021-06-25,San Diego,073,3302833,283173,282157,15371,297528,3779
2021-06-25,San Francisco,075,870044,37142,37338,1289,38627,559
2021-06-25,San Joaquin,077,732212,74113,73860,3580,77440,1410
2021-06-25,San Luis Obispo,079,281455,21546,21325,748,22073,256
2021-06-25,San Mateo,081,765935,42732,42849,483,43332,537
2021-06-25,Santa Barbara,083,443738,34626,34518,1121,35639,454
2021-06-25,Santa Clara,085,1922200,119490,120272,764,121036,2103
2021-06-25,Santa Cruz,087,273765,16342,16230,799,17029,208
2021-06-25,Shasta,089,179085,12600,12633,1633,14266,202
2021-06-25,Sierra,091,2930,63,58,12,70,0
2021-06-25,Siskiyou,093,43540,1966,1894,362,2256,29
2021-06-25,Solano,095,438530,33474,33449,568,34017,267
2021-06-25,Sonoma,097,501317,30990,31043,360,31403,314
2021-06-25,Stanislaus,099,539301,57134,56973,5954,62927,1018
2021-06-25,Sutter,101,95872,9621,9664,87,9751,114
2021-06-25,Tehama,103,63373,5152,5119,582,5701,63
2021-06-25,Trinity,105,12862,494,338,95,433,3
2021-06-25,Tulare,107,460477,50456,49731,9001,58732,850
2021-06-25,Tuolumne,109,53932,4085,4121,44,4165,64
2021-06-25,Ventura,111,848112,81802,81342,2997,84339,1032
2021-06-25,Yolo,113,214977,14180,14172,265,14437,213
2021-06-25,Yuba,115,75493,6210,6195,129,6324,51
2021-06-24,Alameda,001,1643700,89376,89358,1940,91298,1268
2021-06-24,Alpine,003,1148,88,89,0,89,0
2021-06-24,Amador,005,37829,3752,3745,32,3777,46
2021-06-24,Butte,007,227075,12769,12673,1882,14555,198
2021-06-24,Calaveras,009,45235,2196,2202,13,2215,55
2021-06-24,Colusa,011,21464,1966,1972,319,2291,15
2021-06-24,Contra Costa,013,1133247,71009,70590,1304,71894,813
2021-06-24,Del Norte,015,27424,1463,1421,13,1434,8
2021-06-24,El Dorado,017,186661,10478,10402,774,11176,115
2021-06-24,Fresno,019,978130,103412,103061,8663,111724,1727
2021-06-24,Glenn,021,27897,2449,2439,565,3004,20
2021-06-24,Humboldt,023,135768,4512,4493,43,4536,49
2021-06-24,Imperial,025,180216,28775,28981,2691,31672,740
2021-06-24,Inyo,027,18085,1411,1406,12,1418,35
2021-06-24,Kern,029,883053,97910,97129,11039,108168,1346
2021-06-24,Kings,031,150075,23257,23114,1091,24205,246
2021-06-24,Lake,033,64148,3601,3571,13,3584,56
2021-06-24,Lassen,035,31185,5280,5258,115,5373,20
2021-06-24,Los Angeles,037,10098052,1213147,1206590,40803,1247393,24480
2021-06-24,Madera,039,155013,16791,16662,935,17597,240
2021-06-24,Marin,041,260295,14211,14180,260,14440,232
2021-06-24,Mariposa,043,17540,441,440,11,451,5
2021-06-24,Mendocino,045,87422,4175,4085,83,4168,49
2021-06-24,Merced,047,269075,31227,31248,1040,32288,466
2021-06-24,Modoc,049,8938,414,411,146,557,3
2021-06-24,Mono,051,14174,1267,1276,18,1294,3
2021-06-24,Monterey,053,433212,43312,43180,1836,45016,451
2021-06-24,Napa,055,140530,10007,10036,36,10072,80
2021-06-24,Nevada,057,99092,4970,4927,193,5120,72
2021-06-24,Orange,059,3164182,256669,255520,11413,266933,5117
2021-06-24,Placer,061,380077,23844,23659,1538,25197,299
2021-06-24,Plumas,063,18699,721,702,11,713,4
2021-06-24,Riverside,065,2383286,295589,291067,13977,305044,4473
2021-06-24,Sacramento,067,1510023,108309,107965,1818,109783,1672
2021-06-24,San Benito,069,59416,6089,6098,113,6211,63
2021-06-24,San Bernardino,071,2135413,294648,293895,9000,302895,4898
2021-06-24,San Diego,073,3302833,283069,282053,15358,297411,3778
2021-06-24,San Francisco,075,870044,37120,37320,1287,38607,559
2021-06-24,San Joaquin,077,732212,74065,73814,3580,77394,1408
2021-06-24,San Luis Obispo,079,281455,21540,21326,748,22074,256
2021-06-24,San Mateo,081,765935,42706,42814,482,43296,542
2021-06-24,Santa Barbara,083,443738,34620,34512,1120,35632,454
2021-06-24,Santa Clara,085,1922200,119459,120274,763,121037,2103
2021-06-24,Santa Cruz,087,273765,16341,16227,799,17026,208
2021-06-24,Shasta,089,179085,12595,12629,1629,14258,202
2021-06-24,Sierra,091,2930,63,58,12,70,0
2021-06-24,Siskiyou,093,43540,1966,1892,362,2254,28
2021-06-24,Solano,095,438530,33451,33432,566,33998,267
2021-06-24,Sonoma,097,501317,30961,31020,360,31380,314
2021-06-24,Stanislaus,099,539301,57108,56946,5954,62900,1018
2021-06-24,Sutter,101,95872,9614,9660,87,9747,113
2021-06-24,Tehama,103,63373,5149,5115,582,5697,63
2021-06-24,Trinity,105,12862,493,338,95,433,3
2021-06-24,Tulare,107,460477,50445,49730,8999,58729,850
2021-06-24,Tuolumne,109,53932,4083,4120,44,4164,64
2021-06-24,Ventura,111,848112,81774,81332,2996,84328,1032
2021-06-24,Yolo,113,214977,14171,14169,262,14431,213
2021-06-24,Yuba,115,75493,6205,6195,129,6324,51
2021-06-23,Alameda,001,1643700,89304,89338,1939,91277,1266
2021-06-23,Alpine,003,1148,88,88,0,88,0
2021-06-23,Amador,005,37829,3750,3743,32,3775,46
2021-06-23,Butte,007,227075,12762,12666,1882,14548,198
2021-06-23,Calaveras,009,45235,2195,2199,13,2212,55
2021-06-23,Colusa,011,21464,1965,1972,319,2291,15
2021-06-23,Contra Costa,013,1133247,70944,70526,1303,71829,813
2021-06-23,Del Norte,015,27424,1459,1418,13,1431,8
2021-06-23,El Dorado,017,186661,10468,10395,771,11166,115
2021-06-23,Fresno,019,978130,103383,103020,8661,111681,1724
2021-06-23,Glenn,021,27897,2449,2437,564,3001,20
2021-06-23,Humboldt,023,135768,4503,4490,43,4533,48
2021-06-23,Imperial,025,180216,28768,28908,2691,31599,740
2021-06-23,Inyo,027,18085,1411,1406,12,1418,35
2021-06-23,Kern,029,883053,97882,97078,11026,108104,1345
2021-06-23,Kings,031,150075,23250,23105,1089,24194,245
2021-06-23,Lake,033,64148,3592,3566,13,3579,53
2021-06-23,Lassen,035,31185,5277,5257,115,5372,20
2021-06-23,Los Angeles,037,10098052,1212810,1206358,40793,1247151,24472
2021-06-23,Madera,039,155013,16784,16660,935,17595,240
2021-06-23,Marin,041,260295,14205,14177,260,14437,230
2021-06-23,Mariposa,043,17540,441,439,11,450,5
2021-06-23,Mendocino,045,87422,4171,4078,83,4161,49
2021-06-23,Merced,047,269075,31218,31260,1040,32300,465
2021-06-23,Modoc,049,8938,412,407,146,553,3
2021-06-23,Mono,051,14174,1267,1279,18,1297,3
2021-06-23,Monterey,053,433212,43303,43166,1836,45002,439
2021-06-23,Napa,055,140530,9998,10032,36,10068,80
2021-06-23,Nevada,057,99092,4967,4924,193,5117,72
2021-06-23,Orange,059,3164182,256603,255479,11405,266884,5116
2021-06-23,Placer,061,380077,23815,23630,1533,25163,299
2021-06-23,Plumas,063,18699,720,701,11,712,4
2021-06-23,Riverside,065,2383286,295506,290343,13975,304318,4462
2021-06-23,Sacramento,067,1510023,108216,107868,1813,109681,1671
2021-06-23,San Benito,069,59416,6085,6097,113,6210,63
2021-06-23,San Bernardino,071,2135413,294569,293816,8995,302811,4886
2021-06-23,San Diego,073,3302833,282969,281937,15337,297274,3777
2021-06-23,San Francisco,075,870044,37095,37304,1285,38589,559
2021-06-23,San Joaquin,077,732212,74026,73764,3578,77342,1405
2021-06-23,San Luis Obispo,079,281455,21536,21323,747,22070,257
2021-06-23,San Mateo,081,765935,42690,42756,482,43238,542
2021-06-23,Santa Barbara,083,443738,34610,34505,1120,35625,454
2021-06-23,Santa Clara,085,1922200,119430,120233,763,120996,2098
2021-06-23,Santa Cruz,087,273765,16337,16215,799,17014,209
2021-06-23,Shasta,089,179085,12588,12604,1627,14231,202
2021-06-23,Sierra,091,2930,63,57,12,69,0
2021-06-23,Siskiyou,093,43540,1964,1892,362,2254,28
2021-06-23,Solano,095,438530,33407,33408,566,33974,267
2021-06-23,Sonoma,097,501317,30921,30959,358,31317,314
2021-06-23,Stanislaus,099,539301,57078,56926,5953,62879,1017
2021-06-23,Sutter,101,95872,9608,9653,87,9740,113
2021-06-23,Tehama,103,63373,5149,5119,581,5700,63
2021-06-23,Trinity,105,12862,493,338,95,433,3
2021-06-23,Tulare,107,460477,50438,49711,8996,58707,850
2021-06-23,Tuolumne,109,53932,4080,4120,44,4164,64
2021-06-23,Ventura,111,848112,81751,81312,2993,84305,1032
2021-06-23,Yolo,113,214977,14161,14161,262,14423,212
2021-06-23,Yuba,115,75493,6202,6190,129,6319,51
2021-06-22,Alameda,001,1643700,89237,89308,1939,91247,1263
2021-06-22,Alpine,003,1148,88,88,0,88,0
2021-06-22,Amador,005,37829,3747,3743,32,3775,46
2021-06-22,Butte,007,227075,12758,12662,1879,14541,198
2021-06-22,Calaveras,009,45235,2194,2198,13,2211,55
2021-06-22,Colusa,011,21464,1964,1971,319,2290,15
2021-06-22,Contra Costa,013,1133247,70888,70480,1302,71782,813
2021-06-22,Del Norte,015,27424,1456,1417,13,1430,8
2021-06-22,El Dorado,017,186661,10463,10380,770,11150,113
2021-06-22,Fresno,019,978130,103363,102996,8657,111653,1724
2021-06-22,Glenn,021,27897,2448,2435,562,2997,19
2021-06-22,Humboldt,023,135768,4493,4483,43,4526,42
2021-06-22,Imperial,025,180216,28763,28880,2691,31571,740
2021-06-22,Inyo,027,18085,1411,1405,12,1417,35
2021-06-22,Kern,029,883053,97869,97013,11022,108035,1342
2021-06-22,Kings,031,150075,23242,23098,1088,24186,245
2021-06-22,Lake,033,64148,3590,3564,13,3577,45
2021-06-22,Lassen,035,31185,5272,5254,115,5369,20
2021-06-22,Los Angeles,037,10098052,1212494,1206146,40781,1246927,24461
2021-06-22,Madera,039,155013,16779,16652,935,17587,240
2021-06-22,Marin,041,260295,14203,14174,260,14434,230
2021-06-22,Mariposa,043,17540,441,439,11,450,5
2021-06-22,Mendocino,045,87422,4165,4072,83,4155,49
2021-06-22,Merced,047,269075,31207,31267,1040,32307,464
2021-06-22,Modoc,049,8938,410,405,145,550,3
2021-06-22,Mono,051,14174,1267,1277,18,1295,3
2021-06-22,Monterey,053,433212,43300,43162,1835,44997,427
2021-06-22,Napa,055,140530,9994,10029,36,10065,80
2021-06-22,Nevada,057,99092,4961,4923,193,5116,72
2021-06-22,Orange,059,3164182,256534,255452,11394,266846,5114
2021-06-22,Placer,061,380077,23793,23603,1533,25136,299
2021-06-22,Plumas,063,18699,720,697,11,708,4
2021-06-22,Riverside,065,2383286,295445,289839,13971,303810,4456
2021-06-22,Sacramento,067,1510023,108115,107801,1808,109609,1670
2021-06-22,San Benito,069,59416,6084,6098,113,6211,63
2021-06-22,San Bernardino,071,2135413,294493,293770,8989,302759,4873
2021-06-22,San Diego,073,3302833,282865,281867,15314,297181,3771
2021-06-22,San Francisco,075,870044,37081,37287,1285,38572,556
2021-06-22,San Joaquin,077,732212,73996,73723,3576,77299,1405
2021-06-22,San Luis Obispo,079,281455,21533,21321,746,22067,257
2021-06-22,San Mateo,081,765935,42676,42725,477,43202,542
2021-06-22,Santa Barbara,083,443738,34599,34500,1119,35619,454
2021-06-22,Santa Clara,085,1922200,119398,120194,763,120957,2095
2021-06-22,Santa Cruz,087,273765,16332,16218,799,17017,209
2021-06-22,Shasta,089,179085,12577,12616,1624,14240,202
2021-06-22,Sierra,091,2930,62,57,12,69,0
2021-06-22,Siskiyou,093,43540,1964,1892,362,2254,28
2021-06-22,Solano,095,438530,33389,33397,565,33962,267
2021-06-22,Sonoma,097,501317,30881,30933,358,31291,314
2021-06-22,Stanislaus,099,539301,57062,56915,5951,62866,1017
2021-06-22,Sutter,101,95872,9601,9649,87,9736,113
2021-06-22,Tehama,103,63373,5147,5118,580,5698,63
2021-06-22,Trinity,105,12862,491,337,95,432,3
2021-06-22,Tulare,107,460477,50430,49706,8991,58697,850
2021-06-22,Tuolumne,109,53932,4078,4119,44,4163,64
2021-06-22,Ventura,111,848112,81737,81300,2992,84292,1032
2021-06-22,Yolo,113,214977,14156,14157,260,14417,212
2021-06-22,Yuba,115,75493,6198,6181,129,6310,51
2021-06-21,Alameda,001,1643700,89181,89281,1938,91219,1262
2021-06-21,Alpine,003,1148,88,88,0,88,0
2021-06-21,Amador,005,37829,3741,3742,32,3774,46
2021-06-21,Butte,007,227075,12752,12668,1877,14545,195
2021-06-21,Calaveras,009,45235,2192,2194,13,2207,55
2021-06-21,Colusa,011,21464,1963,1970,318,2288,15
2021-06-21,Contra Costa,013,1133247,70817,70439,1301,71740,813
2021-06-21,Del Norte,015,27424,1452,1416,13,1429,8
2021-06-21,El Dorado,017,186661,10457,10375,769,11144,113
2021-06-21,Fresno,019,978130,103343,102971,8654,111625,1724
2021-06-21,Glenn,021,27897,2447,2433,562,2995,19
2021-06-21,Humboldt,023,135768,4484,4478,42,4520,42
2021-06-21,Imperial,025,180216,28759,28855,2691,31546,740
2021-06-21,Inyo,027,18085,1410,1405,12,1417,35
2021-06-21,Kern,029,883053,97840,96995,11014,108009,1342
2021-06-21,Kings,031,150075,23235,23091,1085,24176,245
2021-06-21,Lake,033,64148,3584,3563,13,3576,45
2021-06-21,Lassen,035,31185,5270,5233,115,5348,19
2021-06-21,Los Angeles,037,10098052,1212200,1205994,40759,1246753,24459
2021-06-21,Madera,039,155013,16770,16647,935,17582,240
2021-06-21,Marin,041,260295,14199,14173,260,14433,230
2021-06-21,Mariposa,043,17540,441,439,11,450,5
2021-06-21,Mendocino,045,87422,4162,4085,83,4168,49
2021-06-21,Merced,047,269075,31197,31264,1039,32303,465
2021-06-21,Modoc,049,8938,410,405,145,550,3
2021-06-21,Mono,051,14174,1267,1277,18,1295,3
2021-06-21,Monterey,053,433212,43297,43157,1835,44992,427
2021-06-21,Napa,055,140530,9989,10028,36,10064,80
2021-06-21,Nevada,057,99092,4957,4921,193,5114,72
2021-06-21,Orange,059,3164182,256461,255400,11387,266787,5113
2021-06-21,Placer,061,380077,23769,23577,1533,25110,298
2021-06-21,Plumas,063,18699,718,697,11,708,4
2021-06-21,Riverside,065,2383286,295369,289797,13966,303763,4456
2021-06-21,Sacramento,067,1510023,108004,107757,1807,109564,1669
2021-06-21,San Benito,069,59416,6080,6098,113,6211,63
2021-06-21,San Bernardino,071,2135413,294406,293736,8985,302721,4850
2021-06-21,San Diego,073,3302833,282760,281811,15294,297105,3771
2021-06-21,San Francisco,075,870044,37065,37275,1284,38559,556
2021-06-21,San Joaquin,077,732212,73955,73687,3575,77262,1405
2021-06-21,San Luis Obispo,079,281455,21524,21316,746,22062,257
2021-06-21,San Mateo,081,765935,42660,42685,476,43161,542
2021-06-21,Santa Barbara,083,443738,34594,34492,1119,35611,455
2021-06-21,Santa Clara,085,1922200,119365,120192,762,120954,2093
2021-06-21,Santa Cruz,087,273765,16330,16212,799,17011,208
2021-06-21,Shasta,089,179085,12564,12617,1621,14238,201
2021-06-21,Sierra,091,2930,62,57,12,69,0
2021-06-21,Siskiyou,093,43540,1964,1892,362,2254,27
2021-06-21,Solano,095,438530,33366,33383,564,33947,266
2021-06-21,Sonoma,097,501317,30858,30912,358,31270,314
2021-06-21,Stanislaus,099,539301,57032,56891,5946,62837,1017
2021-06-21,Sutter,101,95872,9598,9649,87,9736,113
2021-06-21,Tehama,103,63373,5147,5115,579,5694,63
2021-06-21,Trinity,105,12862,491,337,95,432,3
2021-06-21,Tulare,107,460477,50419,49689,8987,58676,849
2021-06-21,Tuolumne,109,53932,4074,4119,44,4163,63
2021-06-21,Ventura,111,848112,81709,81291,2988,84279,1031
2021-06-21,Yolo,113,214977,14150,14165,260,14425,212
2021-06-21,Yuba,115,75493,6197,6172,129,6301,51
2021-06-20,Alameda,001,1643700,89116,89255,1937,91192,1263
2021-06-20,Alpine,003,1148,88,88,0,88,0
2021-06-20,Amador,005,37829,3738,3740,32,3772,46
2021-06-20,Butte,007,227075,12745,12668,1876,14544,194
2021-06-20,Calaveras,009,45235,2191,2193,13,2206,55
2021-06-20,Colusa,011,21464,1963,1970,318,2288,15
2021-06-20,Contra Costa,013,1133247,70760,70401,1299,71700,813
2021-06-20,Del Norte,015,27424,1448,1416,13,1429,8
2021-06-20,El Dorado,017,186661,10443,10372,766,11138,113
2021-06-20,Fresno,019,978130,103302,102947,8651,111598,1724
2021-06-20,Glenn,021,27897,2447,2434,562,2996,19
2021-06-20,Humboldt,023,135768,4478,4472,42,4514,42
2021-06-20,Imperial,025,180216,28750,28855,2691,31546,740
2021-06-20,Inyo,027,18085,1409,1405,12,1417,35
2021-06-20,Kern,029,883053,97819,96985,11003,107988,1342
2021-06-20,Kings,031,150075,23230,23088,1083,24171,245
2021-06-20,Lake,033,64148,3582,3563,13,3576,45
2021-06-20,Lassen,035,31185,5267,5230,115,5345,19
2021-06-20,Los Angeles,037,10098052,1211895,1205874,40751,1246625,24456
2021-06-20,Madera,039,155013,16762,16638,933,17571,240
2021-06-20,Marin,041,260295,14196,14166,260,14426,230
2021-06-20,Mariposa,043,17540,439,439,11,450,5
2021-06-20,Mendocino,045,87422,4155,4080,83,4163,49
2021-06-20,Merced,047,269075,31185,31265,1039,32304,465
2021-06-20,Modoc,049,8938,410,405,145,550,3
2021-06-20,Mono,051,14174,1267,1275,18,1293,3
2021-06-20,Monterey,053,433212,43288,43156,1834,44990,427
2021-06-20,Napa,055,140530,9982,10026,35,10061,80
2021-06-20,Nevada,057,99092,4950,4919,193,5112,72
2021-06-20,Orange,059,3164182,256397,255377,11376,266753,5113
2021-06-20,Placer,061,380077,23735,23562,1529,25091,298
2021-06-20,Plumas,063,18699,717,697,11,708,4
2021-06-20,Riverside,065,2383286,295290,289770,13955,303725,4456
2021-06-20,Sacramento,067,1510023,107892,107700,1804,109504,1669
2021-06-20,San Benito,069,59416,6080,6098,113,6211,63
2021-06-20,San Bernardino,071,2135413,294305,293713,8981,302694,4845
2021-06-20,San Diego,073,3302833,282654,281750,15272,297022,3771
2021-06-20,San Francisco,075,870044,37042,37269,1284,38553,556
2021-06-20,San Joaquin,077,732212,73910,73676,3566,77242,1405
2021-06-20,San Luis Obispo,079,281455,21522,21313,746,22059,257
2021-06-20,San Mateo,081,765935,42631,42681,476,43157,542
2021-06-20,Santa Barbara,083,443738,34585,34487,1119,35606,455
2021-06-20,Santa Clara,085,1922200,119330,120163,762,120925,2093
2021-06-20,Santa Cruz,087,273765,16325,16210,799,17009,208
2021-06-20,Shasta,089,179085,12559,12617,1619,14236,201
2021-06-20,Sierra,091,2930,62,57,12,69,0
2021-06-20,Siskiyou,093,43540,1963,1891,362,2253,27
2021-06-20,Solano,095,438530,33344,33361,562,33923,266
2021-06-20,Sonoma,097,501317,30811,30884,355,31239,314
2021-06-20,Stanislaus,099,539301,56999,56868,5945,62813,1017
2021-06-20,Sutter,101,95872,9595,9645,87,9732,113
2021-06-20,Tehama,103,63373,5143,5115,579,5694,63
2021-06-20,Trinity,105,12862,491,337,95,432,3
2021-06-20,Tulare,107,460477,50410,49685,8985,58670,849
2021-06-20,Tuolumne,109,53932,4071,4117,44,4161,63
2021-06-20,Ventura,111,848112,81693,81282,2986,84268,1031
2021-06-20,Yolo,113,214977,14143,14160,260,14420,212
2021-06-20,Yuba,115,75493,6190,6167,129,6296,51
2021-06-19,Alameda,001,1643700,89081,89202,1937,91139,1263
2021-06-19,Alpine,003,1148,88,88,0,88,0
2021-06-19,Amador,005,37829,3736,3739,32,3771,46
2021-06-19,Butte,007,227075,12741,12659,1876,14535,194
2021-06-19,Calaveras,009,45235,2191,2192,13,2205,55
2021-06-19,Colusa,011,21464,1963,1969,318,2287,15
2021-06-19,Contra Costa,013,1133247,70729,70334,1298,71632,813
2021-06-19,Del Norte,015,27424,1447,1416,13,1429,8
2021-06-19,El Dorado,017,186661,10442,10363,765,11128,113
2021-06-19,Fresno,019,978130,103289,102922,8650,111572,1724
2021-06-19,Glenn,021,27897,2446,2434,561,2995,19
2021-06-19,Humboldt,023,135768,4467,4463,42,4505,42
2021-06-19,Imperial,025,180216,28749,28813,2691,31504,740
2021-06-19,Inyo,027,18085,1409,1405,12,1417,35
2021-06-19,Kern,029,883053,97803,96966,10999,107965,1342
2021-06-19,Kings,031,150075,23227,23086,1083,24169,245
2021-06-19,Lake,033,64148,3578,3563,13,3576,45
2021-06-19,Lassen,035,31185,5266,5225,115,5340,19
2021-06-19,Los Angeles,037,10098052,1211692,1205602,40735,1246337,24454
2021-06-19,Madera,039,155013,16760,16632,933,17565,240
2021-06-19,Marin,041,260295,14188,14152,260,14412,230
2021-06-19,Mariposa,043,17540,439,439,11,450,5
2021-06-19,Mendocino,045,87422,4150,4077,83,4160,49
2021-06-19,Merced,047,269075,31183,31256,1039,32295,465
2021-06-19,Modoc,049,8938,409,402,145,547,3
2021-06-19,Mono,051,14174,1267,1275,18,1293,3
2021-06-19,Monterey,053,433212,43282,43153,1834,44987,427
2021-06-19,Napa,055,140530,9978,10025,35,10060,80
2021-06-19,Nevada,057,99092,4945,4910,193,5103,72
2021-06-19,Orange,059,3164182,256351,255329,11373,266702,5112
2021-06-19,Placer,061,380077,23719,23537,1526,25063,298
2021-06-19,Plumas,063,18699,716,697,11,708,4
2021-06-19,Riverside,065,2383286,295244,289720,13955,303675,4456
2021-06-19,Sacramento,067,1510023,107845,107631,1801,109432,1669
2021-06-19,San Benito,069,59416,6079,6098,113,6211,63
2021-06-19,San Bernardino,071,2135413,294262,293673,8979,302652,4844
2021-06-19,San Diego,073,3302833,282594,281682,15258,296940,3771
2021-06-19,San Francisco,075,870044,37029,37256,1284,38540,556
2021-06-19,San Joaquin,077,732212,73894,73652,3562,77214,1405
2021-06-19,San Luis Obispo,079,281455,21520,21308,744,22052,257
2021-06-19,San Mateo,081,765935,42613,42646,474,43120,542
2021-06-19,Santa Barbara,083,443738,34583,34472,1119,35591,455
2021-06-19,Santa Clara,085,1922200,119307,120110,761,120871,2093
2021-06-19,Santa Cruz,087,273765,16320,16206,799,17005,208
2021-06-19,Shasta,089,179085,12557,12615,1618,14233,201
2021-06-19,Sierra,091,2930,62,57,12,69,0
2021-06-19,Siskiyou,093,43540,1963,1891,362,2253,27
2021-06-19,Solano,095,438530,33334,33341,561,33902,266
2021-06-19,Sonoma,097,501317,30770,30841,355,31196,314
2021-06-19,Stanislaus,099,539301,56980,56847,5942,62789,1017
2021-06-19,Sutter,101,95872,9592,9645,87,9732,113
2021-06-19,Tehama,103,63373,5142,5115,579,5694,63
2021-06-19,Trinity,105,12862,491,337,95,432,3
2021-06-19,Tulare,107,460477,50403,49681,8980,58661,849
2021-06-19,Tuolumne,109,53932,4071,4117,44,4161,63
2021-06-19,Ventura,111,848112,81680,81270,2985,84255,1031
2021-06-19,Yolo,113,214977,14139,14156,259,14415,212
2021-06-19,Yuba,115,75493,6189,6157,129,6286,51
2021-06-18,Alameda,001,1643700,89044,89123,1937,91060,1263
2021-06-18,Alpine,003,1148,88,88,0,88,0
2021-06-18,Amador,005,37829,3736,3739,32,3771,46
2021-06-18,Butte,007,227075,12738,12653,1873,14526,194
2021-06-18,Calaveras,009,45235,2191,2191,13,2204,55
2021-06-18,Colusa,011,21464,1962,1969,318,2287,15
2021-06-18,Contra Costa,013,1133247,70687,70271,1296,71567,813
2021-06-18,Del Norte,015,27424,1447,1415,13,1428,8
2021-06-18,El Dorado,017,186661,10439,10348,763,11111,113
2021-06-18,Fresno,019,978130,103273,102894,8648,111542,1722
2021-06-18,Glenn,021,27897,2445,2430,561,2991,19
2021-06-18,Humboldt,023,135768,4459,4450,42,4492,42
2021-06-18,Imperial,025,180216,28747,28809,2691,31500,740
2021-06-18,Inyo,027,18085,1409,1405,12,1417,35
2021-06-18,Kern,029,883053,97792,96948,10993,107941,1341
2021-06-18,Kings,031,150075,23222,23082,1083,24165,245
2021-06-18,Lake,033,64148,3574,3563,13,3576,45
2021-06-18,Lassen,035,31185,5265,5224,115,5339,19
2021-06-18,Los Angeles,037,10098052,1211525,1205472,40719,1246191,24451
2021-06-18,Madera,039,155013,16754,16625,933,17558,241
2021-06-18,Marin,041,260295,14185,14147,260,14407,230
2021-06-18,Mariposa,043,17540,439,439,11,450,5
2021-06-18,Mendocino,045,87422,4145,4068,83,4151,49
2021-06-18,Merced,047,269075,31181,31262,1039,32301,464
2021-06-18,Modoc,049,8938,409,402,145,547,3
2021-06-18,Mono,051,14174,1266,1275,17,1292,3
2021-06-18,Monterey,053,433212,43279,43148,1834,44982,427
2021-06-18,Napa,055,140530,9974,10021,35,10056,80
2021-06-18,Nevada,057,99092,4937,4903,193,5096,72
2021-06-18,Orange,059,3164182,256314,255274,11370,266644,5108
2021-06-18,Placer,061,380077,23711,23500,1523,25023,298
2021-06-18,Plumas,063,18699,716,697,11,708,4
2021-06-18,Riverside,065,2383286,295195,289676,13954,303630,4457
2021-06-18,Sacramento,067,1510023,107797,107570,1801,109371,1669
2021-06-18,San Benito,069,59416,6078,6097,113,6210,63
2021-06-18,San Bernardino,071,2135413,294218,293629,8975,302604,4826
2021-06-18,San Diego,073,3302833,282518,281608,15247,296855,3771
2021-06-18,San Francisco,075,870044,37020,37246,1284,38530,556
2021-06-18,San Joaquin,077,732212,73876,73623,3560,77183,1403
2021-06-18,San Luis Obispo,079,281455,21516,21301,742,22043,257
2021-06-18,San Mateo,081,765935,42602,42630,473,43103,542
2021-06-18,Santa Barbara,083,443738,34573,34469,1119,35588,455
2021-06-18,Santa Clara,085,1922200,119286,120081,759,120840,2093
2021-06-18,Santa Cruz,087,273765,16316,16202,799,17001,208
2021-06-18,Shasta,089,179085,12553,12607,1616,14223,201
2021-06-18,Sierra,091,2930,61,57,12,69,0
2021-06-18,Siskiyou,093,43540,1963,1890,362,2252,27
2021-06-18,Solano,095,438530,33320,33323,561,33884,266
2021-06-18,Sonoma,097,501317,30752,30816,354,31170,313
2021-06-18,Stanislaus,099,539301,56965,56803,5940,62743,1012
2021-06-18,Sutter,101,95872,9589,9643,87,9730,113
2021-06-18,Tehama,103,63373,5140,5114,579,5693,63
2021-06-18,Trinity,105,12862,491,337,94,431,3
2021-06-18,Tulare,107,460477,50401,49664,8973,58637,849
2021-06-18,Tuolumne,109,53932,4068,4116,44,4160,63
2021-06-18,Ventura,111,848112,81670,81256,2980,84236,1031
2021-06-18,Yolo,113,214977,14136,14148,257,14405,212
2021-06-18,Yuba,115,75493,6183,6150,129,6279,51
2021-06-17,Alameda,001,1643700,88998,89087,1937,91024,1262
2021-06-17,Alpine,003,1148,88,88,0,88,0
2021-06-17,Amador,005,37829,3734,3731,32,3763,46
2021-06-17,Butte,007,227075,12728,12644,1872,14516,194
2021-06-17,Calaveras,009,45235,2190,2189,13,2202,55
2021-06-17,Colusa,011,21464,1961,1969,318,2287,15
2021-06-17,Contra Costa,013,1133247,70648,70190,1292,71482,810
2021-06-17,Del Norte,015,27424,1445,1413,13,1426,8
2021-06-17,El Dorado,017,186661,10429,10341,763,11104,113
2021-06-17,Fresno,019,978130,103247,102867,8644,111511,1722
2021-06-17,Glenn,021,27897,2445,2430,561,2991,19
2021-06-17,Humboldt,023,135768,4450,4438,42,4480,42
2021-06-17,Imperial,025,180216,28739,28801,2691,31492,741
2021-06-17,Inyo,027,18085,1409,1405,12,1417,35
2021-06-17,Kern,029,883053,97777,96840,10987,107827,1340
2021-06-17,Kings,031,150075,23218,23078,1082,24160,245
2021-06-17,Lake,033,64148,3571,3563,9,3572,45
2021-06-17,Lassen,035,31185,5261,5223,115,5338,19
2021-06-17,Los Angeles,037,10098052,1211310,1205301,40692,1245993,24444
2021-06-17,Madera,039,155013,16749,16618,933,17551,241
2021-06-17,Marin,041,260295,14185,14141,260,14401,229
2021-06-17,Mariposa,043,17540,439,439,11,450,5
2021-06-17,Mendocino,045,87422,4138,4054,83,4137,49
2021-06-17,Merced,047,269075,31176,31262,1039,32301,464
2021-06-17,Modoc,049,8938,408,401,145,546,3
2021-06-17,Mono,051,14174,1265,1275,17,1292,3
2021-06-17,Monterey,053,433212,43271,43140,1834,44974,416
2021-06-17,Napa,055,140530,9974,10014,35,10049,80
2021-06-17,Nevada,057,99092,4933,4898,193,5091,72
2021-06-17,Orange,059,3164182,256269,255240,11360,266600,5109
2021-06-17,Placer,061,380077,23695,23461,1521,24982,298
2021-06-17,Plumas,063,18699,715,697,11,708,4
2021-06-17,Riverside,065,2383286,295141,289627,13952,303579,4458
2021-06-17,Sacramento,067,1510023,107733,107492,1799,109291,1666
2021-06-17,San Benito,069,59416,6078,6097,113,6210,63
2021-06-17,San Bernardino,071,2135413,294177,293560,8975,302535,4811
2021-06-17,San Diego,073,3302833,282442,281531,15233,296764,3771
2021-06-17,San Francisco,075,870044,37008,37243,1283,38526,556
2021-06-17,San Joaquin,077,732212,73853,73560,3555,77115,1403
2021-06-17,San Luis Obispo,079,281455,21514,21297,742,22039,257
2021-06-17,San Mateo,081,765935,42596,42615,473,43088,542
2021-06-17,Santa Barbara,083,443738,34567,34466,1119,35585,453
2021-06-17,Santa Clara,085,1922200,119261,120032,758,120790,2093
2021-06-17,Santa Cruz,087,273765,16312,16197,799,16996,208
2021-06-17,Shasta,089,179085,12545,12597,1616,14213,201
2021-06-17,Sierra,091,2930,61,56,12,68,0
2021-06-17,Siskiyou,093,43540,1962,1889,362,2251,27
2021-06-17,Solano,095,438530,33299,33296,560,33856,266
2021-06-17,Sonoma,097,501317,30722,30793,354,31147,323
2021-06-17,Stanislaus,099,539301,56934,56752,5935,62687,1012
2021-06-17,Sutter,101,95872,9586,9629,87,9716,113
2021-06-17,Tehama,103,63373,5139,5112,577,5689,63
2021-06-17,Trinity,105,12862,490,337,94,431,3
2021-06-17,Tulare,107,460477,50396,49649,8965,58614,849
2021-06-17,Tuolumne,109,53932,4067,4116,44,4160,63
2021-06-17,Ventura,111,848112,81661,81248,2977,84225,1030
2021-06-17,Yolo,113,214977,14128,14141,257,14398,212
2021-06-17,Yuba,115,75493,6174,6140,129,6269,51
2021-06-16,Alameda,001,1643700,88949,89045,1936,90981,1265
2021-06-16,Alpine,003,1148,88,88,0,88,0
2021-06-16,Amador,005,37829,3733,3730,32,3762,46
2021-06-16,Butte,007,227075,12726,12635,1870,14505,194
2021-06-16,Calaveras,009,45235,2188,2188,13,2201,55
2021-06-16,Colusa,011,21464,1961,1967,318,2285,15
2021-06-16,Contra Costa,013,1133247,70596,70136,1291,71427,810
2021-06-16,Del Norte,015,27424,1442,1413,13,1426,8
2021-06-16,El Dorado,017,186661,10423,10334,762,11096,113
2021-06-16,Fresno,019,978130,103216,102842,8640,111482,1722
2021-06-16,Glenn,021,27897,2445,2430,561,2991,19
2021-06-16,Humboldt,023,135768,4441,4427,41,4468,42
2021-06-16,Imperial,025,180216,28736,28796,2691,31487,741
2021-06-16,Inyo,027,18085,1408,1405,12,1417,35
2021-06-16,Kern,029,883053,97755,96789,10980,107769,1339
2021-06-16,Kings,031,150075,23217,23072,1081,24153,245
2021-06-16,Lake,033,64148,3571,3562,9,3571,45
2021-06-16,Lassen,035,31185,5258,5216,115,5331,19
2021-06-16,Los Angeles,037,10098052,1211086,1205102,40682,1245784,24439
2021-06-16,Madera,039,155013,16745,16603,933,17536,240
2021-06-16,Marin,041,260295,14183,14137,260,14397,229
2021-06-16,Mariposa,043,17540,439,437,11,448,5
2021-06-16,Mendocino,045,87422,4130,4041,83,4124,49
2021-06-16,Merced,047,269075,31168,31250,1039,32289,463
2021-06-16,Modoc,049,8938,407,383,144,527,3
2021-06-16,Mono,051,14174,1265,1275,17,1292,3
2021-06-16,Monterey,053,433212,43268,43122,1834,44956,416
2021-06-16,Napa,055,140530,9970,10011,35,10046,80
2021-06-16,Nevada,057,99092,4928,4894,193,5087,72
2021-06-16,Orange,059,3164182,256215,255188,11352,266540,5109
2021-06-16,Placer,061,380077,23685,23425,1517,24942,298
2021-06-16,Plumas,063,18699,715,697,11,708,4
2021-06-16,Riverside,065,2383286,295080,289539,13950,303489,4457
2021-06-16,Sacramento,067,1510023,107663,107422,1795,109217,1665
2021-06-16,San Benito,069,59416,6078,6090,113,6203,63
2021-06-16,San Bernardino,071,2135413,294128,293499,8973,302472,4797
2021-06-16,San Diego,073,3302833,282363,281423,15220,296643,3770
2021-06-16,San Francisco,075,870044,36995,37222,1281,38503,555
2021-06-16,San Joaquin,077,732212,73815,73530,3551,77081,1399
2021-06-16,San Luis Obispo,079,281455,21509,21294,742,22036,257
2021-06-16,San Mateo,081,765935,42580,42601,473,43074,542
2021-06-16,Santa Barbara,083,443738,34561,34459,1119,35578,460
2021-06-16,Santa Clara,085,1922200,119229,119982,758,120740,2087
2021-06-16,Santa Cruz,087,273765,16309,16187,799,16986,208
2021-06-16,Shasta,089,179085,12540,12592,1615,14207,200
2021-06-16,Sierra,091,2930,61,56,12,68,0
2021-06-16,Siskiyou,093,43540,1961,1886,362,2248,26
2021-06-16,Solano,095,438530,33271,33276,560,33836,266
2021-06-16,Sonoma,097,501317,30686,30741,354,31095,323
2021-06-16,Stanislaus,099,539301,56903,56738,5933,62671,984
2021-06-16,Sutter,101,95872,9582,9620,87,9707,113
2021-06-16,Tehama,103,63373,5137,5106,577,5683,63
2021-06-16,Trinity,105,12862,489,332,94,426,3
2021-06-16,Tulare,107,460477,50391,49578,8961,58539,849
2021-06-16,Tuolumne,109,53932,4067,4110,44,4154,63
2021-06-16,Ventura,111,848112,81647,81229,2975,84204,1029
2021-06-16,Yolo,113,214977,14119,14135,256,14391,212
2021-06-16,Yuba,115,75493,6164,6134,129,6263,51
2021-06-15,Alameda,001,1643700,88908,89008,1936,90944,1262
2021-06-15,Alpine,003,1148,88,88,0,88,0
2021-06-15,Amador,005,37829,3730,3723,32,3755,46
2021-06-15,Butte,007,227075,12718,12620,1869,14489,194
2021-06-15,Calaveras,009,45235,2187,2188,13,2201,55
2021-06-15,Colusa,011,21464,1961,1967,316,2283,15
2021-06-15,Contra Costa,013,1133247,70534,70101,1291,71392,810
2021-06-15,Del Norte,015,27424,1441,1411,13,1424,8
2021-06-15,El Dorado,017,186661,10414,10330,762,11092,113
2021-06-15,Fresno,019,978130,103184,102828,8639,111467,1722
2021-06-15,Glenn,021,27897,2444,2426,561,2987,19
2021-06-15,Humboldt,023,135768,4432,4414,40,4454,42
2021-06-15,Imperial,025,180216,28730,28789,2691,31480,741
2021-06-15,Inyo,027,18085,1408,1405,12,1417,35
2021-06-15,Kern,029,883053,97727,96782,10972,107754,1338
2021-06-15,Kings,031,150075,23211,23070,1079,24149,245
2021-06-15,Lake,033,64148,3570,3559,9,3568,45
2021-06-15,Lassen,035,31185,5257,5211,115,5326,19
2021-06-15,Los Angeles,037,10098052,1210861,1204926,40674,1245600,24435
2021-06-15,Madera,039,155013,16738,16600,932,17532,240
2021-06-15,Marin,041,260295,14175,14135,260,14395,229
2021-06-15,Mariposa,043,17540,439,437,11,448,5
2021-06-15,Mendocino,045,87422,4123,4034,83,4117,49
2021-06-15,Merced,047,269075,31162,31244,1039,32283,461
2021-06-15,Modoc,049,8938,406,383,144,527,3
2021-06-15,Mono,051,14174,1265,1275,17,1292,3
2021-06-15,Monterey,053,433212,43262,43118,1834,44952,416
2021-06-15,Napa,055,140530,9968,10010,35,10045,80
2021-06-15,Nevada,057,99092,4925,4888,193,5081,72
2021-06-15,Orange,059,3164182,256174,255127,11343,266470,5105
2021-06-15,Placer,061,380077,23663,23396,1516,24912,298
2021-06-15,Plumas,063,18699,714,697,11,708,4
2021-06-15,Riverside,065,2383286,295020,289508,13946,303454,4455
2021-06-15,Sacramento,067,1510023,107588,107370,1789,109159,1662
2021-06-15,San Benito,069,59416,6077,6089,113,6202,63
2021-06-15,San Bernardino,071,2135413,294078,293463,8967,302430,4790
2021-06-15,San Diego,073,3302833,282279,281375,15205,296580,3770
2021-06-15,San Francisco,075,870044,36986,37210,1280,38490,555
2021-06-15,San Joaquin,077,732212,73775,73494,3546,77040,1399
2021-06-15,San Luis Obispo,079,281455,21504,21293,741,22034,257
2021-06-15,San Mateo,081,765935,42567,42593,473,43066,543
2021-06-15,Santa Barbara,083,443738,34556,34451,1119,35570,460
2021-06-15,Santa Clara,085,1922200,119191,119963,758,120721,2086
2021-06-15,Santa Cruz,087,273765,16303,16180,798,16978,208
2021-06-15,Shasta,089,179085,12534,12583,1615,14198,201
2021-06-15,Sierra,091,2930,60,55,12,67,0
2021-06-15,Siskiyou,093,43540,1960,1887,362,2249,26
2021-06-15,Solano,095,438530,33252,33264,560,33824,266
2021-06-15,Sonoma,097,501317,30647,30707,353,31060,323
2021-06-15,Stanislaus,099,539301,56875,56724,5930,62654,979
2021-06-15,Sutter,101,95872,9573,9616,87,9703,113
2021-06-15,Tehama,103,63373,5135,5102,577,5679,63
2021-06-15,Trinity,105,12862,488,332,93,425,3
2021-06-15,Tulare,107,460477,50385,49561,8958,58519,848
2021-06-15,Tuolumne,109,53932,4067,4111,44,4155,63
2021-06-15,Ventura,111,848112,81636,81215,2972,84187,1029
2021-06-15,Yolo,113,214977,14115,14127,254,14381,212
2021-06-15,Yuba,115,75493,6153,6130,129,6259,51
2021-06-14,Alameda,001,1643700,88860,88966,1936,90902,1264
2021-06-14,Alpine,003,1148,88,88,0,88,0
2021-06-14,Amador,005,37829,3729,3722,32,3754,46
2021-06-14,Butte,007,227075,12707,12613,1865,14478,194
2021-06-14,Calaveras,009,45235,2186,2190,13,2203,55
2021-06-14,Colusa,011,21464,1960,1966,316,2282,15
2021-06-14,Contra Costa,013,1133247,70481,70069,1289,71358,810
2021-06-14,Del Norte,015,27424,1441,1411,13,1424,8
2021-06-14,El Dorado,017,186661,10405,10327,760,11087,113
2021-06-14,Fresno,019,978130,103162,102812,8637,111449,1719
2021-06-14,Glenn,021,27897,2444,2426,561,2987,19
2021-06-14,Humboldt,023,135768,4424,4407,39,4446,42
2021-06-14,Imperial,025,180216,28718,28836,2691,31527,741
2021-06-14,Inyo,027,18085,1407,1405,12,1417,35
2021-06-14,Kern,029,883053,97707,96760,10962,107722,1337
2021-06-14,Kings,031,150075,23208,23071,1078,24149,245
2021-06-14,Lake,033,64148,3569,3557,9,3566,45
2021-06-14,Lassen,035,31185,5254,5209,114,5323,19
2021-06-14,Los Angeles,037,10098052,1210619,1204748,40664,1245412,24434
2021-06-14,Madera,039,155013,16732,16597,931,17528,240
2021-06-14,Marin,041,260295,14173,14133,260,14393,229
2021-06-14,Mariposa,043,17540,438,437,11,448,5
2021-06-14,Mendocino,045,87422,4117,4028,83,4111,49
2021-06-14,Merced,047,269075,31153,31241,1038,32279,461
2021-06-14,Modoc,049,8938,397,382,142,524,3
2021-06-14,Mono,051,14174,1265,1275,17,1292,3
2021-06-14,Monterey,053,433212,43259,43110,1834,44944,415
2021-06-14,Napa,055,140530,9964,10000,35,10035,80
2021-06-14,Nevada,057,99092,4918,4885,193,5078,72
2021-06-14,Orange,059,3164182,256136,255069,11339,266408,5103
2021-06-14,Placer,061,380077,23638,23379,1515,24894,298
2021-06-14,Plumas,063,18699,714,696,11,707,4
2021-06-14,Riverside,065,2383286,294966,289476,13946,303422,4453
2021-06-14,Sacramento,067,1510023,107533,107334,1783,109117,1661
2021-06-14,San Benito,069,59416,6077,6087,113,6200,63
2021-06-14,San Bernardino,071,2135413,294022,293446,8963,302409,4790
2021-06-14,San Diego,073,3302833,282173,281314,15185,296499,3770
2021-06-14,San Francisco,075,870044,36972,37206,1280,38486,555
2021-06-14,San Joaquin,077,732212,73746,73453,3546,76999,1398
2021-06-14,San Luis Obispo,079,281455,21502,21302,741,22043,256
2021-06-14,San Mateo,081,765935,42554,42619,472,43091,543
2021-06-14,Santa Barbara,083,443738,34553,34449,1119,35568,460
2021-06-14,Santa Clara,085,1922200,119160,119957,757,120714,2085
2021-06-14,Santa Cruz,087,273765,16300,16175,798,16973,208
2021-06-14,Shasta,089,179085,12523,12561,1612,14173,201
2021-06-14,Sierra,091,2930,59,55,12,67,0
2021-06-14,Siskiyou,093,43540,1960,1886,362,2248,26
2021-06-14,Solano,095,438530,33235,33243,559,33802,266
2021-06-14,Sonoma,097,501317,30615,30679,352,31031,323
2021-06-14,Stanislaus,099,539301,56838,56689,5927,62616,975
2021-06-14,Sutter,101,95872,9570,9607,87,9694,112
2021-06-14,Tehama,103,63373,5133,5102,577,5679,63
2021-06-14,Trinity,105,12862,488,332,93,425,3
2021-06-14,Tulare,107,460477,50380,49538,8955,58493,848
2021-06-14,Tuolumne,109,53932,4064,4108,44,4152,63
2021-06-14,Ventura,111,848112,81626,81209,2972,84181,1028
2021-06-14,Yolo,113,214977,14107,14123,254,14377,212
2021-06-14,Yuba,115,75493,6146,6127,129,6256,50
2021-06-13,Alameda,001,1643700,88802,88947,1935,90882,1264
2021-06-13,Alpine,003,1148,87,88,0,88,0
2021-06-13,Amador,005,37829,3725,3721,32,3753,46
2021-06-13,Butte,007,227075,12696,12586,1862,14448,194
2021-06-13,Calaveras,009,45235,2186,2189,13,2202,55
2021-06-13,Colusa,011,21464,1960,1965,315,2280,15
2021-06-13,Contra Costa,013,1133247,70428,70040,1287,71327,810
2021-06-13,Del Norte,015,27424,1439,1412,13,1425,8
2021-06-13,El Dorado,017,186661,10396,10324,760,11084,113
2021-06-13,Fresno,019,978130,103132,102795,8632,111427,1719
2021-06-13,Glenn,021,27897,2443,2425,559,2984,19
2021-06-13,Humboldt,023,135768,4411,4401,39,4440,42
2021-06-13,Imperial,025,180216,28709,28800,2691,31491,741
2021-06-13,Inyo,027,18085,1407,1405,12,1417,35
2021-06-13,Kern,029,883053,97683,96743,10950,107693,1337
2021-06-13,Kings,031,150075,23203,23069,1077,24146,245
2021-06-13,Lake,033,64148,3569,3556,9,3565,45
2021-06-13,Lassen,035,31185,5249,5209,114,5323,19
2021-06-13,Los Angeles,037,10098052,1210351,1204614,40653,1245267,24433
2021-06-13,Madera,039,155013,16718,16590,931,17521,240
2021-06-13,Marin,041,260295,14167,14126,260,14386,229
2021-06-13,Mariposa,043,17540,438,434,11,445,5
2021-06-13,Mendocino,045,87422,4110,4026,83,4109,49
2021-06-13,Merced,047,269075,31147,31240,1037,32277,461
2021-06-13,Modoc,049,8938,395,382,140,522,3
2021-06-13,Mono,051,14174,1265,1275,17,1292,3
2021-06-13,Monterey,053,433212,43251,43108,1834,44942,415
2021-06-13,Napa,055,140530,9958,9995,35,10030,80
2021-06-13,Nevada,057,99092,4913,4883,193,5076,72
2021-06-13,Orange,059,3164182,256081,255043,11336,266379,5103
2021-06-13,Placer,061,380077,23612,23365,1513,24878,295
2021-06-13,Plumas,063,18699,713,696,11,707,4
2021-06-13,Riverside,065,2383286,294899,289447,13943,303390,4453
2021-06-13,Sacramento,067,1510023,107457,107289,1780,109069,1658
2021-06-13,San Benito,069,59416,6077,6086,113,6199,63
2021-06-13,San Bernardino,071,2135413,293970,293416,8958,302374,4788
2021-06-13,San Diego,073,3302833,282094,281268,15169,296437,3770
2021-06-13,San Francisco,075,870044,36960,37197,1280,38477,555
2021-06-13,San Joaquin,077,732212,73711,73438,3544,76982,1398
2021-06-13,San Luis Obispo,079,281455,21496,21298,740,22038,256
2021-06-13,San Mateo,081,765935,42541,42611,472,43083,542
2021-06-13,Santa Barbara,083,443738,34542,34449,1118,35567,460
2021-06-13,Santa Clara,085,1922200,119136,119946,757,120703,2085
2021-06-13,Santa Cruz,087,273765,16293,16172,798,16970,208
2021-06-13,Shasta,089,179085,12514,12560,1611,14171,201
2021-06-13,Sierra,091,2930,59,55,12,67,0
2021-06-13,Siskiyou,093,43540,1959,1885,362,2247,26
2021-06-13,Solano,095,438530,33214,33234,559,33793,266
2021-06-13,Sonoma,097,501317,30580,30663,350,31013,323
2021-06-13,Stanislaus,099,539301,56812,56671,5924,62595,975
2021-06-13,Sutter,101,95872,9563,9603,87,9690,112
2021-06-13,Tehama,103,63373,5131,5100,577,5677,63
2021-06-13,Trinity,105,12862,487,332,93,425,3
2021-06-13,Tulare,107,460477,50371,49537,8950,58487,848
2021-06-13,Tuolumne,109,53932,4062,4107,43,4150,63
2021-06-13,Ventura,111,848112,81612,81201,2972,84173,1028
2021-06-13,Yolo,113,214977,14098,14120,252,14372,212
2021-06-13,Yuba,115,75493,6139,6125,129,6254,50
2021-06-12,Alameda,001,1643700,88775,88901,1935,90836,1271
2021-06-12,Alpine,003,1148,87,88,0,88,0
2021-06-12,Amador,005,37829,3724,3721,32,3753,46
2021-06-12,Butte,007,227075,12692,12576,1861,14437,194
2021-06-12,Calaveras,009,45235,2186,2189,13,2202,55
2021-06-12,Colusa,011,21464,1960,1965,315,2280,15
2021-06-12,Contra Costa,013,1133247,70397,69989,1285,71274,810
2021-06-12,Del Norte,015,27424,1439,1412,13,1425,8
2021-06-12,El Dorado,017,186661,10391,10320,759,11079,113
2021-06-12,Fresno,019,978130,103122,102783,8631,111414,1720
2021-06-12,Glenn,021,27897,2441,2425,559,2984,19
2021-06-12,Humboldt,023,135768,4403,4396,39,4435,42
2021-06-12,Imperial,025,180216,28706,28799,2691,31490,741
2021-06-12,Inyo,027,18085,1407,1405,12,1417,35
2021-06-12,Kern,029,883053,97668,96731,10946,107677,1337
2021-06-12,Kings,031,150075,23201,23067,1077,24144,245
2021-06-12,Lake,033,64148,3568,3552,9,3561,45
2021-06-12,Lassen,035,31185,5249,5208,114,5322,19
2021-06-12,Los Angeles,037,10098052,1210214,1204439,40647,1245086,24434
2021-06-12,Madera,039,155013,16714,16586,931,17517,240
2021-06-12,Marin,041,260295,14164,14121,260,14381,229
2021-06-12,Mariposa,043,17540,438,434,11,445,5
2021-06-12,Mendocino,045,87422,4107,4024,83,4107,49
2021-06-12,Merced,047,269075,31144,31236,1037,32273,461
2021-06-12,Modoc,049,8938,394,382,140,522,3
2021-06-12,Mono,051,14174,1265,1275,17,1292,3
2021-06-12,Monterey,053,433212,43246,43103,1834,44937,415
2021-06-12,Napa,055,140530,9954,9986,35,10021,80
2021-06-12,Nevada,057,99092,4907,4878,193,5071,72
2021-06-12,Orange,059,3164182,256049,255004,11334,266338,5103
2021-06-12,Placer,061,380077,23593,23345,1513,24858,295
2021-06-12,Plumas,063,18699,713,696,11,707,4
2021-06-12,Riverside,065,2383286,294857,289413,13940,303353,4453
2021-06-12,Sacramento,067,1510023,107398,107199,1777,108976,1658
2021-06-12,San Benito,069,59416,6075,6083,113,6196,63
2021-06-12,San Bernardino,071,2135413,293935,293375,8956,302331,4788
2021-06-12,San Diego,073,3302833,282037,281203,15160,296363,3770
2021-06-12,San Francisco,075,870044,36950,37189,1280,38469,555
2021-06-12,San Joaquin,077,732212,73692,73413,3543,76956,1398
2021-06-12,San Luis Obispo,079,281455,21493,21293,740,22033,256
2021-06-12,San Mateo,081,765935,42535,42604,472,43076,542
2021-06-12,Santa Barbara,083,443738,34537,34450,1118,35568,460
2021-06-12,Santa Clara,085,1922200,119096,119894,757,120651,2085
2021-06-12,Santa Cruz,087,273765,16285,16170,798,16968,208
2021-06-12,Shasta,089,179085,12511,12556,1610,14166,201
2021-06-12,Sierra,091,2930,59,55,12,67,0
2021-06-12,Siskiyou,093,43540,1958,1884,362,2246,25
2021-06-12,Solano,095,438530,33205,33219,559,33778,266
2021-06-12,Sonoma,097,501317,30551,30647,350,30997,323
2021-06-12,Stanislaus,099,539301,56795,56649,5923,62572,974
2021-06-12,Sutter,101,95872,9559,9603,87,9690,112
2021-06-12,Tehama,103,63373,5131,5099,576,5675,63
2021-06-12,Trinity,105,12862,487,332,93,425,3
2021-06-12,Tulare,107,460477,50366,49533,8943,58476,848
2021-06-12,Tuolumne,109,53932,4061,4105,43,4148,63
2021-06-12,Ventura,111,848112,81600,81197,2972,84169,1028
2021-06-12,Yolo,113,214977,14095,14118,251,14369,212
2021-06-12,Yuba,115,75493,6134,6120,129,6249,50
2021-06-11,Alameda,001,1643700,88747,88844,1935,90779,1278
2021-06-11,Alpine,003,1148,87,88,0,88,0
2021-06-11,Amador,005,37829,3723,3710,32,3742,46
2021-06-11,Butte,007,227075,12688,12576,1859,14435,194
2021-06-11,Calaveras,009,45235,2186,2188,13,2201,55
2021-06-11,Colusa,011,21464,1959,1964,315,2279,15
2021-06-11,Contra Costa,013,1133247,70364,69940,1283,71223,808
2021-06-11,Del Norte,015,27424,1439,1409,13,1422,8
2021-06-11,El Dorado,017,186661,10388,10316,759,11075,113
2021-06-11,Fresno,019,978130,103103,102770,8630,111400,1720
2021-06-11,Glenn,021,27897,2441,2425,559,2984,19
2021-06-11,Humboldt,023,135768,4399,4389,39,4428,42
2021-06-11,Imperial,025,180216,28701,28793,2691,31484,741
2021-06-11,Inyo,027,18085,1407,1405,12,1417,35
2021-06-11,Kern,029,883053,97656,96718,10943,107661,1340
2021-06-11,Kings,031,150075,23197,23069,1076,24145,245
2021-06-11,Lake,033,64148,3567,3550,9,3559,45
2021-06-11,Lassen,035,31185,5248,5204,114,5318,18
2021-06-11,Los Angeles,037,10098052,1210064,1204259,40632,1244891,24434
2021-06-11,Madera,039,155013,16711,16582,931,17513,240
2021-06-11,Marin,041,260295,14161,14116,260,14376,229
2021-06-11,Mariposa,043,17540,438,434,11,445,5
2021-06-11,Mendocino,045,87422,4104,4022,83,4105,49
2021-06-11,Merced,047,269075,31139,31231,1037,32268,461
2021-06-11,Modoc,049,8938,394,382,139,521,3
2021-06-11,Mono,051,14174,1265,1274,17,1291,3
2021-06-11,Monterey,053,433212,43242,43097,1834,44931,415
2021-06-11,Napa,055,140530,9951,9977,35,10012,80
2021-06-11,Nevada,057,99092,4905,4873,193,5066,72
2021-06-11,Orange,059,3164182,256015,254975,11331,266306,5101
2021-06-11,Placer,061,380077,23588,23330,1513,24843,294
2021-06-11,Plumas,063,18699,713,696,11,707,4
2021-06-11,Riverside,065,2383286,294819,289376,13935,303311,4451
2021-06-11,Sacramento,067,1510023,107339,107119,1776,108895,1659
2021-06-11,San Benito,069,59416,6074,6082,113,6195,63
2021-06-11,San Bernardino,071,2135413,293899,293335,8952,302287,4788
2021-06-11,San Diego,073,3302833,281997,281144,15153,296297,3768
2021-06-11,San Francisco,075,870044,36945,37177,1280,38457,555
2021-06-11,San Joaquin,077,732212,73675,73347,3540,76887,1397
2021-06-11,San Luis Obispo,079,281455,21492,21288,740,22028,256
2021-06-11,San Mateo,081,765935,42521,42585,472,43057,542
2021-06-11,Santa Barbara,083,443738,34534,34438,1118,35556,460
2021-06-11,Santa Clara,085,1922200,119076,119860,757,120617,2083
2021-06-11,Santa Cruz,087,273765,16277,16164,798,16962,208
2021-06-11,Shasta,089,179085,12503,12550,1608,14158,201
2021-06-11,Sierra,091,2930,59,55,12,67,0
2021-06-11,Siskiyou,093,43540,1957,1882,362,2244,25
2021-06-11,Solano,095,438530,33185,33179,558,33737,266
2021-06-11,Sonoma,097,501317,30533,30624,350,30974,323
2021-06-11,Stanislaus,099,539301,56769,56617,5919,62536,974
2021-06-11,Sutter,101,95872,9556,9600,86,9686,112
2021-06-11,Tehama,103,63373,5130,5099,576,5675,63
2021-06-11,Trinity,105,12862,487,331,93,424,3
2021-06-11,Tulare,107,460477,50360,49516,8942,58458,848
2021-06-11,Tuolumne,109,53932,4058,4104,43,4147,63
2021-06-11,Ventura,111,848112,81590,81189,2972,84161,1026
2021-06-11,Yolo,113,214977,14088,14111,247,14358,212
2021-06-11,Yuba,115,75493,6130,6113,129,6242,50
2021-06-10,Alameda,001,1643700,88703,88806,1934,90740,1275
2021-06-10,Alpine,003,1148,87,88,0,88,0
2021-06-10,Amador,005,37829,3719,3709,32,3741,46
2021-06-10,Butte,007,227075,12671,12565,1859,14424,194
2021-06-10,Calaveras,009,45235,2185,2188,13,2201,55
2021-06-10,Colusa,011,21464,1957,1964,315,2279,15
2021-06-10,Contra Costa,013,1133247,70310,69876,1283,71159,807
2021-06-10,Del Norte,015,27424,1439,1405,13,1418,8
2021-06-10,El Dorado,017,186661,10381,10314,755,11069,113
2021-06-10,Fresno,019,978130,103077,102724,8629,111353,1717
2021-06-10,Glenn,021,27897,2441,2425,559,2984,19
2021-06-10,Humboldt,023,135768,4391,4384,39,4423,42
2021-06-10,Imperial,025,180216,28695,28779,2691,31470,739
2021-06-10,Inyo,027,18085,1407,1405,12,1417,35
2021-06-10,Kern,029,883053,97642,96706,10938,107644,1336
2021-06-10,Kings,031,150075,23196,23067,1076,24143,245
2021-06-10,Lake,033,64148,3562,3550,9,3559,45
2021-06-10,Lassen,035,31185,5246,5201,114,5315,18
2021-06-10,Los Angeles,037,10098052,1209898,1204110,40617,1244727,24440
2021-06-10,Madera,039,155013,16704,16581,930,17511,240
2021-06-10,Marin,041,260295,14158,14118,260,14378,229
2021-06-10,Mariposa,043,17540,436,434,11,445,5
2021-06-10,Mendocino,045,87422,4099,4016,83,4099,48
2021-06-10,Merced,047,269075,31131,31231,1034,32265,461
2021-06-10,Modoc,049,8938,393,381,139,520,3
2021-06-10,Mono,051,14174,1264,1274,17,1291,3
2021-06-10,Monterey,053,433212,43236,43090,1834,44924,415
2021-06-10,Napa,055,140530,9950,9974,35,10009,80
2021-06-10,Nevada,057,99092,4900,4866,193,5059,72
2021-06-10,Orange,059,3164182,255986,254950,11324,266274,5097
2021-06-10,Placer,061,380077,23575,23296,1513,24809,293
2021-06-10,Plumas,063,18699,713,696,11,707,4
2021-06-10,Riverside,065,2383286,294777,289335,13930,303265,4450
2021-06-10,Sacramento,067,1510023,107277,107049,1776,108825,1658
2021-06-10,San Benito,069,59416,6074,6079,113,6192,63
2021-06-10,San Bernardino,071,2135413,293858,293281,8949,302230,4782
2021-06-10,San Diego,073,3302833,281939,281052,15136,296188,3766
2021-06-10,San Francisco,075,870044,36935,37159,1278,38437,552
2021-06-10,San Joaquin,077,732212,73641,73276,3539,76815,1393
2021-06-10,San Luis Obispo,079,281455,21489,21280,740,22020,256
2021-06-10,San Mateo,081,765935,42514,42562,472,43034,666
2021-06-10,Santa Barbara,083,443738,34530,34434,1118,35552,460
2021-06-10,Santa Clara,085,1922200,119041,119832,756,120588,2075
2021-06-10,Santa Cruz,087,273765,16276,16159,798,16957,208
2021-06-10,Shasta,089,179085,12493,12536,1608,14144,201
2021-06-10,Sierra,091,2930,58,55,12,67,0
2021-06-10,Siskiyou,093,43540,1957,1881,362,2243,25
2021-06-10,Solano,095,438530,33168,33150,557,33707,265
2021-06-10,Sonoma,097,501317,30497,30571,348,30919,323
2021-06-10,Stanislaus,099,539301,56748,56588,5915,62503,974
2021-06-10,Sutter,101,95872,9549,9594,86,9680,112
2021-06-10,Tehama,103,63373,5130,5096,576,5672,63
2021-06-10,Trinity,105,12862,487,331,93,424,3
2021-06-10,Tulare,107,460477,50352,49503,8942,58445,848
2021-06-10,Tuolumne,109,53932,4058,4100,43,4143,63
2021-06-10,Ventura,111,848112,81579,81172,2971,84143,1026
2021-06-10,Yolo,113,214977,14085,14107,247,14354,212
2021-06-10,Yuba,115,75493,6126,6112,129,6241,50
2021-06-09,Alameda,001,1643700,88659,88762,1933,90695,1271
2021-06-09,Alpine,003,1148,87,88,0,88,0
2021-06-09,Amador,005,37829,3715,3706,32,3738,46
2021-06-09,Butte,007,227075,12665,12555,1857,14412,194
2021-06-09,Calaveras,009,45235,2183,2184,13,2197,55
2021-06-09,Colusa,011,21464,1957,1962,314,2276,15
2021-06-09,Contra Costa,013,1133247,70273,69829,1282,71111,803
2021-06-09,Del Norte,015,27424,1435,1403,13,1416,8
2021-06-09,El Dorado,017,186661,10378,10312,754,11066,113
2021-06-09,Fresno,019,978130,103057,102690,8625,111315,1717
2021-06-09,Glenn,021,27897,2440,2424,559,2983,19
2021-06-09,Humboldt,023,135768,4386,4379,38,4417,42
2021-06-09,Imperial,025,180216,28692,28754,2691,31445,739
2021-06-09,Inyo,027,18085,1407,1405,12,1417,35
2021-06-09,Kern,029,883053,97628,96697,10929,107626,1328
2021-06-09,Kings,031,150075,23194,23061,1076,24137,245
2021-06-09,Lake,033,64148,3559,3541,9,3550,45
2021-06-09,Lassen,035,31185,5245,5200,114,5314,18
2021-06-09,Los Angeles,037,10098052,1209710,1203955,40604,1244559,24432
2021-06-09,Madera,039,155013,16699,16580,930,17510,240
2021-06-09,Marin,041,260295,14153,14114,260,14374,229
2021-06-09,Mariposa,043,17540,436,434,11,445,5
2021-06-09,Mendocino,045,87422,4093,4008,83,4091,47
2021-06-09,Merced,047,269075,31127,31225,1034,32259,461
2021-06-09,Modoc,049,8938,391,377,138,515,3
2021-06-09,Mono,051,14174,1264,1274,17,1291,3
2021-06-09,Monterey,053,433212,43229,43082,1834,44916,415
2021-06-09,Napa,055,140530,9944,9971,35,10006,80
2021-06-09,Nevada,057,99092,4890,4863,192,5055,72
2021-06-09,Orange,059,3164182,255942,254893,11319,266212,5080
2021-06-09,Placer,061,380077,23556,23237,1513,24750,293
2021-06-09,Plumas,063,18699,712,697,11,708,4
2021-06-09,Riverside,065,2383286,294731,289299,13928,303227,4450
2021-06-09,Sacramento,067,1510023,107214,106971,1773,108744,1657
2021-06-09,San Benito,069,59416,6071,6078,113,6191,63
2021-06-09,San Bernardino,071,2135413,293816,293222,8949,302171,4782
2021-06-09,San Diego,073,3302833,281875,280941,15124,296065,3765
2021-06-09,San Francisco,075,870044,36921,37143,1277,38420,552
2021-06-09,San Joaquin,077,732212,73615,73232,3539,76771,1392
2021-06-09,San Luis Obispo,079,281455,21488,21259,740,21999,256
2021-06-09,San Mateo,081,765935,42498,42502,471,42973,666
2021-06-09,Santa Barbara,083,443738,34519,34422,1118,35540,460
2021-06-09,Santa Clara,085,1922200,119004,119793,755,120548,2068
2021-06-09,Santa Cruz,087,273765,16273,16155,798,16953,208
2021-06-09,Shasta,089,179085,12483,12521,1606,14127,201
2021-06-09,Sierra,091,2930,57,55,12,67,0
2021-06-09,Siskiyou,093,43540,1956,1871,362,2233,25
2021-06-09,Solano,095,438530,33152,33137,556,33693,264
2021-06-09,Sonoma,097,501317,30475,30540,348,30888,323
2021-06-09,Stanislaus,099,539301,56728,56560,5912,62472,974
2021-06-09,Sutter,101,95872,9540,9586,85,9671,111
2021-06-09,Tehama,103,63373,5129,5093,576,5669,63
2021-06-09,Trinity,105,12862,486,331,93,424,3
2021-06-09,Tulare,107,460477,50348,49496,8940,58436,847
2021-06-09,Tuolumne,109,53932,4055,4100,43,4143,63
2021-06-09,Ventura,111,848112,81569,81154,2970,84124,1026
2021-06-09,Yolo,113,214977,14083,14102,246,14348,212
2021-06-09,Yuba,115,75493,6122,6109,129,6238,50
2021-06-08,Alameda,001,1643700,88611,88731,1933,90664,1267
2021-06-08,Alpine,003,1148,87,88,0,88,0
2021-06-08,Amador,005,37829,3714,3704,32,3736,46
2021-06-08,Butte,007,227075,12659,12540,1855,14395,194
2021-06-08,Calaveras,009,45235,2182,2181,13,2194,55
2021-06-08,Colusa,011,21464,1957,1961,314,2275,15
2021-06-08,Contra Costa,013,1133247,70225,69762,1281,71043,803
2021-06-08,Del Norte,015,27424,1433,1402,13,1415,8
2021-06-08,El Dorado,017,186661,10373,10306,752,11058,113
2021-06-08,Fresno,019,978130,103032,102680,8623,111303,1717
2021-06-08,Glenn,021,27897,2439,2423,559,2982,19
2021-06-08,Humboldt,023,135768,4381,4363,38,4401,42
2021-06-08,Imperial,025,180216,28683,28752,2691,31443,738
2021-06-08,Inyo,027,18085,1407,1405,12,1417,35
2021-06-08,Kern,029,883053,97609,96671,10922,107593,1325
2021-06-08,Kings,031,150075,23193,23036,1076,24112,245
2021-06-08,Lake,033,64148,3558,3540,9,3549,45
2021-06-08,Lassen,035,31185,5245,5200,114,5314,18
2021-06-08,Los Angeles,037,10098052,1209512,1203794,40592,1244386,24426
2021-06-08,Madera,039,155013,16693,16579,929,17508,240
2021-06-08,Marin,041,260295,14151,14111,259,14370,229
2021-06-08,Mariposa,043,17540,436,434,11,445,5
2021-06-08,Mendocino,045,87422,4086,4002,83,4085,47
2021-06-08,Merced,047,269075,31119,31225,1034,32259,461
2021-06-08,Modoc,049,8938,385,377,137,514,3
2021-06-08,Mono,051,14174,1264,1274,17,1291,3
2021-06-08,Monterey,053,433212,43223,43078,1833,44911,415
2021-06-08,Napa,055,140530,9940,9962,35,9997,80
2021-06-08,Nevada,057,99092,4885,4861,192,5053,72
2021-06-08,Orange,059,3164182,255900,254852,11312,266164,5078
2021-06-08,Placer,061,380077,23538,23209,1509,24718,293
2021-06-08,Plumas,063,18699,712,692,11,703,4
2021-06-08,Riverside,065,2383286,294695,289268,13920,303188,4452
2021-06-08,Sacramento,067,1510023,107152,106901,1770,108671,1654
2021-06-08,San Benito,069,59416,6069,6076,113,6189,63
2021-06-08,San Bernardino,071,2135413,293767,293186,8945,302131,4778
2021-06-08,San Diego,073,3302833,281812,280879,15115,295994,3764
2021-06-08,San Francisco,075,870044,36906,37134,1276,38410,552
2021-06-08,San Joaquin,077,732212,73571,73186,3534,76720,1390
2021-06-08,San Luis Obispo,079,281455,21482,21251,739,21990,255
2021-06-08,San Mateo,081,765935,42485,42488,471,42959,663
2021-06-08,Santa Barbara,083,443738,34515,34418,1118,35536,459
2021-06-08,Santa Clara,085,1922200,118983,119770,754,120524,2068
2021-06-08,Santa Cruz,087,273765,16270,16160,798,16958,208
2021-06-08,Shasta,089,179085,12468,12498,1606,14104,201
2021-06-08,Sierra,091,2930,57,55,12,67,0
2021-06-08,Siskiyou,093,43540,1954,1870,360,2230,21
2021-06-08,Solano,095,438530,33131,33130,556,33686,259
2021-06-08,Sonoma,097,501317,30449,30523,346,30869,323
2021-06-08,Stanislaus,099,539301,56701,56548,5910,62458,973
2021-06-08,Sutter,101,95872,9537,9581,85,9666,111
2021-06-08,Tehama,103,63373,5126,5093,576,5669,63
2021-06-08,Trinity,105,12862,486,330,92,422,3
2021-06-08,Tulare,107,460477,50337,49485,8936,58421,847
2021-06-08,Tuolumne,109,53932,4051,4099,43,4142,63
2021-06-08,Ventura,111,848112,81553,81142,2969,84111,1026
2021-06-08,Yolo,113,214977,14078,14099,245,14344,212
2021-06-08,Yuba,115,75493,6120,6103,129,6232,50
2021-06-07,Alameda,001,1643700,88554,88688,1933,90621,1267
2021-06-07,Alpine,003,1148,87,88,0,88,0
2021-06-07,Amador,005,37829,3704,3697,32,3729,46
2021-06-07,Butte,007,227075,12652,12533,1854,14387,194
2021-06-07,Calaveras,009,45235,2181,2181,13,2194,55
2021-06-07,Colusa,011,21464,1956,1960,314,2274,15
2021-06-07,Contra Costa,013,1133247,70168,69718,1280,70998,817
2021-06-07,Del Norte,015,27424,1433,1401,13,1414,8
2021-06-07,El Dorado,017,186661,10368,10305,752,11057,113
2021-06-07,Fresno,019,978130,103001,102659,8615,111274,1717
2021-06-07,Glenn,021,27897,2439,2423,559,2982,19
2021-06-07,Humboldt,023,135768,4373,4354,38,4392,42
2021-06-07,Imperial,025,180216,28681,28754,2691,31445,738
2021-06-07,Inyo,027,18085,1407,1404,12,1416,35
2021-06-07,Kern,029,883053,97593,96645,10915,107560,1324
2021-06-07,Kings,031,150075,23189,23023,1076,24099,244
2021-06-07,Lake,033,64148,3556,3540,9,3549,45
2021-06-07,Lassen,035,31185,5240,5198,114,5312,18
2021-06-07,Los Angeles,037,10098052,1209288,1203664,40578,1244242,24413
2021-06-07,Madera,039,155013,16686,16572,929,17501,240
2021-06-07,Marin,041,260295,14147,14108,258,14366,229
2021-06-07,Mariposa,043,17540,436,434,11,445,5
2021-06-07,Mendocino,045,87422,4080,3998,83,4081,47
2021-06-07,Merced,047,269075,31107,31212,1033,32245,459
2021-06-07,Modoc,049,8938,384,375,134,509,3
2021-06-07,Mono,051,14174,1264,1275,17,1292,3
2021-06-07,Monterey,053,433212,43216,43077,1833,44910,415
2021-06-07,Napa,055,140530,9932,9962,35,9997,80
2021-06-07,Nevada,057,99092,4883,4860,192,5052,72
2021-06-07,Orange,059,3164182,255860,254808,11304,266112,5073
2021-06-07,Placer,061,380077,23519,23176,1507,24683,293
2021-06-07,Plumas,063,18699,712,692,11,703,4
2021-06-07,Riverside,065,2383286,294652,289232,13916,303148,4451
2021-06-07,Sacramento,067,1510023,107076,106841,1767,108608,1655
2021-06-07,San Benito,069,59416,6068,6074,113,6187,63
2021-06-07,San Bernardino,071,2135413,293729,293129,8944,302073,4775
2021-06-07,San Diego,073,3302833,281730,280808,15102,295910,3764
2021-06-07,San Francisco,075,870044,36888,37122,1276,38398,552
2021-06-07,San Joaquin,077,732212,73526,73130,3527,76657,1388
2021-06-07,San Luis Obispo,079,281455,21469,21252,739,21991,255
2021-06-07,San Mateo,081,765935,42469,42479,471,42950,664
2021-06-07,Santa Barbara,083,443738,34509,34407,1118,35525,459
2021-06-07,Santa Clara,085,1922200,118951,119743,754,120497,2066
2021-06-07,Santa Cruz,087,273765,16269,16159,798,16957,208
2021-06-07,Shasta,089,179085,12454,12483,1601,14084,200
2021-06-07,Sierra,091,2930,57,55,12,67,0
2021-06-07,Siskiyou,093,43540,1954,1869,360,2229,21
2021-06-07,Solano,095,438530,33109,33124,555,33679,258
2021-06-07,Sonoma,097,501317,30413,30504,345,30849,323
2021-06-07,Stanislaus,099,539301,56668,56521,5908,62429,972
2021-06-07,Sutter,101,95872,9533,9571,85,9656,111
2021-06-07,Tehama,103,63373,5122,5092,574,5666,63
2021-06-07,Trinity,105,12862,486,329,92,421,3
2021-06-07,Tulare,107,460477,50331,49471,8936,58407,847
2021-06-07,Tuolumne,109,53932,4050,4098,43,4141,63
2021-06-07,Ventura,111,848112,81536,81137,2967,84104,1025
2021-06-07,Yolo,113,214977,14073,14097,244,14341,211
2021-06-07,Yuba,115,75493,6118,6099,126,6225,49
2021-06-06,Alameda,001,1643700,88516,88636,1932,90568,1267
2021-06-06,Alpine,003,1148,87,88,0,88,0
2021-06-06,Amador,005,37829,3701,3696,32,3728,46
2021-06-06,Butte,007,227075,12641,12527,1853,14380,194
2021-06-06,Calaveras,009,45235,2180,2181,13,2194,55
2021-06-06,Colusa,011,21464,1954,1959,314,2273,15
2021-06-06,Contra Costa,013,1133247,70103,69659,1278,70937,817
2021-06-06,Del Norte,015,27424,1428,1401,13,1414,8
2021-06-06,El Dorado,017,186661,10361,10294,752,11046,113
2021-06-06,Fresno,019,978130,102968,102642,8612,111254,1717
2021-06-06,Glenn,021,27897,2438,2423,559,2982,19
2021-06-06,Humboldt,023,135768,4362,4353,38,4391,42
2021-06-06,Imperial,025,180216,28675,28762,2691,31453,738
2021-06-06,Inyo,027,18085,1406,1404,12,1416,35
2021-06-06,Kern,029,883053,97575,96623,10908,107531,1324
2021-06-06,Kings,031,150075,23183,23021,1076,24097,244
2021-06-06,Lake,033,64148,3556,3535,9,3544,45
2021-06-06,Lassen,035,31185,5238,5191,114,5305,18
2021-06-06,Los Angeles,037,10098052,1209089,1203539,40564,1244103,24410
2021-06-06,Madera,039,155013,16679,16567,929,17496,240
2021-06-06,Marin,041,260295,14141,14106,257,14363,229
2021-06-06,Mariposa,043,17540,435,435,11,446,5
2021-06-06,Mendocino,045,87422,4076,3993,83,4076,47
2021-06-06,Merced,047,269075,31101,31215,1032,32247,459
2021-06-06,Modoc,049,8938,384,375,133,508,3
2021-06-06,Mono,051,14174,1264,1275,17,1292,3
2021-06-06,Monterey,053,433212,43211,43078,1833,44911,415
2021-06-06,Napa,055,140530,9926,9963,35,9998,80
2021-06-06,Nevada,057,99092,4876,4854,191,5045,72
2021-06-06,Orange,059,3164182,255824,254782,11299,266081,5073
2021-06-06,Placer,061,380077,23494,23156,1504,24660,293
2021-06-06,Plumas,063,18699,712,692,11,703,4
2021-06-06,Riverside,065,2383286,294613,289201,13910,303111,4451
2021-06-06,Sacramento,067,1510023,106990,106749,1766,108515,1655
2021-06-06,San Benito,069,59416,6062,6074,113,6187,63
2021-06-06,San Bernardino,071,2135413,293672,293117,8935,302052,4773
2021-06-06,San Diego,073,3302833,281650,280743,15085,295828,3764
2021-06-06,San Francisco,075,870044,36873,37118,1274,38392,552
2021-06-06,San Joaquin,077,732212,73494,73105,3523,76628,1388
2021-06-06,San Luis Obispo,079,281455,21466,21246,739,21985,255
2021-06-06,San Mateo,081,765935,42452,42457,471,42928,664
2021-06-06,Santa Barbara,083,443738,34505,34403,1117,35520,459
2021-06-06,Santa Clara,085,1922200,118929,119711,754,120465,2066
2021-06-06,Santa Cruz,087,273765,16268,16158,798,16956,208
2021-06-06,Shasta,089,179085,12439,12478,1598,14076,200
2021-06-06,Sierra,091,2930,57,55,12,67,0
2021-06-06,Siskiyou,093,43540,1951,1869,360,2229,21
2021-06-06,Solano,095,438530,33082,33093,555,33648,258
2021-06-06,Sonoma,097,501317,30381,30478,344,30822,323
2021-06-06,Stanislaus,099,539301,56632,56486,5905,62391,972
2021-06-06,Sutter,101,95872,9526,9567,85,9652,111
2021-06-06,Tehama,103,63373,5112,5092,572,5664,63
2021-06-06,Trinity,105,12862,486,328,92,420,3
2021-06-06,Tulare,107,460477,50322,49466,8931,58397,847
2021-06-06,Tuolumne,109,53932,4047,4097,43,4140,63
2021-06-06,Ventura,111,848112,81525,81130,2964,84094,1025
2021-06-06,Yolo,113,214977,14065,14089,243,14332,210
2021-06-06,Yuba,115,75493,6110,6096,126,6222,49
2021-06-05,Alameda,001,1643700,88483,88612,1932,90544,1268
2021-06-05,Alpine,003,1148,87,88,0,88,0
2021-06-05,Amador,005,37829,3701,3694,32,3726,46
2021-06-05,Butte,007,227075,12635,12514,1852,14366,194
2021-06-05,Calaveras,009,45235,2180,2181,13,2194,55
2021-06-05,Colusa,011,21464,1954,1959,314,2273,15
2021-06-05,Contra Costa,013,1133247,70074,69601,1278,70879,817
2021-06-05,Del Norte,015,27424,1428,1400,13,1413,8
2021-06-05,El Dorado,017,186661,10359,10288,751,11039,113
2021-06-05,Fresno,019,978130,102959,102626,8612,111238,1717
2021-06-05,Glenn,021,27897,2437,2423,559,2982,19
2021-06-05,Humboldt,023,135768,4357,4346,38,4384,42
2021-06-05,Imperial,025,180216,28672,28764,2691,31455,738
2021-06-05,Inyo,027,18085,1406,1405,12,1417,35
2021-06-05,Kern,029,883053,97562,96597,10904,107501,1324
2021-06-05,Kings,031,150075,23180,23017,1076,24093,244
2021-06-05,Lake,033,64148,3553,3534,9,3543,45
2021-06-05,Lassen,035,31185,5237,5191,114,5305,18
2021-06-05,Los Angeles,037,10098052,1208960,1203338,40553,1243891,24411
2021-06-05,Madera,039,155013,16675,16563,929,17492,240
2021-06-05,Marin,041,260295,14139,14101,257,14358,229
2021-06-05,Mariposa,043,17540,435,435,11,446,5
2021-06-05,Mendocino,045,87422,4073,3989,83,4072,47
2021-06-05,Merced,047,269075,31099,31212,1031,32243,459
2021-06-05,Modoc,049,8938,384,375,132,507,3
2021-06-05,Mono,051,14174,1264,1274,17,1291,3
2021-06-05,Monterey,053,433212,43207,43071,1832,44903,415
2021-06-05,Napa,055,140530,9921,9960,35,9995,80
2021-06-05,Nevada,057,99092,4874,4849,191,5040,72
2021-06-05,Orange,059,3164182,255800,254752,11296,266048,5069
2021-06-05,Placer,061,380077,23478,23133,1504,24637,293
2021-06-05,Plumas,063,18699,712,692,11,703,4
2021-06-05,Riverside,065,2383286,294578,289157,13906,303063,4451
2021-06-05,Sacramento,067,1510023,106938,106688,1764,108452,1655
2021-06-05,San Benito,069,59416,6060,6074,113,6187,63
2021-06-05,San Bernardino,071,2135413,293639,293081,8934,302015,4772
2021-06-05,San Diego,073,3302833,281609,280676,15072,295748,3764
2021-06-05,San Francisco,075,870044,36864,37111,1274,38385,552
2021-06-05,San Joaquin,077,732212,73478,73078,3517,76595,1388
2021-06-05,San Luis Obispo,079,281455,21463,21236,739,21975,255
2021-06-05,San Mateo,081,765935,42442,42433,471,42904,664
2021-06-05,Santa Barbara,083,443738,34502,34399,1116,35515,459
2021-06-05,Santa Clara,085,1922200,118907,119676,752,120428,2066
2021-06-05,Santa Cruz,087,273765,16268,16154,798,16952,208
2021-06-05,Shasta,089,179085,12429,12472,1597,14069,200
2021-06-05,Sierra,091,2930,57,55,12,67,0
2021-06-05,Siskiyou,093,43540,1951,1867,360,2227,21
2021-06-05,Solano,095,438530,33067,33074,555,33629,257
2021-06-05,Sonoma,097,501317,30354,30450,342,30792,323
2021-06-05,Stanislaus,099,539301,56623,56463,5903,62366,973
2021-06-05,Sutter,101,95872,9523,9559,85,9644,111
2021-06-05,Tehama,103,63373,5111,5092,571,5663,63
2021-06-05,Trinity,105,12862,486,328,92,420,3
2021-06-05,Tulare,107,460477,50316,49463,8931,58394,847
2021-06-05,Tuolumne,109,53932,4045,4098,43,4141,63
2021-06-05,Ventura,111,848112,81516,81119,2962,84081,1025
2021-06-05,Yolo,113,214977,14063,14088,243,14331,210
2021-06-05,Yuba,115,75493,6109,6087,126,6213,49
2021-06-04,Alameda,001,1643700,88456,88585,1929,90514,1263
2021-06-04,Alpine,003,1148,87,88,0,88,0
2021-06-04,Amador,005,37829,3701,3690,32,3722,46
2021-06-04,Butte,007,227075,12624,12494,1849,14343,193
2021-06-04,Calaveras,009,45235,2180,2179,13,2192,55
2021-06-04,Colusa,011,21464,1954,1959,314,2273,15
2021-06-04,Contra Costa,013,1133247,70039,69540,1275,70815,816
2021-06-04,Del Norte,015,27424,1428,1398,13,1411,8
2021-06-04,El Dorado,017,186661,10355,10284,749,11033,112
2021-06-04,Fresno,019,978130,102943,102601,8612,111213,1712
2021-06-04,Glenn,021,27897,2437,2423,558,2981,19
2021-06-04,Humboldt,023,135768,4352,4327,38,4365,42
2021-06-04,Imperial,025,180216,28668,28753,2691,31444,738
2021-06-04,Inyo,027,18085,1406,1404,12,1416,35
2021-06-04,Kern,029,883053,97544,96573,10902,107475,1327
2021-06-04,Kings,031,150075,23179,23002,1076,24078,244
2021-06-04,Lake,033,64148,3551,3528,9,3537,45
2021-06-04,Lassen,035,31185,5237,5180,114,5294,18
2021-06-04,Los Angeles,037,10098052,1208839,1203106,40544,1243650,24400
2021-06-04,Madera,039,155013,16673,16557,929,17486,240
2021-06-04,Marin,041,260295,14138,14099,256,14355,229
2021-06-04,Mariposa,043,17540,435,435,11,446,5
2021-06-04,Mendocino,045,87422,4064,3983,83,4066,47
2021-06-04,Merced,047,269075,31094,31204,1030,32234,459
2021-06-04,Modoc,049,8938,382,375,132,507,3
2021-06-04,Mono,051,14174,1264,1275,17,1292,3
2021-06-04,Monterey,053,433212,43203,43068,1832,44900,415
2021-06-04,Napa,055,140530,9917,9958,35,9993,80
2021-06-04,Nevada,057,99092,4870,4844,191,5035,72
2021-06-04,Orange,059,3164182,255763,254730,11292,266022,5059
2021-06-04,Placer,061,380077,23462,23110,1503,24613,293
2021-06-04,Plumas,063,18699,712,691,11,702,4
2021-06-04,Riverside,065,2383286,294552,289098,13902,303000,4452
2021-06-04,Sacramento,067,1510023,106884,106616,1763,108379,1654
2021-06-04,San Benito,069,59416,6058,6073,113,6186,63
2021-06-04,San Bernardino,071,2135413,293615,293056,8932,301988,4768
2021-06-04,San Diego,073,3302833,281566,280556,15065,295621,3763
2021-06-04,San Francisco,075,870044,36857,37079,1273,38352,551
2021-06-04,San Joaquin,077,732212,73459,73039,3515,76554,1388
2021-06-04,San Luis Obispo,079,281455,21460,21234,738,21972,255
2021-06-04,San Mateo,081,765935,42430,42413,471,42884,478
2021-06-04,Santa Barbara,083,443738,34496,34402,1115,35517,459
2021-06-04,Santa Clara,085,1922200,118877,119619,752,120371,2065
2021-06-04,Santa Cruz,087,273765,16265,16150,798,16948,207
2021-06-04,Shasta,089,179085,12423,12458,1592,14050,200
2021-06-04,Sierra,091,2930,57,55,12,67,0
2021-06-04,Siskiyou,093,43540,1950,1865,360,2225,21
2021-06-04,Solano,095,438530,33056,33058,555,33613,256
2021-06-04,Sonoma,097,501317,30333,30411,342,30753,323
2021-06-04,Stanislaus,099,539301,56608,56442,5901,62343,973
2021-06-04,Sutter,101,95872,9518,9554,85,9639,111
2021-06-04,Tehama,103,63373,5106,5090,571,5661,63
2021-06-04,Trinity,105,12862,486,328,92,420,3
2021-06-04,Tulare,107,460477,50307,49452,8929,58381,847
2021-06-04,Tuolumne,109,53932,4044,4095,43,4138,63
2021-06-04,Ventura,111,848112,81509,81104,2960,84064,1023
2021-06-04,Yolo,113,214977,14061,14083,243,14326,210
2021-06-04,Yuba,115,75493,6106,6084,126,6210,49
2021-06-03,Alameda,001,1643700,88418,88555,1926,90481,1257
2021-06-03,Alpine,003,1148,87,88,0,88,0
2021-06-03,Amador,005,37829,3693,3688,32,3720,46
2021-06-03,Butte,007,227075,12620,12478,1848,14326,193
2021-06-03,Calaveras,009,45235,2180,2179,13,2192,55
2021-06-03,Colusa,011,21464,1954,1957,314,2271,15
2021-06-03,Contra Costa,013,1133247,69985,69500,1270,70770,816
2021-06-03,Del Norte,015,27424,1426,1397,13,1410,8
2021-06-03,El Dorado,017,186661,10349,10284,746,11030,112
2021-06-03,Fresno,019,978130,102926,102566,8612,111178,1709
2021-06-03,Glenn,021,27897,2437,2421,558,2979,19
2021-06-03,Humboldt,023,135768,4344,4314,38,4352,42
2021-06-03,Imperial,025,180216,28657,28737,2691,31428,738
2021-06-03,Inyo,027,18085,1406,1404,12,1416,35
2021-06-03,Kern,029,883053,97517,96507,10888,107395,1326
2021-06-03,Kings,031,150075,23175,22982,1076,24058,244
2021-06-03,Lake,033,64148,3549,3526,9,3535,45
2021-06-03,Lassen,035,31185,5228,5177,114,5291,12
2021-06-03,Los Angeles,037,10098052,1208667,1202923,40536,1243459,24386
2021-06-03,Madera,039,155013,16666,16554,929,17483,240
2021-06-03,Marin,041,260295,14133,14095,256,14351,230
2021-06-03,Mariposa,043,17540,435,435,11,446,5
2021-06-03,Mendocino,045,87422,4057,3978,83,4061,47
2021-06-03,Merced,047,269075,31091,31199,1030,32229,459
2021-06-03,Modoc,049,8938,381,376,131,507,3
2021-06-03,Mono,051,14174,1264,1275,17,1292,3
2021-06-03,Monterey,053,433212,43200,43063,1832,44895,415
2021-06-03,Napa,055,140530,9910,9957,35,9992,81
2021-06-03,Nevada,057,99092,4866,4837,191,5028,72
2021-06-03,Orange,059,3164182,255735,254676,11282,265958,5056
2021-06-03,Placer,061,380077,23453,23100,1502,24602,293
2021-06-03,Plumas,063,18699,712,691,11,702,4
2021-06-03,Riverside,065,2383286,294497,289035,13898,302933,4447
2021-06-03,Sacramento,067,1510023,106805,106526,1761,108287,1654
2021-06-03,San Benito,069,59416,6058,6073,113,6186,63
2021-06-03,San Bernardino,071,2135413,293584,293021,8932,301953,4762
2021-06-03,San Diego,073,3302833,281502,280430,15055,295485,3761
2021-06-03,San Francisco,075,870044,36850,37072,1273,38345,551
2021-06-03,San Joaquin,077,732212,73431,72989,3511,76500,1388
2021-06-03,San Luis Obispo,079,281455,21455,21224,738,21962,255
2021-06-03,San Mateo,081,765935,42417,42396,471,42867,467
2021-06-03,Santa Barbara,083,443738,34493,34391,1115,35506,459
2021-06-03,Santa Clara,085,1922200,118855,119592,750,120342,2058
2021-06-03,Santa Cruz,087,273765,16263,16144,798,16942,207
2021-06-03,Shasta,089,179085,12408,12441,1589,14030,199
2021-06-03,Sierra,091,2930,57,55,12,67,0
2021-06-03,Siskiyou,093,43540,1950,1862,359,2221,21
2021-06-03,Solano,095,438530,33042,33019,555,33574,256
2021-06-03,Sonoma,097,501317,30311,30383,341,30724,322
2021-06-03,Stanislaus,099,539301,56589,56401,5895,62296,973
2021-06-03,Sutter,101,95872,9509,9539,85,9624,111
2021-06-03,Tehama,103,63373,5106,5087,571,5658,63
2021-06-03,Trinity,105,12862,486,328,92,420,3
2021-06-03,Tulare,107,460477,50304,49442,8925,58367,848
2021-06-03,Tuolumne,109,53932,4042,4095,43,4138,63
2021-06-03,Ventura,111,848112,81497,81078,2958,84036,1023
2021-06-03,Yolo,113,214977,14057,14078,241,14319,210
2021-06-03,Yuba,115,75493,6099,6077,126,6203,49
2021-06-02,Alameda,001,1643700,88373,88525,1924,90449,1254
2021-06-02,Alpine,003,1148,87,88,0,88,0
2021-06-02,Amador,005,37829,3691,3687,32,3719,46
2021-06-02,Butte,007,227075,12600,12432,1846,14278,193
2021-06-02,Calaveras,009,45235,2177,2174,13,2187,55
2021-06-02,Colusa,011,21464,1953,1957,314,2271,15
2021-06-02,Contra Costa,013,1133247,69934,69455,1268,70723,814
2021-06-02,Del Norte,015,27424,1424,1395,13,1408,8
2021-06-02,El Dorado,017,186661,10345,10275,746,11021,110
2021-06-02,Fresno,019,978130,102902,102547,8609,111156,1707
2021-06-02,Glenn,021,27897,2437,2421,558,2979,19
2021-06-02,Humboldt,023,135768,4329,4302,38,4340,42
2021-06-02,Imperial,025,180216,28651,28737,2690,31427,738
2021-06-02,Inyo,027,18085,1405,1403,12,1415,35
2021-06-02,Kern,029,883053,97490,96481,10881,107362,1326
2021-06-02,Kings,031,150075,23173,22981,1075,24056,244
2021-06-02,Lake,033,64148,3544,3522,9,3531,45
2021-06-02,Lassen,035,31185,5227,5177,114,5291,6
2021-06-02,Los Angeles,037,10098052,1208463,1202760,40527,1243287,24375
2021-06-02,Madera,039,155013,16658,16550,929,17479,240
2021-06-02,Marin,041,260295,14131,14091,255,14346,229
2021-06-02,Mariposa,043,17540,435,434,11,445,5
2021-06-02,Mendocino,045,87422,4051,3970,83,4053,47
2021-06-02,Merced,047,269075,31078,31195,1029,32224,458
2021-06-02,Modoc,049,8938,380,375,130,505,3
2021-06-02,Mono,051,14174,1264,1275,17,1292,3
2021-06-02,Monterey,053,433212,43198,43056,1832,44888,380
2021-06-02,Napa,055,140530,9909,9953,35,9988,82
2021-06-02,Nevada,057,99092,4863,4833,191,5024,72
2021-06-02,Orange,059,3164182,255686,254637,11275,265912,5055
2021-06-02,Placer,061,380077,23432,23058,1500,24558,293
2021-06-02,Plumas,063,18699,712,690,11,701,4
2021-06-02,Riverside,065,2383286,294439,289012,13888,302900,4445
2021-06-02,Sacramento,067,1510023,106740,106435,1755,108190,1649
2021-06-02,San Benito,069,59416,6057,6073,113,6186,63
2021-06-02,San Bernardino,071,2135413,293536,293004,8927,301931,4760
2021-06-02,San Diego,073,3302833,281422,280347,15034,295381,3760
2021-06-02,San Francisco,075,870044,36830,37050,1272,38322,550
2021-06-02,San Joaquin,077,732212,73400,72893,3508,76401,1387
2021-06-02,San Luis Obispo,079,281455,21448,21214,737,21951,255
2021-06-02,San Mateo,081,765935,42407,42383,470,42853,464
2021-06-02,Santa Barbara,083,443738,34486,34381,1115,35496,456
2021-06-02,Santa Clara,085,1922200,118827,119553,749,120302,2058
2021-06-02,Santa Cruz,087,273765,16260,16144,798,16942,207
2021-06-02,Shasta,089,179085,12390,12426,1584,14010,199
2021-06-02,Sierra,091,2930,57,55,12,67,0
2021-06-02,Siskiyou,093,43540,1950,1861,357,2218,21
2021-06-02,Solano,095,438530,33030,33007,554,33561,256
2021-06-02,Sonoma,097,501317,30292,30359,336,30695,322
2021-06-02,Stanislaus,099,539301,56570,56377,5890,62267,973
2021-06-02,Sutter,101,95872,9506,9533,85,9618,111
2021-06-02,Tehama,103,63373,5103,5081,571,5652,63
2021-06-02,Trinity,105,12862,484,328,92,420,3
2021-06-02,Tulare,107,460477,50296,49434,8921,58355,846
2021-06-02,Tuolumne,109,53932,4041,4095,43,4138,63
2021-06-02,Ventura,111,848112,81472,81033,2958,83991,1020
2021-06-02,Yolo,113,214977,14054,14074,240,14314,210
2021-06-02,Yuba,115,75493,6093,6072,126,6198,48
2021-06-01,Alameda,001,1643700,88338,88472,1922,90394,1253
2021-06-01,Alpine,003,1148,87,88,0,88,0
2021-06-01,Amador,005,37829,3689,3687,32,3719,46
2021-06-01,Butte,007,227075,12586,12427,1845,14272,193
2021-06-01,Calaveras,009,45235,2175,2173,13,2186,55
2021-06-01,Colusa,011,21464,1952,1955,313,2268,15
2021-06-01,Contra Costa,013,1133247,69876,69404,1268,70672,813
2021-06-01,Del Norte,015,27424,1423,1394,13,1407,8
2021-06-01,El Dorado,017,186661,10339,10271,746,11017,110
2021-06-01,Fresno,019,978130,102878,102534,8606,111140,1706
2021-06-01,Glenn,021,27897,2437,2422,558,2980,18
2021-06-01,Humboldt,023,135768,4319,4299,38,4337,42
2021-06-01,Imperial,025,180216,28647,28722,2688,31410,736
2021-06-01,Inyo,027,18085,1405,1403,12,1415,35
2021-06-01,Kern,029,883053,97463,96477,10873,107350,1319
2021-06-01,Kings,031,150075,23169,22977,1075,24052,244
2021-06-01,Lake,033,64148,3543,3523,9,3532,45
2021-06-01,Lassen,035,31185,5220,5172,114,5286,6
2021-06-01,Los Angeles,037,10098052,1208226,1202673,40513,1243186,24367
2021-06-01,Madera,039,155013,16649,16549,928,17477,240
2021-06-01,Marin,041,260295,14129,14081,255,14336,229
2021-06-01,Mariposa,043,17540,435,431,11,442,5
2021-06-01,Mendocino,045,87422,4044,3966,83,4049,47
2021-06-01,Merced,047,269075,31068,31195,1029,32224,456
2021-06-01,Modoc,049,8938,378,375,130,505,3
2021-06-01,Mono,051,14174,1264,1275,17,1292,3
2021-06-01,Monterey,053,433212,43192,43051,1832,44883,379
2021-06-01,Napa,055,140530,9907,9949,35,9984,82
2021-06-01,Nevada,057,99092,4858,4825,191,5016,72
2021-06-01,Orange,059,3164182,255650,254603,11267,265870,5051
2021-06-01,Placer,061,380077,23402,23021,1498,24519,293
2021-06-01,Plumas,063,18699,711,690,11,701,4
2021-06-01,Riverside,065,2383286,294386,288996,13882,302878,4442
2021-06-01,Sacramento,067,1510023,106668,106330,1753,108083,1644
2021-06-01,San Benito,069,59416,6056,6073,112,6185,63
2021-06-01,San Bernardino,071,2135413,293511,292990,8926,301916,4758
2021-06-01,San Diego,073,3302833,281318,280305,15017,295322,3756
2021-06-01,San Francisco,075,870044,36814,37031,1272,38303,550
2021-06-01,San Joaquin,077,732212,73368,72858,3507,76365,1383
2021-06-01,San Luis Obispo,079,281455,21443,21217,737,21954,256
2021-06-01,San Mateo,081,765935,42391,42383,469,42852,462
2021-06-01,Santa Barbara,083,443738,34482,34374,1115,35489,456
2021-06-01,Santa Clara,085,1922200,118799,119528,749,120277,2057
2021-06-01,Santa Cruz,087,273765,16256,16143,797,16940,207
2021-06-01,Shasta,089,179085,12381,12409,1579,13988,199
2021-06-01,Sierra,091,2930,57,55,12,67,0
2021-06-01,Siskiyou,093,43540,1943,1860,356,2216,21
2021-06-01,Solano,095,438530,33005,32974,553,33527,256
2021-06-01,Sonoma,097,501317,30253,30324,335,30659,322
2021-06-01,Stanislaus,099,539301,56553,56348,5888,62236,973
2021-06-01,Sutter,101,95872,9499,9528,85,9613,111
2021-06-01,Tehama,103,63373,5101,5079,571,5650,63
2021-06-01,Trinity,105,12862,483,328,91,419,3
2021-06-01,Tulare,107,460477,50288,49419,8917,58336,845
2021-06-01,Tuolumne,109,53932,4041,4094,43,4137,63
2021-06-01,Ventura,111,848112,81456,81018,2957,83975,1021
2021-06-01,Yolo,113,214977,14048,14067,240,14307,210
2021-06-01,Yuba,115,75493,6089,6067,126,6193,48
2021-05-31,Alameda,001,1643700,88302,88458,1918,90376,1253
2021-05-31,Alpine,003,1148,87,88,0,88,0
2021-05-31,Amador,005,37829,3683,3687,32,3719,46
2021-05-31,Butte,007,227075,12573,12429,1845,14274,193
2021-05-31,Calaveras,009,45235,2174,2171,13,2184,55
2021-05-31,Colusa,011,21464,1952,1956,312,2268,15
2021-05-31,Contra Costa,013,1133247,69839,69390,1267,70657,813
2021-05-31,Del Norte,015,27424,1420,1394,13,1407,8
2021-05-31,El Dorado,017,186661,10333,10271,744,11015,110
2021-05-31,Fresno,019,978130,102841,102507,8606,111113,1706
2021-05-31,Glenn,021,27897,2436,2422,557,2979,18
2021-05-31,Humboldt,023,135768,4307,4295,38,4333,42
2021-05-31,Imperial,025,180216,28641,28732,2685,31417,736
2021-05-31,Inyo,027,18085,1404,1403,12,1415,35
2021-05-31,Kern,029,883053,97427,96457,10864,107321,1319
2021-05-31,Kings,031,150075,23165,22977,1075,24052,244
2021-05-31,Lake,033,64148,3538,3523,9,3532,45
2021-05-31,Lassen,035,31185,5218,5172,113,5285,6
2021-05-31,Los Angeles,037,10098052,1207983,1202567,40504,1243071,24364
2021-05-31,Madera,039,155013,16648,16543,927,17470,240
2021-05-31,Marin,041,260295,14127,14080,255,14335,229
2021-05-31,Mariposa,043,17540,435,430,11,441,5
2021-05-31,Mendocino,045,87422,4034,3961,83,4044,47
2021-05-31,Merced,047,269075,31063,31194,1029,32223,456
2021-05-31,Modoc,049,8938,377,374,130,504,3
2021-05-31,Mono,051,14174,1264,1275,17,1292,3
2021-05-31,Monterey,053,433212,43188,43051,1832,44883,379
2021-05-31,Napa,055,140530,9900,9948,35,9983,82
2021-05-31,Nevada,057,99092,4848,4823,190,5013,72
2021-05-31,Orange,059,3164182,255622,254572,11259,265831,5051
2021-05-31,Placer,061,380077,23375,23019,1494,24513,293
2021-05-31,Plumas,063,18699,710,690,11,701,4
2021-05-31,Riverside,065,2383286,294329,288970,13870,302840,4442
2021-05-31,Sacramento,067,1510023,106571,106278,1748,108026,1644
2021-05-31,San Benito,069,59416,6056,6072,112,6184,63
2021-05-31,San Bernardino,071,2135413,293463,292973,8925,301898,4758
2021-05-31,San Diego,073,3302833,281214,280254,15005,295259,3756
2021-05-31,San Francisco,075,870044,36799,37022,1271,38293,550
2021-05-31,San Joaquin,077,732212,73319,72856,3501,76357,1383
2021-05-31,San Luis Obispo,079,281455,21435,21215,737,21952,256
2021-05-31,San Mateo,081,765935,42375,42389,469,42858,442
2021-05-31,Santa Barbara,083,443738,34469,34369,1113,35482,456
2021-05-31,Santa Clara,085,1922200,118755,119515,749,120264,2057
2021-05-31,Santa Cruz,087,273765,16253,16139,797,16936,207
2021-05-31,Shasta,089,179085,12365,12408,1576,13984,199
2021-05-31,Sierra,091,2930,57,55,12,67,0
2021-05-31,Siskiyou,093,43540,1942,1856,355,2211,21
2021-05-31,Solano,095,438530,32955,32973,553,33526,256
2021-05-31,Sonoma,097,501317,30210,30314,335,30649,322
2021-05-31,Stanislaus,099,539301,56512,56335,5885,62220,973
2021-05-31,Sutter,101,95872,9480,9523,85,9608,111
2021-05-31,Tehama,103,63373,5098,5076,570,5646,63
2021-05-31,Trinity,105,12862,483,328,91,419,3
2021-05-31,Tulare,107,460477,50277,49404,8912,58316,845
2021-05-31,Tuolumne,109,53932,4039,4095,43,4138,63
2021-05-31,Ventura,111,848112,81441,81017,2954,83971,1021
2021-05-31,Yolo,113,214977,14044,14064,240,14304,210
2021-05-31,Yuba,115,75493,6083,6063,123,6186,48
2021-05-30,Alameda,001,1643700,88279,88429,1918,90347,1253
2021-05-30,Alpine,003,1148,87,88,0,88,0
2021-05-30,Amador,005,37829,3679,3685,32,3717,46
2021-05-30,Butte,007,227075,12564,12427,1843,14270,190
2021-05-30,Calaveras,009,45235,2170,2166,13,2179,55
2021-05-30,Colusa,011,21464,1952,1954,312,2266,15
2021-05-30,Contra Costa,013,1133247,69805,69381,1265,70646,813
2021-05-30,Del Norte,015,27424,1419,1393,13,1406,8
2021-05-30,El Dorado,017,186661,10330,10271,744,11015,110
2021-05-30,Fresno,019,978130,102824,102499,8602,111101,1706
2021-05-30,Glenn,021,27897,2436,2422,556,2978,18
2021-05-30,Humboldt,023,135768,4299,4291,38,4329,42
2021-05-30,Imperial,025,180216,28637,28732,2684,31416,736
2021-05-30,Inyo,027,18085,1404,1403,12,1415,35
2021-05-30,Kern,029,883053,97411,96443,10861,107304,1319
2021-05-30,Kings,031,150075,23164,22974,1075,24049,244
2021-05-30,Lake,033,64148,3538,3517,9,3526,45
2021-05-30,Lassen,035,31185,5216,5171,113,5284,6
2021-05-30,Los Angeles,037,10098052,1207868,1202425,40497,1242922,24360
2021-05-30,Madera,039,155013,16644,16538,927,17465,240
2021-05-30,Marin,041,260295,14123,14083,254,14337,229
2021-05-30,Mariposa,043,17540,435,430,11,441,5
2021-05-30,Mendocino,045,87422,4027,3955,83,4038,47
2021-05-30,Merced,047,269075,31059,31189,1028,32217,456
2021-05-30,Modoc,049,8938,377,374,130,504,3
2021-05-30,Mono,051,14174,1264,1275,17,1292,3
2021-05-30,Monterey,053,433212,43185,43049,1832,44881,379
2021-05-30,Napa,055,140530,9899,9948,35,9983,82
2021-05-30,Nevada,057,99092,4842,4818,190,5008,72
2021-05-30,Orange,059,3164182,255599,254559,11258,265817,5051
2021-05-30,Placer,061,380077,23369,23016,1494,24510,293
2021-05-30,Plumas,063,18699,708,690,11,701,4
2021-05-30,Riverside,065,2383286,294308,288961,13868,302829,4442
2021-05-30,Sacramento,067,1510023,106526,106252,1746,107998,1644
2021-05-30,San Benito,069,59416,6056,6072,112,6184,63
2021-05-30,San Bernardino,071,2135413,293437,292981,8924,301905,4758
2021-05-30,San Diego,073,3302833,281158,280209,15000,295209,3756
2021-05-30,San Francisco,075,870044,36780,37016,1271,38287,550
2021-05-30,San Joaquin,077,732212,73302,72853,3500,76353,1383
2021-05-30,San Luis Obispo,079,281455,21426,21211,736,21947,256
2021-05-30,San Mateo,081,765935,42367,42386,469,42855,439
2021-05-30,Santa Barbara,083,443738,34465,34369,1113,35482,456
2021-05-30,Santa Clara,085,1922200,118733,119510,745,120255,2057
2021-05-30,Santa Cruz,087,273765,16251,16140,797,16937,207
2021-05-30,Shasta,089,179085,12363,12408,1573,13981,199
2021-05-30,Sierra,091,2930,57,55,12,67,0
2021-05-30,Siskiyou,093,43540,1942,1856,355,2211,21
2021-05-30,Solano,095,438530,32944,32952,552,33504,256
2021-05-30,Sonoma,097,501317,30193,30310,334,30644,322
2021-05-30,Stanislaus,099,539301,56501,56323,5884,62207,973
2021-05-30,Sutter,101,95872,9479,9519,84,9603,111
2021-05-30,Tehama,103,63373,5098,5073,570,5643,63
2021-05-30,Trinity,105,12862,483,328,91,419,3
2021-05-30,Tulare,107,460477,50270,49397,8904,58301,845
2021-05-30,Tuolumne,109,53932,4039,4094,43,4137,63
2021-05-30,Ventura,111,848112,81437,81012,2953,83965,1021
2021-05-30,Yolo,113,214977,14039,14059,239,14298,210
2021-05-30,Yuba,115,75493,6076,6063,122,6185,48
2021-05-29,Alameda,001,1643700,88256,88433,1916,90349,1253
2021-05-29,Alpine,003,1148,87,88,0,88,0
2021-05-29,Amador,005,37829,3678,3683,32,3715,46
2021-05-29,Butte,007,227075,12558,12425,1843,14268,190
2021-05-29,Calaveras,009,45235,2169,2166,13,2179,55
2021-05-29,Colusa,011,21464,1949,1954,312,2266,15
2021-05-29,Contra Costa,013,1133247,69772,69351,1265,70616,813
2021-05-29,Del Norte,015,27424,1419,1391,13,1404,8
2021-05-29,El Dorado,017,186661,10329,10269,742,11011,110
2021-05-29,Fresno,019,978130,102812,102470,8599,111069,1706
2021-05-29,Glenn,021,27897,2436,2422,555,2977,18
2021-05-29,Humboldt,023,135768,4293,4283,38,4321,42
2021-05-29,Imperial,025,180216,28634,28729,2683,31412,736
2021-05-29,Inyo,027,18085,1404,1404,12,1416,35
2021-05-29,Kern,029,883053,97400,96424,10848,107272,1319
2021-05-29,Kings,031,150075,23163,22970,1074,24044,244
2021-05-29,Lake,033,64148,3538,3515,9,3524,45
2021-05-29,Lassen,035,31185,5216,5171,113,5284,6
2021-05-29,Los Angeles,037,10098052,1207746,1202264,40494,1242758,24359
2021-05-29,Madera,039,155013,16642,16535,927,17462,240
2021-05-29,Marin,041,260295,14119,14071,253,14324,229
2021-05-29,Mariposa,043,17540,434,428,11,439,5
2021-05-29,Mendocino,045,87422,4021,3952,83,4035,47
2021-05-29,Merced,047,269075,31047,31187,1028,32215,456
2021-05-29,Modoc,049,8938,377,374,130,504,3
2021-05-29,Mono,051,14174,1264,1275,17,1292,3
2021-05-29,Monterey,053,433212,43183,43042,1832,44874,379
2021-05-29,Napa,055,140530,9896,9948,35,9983,82
2021-05-29,Nevada,057,99092,4841,4816,190,5006,72
2021-05-29,Orange,059,3164182,255577,254537,11248,265785,5049
2021-05-29,Placer,061,380077,23354,23009,1493,24502,293
2021-05-29,Plumas,063,18699,708,689,11,700,4
2021-05-29,Riverside,065,2383286,294288,288908,13867,302775,4442
2021-05-29,Sacramento,067,1510023,106496,106218,1745,107963,1643
2021-05-29,San Benito,069,59416,6055,6072,112,6184,63
2021-05-29,San Bernardino,071,2135413,293404,292961,8923,301884,4757
2021-05-29,San Diego,073,3302833,281099,280151,14995,295146,3756
2021-05-29,San Francisco,075,870044,36771,37008,1271,38279,550
2021-05-29,San Joaquin,077,732212,73286,72827,3498,76325,1383
2021-05-29,San Luis Obispo,079,281455,21424,21201,736,21937,256
2021-05-29,San Mateo,081,765935,42359,42375,468,42843,439
2021-05-29,Santa Barbara,083,443738,34461,34367,1113,35480,456
2021-05-29,Santa Clara,085,1922200,118709,119498,744,120242,2056
2021-05-29,Santa Cruz,087,273765,16250,16137,797,16934,207
2021-05-29,Shasta,089,179085,12355,12401,1572,13973,199
2021-05-29,Sierra,091,2930,57,55,12,67,0
2021-05-29,Siskiyou,093,43540,1937,1856,355,2211,21
2021-05-29,Solano,095,438530,32935,32917,552,33469,256
2021-05-29,Sonoma,097,501317,30170,30298,333,30631,322
2021-05-29,Stanislaus,099,539301,56483,56305,5882,62187,974
2021-05-29,Sutter,101,95872,9475,9516,84,9600,111
2021-05-29,Tehama,103,63373,5097,5070,570,5640,63
2021-05-29,Trinity,105,12862,483,328,91,419,3
2021-05-29,Tulare,107,460477,50260,49392,8900,58292,845
2021-05-29,Tuolumne,109,53932,4039,4093,43,4136,63
2021-05-29,Ventura,111,848112,81429,81008,2953,83961,1021
2021-05-29,Yolo,113,214977,14038,14055,239,14294,210
2021-05-29,Yuba,115,75493,6076,6059,122,6181,48
2021-05-28,Alameda,001,1643700,88232,88391,1912,90303,1261
2021-05-28,Alpine,003,1148,87,88,0,88,0
2021-05-28,Amador,005,37829,3678,3680,32,3712,46
2021-05-28,Butte,007,227075,12555,12407,1842,14249,190
2021-05-28,Calaveras,009,45235,2168,2165,13,2178,55
2021-05-28,Colusa,011,21464,1949,1954,310,2264,15
2021-05-28,Contra Costa,013,1133247,69736,69290,1264,70554,813
2021-05-28,Del Norte,015,27424,1418,1390,13,1403,8
2021-05-28,El Dorado,017,186661,10326,10265,742,11007,110
2021-05-28,Fresno,019,978130,102796,102437,8599,111036,1705
2021-05-28,Glenn,021,27897,2436,2419,555,2974,18
2021-05-28,Humboldt,023,135768,4286,4265,38,4303,42
2021-05-28,Imperial,025,180216,28631,28722,2683,31405,736
2021-05-28,Inyo,027,18085,1404,1404,12,1416,35
2021-05-28,Kern,029,883053,97383,96396,10840,107236,1320
2021-05-28,Kings,031,150075,23161,22962,1074,24036,244
2021-05-28,Lake,033,64148,3536,3515,9,3524,45
2021-05-28,Lassen,035,31185,5216,5169,113,5282,6
2021-05-28,Los Angeles,037,10098052,1207635,1202103,40484,1242587,24357
2021-05-28,Madera,039,155013,16640,16530,927,17457,240
2021-05-28,Marin,041,260295,14118,14063,252,14315,229
2021-05-28,Mariposa,043,17540,434,428,11,439,5
2021-05-28,Mendocino,045,87422,4016,3947,83,4030,47
2021-05-28,Merced,047,269075,31044,31176,1028,32204,455
2021-05-28,Modoc,049,8938,377,374,130,504,3
2021-05-28,Mono,051,14174,1264,1274,17,1291,3
2021-05-28,Monterey,053,433212,43182,43036,1832,44868,379
2021-05-28,Napa,055,140530,9896,9941,35,9976,82
2021-05-28,Nevada,057,99092,4839,4813,190,5003,71
2021-05-28,Orange,059,3164182,255557,254494,11246,265740,5047
2021-05-28,Placer,061,380077,23344,22987,1491,24478,293
2021-05-28,Plumas,063,18699,706,688,11,699,4
2021-05-28,Riverside,065,2383286,294266,288872,13865,302737,4442
2021-05-28,Sacramento,067,1510023,106440,106131,1743,107874,1642
2021-05-28,San Benito,069,59416,6055,6074,112,6186,63
2021-05-28,San Bernardino,071,2135413,293381,292905,8923,301828,4757
2021-05-28,San Diego,073,3302833,281036,280043,14984,295027,3756
2021-05-28,San Francisco,075,870044,36765,36987,1271,38258,546
2021-05-28,San Joaquin,077,732212,73256,72793,3496,76289,1383
2021-05-28,San Luis Obispo,079,281455,21419,21190,734,21924,256
2021-05-28,San Mateo,081,765935,42353,42364,468,42832,439
2021-05-28,Santa Barbara,083,443738,34460,34371,1113,35484,455
2021-05-28,Santa Clara,085,1922200,118685,119462,744,120206,2056
2021-05-28,Santa Cruz,087,273765,16249,16129,797,16926,207
2021-05-28,Shasta,089,179085,12346,12383,1570,13953,198
2021-05-28,Sierra,091,2930,57,54,12,66,0
2021-05-28,Siskiyou,093,43540,1935,1850,355,2205,19
2021-05-28,Solano,095,438530,32920,32892,552,33444,256
2021-05-28,Sonoma,097,501317,30151,30270,333,30603,321
2021-05-28,Stanislaus,099,539301,56464,56278,5879,62157,974
2021-05-28,Sutter,101,95872,9471,9511,84,9595,111
2021-05-28,Tehama,103,63373,5091,5064,570,5634,63
2021-05-28,Trinity,105,12862,483,328,91,419,3
2021-05-28,Tulare,107,460477,50255,49375,8891,58266,846
2021-05-28,Tuolumne,109,53932,4039,4090,43,4133,63
2021-05-28,Ventura,111,848112,81418,80985,2952,83937,1021
2021-05-28,Yolo,113,214977,14035,14050,238,14288,210
2021-05-28,Yuba,115,75493,6074,6050,121,6171,48
2021-05-27,Alameda,001,1643700,88197,88342,1912,90254,1274
2021-05-27,Alpine,003,1148,87,88,0,88,0
2021-05-27,Amador,005,37829,3675,3680,32,3712,46
2021-05-27,Butte,007,227075,12550,12401,1841,14242,190
2021-05-27,Calaveras,009,45235,2167,2163,13,2176,55
2021-05-27,Colusa,011,21464,1946,1952,310,2262,15
2021-05-27,Contra Costa,013,1133247,69694,69245,1262,70507,813
2021-05-27,Del Norte,015,27424,1418,1388,13,1401,8
2021-05-27,El Dorado,017,186661,10325,10248,742,10990,112
2021-05-27,Fresno,019,978130,102780,102413,8596,111009,1704
2021-05-27,Glenn,021,27897,2436,2415,555,2970,18
2021-05-27,Humboldt,023,135768,4278,4260,38,4298,42
2021-05-27,Imperial,025,180216,28620,28728,2683,31411,736
2021-05-27,Inyo,027,18085,1404,1404,12,1416,35
2021-05-27,Kern,029,883053,97367,96364,10832,107196,1322
2021-05-27,Kings,031,150075,23158,22953,1074,24027,245
2021-05-27,Lake,033,64148,3531,3509,9,3518,45
2021-05-27,Lassen,035,31185,5215,5170,112,5282,6
2021-05-27,Los Angeles,037,10098052,1207465,1201927,40471,1242398,24348
2021-05-27,Madera,039,155013,16631,16527,927,17454,240
2021-05-27,Marin,041,260295,14114,14061,252,14313,229
2021-05-27,Mariposa,043,17540,432,427,11,438,5
2021-05-27,Mendocino,045,87422,4010,3945,83,4028,47
2021-05-27,Merced,047,269075,31032,31161,1028,32189,455
2021-05-27,Modoc,049,8938,376,374,130,504,3
2021-05-27,Mono,051,14174,1264,1276,17,1293,3
2021-05-27,Monterey,053,433212,43176,43032,1832,44864,379
2021-05-27,Napa,055,140530,9895,9934,35,9969,82
2021-05-27,Nevada,057,99092,4835,4807,188,4995,71
2021-05-27,Orange,059,3164182,255520,254438,11242,265680,5059
2021-05-27,Placer,061,380077,23335,22966,1491,24457,293
2021-05-27,Plumas,063,18699,706,687,11,698,4
2021-05-27,Riverside,065,2383286,294230,288835,13860,302695,4443
2021-05-27,Sacramento,067,1510023,106365,106015,1741,107756,1642
2021-05-27,San Benito,069,59416,6054,6074,112,6186,63
2021-05-27,San Bernardino,071,2135413,293345,292755,8921,301676,4756
2021-05-27,San Diego,073,3302833,280962,279960,14970,294930,3756
2021-05-27,San Francisco,075,870044,36759,36980,1268,38248,546
2021-05-27,San Joaquin,077,732212,73224,72714,3493,76207,1388
2021-05-27,San Luis Obispo,079,281455,21414,21171,734,21905,256
2021-05-27,San Mateo,081,765935,42344,42345,468,42813,436
2021-05-27,Santa Barbara,083,443738,34455,34355,1113,35468,456
2021-05-27,Santa Clara,085,1922200,118664,119452,744,120196,2053
2021-05-27,Santa Cruz,087,273765,16247,16134,797,16931,207
2021-05-27,Shasta,089,179085,12336,12380,1570,13950,202
2021-05-27,Sierra,091,2930,57,54,12,66,0
2021-05-27,Siskiyou,093,43540,1932,1846,355,2201,18
2021-05-27,Solano,095,438530,32879,32855,551,33406,257
2021-05-27,Sonoma,097,501317,30124,30253,329,30582,321
2021-05-27,Stanislaus,099,539301,56439,56207,5878,62085,974
2021-05-27,Sutter,101,95872,9467,9501,84,9585,111
2021-05-27,Tehama,103,63373,5088,5064,569,5633,63
2021-05-27,Trinity,105,12862,483,328,91,419,3
2021-05-27,Tulare,107,460477,50241,49366,8882,58248,840
2021-05-27,Tuolumne,109,53932,4038,4090,43,4133,66
2021-05-27,Ventura,111,848112,81405,80965,2949,83914,1023
2021-05-27,Yolo,113,214977,14032,14036,238,14274,213
2021-05-27,Yuba,115,75493,6069,6040,120,6160,48
2021-05-26,Alameda,001,1643700,88168,88297,1912,90209,1266
2021-05-26,Alpine,003,1148,87,88,0,88,0
2021-05-26,Amador,005,37829,3675,3679,32,3711,46
2021-05-26,Butte,007,227075,12541,12332,1840,14172,190
2021-05-26,Calaveras,009,45235,2166,2154,13,2167,55
2021-05-26,Colusa,011,21464,1945,1952,310,2262,15
2021-05-26,Contra Costa,013,1133247,69657,69210,1262,70472,812
2021-05-26,Del Norte,015,27424,1418,1386,12,1398,8
2021-05-26,El Dorado,017,186661,10321,10242,741,10983,112
2021-05-26,Fresno,019,978130,102747,102374,8591,110965,1702
2021-05-26,Glenn,021,27897,2435,2415,555,2970,18
2021-05-26,Humboldt,023,135768,4273,4246,38,4284,42
2021-05-26,Imperial,025,180216,28615,28712,2681,31393,734
2021-05-26,Inyo,027,18085,1404,1403,12,1415,36
2021-05-26,Kern,029,883053,97342,96343,10825,107168,1320
2021-05-26,Kings,031,150075,23154,22950,1073,24023,245
2021-05-26,Lake,033,64148,3530,3508,9,3517,45
2021-05-26,Lassen,035,31185,5214,5164,112,5276,6
2021-05-26,Los Angeles,037,10098052,1207297,1198100,40455,1238555,24221
2021-05-26,Madera,039,155013,16628,16520,927,17447,240
2021-05-26,Marin,041,260295,14111,14061,251,14312,227
2021-05-26,Mariposa,043,17540,432,427,11,438,5
2021-05-26,Mendocino,045,87422,4004,3938,83,4021,47
2021-05-26,Merced,047,269075,31023,31139,1028,32167,455
2021-05-26,Modoc,049,8938,376,371,129,500,3
2021-05-26,Mono,051,14174,1264,1274,17,1291,3
2021-05-26,Monterey,053,433212,43170,43018,1831,44849,379
2021-05-26,Napa,055,140530,9888,9932,33,9965,82
2021-05-26,Nevada,057,99092,4830,4803,188,4991,70
2021-05-26,Orange,059,3164182,255484,254368,11239,265607,5058
2021-05-26,Placer,061,380077,23311,22940,1491,24431,293
2021-05-26,Plumas,063,18699,705,685,11,696,4
2021-05-26,Riverside,065,2383286,294184,288782,13853,302635,4443
2021-05-26,Sacramento,067,1510023,106279,105919,1737,107656,1637
2021-05-26,San Benito,069,59416,6054,6074,112,6186,63
2021-05-26,San Bernardino,071,2135413,293310,292662,8920,301582,4755
2021-05-26,San Diego,073,3302833,280887,279859,14960,294819,3755
2021-05-26,San Francisco,075,870044,36747,36954,1268,38222,546
2021-05-26,San Joaquin,077,732212,73182,72681,3490,76171,1388
2021-05-26,San Luis Obispo,079,281455,21408,21163,734,21897,256
2021-05-26,San Mateo,081,765935,42335,42331,468,42799,436
2021-05-26,Santa Barbara,083,443738,34446,34348,1113,35461,459
2021-05-26,Santa Clara,085,1922200,118637,119421,743,120164,2031
2021-05-26,Santa Cruz,087,273765,16246,16139,797,16936,207
2021-05-26,Shasta,089,179085,12321,12357,1567,13924,202
2021-05-26,Sierra,091,2930,57,54,12,66,0
2021-05-26,Siskiyou,093,43540,1930,1847,353,2200,18
2021-05-26,Solano,095,438530,32843,32831,551,33382,257
2021-05-26,Sonoma,097,501317,30097,30230,329,30559,321
2021-05-26,Stanislaus,099,539301,56417,56193,5876,62069,974
2021-05-26,Sutter,101,95872,9462,9495,84,9579,112
2021-05-26,Tehama,103,63373,5087,5054,566,5620,63
2021-05-26,Trinity,105,12862,483,328,91,419,3
2021-05-26,Tulare,107,460477,50234,49352,8878,58230,839
2021-05-26,Tuolumne,109,53932,4034,4088,42,4130,66
2021-05-26,Ventura,111,848112,81382,80944,2947,83891,1023
2021-05-26,Yolo,113,214977,14029,14025,238,14263,213
2021-05-26,Yuba,115,75493,6064,6036,120,6156,49
2021-05-25,Alameda,001,1643700,88137,88237,1912,90149,1263
2021-05-25,Alpine,003,1148,87,88,0,88,0
2021-05-25,Amador,005,37829,3670,3676,32,3708,46
2021-05-25,Butte,007,227075,12530,12295,1839,14134,189
2021-05-25,Calaveras,009,45235,2164,2148,13,2161,55
2021-05-25,Colusa,011,21464,1944,1949,310,2259,15
2021-05-25,Contra Costa,013,1133247,69605,69167,1257,70424,809
2021-05-25,Del Norte,015,27424,1418,1385,12,1397,8
2021-05-25,El Dorado,017,186661,10314,10240,740,10980,112
2021-05-25,Fresno,019,978130,102726,102329,8590,110919,1701
2021-05-25,Glenn,021,27897,2434,2414,554,2968,17
2021-05-25,Humboldt,023,135768,4266,4231,36,4267,42
2021-05-25,Imperial,025,180216,28608,28586,2681,31267,735
2021-05-25,Inyo,027,18085,1404,1402,12,1414,36
2021-05-25,Kern,029,883053,97311,96319,10811,107130,1319
2021-05-25,Kings,031,150075,23147,22944,1073,24017,245
2021-05-25,Lake,033,64148,3529,3508,9,3517,44
2021-05-25,Lassen,035,31185,5210,5164,112,5276,6
2021-05-25,Los Angeles,037,10098052,1207110,1197940,40437,1238377,24212
2021-05-25,Madera,039,155013,16623,16519,926,17445,240
2021-05-25,Marin,041,260295,14105,14053,251,14304,227
2021-05-25,Mariposa,043,17540,431,427,11,438,5
2021-05-25,Mendocino,045,87422,3999,3928,83,4011,47
2021-05-25,Merced,047,269075,31002,31132,1028,32160,455
2021-05-25,Modoc,049,8938,375,367,129,496,3
2021-05-25,Mono,051,14174,1264,1274,17,1291,3
2021-05-25,Monterey,053,433212,43166,43012,1830,44842,379
2021-05-25,Napa,055,140530,9886,9926,33,9959,82
2021-05-25,Nevada,057,99092,4824,4795,188,4983,70
2021-05-25,Orange,059,3164182,255455,254321,11238,265559,5057
2021-05-25,Placer,061,380077,23300,22920,1489,24409,292
2021-05-25,Plumas,063,18699,705,684,11,695,4
2021-05-25,Riverside,065,2383286,294145,288725,13850,302575,4443
2021-05-25,Sacramento,067,1510023,106198,105828,1734,107562,1633
2021-05-25,San Benito,069,59416,6054,6073,112,6185,63
2021-05-25,San Bernardino,071,2135413,293250,292485,8918,301403,4755
2021-05-25,San Diego,073,3302833,280805,279786,14955,294741,3753
2021-05-25,San Francisco,075,870044,36724,36939,1268,38207,546
2021-05-25,San Joaquin,077,732212,73140,72628,3487,76115,1387
2021-05-25,San Luis Obispo,079,281455,21405,21153,734,21887,256
2021-05-25,San Mateo,081,765935,42325,42268,468,42736,435
2021-05-25,Santa Barbara,083,443738,34443,34337,1113,35450,459
2021-05-25,Santa Clara,085,1922200,118613,119393,742,120135,2032
2021-05-25,Santa Cruz,087,273765,16241,16141,797,16938,207
2021-05-25,Shasta,089,179085,12312,12328,1565,13893,202
2021-05-25,Sierra,091,2930,56,54,12,66,0
2021-05-25,Siskiyou,093,43540,1929,1845,352,2197,18
2021-05-25,Solano,095,438530,32823,32817,550,33367,256
2021-05-25,Sonoma,097,501317,30068,30207,328,30535,321
2021-05-25,Stanislaus,099,539301,56381,56168,5873,62041,974
2021-05-25,Sutter,101,95872,9458,9495,84,9579,112
2021-05-25,Tehama,103,63373,5085,5048,565,5613,63
2021-05-25,Trinity,105,12862,483,328,90,418,3
2021-05-25,Tulare,107,460477,50224,49326,8870,58196,838
2021-05-25,Tuolumne,109,53932,4034,4084,42,4126,66
2021-05-25,Ventura,111,848112,81364,80905,2947,83852,1022
2021-05-25,Yolo,113,214977,14021,14018,236,14254,213
2021-05-25,Yuba,115,75493,6057,6028,120,6148,49
2021-05-24,Alameda,001,1643700,88097,88182,1910,90092,1263
2021-05-24,Alpine,003,1148,87,88,0,88,0
2021-05-24,Amador,005,37829,3668,3675,32,3707,46
2021-05-24,Butte,007,227075,12517,12279,1836,14115,189
2021-05-24,Calaveras,009,45235,2162,2146,13,2159,54
2021-05-24,Colusa,011,21464,1944,1949,310,2259,15
2021-05-24,Contra Costa,013,1133247,69564,69107,1253,70360,809
2021-05-24,Del Norte,015,27424,1417,1384,12,1396,8
2021-05-24,El Dorado,017,186661,10304,10227,739,10966,112
2021-05-24,Fresno,019,978130,102684,102289,8589,110878,1698
2021-05-24,Glenn,021,27897,2434,2413,554,2967,17
2021-05-24,Humboldt,023,135768,4259,4225,36,4261,42
2021-05-24,Imperial,025,180216,28606,28575,2681,31256,735
2021-05-24,Inyo,027,18085,1404,1402,12,1414,36
2021-05-24,Kern,029,883053,97284,96296,10806,107102,1319
2021-05-24,Kings,031,150075,23143,22940,1073,24013,246
2021-05-24,Lake,033,64148,3527,3506,9,3515,43
2021-05-24,Lassen,035,31185,5206,5163,112,5275,6
2021-05-24,Los Angeles,037,10098052,1206938,1197782,40423,1238205,24201
2021-05-24,Madera,039,155013,16619,16513,925,17438,239
2021-05-24,Marin,041,260295,14103,14051,251,14302,227
2021-05-24,Mariposa,043,17540,430,427,11,438,5
2021-05-24,Mendocino,045,87422,3997,3919,83,4002,47
2021-05-24,Merced,047,269075,30992,31128,1027,32155,455
2021-05-24,Modoc,049,8938,375,366,128,494,3
2021-05-24,Mono,051,14174,1264,1270,17,1287,3
2021-05-24,Monterey,053,433212,43161,43005,1829,44834,379
2021-05-24,Napa,055,140530,9886,9924,33,9957,82
2021-05-24,Nevada,057,99092,4821,4790,188,4978,70
2021-05-24,Orange,059,3164182,255421,254287,11228,265515,5056
2021-05-24,Placer,061,380077,23281,22895,1488,24383,292
2021-05-24,Plumas,063,18699,704,683,11,694,4
2021-05-24,Riverside,065,2383286,294088,288669,13840,302509,4442
2021-05-24,Sacramento,067,1510023,106083,105716,1733,107449,1632
2021-05-24,San Benito,069,59416,6054,6072,112,6184,63
2021-05-24,San Bernardino,071,2135413,293210,292343,8917,301260,4747
2021-05-24,San Diego,073,3302833,280697,279715,14945,294660,3749
2021-05-24,San Francisco,075,870044,36704,36934,1265,38199,547
2021-05-24,San Joaquin,077,732212,73108,72586,3487,76073,1371
2021-05-24,San Luis Obispo,079,281455,21387,21146,733,21879,256
2021-05-24,San Mateo,081,765935,42315,42249,468,42717,433
2021-05-24,Santa Barbara,083,443738,34438,34322,1113,35435,459
2021-05-24,Santa Clara,085,1922200,118581,119358,742,120100,2030
2021-05-24,Santa Cruz,087,273765,16235,16135,797,16932,207
2021-05-24,Shasta,089,179085,12295,12315,1562,13877,201
2021-05-24,Sierra,091,2930,56,54,12,66,0
2021-05-24,Siskiyou,093,43540,1926,1840,352,2192,17
2021-05-24,Solano,095,438530,32799,32792,549,33341,254
2021-05-24,Sonoma,097,501317,30053,30187,328,30515,321
2021-05-24,Stanislaus,099,539301,56347,56128,5869,61997,974
2021-05-24,Sutter,101,95872,9452,9486,84,9570,113
2021-05-24,Tehama,103,63373,5082,5043,563,5606,63
2021-05-24,Trinity,105,12862,483,328,90,418,3
2021-05-24,Tulare,107,460477,50217,49318,8866,58184,838
2021-05-24,Tuolumne,109,53932,4034,4083,42,4125,65
2021-05-24,Ventura,111,848112,81351,80876,2945,83821,1022
2021-05-24,Yolo,113,214977,14004,14012,234,14246,213
2021-05-24,Yuba,115,75493,6048,6022,120,6142,49
2021-05-23,Alameda,001,1643700,88034,88157,1908,90065,1263
2021-05-23,Alpine,003,1148,87,88,0,88,0
2021-05-23,Amador,005,37829,3667,3673,32,3705,46
2021-05-23,Butte,007,227075,12503,12271,1835,14106,189
2021-05-23,Calaveras,009,45235,2154,2144,13,2157,54
2021-05-23,Colusa,011,21464,1944,1949,308,2257,15
2021-05-23,Contra Costa,013,1133247,69520,69075,1251,70326,809
2021-05-23,Del Norte,015,27424,1413,1383,12,1395,8
2021-05-23,El Dorado,017,186661,10298,10222,739,10961,112
2021-05-23,Fresno,019,978130,102639,102270,8584,110854,1698
2021-05-23,Glenn,021,27897,2432,2413,554,2967,17
2021-05-23,Humboldt,023,135768,4241,4216,36,4252,42
2021-05-23,Imperial,025,180216,28600,28569,2680,31249,735
2021-05-23,Inyo,027,18085,1404,1402,12,1414,36
2021-05-23,Kern,029,883053,97260,96282,10798,107080,1319
2021-05-23,Kings,031,150075,23130,22939,1071,24010,246
2021-05-23,Lake,033,64148,3524,3504,9,3513,43
2021-05-23,Lassen,035,31185,5202,5163,111,5274,6
2021-05-23,Los Angeles,037,10098052,1206749,1197633,40412,1238045,24197
2021-05-23,Madera,039,155013,16613,16504,925,17429,239
2021-05-23,Marin,041,260295,14094,14048,250,14298,227
2021-05-23,Mariposa,043,17540,430,427,11,438,5
2021-05-23,Mendocino,045,87422,3991,3913,82,3995,47
2021-05-23,Merced,047,269075,30983,31118,1027,32145,455
2021-05-23,Modoc,049,8938,371,366,128,494,3
2021-05-23,Mono,051,14174,1263,1270,17,1287,3
2021-05-23,Monterey,053,433212,43151,43003,1829,44832,379
2021-05-23,Napa,055,140530,9882,9923,33,9956,82
2021-05-23,Nevada,057,99092,4811,4790,188,4978,70
2021-05-23,Orange,059,3164182,255383,254277,11222,265499,5050
2021-05-23,Placer,061,380077,23261,22888,1488,24376,292
2021-05-23,Plumas,063,18699,703,683,11,694,4
2021-05-23,Riverside,065,2383286,294020,288641,13836,302477,4442
2021-05-23,Sacramento,067,1510023,105967,105663,1730,107393,1632
2021-05-23,San Benito,069,59416,6053,6072,112,6184,63
2021-05-23,San Bernardino,071,2135413,293159,292327,8916,301243,4747
2021-05-23,San Diego,073,3302833,280607,279690,14934,294624,3751
2021-05-23,San Francisco,075,870044,36693,36927,1264,38191,547
2021-05-23,San Joaquin,077,732212,73059,72571,3485,76056,1371
2021-05-23,San Luis Obispo,079,281455,21377,21141,732,21873,256
2021-05-23,San Mateo,081,765935,42298,42248,468,42716,433
2021-05-23,Santa Barbara,083,443738,34431,34319,1113,35432,459
2021-05-23,Santa Clara,085,1922200,118557,119333,742,120075,2030
2021-05-23,Santa Cruz,087,273765,16232,16130,797,16927,207
2021-05-23,Shasta,089,179085,12278,12313,1558,13871,201
2021-05-23,Sierra,091,2930,56,54,12,66,0
2021-05-23,Siskiyou,093,43540,1921,1826,345,2171,17
2021-05-23,Solano,095,438530,32781,32780,548,33328,254
2021-05-23,Sonoma,097,501317,30024,30168,327,30495,321
2021-05-23,Stanislaus,099,539301,56299,56104,5866,61970,974
2021-05-23,Sutter,101,95872,9443,9479,84,9563,113
2021-05-23,Tehama,103,63373,5075,5041,561,5602,63
2021-05-23,Trinity,105,12862,483,328,90,418,3
2021-05-23,Tulare,107,460477,50203,49310,8862,58172,838
2021-05-23,Tuolumne,109,53932,4031,4081,42,4123,65
2021-05-23,Ventura,111,848112,81321,80872,2944,83816,1022
2021-05-23,Yolo,113,214977,13992,14004,231,14235,213
2021-05-23,Yuba,115,75493,6043,6017,120,6137,49
2021-05-22,Alameda,001,1643700,88007,88101,1908,90009,1263
2021-05-22,Alpine,003,1148,87,88,0,88,0
2021-05-22,Amador,005,37829,3666,3672,32,3704,46
2021-05-22,Butte,007,227075,12491,12265,1834,14099,189
2021-05-22,Calaveras,009,45235,2150,2141,13,2154,54
2021-05-22,Colusa,011,21464,1940,1949,307,2256,15
2021-05-22,Contra Costa,013,1133247,69487,69004,1250,70254,809
2021-05-22,Del Norte,015,27424,1412,1381,12,1393,8
2021-05-22,El Dorado,017,186661,10293,10215,738,10953,112
2021-05-22,Fresno,019,978130,102625,102238,8582,110820,1698
2021-05-22,Glenn,021,27897,2432,2412,554,2966,17
2021-05-22,Humboldt,023,135768,4232,4194,35,4229,42
2021-05-22,Imperial,025,180216,28591,28574,2680,31254,735
2021-05-22,Inyo,027,18085,1404,1402,12,1414,36
2021-05-22,Kern,029,883053,97248,96260,10791,107051,1319
2021-05-22,Kings,031,150075,23130,22936,1071,24007,246
2021-05-22,Lake,033,64148,3521,3502,9,3511,43
2021-05-22,Lassen,035,31185,5202,5163,111,5274,6
2021-05-22,Los Angeles,037,10098052,1206640,1197454,40404,1237858,24192
2021-05-22,Madera,039,155013,16610,16503,925,17428,239
2021-05-22,Marin,041,260295,14091,14043,250,14293,227
2021-05-22,Mariposa,043,17540,430,427,11,438,5
2021-05-22,Mendocino,045,87422,3985,3908,82,3990,47
2021-05-22,Merced,047,269075,30973,31099,1027,32126,455
2021-05-22,Modoc,049,8938,371,366,128,494,3
2021-05-22,Mono,051,14174,1261,1270,17,1287,3
2021-05-22,Monterey,053,433212,43145,42998,1829,44827,379
2021-05-22,Napa,055,140530,9881,9918,33,9951,82
2021-05-22,Nevada,057,99092,4804,4787,187,4974,70
2021-05-22,Orange,059,3164182,255362,254238,11217,265455,5048
2021-05-22,Placer,061,380077,23247,22865,1487,24352,292
2021-05-22,Plumas,063,18699,702,683,11,694,4
2021-05-22,Riverside,065,2383286,293988,288580,13835,302415,4442
2021-05-22,Sacramento,067,1510023,105892,105551,1727,107278,1632
2021-05-22,San Benito,069,59416,6053,6071,112,6183,63
2021-05-22,San Bernardino,071,2135413,293134,292292,8916,301208,4747
2021-05-22,San Diego,073,3302833,280548,279614,14926,294540,3751
2021-05-22,San Francisco,075,870044,36683,36906,1262,38168,547
2021-05-22,San Joaquin,077,732212,73037,72528,3482,76010,1371
2021-05-22,San Luis Obispo,079,281455,21369,21134,731,21865,256
2021-05-22,San Mateo,081,765935,42288,42218,468,42686,433
2021-05-22,Santa Barbara,083,443738,34427,34313,1112,35425,459
2021-05-22,Santa Clara,085,1922200,118534,119292,742,120034,2030
2021-05-22,Santa Cruz,087,273765,16232,16125,797,16922,207
2021-05-22,Shasta,089,179085,12271,12307,1555,13862,201
2021-05-22,Sierra,091,2930,56,54,12,66,0
2021-05-22,Siskiyou,093,43540,1920,1824,344,2168,17
2021-05-22,Solano,095,438530,32768,32753,548,33301,254
2021-05-22,Sonoma,097,501317,30012,30154,327,30481,321
2021-05-22,Stanislaus,099,539301,56275,56069,5865,61934,974
2021-05-22,Sutter,101,95872,9438,9476,84,9560,113
2021-05-22,Tehama,103,63373,5074,5036,561,5597,63
2021-05-22,Trinity,105,12862,483,328,90,418,3
2021-05-22,Tulare,107,460477,50198,49299,8857,58156,838
2021-05-22,Tuolumne,109,53932,4031,4078,42,4120,65
2021-05-22,Ventura,111,848112,81317,80859,2944,83803,1022
2021-05-22,Yolo,113,214977,13990,13997,231,14228,213
2021-05-22,Yuba,115,75493,6040,6010,120,6130,49
2021-05-21,Alameda,001,1643700,87981,88041,1907,89948,1263
2021-05-21,Alpine,003,1148,87,88,0,88,0
2021-05-21,Amador,005,37829,3663,3672,32,3704,46
2021-05-21,Butte,007,227075,12485,12236,1832,14068,188
2021-05-21,Calaveras,009,45235,2148,2138,13,2151,54
2021-05-21,Colusa,011,21464,1940,1947,307,2254,15
2021-05-21,Contra Costa,013,1133247,69444,68965,1249,70214,810
2021-05-21,Del Norte,015,27424,1411,1376,12,1388,8
2021-05-21,El Dorado,017,186661,10289,10204,738,10942,112
2021-05-21,Fresno,019,978130,102597,102189,8580,110769,1698
2021-05-21,Glenn,021,27897,2431,2408,554,2962,17
2021-05-21,Humboldt,023,135768,4225,4175,35,4210,42
2021-05-21,Imperial,025,180216,28584,28572,2679,31251,732
2021-05-21,Inyo,027,18085,1404,1402,12,1414,36
2021-05-21,Kern,029,883053,97234,96233,10784,107017,1318
2021-05-21,Kings,031,150075,23130,22927,1071,23998,246
2021-05-21,Lake,033,64148,3519,3500,9,3509,43
2021-05-21,Lassen,035,31185,5201,5161,111,5272,6
2021-05-21,Los Angeles,037,10098052,1206522,1197263,40396,1237659,24180
2021-05-21,Madera,039,155013,16609,16500,924,17424,238
2021-05-21,Marin,041,260295,14086,14042,250,14292,227
2021-05-21,Mariposa,043,17540,429,427,11,438,5
2021-05-21,Mendocino,045,87422,3980,3897,82,3979,47
2021-05-21,Merced,047,269075,30965,31076,1027,32103,455
2021-05-21,Modoc,049,8938,371,365,128,493,3
2021-05-21,Mono,051,14174,1261,1269,17,1286,3
2021-05-21,Monterey,053,433212,43143,42995,1829,44824,379
2021-05-21,Napa,055,140530,9877,9913,33,9946,82
2021-05-21,Nevada,057,99092,4803,4779,187,4966,70
2021-05-21,Orange,059,3164182,255342,254171,11215,265386,5042
2021-05-21,Placer,061,380077,23238,22853,1487,24340,292
2021-05-21,Plumas,063,18699,702,683,10,693,4
2021-05-21,Riverside,065,2383286,293961,288499,13828,302327,4442
2021-05-21,Sacramento,067,1510023,105824,105476,1724,107200,1632
2021-05-21,San Benito,069,59416,6053,6068,112,6180,63
2021-05-21,San Bernardino,071,2135413,293102,292205,8914,301119,4744
2021-05-21,San Diego,073,3302833,280475,279554,14916,294470,3748
2021-05-21,San Francisco,075,870044,36678,36879,1262,38141,546
2021-05-21,San Joaquin,077,732212,73017,72467,3480,75947,1371
2021-05-21,San Luis Obispo,079,281455,21363,21128,728,21856,256
2021-05-21,San Mateo,081,765935,42275,42163,467,42630,432
2021-05-21,Santa Barbara,083,443738,34422,34302,1112,35414,459
2021-05-21,Santa Clara,085,1922200,118507,119247,742,119989,2029
2021-05-21,Santa Cruz,087,273765,16228,16120,797,16917,207
2021-05-21,Shasta,089,179085,12254,12289,1553,13842,201
2021-05-21,Sierra,091,2930,56,54,12,66,0
2021-05-21,Siskiyou,093,43540,1919,1815,344,2159,16
2021-05-21,Solano,095,438530,32753,32742,548,33290,254
2021-05-21,Sonoma,097,501317,29999,30126,327,30453,321
2021-05-21,Stanislaus,099,539301,56245,56036,5863,61899,975
2021-05-21,Sutter,101,95872,9436,9470,84,9554,113
2021-05-21,Tehama,103,63373,5068,5030,561,5591,63
2021-05-21,Trinity,105,12862,483,329,89,418,3
2021-05-21,Tulare,107,460477,50193,49271,8855,58126,838
2021-05-21,Tuolumne,109,53932,4029,4079,42,4121,65
2021-05-21,Ventura,111,848112,81309,80821,2941,83762,1021
2021-05-21,Yolo,113,214977,13984,13983,231,14214,213
2021-05-21,Yuba,115,75493,6034,6006,120,6126,49
2021-05-20,Alameda,001,1643700,87938,87975,1905,89880,1264
2021-05-20,Alpine,003,1148,87,88,0,88,0
2021-05-20,Amador,005,37829,3662,3671,32,3703,46
2021-05-20,Butte,007,227075,12478,12220,1829,14049,188
2021-05-20,Calaveras,009,45235,2144,2138,13,2151,54
2021-05-20,Colusa,011,21464,1939,1946,305,2251,15
2021-05-20,Contra Costa,013,1133247,69399,68913,1247,70160,809
2021-05-20,Del Norte,015,27424,1411,1373,12,1385,8
2021-05-20,El Dorado,017,186661,10279,10188,738,10926,112
2021-05-20,Fresno,019,978130,102575,102135,8578,110713,1696
2021-05-20,Glenn,021,27897,2428,2406,554,2960,17
2021-05-20,Humboldt,023,135768,4208,4162,34,4196,42
2021-05-20,Imperial,025,180216,28579,28551,2679,31230,732
2021-05-20,Inyo,027,18085,1404,1402,12,1414,36
2021-05-20,Kern,029,883053,97213,96204,10777,106981,1317
2021-05-20,Kings,031,150075,23128,22922,1071,23993,246
2021-05-20,Lake,033,64148,3516,3500,9,3509,43
2021-05-20,Lassen,035,31185,5199,5160,110,5270,6
2021-05-20,Los Angeles,037,10098052,1206365,1197073,40386,1237459,24168
2021-05-20,Madera,039,155013,16603,16499,922,17421,238
2021-05-20,Marin,041,260295,14082,14036,249,14285,227
2021-05-20,Mariposa,043,17540,429,426,11,437,5
2021-05-20,Mendocino,045,87422,3973,3897,82,3979,47
2021-05-20,Merced,047,269075,30952,31046,1026,32072,454
2021-05-20,Modoc,049,8938,371,365,128,493,3
2021-05-20,Mono,051,14174,1260,1269,17,1286,3
2021-05-20,Monterey,053,433212,43137,42984,1828,44812,379
2021-05-20,Napa,055,140530,9874,9913,33,9946,82
2021-05-20,Nevada,057,99092,4802,4775,187,4962,70
2021-05-20,Orange,059,3164182,255299,254127,11212,265339,5038
2021-05-20,Placer,061,380077,23225,22823,1486,24309,292
2021-05-20,Plumas,063,18699,700,682,10,692,4
2021-05-20,Riverside,065,2383286,293913,288453,13823,302276,4442
2021-05-20,Sacramento,067,1510023,105728,105414,1721,107135,1629
2021-05-20,San Benito,069,59416,6052,6067,112,6179,63
2021-05-20,San Bernardino,071,2135413,293056,292153,8913,301066,4728
2021-05-20,San Diego,073,3302833,280387,279490,14904,294394,3749
2021-05-20,San Francisco,075,870044,36669,36860,1262,38122,546
2021-05-20,San Joaquin,077,732212,72979,72388,3478,75866,1371
2021-05-20,San Luis Obispo,079,281455,21351,21095,726,21821,256
2021-05-20,San Mateo,081,765935,42261,42152,465,42617,432
2021-05-20,Santa Barbara,083,443738,34418,34293,1112,35405,459
2021-05-20,Santa Clara,085,1922200,118486,119222,742,119964,2029
2021-05-20,Santa Cruz,087,273765,16223,16119,797,16916,207
2021-05-20,Shasta,089,179085,12241,12266,1550,13816,200
2021-05-20,Sierra,091,2930,56,54,12,66,0
2021-05-20,Siskiyou,093,43540,1912,1811,343,2154,16
2021-05-20,Solano,095,438530,32738,32725,548,33273,253
2021-05-20,Sonoma,097,501317,29982,30107,326,30433,321
2021-05-20,Stanislaus,099,539301,56216,55979,5861,61840,970
2021-05-20,Sutter,101,95872,9432,9467,84,9551,113
2021-05-20,Tehama,103,63373,5066,5029,561,5590,63
2021-05-20,Trinity,105,12862,483,329,88,417,3
2021-05-20,Tulare,107,460477,50182,49217,8852,58069,837
2021-05-20,Tuolumne,109,53932,4028,4077,42,4119,65
2021-05-20,Ventura,111,848112,81298,80800,2941,83741,1019
2021-05-20,Yolo,113,214977,13979,13973,231,14204,211
2021-05-20,Yuba,115,75493,6025,6002,120,6122,49
2021-05-19,Alameda,001,1643700,87899,87889,1904,89793,1260
2021-05-19,Alpine,003,1148,87,88,0,88,0
2021-05-19,Amador,005,37829,3662,3669,32,3701,46
2021-05-19,Butte,007,227075,12467,12198,1829,14027,188
2021-05-19,Calaveras,009,45235,2140,2132,13,2145,54
2021-05-19,Colusa,011,21464,1939,1945,303,2248,15
2021-05-19,Contra Costa,013,1133247,69352,68836,1247,70083,808
2021-05-19,Del Norte,015,27424,1409,1371,12,1383,8
2021-05-19,El Dorado,017,186661,10274,10179,737,10916,112
2021-05-19,Fresno,019,978130,102544,102085,8575,110660,1693
2021-05-19,Glenn,021,27897,2428,2404,554,2958,17
2021-05-19,Humboldt,023,135768,4198,4143,34,4177,42
2021-05-19,Imperial,025,180216,28570,28550,2679,31229,732
2021-05-19,Inyo,027,18085,1404,1402,12,1414,36
2021-05-19,Kern,029,883053,97184,96173,10770,106943,1316
2021-05-19,Kings,031,150075,23122,22919,1071,23990,246
2021-05-19,Lake,033,64148,3516,3497,9,3506,43
2021-05-19,Lassen,035,31185,5198,5157,110,5267,6
2021-05-19,Los Angeles,037,10098052,1206168,1196856,40372,1237228,24143
2021-05-19,Madera,039,155013,16600,16496,922,17418,238
2021-05-19,Marin,041,260295,14078,14033,247,14280,227
2021-05-19,Mariposa,043,17540,429,425,11,436,5
2021-05-19,Mendocino,045,87422,3969,3886,82,3968,47
2021-05-19,Merced,047,269075,30936,31044,1026,32070,452
2021-05-19,Modoc,049,8938,371,364,125,489,3
2021-05-19,Mono,051,14174,1260,1266,17,1283,3
2021-05-19,Monterey,053,433212,43132,42973,1827,44800,379
2021-05-19,Napa,055,140530,9871,9906,33,9939,82
2021-05-19,Nevada,057,99092,4800,4769,187,4956,70
2021-05-19,Orange,059,3164182,255262,254087,11202,265289,5035
2021-05-19,Placer,061,380077,23206,22784,1481,24265,291
2021-05-19,Plumas,063,18699,700,682,10,692,4
2021-05-19,Riverside,065,2383286,293867,288398,13821,302219,4442
2021-05-19,Sacramento,067,1510023,105649,105225,1720,106945,1629
2021-05-19,San Benito,069,59416,6051,6064,112,6176,63
2021-05-19,San Bernardino,071,2135413,293012,292078,8910,300988,4725
2021-05-19,San Diego,073,3302833,280302,279345,14883,294228,3746
2021-05-19,San Francisco,075,870044,36656,36835,1261,38096,546
2021-05-19,San Joaquin,077,732212,72936,72338,3473,75811,1369
2021-05-19,San Luis Obispo,079,281455,21343,21085,725,21810,256
2021-05-19,San Mateo,081,765935,42254,42126,465,42591,429
2021-05-19,Santa Barbara,083,443738,34410,34292,1112,35404,459
2021-05-19,Santa Clara,085,1922200,118446,119176,741,119917,2015
2021-05-19,Santa Cruz,087,273765,16219,16121,796,16917,207
2021-05-19,Shasta,089,179085,12223,12233,1547,13780,200
2021-05-19,Sierra,091,2930,56,54,12,66,0
2021-05-19,Siskiyou,093,43540,1909,1803,342,2145,16
2021-05-19,Solano,095,438530,32711,32678,546,33224,253
2021-05-19,Sonoma,097,501317,29967,30080,326,30406,321
2021-05-19,Stanislaus,099,539301,56196,55912,5856,61768,967
2021-05-19,Sutter,101,95872,9425,9459,83,9542,113
2021-05-19,Tehama,103,63373,5057,5026,557,5583,63
2021-05-19,Trinity,105,12862,483,329,88,417,3
2021-05-19,Tulare,107,460477,50169,49163,8847,58010,837
2021-05-19,Tuolumne,109,53932,4028,4074,42,4116,64
2021-05-19,Ventura,111,848112,81283,80747,2940,83687,1019
2021-05-19,Yolo,113,214977,13973,13961,230,14191,211
2021-05-19,Yuba,115,75493,6021,5993,120,6113,49
2021-05-18,Alameda,001,1643700,87825,87816,1904,89720,1254
2021-05-18,Alpine,003,1148,87,88,0,88,0
2021-05-18,Amador,005,37829,3662,3669,32,3701,46
2021-05-18,Butte,007,227075,12454,12164,1826,13990,191
2021-05-18,Calaveras,009,45235,2136,2131,13,2144,54
2021-05-18,Colusa,011,21464,1939,1943,303,2246,14
2021-05-18,Contra Costa,013,1133247,69295,68750,1246,69996,808
2021-05-18,Del Norte,015,27424,1406,1371,12,1383,8
2021-05-18,El Dorado,017,186661,10263,10169,736,10905,112
2021-05-18,Fresno,019,978130,102508,102056,8572,110628,1690
2021-05-18,Glenn,021,27897,2422,2403,553,2956,17
2021-05-18,Humboldt,023,135768,4180,4132,34,4166,42
2021-05-18,Imperial,025,180216,28565,28538,2677,31215,730
2021-05-18,Inyo,027,18085,1404,1401,12,1413,36
2021-05-18,Kern,029,883053,97151,96128,10756,106884,1315
2021-05-18,Kings,031,150075,23116,22916,1071,23987,247
2021-05-18,Lake,033,64148,3514,3495,9,3504,43
2021-05-18,Lassen,035,31185,5197,5157,109,5266,6
2021-05-18,Los Angeles,037,10098052,1205988,1196668,40361,1237029,24133
2021-05-18,Madera,039,155013,16590,16491,921,17412,238
2021-05-18,Marin,041,260295,14075,14026,247,14273,227
2021-05-18,Mariposa,043,17540,429,424,11,435,5
2021-05-18,Mendocino,045,87422,3957,3877,81,3958,47
2021-05-18,Merced,047,269075,30917,31036,1026,32062,452
2021-05-18,Modoc,049,8938,370,364,124,488,3
2021-05-18,Mono,051,14174,1259,1265,17,1282,3
2021-05-18,Monterey,053,433212,43126,43001,1827,44828,379
2021-05-18,Napa,055,140530,9871,9905,33,9938,82
2021-05-18,Nevada,057,99092,4793,4762,187,4949,70
2021-05-18,Orange,059,3164182,255222,254041,11192,265233,5031
2021-05-18,Placer,061,380077,23173,22726,1477,24203,291
2021-05-18,Plumas,063,18699,700,682,10,692,4
2021-05-18,Riverside,065,2383286,293812,288354,13814,302168,4438
2021-05-18,Sacramento,067,1510023,105547,105083,1718,106801,1629
2021-05-18,San Benito,069,59416,6050,6065,112,6177,63
2021-05-18,San Bernardino,071,2135413,292954,292014,8905,300919,4722
2021-05-18,San Diego,073,3302833,280194,279254,14874,294128,3742
2021-05-18,San Francisco,075,870044,36636,36818,1261,38079,546
2021-05-18,San Joaquin,077,732212,72889,72282,3469,75751,1368
2021-05-18,San Luis Obispo,079,281455,21333,21080,723,21803,256
2021-05-18,San Mateo,081,765935,42242,42099,464,42563,428
2021-05-18,Santa Barbara,083,443738,34401,34278,1112,35390,459
2021-05-18,Santa Clara,085,1922200,118419,119171,741,119912,2014
2021-05-18,Santa Cruz,087,273765,16211,16137,796,16933,207
2021-05-18,Shasta,089,179085,12205,12197,1541,13738,200
2021-05-18,Sierra,091,2930,56,54,12,66,0
2021-05-18,Siskiyou,093,43540,1908,1799,342,2141,16
2021-05-18,Solano,095,438530,32686,32644,546,33190,253
2021-05-18,Sonoma,097,501317,29947,30054,325,30379,321
2021-05-18,Stanislaus,099,539301,56160,55860,5856,61716,959
2021-05-18,Sutter,101,95872,9417,9453,83,9536,113
2021-05-18,Tehama,103,63373,5051,5020,555,5575,63
2021-05-18,Trinity,105,12862,483,329,87,416,3
2021-05-18,Tulare,107,460477,50161,49142,8842,57984,836
2021-05-18,Tuolumne,109,53932,4026,4073,42,4115,64
2021-05-18,Ventura,111,848112,81267,80726,2938,83664,1017
2021-05-18,Yolo,113,214977,13965,13951,230,14181,211
2021-05-18,Yuba,115,75493,6017,5989,120,6109,49
2021-05-17,Alameda,001,1643700,87772,87766,1901,89667,1253
2021-05-17,Alpine,003,1148,87,88,0,88,0
2021-05-17,Amador,005,37829,3659,3668,32,3700,46
2021-05-17,Butte,007,227075,12446,12144,1826,13970,192
2021-05-17,Calaveras,009,45235,2136,2131,13,2144,53
2021-05-17,Colusa,011,21464,1939,1943,303,2246,14
2021-05-17,Contra Costa,013,1133247,69240,68720,1245,69965,805
2021-05-17,Del Norte,015,27424,1401,1369,12,1381,8
2021-05-17,El Dorado,017,186661,10246,10163,736,10899,112
2021-05-17,Fresno,019,978130,102464,102013,8564,110577,1690
2021-05-17,Glenn,021,27897,2422,2401,553,2954,17
2021-05-17,Humboldt,023,135768,4169,4112,34,4146,42
2021-05-17,Imperial,025,180216,28559,28533,2675,31208,729
2021-05-17,Inyo,027,18085,1404,1401,12,1413,36
2021-05-17,Kern,029,883053,97122,96095,10738,106833,1315
2021-05-17,Kings,031,150075,23113,22918,1071,23989,246
2021-05-17,Lake,033,64148,3509,3489,9,3498,43
2021-05-17,Lassen,035,31185,5194,5156,108,5264,6
2021-05-17,Los Angeles,037,10098052,1205807,1196556,40355,1236911,24123
2021-05-17,Madera,039,155013,16583,16486,921,17407,238
2021-05-17,Marin,041,260295,14069,14021,247,14268,227
2021-05-17,Mariposa,043,17540,428,423,11,434,5
2021-05-17,Mendocino,045,87422,3948,3868,81,3949,46
2021-05-17,Merced,047,269075,30902,31031,1026,32057,450
2021-05-17,Modoc,049,8938,369,362,124,486,3
2021-05-17,Mono,051,14174,1255,1265,17,1282,3
2021-05-17,Monterey,053,433212,43119,42995,1827,44822,379
2021-05-17,Napa,055,140530,9870,9894,33,9927,82
2021-05-17,Nevada,057,99092,4789,4761,186,4947,70
2021-05-17,Orange,059,3164182,255175,253993,11185,265178,5031
2021-05-17,Placer,061,380077,23150,22706,1470,24176,289
2021-05-17,Plumas,063,18699,700,682,10,692,4
2021-05-17,Riverside,065,2383286,293743,288304,13810,302114,4433
2021-05-17,Sacramento,067,1510023,105440,105035,1716,106751,1629
2021-05-17,San Benito,069,59416,6047,6067,112,6179,63
2021-05-17,San Bernardino,071,2135413,292904,291989,8897,300886,4724
2021-05-17,San Diego,073,3302833,280062,279146,14852,293998,3742
2021-05-17,San Francisco,075,870044,36624,36816,1259,38075,546
2021-05-17,San Joaquin,077,732212,72851,72234,3466,75700,1359
2021-05-17,San Luis Obispo,079,281455,21324,21079,721,21800,256
2021-05-17,San Mateo,081,765935,42214,42083,464,42547,428
2021-05-17,Santa Barbara,083,443738,34394,34275,1112,35387,459
2021-05-17,Santa Clara,085,1922200,118382,119116,739,119855,2015
2021-05-17,Santa Cruz,087,273765,16208,16151,796,16947,206
2021-05-17,Shasta,089,179085,12183,12163,1540,13703,200
2021-05-17,Sierra,091,2930,56,54,12,66,0
2021-05-17,Siskiyou,093,43540,1899,1795,339,2134,15
2021-05-17,Solano,095,438530,32668,32627,545,33172,253
2021-05-17,Sonoma,097,501317,29924,30043,324,30367,321
2021-05-17,Stanislaus,099,539301,56112,55839,5849,61688,951
2021-05-17,Sutter,101,95872,9410,9447,83,9530,113
2021-05-17,Tehama,103,63373,5047,5016,554,5570,63
2021-05-17,Trinity,105,12862,483,328,87,415,3
2021-05-17,Tulare,107,460477,50139,49107,8837,57944,836
2021-05-17,Tuolumne,109,53932,4026,4071,42,4113,64
2021-05-17,Ventura,111,848112,81247,80699,2938,83637,1017
2021-05-17,Yolo,113,214977,13958,13941,230,14171,211
2021-05-17,Yuba,115,75493,6009,5987,120,6107,49
2021-05-16,Alameda,001,1643700,87708,87743,1901,89644,1253
2021-05-16,Alpine,003,1148,87,88,0,88,0
2021-05-16,Amador,005,37829,3658,3667,32,3699,46
2021-05-16,Butte,007,227075,12432,12140,1825,13965,192
2021-05-16,Calaveras,009,45235,2134,2129,13,2142,53
2021-05-16,Colusa,011,21464,1937,1943,303,2246,14
2021-05-16,Contra Costa,013,1133247,69172,68694,1243,69937,805
2021-05-16,Del Norte,015,27424,1398,1365,12,1377,8
2021-05-16,El Dorado,017,186661,10230,10159,735,10894,112
2021-05-16,Fresno,019,978130,102420,101987,8558,110545,1690
2021-05-16,Glenn,021,27897,2422,2401,552,2953,17
2021-05-16,Humboldt,023,135768,4155,4104,34,4138,42
2021-05-16,Imperial,025,180216,28548,28516,2674,31190,729
2021-05-16,Inyo,027,18085,1404,1401,12,1413,36
2021-05-16,Kern,029,883053,97089,96083,10718,106801,1315
2021-05-16,Kings,031,150075,23109,22918,1068,23986,246
2021-05-16,Lake,033,64148,3506,3489,9,3498,43
2021-05-16,Lassen,035,31185,5193,5156,108,5264,6
2021-05-16,Los Angeles,037,10098052,1205581,1196397,40339,1236736,24120
2021-05-16,Madera,039,155013,16578,16483,918,17401,238
2021-05-16,Marin,041,260295,14066,14015,247,14262,227
2021-05-16,Mariposa,043,17540,428,423,11,434,5
2021-05-16,Mendocino,045,87422,3938,3863,81,3944,46
2021-05-16,Merced,047,269075,30881,31023,1024,32047,450
2021-05-16,Modoc,049,8938,369,362,124,486,3
2021-05-16,Mono,051,14174,1255,1265,17,1282,3
2021-05-16,Monterey,053,433212,43114,42991,1827,44818,379
2021-05-16,Napa,055,140530,9867,9891,33,9924,82
2021-05-16,Nevada,057,99092,4785,4755,186,4941,70
2021-05-16,Orange,059,3164182,255143,253962,11182,265144,5031
2021-05-16,Placer,061,380077,23118,22696,1464,24160,289
2021-05-16,Plumas,063,18699,699,682,10,692,4
2021-05-16,Riverside,065,2383286,293667,288259,13801,302060,4433
2021-05-16,Sacramento,067,1510023,105326,105013,1714,106727,1628
2021-05-16,San Benito,069,59416,6046,6067,111,6178,63
2021-05-16,San Bernardino,071,2135413,292832,291940,8895,300835,4724
2021-05-16,San Diego,073,3302833,279944,279099,14839,293938,3742
2021-05-16,San Francisco,075,870044,36600,36808,1258,38066,546
2021-05-16,San Joaquin,077,732212,72802,72218,3461,75679,1359
2021-05-16,San Luis Obispo,079,281455,21316,21072,720,21792,256
2021-05-16,San Mateo,081,765935,42203,42063,463,42526,428
2021-05-16,Santa Barbara,083,443738,34387,34270,1112,35382,459
2021-05-16,Santa Clara,085,1922200,118353,119098,738,119836,2015
2021-05-16,Santa Cruz,087,273765,16206,16143,796,16939,206
2021-05-16,Shasta,089,179085,12167,12156,1536,13692,200
2021-05-16,Sierra,091,2930,56,54,12,66,0
2021-05-16,Siskiyou,093,43540,1895,1790,338,2128,15
2021-05-16,Solano,095,438530,32635,32619,543,33162,253
2021-05-16,Sonoma,097,501317,29905,30033,324,30357,321
2021-05-16,Stanislaus,099,539301,56059,55814,5838,61652,951
2021-05-16,Sutter,101,95872,9403,9445,83,9528,113
2021-05-16,Tehama,103,63373,5043,5013,553,5566,63
2021-05-16,Trinity,105,12862,483,328,87,415,3
2021-05-16,Tulare,107,460477,50122,49091,8834,57925,837
2021-05-16,Tuolumne,109,53932,4022,4070,42,4112,64
2021-05-16,Ventura,111,848112,81216,80689,2938,83627,1017
2021-05-16,Yolo,113,214977,13943,13938,230,14168,211
2021-05-16,Yuba,115,75493,6006,5987,120,6107,49
2021-05-15,Alameda,001,1643700,87682,87677,1900,89577,1252
2021-05-15,Alpine,003,1148,87,88,0,88,0
2021-05-15,Amador,005,37829,3658,3666,32,3698,46
2021-05-15,Butte,007,227075,12425,12095,1824,13919,192
2021-05-15,Calaveras,009,45235,2133,2126,13,2139,53
2021-05-15,Colusa,011,21464,1937,1941,301,2242,14
2021-05-15,Contra Costa,013,1133247,69126,68658,1243,69901,805
2021-05-15,Del Norte,015,27424,1393,1359,12,1371,8
2021-05-15,El Dorado,017,186661,10218,10156,734,10890,112
2021-05-15,Fresno,019,978130,102383,101957,8556,110513,1690
2021-05-15,Glenn,021,27897,2422,2400,552,2952,17
2021-05-15,Humboldt,023,135768,4145,4080,34,4114,42
2021-05-15,Imperial,025,180216,28545,28504,2673,31177,729
2021-05-15,Inyo,027,18085,1404,1402,12,1414,36
2021-05-15,Kern,029,883053,97075,96061,10704,106765,1315
2021-05-15,Kings,031,150075,23108,22913,1068,23981,246
2021-05-15,Lake,033,64148,3505,3485,9,3494,43
2021-05-15,Lassen,035,31185,5190,5156,107,5263,6
2021-05-15,Los Angeles,037,10098052,1205458,1196255,40326,1236581,24115
2021-05-15,Madera,039,155013,16575,16482,918,17400,238
2021-05-15,Marin,041,260295,14062,14012,247,14259,227
2021-05-15,Mariposa,043,17540,428,423,11,434,5
2021-05-15,Mendocino,045,87422,3935,3861,81,3942,46
2021-05-15,Merced,047,269075,30860,31012,1024,32036,450
2021-05-15,Modoc,049,8938,369,362,124,486,3
2021-05-15,Mono,051,14174,1255,1265,17,1282,3
2021-05-15,Monterey,053,433212,43110,42982,1827,44809,379
2021-05-15,Napa,055,140530,9864,9887,33,9920,82
2021-05-15,Nevada,057,99092,4784,4755,186,4941,70
2021-05-15,Orange,059,3164182,255116,253919,11175,265094,5030
2021-05-15,Placer,061,380077,23097,22688,1464,24152,289
2021-05-15,Plumas,063,18699,699,681,10,691,4
2021-05-15,Riverside,065,2383286,293625,288203,13796,301999,4433
2021-05-15,Sacramento,067,1510023,105254,104929,1711,106640,1628
2021-05-15,San Benito,069,59416,6046,6066,111,6177,63
2021-05-15,San Bernardino,071,2135413,292790,291892,8893,300785,4724
2021-05-15,San Diego,073,3302833,279873,278991,14824,293815,3737
2021-05-15,San Francisco,075,870044,36584,36795,1256,38051,546
2021-05-15,San Joaquin,077,732212,72776,72197,3459,75656,1359
2021-05-15,San Luis Obispo,079,281455,21313,21061,719,21780,256
2021-05-15,San Mateo,081,765935,42187,42059,463,42522,428
2021-05-15,Santa Barbara,083,443738,34379,34259,1112,35371,459
2021-05-15,Santa Clara,085,1922200,118332,119060,738,119798,2016
2021-05-15,Santa Cruz,087,273765,16202,16137,796,16933,206
2021-05-15,Shasta,089,179085,12155,12152,1533,13685,200
2021-05-15,Sierra,091,2930,56,54,12,66,0
2021-05-15,Siskiyou,093,43540,1889,1788,336,2124,15
2021-05-15,Solano,095,438530,32626,32604,542,33146,253
2021-05-15,Sonoma,097,501317,29886,30020,324,30344,321
2021-05-15,Stanislaus,099,539301,56028,55795,5831,61626,952
2021-05-15,Sutter,101,95872,9401,9436,83,9519,113
2021-05-15,Tehama,103,63373,5039,5012,552,5564,63
2021-05-15,Trinity,105,12862,483,328,87,415,3
2021-05-15,Tulare,107,460477,50112,49080,8830,57910,837
2021-05-15,Tuolumne,109,53932,4020,4064,42,4106,63
2021-05-15,Ventura,111,848112,81205,80662,2938,83600,1017
2021-05-15,Yolo,113,214977,13936,13932,229,14161,211
2021-05-15,Yuba,115,75493,6003,5979,119,6098,49
2021-05-14,Alameda,001,1643700,87648,87621,1898,89519,1249
2021-05-14,Alpine,003,1148,87,88,0,88,0
2021-05-14,Amador,005,37829,3658,3665,32,3697,46
2021-05-14,Butte,007,227075,12416,12076,1821,13897,192
2021-05-14,Calaveras,009,45235,2129,2121,13,2134,53
2021-05-14,Colusa,011,21464,1936,1940,300,2240,14
2021-05-14,Contra Costa,013,1133247,69084,68589,1241,69830,806
2021-05-14,Del Norte,015,27424,1393,1355,12,1367,8
2021-05-14,El Dorado,017,186661,10211,10143,733,10876,113
2021-05-14,Fresno,019,978130,102354,101917,8550,110467,1688
2021-05-14,Glenn,021,27897,2421,2398,552,2950,17
2021-05-14,Humboldt,023,135768,4138,4050,34,4084,37
2021-05-14,Imperial,025,180216,28538,28485,2672,31157,728
2021-05-14,Inyo,027,18085,1404,1400,12,1412,36
2021-05-14,Kern,029,883053,97045,96033,10695,106728,1311
2021-05-14,Kings,031,150075,23107,22910,1068,23978,246
2021-05-14,Lake,033,64148,3501,3483,9,3492,43
2021-05-14,Lassen,035,31185,5190,5154,107,5261,6
2021-05-14,Los Angeles,037,10098052,1205323,1196038,40321,1236359,24101
2021-05-14,Madera,039,155013,16572,16474,918,17392,238
2021-05-14,Marin,041,260295,14058,14010,247,14257,227
2021-05-14,Mariposa,043,17540,428,422,11,433,5
2021-05-14,Mendocino,045,87422,3933,3855,81,3936,46
2021-05-14,Merced,047,269075,30850,31010,1024,32034,450
2021-05-14,Modoc,049,8938,369,362,124,486,3
2021-05-14,Mono,051,14174,1254,1265,17,1282,3
2021-05-14,Monterey,053,433212,43105,42973,1827,44800,380
2021-05-14,Napa,055,140530,9861,9883,33,9916,82
2021-05-14,Nevada,057,99092,4779,4745,186,4931,70
2021-05-14,Orange,059,3164182,255082,253855,11168,265023,5028
2021-05-14,Placer,061,380077,23078,22660,1458,24118,287
2021-05-14,Plumas,063,18699,698,680,10,690,4
2021-05-14,Riverside,065,2383286,293575,288140,13793,301933,4433
2021-05-14,Sacramento,067,1510023,105165,104828,1710,106538,1627
2021-05-14,San Benito,069,59416,6046,6064,111,6175,63
2021-05-14,San Bernardino,071,2135413,292742,291834,8893,300727,4721
2021-05-14,San Diego,073,3302833,279800,278853,14813,293666,3732
2021-05-14,San Francisco,075,870044,36575,36771,1252,38023,545
2021-05-14,San Joaquin,077,732212,72744,72160,3452,75612,1359
2021-05-14,San Luis Obispo,079,281455,21309,21051,719,21770,256
2021-05-14,San Mateo,081,765935,42177,42041,463,42504,428
2021-05-14,Santa Barbara,083,443738,34369,34243,1112,35355,456
2021-05-14,Santa Clara,085,1922200,118303,119006,738,119744,2014
2021-05-14,Santa Cruz,087,273765,16197,16130,796,16926,207
2021-05-14,Shasta,089,179085,12149,12130,1528,13658,200
2021-05-14,Sierra,091,2930,56,54,12,66,0
2021-05-14,Siskiyou,093,43540,1882,1779,335,2114,14
2021-05-14,Solano,095,438530,32606,32585,541,33126,252
2021-05-14,Sonoma,097,501317,29867,30007,324,30331,321
2021-05-14,Stanislaus,099,539301,55993,55752,5825,61577,950
2021-05-14,Sutter,101,95872,9392,9433,81,9514,113
2021-05-14,Tehama,103,63373,5032,5005,552,5557,63
2021-05-14,Trinity,105,12862,483,328,87,415,3
2021-05-14,Tulare,107,460477,50095,49060,8825,57885,836
2021-05-14,Tuolumne,109,53932,4020,4060,42,4102,63
2021-05-14,Ventura,111,848112,81191,80628,2938,83566,1014
2021-05-14,Yolo,113,214977,13931,13922,225,14147,210
2021-05-14,Yuba,115,75493,5999,5970,119,6089,47
2021-05-13,Alameda,001,1643700,87605,87557,1897,89454,1250
2021-05-13,Alpine,003,1148,87,88,0,88,0
2021-05-13,Amador,005,37829,3658,3662,32,3694,46
2021-05-13,Butte,007,227075,12402,12051,1820,13871,196
2021-05-13,Calaveras,009,45235,2127,2120,13,2133,53
2021-05-13,Colusa,011,21464,1935,1939,296,2235,14
2021-05-13,Contra Costa,013,1133247,69036,68522,1240,69762,806
2021-05-13,Del Norte,015,27424,1391,1354,12,1366,8
2021-05-13,El Dorado,017,186661,10208,10133,733,10866,112
2021-05-13,Fresno,019,978130,102325,101862,8549,110411,1687
2021-05-13,Glenn,021,27897,2420,2395,552,2947,17
2021-05-13,Humboldt,023,135768,4120,4027,34,4061,37
2021-05-13,Imperial,025,180216,28523,28468,2670,31138,729
2021-05-13,Inyo,027,18085,1404,1400,12,1412,36
2021-05-13,Kern,029,883053,97021,95996,10676,106672,1311
2021-05-13,Kings,031,150075,23106,22904,1068,23972,246
2021-05-13,Lake,033,64148,3501,3479,9,3488,43
2021-05-13,Lassen,035,31185,5190,5152,106,5258,6
2021-05-13,Los Angeles,037,10098052,1205134,1195504,40307,1235811,24083
2021-05-13,Madera,039,155013,16564,16467,918,17385,238
2021-05-13,Marin,041,260295,14053,14004,245,14249,227
2021-05-13,Mariposa,043,17540,428,422,11,433,5
2021-05-13,Mendocino,045,87422,3929,3846,81,3927,46
2021-05-13,Merced,047,269075,30843,30989,1023,32012,450
2021-05-13,Modoc,049,8938,369,362,124,486,3
2021-05-13,Mono,051,14174,1254,1265,17,1282,3
2021-05-13,Monterey,053,433212,43090,42966,1827,44793,380
2021-05-13,Napa,055,140530,9854,9877,33,9910,82
2021-05-13,Nevada,057,99092,4775,4743,185,4928,70
2021-05-13,Orange,059,3164182,255037,253778,11166,264944,5026
2021-05-13,Placer,061,380077,23051,22668,1451,24119,288
2021-05-13,Plumas,063,18699,698,680,10,690,4
2021-05-13,Riverside,065,2383286,293509,288067,13788,301855,4433
2021-05-13,Sacramento,067,1510023,105079,104711,1708,106419,1626
2021-05-13,San Benito,069,59416,6044,6062,111,6173,63
2021-05-13,San Bernardino,071,2135413,292676,291765,8893,300658,4722
2021-05-13,San Diego,073,3302833,279686,278592,14796,293388,3729
2021-05-13,San Francisco,075,870044,36551,36741,1250,37991,544
2021-05-13,San Joaquin,077,732212,72702,72096,3448,75544,1357
2021-05-13,San Luis Obispo,079,281455,21294,21043,718,21761,255
2021-05-13,San Mateo,081,765935,42160,42059,463,42522,426
2021-05-13,Santa Barbara,083,443738,34357,34242,1112,35354,456
2021-05-13,Santa Clara,085,1922200,118276,118952,738,119690,2013
2021-05-13,Santa Cruz,087,273765,16191,16129,796,16925,208
2021-05-13,Shasta,089,179085,12129,12111,1524,13635,200
2021-05-13,Sierra,091,2930,56,54,12,66,0
2021-05-13,Siskiyou,093,43540,1875,1769,332,2101,14
2021-05-13,Solano,095,438530,32593,32548,539,33087,252
2021-05-13,Sonoma,097,501317,29842,29991,324,30315,321
2021-05-13,Stanislaus,099,539301,55955,55678,5819,61497,949
2021-05-13,Sutter,101,95872,9387,9431,80,9511,112
2021-05-13,Tehama,103,63373,5027,4997,552,5549,63
2021-05-13,Trinity,105,12862,482,327,86,413,3
2021-05-13,Tulare,107,460477,50069,49032,8817,57849,837
2021-05-13,Tuolumne,109,53932,4019,4059,42,4101,63
2021-05-13,Ventura,111,848112,81161,80615,2937,83552,1012
2021-05-13,Yolo,113,214977,13922,13914,223,14137,210
2021-05-13,Yuba,115,75493,5990,5962,119,6081,47
2021-05-12,Alameda,001,1643700,87573,87482,1895,89377,1261
2021-05-12,Alpine,003,1148,87,88,0,88,0
2021-05-12,Amador,005,37829,3658,3658,32,3690,46
2021-05-12,Butte,007,227075,12392,12026,1820,13846,199
2021-05-12,Calaveras,009,45235,2124,2119,13,2132,53
2021-05-12,Colusa,011,21464,1933,1939,295,2234,14
2021-05-12,Contra Costa,013,1133247,68977,68462,1234,69696,805
2021-05-12,Del Norte,015,27424,1389,1352,12,1364,8
2021-05-12,El Dorado,017,186661,10198,10123,733,10856,112
2021-05-12,Fresno,019,978130,102276,101838,8538,110376,1688
2021-05-12,Glenn,021,27897,2417,2391,552,2943,17
2021-05-12,Humboldt,023,135768,4092,3982,34,4016,37
2021-05-12,Imperial,025,180216,28505,28443,2667,31110,726
2021-05-12,Inyo,027,18085,1404,1400,12,1412,36
2021-05-12,Kern,029,883053,96985,95955,10669,106624,1310
2021-05-12,Kings,031,150075,23104,22896,1068,23964,246
2021-05-12,Lake,033,64148,3499,3476,9,3485,43
2021-05-12,Lassen,035,31185,5188,5151,106,5257,6
2021-05-12,Los Angeles,037,10098052,1204949,1195318,40292,1235610,24067
2021-05-12,Madera,039,155013,16557,16462,917,17379,238
2021-05-12,Marin,041,260295,14048,13997,245,14242,227
2021-05-12,Mariposa,043,17540,428,422,11,433,5
2021-05-12,Mendocino,045,87422,3919,3836,81,3917,46
2021-05-12,Merced,047,269075,30827,30941,1023,31964,450
2021-05-12,Modoc,049,8938,368,362,124,486,3
2021-05-12,Mono,051,14174,1254,1265,17,1282,3
2021-05-12,Monterey,053,433212,43078,42950,1826,44776,380
2021-05-12,Napa,055,140530,9848,9870,33,9903,82
2021-05-12,Nevada,057,99092,4771,4738,185,4923,70
2021-05-12,Orange,059,3164182,254986,253587,11162,264749,5024
2021-05-12,Placer,061,380077,23033,22652,1444,24096,288
2021-05-12,Plumas,063,18699,698,681,10,691,4
2021-05-12,Riverside,065,2383286,293439,287830,13784,301614,4431
2021-05-12,Sacramento,067,1510023,104984,104592,1706,106298,1621
2021-05-12,San Benito,069,59416,6044,6062,111,6173,63
2021-05-12,San Bernardino,071,2135413,292627,291505,8888,300393,4715
2021-05-12,San Diego,073,3302833,279582,278402,14775,293177,3729
2021-05-12,San Francisco,075,870044,36531,36720,1249,37969,544
2021-05-12,San Joaquin,077,732212,72648,72043,3444,75487,1356
2021-05-12,San Luis Obispo,079,281455,21284,21021,718,21739,255
2021-05-12,San Mateo,081,765935,42151,42038,462,42500,426
2021-05-12,Santa Barbara,083,443738,34349,34218,1112,35330,456
2021-05-12,Santa Clara,085,1922200,118232,118897,738,119635,2005
2021-05-12,Santa Cruz,087,273765,16185,16123,796,16919,207
2021-05-12,Shasta,089,179085,12109,12092,1522,13614,200
2021-05-12,Sierra,091,2930,56,54,12,66,0
2021-05-12,Siskiyou,093,43540,1871,1760,331,2091,13
2021-05-12,Solano,095,438530,32569,32519,539,33058,252
2021-05-12,Sonoma,097,501317,29830,29976,324,30300,320
2021-05-12,Stanislaus,099,539301,55914,55632,5812,61444,919
2021-05-12,Sutter,101,95872,9384,9427,80,9507,112
2021-05-12,Tehama,103,63373,5022,4989,552,5541,62
2021-05-12,Trinity,105,12862,482,327,86,413,3
2021-05-12,Tulare,107,460477,50053,49001,8809,57810,838
2021-05-12,Tuolumne,109,53932,4018,4056,42,4098,63
2021-05-12,Ventura,111,848112,81142,80577,2937,83514,1010
2021-05-12,Yolo,113,214977,13914,13910,222,14132,210
2021-05-12,Yuba,115,75493,5987,5956,119,6075,47
2021-05-11,Alameda,001,1643700,87508,87413,1891,89304,1290
2021-05-11,Alpine,003,1148,87,88,0,88,0
2021-05-11,Amador,005,37829,3656,3657,32,3689,46
2021-05-11,Butte,007,227075,12377,12008,1817,13825,199
2021-05-11,Calaveras,009,45235,2124,2118,13,2131,52
2021-05-11,Colusa,011,21464,1932,1939,295,2234,14
2021-05-11,Contra Costa,013,1133247,68917,68406,1233,69639,806
2021-05-11,Del Norte,015,27424,1387,1347,12,1359,8
2021-05-11,El Dorado,017,186661,10192,10108,732,10840,112
2021-05-11,Fresno,019,978130,102230,101792,8533,110325,1686
2021-05-11,Glenn,021,27897,2416,2387,551,2938,17
2021-05-11,Humboldt,023,135768,4071,3964,33,3997,37
2021-05-11,Imperial,025,180216,28497,28413,2663,31076,722
2021-05-11,Inyo,027,18085,1403,1402,12,1414,36
2021-05-11,Kern,029,883053,96957,95938,10656,106594,1310
2021-05-11,Kings,031,150075,23096,22887,1068,23955,246
2021-05-11,Lake,033,64148,3498,3473,9,3482,43
2021-05-11,Lassen,035,31185,5186,5148,106,5254,6
2021-05-11,Los Angeles,037,10098052,1204712,1195100,40275,1235375,24048
2021-05-11,Madera,039,155013,16553,16459,916,17375,238
2021-05-11,Marin,041,260295,14041,13987,245,14232,227
2021-05-11,Mariposa,043,17540,428,421,11,432,5
2021-05-11,Mendocino,045,87422,3911,3821,81,3902,46
2021-05-11,Merced,047,269075,30818,30893,1023,31916,449
2021-05-11,Modoc,049,8938,368,362,123,485,3
2021-05-11,Mono,051,14174,1254,1265,17,1282,3
2021-05-11,Monterey,053,433212,43070,42934,1825,44759,380
2021-05-11,Napa,055,140530,9841,9870,33,9903,81
2021-05-11,Nevada,057,99092,4767,4737,185,4922,70
2021-05-11,Orange,059,3164182,254922,253545,11155,264700,5017
2021-05-11,Placer,061,380077,23011,22615,1440,24055,287
2021-05-11,Plumas,063,18699,696,679,10,689,4
2021-05-11,Riverside,065,2383286,293377,287757,13779,301536,4429
2021-05-11,Sacramento,067,1510023,104885,104496,1703,106199,1616
2021-05-11,San Benito,069,59416,6041,6058,111,6169,63
2021-05-11,San Bernardino,071,2135413,292567,291421,8886,300307,4707
2021-05-11,San Diego,073,3302833,279447,278308,14756,293064,3725
2021-05-11,San Francisco,075,870044,36511,36707,1249,37956,543
2021-05-11,San Joaquin,077,732212,72600,71999,3441,75440,1356
2021-05-11,San Luis Obispo,079,281455,21277,21008,716,21724,255
2021-05-11,San Mateo,081,765935,42132,41985,461,42446,425
2021-05-11,Santa Barbara,083,443738,34339,34207,1112,35319,456
2021-05-11,Santa Clara,085,1922200,118185,118857,737,119594,2005
2021-05-11,Santa Cruz,087,273765,16181,16113,796,16909,206
2021-05-11,Shasta,089,179085,12086,12050,1516,13566,200
2021-05-11,Sierra,091,2930,56,54,12,66,0
2021-05-11,Siskiyou,093,43540,1861,1756,329,2085,13
2021-05-11,Solano,095,438530,32551,32499,537,33036,250
2021-05-11,Sonoma,097,501317,29815,29966,324,30290,318
2021-05-11,Stanislaus,099,539301,55866,55589,5808,61397,909
2021-05-11,Sutter,101,95872,9377,9417,80,9497,112
2021-05-11,Tehama,103,63373,5018,4985,551,5536,62
2021-05-11,Trinity,105,12862,482,327,85,412,3
2021-05-11,Tulare,107,460477,50026,48974,8795,57769,837
2021-05-11,Tuolumne,109,53932,4017,4056,42,4098,63
2021-05-11,Ventura,111,848112,81118,80544,2934,83478,1008
2021-05-11,Yolo,113,214977,13901,13902,219,14121,210
2021-05-11,Yuba,115,75493,5978,5950,119,6069,46
2021-05-10,Alameda,001,1643700,87440,87366,1890,89256,1284
2021-05-10,Alpine,003,1148,87,88,0,88,0
2021-05-10,Amador,005,37829,3655,3657,32,3689,46
2021-05-10,Butte,007,227075,12361,11993,1812,13805,199
2021-05-10,Calaveras,009,45235,2117,2118,13,2131,52
2021-05-10,Colusa,011,21464,1932,1939,295,2234,14
2021-05-10,Contra Costa,013,1133247,68853,68357,1233,69590,806
2021-05-10,Del Norte,015,27424,1384,1339,12,1351,8
2021-05-10,El Dorado,017,186661,10178,10093,732,10825,113
2021-05-10,Fresno,019,978130,102198,101755,8527,110282,1682
2021-05-10,Glenn,021,27897,2415,2384,550,2934,17
2021-05-10,Humboldt,023,135768,4041,3961,33,3994,36
2021-05-10,Imperial,025,180216,28483,28397,2659,31056,722
2021-05-10,Inyo,027,18085,1403,1401,12,1413,36
2021-05-10,Kern,029,883053,96914,95920,10642,106562,1310
2021-05-10,Kings,031,150075,23085,22884,1067,23951,246
2021-05-10,Lake,033,64148,3490,3471,9,3480,43
2021-05-10,Lassen,035,31185,5182,5148,106,5254,5
2021-05-10,Los Angeles,037,10098052,1204445,1194976,40260,1235236,24030
2021-05-10,Madera,039,155013,16543,16450,916,17366,238
2021-05-10,Marin,041,260295,14038,13981,245,14226,228
2021-05-10,Mariposa,043,17540,427,420,11,431,5
2021-05-10,Mendocino,045,87422,3905,3818,81,3899,46
2021-05-10,Merced,047,269075,30807,30880,1023,31903,448
2021-05-10,Modoc,049,8938,368,361,123,484,3
2021-05-10,Mono,051,14174,1254,1265,17,1282,3
2021-05-10,Monterey,053,433212,43064,42927,1820,44747,380
2021-05-10,Napa,055,140530,9839,9860,33,9893,81
2021-05-10,Nevada,057,99092,4760,4735,185,4920,70
2021-05-10,Orange,059,3164182,254869,253484,11149,264633,5008
2021-05-10,Placer,061,380077,22989,22590,1437,24027,286
2021-05-10,Plumas,063,18699,695,679,10,689,4
2021-05-10,Riverside,065,2383286,293308,287689,13773,301462,4427
2021-05-10,Sacramento,067,1510023,104774,104378,1698,106076,1613
2021-05-10,San Benito,069,59416,6040,6058,111,6169,63
2021-05-10,San Bernardino,071,2135413,292516,291360,8885,300245,4707
2021-05-10,San Diego,073,3302833,279283,278183,14729,292912,3725
2021-05-10,San Francisco,075,870044,36492,36683,1249,37932,543
2021-05-10,San Joaquin,077,732212,72563,71954,3427,75381,1356
2021-05-10,San Luis Obispo,079,281455,21259,20993,715,21708,256
2021-05-10,San Mateo,081,765935,42115,41926,461,42387,424
2021-05-10,Santa Barbara,083,443738,34331,34201,1112,35313,456
2021-05-10,Santa Clara,085,1922200,118126,118822,737,119559,2003
2021-05-10,Santa Cruz,087,273765,16176,16114,796,16910,206
2021-05-10,Shasta,089,179085,12072,12036,1512,13548,200
2021-05-10,Sierra,091,2930,56,54,12,66,0
2021-05-10,Siskiyou,093,43540,1851,1752,327,2079,13
2021-05-10,Solano,095,438530,32531,32466,535,33001,250
2021-05-10,Sonoma,097,501317,29799,29955,323,30278,318
2021-05-10,Stanislaus,099,539301,55792,55541,5802,61343,898
2021-05-10,Sutter,101,95872,9371,9412,80,9492,111
2021-05-10,Tehama,103,63373,5014,4980,551,5531,62
2021-05-10,Trinity,105,12862,482,327,83,410,3
2021-05-10,Tulare,107,460477,50003,48956,8789,57745,837
2021-05-10,Tuolumne,109,53932,4013,4054,41,4095,63
2021-05-10,Ventura,111,848112,81102,80501,2933,83434,1008
2021-05-10,Yolo,113,214977,13889,13898,217,14115,209
2021-05-10,Yuba,115,75493,5976,5942,119,6061,46
2021-05-09,Alameda,001,1643700,87370,87292,1887,89179,1284
2021-05-09,Alpine,003,1148,87,88,0,88,0
2021-05-09,Amador,005,37829,3653,3655,32,3687,46
2021-05-09,Butte,007,227075,12343,11985,1808,13793,199
2021-05-09,Calaveras,009,45235,2116,2116,13,2129,52
2021-05-09,Colusa,011,21464,1931,1940,295,2235,14
2021-05-09,Contra Costa,013,1133247,68790,68302,1231,69533,806
2021-05-09,Del Norte,015,27424,1377,1338,12,1350,8
2021-05-09,El Dorado,017,186661,10164,10089,728,10817,113
2021-05-09,Fresno,019,978130,102160,101729,8518,110247,1682
2021-05-09,Glenn,021,27897,2408,2382,547,2929,17
2021-05-09,Humboldt,023,135768,4021,3950,33,3983,36
2021-05-09,Imperial,025,180216,28460,28388,2651,31039,722
2021-05-09,Inyo,027,18085,1403,1401,11,1412,36
2021-05-09,Kern,029,883053,96886,95903,10632,106535,1310
2021-05-09,Kings,031,150075,23076,22878,1067,23945,246
2021-05-09,Lake,033,64148,3486,3471,9,3480,43
2021-05-09,Lassen,035,31185,5180,5147,106,5253,5
2021-05-09,Los Angeles,037,10098052,1204187,1194820,40245,1235065,24026
2021-05-09,Madera,039,155013,16534,16444,910,17354,238
2021-05-09,Marin,041,260295,14027,13979,244,14223,228
2021-05-09,Mariposa,043,17540,424,420,11,431,5
2021-05-09,Mendocino,045,87422,3895,3814,81,3895,46
2021-05-09,Merced,047,269075,30784,30883,1023,31906,448
2021-05-09,Modoc,049,8938,368,360,123,483,3
2021-05-09,Mono,051,14174,1254,1264,17,1281,3
2021-05-09,Monterey,053,433212,43046,42918,1820,44738,380
2021-05-09,Napa,055,140530,9828,9857,33,9890,81
2021-05-09,Nevada,057,99092,4753,4727,185,4912,70
2021-05-09,Orange,059,3164182,254815,253451,11141,264592,5008
2021-05-09,Placer,061,380077,22963,22566,1434,24000,286
2021-05-09,Plumas,063,18699,694,679,10,689,4
2021-05-09,Riverside,065,2383286,293228,287644,13767,301411,4427
2021-05-09,Sacramento,067,1510023,104625,104309,1692,106001,1612
2021-05-09,San Benito,069,59416,6038,6056,111,6167,63
2021-05-09,San Bernardino,071,2135413,292433,291337,8879,300216,4707
2021-05-09,San Diego,073,3302833,279116,277950,14707,292657,3725
2021-05-09,San Francisco,075,870044,36466,36669,1247,37916,543
2021-05-09,San Joaquin,077,732212,72517,71927,3426,75353,1356
2021-05-09,San Luis Obispo,079,281455,21248,20999,715,21714,256
2021-05-09,San Mateo,081,765935,42085,41903,461,42364,424
2021-05-09,Santa Barbara,083,443738,34318,34196,1111,35307,456
2021-05-09,Santa Clara,085,1922200,118072,118798,736,119534,2003
2021-05-09,Santa Cruz,087,273765,16170,16094,796,16890,206
2021-05-09,Shasta,089,179085,12042,12034,1507,13541,200
2021-05-09,Sierra,091,2930,56,54,12,66,0
2021-05-09,Siskiyou,093,43540,1844,1741,324,2065,13
2021-05-09,Solano,095,438530,32492,32434,533,32967,250
2021-05-09,Sonoma,097,501317,29785,29953,322,30275,318
2021-05-09,Stanislaus,099,539301,55726,55511,5798,61309,898
2021-05-09,Sutter,101,95872,9365,9413,80,9493,111
2021-05-09,Tehama,103,63373,5009,4979,551,5530,62
2021-05-09,Trinity,105,12862,482,327,83,410,3
2021-05-09,Tulare,107,460477,49976,48948,8784,57732,837
2021-05-09,Tuolumne,109,53932,4011,4053,41,4094,63
2021-05-09,Ventura,111,848112,81087,80487,2932,83419,1008
2021-05-09,Yolo,113,214977,13878,13897,217,14114,209
2021-05-09,Yuba,115,75493,5970,5934,119,6053,46
2021-05-08,Alameda,001,1643700,87328,87213,1883,89096,1284
2021-05-08,Alpine,003,1148,87,88,0,88,0
2021-05-08,Amador,005,37829,3651,3652,32,3684,46
2021-05-08,Butte,007,227075,12331,11962,1807,13769,199
2021-05-08,Calaveras,009,45235,2115,2114,13,2127,52
2021-05-08,Colusa,011,21464,1931,1939,295,2234,14
2021-05-08,Contra Costa,013,1133247,68757,68223,1229,69452,803
2021-05-08,Del Norte,015,27424,1374,1335,12,1347,8
2021-05-08,El Dorado,017,186661,10150,10079,728,10807,113
2021-05-08,Fresno,019,978130,102124,101676,8513,110189,1682
2021-05-08,Glenn,021,27897,2406,2382,545,2927,17
2021-05-08,Humboldt,023,135768,4005,3939,33,3972,36
2021-05-08,Imperial,025,180216,28451,28373,2651,31024,721
2021-05-08,Inyo,027,18085,1403,1402,11,1413,36
2021-05-08,Kern,029,883053,96861,95880,10619,106499,1310
2021-05-08,Kings,031,150075,23073,22872,1066,23938,246
2021-05-08,Lake,033,64148,3485,3470,9,3479,43
2021-05-08,Lassen,035,31185,5179,5145,106,5251,5
2021-05-08,Los Angeles,037,10098052,1204033,1194584,40229,1234813,24022
2021-05-08,Madera,039,155013,16530,16442,910,17352,238
2021-05-08,Marin,041,260295,14024,13974,243,14217,228
2021-05-08,Mariposa,043,17540,424,420,11,431,5
2021-05-08,Mendocino,045,87422,3890,3810,80,3890,46
2021-05-08,Merced,047,269075,30774,30876,1023,31899,448
2021-05-08,Modoc,049,8938,368,360,122,482,3
2021-05-08,Mono,051,14174,1254,1262,17,1279,3
2021-05-08,Monterey,053,433212,43041,42914,1819,44733,380
2021-05-08,Napa,055,140530,9821,9853,33,9886,81
2021-05-08,Nevada,057,99092,4750,4716,185,4901,70
2021-05-08,Orange,059,3164182,254781,253412,11137,264549,5006
2021-05-08,Placer,061,380077,22945,22547,1432,23979,286
2021-05-08,Plumas,063,18699,693,679,10,689,4
2021-05-08,Riverside,065,2383286,293185,287574,13765,301339,4427
2021-05-08,Sacramento,067,1510023,104540,104208,1689,105897,1610
2021-05-08,San Benito,069,59416,6037,6048,111,6159,63
2021-05-08,San Bernardino,071,2135413,292390,291296,8879,300175,4707
2021-05-08,San Diego,073,3302833,279033,277760,14689,292449,3725
2021-05-08,San Francisco,075,870044,36443,36642,1247,37889,543
2021-05-08,San Joaquin,077,732212,72488,71869,3417,75286,1356
2021-05-08,San Luis Obispo,079,281455,21237,20992,715,21707,256
2021-05-08,San Mateo,081,765935,42074,41871,461,42332,424
2021-05-08,Santa Barbara,083,443738,34305,34185,1111,35296,456
2021-05-08,Santa Clara,085,1922200,118041,118751,736,119487,2003
2021-05-08,Santa Cruz,087,273765,16167,16089,796,16885,206
2021-05-08,Shasta,089,179085,12032,12030,1503,13533,200
2021-05-08,Sierra,091,2930,56,54,12,66,0
2021-05-08,Siskiyou,093,43540,1843,1741,320,2061,13
2021-05-08,Solano,095,438530,32468,32395,531,32926,249
2021-05-08,Sonoma,097,501317,29772,29942,322,30264,318
2021-05-08,Stanislaus,099,539301,55695,55467,5794,61261,898
2021-05-08,Sutter,101,95872,9362,9413,80,9493,111
2021-05-08,Tehama,103,63373,5007,4977,551,5528,62
2021-05-08,Trinity,105,12862,482,327,83,410,3
2021-05-08,Tulare,107,460477,49963,48929,8774,57703,837
2021-05-08,Tuolumne,109,53932,4010,4050,41,4091,63
2021-05-08,Ventura,111,848112,81076,80481,2929,83410,1008
2021-05-08,Yolo,113,214977,13875,13894,216,14110,209
2021-05-08,Yuba,115,75493,5962,5928,119,6047,46
2021-05-07,Alameda,001,1643700,87275,87128,1883,89011,1280
2021-05-07,Alpine,003,1148,87,88,0,88,0
2021-05-07,Amador,005,37829,3648,3651,32,3683,46
2021-05-07,Butte,007,227075,12310,11943,1804,13747,199
2021-05-07,Calaveras,009,45235,2113,2114,13,2127,52
2021-05-07,Colusa,011,21464,1931,1937,295,2232,14
2021-05-07,Contra Costa,013,1133247,68710,68156,1227,69383,804
2021-05-07,Del Norte,015,27424,1369,1329,12,1341,8
2021-05-07,El Dorado,017,186661,10137,10065,727,10792,112
2021-05-07,Fresno,019,978130,102091,101625,8512,110137,1684
2021-05-07,Glenn,021,27897,2403,2381,544,2925,17
2021-05-07,Humboldt,023,135768,3990,3919,33,3952,36
2021-05-07,Imperial,025,180216,28443,28352,2651,31003,721
2021-05-07,Inyo,027,18085,1403,1402,11,1413,36
2021-05-07,Kern,029,883053,96848,95839,10607,106446,1308
2021-05-07,Kings,031,150075,23072,22857,1065,23922,246
2021-05-07,Lake,033,64148,3483,3467,9,3476,43
2021-05-07,Lassen,035,31185,5178,5144,105,5249,5
2021-05-07,Los Angeles,037,10098052,1203853,1194294,40222,1234516,24008
2021-05-07,Madera,039,155013,16525,16439,910,17349,238
2021-05-07,Marin,041,260295,14020,13968,243,14211,228
2021-05-07,Mariposa,043,17540,423,419,11,430,5
2021-05-07,Mendocino,045,87422,3884,3805,80,3885,46
2021-05-07,Merced,047,269075,30771,30862,1023,31885,446
2021-05-07,Modoc,049,8938,368,360,122,482,3
2021-05-07,Mono,051,14174,1253,1261,17,1278,3
2021-05-07,Monterey,053,433212,43035,42909,1817,44726,380
2021-05-07,Napa,055,140530,9820,9849,33,9882,81
2021-05-07,Nevada,057,99092,4746,4704,185,4889,70
2021-05-07,Orange,059,3164182,254741,253338,11129,264467,5000
2021-05-07,Placer,061,380077,22925,22524,1430,23954,286
2021-05-07,Plumas,063,18699,693,678,10,688,4
2021-05-07,Riverside,065,2383286,293127,287479,13764,301243,4426
2021-05-07,Sacramento,067,1510023,104468,104068,1684,105752,1609
2021-05-07,San Benito,069,59416,6036,6048,111,6159,63
2021-05-07,San Bernardino,071,2135413,292348,291185,8874,300059,4697
2021-05-07,San Diego,073,3302833,278947,277534,14673,292207,3718
2021-05-07,San Francisco,075,870044,36430,36616,1246,37862,543
2021-05-07,San Joaquin,077,732212,72447,71804,3415,75219,1351
2021-05-07,San Luis Obispo,079,281455,21230,20979,715,21694,256
2021-05-07,San Mateo,081,765935,42059,41844,461,42305,424
2021-05-07,Santa Barbara,083,443738,34295,34166,1111,35277,453
2021-05-07,Santa Clara,085,1922200,118008,118691,735,119426,2002
2021-05-07,Santa Cruz,087,273765,16164,16074,796,16870,206
2021-05-07,Shasta,089,179085,12010,12005,1501,13506,200
2021-05-07,Sierra,091,2930,56,54,12,66,0
2021-05-07,Siskiyou,093,43540,1840,1723,320,2043,13
2021-05-07,Solano,095,438530,32440,32352,529,32881,249
2021-05-07,Sonoma,097,501317,29754,29925,320,30245,318
2021-05-07,Stanislaus,099,539301,55655,55407,5789,61196,896
2021-05-07,Sutter,101,95872,9362,9407,80,9487,111
2021-05-07,Tehama,103,63373,5000,4974,551,5525,57
2021-05-07,Trinity,105,12862,482,327,83,410,3
2021-05-07,Tulare,107,460477,49946,48913,8769,57682,837
2021-05-07,Tuolumne,109,53932,4008,4048,41,4089,63
2021-05-07,Ventura,111,848112,81052,80444,2929,83373,1008
2021-05-07,Yolo,113,214977,13869,13875,215,14090,209
2021-05-07,Yuba,115,75493,5952,5910,119,6029,46
2021-05-06,Alameda,001,1643700,87199,87028,1880,88908,1278
2021-05-06,Alpine,003,1148,87,88,0,88,0
2021-05-06,Amador,005,37829,3646,3650,32,3682,46
2021-05-06,Butte,007,227075,12290,11929,1799,13728,198
2021-05-06,Calaveras,009,45235,2113,2111,13,2124,52
2021-05-06,Colusa,011,21464,1931,1935,295,2230,14
2021-05-06,Contra Costa,013,1133247,68655,68076,1224,69300,802
2021-05-06,Del Norte,015,27424,1361,1324,12,1336,6
2021-05-06,El Dorado,017,186661,10130,10048,727,10775,112
2021-05-06,Fresno,019,978130,102047,101536,8508,110044,1680
2021-05-06,Glenn,021,27897,2402,2380,543,2923,17
2021-05-06,Humboldt,023,135768,3965,3898,33,3931,36
2021-05-06,Imperial,025,180216,28432,28311,2650,30961,720
2021-05-06,Inyo,027,18085,1403,1401,11,1412,36
2021-05-06,Kern,029,883053,96823,95801,10590,106391,1307
2021-05-06,Kings,031,150075,23065,22848,1064,23912,246
2021-05-06,Lake,033,64148,3482,3465,9,3474,43
2021-05-06,Lassen,035,31185,5177,5143,105,5248,1
2021-05-06,Los Angeles,037,10098052,1203611,1193954,40206,1234160,23991
2021-05-06,Madera,039,155013,16517,16430,910,17340,238
2021-05-06,Marin,041,260295,14016,13956,243,14199,228
2021-05-06,Mariposa,043,17540,422,419,11,430,5
2021-05-06,Mendocino,045,87422,3873,3802,80,3882,46
2021-05-06,Merced,047,269075,30756,30863,1022,31885,444
2021-05-06,Modoc,049,8938,368,360,122,482,3
2021-05-06,Mono,051,14174,1251,1261,17,1278,3
2021-05-06,Monterey,053,433212,43020,42899,1817,44716,379
2021-05-06,Napa,055,140530,9814,9843,33,9876,81
2021-05-06,Nevada,057,99092,4745,4687,185,4872,70
2021-05-06,Orange,059,3164182,254673,253286,11123,264409,4991
2021-05-06,Placer,061,380077,22903,22493,1430,23923,286
2021-05-06,Plumas,063,18699,693,678,10,688,4
2021-05-06,Riverside,065,2383286,293054,287399,13759,301158,4422
2021-05-06,Sacramento,067,1510023,104352,103956,1681,105637,1609
2021-05-06,San Benito,069,59416,6035,6045,111,6156,63
2021-05-06,San Bernardino,071,2135413,292278,291085,8873,299958,4683
2021-05-06,San Diego,073,3302833,278820,277324,14650,291974,3716
2021-05-06,San Francisco,075,870044,36415,36599,1246,37845,543
2021-05-06,San Joaquin,077,732212,72392,71729,3412,75141,1350
2021-05-06,San Luis Obispo,079,281455,21218,20965,713,21678,256
2021-05-06,San Mateo,081,765935,42040,41802,460,42262,424
2021-05-06,Santa Barbara,083,443738,34282,34152,1111,35263,453
2021-05-06,Santa Clara,085,1922200,117967,118591,735,119326,2001
2021-05-06,Santa Cruz,087,273765,16157,16050,796,16846,206
2021-05-06,Shasta,089,179085,11988,11983,1495,13478,199
2021-05-06,Sierra,091,2930,56,54,12,66,0
2021-05-06,Siskiyou,093,43540,1830,1711,319,2030,12
2021-05-06,Solano,095,438530,32414,32320,521,32841,249
2021-05-06,Sonoma,097,501317,29746,29911,320,30231,318
2021-05-06,Stanislaus,099,539301,55599,55323,5784,61107,834
2021-05-06,Sutter,101,95872,9356,9396,80,9476,111
2021-05-06,Tehama,103,63373,4995,4970,551,5521,53
2021-05-06,Trinity,105,12862,482,327,83,410,3
2021-05-06,Tulare,107,460477,49921,48890,8754,57644,836
2021-05-06,Tuolumne,109,53932,4004,4047,41,4088,63
2021-05-06,Ventura,111,848112,81021,80411,2926,83337,1005
2021-05-06,Yolo,113,214977,13861,13871,212,14083,209
2021-05-06,Yuba,115,75493,5940,5901,119,6020,46
2021-05-05,Alameda,001,1643700,87138,86950,1878,88828,1278
2021-05-05,Alpine,003,1148,87,88,0,88,0
2021-05-05,Amador,005,37829,3643,3650,32,3682,46
2021-05-05,Butte,007,227075,12272,11907,1796,13703,198
2021-05-05,Calaveras,009,45235,2109,2103,13,2116,52
2021-05-05,Colusa,011,21464,1930,1933,295,2228,14
2021-05-05,Contra Costa,013,1133247,68590,67997,1220,69217,803
2021-05-05,Del Norte,015,27424,1358,1317,12,1329,6
2021-05-05,El Dorado,017,186661,10119,10020,726,10746,111
2021-05-05,Fresno,019,978130,101998,101491,8499,109990,1680
2021-05-05,Glenn,021,27897,2399,2380,542,2922,17
2021-05-05,Humboldt,023,135768,3946,3886,32,3918,36
2021-05-05,Imperial,025,180216,28391,28295,2643,30938,720
2021-05-05,Inyo,027,18085,1402,1401,11,1412,36
2021-05-05,Kern,029,883053,96779,95753,10586,106339,1304
2021-05-05,Kings,031,150075,23059,22840,1063,23903,246
2021-05-05,Lake,033,64148,3479,3458,9,3467,43
2021-05-05,Lassen,035,31185,5177,5143,104,5247,1
2021-05-05,Los Angeles,037,10098052,1203344,1193608,40192,1233800,23977
2021-05-05,Madera,039,155013,16515,16423,910,17333,235
2021-05-05,Marin,041,260295,14008,13950,242,14192,228
2021-05-05,Mariposa,043,17540,422,418,11,429,5
2021-05-05,Mendocino,045,87422,3869,3799,80,3879,46
2021-05-05,Merced,047,269075,30735,30844,1022,31866,444
2021-05-05,Modoc,049,8938,367,361,121,482,3
2021-05-05,Mono,051,14174,1251,1260,17,1277,3
2021-05-05,Monterey,053,433212,43007,42870,1814,44684,379
2021-05-05,Napa,055,140530,9808,9833,33,9866,81
2021-05-05,Nevada,057,99092,4742,4666,185,4851,70
2021-05-05,Orange,059,3164182,254615,253237,11118,264355,4978
2021-05-05,Placer,061,380077,22871,22362,1426,23788,287
2021-05-05,Plumas,063,18699,693,677,10,687,4
2021-05-05,Riverside,065,2383286,292958,287353,13750,301103,4414
2021-05-05,Sacramento,067,1510023,104264,103476,1676,105152,1607
2021-05-05,San Benito,069,59416,6026,6046,111,6157,63
2021-05-05,San Bernardino,071,2135413,292203,291008,8869,299877,4677
2021-05-05,San Diego,073,3302833,278683,277098,14631,291729,3716
2021-05-05,San Francisco,075,870044,36400,36577,1245,37822,543
2021-05-05,San Joaquin,077,732212,72340,71638,3409,75047,1345
2021-05-05,San Luis Obispo,079,281455,21210,20958,713,21671,256
2021-05-05,San Mateo,081,765935,42011,41755,459,42214,415
2021-05-05,Santa Barbara,083,443738,34267,34139,1110,35249,453
2021-05-05,Santa Clara,085,1922200,117937,118482,732,119214,1992
2021-05-05,Santa Cruz,087,273765,16151,16013,796,16809,207
2021-05-05,Shasta,089,179085,11972,11939,1491,13430,200
2021-05-05,Sierra,091,2930,56,54,12,66,0
2021-05-05,Siskiyou,093,43540,1813,1706,311,2017,11
2021-05-05,Solano,095,438530,32379,32250,519,32769,249
2021-05-05,Sonoma,097,501317,29733,29879,320,30199,318
2021-05-05,Stanislaus,099,539301,55542,55231,5782,61013,807
2021-05-05,Sutter,101,95872,9350,9387,80,9467,111
2021-05-05,Tehama,103,63373,4991,4968,551,5519,53
2021-05-05,Trinity,105,12862,482,326,83,409,3
2021-05-05,Tulare,107,460477,49897,48875,8747,57622,835
2021-05-05,Tuolumne,109,53932,4001,4040,41,4081,63
2021-05-05,Ventura,111,848112,80993,80372,2922,83294,1005
2021-05-05,Yolo,113,214977,13857,13846,210,14056,209
2021-05-05,Yuba,115,75493,5930,5895,118,6013,44
2021-05-04,Alameda,001,1643700,87046,86894,1878,88772,1277
2021-05-04,Alpine,003,1148,87,88,0,88,0
2021-05-04,Amador,005,37829,3643,3650,32,3682,46
2021-05-04,Butte,007,227075,12248,11883,1795,13678,198
2021-05-04,Calaveras,009,45235,2105,2100,13,2113,52
2021-05-04,Colusa,011,21464,1929,1933,295,2228,14
2021-05-04,Contra Costa,013,1133247,68510,67931,1218,69149,799
2021-05-04,Del Norte,015,27424,1358,1314,12,1326,6
2021-05-04,El Dorado,017,186661,10108,10009,722,10731,110
2021-05-04,Fresno,019,978130,101943,101451,8492,109943,1677
2021-05-04,Glenn,021,27897,2396,2379,539,2918,17
2021-05-04,Humboldt,023,135768,3920,3877,32,3909,36
2021-05-04,Imperial,025,180216,28372,28276,2640,30916,720
2021-05-04,Inyo,027,18085,1402,1399,11,1410,36
2021-05-04,Kern,029,883053,96743,95720,10568,106288,1301
2021-05-04,Kings,031,150075,23045,22822,1060,23882,246
2021-05-04,Lake,033,64148,3478,3454,9,3463,43
2021-05-04,Lassen,035,31185,5176,5142,104,5246,1
2021-05-04,Los Angeles,037,10098052,1203054,1193453,40179,1233632,23957
2021-05-04,Madera,039,155013,16514,16418,910,17328,235
2021-05-04,Marin,041,260295,14000,13935,242,14177,228
2021-05-04,Mariposa,043,17540,422,418,11,429,5
2021-05-04,Mendocino,045,87422,3864,3794,80,3874,46
2021-05-04,Merced,047,269075,30718,30829,1022,31851,444
2021-05-04,Modoc,049,8938,366,360,120,480,3
2021-05-04,Mono,051,14174,1251,1260,17,1277,3
2021-05-04,Monterey,053,433212,42995,42845,1813,44658,380
2021-05-04,Napa,055,140530,9799,9824,33,9857,81
2021-05-04,Nevada,057,99092,4735,4656,185,4841,70
2021-05-04,Orange,059,3164182,254547,253177,11110,264287,4977
2021-05-04,Placer,061,380077,22843,22326,1423,23749,287
2021-05-04,Plumas,063,18699,692,675,10,685,4
2021-05-04,Riverside,065,2383286,292874,287285,13743,301028,4411
2021-05-04,Sacramento,067,1510023,104135,103383,1671,105054,1604
2021-05-04,San Benito,069,59416,6025,6039,111,6150,63
2021-05-04,San Bernardino,071,2135413,292126,290934,8862,299796,4668
2021-05-04,San Diego,073,3302833,278516,276879,14614,291493,3713
2021-05-04,San Francisco,075,870044,36382,36550,1245,37795,541
2021-05-04,San Joaquin,077,732212,72279,71582,3404,74986,1342
2021-05-04,San Luis Obispo,079,281455,21204,20923,711,21634,255
2021-05-04,San Mateo,081,765935,41985,41708,459,42167,415
2021-05-04,Santa Barbara,083,443738,34252,34131,1109,35240,453
2021-05-04,Santa Clara,085,1922200,117874,118431,731,119162,1988
2021-05-04,Santa Cruz,087,273765,16145,16005,796,16801,207
2021-05-04,Shasta,089,179085,11952,11923,1485,13408,198
2021-05-04,Sierra,091,2930,56,54,12,66,0
2021-05-04,Siskiyou,093,43540,1806,1694,309,2003,11
2021-05-04,Solano,095,438530,32338,32220,517,32737,249
2021-05-04,Sonoma,097,501317,29713,29867,319,30186,318
2021-05-04,Stanislaus,099,539301,55486,55165,5779,60944,807
2021-05-04,Sutter,101,95872,9345,9375,80,9455,111
2021-05-04,Tehama,103,63373,4988,4959,550,5509,53
2021-05-04,Trinity,105,12862,482,326,83,409,3
2021-05-04,Tulare,107,460477,49870,48857,8739,57596,835
2021-05-04,Tuolumne,109,53932,3999,4041,41,4082,61
2021-05-04,Ventura,111,848112,80964,80351,2920,83271,1005
2021-05-04,Yolo,113,214977,13844,13820,208,14028,208
2021-05-04,Yuba,115,75493,5924,5891,118,6009,44
2021-05-03,Alameda,001,1643700,86970,86845,1873,88718,1272
2021-05-03,Alpine,003,1148,87,88,0,88,0
2021-05-03,Amador,005,37829,3643,3651,32,3683,46
2021-05-03,Butte,007,227075,12238,11864,1792,13656,198
2021-05-03,Calaveras,009,45235,2103,2099,13,2112,50
2021-05-03,Colusa,011,21464,1928,1931,293,2224,14
2021-05-03,Contra Costa,013,1133247,68451,67895,1214,69109,799
2021-05-03,Del Norte,015,27424,1353,1306,11,1317,6
2021-05-03,El Dorado,017,186661,10090,9984,717,10701,110
2021-05-03,Fresno,019,978130,101887,101405,8482,109887,1678
2021-05-03,Glenn,021,27897,2396,2375,538,2913,17
2021-05-03,Humboldt,023,135768,3905,3865,32,3897,36
2021-05-03,Imperial,025,180216,28350,28280,2637,30917,720
2021-05-03,Inyo,027,18085,1401,1398,11,1409,36
2021-05-03,Kern,029,883053,96706,95693,10557,106250,1299
2021-05-03,Kings,031,150075,23036,22821,1060,23881,246
2021-05-03,Lake,033,64148,3476,3446,9,3455,43
2021-05-03,Lassen,035,31185,5175,5142,104,5246,1
2021-05-03,Los Angeles,037,10098052,1202786,1193261,40153,1233414,23942
2021-05-03,Madera,039,155013,16509,16414,909,17323,235
2021-05-03,Marin,041,260295,13994,13927,242,14169,228
2021-05-03,Mariposa,043,17540,422,418,11,429,5
2021-05-03,Mendocino,045,87422,3857,3792,80,3872,46
2021-05-03,Merced,047,269075,30707,30814,1020,31834,444
2021-05-03,Modoc,049,8938,366,360,120,480,3
2021-05-03,Mono,051,14174,1251,1259,17,1276,3
2021-05-03,Monterey,053,433212,42983,42837,1811,44648,380
2021-05-03,Napa,055,140530,9794,9815,33,9848,81
2021-05-03,Nevada,057,99092,4727,4650,185,4835,70
2021-05-03,Orange,059,3164182,254489,253107,11101,264208,4968
2021-05-03,Placer,061,380077,22812,22289,1417,23706,287
2021-05-03,Plumas,063,18699,691,675,10,685,4
2021-05-03,Riverside,065,2383286,292800,287233,13742,300975,4412
2021-05-03,Sacramento,067,1510023,103982,103303,1661,104964,1602
2021-05-03,San Benito,069,59416,6024,6038,111,6149,63
2021-05-03,San Bernardino,071,2135413,292058,290886,8859,299745,4659
2021-05-03,San Diego,073,3302833,278353,276693,14589,291282,3712
2021-05-03,San Francisco,075,870044,36356,36538,1245,37783,541
2021-05-03,San Joaquin,077,732212,72229,71504,3401,74905,1325
2021-05-03,San Luis Obispo,079,281455,21188,20915,708,21623,254
2021-05-03,San Mateo,081,765935,41962,41689,458,42147,413
2021-05-03,Santa Barbara,083,443738,34240,34119,1109,35228,453
2021-05-03,Santa Clara,085,1922200,117820,118373,730,119103,1988
2021-05-03,Santa Cruz,087,273765,16142,16000,796,16796,207
2021-05-03,Shasta,089,179085,11929,11890,1480,13370,197
2021-05-03,Sierra,091,2930,56,54,12,66,0
2021-05-03,Siskiyou,093,43540,1800,1683,303,1986,11
2021-05-03,Solano,095,438530,32297,32201,516,32717,249
2021-05-03,Sonoma,097,501317,29701,29855,316,30171,318
2021-05-03,Stanislaus,099,539301,55420,55116,5770,60886,774
2021-05-03,Sutter,101,95872,9333,9370,80,9450,111
2021-05-03,Tehama,103,63373,4980,4952,550,5502,53
2021-05-03,Trinity,105,12862,482,326,83,409,3
2021-05-03,Tulare,107,460477,49852,48844,8729,57573,835
2021-05-03,Tuolumne,109,53932,3998,4038,41,4079,61
2021-05-03,Ventura,111,848112,80942,80291,2920,83211,1005
2021-05-03,Yolo,113,214977,13830,13809,207,14016,208
2021-05-03,Yuba,115,75493,5919,5880,118,5998,44
2021-05-02,Alameda,001,1643700,86885,86784,1871,88655,1272
2021-05-02,Alpine,003,1148,87,88,0,88,0
2021-05-02,Amador,005,37829,3643,3650,32,3682,46
2021-05-02,Butte,007,227075,12214,11859,1790,13649,198
2021-05-02,Calaveras,009,45235,2099,2098,13,2111,50
2021-05-02,Colusa,011,21464,1927,1931,292,2223,14
2021-05-02,Contra Costa,013,1133247,68366,67843,1212,69055,800
2021-05-02,Del Norte,015,27424,1346,1305,11,1316,6
2021-05-02,El Dorado,017,186661,10075,9962,716,10678,110
2021-05-02,Fresno,019,978130,101815,101372,8471,109843,1678
2021-05-02,Glenn,021,27897,2395,2374,536,2910,17
2021-05-02,Humboldt,023,135768,3893,3858,31,3889,36
2021-05-02,Imperial,025,180216,28316,28275,2628,30903,721
2021-05-02,Inyo,027,18085,1399,1398,11,1409,36
2021-05-02,Kern,029,883053,96648,95668,10550,106218,1299
2021-05-02,Kings,031,150075,23018,22816,1059,23875,246
2021-05-02,Lake,033,64148,3474,3443,9,3452,43
2021-05-02,Lassen,035,31185,5174,5142,103,5245,1
2021-05-02,Los Angeles,037,10098052,1202434,1193056,40132,1233188,23943
2021-05-02,Madera,039,155013,16503,16410,909,17319,235
2021-05-02,Marin,041,260295,13984,13917,242,14159,228
2021-05-02,Mariposa,043,17540,422,419,11,430,5
2021-05-02,Mendocino,045,87422,3852,3787,80,3867,46
2021-05-02,Merced,047,269075,30687,30793,1016,31809,444
2021-05-02,Modoc,049,8938,365,360,120,480,3
2021-05-02,Mono,051,14174,1250,1259,17,1276,3
2021-05-02,Monterey,053,433212,42969,42837,1810,44647,380
2021-05-02,Napa,055,140530,9790,9805,33,9838,81
2021-05-02,Nevada,057,99092,4711,4635,185,4820,70
2021-05-02,Orange,059,3164182,254415,253025,11087,264112,4968
2021-05-02,Placer,061,380077,22783,22264,1414,23678,287
2021-05-02,Plumas,063,18699,691,675,10,685,4
2021-05-02,Riverside,065,2383286,292700,287197,13732,300929,4412
2021-05-02,Sacramento,067,1510023,103843,103153,1653,104806,1602
2021-05-02,San Benito,069,59416,6019,6037,111,6148,63
2021-05-02,San Bernardino,071,2135413,291959,290859,8857,299716,4655
2021-05-02,San Diego,073,3302833,278157,276521,14562,291083,3712
2021-05-02,San Francisco,075,870044,36330,36522,1245,37767,541
2021-05-02,San Joaquin,077,732212,72165,71447,3395,74842,1325
2021-05-02,San Luis Obispo,079,281455,21167,20910,707,21617,254
2021-05-02,San Mateo,081,765935,41946,41656,457,42113,412
2021-05-02,Santa Barbara,083,443738,34226,34106,1109,35215,453
2021-05-02,Santa Clara,085,1922200,117746,118321,730,119051,1988
2021-05-02,Santa Cruz,087,273765,16137,15995,795,16790,207
2021-05-02,Shasta,089,179085,11913,11885,1472,13357,197
2021-05-02,Sierra,091,2930,56,54,12,66,0
2021-05-02,Siskiyou,093,43540,1789,1661,302,1963,11
2021-05-02,Solano,095,438530,32258,32151,512,32663,249
2021-05-02,Sonoma,097,501317,29679,29842,316,30158,318
2021-05-02,Stanislaus,099,539301,55346,55057,5763,60820,774
2021-05-02,Sutter,101,95872,9327,9363,80,9443,111
2021-05-02,Tehama,103,63373,4975,4950,548,5498,53
2021-05-02,Trinity,105,12862,482,326,83,409,3
2021-05-02,Tulare,107,460477,49834,48834,8721,57555,835
2021-05-02,Tuolumne,109,53932,3995,4038,41,4079,61
2021-05-02,Ventura,111,848112,80904,80284,2919,83203,1005
2021-05-02,Yolo,113,214977,13818,13799,206,14005,208
2021-05-02,Yuba,115,75493,5909,5879,118,5997,44
2021-05-01,Alameda,001,1643700,86842,86704,1868,88572,1270
2021-05-01,Alpine,003,1148,87,88,0,88,0
2021-05-01,Amador,005,37829,3643,3650,32,3682,46
2021-05-01,Butte,007,227075,12200,11845,1785,13630,198
2021-05-01,Calaveras,009,45235,2097,2096,13,2109,50
2021-05-01,Colusa,011,21464,1926,1931,292,2223,14
2021-05-01,Contra Costa,013,1133247,68314,67779,1209,68988,800
2021-05-01,Del Norte,015,27424,1345,1292,11,1303,6
2021-05-01,El Dorado,017,186661,10061,9944,714,10658,110
2021-05-01,Fresno,019,978130,101770,101326,8465,109791,1678
2021-05-01,Glenn,021,27897,2392,2369,535,2904,17
2021-05-01,Humboldt,023,135768,3879,3845,31,3876,36
2021-05-01,Imperial,025,180216,28309,28262,2628,30890,721
2021-05-01,Inyo,027,18085,1399,1397,11,1408,36
2021-05-01,Kern,029,883053,96621,95645,10539,106184,1299
2021-05-01,Kings,031,150075,23015,22797,1058,23855,246
2021-05-01,Lake,033,64148,3472,3441,9,3450,43
2021-05-01,Lassen,035,31185,5172,5142,103,5245,1
2021-05-01,Los Angeles,037,10098052,1202264,1192781,40118,1232899,23946
2021-05-01,Madera,039,155013,16499,16408,909,17317,235
2021-05-01,Marin,041,260295,13976,13902,242,14144,228
2021-05-01,Mariposa,043,17540,422,418,11,429,5
2021-05-01,Mendocino,045,87422,3850,3782,80,3862,46
2021-05-01,Merced,047,269075,30670,30771,1015,31786,444
2021-05-01,Modoc,049,8938,365,361,120,481,3
2021-05-01,Mono,051,14174,1250,1258,17,1275,3
2021-05-01,Monterey,053,433212,42963,42828,1810,44638,379
2021-05-01,Napa,055,140530,9787,9800,33,9833,81
2021-05-01,Nevada,057,99092,4706,4625,185,4810,70
2021-05-01,Orange,059,3164182,254372,252969,11077,264046,4964
2021-05-01,Placer,061,380077,22757,22240,1412,23652,287
2021-05-01,Plumas,063,18699,690,675,10,685,4
2021-05-01,Riverside,065,2383286,292661,287129,13730,300859,4412
2021-05-01,Sacramento,067,1510023,103762,103043,1652,104695,1602
2021-05-01,San Benito,069,59416,6016,6030,111,6141,63
2021-05-01,San Bernardino,071,2135413,291916,290802,8856,299658,4652
2021-05-01,San Diego,073,3302833,278033,276367,14541,290908,3706
2021-05-01,San Francisco,075,870044,36315,36496,1245,37741,541
2021-05-01,San Joaquin,077,732212,72116,71389,3393,74782,1325
2021-05-01,San Luis Obispo,079,281455,21162,20896,707,21603,254
2021-05-01,San Mateo,081,765935,41917,41617,456,42073,411
2021-05-01,Santa Barbara,083,443738,34221,34085,1108,35193,453
2021-05-01,Santa Clara,085,1922200,117694,118265,728,118993,1988
2021-05-01,Santa Cruz,087,273765,16134,15984,795,16779,207
2021-05-01,Shasta,089,179085,11893,11878,1465,13343,197
2021-05-01,Sierra,091,2930,56,53,12,65,0
2021-05-01,Siskiyou,093,43540,1781,1653,301,1954,11
2021-05-01,Solano,095,438530,32228,32124,504,32628,249
2021-05-01,Sonoma,097,501317,29676,29835,316,30151,318
2021-05-01,Stanislaus,099,539301,55311,55005,5757,60762,774
2021-05-01,Sutter,101,95872,9324,9358,80,9438,110
2021-05-01,Tehama,103,63373,4974,4950,547,5497,53
2021-05-01,Trinity,105,12862,482,326,82,408,3
2021-05-01,Tulare,107,460477,49827,48818,8715,57533,835
2021-05-01,Tuolumne,109,53932,3989,4035,41,4076,61
2021-05-01,Ventura,111,848112,80886,80268,2919,83187,1005
2021-05-01,Yolo,113,214977,13811,13784,204,13988,208
2021-05-01,Yuba,115,75493,5907,5875,118,5993,44
2021-04-30,Alameda,001,1643700,86781,86602,1865,88467,1268
2021-04-30,Alpine,003,1148,87,88,0,88,0
2021-04-30,Amador,005,37829,3641,3650,32,3682,46
2021-04-30,Butte,007,227075,12181,11812,1781,13593,197
2021-04-30,Calaveras,009,45235,2096,2087,13,2100,50
2021-04-30,Colusa,011,21464,1926,1931,291,2222,14
2021-04-30,Contra Costa,013,1133247,68266,67684,1206,68890,800
2021-04-30,Del Norte,015,27424,1333,1276,11,1287,6
2021-04-30,El Dorado,017,186661,10047,9906,714,10620,110
2021-04-30,Fresno,019,978130,101723,101263,8461,109724,1670
2021-04-30,Glenn,021,27897,2391,2369,535,2904,17
2021-04-30,Humboldt,023,135768,3866,3834,31,3865,36
2021-04-30,Imperial,025,180216,28300,28244,2625,30869,721
2021-04-30,Inyo,027,18085,1399,1397,11,1408,36
2021-04-30,Kern,029,883053,96604,95605,10535,106140,1298
2021-04-30,Kings,031,150075,23012,22793,1057,23850,246
2021-04-30,Lake,033,64148,3468,3440,9,3449,43
2021-04-30,Lassen,035,31185,5171,5140,103,5243,1
2021-04-30,Los Angeles,037,10098052,1202053,1192393,40105,1232498,23919
2021-04-30,Madera,039,155013,16493,16395,909,17304,235
2021-04-30,Marin,041,260295,13968,13895,240,14135,228
2021-04-30,Mariposa,043,17540,422,417,11,428,5
2021-04-30,Mendocino,045,87422,3846,3777,80,3857,46
2021-04-30,Merced,047,269075,30657,30740,1014,31754,444
2021-04-30,Modoc,049,8938,364,360,120,480,3
2021-04-30,Mono,051,14174,1250,1258,17,1275,3
2021-04-30,Monterey,053,433212,42949,42810,1809,44619,379
2021-04-30,Napa,055,140530,9783,9792,33,9825,81
2021-04-30,Nevada,057,99092,4698,4608,185,4793,70
2021-04-30,Orange,059,3164182,254314,252883,11071,263954,4956
2021-04-30,Placer,061,380077,22738,22190,1408,23598,287
2021-04-30,Plumas,063,18699,690,677,10,687,4
2021-04-30,Riverside,065,2383286,292603,287030,13723,300753,4412
2021-04-30,Sacramento,067,1510023,103661,102864,1648,104512,1596
2021-04-30,San Benito,069,59416,6012,6024,110,6134,63
2021-04-30,San Bernardino,071,2135413,291856,290704,8855,299559,4640
2021-04-30,San Diego,073,3302833,277937,276157,14530,290687,3702
2021-04-30,San Francisco,075,870044,36304,36453,1244,37697,538
2021-04-30,San Joaquin,077,732212,72064,71311,3390,74701,1306
2021-04-30,San Luis Obispo,079,281455,21156,20884,707,21591,255
2021-04-30,San Mateo,081,765935,41903,41583,455,42038,380
2021-04-30,Santa Barbara,083,443738,34208,34061,1108,35169,451
2021-04-30,Santa Clara,085,1922200,117636,118170,724,118894,1988
2021-04-30,Santa Cruz,087,273765,16129,15975,795,16770,207
2021-04-30,Shasta,089,179085,11872,11848,1462,13310,197
2021-04-30,Sierra,091,2930,56,53,12,65,0
2021-04-30,Siskiyou,093,43540,1770,1628,298,1926,11
2021-04-30,Solano,095,438530,32196,32050,501,32551,249
2021-04-30,Sonoma,097,501317,29666,29816,314,30130,318
2021-04-30,Stanislaus,099,539301,55260,54938,5754,60692,774
2021-04-30,Sutter,101,95872,9322,9353,80,9433,110
2021-04-30,Tehama,103,63373,4971,4944,547,5491,53
2021-04-30,Trinity,105,12862,482,326,82,408,3
2021-04-30,Tulare,107,460477,49817,48797,8699,57496,836
2021-04-30,Tuolumne,109,53932,3988,4033,41,4074,61
2021-04-30,Ventura,111,848112,80846,80232,2914,83146,1004
2021-04-30,Yolo,113,214977,13799,13756,204,13960,208
2021-04-30,Yuba,115,75493,5899,5870,118,5988,44
2021-04-29,Alameda,001,1643700,86714,86490,1864,88354,1263
2021-04-29,Alpine,003,1148,87,88,0,88,0
2021-04-29,Amador,005,37829,3641,3649,32,3681,46
2021-04-29,Butte,007,227075,12166,11787,1779,13566,196
2021-04-29,Calaveras,009,45235,2093,2082,13,2095,50
2021-04-29,Colusa,011,21464,1926,1929,291,2220,14
2021-04-29,Contra Costa,013,1133247,68211,67606,1203,68809,795
2021-04-29,Del Norte,015,27424,1329,1271,11,1282,6
2021-04-29,El Dorado,017,186661,10027,9884,711,10595,107
2021-04-29,Fresno,019,978130,101669,101189,8450,109639,1667
2021-04-29,Glenn,021,27897,2388,2369,535,2904,17
2021-04-29,Humboldt,023,135768,3852,3815,31,3846,36
2021-04-29,Imperial,025,180216,28287,28235,2624,30859,720
2021-04-29,Inyo,027,18085,1399,1396,11,1407,36
2021-04-29,Kern,029,883053,96571,95547,10531,106078,1295
2021-04-29,Kings,031,150075,23002,22777,1052,23829,245
2021-04-29,Lake,033,64148,3460,3438,9,3447,43
2021-04-29,Lassen,035,31185,5171,5140,103,5243,1
2021-04-29,Los Angeles,037,10098052,1201775,1192068,40084,1232152,23899
2021-04-29,Madera,039,155013,16488,16383,908,17291,235
2021-04-29,Marin,041,260295,13964,13884,232,14116,228
2021-04-29,Mariposa,043,17540,421,416,11,427,5
2021-04-29,Mendocino,045,87422,3840,3774,80,3854,46
2021-04-29,Merced,047,269075,30638,30706,1013,31719,444
2021-04-29,Modoc,049,8938,364,360,120,480,3
2021-04-29,Mono,051,14174,1247,1259,17,1276,3
2021-04-29,Monterey,053,433212,42932,42797,1808,44605,379
2021-04-29,Napa,055,140530,9769,9789,33,9822,81
2021-04-29,Nevada,057,99092,4687,4590,185,4775,70
2021-04-29,Orange,059,3164182,254244,252823,11056,263879,4934
2021-04-29,Placer,061,380077,22713,22161,1406,23567,286
2021-04-29,Plumas,063,18699,689,676,10,686,4
2021-04-29,Riverside,065,2383286,292535,286947,13721,300668,4409
2021-04-29,Sacramento,067,1510023,103528,102686,1638,104324,1593
2021-04-29,San Benito,069,59416,6011,6023,110,6133,63
2021-04-29,San Bernardino,071,2135413,291784,290606,8850,299456,4609
2021-04-29,San Diego,073,3302833,277786,275961,14513,290474,3700
2021-04-29,San Francisco,075,870044,36279,36412,1244,37656,537
2021-04-29,San Joaquin,077,732212,71998,71225,3385,74610,1301
2021-04-29,San Luis Obispo,079,281455,21145,20876,707,21583,255
2021-04-29,San Mateo,081,765935,41875,41538,454,41992,358
2021-04-29,Santa Barbara,083,443738,34192,34039,1106,35145,448
2021-04-29,Santa Clara,085,1922200,117581,118082,721,118803,1984
2021-04-29,Santa Cruz,087,273765,16123,15961,795,16756,205
2021-04-29,Shasta,089,179085,11841,11836,1454,13290,193
2021-04-29,Sierra,091,2930,56,53,12,65,0
2021-04-29,Siskiyou,093,43540,1761,1615,295,1910,11
2021-04-29,Solano,095,438530,32155,32002,497,32499,248
2021-04-29,Sonoma,097,501317,29651,29785,311,30096,318
2021-04-29,Stanislaus,099,539301,55193,54836,5749,60585,774
2021-04-29,Sutter,101,95872,9315,9346,80,9426,110
2021-04-29,Tehama,103,63373,4963,4939,547,5486,53
2021-04-29,Trinity,105,12862,482,326,82,408,3
2021-04-29,Tulare,107,460477,49799,48785,8688,57473,832
2021-04-29,Tuolumne,109,53932,3987,4030,41,4071,58
2021-04-29,Ventura,111,848112,80812,80188,2912,83100,1002
2021-04-29,Yolo,113,214977,13779,13745,203,13948,205
2021-04-29,Yuba,115,75493,5889,5865,118,5983,44
2021-04-28,Alameda,001,1643700,86642,86390,1860,88250,1260
2021-04-28,Alpine,003,1148,87,88,0,88,0
2021-04-28,Amador,005,37829,3641,3646,32,3678,46
2021-04-28,Butte,007,227075,12146,11762,1774,13536,196
2021-04-28,Calaveras,009,45235,2089,2078,12,2090,50
2021-04-28,Colusa,011,21464,1923,1927,290,2217,14
2021-04-28,Contra Costa,013,1133247,68151,67539,1201,68740,795
2021-04-28,Del Norte,015,27424,1321,1267,11,1278,6
2021-04-28,El Dorado,017,186661,10002,9873,711,10584,107
2021-04-28,Fresno,019,978130,101622,101161,8440,109601,1666
2021-04-28,Glenn,021,27897,2385,2368,535,2903,17
2021-04-28,Humboldt,023,135768,3836,3796,31,3827,36
2021-04-28,Imperial,025,180216,28273,28177,2623,30800,720
2021-04-28,Inyo,027,18085,1399,1396,10,1406,36
2021-04-28,Kern,029,883053,96542,95494,10522,106016,1295
2021-04-28,Kings,031,150075,22990,22767,1050,23817,245
2021-04-28,Lake,033,64148,3457,3433,9,3442,43
2021-04-28,Lassen,035,31185,5171,5138,103,5241,1
2021-04-28,Los Angeles,037,10098052,1201473,1191729,40057,1231786,23858
2021-04-28,Madera,039,155013,16484,16372,908,17280,235
2021-04-28,Marin,041,260295,13953,13866,232,14098,227
2021-04-28,Mariposa,043,17540,418,415,11,426,5
2021-04-28,Mendocino,045,87422,3834,3770,78,3848,46
2021-04-28,Merced,047,269075,30620,30649,1013,31662,443
2021-04-28,Modoc,049,8938,364,360,120,480,3
2021-04-28,Mono,051,14174,1247,1258,17,1275,3
2021-04-28,Monterey,053,433212,42927,42776,1808,44584,379
2021-04-28,Napa,055,140530,9758,9777,33,9810,81
2021-04-28,Nevada,057,99092,4667,4570,185,4755,70
2021-04-28,Orange,059,3164182,254164,252747,11044,263791,4931
2021-04-28,Placer,061,380077,22686,22115,1405,23520,285
2021-04-28,Plumas,063,18699,689,676,10,686,4
2021-04-28,Riverside,065,2383286,292479,286868,13715,300583,4407
2021-04-28,Sacramento,067,1510023,103407,102613,1634,104247,1591
2021-04-28,San Benito,069,59416,6009,6021,110,6131,63
2021-04-28,San Bernardino,071,2135413,291705,290548,8840,299388,4582
2021-04-28,San Diego,073,3302833,277632,275821,14499,290320,3698
2021-04-28,San Francisco,075,870044,36249,36382,1243,37625,534
2021-04-28,San Joaquin,077,732212,71918,71171,3377,74548,1301
2021-04-28,San Luis Obispo,079,281455,21137,20851,707,21558,255
2021-04-28,San Mateo,081,765935,41850,41498,452,41950,358
2021-04-28,Santa Barbara,083,443738,34178,34003,1106,35109,448
2021-04-28,Santa Clara,085,1922200,117512,117997,719,118716,1969
2021-04-28,Santa Cruz,087,273765,16119,15943,794,16737,205
2021-04-28,Shasta,089,179085,11825,11815,1447,13262,192
2021-04-28,Sierra,091,2930,56,51,12,63,0
2021-04-28,Siskiyou,093,43540,1748,1603,292,1895,11
2021-04-28,Solano,095,438530,32123,31982,492,32474,248
2021-04-28,Sonoma,097,501317,29637,29773,307,30080,318
2021-04-28,Stanislaus,099,539301,55138,54745,5746,60491,774
2021-04-28,Sutter,101,95872,9310,9343,80,9423,110
2021-04-28,Tehama,103,63373,4958,4930,546,5476,53
2021-04-28,Trinity,105,12862,482,326,82,408,3
2021-04-28,Tulare,107,460477,49781,48754,8673,57427,832
2021-04-28,Tuolumne,109,53932,3984,4029,41,4070,58
2021-04-28,Ventura,111,848112,80777,80172,2910,83082,1000
2021-04-28,Yolo,113,214977,13765,13721,202,13923,205
2021-04-28,Yuba,115,75493,5883,5857,118,5975,44
2021-04-27,Alameda,001,1643700,86552,86301,1854,88155,1260
2021-04-27,Alpine,003,1148,87,88,0,88,0
2021-04-27,Amador,005,37829,3641,3645,32,3677,46
2021-04-27,Butte,007,227075,12121,11738,1768,13506,196
2021-04-27,Calaveras,009,45235,2087,2076,12,2088,50
2021-04-27,Colusa,011,21464,1922,1926,290,2216,14
2021-04-27,Contra Costa,013,1133247,68082,67470,1197,68667,791
2021-04-27,Del Norte,015,27424,1309,1266,11,1277,6
2021-04-27,El Dorado,017,186661,9973,9866,708,10574,106
2021-04-27,Fresno,019,978130,101557,101138,8430,109568,1663
2021-04-27,Glenn,021,27897,2385,2368,535,2903,17
2021-04-27,Humboldt,023,135768,3824,3780,31,3811,35
2021-04-27,Imperial,025,180216,28257,28149,2617,30766,720
2021-04-27,Inyo,027,18085,1399,1396,10,1406,36
2021-04-27,Kern,029,883053,96485,95466,10512,105978,1295
2021-04-27,Kings,031,150075,22975,22759,1048,23807,244
2021-04-27,Lake,033,64148,3456,3431,9,3440,43
2021-04-27,Lassen,035,31185,5171,5137,103,5240,1
2021-04-27,Los Angeles,037,10098052,1201150,1191504,40027,1231531,23825
2021-04-27,Madera,039,155013,16477,16365,908,17273,235
2021-04-27,Marin,041,260295,13932,13855,232,14087,227
2021-04-27,Mariposa,043,17540,417,413,11,424,5
2021-04-27,Mendocino,045,87422,3830,3765,78,3843,46
2021-04-27,Merced,047,269075,30579,30620,1013,31633,443
2021-04-27,Modoc,049,8938,363,360,120,480,3
2021-04-27,Mono,051,14174,1247,1257,17,1274,3
2021-04-27,Monterey,053,433212,42909,42752,1805,44557,379
2021-04-27,Napa,055,140530,9751,9774,31,9805,81
2021-04-27,Nevada,057,99092,4652,4557,185,4742,70
2021-04-27,Orange,059,3164182,254094,252667,11039,263706,4925
2021-04-27,Placer,061,380077,22656,22050,1401,23451,285
2021-04-27,Plumas,063,18699,688,675,10,685,4
2021-04-27,Riverside,065,2383286,292403,286820,13711,300531,4405
2021-04-27,Sacramento,067,1510023,103278,102595,1624,104219,1589
2021-04-27,San Benito,069,59416,6004,6016,110,6126,63
2021-04-27,San Bernardino,071,2135413,291638,290461,8835,299296,4575
2021-04-27,San Diego,073,3302833,277475,275685,14479,290164,3692
2021-04-27,San Francisco,075,870044,36221,36358,1242,37600,533
2021-04-27,San Joaquin,077,732212,71864,71104,3371,74475,1301
2021-04-27,San Luis Obispo,079,281455,21130,20841,707,21548,255
2021-04-27,San Mateo,081,765935,41815,41474,451,41925,358
2021-04-27,Santa Barbara,083,443738,34154,33973,1105,35078,448
2021-04-27,Santa Clara,085,1922200,117462,117945,718,118663,1969
2021-04-27,Santa Cruz,087,273765,16112,15905,793,16698,205
2021-04-27,Shasta,089,179085,11797,11802,1440,13242,192
2021-04-27,Sierra,091,2930,56,51,12,63,0
2021-04-27,Siskiyou,093,43540,1733,1597,291,1888,11
2021-04-27,Solano,095,438530,32075,31964,491,32455,248
2021-04-27,Sonoma,097,501317,29619,29761,306,30067,318
2021-04-27,Stanislaus,099,539301,55068,54695,5738,60433,752
2021-04-27,Sutter,101,95872,9305,9342,80,9422,110
2021-04-27,Tehama,103,63373,4955,4922,542,5464,53
2021-04-27,Trinity,105,12862,482,326,82,408,3
2021-04-27,Tulare,107,460477,49764,48744,8664,57408,832
2021-04-27,Tuolumne,109,53932,3981,4028,41,4069,58
2021-04-27,Ventura,111,848112,80748,80152,2908,83060,1000
2021-04-27,Yolo,113,214977,13751,13697,201,13898,205
2021-04-27,Yuba,115,75493,5883,5853,118,5971,44
2021-04-26,Alameda,001,1643700,86458,86230,1851,88081,1256
2021-04-26,Alpine,003,1148,87,88,0,88,0
2021-04-26,Amador,005,37829,3640,3645,32,3677,46
2021-04-26,Butte,007,227075,12097,11720,1763,13483,196
2021-04-26,Calaveras,009,45235,2081,2074,12,2086,50
2021-04-26,Colusa,011,21464,1922,1925,289,2214,14
2021-04-26,Contra Costa,013,1133247,68015,67392,1193,68585,789
2021-04-26,Del Norte,015,27424,1300,1263,11,1274,6
2021-04-26,El Dorado,017,186661,9952,9849,707,10556,106
2021-04-26,Fresno,019,978130,101502,101099,8417,109516,1662
2021-04-26,Glenn,021,27897,2383,2367,535,2902,17
2021-04-26,Humboldt,023,135768,3814,3764,30,3794,35
2021-04-26,Imperial,025,180216,28244,28148,2614,30762,720
2021-04-26,Inyo,027,18085,1398,1396,10,1406,36
2021-04-26,Kern,029,883053,96458,95429,10506,105935,1295
2021-04-26,Kings,031,150075,22972,22756,1045,23801,244
2021-04-26,Lake,033,64148,3451,3428,9,3437,43
2021-04-26,Lassen,035,31185,5171,5138,103,5241,1
2021-04-26,Los Angeles,037,10098052,1200821,1191253,40008,1231261,23802
2021-04-26,Madera,039,155013,16465,16353,907,17260,231
2021-04-26,Marin,041,260295,13917,13849,232,14081,227
2021-04-26,Mariposa,043,17540,416,410,11,421,5
2021-04-26,Mendocino,045,87422,3828,3757,77,3834,46
2021-04-26,Merced,047,269075,30562,30611,1010,31621,443
2021-04-26,Modoc,049,8938,363,360,120,480,3
2021-04-26,Mono,051,14174,1247,1258,17,1275,3
2021-04-26,Monterey,053,433212,42893,42740,1804,44544,379
2021-04-26,Napa,055,140530,9739,9769,31,9800,79
2021-04-26,Nevada,057,99092,4631,4548,185,4733,70
2021-04-26,Orange,059,3164182,254011,252592,11029,263621,4919
2021-04-26,Placer,061,380077,22628,22032,1396,23428,285
2021-04-26,Plumas,063,18699,688,670,10,680,4
2021-04-26,Riverside,065,2383286,292341,286724,13703,300427,4401
2021-04-26,Sacramento,067,1510023,103106,102459,1612,104071,1587
2021-04-26,San Benito,069,59416,6002,6013,110,6123,63
2021-04-26,San Bernardino,071,2135413,291586,290394,8834,299228,4572
2021-04-26,San Diego,073,3302833,277300,275541,14451,289992,3692
2021-04-26,San Francisco,075,870044,36193,36330,1241,37571,532
2021-04-26,San Joaquin,077,732212,71798,71050,3363,74413,1301
2021-04-26,San Luis Obispo,079,281455,21122,20830,706,21536,255
2021-04-26,San Mateo,081,765935,41785,41457,451,41908,357
2021-04-26,Santa Barbara,083,443738,34123,33948,1105,35053,448
2021-04-26,Santa Clara,085,1922200,117362,117874,715,118589,1968
2021-04-26,Santa Cruz,087,273765,16103,15877,793,16670,205
2021-04-26,Shasta,089,179085,11780,11787,1434,13221,192
2021-04-26,Sierra,091,2930,55,51,12,63,0
2021-04-26,Siskiyou,093,43540,1723,1592,288,1880,11
2021-04-26,Solano,095,438530,32030,31913,489,32402,247
2021-04-26,Sonoma,097,501317,29596,29755,304,30059,318
2021-04-26,Stanislaus,099,539301,54978,54638,5732,60370,744
2021-04-26,Sutter,101,95872,9300,9328,80,9408,110
2021-04-26,Tehama,103,63373,4950,4920,539,5459,53
2021-04-26,Trinity,105,12862,482,326,82,408,3
2021-04-26,Tulare,107,460477,49744,48735,8655,57390,831
2021-04-26,Tuolumne,109,53932,3980,4024,41,4065,58
2021-04-26,Ventura,111,848112,80723,80137,2905,83042,999
2021-04-26,Yolo,113,214977,13731,13684,198,13882,205
2021-04-26,Yuba,115,75493,5881,5851,118,5969,44
2021-04-25,Alameda,001,1643700,86357,86162,1845,88007,1256
2021-04-25,Alpine,003,1148,87,87,0,87,0
2021-04-25,Amador,005,37829,3639,3643,32,3675,46
2021-04-25,Butte,007,227075,12068,11709,1756,13465,196
2021-04-25,Calaveras,009,45235,2076,2072,11,2083,50
2021-04-25,Colusa,011,21464,1921,1924,289,2213,14
2021-04-25,Contra Costa,013,1133247,67923,67316,1192,68508,789
2021-04-25,Del Norte,015,27424,1294,1259,11,1270,6
2021-04-25,El Dorado,017,186661,9935,9837,705,10542,106
2021-04-25,Fresno,019,978130,101443,101061,8405,109466,1662
2021-04-25,Glenn,021,27897,2383,2366,535,2901,17
2021-04-25,Humboldt,023,135768,3801,3751,30,3781,35
2021-04-25,Imperial,025,180216,28218,28136,2612,30748,720
2021-04-25,Inyo,027,18085,1398,1396,10,1406,36
2021-04-25,Kern,029,883053,96392,95398,10494,105892,1295
2021-04-25,Kings,031,150075,22958,22755,1043,23798,244
2021-04-25,Lake,033,64148,3449,3427,9,3436,43
2021-04-25,Lassen,035,31185,5169,5138,103,5241,1
2021-04-25,Los Angeles,037,10098052,1200485,1190970,39988,1230958,23799
2021-04-25,Madera,039,155013,16453,16346,907,17253,231
2021-04-25,Marin,041,260295,13908,13852,232,14084,227
2021-04-25,Mariposa,043,17540,416,410,11,421,5
2021-04-25,Mendocino,045,87422,3821,3757,77,3834,46
2021-04-25,Merced,047,269075,30528,30586,1009,31595,443
2021-04-25,Modoc,049,8938,363,360,120,480,3
2021-04-25,Mono,051,14174,1247,1257,17,1274,3
2021-04-25,Monterey,053,433212,42880,42737,1802,44539,379
2021-04-25,Napa,055,140530,9734,9762,31,9793,79
2021-04-25,Nevada,057,99092,4619,4536,185,4721,70
2021-04-25,Orange,059,3164182,253935,252531,11023,263554,4919
2021-04-25,Placer,061,380077,22582,22011,1388,23399,285
2021-04-25,Plumas,063,18699,687,670,10,680,4
2021-04-25,Riverside,065,2383286,292248,286651,13697,300348,4401
2021-04-25,Sacramento,067,1510023,102938,102319,1602,103921,1587
2021-04-25,San Benito,069,59416,6000,6014,109,6123,63
2021-04-25,San Bernardino,071,2135413,291511,290357,8826,299183,4571
2021-04-25,San Diego,073,3302833,277087,275412,14418,289830,3692
2021-04-25,San Francisco,075,870044,36162,36310,1241,37551,532
2021-04-25,San Joaquin,077,732212,71703,70987,3353,74340,1301
2021-04-25,San Luis Obispo,079,281455,21103,20820,704,21524,255
2021-04-25,San Mateo,081,765935,41750,41465,450,41915,356
2021-04-25,Santa Barbara,083,443738,34097,33931,1105,35036,448
2021-04-25,Santa Clara,085,1922200,117283,117778,713,118491,1968
2021-04-25,Santa Cruz,087,273765,16097,15868,791,16659,205
2021-04-25,Shasta,089,179085,11757,11784,1429,13213,192
2021-04-25,Sierra,091,2930,55,51,12,63,0
2021-04-25,Siskiyou,093,43540,1712,1580,286,1866,11
2021-04-25,Solano,095,438530,31983,31864,481,32345,247
2021-04-25,Sonoma,097,501317,29578,29756,304,30060,318
2021-04-25,Stanislaus,099,539301,54882,54543,5724,60267,744
2021-04-25,Sutter,101,95872,9294,9326,80,9406,110
2021-04-25,Tehama,103,63373,4946,4916,537,5453,53
2021-04-25,Trinity,105,12862,482,326,82,408,3
2021-04-25,Tulare,107,460477,49728,48728,8642,57370,831
2021-04-25,Tuolumne,109,53932,3978,4022,41,4063,58
2021-04-25,Ventura,111,848112,80699,80110,2905,83015,999
2021-04-25,Yolo,113,214977,13705,13667,197,13864,205
2021-04-25,Yuba,115,75493,5878,5849,117,5966,44
2021-04-24,Alameda,001,1643700,86302,86016,1843,87859,1257
2021-04-24,Alpine,003,1148,87,86,0,86,0
2021-04-24,Amador,005,37829,3638,3640,32,3672,46
2021-04-24,Butte,007,227075,12052,11678,1754,13432,196
2021-04-24,Calaveras,009,45235,2072,2067,11,2078,50
2021-04-24,Colusa,011,21464,1920,1921,289,2210,14
2021-04-24,Contra Costa,013,1133247,67852,67222,1190,68412,789
2021-04-24,Del Norte,015,27424,1289,1255,11,1266,6
2021-04-24,El Dorado,017,186661,9924,9814,704,10518,106
2021-04-24,Fresno,019,978130,101412,100991,8399,109390,1662
2021-04-24,Glenn,021,27897,2383,2363,535,2898,17
2021-04-24,Humboldt,023,135768,3787,3722,30,3752,35
2021-04-24,Imperial,025,180216,28211,28124,2611,30735,720
2021-04-24,Inyo,027,18085,1397,1396,10,1406,36
2021-04-24,Kern,029,883053,96373,95365,10484,105849,1295
2021-04-24,Kings,031,150075,22955,22749,1043,23792,244
2021-04-24,Lake,033,64148,3448,3426,9,3435,43
2021-04-24,Lassen,035,31185,5168,5137,103,5240,1
2021-04-24,Los Angeles,037,10098052,1200253,1190603,39972,1230575,23802
2021-04-24,Madera,039,155013,16450,16338,907,17245,231
2021-04-24,Marin,041,260295,13900,13847,232,14079,227
2021-04-24,Mariposa,043,17540,416,409,11,420,5
2021-04-24,Mendocino,045,87422,3819,3754,75,3829,46
2021-04-24,Merced,047,269075,30508,30559,1009,31568,443
2021-04-24,Modoc,049,8938,363,360,120,480,3
2021-04-24,Mono,051,14174,1247,1256,17,1273,3
2021-04-24,Monterey,053,433212,42868,42727,1801,44528,379
2021-04-24,Napa,055,140530,9728,9756,31,9787,79
2021-04-24,Nevada,057,99092,4612,4522,185,4707,70
2021-04-24,Orange,059,3164182,253891,252441,11017,263458,4910
2021-04-24,Placer,061,380077,22569,21983,1387,23370,285
2021-04-24,Plumas,063,18699,686,670,10,680,4
2021-04-24,Riverside,065,2383286,292180,286552,13693,300245,4400
2021-04-24,Sacramento,067,1510023,102855,102179,1595,103774,1587
2021-04-24,San Benito,069,59416,5998,6007,109,6116,63
2021-04-24,San Bernardino,071,2135413,291463,290264,8825,299089,4568
2021-04-24,San Diego,073,3302833,276984,275252,14398,289650,3688
2021-04-24,San Francisco,075,870044,36133,36285,1236,37521,532
2021-04-24,San Joaquin,077,732212,71660,70911,3350,74261,1301
2021-04-24,San Luis Obispo,079,281455,21093,20797,703,21500,255
2021-04-24,San Mateo,081,765935,41737,41424,448,41872,355
2021-04-24,Santa Barbara,083,443738,34082,33911,1104,35015,448
2021-04-24,Santa Clara,085,1922200,117228,117674,711,118385,1968
2021-04-24,Santa Cruz,087,273765,16089,15840,791,16631,205
2021-04-24,Shasta,089,179085,11739,11770,1426,13196,192
2021-04-24,Sierra,091,2930,55,51,12,63,0
2021-04-24,Siskiyou,093,43540,1702,1574,285,1859,11
2021-04-24,Solano,095,438530,31960,31821,478,32299,247
2021-04-24,Sonoma,097,501317,29576,29739,304,30043,318
2021-04-24,Stanislaus,099,539301,54833,54455,5721,60176,744
2021-04-24,Sutter,101,95872,9291,9316,80,9396,110
2021-04-24,Tehama,103,63373,4941,4907,537,5444,53
2021-04-24,Trinity,105,12862,482,326,82,408,3
2021-04-24,Tulare,107,460477,49717,48705,8632,57337,830
2021-04-24,Tuolumne,109,53932,3974,4020,41,4061,58
2021-04-24,Ventura,111,848112,80686,80097,2903,83000,999
2021-04-24,Yolo,113,214977,13694,13653,197,13850,205
2021-04-24,Yuba,115,75493,5876,5837,117,5954,44
2021-04-23,Alameda,001,1643700,86228,85935,1840,87775,1256
2021-04-23,Alpine,003,1148,86,86,0,86,0
2021-04-23,Amador,005,37829,3637,3637,32,3669,46
2021-04-23,Butte,007,227075,12031,11672,1749,13421,196
2021-04-23,Calaveras,009,45235,2069,2064,11,2075,50
2021-04-23,Colusa,011,21464,1919,1921,289,2210,14
2021-04-23,Contra Costa,013,1133247,67798,67164,1188,68352,785
2021-04-23,Del Norte,015,27424,1288,1254,11,1265,6
2021-04-23,El Dorado,017,186661,9907,9788,701,10489,106
2021-04-23,Fresno,019,978130,101371,100928,8393,109321,1662
2021-04-23,Glenn,021,27897,2383,2361,534,2895,17
2021-04-23,Humboldt,023,135768,3777,3698,30,3728,35
2021-04-23,Imperial,025,180216,28196,28108,2610,30718,720
2021-04-23,Inyo,027,18085,1397,1395,10,1405,36
2021-04-23,Kern,029,883053,96348,95330,10478,105808,1295
2021-04-23,Kings,031,150075,22952,22735,1043,23778,244
2021-04-23,Lake,033,64148,3446,3425,9,3434,43
2021-04-23,Lassen,035,31185,5168,5141,103,5244,1
2021-04-23,Los Angeles,037,10098052,1199983,1190264,39948,1230212,23785
2021-04-23,Madera,039,155013,16441,16328,907,17235,231
2021-04-23,Marin,041,260295,13895,13838,232,14070,227
2021-04-23,Mariposa,043,17540,415,405,11,416,5
2021-04-23,Mendocino,045,87422,3817,3745,74,3819,46
2021-04-23,Merced,047,269075,30491,30530,1008,31538,443
2021-04-23,Modoc,049,8938,363,360,120,480,3
2021-04-23,Mono,051,14174,1245,1256,17,1273,3
2021-04-23,Monterey,053,433212,42862,42722,1801,44523,377
2021-04-23,Napa,055,140530,9723,9752,31,9783,79
2021-04-23,Nevada,057,99092,4603,4510,185,4695,70
2021-04-23,Orange,059,3164182,253847,252399,11010,263409,4904
2021-04-23,Placer,061,380077,22546,21959,1386,23345,282
2021-04-23,Plumas,063,18699,685,670,10,680,4
2021-04-23,Riverside,065,2383286,292121,286456,13688,300144,4399
2021-04-23,Sacramento,067,1510023,102768,102041,1592,103633,1586
2021-04-23,San Benito,069,59416,5996,6005,109,6114,63
2021-04-23,San Bernardino,071,2135413,291412,290189,8824,299013,4568
2021-04-23,San Diego,073,3302833,276845,275097,14375,289472,3684
2021-04-23,San Francisco,075,870044,36117,36252,1235,37487,532
2021-04-23,San Joaquin,077,732212,71604,70840,3347,74187,1295
2021-04-23,San Luis Obispo,079,281455,21084,20781,702,21483,255
2021-04-23,San Mateo,081,765935,41711,41386,448,41834,355
2021-04-23,Santa Barbara,083,443738,34072,33895,1102,34997,447
2021-04-23,Santa Clara,085,1922200,117166,117593,710,118303,1965
2021-04-23,Santa Cruz,087,273765,16082,15802,791,16593,205
2021-04-23,Shasta,089,179085,11732,11759,1425,13184,192
2021-04-23,Sierra,091,2930,55,51,12,63,0
2021-04-23,Siskiyou,093,43540,1690,1567,284,1851,11
2021-04-23,Solano,095,438530,31928,31784,474,32258,247
2021-04-23,Sonoma,097,501317,29562,29727,304,30031,318
2021-04-23,Stanislaus,099,539301,54771,54391,5713,60104,744
2021-04-23,Sutter,101,95872,9289,9312,80,9392,110
2021-04-23,Tehama,103,63373,4938,4906,537,5443,53
2021-04-23,Trinity,105,12862,482,326,82,408,3
2021-04-23,Tulare,107,460477,49700,48694,8625,57319,829
2021-04-23,Tuolumne,109,53932,3973,4020,41,4061,58
2021-04-23,Ventura,111,848112,80667,80095,2903,82998,996
2021-04-23,Yolo,113,214977,13682,13647,197,13844,205
2021-04-23,Yuba,115,75493,5873,5828,117,5945,44
2021-04-22,Alameda,001,1643700,86138,85829,1839,87668,1253
2021-04-22,Alpine,003,1148,86,86,0,86,0
2021-04-22,Amador,005,37829,3636,3633,32,3665,46
2021-04-22,Butte,007,227075,12017,11656,1746,13402,196
2021-04-22,Calaveras,009,45235,2067,2059,11,2070,50
2021-04-22,Colusa,011,21464,1917,1920,287,2207,14
2021-04-22,Contra Costa,013,1133247,67726,67029,1184,68213,782
2021-04-22,Del Norte,015,27424,1283,1252,11,1263,6
2021-04-22,El Dorado,017,186661,9895,9773,698,10471,106
2021-04-22,Fresno,019,978130,101326,100864,8382,109246,1657
2021-04-22,Glenn,021,27897,2382,2361,534,2895,17
2021-04-22,Humboldt,023,135768,3768,3680,30,3710,35
2021-04-22,Imperial,025,180216,28175,28096,2607,30703,720
2021-04-22,Inyo,027,18085,1396,1394,10,1404,36
2021-04-22,Kern,029,883053,96305,95292,10463,105755,1299
2021-04-22,Kings,031,150075,22942,22725,1043,23768,243
2021-04-22,Lake,033,64148,3444,3423,9,3432,43
2021-04-22,Lassen,035,31185,5168,5155,103,5258,1
2021-04-22,Los Angeles,037,10098052,1199661,1189878,39927,1229805,23762
2021-04-22,Madera,039,155013,16422,16316,907,17223,231
2021-04-22,Marin,041,260295,13887,13832,232,14064,227
2021-04-22,Mariposa,043,17540,414,403,11,414,5
2021-04-22,Mendocino,045,87422,3811,3729,74,3803,46
2021-04-22,Merced,047,269075,30456,30490,1007,31497,443
2021-04-22,Modoc,049,8938,363,360,120,480,3
2021-04-22,Mono,051,14174,1245,1254,17,1271,3
2021-04-22,Monterey,053,433212,42855,42708,1799,44507,377
2021-04-22,Napa,055,140530,9713,9734,31,9765,79
2021-04-22,Nevada,057,99092,4593,4504,183,4687,70
2021-04-22,Orange,059,3164182,253774,252307,10997,263304,4898
2021-04-22,Placer,061,380077,22516,21916,1382,23298,282
2021-04-22,Plumas,063,18699,684,670,10,680,4
2021-04-22,Riverside,065,2383286,292022,286362,13679,300041,4398
2021-04-22,Sacramento,067,1510023,102619,101870,1583,103453,1585
2021-04-22,San Benito,069,59416,5992,5998,109,6107,63
2021-04-22,San Bernardino,071,2135413,291343,290125,8815,298940,4571
2021-04-22,San Diego,073,3302833,276679,275913,14353,290266,3684
2021-04-22,San Francisco,075,870044,36094,36218,1232,37450,532
2021-04-22,San Joaquin,077,732212,71545,70751,3340,74091,1295
2021-04-22,San Luis Obispo,079,281455,21070,20761,702,21463,255
2021-04-22,San Mateo,081,765935,41685,41345,446,41791,355
2021-04-22,Santa Barbara,083,443738,34049,33870,1101,34971,446
2021-04-22,Santa Clara,085,1922200,117078,117457,706,118163,1954
2021-04-22,Santa Cruz,087,273765,16079,15737,790,16527,205
2021-04-22,Shasta,089,179085,11717,11738,1423,13161,192
2021-04-22,Sierra,091,2930,55,51,12,63,0
2021-04-22,Siskiyou,093,43540,1686,1564,283,1847,11
2021-04-22,Solano,095,438530,31883,31731,471,32202,247
2021-04-22,Sonoma,097,501317,29547,29705,300,30005,318
2021-04-22,Stanislaus,099,539301,54698,54313,5707,60020,744
2021-04-22,Sutter,101,95872,9285,9302,80,9382,110
2021-04-22,Tehama,103,63373,4932,4896,533,5429,53
2021-04-22,Trinity,105,12862,482,326,82,408,3
2021-04-22,Tulare,107,460477,49680,48669,8616,57285,828
2021-04-22,Tuolumne,109,53932,3969,4020,41,4061,58
2021-04-22,Ventura,111,848112,80641,80073,2901,82974,996
2021-04-22,Yolo,113,214977,13661,13616,197,13813,205
2021-04-22,Yuba,115,75493,5863,5825,117,5942,44
2021-04-21,Alameda,001,1643700,86059,85762,1837,87599,1249
2021-04-21,Alpine,003,1148,86,86,0,86,0
2021-04-21,Amador,005,37829,3633,3632,32,3664,46
2021-04-21,Butte,007,227075,11997,11643,1744,13387,196
2021-04-21,Calaveras,009,45235,2059,2057,11,2068,50
2021-04-21,Colusa,011,21464,1915,1920,286,2206,14
2021-04-21,Contra Costa,013,1133247,67660,66981,1183,68164,782
2021-04-21,Del Norte,015,27424,1279,1252,11,1263,6
2021-04-21,El Dorado,017,186661,9878,9760,695,10455,106
2021-04-21,Fresno,019,978130,101270,100838,8376,109214,1654
2021-04-21,Glenn,021,27897,2381,2361,534,2895,17
2021-04-21,Humboldt,023,135768,3749,3642,30,3672,35
2021-04-21,Imperial,025,180216,28163,28052,2606,30658,719
2021-04-21,Inyo,027,18085,1396,1392,10,1402,36
2021-04-21,Kern,029,883053,96259,95257,10453,105710,1297
2021-04-21,Kings,031,150075,22935,22713,1042,23755,243
2021-04-21,Lake,033,64148,3441,3421,9,3430,43
2021-04-21,Lassen,035,31185,5167,5156,103,5259,1
2021-04-21,Los Angeles,037,10098052,1199319,1189530,39908,1229438,23729
2021-04-21,Madera,039,155013,16417,16309,907,17216,231
2021-04-21,Marin,041,260295,13872,13822,232,14054,227
2021-04-21,Mariposa,043,17540,413,402,11,413,5
2021-04-21,Mendocino,045,87422,3809,3729,74,3803,46
2021-04-21,Merced,047,269075,30436,30471,1005,31476,442
2021-04-21,Modoc,049,8938,363,360,120,480,3
2021-04-21,Mono,051,14174,1245,1254,17,1271,3
2021-04-21,Monterey,053,433212,42840,42699,1797,44496,377
2021-04-21,Napa,055,140530,9707,9727,31,9758,79
2021-04-21,Nevada,057,99092,4579,4499,183,4682,70
2021-04-21,Orange,059,3164182,253697,252243,10984,263227,4889
2021-04-21,Placer,061,380077,22485,21896,1377,23273,282
2021-04-21,Plumas,063,18699,684,670,10,680,4
2021-04-21,Riverside,065,2383286,291928,286299,13672,299971,4388
2021-04-21,Sacramento,067,1510023,102490,101803,1577,103380,1579
2021-04-21,San Benito,069,59416,5989,5998,109,6107,63
2021-04-21,San Bernardino,071,2135413,291267,290049,8813,298862,4572
2021-04-21,San Diego,073,3302833,276470,275632,14315,289947,3681
2021-04-21,San Francisco,075,870044,36074,36194,1231,37425,529
2021-04-21,San Joaquin,077,732212,71490,70687,3330,74017,1295
2021-04-21,San Luis Obispo,079,281455,21055,20724,701,21425,255
2021-04-21,San Mateo,081,765935,41654,41318,445,41763,355
2021-04-21,Santa Barbara,083,443738,34030,33830,1100,34930,445
2021-04-21,Santa Clara,085,1922200,117000,117318,700,118018,1946
2021-04-21,Santa Cruz,087,273765,16070,15698,790,16488,204
2021-04-21,Shasta,089,179085,11698,11722,1421,13143,192
2021-04-21,Sierra,091,2930,55,51,12,63,0
2021-04-21,Siskiyou,093,43540,1679,1557,283,1840,11
2021-04-21,Solano,095,438530,31844,31712,470,32182,244
2021-04-21,Sonoma,097,501317,29535,29697,299,29996,318
2021-04-21,Stanislaus,099,539301,54637,54290,5701,59991,742
2021-04-21,Sutter,101,95872,9277,9297,80,9377,110
2021-04-21,Tehama,103,63373,4925,4893,532,5425,53
2021-04-21,Trinity,105,12862,482,326,82,408,3
2021-04-21,Tulare,107,460477,49665,48653,8603,57256,828
2021-04-21,Tuolumne,109,53932,3966,4019,41,4060,58
2021-04-21,Ventura,111,848112,80609,80039,2898,82937,996
2021-04-21,Yolo,113,214977,13641,13606,196,13802,200
2021-04-21,Yuba,115,75493,5856,5822,116,5938,44
2021-04-20,Alameda,001,1643700,85964,85652,1835,87487,1248
2021-04-20,Alpine,003,1148,85,85,0,85,0
2021-04-20,Amador,005,37829,3632,3631,32,3663,46
2021-04-20,Butte,007,227075,11978,11619,1742,13361,196
2021-04-20,Calaveras,009,45235,2058,2053,11,2064,50
2021-04-20,Colusa,011,21464,1915,1915,285,2200,14
2021-04-20,Contra Costa,013,1133247,67576,66889,1180,68069,782
2021-04-20,Del Norte,015,27424,1278,1250,11,1261,6
2021-04-20,El Dorado,017,186661,9850,9743,693,10436,106
2021-04-20,Fresno,019,978130,101212,100768,8366,109134,1650
2021-04-20,Glenn,021,27897,2379,2359,533,2892,17
2021-04-20,Humboldt,023,135768,3731,3612,30,3642,35
2021-04-20,Imperial,025,180216,28144,28024,2602,30626,719
2021-04-20,Inyo,027,18085,1396,1393,10,1403,36
2021-04-20,Kern,029,883053,96223,95223,10437,105660,1295
2021-04-20,Kings,031,150075,22929,22693,1039,23732,243
2021-04-20,Lake,033,64148,3439,3418,9,3427,43
2021-04-20,Lassen,035,31185,5167,5155,103,5258,1
2021-04-20,Los Angeles,037,10098052,1198972,1189256,39878,1229134,23694
2021-04-20,Madera,039,155013,16411,16301,907,17208,231
2021-04-20,Marin,041,260295,13858,13807,232,14039,227
2021-04-20,Mariposa,043,17540,412,402,11,413,5
2021-04-20,Mendocino,045,87422,3808,3726,74,3800,46
2021-04-20,Merced,047,269075,30409,30439,1004,31443,441
2021-04-20,Modoc,049,8938,363,359,120,479,3
2021-04-20,Mono,051,14174,1244,1254,17,1271,3
2021-04-20,Monterey,053,433212,42829,42663,1795,44458,363
2021-04-20,Napa,055,140530,9703,9711,31,9742,79
2021-04-20,Nevada,057,99092,4561,4485,183,4668,70
2021-04-20,Orange,059,3164182,253607,252134,10972,263106,4887
2021-04-20,Placer,061,380077,22451,21846,1373,23219,282
2021-04-20,Plumas,063,18699,683,670,10,680,4
2021-04-20,Riverside,065,2383286,291831,286194,13667,299861,4388
2021-04-20,Sacramento,067,1510023,102352,101629,1569,103198,1574
2021-04-20,San Benito,069,59416,5986,5988,109,6097,63
2021-04-20,San Bernardino,071,2135413,291186,289905,8811,298716,4569
2021-04-20,San Diego,073,3302833,276239,275369,14282,289651,3674
2021-04-20,San Francisco,075,870044,36054,36117,1230,37347,529
2021-04-20,San Joaquin,077,732212,71417,70590,3321,73911,1289
2021-04-20,San Luis Obispo,079,281455,21032,20691,693,21384,254
2021-04-20,San Mateo,081,765935,41623,41251,445,41696,355
2021-04-20,Santa Barbara,083,443738,34011,33803,1100,34903,445
2021-04-20,Santa Clara,085,1922200,116902,117228,696,117924,1944
2021-04-20,Santa Cruz,087,273765,16058,15647,790,16437,204
2021-04-20,Shasta,089,179085,11682,11677,1418,13095,189
2021-04-20,Sierra,091,2930,55,51,12,63,0
2021-04-20,Siskiyou,093,43540,1671,1551,282,1833,10
2021-04-20,Solano,095,438530,31788,31673,466,32139,243
2021-04-20,Sonoma,097,501317,29526,29676,297,29973,311
2021-04-20,Stanislaus,099,539301,54572,54236,5688,59924,735
2021-04-20,Sutter,101,95872,9273,9279,80,9359,109
2021-04-20,Tehama,103,63373,4920,4887,531,5418,52
2021-04-20,Trinity,105,12862,482,326,82,408,3
2021-04-20,Tulare,107,460477,49643,48650,8595,57245,831
2021-04-20,Tuolumne,109,53932,3966,4014,41,4055,58
2021-04-20,Ventura,111,848112,80581,80018,2896,82914,995
2021-04-20,Yolo,113,214977,13621,13581,195,13776,200
2021-04-20,Yuba,115,75493,5846,5814,116,5930,44
2021-04-19,Alameda,001,1643700,85846,85583,1831,87414,1247
2021-04-19,Alpine,003,1148,85,85,0,85,0
2021-04-19,Amador,005,37829,3631,3629,32,3661,46
2021-04-19,Butte,007,227075,11960,11601,1737,13338,196
2021-04-19,Calaveras,009,45235,2056,2050,11,2061,50
2021-04-19,Colusa,011,21464,1915,1913,284,2197,14
2021-04-19,Contra Costa,013,1133247,67498,66833,1178,68011,782
2021-04-19,Del Norte,015,27424,1276,1247,11,1258,6
2021-04-19,El Dorado,017,186661,9834,9726,688,10414,106
2021-04-19,Fresno,019,978130,101144,100702,8354,109056,1646
2021-04-19,Glenn,021,27897,2379,2358,532,2890,17
2021-04-19,Humboldt,023,135768,3711,3602,28,3630,35
2021-04-19,Imperial,025,180216,28123,27995,2602,30597,719
2021-04-19,Inyo,027,18085,1396,1392,10,1402,36
2021-04-19,Kern,029,883053,96193,95162,10422,105584,1290
2021-04-19,Kings,031,150075,22914,22688,1039,23727,243
2021-04-19,Lake,033,64148,3438,3416,9,3425,43
2021-04-19,Lassen,035,31185,5166,5156,103,5259,1
2021-04-19,Los Angeles,037,10098052,1198593,1188945,39853,1228798,23666
2021-04-19,Madera,039,155013,16400,16289,906,17195,231
2021-04-19,Marin,041,260295,13847,13804,231,14035,226
2021-04-19,Mariposa,043,17540,411,401,11,412,5
2021-04-19,Mendocino,045,87422,3806,3722,74,3796,46
2021-04-19,Merced,047,269075,30380,30422,1003,31425,441
2021-04-19,Modoc,049,8938,363,359,120,479,3
2021-04-19,Mono,051,14174,1243,1254,17,1271,3
2021-04-19,Monterey,053,433212,42816,42642,1790,44432,356
2021-04-19,Napa,055,140530,9695,9680,31,9711,79
2021-04-19,Nevada,057,99092,4545,4477,183,4660,70
2021-04-19,Orange,059,3164182,253489,252013,10957,262970,4883
2021-04-19,Placer,061,380077,22428,21814,1369,23183,282
2021-04-19,Plumas,063,18699,683,665,10,675,4
2021-04-19,Riverside,065,2383286,291736,286087,13657,299744,4371
2021-04-19,Sacramento,067,1510023,102217,101482,1559,103041,1572
2021-04-19,San Benito,069,59416,5978,5989,109,6098,63
2021-04-19,San Bernardino,071,2135413,291101,289738,8805,298543,4561
2021-04-19,San Diego,073,3302833,275991,275113,14249,289362,3674
2021-04-19,San Francisco,075,870044,36017,36094,1228,37322,529
2021-04-19,San Joaquin,077,732212,71337,70514,3315,73829,1289
2021-04-19,San Luis Obispo,079,281455,21006,20669,687,21356,254
2021-04-19,San Mateo,081,765935,41590,41226,444,41670,355
2021-04-19,Santa Barbara,083,443738,33997,33786,1100,34886,446
2021-04-19,Santa Clara,085,1922200,116791,117099,692,117791,1944
2021-04-19,Santa Cruz,087,273765,16046,15600,790,16390,204
2021-04-19,Shasta,089,179085,11667,11662,1410,13072,189
2021-04-19,Sierra,091,2930,55,51,12,63,0
2021-04-19,Siskiyou,093,43540,1661,1544,282,1826,10
2021-04-19,Solano,095,438530,31749,31643,461,32104,239
2021-04-19,Sonoma,097,501317,29507,29667,297,29964,311
2021-04-19,Stanislaus,099,539301,54496,54179,5684,59863,728
2021-04-19,Sutter,101,95872,9262,9269,80,9349,109
2021-04-19,Tehama,103,63373,4914,4878,531,5409,52
2021-04-19,Trinity,105,12862,482,326,81,407,3
2021-04-19,Tulare,107,460477,49627,48630,8582,57212,831
2021-04-19,Tuolumne,109,53932,3965,4010,41,4051,58
2021-04-19,Ventura,111,848112,80555,80000,2894,82894,996
2021-04-19,Yolo,113,214977,13608,13572,193,13765,200
2021-04-19,Yuba,115,75493,5839,5804,115,5919,44
2021-04-18,Alameda,001,1643700,85731,85481,1823,87304,1247
2021-04-18,Alpine,003,1148,85,85,0,85,0
2021-04-18,Amador,005,37829,3628,3627,32,3659,46
2021-04-18,Butte,007,227075,11942,11591,1732,13323,196
2021-04-18,Calaveras,009,45235,2050,2047,11,2058,50
2021-04-18,Colusa,011,21464,1911,1912,283,2195,14
2021-04-18,Contra Costa,013,1133247,67395,66750,1174,67924,782
2021-04-18,Del Norte,015,27424,1276,1240,11,1251,6
2021-04-18,El Dorado,017,186661,9811,9710,686,10396,106
2021-04-18,Fresno,019,978130,101086,100621,8348,108969,1646
2021-04-18,Glenn,021,27897,2374,2358,532,2890,17
2021-04-18,Humboldt,023,135768,3683,3590,28,3618,35
2021-04-18,Imperial,025,180216,28108,27991,2597,30588,719
2021-04-18,Inyo,027,18085,1395,1392,10,1402,36
2021-04-18,Kern,029,883053,96157,95129,10407,105536,1290
2021-04-18,Kings,031,150075,22905,22685,1039,23724,243
2021-04-18,Lake,033,64148,3437,3413,9,3422,43
2021-04-18,Lassen,035,31185,5163,5156,103,5259,1
2021-04-18,Los Angeles,037,10098052,1198133,1188620,39830,1228450,23648
2021-04-18,Madera,039,155013,16389,16277,905,17182,231
2021-04-18,Marin,041,260295,13840,13801,230,14031,226
2021-04-18,Mariposa,043,17540,410,400,10,410,5
2021-04-18,Mendocino,045,87422,3803,3722,74,3796,46
2021-04-18,Merced,047,269075,30343,30405,1002,31407,441
2021-04-18,Modoc,049,8938,363,359,120,479,3
2021-04-18,Mono,051,14174,1243,1254,17,1271,3
2021-04-18,Monterey,053,433212,42804,42638,1789,44427,356
2021-04-18,Napa,055,140530,9679,9674,31,9705,79
2021-04-18,Nevada,057,99092,4530,4464,183,4647,70
2021-04-18,Orange,059,3164182,253375,251940,10950,262890,4883
2021-04-18,Placer,061,380077,22385,21783,1364,23147,282
2021-04-18,Plumas,063,18699,682,665,10,675,4
2021-04-18,Riverside,065,2383286,291646,286043,13653,299696,4371
2021-04-18,Sacramento,067,1510023,102042,101354,1553,102907,1572
2021-04-18,San Benito,069,59416,5976,5989,109,6098,63
2021-04-18,San Bernardino,071,2135413,291008,289691,8796,298487,4556
2021-04-18,San Diego,073,3302833,275712,274961,14214,289175,3674
2021-04-18,San Francisco,075,870044,35980,36073,1224,37297,525
2021-04-18,San Joaquin,077,732212,71256,70466,3306,73772,1289
2021-04-18,San Luis Obispo,079,281455,20984,20656,681,21337,254
2021-04-18,San Mateo,081,765935,41561,41201,443,41644,352
2021-04-18,Santa Barbara,083,443738,33962,33769,1099,34868,446
2021-04-18,Santa Clara,085,1922200,116623,116996,687,117683,1944
2021-04-18,Santa Cruz,087,273765,16036,15580,789,16369,204
2021-04-18,Shasta,089,179085,11646,11658,1407,13065,189
2021-04-18,Sierra,091,2930,55,51,12,63,0
2021-04-18,Siskiyou,093,43540,1650,1538,281,1819,10
2021-04-18,Solano,095,438530,31699,31606,460,32066,239
2021-04-18,Sonoma,097,501317,29491,29660,295,29955,311
2021-04-18,Stanislaus,099,539301,54414,54132,5678,59810,728
2021-04-18,Sutter,101,95872,9248,9261,80,9341,109
2021-04-18,Tehama,103,63373,4905,4877,530,5407,52
2021-04-18,Trinity,105,12862,482,326,81,407,3
2021-04-18,Tulare,107,460477,49614,48618,8577,57195,829
2021-04-18,Tuolumne,109,53932,3964,4008,40,4048,58
2021-04-18,Ventura,111,848112,80524,79984,2891,82875,996
2021-04-18,Yolo,113,214977,13596,13562,191,13753,200
2021-04-18,Yuba,115,75493,5832,5804,115,5919,44
2021-04-17,Alameda,001,1643700,85658,85367,1821,87188,1247
2021-04-17,Alpine,003,1148,85,85,0,85,0
2021-04-17,Amador,005,37829,3626,3625,32,3657,46
2021-04-17,Butte,007,227075,11922,11573,1728,13301,196
2021-04-17,Calaveras,009,45235,2048,2045,11,2056,50
2021-04-17,Colusa,011,21464,1911,1912,283,2195,14
2021-04-17,Contra Costa,013,1133247,67347,66657,1166,67823,782
2021-04-17,Del Norte,015,27424,1276,1238,11,1249,6
2021-04-17,El Dorado,017,186661,9796,9692,683,10375,106
2021-04-17,Fresno,019,978130,101053,100562,8343,108905,1646
2021-04-17,Glenn,021,27897,2374,2357,532,2889,17
2021-04-17,Humboldt,023,135768,3659,3579,28,3607,35
2021-04-17,Imperial,025,180216,28097,27987,2597,30584,719
2021-04-17,Inyo,027,18085,1392,1392,10,1402,36
2021-04-17,Kern,029,883053,96139,95102,10403,105505,1290
2021-04-17,Kings,031,150075,22900,22678,1038,23716,243
2021-04-17,Lake,033,64148,3436,3409,9,3418,43
2021-04-17,Lassen,035,31185,5163,5154,103,5257,1
2021-04-17,Los Angeles,037,10098052,1197873,1188262,39800,1228062,23653
2021-04-17,Madera,039,155013,16385,16260,904,17164,231
2021-04-17,Marin,041,260295,13836,13797,230,14027,226
2021-04-17,Mariposa,043,17540,409,398,10,408,5
2021-04-17,Mendocino,045,87422,3800,3721,74,3795,46
2021-04-17,Merced,047,269075,30327,30392,1001,31393,441
2021-04-17,Modoc,049,8938,363,357,120,477,3
2021-04-17,Mono,051,14174,1243,1253,17,1270,3
2021-04-17,Monterey,053,433212,42795,42630,1787,44417,356
2021-04-17,Napa,055,140530,9675,9666,31,9697,79
2021-04-17,Nevada,057,99092,4522,4457,183,4640,70
2021-04-17,Orange,059,3164182,253306,251873,10938,262811,4878
2021-04-17,Placer,061,380077,22362,21736,1359,23095,282
2021-04-17,Plumas,063,18699,681,666,10,676,4
2021-04-17,Riverside,065,2383286,291577,285963,13645,299608,4371
2021-04-17,Sacramento,067,1510023,101932,101172,1542,102714,1572
2021-04-17,San Benito,069,59416,5970,5986,109,6095,63
2021-04-17,San Bernardino,071,2135413,290953,289624,8793,298417,4555
2021-04-17,San Diego,073,3302833,275565,274812,14180,288992,3674
2021-04-17,San Francisco,075,870044,35958,36032,1221,37253,523
2021-04-17,San Joaquin,077,732212,71216,70372,3296,73668,1288
2021-04-17,San Luis Obispo,079,281455,20971,20642,678,21320,254
2021-04-17,San Mateo,081,765935,41538,41157,443,41600,352
2021-04-17,Santa Barbara,083,443738,33931,33738,1097,34835,446
2021-04-17,Santa Clara,085,1922200,116531,116887,685,117572,1944
2021-04-17,Santa Cruz,087,273765,16030,15571,789,16360,204
2021-04-17,Shasta,089,179085,11631,11647,1406,13053,189
2021-04-17,Sierra,091,2930,55,51,12,63,0
2021-04-17,Siskiyou,093,43540,1645,1539,278,1817,10
2021-04-17,Solano,095,438530,31668,31541,457,31998,239
2021-04-17,Sonoma,097,501317,29484,29637,295,29932,311
2021-04-17,Stanislaus,099,539301,54377,54058,5673,59731,728
2021-04-17,Sutter,101,95872,9242,9252,80,9332,109
2021-04-17,Tehama,103,63373,4899,4875,529,5404,52
2021-04-17,Trinity,105,12862,482,326,81,407,3
2021-04-17,Tulare,107,460477,49602,48603,8573,57176,829
2021-04-17,Tuolumne,109,53932,3962,4005,40,4045,58
2021-04-17,Ventura,111,848112,80503,79964,2891,82855,996
2021-04-17,Yolo,113,214977,13586,13580,191,13771,200
2021-04-17,Yuba,115,75493,5827,5802,114,5916,44
2021-04-16,Alameda,001,1643700,85578,85243,1819,87062,1245
2021-04-16,Alpine,003,1148,85,85,0,85,0
2021-04-16,Amador,005,37829,3621,3621,32,3653,46
2021-04-16,Butte,007,227075,11910,11549,1726,13275,196
2021-04-16,Calaveras,009,45235,2046,2042,11,2053,50
2021-04-16,Colusa,011,21464,1909,1911,283,2194,14
2021-04-16,Contra Costa,013,1133247,67293,66569,1163,67732,782
2021-04-16,Del Norte,015,27424,1275,1237,11,1248,6
2021-04-16,El Dorado,017,186661,9776,9665,679,10344,106
2021-04-16,Fresno,019,978130,101003,100500,8337,108837,1643
2021-04-16,Glenn,021,27897,2374,2355,532,2887,17
2021-04-16,Humboldt,023,135768,3638,3570,27,3597,35
2021-04-16,Imperial,025,180216,28087,27962,2597,30559,719
2021-04-16,Inyo,027,18085,1392,1392,10,1402,36
2021-04-16,Kern,029,883053,96110,95066,10400,105466,1288
2021-04-16,Kings,031,150075,22896,22667,1037,23704,243
2021-04-16,Lake,033,64148,3430,3406,9,3415,43
2021-04-16,Lassen,035,31185,5162,5155,103,5258,1
2021-04-16,Los Angeles,037,10098052,1197572,1187818,39764,1227582,23627
2021-04-16,Madera,039,155013,16379,16250,903,17153,231
2021-04-16,Marin,041,260295,13833,13788,230,14018,226
2021-04-16,Mariposa,043,17540,408,396,9,405,5
2021-04-16,Mendocino,045,87422,3798,3719,74,3793,46
2021-04-16,Merced,047,269075,30312,30355,1001,31356,438
2021-04-16,Modoc,049,8938,363,355,120,475,3
2021-04-16,Mono,051,14174,1243,1253,17,1270,3
2021-04-16,Monterey,053,433212,42784,42620,1784,44404,351
2021-04-16,Napa,055,140530,9667,9653,31,9684,79
2021-04-16,Nevada,057,99092,4513,4443,183,4626,70
2021-04-16,Orange,059,3164182,253242,251770,10929,262699,4873
2021-04-16,Placer,061,380077,22335,21680,1355,23035,282
2021-04-16,Plumas,063,18699,680,665,10,675,4
2021-04-16,Riverside,065,2383286,291500,285818,13643,299461,4369
2021-04-16,Sacramento,067,1510023,101834,100993,1537,102530,1572
2021-04-16,San Benito,069,59416,5968,5982,109,6091,63
2021-04-16,San Bernardino,071,2135413,290906,289424,8792,298216,4550
2021-04-16,San Diego,073,3302833,275411,274567,14162,288729,3662
2021-04-16,San Francisco,075,870044,35932,35993,1218,37211,517
2021-04-16,San Joaquin,077,732212,71149,70280,3288,73568,1288
2021-04-16,San Luis Obispo,079,281455,20959,20623,677,21300,253
2021-04-16,San Mateo,081,765935,41509,41107,442,41549,352
2021-04-16,Santa Barbara,083,443738,33913,33703,1097,34800,446
2021-04-16,Santa Clara,085,1922200,116431,116693,682,117375,1941
2021-04-16,Santa Cruz,087,273765,16028,15539,789,16328,204
2021-04-16,Shasta,089,179085,11619,11623,1405,13028,189
2021-04-16,Sierra,091,2930,55,51,12,63,0
2021-04-16,Siskiyou,093,43540,1641,1530,276,1806,10
2021-04-16,Solano,095,438530,31629,31470,454,31924,239
2021-04-16,Sonoma,097,501317,29473,29617,295,29912,311
2021-04-16,Stanislaus,099,539301,54329,53983,5671,59654,728
2021-04-16,Sutter,101,95872,9236,9247,80,9327,109
2021-04-16,Tehama,103,63373,4898,4866,529,5395,52
2021-04-16,Trinity,105,12862,482,326,81,407,3
2021-04-16,Tulare,107,460477,49590,48583,8569,57152,830
2021-04-16,Tuolumne,109,53932,3959,4005,40,4045,58
2021-04-16,Ventura,111,848112,80478,79942,2886,82828,994
2021-04-16,Yolo,113,214977,13573,13559,189,13748,198
2021-04-16,Yuba,115,75493,5824,5795,113,5908,44
2021-04-15,Alameda,001,1643700,85471,85089,1817,86906,1246
2021-04-15,Alpine,003,1148,85,85,0,85,0
2021-04-15,Amador,005,37829,3620,3616,32,3648,46
2021-04-15,Butte,007,227075,11895,11529,1723,13252,196
2021-04-15,Calaveras,009,45235,2045,2039,11,2050,50
2021-04-15,Colusa,011,21464,1907,1909,282,2191,14
2021-04-15,Contra Costa,013,1133247,67220,66480,1159,67639,781
2021-04-15,Del Norte,015,27424,1268,1235,11,1246,6
2021-04-15,El Dorado,017,186661,9761,9639,677,10316,106
2021-04-15,Fresno,019,978130,100941,100431,8331,108762,1642
2021-04-15,Glenn,021,27897,2374,2354,532,2886,17
2021-04-15,Humboldt,023,135768,3617,3561,27,3588,35
2021-04-15,Imperial,025,180216,28059,27920,2594,30514,718
2021-04-15,Inyo,027,18085,1392,1393,10,1403,36
2021-04-15,Kern,029,883053,96077,94989,10387,105376,1289
2021-04-15,Kings,031,150075,22882,22648,1037,23685,242
2021-04-15,Lake,033,64148,3429,3399,9,3408,43
2021-04-15,Lassen,035,31185,5161,5152,103,5255,1
2021-04-15,Los Angeles,037,10098052,1197167,1187274,39728,1227002,23598
2021-04-15,Madera,039,155013,16364,16234,903,17137,231
2021-04-15,Marin,041,260295,13829,13783,229,14012,226
2021-04-15,Mariposa,043,17540,406,395,9,404,5
2021-04-15,Mendocino,045,87422,3797,3714,74,3788,46
2021-04-15,Merced,047,269075,30286,30325,1000,31325,437
2021-04-15,Modoc,049,8938,363,355,120,475,3
2021-04-15,Mono,051,14174,1242,1253,17,1270,3
2021-04-15,Monterey,053,433212,42774,42604,1782,44386,347
2021-04-15,Napa,055,140530,9659,9645,31,9676,79
2021-04-15,Nevada,057,99092,4501,4434,182,4616,70
2021-04-15,Orange,059,3164182,253147,251679,10917,262596,4857
2021-04-15,Placer,061,380077,22304,21614,1348,22962,281
2021-04-15,Plumas,063,18699,678,665,10,675,4
2021-04-15,Riverside,065,2383286,291394,285698,13636,299334,4363
2021-04-15,Sacramento,067,1510023,101704,100782,1523,102305,1570
2021-04-15,San Benito,069,59416,5965,5969,108,6077,63
2021-04-15,San Bernardino,071,2135413,290815,289288,8785,298073,4544
2021-04-15,San Diego,073,3302833,275164,274250,14103,288353,3653
2021-04-15,San Francisco,075,870044,35913,35947,1216,37163,510
2021-04-15,San Joaquin,077,732212,71068,70189,3280,73469,1288
2021-04-15,San Luis Obispo,079,281455,20943,20591,674,21265,253
2021-04-15,San Mateo,081,765935,41470,41050,441,41491,352
2021-04-15,Santa Barbara,083,443738,33895,33672,1093,34765,446
2021-04-15,Santa Clara,085,1922200,116325,116602,678,117280,1927
2021-04-15,Santa Cruz,087,273765,16018,15509,789,16298,203
2021-04-15,Shasta,089,179085,11605,11597,1401,12998,191
2021-04-15,Sierra,091,2930,55,51,12,63,0
2021-04-15,Siskiyou,093,43540,1635,1524,275,1799,10
2021-04-15,Solano,095,438530,31591,31394,453,31847,239
2021-04-15,Sonoma,097,501317,29459,29587,295,29882,311
2021-04-15,Stanislaus,099,539301,54275,53918,5662,59580,728
2021-04-15,Sutter,101,95872,9229,9237,80,9317,109
2021-04-15,Tehama,103,63373,4897,4854,528,5382,52
2021-04-15,Trinity,105,12862,482,326,81,407,3
2021-04-15,Tulare,107,460477,49569,48556,8569,57125,829
2021-04-15,Tuolumne,109,53932,3959,4003,40,4043,57
2021-04-15,Ventura,111,848112,80459,79917,2884,82801,989
2021-04-15,Yolo,113,214977,13554,13547,187,13734,198
2021-04-15,Yuba,115,75493,5821,5788,113,5901,44
2021-04-14,Alameda,001,1643700,85374,85009,1816,86825,1247
2021-04-14,Alpine,003,1148,85,85,0,85,0
2021-04-14,Amador,005,37829,3619,3613,32,3645,46
2021-04-14,Butte,007,227075,11882,11513,1722,13235,196
2021-04-14,Calaveras,009,45235,2044,2037,11,2048,50
2021-04-14,Colusa,011,21464,1907,1905,282,2187,14
2021-04-14,Contra Costa,013,1133247,67134,66400,1153,67553,781
2021-04-14,Del Norte,015,27424,1268,1228,11,1239,6
2021-04-14,El Dorado,017,186661,9746,9625,672,10297,106
2021-04-14,Fresno,019,978130,100884,100376,8319,108695,1640
2021-04-14,Glenn,021,27897,2374,2353,532,2885,17
2021-04-14,Humboldt,023,135768,3595,3551,26,3577,35
2021-04-14,Imperial,025,180216,28037,27907,2592,30499,718
2021-04-14,Inyo,027,18085,1392,1392,10,1402,36
2021-04-14,Kern,029,883053,96052,94947,10380,105327,1287
2021-04-14,Kings,031,150075,22873,22641,1035,23676,243
2021-04-14,Lake,033,64148,3424,3396,9,3405,43
2021-04-14,Lassen,035,31185,5160,5151,103,5254,1
2021-04-14,Los Angeles,037,10098052,1196768,1186821,39683,1226504,23579
2021-04-14,Madera,039,155013,16355,16218,903,17121,231
2021-04-14,Marin,041,260295,13827,13768,228,13996,226
2021-04-14,Mariposa,043,17540,405,394,9,403,5
2021-04-14,Mendocino,045,87422,3792,3711,74,3785,46
2021-04-14,Merced,047,269075,30270,30296,998,31294,436
2021-04-14,Modoc,049,8938,363,355,120,475,3
2021-04-14,Mono,051,14174,1241,1252,17,1269,3
2021-04-14,Monterey,053,433212,42758,42595,1778,44373,347
2021-04-14,Napa,055,140530,9648,9643,31,9674,79
2021-04-14,Nevada,057,99092,4494,4421,182,4603,70
2021-04-14,Orange,059,3164182,253042,251568,10898,262466,4849
2021-04-14,Placer,061,380077,22271,21575,1347,22922,280
2021-04-14,Plumas,063,18699,678,665,10,675,4
2021-04-14,Riverside,065,2383286,291284,285583,13630,299213,4358
2021-04-14,Sacramento,067,1510023,101529,100645,1509,102154,1570
2021-04-14,San Benito,069,59416,5963,5960,108,6068,62
2021-04-14,San Bernardino,071,2135413,290747,289078,8783,297861,4523
2021-04-14,San Diego,073,3302833,274953,273969,14074,288043,3648
2021-04-14,San Francisco,075,870044,35875,35898,1215,37113,510
2021-04-14,San Joaquin,077,732212,70998,70095,3274,73369,1288
2021-04-14,San Luis Obispo,079,281455,20920,20561,664,21225,253
2021-04-14,San Mateo,081,765935,41430,40982,438,41420,352
2021-04-14,Santa Barbara,083,443738,33866,33650,1093,34743,445
2021-04-14,Santa Clara,085,1922200,116208,116488,675,117163,1922
2021-04-14,Santa Cruz,087,273765,16008,15481,789,16270,203
2021-04-14,Shasta,089,179085,11579,11581,1399,12980,190
2021-04-14,Sierra,091,2930,55,51,12,63,0
2021-04-14,Siskiyou,093,43540,1627,1518,274,1792,10
2021-04-14,Solano,095,438530,31538,31357,446,31803,239
2021-04-14,Sonoma,097,501317,29451,29572,293,29865,311
2021-04-14,Stanislaus,099,539301,54204,53836,5653,59489,727
2021-04-14,Sutter,101,95872,9221,9230,80,9310,106
2021-04-14,Tehama,103,63373,4891,4853,527,5380,52
2021-04-14,Trinity,105,12862,482,326,81,407,3
2021-04-14,Tulare,107,460477,49542,48527,8566,57093,827
2021-04-14,Tuolumne,109,53932,3958,3997,40,4037,57
2021-04-14,Ventura,111,848112,80423,79891,2882,82773,986
2021-04-14,Yolo,113,214977,13538,13530,185,13715,198
2021-04-14,Yuba,115,75493,5819,5778,113,5891,44
2021-04-13,Alameda,001,1643700,85268,84921,1813,86734,1239
2021-04-13,Alpine,003,1148,85,85,0,85,0
2021-04-13,Amador,005,37829,3616,3609,32,3641,46
2021-04-13,Butte,007,227075,11864,11497,1719,13216,196
2021-04-13,Calaveras,009,45235,2042,2035,11,2046,50
2021-04-13,Colusa,011,21464,1905,1905,280,2185,14
2021-04-13,Contra Costa,013,1133247,67046,66304,1153,67457,778
2021-04-13,Del Norte,015,27424,1263,1221,11,1232,6
2021-04-13,El Dorado,017,186661,9720,9609,669,10278,106
2021-04-13,Fresno,019,978130,100803,100357,8313,108670,1636
2021-04-13,Glenn,021,27897,2373,2351,532,2883,17
2021-04-13,Humboldt,023,135768,3578,3540,26,3566,35
2021-04-13,Imperial,025,180216,28018,27887,2584,30471,718
2021-04-13,Inyo,027,18085,1392,1391,10,1401,36
2021-04-13,Kern,029,883053,96008,94908,10368,105276,1285
2021-04-13,Kings,031,150075,22857,22636,1034,23670,243
2021-04-13,Lake,033,64148,3421,3390,9,3399,43
2021-04-13,Lassen,035,31185,5159,5147,103,5250,1
2021-04-13,Los Angeles,037,10098052,1196314,1186482,39642,1226124,23526
2021-04-13,Madera,039,155013,16345,16207,901,17108,231
2021-04-13,Marin,041,260295,13819,13760,227,13987,224
2021-04-13,Mariposa,043,17540,404,394,6,400,5
2021-04-13,Mendocino,045,87422,3786,3702,74,3776,46
2021-04-13,Merced,047,269075,30240,30276,995,31271,435
2021-04-13,Modoc,049,8938,363,355,120,475,3
2021-04-13,Mono,051,14174,1241,1251,17,1268,3
2021-04-13,Monterey,053,433212,42747,42577,1778,44355,347
2021-04-13,Napa,055,140530,9638,9627,31,9658,79
2021-04-13,Nevada,057,99092,4482,4415,182,4597,69
2021-04-13,Orange,059,3164182,252947,251491,10881,262372,4836
2021-04-13,Placer,061,380077,22234,21534,1344,22878,280
2021-04-13,Plumas,063,18699,677,665,10,675,4
2021-04-13,Riverside,065,2383286,291165,285505,13624,299129,4348
2021-04-13,Sacramento,067,1510023,101354,100551,1504,102055,1569
2021-04-13,San Benito,069,59416,5960,5946,108,6054,62
2021-04-13,San Bernardino,071,2135413,290631,288929,8777,297706,4521
2021-04-13,San Diego,073,3302833,274699,273709,14039,287748,3623
2021-04-13,San Francisco,075,870044,35839,35869,1211,37080,506
2021-04-13,San Joaquin,077,732212,70890,70034,3266,73300,1288
2021-04-13,San Luis Obispo,079,281455,20893,20536,654,21190,253
2021-04-13,San Mateo,081,765935,41385,40955,438,41393,353
2021-04-13,Santa Barbara,083,443738,33843,33613,1090,34703,444
2021-04-13,Santa Clara,085,1922200,116079,116363,674,117037,1923
2021-04-13,Santa Cruz,087,273765,16001,15449,789,16238,203
2021-04-13,Shasta,089,179085,11559,11536,1396,12932,189
2021-04-13,Sierra,091,2930,55,51,12,63,0
2021-04-13,Siskiyou,093,43540,1619,1511,271,1782,10
2021-04-13,Solano,095,438530,31489,31335,442,31777,239
2021-04-13,Sonoma,097,501317,29443,29544,292,29836,311
2021-04-13,Stanislaus,099,539301,54132,53797,5644,59441,722
2021-04-13,Sutter,101,95872,9217,9226,80,9306,106
2021-04-13,Tehama,103,63373,4884,4850,524,5374,52
2021-04-13,Trinity,105,12862,482,326,81,407,3
2021-04-13,Tulare,107,460477,49529,48511,8563,57074,825
2021-04-13,Tuolumne,109,53932,3956,3995,40,4035,57
2021-04-13,Ventura,111,848112,80391,79854,2880,82734,986
2021-04-13,Yolo,113,214977,13526,13516,184,13700,198
2021-04-13,Yuba,115,75493,5810,5776,113,5889,44
2021-04-12,Alameda,001,1643700,85166,84817,1811,86628,1238
2021-04-12,Alpine,003,1148,85,85,0,85,0
2021-04-12,Amador,005,37829,3615,3607,32,3639,46
2021-04-12,Butte,007,227075,11849,11488,1715,13203,193
2021-04-12,Calaveras,009,45235,2038,2033,11,2044,50
2021-04-12,Colusa,011,21464,1903,1904,278,2182,14
2021-04-12,Contra Costa,013,1133247,66966,66176,1153,67329,777
2021-04-12,Del Norte,015,27424,1260,1216,11,1227,6
2021-04-12,El Dorado,017,186661,9703,9588,667,10255,106
2021-04-12,Fresno,019,978130,100742,100277,8290,108567,1633
2021-04-12,Glenn,021,27897,2372,2349,532,2881,17
2021-04-12,Humboldt,023,135768,3564,3533,25,3558,35
2021-04-12,Imperial,025,180216,27988,27851,2580,30431,717
2021-04-12,Inyo,027,18085,1392,1390,10,1400,36
2021-04-12,Kern,029,883053,95971,94861,10358,105219,1283
2021-04-12,Kings,031,150075,22849,22621,1033,23654,241
2021-04-12,Lake,033,64148,3417,3380,9,3389,43
2021-04-12,Lassen,035,31185,5158,5147,103,5250,1
2021-04-12,Los Angeles,037,10098052,1195811,1186145,39605,1225750,23505
2021-04-12,Madera,039,155013,16333,16174,899,17073,231
2021-04-12,Marin,041,260295,13806,13751,225,13976,224
2021-04-12,Mariposa,043,17540,403,394,6,400,5
2021-04-12,Mendocino,045,87422,3785,3699,74,3773,46
2021-04-12,Merced,047,269075,30209,30261,992,31253,435
2021-04-12,Modoc,049,8938,361,352,120,472,3
2021-04-12,Mono,051,14174,1241,1251,17,1268,3
2021-04-12,Monterey,053,433212,42733,42555,1776,44331,346
2021-04-12,Napa,055,140530,9624,9603,31,9634,80
2021-04-12,Nevada,057,99092,4471,4408,182,4590,69
2021-04-12,Orange,059,3164182,252860,251350,10860,262210,4826
2021-04-12,Placer,061,380077,22183,21475,1341,22816,278
2021-04-12,Plumas,063,18699,675,666,10,676,4
2021-04-12,Riverside,065,2383286,291054,285361,13618,298979,4336
2021-04-12,Sacramento,067,1510023,101180,100394,1499,101893,1566
2021-04-12,San Benito,069,59416,5952,5942,107,6049,62
2021-04-12,San Bernardino,071,2135413,290524,288736,8765,297501,4493
2021-04-12,San Diego,073,3302833,274438,273431,14010,287441,3621
2021-04-12,San Francisco,075,870044,35805,35841,1210,37051,506
2021-04-12,San Joaquin,077,732212,70818,69968,3259,73227,1288
2021-04-12,San Luis Obispo,079,281455,20848,20515,641,21156,253
2021-04-12,San Mateo,081,765935,41343,40920,434,41354,353
2021-04-12,Santa Barbara,083,443738,33811,33606,1090,34696,444
2021-04-12,Santa Clara,085,1922200,115951,116252,672,116924,1923
2021-04-12,Santa Cruz,087,273765,15981,15406,789,16195,203
2021-04-12,Shasta,089,179085,11542,11509,1392,12901,189
2021-04-12,Sierra,091,2930,55,51,12,63,0
2021-04-12,Siskiyou,093,43540,1608,1511,268,1779,7
2021-04-12,Solano,095,438530,31447,31305,439,31744,238
2021-04-12,Sonoma,097,501317,29415,29500,292,29792,310
2021-04-12,Stanislaus,099,539301,54066,53722,5637,59359,707
2021-04-12,Sutter,101,95872,9206,9221,80,9301,106
2021-04-12,Tehama,103,63373,4875,4834,520,5354,52
2021-04-12,Trinity,105,12862,482,324,81,405,3
2021-04-12,Tulare,107,460477,49509,48495,8553,57048,824
2021-04-12,Tuolumne,109,53932,3952,3993,40,4033,57
2021-04-12,Ventura,111,848112,80358,79818,2878,82696,985
2021-04-12,Yolo,113,214977,13512,13510,183,13693,198
2021-04-12,Yuba,115,75493,5804,5773,113,5886,43
2021-04-11,Alameda,001,1643700,85029,84756,1806,86562,1238
2021-04-11,Alpine,003,1148,85,85,0,85,0
2021-04-11,Amador,005,37829,3613,3605,32,3637,46
2021-04-11,Butte,007,227075,11814,11487,1711,13198,193
2021-04-11,Calaveras,009,45235,2034,2036,11,2047,50
2021-04-11,Colusa,011,21464,1902,1904,277,2181,14
2021-04-11,Contra Costa,013,1133247,66857,66107,1151,67258,777
2021-04-11,Del Norte,015,27424,1254,1214,11,1225,6
2021-04-11,El Dorado,017,186661,9689,9575,664,10239,106
2021-04-11,Fresno,019,978130,100674,100230,8280,108510,1633
2021-04-11,Glenn,021,27897,2368,2348,532,2880,17
2021-04-11,Humboldt,023,135768,3554,3523,25,3548,35
2021-04-11,Imperial,025,180216,27964,27841,2578,30419,717
2021-04-11,Inyo,027,18085,1392,1390,10,1400,36
2021-04-11,Kern,029,883053,95910,94830,10350,105180,1283
2021-04-11,Kings,031,150075,22840,22618,1030,23648,241
2021-04-11,Lake,033,64148,3413,3377,9,3386,43
2021-04-11,Lassen,035,31185,5154,5147,103,5250,1
2021-04-11,Los Angeles,037,10098052,1195299,1185757,39563,1225320,23503
2021-04-11,Madera,039,155013,16314,16166,898,17064,231
2021-04-11,Marin,041,260295,13799,13741,224,13965,226
2021-04-11,Mariposa,043,17540,403,394,6,400,5
2021-04-11,Mendocino,045,87422,3783,3696,74,3770,46
2021-04-11,Merced,047,269075,30171,30249,991,31240,435
2021-04-11,Modoc,049,8938,360,352,118,470,3
2021-04-11,Mono,051,14174,1240,1250,17,1267,3
2021-04-11,Monterey,053,433212,42727,42547,1769,44316,346
2021-04-11,Napa,055,140530,9613,9592,31,9623,80
2021-04-11,Nevada,057,99092,4457,4394,182,4576,69
2021-04-11,Orange,059,3164182,252733,251233,10849,262082,4826
2021-04-11,Placer,061,380077,22126,21458,1336,22794,278
2021-04-11,Plumas,063,18699,675,666,10,676,4
2021-04-11,Riverside,065,2383286,290920,285269,13608,298877,4336
2021-04-11,Sacramento,067,1510023,101009,100296,1487,101783,1566
2021-04-11,San Benito,069,59416,5944,5941,106,6047,62
2021-04-11,San Bernardino,071,2135413,290417,288686,8759,297445,4492
2021-04-11,San Diego,073,3302833,274140,273287,13951,287238,3621
2021-04-11,San Francisco,075,870044,35769,35815,1207,37022,498
2021-04-11,San Joaquin,077,732212,70732,69939,3248,73187,1288
2021-04-11,San Luis Obispo,079,281455,20822,20501,638,21139,253
2021-04-11,San Mateo,081,765935,41285,40901,433,41334,353
2021-04-11,Santa Barbara,083,443738,33776,33591,1089,34680,444
2021-04-11,Santa Clara,085,1922200,115815,116161,669,116830,1923
2021-04-11,Santa Cruz,087,273765,15969,15382,789,16171,203
2021-04-11,Shasta,089,179085,11498,11504,1391,12895,189
2021-04-11,Sierra,091,2930,55,51,12,63,0
2021-04-11,Siskiyou,093,43540,1601,1509,265,1774,7
2021-04-11,Solano,095,438530,31393,31268,435,31703,238
2021-04-11,Sonoma,097,501317,29389,29496,288,29784,310
2021-04-11,Stanislaus,099,539301,53983,53683,5628,59311,707
2021-04-11,Sutter,101,95872,9197,9222,80,9302,106
2021-04-11,Tehama,103,63373,4872,4832,519,5351,52
2021-04-11,Trinity,105,12862,482,324,81,405,3
2021-04-11,Tulare,107,460477,49495,48479,8546,57025,824
2021-04-11,Tuolumne,109,53932,3950,3993,40,4033,57
2021-04-11,Ventura,111,848112,80310,79800,2873,82673,985
2021-04-11,Yolo,113,214977,13492,13496,181,13677,198
2021-04-11,Yuba,115,75493,5794,5768,113,5881,43
2021-04-10,Alameda,001,1643700,84965,84626,1806,86432,1238
2021-04-10,Alpine,003,1148,85,85,0,85,0
2021-04-10,Amador,005,37829,3611,3603,32,3635,46
2021-04-10,Butte,007,227075,11803,11482,1710,13192,193
2021-04-10,Calaveras,009,45235,2032,2032,11,2043,50
2021-04-10,Colusa,011,21464,1902,1902,277,2179,14
2021-04-10,Contra Costa,013,1133247,66796,66001,1148,67149,778
2021-04-10,Del Norte,015,27424,1251,1212,11,1223,6
2021-04-10,El Dorado,017,186661,9677,9549,661,10210,106
2021-04-10,Fresno,019,978130,100641,100135,8273,108408,1633
2021-04-10,Glenn,021,27897,2368,2343,532,2875,17
2021-04-10,Humboldt,023,135768,3544,3508,25,3533,35
2021-04-10,Imperial,025,180216,27950,27816,2578,30394,717
2021-04-10,Inyo,027,18085,1392,1387,10,1397,36
2021-04-10,Kern,029,883053,95896,94802,10344,105146,1284
2021-04-10,Kings,031,150075,22836,22614,1028,23642,241
2021-04-10,Lake,033,64148,3408,3368,9,3377,43
2021-04-10,Lassen,035,31185,5154,5146,102,5248,1
2021-04-10,Los Angeles,037,10098052,1195024,1185246,39546,1224792,23493
2021-04-10,Madera,039,155013,16306,16143,897,17040,231
2021-04-10,Marin,041,260295,13794,13731,224,13955,226
2021-04-10,Mariposa,043,17540,400,393,6,399,5
2021-04-10,Mendocino,045,87422,3781,3696,74,3770,46
2021-04-10,Merced,047,269075,30152,30225,990,31215,435
2021-04-10,Modoc,049,8938,360,352,118,470,3
2021-04-10,Mono,051,14174,1240,1249,17,1266,3
2021-04-10,Monterey,053,433212,42716,42527,1768,44295,346
2021-04-10,Napa,055,140530,9606,9569,31,9600,79
2021-04-10,Nevada,057,99092,4450,4379,182,4561,69
2021-04-10,Orange,059,3164182,252640,251139,10843,261982,4818
2021-04-10,Placer,061,380077,22095,21402,1330,22732,278
2021-04-10,Plumas,063,18699,675,666,10,676,4
2021-04-10,Riverside,065,2383286,290840,285082,13600,298682,4336
2021-04-10,Sacramento,067,1510023,100906,100048,1485,101533,1566
2021-04-10,San Benito,069,59416,5933,5932,105,6037,62
2021-04-10,San Bernardino,071,2135413,290353,288590,8752,297342,4489
2021-04-10,San Diego,073,3302833,273924,273058,13931,286989,3613
2021-04-10,San Francisco,075,870044,35739,35774,1204,36978,498
2021-04-10,San Joaquin,077,732212,70697,69852,3238,73090,1288
2021-04-10,San Luis Obispo,079,281455,20806,20461,637,21098,253
2021-04-10,San Mateo,081,765935,41252,40878,433,41311,350
2021-04-10,Santa Barbara,083,443738,33748,33541,1087,34628,444
2021-04-10,Santa Clara,085,1922200,115719,116015,668,116683,1923
2021-04-10,Santa Cruz,087,273765,15963,15360,789,16149,203
2021-04-10,Shasta,089,179085,11489,11492,1388,12880,189
2021-04-10,Sierra,091,2930,55,51,12,63,0
2021-04-10,Siskiyou,093,43540,1598,1512,265,1777,7
2021-04-10,Solano,095,438530,31359,31218,431,31649,238
2021-04-10,Sonoma,097,501317,29374,29469,288,29757,310
2021-04-10,Stanislaus,099,539301,53948,53596,5622,59218,707
2021-04-10,Sutter,101,95872,9195,9214,80,9294,106
2021-04-10,Tehama,103,63373,4870,4820,517,5337,52
2021-04-10,Trinity,105,12862,482,324,81,405,3
2021-04-10,Tulare,107,460477,49486,48470,8540,57010,824
2021-04-10,Tuolumne,109,53932,3947,3991,40,4031,57
2021-04-10,Ventura,111,848112,80282,79758,2871,82629,985
2021-04-10,Yolo,113,214977,13484,13494,180,13674,198
2021-04-10,Yuba,115,75493,5791,5757,112,5869,43
2021-04-09,Alameda,001,1643700,84898,84404,1798,86202,1237
2021-04-09,Alpine,003,1148,85,85,0,85,0
2021-04-09,Amador,005,37829,3610,3600,32,3632,46
2021-04-09,Butte,007,227075,11793,11454,1709,13163,193
2021-04-09,Calaveras,009,45235,2031,2028,11,2039,50
2021-04-09,Colusa,011,21464,1902,1898,277,2175,14
2021-04-09,Contra Costa,013,1133247,66703,65857,1142,66999,777
2021-04-09,Del Norte,015,27424,1250,1207,11,1218,6
2021-04-09,El Dorado,017,186661,9655,9528,657,10185,106
2021-04-09,Fresno,019,978130,100607,100027,8268,108295,1630
2021-04-09,Glenn,021,27897,2368,2337,532,2869,17
2021-04-09,Humboldt,023,135768,3535,3496,25,3521,35
2021-04-09,Imperial,025,180216,27935,27764,2576,30340,717
2021-04-09,Inyo,027,18085,1391,1386,10,1396,36
2021-04-09,Kern,029,883053,95858,94675,10342,105017,1282
2021-04-09,Kings,031,150075,22827,22595,1025,23620,242
2021-04-09,Lake,033,64148,3404,3362,9,3371,43
2021-04-09,Lassen,035,31185,5154,5140,102,5242,1
2021-04-09,Los Angeles,037,10098052,1194655,1184501,39518,1224019,23458
2021-04-09,Madera,039,155013,16303,16118,897,17015,231
2021-04-09,Marin,041,260295,13787,13721,224,13945,226
2021-04-09,Mariposa,043,17540,400,393,6,399,5
2021-04-09,Mendocino,045,87422,3779,3693,74,3767,46
2021-04-09,Merced,047,269075,30123,30179,989,31168,435
2021-04-09,Modoc,049,8938,359,352,118,470,3
2021-04-09,Mono,051,14174,1240,1247,17,1264,3
2021-04-09,Monterey,053,433212,42707,42481,1764,44245,344
2021-04-09,Napa,055,140530,9587,9574,31,9605,80
2021-04-09,Nevada,057,99092,4442,4373,182,4555,69
2021-04-09,Orange,059,3164182,252566,250852,10838,261690,4813
2021-04-09,Placer,061,380077,22064,21327,1322,22649,278
2021-04-09,Plumas,063,18699,674,666,10,676,4
2021-04-09,Riverside,065,2383286,290757,284562,13594,298156,4325
2021-04-09,Sacramento,067,1510023,100750,99722,1479,101201,1564
2021-04-09,San Benito,069,59416,5928,5925,104,6029,62
2021-04-09,San Bernardino,071,2135413,290284,288000,8749,296749,4467
2021-04-09,San Diego,073,3302833,273726,272697,13889,286586,3600
2021-04-09,San Francisco,075,870044,35698,35716,1199,36915,497
2021-04-09,San Joaquin,077,732212,70633,69675,3226,72901,1281
2021-04-09,San Luis Obispo,079,281455,20791,20427,637,21064,252
2021-04-09,San Mateo,081,765935,41216,40800,432,41232,350
2021-04-09,Santa Barbara,083,443738,33725,33424,1084,34508,444
2021-04-09,Santa Clara,085,1922200,115635,115749,666,116415,1923
2021-04-09,Santa Cruz,087,273765,15958,15331,789,16120,203
2021-04-09,Shasta,089,179085,11479,11478,1385,12863,188
2021-04-09,Sierra,091,2930,55,51,12,63,0
2021-04-09,Siskiyou,093,43540,1595,1510,264,1774,7
2021-04-09,Solano,095,438530,31326,31166,426,31592,238
2021-04-09,Sonoma,097,501317,29361,29433,288,29721,310
2021-04-09,Stanislaus,099,539301,53893,53504,5613,59117,705
2021-04-09,Sutter,101,95872,9188,9201,80,9281,106
2021-04-09,Tehama,103,63373,4864,4806,517,5323,52
2021-04-09,Trinity,105,12862,481,324,81,405,3
2021-04-09,Tulare,107,460477,49482,48430,8534,56964,824
2021-04-09,Tuolumne,109,53932,3946,3986,40,4026,57
2021-04-09,Ventura,111,848112,80254,79698,2871,82569,987
2021-04-09,Yolo,113,214977,13472,13478,178,13656,198
2021-04-09,Yuba,115,75493,5784,5754,112,5866,43
2021-04-08,Alameda,001,1643700,84790,84213,1795,86008,1232
2021-04-08,Alpine,003,1148,85,85,0,85,0
2021-04-08,Amador,005,37829,3606,3595,32,3627,46
2021-04-08,Butte,007,227075,11782,11414,1708,13122,193
2021-04-08,Calaveras,009,45235,2029,2027,11,2038,50
2021-04-08,Colusa,011,21464,1901,1897,277,2174,14
2021-04-08,Contra Costa,013,1133247,66595,65706,1139,66845,775
2021-04-08,Del Norte,015,27424,1244,1201,11,1212,6
2021-04-08,El Dorado,017,186661,9639,9513,652,10165,106
2021-04-08,Fresno,019,978130,100543,99935,8261,108196,1627
2021-04-08,Glenn,021,27897,2367,2337,532,2869,17
2021-04-08,Humboldt,023,135768,3525,3486,25,3511,35
2021-04-08,Imperial,025,180216,27907,27744,2573,30317,713
2021-04-08,Inyo,027,18085,1390,1386,10,1396,36
2021-04-08,Kern,029,883053,95812,94493,10329,104822,1281
2021-04-08,Kings,031,150075,22820,22589,1023,23612,243
2021-04-08,Lake,033,64148,3397,3360,9,3369,43
2021-04-08,Lassen,035,31185,5153,5136,102,5238,1
2021-04-08,Los Angeles,037,10098052,1194156,1184443,39480,1223923,23416
2021-04-08,Madera,039,155013,16291,16103,897,17000,231
2021-04-08,Marin,041,260295,13780,13704,224,13928,226
2021-04-08,Mariposa,043,17540,399,393,6,399,5
2021-04-08,Mendocino,045,87422,3777,3690,74,3764,45
2021-04-08,Merced,047,269075,30101,30163,989,31152,430
2021-04-08,Modoc,049,8938,359,352,118,470,3
2021-04-08,Mono,051,14174,1238,1247,17,1264,3
2021-04-08,Monterey,053,433212,42685,42437,1759,44196,342
2021-04-08,Napa,055,140530,9571,9569,31,9600,80
2021-04-08,Nevada,057,99092,4431,4367,182,4549,69
2021-04-08,Orange,059,3164182,252456,250529,10823,261352,4797
2021-04-08,Placer,061,380077,22022,21258,1313,22571,277
2021-04-08,Plumas,063,18699,674,665,10,675,4
2021-04-08,Riverside,065,2383286,290643,283853,13589,297442,4296
2021-04-08,Sacramento,067,1510023,100611,99319,1468,100787,1561
2021-04-08,San Benito,069,59416,5925,5914,102,6016,62
2021-04-08,San Bernardino,071,2135413,290187,287190,8746,295936,4445
2021-04-08,San Diego,073,3302833,273496,272495,13853,286348,3592
2021-04-08,San Francisco,075,870044,35674,35657,1198,36855,494
2021-04-08,San Joaquin,077,732212,70561,69479,3220,72699,1279
2021-04-08,San Luis Obispo,079,281455,20772,20402,635,21037,252
2021-04-08,San Mateo,081,765935,41176,40749,432,41181,350
2021-04-08,Santa Barbara,083,443738,33701,33309,1083,34392,444
2021-04-08,Santa Clara,085,1922200,115529,115487,665,116152,1905
2021-04-08,Santa Cruz,087,273765,15951,15296,789,16085,203
2021-04-08,Shasta,089,179085,11469,11466,1381,12847,186
2021-04-08,Sierra,091,2930,55,51,12,63,0
2021-04-08,Siskiyou,093,43540,1592,1511,264,1775,7
2021-04-08,Solano,095,438530,31276,31120,426,31546,238
2021-04-08,Sonoma,097,501317,29341,29410,287,29697,310
2021-04-08,Stanislaus,099,539301,53815,53401,5603,59004,706
2021-04-08,Sutter,101,95872,9184,9195,80,9275,106
2021-04-08,Tehama,103,63373,4860,4802,517,5319,52
2021-04-08,Trinity,105,12862,481,324,81,405,3
2021-04-08,Tulare,107,460477,49469,48409,8524,56933,821
2021-04-08,Tuolumne,109,53932,3946,3986,40,4026,57
2021-04-08,Ventura,111,848112,80217,79626,2867,82493,986
2021-04-08,Yolo,113,214977,13463,13468,177,13645,198
2021-04-08,Yuba,115,75493,5780,5743,112,5855,43
2021-04-07,Alameda,001,1643700,84706,84130,1793,85923,1224
2021-04-07,Alpine,003,1148,85,85,0,85,0
2021-04-07,Amador,005,37829,3603,3590,32,3622,46
2021-04-07,Butte,007,227075,11778,11405,1705,13110,193
2021-04-07,Calaveras,009,45235,2028,2022,11,2033,50
2021-04-07,Colusa,011,21464,1897,1894,276,2170,14
2021-04-07,Contra Costa,013,1133247,66509,65619,1138,66757,775
2021-04-07,Del Norte,015,27424,1242,1198,11,1209,6
2021-04-07,El Dorado,017,186661,9618,9500,646,10146,106
2021-04-07,Fresno,019,978130,100478,99865,8250,108115,1627
2021-04-07,Glenn,021,27897,2365,2337,531,2868,17
2021-04-07,Humboldt,023,135768,3512,3484,25,3509,35
2021-04-07,Imperial,025,180216,27883,27704,2567,30271,713
2021-04-07,Inyo,027,18085,1389,1386,10,1396,36
2021-04-07,Kern,029,883053,95776,94456,10314,104770,1275
2021-04-07,Kings,031,150075,22818,22589,1023,23612,243
2021-04-07,Lake,033,64148,3395,3358,9,3367,43
2021-04-07,Lassen,035,31185,5153,5137,102,5239,1
2021-04-07,Los Angeles,037,10098052,1193715,1183862,39460,1223322,23372
2021-04-07,Madera,039,155013,16272,16090,896,16986,231
2021-04-07,Marin,041,260295,13769,13688,223,13911,225
2021-04-07,Mariposa,043,17540,398,391,6,397,5
2021-04-07,Mendocino,045,87422,3776,3691,74,3765,45
2021-04-07,Merced,047,269075,30078,30132,985,31117,430
2021-04-07,Modoc,049,8938,359,351,118,469,3
2021-04-07,Mono,051,14174,1238,1246,17,1263,3
2021-04-07,Monterey,053,433212,42667,42427,1758,44185,341
2021-04-07,Napa,055,140530,9557,9556,31,9587,80
2021-04-07,Nevada,057,99092,4425,4364,182,4546,69
2021-04-07,Orange,059,3164182,252331,250378,10801,261179,4778
2021-04-07,Placer,061,380077,21978,21227,1305,22532,276
2021-04-07,Plumas,063,18699,674,665,10,675,4
2021-04-07,Riverside,065,2383286,290523,283749,13579,297328,4285
2021-04-07,Sacramento,067,1510023,100443,99202,1462,100664,1544
2021-04-07,San Benito,069,59416,5920,5912,101,6013,62
2021-04-07,San Bernardino,071,2135413,290067,286978,8741,295719,4433
2021-04-07,San Diego,073,3302833,273270,272195,13824,286019,3588
2021-04-07,San Francisco,075,870044,35634,35618,1194,36812,493
2021-04-07,San Joaquin,077,732212,70490,69375,3215,72590,1278
2021-04-07,San Luis Obispo,079,281455,20746,20373,632,21005,252
2021-04-07,San Mateo,081,765935,41132,40693,432,41125,350
2021-04-07,Santa Barbara,083,443738,33675,33289,1080,34369,444
2021-04-07,Santa Clara,085,1922200,115397,115311,663,115974,1900
2021-04-07,Santa Cruz,087,273765,15940,15275,789,16064,203
2021-04-07,Shasta,089,179085,11457,11456,1377,12833,184
2021-04-07,Sierra,091,2930,55,51,12,63,0
2021-04-07,Siskiyou,093,43540,1586,1512,263,1775,7
2021-04-07,Solano,095,438530,31225,31097,425,31522,238
2021-04-07,Sonoma,097,501317,29323,29394,286,29680,310
2021-04-07,Stanislaus,099,539301,53747,53344,5593,58937,686
2021-04-07,Sutter,101,95872,9181,9188,80,9268,106
2021-04-07,Tehama,103,63373,4852,4802,515,5317,52
2021-04-07,Trinity,105,12862,481,322,81,403,3
2021-04-07,Tulare,107,460477,49454,48386,8514,56900,820
2021-04-07,Tuolumne,109,53932,3944,3982,40,4022,57
2021-04-07,Ventura,111,848112,80183,79595,2865,82460,986
2021-04-07,Yolo,113,214977,13448,13450,175,13625,198
2021-04-07,Yuba,115,75493,5776,5737,112,5849,43
2021-04-06,Alameda,001,1643700,84593,84091,1790,85881,1223
2021-04-06,Alpine,003,1148,85,85,0,85,0
2021-04-06,Amador,005,37829,3602,3587,32,3619,45
2021-04-06,Butte,007,227075,11763,11396,1703,13099,193
2021-04-06,Calaveras,009,45235,2024,2021,11,2032,50
2021-04-06,Colusa,011,21464,1895,1894,274,2168,14
2021-04-06,Contra Costa,013,1133247,66431,65575,1137,66712,774
2021-04-06,Del Norte,015,27424,1237,1197,11,1208,6
2021-04-06,El Dorado,017,186661,9588,9489,644,10133,106
2021-04-06,Fresno,019,978130,100414,99814,8244,108058,1626
2021-04-06,Glenn,021,27897,2364,2335,530,2865,17
2021-04-06,Humboldt,023,135768,3503,3477,25,3502,35
2021-04-06,Imperial,025,180216,27850,27661,2558,30219,713
2021-04-06,Inyo,027,18085,1389,1379,10,1389,36
2021-04-06,Kern,029,883053,95732,94422,10308,104730,1259
2021-04-06,Kings,031,150075,22812,22587,1023,23610,240
2021-04-06,Lake,033,64148,3392,3358,9,3367,43
2021-04-06,Lassen,035,31185,5151,5137,102,5239,1
2021-04-06,Los Angeles,037,10098052,1193203,1183499,39421,1222920,23323
2021-04-06,Madera,039,155013,16252,16085,891,16976,230
2021-04-06,Marin,041,260295,13760,13675,219,13894,224
2021-04-06,Mariposa,043,17540,398,390,6,396,5
2021-04-06,Mendocino,045,87422,3774,3686,74,3760,45
2021-04-06,Merced,047,269075,30048,30100,980,31080,430
2021-04-06,Modoc,049,8938,358,351,118,469,3
2021-04-06,Mono,051,14174,1238,1246,17,1263,3
2021-04-06,Monterey,053,433212,42658,42412,1757,44169,341
2021-04-06,Napa,055,140530,9538,9509,31,9540,78
2021-04-06,Nevada,057,99092,4415,4356,180,4536,69
2021-04-06,Orange,059,3164182,252222,250304,10788,261092,4771
2021-04-06,Placer,061,380077,21930,21184,1303,22487,276
2021-04-06,Plumas,063,18699,674,665,10,675,4
2021-04-06,Riverside,065,2383286,290342,283622,13568,297190,4264
2021-04-06,Sacramento,067,1510023,100235,99110,1456,100566,1537
2021-04-06,San Benito,069,59416,5911,5907,101,6008,62
2021-04-06,San Bernardino,071,2135413,289954,286792,8731,295523,4428
2021-04-06,San Diego,073,3302833,273008,271867,13796,285663,3585
2021-04-06,San Francisco,075,870044,35591,35572,1194,36766,488
2021-04-06,San Joaquin,077,732212,70407,69316,3203,72519,1278
2021-04-06,San Luis Obispo,079,281455,20724,20350,629,20979,252
2021-04-06,San Mateo,081,765935,41084,40649,431,41080,350
2021-04-06,Santa Barbara,083,443738,33657,33257,1079,34336,443
2021-04-06,Santa Clara,085,1922200,115226,115184,662,115846,1900
2021-04-06,Santa Cruz,087,273765,15930,15252,789,16041,203
2021-04-06,Shasta,089,179085,11436,11443,1375,12818,184
2021-04-06,Sierra,091,2930,55,51,12,63,0
2021-04-06,Siskiyou,093,43540,1582,1510,262,1772,7
2021-04-06,Solano,095,438530,31178,31078,424,31502,237
2021-04-06,Sonoma,097,501317,29297,29386,284,29670,311
2021-04-06,Stanislaus,099,539301,53691,53304,5587,58891,686
2021-04-06,Sutter,101,95872,9171,9179,80,9259,106
2021-04-06,Tehama,103,63373,4843,4798,515,5313,52
2021-04-06,Trinity,105,12862,481,321,81,402,3
2021-04-06,Tulare,107,460477,49411,48372,8510,56882,819
2021-04-06,Tuolumne,109,53932,3944,3981,40,4021,57
2021-04-06,Ventura,111,848112,80146,79556,2863,82419,983
2021-04-06,Yolo,113,214977,13435,13443,174,13617,198
2021-04-06,Yuba,115,75493,5772,5733,111,5844,43
2021-04-05,Alameda,001,1643700,84477,84007,1786,85793,1219
2021-04-05,Alpine,003,1148,85,85,0,85,0
2021-04-05,Amador,005,37829,3599,3584,32,3616,45
2021-04-05,Butte,007,227075,11748,11384,1703,13087,193
2021-04-05,Calaveras,009,45235,2022,2019,11,2030,50
2021-04-05,Colusa,011,21464,1895,1894,273,2167,14
2021-04-05,Contra Costa,013,1133247,66364,65457,1135,66592,774
2021-04-05,Del Norte,015,27424,1235,1189,11,1200,6
2021-04-05,El Dorado,017,186661,9573,9463,644,10107,106
2021-04-05,Fresno,019,978130,100326,99755,8236,107991,1622
2021-04-05,Glenn,021,27897,2363,2335,530,2865,17
2021-04-05,Humboldt,023,135768,3494,3475,25,3500,35
2021-04-05,Imperial,025,180216,27818,27604,2553,30157,710
2021-04-05,Inyo,027,18085,1386,1377,10,1387,36
2021-04-05,Kern,029,883053,95677,94401,10283,104684,1249
2021-04-05,Kings,031,150075,22808,22580,1023,23603,239
2021-04-05,Lake,033,64148,3384,3359,9,3368,43
2021-04-05,Lassen,035,31185,5151,5138,101,5239,1
2021-04-05,Los Angeles,037,10098052,1192667,1183200,39373,1222573,23302
2021-04-05,Madera,039,155013,16237,16065,890,16955,230
2021-04-05,Marin,041,260295,13746,13666,215,13881,221
2021-04-05,Mariposa,043,17540,398,390,6,396,5
2021-04-05,Mendocino,045,87422,3772,3687,74,3761,45
2021-04-05,Merced,047,269075,30023,30068,978,31046,427
2021-04-05,Modoc,049,8938,356,346,118,464,3
2021-04-05,Mono,051,14174,1238,1246,17,1263,3
2021-04-05,Monterey,053,433212,42645,42396,1753,44149,341
2021-04-05,Napa,055,140530,9515,9492,31,9523,78
2021-04-05,Nevada,057,99092,4404,4346,180,4526,69
2021-04-05,Orange,059,3164182,252107,250177,10764,260941,4759
2021-04-05,Placer,061,380077,21884,21133,1296,22429,276
2021-04-05,Plumas,063,18699,674,666,10,676,4
2021-04-05,Riverside,065,2383286,290205,283549,13556,297105,4237
2021-04-05,Sacramento,067,1510023,100073,98908,1448,100356,1533
2021-04-05,San Benito,069,59416,5905,5904,101,6005,61
2021-04-05,San Bernardino,071,2135413,289844,286597,8728,295325,4425
2021-04-05,San Diego,073,3302833,272759,271655,13755,285410,3583
2021-04-05,San Francisco,075,870044,35560,35538,1194,36732,488
2021-04-05,San Joaquin,077,732212,70318,69214,3194,72408,1268
2021-04-05,San Luis Obispo,079,281455,20687,20333,629,20962,252
2021-04-05,San Mateo,081,765935,41040,40609,430,41039,350
2021-04-05,Santa Barbara,083,443738,33622,33235,1079,34314,443
2021-04-05,Santa Clara,085,1922200,115059,115091,659,115750,1893
2021-04-05,Santa Cruz,087,273765,15923,15228,789,16017,201
2021-04-05,Shasta,089,179085,11415,11435,1372,12807,184
2021-04-05,Sierra,091,2930,55,50,12,62,0
2021-04-05,Siskiyou,093,43540,1579,1509,260,1769,7
2021-04-05,Solano,095,438530,31138,31026,422,31448,237
2021-04-05,Sonoma,097,501317,29265,29361,282,29643,311
2021-04-05,Stanislaus,099,539301,53611,53238,5584,58822,686
2021-04-05,Sutter,101,95872,9164,9169,80,9249,106
2021-04-05,Tehama,103,63373,4837,4794,515,5309,52
2021-04-05,Trinity,105,12862,480,321,81,402,3
2021-04-05,Tulare,107,460477,49399,48356,8503,56859,818
2021-04-05,Tuolumne,109,53932,3943,3980,40,4020,57
2021-04-05,Ventura,111,848112,80115,79549,2860,82409,983
2021-04-05,Yolo,113,214977,13421,13427,173,13600,198
2021-04-05,Yuba,115,75493,5767,5728,110,5838,43
2021-04-04,Alameda,001,1643700,84358,83951,1782,85733,1219
2021-04-04,Alpine,003,1148,85,85,0,85,0
2021-04-04,Amador,005,37829,3593,3582,32,3614,45
2021-04-04,Butte,007,227075,11733,11375,1702,13077,193
2021-04-04,Calaveras,009,45235,2018,2020,11,2031,50
2021-04-04,Colusa,011,21464,1894,1893,273,2166,14
2021-04-04,Contra Costa,013,1133247,66258,65408,1130,66538,774
2021-04-04,Del Norte,015,27424,1227,1186,11,1197,6
2021-04-04,El Dorado,017,186661,9554,9455,641,10096,106
2021-04-04,Fresno,019,978130,100252,99702,8224,107926,1622
2021-04-04,Glenn,021,27897,2360,2335,529,2864,17
2021-04-04,Humboldt,023,135768,3483,3472,25,3497,35
2021-04-04,Imperial,025,180216,27762,27588,2551,30139,710
2021-04-04,Inyo,027,18085,1382,1377,10,1387,36
2021-04-04,Kern,029,883053,95633,94388,10262,104650,1247
2021-04-04,Kings,031,150075,22806,22580,1022,23602,239
2021-04-04,Lake,033,64148,3378,3355,8,3363,43
2021-04-04,Lassen,035,31185,5149,5138,101,5239,1
2021-04-04,Los Angeles,037,10098052,1192122,1182872,39329,1222201,23301
2021-04-04,Madera,039,155013,16211,16052,886,16938,230
2021-04-04,Marin,041,260295,13733,13663,214,13877,221
2021-04-04,Mariposa,043,17540,398,390,6,396,5
2021-04-04,Mendocino,045,87422,3769,3684,74,3758,45
2021-04-04,Merced,047,269075,29980,30048,975,31023,427
2021-04-04,Modoc,049,8938,356,346,118,464,3
2021-04-04,Mono,051,14174,1237,1245,17,1262,3
2021-04-04,Monterey,053,433212,42628,42391,1752,44143,341
2021-04-04,Napa,055,140530,9503,9486,31,9517,78
2021-04-04,Nevada,057,99092,4392,4337,180,4517,69
2021-04-04,Orange,059,3164182,251972,250117,10748,260865,4759
2021-04-04,Placer,061,380077,21837,21104,1278,22382,276
2021-04-04,Plumas,063,18699,674,666,10,676,4
2021-04-04,Riverside,065,2383286,290079,283537,13552,297089,4237
2021-04-04,Sacramento,067,1510023,99874,98821,1439,100260,1531
2021-04-04,San Benito,069,59416,5895,5901,97,5998,61
2021-04-04,San Bernardino,071,2135413,289704,286561,8720,295281,4423
2021-04-04,San Diego,073,3302833,272447,271528,13714,285242,3583
2021-04-04,San Francisco,075,870044,35506,35525,1191,36716,488
2021-04-04,San Joaquin,077,732212,70217,69147,3182,72329,1268
2021-04-04,San Luis Obispo,079,281455,20655,20328,621,20949,252
2021-04-04,San Mateo,081,765935,40997,40587,428,41015,350
2021-04-04,Santa Barbara,083,443738,33586,33213,1079,34292,443
2021-04-04,Santa Clara,085,1922200,114893,114976,652,115628,1893
2021-04-04,Santa Cruz,087,273765,15914,15219,789,16008,201
2021-04-04,Shasta,089,179085,11389,11433,1371,12804,184
2021-04-04,Sierra,091,2930,55,50,12,62,0
2021-04-04,Siskiyou,093,43540,1576,1509,256,1765,7
2021-04-04,Solano,095,438530,31091,31002,420,31422,237
2021-04-04,Sonoma,097,501317,29233,29340,280,29620,311
2021-04-04,Stanislaus,099,539301,53518,53181,5576,58757,686
2021-04-04,Sutter,101,95872,9157,9164,80,9244,106
2021-04-04,Tehama,103,63373,4824,4792,514,5306,52
2021-04-04,Trinity,105,12862,478,321,81,402,3
2021-04-04,Tulare,107,460477,49385,48343,8495,56838,818
2021-04-04,Tuolumne,109,53932,3935,3980,40,4020,57
2021-04-04,Ventura,111,848112,80072,79526,2858,82384,983
2021-04-04,Yolo,113,214977,13400,13425,172,13597,198
2021-04-04,Yuba,115,75493,5760,5722,110,5832,43
2021-04-03,Alameda,001,1643700,84291,83861,1780,85641,1218
2021-04-03,Alpine,003,1148,85,85,0,85,0
2021-04-03,Amador,005,37829,3590,3577,32,3609,45
2021-04-03,Butte,007,227075,11729,11359,1698,13057,193
2021-04-03,Calaveras,009,45235,2016,2019,11,2030,50
2021-04-03,Colusa,011,21464,1894,1891,273,2164,14
2021-04-03,Contra Costa,013,1133247,66186,65338,1130,66468,774
2021-04-03,Del Norte,015,27424,1222,1183,11,1194,6
2021-04-03,El Dorado,017,186661,9545,9448,640,10088,106
2021-04-03,Fresno,019,978130,100195,99602,8219,107821,1622
2021-04-03,Glenn,021,27897,2359,2334,528,2862,17
2021-04-03,Humboldt,023,135768,3481,3467,25,3492,35
2021-04-03,Imperial,025,180216,27746,27572,2548,30120,710
2021-04-03,Inyo,027,18085,1381,1376,10,1386,36
2021-04-03,Kern,029,883053,95607,94369,10246,104615,1243
2021-04-03,Kings,031,150075,22804,22580,1022,23602,239
2021-04-03,Lake,033,64148,3377,3350,8,3358,43
2021-04-03,Lassen,035,31185,5148,5136,101,5237,1
2021-04-03,Los Angeles,037,10098052,1191815,1182402,39312,1221714,23301
2021-04-03,Madera,039,155013,16202,16051,884,16935,230
2021-04-03,Marin,041,260295,13725,13658,213,13871,221
2021-04-03,Mariposa,043,17540,398,390,5,395,5
2021-04-03,Mendocino,045,87422,3768,3684,74,3758,45
2021-04-03,Merced,047,269075,29965,30031,975,31006,427
2021-04-03,Modoc,049,8938,356,346,118,464,3
2021-04-03,Mono,051,14174,1237,1245,17,1262,3
2021-04-03,Monterey,053,433212,42615,42376,1750,44126,341
2021-04-03,Napa,055,140530,9494,9473,31,9504,78
2021-04-03,Nevada,057,99092,4388,4323,180,4503,69
2021-04-03,Orange,059,3164182,251891,249982,10730,260712,4755
2021-04-03,Placer,061,380077,21806,21060,1274,22334,276
2021-04-03,Plumas,063,18699,674,666,10,676,4
2021-04-03,Riverside,065,2383286,290001,283423,13549,296972,4237
2021-04-03,Sacramento,067,1510023,99766,98660,1433,100093,1531
2021-04-03,San Benito,069,59416,5892,5893,96,5989,61
2021-04-03,San Bernardino,071,2135413,289640,286473,8714,295187,4422
2021-04-03,San Diego,073,3302833,272278,271335,13697,285032,3571
2021-04-03,San Francisco,075,870044,35487,35488,1189,36677,489
2021-04-03,San Joaquin,077,732212,70176,69100,3166,72266,1268
2021-04-03,San Luis Obispo,079,281455,20636,20301,621,20922,252
2021-04-03,San Mateo,081,765935,40972,40560,428,40988,350
2021-04-03,Santa Barbara,083,443738,33560,33172,1078,34250,443
2021-04-03,Santa Clara,085,1922200,114785,114865,650,115515,1893
2021-04-03,Santa Cruz,087,273765,15907,15205,789,15994,201
2021-04-03,Shasta,089,179085,11381,11418,1371,12789,184
2021-04-03,Sierra,091,2930,55,50,12,62,0
2021-04-03,Siskiyou,093,43540,1575,1509,256,1765,7
2021-04-03,Solano,095,438530,31070,30970,417,31387,237
2021-04-03,Sonoma,097,501317,29217,29315,279,29594,311
2021-04-03,Stanislaus,099,539301,53483,53137,5570,58707,686
2021-04-03,Sutter,101,95872,9151,9158,80,9238,106
2021-04-03,Tehama,103,63373,4816,4788,514,5302,52
2021-04-03,Trinity,105,12862,478,321,81,402,3
2021-04-03,Tulare,107,460477,49375,48327,8491,56818,818
2021-04-03,Tuolumne,109,53932,3935,3980,40,4020,57
2021-04-03,Ventura,111,848112,80051,79489,2856,82345,983
2021-04-03,Yolo,113,214977,13394,13414,172,13586,198
2021-04-03,Yuba,115,75493,5754,5716,110,5826,43
2021-04-02,Alameda,001,1643700,84218,83776,1777,85553,1217
2021-04-02,Alpine,003,1148,85,85,0,85,0
2021-04-02,Amador,005,37829,3586,3573,31,3604,45
2021-04-02,Butte,007,227075,11720,11350,1698,13048,193
2021-04-02,Calaveras,009,45235,2014,2010,11,2021,50
2021-04-02,Colusa,011,21464,1894,1891,273,2164,14
2021-04-02,Contra Costa,013,1133247,66122,65299,1129,66428,774
2021-04-02,Del Norte,015,27424,1219,1174,11,1185,6
2021-04-02,El Dorado,017,186661,9532,9437,637,10074,106
2021-04-02,Fresno,019,978130,100141,99551,8208,107759,1620
2021-04-02,Glenn,021,27897,2359,2331,528,2859,17
2021-04-02,Humboldt,023,135768,3477,3465,25,3490,35
2021-04-02,Imperial,025,180216,27734,27553,2542,30095,710
2021-04-02,Inyo,027,18085,1381,1377,10,1387,36
2021-04-02,Kern,029,883053,95589,94348,10243,104591,1233
2021-04-02,Kings,031,150075,22804,22571,1019,23590,239
2021-04-02,Lake,033,64148,3375,3348,8,3356,43
2021-04-02,Lassen,035,31185,5148,5134,101,5235,1
2021-04-02,Los Angeles,037,10098052,1191504,1181682,39291,1220973,23264
2021-04-02,Madera,039,155013,16193,16036,883,16919,230
2021-04-02,Marin,041,260295,13717,13649,213,13862,221
2021-04-02,Mariposa,043,17540,396,390,5,395,5
2021-04-02,Mendocino,045,87422,3765,3682,74,3756,45
2021-04-02,Merced,047,269075,29940,29998,975,30973,426
2021-04-02,Modoc,049,8938,353,346,118,464,3
2021-04-02,Mono,051,14174,1237,1246,17,1263,3
2021-04-02,Monterey,053,433212,42605,42359,1747,44106,341
2021-04-02,Napa,055,140530,9479,9453,31,9484,78
2021-04-02,Nevada,057,99092,4384,4323,180,4503,69
2021-04-02,Orange,059,3164182,251796,249891,10718,260609,4748
2021-04-02,Placer,061,380077,21770,21035,1268,22303,275
2021-04-02,Plumas,063,18699,674,666,10,676,4
2021-04-02,Riverside,065,2383286,289915,283328,13540,296868,4213
2021-04-02,Sacramento,067,1510023,99659,98648,1426,100074,1527
2021-04-02,San Benito,069,59416,5890,5888,94,5982,61
2021-04-02,San Bernardino,071,2135413,289568,286308,8710,295018,4417
2021-04-02,San Diego,073,3302833,272091,271036,13671,284707,3568
2021-04-02,San Francisco,075,870044,35452,35451,1187,36638,488
2021-04-02,San Joaquin,077,732212,70111,68996,3151,72147,1268
2021-04-02,San Luis Obispo,079,281455,20619,20271,620,20891,252
2021-04-02,San Mateo,081,765935,40930,40514,428,40942,350
2021-04-02,Santa Barbara,083,443738,33532,33145,1078,34223,443
2021-04-02,Santa Clara,085,1922200,114674,114777,648,115425,1882
2021-04-02,Santa Cruz,087,273765,15899,15216,789,16005,202
2021-04-02,Shasta,089,179085,11376,11377,1364,12741,181
2021-04-02,Sierra,091,2930,55,50,12,62,0
2021-04-02,Siskiyou,093,43540,1575,1508,255,1763,7
2021-04-02,Solano,095,438530,31041,30951,414,31365,237
2021-04-02,Sonoma,097,501317,29196,29288,278,29566,311
2021-04-02,Stanislaus,099,539301,53438,53073,5564,58637,687
2021-04-02,Sutter,101,95872,9143,9131,80,9211,106
2021-04-02,Tehama,103,63373,4809,4775,513,5288,52
2021-04-02,Trinity,105,12862,478,320,81,401,3
2021-04-02,Tulare,107,460477,49369,48306,8485,56791,818
2021-04-02,Tuolumne,109,53932,3932,3980,40,4020,57
2021-04-02,Ventura,111,848112,80024,79434,2854,82288,982
2021-04-02,Yolo,113,214977,13384,13381,172,13553,197
2021-04-02,Yuba,115,75493,5750,5709,110,5819,44
2021-04-01,Alameda,001,1643700,84139,83574,1772,85346,1216
2021-04-01,Alpine,003,1148,85,85,0,85,0
2021-04-01,Amador,005,37829,3582,3558,31,3589,45
2021-04-01,Butte,007,227075,11702,11328,1696,13024,193
2021-04-01,Calaveras,009,45235,2011,2006,11,2017,50
2021-04-01,Colusa,011,21464,1891,1890,273,2163,14
2021-04-01,Contra Costa,013,1133247,66063,65176,1127,66303,771
2021-04-01,Del Norte,015,27424,1214,1138,11,1149,6
2021-04-01,El Dorado,017,186661,9523,9393,633,10026,106
2021-04-01,Fresno,019,978130,100088,99317,8200,107517,1616
2021-04-01,Glenn,021,27897,2359,2322,527,2849,17
2021-04-01,Humboldt,023,135768,3473,3464,25,3489,35
2021-04-01,Imperial,025,180216,27704,27520,2537,30057,710
2021-04-01,Inyo,027,18085,1380,1374,10,1384,36
2021-04-01,Kern,029,883053,95553,94244,10231,104475,1233
2021-04-01,Kings,031,150075,22797,22560,1018,23578,239
2021-04-01,Lake,033,64148,3370,3337,8,3345,43
2021-04-01,Lassen,035,31185,5147,5132,101,5233,1
2021-04-01,Los Angeles,037,10098052,1191011,1181101,39262,1220363,23220
2021-04-01,Madera,039,155013,16177,16023,883,16906,230
2021-04-01,Marin,041,260295,13707,13635,213,13848,221
2021-04-01,Mariposa,043,17540,394,389,5,394,5
2021-04-01,Mendocino,045,87422,3765,3680,74,3754,45
2021-04-01,Merced,047,269075,29907,29820,975,30795,425
2021-04-01,Modoc,049,8938,352,346,118,464,3
2021-04-01,Mono,051,14174,1237,1245,17,1262,3
2021-04-01,Monterey,053,433212,42597,42324,1745,44069,339
2021-04-01,Napa,055,140530,9467,9410,31,9441,78
2021-04-01,Nevada,057,99092,4374,4288,179,4467,68
2021-04-01,Orange,059,3164182,251676,249617,10701,260318,4742
2021-04-01,Placer,061,380077,21731,20909,1256,22165,274
2021-04-01,Plumas,063,18699,674,664,10,674,4
2021-04-01,Riverside,065,2383286,289810,283128,13537,296665,4193
2021-04-01,Sacramento,067,1510023,99515,97952,1413,99365,1521
2021-04-01,San Benito,069,59416,5882,5878,93,5971,61
2021-04-01,San Bernardino,071,2135413,289452,286086,8701,294787,4404
2021-04-01,San Diego,073,3302833,271868,270540,13641,284181,3555
2021-04-01,San Francisco,075,870044,35431,35386,1184,36570,488
2021-04-01,San Joaquin,077,732212,70029,68802,3143,71945,1262
2021-04-01,San Luis Obispo,079,281455,20590,20235,619,20854,252
2021-04-01,San Mateo,081,765935,40889,40454,428,40882,350
2021-04-01,Santa Barbara,083,443738,33485,33096,1073,34169,443
2021-04-01,Santa Clara,085,1922200,114561,114606,647,115253,1874
2021-04-01,Santa Cruz,087,273765,15884,15271,789,16060,202
2021-04-01,Shasta,089,179085,11361,11355,1359,12714,181
2021-04-01,Sierra,091,2930,55,50,12,62,0
2021-04-01,Siskiyou,093,43540,1573,1507,254,1761,7
2021-04-01,Solano,095,438530,31008,30850,411,31261,237
2021-04-01,Sonoma,097,501317,29165,29241,271,29512,311
2021-04-01,Stanislaus,099,539301,53376,52825,5558,58383,687
2021-04-01,Sutter,101,95872,9131,9105,80,9185,106
2021-04-01,Tehama,103,63373,4803,4764,510,5274,52
2021-04-01,Trinity,105,12862,478,319,81,400,3
2021-04-01,Tulare,107,460477,49346,48279,8475,56754,817
2021-04-01,Tuolumne,109,53932,3930,3978,40,4018,57
2021-04-01,Ventura,111,848112,80000,79369,2853,82222,977
2021-04-01,Yolo,113,214977,13371,13342,172,13514,197
2021-04-01,Yuba,115,75493,5745,5694,110,5804,44
2021-03-31,Alameda,001,1643700,84057,83475,1767,85242,1215
2021-03-31,Alpine,003,1148,85,85,0,85,0
2021-03-31,Amador,005,37829,3579,3556,31,3587,45
2021-03-31,Butte,007,227075,11692,11321,1692,13013,193
2021-03-31,Calaveras,009,45235,2009,2005,11,2016,50
2021-03-31,Colusa,011,21464,1891,1890,273,2163,14
2021-03-31,Contra Costa,013,1133247,65978,65109,1126,66235,769
2021-03-31,Del Norte,015,27424,1205,1129,11,1140,6
2021-03-31,El Dorado,017,186661,9506,9390,633,10023,106
2021-03-31,Fresno,019,978130,99995,99240,8184,107424,1616
2021-03-31,Glenn,021,27897,2355,2318,525,2843,17
2021-03-31,Humboldt,023,135768,3467,3460,25,3485,35
2021-03-31,Imperial,025,180216,27684,27506,2536,30042,710
2021-03-31,Inyo,027,18085,1377,1373,9,1382,35
2021-03-31,Kern,029,883053,95510,94205,10222,104427,1229
2021-03-31,Kings,031,150075,22794,22540,1018,23558,239
2021-03-31,Lake,033,64148,3366,3332,8,3340,43
2021-03-31,Lassen,035,31185,5143,5132,101,5233,1
2021-03-31,Los Angeles,037,10098052,1190542,1180538,39224,1219762,23171
2021-03-31,Madera,039,155013,16163,16015,882,16897,229
2021-03-31,Marin,041,260295,13696,13624,213,13837,221
2021-03-31,Mariposa,043,17540,394,389,5,394,5
2021-03-31,Mendocino,045,87422,3759,3675,74,3749,45
2021-03-31,Merced,047,269075,29878,29780,975,30755,423
2021-03-31,Modoc,049,8938,352,346,118,464,3
2021-03-31,Mono,051,14174,1237,1245,17,1262,3
2021-03-31,Monterey,053,433212,42580,42309,1743,44052,338
2021-03-31,Napa,055,140530,9449,9401,31,9432,78
2021-03-31,Nevada,057,99092,4368,4283,179,4462,68
2021-03-31,Orange,059,3164182,251565,249518,10686,260204,4731
2021-03-31,Placer,061,380077,21681,20885,1249,22134,271
2021-03-31,Plumas,063,18699,673,663,10,673,4
2021-03-31,Riverside,065,2383286,289708,283006,13526,296532,4171
2021-03-31,Sacramento,067,1510023,99340,97760,1406,99166,1519
2021-03-31,San Benito,069,59416,5872,5875,93,5968,61
2021-03-31,San Bernardino,071,2135413,289358,285916,8698,294614,4356
2021-03-31,San Diego,073,3302833,271636,270288,13606,283894,3555
2021-03-31,San Francisco,075,870044,35386,35347,1183,36530,474
2021-03-31,San Joaquin,077,732212,69940,68685,3127,71812,1259
2021-03-31,San Luis Obispo,079,281455,20568,20215,618,20833,251
2021-03-31,San Mateo,081,765935,40859,40423,428,40851,350
2021-03-31,Santa Barbara,083,443738,33453,33052,1071,34123,443
2021-03-31,Santa Clara,085,1922200,114434,114499,647,115146,1874
2021-03-31,Santa Cruz,087,273765,15871,15295,788,16083,201
2021-03-31,Shasta,089,179085,11349,11327,1351,12678,179
2021-03-31,Sierra,091,2930,55,50,12,62,0
2021-03-31,Siskiyou,093,43540,1572,1505,254,1759,7
2021-03-31,Solano,095,438530,30962,30824,410,31234,235
2021-03-31,Sonoma,097,501317,29138,29216,271,29487,311
2021-03-31,Stanislaus,099,539301,53308,52782,5546,58328,687
2021-03-31,Sutter,101,95872,9120,9111,80,9191,106
2021-03-31,Tehama,103,63373,4798,4762,508,5270,52
2021-03-31,Trinity,105,12862,478,319,81,400,3
2021-03-31,Tulare,107,460477,49326,48261,8459,56720,816
2021-03-31,Tuolumne,109,53932,3929,3976,40,4016,57
2021-03-31,Ventura,111,848112,79968,79326,2849,82175,969
2021-03-31,Yolo,113,214977,13354,13359,171,13530,197
2021-03-31,Yuba,115,75493,5738,5686,110,5796,44
2021-03-30,Alameda,001,1643700,83957,83395,1764,85159,1211
2021-03-30,Alpine,003,1148,85,85,0,85,0
2021-03-30,Amador,005,37829,3576,3551,31,3582,45
2021-03-30,Butte,007,227075,11680,11296,1689,12985,193
2021-03-30,Calaveras,009,45235,2005,1997,11,2008,50
2021-03-30,Colusa,011,21464,1890,1890,272,2162,14
2021-03-30,Contra Costa,013,1133247,65889,65041,1124,66165,767
2021-03-30,Del Norte,015,27424,1197,1118,10,1128,6
2021-03-30,El Dorado,017,186661,9487,9381,630,10011,105
2021-03-30,Fresno,019,978130,99930,99156,8171,107327,1609
2021-03-30,Glenn,021,27897,2355,2310,524,2834,17
2021-03-30,Humboldt,023,135768,3465,3461,25,3486,35
2021-03-30,Imperial,025,180216,27656,27471,2534,30005,706
2021-03-30,Inyo,027,18085,1377,1374,9,1383,35
2021-03-30,Kern,029,883053,95468,94151,10213,104364,1221
2021-03-30,Kings,031,150075,22790,22530,1016,23546,238
2021-03-30,Lake,033,64148,3360,3330,8,3338,43
2021-03-30,Lassen,035,31185,5143,5132,101,5233,1
2021-03-30,Los Angeles,037,10098052,1190046,1180044,39202,1219246,23136
2021-03-30,Madera,039,155013,16153,16003,878,16881,229
2021-03-30,Marin,041,260295,13687,13611,205,13816,221
2021-03-30,Mariposa,043,17540,394,388,5,393,5
2021-03-30,Mendocino,045,87422,3757,3670,74,3744,45
2021-03-30,Merced,047,269075,29841,29731,975,30706,423
2021-03-30,Modoc,049,8938,351,346,118,464,3
2021-03-30,Mono,051,14174,1236,1245,17,1262,3
2021-03-30,Monterey,053,433212,42554,42308,1741,44049,338
2021-03-30,Napa,055,140530,9434,9391,31,9422,78
2021-03-30,Nevada,057,99092,4356,4266,178,4444,68
2021-03-30,Orange,059,3164182,251437,249412,10659,260071,4727
2021-03-30,Placer,061,380077,21641,20866,1243,22109,271
2021-03-30,Plumas,063,18699,673,661,10,671,4
2021-03-30,Riverside,065,2383286,289583,282930,13517,296447,4154
2021-03-30,Sacramento,067,1510023,99203,97718,1403,99121,1516
2021-03-30,San Benito,069,59416,5866,5870,93,5963,61
2021-03-30,San Bernardino,071,2135413,289249,285758,8689,294447,4343
2021-03-30,San Diego,073,3302833,271397,269998,13568,283566,3555
2021-03-30,San Francisco,075,870044,35336,35325,1182,36507,474
2021-03-30,San Joaquin,077,732212,69852,68613,3117,71730,1232
2021-03-30,San Luis Obispo,079,281455,20548,20194,618,20812,251
2021-03-30,San Mateo,081,765935,40815,40377,428,40805,349
2021-03-30,Santa Barbara,083,443738,33428,33016,1071,34087,441
2021-03-30,Santa Clara,085,1922200,114312,114413,646,115059,1873
2021-03-30,Santa Cruz,087,273765,15865,15278,788,16066,201
2021-03-30,Shasta,089,179085,11341,11316,1350,12666,184
2021-03-30,Sierra,091,2930,55,50,12,62,0
2021-03-30,Siskiyou,093,43540,1571,1501,254,1755,7
2021-03-30,Solano,095,438530,30932,30802,409,31211,232
2021-03-30,Sonoma,097,501317,29106,29198,271,29469,311
2021-03-30,Stanislaus,099,539301,53230,52690,5538,58228,677
2021-03-30,Sutter,101,95872,9116,9107,79,9186,106
2021-03-30,Tehama,103,63373,4789,4748,507,5255,52
2021-03-30,Trinity,105,12862,478,316,81,397,3
2021-03-30,Tulare,107,460477,49311,48249,8450,56699,815
2021-03-30,Tuolumne,109,53932,3924,3972,40,4012,57
2021-03-30,Ventura,111,848112,79924,79282,2846,82128,958
2021-03-30,Yolo,113,214977,13341,13353,171,13524,195
2021-03-30,Yuba,115,75493,5727,5679,104,5783,42
2021-03-29,Alameda,001,1643700,83857,83338,1762,85100,1211
2021-03-29,Alpine,003,1148,85,85,0,85,0
2021-03-29,Amador,005,37829,3570,3549,31,3580,45
2021-03-29,Butte,007,227075,11672,11291,1686,12977,191
2021-03-29,Calaveras,009,45235,2003,1998,11,2009,50
2021-03-29,Colusa,011,21464,1890,1889,271,2160,14
2021-03-29,Contra Costa,013,1133247,65820,64971,1123,66094,767
2021-03-29,Del Norte,015,27424,1192,1116,9,1125,6
2021-03-29,El Dorado,017,186661,9467,9374,625,9999,105
2021-03-29,Fresno,019,978130,99847,99085,8156,107241,1606
2021-03-29,Glenn,021,27897,2348,2310,524,2834,17
2021-03-29,Humboldt,023,135768,3460,3459,25,3484,34
2021-03-29,Imperial,025,180216,27635,27442,2532,29974,704
2021-03-29,Inyo,027,18085,1377,1372,9,1381,35
2021-03-29,Kern,029,883053,95421,94098,10194,104292,1220
2021-03-29,Kings,031,150075,22778,22522,1015,23537,238
2021-03-29,Lake,033,64148,3357,3325,8,3333,43
2021-03-29,Lassen,035,31185,5143,5131,101,5232,1
2021-03-29,Los Angeles,037,10098052,1189549,1179736,39162,1218898,23108
2021-03-29,Madera,039,155013,16133,15987,876,16863,210
2021-03-29,Marin,041,260295,13675,13600,202,13802,220
2021-03-29,Mariposa,043,17540,393,388,5,393,5
2021-03-29,Mendocino,045,87422,3754,3667,74,3741,45
2021-03-29,Merced,047,269075,29817,29699,975,30674,422
2021-03-29,Modoc,049,8938,350,344,118,462,3
2021-03-29,Mono,051,14174,1235,1243,17,1260,3
2021-03-29,Monterey,053,433212,42538,42305,1736,44041,337
2021-03-29,Napa,055,140530,9418,9379,31,9410,78
2021-03-29,Nevada,057,99092,4349,4258,178,4436,68
2021-03-29,Orange,059,3164182,251327,249295,10647,259942,4713
2021-03-29,Placer,061,380077,21606,20827,1236,22063,267
2021-03-29,Plumas,063,18699,672,660,10,670,4
2021-03-29,Riverside,065,2383286,289480,282867,13516,296383,4133
2021-03-29,Sacramento,067,1510023,99010,97577,1395,98972,1514
2021-03-29,San Benito,069,59416,5859,5865,93,5958,61
2021-03-29,San Bernardino,071,2135413,289152,285615,8685,294300,4335
2021-03-29,San Diego,073,3302833,271131,269771,13542,283313,3547
2021-03-29,San Francisco,075,870044,35301,35291,1179,36470,474
2021-03-29,San Joaquin,077,732212,69766,68537,3104,71641,1211
2021-03-29,San Luis Obispo,079,281455,20513,20176,617,20793,250
2021-03-29,San Mateo,081,765935,40773,40357,427,40784,348
2021-03-29,Santa Barbara,083,443738,33394,32983,1070,34053,439
2021-03-29,Santa Clara,085,1922200,114203,114335,641,114976,1871
2021-03-29,Santa Cruz,087,273765,15854,15249,787,16036,201
2021-03-29,Shasta,089,179085,11323,11313,1348,12661,183
2021-03-29,Sierra,091,2930,55,50,12,62,0
2021-03-29,Siskiyou,093,43540,1569,1497,254,1751,6
2021-03-29,Solano,095,438530,30893,30762,407,31169,232
2021-03-29,Sonoma,097,501317,29083,29184,268,29452,310
2021-03-29,Stanislaus,099,539301,53146,52614,5531,58145,677
2021-03-29,Sutter,101,95872,9109,9105,79,9184,106
2021-03-29,Tehama,103,63373,4781,4742,506,5248,52
2021-03-29,Trinity,105,12862,478,314,81,395,3
2021-03-29,Tulare,107,460477,49283,48226,8439,56665,815
2021-03-29,Tuolumne,109,53932,3922,3969,40,4009,57
2021-03-29,Ventura,111,848112,79882,79252,2846,82098,956
2021-03-29,Yolo,113,214977,13322,13346,171,13517,195
2021-03-29,Yuba,115,75493,5720,5671,103,5774,42
2021-03-28,Alameda,001,1643700,83736,83239,1760,84999,1212
2021-03-28,Alpine,003,1148,85,85,0,85,0
2021-03-28,Amador,005,37829,3566,3541,31,3572,45
2021-03-28,Butte,007,227075,11659,11285,1684,12969,191
2021-03-28,Calaveras,009,45235,2001,1995,11,2006,50
2021-03-28,Colusa,011,21464,1889,1889,271,2160,14
2021-03-28,Contra Costa,013,1133247,65746,64878,1119,65997,767
2021-03-28,Del Norte,015,27424,1185,1107,7,1114,6
2021-03-28,El Dorado,017,186661,9452,9371,623,9994,105
2021-03-28,Fresno,019,978130,99765,99004,8144,107148,1606
2021-03-28,Glenn,021,27897,2344,2309,522,2831,17
2021-03-28,Humboldt,023,135768,3457,3452,24,3476,34
2021-03-28,Imperial,025,180216,27608,27426,2529,29955,704
2021-03-28,Inyo,027,18085,1376,1372,9,1381,35
2021-03-28,Kern,029,883053,95376,94084,10183,104267,1219
2021-03-28,Kings,031,150075,22773,22514,1012,23526,238
2021-03-28,Lake,033,64148,3352,3320,8,3328,43
2021-03-28,Lassen,035,31185,5143,5131,100,5231,1
2021-03-28,Los Angeles,037,10098052,1188997,1179316,39104,1218420,23101
2021-03-28,Madera,039,155013,16118,15973,875,16848,210
2021-03-28,Marin,041,260295,13662,13594,200,13794,221
2021-03-28,Mariposa,043,17540,393,388,5,393,5
2021-03-28,Mendocino,045,87422,3752,3666,74,3740,45
2021-03-28,Merced,047,269075,29760,29679,975,30654,422
2021-03-28,Modoc,049,8938,350,344,118,462,3
2021-03-28,Mono,051,14174,1234,1242,17,1259,3
2021-03-28,Monterey,053,433212,42515,42294,1732,44026,337
2021-03-28,Napa,055,140530,9404,9368,31,9399,78
2021-03-28,Nevada,057,99092,4335,4239,178,4417,68
2021-03-28,Orange,059,3164182,251172,249238,10637,259875,4713
2021-03-28,Placer,061,380077,21562,20796,1230,22026,267
2021-03-28,Plumas,063,18699,670,657,10,667,4
2021-03-28,Riverside,065,2383286,289366,282811,13508,296319,4132
2021-03-28,Sacramento,067,1510023,98836,97425,1389,98814,1514
2021-03-28,San Benito,069,59416,5854,5862,93,5955,61
2021-03-28,San Bernardino,071,2135413,289032,285570,8677,294247,4332
2021-03-28,San Diego,073,3302833,270855,269476,13513,282989,3547
2021-03-28,San Francisco,075,870044,35255,35286,1175,36461,474
2021-03-28,San Joaquin,077,732212,69642,68459,3085,71544,1211
2021-03-28,San Luis Obispo,079,281455,20478,20172,614,20786,250
2021-03-28,San Mateo,081,765935,40728,40305,427,40732,348
2021-03-28,Santa Barbara,083,443738,33352,32953,1069,34022,439
2021-03-28,Santa Clara,085,1922200,114103,114232,637,114869,1871
2021-03-28,Santa Cruz,087,273765,15839,15238,786,16024,201
2021-03-28,Shasta,089,179085,11297,11308,1337,12645,183
2021-03-28,Sierra,091,2930,55,50,12,62,0
2021-03-28,Siskiyou,093,43540,1569,1497,253,1750,6
2021-03-28,Solano,095,438530,30856,30719,405,31124,232
2021-03-28,Sonoma,097,501317,29047,29161,266,29427,310
2021-03-28,Stanislaus,099,539301,53058,52567,5518,58085,678
2021-03-28,Sutter,101,95872,9100,9094,79,9173,106
2021-03-28,Tehama,103,63373,4771,4740,504,5244,52
2021-03-28,Trinity,105,12862,476,314,80,394,3
2021-03-28,Tulare,107,460477,49254,48218,8433,56651,815
2021-03-28,Tuolumne,109,53932,3919,3969,39,4008,57
2021-03-28,Ventura,111,848112,79831,79222,2841,82063,956
2021-03-28,Yolo,113,214977,13305,13325,170,13495,194
2021-03-28,Yuba,115,75493,5716,5662,103,5765,42
2021-03-27,Alameda,001,1643700,83665,83169,1756,84925,1211
2021-03-27,Alpine,003,1148,85,85,0,85,0
2021-03-27,Amador,005,37829,3561,3538,31,3569,45
2021-03-27,Butte,007,227075,11652,11278,1683,12961,191
2021-03-27,Calaveras,009,45235,1998,1992,11,2003,50
2021-03-27,Colusa,011,21464,1889,1889,271,2160,14
2021-03-27,Contra Costa,013,1133247,65676,64804,1116,65920,767
2021-03-27,Del Norte,015,27424,1175,1104,7,1111,6
2021-03-27,El Dorado,017,186661,9438,9367,623,9990,105
2021-03-27,Fresno,019,978130,99712,98901,8138,107039,1606
2021-03-27,Glenn,021,27897,2343,2308,522,2830,17
2021-03-27,Humboldt,023,135768,3452,3442,24,3466,34
2021-03-27,Imperial,025,180216,27596,27406,2526,29932,704
2021-03-27,Inyo,027,18085,1374,1372,9,1381,35
2021-03-27,Kern,029,883053,95356,94041,10172,104213,1217
2021-03-27,Kings,031,150075,22770,22502,1012,23514,238
2021-03-27,Lake,033,64148,3350,3317,8,3325,43
2021-03-27,Lassen,035,31185,5143,5129,100,5229,1
2021-03-27,Los Angeles,037,10098052,1188683,1178831,39078,1217909,23103
2021-03-27,Madera,039,155013,16111,15968,873,16841,210
2021-03-27,Marin,041,260295,13657,13579,200,13779,222
2021-03-27,Mariposa,043,17540,393,386,5,391,5
2021-03-27,Mendocino,045,87422,3750,3666,74,3740,45
2021-03-27,Merced,047,269075,29727,29647,973,30620,422
2021-03-27,Modoc,049,8938,350,344,118,462,3
2021-03-27,Mono,051,14174,1232,1241,17,1258,3
2021-03-27,Monterey,053,433212,42505,42271,1732,44003,337
2021-03-27,Napa,055,140530,9392,9360,31,9391,78
2021-03-27,Nevada,057,99092,4325,4231,178,4409,68
2021-03-27,Orange,059,3164182,251077,249160,10621,259781,4698
2021-03-27,Placer,061,380077,21542,20717,1223,21940,267
2021-03-27,Plumas,063,18699,669,655,10,665,4
2021-03-27,Riverside,065,2383286,289304,282707,13500,296207,4132
2021-03-27,Sacramento,067,1510023,98746,97247,1387,98634,1513
2021-03-27,San Benito,069,59416,5852,5862,91,5953,61
2021-03-27,San Bernardino,071,2135413,288970,285480,8676,294156,4325
2021-03-27,San Diego,073,3302833,270684,269271,13491,282762,3540
2021-03-27,San Francisco,075,870044,35232,35244,1173,36417,474
2021-03-27,San Joaquin,077,732212,69582,68365,3077,71442,1211
2021-03-27,San Luis Obispo,079,281455,20467,20153,611,20764,250
2021-03-27,San Mateo,081,765935,40705,40264,427,40691,348
2021-03-27,Santa Barbara,083,443738,33329,32921,1069,33990,439
2021-03-27,Santa Clara,085,1922200,114007,114124,635,114759,1871
2021-03-27,Santa Cruz,087,273765,15833,15215,786,16001,201
2021-03-27,Shasta,089,179085,11286,11288,1335,12623,183
2021-03-27,Sierra,091,2930,55,50,12,62,0
2021-03-27,Siskiyou,093,43540,1569,1497,253,1750,6
2021-03-27,Solano,095,438530,30828,30669,404,31073,232
2021-03-27,Sonoma,097,501317,29032,29133,264,29397,310
2021-03-27,Stanislaus,099,539301,52993,52497,5510,58007,678
2021-03-27,Sutter,101,95872,9093,9093,79,9172,106
2021-03-27,Tehama,103,63373,4765,4738,502,5240,52
2021-03-27,Trinity,105,12862,476,313,80,393,3
2021-03-27,Tulare,107,460477,49238,48203,8426,56629,813
2021-03-27,Tuolumne,109,53932,3916,3968,39,4007,57
2021-03-27,Ventura,111,848112,79804,79184,2839,82023,956
2021-03-27,Yolo,113,214977,13300,13317,169,13486,194
2021-03-27,Yuba,115,75493,5714,5657,103,5760,42
2021-03-26,Alameda,001,1643700,83603,83043,1754,84797,1208
2021-03-26,Alpine,003,1148,85,85,0,85,0
2021-03-26,Amador,005,37829,3556,3532,31,3563,45
2021-03-26,Butte,007,227075,11641,11278,1683,12961,191
2021-03-26,Calaveras,009,45235,1995,1989,11,2000,50
2021-03-26,Colusa,011,21464,1889,1889,271,2160,14
2021-03-26,Contra Costa,013,1133247,65616,64699,1113,65812,761
2021-03-26,Del Norte,015,27424,1172,1101,7,1108,6
2021-03-26,El Dorado,017,186661,9433,9353,623,9976,105
2021-03-26,Fresno,019,978130,99650,98731,8128,106859,1601
2021-03-26,Glenn,021,27897,2343,2307,521,2828,17
2021-03-26,Humboldt,023,135768,3450,3431,24,3455,34
2021-03-26,Imperial,025,180216,27572,27374,2526,29900,701
2021-03-26,Inyo,027,18085,1373,1369,9,1378,35
2021-03-26,Kern,029,883053,95330,93949,10166,104115,1211
2021-03-26,Kings,031,150075,22762,22493,1010,23503,239
2021-03-26,Lake,033,64148,3349,3314,8,3322,43
2021-03-26,Lassen,035,31185,5142,5131,100,5231,1
2021-03-26,Los Angeles,037,10098052,1188347,1178213,39065,1217278,23080
2021-03-26,Madera,039,155013,16101,15952,873,16825,210
2021-03-26,Marin,041,260295,13651,13553,195,13748,221
2021-03-26,Mariposa,043,17540,393,386,5,391,5
2021-03-26,Mendocino,045,87422,3749,3664,74,3738,45
2021-03-26,Merced,047,269075,29704,29613,972,30585,419
2021-03-26,Modoc,049,8938,350,344,118,462,3
2021-03-26,Mono,051,14174,1231,1236,17,1253,3
2021-03-26,Monterey,053,433212,42492,42241,1728,43969,338
2021-03-26,Napa,055,140530,9382,9349,31,9380,78
2021-03-26,Nevada,057,99092,4305,4222,178,4400,83
2021-03-26,Orange,059,3164182,251014,248995,10607,259602,4671
2021-03-26,Placer,061,380077,21516,20679,1222,21901,259
2021-03-26,Plumas,063,18699,668,654,10,664,4
2021-03-26,Riverside,065,2383286,289226,282602,13494,296096,4109
2021-03-26,Sacramento,067,1510023,98645,97040,1382,98422,1509
2021-03-26,San Benito,069,59416,5849,5855,91,5946,61
2021-03-26,San Bernardino,071,2135413,288914,285313,8674,293987,4288
2021-03-26,San Diego,073,3302833,270506,269045,13465,282510,3525
2021-03-26,San Francisco,075,870044,35206,35186,1173,36359,472
2021-03-26,San Joaquin,077,732212,69519,68249,3073,71322,1202
2021-03-26,San Luis Obispo,079,281455,20454,20118,611,20729,250
2021-03-26,San Mateo,081,765935,40670,40199,427,40626,348
2021-03-26,Santa Barbara,083,443738,33299,32895,1068,33963,439
2021-03-26,Santa Clara,085,1922200,113909,113959,634,114593,1868
2021-03-26,Santa Cruz,087,273765,15818,15199,785,15984,201
2021-03-26,Shasta,089,179085,11277,11276,1329,12605,182
2021-03-26,Sierra,091,2930,55,50,12,62,0
2021-03-26,Siskiyou,093,43540,1569,1493,252,1745,6
2021-03-26,Solano,095,438530,30803,30640,404,31044,205
2021-03-26,Sonoma,097,501317,29016,29101,261,29362,310
2021-03-26,Stanislaus,099,539301,52925,52420,5506,57926,678
2021-03-26,Sutter,101,95872,9090,9082,79,9161,104
2021-03-26,Tehama,103,63373,4764,4722,501,5223,51
2021-03-26,Trinity,105,12862,476,311,80,391,3
2021-03-26,Tulare,107,460477,49223,48179,8419,56598,813
2021-03-26,Tuolumne,109,53932,3915,3965,39,4004,57
2021-03-26,Ventura,111,848112,79770,79122,2837,81959,953
2021-03-26,Yolo,113,214977,13293,13299,167,13466,194
2021-03-26,Yuba,115,75493,5704,5653,103,5756,42
2021-03-25,Alameda,001,1643700,83509,82945,1752,84697,1206
2021-03-25,Alpine,003,1148,85,84,0,84,0
2021-03-25,Amador,005,37829,3554,3530,31,3561,45
2021-03-25,Butte,007,227075,11631,11270,1683,12953,188
2021-03-25,Calaveras,009,45235,1994,1982,11,1993,50
2021-03-25,Colusa,011,21464,1889,1888,271,2159,14
2021-03-25,Contra Costa,013,1133247,65549,64606,1110,65716,757
2021-03-25,Del Norte,015,27424,1166,1095,7,1102,6
2021-03-25,El Dorado,017,186661,9423,9331,623,9954,105
2021-03-25,Fresno,019,978130,99532,98602,8115,106717,1593
2021-03-25,Glenn,021,27897,2342,2302,520,2822,17
2021-03-25,Humboldt,023,135768,3445,3423,24,3447,34
2021-03-25,Imperial,025,180216,27556,27352,2525,29877,699
2021-03-25,Inyo,027,18085,1373,1369,9,1378,35
2021-03-25,Kern,029,883053,95298,93857,10161,104018,1206
2021-03-25,Kings,031,150075,22752,22472,1010,23482,237
2021-03-25,Lake,033,64148,3344,3312,8,3320,43
2021-03-25,Lassen,035,31185,5142,5129,100,5229,1
2021-03-25,Los Angeles,037,10098052,1187909,1177490,39032,1216522,23051
2021-03-25,Madera,039,155013,16082,15937,871,16808,210
2021-03-25,Marin,041,260295,13641,13538,192,13730,219
2021-03-25,Mariposa,043,17540,393,386,5,391,5
2021-03-25,Mendocino,045,87422,3748,3664,74,3738,45
2021-03-25,Merced,047,269075,29670,29576,965,30541,416
2021-03-25,Modoc,049,8938,350,343,118,461,3
2021-03-25,Mono,051,14174,1231,1235,17,1252,3
2021-03-25,Monterey,053,433212,42471,42220,1723,43943,336
2021-03-25,Napa,055,140530,9363,9321,31,9352,78
2021-03-25,Nevada,057,99092,4287,4202,176,4378,84
2021-03-25,Orange,059,3164182,250900,248871,10587,259458,4655
2021-03-25,Placer,061,380077,21475,20639,1215,21854,252
2021-03-25,Plumas,063,18699,668,654,10,664,4
2021-03-25,Riverside,065,2383286,289129,282492,13483,295975,4078
2021-03-25,Sacramento,067,1510023,98499,96823,1380,98203,1505
2021-03-25,San Benito,069,59416,5846,5850,91,5941,61
2021-03-25,San Bernardino,071,2135413,288833,285134,8669,293803,4222
2021-03-25,San Diego,073,3302833,270278,268623,13434,282057,3520
2021-03-25,San Francisco,075,870044,35166,35154,1171,36325,468
2021-03-25,San Joaquin,077,732212,69422,68089,3035,71124,1196
2021-03-25,San Luis Obispo,079,281455,20436,20076,611,20687,250
2021-03-25,San Mateo,081,765935,40630,40147,427,40574,348
2021-03-25,Santa Barbara,083,443738,33272,32857,1068,33925,439
2021-03-25,Santa Clara,085,1922200,113805,113877,632,114509,1868
2021-03-25,Santa Cruz,087,273765,15797,15170,785,15955,201
2021-03-25,Shasta,089,179085,11260,11262,1326,12588,181
2021-03-25,Sierra,091,2930,55,50,12,62,0
2021-03-25,Siskiyou,093,43540,1567,1491,251,1742,6
2021-03-25,Solano,095,438530,30742,30583,402,30985,193
2021-03-25,Sonoma,097,501317,28982,29060,257,29317,310
2021-03-25,Stanislaus,099,539301,52858,52321,5499,57820,678
2021-03-25,Sutter,101,95872,9081,9069,79,9148,104
2021-03-25,Tehama,103,63373,4762,4719,500,5219,52
2021-03-25,Trinity,105,12862,476,310,80,390,3
2021-03-25,Tulare,107,460477,49196,48148,8407,56555,811
2021-03-25,Tuolumne,109,53932,3914,3962,39,4001,57
2021-03-25,Ventura,111,848112,79729,79045,2833,81878,952
2021-03-25,Yolo,113,214977,13287,13287,167,13454,194
2021-03-25,Yuba,115,75493,5698,5647,97,5744,42
2021-03-24,Alameda,001,1643700,83416,82871,1749,84620,1199
2021-03-24,Alpine,003,1148,85,84,0,84,0
2021-03-24,Amador,005,37829,3548,3529,31,3560,45
2021-03-24,Butte,007,227075,11621,11252,1679,12931,187
2021-03-24,Calaveras,009,45235,1991,1975,11,1986,50
2021-03-24,Colusa,011,21464,1889,1886,271,2157,14
2021-03-24,Contra Costa,013,1133247,65469,64539,1109,65648,755
2021-03-24,Del Norte,015,27424,1161,1087,7,1094,6
2021-03-24,El Dorado,017,186661,9417,9319,622,9941,105
2021-03-24,Fresno,019,978130,99442,98437,8100,106537,1585
2021-03-24,Glenn,021,27897,2341,2297,519,2816,17
2021-03-24,Humboldt,023,135768,3442,3414,24,3438,34
2021-03-24,Imperial,025,180216,27547,27325,2525,29850,699
2021-03-24,Inyo,027,18085,1373,1368,9,1377,35
2021-03-24,Kern,029,883053,95250,93800,10152,103952,1198
2021-03-24,Kings,031,150075,22737,22456,1008,23464,237
2021-03-24,Lake,033,64148,3340,3307,8,3315,43
2021-03-24,Lassen,035,31185,5140,5130,99,5229,1
2021-03-24,Los Angeles,037,10098052,1187422,1177015,38999,1216014,22993
2021-03-24,Madera,039,155013,16073,15918,870,16788,210
2021-03-24,Marin,041,260295,13627,13526,190,13716,219
2021-03-24,Mariposa,043,17540,393,384,5,389,5
2021-03-24,Mendocino,045,87422,3745,3660,74,3734,45
2021-03-24,Merced,047,269075,29629,29525,965,30490,415
2021-03-24,Modoc,049,8938,349,341,118,459,3
2021-03-24,Mono,051,14174,1230,1243,17,1260,3
2021-03-24,Monterey,053,433212,42449,42201,1720,43921,335
2021-03-24,Napa,055,140530,9343,9310,31,9341,78
2021-03-24,Nevada,057,99092,4272,4191,175,4366,85
2021-03-24,Orange,059,3164182,250787,248775,10569,259344,4638
2021-03-24,Placer,061,380077,21445,20606,1207,21813,250
2021-03-24,Plumas,063,18699,666,652,10,662,4
2021-03-24,Riverside,065,2383286,289045,282410,13480,295890,4058
2021-03-24,Sacramento,067,1510023,98324,96628,1369,97997,1500
2021-03-24,San Benito,069,59416,5845,5847,91,5938,61
2021-03-24,San Bernardino,071,2135413,288746,284983,8667,293650,4170
2021-03-24,San Diego,073,3302833,270064,268413,13406,281819,3509
2021-03-24,San Francisco,075,870044,35139,35103,1168,36271,462
2021-03-24,San Joaquin,077,732212,69351,67978,3023,71001,1196
2021-03-24,San Luis Obispo,079,281455,20406,20021,610,20631,250
2021-03-24,San Mateo,081,765935,40580,40083,427,40510,348
2021-03-24,Santa Barbara,083,443738,33244,32810,1068,33878,438
2021-03-24,Santa Clara,085,1922200,113689,113757,629,114386,1851
2021-03-24,Santa Cruz,087,273765,15783,15138,784,15922,202
2021-03-24,Shasta,089,179085,11241,11243,1324,12567,181
2021-03-24,Sierra,091,2930,55,50,12,62,0
2021-03-24,Siskiyou,093,43540,1565,1490,251,1741,6
2021-03-24,Solano,095,438530,30705,30552,401,30953,178
2021-03-24,Sonoma,097,501317,28962,29034,253,29287,310
2021-03-24,Stanislaus,099,539301,52782,52259,5490,57749,677
2021-03-24,Sutter,101,95872,9065,9049,79,9128,104
2021-03-24,Tehama,103,63373,4756,4719,499,5218,49
2021-03-24,Trinity,105,12862,475,310,80,390,3
2021-03-24,Tulare,107,460477,49185,48109,8394,56503,808
2021-03-24,Tuolumne,109,53932,3912,3961,39,4000,57
2021-03-24,Ventura,111,848112,79677,78993,2826,81819,944
2021-03-24,Yolo,113,214977,13275,13269,167,13436,194
2021-03-24,Yuba,115,75493,5692,5634,94,5728,42
2021-03-23,Alameda,001,1643700,83314,82799,1745,84544,1190
2021-03-23,Alpine,003,1148,85,84,0,84,0
2021-03-23,Amador,005,37829,3542,3524,31,3555,45
2021-03-23,Butte,007,227075,11609,11227,1678,12905,187
2021-03-23,Calaveras,009,45235,1989,1971,11,1982,50
2021-03-23,Colusa,011,21464,1887,1885,270,2155,14
2021-03-23,Contra Costa,013,1133247,65369,64491,1108,65599,750
2021-03-23,Del Norte,015,27424,1156,1082,7,1089,6
2021-03-23,El Dorado,017,186661,9407,9318,619,9937,105
2021-03-23,Fresno,019,978130,99327,98362,8076,106438,1575
2021-03-23,Glenn,021,27897,2336,2293,517,2810,17
2021-03-23,Humboldt,023,135768,3433,3405,24,3429,34
2021-03-23,Imperial,025,180216,27539,27320,2525,29845,699
2021-03-23,Inyo,027,18085,1371,1364,9,1373,35
2021-03-23,Kern,029,883053,95143,93728,10145,103873,1191
2021-03-23,Kings,031,150075,22726,22439,1006,23445,237
2021-03-23,Lake,033,64148,3338,3294,8,3302,43
2021-03-23,Lassen,035,31185,5140,5130,99,5229,1
2021-03-23,Los Angeles,037,10098052,1186901,1176572,38962,1215534,22904
2021-03-23,Madera,039,155013,16057,15908,869,16777,210
2021-03-23,Marin,041,260295,13604,13514,188,13702,221
2021-03-23,Mariposa,043,17540,392,384,5,389,5
2021-03-23,Mendocino,045,87422,3743,3652,74,3726,45
2021-03-23,Merced,047,269075,29596,29485,965,30450,415
2021-03-23,Modoc,049,8938,348,342,118,460,3
2021-03-23,Mono,051,14174,1229,1263,17,1280,3
2021-03-23,Monterey,053,433212,42438,42180,1718,43898,335
2021-03-23,Napa,055,140530,9318,9299,31,9330,78
2021-03-23,Nevada,057,99092,4253,4179,174,4353,89
2021-03-23,Orange,059,3164182,250661,248661,10551,259212,4626
2021-03-23,Placer,061,380077,21410,20567,1203,21770,248
2021-03-23,Plumas,063,18699,666,652,10,662,4
2021-03-23,Riverside,065,2383286,288945,282317,13474,295791,4035
2021-03-23,Sacramento,067,1510023,98132,96521,1365,97886,1496
2021-03-23,San Benito,069,59416,5840,5845,90,5935,61
2021-03-23,San Bernardino,071,2135413,288661,284875,8659,293534,4134
2021-03-23,San Diego,073,3302833,269819,268156,13374,281530,3498
2021-03-23,San Francisco,075,870044,35081,35071,1163,36234,462
2021-03-23,San Joaquin,077,732212,69255,67903,3005,70908,1182
2021-03-23,San Luis Obispo,079,281455,20366,20009,609,20618,250
2021-03-23,San Mateo,081,765935,40524,40032,426,40458,348
2021-03-23,Santa Barbara,083,443738,33206,32771,1067,33838,438
2021-03-23,Santa Clara,085,1922200,113573,113645,626,114271,1848
2021-03-23,Santa Cruz,087,273765,15768,15106,784,15890,201
2021-03-23,Shasta,089,179085,11228,11234,1323,12557,175
2021-03-23,Sierra,091,2930,55,50,12,62,0
2021-03-23,Siskiyou,093,43540,1560,1485,249,1734,6
2021-03-23,Solano,095,438530,30664,30524,400,30924,178
2021-03-23,Sonoma,097,501317,28925,29020,252,29272,310
2021-03-23,Stanislaus,099,539301,52683,52148,5483,57631,677
2021-03-23,Sutter,101,95872,9057,9039,79,9118,104
2021-03-23,Tehama,103,63373,4747,4707,498,5205,46
2021-03-23,Trinity,105,12862,475,310,80,390,3
2021-03-23,Tulare,107,460477,49158,48095,8378,56473,808
2021-03-23,Tuolumne,109,53932,3909,3957,39,3996,57
2021-03-23,Ventura,111,848112,79616,78930,2823,81753,932
2021-03-23,Yolo,113,214977,13264,13255,167,13422,194
2021-03-23,Yuba,115,75493,5687,5628,94,5722,42
2021-03-22,Alameda,001,1643700,83223,82748,1740,84488,1189
2021-03-22,Alpine,003,1148,84,83,0,83,0
2021-03-22,Amador,005,37829,3534,3522,31,3553,44
2021-03-22,Butte,007,227075,11600,11211,1676,12887,185
2021-03-22,Calaveras,009,45235,1985,1963,11,1974,49
2021-03-22,Colusa,011,21464,1885,1885,270,2155,13
2021-03-22,Contra Costa,013,1133247,65274,64432,1106,65538,740
2021-03-22,Del Norte,015,27424,1150,1082,7,1089,6
2021-03-22,El Dorado,017,186661,9391,9310,615,9925,105
2021-03-22,Fresno,019,978130,99229,98276,8064,106340,1556
2021-03-22,Glenn,021,27897,2328,2291,517,2808,17
2021-03-22,Humboldt,023,135768,3428,3403,24,3427,34
2021-03-22,Imperial,025,180216,27524,27302,2522,29824,699
2021-03-22,Inyo,027,18085,1368,1363,9,1372,35
2021-03-22,Kern,029,883053,95072,93675,10129,103804,1178
2021-03-22,Kings,031,150075,22713,22433,1001,23434,236
2021-03-22,Lake,033,64148,3337,3290,8,3298,43
2021-03-22,Lassen,035,31185,5138,5129,99,5228,1
2021-03-22,Los Angeles,037,10098052,1186384,1176205,38932,1215137,22843
2021-03-22,Madera,039,155013,16042,15904,869,16773,210
2021-03-22,Marin,041,260295,13595,13501,187,13688,221
2021-03-22,Mariposa,043,17540,391,381,5,386,5
2021-03-22,Mendocino,045,87422,3741,3653,74,3727,45
2021-03-22,Merced,047,269075,29553,29468,962,30430,413
2021-03-22,Modoc,049,8938,346,342,118,460,3
2021-03-22,Mono,051,14174,1224,1263,17,1280,3
2021-03-22,Monterey,053,433212,42422,42161,1716,43877,335
2021-03-22,Napa,055,140530,9307,9288,31,9319,77
2021-03-22,Nevada,057,99092,4243,4174,170,4344,89
2021-03-22,Orange,059,3164182,250512,248517,10517,259034,4599
2021-03-22,Placer,061,380077,21375,20543,1198,21741,242
2021-03-22,Plumas,063,18699,666,652,10,662,4
2021-03-22,Riverside,065,2383286,288845,282242,13463,295705,4009
2021-03-22,Sacramento,067,1510023,97954,96385,1355,97740,1493
2021-03-22,San Benito,069,59416,5837,5844,89,5933,61
2021-03-22,San Bernardino,071,2135413,288573,284771,8647,293418,4107
2021-03-22,San Diego,073,3302833,269607,267913,13354,281267,3494
2021-03-22,San Francisco,075,870044,35039,35040,1159,36199,462
2021-03-22,San Joaquin,077,732212,69163,67815,2988,70803,1182
2021-03-22,San Luis Obispo,079,281455,20342,20000,608,20608,250
2021-03-22,San Mateo,081,765935,40473,40024,425,40449,348
2021-03-22,Santa Barbara,083,443738,33161,32756,1065,33821,437
2021-03-22,Santa Clara,085,1922200,113453,113575,626,114201,1845
2021-03-22,Santa Cruz,087,273765,15756,15077,783,15860,201
2021-03-22,Shasta,089,179085,11214,11218,1322,12540,150
2021-03-22,Sierra,091,2930,55,50,12,62,0
2021-03-22,Siskiyou,093,43540,1559,1487,248,1735,5
2021-03-22,Solano,095,438530,30624,30490,396,30886,171
2021-03-22,Sonoma,097,501317,28896,29010,248,29258,310
2021-03-22,Stanislaus,099,539301,52599,52083,5478,57561,677
2021-03-22,Sutter,101,95872,9044,9024,79,9103,104
2021-03-22,Tehama,103,63373,4739,4704,498,5202,45
2021-03-22,Trinity,105,12862,475,310,80,390,3
2021-03-22,Tulare,107,460477,49143,48074,8358,56432,807
2021-03-22,Tuolumne,109,53932,3906,3954,39,3993,57
2021-03-22,Ventura,111,848112,79570,78890,2820,81710,927
2021-03-22,Yolo,113,214977,13252,13243,166,13409,190
2021-03-22,Yuba,115,75493,5676,5627,92,5719,42
2021-03-21,Alameda,001,1643700,83136,82684,1737,84421,1187
2021-03-21,Alpine,003,1148,84,83,0,83,0
2021-03-21,Amador,005,37829,3530,3519,31,3550,44
2021-03-21,Butte,007,227075,11584,11208,1671,12879,185
2021-03-21,Calaveras,009,45235,1979,1962,11,1973,49
2021-03-21,Colusa,011,21464,1885,1885,270,2155,13
2021-03-21,Contra Costa,013,1133247,65192,64382,1102,65484,740
2021-03-21,Del Norte,015,27424,1135,1076,7,1083,6
2021-03-21,El Dorado,017,186661,9381,9302,610,9912,105
2021-03-21,Fresno,019,978130,99114,98211,8041,106252,1556
2021-03-21,Glenn,021,27897,2325,2288,516,2804,17
2021-03-21,Humboldt,023,135768,3423,3402,24,3426,34
2021-03-21,Imperial,025,180216,27507,27267,2517,29784,699
2021-03-21,Inyo,027,18085,1368,1363,9,1372,35
2021-03-21,Kern,029,883053,95006,93649,10120,103769,1170
2021-03-21,Kings,031,150075,22696,22422,1001,23423,236
2021-03-21,Lake,033,64148,3333,3286,8,3294,43
2021-03-21,Lassen,035,31185,5138,5129,99,5228,1
2021-03-21,Los Angeles,037,10098052,1185848,1175684,38885,1214569,22834
2021-03-21,Madera,039,155013,16022,15895,867,16762,210
2021-03-21,Marin,041,260295,13579,13495,186,13681,220
2021-03-21,Mariposa,043,17540,391,381,5,386,5
2021-03-21,Mendocino,045,87422,3738,3651,74,3725,45
2021-03-21,Merced,047,269075,29493,29446,956,30402,413
2021-03-21,Modoc,049,8938,346,341,118,459,3
2021-03-21,Mono,051,14174,1219,1263,17,1280,3
2021-03-21,Monterey,053,433212,42397,42153,1713,43866,335
2021-03-21,Napa,055,140530,9286,9282,31,9313,77
2021-03-21,Nevada,057,99092,4230,4169,170,4339,89
2021-03-21,Orange,059,3164182,250379,248442,10490,258932,4598
2021-03-21,Placer,061,380077,21339,20520,1190,21710,242
2021-03-21,Plumas,063,18699,666,653,10,663,4
2021-03-21,Riverside,065,2383286,288737,282187,13452,295639,4009
2021-03-21,Sacramento,067,1510023,97760,96269,1348,97617,1489
2021-03-21,San Benito,069,59416,5831,5842,89,5931,61
2021-03-21,San Bernardino,071,2135413,288483,284732,8641,293373,4094
2021-03-21,San Diego,073,3302833,269347,267724,13328,281052,3494
2021-03-21,San Francisco,075,870044,34992,35012,1153,36165,460
2021-03-21,San Joaquin,077,732212,69041,67729,2970,70699,1182
2021-03-21,San Luis Obispo,079,281455,20310,19979,606,20585,250
2021-03-21,San Mateo,081,765935,40428,39988,424,40412,344
2021-03-21,Santa Barbara,083,443738,33122,32743,1064,33807,437
2021-03-21,Santa Clara,085,1922200,113324,113487,623,114110,1840
2021-03-21,Santa Cruz,087,273765,15749,15064,783,15847,199
2021-03-21,Shasta,089,179085,11194,11215,1321,12536,150
2021-03-21,Sierra,091,2930,55,50,12,62,0
2021-03-21,Siskiyou,093,43540,1559,1486,247,1733,5
2021-03-21,Solano,095,438530,30585,30474,393,30867,171
2021-03-21,Sonoma,097,501317,28867,28986,247,29233,310
2021-03-21,Stanislaus,099,539301,52509,52014,5476,57490,677
2021-03-21,Sutter,101,95872,9031,9021,79,9100,104
2021-03-21,Tehama,103,63373,4735,4701,498,5199,45
2021-03-21,Trinity,105,12862,473,310,80,390,3
2021-03-21,Tulare,107,460477,49127,48060,8346,56406,807
2021-03-21,Tuolumne,109,53932,3904,3953,39,3992,57
2021-03-21,Ventura,111,848112,79507,78863,2815,81678,927
2021-03-21,Yolo,113,214977,13230,13235,166,13401,190
2021-03-21,Yuba,115,75493,5666,5624,92,5716,42
2021-03-20,Alameda,001,1643700,83068,82614,1735,84349,1178
2021-03-20,Alpine,003,1148,84,83,0,83,0
2021-03-20,Amador,005,37829,3528,3518,31,3549,44
2021-03-20,Butte,007,227075,11578,11199,1669,12868,185
2021-03-20,Calaveras,009,45235,1975,1961,11,1972,49
2021-03-20,Colusa,011,21464,1885,1883,270,2153,12
2021-03-20,Contra Costa,013,1133247,65132,64313,1102,65415,713
2021-03-20,Del Norte,015,27424,1134,1075,7,1082,6
2021-03-20,El Dorado,017,186661,9375,9290,610,9900,105
2021-03-20,Fresno,019,978130,99054,98112,8034,106146,1532
2021-03-20,Glenn,021,27897,2324,2288,514,2802,17
2021-03-20,Humboldt,023,135768,3416,3399,24,3423,33
2021-03-20,Imperial,025,180216,27501,27239,2515,29754,695
2021-03-20,Inyo,027,18085,1368,1362,9,1371,35
2021-03-20,Kern,029,883053,94977,93606,10116,103722,1155
2021-03-20,Kings,031,150075,22691,22415,1000,23415,236
2021-03-20,Lake,033,64148,3329,3280,8,3288,43
2021-03-20,Lassen,035,31185,5138,5128,99,5227,1
2021-03-20,Los Angeles,037,10098052,1185549,1175290,38861,1214151,22810
2021-03-20,Madera,039,155013,16014,15891,866,16757,210
2021-03-20,Marin,041,260295,13567,13470,182,13652,220
2021-03-20,Mariposa,043,17540,390,381,5,386,5
2021-03-20,Mendocino,045,87422,3737,3639,74,3713,43
2021-03-20,Merced,047,269075,29462,29411,953,30364,412
2021-03-20,Modoc,049,8938,345,341,118,459,3
2021-03-20,Mono,051,14174,1219,1256,17,1273,3
2021-03-20,Monterey,053,433212,42388,42146,1712,43858,334
2021-03-20,Napa,055,140530,9278,9274,31,9305,77
2021-03-20,Nevada,057,99092,4219,4164,169,4333,89
2021-03-20,Orange,059,3164182,250298,248348,10480,258828,4522
2021-03-20,Placer,061,380077,21316,20505,1188,21693,242
2021-03-20,Plumas,063,18699,663,652,10,662,4
2021-03-20,Riverside,065,2383286,288662,282081,13448,295529,4000
2021-03-20,Sacramento,067,1510023,97649,96126,1345,97471,1488
2021-03-20,San Benito,069,59416,5827,5840,89,5929,61
2021-03-20,San Bernardino,071,2135413,288417,284690,8637,293327,3965
2021-03-20,San Diego,073,3302833,269176,267532,13321,280853,3493
2021-03-20,San Francisco,075,870044,34969,34968,1146,36114,453
2021-03-20,San Joaquin,077,732212,69000,67662,2963,70625,1161
2021-03-20,San Luis Obispo,079,281455,20294,19951,600,20551,250
2021-03-20,San Mateo,081,765935,40394,39958,423,40381,344
2021-03-20,Santa Barbara,083,443738,33097,32723,1063,33786,434
2021-03-20,Santa Clara,085,1922200,113232,113384,622,114006,1799
2021-03-20,Santa Cruz,087,273765,15733,15053,783,15836,199
2021-03-20,Shasta,089,179085,11188,11211,1321,12532,147
2021-03-20,Sierra,091,2930,55,50,12,62,0
2021-03-20,Siskiyou,093,43540,1559,1483,247,1730,5
2021-03-20,Solano,095,438530,30555,30439,393,30832,170
2021-03-20,Sonoma,097,501317,28852,28962,247,29209,309
2021-03-20,Stanislaus,099,539301,52453,51925,5469,57394,673
2021-03-20,Sutter,101,95872,9023,9014,79,9093,103
2021-03-20,Tehama,103,63373,4730,4696,496,5192,33
2021-03-20,Trinity,105,12862,472,310,80,390,3
2021-03-20,Tulare,107,460477,49112,48030,8329,56359,804
2021-03-20,Tuolumne,109,53932,3901,3950,39,3989,57
2021-03-20,Ventura,111,848112,79472,78818,2813,81631,922
2021-03-20,Yolo,113,214977,13226,13226,166,13392,190
2021-03-20,Yuba,115,75493,5663,5621,91,5712,42
2021-03-19,Alameda,001,1643700,82996,82499,1734,84233,1187
2021-03-19,Alpine,003,1148,83,82,0,82,0
2021-03-19,Amador,005,37829,3525,3515,31,3546,44
2021-03-19,Butte,007,227075,11570,11191,1666,12857,185
2021-03-19,Calaveras,009,45235,1974,1957,11,1968,49
2021-03-19,Colusa,011,21464,1884,1883,270,2153,12
2021-03-19,Contra Costa,013,1133247,65073,64195,1099,65294,737
2021-03-19,Del Norte,015,27424,1128,1071,5,1076,6
2021-03-19,El Dorado,017,186661,9366,9274,610,9884,105
2021-03-19,Fresno,019,978130,98970,97969,8021,105990,1527
2021-03-19,Glenn,021,27897,2324,2282,514,2796,17
2021-03-19,Humboldt,023,135768,3407,3388,24,3412,33
2021-03-19,Imperial,025,180216,27489,27218,2512,29730,695
2021-03-19,Inyo,027,18085,1366,1356,9,1365,35
2021-03-19,Kern,029,883053,94944,93534,10103,103637,1152
2021-03-19,Kings,031,150075,22682,22369,997,23366,235
2021-03-19,Lake,033,64148,3323,3262,8,3270,43
2021-03-19,Lassen,035,31185,5138,5126,99,5225,1
2021-03-19,Los Angeles,037,10098052,1185209,1174818,38844,1213662,22752
2021-03-19,Madera,039,155013,16007,15877,865,16742,210
2021-03-19,Marin,041,260295,13555,13441,182,13623,220
2021-03-19,Mariposa,043,17540,389,380,5,385,5
2021-03-19,Mendocino,045,87422,3736,3639,74,3713,45
2021-03-19,Merced,047,269075,29435,29376,951,30327,412
2021-03-19,Modoc,049,8938,345,341,118,459,3
2021-03-19,Mono,051,14174,1217,1244,17,1261,3
2021-03-19,Monterey,053,433212,42379,42125,1710,43835,335
2021-03-19,Napa,055,140530,9266,9256,31,9287,77
2021-03-19,Nevada,057,99092,4208,4156,169,4325,88
2021-03-19,Orange,059,3164182,250198,248146,10471,258617,4501
2021-03-19,Placer,061,380077,21298,20451,1186,21637,242
2021-03-19,Plumas,063,18699,663,650,10,660,4
2021-03-19,Riverside,065,2383286,288579,281937,13443,295380,3989
2021-03-19,Sacramento,067,1510023,97546,95934,1342,97276,1486
2021-03-19,San Benito,069,59416,5827,5845,89,5934,61
2021-03-19,San Bernardino,071,2135413,288346,284501,8635,293136,4017
2021-03-19,San Diego,073,3302833,269041,267173,13311,280484,3491
2021-03-19,San Francisco,075,870044,34924,34936,1143,36079,461
2021-03-19,San Joaquin,077,732212,68930,67515,2949,70464,1180
2021-03-19,San Luis Obispo,079,281455,20274,19913,598,20511,249
2021-03-19,San Mateo,081,765935,40370,39893,423,40316,344
2021-03-19,Santa Barbara,083,443738,33067,32685,1062,33747,435
2021-03-19,Santa Clara,085,1922200,113157,113232,621,113853,1797
2021-03-19,Santa Cruz,087,273765,15726,15026,783,15809,199
2021-03-19,Shasta,089,179085,11181,11104,1319,12423,103
2021-03-19,Sierra,091,2930,54,49,12,61,0
2021-03-19,Siskiyou,093,43540,1559,1480,246,1726,5
2021-03-19,Solano,095,438530,30525,30395,391,30786,172
2021-03-19,Sonoma,097,501317,28831,28932,245,29177,292
2021-03-19,Stanislaus,099,539301,52395,51755,5466,57221,679
2021-03-19,Sutter,101,95872,9021,9005,79,9084,103
2021-03-19,Tehama,103,63373,4723,4685,496,5181,33
2021-03-19,Trinity,105,12862,472,310,80,390,3
2021-03-19,Tulare,107,460477,49089,47989,8306,56295,805
2021-03-19,Tuolumne,109,53932,3898,3946,39,3985,57
2021-03-19,Ventura,111,848112,79439,78753,2809,81562,920
2021-03-19,Yolo,113,214977,13218,13197,166,13363,189
2021-03-19,Yuba,115,75493,5660,5615,90,5705,42
2021-03-18,Alameda,001,1643700,82915,82419,1731,84150,1189
2021-03-18,Alpine,003,1148,83,82,0,82,0
2021-03-18,Amador,005,37829,3521,3513,31,3544,44
2021-03-18,Butte,007,227075,11559,11179,1664,12843,185
2021-03-18,Calaveras,009,45235,1972,1954,11,1965,49
2021-03-18,Colusa,011,21464,1884,1882,270,2152,12
2021-03-18,Contra Costa,013,1133247,65000,64103,1096,65199,739
2021-03-18,Del Norte,015,27424,1119,1059,5,1064,6
2021-03-18,El Dorado,017,186661,9353,9261,609,9870,105
2021-03-18,Fresno,019,978130,98873,97856,8006,105862,1527
2021-03-18,Glenn,021,27897,2320,2275,513,2788,17
2021-03-18,Humboldt,023,135768,3399,3381,24,3405,34
2021-03-18,Imperial,025,180216,27474,27190,2507,29697,695
2021-03-18,Inyo,027,18085,1363,1354,9,1363,35
2021-03-18,Kern,029,883053,94887,93458,10089,103547,1158
2021-03-18,Kings,031,150075,22675,22354,996,23350,235
2021-03-18,Lake,033,64148,3320,3260,8,3268,43
2021-03-18,Lassen,035,31185,5137,5126,99,5225,1
2021-03-18,Los Angeles,037,10098052,1184776,1174205,38816,1213021,22689
2021-03-18,Madera,039,155013,15995,15860,862,16722,211
2021-03-18,Marin,041,260295,13537,13435,181,13616,219
2021-03-18,Mariposa,043,17540,387,380,5,385,5
2021-03-18,Mendocino,045,87422,3726,3630,74,3704,45
2021-03-18,Merced,047,269075,29400,29317,951,30268,410
2021-03-18,Modoc,049,8938,345,341,118,459,3
2021-03-18,Mono,051,14174,1213,1215,16,1231,3
2021-03-18,Monterey,053,433212,42367,42105,1710,43815,335
2021-03-18,Napa,055,140530,9257,9243,31,9274,77
2021-03-18,Nevada,057,99092,4201,4154,169,4323,74
2021-03-18,Orange,059,3164182,250095,248050,10459,258509,4514
2021-03-18,Placer,061,380077,21266,20421,1183,21604,243
2021-03-18,Plumas,063,18699,661,648,10,658,4
2021-03-18,Riverside,065,2383286,288498,281789,13436,295225,3957
2021-03-18,Sacramento,067,1510023,97398,95819,1338,97157,1481
2021-03-18,San Benito,069,59416,5825,5842,89,5931,61
2021-03-18,San Bernardino,071,2135413,288263,284294,8605,292899,4076
2021-03-18,San Diego,073,3302833,268888,266752,13301,280053,3478
2021-03-18,San Francisco,075,870044,34885,34904,1142,36046,461
2021-03-18,San Joaquin,077,732212,68830,67301,2937,70238,1169
2021-03-18,San Luis Obispo,079,281455,20245,19894,597,20491,249
2021-03-18,San Mateo,081,765935,40329,39874,423,40297,344
2021-03-18,Santa Barbara,083,443738,33026,32640,1062,33702,434
2021-03-18,Santa Clara,085,1922200,113040,113119,617,113736,1808
2021-03-18,Santa Cruz,087,273765,15716,14998,783,15781,198
2021-03-18,Shasta,089,179085,11167,11059,1317,12376,100
2021-03-18,Sierra,091,2930,54,49,12,61,0
2021-03-18,Siskiyou,093,43540,1556,1480,245,1725,5
2021-03-18,Solano,095,438530,30483,30352,388,30740,172
2021-03-18,Sonoma,097,501317,28810,28915,243,29158,292
2021-03-18,Stanislaus,099,539301,52323,51615,5462,57077,682
2021-03-18,Sutter,101,95872,9009,8999,79,9078,103
2021-03-18,Tehama,103,63373,4717,4683,495,5178,35
2021-03-18,Trinity,105,12862,472,310,80,390,3
2021-03-18,Tulare,107,460477,49070,47964,8291,56255,805
2021-03-18,Tuolumne,109,53932,3897,3942,39,3981,57
2021-03-18,Ventura,111,848112,79379,78697,2809,81506,918
2021-03-18,Yolo,113,214977,13205,13183,166,13349,191
2021-03-18,Yuba,115,75493,5656,5612,90,5702,42
2021-03-17,Alameda,001,1643700,82839,82353,1726,84079,1185
2021-03-17,Alpine,003,1148,83,82,0,82,0
2021-03-17,Amador,005,37829,3519,3511,31,3542,44
2021-03-17,Butte,007,227075,11550,11170,1662,12832,185
2021-03-17,Calaveras,009,45235,1969,1946,11,1957,49
2021-03-17,Colusa,011,21464,1883,1882,270,2152,12
2021-03-17,Contra Costa,013,1133247,64931,64026,1095,65121,737
2021-03-17,Del Norte,015,27424,1115,1053,5,1058,6
2021-03-17,El Dorado,017,186661,9343,9252,609,9861,105
2021-03-17,Fresno,019,978130,98762,97727,7988,105715,1507
2021-03-17,Glenn,021,27897,2313,2269,512,2781,17
2021-03-17,Humboldt,023,135768,3391,3365,24,3389,33
2021-03-17,Imperial,025,180216,27457,27168,2504,29672,691
2021-03-17,Inyo,027,18085,1361,1351,9,1360,35
2021-03-17,Kern,029,883053,94831,93392,10076,103468,1149
2021-03-17,Kings,031,150075,22659,22336,995,23331,233
2021-03-17,Lake,033,64148,3313,3251,8,3259,43
2021-03-17,Lassen,035,31185,5136,5125,99,5224,1
2021-03-17,Los Angeles,037,10098052,1184322,1173416,38783,1212199,22602
2021-03-17,Madera,039,155013,15988,15835,862,16697,214
2021-03-17,Marin,041,260295,13520,13428,180,13608,218
2021-03-17,Mariposa,043,17540,387,379,5,384,5
2021-03-17,Mendocino,045,87422,3722,3625,74,3699,44
2021-03-17,Merced,047,269075,29372,29250,947,30197,408
2021-03-17,Modoc,049,8938,345,341,118,459,3
2021-03-17,Mono,051,14174,1211,1212,16,1228,3
2021-03-17,Monterey,053,433212,42349,42061,1707,43768,334
2021-03-17,Napa,055,140530,9242,9219,31,9250,76
2021-03-17,Nevada,057,99092,4191,4145,169,4314,74
2021-03-17,Orange,059,3164182,249977,247943,10431,258374,4502
2021-03-17,Placer,061,380077,21238,20369,1182,21551,243
2021-03-17,Plumas,063,18699,660,645,10,655,4
2021-03-17,Riverside,065,2383286,288383,281649,13428,295077,3925
2021-03-17,Sacramento,067,1510023,97270,95650,1333,96983,1477
2021-03-17,San Benito,069,59416,5822,5841,89,5930,61
2021-03-17,San Bernardino,071,2135413,288146,284170,8600,292770,4049
2021-03-17,San Diego,073,3302833,268677,266313,13283,279596,3470
2021-03-17,San Francisco,075,870044,34850,34873,1141,36014,457
2021-03-17,San Joaquin,077,732212,68745,67093,2921,70014,1164
2021-03-17,San Luis Obispo,079,281455,20222,19858,593,20451,249
2021-03-17,San Mateo,081,765935,40299,39838,422,40260,344
2021-03-17,Santa Barbara,083,443738,33004,32585,1061,33646,433
2021-03-17,Santa Clara,085,1922200,112947,112983,616,113599,1805
2021-03-17,Santa Cruz,087,273765,15708,14967,783,15750,199
2021-03-17,Shasta,089,179085,11162,11045,1314,12359,100
2021-03-17,Sierra,091,2930,54,49,12,61,0
2021-03-17,Siskiyou,093,43540,1555,1479,244,1723,5
2021-03-17,Solano,095,438530,30457,30320,386,30706,171
2021-03-17,Sonoma,097,501317,28786,28877,242,29119,292
2021-03-17,Stanislaus,099,539301,52248,51524,5455,56979,682
2021-03-17,Sutter,101,95872,8999,8982,79,9061,103
2021-03-17,Tehama,103,63373,4712,4670,495,5165,34
2021-03-17,Trinity,105,12862,472,308,80,388,3
2021-03-17,Tulare,107,460477,49050,47929,8281,56210,805
2021-03-17,Tuolumne,109,53932,3894,3938,39,3977,57
2021-03-17,Ventura,111,848112,79323,78648,2806,81454,916
2021-03-17,Yolo,113,214977,13188,13169,166,13335,190
2021-03-17,Yuba,115,75493,5653,5603,90,5693,42
2021-03-16,Alameda,001,1643700,82728,82259,1724,83983,1177
2021-03-16,Alpine,003,1148,83,82,0,82,0
2021-03-16,Amador,005,37829,3517,3510,31,3541,44
2021-03-16,Butte,007,227075,11538,11154,1661,12815,184
2021-03-16,Calaveras,009,45235,1964,1945,11,1956,49
2021-03-16,Colusa,011,21464,1882,1882,270,2152,12
2021-03-16,Contra Costa,013,1133247,64848,63951,1092,65043,736
2021-03-16,Del Norte,015,27424,1107,1048,5,1053,6
2021-03-16,El Dorado,017,186661,9328,9249,609,9858,105
2021-03-16,Fresno,019,978130,98624,97638,7968,105606,1498
2021-03-16,Glenn,021,27897,2305,2267,508,2775,17
2021-03-16,Humboldt,023,135768,3387,3351,24,3375,33
2021-03-16,Imperial,025,180216,27446,27143,2501,29644,689
2021-03-16,Inyo,027,18085,1360,1346,9,1355,35
2021-03-16,Kern,029,883053,94765,93340,10061,103401,1144
2021-03-16,Kings,031,150075,22623,22320,994,23314,233
2021-03-16,Lake,033,64148,3305,3246,8,3254,43
2021-03-16,Lassen,035,31185,5135,5126,99,5225,1
2021-03-16,Los Angeles,037,10098052,1183789,1172676,38745,1211421,22527
2021-03-16,Madera,039,155013,15972,15822,860,16682,214
2021-03-16,Marin,041,260295,13502,13419,180,13599,218
2021-03-16,Mariposa,043,17540,384,379,5,384,5
2021-03-16,Mendocino,045,87422,3717,3623,74,3697,44
2021-03-16,Merced,047,269075,29319,29198,946,30144,407
2021-03-16,Modoc,049,8938,345,341,118,459,3
2021-03-16,Mono,051,14174,1210,1207,16,1223,3
2021-03-16,Monterey,053,433212,42330,42023,1707,43730,334
2021-03-16,Napa,055,140530,9232,9209,31,9240,75
2021-03-16,Nevada,057,99092,4182,4132,168,4300,67
2021-03-16,Orange,059,3164182,249838,247843,10412,258255,4479
2021-03-16,Placer,061,380077,21206,20339,1178,21517,240
2021-03-16,Plumas,063,18699,659,643,10,653,4
2021-03-16,Riverside,065,2383286,288269,281540,13416,294956,3893
2021-03-16,Sacramento,067,1510023,97127,95522,1329,96851,1466
2021-03-16,San Benito,069,59416,5817,5831,89,5920,61
2021-03-16,San Bernardino,071,2135413,288016,283980,8593,292573,4032
2021-03-16,San Diego,073,3302833,268445,265903,13270,279173,3462
2021-03-16,San Francisco,075,870044,34821,34833,1136,35969,456
2021-03-16,San Joaquin,077,732212,68643,66856,2909,69765,1163
2021-03-16,San Luis Obispo,079,281455,20192,19832,591,20423,248
2021-03-16,San Mateo,081,765935,40265,39806,420,40226,344
2021-03-16,Santa Barbara,083,443738,32972,32556,1060,33616,433
2021-03-16,Santa Clara,085,1922200,112829,112845,613,113458,1797
2021-03-16,Santa Cruz,087,273765,15702,14926,783,15709,199
2021-03-16,Shasta,089,179085,11146,11035,1312,12347,100
2021-03-16,Sierra,091,2930,53,49,12,61,0
2021-03-16,Siskiyou,093,43540,1552,1477,244,1721,5
2021-03-16,Solano,095,438530,30423,30298,384,30682,171
2021-03-16,Sonoma,097,501317,28753,28850,240,29090,291
2021-03-16,Stanislaus,099,539301,52168,51410,5448,56858,683
2021-03-16,Sutter,101,95872,8991,8970,79,9049,102
2021-03-16,Tehama,103,63373,4709,4660,494,5154,34
2021-03-16,Trinity,105,12862,472,308,79,387,3
2021-03-16,Tulare,107,460477,49002,47895,8273,56168,803
2021-03-16,Tuolumne,109,53932,3891,3938,39,3977,57
2021-03-16,Ventura,111,848112,79257,78671,2799,81470,916
2021-03-16,Yolo,113,214977,13173,13162,166,13328,190
2021-03-16,Yuba,115,75493,5650,5596,89,5685,42
2021-03-15,Alameda,001,1643700,82639,82159,1724,83883,1167
2021-03-15,Alpine,003,1148,83,82,0,82,0
2021-03-15,Amador,005,37829,3516,3506,31,3537,44
2021-03-15,Butte,007,227075,11525,11141,1657,12798,185
2021-03-15,Calaveras,009,45235,1963,1941,11,1952,49
2021-03-15,Colusa,011,21464,1882,1883,270,2153,12
2021-03-15,Contra Costa,013,1133247,64786,63847,1091,64938,732
2021-03-15,Del Norte,015,27424,1104,1048,5,1053,6
2021-03-15,El Dorado,017,186661,9322,9235,609,9844,103
2021-03-15,Fresno,019,978130,98497,97520,7953,105473,1496
2021-03-15,Glenn,021,27897,2300,2261,505,2766,15
2021-03-15,Humboldt,023,135768,3381,3337,24,3361,32
2021-03-15,Imperial,025,180216,27426,27122,2498,29620,684
2021-03-15,Inyo,027,18085,1360,1346,9,1355,35
2021-03-15,Kern,029,883053,94705,93266,10054,103320,1141
2021-03-15,Kings,031,150075,22606,22294,988,23282,233
2021-03-15,Lake,033,64148,3293,3237,8,3245,43
2021-03-15,Lassen,035,31185,5135,5125,99,5224,1
2021-03-15,Los Angeles,037,10098052,1183217,1172445,38713,1211158,22477
2021-03-15,Madera,039,155013,15961,15806,858,16664,214
2021-03-15,Marin,041,260295,13496,13408,179,13587,218
2021-03-15,Mariposa,043,17540,384,376,5,381,5
2021-03-15,Mendocino,045,87422,3713,3615,74,3689,44
2021-03-15,Merced,047,269075,29281,29169,944,30113,407
2021-03-15,Modoc,049,8938,345,340,118,458,3
2021-03-15,Mono,051,14174,1209,1206,16,1222,3
2021-03-15,Monterey,053,433212,42301,42011,1704,43715,333
2021-03-15,Napa,055,140530,9221,9196,31,9227,75
2021-03-15,Nevada,057,99092,4177,4123,167,4290,66
2021-03-15,Orange,059,3164182,249725,247697,10393,258090,4481
2021-03-15,Placer,061,380077,21183,20308,1178,21486,238
2021-03-15,Plumas,063,18699,659,642,10,652,4
2021-03-15,Riverside,065,2383286,288117,281367,13406,294773,3856
2021-03-15,Sacramento,067,1510023,96974,95414,1323,96737,1463
2021-03-15,San Benito,069,59416,5814,5831,89,5920,61
2021-03-15,San Bernardino,071,2135413,287925,283815,8585,292400,4004
2021-03-15,San Diego,073,3302833,268196,265646,13254,278900,3452
2021-03-15,San Francisco,075,870044,34786,34820,1132,35952,456
2021-03-15,San Joaquin,077,732212,68540,66622,2897,69519,1140
2021-03-15,San Luis Obispo,079,281455,20161,19813,587,20400,247
2021-03-15,San Mateo,081,765935,40211,39765,420,40185,344
2021-03-15,Santa Barbara,083,443738,32949,32529,1057,33586,431
2021-03-15,Santa Clara,085,1922200,112728,112729,611,113340,1798
2021-03-15,Santa Cruz,087,273765,15696,14899,782,15681,200
2021-03-15,Shasta,089,179085,11130,11019,1307,12326,92
2021-03-15,Sierra,091,2930,53,49,12,61,0
2021-03-15,Siskiyou,093,43540,1552,1475,244,1719,5
2021-03-15,Solano,095,438530,30394,30258,383,30641,171
2021-03-15,Sonoma,097,501317,28735,28814,237,29051,285
2021-03-15,Stanislaus,099,539301,52089,51357,5441,56798,683
2021-03-15,Sutter,101,95872,8985,8962,79,9041,102
2021-03-15,Tehama,103,63373,4694,4650,493,5143,34
2021-03-15,Trinity,105,12862,472,308,79,387,3
2021-03-15,Tulare,107,460477,48972,47857,8258,56115,800
2021-03-15,Tuolumne,109,53932,3889,3937,38,3975,57
2021-03-15,Ventura,111,848112,79201,78626,2798,81424,910
2021-03-15,Yolo,113,214977,13154,13131,166,13297,190
2021-03-15,Yuba,115,75493,5645,5585,88,5673,42
2021-03-14,Alameda,001,1643700,82554,82116,1721,83837,1168
2021-03-14,Alpine,003,1148,83,82,0,82,0
2021-03-14,Amador,005,37829,3511,3504,31,3535,44
2021-03-14,Butte,007,227075,11512,11140,1653,12793,185
2021-03-14,Calaveras,009,45235,1959,1939,11,1950,49
2021-03-14,Colusa,011,21464,1882,1883,270,2153,12
2021-03-14,Contra Costa,013,1133247,64682,63808,1090,64898,731
2021-03-14,Del Norte,015,27424,1090,1048,5,1053,6
2021-03-14,El Dorado,017,186661,9312,9231,609,9840,103
2021-03-14,Fresno,019,978130,98389,97461,7935,105396,1496
2021-03-14,Glenn,021,27897,2295,2260,502,2762,15
2021-03-14,Humboldt,023,135768,3367,3335,24,3359,32
2021-03-14,Imperial,025,180216,27411,27122,2493,29615,685
2021-03-14,Inyo,027,18085,1356,1346,9,1355,35
2021-03-14,Kern,029,883053,94622,93252,10036,103288,1141
2021-03-14,Kings,031,150075,22587,22292,986,23278,232
2021-03-14,Lake,033,64148,3288,3237,8,3245,43
2021-03-14,Lassen,035,31185,5133,5125,99,5224,1
2021-03-14,Los Angeles,037,10098052,1182640,1172100,38683,1210783,22476
2021-03-14,Madera,039,155013,15936,15804,858,16662,214
2021-03-14,Marin,041,260295,13480,13405,177,13582,218
2021-03-14,Mariposa,043,17540,382,376,5,381,5
2021-03-14,Mendocino,045,87422,3708,3613,74,3687,44
2021-03-14,Merced,047,269075,29213,29149,940,30089,407
2021-03-14,Modoc,049,8938,345,340,118,458,3
2021-03-14,Mono,051,14174,1203,1206,16,1222,3
2021-03-14,Monterey,053,433212,42277,42007,1701,43708,333
2021-03-14,Napa,055,140530,9203,9194,31,9225,75
2021-03-14,Nevada,057,99092,4171,4122,165,4287,66
2021-03-14,Orange,059,3164182,249593,247656,10374,258030,4460
2021-03-14,Placer,061,380077,21148,20288,1170,21458,238
2021-03-14,Plumas,063,18699,657,642,10,652,4
2021-03-14,Riverside,065,2383286,287959,281332,13398,294730,3845
2021-03-14,Sacramento,067,1510023,96796,95343,1318,96661,1462
2021-03-14,San Benito,069,59416,5805,5829,89,5918,61
2021-03-14,San Bernardino,071,2135413,287802,283791,8574,292365,3996
2021-03-14,San Diego,073,3302833,267961,265468,13241,278709,3452
2021-03-14,San Francisco,075,870044,34747,34810,1129,35939,455
2021-03-14,San Joaquin,077,732212,68412,66563,2880,69443,1140
2021-03-14,San Luis Obispo,079,281455,20133,19806,585,20391,247
2021-03-14,San Mateo,081,765935,40172,39744,420,40164,342
2021-03-14,Santa Barbara,083,443738,32905,32514,1055,33569,431
2021-03-14,Santa Clara,085,1922200,112600,112648,610,113258,1796
2021-03-14,Santa Cruz,087,273765,15680,14887,780,15667,200
2021-03-14,Shasta,089,179085,11114,11019,1300,12319,92
2021-03-14,Sierra,091,2930,53,49,12,61,0
2021-03-14,Siskiyou,093,43540,1549,1473,244,1717,5
2021-03-14,Solano,095,438530,30362,30230,378,30608,171
2021-03-14,Sonoma,097,501317,28700,28798,233,29031,284
2021-03-14,Stanislaus,099,539301,51969,51306,5433,56739,690
2021-03-14,Sutter,101,95872,8969,8958,79,9037,102
2021-03-14,Tehama,103,63373,4687,4650,492,5142,34
2021-03-14,Trinity,105,12862,471,308,78,386,3
2021-03-14,Tulare,107,460477,48939,47845,8237,56082,800
2021-03-14,Tuolumne,109,53932,3887,3937,38,3975,57
2021-03-14,Ventura,111,848112,79153,78611,2792,81403,910
2021-03-14,Yolo,113,214977,13131,13128,163,13291,189
2021-03-14,Yuba,115,75493,5635,5583,88,5671,42
2021-03-13,Alameda,001,1643700,82494,82010,1721,83731,1168
2021-03-13,Alpine,003,1148,83,82,0,82,0
2021-03-13,Amador,005,37829,3508,3504,31,3535,44
2021-03-13,Butte,007,227075,11503,11131,1652,12783,185
2021-03-13,Calaveras,009,45235,1958,1939,11,1950,49
2021-03-13,Colusa,011,21464,1882,1882,270,2152,12
2021-03-13,Contra Costa,013,1133247,64621,63689,1090,64779,731
2021-03-13,Del Norte,015,27424,1086,1041,5,1046,6
2021-03-13,El Dorado,017,186661,9304,9221,609,9830,103
2021-03-13,Fresno,019,978130,98330,97324,7915,105239,1495
2021-03-13,Glenn,021,27897,2294,2260,501,2761,15
2021-03-13,Humboldt,023,135768,3360,3325,24,3349,32
2021-03-13,Imperial,025,180216,27405,27099,2489,29588,677
2021-03-13,Inyo,027,18085,1355,1344,9,1353,35
2021-03-13,Kern,029,883053,94583,93197,10030,103227,1140
2021-03-13,Kings,031,150075,22571,22265,985,23250,232
2021-03-13,Lake,033,64148,3281,3234,7,3241,43
2021-03-13,Lassen,035,31185,5133,5125,99,5224,1
2021-03-13,Los Angeles,037,10098052,1182322,1171505,38641,1210146,22451
2021-03-13,Madera,039,155013,15924,15780,858,16638,214
2021-03-13,Marin,041,260295,13474,13391,175,13566,218
2021-03-13,Mariposa,043,17540,381,376,5,381,5
2021-03-13,Mendocino,045,87422,3704,3611,74,3685,44
2021-03-13,Merced,047,269075,29182,29106,940,30046,406
2021-03-13,Modoc,049,8938,345,340,117,457,3
2021-03-13,Mono,051,14174,1203,1207,16,1223,3
2021-03-13,Monterey,053,433212,42267,41989,1699,43688,332
2021-03-13,Napa,055,140530,9197,9190,31,9221,75
2021-03-13,Nevada,057,99092,4164,4111,164,4275,66
2021-03-13,Orange,059,3164182,249512,247514,10358,257872,4423
2021-03-13,Placer,061,380077,21127,20238,1167,21405,239
2021-03-13,Plumas,063,18699,655,642,10,652,4
2021-03-13,Riverside,065,2383286,287867,281191,13390,294581,3848
2021-03-13,Sacramento,067,1510023,96709,95192,1316,96508,1461
2021-03-13,San Benito,069,59416,5802,5823,89,5912,61
2021-03-13,San Bernardino,071,2135413,287748,283727,8568,292295,3972
2021-03-13,San Diego,073,3302833,267806,265270,13227,278497,3444
2021-03-13,San Francisco,075,870044,34730,34784,1120,35904,455
2021-03-13,San Joaquin,077,732212,68356,66480,2858,69338,1141
2021-03-13,San Luis Obispo,079,281455,20115,19789,584,20373,247
2021-03-13,San Mateo,081,765935,40145,39689,419,40108,341
2021-03-13,Santa Barbara,083,443738,32880,32486,1054,33540,431
2021-03-13,Santa Clara,085,1922200,112515,112531,609,113140,1790
2021-03-13,Santa Cruz,087,273765,15673,14875,780,15655,199
2021-03-13,Shasta,089,179085,11106,11021,1297,12318,108
2021-03-13,Sierra,091,2930,52,49,12,61,0
2021-03-13,Siskiyou,093,43540,1547,1470,244,1714,5
2021-03-13,Solano,095,438530,30345,30198,378,30576,171
2021-03-13,Sonoma,097,501317,28680,28762,229,28991,285
2021-03-13,Stanislaus,099,539301,51918,51257,5429,56686,695
2021-03-13,Sutter,101,95872,8962,8948,79,9027,102
2021-03-13,Tehama,103,63373,4685,4647,492,5139,33
2021-03-13,Trinity,105,12862,471,306,78,384,3
2021-03-13,Tulare,107,460477,48913,47818,8229,56047,798
2021-03-13,Tuolumne,109,53932,3884,3937,38,3975,57
2021-03-13,Ventura,111,848112,79101,78693,2792,81485,906
2021-03-13,Yolo,113,214977,13122,13087,163,13250,189
2021-03-13,Yuba,115,75493,5634,5577,88,5665,42
2021-03-12,Alameda,001,1643700,82417,81898,1720,83618,1164
2021-03-12,Alpine,003,1148,83,82,0,82,0
2021-03-12,Amador,005,37829,3505,3503,31,3534,44
2021-03-12,Butte,007,227075,11493,11126,1650,12776,184
2021-03-12,Calaveras,009,45235,1958,1916,11,1927,49
2021-03-12,Colusa,011,21464,1882,1883,270,2153,12
2021-03-12,Contra Costa,013,1133247,64545,63583,1090,64673,728
2021-03-12,Del Norte,015,27424,1080,1033,5,1038,6
2021-03-12,El Dorado,017,186661,9295,9219,609,9828,103
2021-03-12,Fresno,019,978130,98233,97185,7904,105089,1489
2021-03-12,Glenn,021,27897,2293,2258,500,2758,15
2021-03-12,Humboldt,023,135768,3355,3315,24,3339,32
2021-03-12,Imperial,025,180216,27394,27071,2487,29558,677
2021-03-12,Inyo,027,18085,1353,1339,9,1348,35
2021-03-12,Kern,029,883053,94549,93142,10014,103156,1132
2021-03-12,Kings,031,150075,22552,22233,985,23218,232
2021-03-12,Lake,033,64148,3275,3226,6,3232,43
2021-03-12,Lassen,035,31185,5133,5125,98,5223,1
2021-03-12,Los Angeles,037,10098052,1181927,1170860,38624,1209484,22409
2021-03-12,Madera,039,155013,15912,15761,855,16616,214
2021-03-12,Marin,041,260295,13467,13375,175,13550,218
2021-03-12,Mariposa,043,17540,379,376,5,381,5
2021-03-12,Mendocino,045,87422,3701,3605,74,3679,43
2021-03-12,Merced,047,269075,29151,29064,940,30004,403
2021-03-12,Modoc,049,8938,345,340,117,457,3
2021-03-12,Mono,051,14174,1202,1206,16,1222,3
2021-03-12,Monterey,053,433212,42253,41964,1694,43658,329
2021-03-12,Napa,055,140530,9188,9180,31,9211,75
2021-03-12,Nevada,057,99092,4154,4101,164,4265,66
2021-03-12,Orange,059,3164182,249420,247388,10347,257735,4401
2021-03-12,Placer,061,380077,21094,20210,1162,21372,239
2021-03-12,Plumas,063,18699,654,641,10,651,4
2021-03-12,Riverside,065,2383286,287768,281037,13383,294420,3854
2021-03-12,Sacramento,067,1510023,96585,95061,1310,96371,1460
2021-03-12,San Benito,069,59416,5799,5817,89,5906,61
2021-03-12,San Bernardino,071,2135413,287692,283558,8563,292121,3917
2021-03-12,San Diego,073,3302833,267643,264886,13219,278105,3434
2021-03-12,San Francisco,075,870044,34709,34758,1117,35875,452
2021-03-12,San Joaquin,077,732212,68285,66482,2849,69331,1144
2021-03-12,San Luis Obispo,079,281455,20102,19769,582,20351,247
2021-03-12,San Mateo,081,765935,40109,39638,417,40055,341
2021-03-12,Santa Barbara,083,443738,32857,32457,1051,33508,429
2021-03-12,Santa Clara,085,1922200,112420,112396,608,113004,1766
2021-03-12,Santa Cruz,087,273765,15661,14846,778,15624,195
2021-03-12,Shasta,089,179085,11097,11143,1295,12438,153
2021-03-12,Sierra,091,2930,52,49,12,61,0
2021-03-12,Siskiyou,093,43540,1547,1468,243,1711,5
2021-03-12,Solano,095,438530,30326,30180,377,30557,171
2021-03-12,Sonoma,097,501317,28653,28714,229,28943,285
2021-03-12,Stanislaus,099,539301,51859,51146,5423,56569,701
2021-03-12,Sutter,101,95872,8956,8940,79,9019,101
2021-03-12,Tehama,103,63373,4681,4638,491,5129,33
2021-03-12,Trinity,105,12862,470,306,78,384,3
2021-03-12,Tulare,107,460477,48888,47772,8223,55995,798
2021-03-12,Tuolumne,109,53932,3883,3936,38,3974,57
2021-03-12,Ventura,111,848112,79055,78698,2788,81486,899
2021-03-12,Yolo,113,214977,13112,13061,156,13217,189
2021-03-12,Yuba,115,75493,5627,5563,87,5650,42
2021-03-11,Alameda,001,1643700,82326,81809,1715,83524,1164
2021-03-11,Alpine,003,1148,83,78,0,78,0
2021-03-11,Amador,005,37829,3504,3498,31,3529,42
2021-03-11,Butte,007,227075,11482,11110,1648,12758,185
2021-03-11,Calaveras,009,45235,1955,1915,11,1926,49
2021-03-11,Colusa,011,21464,1882,1883,270,2153,12
2021-03-11,Contra Costa,013,1133247,64472,63469,1088,64557,728
2021-03-11,Del Norte,015,27424,1075,1027,5,1032,6
2021-03-11,El Dorado,017,186661,9281,9211,609,9820,101
2021-03-11,Fresno,019,978130,98117,97026,7875,104901,1481
2021-03-11,Glenn,021,27897,2290,2255,500,2755,15
2021-03-11,Humboldt,023,135768,3338,3302,24,3326,32
2021-03-11,Imperial,025,180216,27387,27045,2484,29529,675
2021-03-11,Inyo,027,18085,1348,1335,9,1344,35
2021-03-11,Kern,029,883053,94493,93052,9975,103027,1121
2021-03-11,Kings,031,150075,22537,22183,982,23165,230
2021-03-11,Lake,033,64148,3271,3214,6,3220,42
2021-03-11,Lassen,035,31185,5132,5124,98,5222,1
2021-03-11,Los Angeles,037,10098052,1181394,1170111,38593,1208704,22316
2021-03-11,Madera,039,155013,15901,15725,853,16578,214
2021-03-11,Marin,041,260295,13455,13356,174,13530,217
2021-03-11,Mariposa,043,17540,379,376,5,381,5
2021-03-11,Mendocino,045,87422,3694,3604,74,3678,42
2021-03-11,Merced,047,269075,29103,29001,939,29940,401
2021-03-11,Modoc,049,8938,345,340,117,457,3
2021-03-11,Mono,051,14174,1201,1206,16,1222,3
2021-03-11,Monterey,053,433212,42230,41936,1688,43624,329
2021-03-11,Napa,055,140530,9175,9173,31,9204,75
2021-03-11,Nevada,057,99092,4142,4085,162,4247,66
2021-03-11,Orange,059,3164182,249282,247217,10330,257547,4373
2021-03-11,Placer,061,380077,21052,20178,1158,21336,239
2021-03-11,Plumas,063,18699,653,640,10,650,4
2021-03-11,Riverside,065,2383286,287597,280881,13370,294251,3842
2021-03-11,Sacramento,067,1510023,96444,94912,1307,96219,1455
2021-03-11,San Benito,069,59416,5796,5816,89,5905,61
2021-03-11,San Bernardino,071,2135413,287596,283312,8557,291869,3869
2021-03-11,San Diego,073,3302833,267478,264524,13203,277727,3422
2021-03-11,San Francisco,075,870044,34673,34722,1111,35833,452
2021-03-11,San Joaquin,077,732212,68173,66522,2841,69363,1157
2021-03-11,San Luis Obispo,079,281455,20077,19748,581,20329,247
2021-03-11,San Mateo,081,765935,40072,39590,416,40006,341
2021-03-11,Santa Barbara,083,443738,32829,32408,1046,33454,430
2021-03-11,Santa Clara,085,1922200,112291,112246,605,112851,1765
2021-03-11,Santa Cruz,087,273765,15649,14812,777,15589,193
2021-03-11,Shasta,089,179085,11087,11139,1290,12429,158
2021-03-11,Sierra,091,2930,52,48,12,60,0
2021-03-11,Siskiyou,093,43540,1544,1466,242,1708,5
2021-03-11,Solano,095,438530,30298,30138,376,30514,171
2021-03-11,Sonoma,097,501317,28624,28677,229,28906,285
2021-03-11,Stanislaus,099,539301,51774,51038,5415,56453,707
2021-03-11,Sutter,101,95872,8950,8933,79,9012,101
2021-03-11,Tehama,103,63373,4673,4632,491,5123,33
2021-03-11,Trinity,105,12862,469,304,77,381,3
2021-03-11,Tulare,107,460477,48851,47709,8212,55921,797
2021-03-11,Tuolumne,109,53932,3881,3934,38,3972,57
2021-03-11,Ventura,111,848112,79005,78697,2784,81481,889
2021-03-11,Yolo,113,214977,13094,13041,155,13196,190
2021-03-11,Yuba,115,75493,5623,5553,87,5640,42
2021-03-10,Alameda,001,1643700,82220,81701,1710,83411,1160
2021-03-10,Alpine,003,1148,82,78,0,78,0
2021-03-10,Amador,005,37829,3502,3496,31,3527,42
2021-03-10,Butte,007,227075,11472,11096,1648,12744,185
2021-03-10,Calaveras,009,45235,1949,1913,11,1924,48
2021-03-10,Colusa,011,21464,1882,1882,270,2152,12
2021-03-10,Contra Costa,013,1133247,64372,63372,1084,64456,725
2021-03-10,Del Norte,015,27424,1073,1020,5,1025,5
2021-03-10,El Dorado,017,186661,9268,9203,609,9812,100
2021-03-10,Fresno,019,978130,98010,96866,7859,104725,1471
2021-03-10,Glenn,021,27897,2287,2253,498,2751,15
2021-03-10,Humboldt,023,135768,3328,3296,23,3319,32
2021-03-10,Imperial,025,180216,27372,27051,2484,29535,675
2021-03-10,Inyo,027,18085,1348,1328,9,1337,35
2021-03-10,Kern,029,883053,94427,92965,9954,102919,1102
2021-03-10,Kings,031,150075,22518,22166,981,23147,226
2021-03-10,Lake,033,64148,3261,3207,6,3213,42
2021-03-10,Lassen,035,31185,5132,5120,98,5218,1
2021-03-10,Los Angeles,037,10098052,1180847,1169079,38568,1207647,22199
2021-03-10,Madera,039,155013,15880,15705,850,16555,212
2021-03-10,Marin,041,260295,13445,13348,173,13521,216
2021-03-10,Mariposa,043,17540,379,376,5,381,5
2021-03-10,Mendocino,045,87422,3689,3602,74,3676,42
2021-03-10,Merced,047,269075,29065,28927,936,29863,401
2021-03-10,Modoc,049,8938,344,338,117,455,3
2021-03-10,Mono,051,14174,1197,1204,16,1220,3
2021-03-10,Monterey,053,433212,42208,41920,1684,43604,329
2021-03-10,Napa,055,140530,9166,9165,31,9196,75
2021-03-10,Nevada,057,99092,4138,4074,162,4236,66
2021-03-10,Orange,059,3164182,249133,247075,10315,257390,4342
2021-03-10,Placer,061,380077,21018,20144,1152,21296,239
2021-03-10,Plumas,063,18699,652,639,10,649,4
2021-03-10,Riverside,065,2383286,287456,280708,13356,294064,3822
2021-03-10,Sacramento,067,1510023,96314,94796,1301,96097,1452
2021-03-10,San Benito,069,59416,5787,5811,89,5900,61
2021-03-10,San Bernardino,071,2135413,287503,283140,8551,291691,3841
2021-03-10,San Diego,073,3302833,267256,264094,13191,277285,3413
2021-03-10,San Francisco,075,870044,34638,34688,1103,35791,450
2021-03-10,San Joaquin,077,732212,68071,66483,2824,69307,1156
2021-03-10,San Luis Obispo,079,281455,20053,19710,577,20287,247
2021-03-10,San Mateo,081,765935,40048,39571,416,39987,338
2021-03-10,Santa Barbara,083,443738,32802,32356,1043,33399,429
2021-03-10,Santa Clara,085,1922200,112182,112103,601,112704,1759
2021-03-10,Santa Cruz,087,273765,15634,14790,776,15566,192
2021-03-10,Shasta,089,179085,11077,11125,1287,12412,155
2021-03-10,Sierra,091,2930,52,48,12,60,0
2021-03-10,Siskiyou,093,43540,1542,1458,242,1700,5
2021-03-10,Solano,095,438530,30268,30111,375,30486,170
2021-03-10,Sonoma,097,501317,28589,28638,228,28866,286
2021-03-10,Stanislaus,099,539301,51687,50968,5396,56364,706
2021-03-10,Sutter,101,95872,8939,8918,79,8997,101
2021-03-10,Tehama,103,63373,4662,4623,490,5113,33
2021-03-10,Trinity,105,12862,469,304,77,381,3
2021-03-10,Tulare,107,460477,48803,47659,8194,55853,793
2021-03-10,Tuolumne,109,53932,3880,3931,38,3969,57
2021-03-10,Ventura,111,848112,78928,78609,2782,81391,878
2021-03-10,Yolo,113,214977,13070,13021,155,13176,189
2021-03-10,Yuba,115,75493,5610,5545,86,5631,42
2021-03-09,Alameda,001,1643700,82133,81618,1710,83328,1151
2021-03-09,Alpine,003,1148,82,78,0,78,0
2021-03-09,Amador,005,37829,3500,3494,31,3525,42
2021-03-09,Butte,007,227075,11459,11092,1647,12739,185
2021-03-09,Calaveras,009,45235,1947,1913,11,1924,48
2021-03-09,Colusa,011,21464,1882,1880,270,2150,11
2021-03-09,Contra Costa,013,1133247,64282,63314,1082,64396,723
2021-03-09,Del Norte,015,27424,1065,1017,5,1022,5
2021-03-09,El Dorado,017,186661,9260,9198,609,9807,98
2021-03-09,Fresno,019,978130,97891,96744,7833,104577,1463
2021-03-09,Glenn,021,27897,2283,2251,496,2747,15
2021-03-09,Humboldt,023,135768,3316,3288,22,3310,32
2021-03-09,Imperial,025,180216,27362,27045,2480,29525,675
2021-03-09,Inyo,027,18085,1346,1324,9,1333,35
2021-03-09,Kern,029,883053,94348,92924,9936,102860,1088
2021-03-09,Kings,031,150075,22493,22143,979,23122,226
2021-03-09,Lake,033,64148,3255,3202,6,3208,42
2021-03-09,Lassen,035,31185,5132,5120,98,5218,1
2021-03-09,Los Angeles,037,10098052,1180250,1167967,38535,1206502,22080
2021-03-09,Madera,039,155013,15869,15701,848,16549,211
2021-03-09,Marin,041,260295,13427,13335,171,13506,214
2021-03-09,Mariposa,043,17540,379,376,5,381,5
2021-03-09,Mendocino,045,87422,3685,3595,74,3669,42
2021-03-09,Merced,047,269075,29005,28876,933,29809,399
2021-03-09,Modoc,049,8938,344,338,116,454,3
2021-03-09,Mono,051,14174,1196,1203,16,1219,3
2021-03-09,Monterey,053,433212,42189,41894,1676,43570,329
2021-03-09,Napa,055,140530,9152,9155,31,9186,75
2021-03-09,Nevada,057,99092,4130,4062,162,4224,66
2021-03-09,Orange,059,3164182,248991,246989,10296,257285,4310
2021-03-09,Placer,061,380077,20976,20122,1147,21269,239
2021-03-09,Plumas,063,18699,649,639,10,649,4
2021-03-09,Riverside,065,2383286,287323,280562,13352,293914,3821
2021-03-09,Sacramento,067,1510023,96147,94720,1295,96015,1442
2021-03-09,San Benito,069,59416,5783,5800,89,5889,61
2021-03-09,San Bernardino,071,2135413,287388,282971,8545,291516,3823
2021-03-09,San Diego,073,3302833,267024,263745,13170,276915,3405
2021-03-09,San Francisco,075,870044,34607,34654,1099,35753,450
2021-03-09,San Joaquin,077,732212,67944,66383,2814,69197,1150
2021-03-09,San Luis Obispo,079,281455,20036,19672,570,20242,245
2021-03-09,San Mateo,081,765935,40000,39535,414,39949,336
2021-03-09,Santa Barbara,083,443738,32761,32314,1041,33355,428
2021-03-09,Santa Clara,085,1922200,112071,111963,596,112559,1756
2021-03-09,Santa Cruz,087,273765,15612,14764,775,15539,188
2021-03-09,Shasta,089,179085,11070,11113,1282,12395,155
2021-03-09,Sierra,091,2930,52,48,12,60,0
2021-03-09,Siskiyou,093,43540,1538,1447,240,1687,5
2021-03-09,Solano,095,438530,30232,30090,373,30463,169
2021-03-09,Sonoma,097,501317,28539,28601,225,28826,284
2021-03-09,Stanislaus,099,539301,51589,50884,5387,56271,703
2021-03-09,Sutter,101,95872,8926,8914,79,8993,101
2021-03-09,Tehama,103,63373,4657,4620,490,5110,33
2021-03-09,Trinity,105,12862,469,304,77,381,3
2021-03-09,Tulare,107,460477,48776,47637,8175,55812,792
2021-03-09,Tuolumne,109,53932,3878,3929,38,3967,56
2021-03-09,Ventura,111,848112,78865,78526,2780,81306,863
2021-03-09,Yolo,113,214977,13058,13015,153,13168,189
2021-03-09,Yuba,115,75493,5603,5539,86,5625,42
2021-03-08,Alameda,001,1643700,82022,81543,1709,83252,1142
2021-03-08,Alpine,003,1148,82,78,0,78,0
2021-03-08,Amador,005,37829,3497,3490,31,3521,42
2021-03-08,Butte,007,227075,11446,11082,1646,12728,185
2021-03-08,Calaveras,009,45235,1943,1909,11,1920,48
2021-03-08,Colusa,011,21464,1882,1877,270,2147,11
2021-03-08,Contra Costa,013,1133247,64186,63240,1082,64322,719
2021-03-08,Del Norte,015,27424,1060,1012,5,1017,5
2021-03-08,El Dorado,017,186661,9257,9188,608,9796,97
2021-03-08,Fresno,019,978130,97793,96665,7812,104477,1442
2021-03-08,Glenn,021,27897,2282,2249,496,2745,15
2021-03-08,Humboldt,023,135768,3302,3278,22,3300,31
2021-03-08,Imperial,025,180216,27354,27033,2477,29510,663
2021-03-08,Inyo,027,18085,1344,1320,9,1329,35
2021-03-08,Kern,029,883053,94282,92857,9916,102773,1087
2021-03-08,Kings,031,150075,22472,22130,977,23107,226
2021-03-08,Lake,033,64148,3243,3195,6,3201,42
2021-03-08,Lassen,035,31185,5132,5119,98,5217,1
2021-03-08,Los Angeles,037,10098052,1179629,1163409,38504,1201913,21868
2021-03-08,Madera,039,155013,15859,15691,846,16537,211
2021-03-08,Marin,041,260295,13407,13328,169,13497,214
2021-03-08,Mariposa,043,17540,379,376,5,381,5
2021-03-08,Mendocino,045,87422,3683,3590,73,3663,42
2021-03-08,Merced,047,269075,28945,28841,932,29773,398
2021-03-08,Modoc,049,8938,344,338,116,454,3
2021-03-08,Mono,051,14174,1195,1200,16,1216,3
2021-03-08,Monterey,053,433212,42168,41863,1675,43538,328
2021-03-08,Napa,055,140530,9149,9146,31,9177,75
2021-03-08,Nevada,057,99092,4122,4059,162,4221,66
2021-03-08,Orange,059,3164182,248818,246900,10265,257165,4243
2021-03-08,Placer,061,380077,20941,20102,1136,21238,239
2021-03-08,Plumas,063,18699,648,635,10,645,4
2021-03-08,Riverside,065,2383286,287171,280463,13342,293805,3783
2021-03-08,Sacramento,067,1510023,95978,94654,1290,95944,1438
2021-03-08,San Benito,069,59416,5780,5797,89,5886,61
2021-03-08,San Bernardino,071,2135413,287277,282894,8538,291432,3811
2021-03-08,San Diego,073,3302833,266783,263272,13155,276427,3390
2021-03-08,San Francisco,075,870044,34581,34634,1095,35729,446
2021-03-08,San Joaquin,077,732212,67828,66307,2805,69112,1139
2021-03-08,San Luis Obispo,079,281455,19993,19656,567,20223,245
2021-03-08,San Mateo,081,765935,39951,39492,412,39904,335
2021-03-08,Santa Barbara,083,443738,32729,32293,1041,33334,427
2021-03-08,Santa Clara,085,1922200,111943,111882,594,112476,1756
2021-03-08,Santa Cruz,087,273765,15592,14729,775,15504,188
2021-03-08,Shasta,089,179085,11062,11088,1277,12365,155
2021-03-08,Sierra,091,2930,52,48,12,60,0
2021-03-08,Siskiyou,093,43540,1537,1440,240,1680,5
2021-03-08,Solano,095,438530,30192,30068,371,30439,169
2021-03-08,Sonoma,097,501317,28495,28571,224,28795,284
2021-03-08,Stanislaus,099,539301,51510,50825,5382,56207,690
2021-03-08,Sutter,101,95872,8923,8905,79,8984,100
2021-03-08,Tehama,103,63373,4653,4615,490,5105,33
2021-03-08,Trinity,105,12862,468,302,77,379,3
2021-03-08,Tulare,107,460477,48735,47587,8150,55737,791
2021-03-08,Tuolumne,109,53932,3877,3921,38,3959,56
2021-03-08,Ventura,111,848112,78792,78526,2772,81298,852
2021-03-08,Yolo,113,214977,13035,13000,153,13153,189
2021-03-08,Yuba,115,75493,5593,5530,86,5616,42
2021-03-07,Alameda,001,1643700,81902,81413,1708,83121,1145
2021-03-07,Alpine,003,1148,82,78,0,78,0
2021-03-07,Amador,005,37829,3494,3489,31,3520,42
2021-03-07,Butte,007,227075,11430,11075,1645,12720,185
2021-03-07,Calaveras,009,45235,1939,1906,11,1917,48
2021-03-07,Colusa,011,21464,1882,1876,270,2146,11
2021-03-07,Contra Costa,013,1133247,64087,63148,1080,64228,719
2021-03-07,Del Norte,015,27424,1055,1010,5,1015,5
2021-03-07,El Dorado,017,186661,9254,9184,607,9791,97
2021-03-07,Fresno,019,978130,97615,96549,7790,104339,1442
2021-03-07,Glenn,021,27897,2280,2244,496,2740,15
2021-03-07,Humboldt,023,135768,3292,3274,22,3296,31
2021-03-07,Imperial,025,180216,27345,27019,2475,29494,658
2021-03-07,Inyo,027,18085,1341,1320,9,1329,35
2021-03-07,Kern,029,883053,94195,92746,9886,102632,1086
2021-03-07,Kings,031,150075,22450,22103,977,23080,224
2021-03-07,Lake,033,64148,3237,3192,6,3198,42
2021-03-07,Lassen,035,31185,5131,5119,98,5217,1
2021-03-07,Los Angeles,037,10098052,1178902,1162749,38470,1201219,21857
2021-03-07,Madera,039,155013,15840,15675,846,16521,211
2021-03-07,Marin,041,260295,13399,13313,167,13480,214
2021-03-07,Mariposa,043,17540,378,376,5,381,5
2021-03-07,Mendocino,045,87422,3679,3581,73,3654,42
2021-03-07,Merced,047,269075,28871,28829,928,29757,399
2021-03-07,Modoc,049,8938,344,338,116,454,3
2021-03-07,Mono,051,14174,1193,1199,16,1215,3
2021-03-07,Monterey,053,433212,42147,41858,1672,43530,328
2021-03-07,Napa,055,140530,9139,9137,31,9168,75
2021-03-07,Nevada,057,99092,4108,4052,161,4213,66
2021-03-07,Orange,059,3164182,248626,246771,10238,257009,4218
2021-03-07,Placer,061,380077,20900,20070,1132,21202,239
2021-03-07,Plumas,063,18699,647,635,10,645,4
2021-03-07,Riverside,065,2383286,287023,280379,13333,293712,3779
2021-03-07,Sacramento,067,1510023,95801,94513,1284,95797,1437
2021-03-07,San Benito,069,59416,5773,5795,89,5884,61
2021-03-07,San Bernardino,071,2135413,287126,282860,8533,291393,3810
2021-03-07,San Diego,073,3302833,266501,262965,13131,276096,3390
2021-03-07,San Francisco,075,870044,34547,34594,1090,35684,445
2021-03-07,San Joaquin,077,732212,67692,66252,2792,69044,1139
2021-03-07,San Luis Obispo,079,281455,19956,19614,565,20179,245
2021-03-07,San Mateo,081,765935,39911,39436,409,39845,329
2021-03-07,Santa Barbara,083,443738,32683,32218,1040,33258,425
2021-03-07,Santa Clara,085,1922200,111798,111745,590,112335,1752
2021-03-07,Santa Cruz,087,273765,15570,14715,774,15489,189
2021-03-07,Shasta,089,179085,11049,11083,1269,12352,156
2021-03-07,Sierra,091,2930,51,48,12,60,0
2021-03-07,Siskiyou,093,43540,1536,1435,236,1671,5
2021-03-07,Solano,095,438530,30155,30027,371,30398,169
2021-03-07,Sonoma,097,501317,28446,28533,222,28755,284
2021-03-07,Stanislaus,099,539301,51378,50783,5366,56149,699
2021-03-07,Sutter,101,95872,8913,8900,79,8979,100
2021-03-07,Tehama,103,63373,4646,4614,489,5103,33
2021-03-07,Trinity,105,12862,468,302,77,379,3
2021-03-07,Tulare,107,460477,48676,47569,8119,55688,790
2021-03-07,Tuolumne,109,53932,3876,3922,37,3959,56
2021-03-07,Ventura,111,848112,78700,78487,2770,81257,851
2021-03-07,Yolo,113,214977,13016,12988,153,13141,189
2021-03-07,Yuba,115,75493,5588,5516,86,5602,42
2021-03-06,Alameda,001,1643700,81845,81310,1707,83017,1143
2021-03-06,Alpine,003,1148,82,78,0,78,0
2021-03-06,Amador,005,37829,3490,3487,31,3518,42
2021-03-06,Butte,007,227075,11425,11065,1644,12709,185
2021-03-06,Calaveras,009,45235,1935,1904,11,1915,48
2021-03-06,Colusa,011,21464,1880,1874,270,2144,11
2021-03-06,Contra Costa,013,1133247,64025,63040,1076,64116,719
2021-03-06,Del Norte,015,27424,1050,1000,5,1005,5
2021-03-06,El Dorado,017,186661,9250,9166,607,9773,97
2021-03-06,Fresno,019,978130,97520,96366,7779,104145,1440
2021-03-06,Glenn,021,27897,2280,2241,496,2737,15
2021-03-06,Humboldt,023,135768,3282,3260,22,3282,31
2021-03-06,Imperial,025,180216,27340,27009,2470,29479,658
2021-03-06,Inyo,027,18085,1338,1312,9,1321,35
2021-03-06,Kern,029,883053,94149,92684,9866,102550,1082
2021-03-06,Kings,031,150075,22435,22094,977,23071,224
2021-03-06,Lake,033,64148,3235,3189,6,3195,42
2021-03-06,Lassen,035,31185,5131,5119,98,5217,1
2021-03-06,Los Angeles,037,10098052,1178462,1161745,38442,1200187,21843
2021-03-06,Madera,039,155013,15831,15646,845,16491,211
2021-03-06,Marin,041,260295,13390,13289,167,13456,213
2021-03-06,Mariposa,043,17540,378,376,5,381,5
2021-03-06,Mendocino,045,87422,3677,3579,73,3652,42
2021-03-06,Merced,047,269075,28828,28771,928,29699,399
2021-03-06,Modoc,049,8938,343,338,116,454,3
2021-03-06,Mono,051,14174,1192,1198,16,1214,3
2021-03-06,Monterey,053,433212,42142,41838,1669,43507,327
2021-03-06,Napa,055,140530,9131,9129,31,9160,75
2021-03-06,Nevada,057,99092,4102,4044,161,4205,66
2021-03-06,Orange,059,3164182,248535,246634,10224,256858,4165
2021-03-06,Placer,061,380077,20877,20030,1130,21160,239
2021-03-06,Plumas,063,18699,647,634,10,644,4
2021-03-06,Riverside,065,2383286,286929,280225,13325,293550,3781
2021-03-06,Sacramento,067,1510023,95713,94332,1275,95607,1436
2021-03-06,San Benito,069,59416,5768,5793,89,5882,61
2021-03-06,San Bernardino,071,2135413,287042,282737,8531,291268,3791
2021-03-06,San Diego,073,3302833,266314,262778,13114,275892,3385
2021-03-06,San Francisco,075,870044,34515,34560,1086,35646,435
2021-03-06,San Joaquin,077,732212,67618,66162,2782,68944,1138
2021-03-06,San Luis Obispo,079,281455,19936,19592,563,20155,245
2021-03-06,San Mateo,081,765935,39886,39384,409,39793,329
2021-03-06,Santa Barbara,083,443738,32653,32176,1040,33216,424
2021-03-06,Santa Clara,085,1922200,111703,111570,587,112157,1749
2021-03-06,Santa Cruz,087,273765,15559,14701,774,15475,188
2021-03-06,Shasta,089,179085,11040,11076,1267,12343,158
2021-03-06,Sierra,091,2930,51,48,12,60,0
2021-03-06,Siskiyou,093,43540,1534,1432,236,1668,5
2021-03-06,Solano,095,438530,30126,30000,370,30370,169
2021-03-06,Sonoma,097,501317,28423,28484,220,28704,284
2021-03-06,Stanislaus,099,539301,51308,50691,5360,56051,711
2021-03-06,Sutter,101,95872,8907,8887,79,8966,100
2021-03-06,Tehama,103,63373,4644,4610,486,5096,33
2021-03-06,Trinity,105,12862,468,302,77,379,3
2021-03-06,Tulare,107,460477,48644,47515,8091,55606,789
2021-03-06,Tuolumne,109,53932,3874,3920,37,3957,56
2021-03-06,Ventura,111,848112,78644,78439,2769,81208,848
2021-03-06,Yolo,113,214977,13010,12951,152,13103,189
2021-03-06,Yuba,115,75493,5579,5504,86,5590,42
2021-03-05,Alameda,001,1643700,81759,81215,1706,82921,1141
2021-03-05,Alpine,003,1148,82,78,0,78,0
2021-03-05,Amador,005,37829,3489,3484,31,3515,42
2021-03-05,Butte,007,227075,11414,11050,1643,12693,185
2021-03-05,Calaveras,009,45235,1932,1902,11,1913,48
2021-03-05,Colusa,011,21464,1880,1874,270,2144,11
2021-03-05,Contra Costa,013,1133247,63945,62886,1073,63959,711
2021-03-05,Del Norte,015,27424,1046,995,5,1000,5
2021-03-05,El Dorado,017,186661,9245,9150,606,9756,97
2021-03-05,Fresno,019,978130,97412,96184,7760,103944,1432
2021-03-05,Glenn,021,27897,2277,2241,495,2736,15
2021-03-05,Humboldt,023,135768,3274,3234,22,3256,31
2021-03-05,Imperial,025,180216,27330,26970,2461,29431,651
2021-03-05,Inyo,027,18085,1334,1309,9,1318,35
2021-03-05,Kern,029,883053,94108,92601,9853,102454,1076
2021-03-05,Kings,031,150075,22417,22063,976,23039,224
2021-03-05,Lake,033,64148,3233,3185,6,3191,42
2021-03-05,Lassen,035,31185,5131,5117,96,5213,1
2021-03-05,Los Angeles,037,10098052,1177971,1160688,38413,1199101,21745
2021-03-05,Madera,039,155013,15821,15624,843,16467,211
2021-03-05,Marin,041,260295,13378,13275,166,13441,215
2021-03-05,Mariposa,043,17540,378,375,5,380,4
2021-03-05,Mendocino,045,87422,3674,3577,73,3650,42
2021-03-05,Merced,047,269075,28795,28734,927,29661,399
2021-03-05,Modoc,049,8938,343,337,116,453,3
2021-03-05,Mono,051,14174,1191,1197,16,1213,3
2021-03-05,Monterey,053,433212,42129,41802,1669,43471,325
2021-03-05,Napa,055,140530,9123,9109,31,9140,75
2021-03-05,Nevada,057,99092,4099,4033,161,4194,66
2021-03-05,Orange,059,3164182,248422,246489,10211,256700,4108
2021-03-05,Placer,061,380077,20851,19973,1126,21099,239
2021-03-05,Plumas,063,18699,647,635,10,645,4
2021-03-05,Riverside,065,2383286,286818,280075,13320,293395,3781
2021-03-05,Sacramento,067,1510023,95617,94182,1268,95450,1430
2021-03-05,San Benito,069,59416,5765,5790,89,5879,61
2021-03-05,San Bernardino,071,2135413,286949,282640,8527,291167,3774
2021-03-05,San Diego,073,3302833,266081,262357,13097,275454,3371
2021-03-05,San Francisco,075,870044,34475,34526,1082,35608,430
2021-03-05,San Joaquin,077,732212,67539,66041,2773,68814,1133
2021-03-05,San Luis Obispo,079,281455,19915,19557,561,20118,244
2021-03-05,San Mateo,081,765935,39854,39305,409,39714,326
2021-03-05,Santa Barbara,083,443738,32616,32139,1035,33174,424
2021-03-05,Santa Clara,085,1922200,111608,111384,587,111971,1745
2021-03-05,Santa Cruz,087,273765,15548,14694,774,15468,188
2021-03-05,Shasta,089,179085,11028,11062,1261,12323,148
2021-03-05,Sierra,091,2930,51,48,12,60,0
2021-03-05,Siskiyou,093,43540,1529,1429,235,1664,5
2021-03-05,Solano,095,438530,30109,29951,368,30319,168
2021-03-05,Sonoma,097,501317,28397,28417,220,28637,279
2021-03-05,Stanislaus,099,539301,51257,50606,5350,55956,721
2021-03-05,Sutter,101,95872,8900,8876,79,8955,100
2021-03-05,Tehama,103,63373,4635,4606,486,5092,33
2021-03-05,Trinity,105,12862,468,302,77,379,3
2021-03-05,Tulare,107,460477,48615,47469,8072,55541,789
2021-03-05,Tuolumne,109,53932,3872,3917,37,3954,56
2021-03-05,Ventura,111,848112,78577,78368,2768,81136,839
2021-03-05,Yolo,113,214977,12998,12920,151,13071,188
2021-03-05,Yuba,115,75493,5567,5496,86,5582,42
2021-03-04,Alameda,001,1643700,81650,81115,1705,82820,1136
2021-03-04,Alpine,003,1148,82,78,0,78,0
2021-03-04,Amador,005,37829,3488,3480,31,3511,42
2021-03-04,Butte,007,227075,11407,11033,1642,12675,185
2021-03-04,Calaveras,009,45235,1931,1896,11,1907,48
2021-03-04,Colusa,011,21464,1878,1873,265,2138,11
2021-03-04,Contra Costa,013,1133247,63845,62789,1071,63860,708
2021-03-04,Del Norte,015,27424,1038,989,5,994,5
2021-03-04,El Dorado,017,186661,9230,9133,606,9739,97
2021-03-04,Fresno,019,978130,97248,96023,7741,103764,1422
2021-03-04,Glenn,021,27897,2270,2236,494,2730,15
2021-03-04,Humboldt,023,135768,3260,3212,22,3234,31
2021-03-04,Imperial,025,180216,27317,26946,2458,29404,646
2021-03-04,Inyo,027,18085,1331,1300,9,1309,35
2021-03-04,Kern,029,883053,94019,92525,9834,102359,1070
2021-03-04,Kings,031,150075,22391,22025,973,22998,224
2021-03-04,Lake,033,64148,3225,3181,6,3187,42
2021-03-04,Lassen,035,31185,5131,5116,96,5212,1
2021-03-04,Los Angeles,037,10098052,1177359,1159405,38363,1197768,21610
2021-03-04,Madera,039,155013,15786,15596,840,16436,208
2021-03-04,Marin,041,260295,13362,13240,163,13403,215
2021-03-04,Mariposa,043,17540,378,376,5,381,4
2021-03-04,Mendocino,045,87422,3671,3569,73,3642,42
2021-03-04,Merced,047,269075,28744,28671,925,29596,396
2021-03-04,Modoc,049,8938,342,336,116,452,3
2021-03-04,Mono,051,14174,1191,1197,16,1213,3
2021-03-04,Monterey,053,433212,42109,41771,1667,43438,325
2021-03-04,Napa,055,140530,9115,9094,31,9125,74
2021-03-04,Nevada,057,99092,4089,4020,161,4181,66
2021-03-04,Orange,059,3164182,248265,246354,10194,256548,4096
2021-03-04,Placer,061,380077,20819,19900,1120,21020,239
2021-03-04,Plumas,063,18699,647,634,10,644,4
2021-03-04,Riverside,065,2383286,286688,279871,13307,293178,3766
2021-03-04,Sacramento,067,1510023,95482,93982,1265,95247,1426
2021-03-04,San Benito,069,59416,5765,5781,89,5870,61
2021-03-04,San Bernardino,071,2135413,286818,282407,8523,290930,3757
2021-03-04,San Diego,073,3302833,265820,261858,13053,274911,3359
2021-03-04,San Francisco,075,870044,34440,34480,1079,35559,426
2021-03-04,San Joaquin,077,732212,67445,65931,2764,68695,1129
2021-03-04,San Luis Obispo,079,281455,19878,19520,559,20079,243
2021-03-04,San Mateo,081,765935,39810,39225,408,39633,322
2021-03-04,Santa Barbara,083,443738,32579,32090,1034,33124,423
2021-03-04,Santa Clara,085,1922200,111474,111194,585,111779,1723
2021-03-04,Santa Cruz,087,273765,15529,14669,774,15443,186
2021-03-04,Shasta,089,179085,11025,11050,1252,12302,150
2021-03-04,Sierra,091,2930,51,48,12,60,0
2021-03-04,Siskiyou,093,43540,1522,1427,235,1662,5
2021-03-04,Solano,095,438530,30082,29905,367,30272,168
2021-03-04,Sonoma,097,501317,28342,28379,219,28598,279
2021-03-04,Stanislaus,099,539301,51170,50521,5342,55863,731
2021-03-04,Sutter,101,95872,8888,8849,79,8928,100
2021-03-04,Tehama,103,63373,4627,4604,486,5090,33
2021-03-04,Trinity,105,12862,468,302,77,379,3
2021-03-04,Tulare,107,460477,48570,47398,8047,55445,784
2021-03-04,Tuolumne,109,53932,3866,3916,37,3953,56
2021-03-04,Ventura,111,848112,78487,78184,2765,80949,831
2021-03-04,Yolo,113,214977,12978,12895,151,13046,189
2021-03-04,Yuba,115,75493,5555,5483,86,5569,41
2021-03-03,Alameda,001,1643700,81530,80972,1704,82676,1127
2021-03-03,Alpine,003,1148,82,77,0,77,0
2021-03-03,Amador,005,37829,3486,3478,30,3508,42
2021-03-03,Butte,007,227075,11399,11014,1641,12655,184
2021-03-03,Calaveras,009,45235,1930,1893,11,1904,48
2021-03-03,Colusa,011,21464,1877,1873,265,2138,11
2021-03-03,Contra Costa,013,1133247,63747,62668,1068,63736,708
2021-03-03,Del Norte,015,27424,1035,988,5,993,5
2021-03-03,El Dorado,017,186661,9220,9121,606,9727,97
2021-03-03,Fresno,019,978130,97104,95893,7724,103617,1415
2021-03-03,Glenn,021,27897,2270,2233,494,2727,15
2021-03-03,Humboldt,023,135768,3249,3196,22,3218,30
2021-03-03,Imperial,025,180216,27301,26939,2454,29393,640
2021-03-03,Inyo,027,18085,1323,1294,9,1303,35
2021-03-03,Kern,029,883053,93943,92434,9817,102251,1063
2021-03-03,Kings,031,150075,22375,22009,972,22981,223
2021-03-03,Lake,033,64148,3218,3175,6,3181,40
2021-03-03,Lassen,035,31185,5131,5115,96,5211,1
2021-03-03,Los Angeles,037,10098052,1176720,1157911,38324,1196235,21500
2021-03-03,Madera,039,155013,15767,15553,834,16387,203
2021-03-03,Marin,041,260295,13348,13216,163,13379,214
2021-03-03,Mariposa,043,17540,377,376,5,381,4
2021-03-03,Mendocino,045,87422,3663,3564,73,3637,42
2021-03-03,Merced,047,269075,28692,28625,925,29550,393
2021-03-03,Modoc,049,8938,342,333,115,448,3
2021-03-03,Mono,051,14174,1191,1191,16,1207,3
2021-03-03,Monterey,053,433212,42077,41731,1664,43395,325
2021-03-03,Napa,055,140530,9107,9090,31,9121,72
2021-03-03,Nevada,057,99092,4079,4009,161,4170,66
2021-03-03,Orange,059,3164182,248120,246120,10180,256300,4072
2021-03-03,Placer,061,380077,20793,19851,1117,20968,239
2021-03-03,Plumas,063,18699,646,631,10,641,4
2021-03-03,Riverside,065,2383286,286555,279626,13301,292927,3735
2021-03-03,Sacramento,067,1510023,95321,93819,1257,95076,1419
2021-03-03,San Benito,069,59416,5764,5774,89,5863,61
2021-03-03,San Bernardino,071,2135413,286677,282138,8517,290655,3664
2021-03-03,San Diego,073,3302833,265556,261350,13022,274372,3342
2021-03-03,San Francisco,075,870044,34408,34443,1076,35519,426
2021-03-03,San Joaquin,077,732212,67332,65855,2757,68612,1115
2021-03-03,San Luis Obispo,079,281455,19852,19479,556,20035,241
2021-03-03,San Mateo,081,765935,39764,39189,407,39596,319
2021-03-03,Santa Barbara,083,443738,32541,32027,1034,33061,421
2021-03-03,Santa Clara,085,1922200,111320,110991,583,111574,1720
2021-03-03,Santa Cruz,087,273765,15518,14645,774,15419,185
2021-03-03,Shasta,089,179085,11015,11023,1245,12268,150
2021-03-03,Sierra,091,2930,51,48,12,60,0
2021-03-03,Siskiyou,093,43540,1520,1424,235,1659,5
2021-03-03,Solano,095,438530,30046,29866,366,30232,167
2021-03-03,Sonoma,097,501317,28303,28307,218,28525,279
2021-03-03,Stanislaus,099,539301,51092,50438,5335,55773,730
2021-03-03,Sutter,101,95872,8880,8840,79,8919,99
2021-03-03,Tehama,103,63373,4625,4601,486,5087,32
2021-03-03,Trinity,105,12862,468,302,77,379,3
2021-03-03,Tulare,107,460477,48519,47348,8018,55366,778
2021-03-03,Tuolumne,109,53932,3864,3914,36,3950,56
2021-03-03,Ventura,111,848112,78403,78057,2760,80817,822
2021-03-03,Yolo,113,214977,12965,12890,151,13041,189
2021-03-03,Yuba,115,75493,5542,5479,86,5565,41
2021-03-02,Alameda,001,1643700,81408,80904,1702,82606,1116
2021-03-02,Alpine,003,1148,82,77,0,77,0
2021-03-02,Amador,005,37829,3484,3474,30,3504,42
2021-03-02,Butte,007,227075,11389,11007,1638,12645,182
2021-03-02,Calaveras,009,45235,1922,1890,11,1901,48
2021-03-02,Colusa,011,21464,1877,1872,264,2136,11
2021-03-02,Contra Costa,013,1133247,63636,62557,1064,63621,694
2021-03-02,Del Norte,015,27424,1028,983,5,988,5
2021-03-02,El Dorado,017,186661,9212,9116,606,9722,98
2021-03-02,Fresno,019,978130,96958,95785,7698,103483,1410
2021-03-02,Glenn,021,27897,2264,2232,493,2725,15
2021-03-02,Humboldt,023,135768,3230,3184,22,3206,30
2021-03-02,Imperial,025,180216,27291,26926,2452,29378,637
2021-03-02,Inyo,027,18085,1319,1292,9,1301,35
2021-03-02,Kern,029,883053,93837,92313,9790,102103,1046
2021-03-02,Kings,031,150075,22323,21999,969,22968,217
2021-03-02,Lake,033,64148,3212,3169,6,3175,40
2021-03-02,Lassen,035,31185,5126,5115,95,5210,1
2021-03-02,Los Angeles,037,10098052,1176084,1156826,38279,1195105,21395
2021-03-02,Madera,039,155013,15747,15523,831,16354,194
2021-03-02,Marin,041,260295,13325,13186,162,13348,214
2021-03-02,Mariposa,043,17540,377,376,5,381,4
2021-03-02,Mendocino,045,87422,3660,3562,72,3634,41
2021-03-02,Merced,047,269075,28635,28598,925,29523,389
2021-03-02,Modoc,049,8938,342,332,115,447,3
2021-03-02,Mono,051,14174,1190,1191,16,1207,3
2021-03-02,Monterey,053,433212,42050,41716,1664,43380,325
2021-03-02,Napa,055,140530,9096,9080,31,9111,71
2021-03-02,Nevada,057,99092,4070,3983,160,4143,66
2021-03-02,Orange,059,3164182,247975,246004,10162,256166,4037
2021-03-02,Placer,061,380077,20740,19828,1114,20942,239
2021-03-02,Plumas,063,18699,643,628,10,638,4
2021-03-02,Riverside,065,2383286,286383,279486,13293,292779,3721
2021-03-02,Sacramento,067,1510023,95154,93690,1256,94946,1411
2021-03-02,San Benito,069,59416,5757,5770,89,5859,60
2021-03-02,San Bernardino,071,2135413,286543,281919,8511,290430,3604
2021-03-02,San Diego,073,3302833,265312,260998,13000,273998,3317
2021-03-02,San Francisco,075,870044,34368,34387,1072,35459,424
2021-03-02,San Joaquin,077,732212,67224,65769,2740,68509,1111
2021-03-02,San Luis Obispo,079,281455,19820,19452,556,20008,241
2021-03-02,San Mateo,081,765935,39712,39148,406,39554,317
2021-03-02,Santa Barbara,083,443738,32492,31964,1030,32994,416
2021-03-02,Santa Clara,085,1922200,111141,110832,582,111414,1706
2021-03-02,Santa Cruz,087,273765,15504,14611,772,15383,185
2021-03-02,Shasta,089,179085,11001,11012,1234,12246,149
2021-03-02,Sierra,091,2930,51,48,12,60,0
2021-03-02,Siskiyou,093,43540,1516,1412,233,1645,5
2021-03-02,Solano,095,438530,30013,29827,364,30191,167
2021-03-02,Sonoma,097,501317,28248,28261,218,28479,279
2021-03-02,Stanislaus,099,539301,51005,50359,5323,55682,724
2021-03-02,Sutter,101,95872,8871,8832,79,8911,99
2021-03-02,Tehama,103,63373,4621,4597,485,5082,32
2021-03-02,Trinity,105,12862,468,301,77,378,3
2021-03-02,Tulare,107,460477,48456,47326,7998,55324,783
2021-03-02,Tuolumne,109,53932,3860,3908,36,3944,53
2021-03-02,Ventura,111,848112,78310,77952,2756,80708,780
2021-03-02,Yolo,113,214977,12949,12867,151,13018,189
2021-03-02,Yuba,115,75493,5534,5475,86,5561,41
2021-03-01,Alameda,001,1643700,81281,80805,1700,82505,1105
2021-03-01,Alpine,003,1148,80,77,0,77,0
2021-03-01,Amador,005,37829,3481,3469,30,3499,42
2021-03-01,Butte,007,227075,11374,10981,1634,12615,180
2021-03-01,Calaveras,009,45235,1917,1885,11,1896,46
2021-03-01,Colusa,011,21464,1876,1871,264,2135,11
2021-03-01,Contra Costa,013,1133247,63528,62458,1063,63521,694
2021-03-01,Del Norte,015,27424,1023,982,5,987,5
2021-03-01,El Dorado,017,186661,9188,9085,606,9691,98
2021-03-01,Fresno,019,978130,96820,95677,7675,103352,1405
2021-03-01,Glenn,021,27897,2259,2232,492,2724,15
2021-03-01,Humboldt,023,135768,3211,3179,22,3201,30
2021-03-01,Imperial,025,180216,27281,26913,2444,29357,636
2021-03-01,Inyo,027,18085,1316,1285,9,1294,35
2021-03-01,Kern,029,883053,93748,92219,9764,101983,1041
2021-03-01,Kings,031,150075,22306,21988,963,22951,217
2021-03-01,Lake,033,64148,3207,3164,6,3170,40
2021-03-01,Lassen,035,31185,5124,5111,95,5206,1
2021-03-01,Los Angeles,037,10098052,1175424,1155984,38239,1194223,21293
2021-03-01,Madera,039,155013,15718,15505,821,16326,194
2021-03-01,Marin,041,260295,13297,13161,161,13322,214
2021-03-01,Mariposa,043,17540,377,375,5,380,4
2021-03-01,Mendocino,045,87422,3653,3561,72,3633,41
2021-03-01,Merced,047,269075,28590,28575,921,29496,385
2021-03-01,Modoc,049,8938,339,331,114,445,3
2021-03-01,Mono,051,14174,1189,1192,16,1208,3
2021-03-01,Monterey,053,433212,42025,41697,1662,43359,324
2021-03-01,Napa,055,140530,9088,9056,31,9087,70
2021-03-01,Nevada,057,99092,4051,3979,160,4139,66
2021-03-01,Orange,059,3164182,247782,245852,10148,256000,3976
2021-03-01,Placer,061,380077,20701,19803,1111,20914,239
2021-03-01,Plumas,063,18699,643,628,10,638,4
2021-03-01,Riverside,065,2383286,286164,279323,13286,292609,3680
2021-03-01,Sacramento,067,1510023,95009,93546,1254,94800,1401
2021-03-01,San Benito,069,59416,5752,5772,89,5861,57
2021-03-01,San Bernardino,071,2135413,286399,281685,8507,290192,3603
2021-03-01,San Diego,073,3302833,264995,260622,12967,273589,3303
2021-03-01,San Francisco,075,870044,34324,34318,1064,35382,424
2021-03-01,San Joaquin,077,732212,67115,65699,2730,68429,1097
2021-03-01,San Luis Obispo,079,281455,19798,19429,554,19983,239
2021-03-01,San Mateo,081,765935,39660,39096,406,39502,314
2021-03-01,Santa Barbara,083,443738,32449,31909,1029,32938,413
2021-03-01,Santa Clara,085,1922200,110982,110684,579,111263,1704
2021-03-01,Santa Cruz,087,273765,15485,14575,771,15346,185
2021-03-01,Shasta,089,179085,10989,10990,1231,12221,149
2021-03-01,Sierra,091,2930,51,48,12,60,0
2021-03-01,Siskiyou,093,43540,1512,1408,231,1639,5
2021-03-01,Solano,095,438530,29970,29779,363,30142,166
2021-03-01,Sonoma,097,501317,28200,28222,216,28438,278
2021-03-01,Stanislaus,099,539301,50931,50293,5317,55610,722
2021-03-01,Sutter,101,95872,8860,8825,79,8904,99
2021-03-01,Tehama,103,63373,4615,4595,485,5080,32
2021-03-01,Trinity,105,12862,468,298,76,374,3
2021-03-01,Tulare,107,460477,48418,47275,7964,55239,781
2021-03-01,Tuolumne,109,53932,3857,3907,36,3943,53
2021-03-01,Ventura,111,848112,78229,77849,2755,80604,775
2021-03-01,Yolo,113,214977,12932,12854,149,13003,188
2021-03-01,Yuba,115,75493,5522,5466,86,5552,41
2021-02-28,Alameda,001,1643700,81160,80727,1698,82425,1105
2021-02-28,Alpine,003,1148,80,77,0,77,0
2021-02-28,Amador,005,37829,3476,3466,29,3495,42
2021-02-28,Butte,007,227075,11359,10970,1633,12603,180
2021-02-28,Calaveras,009,45235,1913,1881,11,1892,46
2021-02-28,Colusa,011,21464,1876,1871,263,2134,11
2021-02-28,Contra Costa,013,1133247,63401,62386,1058,63444,694
2021-02-28,Del Norte,015,27424,1021,981,5,986,5
2021-02-28,El Dorado,017,186661,9177,9082,606,9688,98
2021-02-28,Fresno,019,978130,96638,95548,7641,103189,1405
2021-02-28,Glenn,021,27897,2257,2230,490,2720,15
2021-02-28,Humboldt,023,135768,3188,3179,22,3201,30
2021-02-28,Imperial,025,180216,27255,26909,2440,29349,636
2021-02-28,Inyo,027,18085,1311,1282,9,1291,35
2021-02-28,Kern,029,883053,93632,92169,9744,101913,1012
2021-02-28,Kings,031,150075,22285,21967,962,22929,217
2021-02-28,Lake,033,64148,3202,3164,6,3170,40
2021-02-28,Lassen,035,31185,5123,5106,95,5201,1
2021-02-28,Los Angeles,037,10098052,1174636,1155141,38177,1193318,21261
2021-02-28,Madera,039,155013,15676,15496,818,16314,199
2021-02-28,Marin,041,260295,13274,13152,159,13311,214
2021-02-28,Mariposa,043,17540,377,374,5,379,4
2021-02-28,Mendocino,045,87422,3647,3558,72,3630,41
2021-02-28,Merced,047,269075,28527,28546,920,29466,384
2021-02-28,Modoc,049,8938,339,331,114,445,3
2021-02-28,Mono,051,14174,1186,1192,16,1208,3
2021-02-28,Monterey,053,433212,41993,41683,1660,43343,323
2021-02-28,Napa,055,140530,9069,9053,31,9084,70
2021-02-28,Nevada,057,99092,4038,3972,160,4132,66
2021-02-28,Orange,059,3164182,247585,245706,10141,255847,3970
2021-02-28,Placer,061,380077,20655,19775,1109,20884,239
2021-02-28,Plumas,063,18699,643,628,10,638,4
2021-02-28,Riverside,065,2383286,285931,279214,13275,292489,3661
2021-02-28,Sacramento,067,1510023,94825,93463,1249,94712,1398
2021-02-28,San Benito,069,59416,5741,5772,89,5861,57
2021-02-28,San Bernardino,071,2135413,286257,281620,8495,290115,3595
2021-02-28,San Diego,073,3302833,264698,260353,12933,273286,3303
2021-02-28,San Francisco,075,870044,34282,34291,1058,35349,417
2021-02-28,San Joaquin,077,732212,67007,65662,2721,68383,1097
2021-02-28,San Luis Obispo,079,281455,19762,19422,552,19974,237
2021-02-28,San Mateo,081,765935,39607,39059,405,39464,314
2021-02-28,Santa Barbara,083,443738,32397,31877,1029,32906,413
2021-02-28,Santa Clara,085,1922200,110783,110556,576,111132,1704
2021-02-28,Santa Cruz,087,273765,15456,14571,768,15339,185
2021-02-28,Shasta,089,179085,10968,10990,1227,12217,149
2021-02-28,Sierra,091,2930,51,48,12,60,0
2021-02-28,Siskiyou,093,43540,1504,1408,231,1639,5
2021-02-28,Solano,095,438530,29915,29758,357,30115,166
2021-02-28,Sonoma,097,501317,28137,28193,215,28408,279
2021-02-28,Stanislaus,099,539301,50840,50228,5305,55533,728
2021-02-28,Sutter,101,95872,8845,8825,79,8904,99
2021-02-28,Tehama,103,63373,4610,4590,485,5075,32
2021-02-28,Trinity,105,12862,468,298,76,374,3
2021-02-28,Tulare,107,460477,48356,47258,7933,55191,780
2021-02-28,Tuolumne,109,53932,3852,3905,36,3941,53
2021-02-28,Ventura,111,848112,78117,77749,2752,80501,775
2021-02-28,Yolo,113,214977,12909,12851,149,13000,188
2021-02-28,Yuba,115,75493,5512,5461,86,5547,41
2021-02-27,Alameda,001,1643700,81087,80565,1696,82261,1108
2021-02-27,Alpine,003,1148,80,77,0,77,0
2021-02-27,Amador,005,37829,3474,3463,29,3492,42
2021-02-27,Butte,007,227075,11347,10962,1633,12595,180
2021-02-27,Calaveras,009,45235,1908,1875,11,1886,46
2021-02-27,Colusa,011,21464,1875,1869,263,2132,11
2021-02-27,Contra Costa,013,1133247,63331,62248,1055,63303,693
2021-02-27,Del Norte,015,27424,1019,978,5,983,5
2021-02-27,El Dorado,017,186661,9173,9072,606,9678,98
2021-02-27,Fresno,019,978130,96561,95393,7630,103023,1400
2021-02-27,Glenn,021,27897,2256,2225,489,2714,15
2021-02-27,Humboldt,023,135768,3182,3167,22,3189,30
2021-02-27,Imperial,025,180216,27247,26903,2438,29341,633
2021-02-27,Inyo,027,18085,1308,1275,9,1284,35
2021-02-27,Kern,029,883053,93571,92053,9729,101782,996
2021-02-27,Kings,031,150075,22275,21955,959,22914,216
2021-02-27,Lake,033,64148,3199,3156,6,3162,40
2021-02-27,Lassen,035,31185,5123,5106,95,5201,1
2021-02-27,Los Angeles,037,10098052,1174134,1154275,38150,1192425,21158
2021-02-27,Madera,039,155013,15659,15467,817,16284,199
2021-02-27,Marin,041,260295,13250,13134,159,13293,214
2021-02-27,Mariposa,043,17540,377,374,5,379,4
2021-02-27,Mendocino,045,87422,3644,3555,72,3627,41
2021-02-27,Merced,047,269075,28485,28501,912,29413,384
2021-02-27,Modoc,049,8938,339,331,113,444,3
2021-02-27,Mono,051,14174,1184,1191,16,1207,3
2021-02-27,Monterey,053,433212,41984,41665,1659,43324,322
2021-02-27,Napa,055,140530,9058,9038,31,9069,71
2021-02-27,Nevada,057,99092,4032,3960,160,4120,66
2021-02-27,Orange,059,3164182,247458,245542,10130,255672,3960
2021-02-27,Placer,061,380077,20619,19726,1106,20832,239
2021-02-27,Plumas,063,18699,643,628,10,638,4
2021-02-27,Riverside,065,2383286,285821,279048,13265,292313,3663
2021-02-27,Sacramento,067,1510023,94742,93281,1239,94520,1396
2021-02-27,San Benito,069,59416,5740,5767,88,5855,57
2021-02-27,San Bernardino,071,2135413,286178,281471,8490,289961,3527
2021-02-27,San Diego,073,3302833,264508,260091,12895,272986,3284
2021-02-27,San Francisco,075,870044,34248,34260,1055,35315,413
2021-02-27,San Joaquin,077,732212,66961,65578,2719,68297,1100
2021-02-27,San Luis Obispo,079,281455,19741,19411,551,19962,237
2021-02-27,San Mateo,081,765935,39566,38998,404,39402,313
2021-02-27,Santa Barbara,083,443738,32363,31805,1028,32833,411
2021-02-27,Santa Clara,085,1922200,110635,110361,574,110935,1703
2021-02-27,Santa Cruz,087,273765,15447,14552,767,15319,185
2021-02-27,Shasta,089,179085,10962,10985,1223,12208,149
2021-02-27,Sierra,091,2930,51,48,12,60,0
2021-02-27,Siskiyou,093,43540,1502,1407,230,1637,5
2021-02-27,Solano,095,438530,29887,29718,356,30074,165
2021-02-27,Sonoma,097,501317,28093,28141,210,28351,281
2021-02-27,Stanislaus,099,539301,50785,50147,5295,55442,733
2021-02-27,Sutter,101,95872,8840,8820,79,8899,99
2021-02-27,Tehama,103,63373,4605,4584,484,5068,32
2021-02-27,Trinity,105,12862,468,298,76,374,3
2021-02-27,Tulare,107,460477,48319,47209,7907,55116,770
2021-02-27,Tuolumne,109,53932,3849,3899,36,3935,53
2021-02-27,Ventura,111,848112,78044,77623,2749,80372,771
2021-02-27,Yolo,113,214977,12897,12834,149,12983,188
2021-02-27,Yuba,115,75493,5509,5450,86,5536,39
2021-02-26,Alameda,001,1643700,80992,80387,1691,82078,1106
2021-02-26,Alpine,003,1148,80,77,0,77,0
2021-02-26,Amador,005,37829,3468,3457,29,3486,42
2021-02-26,Butte,007,227075,11337,10941,1633,12574,180
2021-02-26,Calaveras,009,45235,1906,1873,11,1884,46
2021-02-26,Colusa,011,21464,1875,1865,263,2128,11
2021-02-26,Contra Costa,013,1133247,63249,62114,1055,63169,685
2021-02-26,Del Norte,015,27424,1015,968,5,973,5
2021-02-26,El Dorado,017,186661,9168,9038,604,9642,98
2021-02-26,Fresno,019,978130,96459,95202,7622,102824,1391
2021-02-26,Glenn,021,27897,2253,2220,489,2709,15
2021-02-26,Humboldt,023,135768,3176,3152,22,3174,30
2021-02-26,Imperial,025,180216,27240,26888,2436,29324,631
2021-02-26,Inyo,027,18085,1306,1271,9,1280,34
2021-02-26,Kern,029,883053,93492,91884,9713,101597,997
2021-02-26,Kings,031,150075,22259,21917,956,22873,216
2021-02-26,Lake,033,64148,3194,3153,6,3159,40
2021-02-26,Lassen,035,31185,5123,5102,95,5197,1
2021-02-26,Los Angeles,037,10098052,1173557,1153131,38090,1191221,21070
2021-02-26,Madera,039,155013,15643,15436,815,16251,199
2021-02-26,Marin,041,260295,13237,13091,159,13250,214
2021-02-26,Mariposa,043,17540,377,375,5,380,4
2021-02-26,Mendocino,045,87422,3639,3549,72,3621,41
2021-02-26,Merced,047,269075,28451,28455,911,29366,382
2021-02-26,Modoc,049,8938,338,330,113,443,3
2021-02-26,Mono,051,14174,1182,1191,16,1207,3
2021-02-26,Monterey,053,433212,41958,41607,1658,43265,322
2021-02-26,Napa,055,140530,9052,9014,31,9045,70
2021-02-26,Nevada,057,99092,4021,3952,160,4112,66
2021-02-26,Orange,059,3164182,247319,245278,10120,255398,3918
2021-02-26,Placer,061,380077,20593,19712,1100,20812,239
2021-02-26,Plumas,063,18699,643,628,10,638,4
2021-02-26,Riverside,065,2383286,285677,278772,13259,292031,3653
2021-02-26,Sacramento,067,1510023,94619,93180,1236,94416,1390
2021-02-26,San Benito,069,59416,5739,5759,88,5847,57
2021-02-26,San Bernardino,071,2135413,286078,281132,8488,289620,3461
2021-02-26,San Diego,073,3302833,264280,259641,12874,272515,3271
2021-02-26,San Francisco,075,870044,34218,34213,1052,35265,413
2021-02-26,San Joaquin,077,732212,66880,65492,2713,68205,1070
2021-02-26,San Luis Obispo,079,281455,19725,19359,549,19908,234
2021-02-26,San Mateo,081,765935,39521,38922,404,39326,313
2021-02-26,Santa Barbara,083,443738,32319,31724,1027,32751,410
2021-02-26,Santa Clara,085,1922200,110503,110168,572,110740,1700
2021-02-26,Santa Cruz,087,273765,15435,14528,766,15294,185
2021-02-26,Shasta,089,179085,10955,10972,1214,12186,149
2021-02-26,Sierra,091,2930,51,47,12,59,0
2021-02-26,Siskiyou,093,43540,1502,1401,229,1630,5
2021-02-26,Solano,095,438530,29853,29651,355,30006,165
2021-02-26,Sonoma,097,501317,28064,28063,209,28272,280
2021-02-26,Stanislaus,099,539301,50729,50054,5287,55341,737
2021-02-26,Sutter,101,95872,8831,8806,79,8885,99
2021-02-26,Tehama,103,63373,4603,4581,484,5065,32
2021-02-26,Trinity,105,12862,467,298,76,374,3
2021-02-26,Tulare,107,460477,48283,47135,7878,55013,770
2021-02-26,Tuolumne,109,53932,3848,3896,36,3932,53
2021-02-26,Ventura,111,848112,77944,77534,2745,80279,765
2021-02-26,Yolo,113,214977,12890,12816,149,12965,188
2021-02-26,Yuba,115,75493,5504,5438,86,5524,39
2021-02-25,Alameda,001,1643700,80871,80181,1690,81871,1093
2021-02-25,Alpine,003,1148,80,77,0,77,0
2021-02-25,Amador,005,37829,3465,3448,29,3477,41
2021-02-25,Butte,007,227075,11316,10922,1628,12550,178
2021-02-25,Calaveras,009,45235,1898,1868,11,1879,46
2021-02-25,Colusa,011,21464,1872,1863,262,2125,11
2021-02-25,Contra Costa,013,1133247,63147,61910,1055,62965,686
2021-02-25,Del Norte,015,27424,1005,966,5,971,5
2021-02-25,El Dorado,017,186661,9152,9012,604,9616,98
2021-02-25,Fresno,019,978130,96315,95015,7602,102617,1377
2021-02-25,Glenn,021,27897,2250,2219,488,2707,15
2021-02-25,Humboldt,023,135768,3169,3129,22,3151,30
2021-02-25,Imperial,025,180216,27233,26855,2432,29287,628
2021-02-25,Inyo,027,18085,1300,1264,9,1273,33
2021-02-25,Kern,029,883053,93376,91735,9688,101423,992
2021-02-25,Kings,031,150075,22250,21900,953,22853,216
2021-02-25,Lake,033,64148,3185,3141,6,3147,40
2021-02-25,Lassen,035,31185,5122,5097,94,5191,1
2021-02-25,Los Angeles,037,10098052,1172811,1151846,38032,1189878,20931
2021-02-25,Madera,039,155013,15608,15414,811,16225,194
2021-02-25,Marin,041,260295,13214,13067,159,13226,214
2021-02-25,Mariposa,043,17540,377,375,5,380,4
2021-02-25,Mendocino,045,87422,3634,3542,72,3614,41
2021-02-25,Merced,047,269075,28402,28383,909,29292,382
2021-02-25,Modoc,049,8938,338,329,113,442,3
2021-02-25,Mono,051,14174,1181,1190,16,1206,3
2021-02-25,Monterey,053,433212,41933,41564,1653,43217,321
2021-02-25,Napa,055,140530,9026,8998,31,9029,70
2021-02-25,Nevada,057,99092,4004,3940,159,4099,66
2021-02-25,Orange,059,3164182,247146,245000,10110,255110,3882
2021-02-25,Placer,061,380077,20554,19661,1098,20759,239
2021-02-25,Plumas,063,18699,643,626,10,636,4
2021-02-25,Riverside,065,2383286,285489,278544,13239,291783,3646
2021-02-25,Sacramento,067,1510023,94461,92961,1224,94185,1386
2021-02-25,San Benito,069,59416,5734,5752,88,5840,58
2021-02-25,San Bernardino,071,2135413,285943,280946,8480,289426,3409
2021-02-25,San Diego,073,3302833,263986,258979,12844,271823,3260
2021-02-25,San Francisco,075,870044,34175,34138,1050,35188,408
2021-02-25,San Joaquin,077,732212,66796,65389,2701,68090,1047
2021-02-25,San Luis Obispo,079,281455,19704,19335,547,19882,234
2021-02-25,San Mateo,081,765935,39474,38872,404,39276,300
2021-02-25,Santa Barbara,083,443738,32242,31631,1026,32657,408
2021-02-25,Santa Clara,085,1922200,110338,109923,571,110494,1677
2021-02-25,Santa Cruz,087,273765,15416,14492,765,15257,185
2021-02-25,Shasta,089,179085,10943,10947,1209,12156,148
2021-02-25,Sierra,091,2930,51,47,12,59,0
2021-02-25,Siskiyou,093,43540,1497,1390,226,1616,4
2021-02-25,Solano,095,438530,29821,29616,355,29971,161
2021-02-25,Sonoma,097,501317,28010,28004,206,28210,278
2021-02-25,Stanislaus,099,539301,50638,49964,5277,55241,738
2021-02-25,Sutter,101,95872,8817,8789,78,8867,99
2021-02-25,Tehama,103,63373,4600,4578,482,5060,32
2021-02-25,Trinity,105,12862,467,297,76,373,3
2021-02-25,Tulare,107,460477,48233,47052,7852,54904,765
2021-02-25,Tuolumne,109,53932,3845,3894,36,3930,53
2021-02-25,Ventura,111,848112,77836,77395,2739,80134,751
2021-02-25,Yolo,113,214977,12873,12787,149,12936,188
2021-02-25,Yuba,115,75493,5497,5429,86,5515,39
2021-02-24,Alameda,001,1643700,80751,80070,1686,81756,1082
2021-02-24,Alpine,003,1148,79,77,0,77,0
2021-02-24,Amador,005,37829,3460,3444,29,3473,41
2021-02-24,Butte,007,227075,11303,10915,1624,12539,178
2021-02-24,Calaveras,009,45235,1894,1864,11,1875,31
2021-02-24,Colusa,011,21464,1870,1863,262,2125,11
2021-02-24,Contra Costa,013,1133247,63039,61776,1055,62831,663
2021-02-24,Del Norte,015,27424,1004,960,4,964,5
2021-02-24,El Dorado,017,186661,9139,8993,604,9597,98
2021-02-24,Fresno,019,978130,96166,94794,7586,102380,1369
2021-02-24,Glenn,021,27897,2249,2210,488,2698,14
2021-02-24,Humboldt,023,135768,3157,3123,22,3145,29
2021-02-24,Imperial,025,180216,27220,26843,2427,29270,596
2021-02-24,Inyo,027,18085,1295,1253,9,1262,32
2021-02-24,Kern,029,883053,93243,91525,9672,101197,992
2021-02-24,Kings,031,150075,22225,21871,951,22822,216
2021-02-24,Lake,033,64148,3178,3134,6,3140,40
2021-02-24,Lassen,035,31185,5118,5095,93,5188,1
2021-02-24,Los Angeles,037,10098052,1172049,1150322,37993,1188315,20817
2021-02-24,Madera,039,155013,15581,15390,811,16201,194
2021-02-24,Marin,041,260295,13191,13044,158,13202,214
2021-02-24,Mariposa,043,17540,377,374,5,379,4
2021-02-24,Mendocino,045,87422,3627,3540,72,3612,41
2021-02-24,Merced,047,269075,28364,28295,905,29200,383
2021-02-24,Modoc,049,8938,337,329,113,442,3
2021-02-24,Mono,051,14174,1179,1189,16,1205,3
2021-02-24,Monterey,053,433212,41908,41495,1651,43146,320
2021-02-24,Napa,055,140530,9009,8976,31,9007,70
2021-02-24,Nevada,057,99092,3994,3927,159,4086,66
2021-02-24,Orange,059,3164182,246927,244743,10097,254840,3835
2021-02-24,Placer,061,380077,20515,19648,1092,20740,239
2021-02-24,Plumas,063,18699,641,626,10,636,4
2021-02-24,Riverside,065,2383286,285261,278293,13230,291523,3603
2021-02-24,Sacramento,067,1510023,94307,92742,1219,93961,1375
2021-02-24,San Benito,069,59416,5733,5743,88,5831,57
2021-02-24,San Bernardino,071,2135413,285791,280583,8476,289059,3360
2021-02-24,San Diego,073,3302833,263690,258460,12828,271288,3230
2021-02-24,San Francisco,075,870044,34129,34061,1047,35108,406
2021-02-24,San Joaquin,077,732212,66686,65274,2699,67973,1019
2021-02-24,San Luis Obispo,079,281455,19681,19309,545,19854,233
2021-02-24,San Mateo,081,765935,39437,38763,404,39167,300
2021-02-24,Santa Barbara,083,443738,32190,31563,1023,32586,405
2021-02-24,Santa Clara,085,1922200,110190,109671,570,110241,1674
2021-02-24,Santa Cruz,087,273765,15395,14458,765,15223,185
2021-02-24,Shasta,089,179085,10930,10922,1206,12128,148
2021-02-24,Sierra,091,2930,51,47,12,59,0
2021-02-24,Siskiyou,093,43540,1490,1385,222,1607,4
2021-02-24,Solano,095,438530,29782,29577,353,29930,158
2021-02-24,Sonoma,097,501317,27946,27954,202,28156,278
2021-02-24,Stanislaus,099,539301,50567,49851,5270,55121,732
2021-02-24,Sutter,101,95872,8807,8778,78,8856,99
2021-02-24,Tehama,103,63373,4597,4566,482,5048,31
2021-02-24,Trinity,105,12862,467,294,75,369,3
2021-02-24,Tulare,107,460477,48177,46976,7824,54800,759
2021-02-24,Tuolumne,109,53932,3842,3887,36,3923,53
2021-02-24,Ventura,111,848112,77728,77238,2738,79976,718
2021-02-24,Yolo,113,214977,12860,12760,149,12909,188
2021-02-24,Yuba,115,75493,5486,5425,84,5509,39
2021-02-23,Alameda,001,1643700,80613,79948,1684,81632,1070
2021-02-23,Alpine,003,1148,78,77,0,77,0
2021-02-23,Amador,005,37829,3458,3440,29,3469,41
2021-02-23,Butte,007,227075,11287,10887,1621,12508,176
2021-02-23,Calaveras,009,45235,1893,1863,11,1874,21
2021-02-23,Colusa,011,21464,1867,1862,262,2124,11
2021-02-23,Contra Costa,013,1133247,62905,61613,1052,62665,661
2021-02-23,Del Norte,015,27424,1002,953,4,957,3
2021-02-23,El Dorado,017,186661,9126,8969,604,9573,96
2021-02-23,Fresno,019,978130,96005,94741,7572,102313,1356
2021-02-23,Glenn,021,27897,2247,2209,488,2697,14
2021-02-23,Humboldt,023,135768,3140,3108,22,3130,29
2021-02-23,Imperial,025,180216,27200,26816,2422,29238,591
2021-02-23,Inyo,027,18085,1291,1250,9,1259,32
2021-02-23,Kern,029,883053,93104,91390,9644,101034,982
2021-02-23,Kings,031,150075,22210,21839,947,22786,216
2021-02-23,Lake,033,64148,3170,3121,6,3127,40
2021-02-23,Lassen,035,31185,5115,5092,93,5185,1
2021-02-23,Los Angeles,037,10098052,1171176,1148965,37941,1186906,19887
2021-02-23,Madera,039,155013,15567,15352,805,16157,193
2021-02-23,Marin,041,260295,13171,13015,157,13172,214
2021-02-23,Mariposa,043,17540,377,374,5,379,4
2021-02-23,Mendocino,045,87422,3625,3540,71,3611,41
2021-02-23,Merced,047,269075,28284,28209,898,29107,381
2021-02-23,Modoc,049,8938,336,328,112,440,3
2021-02-23,Mono,051,14174,1179,1189,16,1205,3
2021-02-23,Monterey,053,433212,41869,41439,1646,43085,317
2021-02-23,Napa,055,140530,8997,8967,31,8998,70
2021-02-23,Nevada,057,99092,3986,3912,159,4071,66
2021-02-23,Orange,059,3164182,246729,244566,10079,254645,3843
2021-02-23,Placer,061,380077,20490,19608,1088,20696,238
2021-02-23,Plumas,063,18699,640,626,10,636,4
2021-02-23,Riverside,065,2383286,285024,278075,13216,291291,3599
2021-02-23,Sacramento,067,1510023,94150,92632,1213,93845,1370
2021-02-23,San Benito,069,59416,5727,5731,87,5818,57
2021-02-23,San Bernardino,071,2135413,285603,280279,8471,288750,3283
2021-02-23,San Diego,073,3302833,263313,257802,12798,270600,3218
2021-02-23,San Francisco,075,870044,34080,33994,1046,35040,405
2021-02-23,San Joaquin,077,732212,66586,65141,2692,67833,1004
2021-02-23,San Luis Obispo,079,281455,19652,19233,544,19777,230
2021-02-23,San Mateo,081,765935,39376,38662,404,39066,299
2021-02-23,Santa Barbara,083,443738,32135,31483,1022,32505,402
2021-02-23,Santa Clara,085,1922200,109993,109449,567,110016,1661
2021-02-23,Santa Cruz,087,273765,15366,14435,763,15198,178
2021-02-23,Shasta,089,179085,10918,10903,1202,12105,146
2021-02-23,Sierra,091,2930,51,47,12,59,0
2021-02-23,Siskiyou,093,43540,1485,1380,220,1600,4
2021-02-23,Solano,095,438530,29742,29545,350,29895,154
2021-02-23,Sonoma,097,501317,27903,27882,199,28081,278
2021-02-23,Stanislaus,099,539301,50489,49749,5254,55003,722
2021-02-23,Sutter,101,95872,8794,8766,78,8844,98
2021-02-23,Tehama,103,63373,4591,4556,481,5037,30
2021-02-23,Trinity,105,12862,467,292,74,366,3
2021-02-23,Tulare,107,460477,48099,46937,7791,54728,757
2021-02-23,Tuolumne,109,53932,3838,3864,36,3900,53
2021-02-23,Ventura,111,848112,77612,77093,2729,79822,689
2021-02-23,Yolo,113,214977,12831,12729,149,12878,188
2021-02-23,Yuba,115,75493,5473,5417,83,5500,38
2021-02-22,Alameda,001,1643700,80462,79796,1680,81476,1062
2021-02-22,Alpine,003,1148,78,77,0,77,0
2021-02-22,Amador,005,37829,3453,3438,29,3467,39
2021-02-22,Butte,007,227075,11274,10855,1616,12471,176
2021-02-22,Calaveras,009,45235,1891,1862,11,1873,21
2021-02-22,Colusa,011,21464,1867,1860,262,2122,11
2021-02-22,Contra Costa,013,1133247,62777,61478,1051,62529,661
2021-02-22,Del Norte,015,27424,1001,948,4,952,3
2021-02-22,El Dorado,017,186661,9109,8940,604,9544,96
2021-02-22,Fresno,019,978130,95843,94584,7555,102139,1351
2021-02-22,Glenn,021,27897,2242,2207,486,2693,14
2021-02-22,Humboldt,023,135768,3128,3095,22,3117,29
2021-02-22,Imperial,025,180216,27178,26778,2415,29193,590
2021-02-22,Inyo,027,18085,1286,1248,9,1257,32
2021-02-22,Kern,029,883053,92987,91201,9622,100823,982
2021-02-22,Kings,031,150075,22187,21801,944,22745,214
2021-02-22,Lake,033,64148,3164,3107,6,3113,40
2021-02-22,Lassen,035,31185,5115,5088,92,5180,1
2021-02-22,Los Angeles,037,10098052,1170315,1147541,37885,1185426,19730
2021-02-22,Madera,039,155013,15542,15325,801,16126,193
2021-02-22,Marin,041,260295,13146,12991,154,13145,213
2021-02-22,Mariposa,043,17540,376,374,5,379,4
2021-02-22,Mendocino,045,87422,3619,3535,71,3606,41
2021-02-22,Merced,047,269075,28221,28166,895,29061,379
2021-02-22,Modoc,049,8938,336,329,112,441,3
2021-02-22,Mono,051,14174,1175,1189,16,1205,3
2021-02-22,Monterey,053,433212,41824,41397,1640,43037,311
2021-02-22,Napa,055,140530,8970,8950,31,8981,69
2021-02-22,Nevada,057,99092,3977,3900,157,4057,66
2021-02-22,Orange,059,3164182,246493,244118,10061,254179,3843
2021-02-22,Placer,061,380077,20453,19587,1080,20667,238
2021-02-22,Plumas,063,18699,640,625,10,635,4
2021-02-22,Riverside,065,2383286,284762,277730,13208,290938,3567
2021-02-22,Sacramento,067,1510023,93983,92476,1203,93679,1359
2021-02-22,San Benito,069,59416,5725,5723,87,5810,57
2021-02-22,San Bernardino,071,2135413,285426,279984,8458,288442,3259
2021-02-22,San Diego,073,3302833,262903,257348,12765,270113,3189
2021-02-22,San Francisco,075,870044,34020,33947,1041,34988,405
2021-02-22,San Joaquin,077,732212,66490,65060,2679,67739,1001
2021-02-22,San Luis Obispo,079,281455,19615,19198,542,19740,229
2021-02-22,San Mateo,081,765935,39319,38542,401,38943,282
2021-02-22,Santa Barbara,083,443738,32069,31421,1019,32440,399
2021-02-22,Santa Clara,085,1922200,109784,109213,556,109769,1655
2021-02-22,Santa Cruz,087,273765,15340,14417,763,15180,176
2021-02-22,Shasta,089,179085,10903,10872,1197,12069,145
2021-02-22,Sierra,091,2930,51,47,12,59,0
2021-02-22,Siskiyou,093,43540,1479,1373,219,1592,4
2021-02-22,Solano,095,438530,29703,29508,349,29857,150
2021-02-22,Sonoma,097,501317,27858,27845,198,28043,278
2021-02-22,Stanislaus,099,539301,50387,49630,5236,54866,722
2021-02-22,Sutter,101,95872,8786,8698,78,8776,98
2021-02-22,Tehama,103,63373,4588,4550,480,5030,30
2021-02-22,Trinity,105,12862,467,287,73,360,3
2021-02-22,Tulare,107,460477,48037,46879,7759,54638,751
2021-02-22,Tuolumne,109,53932,3834,3856,36,3892,53
2021-02-22,Ventura,111,848112,77484,76947,2724,79671,677
2021-02-22,Yolo,113,214977,12804,12689,149,12838,183
2021-02-22,Yuba,115,75493,5470,5404,82,5486,38
2021-02-21,Alameda,001,1643700,80268,79649,1676,81325,1061
2021-02-21,Alpine,003,1148,78,77,0,77,0
2021-02-21,Amador,005,37829,3445,3435,29,3464,39
2021-02-21,Butte,007,227075,11256,10855,1614,12469,176
2021-02-21,Calaveras,009,45235,1890,1860,11,1871,21
2021-02-21,Colusa,011,21464,1866,1860,258,2118,11
2021-02-21,Contra Costa,013,1133247,62622,61364,1048,62412,661
2021-02-21,Del Norte,015,27424,995,942,4,946,3
2021-02-21,El Dorado,017,186661,9091,8927,603,9530,96
2021-02-21,Fresno,019,978130,95700,94374,7539,101913,1349
2021-02-21,Glenn,021,27897,2240,2201,484,2685,14
2021-02-21,Humboldt,023,135768,3116,3096,22,3118,29
2021-02-21,Imperial,025,180216,27164,26779,2413,29192,590
2021-02-21,Inyo,027,18085,1280,1232,9,1241,32
2021-02-21,Kern,029,883053,92862,91141,9584,100725,980
2021-02-21,Kings,031,150075,22151,21784,942,22726,213
2021-02-21,Lake,033,64148,3156,3100,6,3106,40
2021-02-21,Lassen,035,31185,5107,5077,92,5169,1
2021-02-21,Los Angeles,037,10098052,1169273,1146756,37841,1184597,19711
2021-02-21,Madera,039,155013,15509,15298,798,16096,192
2021-02-21,Marin,041,260295,13117,12968,154,13122,212
2021-02-21,Mariposa,043,17540,376,373,5,378,4
2021-02-21,Mendocino,045,87422,3614,3535,71,3606,41
2021-02-21,Merced,047,269075,28147,28106,880,28986,379
2021-02-21,Modoc,049,8938,333,329,112,441,3
2021-02-21,Mono,051,14174,1175,1189,16,1205,3
2021-02-21,Monterey,053,433212,41768,41373,1633,43006,309
2021-02-21,Napa,055,140530,8956,8929,31,8960,69
2021-02-21,Nevada,057,99092,3964,3895,157,4052,66
2021-02-21,Orange,059,3164182,246196,243985,10044,254029,3801
2021-02-21,Placer,061,380077,20417,19553,1076,20629,238
2021-02-21,Plumas,063,18699,640,625,10,635,4
2021-02-21,Riverside,065,2383286,284529,277555,13195,290750,3564
2021-02-21,Sacramento,067,1510023,93773,92288,1193,93481,1354
2021-02-21,San Benito,069,59416,5715,5716,84,5800,57
2021-02-21,San Bernardino,071,2135413,285202,279870,8444,288314,3247
2021-02-21,San Diego,073,3302833,262469,257027,12719,269746,3190
2021-02-21,San Francisco,075,870044,33956,33891,1037,34928,405
2021-02-21,San Joaquin,077,732212,66351,64997,2667,67664,1001
2021-02-21,San Luis Obispo,079,281455,19582,19178,540,19718,229
2021-02-21,San Mateo,081,765935,39257,38448,397,38845,282
2021-02-21,Santa Barbara,083,443738,32007,31374,1016,32390,399
2021-02-21,Santa Clara,085,1922200,109560,108992,548,109540,1654
2021-02-21,Santa Cruz,087,273765,15317,14401,762,15163,176
2021-02-21,Shasta,089,179085,10889,10867,1192,12059,145
2021-02-21,Sierra,091,2930,51,47,12,59,0
2021-02-21,Siskiyou,093,43540,1473,1371,219,1590,4
2021-02-21,Solano,095,438530,29648,29471,348,29819,150
2021-02-21,Sonoma,097,501317,27794,27793,191,27984,278
2021-02-21,Stanislaus,099,539301,50274,49527,5222,54749,726
2021-02-21,Sutter,101,95872,8769,8687,77,8764,97
2021-02-21,Tehama,103,63373,4579,4547,480,5027,30
2021-02-21,Trinity,105,12862,465,286,73,359,3
2021-02-21,Tulare,107,460477,47969,46830,7724,54554,749
2021-02-21,Tuolumne,109,53932,3820,3828,36,3864,53
2021-02-21,Ventura,111,848112,77335,76862,2711,79573,677
2021-02-21,Yolo,113,214977,12773,12670,148,12818,183
2021-02-21,Yuba,115,75493,5462,5396,81,5477,38
2021-02-20,Alameda,001,1643700,80177,79496,1671,81167,1055
2021-02-20,Alpine,003,1148,78,77,0,77,0
2021-02-20,Amador,005,37829,3443,3432,29,3461,39
2021-02-20,Butte,007,227075,11248,10838,1613,12451,176
2021-02-20,Calaveras,009,45235,1889,1858,11,1869,21
2021-02-20,Colusa,011,21464,1865,1858,258,2116,11
2021-02-20,Contra Costa,013,1133247,62538,61205,1046,62251,663
2021-02-20,Del Norte,015,27424,991,937,4,941,3
2021-02-20,El Dorado,017,186661,9081,8911,602,9513,96
2021-02-20,Fresno,019,978130,95617,94234,7519,101753,1341
2021-02-20,Glenn,021,27897,2236,2199,483,2682,14
2021-02-20,Humboldt,023,135768,3108,3073,22,3095,29
2021-02-20,Imperial,025,180216,27154,26771,2413,29184,590
2021-02-20,Inyo,027,18085,1276,1226,9,1235,32
2021-02-20,Kern,029,883053,92791,91025,9552,100577,968
2021-02-20,Kings,031,150075,22133,21773,941,22714,212
2021-02-20,Lake,033,64148,3149,3089,6,3095,40
2021-02-20,Lassen,035,31185,5105,5067,92,5159,1
2021-02-20,Los Angeles,037,10098052,1168703,1145594,37801,1183395,19630
2021-02-20,Madera,039,155013,15489,15274,797,16071,191
2021-02-20,Marin,041,260295,13096,12945,152,13097,211
2021-02-20,Mariposa,043,17540,376,372,5,377,4
2021-02-20,Mendocino,045,87422,3612,3533,71,3604,40
2021-02-20,Merced,047,269075,28104,28066,877,28943,379
2021-02-20,Modoc,049,8938,333,328,112,440,3
2021-02-20,Mono,051,14174,1174,1187,16,1203,3
2021-02-20,Monterey,053,433212,41746,41313,1631,42944,309
2021-02-20,Napa,055,140530,8947,8910,31,8941,69
2021-02-20,Nevada,057,99092,3954,3887,156,4043,66
2021-02-20,Orange,059,3164182,246027,243761,10030,253791,3755
2021-02-20,Placer,061,380077,20376,19509,1072,20581,236
2021-02-20,Plumas,063,18699,640,626,10,636,4
2021-02-20,Riverside,065,2383286,284375,277267,13186,290453,3559
2021-02-20,Sacramento,067,1510023,93650,92057,1191,93248,1352
2021-02-20,San Benito,069,59416,5704,5709,84,5793,57
2021-02-20,San Bernardino,071,2135413,285100,279608,8439,288047,3203
2021-02-20,San Diego,073,3302833,262227,256510,12690,269200,3188
2021-02-20,San Francisco,075,870044,33914,33820,1029,34849,399
2021-02-20,San Joaquin,077,732212,66281,64916,2662,67578,1001
2021-02-20,San Luis Obispo,079,281455,19558,19138,539,19677,229
2021-02-20,San Mateo,081,765935,39213,38371,396,38767,282
2021-02-20,Santa Barbara,083,443738,31973,31289,1015,32304,396
2021-02-20,Santa Clara,085,1922200,109382,108728,545,109273,1649
2021-02-20,Santa Cruz,087,273765,15306,14378,760,15138,176
2021-02-20,Shasta,089,179085,10875,10850,1187,12037,146
2021-02-20,Sierra,091,2930,51,47,12,59,0
2021-02-20,Siskiyou,093,43540,1470,1366,219,1585,4
2021-02-20,Solano,095,438530,29634,29440,346,29786,150
2021-02-20,Sonoma,097,501317,27765,27703,189,27892,278
2021-02-20,Stanislaus,099,539301,50223,49445,5208,54653,733
2021-02-20,Sutter,101,95872,8763,8681,77,8758,97
2021-02-20,Tehama,103,63373,4574,4545,480,5025,30
2021-02-20,Trinity,105,12862,464,285,72,357,3
2021-02-20,Tulare,107,460477,47933,46769,7702,54471,739
2021-02-20,Tuolumne,109,53932,3815,3823,36,3859,53
2021-02-20,Ventura,111,848112,77240,76757,2708,79465,671
2021-02-20,Yolo,113,214977,12759,12639,148,12787,183
2021-02-20,Yuba,115,75493,5459,5386,81,5467,38
2021-02-19,Alameda,001,1643700,80077,79318,1667,80985,1047
2021-02-19,Alpine,003,1148,78,77,0,77,0
2021-02-19,Amador,005,37829,3439,3427,29,3456,39
2021-02-19,Butte,007,227075,11234,10823,1606,12429,176
2021-02-19,Calaveras,009,45235,1888,1856,11,1867,21
2021-02-19,Colusa,011,21464,1865,1858,258,2116,11
2021-02-19,Contra Costa,013,1133247,62426,61017,1043,62060,651
2021-02-19,Del Norte,015,27424,986,932,4,936,2
2021-02-19,El Dorado,017,186661,9072,8882,601,9483,96
2021-02-19,Fresno,019,978130,95487,93973,7503,101476,1330
2021-02-19,Glenn,021,27897,2231,2199,482,2681,14
2021-02-19,Humboldt,023,135768,3096,3037,22,3059,29
2021-02-19,Imperial,025,180216,27148,26751,2410,29161,589
2021-02-19,Inyo,027,18085,1271,1212,9,1221,32
2021-02-19,Kern,029,883053,92722,90807,9512,100319,963
2021-02-19,Kings,031,150075,22119,21724,939,22663,211
2021-02-19,Lake,033,64148,3143,3078,6,3084,40
2021-02-19,Lassen,035,31185,5104,5057,92,5149,1
2021-02-19,Los Angeles,037,10098052,1167952,1143828,37761,1181589,19498
2021-02-19,Madera,039,155013,15472,15222,795,16017,188
2021-02-19,Marin,041,260295,13078,12919,151,13070,210
2021-02-19,Mariposa,043,17540,376,371,5,376,4
2021-02-19,Mendocino,045,87422,3610,3526,71,3597,39
2021-02-19,Merced,047,269075,28074,27985,874,28859,376
2021-02-19,Modoc,049,8938,333,328,112,440,3
2021-02-19,Mono,051,14174,1174,1186,16,1202,3
2021-02-19,Monterey,053,433212,41719,41209,1627,42836,309
2021-02-19,Napa,055,140530,8934,8899,31,8930,69
2021-02-19,Nevada,057,99092,3948,3863,156,4019,66
2021-02-19,Orange,059,3164182,245851,243397,10018,253415,3715
2021-02-19,Placer,061,380077,20354,19457,1072,20529,236
2021-02-19,Plumas,063,18699,638,624,10,634,4
2021-02-19,Riverside,065,2383286,284206,276941,13169,290110,3541
2021-02-19,Sacramento,067,1510023,93530,91815,1187,93002,1351
2021-02-19,San Benito,069,59416,5699,5699,84,5783,57
2021-02-19,San Bernardino,071,2135413,284964,279209,8434,287643,3117
2021-02-19,San Diego,073,3302833,261936,255799,12667,268466,3169
2021-02-19,San Francisco,075,870044,33866,33746,1023,34769,387
2021-02-19,San Joaquin,077,732212,66205,64774,2654,67428,988
2021-02-19,San Luis Obispo,079,281455,19527,19061,537,19598,230
2021-02-19,San Mateo,081,765935,39155,38256,394,38650,282
2021-02-19,Santa Barbara,083,443738,31909,31204,1014,32218,392
2021-02-19,Santa Clara,085,1922200,109170,108400,543,108943,1634
2021-02-19,Santa Cruz,087,273765,15291,14354,760,15114,176
2021-02-19,Shasta,089,179085,10864,10833,1184,12017,140
2021-02-19,Sierra,091,2930,51,47,12,59,0
2021-02-19,Siskiyou,093,43540,1466,1363,217,1580,4
2021-02-19,Solano,095,438530,29609,29383,345,29728,150
2021-02-19,Sonoma,097,501317,27718,27595,187,27782,280
2021-02-19,Stanislaus,099,539301,50161,49282,5192,54474,739
2021-02-19,Sutter,101,95872,8753,8665,77,8742,96
2021-02-19,Tehama,103,63373,4572,4535,480,5015,30
2021-02-19,Trinity,105,12862,462,282,70,352,3
2021-02-19,Tulare,107,460477,47888,46662,7677,54339,736
2021-02-19,Tuolumne,109,53932,3808,3817,36,3853,52
2021-02-19,Ventura,111,848112,77161,76582,2705,79287,667
2021-02-19,Yolo,113,214977,12743,12606,148,12754,183
2021-02-19,Yuba,115,75493,5449,5376,81,5457,38
2021-02-18,Alameda,001,1643700,79943,79111,1660,80771,1012
2021-02-18,Alpine,003,1148,78,77,0,77,0
2021-02-18,Amador,005,37829,3435,3417,28,3445,38
2021-02-18,Butte,007,227075,11217,10791,1604,12395,175
2021-02-18,Calaveras,009,45235,1883,1873,11,1884,21
2021-02-18,Colusa,011,21464,1863,1856,256,2112,11
2021-02-18,Contra Costa,013,1133247,62312,60868,1041,61909,640
2021-02-18,Del Norte,015,27424,981,929,4,933,2
2021-02-18,El Dorado,017,186661,9057,8850,600,9450,94
2021-02-18,Fresno,019,978130,95318,93734,7478,101212,1323
2021-02-18,Glenn,021,27897,2225,2195,482,2677,14
2021-02-18,Humboldt,023,135768,3084,3023,22,3045,29
2021-02-18,Imperial,025,180216,27122,26731,2403,29134,591
2021-02-18,Inyo,027,18085,1267,1213,8,1221,32
2021-02-18,Kern,029,883053,92568,90655,9482,100137,961
2021-02-18,Kings,031,150075,22095,21648,938,22586,211
2021-02-18,Lake,033,64148,3138,3066,6,3072,40
2021-02-18,Lassen,035,31185,5095,5052,92,5144,1
2021-02-18,Los Angeles,037,10098052,1167000,1141930,37698,1179628,19358
2021-02-18,Madera,039,155013,15450,15175,790,15965,188
2021-02-18,Marin,041,260295,13065,12895,150,13045,209
2021-02-18,Mariposa,043,17540,375,369,5,374,4
2021-02-18,Mendocino,045,87422,3607,3519,70,3589,39
2021-02-18,Merced,047,269075,28025,27870,868,28738,372
2021-02-18,Modoc,049,8938,331,327,111,438,3
2021-02-18,Mono,051,14174,1174,1182,16,1198,3
2021-02-18,Monterey,053,433212,41661,41091,1618,42709,307
2021-02-18,Napa,055,140530,8917,8877,31,8908,68
2021-02-18,Nevada,057,99092,3939,3836,155,3991,66
2021-02-18,Orange,059,3164182,245628,243098,10001,253099,3673
2021-02-18,Placer,061,380077,20327,19429,1071,20500,232
2021-02-18,Plumas,063,18699,638,624,10,634,4
2021-02-18,Riverside,065,2383286,283918,276595,13148,289743,3510
2021-02-18,Sacramento,067,1510023,93368,91476,1181,92657,1334
2021-02-18,San Benito,069,59416,5696,5697,83,5780,58
2021-02-18,San Bernardino,071,2135413,284755,278887,8420,287307,3066
2021-02-18,San Diego,073,3302833,261581,254987,12644,267631,3135
2021-02-18,San Francisco,075,870044,33808,33650,1020,34670,386
2021-02-18,San Joaquin,077,732212,66122,64634,2644,67278,982
2021-02-18,San Luis Obispo,079,281455,19485,18987,534,19521,230
2021-02-18,San Mateo,081,765935,39093,38185,390,38575,282
2021-02-18,Santa Barbara,083,443738,31831,31054,1007,32061,387
2021-02-18,Santa Clara,085,1922200,108945,108210,540,108750,1605
2021-02-18,Santa Cruz,087,273765,15265,14314,760,15074,176
2021-02-18,Shasta,089,179085,10846,10811,1181,11992,139
2021-02-18,Sierra,091,2930,50,47,12,59,0
2021-02-18,Siskiyou,093,43540,1461,1359,216,1575,4
2021-02-18,Solano,095,438530,29583,29349,344,29693,150
2021-02-18,Sonoma,097,501317,27651,27512,186,27698,281
2021-02-18,Stanislaus,099,539301,50061,49150,5175,54325,738
2021-02-18,Sutter,101,95872,8745,8654,77,8731,96
2021-02-18,Tehama,103,63373,4569,4528,480,5008,30
2021-02-18,Trinity,105,12862,461,282,70,352,3
2021-02-18,Tulare,107,460477,47825,46591,7638,54229,728
2021-02-18,Tuolumne,109,53932,3771,3811,36,3847,52
2021-02-18,Ventura,111,848112,77029,76442,2697,79139,659
2021-02-18,Yolo,113,214977,12717,12549,148,12697,183
2021-02-18,Yuba,115,75493,5432,5358,81,5439,38
2021-02-17,Alameda,001,1643700,79781,78895,1658,80553,1002
2021-02-17,Alpine,003,1148,78,77,0,77,0
2021-02-17,Amador,005,37829,3431,3415,28,3443,38
2021-02-17,Butte,007,227075,11199,10770,1600,12370,174
2021-02-17,Calaveras,009,45235,1883,1876,11,1887,21
2021-02-17,Colusa,011,21464,1860,1854,256,2110,10
2021-02-17,Contra Costa,013,1133247,62174,60723,1038,61761,635
2021-02-17,Del Norte,015,27424,974,920,4,924,2
2021-02-17,El Dorado,017,186661,9046,8847,600,9447,94
2021-02-17,Fresno,019,978130,95179,93555,7451,101006,1307
2021-02-17,Glenn,021,27897,2224,2189,481,2670,14
2021-02-17,Humboldt,023,135768,3069,3006,22,3028,29
2021-02-17,Imperial,025,180216,27108,26726,2399,29125,580
2021-02-17,Inyo,027,18085,1259,1197,8,1205,32
2021-02-17,Kern,029,883053,92450,90454,9438,99892,962
2021-02-17,Kings,031,150075,22057,21617,934,22551,211
2021-02-17,Lake,033,64148,3128,3057,2,3059,38
2021-02-17,Lassen,035,31185,5090,5052,91,5143,1
2021-02-17,Los Angeles,037,10098052,1165945,1139786,37636,1177422,19213
2021-02-17,Madera,039,155013,15425,15135,781,15916,177
2021-02-17,Marin,041,260295,13040,12881,150,13031,207
2021-02-17,Mariposa,043,17540,375,368,4,372,4
2021-02-17,Mendocino,045,87422,3605,3494,69,3563,39
2021-02-17,Merced,047,269075,27970,27824,859,28683,372
2021-02-17,Modoc,049,8938,331,327,111,438,3
2021-02-17,Mono,051,14174,1174,1180,16,1196,3
2021-02-17,Monterey,053,433212,41606,41014,1607,42621,304
2021-02-17,Napa,055,140530,8903,8865,31,8896,68
2021-02-17,Nevada,057,99092,3920,3822,152,3974,52
2021-02-17,Orange,059,3164182,245367,242716,9968,252684,3626
2021-02-17,Placer,061,380077,20293,19405,1067,20472,230
2021-02-17,Plumas,063,18699,637,623,10,633,4
2021-02-17,Riverside,065,2383286,283630,276289,13127,289416,3491
2021-02-17,Sacramento,067,1510023,93209,91309,1174,92483,1326
2021-02-17,San Benito,069,59416,5690,5661,83,5744,57
2021-02-17,San Bernardino,071,2135413,284552,278461,8400,286861,3020
2021-02-17,San Diego,073,3302833,261203,254177,12623,266800,3099
2021-02-17,San Francisco,075,870044,33732,33558,1015,34573,379
2021-02-17,San Joaquin,077,732212,66016,64556,2638,67194,979
2021-02-17,San Luis Obispo,079,281455,19440,18964,534,19498,230
2021-02-17,San Mateo,081,765935,39029,38124,390,38514,282
2021-02-17,Santa Barbara,083,443738,31763,30927,1006,31933,384
2021-02-17,Santa Clara,085,1922200,108713,107949,538,108487,1592
2021-02-17,Santa Cruz,087,273765,15232,14268,757,15025,174
2021-02-17,Shasta,089,179085,10826,10770,1180,11950,139
2021-02-17,Sierra,091,2930,50,47,12,59,0
2021-02-17,Siskiyou,093,43540,1455,1352,213,1565,4
2021-02-17,Solano,095,438530,29526,29288,344,29632,149
2021-02-17,Sonoma,097,501317,27579,27408,181,27589,281
2021-02-17,Stanislaus,099,539301,49948,49050,5159,54209,730
2021-02-17,Sutter,101,95872,8735,8681,77,8758,95
2021-02-17,Tehama,103,63373,4566,4511,480,4991,30
2021-02-17,Trinity,105,12862,461,277,68,345,3
2021-02-17,Tulare,107,460477,47760,46495,7613,54108,726
2021-02-17,Tuolumne,109,53932,3762,3806,36,3842,49
2021-02-17,Ventura,111,848112,76907,76234,2691,78925,646
2021-02-17,Yolo,113,214977,12698,12506,146,12652,182
2021-02-17,Yuba,115,75493,5423,5345,81,5426,38
2021-02-16,Alameda,001,1643700,79612,78756,1655,80411,997
2021-02-16,Alpine,003,1148,78,76,0,76,0
2021-02-16,Amador,005,37829,3424,3413,28,3441,39
2021-02-16,Butte,007,227075,11174,10748,1597,12345,164
2021-02-16,Calaveras,009,45235,1881,1872,11,1883,21
2021-02-16,Colusa,011,21464,1857,1852,254,2106,10
2021-02-16,Contra Costa,013,1133247,62023,60564,1033,61597,631
2021-02-16,Del Norte,015,27424,966,913,4,917,2
2021-02-16,El Dorado,017,186661,9036,8836,598,9434,94
2021-02-16,Fresno,019,978130,95014,93363,7421,100784,1293
2021-02-16,Glenn,021,27897,2220,2189,477,2666,14
2021-02-16,Humboldt,023,135768,3046,2994,21,3015,29
2021-02-16,Imperial,025,180216,27095,26711,2395,29106,580
2021-02-16,Inyo,027,18085,1251,1191,8,1199,32
2021-02-16,Kern,029,883053,92318,90267,9408,99675,959
2021-02-16,Kings,031,150075,22011,21583,930,22513,206
2021-02-16,Lake,033,64148,3121,3041,2,3043,38
2021-02-16,Lassen,035,31185,5078,5047,91,5138,1
2021-02-16,Los Angeles,037,10098052,1164691,1138262,37576,1175838,19044
2021-02-16,Madera,039,155013,15387,15120,776,15896,172
2021-02-16,Marin,041,260295,13012,12832,150,12982,205
2021-02-16,Mariposa,043,17540,375,367,4,371,4
2021-02-16,Mendocino,045,87422,3601,3489,69,3558,39
2021-02-16,Merced,047,269075,27889,27724,853,28577,368
2021-02-16,Modoc,049,8938,331,326,111,437,3
2021-02-16,Mono,051,14174,1174,1180,16,1196,3
2021-02-16,Monterey,053,433212,41530,40962,1598,42560,303
2021-02-16,Napa,055,140530,8890,8854,31,8885,66
2021-02-16,Nevada,057,99092,3907,3774,151,3925,47
2021-02-16,Orange,059,3164182,245046,242382,9952,252334,3612
2021-02-16,Placer,061,380077,20260,19367,1064,20431,230
2021-02-16,Plumas,063,18699,637,619,10,629,4
2021-02-16,Riverside,065,2383286,283323,275954,13105,289059,3471
2021-02-16,Sacramento,067,1510023,92955,91246,1168,92414,1305
2021-02-16,San Benito,069,59416,5682,5659,82,5741,56
2021-02-16,San Bernardino,071,2135413,284329,277947,8391,286338,2978
2021-02-16,San Diego,073,3302833,260738,253638,12584,266222,3042
2021-02-16,San Francisco,075,870044,33660,33491,1010,34501,373
2021-02-16,San Joaquin,077,732212,65886,64448,2635,67083,979
2021-02-16,San Luis Obispo,079,281455,19395,18925,531,19456,229
2021-02-16,San Mateo,081,765935,38970,38041,388,38429,277
2021-02-16,Santa Barbara,083,443738,31689,30865,1003,31868,378
2021-02-16,Santa Clara,085,1922200,108461,107754,535,108289,1591
2021-02-16,Santa Cruz,087,273765,15212,14256,756,15012,174
2021-02-16,Shasta,089,179085,10811,10736,1178,11914,139
2021-02-16,Sierra,091,2930,50,47,12,59,0
2021-02-16,Siskiyou,093,43540,1451,1351,213,1564,4
2021-02-16,Solano,095,438530,29488,29246,343,29589,148
2021-02-16,Sonoma,097,501317,27520,27380,175,27555,279
2021-02-16,Stanislaus,099,539301,49824,48927,5145,54072,716
2021-02-16,Sutter,101,95872,8712,8671,77,8748,95
2021-02-16,Tehama,103,63373,4557,4501,478,4979,30
2021-02-16,Trinity,105,12862,457,275,68,343,3
2021-02-16,Tulare,107,460477,47696,46444,7570,54014,716
2021-02-16,Tuolumne,109,53932,3760,3796,36,3832,49
2021-02-16,Ventura,111,848112,76765,76043,2688,78731,631
2021-02-16,Yolo,113,214977,12669,12457,146,12603,175
2021-02-16,Yuba,115,75493,5416,5332,80,5412,38
2021-02-15,Alameda,001,1643700,79415,78647,1644,80291,996
2021-02-15,Alpine,003,1148,78,76,0,76,0
2021-02-15,Amador,005,37829,3420,3409,28,3437,39
2021-02-15,Butte,007,227075,11156,10723,1593,12316,155
2021-02-15,Calaveras,009,45235,1877,1871,11,1882,21
2021-02-15,Colusa,011,21464,1857,1849,250,2099,10
2021-02-15,Contra Costa,013,1133247,61852,60444,1028,61472,631
2021-02-15,Del Norte,015,27424,962,913,4,917,2
2021-02-15,El Dorado,017,186661,9019,8816,598,9414,94
2021-02-15,Fresno,019,978130,94815,93231,7382,100613,1288
2021-02-15,Glenn,021,27897,2218,2185,476,2661,14
2021-02-15,Humboldt,023,135768,3039,2997,21,3018,29
2021-02-15,Imperial,025,180216,27075,26700,2392,29092,580
2021-02-15,Inyo,027,18085,1232,1184,8,1192,32
2021-02-15,Kern,029,883053,92174,90181,9377,99558,959
2021-02-15,Kings,031,150075,21966,21574,925,22499,205
2021-02-15,Lake,033,64148,3107,3030,1,3031,38
2021-02-15,Lassen,035,31185,5076,5047,90,5137,1
2021-02-15,Los Angeles,037,10098052,1163303,1137164,37515,1174679,18925
2021-02-15,Madera,039,155013,15356,15108,774,15882,106
2021-02-15,Marin,041,260295,12991,12810,147,12957,203
2021-02-15,Mariposa,043,17540,373,367,4,371,4
2021-02-15,Mendocino,045,87422,3589,3481,69,3550,39
2021-02-15,Merced,047,269075,27815,27656,846,28502,368
2021-02-15,Modoc,049,8938,331,326,111,437,3
2021-02-15,Mono,051,14174,1171,1178,16,1194,3
2021-02-15,Monterey,053,433212,41466,40911,1586,42497,302
2021-02-15,Napa,055,140530,8876,8837,31,8868,57
2021-02-15,Nevada,057,99092,3890,3767,150,3917,47
2021-02-15,Orange,059,3164182,244727,242176,9924,252100,3586
2021-02-15,Placer,061,380077,20234,19361,1063,20424,230
2021-02-15,Plumas,063,18699,637,620,10,630,4
2021-02-15,Riverside,065,2383286,282970,275771,13086,288857,3468
2021-02-15,Sacramento,067,1510023,92628,91091,1163,92254,1304
2021-02-15,San Benito,069,59416,5676,5649,82,5731,56
2021-02-15,San Bernardino,071,2135413,284078,277869,8383,286252,2945
2021-02-15,San Diego,073,3302833,260225,252940,12553,265493,3037
2021-02-15,San Francisco,075,870044,33587,33454,1004,34458,373
2021-02-15,San Joaquin,077,732212,65721,64382,2628,67010,979
2021-02-15,San Luis Obispo,079,281455,19342,18891,529,19420,227
2021-02-15,San Mateo,081,765935,38891,37969,385,38354,277
2021-02-15,Santa Barbara,083,443738,31586,30810,1000,31810,378
2021-02-15,Santa Clara,085,1922200,108231,107630,533,108163,1588
2021-02-15,Santa Cruz,087,273765,15180,14239,753,14992,175
2021-02-15,Shasta,089,179085,10791,10730,1173,11903,139
2021-02-15,Sierra,091,2930,50,47,12,59,0
2021-02-15,Siskiyou,093,43540,1443,1345,212,1557,4
2021-02-15,Solano,095,438530,29433,29225,343,29568,148
2021-02-15,Sonoma,097,501317,27436,27359,171,27530,276
2021-02-15,Stanislaus,099,539301,49697,48808,5132,53940,716
2021-02-15,Sutter,101,95872,8697,8652,77,8729,95
2021-02-15,Tehama,103,63373,4548,4492,477,4969,30
2021-02-15,Trinity,105,12862,456,274,68,342,3
2021-02-15,Tulare,107,460477,47625,46344,7531,53875,715
2021-02-15,Tuolumne,109,53932,3750,3794,36,3830,49
2021-02-15,Ventura,111,848112,76610,75889,2685,78574,629
2021-02-15,Yolo,113,214977,12633,12412,145,12557,175
2021-02-15,Yuba,115,75493,5399,5320,79,5399,38
2021-02-14,Alameda,001,1643700,79263,78442,1643,80085,995
2021-02-14,Alpine,003,1148,78,76,0,76,0
2021-02-14,Amador,005,37829,3415,3398,28,3426,39
2021-02-14,Butte,007,227075,11132,10717,1590,12307,155
2021-02-14,Calaveras,009,45235,1873,1866,11,1877,21
2021-02-14,Colusa,011,21464,1853,1845,247,2092,10
2021-02-14,Contra Costa,013,1133247,61702,60272,1025,61297,631
2021-02-14,Del Norte,015,27424,958,911,4,915,2
2021-02-14,El Dorado,017,186661,8987,8790,597,9387,94
2021-02-14,Fresno,019,978130,94644,93065,7359,100424,1287
2021-02-14,Glenn,021,27897,2215,2184,476,2660,14
2021-02-14,Humboldt,023,135768,3026,2992,21,3013,29
2021-02-14,Imperial,025,180216,27068,26696,2391,29087,580
2021-02-14,Inyo,027,18085,1226,1177,8,1185,32
2021-02-14,Kern,029,883053,92014,90038,9324,99362,959
2021-02-14,Kings,031,150075,21940,21538,923,22461,205
2021-02-14,Lake,033,64148,3096,3030,1,3031,38
2021-02-14,Lassen,035,31185,5072,5037,90,5127,1
2021-02-14,Los Angeles,037,10098052,1161956,1135450,37435,1172885,18898
2021-02-14,Madera,039,155013,15324,15089,770,15859,106
2021-02-14,Marin,041,260295,12967,12784,147,12931,201
2021-02-14,Mariposa,043,17540,373,365,4,369,4
2021-02-14,Mendocino,045,87422,3583,3475,69,3544,39
2021-02-14,Merced,047,269075,27733,27601,841,28442,368
2021-02-14,Modoc,049,8938,331,326,111,437,3
2021-02-14,Mono,051,14174,1170,1180,16,1196,3
2021-02-14,Monterey,053,433212,41415,40842,1581,42423,302
2021-02-14,Napa,055,140530,8856,8826,31,8857,57
2021-02-14,Nevada,057,99092,3874,3761,150,3911,47
2021-02-14,Orange,059,3164182,244418,241859,9906,251765,3564
2021-02-14,Placer,061,380077,20195,19313,1058,20371,230
2021-02-14,Plumas,063,18699,636,620,10,630,4
2021-02-14,Riverside,065,2383286,282639,275518,13067,288585,3471
2021-02-14,Sacramento,067,1510023,92421,90856,1159,92015,1304
2021-02-14,San Benito,069,59416,5667,5641,81,5722,56
2021-02-14,San Bernardino,071,2135413,283772,277664,8363,286027,2929
2021-02-14,San Diego,073,3302833,259733,252247,12506,264753,3037
2021-02-14,San Francisco,075,870044,33513,33374,996,34370,372
2021-02-14,San Joaquin,077,732212,65623,64243,2614,66857,979
2021-02-14,San Luis Obispo,079,281455,19304,18868,526,19394,225
2021-02-14,San Mateo,081,765935,38806,37859,385,38244,277
2021-02-14,Santa Barbara,083,443738,31494,30744,996,31740,377
2021-02-14,Santa Clara,085,1922200,108032,107412,529,107941,1582
2021-02-14,Santa Cruz,087,273765,15152,14225,748,14973,175
2021-02-14,Shasta,089,179085,10759,10720,1169,11889,139
2021-02-14,Sierra,091,2930,50,47,12,59,0
2021-02-14,Siskiyou,093,43540,1439,1340,212,1552,4
2021-02-14,Solano,095,438530,29391,29150,340,29490,148
2021-02-14,Sonoma,097,501317,27361,27266,169,27435,276
2021-02-14,Stanislaus,099,539301,49587,48672,5117,53789,716
2021-02-14,Sutter,101,95872,8674,8642,77,8719,95
2021-02-14,Tehama,103,63373,4542,4490,474,4964,30
2021-02-14,Trinity,105,12862,456,272,68,340,3
2021-02-14,Tulare,107,460477,47540,46263,7481,53744,715
2021-02-14,Tuolumne,109,53932,3749,3764,36,3800,49
2021-02-14,Ventura,111,848112,76441,75742,2674,78416,629
2021-02-14,Yolo,113,214977,12604,12399,144,12543,175
2021-02-14,Yuba,115,75493,5389,5314,79,5393,38
2021-02-13,Alameda,001,1643700,79141,78246,1640,79886,995
2021-02-13,Alpine,003,1148,78,76,0,76,0
2021-02-13,Amador,005,37829,3412,3387,28,3415,38
2021-02-13,Butte,007,227075,11116,10699,1588,12287,155
2021-02-13,Calaveras,009,45235,1870,1863,11,1874,21
2021-02-13,Colusa,011,21464,1853,1837,247,2084,10
2021-02-13,Contra Costa,013,1133247,61581,60100,1025,61125,629
2021-02-13,Del Norte,015,27424,956,908,4,912,2
2021-02-13,El Dorado,017,186661,8975,8758,596,9354,93
2021-02-13,Fresno,019,978130,94530,92807,7337,100144,1287
2021-02-13,Glenn,021,27897,2214,2182,474,2656,14
2021-02-13,Humboldt,023,135768,3013,2974,20,2994,29
2021-02-13,Imperial,025,180216,27061,26680,2389,29069,580
2021-02-13,Inyo,027,18085,1222,1168,8,1176,32
2021-02-13,Kern,029,883053,91925,89915,9298,99213,957
2021-02-13,Kings,031,150075,21925,21513,921,22434,205
2021-02-13,Lake,033,64148,3087,3025,1,3026,37
2021-02-13,Lassen,035,31185,5069,5028,90,5118,1
2021-02-13,Los Angeles,037,10098052,1161097,1133752,37389,1171141,18822
2021-02-13,Madera,039,155013,15315,15053,766,15819,106
2021-02-13,Marin,041,260295,12943,12757,147,12904,201
2021-02-13,Mariposa,043,17540,373,365,4,369,4
2021-02-13,Mendocino,045,87422,3573,3466,69,3535,38
2021-02-13,Merced,047,269075,27689,27541,838,28379,368
2021-02-13,Modoc,049,8938,331,325,111,436,3
2021-02-13,Mono,051,14174,1170,1176,16,1192,3
2021-02-13,Monterey,053,433212,41383,40731,1580,42311,301
2021-02-13,Napa,055,140530,8847,8809,31,8840,57
2021-02-13,Nevada,057,99092,3865,3742,149,3891,47
2021-02-13,Orange,059,3164182,244212,241545,9887,251432,3520
2021-02-13,Placer,061,380077,20175,19214,1058,20272,230
2021-02-13,Plumas,063,18699,636,616,10,626,4
2021-02-13,Riverside,065,2383286,282410,275276,13058,288334,3462
2021-02-13,Sacramento,067,1510023,92254,90401,1156,91557,1302
2021-02-13,San Benito,069,59416,5650,5633,81,5714,56
2021-02-13,San Bernardino,071,2135413,283620,277405,8350,285755,2899
2021-02-13,San Diego,073,3302833,259401,251679,12494,264173,3009
2021-02-13,San Francisco,075,870044,33463,33291,986,34277,364
2021-02-13,San Joaquin,077,732212,65554,64105,2604,66709,977
2021-02-13,San Luis Obispo,079,281455,19276,18803,520,19323,225
2021-02-13,San Mateo,081,765935,38753,37745,385,38130,277
2021-02-13,Santa Barbara,083,443738,31442,30594,995,31589,374
2021-02-13,Santa Clara,085,1922200,107843,107125,526,107651,1570
2021-02-13,Santa Cruz,087,273765,15125,14198,747,14945,173
2021-02-13,Shasta,089,179085,10746,10713,1164,11877,139
2021-02-13,Sierra,091,2930,50,47,12,59,0
2021-02-13,Siskiyou,093,43540,1436,1336,212,1548,4
2021-02-13,Solano,095,438530,29355,29084,340,29424,148
2021-02-13,Sonoma,097,501317,27313,27157,167,27324,276
2021-02-13,Stanislaus,099,539301,49516,48568,5111,53679,697
2021-02-13,Sutter,101,95872,8662,8626,77,8703,94
2021-02-13,Tehama,103,63373,4532,4484,473,4957,30
2021-02-13,Trinity,105,12862,455,272,67,339,3
2021-02-13,Tulare,107,460477,47489,46162,7450,53612,709
2021-02-13,Tuolumne,109,53932,3748,3752,36,3788,49
2021-02-13,Ventura,111,848112,76301,75481,2668,78149,618
2021-02-13,Yolo,113,214977,12591,12374,143,12517,175
2021-02-13,Yuba,115,75493,5381,5289,79,5368,38
2021-02-12,Alameda,001,1643700,78992,77958,1634,79592,974
2021-02-12,Alpine,003,1148,78,76,0,76,0
2021-02-12,Amador,005,37829,3408,3381,28,3409,38
2021-02-12,Butte,007,227075,11103,10655,1581,12236,155
2021-02-12,Calaveras,009,45235,1867,1860,11,1871,21
2021-02-12,Colusa,011,21464,1853,1836,247,2083,10
2021-02-12,Contra Costa,013,1133247,61431,59878,1021,60899,620
2021-02-12,Del Norte,015,27424,946,901,4,905,2
2021-02-12,El Dorado,017,186661,8960,8725,593,9318,92
2021-02-12,Fresno,019,978130,94376,92520,7317,99837,1273
2021-02-12,Glenn,021,27897,2211,2175,474,2649,14
2021-02-12,Humboldt,023,135768,3005,2961,20,2981,29
2021-02-12,Imperial,025,180216,27054,26646,2386,29032,585
2021-02-12,Inyo,027,18085,1216,1156,8,1164,32
2021-02-12,Kern,029,883053,91811,89532,9266,98798,949
2021-02-12,Kings,031,150075,21893,21462,916,22378,202
2021-02-12,Lake,033,64148,3082,3012,1,3013,36
2021-02-12,Lassen,035,31185,5067,5015,90,5105,1
2021-02-12,Los Angeles,037,10098052,1159886,1131185,37322,1168507,18637
2021-02-12,Madera,039,155013,15288,15022,763,15785,106
2021-02-12,Marin,041,260295,12917,12720,147,12867,200
2021-02-12,Mariposa,043,17540,372,365,4,369,4
2021-02-12,Mendocino,045,87422,3571,3447,69,3516,38
2021-02-12,Merced,047,269075,27638,27453,835,28288,367
2021-02-12,Modoc,049,8938,331,324,111,435,3
2021-02-12,Mono,051,14174,1169,1172,16,1188,3
2021-02-12,Monterey,053,433212,41335,40633,1571,42204,297
2021-02-12,Napa,055,140530,8835,8785,31,8816,55
2021-02-12,Nevada,057,99092,3860,3728,149,3877,47
2021-02-12,Orange,059,3164182,243973,241075,9872,250947,3505
2021-02-12,Placer,061,380077,20133,19174,1053,20227,230
2021-02-12,Plumas,063,18699,635,614,10,624,4
2021-02-12,Riverside,065,2383286,282132,274792,13043,287835,3438
2021-02-12,Sacramento,067,1510023,92052,90252,1155,91407,1295
2021-02-12,San Benito,069,59416,5634,5622,80,5702,56
2021-02-12,San Bernardino,071,2135413,283430,276890,8339,285229,2827
2021-02-12,San Diego,073,3302833,259013,250788,12468,263256,2979
2021-02-12,San Francisco,075,870044,33403,33179,982,34161,359
2021-02-12,San Joaquin,077,732212,65458,63966,2596,66562,975
2021-02-12,San Luis Obispo,079,281455,19235,18687,519,19206,224
2021-02-12,San Mateo,081,765935,38681,37560,385,37945,254
2021-02-12,Santa Barbara,083,443738,31371,30454,990,31444,372
2021-02-12,Santa Clara,085,1922200,107671,106759,523,107282,1543
2021-02-12,Santa Cruz,087,273765,15105,14147,747,14894,170
2021-02-12,Shasta,089,179085,10728,10693,1154,11847,142
2021-02-12,Sierra,091,2930,49,45,12,57,0
2021-02-12,Siskiyou,093,43540,1432,1324,209,1533,4
2021-02-12,Solano,095,438530,29323,28996,337,29333,147
2021-02-12,Sonoma,097,501317,27258,27064,163,27227,275
2021-02-12,Stanislaus,099,539301,49428,48418,5089,53507,697
2021-02-12,Sutter,101,95872,8649,8609,77,8686,93
2021-02-12,Tehama,103,63373,4525,4470,472,4942,27
2021-02-12,Trinity,105,12862,455,269,67,336,3
2021-02-12,Tulare,107,460477,47411,46016,7424,53440,710
2021-02-12,Tuolumne,109,53932,3745,3736,35,3771,49
2021-02-12,Ventura,111,848112,76131,75210,2662,77872,605
2021-02-12,Yolo,113,214977,12570,12340,143,12483,175
2021-02-12,Yuba,115,75493,5373,5274,79,5353,38
2021-02-11,Alameda,001,1643700,78766,77564,1629,79193,960
2021-02-11,Alpine,003,1148,77,76,0,76,0
2021-02-11,Amador,005,37829,3404,3368,28,3396,35
2021-02-11,Butte,007,227075,11080,10624,1580,12204,155
2021-02-11,Calaveras,009,45235,1864,1856,11,1867,21
2021-02-11,Colusa,011,21464,1848,1823,245,2068,10
2021-02-11,Contra Costa,013,1133247,61263,59633,1017,60650,605
2021-02-11,Del Norte,015,27424,941,894,4,898,2
2021-02-11,El Dorado,017,186661,8939,8698,593,9291,92
2021-02-11,Fresno,019,978130,94223,92168,7294,99462,1255
2021-02-11,Glenn,021,27897,2206,2166,473,2639,14
2021-02-11,Humboldt,023,135768,2992,2954,19,2973,29
2021-02-11,Imperial,025,180216,27030,26545,2384,28929,578
2021-02-11,Inyo,027,18085,1207,1144,8,1152,32
2021-02-11,Kern,029,883053,91620,89224,9223,98447,941
2021-02-11,Kings,031,150075,21863,21373,913,22286,202
2021-02-11,Lake,033,64148,3072,3002,1,3003,36
2021-02-11,Lassen,035,31185,5056,5004,87,5091,1
2021-02-11,Los Angeles,037,10098052,1158258,1128437,37253,1165690,18500
2021-02-11,Madera,039,155013,15267,14984,761,15745,106
2021-02-11,Marin,041,260295,12880,12682,147,12829,200
2021-02-11,Mariposa,043,17540,372,361,4,365,4
2021-02-11,Mendocino,045,87422,3564,3420,69,3489,38
2021-02-11,Merced,047,269075,27572,27325,831,28156,363
2021-02-11,Modoc,049,8938,330,317,111,428,3
2021-02-11,Mono,051,14174,1165,1173,16,1189,3
2021-02-11,Monterey,053,433212,41229,40469,1565,42034,295
2021-02-11,Napa,055,140530,8814,8777,31,8808,55
2021-02-11,Nevada,057,99092,3844,3720,149,3869,47
2021-02-11,Orange,059,3164182,243606,240590,9848,250438,3476
2021-02-11,Placer,061,380077,20093,19118,1052,20170,224
2021-02-11,Plumas,063,18699,634,592,10,602,4
2021-02-11,Riverside,065,2383286,281765,274313,13028,287341,3394
2021-02-11,Sacramento,067,1510023,91809,89988,1149,91137,1286
2021-02-11,San Benito,069,59416,5625,5609,80,5689,56
2021-02-11,San Bernardino,071,2135413,283132,276349,8325,284674,2774
2021-02-11,San Diego,073,3302833,258460,249971,12434,262405,2955
2021-02-11,San Francisco,075,870044,33320,33076,973,34049,356
2021-02-11,San Joaquin,077,732212,65290,63719,2586,66305,971
2021-02-11,San Luis Obispo,079,281455,19170,18615,515,19130,219
2021-02-11,San Mateo,081,765935,38589,37439,383,37822,253
2021-02-11,Santa Barbara,083,443738,31273,30375,985,31360,370
2021-02-11,Santa Clara,085,1922200,107411,106392,518,106910,1507
2021-02-11,Santa Cruz,087,273765,15082,14088,742,14830,165
2021-02-11,Shasta,089,179085,10704,10672,1150,11822,140
2021-02-11,Sierra,091,2930,49,45,12,57,0
2021-02-11,Siskiyou,093,43540,1417,1320,209,1529,4
2021-02-11,Solano,095,438530,29270,28885,337,29222,138
2021-02-11,Sonoma,097,501317,27173,26971,160,27131,272
2021-02-11,Stanislaus,099,539301,49283,48205,5077,53282,697
2021-02-11,Sutter,101,95872,8635,8590,76,8666,93
2021-02-11,Tehama,103,63373,4519,4463,472,4935,26
2021-02-11,Trinity,105,12862,455,269,67,336,3
2021-02-11,Tulare,107,460477,47316,45897,7385,53282,706
2021-02-11,Tuolumne,109,53932,3708,3716,35,3751,48
2021-02-11,Ventura,111,848112,75929,74959,2653,77612,590
2021-02-11,Yolo,113,214977,12546,12303,143,12446,173
2021-02-11,Yuba,115,75493,5359,5261,78,5339,38
2021-02-10,Alameda,001,1643700,78565,77344,1628,78972,944
2021-02-10,Alpine,003,1148,77,76,0,76,0
2021-02-10,Amador,005,37829,3392,3348,28,3376,35
2021-02-10,Butte,007,227075,11052,10594,1579,12173,155
2021-02-10,Calaveras,009,45235,1862,1850,11,1861,21
2021-02-10,Colusa,011,21464,1841,1815,243,2058,10
2021-02-10,Contra Costa,013,1133247,61088,59488,1015,60503,590
2021-02-10,Del Norte,015,27424,935,888,4,892,2
2021-02-10,El Dorado,017,186661,8908,8682,589,9271,87
2021-02-10,Fresno,019,978130,94048,91876,7269,99145,1247
2021-02-10,Glenn,021,27897,2202,2160,471,2631,14
2021-02-10,Humboldt,023,135768,2984,2924,19,2943,29
2021-02-10,Imperial,025,180216,26992,26522,2381,28903,578
2021-02-10,Inyo,027,18085,1195,1138,8,1146,30
2021-02-10,Kern,029,883053,91413,88933,9169,98102,926
2021-02-10,Kings,031,150075,21820,21294,911,22205,197
2021-02-10,Lake,033,64148,3059,2975,1,2976,36
2021-02-10,Lassen,035,31185,5052,4993,87,5080,1
2021-02-10,Los Angeles,037,10098052,1156509,1125437,37126,1162563,18338
2021-02-10,Madera,039,155013,15228,14925,759,15684,105
2021-02-10,Marin,041,260295,12843,12651,147,12798,199
2021-02-10,Mariposa,043,17540,370,360,4,364,4
2021-02-10,Mendocino,045,87422,3549,3395,69,3464,38
2021-02-10,Merced,047,269075,27489,27246,820,28066,359
2021-02-10,Modoc,049,8938,329,315,109,424,3
2021-02-10,Mono,051,14174,1160,1170,16,1186,3
2021-02-10,Monterey,053,433212,41152,40366,1551,41917,288
2021-02-10,Napa,055,140530,8795,8769,31,8800,55
2021-02-10,Nevada,057,99092,3829,3693,147,3840,47
2021-02-10,Orange,059,3164182,243188,239974,9817,249791,3439
2021-02-10,Placer,061,380077,20053,19062,1047,20109,220
2021-02-10,Plumas,063,18699,631,589,10,599,2
2021-02-10,Riverside,065,2383286,281337,273721,13018,286739,3374
2021-02-10,Sacramento,067,1510023,91558,89653,1145,90798,1275
2021-02-10,San Benito,069,59416,5611,5591,80,5671,55
2021-02-10,San Bernardino,071,2135413,282778,275616,8309,283925,2696
2021-02-10,San Diego,073,3302833,257878,248858,12396,261254,2904
2021-02-10,San Francisco,075,870044,33237,32955,970,33925,351
2021-02-10,San Joaquin,077,732212,65148,63484,2572,66056,954
2021-02-10,San Luis Obispo,079,281455,19091,18549,513,19062,216
2021-02-10,San Mateo,081,765935,38498,37323,383,37706,245
2021-02-10,Santa Barbara,083,443738,31182,30216,980,31196,359
2021-02-10,Santa Clara,085,1922200,107171,106048,515,106563,1489
2021-02-10,Santa Cruz,087,273765,15046,14007,740,14747,165
2021-02-10,Shasta,089,179085,10681,10645,1147,11792,142
2021-02-10,Sierra,091,2930,49,45,12,57,0
2021-02-10,Siskiyou,093,43540,1412,1314,208,1522,4
2021-02-10,Solano,095,438530,29195,28835,335,29170,137
2021-02-10,Sonoma,097,501317,27077,26881,158,27039,271
2021-02-10,Stanislaus,099,539301,49166,48016,5061,53077,696
2021-02-10,Sutter,101,95872,8618,8571,76,8647,93
2021-02-10,Tehama,103,63373,4511,4445,472,4917,23
2021-02-10,Trinity,105,12862,452,268,67,335,3
2021-02-10,Tulare,107,460477,47198,45782,7347,53129,696
2021-02-10,Tuolumne,109,53932,3700,3691,35,3726,48
2021-02-10,Ventura,111,848112,75701,74651,2636,77287,580
2021-02-10,Yolo,113,214977,12522,12276,143,12419,174
2021-02-10,Yuba,115,75493,5341,5241,78,5319,38
2021-02-09,Alameda,001,1643700,78303,77018,1624,78642,936
2021-02-09,Alpine,003,1148,77,76,0,76,0
2021-02-09,Amador,005,37829,3384,3347,28,3375,35
2021-02-09,Butte,007,227075,11026,10563,1576,12139,153
2021-02-09,Calaveras,009,45235,1858,1847,11,1858,21
2021-02-09,Colusa,011,21464,1832,1812,238,2050,10
2021-02-09,Contra Costa,013,1133247,60898,59307,1009,60316,583
2021-02-09,Del Norte,015,27424,929,886,4,890,2
2021-02-09,El Dorado,017,186661,8880,8663,587,9250,87
2021-02-09,Fresno,019,978130,93806,91730,7241,98971,1211
2021-02-09,Glenn,021,27897,2198,2156,471,2627,14
2021-02-09,Humboldt,023,135768,2976,2904,19,2923,29
2021-02-09,Imperial,025,180216,26962,26509,2378,28887,568
2021-02-09,Inyo,027,18085,1187,1137,8,1145,30
2021-02-09,Kern,029,883053,91161,88684,9123,97807,920
2021-02-09,Kings,031,150075,21778,21275,909,22184,196
2021-02-09,Lake,033,64148,3048,2955,1,2956,36
2021-02-09,Lassen,035,31185,5045,4983,87,5070,1
2021-02-09,Los Angeles,037,10098052,1154530,1122745,37045,1159790,18198
2021-02-09,Madera,039,155013,15208,14912,756,15668,105
2021-02-09,Marin,041,260295,12811,12623,146,12769,197
2021-02-09,Mariposa,043,17540,368,355,4,359,4
2021-02-09,Mendocino,045,87422,3531,3369,69,3438,38
2021-02-09,Merced,047,269075,27391,27166,815,27981,354
2021-02-09,Modoc,049,8938,328,316,109,425,3
2021-02-09,Mono,051,14174,1159,1167,16,1183,3
2021-02-09,Monterey,053,433212,41044,40279,1538,41817,285
2021-02-09,Napa,055,140530,8782,8749,31,8780,55
2021-02-09,Nevada,057,99092,3812,3687,147,3834,44
2021-02-09,Orange,059,3164182,242777,239169,9786,248955,3406
2021-02-09,Placer,061,380077,19988,19008,1040,20048,220
2021-02-09,Plumas,063,18699,631,584,10,594,2
2021-02-09,Riverside,065,2383286,280843,273465,13001,286466,3334
2021-02-09,Sacramento,067,1510023,91248,89378,1144,90522,1265
2021-02-09,San Benito,069,59416,5599,5566,79,5645,54
2021-02-09,San Bernardino,071,2135413,282407,274998,8296,283294,2613
2021-02-09,San Diego,073,3302833,257220,248048,12353,260401,2853
2021-02-09,San Francisco,075,870044,33157,32782,960,33742,349
2021-02-09,San Joaquin,077,732212,64973,63341,2567,65908,937
2021-02-09,San Luis Obispo,079,281455,19032,18489,512,19001,216
2021-02-09,San Mateo,081,765935,38367,37227,382,37609,235
2021-02-09,Santa Barbara,083,443738,31070,30118,974,31092,351
2021-02-09,Santa Clara,085,1922200,106865,105762,512,106274,1463
2021-02-09,Santa Cruz,087,273765,14995,13958,735,14693,162
2021-02-09,Shasta,089,179085,10653,10595,1145,11740,139
2021-02-09,Sierra,091,2930,49,44,12,56,0
2021-02-09,Siskiyou,093,43540,1404,1306,206,1512,4
2021-02-09,Solano,095,438530,29116,28769,332,29101,131
2021-02-09,Sonoma,097,501317,26987,26826,156,26982,267
2021-02-09,Stanislaus,099,539301,49006,47906,5046,52952,679
2021-02-09,Sutter,101,95872,8602,8541,76,8617,92
2021-02-09,Tehama,103,63373,4504,4416,471,4887,22
2021-02-09,Trinity,105,12862,452,266,67,333,3
2021-02-09,Tulare,107,460477,47064,45704,7295,52999,686
2021-02-09,Tuolumne,109,53932,3681,3673,35,3708,48
2021-02-09,Ventura,111,848112,75450,74333,2628,76961,567
2021-02-09,Yolo,113,214977,12480,12220,143,12363,174
2021-02-09,Yuba,115,75493,5332,5235,78,5313,35
2021-02-08,Alameda,001,1643700,78042,76735,1619,78354,924
2021-02-08,Alpine,003,1148,77,73,0,73,0
2021-02-08,Amador,005,37829,3377,3344,27,3371,33
2021-02-08,Butte,007,227075,11004,10524,1572,12096,152
2021-02-08,Calaveras,009,45235,1857,1840,11,1851,21
2021-02-08,Colusa,011,21464,1824,1802,234,2036,10
2021-02-08,Contra Costa,013,1133247,60687,59039,1007,60046,567
2021-02-08,Del Norte,015,27424,926,885,4,889,2
2021-02-08,El Dorado,017,186661,8848,8627,584,9211,86
2021-02-08,Fresno,019,978130,93594,91430,7216,98646,1207
2021-02-08,Glenn,021,27897,2194,2148,469,2617,14
2021-02-08,Humboldt,023,135768,2968,2902,19,2921,29
2021-02-08,Imperial,025,180216,26940,26526,2376,28902,567
2021-02-08,Inyo,027,18085,1174,1126,8,1134,30
2021-02-08,Kern,029,883053,90944,88380,9062,97442,920
2021-02-08,Kings,031,150075,21716,21232,906,22138,195
2021-02-08,Lake,033,64148,3029,2949,1,2950,36
2021-02-08,Lassen,035,31185,5032,4976,87,5063,1
2021-02-08,Los Angeles,037,10098052,1152433,1120179,36924,1157103,17977
2021-02-08,Madera,039,155013,15172,14887,749,15636,93
2021-02-08,Marin,041,260295,12781,12591,146,12737,194
2021-02-08,Mariposa,043,17540,368,355,4,359,4
2021-02-08,Mendocino,045,87422,3517,3355,69,3424,38
2021-02-08,Merced,047,269075,27308,27082,810,27892,346
2021-02-08,Modoc,049,8938,326,318,109,427,3
2021-02-08,Mono,051,14174,1159,1165,16,1181,3
2021-02-08,Monterey,053,433212,40924,40186,1519,41705,283
2021-02-08,Napa,055,140530,8767,8719,31,8750,55
2021-02-08,Nevada,057,99092,3800,3671,147,3818,44
2021-02-08,Orange,059,3164182,242310,238715,9763,248478,3361
2021-02-08,Placer,061,380077,19947,18944,1034,19978,211
2021-02-08,Plumas,063,18699,630,584,10,594,2
2021-02-08,Riverside,065,2383286,280275,272904,12975,285879,3301
2021-02-08,Sacramento,067,1510023,90962,89267,1141,90408,1247
2021-02-08,San Benito,069,59416,5594,5553,78,5631,52
2021-02-08,San Bernardino,071,2135413,282004,274661,8290,282951,2587
2021-02-08,San Diego,073,3302833,256477,247259,12312,259571,2821
2021-02-08,San Francisco,075,870044,33063,32679,952,33631,348
2021-02-08,San Joaquin,077,732212,64812,63148,2557,65705,929
2021-02-08,San Luis Obispo,079,281455,18975,18421,507,18928,214
2021-02-08,San Mateo,081,765935,38258,37084,382,37466,232
2021-02-08,Santa Barbara,083,443738,30955,29978,967,30945,340
2021-02-08,Santa Clara,085,1922200,106542,105413,504,105917,1456
2021-02-08,Santa Cruz,087,273765,14956,13921,729,14650,161
2021-02-08,Shasta,089,179085,10626,10574,1139,11713,137
2021-02-08,Sierra,091,2930,49,44,12,56,0
2021-02-08,Siskiyou,093,43540,1401,1303,206,1509,4
2021-02-08,Solano,095,438530,29050,28644,330,28974,130
2021-02-08,Sonoma,097,501317,26896,26760,155,26915,259
2021-02-08,Stanislaus,099,539301,48851,47704,5018,52722,679
2021-02-08,Sutter,101,95872,8583,8526,76,8602,92
2021-02-08,Tehama,103,63373,4494,4403,468,4871,22
2021-02-08,Trinity,105,12862,450,266,67,333,3
2021-02-08,Tulare,107,460477,46956,45617,7255,52872,673
2021-02-08,Tuolumne,109,53932,3673,3647,35,3682,48
2021-02-08,Ventura,111,848112,75193,74068,2623,76691,565
2021-02-08,Yolo,113,214977,12448,12169,142,12311,162
2021-02-08,Yuba,115,75493,5316,5215,78,5293,35
2021-02-07,Alameda,001,1643700,77741,76500,1611,78111,924
2021-02-07,Alpine,003,1148,74,72,0,72,0
2021-02-07,Amador,005,37829,3356,3343,27,3370,33
2021-02-07,Butte,007,227075,10972,10513,1564,12077,152
2021-02-07,Calaveras,009,45235,1853,1837,11,1848,21
2021-02-07,Colusa,011,21464,1813,1795,232,2027,10
2021-02-07,Contra Costa,013,1133247,60443,58836,1002,59838,566
2021-02-07,Del Norte,015,27424,922,881,4,885,2
2021-02-07,El Dorado,017,186661,8819,8596,582,9178,86
2021-02-07,Fresno,019,978130,93363,91184,7178,98362,1207
2021-02-07,Glenn,021,27897,2190,2141,464,2605,14
2021-02-07,Humboldt,023,135768,2947,2895,19,2914,28
2021-02-07,Imperial,025,180216,26911,26518,2371,28889,567
2021-02-07,Inyo,027,18085,1163,1124,8,1132,27
2021-02-07,Kern,029,883053,90696,88146,9004,97150,920
2021-02-07,Kings,031,150075,21655,21180,903,22083,192
2021-02-07,Lake,033,64148,3014,2940,1,2941,36
2021-02-07,Lassen,035,31185,5021,4973,87,5060,1
2021-02-07,Los Angeles,037,10098052,1149674,1117551,36799,1154350,17889
2021-02-07,Madera,039,155013,15138,14850,745,15595,93
2021-02-07,Marin,041,260295,12748,12571,144,12715,194
2021-02-07,Mariposa,043,17540,367,355,4,359,4
2021-02-07,Mendocino,045,87422,3500,3348,69,3417,38
2021-02-07,Merced,047,269075,27196,26977,798,27775,346
2021-02-07,Modoc,049,8938,326,317,105,422,3
2021-02-07,Mono,051,14174,1156,1165,16,1181,3
2021-02-07,Monterey,053,433212,40788,40113,1500,41613,283
2021-02-07,Napa,055,140530,8744,8701,31,8732,55
2021-02-07,Nevada,057,99092,3789,3643,147,3790,44
2021-02-07,Orange,059,3164182,241712,238155,9730,247885,3336
2021-02-07,Placer,061,380077,19900,18903,1021,19924,211
2021-02-07,Plumas,063,18699,630,584,10,594,2
2021-02-07,Riverside,065,2383286,279746,272301,12954,285255,3267
2021-02-07,Sacramento,067,1510023,90629,88919,1134,90053,1246
2021-02-07,San Benito,069,59416,5575,5548,77,5625,52
2021-02-07,San Bernardino,071,2135413,281411,274316,8265,282581,2587
2021-02-07,San Diego,073,3302833,255691,246561,12248,258809,2821
2021-02-07,San Francisco,075,870044,32943,32609,940,33549,348
2021-02-07,San Joaquin,077,732212,64538,63051,2543,65594,929
2021-02-07,San Luis Obispo,079,281455,18903,18349,500,18849,214
2021-02-07,San Mateo,081,765935,38124,36984,380,37364,232
2021-02-07,Santa Barbara,083,443738,30815,29815,955,30770,340
2021-02-07,Santa Clara,085,1922200,106203,105118,494,105612,1450
2021-02-07,Santa Cruz,087,273765,14902,13887,724,14611,161
2021-02-07,Shasta,089,179085,10606,10570,1131,11701,137
2021-02-07,Sierra,091,2930,49,43,12,55,0
2021-02-07,Siskiyou,093,43540,1394,1295,204,1499,4
2021-02-07,Solano,095,438530,28939,28567,329,28896,130
2021-02-07,Sonoma,097,501317,26789,26684,151,26835,257
2021-02-07,Stanislaus,099,539301,48661,47551,4986,52537,679
2021-02-07,Sutter,101,95872,8555,8515,76,8591,92
2021-02-07,Tehama,103,63373,4478,4396,467,4863,22
2021-02-07,Trinity,105,12862,447,264,65,329,3
2021-02-07,Tulare,107,460477,46834,45520,7177,52697,671
2021-02-07,Tuolumne,109,53932,3649,3619,34,3653,48
2021-02-07,Ventura,111,848112,74882,73759,2611,76370,561
2021-02-07,Yolo,113,214977,12403,12135,142,12277,162
2021-02-07,Yuba,115,75493,5301,5198,76,5274,35
2021-02-06,Alameda,001,1643700,77588,76170,1600,77770,922
2021-02-06,Alpine,003,1148,74,72,0,72,0
2021-02-06,Amador,005,37829,3350,3306,27,3333,33
2021-02-06,Butte,007,227075,10955,10480,1560,12040,150
2021-02-06,Calaveras,009,45235,1851,1832,11,1843,21
2021-02-06,Colusa,011,21464,1811,1791,231,2022,10
2021-02-06,Contra Costa,013,1133247,60296,58567,996,59563,566
2021-02-06,Del Norte,015,27424,918,879,4,883,2
2021-02-06,El Dorado,017,186661,8812,8575,578,9153,86
2021-02-06,Fresno,019,978130,93250,90944,7157,98101,1207
2021-02-06,Glenn,021,27897,2188,2136,463,2599,14
2021-02-06,Humboldt,023,135768,2936,2880,19,2899,28
2021-02-06,Imperial,025,180216,26899,26514,2370,28884,567
2021-02-06,Inyo,027,18085,1160,1113,8,1121,27
2021-02-06,Kern,029,883053,90542,87919,8958,96877,912
2021-02-06,Kings,031,150075,21624,21156,903,22059,190
2021-02-06,Lake,033,64148,3009,2920,1,2921,34
2021-02-06,Lassen,035,31185,5017,4964,86,5050,1
2021-02-06,Los Angeles,037,10098052,1148318,1114718,36702,1151420,17793
2021-02-06,Madera,039,155013,15117,14807,743,15550,93
2021-02-06,Marin,041,260295,12728,12531,144,12675,194
2021-02-06,Mariposa,043,17540,366,355,3,358,4
2021-02-06,Mendocino,045,87422,3482,3316,68,3384,38
2021-02-06,Merced,047,269075,27110,26881,790,27671,346
2021-02-06,Modoc,049,8938,326,313,105,418,3
2021-02-06,Mono,051,14174,1155,1159,16,1175,3
2021-02-06,Monterey,053,433212,40730,39995,1492,41487,282
2021-02-06,Napa,055,140530,8731,8639,31,8670,55
2021-02-06,Nevada,057,99092,3777,3624,147,3771,43
2021-02-06,Orange,059,3164182,241348,237391,9696,247087,3293
2021-02-06,Placer,061,380077,19863,18836,1018,19854,211
2021-02-06,Plumas,063,18699,630,584,10,594,2
2021-02-06,Riverside,065,2383286,279378,271741,12935,284676,3243
2021-02-06,Sacramento,067,1510023,90412,88532,1124,89656,1237
2021-02-06,San Benito,069,59416,5557,5516,77,5593,52
2021-02-06,San Bernardino,071,2135413,281102,273718,8243,281961,2564
2021-02-06,San Diego,073,3302833,255195,245331,12213,257544,2812
2021-02-06,San Francisco,075,870044,32869,32437,930,33367,346
2021-02-06,San Joaquin,077,732212,64459,62840,2532,65372,906
2021-02-06,San Luis Obispo,079,281455,18861,18284,496,18780,214
2021-02-06,San Mateo,081,765935,38056,36824,377,37201,232
2021-02-06,Santa Barbara,083,443738,30739,29645,953,30598,337
2021-02-06,Santa Clara,085,1922200,105981,104639,489,105128,1439
2021-02-06,Santa Cruz,087,273765,14871,13845,720,14565,161
2021-02-06,Shasta,089,179085,10595,10561,1129,11690,137
2021-02-06,Sierra,091,2930,49,43,12,55,0
2021-02-06,Siskiyou,093,43540,1391,1289,203,1492,4
2021-02-06,Solano,095,438530,28903,28446,328,28774,129
2021-02-06,Sonoma,097,501317,26752,26564,149,26713,257
2021-02-06,Stanislaus,099,539301,48565,47325,4971,52296,679
2021-02-06,Sutter,101,95872,8547,8485,76,8561,92
2021-02-06,Tehama,103,63373,4468,4380,466,4846,22
2021-02-06,Trinity,105,12862,447,263,65,328,3
2021-02-06,Tulare,107,460477,46766,45349,7132,52481,664
2021-02-06,Tuolumne,109,53932,3642,3612,34,3646,48
2021-02-06,Ventura,111,848112,74702,73431,2605,76036,552
2021-02-06,Yolo,113,214977,12380,12061,142,12203,161
2021-02-06,Yuba,115,75493,5291,5177,75,5252,35
2021-02-05,Alameda,001,1643700,77359,75716,1598,77314,916
2021-02-05,Alpine,003,1148,74,72,0,72,0
2021-02-05,Amador,005,37829,3345,3299,26,3325,33
2021-02-05,Butte,007,227075,10936,10421,1553,11974,150
2021-02-05,Calaveras,009,45235,1847,1818,11,1829,21
2021-02-05,Colusa,011,21464,1807,1785,231,2016,10
2021-02-05,Contra Costa,013,1133247,60135,58195,994,59189,560
2021-02-05,Del Norte,015,27424,917,874,4,878,2
2021-02-05,El Dorado,017,186661,8793,8527,576,9103,86
2021-02-05,Fresno,019,978130,93048,90513,7136,97649,1194
2021-02-05,Glenn,021,27897,2185,2122,458,2580,14
2021-02-05,Humboldt,023,135768,2926,2857,19,2876,28
2021-02-05,Imperial,025,180216,26880,26474,2369,28843,557
2021-02-05,Inyo,027,18085,1156,1104,8,1112,27
2021-02-05,Kern,029,883053,90373,87470,8892,96362,906
2021-02-05,Kings,031,150075,21586,21021,900,21921,190
2021-02-05,Lake,033,64148,2997,2906,1,2907,33
2021-02-05,Lassen,035,31185,5013,4936,86,5022,1
2021-02-05,Los Angeles,037,10098052,1146218,1110384,36571,1146955,17608
2021-02-05,Madera,039,155013,15083,14752,738,15490,95
2021-02-05,Marin,041,260295,12693,12479,144,12623,193
2021-02-05,Mariposa,043,17540,366,352,3,355,4
2021-02-05,Mendocino,045,87422,3468,3272,68,3340,38
2021-02-05,Merced,047,269075,27050,26760,789,27549,345
2021-02-05,Modoc,049,8938,326,312,105,417,3
2021-02-05,Mono,051,14174,1154,1157,16,1173,3
2021-02-05,Monterey,053,433212,40663,39840,1481,41321,281
2021-02-05,Napa,055,140530,8717,8598,31,8629,55
2021-02-05,Nevada,057,99092,3774,3607,147,3754,43
2021-02-05,Orange,059,3164182,240921,236335,9669,246004,3260
2021-02-05,Placer,061,380077,19827,18756,1016,19772,211
2021-02-05,Plumas,063,18699,628,578,10,588,2
2021-02-05,Riverside,065,2383286,278962,270666,12916,283582,3235
2021-02-05,Sacramento,067,1510023,90231,87992,1117,89109,1231
2021-02-05,San Benito,069,59416,5546,5502,77,5579,51
2021-02-05,San Bernardino,071,2135413,280757,272938,8227,281165,2495
2021-02-05,San Diego,073,3302833,254619,244066,12178,256244,2777
2021-02-05,San Francisco,075,870044,32779,32229,919,33148,337
2021-02-05,San Joaquin,077,732212,64310,62565,2524,65089,902
2021-02-05,San Luis Obispo,079,281455,18800,18152,492,18644,213
2021-02-05,San Mateo,081,765935,37973,36582,376,36958,227
2021-02-05,Santa Barbara,083,443738,30642,29455,940,30395,334
2021-02-05,Santa Clara,085,1922200,105733,104112,487,104599,1421
2021-02-05,Santa Cruz,087,273765,14850,13776,718,14494,161
2021-02-05,Shasta,089,179085,10579,10507,1122,11629,136
2021-02-05,Sierra,091,2930,49,42,12,54,0
2021-02-05,Siskiyou,093,43540,1384,1276,201,1477,4
2021-02-05,Solano,095,438530,28853,28283,328,28611,127
2021-02-05,Sonoma,097,501317,26683,26423,146,26569,252
2021-02-05,Stanislaus,099,539301,48420,47024,4953,51977,678
2021-02-05,Sutter,101,95872,8527,8443,76,8519,92
2021-02-05,Tehama,103,63373,4459,4355,465,4820,22
2021-02-05,Trinity,105,12862,446,260,65,325,3
2021-02-05,Tulare,107,460477,46689,45138,7084,52222,663
2021-02-05,Tuolumne,109,53932,3616,3595,34,3629,45
2021-02-05,Ventura,111,848112,74457,72953,2593,75546,546
2021-02-05,Yolo,113,214977,12362,12025,139,12164,162
2021-02-05,Yuba,115,75493,5274,5145,75,5220,35
2021-02-04,Alameda,001,1643700,77074,75422,1592,77014,899
2021-02-04,Alpine,003,1148,73,72,0,72,0
2021-02-04,Amador,005,37829,3342,3288,26,3314,33
2021-02-04,Butte,007,227075,10903,10386,1545,11931,147
2021-02-04,Calaveras,009,45235,1845,1808,11,1819,21
2021-02-04,Colusa,011,21464,1803,1777,229,2006,10
2021-02-04,Contra Costa,013,1133247,59947,57991,990,58981,550
2021-02-04,Del Norte,015,27424,911,870,4,874,2
2021-02-04,El Dorado,017,186661,8767,8490,573,9063,86
2021-02-04,Fresno,019,978130,92833,90126,7109,97235,1114
2021-02-04,Glenn,021,27897,2180,2102,457,2559,14
2021-02-04,Humboldt,023,135768,2916,2827,19,2846,28
2021-02-04,Imperial,025,180216,26835,26411,2367,28778,556
2021-02-04,Inyo,027,18085,1144,1084,8,1092,27
2021-02-04,Kern,029,883053,90099,87156,8816,95972,898
2021-02-04,Kings,031,150075,21536,20918,894,21812,187
2021-02-04,Lake,033,64148,2985,2882,1,2883,34
2021-02-04,Lassen,035,31185,5010,4927,86,5013,1
2021-02-04,Los Angeles,037,10098052,1143420,1106323,36446,1142769,17396
2021-02-04,Madera,039,155013,15053,14706,735,15441,95
2021-02-04,Marin,041,260295,12658,12431,144,12575,192
2021-02-04,Mariposa,043,17540,366,348,3,351,4
2021-02-04,Mendocino,045,87422,3450,3240,66,3306,38
2021-02-04,Merced,047,269075,26955,26629,786,27415,345
2021-02-04,Modoc,049,8938,326,309,105,414,3
2021-02-04,Mono,051,14174,1152,1153,16,1169,3
2021-02-04,Monterey,053,433212,40552,39619,1464,41083,279
2021-02-04,Napa,055,140530,8688,8573,31,8604,55
2021-02-04,Nevada,057,99092,3754,3590,146,3736,37
2021-02-04,Orange,059,3164182,240279,235677,9627,245304,3238
2021-02-04,Placer,061,380077,19767,18711,1007,19718,210
2021-02-04,Plumas,063,18699,625,562,10,572,2
2021-02-04,Riverside,065,2383286,278199,269851,12877,282728,3230
2021-02-04,Sacramento,067,1510023,89930,87658,1107,88765,1222
2021-02-04,San Benito,069,59416,5532,5488,76,5564,51
2021-02-04,San Bernardino,071,2135413,280208,272223,8207,280430,2409
2021-02-04,San Diego,073,3302833,253831,242613,12112,254725,2738
2021-02-04,San Francisco,075,870044,32665,32116,910,33026,326
2021-02-04,San Joaquin,077,732212,64085,62374,2516,64890,883
2021-02-04,San Luis Obispo,079,281455,18733,18058,490,18548,211
2021-02-04,San Mateo,081,765935,37852,36437,373,36810,226
2021-02-04,Santa Barbara,083,443738,30507,29344,923,30267,322
2021-02-04,Santa Clara,085,1922200,105390,103781,484,104265,1404
2021-02-04,Santa Cruz,087,273765,14817,13713,710,14423,156
2021-02-04,Shasta,089,179085,10553,10466,1117,11583,131
2021-02-04,Sierra,091,2930,49,42,12,54,0
2021-02-04,Siskiyou,093,43540,1375,1273,201,1474,4
2021-02-04,Solano,095,438530,28750,28192,327,28519,120
2021-02-04,Sonoma,097,501317,26601,26276,143,26419,249
2021-02-04,Stanislaus,099,539301,48259,46822,4934,51756,678
2021-02-04,Sutter,101,95872,8507,8401,76,8477,92
2021-02-04,Tehama,103,63373,4442,4327,464,4791,21
2021-02-04,Trinity,105,12862,445,260,64,324,3
2021-02-04,Tulare,107,460477,46562,44983,7026,52009,656
2021-02-04,Tuolumne,109,53932,3576,3585,34,3619,45
2021-02-04,Ventura,111,848112,74125,72595,2580,75175,537
2021-02-04,Yolo,113,214977,12328,11982,138,12120,161
2021-02-04,Yuba,115,75493,5248,5135,75,5210,34
2021-02-03,Alameda,001,1643700,76750,74968,1589,76557,880
2021-02-03,Alpine,003,1148,73,72,0,72,0
2021-02-03,Amador,005,37829,3338,3281,26,3307,33
2021-02-03,Butte,007,227075,10871,10355,1538,11893,144
2021-02-03,Calaveras,009,45235,1830,1799,11,1810,21
2021-02-03,Colusa,011,21464,1798,1773,228,2001,10
2021-02-03,Contra Costa,013,1133247,59706,57762,978,58740,537
2021-02-03,Del Norte,015,27424,906,869,4,873,2
2021-02-03,El Dorado,017,186661,8746,8428,572,9000,86
2021-02-03,Fresno,019,978130,92611,89748,7070,96818,1015
2021-02-03,Glenn,021,27897,2170,2098,456,2554,14
2021-02-03,Humboldt,023,135768,2906,2800,19,2819,27
2021-02-03,Imperial,025,180216,26799,26363,2361,28724,547
2021-02-03,Inyo,027,18085,1134,1071,8,1079,27
2021-02-03,Kern,029,883053,89856,86771,8775,95546,877
2021-02-03,Kings,031,150075,21475,20831,892,21723,172
2021-02-03,Lake,033,64148,2967,2869,1,2870,33
2021-02-03,Lassen,035,31185,4998,4910,86,4996,1
2021-02-03,Los Angeles,037,10098052,1140335,1101890,36327,1138217,17163
2021-02-03,Madera,039,155013,15013,14605,733,15338,94
2021-02-03,Marin,041,260295,12623,12406,144,12550,190
2021-02-03,Mariposa,043,17540,365,347,3,350,4
2021-02-03,Mendocino,045,87422,3424,3236,65,3301,38
2021-02-03,Merced,047,269075,26840,26520,782,27302,343
2021-02-03,Modoc,049,8938,325,308,105,413,3
2021-02-03,Mono,051,14174,1145,1146,16,1162,3
2021-02-03,Monterey,053,433212,40425,39500,1447,40947,279
2021-02-03,Napa,055,140530,8653,8534,31,8565,54
2021-02-03,Nevada,057,99092,3740,3572,146,3718,35
2021-02-03,Orange,059,3164182,239535,234738,9595,244333,3189
2021-02-03,Placer,061,380077,19712,18646,1005,19651,210
2021-02-03,Plumas,063,18699,625,559,10,569,2
2021-02-03,Riverside,065,2383286,277456,269019,12847,281866,3195
2021-02-03,Sacramento,067,1510023,89607,87415,1103,88518,1212
2021-02-03,San Benito,069,59416,5514,5463,73,5536,51
2021-02-03,San Bernardino,071,2135413,279722,271477,8184,279661,2308
2021-02-03,San Diego,073,3302833,252929,241015,12066,253081,2683
2021-02-03,San Francisco,075,870044,32535,31983,905,32888,325
2021-02-03,San Joaquin,077,732212,63857,61976,2506,64482,880
2021-02-03,San Luis Obispo,079,281455,18655,17922,487,18409,206
2021-02-03,San Mateo,081,765935,37714,36227,369,36596,225
2021-02-03,Santa Barbara,083,443738,30358,29121,914,30035,315
2021-02-03,Santa Clara,085,1922200,105074,103278,482,103760,1364
2021-02-03,Santa Cruz,087,273765,14762,13611,704,14315,154
2021-02-03,Shasta,089,179085,10510,10422,1112,11534,130
2021-02-03,Sierra,091,2930,49,42,12,54,0
2021-02-03,Siskiyou,093,43540,1364,1268,200,1468,4
2021-02-03,Solano,095,438530,28628,28057,327,28384,119
2021-02-03,Sonoma,097,501317,26517,26155,142,26297,248
2021-02-03,Stanislaus,099,539301,48083,46598,4915,51513,662
2021-02-03,Sutter,101,95872,8482,8379,76,8455,90
2021-02-03,Tehama,103,63373,4424,4309,461,4770,21
2021-02-03,Trinity,105,12862,445,260,63,323,3
2021-02-03,Tulare,107,460477,46391,44838,6970,51808,640
2021-02-03,Tuolumne,109,53932,3565,3568,34,3602,45
2021-02-03,Ventura,111,848112,73788,72124,2570,74694,526
2021-02-03,Yolo,113,214977,12303,11933,138,12071,161
2021-02-03,Yuba,115,75493,5230,5124,75,5199,34
2021-02-02,Alameda,001,1643700,76407,74642,1577,76219,869
2021-02-02,Alpine,003,1148,73,72,0,72,0
2021-02-02,Amador,005,37829,3307,3275,26,3301,33
2021-02-02,Butte,007,227075,10845,10307,1529,11836,141
2021-02-02,Calaveras,009,45235,1820,1786,11,1797,21
2021-02-02,Colusa,011,21464,1790,1769,223,1992,9
2021-02-02,Contra Costa,013,1133247,59426,57551,975,58526,536
2021-02-02,Del Norte,015,27424,900,868,4,872,2
2021-02-02,El Dorado,017,186661,8706,8405,572,8977,84
2021-02-02,Fresno,019,978130,92310,89542,7035,96577,1009
2021-02-02,Glenn,021,27897,2158,2090,453,2543,14
2021-02-02,Humboldt,023,135768,2894,2784,19,2803,25
2021-02-02,Imperial,025,180216,26746,26317,2355,28672,535
2021-02-02,Inyo,027,18085,1131,1074,8,1082,27
2021-02-02,Kern,029,883053,89553,86485,8699,95184,867
2021-02-02,Kings,031,150075,21397,20785,884,21669,172
2021-02-02,Lake,033,64148,2947,2857,1,2858,33
2021-02-02,Lassen,035,31185,4991,4908,86,4994,1
2021-02-02,Los Angeles,037,10098052,1136953,1097573,36167,1133740,16913
2021-02-02,Madera,039,155013,14962,14595,728,15323,94
2021-02-02,Marin,041,260295,12593,12367,144,12511,189
2021-02-02,Mariposa,043,17540,362,345,3,348,4
2021-02-02,Mendocino,045,87422,3391,3210,65,3275,38
2021-02-02,Merced,047,269075,26743,26427,776,27203,340
2021-02-02,Modoc,049,8938,320,306,105,411,3
2021-02-02,Mono,051,14174,1143,1147,16,1163,3
2021-02-02,Monterey,053,433212,40290,39371,1433,40804,278
2021-02-02,Napa,055,140530,8624,8505,31,8536,53
2021-02-02,Nevada,057,99092,3725,3548,146,3694,20
2021-02-02,Orange,059,3164182,238732,233783,9560,243343,3152
2021-02-02,Placer,061,380077,19653,18615,1001,19616,205
2021-02-02,Plumas,063,18699,625,560,10,570,2
2021-02-02,Riverside,065,2383286,276599,267901,12813,280714,3169
2021-02-02,Sacramento,067,1510023,89317,87107,1092,88199,1202
2021-02-02,San Benito,069,59416,5500,5444,72,5516,50
2021-02-02,San Bernardino,071,2135413,279045,270486,8155,278641,2244
2021-02-02,San Diego,073,3302833,251890,240047,11979,252026,2629
2021-02-02,San Francisco,075,870044,32381,31788,895,32683,324
2021-02-02,San Joaquin,077,732212,63636,61708,2493,64201,878
2021-02-02,San Luis Obispo,079,281455,18561,17811,485,18296,201
2021-02-02,San Mateo,081,765935,37550,36004,363,36367,225
2021-02-02,Santa Barbara,083,443738,30187,28951,907,29858,304
2021-02-02,Santa Clara,085,1922200,104609,102872,477,103349,1349
2021-02-02,Santa Cruz,087,273765,14703,13572,700,14272,150
2021-02-02,Shasta,089,179085,10484,10371,1102,11473,128
2021-02-02,Sierra,091,2930,49,42,12,54,0
2021-02-02,Siskiyou,093,43540,1357,1252,197,1449,4
2021-02-02,Solano,095,438530,28532,27963,323,28286,118
2021-02-02,Sonoma,097,501317,26401,26054,142,26196,247
2021-02-02,Stanislaus,099,539301,47864,46306,4883,51189,641
2021-02-02,Sutter,101,95872,8459,8340,76,8416,89
2021-02-02,Tehama,103,63373,4410,4289,460,4749,21
2021-02-02,Trinity,105,12862,445,260,63,323,3
2021-02-02,Tulare,107,460477,46235,44720,6905,51625,625
2021-02-02,Tuolumne,109,53932,3553,3548,34,3582,39
2021-02-02,Ventura,111,848112,73372,71557,2560,74117,514
2021-02-02,Yolo,113,214977,12258,11886,136,12022,158
2021-02-02,Yuba,115,75493,5212,5111,74,5185,34
2021-02-01,Alameda,001,1643700,76051,74374,1572,75946,858
2021-02-01,Alpine,003,1148,73,72,0,72,0
2021-02-01,Amador,005,37829,3296,3234,26,3260,32
2021-02-01,Butte,007,227075,10801,10263,1525,11788,141
2021-02-01,Calaveras,009,45235,1813,1785,11,1796,21
2021-02-01,Colusa,011,21464,1785,1763,214,1977,9
2021-02-01,Contra Costa,013,1133247,59184,57324,974,58298,531
2021-02-01,Del Norte,015,27424,896,865,4,869,2
2021-02-01,El Dorado,017,186661,8667,8337,572,8909,83
2021-02-01,Fresno,019,978130,91978,89272,7000,96272,994
2021-02-01,Glenn,021,27897,2142,2086,445,2531,14
2021-02-01,Humboldt,023,135768,2873,2773,18,2791,25
2021-02-01,Imperial,025,180216,26703,26224,2353,28577,530
2021-02-01,Inyo,027,18085,1121,1072,8,1080,27
2021-02-01,Kern,029,883053,89156,86170,8631,94801,862
2021-02-01,Kings,031,150075,21306,20746,876,21622,172
2021-02-01,Lake,033,64148,2931,2843,1,2844,33
2021-02-01,Lassen,035,31185,4971,4907,86,4993,1
2021-02-01,Los Angeles,037,10098052,1133125,1094341,36003,1130344,16695
2021-02-01,Madera,039,155013,14927,14572,725,15297,94
2021-02-01,Marin,041,260295,12554,12341,143,12484,188
2021-02-01,Mariposa,043,17540,360,344,3,347,4
2021-02-01,Mendocino,045,87422,3358,3192,65,3257,37
2021-02-01,Merced,047,269075,26619,26282,767,27049,337
2021-02-01,Modoc,049,8938,314,303,101,404,1
2021-02-01,Mono,051,14174,1140,1145,16,1161,3
2021-02-01,Monterey,053,433212,40106,39196,1412,40608,278
2021-02-01,Napa,055,140530,8591,8449,31,8480,52
2021-02-01,Nevada,057,99092,3708,3535,145,3680,20
2021-02-01,Orange,059,3164182,237818,233155,9515,242670,3100
2021-02-01,Placer,061,380077,19586,18574,994,19568,204
2021-02-01,Plumas,063,18699,623,554,10,564,2
2021-02-01,Riverside,065,2383286,275659,267025,12778,279803,3092
2021-02-01,Sacramento,067,1510023,88914,86856,1081,87937,1193
2021-02-01,San Benito,069,59416,5482,5432,72,5504,48
2021-02-01,San Bernardino,071,2135413,278350,270012,8116,278128,2172
2021-02-01,San Diego,073,3302833,250665,239121,11903,251024,2619
2021-02-01,San Francisco,075,870044,32246,31703,883,32586,324
2021-02-01,San Joaquin,077,732212,63430,61542,2482,64024,877
2021-02-01,San Luis Obispo,079,281455,18441,17690,478,18168,199
2021-02-01,San Mateo,081,765935,37401,35843,363,36206,220
2021-02-01,Santa Barbara,083,443738,30018,28837,899,29736,297
2021-02-01,Santa Clara,085,1922200,104192,102462,476,102938,1343
2021-02-01,Santa Cruz,087,273765,14650,13524,698,14222,149
2021-02-01,Shasta,089,179085,10459,10329,1096,11425,112
2021-02-01,Sierra,091,2930,49,42,12,54,0
2021-02-01,Siskiyou,093,43540,1350,1238,194,1432,4
2021-02-01,Solano,095,438530,28427,27844,322,28166,117
2021-02-01,Sonoma,097,501317,26313,26011,141,26152,243
2021-02-01,Stanislaus,099,539301,47607,46112,4855,50967,642
2021-02-01,Sutter,101,95872,8420,8313,76,8389,89
2021-02-01,Tehama,103,63373,4384,4263,460,4723,21
2021-02-01,Trinity,105,12862,443,260,63,323,3
2021-02-01,Tulare,107,460477,46090,44569,6825,51394,618
2021-02-01,Tuolumne,109,53932,3545,3534,34,3568,39
2021-02-01,Ventura,111,848112,72967,71104,2543,73647,502
2021-02-01,Yolo,113,214977,12211,11824,135,11959,151
2021-02-01,Yuba,115,75493,5198,5084,73,5157,33
2021-01-31,Alameda,001,1643700,75626,73979,1564,75543,857
2021-01-31,Alpine,003,1148,73,72,0,72,0
2021-01-31,Amador,005,37829,3286,3212,25,3237,32
2021-01-31,Butte,007,227075,10756,10215,1515,11730,140
2021-01-31,Calaveras,009,45235,1793,1778,11,1789,21
2021-01-31,Colusa,011,21464,1779,1754,209,1963,9
2021-01-31,Contra Costa,013,1133247,58853,57079,974,58053,531
2021-01-31,Del Norte,015,27424,894,865,4,869,2
2021-01-31,El Dorado,017,186661,8629,8317,570,8887,83
2021-01-31,Fresno,019,978130,91666,88852,6946,95798,994
2021-01-31,Glenn,021,27897,2132,2083,444,2527,14
2021-01-31,Humboldt,023,135768,2857,2767,18,2785,25
2021-01-31,Imperial,025,180216,26630,26206,2344,28550,530
2021-01-31,Inyo,027,18085,1108,1072,8,1080,27
2021-01-31,Kern,029,883053,88659,85872,8547,94419,861
2021-01-31,Kings,031,150075,21222,20709,864,21573,172
2021-01-31,Lake,033,64148,2910,2826,1,2827,33
2021-01-31,Lassen,035,31185,4955,4900,86,4986,1
2021-01-31,Los Angeles,037,10098052,1128493,1090304,35803,1126107,16609
2021-01-31,Madera,039,155013,14873,14496,717,15213,94
2021-01-31,Marin,041,260295,12507,12297,139,12436,185
2021-01-31,Mariposa,043,17540,358,344,3,347,4
2021-01-31,Mendocino,045,87422,3335,3181,64,3245,37
2021-01-31,Merced,047,269075,26476,26222,762,26984,337
2021-01-31,Modoc,049,8938,311,304,99,403,1
2021-01-31,Mono,051,14174,1137,1146,16,1162,3
2021-01-31,Monterey,053,433212,39927,39035,1385,40420,278
2021-01-31,Napa,055,140530,8550,8404,31,8435,52
2021-01-31,Nevada,057,99092,3686,3518,143,3661,20
2021-01-31,Orange,059,3164182,236801,232347,9475,241822,3053
2021-01-31,Placer,061,380077,19509,18506,983,19489,204
2021-01-31,Plumas,063,18699,622,554,10,564,2
2021-01-31,Riverside,065,2383286,274642,266145,12731,278876,3074
2021-01-31,Sacramento,067,1510023,88473,86560,1067,87627,1186
2021-01-31,San Benito,069,59416,5460,5425,70,5495,48
2021-01-31,San Bernardino,071,2135413,277348,269533,8087,277620,2156
2021-01-31,San Diego,073,3302833,249352,238039,11789,249828,2619
2021-01-31,San Francisco,075,870044,32057,31563,872,32435,323
2021-01-31,San Joaquin,077,732212,63029,61379,2473,63852,877
2021-01-31,San Luis Obispo,079,281455,18308,17615,473,18088,199
2021-01-31,San Mateo,081,765935,37211,35659,360,36019,219
2021-01-31,Santa Barbara,083,443738,29774,28570,890,29460,297
2021-01-31,Santa Clara,085,1922200,103657,101986,467,102453,1330
2021-01-31,Santa Cruz,087,273765,14555,13469,684,14153,149
2021-01-31,Shasta,089,179085,10414,10313,1088,11401,112
2021-01-31,Sierra,091,2930,48,43,12,55,0
2021-01-31,Siskiyou,093,43540,1340,1238,194,1432,4
2021-01-31,Solano,095,438530,28297,27678,322,28000,118
2021-01-31,Sonoma,097,501317,26210,25925,140,26065,243
2021-01-31,Stanislaus,099,539301,47323,45971,4825,50796,642
2021-01-31,Sutter,101,95872,8375,8289,76,8365,89
2021-01-31,Tehama,103,63373,4362,4256,459,4715,21
2021-01-31,Trinity,105,12862,441,260,63,323,3
2021-01-31,Tulare,107,460477,45922,44440,6746,51186,618
2021-01-31,Tuolumne,109,53932,3507,3519,34,3553,39
2021-01-31,Ventura,111,848112,72372,70635,2530,73165,502
2021-01-31,Yolo,113,214977,12151,11771,135,11906,151
2021-01-31,Yuba,115,75493,5178,5071,73,5144,33
2021-01-30,Alameda,001,1643700,75423,73622,1559,75181,850
2021-01-30,Alpine,003,1148,73,72,0,72,0
2021-01-30,Amador,005,37829,3282,3181,25,3206,32
2021-01-30,Butte,007,227075,10722,10177,1506,11683,139
2021-01-30,Calaveras,009,45235,1780,1763,11,1774,21
2021-01-30,Colusa,011,21464,1777,1748,209,1957,9
2021-01-30,Contra Costa,013,1133247,58674,56763,970,57733,531
2021-01-30,Del Norte,015,27424,893,865,4,869,2
2021-01-30,El Dorado,017,186661,8609,8299,569,8868,83
2021-01-30,Fresno,019,978130,91486,88476,6926,95402,964
2021-01-30,Glenn,021,27897,2129,2074,442,2516,14
2021-01-30,Humboldt,023,135768,2846,2742,18,2760,24
2021-01-30,Imperial,025,180216,26606,26160,2342,28502,530
2021-01-30,Inyo,027,18085,1104,1068,8,1076,27
2021-01-30,Kern,029,883053,88458,85572,8482,94054,848
2021-01-30,Kings,031,150075,21151,20605,859,21464,169
2021-01-30,Lake,033,64148,2904,2809,1,2810,33
2021-01-30,Lassen,035,31185,4951,4890,86,4976,1
2021-01-30,Los Angeles,037,10098052,1126093,1084763,35661,1120424,16484
2021-01-30,Madera,039,155013,14831,14443,712,15155,94
2021-01-30,Marin,041,260295,12480,12225,138,12363,185
2021-01-30,Mariposa,043,17540,356,344,3,347,4
2021-01-30,Mendocino,045,87422,3321,3153,63,3216,36
2021-01-30,Merced,047,269075,26402,26078,760,26838,335
2021-01-30,Modoc,049,8938,311,303,99,402,1
2021-01-30,Mono,051,14174,1137,1143,16,1159,3
2021-01-30,Monterey,053,433212,39867,38847,1383,40230,277
2021-01-30,Napa,055,140530,8534,8342,31,8373,52
2021-01-30,Nevada,057,99092,3667,3499,143,3642,20
2021-01-30,Orange,059,3164182,236256,231358,9438,240796,3013
2021-01-30,Placer,061,380077,19456,18430,977,19407,205
2021-01-30,Plumas,063,18699,620,554,10,564,2
2021-01-30,Riverside,065,2383286,274046,265137,12700,277837,3061
2021-01-30,Sacramento,067,1510023,88282,86388,1062,87450,1184
2021-01-30,San Benito,069,59416,5442,5401,69,5470,48
2021-01-30,San Bernardino,071,2135413,276920,268660,8067,276727,2122
2021-01-30,San Diego,073,3302833,248587,236765,11744,248509,2603
2021-01-30,San Francisco,075,870044,31956,31427,869,32296,316
2021-01-30,San Joaquin,077,732212,62897,61120,2464,63584,864
2021-01-30,San Luis Obispo,079,281455,18228,17522,472,17994,198
2021-01-30,San Mateo,081,765935,37072,35451,359,35810,219
2021-01-30,Santa Barbara,083,443738,29632,28342,888,29230,296
2021-01-30,Santa Clara,085,1922200,103328,101471,465,101936,1307
2021-01-30,Santa Cruz,087,273765,14515,13383,683,14066,149
2021-01-30,Shasta,089,179085,10395,10283,1085,11368,112
2021-01-30,Sierra,091,2930,48,43,12,55,0
2021-01-30,Siskiyou,093,43540,1337,1236,193,1429,4
2021-01-30,Solano,095,438530,28214,27511,321,27832,118
2021-01-30,Sonoma,097,501317,26162,25810,137,25947,243
2021-01-30,Stanislaus,099,539301,47193,45697,4798,50495,642
2021-01-30,Sutter,101,95872,8359,8226,76,8302,87
2021-01-30,Tehama,103,63373,4349,4229,458,4687,21
2021-01-30,Trinity,105,12862,441,259,63,322,3
2021-01-30,Tulare,107,460477,45786,44203,6710,50913,615
2021-01-30,Tuolumne,109,53932,3503,3508,34,3542,36
2021-01-30,Ventura,111,848112,72060,69931,2516,72447,493
2021-01-30,Yolo,113,214977,12137,11698,134,11832,151
2021-01-30,Yuba,115,75493,5168,5042,72,5114,33
2021-01-29,Alameda,001,1643700,75156,73210,1552,74762,841
2021-01-29,Alpine,003,1148,73,72,0,72,0
2021-01-29,Amador,005,37829,3270,3134,24,3158,32
2021-01-29,Butte,007,227075,10690,10122,1497,11619,138
2021-01-29,Calaveras,009,45235,1769,1757,11,1768,21
2021-01-29,Colusa,011,21464,1773,1734,208,1942,8
2021-01-29,Contra Costa,013,1133247,58507,56318,968,57286,529
2021-01-29,Del Norte,015,27424,892,865,4,869,2
2021-01-29,El Dorado,017,186661,8592,8231,568,8799,83
2021-01-29,Fresno,019,978130,91272,87936,6889,94825,962
2021-01-29,Glenn,021,27897,2124,2061,441,2502,14
2021-01-29,Humboldt,023,135768,2833,2707,18,2725,24
2021-01-29,Imperial,025,180216,26591,26045,2339,28384,521
2021-01-29,Inyo,027,18085,1092,1048,8,1056,27
2021-01-29,Kern,029,883053,88231,85044,8431,93475,836
2021-01-29,Kings,031,150075,21112,20466,854,21320,169
2021-01-29,Lake,033,64148,2894,2792,1,2793,32
2021-01-29,Lassen,035,31185,4948,4874,86,4960,1
2021-01-29,Los Angeles,037,10098052,1122597,1078329,35511,1113840,16190
2021-01-29,Madera,039,155013,14784,14377,712,15089,94
2021-01-29,Marin,041,260295,12435,12145,137,12282,185
2021-01-29,Mariposa,043,17540,355,342,3,345,4
2021-01-29,Mendocino,045,87422,3312,3131,62,3193,36
2021-01-29,Merced,047,269075,26328,25865,755,26620,334
2021-01-29,Modoc,049,8938,310,297,99,396,1
2021-01-29,Mono,051,14174,1135,1139,16,1155,3
2021-01-29,Monterey,053,433212,39754,38539,1375,39914,277
2021-01-29,Napa,055,140530,8503,8276,31,8307,52
2021-01-29,Nevada,057,99092,3658,3487,142,3629,20
2021-01-29,Orange,059,3164182,235580,229917,9401,239318,2967
2021-01-29,Placer,061,380077,19403,18367,973,19340,203
2021-01-29,Plumas,063,18699,619,548,10,558,2
2021-01-29,Riverside,065,2383286,273245,263504,12668,276172,3008
2021-01-29,Sacramento,067,1510023,88028,86320,1057,87377,1169
2021-01-29,San Benito,069,59416,5434,5386,69,5455,48
2021-01-29,San Bernardino,071,2135413,276402,267490,8029,275519,2095
2021-01-29,San Diego,073,3302833,247645,234637,11666,246303,2571
2021-01-29,San Francisco,075,870044,31817,31294,861,32155,307
2021-01-29,San Joaquin,077,732212,62753,60899,2450,63349,858
2021-01-29,San Luis Obispo,079,281455,18168,17440,467,17907,193
2021-01-29,San Mateo,081,765935,36939,35223,356,35579,218
2021-01-29,Santa Barbara,083,443738,29499,28105,882,28987,291
2021-01-29,Santa Clara,085,1922200,102973,101010,463,101473,1273
2021-01-29,Santa Cruz,087,273765,14462,13311,680,13991,148
2021-01-29,Shasta,089,179085,10379,10220,1081,11301,112
2021-01-29,Sierra,091,2930,48,43,12,55,0
2021-01-29,Siskiyou,093,43540,1336,1227,193,1420,4
2021-01-29,Solano,095,438530,28131,27352,319,27671,116
2021-01-29,Sonoma,097,501317,26106,25710,136,25846,243
2021-01-29,Stanislaus,099,539301,47050,45466,4776,50242,642
2021-01-29,Sutter,101,95872,8340,8181,76,8257,87
2021-01-29,Tehama,103,63373,4337,4191,456,4647,20
2021-01-29,Trinity,105,12862,441,260,63,323,3
2021-01-29,Tulare,107,460477,45679,43925,6671,50596,606
2021-01-29,Tuolumne,109,53932,3493,3483,34,3517,36
2021-01-29,Ventura,111,848112,71638,69511,2503,72014,484
2021-01-29,Yolo,113,214977,12099,11612,134,11746,151
2021-01-29,Yuba,115,75493,5152,5018,72,5090,32
2021-01-28,Alameda,001,1643700,74733,72758,1544,74302,833
2021-01-28,Alpine,003,1148,73,72,0,72,0
2021-01-28,Amador,005,37829,3233,3124,24,3148,31
2021-01-28,Butte,007,227075,10649,10037,1487,11524,138
2021-01-28,Calaveras,009,45235,1756,1747,10,1757,21
2021-01-28,Colusa,011,21464,1766,1731,204,1935,8
2021-01-28,Contra Costa,013,1133247,58264,55999,958,56957,525
2021-01-28,Del Norte,015,27424,891,862,4,866,2
2021-01-28,El Dorado,017,186661,8577,8198,563,8761,79
2021-01-28,Fresno,019,978130,90986,87401,6842,94243,949
2021-01-28,Glenn,021,27897,2119,2043,434,2477,14
2021-01-28,Humboldt,023,135768,2816,2686,18,2704,24
2021-01-28,Imperial,025,180216,26547,25984,2332,28316,517
2021-01-28,Inyo,027,18085,1087,1039,8,1047,27
2021-01-28,Kern,029,883053,87902,84708,8348,93056,817
2021-01-28,Kings,031,150075,21052,20328,851,21179,167
2021-01-28,Lake,033,64148,2879,2772,1,2773,32
2021-01-28,Lassen,035,31185,4942,4865,86,4951,1
2021-01-28,Los Angeles,037,10098052,1118683,1072412,35324,1107736,15967
2021-01-28,Madera,039,155013,14729,14301,708,15009,94
2021-01-28,Marin,041,260295,12386,12079,136,12215,183
2021-01-28,Mariposa,043,17540,355,334,3,337,4
2021-01-28,Mendocino,045,87422,3295,3110,62,3172,36
2021-01-28,Merced,047,269075,26206,25620,743,26363,328
2021-01-28,Modoc,049,8938,309,297,99,396,0
2021-01-28,Mono,051,14174,1133,1131,16,1147,3
2021-01-28,Monterey,053,433212,39560,38312,1356,39668,274
2021-01-28,Napa,055,140530,8456,8233,31,8264,50
2021-01-28,Nevada,057,99092,3643,3452,141,3593,19
2021-01-28,Orange,059,3164182,234605,228636,9371,238007,2860
2021-01-28,Placer,061,380077,19343,18246,970,19216,198
2021-01-28,Plumas,063,18699,618,547,10,557,2
2021-01-28,Riverside,065,2383286,272465,262342,12620,274962,2981
2021-01-28,Sacramento,067,1510023,87663,85698,1046,86744,1149
2021-01-28,San Benito,069,59416,5416,5344,68,5412,47
2021-01-28,San Bernardino,071,2135413,275700,266456,8008,274464,2057
2021-01-28,San Diego,073,3302833,246492,232967,11577,244544,2534
2021-01-28,San Francisco,075,870044,31680,31193,845,32038,290
2021-01-28,San Joaquin,077,732212,62491,60627,2436,63063,854
2021-01-28,San Luis Obispo,079,281455,18068,17279,465,17744,189
2021-01-28,San Mateo,081,765935,36770,34931,340,35271,218
2021-01-28,Santa Barbara,083,443738,29276,27674,869,28543,284
2021-01-28,Santa Clara,085,1922200,102517,100470,461,100931,1219
2021-01-28,Santa Cruz,087,273765,14373,13188,674,13862,145
2021-01-28,Shasta,089,179085,10345,10176,1073,11249,110
2021-01-28,Sierra,091,2930,48,43,12,55,0
2021-01-28,Siskiyou,093,43540,1329,1218,191,1409,4
2021-01-28,Solano,095,438530,27971,27163,318,27481,114
2021-01-28,Sonoma,097,501317,26015,25564,136,25700,236
2021-01-28,Stanislaus,099,539301,46842,45162,4757,49919,640
2021-01-28,Sutter,101,95872,8293,8136,76,8212,85
2021-01-28,Tehama,103,63373,4314,4163,453,4616,20
2021-01-28,Trinity,105,12862,439,260,63,323,3
2021-01-28,Tulare,107,460477,45524,43742,6596,50338,595
2021-01-28,Tuolumne,109,53932,3479,3472,34,3506,32
2021-01-28,Ventura,111,848112,71126,68896,2487,71383,475
2021-01-28,Yolo,113,214977,12057,11500,130,11630,151
2021-01-28,Yuba,115,75493,5136,4994,71,5065,32
2021-01-27,Alameda,001,1643700,74314,72188,1537,73725,815
2021-01-27,Alpine,003,1148,73,72,0,72,0
2021-01-27,Amador,005,37829,3217,3116,24,3140,31
2021-01-27,Butte,007,227075,10610,9988,1476,11464,138
2021-01-27,Calaveras,009,45235,1747,1737,10,1747,21
2021-01-27,Colusa,011,21464,1760,1724,202,1926,8
2021-01-27,Contra Costa,013,1133247,57970,55578,955,56533,507
2021-01-27,Del Norte,015,27424,890,859,4,863,2
2021-01-27,El Dorado,017,186661,8551,8141,562,8703,76
2021-01-27,Fresno,019,978130,90694,86886,6800,93686,938
2021-01-27,Glenn,021,27897,2115,2042,433,2475,14
2021-01-27,Humboldt,023,135768,2794,2630,18,2648,24
2021-01-27,Imperial,025,180216,26493,25861,2320,28181,504
2021-01-27,Inyo,027,18085,1083,1023,8,1031,27
2021-01-27,Kern,029,883053,87592,84244,8277,92521,809
2021-01-27,Kings,031,150075,20946,20211,843,21054,167
2021-01-27,Lake,033,64148,2859,2750,1,2751,32
2021-01-27,Lassen,035,31185,4936,4851,86,4937,1
2021-01-27,Los Angeles,037,10098052,1113872,1066569,35121,1101690,15757
2021-01-27,Madera,039,155013,14687,14194,703,14897,86
2021-01-27,Marin,041,260295,12348,12028,135,12163,180
2021-01-27,Mariposa,043,17540,355,333,3,336,4
2021-01-27,Mendocino,045,87422,3275,3095,62,3157,36
2021-01-27,Merced,047,269075,26047,25439,732,26171,315
2021-01-27,Modoc,049,8938,309,297,96,393,0
2021-01-27,Mono,051,14174,1131,1131,16,1147,3
2021-01-27,Monterey,053,433212,39353,38139,1337,39476,268
2021-01-27,Napa,055,140530,8383,8187,31,8218,46
2021-01-27,Nevada,057,99092,3621,3431,141,3572,18
2021-01-27,Orange,059,3164182,233489,227110,9319,236429,2832
2021-01-27,Placer,061,380077,19273,18106,959,19065,198
2021-01-27,Plumas,063,18699,618,544,10,554,2
2021-01-27,Riverside,065,2383286,271270,260796,12569,273365,2931
2021-01-27,Sacramento,067,1510023,87303,85428,1034,86462,1142
2021-01-27,San Benito,069,59416,5401,5284,68,5352,47
2021-01-27,San Bernardino,071,2135413,274846,265153,7975,273128,2019
2021-01-27,San Diego,073,3302833,245163,231478,11472,242950,2465
2021-01-27,San Francisco,075,870044,31535,31082,838,31920,287
2021-01-27,San Joaquin,077,732212,62221,60131,2417,62548,853
2021-01-27,San Luis Obispo,079,281455,17960,17119,461,17580,188
2021-01-27,San Mateo,081,765935,36615,34619,337,34956,216
2021-01-27,Santa Barbara,083,443738,29099,27435,863,28298,282
2021-01-27,Santa Clara,085,1922200,102102,99732,457,100189,1184
2021-01-27,Santa Cruz,087,273765,14303,13111,671,13782,143
2021-01-27,Shasta,089,179085,10311,10106,1067,11173,105
2021-01-27,Sierra,091,2930,48,44,12,56,0
2021-01-27,Siskiyou,093,43540,1324,1214,188,1402,4
2021-01-27,Solano,095,438530,27794,26982,311,27293,112
2021-01-27,Sonoma,097,501317,25917,25361,132,25493,237
2021-01-27,Stanislaus,099,539301,46658,44874,4732,49606,624
2021-01-27,Sutter,101,95872,8250,8093,76,8169,83
2021-01-27,Tehama,103,63373,4294,4133,449,4582,20
2021-01-27,Trinity,105,12862,439,260,63,323,3
2021-01-27,Tulare,107,460477,45337,43462,6526,49988,583
2021-01-27,Tuolumne,109,53932,3469,3464,34,3498,32
2021-01-27,Ventura,111,848112,70652,68291,2462,70753,468
2021-01-27,Yolo,113,214977,12010,11427,128,11555,151
2021-01-27,Yuba,115,75493,5120,4968,71,5039,32
2021-01-26,Alameda,001,1643700,73938,71851,1520,73371,789
2021-01-26,Alpine,003,1148,73,72,0,72,0
2021-01-26,Amador,005,37829,3206,3113,24,3137,31
2021-01-26,Butte,007,227075,10568,9943,1470,11413,136
2021-01-26,Calaveras,009,45235,1737,1723,10,1733,21
2021-01-26,Colusa,011,21464,1753,1719,199,1918,8
2021-01-26,Contra Costa,013,1133247,57697,55337,947,56284,491
2021-01-26,Del Norte,015,27424,889,856,4,860,2
2021-01-26,El Dorado,017,186661,8527,8115,560,8675,71
2021-01-26,Fresno,019,978130,90335,86673,6757,93430,923
2021-01-26,Glenn,021,27897,2105,2034,428,2462,13
2021-01-26,Humboldt,023,135768,2773,2612,17,2629,24
2021-01-26,Imperial,025,180216,26421,25812,2308,28120,498
2021-01-26,Inyo,027,18085,1077,1018,8,1026,27
2021-01-26,Kern,029,883053,87169,83868,8202,92070,790
2021-01-26,Kings,031,150075,20888,20156,838,20994,159
2021-01-26,Lake,033,64148,2851,2748,1,2749,32
2021-01-26,Lassen,035,31185,4930,4844,86,4930,1
2021-01-26,Los Angeles,037,10098052,1108582,1060492,34923,1095415,15458
2021-01-26,Madera,039,155013,14630,14130,697,14827,86
2021-01-26,Marin,041,260295,12304,11993,133,12126,179
2021-01-26,Mariposa,043,17540,353,332,3,335,3
2021-01-26,Mendocino,045,87422,3249,3076,61,3137,36
2021-01-26,Merced,047,269075,25907,25359,724,26083,309
2021-01-26,Modoc,049,8938,302,291,95,386,0
2021-01-26,Mono,051,14174,1129,1120,16,1136,3
2021-01-26,Monterey,053,433212,39159,37963,1317,39280,255
2021-01-26,Napa,055,140530,8326,8145,31,8176,43
2021-01-26,Nevada,057,99092,3614,3410,140,3550,18
2021-01-26,Orange,059,3164182,232366,225987,9273,235260,2760
2021-01-26,Placer,061,380077,19197,18016,957,18973,193
2021-01-26,Plumas,063,18699,616,536,10,546,2
2021-01-26,Riverside,065,2383286,269901,259399,12506,271905,2898
2021-01-26,Sacramento,067,1510023,86943,85062,1027,86089,1127
2021-01-26,San Benito,069,59416,5387,5251,67,5318,45
2021-01-26,San Bernardino,071,2135413,273851,263736,7933,271669,1970
2021-01-26,San Diego,073,3302833,243667,230063,11370,241433,2421
2021-01-26,San Francisco,075,870044,31403,30874,819,31693,286
2021-01-26,San Joaquin,077,732212,61969,59889,2401,62290,847
2021-01-26,San Luis Obispo,079,281455,17879,17016,458,17474,186
2021-01-26,San Mateo,081,765935,36421,34441,326,34767,213
2021-01-26,Santa Barbara,083,443738,28923,27321,851,28172,273
2021-01-26,Santa Clara,085,1922200,101623,99215,454,99669,1171
2021-01-26,Santa Cruz,087,273765,14237,13045,665,13710,134
2021-01-26,Shasta,089,179085,10276,10036,1059,11095,103
2021-01-26,Sierra,091,2930,48,43,12,55,0
2021-01-26,Siskiyou,093,43540,1309,1208,186,1394,4
2021-01-26,Solano,095,438530,27638,26858,304,27162,110
2021-01-26,Sonoma,097,501317,25798,25273,130,25403,236
2021-01-26,Stanislaus,099,539301,46476,44703,4692,49395,599
2021-01-26,Sutter,101,95872,8207,8067,76,8143,83
2021-01-26,Tehama,103,63373,4261,4115,449,4564,20
2021-01-26,Trinity,105,12862,439,260,63,323,3
2021-01-26,Tulare,107,460477,45134,43394,6458,49852,579
2021-01-26,Tuolumne,109,53932,3459,3451,34,3485,30
2021-01-26,Ventura,111,848112,70120,67526,2436,69962,448
2021-01-26,Yolo,113,214977,11966,11361,125,11486,148
2021-01-26,Yuba,115,75493,5095,4944,69,5013,31
2021-01-25,Alameda,001,1643700,73513,71255,1510,72765,780
2021-01-25,Alpine,003,1148,73,72,0,72,0
2021-01-25,Amador,005,37829,3166,3074,24,3098,30
2021-01-25,Butte,007,227075,10503,9865,1462,11327,133
2021-01-25,Calaveras,009,45235,1722,1713,10,1723,21
2021-01-25,Colusa,011,21464,1741,1709,195,1904,8
2021-01-25,Contra Costa,013,1133247,57345,54989,940,55929,488
2021-01-25,Del Norte,015,27424,889,855,4,859,2
2021-01-25,El Dorado,017,186661,8502,8060,559,8619,66
2021-01-25,Fresno,019,978130,89965,86336,6725,93061,913
2021-01-25,Glenn,021,27897,2096,2028,428,2456,13
2021-01-25,Humboldt,023,135768,2739,2587,17,2604,24
2021-01-25,Imperial,025,180216,26373,25745,2301,28046,491
2021-01-25,Inyo,027,18085,1071,1015,8,1023,27
2021-01-25,Kern,029,883053,86784,83401,8117,91518,787
2021-01-25,Kings,031,150075,20768,20067,834,20901,159
2021-01-25,Lake,033,64148,2833,2729,1,2730,32
2021-01-25,Lassen,035,31185,4903,4835,86,4921,1
2021-01-25,Los Angeles,037,10098052,1102617,1055181,34703,1089884,15163
2021-01-25,Madera,039,155013,14575,14068,692,14760,86
2021-01-25,Marin,041,260295,12255,11923,129,12052,177
2021-01-25,Mariposa,043,17540,350,331,3,334,3
2021-01-25,Mendocino,045,87422,3238,3054,61,3115,35
2021-01-25,Merced,047,269075,25768,25181,715,25896,305
2021-01-25,Modoc,049,8938,301,288,91,379,0
2021-01-25,Mono,051,14174,1126,1114,15,1129,3
2021-01-25,Monterey,053,433212,38907,37726,1298,39024,255
2021-01-25,Napa,055,140530,8292,8057,30,8087,43
2021-01-25,Nevada,057,99092,3600,3365,140,3505,18
2021-01-25,Orange,059,3164182,231157,225105,9228,234333,2696
2021-01-25,Placer,061,380077,19107,17936,942,18878,193
2021-01-25,Plumas,063,18699,613,533,10,543,2
2021-01-25,Riverside,065,2383286,268164,258082,12453,270535,2789
2021-01-25,Sacramento,067,1510023,86501,84653,1019,85672,1118
2021-01-25,San Benito,069,59416,5352,5238,66,5304,43
2021-01-25,San Bernardino,071,2135413,272925,263174,7897,271071,1947
2021-01-25,San Diego,073,3302833,242054,228630,11298,239928,2375
2021-01-25,San Francisco,075,870044,31257,30734,796,31530,288
2021-01-25,San Joaquin,077,732212,61678,59291,2376,61667,838
2021-01-25,San Luis Obispo,079,281455,17745,16868,453,17321,179
2021-01-25,San Mateo,081,765935,36188,34187,320,34507,213
2021-01-25,Santa Barbara,083,443738,28689,27065,841,27906,269
2021-01-25,Santa Clara,085,1922200,101099,98647,446,99093,1143
2021-01-25,Santa Cruz,087,273765,14150,12973,661,13634,133
2021-01-25,Shasta,089,179085,10235,9991,1048,11039,103
2021-01-25,Sierra,091,2930,48,42,12,54,0
2021-01-25,Siskiyou,093,43540,1301,1205,183,1388,4
2021-01-25,Solano,095,438530,27470,26648,303,26951,109
2021-01-25,Sonoma,097,501317,25691,25160,128,25288,233
2021-01-25,Stanislaus,099,539301,46230,44293,4650,48943,599
2021-01-25,Sutter,101,95872,8164,8023,76,8099,83
2021-01-25,Tehama,103,63373,4234,4082,445,4527,20
2021-01-25,Trinity,105,12862,439,262,63,325,3
2021-01-25,Tulare,107,460477,44917,43124,6356,49480,578
2021-01-25,Tuolumne,109,53932,3450,3422,34,3456,29
2021-01-25,Ventura,111,848112,69499,66910,2420,69330,439
2021-01-25,Yolo,113,214977,11882,11276,124,11400,140
2021-01-25,Yuba,115,75493,5074,4900,67,4967,31
2021-01-24,Alameda,001,1643700,73011,70823,1499,72322,780
2021-01-24,Alpine,003,1148,73,72,0,72,0
2021-01-24,Amador,005,37829,3133,3054,24,3078,30
2021-01-24,Butte,007,227075,10419,9820,1446,11266,133
2021-01-24,Calaveras,009,45235,1709,1704,10,1714,21
2021-01-24,Colusa,011,21464,1730,1689,189,1878,8
2021-01-24,Contra Costa,013,1133247,56959,54694,928,55622,488
2021-01-24,Del Norte,015,27424,885,855,4,859,2
2021-01-24,El Dorado,017,186661,8467,8003,555,8558,66
2021-01-24,Fresno,019,978130,89526,85808,6686,92494,911
2021-01-24,Glenn,021,27897,2088,2026,427,2453,13
2021-01-24,Humboldt,023,135768,2700,2562,17,2579,24
2021-01-24,Imperial,025,180216,26277,25707,2280,27987,488
2021-01-24,Inyo,027,18085,1055,1007,8,1015,27
2021-01-24,Kern,029,883053,86349,83125,8010,91135,785
2021-01-24,Kings,031,150075,20640,19988,818,20806,159
2021-01-24,Lake,033,64148,2816,2724,0,2724,32
2021-01-24,Lassen,035,31185,4892,4828,83,4911,1
2021-01-24,Los Angeles,037,10098052,1096200,1048757,34399,1083156,15119
2021-01-24,Madera,039,155013,14492,14000,686,14686,86
2021-01-24,Marin,041,260295,12191,11872,128,12000,177
2021-01-24,Mariposa,043,17540,346,322,3,325,3
2021-01-24,Mendocino,045,87422,3217,3037,60,3097,33
2021-01-24,Merced,047,269075,25557,25047,706,25753,305
2021-01-24,Modoc,049,8938,301,285,91,376,0
2021-01-24,Mono,051,14174,1119,1113,15,1128,3
2021-01-24,Monterey,053,433212,38635,37527,1264,38791,254
2021-01-24,Napa,055,140530,8250,8005,30,8035,43
2021-01-24,Nevada,057,99092,3558,3349,138,3487,18
2021-01-24,Orange,059,3164182,229724,223853,9159,233012,2632
2021-01-24,Placer,061,380077,18994,17839,922,18761,193
2021-01-24,Plumas,063,18699,610,532,10,542,2
2021-01-24,Riverside,065,2383286,266524,256767,12377,269144,2761
2021-01-24,Sacramento,067,1510023,85948,84110,1011,85121,1112
2021-01-24,San Benito,069,59416,5310,5223,63,5286,43
2021-01-24,San Bernardino,071,2135413,271612,262370,7845,270215,1935
2021-01-24,San Diego,073,3302833,240360,227193,11167,238360,2375
2021-01-24,San Francisco,075,870044,31067,30559,775,31334,275
2021-01-24,San Joaquin,077,732212,61253,59021,2362,61383,838
2021-01-24,San Luis Obispo,079,281455,17621,16758,451,17209,179
2021-01-24,San Mateo,081,765935,35943,33956,314,34270,213
2021-01-24,Santa Barbara,083,443738,28374,26735,831,27566,269
2021-01-24,Santa Clara,085,1922200,100464,98103,441,98544,1109
2021-01-24,Santa Cruz,087,273765,14064,12905,653,13558,133
2021-01-24,Shasta,089,179085,10164,9978,1039,11017,103
2021-01-24,Sierra,091,2930,47,42,12,54,0
2021-01-24,Siskiyou,093,43540,1294,1195,183,1378,4
2021-01-24,Solano,095,438530,27285,26515,299,26814,109
2021-01-24,Sonoma,097,501317,25529,25045,127,25172,233
2021-01-24,Stanislaus,099,539301,45921,44031,4591,48622,599
2021-01-24,Sutter,101,95872,8100,7980,76,8056,83
2021-01-24,Tehama,103,63373,4194,4062,442,4504,20
2021-01-24,Trinity,105,12862,439,262,63,325,3
2021-01-24,Tulare,107,460477,44697,43006,6267,49273,577
2021-01-24,Tuolumne,109,53932,3439,3416,34,3450,29
2021-01-24,Ventura,111,848112,68809,66347,2398,68745,439
2021-01-24,Yolo,113,214977,11799,11210,120,11330,140
2021-01-24,Yuba,115,75493,5034,4875,66,4941,31
2021-01-23,Alameda,001,1643700,72763,70080,1493,71573,780
2021-01-23,Alpine,003,1148,73,72,0,72,0
2021-01-23,Amador,005,37829,3130,3049,24,3073,30
2021-01-23,Butte,007,227075,10390,9757,1443,11200,133
2021-01-23,Calaveras,009,45235,1706,1695,10,1705,21
2021-01-23,Colusa,011,21464,1726,1672,188,1860,8
2021-01-23,Contra Costa,013,1133247,56745,54162,922,55084,487
2021-01-23,Del Norte,015,27424,883,855,4,859,2
2021-01-23,El Dorado,017,186661,8451,7984,553,8537,66
2021-01-23,Fresno,019,978130,89339,85274,6658,91932,910
2021-01-23,Glenn,021,27897,2085,2015,423,2438,13
2021-01-23,Humboldt,023,135768,2681,2493,16,2509,23
2021-01-23,Imperial,025,180216,26243,25581,2268,27849,487
2021-01-23,Inyo,027,18085,1046,987,8,995,27
2021-01-23,Kern,029,883053,86106,82602,7942,90544,783
2021-01-23,Kings,031,150075,20596,19904,816,20720,159
2021-01-23,Lake,033,64148,2807,2673,0,2673,32
2021-01-23,Lassen,035,31185,4891,4816,80,4896,1
2021-01-23,Los Angeles,037,10098052,1092961,1040961,34241,1075202,15034
2021-01-23,Madera,039,155013,14455,13858,683,14541,86
2021-01-23,Marin,041,260295,12135,11796,126,11922,177
2021-01-23,Mariposa,043,17540,346,323,3,326,3
2021-01-23,Mendocino,045,87422,3203,2991,60,3051,32
2021-01-23,Merced,047,269075,25465,24787,692,25479,303
2021-01-23,Modoc,049,8938,301,285,91,376,0
2021-01-23,Mono,051,14174,1117,1111,15,1126,3
2021-01-23,Monterey,053,433212,38552,37165,1259,38424,253
2021-01-23,Napa,055,140530,8225,7893,30,7923,43
2021-01-23,Nevada,057,99092,3547,3332,137,3469,18
2021-01-23,Orange,059,3164182,228955,221722,9119,230841,2618
2021-01-23,Placer,061,380077,18944,17617,917,18534,193
2021-01-23,Plumas,063,18699,609,528,10,538,2
2021-01-23,Riverside,065,2383286,265625,253636,12327,265963,2733
2021-01-23,Sacramento,067,1510023,85720,83408,1008,84416,1108
2021-01-23,San Benito,069,59416,5286,5166,62,5228,43
2021-01-23,San Bernardino,071,2135413,271055,260381,7815,268196,1922
2021-01-23,San Diego,073,3302833,239299,225556,11095,236651,2344
2021-01-23,San Francisco,075,870044,30962,30308,745,31053,268
2021-01-23,San Joaquin,077,732212,61125,58164,2352,60516,836
2021-01-23,San Luis Obispo,079,281455,17557,16652,448,17100,176
2021-01-23,San Mateo,081,765935,35767,33696,303,33999,213
2021-01-23,Santa Barbara,083,443738,28189,26234,822,27056,264
2021-01-23,Santa Clara,085,1922200,100105,97189,440,97629,1086
2021-01-23,Santa Cruz,087,273765,14006,12771,650,13421,127
2021-01-23,Shasta,089,179085,10135,9951,1038,10989,103
2021-01-23,Sierra,091,2930,47,41,12,53,0
2021-01-23,Siskiyou,093,43540,1285,1190,182,1372,4
2021-01-23,Solano,095,438530,27192,26261,297,26558,107
2021-01-23,Sonoma,097,501317,25449,24790,127,24917,232
2021-01-23,Stanislaus,099,539301,45754,43723,4560,48283,599
2021-01-23,Sutter,101,95872,8082,7943,75,8018,80
2021-01-23,Tehama,103,63373,4175,4006,441,4447,20
2021-01-23,Trinity,105,12862,439,262,63,325,3
2021-01-23,Tulare,107,460477,44544,42661,6207,48868,575
2021-01-23,Tuolumne,109,53932,3432,3407,34,3441,29
2021-01-23,Ventura,111,848112,68353,65581,2375,67956,438
2021-01-23,Yolo,113,214977,11758,11087,118,11205,141
2021-01-23,Yuba,115,75493,5022,4831,65,4896,30
2021-01-22,Alameda,001,1643700,72445,69693,1486,71179,751
2021-01-22,Alpine,003,1148,73,71,0,71,0
2021-01-22,Amador,005,37829,3125,3042,24,3066,30
2021-01-22,Butte,007,227075,10346,9711,1430,11141,133
2021-01-22,Calaveras,009,45235,1697,1672,10,1682,21
2021-01-22,Colusa,011,21464,1724,1668,188,1856,7
2021-01-22,Contra Costa,013,1133247,56507,53887,916,54803,485
2021-01-22,Del Norte,015,27424,882,852,4,856,2
2021-01-22,El Dorado,017,186661,8418,7877,550,8427,64
2021-01-22,Fresno,019,978130,88998,84744,6630,91374,892
2021-01-22,Glenn,021,27897,2080,1985,417,2402,13
2021-01-22,Humboldt,023,135768,2657,2452,16,2468,23
2021-01-22,Imperial,025,180216,26209,25562,2253,27815,474
2021-01-22,Inyo,027,18085,1035,961,8,969,26
2021-01-22,Kern,029,883053,85809,82101,7866,89967,771
2021-01-22,Kings,031,150075,20520,19760,812,20572,159
2021-01-22,Lake,033,64148,2795,2681,0,2681,32
2021-01-22,Lassen,035,31185,4882,4765,79,4844,1
2021-01-22,Los Angeles,037,10098052,1088491,1031177,34055,1065232,14777
2021-01-22,Madera,039,155013,14395,13781,682,14463,86
2021-01-22,Marin,041,260295,12098,11769,124,11893,177
2021-01-22,Mariposa,043,17540,346,323,3,326,3
2021-01-22,Mendocino,045,87422,3178,2994,59,3053,32
2021-01-22,Merced,047,269075,25342,24616,685,25301,290
2021-01-22,Modoc,049,8938,301,285,91,376,0
2021-01-22,Mono,051,14174,1117,1108,15,1123,3
2021-01-22,Monterey,053,433212,38399,36909,1254,38163,253
2021-01-22,Napa,055,140530,8180,7828,30,7858,40
2021-01-22,Nevada,057,99092,3522,3296,136,3432,18
2021-01-22,Orange,059,3164182,228002,220384,9072,229456,2542
2021-01-22,Placer,061,380077,18887,17636,902,18538,193
2021-01-22,Plumas,063,18699,607,522,10,532,2
2021-01-22,Riverside,065,2383286,264481,252440,12261,264701,2710
2021-01-22,Sacramento,067,1510023,85389,82861,1000,83861,1094
2021-01-22,San Benito,069,59416,5260,5143,62,5205,43
2021-01-22,San Bernardino,071,2135413,270252,259121,7785,266906,1849
2021-01-22,San Diego,073,3302833,238059,222576,11030,233606,2301
2021-01-22,San Francisco,075,870044,30848,30027,728,30755,266
2021-01-22,San Joaquin,077,732212,60941,58485,2340,60825,812
2021-01-22,San Luis Obispo,079,281455,17467,16336,445,16781,172
2021-01-22,San Mateo,081,765935,35545,33401,300,33701,211
2021-01-22,Santa Barbara,083,443738,27989,25989,811,26800,256
2021-01-22,Santa Clara,085,1922200,99659,96435,437,96872,1062
2021-01-22,Santa Cruz,087,273765,13948,12687,646,13333,123
2021-01-22,Shasta,089,179085,10115,9866,1036,10902,103
2021-01-22,Sierra,091,2930,47,40,12,52,0
2021-01-22,Siskiyou,093,43540,1281,1182,180,1362,4
2021-01-22,Solano,095,438530,27101,26048,295,26343,107
2021-01-22,Sonoma,097,501317,25364,24659,127,24786,232
2021-01-22,Stanislaus,099,539301,45588,43489,4534,48023,599
2021-01-22,Sutter,101,95872,8057,7878,75,7953,80
2021-01-22,Tehama,103,63373,4161,3993,439,4432,19
2021-01-22,Trinity,105,12862,438,263,63,326,3
2021-01-22,Tulare,107,460477,44365,42307,6140,48447,573
2021-01-22,Tuolumne,109,53932,3404,3379,34,3413,29
2021-01-22,Ventura,111,848112,67840,64404,2356,66760,426
2021-01-22,Yolo,113,214977,11725,11014,116,11130,141
2021-01-22,Yuba,115,75493,4998,4789,63,4852,29
2021-01-21,Alameda,001,1643700,72010,69314,1469,70783,739
2021-01-21,Alpine,003,1148,73,71,0,71,0
2021-01-21,Amador,005,37829,3103,3038,24,3062,29
2021-01-21,Butte,007,227075,10282,9643,1423,11066,130
2021-01-21,Calaveras,009,45235,1689,1647,10,1657,21
2021-01-21,Colusa,011,21464,1717,1662,186,1848,7
2021-01-21,Contra Costa,013,1133247,56117,53595,904,54499,478
2021-01-21,Del Norte,015,27424,880,850,3,853,2
2021-01-21,El Dorado,017,186661,8369,7823,547,8370,58
2021-01-21,Fresno,019,978130,88593,84137,6590,90727,889
2021-01-21,Glenn,021,27897,2072,1964,412,2376,13
2021-01-21,Humboldt,023,135768,2634,2423,16,2439,23
2021-01-21,Imperial,025,180216,26124,25509,2241,27750,463
2021-01-21,Inyo,027,18085,1026,946,8,954,26
2021-01-21,Kern,029,883053,85396,81328,7751,89079,769
2021-01-21,Kings,031,150075,20449,19633,795,20428,158
2021-01-21,Lake,033,64148,2781,2669,0,2669,32
2021-01-21,Lassen,035,31185,4875,4763,79,4842,1
2021-01-21,Los Angeles,037,10098052,1081823,1023055,33743,1056798,14537
2021-01-21,Madera,039,155013,14331,13664,674,14338,86
2021-01-21,Marin,041,260295,12044,11732,122,11854,173
2021-01-21,Mariposa,043,17540,342,322,3,325,3
2021-01-21,Mendocino,045,87422,3155,2967,57,3024,32
2021-01-21,Merced,047,269075,25187,24426,678,25104,245
2021-01-21,Modoc,049,8938,298,284,90,374,0
2021-01-21,Mono,051,14174,1112,1104,15,1119,3
2021-01-21,Monterey,053,433212,38118,36149,1245,37394,253
2021-01-21,Napa,055,140530,8116,7774,30,7804,40
2021-01-21,Nevada,057,99092,3493,3274,135,3409,18
2021-01-21,Orange,059,3164182,226626,218867,9018,227885,2540
2021-01-21,Placer,061,380077,18809,17553,898,18451,190
2021-01-21,Plumas,063,18699,603,518,10,528,2
2021-01-21,Riverside,065,2383286,262765,251007,12183,263190,2676
2021-01-21,Sacramento,067,1510023,84910,82303,980,83283,1084
2021-01-21,San Benito,069,59416,5230,5100,57,5157,43
2021-01-21,San Bernardino,071,2135413,268934,257754,7720,265474,1832
2021-01-21,San Diego,073,3302833,236284,219729,10923,230652,2222
2021-01-21,San Francisco,075,870044,30675,29801,694,30495,266
2021-01-21,San Joaquin,077,732212,60635,58270,2322,60592,806
2021-01-21,San Luis Obispo,079,281455,17381,16153,437,16590,169
2021-01-21,San Mateo,081,765935,35299,33156,287,33443,210
2021-01-21,Santa Barbara,083,443738,27701,25654,798,26452,253
2021-01-21,Santa Clara,085,1922200,99072,96028,432,96460,1062
2021-01-21,Santa Cruz,087,273765,13864,12548,636,13184,119
2021-01-21,Shasta,089,179085,10072,9795,1021,10816,98
2021-01-21,Sierra,091,2930,47,40,12,52,0
2021-01-21,Siskiyou,093,43540,1278,1178,178,1356,4
2021-01-21,Solano,095,438530,26922,25885,291,26176,106
2021-01-21,Sonoma,097,501317,25224,24440,125,24565,230
2021-01-21,Stanislaus,099,539301,45290,43223,4490,47713,599
2021-01-21,Sutter,101,95872,8023,7822,75,7897,80
2021-01-21,Tehama,103,63373,4122,3938,438,4376,19
2021-01-21,Trinity,105,12862,438,261,63,324,3
2021-01-21,Tulare,107,460477,44154,42082,6066,48148,569
2021-01-21,Tuolumne,109,53932,3394,3365,33,3398,29
2021-01-21,Ventura,111,848112,67141,63995,2336,66331,420
2021-01-21,Yolo,113,214977,11634,10940,108,11048,141
2021-01-21,Yuba,115,75493,4966,4757,62,4819,29
2021-01-20,Alameda,001,1643700,71537,68785,1453,70238,702
2021-01-20,Alpine,003,1148,73,71,0,71,0
2021-01-20,Amador,005,37829,3072,3036,24,3060,29
2021-01-20,Butte,007,227075,10226,9582,1413,10995,130
2021-01-20,Calaveras,009,45235,1667,1637,9,1646,21
2021-01-20,Colusa,011,21464,1700,1630,181,1811,7
2021-01-20,Contra Costa,013,1133247,55691,53108,895,54003,461
2021-01-20,Del Norte,015,27424,879,848,3,851,2
2021-01-20,El Dorado,017,186661,8319,7785,544,8329,53
2021-01-20,Fresno,019,978130,88174,83591,6536,90127,872
2021-01-20,Glenn,021,27897,2053,1955,410,2365,13
2021-01-20,Humboldt,023,135768,2591,2390,16,2406,22
2021-01-20,Imperial,025,180216,26052,25380,2207,27587,461
2021-01-20,Inyo,027,18085,1016,901,8,909,26
2021-01-20,Kern,029,883053,84946,80701,7645,88346,754
2021-01-20,Kings,031,150075,20359,19522,787,20309,146
2021-01-20,Lake,033,64148,2761,2646,0,2646,31
2021-01-20,Lassen,035,31185,4867,4758,77,4835,1
2021-01-20,Los Angeles,037,10098052,1074321,1015608,33464,1049072,14299
2021-01-20,Madera,039,155013,14266,13585,670,14255,86
2021-01-20,Marin,041,260295,11988,11684,120,11804,171
2021-01-20,Mariposa,043,17540,340,322,3,325,3
2021-01-20,Mendocino,045,87422,3140,2957,57,3014,32
2021-01-20,Merced,047,269075,25014,24220,656,24876,243
2021-01-20,Modoc,049,8938,297,282,90,372,0
2021-01-20,Mono,051,14174,1105,1105,14,1119,3
2021-01-20,Monterey,053,433212,37806,35960,1225,37185,249
2021-01-20,Napa,055,140530,8047,7731,30,7761,40
2021-01-20,Nevada,057,99092,3461,3238,135,3373,18
2021-01-20,Orange,059,3164182,225090,216893,8957,225850,2500
2021-01-20,Placer,061,380077,18715,17455,880,18335,186
2021-01-20,Plumas,063,18699,601,512,10,522,2
2021-01-20,Riverside,065,2383286,260721,248686,12100,260786,2615
2021-01-20,Sacramento,067,1510023,84350,81687,970,82657,1072
2021-01-20,San Benito,069,59416,5199,5036,56,5092,35
2021-01-20,San Bernardino,071,2135413,267612,255921,7673,263594,1801
2021-01-20,San Diego,073,3302833,234429,218553,10819,229372,2174
2021-01-20,San Francisco,075,870044,30488,29665,673,30338,262
2021-01-20,San Joaquin,077,732212,60231,58025,2313,60338,783
2021-01-20,San Luis Obispo,079,281455,17199,15936,428,16364,164
2021-01-20,San Mateo,081,765935,35072,32929,286,33215,210
2021-01-20,Santa Barbara,083,443738,27383,25312,786,26098,248
2021-01-20,Santa Clara,085,1922200,98427,94995,430,95425,1040
2021-01-20,Santa Cruz,087,273765,13757,12460,623,13083,107
2021-01-20,Shasta,089,179085,10020,9697,1011,10708,98
2021-01-20,Sierra,091,2930,47,40,12,52,0
2021-01-20,Siskiyou,093,43540,1271,1163,177,1340,4
2021-01-20,Solano,095,438530,26729,25659,287,25946,106
2021-01-20,Sonoma,097,501317,25087,24262,123,24385,223
2021-01-20,Stanislaus,099,539301,45010,42955,4452,47407,585
2021-01-20,Sutter,101,95872,7972,7772,73,7845,80
2021-01-20,Tehama,103,63373,4096,3892,435,4327,19
2021-01-20,Trinity,105,12862,438,260,63,323,3
2021-01-20,Tulare,107,460477,43897,41799,5976,47775,559
2021-01-20,Tuolumne,109,53932,3380,3355,32,3387,29
2021-01-20,Ventura,111,848112,66180,63413,2307,65720,395
2021-01-20,Yolo,113,214977,11569,10852,105,10957,141
2021-01-20,Yuba,115,75493,4939,4729,62,4791,29
2021-01-19,Alameda,001,1643700,70896,68434,1444,69878,680
2021-01-19,Alpine,003,1148,73,71,0,71,0
2021-01-19,Amador,005,37829,3063,3024,24,3048,28
2021-01-19,Butte,007,227075,10163,9528,1399,10927,129
2021-01-19,Calaveras,009,45235,1652,1621,8,1629,21
2021-01-19,Colusa,011,21464,1678,1617,178,1795,7
2021-01-19,Contra Costa,013,1133247,55228,52730,885,53615,448
2021-01-19,Del Norte,015,27424,877,843,3,846,2
2021-01-19,El Dorado,017,186661,8258,7743,536,8279,47
2021-01-19,Fresno,019,978130,87652,83200,6486,89686,857
2021-01-19,Glenn,021,27897,2041,1948,405,2353,13
2021-01-19,Humboldt,023,135768,2567,2359,13,2372,22
2021-01-19,Imperial,025,180216,25972,25333,2190,27523,452
2021-01-19,Inyo,027,18085,1008,891,8,899,26
2021-01-19,Kern,029,883053,84358,80272,7540,87812,742
2021-01-19,Kings,031,150075,20220,19375,777,20152,143
2021-01-19,Lake,033,64148,2748,2625,0,2625,31
2021-01-19,Lassen,035,31185,4860,4753,77,4830,1
2021-01-19,Los Angeles,037,10098052,1065646,1010375,33199,1043574,14014
2021-01-19,Madera,039,155013,14155,13528,665,14193,86
2021-01-19,Marin,041,260295,11933,11654,116,11770,169
2021-01-19,Mariposa,043,17540,340,322,3,325,3
2021-01-19,Mendocino,045,87422,3123,2930,57,2987,32
2021-01-19,Merced,047,269075,24802,24108,647,24755,242
2021-01-19,Modoc,049,8938,296,281,90,371,0
2021-01-19,Mono,051,14174,1104,1106,14,1120,3
2021-01-19,Monterey,053,433212,37505,35840,1204,37044,248
2021-01-19,Napa,055,140530,7989,7672,30,7702,38
2021-01-19,Nevada,057,99092,3443,3216,133,3349,18
2021-01-19,Orange,059,3164182,223357,215244,8890,224134,2468
2021-01-19,Placer,061,380077,18618,17348,870,18218,182
2021-01-19,Plumas,063,18699,594,509,10,519,2
2021-01-19,Riverside,065,2383286,258634,246248,12022,258270,2585
2021-01-19,Sacramento,067,1510023,83813,81183,950,82133,1053
2021-01-19,San Benito,069,59416,5153,4988,55,5043,35
2021-01-19,San Bernardino,071,2135413,265908,253651,7619,261270,1777
2021-01-19,San Diego,073,3302833,232006,216833,10721,227554,2109
2021-01-19,San Francisco,075,870044,30269,29502,642,30144,261
2021-01-19,San Joaquin,077,732212,59851,57655,2302,59957,782
2021-01-19,San Luis Obispo,079,281455,16936,15855,425,16280,161
2021-01-19,San Mateo,081,765935,34787,32730,275,33005,208
2021-01-19,Santa Barbara,083,443738,26999,24991,770,25761,236
2021-01-19,Santa Clara,085,1922200,97692,94483,429,94912,1010
2021-01-19,Santa Cruz,087,273765,13640,12410,615,13025,106
2021-01-19,Shasta,089,179085,9984,9614,1001,10615,93
2021-01-19,Sierra,091,2930,47,40,10,50,0
2021-01-19,Siskiyou,093,43540,1263,1149,175,1324,4
2021-01-19,Solano,095,438530,26481,25520,286,25806,106
2021-01-19,Sonoma,097,501317,24907,24133,121,24254,223
2021-01-19,Stanislaus,099,539301,44662,42723,4407,47130,561
2021-01-19,Sutter,101,95872,7922,7709,67,7776,80
2021-01-19,Tehama,103,63373,4066,3876,433,4309,19
2021-01-19,Trinity,105,12862,437,260,63,323,3
2021-01-19,Tulare,107,460477,43618,41559,5881,47440,549
2021-01-19,Tuolumne,109,53932,3353,3328,32,3360,29
2021-01-19,Ventura,111,848112,65496,62656,2280,64936,383
2021-01-19,Yolo,113,214977,11484,10789,105,10894,134
2021-01-19,Yuba,115,75493,4906,4695,61,4756,29
2021-01-18,Alameda,001,1643700,70264,67938,1427,69365,680
2021-01-18,Alpine,003,1148,73,71,0,71,0
2021-01-18,Amador,005,37829,3049,3016,24,3040,28
2021-01-18,Butte,007,227075,10077,9474,1387,10861,129
2021-01-18,Calaveras,009,45235,1631,1617,7,1624,21
2021-01-18,Colusa,011,21464,1662,1608,176,1784,7
2021-01-18,Contra Costa,013,1133247,54719,52323,877,53200,448
2021-01-18,Del Norte,015,27424,876,840,3,843,2
2021-01-18,El Dorado,017,186661,8192,7707,534,8241,47
2021-01-18,Fresno,019,978130,87041,82485,6420,88905,857
2021-01-18,Glenn,021,27897,2024,1935,401,2336,13
2021-01-18,Humboldt,023,135768,2529,2343,13,2356,22
2021-01-18,Imperial,025,180216,25904,25317,2166,27483,452
2021-01-18,Inyo,027,18085,996,872,8,880,26
2021-01-18,Kern,029,883053,83721,79930,7449,87379,740
2021-01-18,Kings,031,150075,20050,19267,765,20032,141
2021-01-18,Lake,033,64148,2731,2591,0,2591,30
2021-01-18,Lassen,035,31185,4824,4749,76,4825,1
2021-01-18,Los Angeles,037,10098052,1056134,1002614,32917,1035531,13828
2021-01-18,Madera,039,155013,14053,13443,656,14099,85
2021-01-18,Marin,041,260295,11887,11607,114,11721,165
2021-01-18,Mariposa,043,17540,337,320,2,322,3
2021-01-18,Mendocino,045,87422,3100,2919,57,2976,31
2021-01-18,Merced,047,269075,24557,23927,631,24558,242
2021-01-18,Modoc,049,8938,293,281,87,368,0
2021-01-18,Mono,051,14174,1101,1101,14,1115,3
2021-01-18,Monterey,053,433212,37063,35549,1190,36739,247
2021-01-18,Napa,055,140530,7916,7601,30,7631,38
2021-01-18,Nevada,057,99092,3405,3199,133,3332,17
2021-01-18,Orange,059,3164182,221469,213866,8836,222702,2405
2021-01-18,Placer,061,380077,18502,17263,861,18124,182
2021-01-18,Plumas,063,18699,591,506,10,516,2
2021-01-18,Riverside,065,2383286,256323,244151,11929,256080,2568
2021-01-18,Sacramento,067,1510023,83143,80546,934,81480,1046
2021-01-18,San Benito,069,59416,5105,4963,53,5016,35
2021-01-18,San Bernardino,071,2135413,264190,252808,7564,260372,1775
2021-01-18,San Diego,073,3302833,229358,214335,10592,224927,2103
2021-01-18,San Francisco,075,870044,30062,29321,618,29939,259
2021-01-18,San Joaquin,077,732212,59339,57405,2281,59686,782
2021-01-18,San Luis Obispo,079,281455,16749,15742,415,16157,158
2021-01-18,San Mateo,081,765935,34475,32515,256,32771,208
2021-01-18,Santa Barbara,083,443738,26620,24638,757,25395,235
2021-01-18,Santa Clara,085,1922200,96905,93688,425,94113,992
2021-01-18,Santa Cruz,087,273765,13507,12298,602,12900,106
2021-01-18,Shasta,089,179085,9945,9600,991,10591,92
2021-01-18,Sierra,091,2930,46,40,10,50,0
2021-01-18,Siskiyou,093,43540,1250,1144,174,1318,4
2021-01-18,Solano,095,438530,26203,25344,282,25626,105
2021-01-18,Sonoma,097,501317,24639,24068,120,24188,223
2021-01-18,Stanislaus,099,539301,44305,42413,4351,46764,562
2021-01-18,Sutter,101,95872,7865,7680,65,7745,78
2021-01-18,Tehama,103,63373,4021,3854,426,4280,19
2021-01-18,Trinity,105,12862,437,260,63,323,3
2021-01-18,Tulare,107,460477,43328,41196,5775,46971,549
2021-01-18,Tuolumne,109,53932,3329,3318,31,3349,28
2021-01-18,Ventura,111,848112,65063,61859,2258,64117,379
2021-01-18,Yolo,113,214977,11362,10620,102,10722,134
2021-01-18,Yuba,115,75493,4879,4671,59,4730,29
2021-01-17,Alameda,001,1643700,69700,67375,1409,68784,676
2021-01-17,Alpine,003,1148,73,71,0,71,0
2021-01-17,Amador,005,37829,3042,3001,24,3025,28
2021-01-17,Butte,007,227075,10002,9411,1363,10774,129
2021-01-17,Calaveras,009,45235,1618,1608,7,1615,21
2021-01-17,Colusa,011,21464,1649,1588,172,1760,7
2021-01-17,Contra Costa,013,1133247,54212,51932,866,52798,447
2021-01-17,Del Norte,015,27424,876,838,3,841,2
2021-01-17,El Dorado,017,186661,8137,7659,523,8182,47
2021-01-17,Fresno,019,978130,86487,82039,6345,88384,857
2021-01-17,Glenn,021,27897,2013,1924,396,2320,9
2021-01-17,Humboldt,023,135768,2493,2322,11,2333,22
2021-01-17,Imperial,025,180216,25834,25253,2125,27378,451
2021-01-17,Inyo,027,18085,990,864,8,872,26
2021-01-17,Kern,029,883053,83172,79489,7363,86852,738
2021-01-17,Kings,031,150075,19914,19201,751,19952,131
2021-01-17,Lake,033,64148,2717,2572,0,2572,30
2021-01-17,Lassen,035,31185,4816,4740,75,4815,1
2021-01-17,Los Angeles,037,10098052,1049473,993028,32529,1025557,13741
2021-01-17,Madera,039,155013,13963,13328,652,13980,85
2021-01-17,Marin,041,260295,11838,11552,112,11664,164
2021-01-17,Mariposa,043,17540,337,319,2,321,3
2021-01-17,Mendocino,045,87422,3072,2912,56,2968,31
2021-01-17,Merced,047,269075,24345,23800,613,24413,242
2021-01-17,Modoc,049,8938,292,279,87,366,0
2021-01-17,Mono,051,14174,1094,1091,13,1104,3
2021-01-17,Monterey,053,433212,36819,35340,1164,36504,244
2021-01-17,Napa,055,140530,7860,7521,30,7551,38
2021-01-17,Nevada,057,99092,3380,3176,131,3307,17
2021-01-17,Orange,059,3164182,219475,212389,8763,221152,2359
2021-01-17,Placer,061,380077,18396,17194,846,18040,181
2021-01-17,Plumas,063,18699,589,505,9,514,2
2021-01-17,Riverside,065,2383286,254213,242206,11813,254019,2534
2021-01-17,Sacramento,067,1510023,82543,80154,922,81076,1045
2021-01-17,San Benito,069,59416,5067,4941,53,4994,35
2021-01-17,San Bernardino,071,2135413,262092,251487,7477,258964,1775
2021-01-17,San Diego,073,3302833,227164,211785,10485,222270,2103
2021-01-17,San Francisco,075,870044,29873,29139,581,29720,255
2021-01-17,San Joaquin,077,732212,58982,57094,2267,59361,780
2021-01-17,San Luis Obispo,079,281455,16627,15658,406,16064,157
2021-01-17,San Mateo,081,765935,34223,32186,233,32419,208
2021-01-17,Santa Barbara,083,443738,26159,24401,745,25146,235
2021-01-17,Santa Clara,085,1922200,96145,92752,422,93174,976
2021-01-17,Santa Cruz,087,273765,13395,12196,599,12795,106
2021-01-17,Shasta,089,179085,9887,9588,983,10571,92
2021-01-17,Sierra,091,2930,46,38,9,47,0
2021-01-17,Siskiyou,093,43540,1243,1136,171,1307,4
2021-01-17,Solano,095,438530,25977,25216,280,25496,105
2021-01-17,Sonoma,097,501317,24465,23871,120,23991,223
2021-01-17,Stanislaus,099,539301,43985,42221,4288,46509,562
2021-01-17,Sutter,101,95872,7802,7604,64,7668,77
2021-01-17,Tehama,103,63373,3990,3837,422,4259,18
2021-01-17,Trinity,105,12862,437,261,63,324,3
2021-01-17,Tulare,107,460477,43041,41016,5659,46675,549
2021-01-17,Tuolumne,109,53932,3312,3287,31,3318,27
2021-01-17,Ventura,111,848112,64212,61257,2211,63468,376
2021-01-17,Yolo,113,214977,11263,10519,100,10619,134
2021-01-17,Yuba,115,75493,4832,4640,56,4696,28
2021-01-16,Alameda,001,1643700,69378,66583,1397,67980,673
2021-01-16,Alpine,003,1148,73,71,0,71,0
2021-01-16,Amador,005,37829,3039,2986,24,3010,28
2021-01-16,Butte,007,227075,9971,9359,1343,10702,129
2021-01-16,Calaveras,009,45235,1605,1596,7,1603,21
2021-01-16,Colusa,011,21464,1638,1578,172,1750,7
2021-01-16,Contra Costa,013,1133247,53933,51363,859,52222,443
2021-01-16,Del Norte,015,27424,871,833,3,836,2
2021-01-16,El Dorado,017,186661,8115,7575,522,8097,47
2021-01-16,Fresno,019,978130,86211,81294,6291,87585,846
2021-01-16,Glenn,021,27897,2009,1894,393,2287,9
2021-01-16,Humboldt,023,135768,2473,2294,9,2303,22
2021-01-16,Imperial,025,180216,25796,25140,2118,27258,451
2021-01-16,Inyo,027,18085,986,845,8,853,25
2021-01-16,Kern,029,883053,82805,78865,7309,86174,733
2021-01-16,Kings,031,150075,19858,19072,748,19820,131
2021-01-16,Lake,033,64148,2705,2504,0,2504,30
2021-01-16,Lassen,035,31185,4804,4719,75,4794,1
2021-01-16,Los Angeles,037,10098052,1045387,982684,32295,1014979,13654
2021-01-16,Madera,039,155013,13897,13193,647,13840,85
2021-01-16,Marin,041,260295,11796,11482,112,11594,164
2021-01-16,Mariposa,043,17540,336,317,2,319,3
2021-01-16,Mendocino,045,87422,3058,2890,53,2943,31
2021-01-16,Merced,047,269075,24258,23478,599,24077,242
2021-01-16,Modoc,049,8938,292,278,87,365,0
2021-01-16,Mono,051,14174,1092,1079,13,1092,3
2021-01-16,Monterey,053,433212,36708,34972,1148,36120,243
2021-01-16,Napa,055,140530,7821,7356,30,7386,39
2021-01-16,Nevada,057,99092,3347,3144,131,3275,17
2021-01-16,Orange,059,3164182,218442,210111,8707,218818,2312
2021-01-16,Placer,061,380077,18332,16995,844,17839,177
2021-01-16,Plumas,063,18699,587,502,9,511,2
2021-01-16,Riverside,065,2383286,252855,239412,11698,251110,2506
2021-01-16,Sacramento,067,1510023,82168,79122,905,80027,1033
2021-01-16,San Benito,069,59416,5034,4875,53,4928,35
2021-01-16,San Bernardino,071,2135413,261264,249401,7410,256811,1755
2021-01-16,San Diego,073,3302833,225866,209895,10388,220283,2065
2021-01-16,San Francisco,075,870044,29744,28853,550,29403,244
2021-01-16,San Joaquin,077,732212,58739,56642,2234,58876,776
2021-01-16,San Luis Obispo,079,281455,16526,15466,404,15870,152
2021-01-16,San Mateo,081,765935,34058,31805,227,32032,208
2021-01-16,Santa Barbara,083,443738,25958,24088,741,24829,229
2021-01-16,Santa Clara,085,1922200,95650,91584,415,91999,954
2021-01-16,Santa Cruz,087,273765,13336,12026,597,12623,106
2021-01-16,Shasta,089,179085,9854,9547,979,10526,92
2021-01-16,Sierra,091,2930,45,38,9,47,0
2021-01-16,Siskiyou,093,43540,1238,1124,171,1295,4
2021-01-16,Solano,095,438530,25868,24732,276,25008,103
2021-01-16,Sonoma,097,501317,24374,23607,119,23726,223
2021-01-16,Stanislaus,099,539301,43797,41809,4238,46047,562
2021-01-16,Sutter,101,95872,7770,7560,64,7624,76
2021-01-16,Tehama,103,63373,3976,3783,422,4205,18
2021-01-16,Trinity,105,12862,437,261,63,324,3
2021-01-16,Tulare,107,460477,42862,40655,5586,46241,542
2021-01-16,Tuolumne,109,53932,3304,3269,31,3300,27
2021-01-16,Ventura,111,848112,63659,60368,2181,62549,369
2021-01-16,Yolo,113,214977,11212,10406,99,10505,134
2021-01-16,Yuba,115,75493,4804,4602,56,4658,27
2021-01-15,Alameda,001,1643700,68951,65416,1386,66802,672
2021-01-15,Alpine,003,1148,73,71,0,71,0
2021-01-15,Amador,005,37829,3032,2953,24,2977,28
2021-01-15,Butte,007,227075,9929,9233,1329,10562,129
2021-01-15,Calaveras,009,45235,1598,1538,7,1545,21
2021-01-15,Colusa,011,21464,1627,1541,167,1708,7
2021-01-15,Contra Costa,013,1133247,53597,50408,852,51260,428
2021-01-15,Del Norte,015,27424,867,828,2,830,2
2021-01-15,El Dorado,017,186661,8065,7439,514,7953,47
2021-01-15,Fresno,019,978130,85673,79950,6255,86205,832
2021-01-15,Glenn,021,27897,2005,1824,390,2214,9
2021-01-15,Humboldt,023,135768,2446,2218,8,2226,22
2021-01-15,Imperial,025,180216,25760,24944,2112,27056,446
2021-01-15,Inyo,027,18085,969,814,8,822,25
2021-01-15,Kern,029,883053,82389,77873,7244,85117,719
2021-01-15,Kings,031,150075,19749,18661,742,19403,131
2021-01-15,Lake,033,64148,2679,2434,0,2434,28
2021-01-15,Lassen,035,31185,4793,4693,73,4766,1
2021-01-15,Los Angeles,037,10098052,1038334,968979,32013,1000992,13404
2021-01-15,Madera,039,155013,13807,12883,643,13526,85
2021-01-15,Marin,041,260295,11740,11310,112,11422,160
2021-01-15,Mariposa,043,17540,334,307,2,309,3
2021-01-15,Mendocino,045,87422,3047,2835,53,2888,31
2021-01-15,Merced,047,269075,24145,23060,595,23655,239
2021-01-15,Modoc,049,8938,292,278,85,363,0
2021-01-15,Mono,051,14174,1089,1057,13,1070,3
2021-01-15,Monterey,053,433212,36491,34460,1091,35551,243
2021-01-15,Napa,055,140530,7759,7231,30,7261,38
2021-01-15,Nevada,057,99092,3334,3099,128,3227,17
2021-01-15,Orange,059,3164182,217087,207129,8655,215784,2254
2021-01-15,Placer,061,380077,18227,16712,835,17547,173
2021-01-15,Plumas,063,18699,584,499,9,508,2
2021-01-15,Riverside,065,2383286,250993,235235,11619,246854,2458
2021-01-15,Sacramento,067,1510023,81745,80279,897,81176,1023
2021-01-15,San Benito,069,59416,4995,4766,51,4817,35
2021-01-15,San Bernardino,071,2135413,260081,246182,7349,253531,1726
2021-01-15,San Diego,073,3302833,224117,206868,10323,217191,2037
2021-01-15,San Francisco,075,870044,29570,28574,530,29104,242
2021-01-15,San Joaquin,077,732212,58511,55885,2220,58105,748
2021-01-15,San Luis Obispo,079,281455,16392,15129,399,15528,148
2021-01-15,San Mateo,081,765935,33813,31291,223,31514,208
2021-01-15,Santa Barbara,083,443738,25675,23487,737,24224,226
2021-01-15,Santa Clara,085,1922200,94989,90103,410,90513,942
2021-01-15,Santa Cruz,087,273765,13227,11776,584,12360,105
2021-01-15,Shasta,089,179085,9815,9459,972,10431,91
2021-01-15,Sierra,091,2930,44,36,7,43,0
2021-01-15,Siskiyou,093,43540,1234,1119,171,1290,4
2021-01-15,Solano,095,438530,25720,24222,274,24496,103
2021-01-15,Sonoma,097,501317,24243,23204,118,23322,222
2021-01-15,Stanislaus,099,539301,43547,41178,4196,45374,562
2021-01-15,Sutter,101,95872,7723,7484,63,7547,75
2021-01-15,Tehama,103,63373,3954,3714,421,4135,17
2021-01-15,Trinity,105,12862,437,262,63,325,3
2021-01-15,Tulare,107,460477,42620,39951,5503,45454,535
2021-01-15,Tuolumne,109,53932,3288,3231,31,3262,27
2021-01-15,Ventura,111,848112,62916,59061,2148,61209,353
2021-01-15,Yolo,113,214977,11154,10240,98,10338,134
2021-01-15,Yuba,115,75493,4784,4549,56,4605,27
2021-01-14,Alameda,001,1643700,68324,64364,1371,65735,686
2021-01-14,Alpine,003,1148,73,71,0,71,0
2021-01-14,Amador,005,37829,3026,2940,24,2964,28
2021-01-14,Butte,007,227075,9841,9127,1308,10435,129
2021-01-14,Calaveras,009,45235,1581,1513,7,1520,21
2021-01-14,Colusa,011,21464,1612,1535,161,1696,7
2021-01-14,Contra Costa,013,1133247,53054,49545,840,50385,415
2021-01-14,Del Norte,015,27424,861,821,2,823,2
2021-01-14,El Dorado,017,186661,7991,7321,507,7828,45
2021-01-14,Fresno,019,978130,85040,79033,6175,85208,814
2021-01-14,Glenn,021,27897,1993,1798,385,2183,9
2021-01-14,Humboldt,023,135768,2403,2169,8,2177,22
2021-01-14,Imperial,025,180216,25654,24882,2082,26964,447
2021-01-14,Inyo,027,18085,962,790,8,798,25
2021-01-14,Kern,029,883053,81717,77070,7143,84213,705
2021-01-14,Kings,031,150075,19619,18405,738,19143,108
2021-01-14,Lake,033,64148,2640,2378,0,2378,27
2021-01-14,Lassen,035,31185,4783,4673,71,4744,1
2021-01-14,Los Angeles,037,10098052,1028305,954652,31648,986300,13147
2021-01-14,Madera,039,155013,13692,12742,634,13376,85
2021-01-14,Marin,041,260295,11664,11155,111,11266,159
2021-01-14,Mariposa,043,17540,331,302,2,304,3
2021-01-14,Mendocino,045,87422,3033,2801,51,2852,31
2021-01-14,Merced,047,269075,23919,22780,585,23365,239
2021-01-14,Modoc,049,8938,292,273,85,358,0
2021-01-14,Mono,051,14174,1081,1020,13,1033,3
2021-01-14,Monterey,053,433212,36070,34105,1069,35174,242
2021-01-14,Napa,055,140530,7673,7117,30,7147,38
2021-01-14,Nevada,057,99092,3307,3075,126,3201,17
2021-01-14,Orange,059,3164182,215180,204442,8571,213013,2162
2021-01-14,Placer,061,380077,18066,16488,828,17316,169
2021-01-14,Plumas,063,18699,576,496,9,505,2
2021-01-14,Riverside,065,2383286,248346,231684,11518,243202,2357
2021-01-14,Sacramento,067,1510023,81106,79137,874,80011,1007
2021-01-14,San Benito,069,59416,4959,4678,50,4728,35
2021-01-14,San Bernardino,071,2135413,258097,243379,7278,250657,1750
2021-01-14,San Diego,073,3302833,221722,204173,10203,214376,2005
2021-01-14,San Francisco,075,870044,29323,28200,484,28684,238
2021-01-14,San Joaquin,077,732212,57992,55058,2207,57265,739
2021-01-14,San Luis Obispo,079,281455,16230,14851,390,15241,146
2021-01-14,San Mateo,081,765935,33444,30694,214,30908,208
2021-01-14,Santa Barbara,083,443738,25254,23126,720,23846,219
2021-01-14,Santa Clara,085,1922200,94078,88505,404,88909,910
2021-01-14,Santa Cruz,087,273765,13080,11583,569,12152,109
2021-01-14,Shasta,089,179085,9766,9334,956,10290,90
2021-01-14,Sierra,091,2930,44,35,6,41,0
2021-01-14,Siskiyou,093,43540,1222,1108,168,1276,3
2021-01-14,Solano,095,438530,25459,23782,270,24052,103
2021-01-14,Sonoma,097,501317,24003,22910,118,23028,202
2021-01-14,Stanislaus,099,539301,43220,40597,4155,44752,574
2021-01-14,Sutter,101,95872,7664,7416,60,7476,74
2021-01-14,Tehama,103,63373,3925,3664,417,4081,17
2021-01-14,Trinity,105,12862,437,261,62,323,3
2021-01-14,Tulare,107,460477,42236,39565,5394,44959,533
2021-01-14,Tuolumne,109,53932,3267,3215,31,3246,28
2021-01-14,Ventura,111,848112,62042,57941,2111,60052,347
2021-01-14,Yolo,113,214977,11051,10097,92,10189,135
2021-01-14,Yuba,115,75493,4752,4496,56,4552,27
2021-01-13,Alameda,001,1643700,67574,63568,1353,64921,690
2021-01-13,Alpine,003,1148,73,71,0,71,0
2021-01-13,Amador,005,37829,3012,2914,24,2938,26
2021-01-13,Butte,007,227075,9760,9013,1293,10306,126
2021-01-13,Calaveras,009,45235,1559,1493,7,1500,21
2021-01-13,Colusa,011,21464,1602,1524,153,1677,7
2021-01-13,Contra Costa,013,1133247,52481,48877,829,49706,403
2021-01-13,Del Norte,015,27424,857,820,2,822,2
2021-01-13,El Dorado,017,186661,7897,7247,499,7746,43
2021-01-13,Fresno,019,978130,84321,78278,6134,84412,804
2021-01-13,Glenn,021,27897,1977,1792,376,2168,9
2021-01-13,Humboldt,023,135768,2370,2114,8,2122,22
2021-01-13,Imperial,025,180216,25530,24717,2050,26767,463
2021-01-13,Inyo,027,18085,950,785,8,793,25
2021-01-13,Kern,029,883053,81060,76049,7053,83102,704
2021-01-13,Kings,031,150075,19452,18121,717,18838,108
2021-01-13,Lake,033,64148,2599,2305,0,2305,27
2021-01-13,Lassen,035,31185,4776,4663,70,4733,1
2021-01-13,Los Angeles,037,10098052,1017512,937985,31251,969236,12873
2021-01-13,Madera,039,155013,13576,12570,629,13199,85
2021-01-13,Marin,041,260295,11612,11039,111,11150,161
2021-01-13,Mariposa,043,17540,329,304,2,306,3
2021-01-13,Mendocino,045,87422,3013,2790,51,2841,31
2021-01-13,Merced,047,269075,23680,22497,571,23068,241
2021-01-13,Modoc,049,8938,291,274,82,356,0
2021-01-13,Mono,051,14174,1077,1017,13,1030,3
2021-01-13,Monterey,053,433212,35645,33748,1045,34793,241
2021-01-13,Napa,055,140530,7559,7028,30,7058,36
2021-01-13,Nevada,057,99092,3283,3037,123,3160,17
2021-01-13,Orange,059,3164182,213108,201158,8501,209659,2172
2021-01-13,Placer,061,380077,17941,16272,814,17086,172
2021-01-13,Plumas,063,18699,574,490,9,499,2
2021-01-13,Riverside,065,2383286,245199,228192,11405,239597,2278
2021-01-13,Sacramento,067,1510023,80445,78268,867,79135,996
2021-01-13,San Benito,069,59416,4903,4583,49,4632,35
2021-01-13,San Bernardino,071,2135413,255710,240191,7203,247394,1759
2021-01-13,San Diego,073,3302833,219108,201578,10100,211678,1952
2021-01-13,San Francisco,075,870044,29084,27863,464,28327,238
2021-01-13,San Joaquin,077,732212,57370,54373,2179,56552,738
2021-01-13,San Luis Obispo,079,281455,16075,14625,379,15004,140
2021-01-13,San Mateo,081,765935,33105,30195,212,30407,207
2021-01-13,Santa Barbara,083,443738,24812,22714,704,23418,216
2021-01-13,Santa Clara,085,1922200,93105,87187,400,87587,911
2021-01-13,Santa Cruz,087,273765,12907,11423,555,11978,110
2021-01-13,Shasta,089,179085,9702,9180,942,10122,93
2021-01-13,Sierra,091,2930,44,33,6,39,0
2021-01-13,Siskiyou,093,43540,1216,1102,164,1266,3
2021-01-13,Solano,095,438530,25181,23503,267,23770,105
2021-01-13,Sonoma,097,501317,23752,22610,117,22727,206
2021-01-13,Stanislaus,099,539301,42828,40167,4102,44269,574
2021-01-13,Sutter,101,95872,7618,7350,59,7409,73
2021-01-13,Tehama,103,63373,3874,3589,412,4001,17
2021-01-13,Trinity,105,12862,437,260,62,322,3
2021-01-13,Tulare,107,460477,41833,39129,5294,44423,522
2021-01-13,Tuolumne,109,53932,3253,3196,31,3227,28
2021-01-13,Ventura,111,848112,61030,56453,2071,58524,338
2021-01-13,Yolo,113,214977,10952,9933,89,10022,135
2021-01-13,Yuba,115,75493,4707,4448,53,4501,27
2021-01-12,Alameda,001,1643700,66749,62642,1335,63977,677
2021-01-12,Alpine,003,1148,73,71,0,71,0
2021-01-12,Amador,005,37829,2995,2897,24,2921,26
2021-01-12,Butte,007,227075,9672,8883,1278,10161,124
2021-01-12,Calaveras,009,45235,1523,1475,7,1482,21
2021-01-12,Colusa,011,21464,1590,1510,149,1659,7
2021-01-12,Contra Costa,013,1133247,51839,48242,815,49057,399
2021-01-12,Del Norte,015,27424,852,816,2,818,2
2021-01-12,El Dorado,017,186661,7813,7156,488,7644,41
2021-01-12,Fresno,019,978130,83449,77651,6066,83717,796
2021-01-12,Glenn,021,27897,1952,1781,372,2153,9
2021-01-12,Humboldt,023,135768,2316,2077,7,2084,22
2021-01-12,Imperial,025,180216,25438,24566,2009,26575,457
2021-01-12,Inyo,027,18085,932,773,8,781,25
2021-01-12,Kern,029,883053,80352,75320,6958,82278,689
2021-01-12,Kings,031,150075,19241,18072,707,18779,108
2021-01-12,Lake,033,64148,2551,2260,0,2260,27
2021-01-12,Lassen,035,31185,4754,4659,68,4727,1
2021-01-12,Los Angeles,037,10098052,1005850,926295,30855,957150,12610
2021-01-12,Madera,039,155013,13428,12485,620,13105,85
2021-01-12,Marin,041,260295,11505,10960,111,11071,157
2021-01-12,Mariposa,043,17540,326,302,2,304,3
2021-01-12,Mendocino,045,87422,2993,2762,47,2809,31
2021-01-12,Merced,047,269075,23429,22172,549,22721,239
2021-01-12,Modoc,049,8938,289,274,82,356,0
2021-01-12,Mono,051,14174,1067,1008,13,1021,3
2021-01-12,Monterey,053,433212,35154,33381,1028,34409,240
2021-01-12,Napa,055,140530,7476,6936,30,6966,36
2021-01-12,Nevada,057,99092,3255,3014,121,3135,17
2021-01-12,Orange,059,3164182,210837,198260,8415,206675,2142
2021-01-12,Placer,061,380077,17771,16087,808,16895,163
2021-01-12,Plumas,063,18699,568,483,9,492,2
2021-01-12,Riverside,065,2383286,242068,225580,11266,236846,2266
2021-01-12,Sacramento,067,1510023,79717,77201,859,78060,985
2021-01-12,San Benito,069,59416,4834,4515,49,4564,35
2021-01-12,San Bernardino,071,2135413,253125,237008,7134,244142,1739
2021-01-12,San Diego,073,3302833,216194,198317,9983,208300,1898
2021-01-12,San Francisco,075,870044,28807,27531,431,27962,238
2021-01-12,San Joaquin,077,732212,56729,53630,2151,55781,725
2021-01-12,San Luis Obispo,079,281455,15830,14367,371,14738,132
2021-01-12,San Mateo,081,765935,32714,29747,200,29947,206
2021-01-12,Santa Barbara,083,443738,24390,22182,684,22866,209
2021-01-12,Santa Clara,085,1922200,91991,86075,392,86467,904
2021-01-12,Santa Cruz,087,273765,12692,11267,540,11807,110
2021-01-12,Shasta,089,179085,9629,9086,929,10015,84
2021-01-12,Sierra,091,2930,43,33,6,39,0
2021-01-12,Siskiyou,093,43540,1206,1091,157,1248,3
2021-01-12,Solano,095,438530,24879,23160,263,23423,102
2021-01-12,Sonoma,097,501317,23447,22403,117,22520,205
2021-01-12,Stanislaus,099,539301,42389,39615,4067,43682,571
2021-01-12,Sutter,101,95872,7555,7276,58,7334,73
2021-01-12,Tehama,103,63373,3836,3567,407,3974,17
2021-01-12,Trinity,105,12862,437,258,62,320,3
2021-01-12,Tulare,107,460477,41373,38797,5178,43975,509
2021-01-12,Tuolumne,109,53932,3220,3178,31,3209,28
2021-01-12,Ventura,111,848112,60056,55342,2039,57381,324
2021-01-12,Yolo,113,214977,10816,9857,85,9942,133
2021-01-12,Yuba,115,75493,4662,4389,53,4442,27
2021-01-11,Alameda,001,1643700,65897,61949,1317,63266,652
2021-01-11,Alpine,003,1148,73,70,0,70,0
2021-01-11,Amador,005,37829,2981,2867,24,2891,24
2021-01-11,Butte,007,227075,9559,8757,1260,10017,119
2021-01-11,Calaveras,009,45235,1504,1460,7,1467,21
2021-01-11,Colusa,011,21464,1571,1494,144,1638,7
2021-01-11,Contra Costa,013,1133247,51158,47728,804,48532,398
2021-01-11,Del Norte,015,27424,848,810,2,812,2
2021-01-11,El Dorado,017,186661,7719,6987,481,7468,36
2021-01-11,Fresno,019,978130,82570,76581,5990,82571,775
2021-01-11,Glenn,021,27897,1925,1763,366,2129,9
2021-01-11,Humboldt,023,135768,2277,2069,7,2076,22
2021-01-11,Imperial,025,180216,25327,24418,1972,26390,453
2021-01-11,Inyo,027,18085,913,763,8,771,25
2021-01-11,Kern,029,883053,79492,74489,6859,81348,682
2021-01-11,Kings,031,150075,18978,17909,698,18607,108
2021-01-11,Lake,033,64148,2500,2205,0,2205,26
2021-01-11,Lassen,035,31185,4731,4647,68,4715,1
2021-01-11,Los Angeles,037,10098052,992621,914434,30399,944833,12304
2021-01-11,Madera,039,155013,13291,12366,609,12975,85
2021-01-11,Marin,041,260295,11406,10814,110,10924,156
2021-01-11,Mariposa,043,17540,319,296,2,298,3
2021-01-11,Mendocino,045,87422,2965,2728,47,2775,31
2021-01-11,Merced,047,269075,23106,21884,535,22419,238
2021-01-11,Modoc,049,8938,288,271,81,352,0
2021-01-11,Mono,051,14174,1061,1006,13,1019,3
2021-01-11,Monterey,053,433212,34615,32858,966,33824,239
2021-01-11,Napa,055,140530,7374,6822,30,6852,36
2021-01-11,Nevada,057,99092,3227,2980,121,3101,17
2021-01-11,Orange,059,3164182,208253,196340,8316,204656,2113
2021-01-11,Placer,061,380077,17592,15919,799,16718,163
2021-01-11,Plumas,063,18699,564,477,9,486,2
2021-01-11,Riverside,065,2383286,238564,222907,11122,234029,2222
2021-01-11,Sacramento,067,1510023,78784,76009,843,76852,974
2021-01-11,San Benito,069,59416,4762,4482,42,4524,34
2021-01-11,San Bernardino,071,2135413,250327,235543,7037,242580,1739
2021-01-11,San Diego,073,3302833,212925,194793,9823,204616,1857
2021-01-11,San Francisco,075,870044,28528,27264,411,27675,238
2021-01-11,San Joaquin,077,732212,56120,53002,2122,55124,725
2021-01-11,San Luis Obispo,079,281455,15459,14213,364,14577,126
2021-01-11,San Mateo,081,765935,32270,29355,188,29543,206
2021-01-11,Santa Barbara,083,443738,23939,21740,672,22412,200
2021-01-11,Santa Clara,085,1922200,90747,84851,384,85235,877
2021-01-11,Santa Cruz,087,273765,12512,11093,517,11610,106
2021-01-11,Shasta,089,179085,9531,8977,916,9893,81
2021-01-11,Sierra,091,2930,41,33,6,39,0
2021-01-11,Siskiyou,093,43540,1197,1087,155,1242,3
2021-01-11,Solano,095,438530,24558,22893,257,23150,101
2021-01-11,Sonoma,097,501317,23199,22191,117,22308,205
2021-01-11,Stanislaus,099,539301,41898,39149,4018,43167,571
2021-01-11,Sutter,101,95872,7496,7204,57,7261,71
2021-01-11,Tehama,103,63373,3774,3524,386,3910,17
2021-01-11,Trinity,105,12862,437,256,62,318,2
2021-01-11,Tulare,107,460477,40958,38380,5098,43478,497
2021-01-11,Tuolumne,109,53932,3209,3165,31,3196,27
2021-01-11,Ventura,111,848112,58919,54202,2015,56217,320
2021-01-11,Yolo,113,214977,10610,9699,84,9783,129
2021-01-11,Yuba,115,75493,4624,4349,46,4395,27
2021-01-10,Alameda,001,1643700,64918,61111,1289,62400,650
2021-01-10,Alpine,003,1148,73,70,0,70,0
2021-01-10,Amador,005,37829,2957,2861,24,2885,24
2021-01-10,Butte,007,227075,9439,8665,1234,9899,119
2021-01-10,Calaveras,009,45235,1481,1449,7,1456,21
2021-01-10,Colusa,011,21464,1549,1478,142,1620,7
2021-01-10,Contra Costa,013,1133247,50361,47109,785,47894,398
2021-01-10,Del Norte,015,27424,846,809,2,811,2
2021-01-10,El Dorado,017,186661,7630,6904,464,7368,36
2021-01-10,Fresno,019,978130,81759,75621,5868,81489,775
2021-01-10,Glenn,021,27897,1906,1746,358,2104,9
2021-01-10,Humboldt,023,135768,2216,2049,7,2056,22
2021-01-10,Imperial,025,180216,25168,24233,1922,26155,453
2021-01-10,Inyo,027,18085,886,748,8,756,25
2021-01-10,Kern,029,883053,78660,73712,6729,80441,679
2021-01-10,Kings,031,150075,18759,17812,691,18503,108
2021-01-10,Lake,033,64148,2445,2174,0,2174,26
2021-01-10,Lassen,035,31185,4709,4642,68,4710,1
2021-01-10,Los Angeles,037,10098052,978002,901783,29788,931571,12170
2021-01-10,Madera,039,155013,13100,12179,592,12771,85
2021-01-10,Marin,041,260295,11282,10737,109,10846,155
2021-01-10,Mariposa,043,17540,319,291,2,293,3
2021-01-10,Mendocino,045,87422,2934,2706,43,2749,31
2021-01-10,Merced,047,269075,22835,21691,524,22215,238
2021-01-10,Modoc,049,8938,288,271,79,350,0
2021-01-10,Mono,051,14174,1043,965,13,978,3
2021-01-10,Monterey,053,433212,34175,32571,934,33505,237
2021-01-10,Napa,055,140530,7272,6687,28,6715,36
2021-01-10,Nevada,057,99092,3208,2959,117,3076,17
2021-01-10,Orange,059,3164182,205467,193766,8194,201960,2104
2021-01-10,Placer,061,380077,17403,15779,779,16558,163
2021-01-10,Plumas,063,18699,554,477,9,486,2
2021-01-10,Riverside,065,2383286,235204,219486,10933,230419,2216
2021-01-10,Sacramento,067,1510023,77822,75394,816,76210,965
2021-01-10,San Benito,069,59416,4660,4434,41,4475,34
2021-01-10,San Bernardino,071,2135413,246917,232171,6934,239105,1736
2021-01-10,San Diego,073,3302833,209257,191886,9656,201542,1857
2021-01-10,San Francisco,075,870044,28147,27054,380,27434,238
2021-01-10,San Joaquin,077,732212,55309,52535,2089,54624,725
2021-01-10,San Luis Obispo,079,281455,15130,13968,352,14320,122
2021-01-10,San Mateo,081,765935,31780,28972,174,29146,206
2021-01-10,Santa Barbara,083,443738,23380,21290,657,21947,200
2021-01-10,Santa Clara,085,1922200,89563,83779,375,84154,858
2021-01-10,Santa Cruz,087,273765,12299,10951,499,11450,106
2021-01-10,Shasta,089,179085,9419,8936,901,9837,81
2021-01-10,Sierra,091,2930,40,32,6,38,0
2021-01-10,Siskiyou,093,43540,1191,1075,152,1227,3
2021-01-10,Solano,095,438530,24157,22621,254,22875,101
2021-01-10,Sonoma,097,501317,22923,21925,116,22041,204
2021-01-10,Stanislaus,099,539301,41324,38809,3941,42750,571
2021-01-10,Sutter,101,95872,7435,7133,54,7187,71
2021-01-10,Tehama,103,63373,3701,3504,374,3878,17
2021-01-10,Trinity,105,12862,437,253,60,313,2
2021-01-10,Tulare,107,460477,40543,38012,4980,42992,497
2021-01-10,Tuolumne,109,53932,3175,3143,30,3173,27
2021-01-10,Ventura,111,848112,57650,53095,1972,55067,319
2021-01-10,Yolo,113,214977,10458,9610,84,9694,129
2021-01-10,Yuba,115,75493,4571,4300,43,4343,27
2021-01-09,Alameda,001,1643700,64374,60125,1274,61399,649
2021-01-09,Alpine,003,1148,73,70,0,70,0
2021-01-09,Amador,005,37829,2950,2809,24,2833,24
2021-01-09,Butte,007,227075,9360,8552,1210,9762,118
2021-01-09,Calaveras,009,45235,1471,1425,7,1432,21
2021-01-09,Colusa,011,21464,1542,1468,141,1609,7
2021-01-09,Contra Costa,013,1133247,50007,46406,770,47176,393
2021-01-09,Del Norte,015,27424,844,802,2,804,2
2021-01-09,El Dorado,017,186661,7596,6800,461,7261,36
2021-01-09,Fresno,019,978130,81349,74816,5828,80644,773
2021-01-09,Glenn,021,27897,1891,1707,355,2062,9
2021-01-09,Humboldt,023,135768,2198,2026,7,2033,22
2021-01-09,Imperial,025,180216,25099,24028,1909,25937,448
2021-01-09,Inyo,027,18085,877,734,8,742,25
2021-01-09,Kern,029,883053,78191,73015,6652,79667,677
2021-01-09,Kings,031,150075,18664,17679,687,18366,108
2021-01-09,Lake,033,64148,2409,2144,0,2144,26
2021-01-09,Lassen,035,31185,4697,4613,68,4681,1
2021-01-09,Los Angeles,037,10098052,972421,887949,29359,917308,12011
2021-01-09,Madera,039,155013,13005,12063,586,12649,85
2021-01-09,Marin,041,260295,11221,10634,108,10742,154
2021-01-09,Mariposa,043,17540,316,287,2,289,3
2021-01-09,Mendocino,045,87422,2916,2664,43,2707,31
2021-01-09,Merced,047,269075,22693,21357,515,21872,237
2021-01-09,Modoc,049,8938,288,271,78,349,0
2021-01-09,Mono,051,14174,1038,964,13,977,3
2021-01-09,Monterey,053,433212,34025,31948,924,32872,235
2021-01-09,Napa,055,140530,7202,6594,25,6619,36
2021-01-09,Nevada,057,99092,3186,2932,114,3046,17
2021-01-09,Orange,059,3164182,203948,191004,8102,199106,2034
2021-01-09,Placer,061,380077,17296,15609,777,16386,162
2021-01-09,Plumas,063,18699,552,477,9,486,2
2021-01-09,Riverside,065,2383286,233449,216076,10797,226873,2201
2021-01-09,Sacramento,067,1510023,77289,74482,811,75293,953
2021-01-09,San Benito,069,59416,4608,4335,41,4376,34
2021-01-09,San Bernardino,071,2135413,245693,228857,6867,235724,1714
2021-01-09,San Diego,073,3302833,207563,188598,9536,198134,1824
2021-01-09,San Francisco,075,870044,27977,26708,339,27047,235
2021-01-09,San Joaquin,077,732212,54981,51927,2070,53997,724
2021-01-09,San Luis Obispo,079,281455,15006,13647,341,13988,121
2021-01-09,San Mateo,081,765935,31481,28512,167,28679,205
2021-01-09,Santa Barbara,083,443738,23168,20971,652,21623,197
2021-01-09,Santa Clara,085,1922200,88723,82269,363,82632,808
2021-01-09,Santa Cruz,087,273765,12204,10717,493,11210,107
2021-01-09,Shasta,089,179085,9386,8893,897,9790,81
2021-01-09,Sierra,091,2930,38,32,6,38,0
2021-01-09,Siskiyou,093,43540,1187,1062,147,1209,3
2021-01-09,Solano,095,438530,23998,22226,252,22478,101
2021-01-09,Sonoma,097,501317,22801,21393,116,21509,202
2021-01-09,Stanislaus,099,539301,41033,38403,3907,42310,567
2021-01-09,Sutter,101,95872,7399,7072,53,7125,69
2021-01-09,Tehama,103,63373,3669,3451,363,3814,15
2021-01-09,Trinity,105,12862,437,252,60,312,2
2021-01-09,Tulare,107,460477,40292,37684,4916,42600,496
2021-01-09,Tuolumne,109,53932,3167,3117,29,3146,26
2021-01-09,Ventura,111,848112,56822,51988,1946,53934,306
2021-01-09,Yolo,113,214977,10387,9524,83,9607,129
2021-01-09,Yuba,115,75493,4540,4265,43,4308,27
2021-01-08,Alameda,001,1643700,63812,59172,1265,60437,646
2021-01-08,Alpine,003,1148,73,70,0,70,0
2021-01-08,Amador,005,37829,2943,2792,24,2816,24
2021-01-08,Butte,007,227075,9300,8430,1196,9626,115
2021-01-08,Calaveras,009,45235,1457,1385,7,1392,21
2021-01-08,Colusa,011,21464,1530,1448,140,1588,7
2021-01-08,Contra Costa,013,1133247,49471,45667,766,46433,381
2021-01-08,Del Norte,015,27424,842,795,2,797,2
2021-01-08,El Dorado,017,186661,7526,6690,449,7139,36
2021-01-08,Fresno,019,978130,80537,73689,5770,79459,771
2021-01-08,Glenn,021,27897,1876,1680,350,2030,9
2021-01-08,Humboldt,023,135768,2174,1988,7,1995,22
2021-01-08,Imperial,025,180216,25034,23751,1894,25645,446
2021-01-08,Inyo,027,18085,862,682,8,690,24
2021-01-08,Kern,029,883053,77627,71978,6579,78557,674
2021-01-08,Kings,031,150075,18536,17441,682,18123,108
2021-01-08,Lake,033,64148,2381,2098,0,2098,26
2021-01-08,Lassen,035,31185,4689,4598,66,4664,1
2021-01-08,Los Angeles,037,10098052,961607,871188,28943,900131,11796
2021-01-08,Madera,039,155013,12855,11846,577,12423,85
2021-01-08,Marin,041,260295,11129,10531,108,10639,153
2021-01-08,Mariposa,043,17540,315,273,2,275,3
2021-01-08,Mendocino,045,87422,2897,2634,40,2674,31
2021-01-08,Merced,047,269075,22498,20862,510,21372,236
2021-01-08,Modoc,049,8938,288,266,78,344,0
2021-01-08,Mono,051,14174,1028,951,13,964,3
2021-01-08,Monterey,053,433212,33773,31543,914,32457,224
2021-01-08,Napa,055,140530,7132,6544,25,6569,32
2021-01-08,Nevada,057,99092,3164,2888,114,3002,17
2021-01-08,Orange,059,3164182,201948,186608,8016,194624,1991
2021-01-08,Placer,061,380077,17163,15401,770,16171,161
2021-01-08,Plumas,063,18699,546,465,9,474,2
2021-01-08,Riverside,065,2383286,231042,212122,10674,222796,2184
2021-01-08,Sacramento,067,1510023,76716,73245,805,74050,939
2021-01-08,San Benito,069,59416,4571,4225,40,4265,33
2021-01-08,San Bernardino,071,2135413,243813,224267,6796,231063,1703
2021-01-08,San Diego,073,3302833,205025,185060,9442,194502,1771
2021-01-08,San Francisco,075,870044,27726,26378,317,26695,207
2021-01-08,San Joaquin,077,732212,54656,50990,2042,53032,710
2021-01-08,San Luis Obispo,079,281455,14873,13286,329,13615,119
2021-01-08,San Mateo,081,765935,31132,28072,165,28237,204
2021-01-08,Santa Barbara,083,443738,22882,20461,647,21108,189
2021-01-08,Santa Clara,085,1922200,87779,80561,360,80921,789
2021-01-08,Santa Cruz,087,273765,12062,10486,485,10971,106
2021-01-08,Shasta,089,179085,9336,8772,882,9654,81
2021-01-08,Sierra,091,2930,38,31,6,37,0
2021-01-08,Siskiyou,093,43540,1184,1027,146,1173,3
2021-01-08,Solano,095,438530,23827,21832,249,22081,100
2021-01-08,Sonoma,097,501317,22659,21178,116,21294,201
2021-01-08,Stanislaus,099,539301,40734,37858,3873,41731,566
2021-01-08,Sutter,101,95872,7349,6982,53,7035,68
2021-01-08,Tehama,103,63373,3645,3406,360,3766,15
2021-01-08,Trinity,105,12862,437,247,60,307,2
2021-01-08,Tulare,107,460477,40024,36946,4821,41767,491
2021-01-08,Tuolumne,109,53932,3159,3099,29,3128,19
2021-01-08,Ventura,111,848112,55956,50553,1922,52475,294
2021-01-08,Yolo,113,214977,10298,9391,83,9474,129
2021-01-08,Yuba,115,75493,4498,4195,42,4237,26
2021-01-07,Alameda,001,1643700,62952,57921,1238,59159,632
2021-01-07,Alpine,003,1148,71,70,0,70,0
2021-01-07,Amador,005,37829,2930,2740,23,2763,24
2021-01-07,Butte,007,227075,9203,8278,1175,9453,112
2021-01-07,Calaveras,009,45235,1440,1342,6,1348,21
2021-01-07,Colusa,011,21464,1518,1420,133,1553,7
2021-01-07,Contra Costa,013,1133247,48694,44756,752,45508,376
2021-01-07,Del Norte,015,27424,840,791,2,793,2
2021-01-07,El Dorado,017,186661,7425,6545,439,6984,36
2021-01-07,Fresno,019,978130,79582,72557,5670,78227,765
2021-01-07,Glenn,021,27897,1858,1639,340,1979,9
2021-01-07,Humboldt,023,135768,2147,1954,7,1961,22
2021-01-07,Imperial,025,180216,24854,23608,1843,25451,431
2021-01-07,Inyo,027,18085,850,656,8,664,20
2021-01-07,Kern,029,883053,76765,70953,6431,77384,660
2021-01-07,Kings,031,150075,18410,17238,672,17910,108
2021-01-07,Lake,033,64148,2328,2054,0,2054,26
2021-01-07,Lassen,035,31185,4684,4581,64,4645,1
2021-01-07,Los Angeles,037,10098052,946682,853187,28416,881603,11480
2021-01-07,Madera,039,155013,12700,11644,567,12211,76
2021-01-07,Marin,041,260295,11040,10364,106,10470,153
2021-01-07,Mariposa,043,17540,313,264,2,266,3
2021-01-07,Mendocino,045,87422,2843,2585,35,2620,30
2021-01-07,Merced,047,269075,22176,20510,494,21004,234
2021-01-07,Modoc,049,8938,288,265,78,343,0
2021-01-07,Mono,051,14174,1017,905,13,918,3
2021-01-07,Monterey,053,433212,33268,30903,891,31794,222
2021-01-07,Napa,055,140530,7023,6408,25,6433,32
2021-01-07,Nevada,057,99092,3130,2847,109,2956,17
2021-01-07,Orange,059,3164182,199121,181922,7916,189838,1974
2021-01-07,Placer,061,380077,16984,15155,742,15897,144
2021-01-07,Plumas,063,18699,544,454,9,463,2
2021-01-07,Riverside,065,2383286,227584,208177,10524,218701,2156
2021-01-07,Sacramento,067,1510023,75811,72342,784,73126,919
2021-01-07,San Benito,069,59416,4510,4112,38,4150,33
2021-01-07,San Bernardino,071,2135413,240374,219691,6712,226403,1666
2021-01-07,San Diego,073,3302833,201719,180510,9264,189774,1738
2021-01-07,San Francisco,075,870044,27401,25885,304,26189,202
2021-01-07,San Joaquin,077,732212,53986,50156,2013,52169,689
2021-01-07,San Luis Obispo,079,281455,14634,12810,316,13126,118
2021-01-07,San Mateo,081,765935,30622,27494,162,27656,201
2021-01-07,Santa Barbara,083,443738,22455,19931,636,20567,187
2021-01-07,Santa Clara,085,1922200,86660,78808,356,79164,775
2021-01-07,Santa Cruz,087,273765,11853,10228,477,10705,104
2021-01-07,Shasta,089,179085,9248,8612,874,9486,81
2021-01-07,Sierra,091,2930,38,31,6,37,0
2021-01-07,Siskiyou,093,43540,1179,1010,145,1155,3
2021-01-07,Solano,095,438530,23437,21384,245,21629,100
2021-01-07,Sonoma,097,501317,22398,20857,115,20972,200
2021-01-07,Stanislaus,099,539301,40317,37296,3821,41117,553
2021-01-07,Sutter,101,95872,7290,6890,52,6942,65
2021-01-07,Tehama,103,63373,3621,3330,352,3682,15
2021-01-07,Trinity,105,12862,437,247,60,307,2
2021-01-07,Tulare,107,460477,39637,36397,4691,41088,482
2021-01-07,Tuolumne,109,53932,3139,3068,28,3096,14
2021-01-07,Ventura,111,848112,54795,49083,1894,50977,288
2021-01-07,Yolo,113,214977,10156,9207,81,9288,128
2021-01-07,Yuba,115,75493,4458,4128,42,4170,25
2021-01-06,Alameda,001,1643700,62098,57081,1211,58292,616
2021-01-06,Alpine,003,1148,71,70,0,70,0
2021-01-06,Amador,005,37829,2909,2717,22,2739,24
2021-01-06,Butte,007,227075,9091,8147,1156,9303,110
2021-01-06,Calaveras,009,45235,1417,1321,6,1327,21
2021-01-06,Colusa,011,21464,1498,1385,128,1513,7
2021-01-06,Contra Costa,013,1133247,47898,44054,736,44790,358
2021-01-06,Del Norte,015,27424,834,780,2,782,2
2021-01-06,El Dorado,017,186661,7313,6397,425,6822,35
2021-01-06,Fresno,019,978130,78736,71404,5568,76972,752
2021-01-06,Glenn,021,27897,1832,1622,336,1958,9
2021-01-06,Humboldt,023,135768,2121,1912,7,1919,22
2021-01-06,Imperial,025,180216,24607,23400,1800,25200,431
2021-01-06,Inyo,027,18085,834,630,8,638,20
2021-01-06,Kern,029,883053,75822,69893,6305,76198,646
2021-01-06,Kings,031,150075,18212,17019,653,17672,108
2021-01-06,Lake,033,64148,2294,2033,0,2033,26
2021-01-06,Lassen,035,31185,4672,4560,60,4620,1
2021-01-06,Los Angeles,037,10098052,930718,835052,27735,862787,11285
2021-01-06,Madera,039,155013,12566,11407,560,11967,67
2021-01-06,Marin,041,260295,10917,10282,105,10387,153
2021-01-06,Mariposa,043,17540,310,259,2,261,3
2021-01-06,Mendocino,045,87422,2813,2561,35,2596,30
2021-01-06,Merced,047,269075,21841,20258,479,20737,232
2021-01-06,Modoc,049,8938,288,263,78,341,0
2021-01-06,Mono,051,14174,986,905,13,918,3
2021-01-06,Monterey,053,433212,32667,30387,860,31247,222
2021-01-06,Napa,055,140530,6893,6342,25,6367,32
2021-01-06,Nevada,057,99092,3110,2805,108,2913,15
2021-01-06,Orange,059,3164182,195683,177686,7775,185461,1935
2021-01-06,Placer,061,380077,16797,14940,724,15664,134
2021-01-06,Plumas,063,18699,536,445,9,454,2
2021-01-06,Riverside,065,2383286,223571,203714,10338,214052,2121
2021-01-06,Sacramento,067,1510023,74787,71572,767,72339,909
2021-01-06,San Benito,069,59416,4434,4031,37,4068,32
2021-01-06,San Bernardino,071,2135413,236688,215286,6609,221895,1634
2021-01-06,San Diego,073,3302833,198218,176660,9093,185753,1691
2021-01-06,San Francisco,075,870044,27035,25424,296,25720,199
2021-01-06,San Joaquin,077,732212,53253,49286,1971,51257,673
2021-01-06,San Luis Obispo,079,281455,14240,12305,309,12614,115
2021-01-06,San Mateo,081,765935,30197,27050,159,27209,200
2021-01-06,Santa Barbara,083,443738,21966,19453,627,20080,177
2021-01-06,Santa Clara,085,1922200,85339,77485,349,77834,746
2021-01-06,Santa Cruz,087,273765,11634,9954,459,10413,97
2021-01-06,Shasta,089,179085,9178,8482,867,9349,78
2021-01-06,Sierra,091,2930,37,31,6,37,0
2021-01-06,Siskiyou,093,43540,1167,998,141,1139,3
2021-01-06,Solano,095,438530,23059,21102,242,21344,99
2021-01-06,Sonoma,097,501317,22091,20558,115,20673,196
2021-01-06,Stanislaus,099,539301,39750,36751,3761,40512,553
2021-01-06,Sutter,101,95872,7209,6839,51,6890,59
2021-01-06,Tehama,103,63373,3592,3306,346,3652,15
2021-01-06,Trinity,105,12862,437,246,60,306,2
2021-01-06,Tulare,107,460477,39144,35882,4596,40478,465
2021-01-06,Tuolumne,109,53932,3118,3008,28,3036,14
2021-01-06,Ventura,111,848112,53551,47428,1870,49298,280
2021-01-06,Yolo,113,214977,9991,9083,78,9161,127
2021-01-06,Yuba,115,75493,4408,4097,42,4139,25
2021-01-05,Alameda,001,1643700,60981,56432,1181,57613,602
2021-01-05,Alpine,003,1148,71,70,0,70,0
2021-01-05,Amador,005,37829,2869,2695,22,2717,24
2021-01-05,Butte,007,227075,8951,8008,1129,9137,107
2021-01-05,Calaveras,009,45235,1370,1292,6,1298,21
2021-01-05,Colusa,011,21464,1476,1376,122,1498,7
2021-01-05,Contra Costa,013,1133247,47038,43442,724,44166,353
2021-01-05,Del Norte,015,27424,828,770,2,772,2
2021-01-05,El Dorado,017,186661,7195,6270,404,6674,32
2021-01-05,Fresno,019,978130,77516,70971,5478,76449,741
2021-01-05,Glenn,021,27897,1809,1608,320,1928,9
2021-01-05,Humboldt,023,135768,2085,1884,7,1891,22
2021-01-05,Imperial,025,180216,24436,23165,1759,24924,421
2021-01-05,Inyo,027,18085,820,627,8,635,20
2021-01-05,Kern,029,883053,74744,68257,6170,74427,624
2021-01-05,Kings,031,150075,18014,16860,631,17491,108
2021-01-05,Lake,033,64148,2248,2015,0,2015,25
2021-01-05,Lassen,035,31185,4657,4554,56,4610,1
2021-01-05,Los Angeles,037,10098052,911976,823783,27081,850864,11028
2021-01-05,Madera,039,155013,12396,11359,548,11907,67
2021-01-05,Marin,041,260295,10769,10214,104,10318,151
2021-01-05,Mariposa,043,17540,304,257,2,259,3
2021-01-05,Mendocino,045,87422,2777,2501,35,2536,30
2021-01-05,Merced,047,269075,21489,20051,467,20518,230
2021-01-05,Modoc,049,8938,288,254,78,332,0
2021-01-05,Mono,051,14174,980,896,13,909,3
2021-01-05,Monterey,053,433212,32120,30045,827,30872,213
2021-01-05,Napa,055,140530,6807,6264,25,6289,29
2021-01-05,Nevada,057,99092,3082,2781,106,2887,15
2021-01-05,Orange,059,3164182,192056,174869,7585,182454,1918
2021-01-05,Placer,061,380077,16574,14723,701,15424,133
2021-01-05,Plumas,063,18699,529,428,9,437,2
2021-01-05,Riverside,065,2383286,219445,200439,10169,210608,2069
2021-01-05,Sacramento,067,1510023,73858,70677,741,71418,888
2021-01-05,San Benito,069,59416,4332,3961,35,3996,28
2021-01-05,San Bernardino,071,2135413,232724,212522,6493,219015,1615
2021-01-05,San Diego,073,3302833,194078,172845,8879,181724,1654
2021-01-05,San Francisco,075,870044,26664,24989,280,25269,196
2021-01-05,San Joaquin,077,732212,52395,48969,1927,50896,663
2021-01-05,San Luis Obispo,079,281455,13842,12027,299,12326,106
2021-01-05,San Mateo,081,765935,29716,26486,157,26643,198
2021-01-05,Santa Barbara,083,443738,21519,19063,619,19682,172
2021-01-05,Santa Clara,085,1922200,83791,76355,337,76692,729
2021-01-05,Santa Cruz,087,273765,11361,9753,435,10188,93
2021-01-05,Shasta,089,179085,9071,8345,849,9194,73
2021-01-05,Sierra,091,2930,37,31,6,37,0
2021-01-05,Siskiyou,093,43540,1155,985,139,1124,3
2021-01-05,Solano,095,438530,22650,20860,237,21097,97
2021-01-05,Sonoma,097,501317,21732,20247,114,20361,194
2021-01-05,Stanislaus,099,539301,39206,36363,3710,40073,553
2021-01-05,Sutter,101,95872,7112,6769,50,6819,59
2021-01-05,Tehama,103,63373,3540,3255,342,3597,9
2021-01-05,Trinity,105,12862,437,246,60,306,2
2021-01-05,Tulare,107,460477,38569,35585,4455,40040,455
2021-01-05,Tuolumne,109,53932,3095,2996,23,3019,13
2021-01-05,Ventura,111,848112,52307,46456,1848,48304,264
2021-01-05,Yolo,113,214977,9813,8980,76,9056,127
2021-01-05,Yuba,115,75493,4349,4053,41,4094,21
2021-01-04,Alameda,001,1643700,59761,55899,1147,57046,583
2021-01-04,Alpine,003,1148,71,68,0,68,0
2021-01-04,Amador,005,37829,2829,2596,22,2618,24
2021-01-04,Butte,007,227075,8792,7893,1108,9001,105
2021-01-04,Calaveras,009,45235,1329,1276,5,1281,21
2021-01-04,Colusa,011,21464,1451,1368,108,1476,7
2021-01-04,Contra Costa,013,1133247,46179,43019,700,43719,353
2021-01-04,Del Norte,015,27424,817,770,2,772,2
2021-01-04,El Dorado,017,186661,7061,6152,390,6542,27
2021-01-04,Fresno,019,978130,76249,69871,5380,75251,726
2021-01-04,Glenn,021,27897,1776,1590,315,1905,9
2021-01-04,Humboldt,023,135768,2048,1845,7,1852,22
2021-01-04,Imperial,025,180216,24289,23035,1708,24743,420
2021-01-04,Inyo,027,18085,794,623,8,631,20
2021-01-04,Kern,029,883053,73661,67418,5976,73394,623
2021-01-04,Kings,031,150075,17738,16801,607,17408,108
2021-01-04,Lake,033,64148,2212,1984,0,1984,25
2021-01-04,Lassen,035,31185,4635,4550,55,4605,1
2021-01-04,Los Angeles,037,10098052,891832,813022,26242,839264,10790
2021-01-04,Madera,039,155013,12180,11204,527,11731,67
2021-01-04,Marin,041,260295,10629,10115,102,10217,151
2021-01-04,Mariposa,043,17540,298,253,2,255,3
2021-01-04,Mendocino,045,87422,2737,2460,31,2491,28
2021-01-04,Merced,047,269075,21076,19804,448,20252,230
2021-01-04,Modoc,049,8938,272,250,76,326,0
2021-01-04,Mono,051,14174,969,895,13,908,3
2021-01-04,Monterey,053,433212,31506,29659,806,30465,212
2021-01-04,Napa,055,140530,6666,6187,25,6212,29
2021-01-04,Nevada,057,99092,3044,2765,103,2868,15
2021-01-04,Orange,059,3164182,188171,172458,7463,179921,1918
2021-01-04,Placer,061,380077,16315,14622,688,15310,133
2021-01-04,Plumas,063,18699,519,419,9,428,1
2021-01-04,Riverside,065,2383286,214896,196809,9983,206792,2066
2021-01-04,Sacramento,067,1510023,72804,70164,732,70896,870
2021-01-04,San Benito,069,59416,4219,3914,35,3949,28
2021-01-04,San Bernardino,071,2135413,228456,210868,6345,217213,1615
2021-01-04,San Diego,073,3302833,189504,171031,8683,179714,1598
2021-01-04,San Francisco,075,870044,26278,24753,274,25027,191
2021-01-04,San Joaquin,077,732212,51504,48644,1886,50530,661
2021-01-04,San Luis Obispo,079,281455,13355,11945,292,12237,96
2021-01-04,San Mateo,081,765935,29152,26150,152,26302,198
2021-01-04,Santa Barbara,083,443738,20996,18735,590,19325,165
2021-01-04,Santa Clara,085,1922200,82035,75297,330,75627,727
2021-01-04,Santa Cruz,087,273765,11073,9680,418,10098,85
2021-01-04,Shasta,089,179085,8966,8224,832,9056,72
2021-01-04,Sierra,091,2930,36,30,6,36,0
2021-01-04,Siskiyou,093,43540,1139,980,136,1116,3
2021-01-04,Solano,095,438530,22148,20588,229,20817,97
2021-01-04,Sonoma,097,501317,21394,20210,113,20323,194
2021-01-04,Stanislaus,099,539301,38643,36141,3655,39796,553
2021-01-04,Sutter,101,95872,7016,6712,49,6761,56
2021-01-04,Tehama,103,63373,3471,3190,337,3527,9
2021-01-04,Trinity,105,12862,434,245,60,305,2
2021-01-04,Tulare,107,460477,38030,35060,4356,39416,455
2021-01-04,Tuolumne,109,53932,3070,2987,23,3010,13
2021-01-04,Ventura,111,848112,50804,45014,1828,46842,255
2021-01-04,Yolo,113,214977,9618,8834,75,8909,121
2021-01-04,Yuba,115,75493,4294,4023,41,4064,21
2021-01-03,Alameda,001,1643700,58513,55082,1120,56202,580
2021-01-03,Alpine,003,1148,69,68,0,68,0
2021-01-03,Amador,005,37829,2772,2565,22,2587,24
2021-01-03,Butte,007,227075,8598,7837,1062,8899,105
2021-01-03,Calaveras,009,45235,1292,1249,3,1252,21
2021-01-03,Colusa,011,21464,1423,1337,102,1439,7
2021-01-03,Contra Costa,013,1133247,45293,42432,679,43111,352
2021-01-03,Del Norte,015,27424,806,768,2,770,2
2021-01-03,El Dorado,017,186661,6933,6034,373,6407,27
2021-01-03,Fresno,019,978130,75100,69326,5264,74590,719
2021-01-03,Glenn,021,27897,1751,1581,309,1890,9
2021-01-03,Humboldt,023,135768,2011,1833,7,1840,21
2021-01-03,Imperial,025,180216,24048,22951,1630,24581,419
2021-01-03,Inyo,027,18085,775,615,8,623,20
2021-01-03,Kern,029,883053,72400,66895,5801,72696,609
2021-01-03,Kings,031,150075,17462,16593,578,17171,108
2021-01-03,Lake,033,64148,2166,1976,0,1976,24
2021-01-03,Lassen,035,31185,4602,4531,54,4585,1
2021-01-03,Los Angeles,037,10098052,869769,792168,25207,817375,10633
2021-01-03,Madera,039,155013,11952,11152,504,11656,67
2021-01-03,Marin,041,260295,10479,10034,98,10132,150
2021-01-03,Mariposa,043,17540,291,248,2,250,3
2021-01-03,Mendocino,045,87422,2697,2445,29,2474,24
2021-01-03,Merced,047,269075,20609,19600,422,20022,230
2021-01-03,Modoc,049,8938,268,245,75,320,0
2021-01-03,Mono,051,14174,944,893,13,906,3
2021-01-03,Monterey,053,433212,30916,29357,771,30128,191
2021-01-03,Napa,055,140530,6565,6094,25,6119,29
2021-01-03,Nevada,057,99092,2983,2742,100,2842,15
2021-01-03,Orange,059,3164182,183981,169881,7274,177155,1919
2021-01-03,Placer,061,380077,16064,14319,665,14984,133
2021-01-03,Plumas,063,18699,506,416,9,425,1
2021-01-03,Riverside,065,2383286,210021,195048,9736,204784,2005
2021-01-03,Sacramento,067,1510023,71598,68558,711,69269,859
2021-01-03,San Benito,069,59416,4123,3882,34,3916,28
2021-01-03,San Bernardino,071,2135413,223179,208294,6174,214468,1592
2021-01-03,San Diego,073,3302833,184244,168018,8454,176472,1592
2021-01-03,San Francisco,075,870044,25787,24588,255,24843,193
2021-01-03,San Joaquin,077,732212,50395,47899,1831,49730,661
2021-01-03,San Luis Obispo,079,281455,12887,11636,284,11920,95
2021-01-03,San Mateo,081,765935,28558,25770,145,25915,196
2021-01-03,Santa Barbara,083,443738,20263,18267,576,18843,164
2021-01-03,Santa Clara,085,1922200,80445,74534,324,74858,720
2021-01-03,Santa Cruz,087,273765,10768,9528,403,9931,84
2021-01-03,Shasta,089,179085,8839,8192,792,8984,72
2021-01-03,Sierra,091,2930,36,30,6,36,0
2021-01-03,Siskiyou,093,43540,1106,976,127,1103,3
2021-01-03,Solano,095,438530,21615,20105,223,20328,97
2021-01-03,Sonoma,097,501317,21008,19982,111,20093,193
2021-01-03,Stanislaus,099,539301,37936,35762,3572,39334,553
2021-01-03,Sutter,101,95872,6919,6664,48,6712,53
2021-01-03,Tehama,103,63373,3417,3176,329,3505,9
2021-01-03,Trinity,105,12862,429,243,58,301,2
2021-01-03,Tulare,107,460477,37453,34747,4211,38958,455
2021-01-03,Tuolumne,109,53932,3009,2978,20,2998,13
2021-01-03,Ventura,111,848112,48978,43748,1811,45559,254
2021-01-03,Yolo,113,214977,9457,8674,74,8748,121
2021-01-03,Yuba,115,75493,4243,3966,40,4006,20
2021-01-02,Alameda,001,1643700,57892,54518,1089,55607,581
2021-01-02,Alpine,003,1148,69,68,0,68,0
2021-01-02,Amador,005,37829,2753,2540,22,2562,24
2021-01-02,Butte,007,227075,8492,7750,1041,8791,105
2021-01-02,Calaveras,009,45235,1272,1230,3,1233,21
2021-01-02,Colusa,011,21464,1412,1332,101,1433,7
2021-01-02,Contra Costa,013,1133247,44747,41993,671,42664,352
2021-01-02,Del Norte,015,27424,804,764,2,766,2
2021-01-02,El Dorado,017,186661,6878,5959,369,6328,27
2021-01-02,Fresno,019,978130,74557,68740,5153,73893,717
2021-01-02,Glenn,021,27897,1734,1546,308,1854,9
2021-01-02,Humboldt,023,135768,1984,1815,7,1822,21
2021-01-02,Imperial,025,180216,23960,22867,1598,24465,420
2021-01-02,Inyo,027,18085,764,609,8,617,20
2021-01-02,Kern,029,883053,71680,66457,5689,72146,610
2021-01-02,Kings,031,150075,17368,16515,574,17089,108
2021-01-02,Lake,033,64148,2129,1925,0,1925,24
2021-01-02,Lassen,035,31185,4591,4457,53,4510,1
2021-01-02,Los Angeles,037,10098052,861399,791892,24528,816420,10633
2021-01-02,Madera,039,155013,11837,11039,492,11531,67
2021-01-02,Marin,041,260295,10431,9924,95,10019,151
2021-01-02,Mariposa,043,17540,284,243,2,245,3
2021-01-02,Mendocino,045,87422,2654,2428,28,2456,24
2021-01-02,Merced,047,269075,20467,19395,405,19800,230
2021-01-02,Modoc,049,8938,267,245,75,320,0
2021-01-02,Mono,051,14174,933,884,13,897,3
2021-01-02,Monterey,053,433212,30700,28991,759,29750,191
2021-01-02,Napa,055,140530,6506,5994,25,6019,29
2021-01-02,Nevada,057,99092,2954,2706,96,2802,15
2021-01-02,Orange,059,3164182,181759,168457,7126,175583,1918
2021-01-02,Placer,061,380077,15891,14182,656,14838,133
2021-01-02,Plumas,063,18699,503,413,9,422,1
2021-01-02,Riverside,065,2383286,207375,192069,9510,201579,2008
2021-01-02,Sacramento,067,1510023,70962,67810,693,68503,858
2021-01-02,San Benito,069,59416,4041,3829,34,3863,28
2021-01-02,San Bernardino,071,2135413,221517,206939,6052,212991,1597
2021-01-02,San Diego,073,3302833,181645,164498,8257,172755,1592
2021-01-02,San Francisco,075,870044,25534,24414,247,24661,194
2021-01-02,San Joaquin,077,732212,49992,47310,1803,49113,662
2021-01-02,San Luis Obispo,079,281455,12753,11467,278,11745,95
2021-01-02,San Mateo,081,765935,28221,25483,137,25620,196
2021-01-02,Santa Barbara,083,443738,19974,18135,573,18708,164
2021-01-02,Santa Clara,085,1922200,79269,73662,318,73980,720
2021-01-02,Santa Cruz,087,273765,10613,9340,395,9735,85
2021-01-02,Shasta,089,179085,8773,8154,781,8935,72
2021-01-02,Sierra,091,2930,36,28,6,34,0
2021-01-02,Siskiyou,093,43540,1095,949,125,1074,3
2021-01-02,Solano,095,438530,21413,19805,214,20019,97
2021-01-02,Sonoma,097,501317,20839,19761,111,19872,194
2021-01-02,Stanislaus,099,539301,37603,35431,3508,38939,553
2021-01-02,Sutter,101,95872,6867,6621,48,6669,53
2021-01-02,Tehama,103,63373,3389,3146,325,3471,9
2021-01-02,Trinity,105,12862,426,243,58,301,2
2021-01-02,Tulare,107,460477,37125,34479,4137,38616,455
2021-01-02,Tuolumne,109,53932,2995,2942,18,2960,13
2021-01-02,Ventura,111,848112,47823,43397,1778,45175,254
2021-01-02,Yolo,113,214977,9360,8571,72,8643,122
2021-01-02,Yuba,115,75493,4205,3930,40,3970,21
2021-01-01,Alameda,001,1643700,57244,53518,1075,54593,579
2021-01-01,Alpine,003,1148,69,68,0,68,0
2021-01-01,Amador,005,37829,2727,2513,20,2533,24
2021-01-01,Butte,007,227075,8390,7589,1019,8608,105
2021-01-01,Calaveras,009,45235,1257,1186,3,1189,21
2021-01-01,Colusa,011,21464,1402,1314,99,1413,7
2021-01-01,Contra Costa,013,1133247,44272,41412,651,42063,351
2021-01-01,Del Norte,015,27424,799,758,2,760,2
2021-01-01,El Dorado,017,186661,6785,5832,361,6193,27
2021-01-01,Fresno,019,978130,73485,67484,5069,72553,717
2021-01-01,Glenn,021,27897,1717,1520,299,1819,9
2021-01-01,Humboldt,023,135768,1945,1783,7,1790,21
2021-01-01,Imperial,025,180216,23864,22715,1547,24262,418
2021-01-01,Inyo,027,18085,739,606,8,614,20
2021-01-01,Kern,029,883053,70854,65571,5582,71153,609
2021-01-01,Kings,031,150075,17185,16358,567,16925,108
2021-01-01,Lake,033,64148,2091,1888,0,1888,24
2021-01-01,Lassen,035,31185,4585,4377,53,4430,1
2021-01-01,Los Angeles,037,10098052,847179,775578,23857,799435,10515
2021-01-01,Madera,039,155013,11682,10752,483,11235,66
2021-01-01,Marin,041,260295,10333,9821,94,9915,148
2021-01-01,Mariposa,043,17540,276,236,2,238,3
2021-01-01,Mendocino,045,87422,2600,2400,28,2428,24
2021-01-01,Merced,047,269075,20283,19118,389,19507,229
2021-01-01,Modoc,049,8938,267,241,75,316,0
2021-01-01,Mono,051,14174,915,884,12,896,3
2021-01-01,Monterey,053,433212,30462,28465,750,29215,191
2021-01-01,Napa,055,140530,6421,5899,25,5924,28
2021-01-01,Nevada,057,99092,2930,2663,96,2759,15
2021-01-01,Orange,059,3164182,178965,165440,6983,172423,1893
2021-01-01,Placer,061,380077,15701,13987,641,14628,133
2021-01-01,Plumas,063,18699,498,412,9,421,1
2021-01-01,Riverside,065,2383286,204185,188674,9257,197931,1990
2021-01-01,Sacramento,067,1510023,70364,66956,676,67632,848
2021-01-01,San Benito,069,59416,4004,3773,34,3807,28
2021-01-01,San Bernardino,071,2135413,218753,203651,5922,209573,1590
2021-01-01,San Diego,073,3302833,178572,160071,8078,168149,1592
2021-01-01,San Francisco,075,870044,25256,24145,236,24381,187
2021-01-01,San Joaquin,077,732212,49668,46640,1759,48399,657
2021-01-01,San Luis Obispo,079,281455,12524,11160,270,11430,94
2021-01-01,San Mateo,081,765935,27772,25041,133,25174,194
2021-01-01,Santa Barbara,083,443738,19654,17759,563,18322,164
2021-01-01,Santa Clara,085,1922200,78048,71904,314,72218,680
2021-01-01,Santa Cruz,087,273765,10433,9146,385,9531,84
2021-01-01,Shasta,089,179085,8692,8102,764,8866,72
2021-01-01,Sierra,091,2930,36,26,6,32,0
2021-01-01,Siskiyou,093,43540,1081,944,120,1064,3
2021-01-01,Solano,095,438530,21199,19393,212,19605,97
2021-01-01,Sonoma,097,501317,20643,19513,111,19624,189
2021-01-01,Stanislaus,099,539301,37315,34978,3446,38424,553
2021-01-01,Sutter,101,95872,6810,6553,47,6600,52
2021-01-01,Tehama,103,63373,3331,3079,318,3397,9
2021-01-01,Trinity,105,12862,426,243,58,301,2
2021-01-01,Tulare,107,460477,36716,33994,4049,38043,454
2021-01-01,Tuolumne,109,53932,2978,2909,18,2927,13
2021-01-01,Ventura,111,848112,46330,42026,1752,43778,253
2021-01-01,Yolo,113,214977,9250,8461,69,8530,120
2021-01-01,Yuba,115,75493,4151,3845,39,3884,19
2020-12-31,Alameda,001,1643700,56696,52475,1043,53518,579
2020-12-31,Alpine,003,1148,69,66,0,66,0
2020-12-31,Amador,005,37829,2713,2493,20,2513,24
2020-12-31,Butte,007,227075,8315,7405,998,8403,105
2020-12-31,Calaveras,009,45235,1246,1161,3,1164,21
2020-12-31,Colusa,011,21464,1390,1301,96,1397,7
2020-12-31,Contra Costa,013,1133247,43868,40512,635,41147,336
2020-12-31,Del Norte,015,27424,798,748,2,750,2
2020-12-31,El Dorado,017,186661,6733,5662,352,6014,26
2020-12-31,Fresno,019,978130,73054,66442,5007,71449,711
2020-12-31,Glenn,021,27897,1689,1484,291,1775,9
2020-12-31,Humboldt,023,135768,1928,1713,7,1720,21
2020-12-31,Imperial,025,180216,23794,22494,1530,24024,417
2020-12-31,Inyo,027,18085,731,591,8,599,20
2020-12-31,Kern,029,883053,70380,64904,5494,70398,609
2020-12-31,Kings,031,150075,17110,16077,558,16635,108
2020-12-31,Lake,033,64148,2070,1848,0,1848,23
2020-12-31,Lassen,035,31185,4579,4340,52,4392,1
2020-12-31,Los Angeles,037,10098052,841832,755844,23406,779250,10320
2020-12-31,Madera,039,155013,11597,10609,475,11084,64
2020-12-31,Marin,041,260295,10281,9731,92,9823,148
2020-12-31,Mariposa,043,17540,274,217,2,219,3
2020-12-31,Mendocino,045,87422,2585,2367,24,2391,24
2020-12-31,Merced,047,269075,20193,18808,379,19187,226
2020-12-31,Modoc,049,8938,267,238,75,313,0
2020-12-31,Mono,051,14174,907,868,12,880,3
2020-12-31,Monterey,053,433212,30232,27720,738,28458,188
2020-12-31,Napa,055,140530,6358,5801,25,5826,28
2020-12-31,Nevada,057,99092,2907,2619,95,2714,15
2020-12-31,Orange,059,3164182,177064,161586,6854,168440,1866
2020-12-31,Placer,061,380077,15545,13708,638,14346,126
2020-12-31,Plumas,063,18699,494,401,8,409,1
2020-12-31,Riverside,065,2383286,202503,184193,9128,193321,1958
2020-12-31,Sacramento,067,1510023,69834,65817,666,66483,830
2020-12-31,San Benito,069,59416,3980,3673,34,3707,28
2020-12-31,San Bernardino,071,2135413,217059,199115,5849,204964,1586
2020-12-31,San Diego,073,3302833,176809,155593,7979,163572,1534
2020-12-31,San Francisco,075,870044,25021,23740,229,23969,183
2020-12-31,San Joaquin,077,732212,49316,45764,1721,47485,646
2020-12-31,San Luis Obispo,079,281455,12409,10846,270,11116,89
2020-12-31,San Mateo,081,765935,27442,24570,127,24697,192
2020-12-31,Santa Barbara,083,443738,19410,17434,556,17990,161
2020-12-31,Santa Clara,085,1922200,77171,70032,309,70341,665
2020-12-31,Santa Cruz,087,273765,10315,8909,373,9282,84
2020-12-31,Shasta,089,179085,8626,7996,754,8750,69
2020-12-31,Sierra,091,2930,36,26,6,32,0
2020-12-31,Siskiyou,093,43540,1065,940,117,1057,3
2020-12-31,Solano,095,438530,20969,18942,211,19153,97
2020-12-31,Sonoma,097,501317,20522,19129,110,19239,188
2020-12-31,Stanislaus,099,539301,37007,34398,3399,37797,552
2020-12-31,Sutter,101,95872,6779,6432,47,6479,51
2020-12-31,Tehama,103,63373,3293,3036,317,3353,9
2020-12-31,Trinity,105,12862,425,241,58,299,2
2020-12-31,Tulare,107,460477,36512,33412,3988,37400,446
2020-12-31,Tuolumne,109,53932,2969,2902,18,2920,12
2020-12-31,Ventura,111,848112,45820,40854,1735,42589,251
2020-12-31,Yolo,113,214977,9161,8295,68,8363,117
2020-12-31,Yuba,115,75493,4114,3799,38,3837,18
2020-12-30,Alameda,001,1643700,55914,50158,990,51148,573
2020-12-30,Alpine,003,1148,69,66,0,66,0
2020-12-30,Amador,005,37829,2693,2418,19,2437,24
2020-12-30,Butte,007,227075,8154,7140,978,8118,103
2020-12-30,Calaveras,009,45235,1221,1135,3,1138,21
2020-12-30,Colusa,011,21464,1372,1289,90,1379,7
2020-12-30,Contra Costa,013,1133247,43319,39601,622,40223,337
2020-12-30,Del Norte,015,27424,793,726,2,728,2
2020-12-30,El Dorado,017,186661,6632,5595,342,5937,27
2020-12-30,Fresno,019,978130,72209,65566,4857,70423,711
2020-12-30,Glenn,021,27897,1658,1471,279,1750,9
2020-12-30,Humboldt,023,135768,1894,1654,7,1661,22
2020-12-30,Imperial,025,180216,23628,22098,1454,23552,412
2020-12-30,Inyo,027,18085,725,572,8,580,20
2020-12-30,Kern,029,883053,69652,63292,5349,68641,604
2020-12-30,Kings,031,150075,16991,15862,549,16411,108
2020-12-30,Lake,033,64148,2051,1731,0,1731,23
2020-12-30,Lassen,035,31185,4570,4300,52,4352,1
2020-12-30,Los Angeles,037,10098052,830911,741907,22736,764643,10046
2020-12-30,Madera,039,155013,11487,10249,464,10713,65
2020-12-30,Marin,041,260295,10187,9569,85,9654,148
2020-12-30,Mariposa,043,17540,270,214,2,216,3
2020-12-30,Mendocino,045,87422,2567,2291,21,2312,24
2020-12-30,Merced,047,269075,19903,18519,369,18888,225
2020-12-30,Modoc,049,8938,264,234,75,309,0
2020-12-30,Mono,051,14174,904,868,12,880,3
2020-12-30,Monterey,053,433212,29602,26977,716,27693,186
2020-12-30,Napa,055,140530,6253,5754,25,5779,28
2020-12-30,Nevada,057,99092,2872,2595,93,2688,15
2020-12-30,Orange,059,3164182,174406,153951,6667,160618,1863
2020-12-30,Placer,061,380077,15313,13540,626,14166,127
2020-12-30,Plumas,063,18699,489,397,8,405,1
2020-12-30,Riverside,065,2383286,199555,176402,8945,185347,1919
2020-12-30,Sacramento,067,1510023,68961,64119,649,64768,847
2020-12-30,San Benito,069,59416,3898,3464,30,3494,29
2020-12-30,San Bernardino,071,2135413,214491,192648,5764,198412,1591
2020-12-30,San Diego,073,3302833,173176,152510,7804,160314,1472
2020-12-30,San Francisco,075,870044,24745,23099,224,23323,182
2020-12-30,San Joaquin,077,732212,48595,44465,1680,46145,634
2020-12-30,San Luis Obispo,079,281455,12140,10542,262,10804,89
2020-12-30,San Mateo,081,765935,27013,24150,123,24273,190
2020-12-30,Santa Barbara,083,443738,19008,16895,535,17430,161
2020-12-30,Santa Clara,085,1922200,75962,67218,305,67523,661
2020-12-30,Santa Cruz,087,273765,10141,8787,364,9151,86
2020-12-30,Shasta,089,179085,8512,7818,740,8558,69
2020-12-30,Sierra,091,2930,36,25,6,31,0
2020-12-30,Siskiyou,093,43540,1058,913,109,1022,3
2020-12-30,Solano,095,438530,20580,18300,208,18508,96
2020-12-30,Sonoma,097,501317,20266,18947,110,19057,191
2020-12-30,Stanislaus,099,539301,36544,33730,3324,37054,526
2020-12-30,Sutter,101,95872,6719,6328,45,6373,51
2020-12-30,Tehama,103,63373,3249,2969,313,3282,9
2020-12-30,Trinity,105,12862,424,231,57,288,2
2020-12-30,Tulare,107,460477,35982,32413,3928,36341,430
2020-12-30,Tuolumne,109,53932,2959,2772,16,2788,12
2020-12-30,Ventura,111,848112,44533,39039,1711,40750,251
2020-12-30,Yolo,113,214977,9053,8067,66,8133,117
2020-12-30,Yuba,115,75493,4046,3612,38,3650,18
2020-12-29,Alameda,001,1643700,54843,50946,955,51901,552
2020-12-29,Alpine,003,1148,69,65,0,65,0
2020-12-29,Amador,005,37829,2641,2388,18,2406,23
2020-12-29,Butte,007,227075,7981,7178,954,8132,98
2020-12-29,Calaveras,009,45235,1177,1111,2,1113,21
2020-12-29,Colusa,011,21464,1351,1272,85,1357,7
2020-12-29,Contra Costa,013,1133247,42549,39225,596,39821,325
2020-12-29,Del Norte,015,27424,786,724,2,726,2
2020-12-29,El Dorado,017,186661,6502,5551,329,5880,22
2020-12-29,Fresno,019,978130,70836,65149,4708,69857,688
2020-12-29,Glenn,021,27897,1624,1454,272,1726,9
2020-12-29,Humboldt,023,135768,1846,1616,7,1623,19
2020-12-29,Imperial,025,180216,23413,22105,1372,23477,407
2020-12-29,Inyo,027,18085,707,571,8,579,19
2020-12-29,Kern,029,883053,68487,63096,5181,68277,589
2020-12-29,Kings,031,150075,16822,15777,537,16314,108
2020-12-29,Lake,033,64148,2020,1805,0,1805,22
2020-12-29,Lassen,035,31185,4555,4288,52,4340,1
2020-12-29,Los Angeles,037,10098052,810699,731907,21912,753819,9786
2020-12-29,Madera,039,155013,11185,10251,451,10702,64
2020-12-29,Marin,041,260295,10044,9595,81,9676,146
2020-12-29,Mariposa,043,17540,262,212,2,214,3
2020-12-29,Mendocino,045,87422,2524,2249,20,2269,24
2020-12-29,Merced,047,269075,19553,18464,353,18817,221
2020-12-29,Modoc,049,8938,261,232,75,307,0
2020-12-29,Mono,051,14174,895,868,12,880,3
2020-12-29,Monterey,053,433212,28951,26894,691,27585,185
2020-12-29,Napa,055,140530,6135,5663,25,5688,28
2020-12-29,Nevada,057,99092,2824,2550,92,2642,15
2020-12-29,Orange,059,3164182,170634,154411,6504,160915,1839
2020-12-29,Placer,061,380077,15100,13392,605,13997,126
2020-12-29,Plumas,063,18699,480,395,8,403,1
2020-12-29,Riverside,065,2383286,194957,177624,8696,186320,1904
2020-12-29,Sacramento,067,1510023,67910,65078,637,65715,820
2020-12-29,San Benito,069,59416,3779,3474,29,3503,25
2020-12-29,San Bernardino,071,2135413,209655,190476,5628,196104,1557
2020-12-29,San Diego,073,3302833,168953,150062,7573,157635,1435
2020-12-29,San Francisco,075,870044,24405,22996,217,23213,178
2020-12-29,San Joaquin,077,732212,47655,44699,1627,46326,622
2020-12-29,San Luis Obispo,079,281455,11844,10387,254,10641,80
2020-12-29,San Mateo,081,765935,26471,23773,111,23884,189
2020-12-29,Santa Barbara,083,443738,18539,16797,509,17306,155
2020-12-29,Santa Clara,085,1922200,74462,67581,301,67882,621
2020-12-29,Santa Cruz,087,273765,9875,8492,355,8847,84
2020-12-29,Shasta,089,179085,8408,7782,725,8507,65
2020-12-29,Sierra,091,2930,34,24,5,29,0
2020-12-29,Siskiyou,093,43540,1043,926,107,1033,3
2020-12-29,Solano,095,438530,20204,18412,203,18615,96
2020-12-29,Sonoma,097,501317,19934,18790,108,18898,187
2020-12-29,Stanislaus,099,539301,36067,33775,3254,37029,508
2020-12-29,Sutter,101,95872,6652,6302,45,6347,50
2020-12-29,Tehama,103,63373,3179,2962,301,3263,9
2020-12-29,Trinity,105,12862,423,241,57,298,2
2020-12-29,Tulare,107,460477,35354,32545,3805,36350,419
2020-12-29,Tuolumne,109,53932,2917,2797,16,2813,12
2020-12-29,Ventura,111,848112,43278,38669,1685,40354,235
2020-12-29,Yolo,113,214977,8923,8124,64,8188,111
2020-12-29,Yuba,115,75493,3967,3723,38,3761,18
2020-12-28,Alameda,001,1643700,53800,50405,935,51340,551
2020-12-28,Alpine,003,1148,68,65,0,65,0
2020-12-28,Amador,005,37829,2571,2255,18,2273,23
2020-12-28,Butte,007,227075,7815,7053,924,7977,86
2020-12-28,Calaveras,009,45235,1154,1102,2,1104,21
2020-12-28,Colusa,011,21464,1325,1255,74,1329,7
2020-12-28,Contra Costa,013,1133247,41607,38872,567,39439,324
2020-12-28,Del Norte,015,27424,777,718,2,720,2
2020-12-28,El Dorado,017,186661,6346,5441,317,5758,18
2020-12-28,Fresno,019,978130,69571,64274,4558,68832,679
2020-12-28,Glenn,021,27897,1590,1435,260,1695,9
2020-12-28,Humboldt,023,135768,1811,1579,7,1586,19
2020-12-28,Imperial,025,180216,23157,22003,1298,23301,405
2020-12-28,Inyo,027,18085,701,569,8,577,19
2020-12-28,Kern,029,883053,67421,62392,4981,67373,579
2020-12-28,Kings,031,150075,16605,15733,520,16253,108
2020-12-28,Lake,033,64148,1980,1785,0,1785,22
2020-12-28,Lassen,035,31185,4448,4284,51,4335,1
2020-12-28,Los Angeles,037,10098052,788340,720699,21128,741827,9544
2020-12-28,Madera,039,155013,11012,10123,431,10554,64
2020-12-28,Marin,041,260295,9937,9546,75,9621,145
2020-12-28,Mariposa,043,17540,238,211,2,213,3
2020-12-28,Mendocino,045,87422,2489,2214,20,2234,23
2020-12-28,Merced,047,269075,19233,18245,335,18580,213
2020-12-28,Modoc,049,8938,256,220,73,293,0
2020-12-28,Mono,051,14174,891,848,12,860,3
2020-12-28,Monterey,053,433212,28103,26529,682,27211,182
2020-12-28,Napa,055,140530,6025,5576,25,5601,26
2020-12-28,Nevada,057,99092,2776,2532,88,2620,15
2020-12-28,Orange,059,3164182,166533,152089,6329,158418,1839
2020-12-28,Placer,061,380077,14760,13234,578,13812,126
2020-12-28,Plumas,063,18699,476,391,8,399,0
2020-12-28,Riverside,065,2383286,190061,174029,8409,182438,1855
2020-12-28,Sacramento,067,1510023,66675,64322,613,64935,813
2020-12-28,San Benito,069,59416,3710,3429,29,3458,24
2020-12-28,San Bernardino,071,2135413,204562,188919,5515,194434,1552
2020-12-28,San Diego,073,3302833,164209,147528,7391,154919,1404
2020-12-28,San Francisco,075,870044,24045,22726,212,22938,178
2020-12-28,San Joaquin,077,732212,46716,44172,1595,45767,618
2020-12-28,San Luis Obispo,079,281455,11494,10260,250,10510,76
2020-12-28,San Mateo,081,765935,25997,23467,107,23574,189
2020-12-28,Santa Barbara,083,443738,18071,16579,497,17076,155
2020-12-28,Santa Clara,085,1922200,72981,66418,294,66712,619
2020-12-28,Santa Cruz,087,273765,9617,8310,345,8655,81
2020-12-28,Shasta,089,179085,8291,7688,712,8400,65
2020-12-28,Sierra,091,2930,32,24,4,28,0
2020-12-28,Siskiyou,093,43540,1027,915,102,1017,3
2020-12-28,Solano,095,438530,19644,18171,196,18367,96
2020-12-28,Sonoma,097,501317,19587,18667,106,18773,185
2020-12-28,Stanislaus,099,539301,35521,33473,3195,36668,507
2020-12-28,Sutter,101,95872,6572,6253,45,6298,49
2020-12-28,Tehama,103,63373,3126,2934,294,3228,9
2020-12-28,Trinity,105,12862,421,240,57,297,2
2020-12-28,Tulare,107,460477,34705,32010,3704,35714,404
2020-12-28,Tuolumne,109,53932,2900,2777,16,2793,12
2020-12-28,Ventura,111,848112,41608,37151,1640,38791,230
2020-12-28,Yolo,113,214977,8770,8031,63,8094,111
2020-12-28,Yuba,115,75493,3912,3679,37,3716,18
2020-12-27,Alameda,001,1643700,52559,49764,908,50672,551
2020-12-27,Alpine,003,1148,66,65,0,65,0
2020-12-27,Amador,005,37829,2451,2218,18,2236,23
2020-12-27,Butte,007,227075,7660,7016,886,7902,86
2020-12-27,Calaveras,009,45235,1108,1097,2,1099,21
2020-12-27,Colusa,011,21464,1300,1253,71,1324,7
2020-12-27,Contra Costa,013,1133247,40662,38428,543,38971,324
2020-12-27,Del Norte,015,27424,753,712,2,714,2
2020-12-27,El Dorado,017,186661,6132,5388,294,5682,18
2020-12-27,Fresno,019,978130,68325,63811,4353,68164,679
2020-12-27,Glenn,021,27897,1562,1434,246,1680,9
2020-12-27,Humboldt,023,135768,1767,1575,7,1582,17
2020-12-27,Imperial,025,180216,22878,21934,1191,23125,405
2020-12-27,Inyo,027,18085,682,565,7,572,18
2020-12-27,Kern,029,883053,66140,61914,4816,66730,568
2020-12-27,Kings,031,150075,16369,15593,486,16079,108
2020-12-27,Lake,033,64148,1931,1769,0,1769,22
2020-12-27,Lassen,035,31185,4371,4230,44,4274,1
2020-12-27,Los Angeles,037,10098052,766811,707260,20264,727524,9476
2020-12-27,Madera,039,155013,10755,10005,421,10426,64
2020-12-27,Marin,041,260295,9818,9477,73,9550,144
2020-12-27,Mariposa,043,17540,231,208,2,210,3
2020-12-27,Mendocino,045,87422,2442,2209,20,2229,23
2020-12-27,Merced,047,269075,18866,18075,319,18394,213
2020-12-27,Modoc,049,8938,247,221,69,290,0
2020-12-27,Mono,051,14174,879,849,12,861,3
2020-12-27,Monterey,053,433212,27540,26322,665,26987,181
2020-12-27,Napa,055,140530,5891,5496,25,5521,26
2020-12-27,Nevada,057,99092,2740,2519,88,2607,15
2020-12-27,Orange,059,3164182,162131,149276,6141,155417,1839
2020-12-27,Placer,061,380077,14465,13017,546,13563,126
2020-12-27,Plumas,063,18699,470,390,8,398,0
2020-12-27,Riverside,065,2383286,185145,171995,8109,180104,1836
2020-12-27,Sacramento,067,1510023,65464,63416,591,64007,811
2020-12-27,San Benito,069,59416,3625,3394,29,3423,24
2020-12-27,San Bernardino,071,2135413,199471,186776,5378,192154,1551
2020-12-27,San Diego,073,3302833,159802,145777,7204,152981,1402
2020-12-27,San Francisco,075,870044,23691,22514,204,22718,178
2020-12-27,San Joaquin,077,732212,45666,43529,1546,45075,618
2020-12-27,San Luis Obispo,079,281455,11086,10154,245,10399,76
2020-12-27,San Mateo,081,765935,25433,23136,104,23240,187
2020-12-27,Santa Barbara,083,443738,17542,16364,470,16834,155
2020-12-27,Santa Clara,085,1922200,71286,65288,288,65576,619
2020-12-27,Santa Cruz,087,273765,9359,8234,337,8571,81
2020-12-27,Shasta,089,179085,8164,7671,690,8361,65
2020-12-27,Sierra,091,2930,32,24,3,27,0
2020-12-27,Siskiyou,093,43540,1017,914,97,1011,3
2020-12-27,Solano,095,438530,19162,17840,191,18031,96
2020-12-27,Sonoma,097,501317,19296,18487,105,18592,185
2020-12-27,Stanislaus,099,539301,34909,33076,3112,36188,506
2020-12-27,Sutter,101,95872,6491,6218,43,6261,48
2020-12-27,Tehama,103,63373,3054,2922,278,3200,9
2020-12-27,Trinity,105,12862,414,240,55,295,2
2020-12-27,Tulare,107,460477,34103,31864,3586,35450,400
2020-12-27,Tuolumne,109,53932,2794,2750,14,2764,12
2020-12-27,Ventura,111,848112,40546,36661,1589,38250,230
2020-12-27,Yolo,113,214977,8581,7919,59,7978,111
2020-12-27,Yuba,115,75493,3849,3665,35,3700,18
2020-12-26,Alameda,001,1643700,51936,49084,895,49979,551
2020-12-26,Alpine,003,1148,66,65,0,65,0
2020-12-26,Amador,005,37829,2437,2189,18,2207,23
2020-12-26,Butte,007,227075,7566,6968,862,7830,86
2020-12-26,Calaveras,009,45235,1102,1084,2,1086,21
2020-12-26,Colusa,011,21464,1290,1240,71,1311,7
2020-12-26,Contra Costa,013,1133247,40184,38008,526,38534,324
2020-12-26,Del Norte,015,27424,748,709,2,711,2
2020-12-26,El Dorado,017,186661,6077,5279,290,5569,18
2020-12-26,Fresno,019,978130,67856,63080,4290,67370,679
2020-12-26,Glenn,021,27897,1541,1413,241,1654,9
2020-12-26,Humboldt,023,135768,1729,1545,7,1552,17
2020-12-26,Imperial,025,180216,22783,21734,1138,22872,405
2020-12-26,Inyo,027,18085,667,554,7,561,18
2020-12-26,Kern,029,883053,65469,61174,4669,65843,564
2020-12-26,Kings,031,150075,16251,15517,482,15999,108
2020-12-26,Lake,033,64148,1891,1710,0,1710,22
2020-12-26,Lassen,035,31185,4350,3981,44,4025,1
2020-12-26,Los Angeles,037,10098052,758234,694149,19777,713926,9424
2020-12-26,Madera,039,155013,10679,9908,409,10317,64
2020-12-26,Marin,041,260295,9777,9413,70,9483,143
2020-12-26,Mariposa,043,17540,230,206,2,208,3
2020-12-26,Mendocino,045,87422,2396,2194,20,2214,23
2020-12-26,Merced,047,269075,18708,17890,314,18204,213
2020-12-26,Modoc,049,8938,244,222,69,291,0
2020-12-26,Mono,051,14174,873,850,12,862,3
2020-12-26,Monterey,053,433212,27402,26010,656,26666,182
2020-12-26,Napa,055,140530,5833,5427,25,5452,26
2020-12-26,Nevada,057,99092,2712,2480,88,2568,15
2020-12-26,Orange,059,3164182,159909,147304,6050,153354,1838
2020-12-26,Placer,061,380077,14293,12816,531,13347,122
2020-12-26,Plumas,063,18699,467,381,8,389,0
2020-12-26,Riverside,065,2383286,182659,169360,7951,177311,1834
2020-12-26,Sacramento,067,1510023,64839,62435,581,63016,807
2020-12-26,San Benito,069,59416,3552,3330,29,3359,24
2020-12-26,San Bernardino,071,2135413,197791,185111,5296,190407,1551
2020-12-26,San Diego,073,3302833,157277,142644,7057,149701,1402
2020-12-26,San Francisco,075,870044,23450,22319,204,22523,177
2020-12-26,San Joaquin,077,732212,45278,42887,1500,44387,618
2020-12-26,San Luis Obispo,079,281455,10999,9945,240,10185,76
2020-12-26,San Mateo,081,765935,25095,22908,99,23007,187
2020-12-26,Santa Barbara,083,443738,17303,16159,464,16623,155
2020-12-26,Santa Clara,085,1922200,70171,64185,286,64471,618
2020-12-26,Santa Cruz,087,273765,9228,8113,328,8441,81
2020-12-26,Shasta,089,179085,8104,7641,678,8319,65
2020-12-26,Sierra,091,2930,32,24,3,27,0
2020-12-26,Siskiyou,093,43540,1010,909,94,1003,2
2020-12-26,Solano,095,438530,18922,17528,191,17719,96
2020-12-26,Sonoma,097,501317,19093,18261,103,18364,184
2020-12-26,Stanislaus,099,539301,34610,32678,3059,35737,505
2020-12-26,Sutter,101,95872,6433,6121,43,6164,48
2020-12-26,Tehama,103,63373,3025,2884,272,3156,9
2020-12-26,Trinity,105,12862,412,237,54,291,2
2020-12-26,Tulare,107,460477,33793,31665,3523,35188,398
2020-12-26,Tuolumne,109,53932,2783,2703,14,2717,12
2020-12-26,Ventura,111,848112,39581,36064,1559,37623,230
2020-12-26,Yolo,113,214977,8479,7785,57,7842,111
2020-12-26,Yuba,115,75493,3817,3599,35,3634,18
2020-12-25,Alameda,001,1643700,51365,48365,880,49245,542
2020-12-25,Alpine,003,1148,66,64,0,64,0
2020-12-25,Amador,005,37829,2394,2172,18,2190,23
2020-12-25,Butte,007,227075,7467,6873,843,7716,85
2020-12-25,Calaveras,009,45235,1099,1062,2,1064,21
2020-12-25,Colusa,011,21464,1277,1219,70,1289,7
2020-12-25,Contra Costa,013,1133247,39697,37480,502,37982,324
2020-12-25,Del Norte,015,27424,746,692,2,694,2
2020-12-25,El Dorado,017,186661,6012,5170,277,5447,16
2020-12-25,Fresno,019,978130,66994,62251,4209,66460,679
2020-12-25,Glenn,021,27897,1525,1390,234,1624,9
2020-12-25,Humboldt,023,135768,1689,1532,7,1539,16
2020-12-25,Imperial,025,180216,22680,21646,1126,22772,405
2020-12-25,Inyo,027,18085,657,546,7,553,18
2020-12-25,Kern,029,883053,64739,60417,4523,64940,562
2020-12-25,Kings,031,150075,16140,15460,478,15938,108
2020-12-25,Lake,033,64148,1872,1669,0,1669,20
2020-12-25,Lassen,035,31185,4335,3926,44,3970,1
2020-12-25,Los Angeles,037,10098052,744565,665600,19124,684724,9292
2020-12-25,Madera,039,155013,10515,9770,403,10173,64
2020-12-25,Marin,041,260295,9724,9375,68,9443,143
2020-12-25,Mariposa,043,17540,224,203,2,205,3
2020-12-25,Mendocino,045,87422,2353,2176,20,2196,23
2020-12-25,Merced,047,269075,18547,17726,306,18032,213
2020-12-25,Modoc,049,8938,243,221,69,290,0
2020-12-25,Mono,051,14174,871,843,12,855,3
2020-12-25,Monterey,053,433212,27125,25788,647,26435,182
2020-12-25,Napa,055,140530,5756,5351,25,5376,26
2020-12-25,Nevada,057,99092,2686,2458,86,2544,15
2020-12-25,Orange,059,3164182,157217,144542,5859,150401,1814
2020-12-25,Placer,061,380077,14108,12660,509,13169,122
2020-12-25,Plumas,063,18699,460,381,8,389,0
2020-12-25,Riverside,065,2383286,179378,166690,7640,174330,1825
2020-12-25,Sacramento,067,1510023,64148,61630,556,62186,796
2020-12-25,San Benito,069,59416,3511,3281,27,3308,24
2020-12-25,San Bernardino,071,2135413,195193,181812,5181,186993,1546
2020-12-25,San Diego,073,3302833,154797,139958,6879,146837,1402
2020-12-25,San Francisco,075,870044,23168,22130,199,22329,175
2020-12-25,San Joaquin,077,732212,44978,42089,1447,43536,614
2020-12-25,San Luis Obispo,079,281455,10816,9749,233,9982,76
2020-12-25,San Mateo,081,765935,24773,22568,97,22665,187
2020-12-25,Santa Barbara,083,443738,17079,15936,457,16393,155
2020-12-25,Santa Clara,085,1922200,69034,63173,277,63450,612
2020-12-25,Santa Cruz,087,273765,9078,8018,307,8325,81
2020-12-25,Shasta,089,179085,8030,7612,655,8267,65
2020-12-25,Sierra,091,2930,32,24,3,27,0
2020-12-25,Siskiyou,093,43540,1004,905,92,997,2
2020-12-25,Solano,095,438530,18743,17280,189,17469,96
2020-12-25,Sonoma,097,501317,18918,18035,101,18136,184
2020-12-25,Stanislaus,099,539301,34328,32290,3004,35294,498
2020-12-25,Sutter,101,95872,6374,6051,42,6093,47
2020-12-25,Tehama,103,63373,2977,2839,259,3098,9
2020-12-25,Trinity,105,12862,408,236,54,290,2
2020-12-25,Tulare,107,460477,33382,31323,3455,34778,398
2020-12-25,Tuolumne,109,53932,2764,2674,14,2688,12
2020-12-25,Ventura,111,848112,38425,35514,1511,37025,230
2020-12-25,Yolo,113,214977,8387,7700,55,7755,111
2020-12-25,Yuba,115,75493,3777,3549,34,3583,17
2020-12-24,Alameda,001,1643700,51009,47527,862,48389,541
2020-12-24,Alpine,003,1148,66,64,0,64,0
2020-12-24,Amador,005,37829,2381,2145,18,2163,23
2020-12-24,Butte,007,227075,7429,6716,827,7543,84
2020-12-24,Calaveras,009,45235,1096,1032,2,1034,21
2020-12-24,Colusa,011,21464,1272,1188,68,1256,7
2020-12-24,Contra Costa,013,1133247,39445,36623,489,37112,311
2020-12-24,Del Norte,015,27424,745,678,2,680,2
2020-12-24,El Dorado,017,186661,5986,5042,269,5311,16
2020-12-24,Fresno,019,978130,66772,61435,4195,65630,663
2020-12-24,Glenn,021,27897,1514,1363,226,1589,9
2020-12-24,Humboldt,023,135768,1666,1516,7,1523,16
2020-12-24,Imperial,025,180216,22617,21545,1116,22661,402
2020-12-24,Inyo,027,18085,655,532,7,539,17
2020-12-24,Kern,029,883053,64451,59601,4510,64111,556
2020-12-24,Kings,031,150075,16100,15211,477,15688,108
2020-12-24,Lake,033,64148,1850,1629,0,1629,20
2020-12-24,Lassen,035,31185,4322,3894,44,3938,1
2020-12-24,Los Angeles,037,10098052,740372,664840,18881,683721,9288
2020-12-24,Madera,039,155013,10466,9547,395,9942,63
2020-12-24,Marin,041,260295,9685,9287,68,9355,143
2020-12-24,Mariposa,043,17540,220,197,2,199,3
2020-12-24,Mendocino,045,87422,2342,2150,20,2170,23
2020-12-24,Merced,047,269075,18477,17485,302,17787,212
2020-12-24,Modoc,049,8938,243,220,68,288,0
2020-12-24,Mono,051,14174,869,817,12,829,3
2020-12-24,Monterey,053,433212,27012,25131,640,25771,180
2020-12-24,Napa,055,140530,5701,5265,25,5290,26
2020-12-24,Nevada,057,99092,2662,2429,86,2515,15
2020-12-24,Orange,059,3164182,155723,141205,5808,147013,1775
2020-12-24,Placer,061,380077,14018,12457,502,12959,121
2020-12-24,Plumas,063,18699,457,376,8,384,0
2020-12-24,Riverside,065,2383286,178442,162435,7600,170035,1816
2020-12-24,Sacramento,067,1510023,63873,60596,554,61150,788
2020-12-24,San Benito,069,59416,3480,3183,27,3210,24
2020-12-24,San Bernardino,071,2135413,194103,176866,5148,182014,1533
2020-12-24,San Diego,073,3302833,153713,136952,6847,143799,1382
2020-12-24,San Francisco,075,870044,22995,21830,196,22026,175
2020-12-24,San Joaquin,077,732212,44811,41324,1429,42753,611
2020-12-24,San Luis Obispo,079,281455,10747,9504,231,9735,77
2020-12-24,San Mateo,081,765935,24578,22093,97,22190,186
2020-12-24,Santa Barbara,083,443738,16974,15644,449,16093,153
2020-12-24,Santa Clara,085,1922200,68345,61742,270,62012,591
2020-12-24,Santa Cruz,087,273765,8999,7856,295,8151,82
2020-12-24,Shasta,089,179085,7989,7540,638,8178,65
2020-12-24,Sierra,091,2930,29,23,1,24,0
2020-12-24,Siskiyou,093,43540,999,900,86,986,2
2020-12-24,Solano,095,438530,18602,16872,184,17056,96
2020-12-24,Sonoma,097,501317,18817,17710,101,17811,183
2020-12-24,Stanislaus,099,539301,34126,31848,2977,34825,498
2020-12-24,Sutter,101,95872,6333,5960,41,6001,47
2020-12-24,Tehama,103,63373,2959,2779,257,3036,9
2020-12-24,Trinity,105,12862,407,235,54,289,2
2020-12-24,Tulare,107,460477,33234,30827,3429,34256,390
2020-12-24,Tuolumne,109,53932,2756,2653,14,2667,12
2020-12-24,Ventura,111,848112,38145,34400,1504,35904,224
2020-12-24,Yolo,113,214977,8345,7566,54,7620,113
2020-12-24,Yuba,115,75493,3746,3483,34,3517,16
2020-12-23,Alameda,001,1643700,50431,46753,835,47588,537
2020-12-23,Alpine,003,1148,66,64,0,64,0
2020-12-23,Amador,005,37829,2312,2108,17,2125,23
2020-12-23,Butte,007,227075,7340,6588,800,7388,84
2020-12-23,Calaveras,009,45235,1088,1002,1,1003,21
2020-12-23,Colusa,011,21464,1261,1167,67,1234,7
2020-12-23,Contra Costa,013,1133247,39048,36190,475,36665,311
2020-12-23,Del Norte,015,27424,737,670,2,672,2
2020-12-23,El Dorado,017,186661,5911,4967,261,5228,14
2020-12-23,Fresno,019,978130,66161,60488,4130,64618,654
2020-12-23,Glenn,021,27897,1500,1349,222,1571,9
2020-12-23,Humboldt,023,135768,1641,1458,7,1465,16
2020-12-23,Imperial,025,180216,22522,21323,1087,22410,399
2020-12-23,Inyo,027,18085,642,517,7,524,17
2020-12-23,Kern,029,883053,63932,58656,4419,63075,549
2020-12-23,Kings,031,150075,16023,14923,474,15397,105
2020-12-23,Lake,033,64148,1833,1595,0,1595,20
2020-12-23,Lassen,035,31185,4312,3865,41,3906,1
2020-12-23,Los Angeles,037,10098052,731298,651958,18364,670322,9146
2020-12-23,Madera,039,155013,10309,9371,380,9751,63
2020-12-23,Marin,041,260295,9626,9199,65,9264,142
2020-12-23,Mariposa,043,17540,218,194,2,196,3
2020-12-23,Mendocino,045,87422,2330,2121,20,2141,23
2020-12-23,Merced,047,269075,18321,17250,294,17544,203
2020-12-23,Modoc,049,8938,239,197,67,264,0
2020-12-23,Mono,051,14174,866,814,12,826,3
2020-12-23,Monterey,053,433212,26712,24856,635,25491,176
2020-12-23,Napa,055,140530,5634,5172,25,5197,25
2020-12-23,Nevada,057,99092,2617,2406,85,2491,15
2020-12-23,Orange,059,3164182,153268,138050,5647,143697,1771
2020-12-23,Placer,061,380077,13808,12213,494,12707,111
2020-12-23,Plumas,063,18699,450,369,8,377,0
2020-12-23,Riverside,065,2383286,176171,158110,7446,165556,1790
2020-12-23,Sacramento,067,1510023,63224,59661,541,60202,779
2020-12-23,San Benito,069,59416,3426,3073,25,3098,24
2020-12-23,San Bernardino,071,2135413,192037,172888,5080,177968,1509
2020-12-23,San Diego,073,3302833,151287,134695,6710,141405,1350
2020-12-23,San Francisco,075,870044,22774,21498,193,21691,174
2020-12-23,San Joaquin,077,732212,44285,35664,1387,37051,602
2020-12-23,San Luis Obispo,079,281455,10605,9267,226,9493,74
2020-12-23,San Mateo,081,765935,24276,21780,95,21875,186
2020-12-23,Santa Barbara,083,443738,16766,15399,424,15823,152
2020-12-23,Santa Clara,085,1922200,67398,60455,265,60720,579
2020-12-23,Santa Cruz,087,273765,8840,7637,277,7914,75
2020-12-23,Shasta,089,179085,7917,7487,632,8119,66
2020-12-23,Sierra,091,2930,27,23,1,24,0
2020-12-23,Siskiyou,093,43540,978,891,85,976,2
2020-12-23,Solano,095,438530,18388,16626,179,16805,95
2020-12-23,Sonoma,097,501317,18612,17397,101,17498,182
2020-12-23,Stanislaus,099,539301,33774,31492,2925,34417,499
2020-12-23,Sutter,101,95872,6266,5871,41,5912,46
2020-12-23,Tehama,103,63373,2941,2737,250,2987,9
2020-12-23,Trinity,105,12862,407,234,53,287,2
2020-12-23,Tulare,107,460477,32921,30315,3389,33704,385
2020-12-23,Tuolumne,109,53932,2717,2540,14,2554,12
2020-12-23,Ventura,111,848112,37747,33377,1475,34852,216
2020-12-23,Yolo,113,214977,8266,7508,54,7562,112
2020-12-23,Yuba,115,75493,3686,3438,34,3472,14
2020-12-22,Alameda,001,1643700,49546,45751,805,46556,534
2020-12-22,Alpine,003,1148,66,64,0,64,0
2020-12-22,Amador,005,37829,2301,1839,17,1856,23
2020-12-22,Butte,007,227075,7211,6467,785,7252,85
2020-12-22,Calaveras,009,45235,1061,988,0,988,21
2020-12-22,Colusa,011,21464,1238,1150,64,1214,7
2020-12-22,Contra Costa,013,1133247,38423,35681,461,36142,301
2020-12-22,Del Norte,015,27424,727,666,2,668,2
2020-12-22,El Dorado,017,186661,5788,4885,249,5134,12
2020-12-22,Fresno,019,978130,65129,59640,4028,63668,640
2020-12-22,Glenn,021,27897,1477,1337,211,1548,9
2020-12-22,Humboldt,023,135768,1608,1440,7,1447,16
2020-12-22,Imperial,025,180216,22333,21128,1046,22174,398
2020-12-22,Inyo,027,18085,621,506,7,513,17
2020-12-22,Kern,029,883053,62979,57816,4284,62100,547
2020-12-22,Kings,031,150075,15881,14855,468,15323,102
2020-12-22,Lake,033,64148,1809,1569,0,1569,20
2020-12-22,Lassen,035,31185,4170,3848,39,3887,1
2020-12-22,Los Angeles,037,10098052,714026,635931,17707,653638,9013
2020-12-22,Madera,039,155013,10195,9187,365,9552,63
2020-12-22,Marin,041,260295,9560,9115,64,9179,142
2020-12-22,Mariposa,043,17540,215,194,2,196,3
2020-12-22,Mendocino,045,87422,2297,2092,19,2111,23
2020-12-22,Merced,047,269075,18075,17012,289,17301,201
2020-12-22,Modoc,049,8938,231,182,66,248,0
2020-12-22,Mono,051,14174,860,786,12,798,3
2020-12-22,Monterey,053,433212,26041,24152,614,24766,176
2020-12-22,Napa,055,140530,5545,5059,25,5084,23
2020-12-22,Nevada,057,99092,2589,2367,84,2451,14
2020-12-22,Orange,059,3164182,149932,134850,5479,140329,1774
2020-12-22,Placer,061,380077,13564,11943,474,12417,105
2020-12-22,Plumas,063,18699,444,360,8,368,0
2020-12-22,Riverside,065,2383286,172363,155059,7180,162239,1777
2020-12-22,Sacramento,067,1510023,62296,57966,522,58488,772
2020-12-22,San Benito,069,59416,3348,2998,25,3023,24
2020-12-22,San Bernardino,071,2135413,187427,169266,4936,174202,1500
2020-12-22,San Diego,073,3302833,147928,132097,6548,138645,1311
2020-12-22,San Francisco,075,870044,22502,21232,189,21421,174
2020-12-22,San Joaquin,077,732212,43522,39423,1339,40762,592
2020-12-22,San Luis Obispo,079,281455,10259,9174,221,9395,69
2020-12-22,San Mateo,081,765935,23950,21382,79,21461,186
2020-12-22,Santa Barbara,083,443738,16500,15189,414,15603,150
2020-12-22,Santa Clara,085,1922200,66220,59192,258,59450,569
2020-12-22,Santa Cruz,087,273765,8657,7471,251,7722,72
2020-12-22,Shasta,089,179085,7838,7371,615,7986,64
2020-12-22,Sierra,091,2930,27,23,0,23,0
2020-12-22,Siskiyou,093,43540,972,880,84,964,2
2020-12-22,Solano,095,438530,17986,16229,176,16405,95
2020-12-22,Sonoma,097,501317,18291,17216,101,17317,180
2020-12-22,Stanislaus,099,539301,33390,30914,2851,33765,499
2020-12-22,Sutter,101,95872,6207,5791,40,5831,46
2020-12-22,Tehama,103,63373,2892,2688,244,2932,9
2020-12-22,Trinity,105,12862,406,231,53,284,2
2020-12-22,Tulare,107,460477,32455,30025,3325,33350,377
2020-12-22,Tuolumne,109,53932,2666,2526,14,2540,12
2020-12-22,Ventura,111,848112,36981,32488,1432,33920,213
2020-12-22,Yolo,113,214977,8154,7388,53,7441,113
2020-12-22,Yuba,115,75493,3638,3379,34,3413,14
2020-12-21,Alameda,001,1643700,48644,44756,779,45535,518
2020-12-21,Alpine,003,1148,65,64,0,64,0
2020-12-21,Amador,005,37829,2224,1815,17,1832,23
2020-12-21,Butte,007,227075,7056,6335,762,7097,81
2020-12-21,Calaveras,009,45235,1031,963,0,963,21
2020-12-21,Colusa,011,21464,1211,1135,59,1194,7
2020-12-21,Contra Costa,013,1133247,37674,35207,425,35632,300
2020-12-21,Del Norte,015,27424,712,660,2,662,2
2020-12-21,El Dorado,017,186661,5643,4805,237,5042,10
2020-12-21,Fresno,019,978130,63980,58568,3887,62455,634
2020-12-21,Glenn,021,27897,1445,1323,203,1526,9
2020-12-21,Humboldt,023,135768,1585,1419,7,1426,16
2020-12-21,Imperial,025,180216,22067,20994,1005,21999,395
2020-12-21,Inyo,027,18085,600,482,7,489,17
2020-12-21,Kern,029,883053,62090,56836,4150,60986,541
2020-12-21,Kings,031,150075,15631,14760,453,15213,100
2020-12-21,Lake,033,64148,1761,1538,0,1538,20
2020-12-21,Lassen,035,31185,4010,3798,37,3835,1
2020-12-21,Los Angeles,037,10098052,694929,624129,17044,641173,8918
2020-12-21,Madera,039,155013,10005,9069,344,9413,63
2020-12-21,Marin,041,260295,9490,9035,64,9099,142
2020-12-21,Mariposa,043,17540,210,186,2,188,3
2020-12-21,Mendocino,045,87422,2266,2066,19,2085,23
2020-12-21,Merced,047,269075,17825,16710,274,16984,198
2020-12-21,Modoc,049,8938,217,181,65,246,0
2020-12-21,Mono,051,14174,848,781,12,793,3
2020-12-21,Monterey,053,433212,25509,23673,600,24273,174
2020-12-21,Napa,055,140530,5459,4952,25,4977,23
2020-12-21,Nevada,057,99092,2556,2337,84,2421,13
2020-12-21,Orange,059,3164182,146529,130444,5327,135771,1772
2020-12-21,Placer,061,380077,13332,11715,455,12170,105
2020-12-21,Plumas,063,18699,440,353,8,361,0
2020-12-21,Riverside,065,2383286,168142,151713,6861,158574,1743
2020-12-21,Sacramento,067,1510023,61277,57064,505,57569,759
2020-12-21,San Benito,069,59416,3279,2921,25,2946,22
2020-12-21,San Bernardino,071,2135413,182614,165086,4770,169856,1476
2020-12-21,San Diego,073,3302833,144477,129716,6384,136100,1284
2020-12-21,San Francisco,075,870044,22210,21086,187,21273,174
2020-12-21,San Joaquin,077,732212,42724,38811,1289,40100,586
2020-12-21,San Luis Obispo,079,281455,10070,9006,216,9222,64
2020-12-21,San Mateo,081,765935,23546,21035,76,21111,185
2020-12-21,Santa Barbara,083,443738,16226,14988,409,15397,149
2020-12-21,Santa Clara,085,1922200,65027,57699,246,57945,570
2020-12-21,Santa Cruz,087,273765,8450,7315,238,7553,69
2020-12-21,Shasta,089,179085,7773,7299,605,7904,64
2020-12-21,Sierra,091,2930,24,23,0,23,0
2020-12-21,Siskiyou,093,43540,965,878,83,961,2
2020-12-21,Solano,095,438530,17527,15878,171,16049,95
2020-12-21,Sonoma,097,501317,18018,17075,98,17173,176
2020-12-21,Stanislaus,099,539301,32933,30437,2775,33212,499
2020-12-21,Sutter,101,95872,6112,5708,40,5748,46
2020-12-21,Tehama,103,63373,2827,2656,235,2891,9
2020-12-21,Trinity,105,12862,404,226,51,277,2
2020-12-21,Tulare,107,460477,31969,29482,3234,32716,373
2020-12-21,Tuolumne,109,53932,2641,2423,12,2435,12
2020-12-21,Ventura,111,848112,35901,31759,1395,33154,212
2020-12-21,Yolo,113,214977,8017,7266,49,7315,109
2020-12-21,Yuba,115,75493,3580,3329,34,3363,14
2020-12-20,Alameda,001,1643700,47761,44004,758,44762,516
2020-12-20,Alpine,003,1148,65,64,0,64,0
2020-12-20,Amador,005,37829,2166,1771,17,1788,23
2020-12-20,Butte,007,227075,6909,6228,726,6954,81
2020-12-20,Calaveras,009,45235,1007,926,0,926,21
2020-12-20,Colusa,011,21464,1183,1121,53,1174,7
2020-12-20,Contra Costa,013,1133247,37073,34798,407,35205,301
2020-12-20,Del Norte,015,27424,690,652,2,654,2
2020-12-20,El Dorado,017,186661,5518,4697,228,4925,10
2020-12-20,Fresno,019,978130,62993,57616,3752,61368,634
2020-12-20,Glenn,021,27897,1436,1295,196,1491,9
2020-12-20,Humboldt,023,135768,1548,1386,6,1392,15
2020-12-20,Imperial,025,180216,21827,20882,903,21785,395
2020-12-20,Inyo,027,18085,584,476,7,483,17
2020-12-20,Kern,029,883053,60992,55983,3996,59979,540
2020-12-20,Kings,031,150075,15411,14629,437,15066,100
2020-12-20,Lake,033,64148,1718,1463,0,1463,20
2020-12-20,Lassen,035,31185,3956,3669,35,3704,1
2020-12-20,Los Angeles,037,10098052,676823,612975,16328,629303,8862
2020-12-20,Madera,039,155013,9795,8871,337,9208,63
2020-12-20,Marin,041,260295,9389,8948,61,9009,142
2020-12-20,Mariposa,043,17540,209,179,2,181,3
2020-12-20,Mendocino,045,87422,2241,2033,19,2052,23
2020-12-20,Merced,047,269075,17508,16435,267,16702,198
2020-12-20,Modoc,049,8938,217,181,63,244,0
2020-12-20,Mono,051,14174,830,774,12,786,3
2020-12-20,Monterey,053,433212,25026,23250,562,23812,173
2020-12-20,Napa,055,140530,5338,4865,24,4889,23
2020-12-20,Nevada,057,99092,2510,2289,78,2367,13
2020-12-20,Orange,059,3164182,143039,128780,5179,133959,1763
2020-12-20,Placer,061,380077,13107,11496,437,11933,105
2020-12-20,Plumas,063,18699,432,347,8,355,0
2020-12-20,Riverside,065,2383286,163937,148714,6574,155288,1742
2020-12-20,Sacramento,067,1510023,60278,56017,485,56502,755
2020-12-20,San Benito,069,59416,3208,2885,24,2909,21
2020-12-20,San Bernardino,071,2135413,177606,162810,4613,167423,1458
2020-12-20,San Diego,073,3302833,140759,126465,6214,132679,1280
2020-12-20,San Francisco,075,870044,21892,20937,184,21121,174
2020-12-20,San Joaquin,077,732212,41876,38268,1229,39497,587
2020-12-20,San Luis Obispo,079,281455,9779,8881,210,9091,63
2020-12-20,San Mateo,081,765935,23112,20764,72,20836,185
2020-12-20,Santa Barbara,083,443738,15904,14817,391,15208,148
2020-12-20,Santa Clara,085,1922200,63630,56860,240,57100,566
2020-12-20,Santa Cruz,087,273765,8240,7178,225,7403,69
2020-12-20,Shasta,089,179085,7659,7256,591,7847,64
2020-12-20,Sierra,091,2930,24,22,0,22,0
2020-12-20,Siskiyou,093,43540,956,870,82,952,2
2020-12-20,Solano,095,438530,17144,15533,160,15693,95
2020-12-20,Sonoma,097,501317,17742,16802,97,16899,175
2020-12-20,Stanislaus,099,539301,32402,29995,2676,32671,498
2020-12-20,Sutter,101,95872,6025,5601,40,5641,43
2020-12-20,Tehama,103,63373,2779,2602,216,2818,9
2020-12-20,Trinity,105,12862,396,221,50,271,2
2020-12-20,Tulare,107,460477,31452,29078,3142,32220,373
2020-12-20,Tuolumne,109,53932,2533,2152,11,2163,12
2020-12-20,Ventura,111,848112,35200,31335,1363,32698,210
2020-12-20,Yolo,113,214977,7865,7121,46,7167,109
2020-12-20,Yuba,115,75493,3530,3254,32,3286,12
2020-12-19,Alameda,001,1643700,47313,43109,751,43860,516
2020-12-19,Alpine,003,1148,65,64,0,64,0
2020-12-19,Amador,005,37829,2142,1754,17,1771,23
2020-12-19,Butte,007,227075,6809,6118,704,6822,81
2020-12-19,Calaveras,009,45235,990,900,0,900,21
2020-12-19,Colusa,011,21464,1175,1096,50,1146,7
2020-12-19,Contra Costa,013,1133247,36745,34321,393,34714,301
2020-12-19,Del Norte,015,27424,688,641,1,642,2
2020-12-19,El Dorado,017,186661,5451,4588,220,4808,10
2020-12-19,Fresno,019,978130,62667,55428,3686,59114,634
2020-12-19,Glenn,021,27897,1401,1286,195,1481,9
2020-12-19,Humboldt,023,135768,1531,1357,6,1363,15
2020-12-19,Imperial,025,180216,21734,20711,857,21568,395
2020-12-19,Inyo,027,18085,577,475,7,482,17
2020-12-19,Kern,029,883053,60508,55118,3890,59008,540
2020-12-19,Kings,031,150075,15332,14474,435,14909,100
2020-12-19,Lake,033,64148,1678,1438,0,1438,20
2020-12-19,Lassen,035,31185,3928,3595,35,3630,1
2020-12-19,Los Angeles,037,10098052,669698,599888,15808,615696,8804
2020-12-19,Madera,039,155013,9694,8717,325,9042,63
2020-12-19,Marin,041,260295,9349,8864,61,8925,142
2020-12-19,Mariposa,043,17540,207,177,2,179,3
2020-12-19,Mendocino,045,87422,2216,2008,19,2027,23
2020-12-19,Merced,047,269075,17369,16230,259,16489,198
2020-12-19,Modoc,049,8938,214,181,63,244,0
2020-12-19,Mono,051,14174,823,766,12,778,3
2020-12-19,Monterey,053,433212,24912,22799,557,23356,172
2020-12-19,Napa,055,140530,5276,4772,24,4796,23
2020-12-19,Nevada,057,99092,2488,2260,78,2338,13
2020-12-19,Orange,059,3164182,141112,125574,5031,130605,1733
2020-12-19,Placer,061,380077,12952,11246,431,11677,105
2020-12-19,Plumas,063,18699,429,343,8,351,0
2020-12-19,Riverside,065,2383286,161949,146703,6343,153046,1737
2020-12-19,Sacramento,067,1510023,59743,55169,471,55640,746
2020-12-19,San Benito,069,59416,3160,2820,23,2843,21
2020-12-19,San Bernardino,071,2135413,176022,159883,4505,164388,1433
2020-12-19,San Diego,073,3302833,138992,122972,6075,129047,1280
2020-12-19,San Francisco,075,870044,21737,20643,184,20827,174
2020-12-19,San Joaquin,077,732212,41472,37340,1181,38521,586
2020-12-19,San Luis Obispo,079,281455,9708,8788,207,8995,63
2020-12-19,San Mateo,081,765935,22903,20393,65,20458,182
2020-12-19,Santa Barbara,083,443738,15748,14667,385,15052,148
2020-12-19,Santa Clara,085,1922200,62780,55540,236,55776,558
2020-12-19,Santa Cruz,087,273765,8134,7054,221,7275,68
2020-12-19,Shasta,089,179085,7607,7221,579,7800,63
2020-12-19,Sierra,091,2930,24,23,0,23,0
2020-12-19,Siskiyou,093,43540,952,853,81,934,2
2020-12-19,Solano,095,438530,16966,15204,157,15361,95
2020-12-19,Sonoma,097,501317,17633,16553,97,16650,175
2020-12-19,Stanislaus,099,539301,32075,29555,2604,32159,498
2020-12-19,Sutter,101,95872,5969,5506,40,5546,41
2020-12-19,Tehama,103,63373,2730,2574,214,2788,9
2020-12-19,Trinity,105,12862,395,219,50,269,2
2020-12-19,Tulare,107,460477,31214,28734,3076,31810,375
2020-12-19,Tuolumne,109,53932,2519,2107,11,2118,12
2020-12-19,Ventura,111,848112,34919,30843,1333,32176,209
2020-12-19,Yolo,113,214977,7790,7025,45,7070,109
2020-12-19,Yuba,115,75493,3500,3168,32,3200,11
2020-12-18,Alameda,001,1643700,46778,42196,735,42931,515
2020-12-18,Alpine,003,1148,65,64,0,64,0
2020-12-18,Amador,005,37829,2125,1727,15,1742,20
2020-12-18,Butte,007,227075,6724,5891,679,6570,81
2020-12-18,Calaveras,009,45235,980,870,0,870,21
2020-12-18,Colusa,011,21464,1166,1068,50,1118,7
2020-12-18,Contra Costa,013,1133247,36453,33610,382,33992,300
2020-12-18,Del Norte,015,27424,683,627,0,627,2
2020-12-18,El Dorado,017,186661,5389,4494,211,4705,10
2020-12-18,Fresno,019,978130,61840,52643,3625,56268,613
2020-12-18,Glenn,021,27897,1384,1264,190,1454,9
2020-12-18,Humboldt,023,135768,1516,1331,6,1337,15
2020-12-18,Imperial,025,180216,21651,20430,811,21241,393
2020-12-18,Inyo,027,18085,558,454,7,461,17
2020-12-18,Kern,029,883053,59848,54220,3805,58025,533
2020-12-18,Kings,031,150075,15206,14284,429,14713,98
2020-12-18,Lake,033,64148,1662,1397,0,1397,20
2020-12-18,Lassen,035,31185,3920,3486,35,3521,1
2020-12-18,Los Angeles,037,10098052,657551,586413,15328,601741,8744
2020-12-18,Madera,039,155013,9591,8609,319,8928,63
2020-12-18,Marin,041,260295,9265,8799,61,8860,142
2020-12-18,Mariposa,043,17540,204,176,2,178,3
2020-12-18,Mendocino,045,87422,2198,1977,19,1996,24
2020-12-18,Merced,047,269075,17288,15956,257,16213,195
2020-12-18,Modoc,049,8938,214,179,63,242,0
2020-12-18,Mono,051,14174,815,731,12,743,3
2020-12-18,Monterey,053,433212,24619,22336,552,22888,165
2020-12-18,Napa,055,140530,5227,4688,24,4712,23
2020-12-18,Nevada,057,99092,2471,2220,77,2297,13
2020-12-18,Orange,059,3164182,138681,121681,4882,126563,1725
2020-12-18,Placer,061,380077,12781,10995,423,11418,104
2020-12-18,Plumas,063,18699,423,336,8,344,0
2020-12-18,Riverside,065,2383286,159107,142375,6081,148456,1733
2020-12-18,Sacramento,067,1510023,59117,53980,455,54435,736
2020-12-18,San Benito,069,59416,3111,2744,23,2767,21
2020-12-18,San Bernardino,071,2135413,173723,154272,4370,158642,1430
2020-12-18,San Diego,073,3302833,136814,120463,5936,126399,1253
2020-12-18,San Francisco,075,870044,21570,20315,178,20493,173
2020-12-18,San Joaquin,077,732212,41115,36484,1152,37636,559
2020-12-18,San Luis Obispo,079,281455,9610,8598,202,8800,62
2020-12-18,San Mateo,081,765935,22590,19971,61,20032,182
2020-12-18,Santa Barbara,083,443738,15607,14361,372,14733,148
2020-12-18,Santa Clara,085,1922200,61883,53992,227,54219,539
2020-12-18,Santa Cruz,087,273765,8015,6838,213,7051,68
2020-12-18,Shasta,089,179085,7569,7114,568,7682,62
2020-12-18,Sierra,091,2930,24,23,0,23,0
2020-12-18,Siskiyou,093,43540,950,840,81,921,2
2020-12-18,Solano,095,438530,16809,14667,153,14820,95
2020-12-18,Sonoma,097,501317,17513,16261,97,16358,173
2020-12-18,Stanislaus,099,539301,31799,28967,2567,31534,490
2020-12-18,Sutter,101,95872,5885,5399,40,5439,39
2020-12-18,Tehama,103,63373,2715,2523,204,2727,9
2020-12-18,Trinity,105,12862,394,215,50,265,2
2020-12-18,Tulare,107,460477,30923,28322,2998,31320,370
2020-12-18,Tuolumne,109,53932,2508,2067,11,2078,12
2020-12-18,Ventura,111,848112,34415,29907,1290,31197,209
2020-12-18,Yolo,113,214977,7721,6901,44,6945,109
2020-12-18,Yuba,115,75493,3440,3097,32,3129,11
2020-12-17,Alameda,001,1643700,45973,41548,710,42258,508
2020-12-17,Alpine,003,1148,65,64,0,64,0
2020-12-17,Amador,005,37829,2077,1703,13,1716,19
2020-12-17,Butte,007,227075,6599,5746,660,6406,78
2020-12-17,Calaveras,009,45235,957,848,0,848,21
2020-12-17,Colusa,011,21464,1155,1053,48,1101,7
2020-12-17,Contra Costa,013,1133247,35920,33006,352,33358,293
2020-12-17,Del Norte,015,27424,678,583,0,583,1
2020-12-17,El Dorado,017,186661,5243,4327,198,4525,9
2020-12-17,Fresno,019,978130,60978,49918,3498,53416,597
2020-12-17,Glenn,021,27897,1360,1244,183,1427,9
2020-12-17,Humboldt,023,135768,1483,1322,6,1328,14
2020-12-17,Imperial,025,180216,21490,20208,746,20954,391
2020-12-17,Inyo,027,18085,540,450,6,456,16
2020-12-17,Kern,029,883053,58891,53683,3670,57353,526
2020-12-17,Kings,031,150075,15103,14057,414,14471,98
2020-12-17,Lake,033,64148,1633,1374,0,1374,20
2020-12-17,Lassen,035,31185,3884,3417,35,3452,1
2020-12-17,Los Angeles,037,10098052,641872,571093,14791,585884,8657
2020-12-17,Madera,039,155013,9470,8465,315,8780,62
2020-12-17,Marin,041,260295,9203,8721,59,8780,142
2020-12-17,Mariposa,043,17540,200,172,2,174,3
2020-12-17,Mendocino,045,87422,2164,1942,19,1961,23
2020-12-17,Merced,047,269075,17026,15648,249,15897,192
2020-12-17,Modoc,049,8938,211,179,63,242,0
2020-12-17,Mono,051,14174,801,718,12,730,3
2020-12-17,Monterey,053,433212,24100,21951,537,22488,163
2020-12-17,Napa,055,140530,5115,4612,24,4636,23
2020-12-17,Nevada,057,99092,2430,2173,74,2247,13
2020-12-17,Orange,059,3164182,135314,118367,4750,123117,1725
2020-12-17,Placer,061,380077,12507,10756,409,11165,99
2020-12-17,Plumas,063,18699,414,324,8,332,0
2020-12-17,Riverside,065,2383286,155232,139325,5867,145192,1696
2020-12-17,Sacramento,067,1510023,58210,53189,433,53622,721
2020-12-17,San Benito,069,59416,3042,2645,22,2667,20
2020-12-17,San Bernardino,071,2135413,169778,149838,4254,154092,1425
2020-12-17,San Diego,073,3302833,134013,116852,5780,122632,1239
2020-12-17,San Francisco,075,870044,21280,19939,173,20112,170
2020-12-17,San Joaquin,077,732212,40387,35894,1118,37012,554
2020-12-17,San Luis Obispo,079,281455,9491,8365,201,8566,59
2020-12-17,San Mateo,081,765935,22220,19647,61,19708,181
2020-12-17,Santa Barbara,083,443738,15374,14207,365,14572,147
2020-12-17,Santa Clara,085,1922200,60693,52559,221,52780,527
2020-12-17,Santa Cruz,087,273765,7859,6687,200,6887,64
2020-12-17,Shasta,089,179085,7493,7000,549,7549,62
2020-12-17,Sierra,091,2930,23,23,0,23,0
2020-12-17,Siskiyou,093,43540,942,827,80,907,2
2020-12-17,Solano,095,438530,16495,14361,150,14511,96
2020-12-17,Sonoma,097,501317,17241,15993,96,16089,171
2020-12-17,Stanislaus,099,539301,31380,28582,2507,31089,489
2020-12-17,Sutter,101,95872,5787,5309,38,5347,39
2020-12-17,Tehama,103,63373,2666,2480,198,2678,9
2020-12-17,Trinity,105,12862,389,213,50,263,2
2020-12-17,Tulare,107,460477,30522,27852,2919,30771,358
2020-12-17,Tuolumne,109,53932,2215,1992,11,2003,11
2020-12-17,Ventura,111,848112,33805,29404,1254,30658,208
2020-12-17,Yolo,113,214977,7600,6800,43,6843,105
2020-12-17,Yuba,115,75493,3380,3035,31,3066,12
2020-12-16,Alameda,001,1643700,45117,40751,686,41437,497
2020-12-16,Alpine,003,1148,65,64,0,64,0
2020-12-16,Amador,005,37829,2030,1693,12,1705,19
2020-12-16,Butte,007,227075,6410,5659,632,6291,76
2020-12-16,Calaveras,009,45235,922,821,0,821,21
2020-12-16,Colusa,011,21464,1142,1038,45,1083,7
2020-12-16,Contra Costa,013,1133247,35362,32429,333,32762,293
2020-12-16,Del Norte,015,27424,676,575,0,575,1
2020-12-16,El Dorado,017,186661,5122,4237,189,4426,9
2020-12-16,Fresno,019,978130,60022,49173,3402,52575,584
2020-12-16,Glenn,021,27897,1342,1236,172,1408,9
2020-12-16,Humboldt,023,135768,1451,1308,5,1313,12
2020-12-16,Imperial,025,180216,21308,19980,682,20662,388
2020-12-16,Inyo,027,18085,527,444,6,450,16
2020-12-16,Kern,029,883053,58014,52896,3541,56437,522
2020-12-16,Kings,031,150075,14923,13734,398,14132,99
2020-12-16,Lake,033,64148,1594,1363,0,1363,20
2020-12-16,Lassen,035,31185,3851,3396,34,3430,1
2020-12-16,Los Angeles,037,10098052,625332,557907,14126,572033,8561
2020-12-16,Madera,039,155013,9344,8278,307,8585,62
2020-12-16,Marin,041,260295,9132,8641,59,8700,142
2020-12-16,Mariposa,043,17540,197,175,2,177,3
2020-12-16,Mendocino,045,87422,2129,1929,19,1948,23
2020-12-16,Merced,047,269075,16741,15443,246,15689,190
2020-12-16,Modoc,049,8938,208,178,63,241,0
2020-12-16,Mono,051,14174,782,702,12,714,3
2020-12-16,Monterey,053,433212,23540,21107,526,21633,163
2020-12-16,Napa,055,140530,5017,4544,24,4568,23
2020-12-16,Nevada,057,99092,2394,2149,72,2221,13
2020-12-16,Orange,059,3164182,131833,115260,4585,119845,1712
2020-12-16,Placer,061,380077,12270,10554,388,10942,96
2020-12-16,Plumas,063,18699,405,319,8,327,0
2020-12-16,Riverside,065,2383286,151116,135751,5622,141373,1664
2020-12-16,Sacramento,067,1510023,57238,52166,408,52574,715
2020-12-16,San Benito,069,59416,2952,2582,22,2604,20
2020-12-16,San Bernardino,071,2135413,165171,143565,4120,147685,1403
2020-12-16,San Diego,073,3302833,130909,114248,5626,119874,1217
2020-12-16,San Francisco,075,870044,21021,19624,173,19797,170
2020-12-16,San Joaquin,077,732212,39564,35010,1078,36088,547
2020-12-16,San Luis Obispo,079,281455,9296,8252,192,8444,58
2020-12-16,San Mateo,081,765935,21895,19292,57,19349,179
2020-12-16,Santa Barbara,083,443738,15122,13966,353,14319,144
2020-12-16,Santa Clara,085,1922200,59441,51502,218,51720,523
2020-12-16,Santa Cruz,087,273765,7671,6536,189,6725,63
2020-12-16,Shasta,089,179085,7420,6914,526,7440,62
2020-12-16,Sierra,091,2930,23,23,0,23,0
2020-12-16,Siskiyou,093,43540,934,818,80,898,2
2020-12-16,Solano,095,438530,16024,14157,146,14303,96
2020-12-16,Sonoma,097,501317,16986,15768,96,15864,170
2020-12-16,Stanislaus,099,539301,30887,28279,2436,30715,489
2020-12-16,Sutter,101,95872,5708,5223,38,5261,39
2020-12-16,Tehama,103,63373,2631,2441,174,2615,9
2020-12-16,Trinity,105,12862,383,212,50,262,2
2020-12-16,Tulare,107,460477,30095,27500,2829,30329,352
2020-12-16,Tuolumne,109,53932,2172,1941,11,1952,11
2020-12-16,Ventura,111,848112,33032,28566,1212,29778,203
2020-12-16,Yolo,113,214977,7473,6649,42,6691,103
2020-12-16,Yuba,115,75493,3294,2980,30,3010,11
2020-12-15,Alameda,001,1643700,44260,40026,665,40691,492
2020-12-15,Alpine,003,1148,65,64,0,64,0
2020-12-15,Amador,005,37829,1917,1669,10,1679,19
2020-12-15,Butte,007,227075,6271,5565,604,6169,75
2020-12-15,Calaveras,009,45235,890,799,0,799,21
2020-12-15,Colusa,011,21464,1129,1026,44,1070,7
2020-12-15,Contra Costa,013,1133247,34708,31423,319,31742,281
2020-12-15,Del Norte,015,27424,669,564,0,564,1
2020-12-15,El Dorado,017,186661,5014,4113,175,4288,9
2020-12-15,Fresno,019,978130,58648,47316,3268,50584,574
2020-12-15,Glenn,021,27897,1329,1207,156,1363,9
2020-12-15,Humboldt,023,135768,1431,1276,5,1281,12
2020-12-15,Imperial,025,180216,21083,19756,604,20360,380
2020-12-15,Inyo,027,18085,515,394,6,400,16
2020-12-15,Kern,029,883053,57003,52002,3435,55437,511
2020-12-15,Kings,031,150075,14759,13652,379,14031,97
2020-12-15,Lake,033,64148,1568,1341,0,1341,21
2020-12-15,Lassen,035,31185,3679,3378,33,3411,1
2020-12-15,Los Angeles,037,10098052,608929,536258,13497,549755,8429
2020-12-15,Madera,039,155013,9187,8118,300,8418,60
2020-12-15,Marin,041,260295,9027,8528,58,8586,141
2020-12-15,Mariposa,043,17540,193,171,2,173,3
2020-12-15,Mendocino,045,87422,2102,1883,19,1902,24
2020-12-15,Merced,047,269075,16445,15120,242,15362,190
2020-12-15,Modoc,049,8938,206,179,63,242,0
2020-12-15,Mono,051,14174,766,702,12,714,3
2020-12-15,Monterey,053,433212,22943,19905,465,20370,161
2020-12-15,Napa,055,140530,4914,4440,24,4464,23
2020-12-15,Nevada,057,99092,2361,2117,70,2187,11
2020-12-15,Orange,059,3164182,128203,112893,4436,117329,1689
2020-12-15,Placer,061,380077,12036,10301,366,10667,95
2020-12-15,Plumas,063,18699,400,313,8,321,0
2020-12-15,Riverside,065,2383286,147064,131822,5347,137169,1624
2020-12-15,Sacramento,067,1510023,56220,51076,395,51471,703
2020-12-15,San Benito,069,59416,2873,2520,21,2541,19
2020-12-15,San Bernardino,071,2135413,160707,137548,3971,141519,1351
2020-12-15,San Diego,073,3302833,127342,111441,5463,116904,1194
2020-12-15,San Francisco,075,870044,20714,19283,170,19453,171
2020-12-15,San Joaquin,077,732212,38642,33849,1044,34893,537
2020-12-15,San Luis Obispo,079,281455,9187,8074,189,8263,55
2020-12-15,San Mateo,081,765935,21486,18907,55,18962,178
2020-12-15,Santa Barbara,083,443738,14895,13782,345,14127,144
2020-12-15,Santa Clara,085,1922200,58013,50311,215,50526,505
2020-12-15,Santa Cruz,087,273765,7484,6361,176,6537,59
2020-12-15,Shasta,089,179085,7361,6794,501,7295,54
2020-12-15,Sierra,091,2930,23,23,0,23,0
2020-12-15,Siskiyou,093,43540,926,812,79,891,2
2020-12-15,Solano,095,438530,15670,13796,146,13942,95
2020-12-15,Sonoma,097,501317,16765,15406,96,15502,167
2020-12-15,Stanislaus,099,539301,30390,27823,2357,30180,485
2020-12-15,Sutter,101,95872,5609,5080,37,5117,36
2020-12-15,Tehama,103,63373,2593,2392,168,2560,9
2020-12-15,Trinity,105,12862,375,213,48,261,1
2020-12-15,Tulare,107,460477,29596,27026,2741,29767,342
2020-12-15,Tuolumne,109,53932,2142,1874,11,1885,8
2020-12-15,Ventura,111,848112,32410,27936,1165,29101,201
2020-12-15,Yolo,113,214977,7348,6531,40,6571,104
2020-12-15,Yuba,115,75493,3199,2891,29,2920,11
2020-12-14,Alameda,001,1643700,43361,39252,646,39898,487
2020-12-14,Alpine,003,1148,65,63,0,63,0
2020-12-14,Amador,005,37829,1845,1609,10,1619,19
2020-12-14,Butte,007,227075,6103,5202,587,5789,75
2020-12-14,Calaveras,009,45235,852,718,0,718,21
2020-12-14,Colusa,011,21464,1105,949,43,992,7
2020-12-14,Contra Costa,013,1133247,34017,30594,305,30899,281
2020-12-14,Del Norte,015,27424,663,560,0,560,1
2020-12-14,El Dorado,017,186661,4858,4018,159,4177,9
2020-12-14,Fresno,019,978130,57621,44726,3094,47820,560
2020-12-14,Glenn,021,27897,1303,1186,148,1334,9
2020-12-14,Humboldt,023,135768,1418,1256,5,1261,9
2020-12-14,Imperial,025,180216,20844,19608,530,20138,379
2020-12-14,Inyo,027,18085,502,382,6,388,16
2020-12-14,Kern,029,883053,55966,50538,3314,53852,510
2020-12-14,Kings,031,150075,14574,13491,352,13843,97
2020-12-14,Lake,033,64148,1517,1301,0,1301,21
2020-12-14,Lassen,035,31185,3581,2905,30,2935,1
2020-12-14,Los Angeles,037,10098052,591283,524668,12874,537542,8340
2020-12-14,Madera,039,155013,8923,8011,291,8302,60
2020-12-14,Marin,041,260295,8942,8475,57,8532,141
2020-12-14,Mariposa,043,17540,192,171,2,173,3
2020-12-14,Mendocino,045,87422,2081,1845,19,1864,24
2020-12-14,Merced,047,269075,16040,14572,228,14800,189
2020-12-14,Modoc,049,8938,200,180,61,241,0
2020-12-14,Mono,051,14174,758,685,12,697,3
2020-12-14,Monterey,053,433212,22420,19154,459,19613,155
2020-12-14,Napa,055,140530,4821,4289,24,4313,22
2020-12-14,Nevada,057,99092,2324,2070,67,2137,11
2020-12-14,Orange,059,3164182,124322,108602,4300,112902,1688
2020-12-14,Placer,061,380077,11755,9551,355,9906,95
2020-12-14,Plumas,063,18699,388,309,8,317,0
2020-12-14,Riverside,065,2383286,142942,123715,5085,128800,1588
2020-12-14,Sacramento,067,1510023,55113,50304,370,50674,691
2020-12-14,San Benito,069,59416,2807,2467,20,2487,19
2020-12-14,San Bernardino,071,2135413,156258,129151,3845,132996,1347
2020-12-14,San Diego,073,3302833,123606,109578,5278,114856,1162
2020-12-14,San Francisco,075,870044,20344,18904,168,19072,171
2020-12-14,San Joaquin,077,732212,37807,32522,998,33520,534
2020-12-14,San Luis Obispo,079,281455,8942,7791,185,7976,52
2020-12-14,San Mateo,081,765935,20989,18361,52,18413,178
2020-12-14,Santa Barbara,083,443738,14623,13587,337,13924,144
2020-12-14,Santa Clara,085,1922200,56500,49180,204,49384,502
2020-12-14,Santa Cruz,087,273765,7302,6049,161,6210,54
2020-12-14,Shasta,089,179085,7272,6665,483,7148,54
2020-12-14,Sierra,091,2930,23,21,0,21,0
2020-12-14,Siskiyou,093,43540,903,764,73,837,2
2020-12-14,Solano,095,438530,15315,13352,145,13497,93
2020-12-14,Sonoma,097,501317,16458,14807,95,14902,167
2020-12-14,Stanislaus,099,539301,29862,27311,2311,29622,485
2020-12-14,Sutter,101,95872,5506,5001,30,5031,35
2020-12-14,Tehama,103,63373,2551,2344,165,2509,9
2020-12-14,Trinity,105,12862,371,205,46,251,1
2020-12-14,Tulare,107,460477,29117,25735,2652,28387,341
2020-12-14,Tuolumne,109,53932,2089,1647,11,1658,8
2020-12-14,Ventura,111,848112,31487,27436,1107,28543,202
2020-12-14,Yolo,113,214977,7190,6389,39,6428,95
2020-12-14,Yuba,115,75493,3136,2851,29,2880,11
2020-12-13,Alameda,001,1643700,42160,38064,622,38686,486
2020-12-13,Alpine,003,1148,65,63,0,63,0
2020-12-13,Amador,005,37829,1789,1457,9,1466,19
2020-12-13,Butte,007,227075,5954,5103,549,5652,75
2020-12-13,Calaveras,009,45235,818,710,0,710,21
2020-12-13,Colusa,011,21464,1089,945,40,985,7
2020-12-13,Contra Costa,013,1133247,33290,29667,299,29966,281
2020-12-13,Del Norte,015,27424,611,542,0,542,1
2020-12-13,El Dorado,017,186661,4757,3770,150,3920,9
2020-12-13,Fresno,019,978130,56515,44114,2940,47054,559
2020-12-13,Glenn,021,27897,1290,1171,137,1308,9
2020-12-13,Humboldt,023,135768,1395,1238,4,1242,9
2020-12-13,Imperial,025,180216,20562,19472,410,19882,379
2020-12-13,Inyo,027,18085,481,380,6,386,16
2020-12-13,Kern,029,883053,54937,49051,3159,52210,510
2020-12-13,Kings,031,150075,14294,13357,334,13691,97
2020-12-13,Lake,033,64148,1476,1271,0,1271,21
2020-12-13,Lassen,035,31185,3474,2867,25,2892,1
2020-12-13,Los Angeles,037,10098052,573645,517472,12191,529663,8294
2020-12-13,Madera,039,155013,8738,7909,278,8187,60
2020-12-13,Marin,041,260295,8821,8409,57,8466,141
2020-12-13,Mariposa,043,17540,188,167,2,169,3
2020-12-13,Mendocino,045,87422,2047,1793,19,1812,24
2020-12-13,Merced,047,269075,15687,14384,225,14609,189
2020-12-13,Modoc,049,8938,190,179,56,235,0
2020-12-13,Mono,051,14174,742,675,12,687,3
2020-12-13,Monterey,053,433212,21999,18913,445,19358,153
2020-12-13,Napa,055,140530,4714,4194,24,4218,22
2020-12-13,Nevada,057,99092,2277,2030,65,2095,11
2020-12-13,Orange,059,3164182,120381,104768,4127,108895,1688
2020-12-13,Placer,061,380077,11441,9405,337,9742,95
2020-12-13,Plumas,063,18699,382,291,8,299,0
2020-12-13,Riverside,065,2383286,138817,119691,4825,124516,1581
2020-12-13,Sacramento,067,1510023,53845,49480,341,49821,682
2020-12-13,San Benito,069,59416,2738,2408,19,2427,19
2020-12-13,San Bernardino,071,2135413,151361,126718,3690,130408,1333
2020-12-13,San Diego,073,3302833,120006,107372,5109,112481,1162
2020-12-13,San Francisco,075,870044,20007,18686,159,18845,167
2020-12-13,San Joaquin,077,732212,37005,32170,958,33128,534
2020-12-13,San Luis Obispo,079,281455,8751,7625,177,7802,52
2020-12-13,San Mateo,081,765935,20498,18090,46,18136,177
2020-12-13,Santa Barbara,083,443738,14354,13249,323,13572,144
2020-12-13,Santa Clara,085,1922200,55094,47920,196,48116,499
2020-12-13,Santa Cruz,087,273765,7055,5986,151,6137,54
2020-12-13,Shasta,089,179085,7197,6647,457,7104,54
2020-12-13,Sierra,091,2930,23,21,0,21,0
2020-12-13,Siskiyou,093,43540,890,762,68,830,2
2020-12-13,Solano,095,438530,14880,13276,142,13418,93
2020-12-13,Sonoma,097,501317,16145,14495,94,14589,167
2020-12-13,Stanislaus,099,539301,29306,26569,2260,28829,485
2020-12-13,Sutter,101,95872,5379,4798,26,4824,34
2020-12-13,Tehama,103,63373,2507,2325,150,2475,9
2020-12-13,Trinity,105,12862,365,204,46,250,1
2020-12-13,Tulare,107,460477,28635,25496,2575,28071,340
2020-12-13,Tuolumne,109,53932,2026,1611,11,1622,8
2020-12-13,Ventura,111,848112,30488,26588,1047,27635,202
2020-12-13,Yolo,113,214977,7004,6265,33,6298,95
2020-12-13,Yuba,115,75493,3073,2754,26,2780,11
2020-12-12,Alameda,001,1643700,41717,37027,603,37630,486
2020-12-12,Alpine,003,1148,65,63,0,63,0
2020-12-12,Amador,005,37829,1761,1236,8,1244,19
2020-12-12,Butte,007,227075,5881,4972,535,5507,73
2020-12-12,Calaveras,009,45235,808,708,0,708,21
2020-12-12,Colusa,011,21464,1069,945,39,984,7
2020-12-12,Contra Costa,013,1133247,32943,29506,290,29796,281
2020-12-12,Del Norte,015,27424,603,529,0,529,1
2020-12-12,El Dorado,017,186661,4682,3706,134,3840,9
2020-12-12,Fresno,019,978130,56163,43756,2881,46637,559
2020-12-12,Glenn,021,27897,1282,1143,133,1276,8
2020-12-12,Humboldt,023,135768,1376,1208,4,1212,9
2020-12-12,Imperial,025,180216,20473,18947,355,19302,379
2020-12-12,Inyo,027,18085,475,380,6,386,16
2020-12-12,Kern,029,883053,54418,48194,3072,51266,507
2020-12-12,Kings,031,150075,14205,13205,330,13535,96
2020-12-12,Lake,033,64148,1460,1232,0,1232,21
2020-12-12,Lassen,035,31185,3451,2866,22,2888,1
2020-12-12,Los Angeles,037,10098052,566829,504317,11703,516020,8269
2020-12-12,Madera,039,155013,8611,7765,275,8040,59
2020-12-12,Marin,041,260295,8765,8363,56,8419,141
2020-12-12,Mariposa,043,17540,187,164,2,166,3
2020-12-12,Mendocino,045,87422,2011,1771,19,1790,24
2020-12-12,Merced,047,269075,15595,14181,221,14402,188
2020-12-12,Modoc,049,8938,189,169,53,222,0
2020-12-12,Mono,051,14174,735,640,12,652,3
2020-12-12,Monterey,053,433212,21886,18596,416,19012,151
2020-12-12,Napa,055,140530,4669,4113,24,4137,22
2020-12-12,Nevada,057,99092,2259,1981,63,2044,10
2020-12-12,Orange,059,3164182,118483,100468,3982,104450,1674
2020-12-12,Placer,061,380077,11276,9390,332,9722,95
2020-12-12,Plumas,063,18699,376,291,8,299,0
2020-12-12,Riverside,065,2383286,136756,118335,4624,122959,1579
2020-12-12,Sacramento,067,1510023,53263,48319,328,48647,673
2020-12-12,San Benito,069,59416,2683,2355,19,2374,19
2020-12-12,San Bernardino,071,2135413,149728,125741,3588,129329,1321
2020-12-12,San Diego,073,3302833,118385,104958,5012,109970,1151
2020-12-12,San Francisco,075,870044,19810,18413,155,18568,167
2020-12-12,San Joaquin,077,732212,36677,32200,928,33128,534
2020-12-12,San Luis Obispo,079,281455,8652,7462,171,7633,50
2020-12-12,San Mateo,081,765935,20277,17574,45,17619,177
2020-12-12,Santa Barbara,083,443738,14202,13174,315,13489,144
2020-12-12,Santa Clara,085,1922200,54159,45892,193,46085,498
2020-12-12,Santa Cruz,087,273765,6957,5905,142,6047,54
2020-12-12,Shasta,089,179085,7164,6551,439,6990,54
2020-12-12,Sierra,091,2930,23,21,0,21,0
2020-12-12,Siskiyou,093,43540,888,762,65,827,2
2020-12-12,Solano,095,438530,14686,12748,135,12883,93
2020-12-12,Sonoma,097,501317,16024,14466,94,14560,166
2020-12-12,Stanislaus,099,539301,29001,26246,2211,28457,483
2020-12-12,Sutter,101,95872,5317,4717,26,4743,32
2020-12-12,Tehama,103,63373,2489,2252,145,2397,9
2020-12-12,Trinity,105,12862,363,204,44,248,1
2020-12-12,Tulare,107,460477,28371,25333,2516,27849,341
2020-12-12,Tuolumne,109,53932,1982,1536,11,1547,8
2020-12-12,Ventura,111,848112,30043,25955,1014,26969,202
2020-12-12,Yolo,113,214977,6921,6116,31,6147,95
2020-12-12,Yuba,115,75493,3046,2692,25,2717,10
2020-12-11,Alameda,001,1643700,41150,36281,591,36872,482
2020-12-11,Alpine,003,1148,65,63,0,63,0
2020-12-11,Amador,005,37829,1745,1213,8,1221,19
2020-12-11,Butte,007,227075,5808,4941,516,5457,73
2020-12-11,Calaveras,009,45235,792,697,0,697,21
2020-12-11,Colusa,011,21464,1059,923,37,960,7
2020-12-11,Contra Costa,013,1133247,32512,29036,287,29323,282
2020-12-11,Del Norte,015,27424,595,505,0,505,1
2020-12-11,El Dorado,017,186661,4601,3669,119,3788,9
2020-12-11,Fresno,019,978130,55151,43071,2815,45886,550
2020-12-11,Glenn,021,27897,1266,1135,129,1264,8
2020-12-11,Humboldt,023,135768,1358,1190,4,1194,9
2020-12-11,Imperial,025,180216,20383,18599,311,18910,377
2020-12-11,Inyo,027,18085,465,372,6,378,16
2020-12-11,Kern,029,883053,53740,47664,3009,50673,502
2020-12-11,Kings,031,150075,14061,13118,326,13444,94
2020-12-11,Lake,033,64148,1443,1205,0,1205,21
2020-12-11,Lassen,035,31185,3439,2790,21,2811,1
2020-12-11,Los Angeles,037,10098052,555021,493592,11298,504890,8198
2020-12-11,Madera,039,155013,8519,7648,265,7913,59
2020-12-11,Marin,041,260295,8676,8317,55,8372,141
2020-12-11,Mariposa,043,17540,186,164,2,166,3
2020-12-11,Mendocino,045,87422,1987,1769,19,1788,24
2020-12-11,Merced,047,269075,15475,14038,213,14251,186
2020-12-11,Modoc,049,8938,189,168,52,220,0
2020-12-11,Mono,051,14174,725,631,12,643,3
2020-12-11,Monterey,053,433212,21585,18421,411,18832,150
2020-12-11,Napa,055,140530,4614,4054,24,4078,22
2020-12-11,Nevada,057,99092,2242,1959,60,2019,10
2020-12-11,Orange,059,3164182,116161,98357,3881,102238,1656
2020-12-11,Placer,061,380077,11114,8904,316,9220,93
2020-12-11,Plumas,063,18699,368,286,8,294,0
2020-12-11,Riverside,065,2383286,133682,115329,4406,119735,1573
2020-12-11,Sacramento,067,1510023,52600,47468,320,47788,669
2020-12-11,San Benito,069,59416,2632,2319,19,2338,19
2020-12-11,San Bernardino,071,2135413,147030,123092,3474,126566,1313
2020-12-11,San Diego,073,3302833,116425,102468,4929,107397,1137
2020-12-11,San Francisco,075,870044,19580,18246,154,18400,165
2020-12-11,San Joaquin,077,732212,36328,32044,901,32945,534
2020-12-11,San Luis Obispo,079,281455,8491,7415,169,7584,49
2020-12-11,San Mateo,081,765935,20007,17240,34,17274,177
2020-12-11,Santa Barbara,083,443738,14059,12997,307,13304,144
2020-12-11,Santa Clara,085,1922200,53152,45101,184,45285,494
2020-12-11,Santa Cruz,087,273765,6837,5764,133,5897,50
2020-12-11,Shasta,089,179085,7119,6459,432,6891,54
2020-12-11,Sierra,091,2930,23,19,0,19,0
2020-12-11,Siskiyou,093,43540,881,753,62,815,2
2020-12-11,Solano,095,438530,14499,12554,131,12685,92
2020-12-11,Sonoma,097,501317,15857,14298,92,14390,166
2020-12-11,Stanislaus,099,539301,28729,25928,2164,28092,464
2020-12-11,Sutter,101,95872,5254,4600,25,4625,30
2020-12-11,Tehama,103,63373,2458,2232,141,2373,9
2020-12-11,Trinity,105,12862,360,204,44,248,1
2020-12-11,Tulare,107,460477,28016,24953,2463,27416,338
2020-12-11,Tuolumne,109,53932,1967,1510,11,1521,8
2020-12-11,Ventura,111,848112,29436,24999,992,25991,202
2020-12-11,Yolo,113,214977,6817,6006,30,6036,95
2020-12-11,Yuba,115,75493,2985,2649,23,2672,10
2020-12-10,Alameda,001,1643700,40379,35686,571,36257,477
2020-12-10,Alpine,003,1148,65,63,0,63,0
2020-12-10,Amador,005,37829,1688,1191,8,1199,18
2020-12-10,Butte,007,227075,5693,4863,492,5355,72
2020-12-10,Calaveras,009,45235,774,684,0,684,21
2020-12-10,Colusa,011,21464,1036,909,34,943,7
2020-12-10,Contra Costa,013,1133247,31834,28413,281,28694,276
2020-12-10,Del Norte,015,27424,584,501,0,501,1
2020-12-10,El Dorado,017,186661,4483,3557,114,3671,9
2020-12-10,Fresno,019,978130,54173,42461,2675,45136,540
2020-12-10,Glenn,021,27897,1246,1126,120,1246,8
2020-12-10,Humboldt,023,135768,1338,1140,4,1144,9
2020-12-10,Imperial,025,180216,20171,18333,236,18569,370
2020-12-10,Inyo,027,18085,445,365,6,371,15
2020-12-10,Kern,029,883053,52759,47176,2846,50022,499
2020-12-10,Kings,031,150075,13903,12993,320,13313,92
2020-12-10,Lake,033,64148,1403,1167,0,1167,21
2020-12-10,Lassen,035,31185,3417,2764,17,2781,0
2020-12-10,Los Angeles,037,10098052,541041,480354,10775,491129,8149
2020-12-10,Madera,039,155013,8411,7445,250,7695,59
2020-12-10,Marin,041,260295,8626,8245,54,8299,140
2020-12-10,Mariposa,043,17540,185,160,2,162,3
2020-12-10,Mendocino,045,87422,1961,1748,16,1764,24
2020-12-10,Merced,047,269075,15229,13756,210,13966,186
2020-12-10,Modoc,049,8938,184,165,50,215,0
2020-12-10,Mono,051,14174,720,601,12,613,3
2020-12-10,Monterey,053,433212,21103,18266,401,18667,145
2020-12-10,Napa,055,140530,4528,3974,23,3997,22
2020-12-10,Nevada,057,99092,2206,1919,60,1979,10
2020-12-10,Orange,059,3164182,113057,95297,3721,99018,1651
2020-12-10,Placer,061,380077,10861,8906,299,9205,90
2020-12-10,Plumas,063,18699,357,281,8,289,0
2020-12-10,Riverside,065,2383286,129997,112794,4139,116933,1552
2020-12-10,Sacramento,067,1510023,51699,46471,299,46770,664
2020-12-10,San Benito,069,59416,2571,2268,18,2286,19
2020-12-10,San Bernardino,071,2135413,142788,120186,3300,123486,1306
2020-12-10,San Diego,073,3302833,113900,99601,4780,104381,1114
2020-12-10,San Francisco,075,870044,19272,17945,147,18092,164
2020-12-10,San Joaquin,077,732212,35694,31228,872,32100,534
2020-12-10,San Luis Obispo,079,281455,8328,7245,158,7403,49
2020-12-10,San Mateo,081,765935,19565,16701,24,16725,177
2020-12-10,Santa Barbara,083,443738,13880,12788,299,13087,143
2020-12-10,Santa Clara,085,1922200,51998,43939,170,44109,491
2020-12-10,Santa Cruz,087,273765,6671,5645,121,5766,48
2020-12-10,Shasta,089,179085,7052,6312,407,6719,53
2020-12-10,Sierra,091,2930,23,18,0,18,0
2020-12-10,Siskiyou,093,43540,871,712,61,773,2
2020-12-10,Solano,095,438530,14135,12017,126,12143,90
2020-12-10,Sonoma,097,501317,15602,14282,90,14372,167
2020-12-10,Stanislaus,099,539301,28270,25582,2090,27672,464
2020-12-10,Sutter,101,95872,5124,4528,23,4551,27
2020-12-10,Tehama,103,63373,2414,2190,133,2323,9
2020-12-10,Trinity,105,12862,356,202,42,244,1
2020-12-10,Tulare,107,460477,27559,24506,2400,26906,337
2020-12-10,Tuolumne,109,53932,1724,1451,11,1462,8
2020-12-10,Ventura,111,848112,28586,24075,948,25023,202
2020-12-10,Yolo,113,214977,6696,5896,29,5925,95
2020-12-10,Yuba,115,75493,2921,2604,22,2626,10
2020-12-09,Alameda,001,1643700,39544,35047,550,35597,470
2020-12-09,Alpine,003,1148,65,58,0,58,0
2020-12-09,Amador,005,37829,1645,1121,8,1129,19
2020-12-09,Butte,007,227075,5550,4733,473,5206,70
2020-12-09,Calaveras,009,45235,745,670,0,670,21
2020-12-09,Colusa,011,21464,1021,896,33,929,7
2020-12-09,Contra Costa,013,1133247,31126,28308,269,28577,273
2020-12-09,Del Norte,015,27424,576,481,0,481,2
2020-12-09,El Dorado,017,186661,4348,3449,106,3555,8
2020-12-09,Fresno,019,978130,53171,41954,2522,44476,533
2020-12-09,Glenn,021,27897,1232,1107,114,1221,8
2020-12-09,Humboldt,023,135768,1306,1086,4,1090,10
2020-12-09,Imperial,025,180216,19913,17757,200,17957,368
2020-12-09,Inyo,027,18085,432,356,6,362,15
2020-12-09,Kern,029,883053,51602,46379,2704,49083,494
2020-12-09,Kings,031,150075,13758,12716,312,13028,92
2020-12-09,Lake,033,64148,1374,1158,0,1158,20
2020-12-09,Lassen,035,31185,3348,2331,15,2346,0
2020-12-09,Los Angeles,037,10098052,527535,467971,10245,478216,8075
2020-12-09,Madera,039,155013,8295,7216,247,7463,59
2020-12-09,Marin,041,260295,8563,8182,53,8235,138
2020-12-09,Mariposa,043,17540,183,154,2,156,3
2020-12-09,Mendocino,045,87422,1936,1703,15,1718,24
2020-12-09,Merced,047,269075,14988,13588,204,13792,183
2020-12-09,Modoc,049,8938,179,146,41,187,0
2020-12-09,Mono,051,14174,708,601,12,613,3
2020-12-09,Monterey,053,433212,20703,17891,393,18284,143
2020-12-09,Napa,055,140530,4443,3858,22,3880,21
2020-12-09,Nevada,057,99092,2153,1864,60,1924,10
2020-12-09,Orange,059,3164182,109952,93763,3553,97316,1629
2020-12-09,Placer,061,380077,10600,8588,285,8873,85
2020-12-09,Plumas,063,18699,349,271,8,279,0
2020-12-09,Riverside,065,2383286,126295,110376,3938,114314,1543
2020-12-09,Sacramento,067,1510023,50636,45284,274,45558,659
2020-12-09,San Benito,069,59416,2499,2217,16,2233,19
2020-12-09,San Bernardino,071,2135413,138508,114516,3104,117620,1305
2020-12-09,San Diego,073,3302833,110920,97551,4641,102192,1103
2020-12-09,San Francisco,075,870044,18973,17628,146,17774,163
2020-12-09,San Joaquin,077,732212,34880,30539,848,31387,531
2020-12-09,San Luis Obispo,079,281455,8110,7105,150,7255,47
2020-12-09,San Mateo,081,765935,19115,16422,23,16445,175
2020-12-09,Santa Barbara,083,443738,13680,12630,289,12919,142
2020-12-09,Santa Clara,085,1922200,50821,42912,155,43067,489
2020-12-09,Santa Cruz,087,273765,6510,5527,106,5633,47
2020-12-09,Shasta,089,179085,6987,6105,393,6498,52
2020-12-09,Sierra,091,2930,23,18,0,18,0
2020-12-09,Siskiyou,093,43540,860,713,60,773,2
2020-12-09,Solano,095,438530,13792,11862,118,11980,90
2020-12-09,Sonoma,097,501317,15345,13994,87,14081,164
2020-12-09,Stanislaus,099,539301,27781,25157,2027,27184,463
2020-12-09,Sutter,101,95872,5005,4418,19,4437,24
2020-12-09,Tehama,103,63373,2378,2102,129,2231,9
2020-12-09,Trinity,105,12862,348,199,39,238,0
2020-12-09,Tulare,107,460477,26957,24124,2324,26448,334
2020-12-09,Tuolumne,109,53932,1691,1319,11,1330,8
2020-12-09,Ventura,111,848112,27722,23830,906,24736,201
2020-12-09,Yolo,113,214977,6570,5760,27,5787,95
2020-12-09,Yuba,115,75493,2853,2513,21,2534,10
2020-12-08,Alameda,001,1643700,38643,34373,534,34907,469
2020-12-08,Alpine,003,1148,64,53,0,53,0
2020-12-08,Amador,005,37829,1359,1043,8,1051,17
2020-12-08,Butte,007,227075,5392,4651,433,5084,70
2020-12-08,Calaveras,009,45235,721,657,0,657,21
2020-12-08,Colusa,011,21464,1005,875,32,907,6
2020-12-08,Contra Costa,013,1133247,30431,27926,254,28180,270
2020-12-08,Del Norte,015,27424,562,465,0,465,2
2020-12-08,El Dorado,017,186661,4224,3296,93,3389,8
2020-12-08,Fresno,019,978130,51906,41574,2367,43941,529
2020-12-08,Glenn,021,27897,1212,1094,106,1200,8
2020-12-08,Humboldt,023,135768,1280,1059,4,1063,10
2020-12-08,Imperial,025,180216,19404,17568,193,17761,363
2020-12-08,Inyo,027,18085,408,333,6,339,15
2020-12-08,Kern,029,883053,50311,45116,2551,47667,487
2020-12-08,Kings,031,150075,13604,12623,303,12926,90
2020-12-08,Lake,033,64148,1334,1127,0,1127,20
2020-12-08,Lassen,035,31185,3192,2165,15,2180,0
2020-12-08,Los Angeles,037,10098052,514823,459738,9775,469513,8004
2020-12-08,Madera,039,155013,8166,7082,235,7317,59
2020-12-08,Marin,041,260295,8486,8099,52,8151,137
2020-12-08,Mariposa,043,17540,179,150,2,152,2
2020-12-08,Mendocino,045,87422,1894,1666,15,1681,23
2020-12-08,Merced,047,269075,14676,13380,203,13583,181
2020-12-08,Modoc,049,8938,171,138,38,176,0
2020-12-08,Mono,051,14174,694,597,12,609,3
2020-12-08,Monterey,053,433212,20132,17752,386,18138,134
2020-12-08,Napa,055,140530,4357,3778,20,3798,22
2020-12-08,Nevada,057,99092,2099,1809,57,1866,11
2020-12-08,Orange,059,3164182,106729,91406,3389,94795,1629
2020-12-08,Placer,061,380077,10332,8224,280,8504,82
2020-12-08,Plumas,063,18699,339,258,8,266,0
2020-12-08,Riverside,065,2383286,122926,107620,3761,111381,1514
2020-12-08,Sacramento,067,1510023,49573,44635,260,44895,649
2020-12-08,San Benito,069,59416,2445,2180,16,2196,18
2020-12-08,San Bernardino,071,2135413,134161,110676,2982,113658,1301
2020-12-08,San Diego,073,3302833,107549,95447,4484,99931,1088
2020-12-08,San Francisco,075,870044,18666,17384,144,17528,162
2020-12-08,San Joaquin,077,732212,33986,30225,815,31040,530
2020-12-08,San Luis Obispo,079,281455,7981,6903,139,7042,45
2020-12-08,San Mateo,081,765935,18716,16305,23,16328,175
2020-12-08,Santa Barbara,083,443738,13497,12516,280,12796,141
2020-12-08,Santa Clara,085,1922200,49510,41309,147,41456,484
2020-12-08,Santa Cruz,087,273765,6329,5374,104,5478,45
2020-12-08,Shasta,089,179085,6877,5946,385,6331,50
2020-12-08,Sierra,091,2930,22,18,0,18,0
2020-12-08,Siskiyou,093,43540,846,704,58,762,2
2020-12-08,Solano,095,438530,13386,11669,116,11785,89
2020-12-08,Sonoma,097,501317,15086,13601,86,13687,164
2020-12-08,Stanislaus,099,539301,27289,24793,1962,26755,461
2020-12-08,Sutter,101,95872,4909,4342,18,4360,24
2020-12-08,Tehama,103,63373,2304,2057,121,2178,9
2020-12-08,Trinity,105,12862,339,198,38,236,0
2020-12-08,Tulare,107,460477,26351,23607,2261,25868,330
2020-12-08,Tuolumne,109,53932,1667,1264,11,1275,7
2020-12-08,Ventura,111,848112,27061,23665,864,24529,195
2020-12-08,Yolo,113,214977,6438,5560,27,5587,90
2020-12-08,Yuba,115,75493,2775,2477,21,2498,10
2020-12-07,Alameda,001,1643700,37778,33887,500,34387,466
2020-12-07,Alpine,003,1148,63,53,0,53,0
2020-12-07,Amador,005,37829,1284,993,7,1000,17
2020-12-07,Butte,007,227075,5256,4604,412,5016,67
2020-12-07,Calaveras,009,45235,692,606,0,606,21
2020-12-07,Colusa,011,21464,980,825,27,852,6
2020-12-07,Contra Costa,013,1133247,29823,27307,241,27548,270
2020-12-07,Del Norte,015,27424,547,424,0,424,2
2020-12-07,El Dorado,017,186661,4045,3275,86,3361,8
2020-12-07,Fresno,019,978130,50433,41098,2247,43345,526
2020-12-07,Glenn,021,27897,1193,1085,100,1185,8
2020-12-07,Humboldt,023,135768,1245,1023,4,1027,9
2020-12-07,Imperial,025,180216,18989,17234,183,17417,364
2020-12-07,Inyo,027,18085,392,333,6,339,15
2020-12-07,Kern,029,883053,49285,44409,2417,46826,486
2020-12-07,Kings,031,150075,13461,12412,295,12707,90
2020-12-07,Lake,033,64148,1307,1090,0,1090,20
2020-12-07,Lassen,035,31185,3095,2167,15,2182,0
2020-12-07,Los Angeles,037,10098052,501149,451052,9355,460407,7937
2020-12-07,Madera,039,155013,7902,6935,230,7165,59
2020-12-07,Marin,041,260295,8428,8049,51,8100,136
2020-12-07,Mariposa,043,17540,176,146,2,148,2
2020-12-07,Mendocino,045,87422,1858,1638,14,1652,23
2020-12-07,Merced,047,269075,14318,13250,194,13444,179
2020-12-07,Modoc,049,8938,164,128,35,163,0
2020-12-07,Mono,051,14174,681,590,12,602,3
2020-12-07,Monterey,053,433212,19652,17746,375,18121,132
2020-12-07,Napa,055,140530,4266,3684,20,3704,21
2020-12-07,Nevada,057,99092,2050,1777,56,1833,11
2020-12-07,Orange,059,3164182,103461,89793,3270,93063,1628
2020-12-07,Placer,061,380077,10007,7911,266,8177,82
2020-12-07,Plumas,063,18699,327,256,5,261,0
2020-12-07,Riverside,065,2383286,119725,102363,3580,105943,1491
2020-12-07,Sacramento,067,1510023,48478,43419,243,43662,638
2020-12-07,San Benito,069,59416,2395,2165,15,2180,18
2020-12-07,San Bernardino,071,2135413,130210,108161,2867,111028,1295
2020-12-07,San Diego,073,3302833,104760,94171,4303,98474,1062
2020-12-07,San Francisco,075,870044,18370,17220,137,17357,161
2020-12-07,San Joaquin,077,732212,33111,28188,789,28977,530
2020-12-07,San Luis Obispo,079,281455,7799,6782,132,6914,45
2020-12-07,San Mateo,081,765935,18278,16029,22,16051,175
2020-12-07,Santa Barbara,083,443738,13255,12362,270,12632,141
2020-12-07,Santa Clara,085,1922200,48114,40621,138,40759,484
2020-12-07,Santa Cruz,087,273765,6165,5152,96,5248,41
2020-12-07,Shasta,089,179085,6754,5742,370,6112,50
2020-12-07,Sierra,091,2930,20,18,0,18,0
2020-12-07,Siskiyou,093,43540,820,652,58,710,2
2020-12-07,Solano,095,438530,13048,11354,112,11466,89
2020-12-07,Sonoma,097,501317,14802,13376,86,13462,164
2020-12-07,Stanislaus,099,539301,26715,24479,1909,26388,454
2020-12-07,Sutter,101,95872,4768,4106,18,4124,24
2020-12-07,Tehama,103,63373,2253,2030,116,2146,9
2020-12-07,Trinity,105,12862,335,194,38,232,0
2020-12-07,Tulare,107,460477,25803,22760,2202,24962,328
2020-12-07,Tuolumne,109,53932,1582,1256,10,1266,7
2020-12-07,Ventura,111,848112,26473,23354,828,24182,191
2020-12-07,Yolo,113,214977,6278,5537,26,5563,90
2020-12-07,Yuba,115,75493,2708,2428,19,2447,10
2020-12-06,Alameda,001,1643700,36784,33477,480,33957,465
2020-12-06,Alpine,003,1148,59,53,0,53,0
2020-12-06,Amador,005,37829,1221,952,6,958,17
2020-12-06,Butte,007,227075,5103,4527,378,4905,67
2020-12-06,Calaveras,009,45235,672,606,0,606,21
2020-12-06,Colusa,011,21464,963,824,23,847,6
2020-12-06,Contra Costa,013,1133247,29217,26566,234,26800,270
2020-12-06,Del Norte,015,27424,491,414,0,414,2
2020-12-06,El Dorado,017,186661,3908,3086,81,3167,8
2020-12-06,Fresno,019,978130,49481,40869,2131,43000,526
2020-12-06,Glenn,021,27897,1183,1067,96,1163,8
2020-12-06,Humboldt,023,135768,1220,1004,4,1008,9
2020-12-06,Imperial,025,180216,18681,16922,174,17096,364
2020-12-06,Inyo,027,18085,380,333,6,339,15
2020-12-06,Kern,029,883053,48294,43899,2250,46149,486
2020-12-06,Kings,031,150075,13189,12056,278,12334,90
2020-12-06,Lake,033,64148,1271,1075,0,1075,20
2020-12-06,Lassen,035,31185,2991,2168,13,2181,0
2020-12-06,Los Angeles,037,10098052,487555,443230,8927,452157,7910
2020-12-06,Madera,039,155013,7729,6826,221,7047,59
2020-12-06,Marin,041,260295,8348,8013,48,8061,136
2020-12-06,Mariposa,043,17540,175,144,2,146,2
2020-12-06,Mendocino,045,87422,1818,1614,14,1628,23
2020-12-06,Merced,047,269075,13981,12928,185,13113,179
2020-12-06,Modoc,049,8938,151,125,28,153,0
2020-12-06,Mono,051,14174,659,586,11,597,3
2020-12-06,Monterey,053,433212,19034,17426,365,17791,130
2020-12-06,Napa,055,140530,4154,3644,20,3664,21
2020-12-06,Nevada,057,99092,1991,1710,53,1763,10
2020-12-06,Orange,059,3164182,100390,87737,3141,90878,1627
2020-12-06,Placer,061,380077,9724,7837,247,8084,82
2020-12-06,Plumas,063,18699,314,254,4,258,0
2020-12-06,Riverside,065,2383286,116632,100088,3359,103447,1482
2020-12-06,Sacramento,067,1510023,47237,42808,229,43037,638
2020-12-06,San Benito,069,59416,2358,2135,15,2150,18
2020-12-06,San Bernardino,071,2135413,126061,106927,2713,109640,1286
2020-12-06,San Diego,073,3302833,101727,92173,4149,96322,1062
2020-12-06,San Francisco,075,870044,18047,17107,130,17237,161
2020-12-06,San Joaquin,077,732212,32267,28188,761,28949,530
2020-12-06,San Luis Obispo,079,281455,7634,6723,127,6850,45
2020-12-06,San Mateo,081,765935,17774,15855,20,15875,175
2020-12-06,Santa Barbara,083,443738,13023,12252,261,12513,141
2020-12-06,Santa Clara,085,1922200,46719,39112,133,39245,482
2020-12-06,Santa Cruz,087,273765,5988,5069,90,5159,40
2020-12-06,Shasta,089,179085,6614,5743,349,6092,49
2020-12-06,Sierra,091,2930,20,17,0,17,0
2020-12-06,Siskiyou,093,43540,801,652,56,708,2
2020-12-06,Solano,095,438530,12759,11354,102,11456,88
2020-12-06,Sonoma,097,501317,14514,13238,85,13323,164
2020-12-06,Stanislaus,099,539301,26155,24036,1845,25881,454
2020-12-06,Sutter,101,95872,4652,4009,17,4026,21
2020-12-06,Tehama,103,63373,2195,1982,107,2089,9
2020-12-06,Trinity,105,12862,328,181,36,217,0
2020-12-06,Tulare,107,460477,25271,22756,2135,24891,327
2020-12-06,Tuolumne,109,53932,1486,1210,10,1220,7
2020-12-06,Ventura,111,848112,25931,23035,803,23838,191
2020-12-06,Yolo,113,214977,6117,5465,22,5487,90
2020-12-06,Yuba,115,75493,2664,2340,18,2358,10
2020-12-05,Alameda,001,1643700,36426,32781,469,33250,465
2020-12-05,Alpine,003,1148,58,53,0,53,0
2020-12-05,Amador,005,37829,1197,847,6,853,17
2020-12-05,Butte,007,227075,5035,4455,359,4814,66
2020-12-05,Calaveras,009,45235,660,606,0,606,21
2020-12-05,Colusa,011,21464,945,825,20,845,6
2020-12-05,Contra Costa,013,1133247,28919,26217,226,26443,270
2020-12-05,Del Norte,015,27424,486,408,0,408,2
2020-12-05,El Dorado,017,186661,3843,3061,76,3137,8
2020-12-05,Fresno,019,978130,49162,40568,2077,42645,525
2020-12-05,Glenn,021,27897,1170,1056,90,1146,8
2020-12-05,Humboldt,023,135768,1187,979,4,983,9
2020-12-05,Imperial,025,180216,18507,16544,173,16717,362
2020-12-05,Inyo,027,18085,375,332,6,338,15
2020-12-05,Kern,029,883053,47831,43332,2165,45497,484
2020-12-05,Kings,031,150075,13108,11898,275,12173,90
2020-12-05,Lake,033,64148,1242,1069,0,1069,20
2020-12-05,Lassen,035,31185,2800,2168,11,2179,0
2020-12-05,Los Angeles,037,10098052,481756,433120,8614,441734,7888
2020-12-05,Madera,039,155013,7635,6619,214,6833,59
2020-12-05,Marin,041,260295,8321,7961,48,8009,136
2020-12-05,Mariposa,043,17540,170,143,2,145,2
2020-12-05,Mendocino,045,87422,1779,1585,14,1599,23
2020-12-05,Merced,047,269075,13874,12747,174,12921,180
2020-12-05,Modoc,049,8938,151,118,27,145,0
2020-12-05,Mono,051,14174,654,554,11,565,3
2020-12-05,Monterey,053,433212,18888,17077,361,17438,127
2020-12-05,Napa,055,140530,4084,3565,20,3585,21
2020-12-05,Nevada,057,99092,1976,1642,51,1693,10
2020-12-05,Orange,059,3164182,98919,85735,3044,88779,1612
2020-12-05,Placer,061,380077,9605,7811,238,8049,78
2020-12-05,Plumas,063,18699,307,246,1,247,0
2020-12-05,Riverside,065,2383286,115019,98612,3185,101797,1477
2020-12-05,Sacramento,067,1510023,46572,41878,215,42093,625
2020-12-05,San Benito,069,59416,2314,2073,15,2088,18
2020-12-05,San Bernardino,071,2135413,124532,105382,2585,107967,1283
2020-12-05,San Diego,073,3302833,100375,90470,4068,94538,1055
2020-12-05,San Francisco,075,870044,17861,16786,126,16912,161
2020-12-05,San Joaquin,077,732212,32000,28105,729,28834,523
2020-12-05,San Luis Obispo,079,281455,7567,6623,124,6747,44
2020-12-05,San Mateo,081,765935,17517,15512,20,15532,175
2020-12-05,Santa Barbara,083,443738,12923,12107,255,12362,141
2020-12-05,Santa Clara,085,1922200,45959,38339,128,38467,474
2020-12-05,Santa Cruz,087,273765,5915,4997,89,5086,40
2020-12-05,Shasta,089,179085,6553,5653,338,5991,49
2020-12-05,Sierra,091,2930,20,17,0,17,0
2020-12-05,Siskiyou,093,43540,793,649,55,704,2
2020-12-05,Solano,095,438530,12588,11351,100,11451,87
2020-12-05,Sonoma,097,501317,14418,13137,85,13222,164
2020-12-05,Stanislaus,099,539301,25836,23662,1810,25472,454
2020-12-05,Sutter,101,95872,4587,3937,17,3954,20
2020-12-05,Tehama,103,63373,2180,1926,105,2031,9
2020-12-05,Trinity,105,12862,327,177,36,213,0
2020-12-05,Tulare,107,460477,25052,22660,2077,24737,324
2020-12-05,Tuolumne,109,53932,1429,1180,10,1190,7
2020-12-05,Ventura,111,848112,25559,22710,789,23499,191
2020-12-05,Yolo,113,214977,6038,5351,21,5372,90
2020-12-05,Yuba,115,75493,2627,2275,18,2293,10
2020-12-04,Alameda,001,1643700,35876,31871,456,32327,465
2020-12-04,Alpine,003,1148,58,53,0,53,0
2020-12-04,Amador,005,37829,1183,766,3,769,16
2020-12-04,Butte,007,227075,4963,4336,339,4675,65
2020-12-04,Calaveras,009,45235,655,585,0,585,21
2020-12-04,Colusa,011,21464,931,790,18,808,6
2020-12-04,Contra Costa,013,1133247,28573,25705,214,25919,264
2020-12-04,Del Norte,015,27424,477,401,0,401,2
2020-12-04,El Dorado,017,186661,3755,2933,73,3006,7
2020-12-04,Fresno,019,978130,48452,40108,2009,42117,522
2020-12-04,Glenn,021,27897,1164,1017,82,1099,8
2020-12-04,Humboldt,023,135768,1169,960,4,964,9
2020-12-04,Imperial,025,180216,18260,16484,173,16657,362
2020-12-04,Inyo,027,18085,366,324,6,330,15
2020-12-04,Kern,029,883053,47280,42497,2063,44560,485
2020-12-04,Kings,031,150075,13015,11767,269,12036,88
2020-12-04,Lake,033,64148,1212,1018,0,1018,20
2020-12-04,Lassen,035,31185,2793,2167,10,2177,0
2020-12-04,Los Angeles,037,10098052,473136,424164,8325,432489,7845
2020-12-04,Madera,039,155013,7540,6479,211,6690,58
2020-12-04,Marin,041,260295,8266,7896,45,7941,136
2020-12-04,Mariposa,043,17540,170,136,2,138,2
2020-12-04,Mendocino,045,87422,1760,1563,13,1576,23
2020-12-04,Merced,047,269075,13759,12474,166,12640,177
2020-12-04,Modoc,049,8938,151,115,27,142,0
2020-12-04,Mono,051,14174,649,549,11,560,3
2020-12-04,Monterey,053,433212,18676,16737,352,17089,127
2020-12-04,Napa,055,140530,4030,3432,20,3452,19
2020-12-04,Nevada,057,99092,1951,1560,48,1608,10
2020-12-04,Orange,059,3164182,96990,83738,2980,86718,1597
2020-12-04,Placer,061,380077,9481,7461,225,7686,76
2020-12-04,Plumas,063,18699,300,232,0,232,0
2020-12-04,Riverside,065,2383286,112819,95255,3028,98283,1475
2020-12-04,Sacramento,067,1510023,45807,41061,198,41259,618
2020-12-04,San Benito,069,59416,2281,2006,15,2021,17
2020-12-04,San Bernardino,071,2135413,122259,102418,2477,104895,1290
2020-12-04,San Diego,073,3302833,98891,88183,3981,92164,1047
2020-12-04,San Francisco,075,870044,17671,16499,126,16625,161
2020-12-04,San Joaquin,077,732212,31560,27806,692,28498,522
2020-12-04,San Luis Obispo,079,281455,7483,6473,121,6594,42
2020-12-04,San Mateo,081,765935,17229,15112,19,15131,173
2020-12-04,Santa Barbara,083,443738,12816,11947,249,12196,141
2020-12-04,Santa Clara,085,1922200,45022,37465,122,37587,468
2020-12-04,Santa Cruz,087,273765,5825,4985,87,5072,32
2020-12-04,Shasta,089,179085,6464,5439,329,5768,49
2020-12-04,Sierra,091,2930,19,17,0,17,0
2020-12-04,Siskiyou,093,43540,786,639,52,691,2
2020-12-04,Solano,095,438530,12438,11037,97,11134,87
2020-12-04,Sonoma,097,501317,14270,12962,84,13046,164
2020-12-04,Stanislaus,099,539301,25558,23206,1766,24972,448
2020-12-04,Sutter,101,95872,4515,3791,12,3803,20
2020-12-04,Tehama,103,63373,2140,1876,100,1976,9
2020-12-04,Trinity,105,12862,325,172,36,208,0
2020-12-04,Tulare,107,460477,24759,22273,2005,24278,322
2020-12-04,Tuolumne,109,53932,1398,1134,10,1144,7
2020-12-04,Ventura,111,848112,25182,22024,773,22797,189
2020-12-04,Yolo,113,214977,5965,5294,20,5314,87
2020-12-04,Yuba,115,75493,2583,2225,17,2242,10
2020-12-03,Alameda,001,1643700,35108,31184,439,31623,465
2020-12-03,Alpine,003,1148,57,53,0,53,0
2020-12-03,Amador,005,37829,1132,653,3,656,16
2020-12-03,Butte,007,227075,4868,4305,320,4625,65
2020-12-03,Calaveras,009,45235,634,572,0,572,21
2020-12-03,Colusa,011,21464,918,774,17,791,6
2020-12-03,Contra Costa,013,1133247,28065,25464,207,25671,265
2020-12-03,Del Norte,015,27424,471,388,0,388,2
2020-12-03,El Dorado,017,186661,3629,2740,71,2811,6
2020-12-03,Fresno,019,978130,47698,39680,1937,41617,516
2020-12-03,Glenn,021,27897,1146,997,74,1071,8
2020-12-03,Humboldt,023,135768,1139,923,4,927,9
2020-12-03,Imperial,025,180216,18052,16436,161,16597,359
2020-12-03,Inyo,027,18085,364,321,6,327,15
2020-12-03,Kern,029,883053,46434,42062,1962,44024,483
2020-12-03,Kings,031,150075,12916,11658,258,11916,87
2020-12-03,Lake,033,64148,1197,991,0,991,20
2020-12-03,Lassen,035,31185,2753,2128,9,2137,0
2020-12-03,Los Angeles,037,10098052,463036,415805,7968,423773,7787
2020-12-03,Madera,039,155013,7417,6398,205,6603,58
2020-12-03,Marin,041,260295,8202,7861,41,7902,136
2020-12-03,Mariposa,043,17540,166,132,2,134,2
2020-12-03,Mendocino,045,87422,1743,1547,10,1557,23
2020-12-03,Merced,047,269075,13514,12310,159,12469,177
2020-12-03,Modoc,049,8938,149,114,27,141,0
2020-12-03,Mono,051,14174,627,527,11,538,3
2020-12-03,Monterey,053,433212,18215,16218,343,16561,125
2020-12-03,Napa,055,140530,3916,3360,20,3380,19
2020-12-03,Nevada,057,99092,1873,1472,47,1519,10
2020-12-03,Orange,059,3164182,94456,82187,2912,85099,1591
2020-12-03,Placer,061,380077,9279,7270,209,7479,73
2020-12-03,Plumas,063,18699,285,223,0,223,0
2020-12-03,Riverside,065,2383286,110057,92489,2869,95358,1461
2020-12-03,Sacramento,067,1510023,44749,40280,185,40465,614
2020-12-03,San Benito,069,59416,2235,1967,15,1982,16
2020-12-03,San Bernardino,071,2135413,118931,100787,2394,103181,1283
2020-12-03,San Diego,073,3302833,97076,86144,3863,90007,1040
2020-12-03,San Francisco,075,870044,17447,16236,125,16361,161
2020-12-03,San Joaquin,077,732212,30840,27239,650,27889,522
2020-12-03,San Luis Obispo,079,281455,7315,6388,120,6508,42
2020-12-03,San Mateo,081,765935,16876,14909,19,14928,173
2020-12-03,Santa Barbara,083,443738,12687,11829,243,12072,141
2020-12-03,Santa Clara,085,1922200,43811,36621,116,36737,465
2020-12-03,Santa Cruz,087,273765,5681,4850,83,4933,28
2020-12-03,Shasta,089,179085,6355,5330,322,5652,48
2020-12-03,Sierra,091,2930,19,17,0,17,0
2020-12-03,Siskiyou,093,43540,771,629,49,678,2
2020-12-03,Solano,095,438530,12223,10857,93,10950,87
2020-12-03,Sonoma,097,501317,14029,12772,83,12855,164
2020-12-03,Stanislaus,099,539301,25138,22821,1719,24540,447
2020-12-03,Sutter,101,95872,4431,3727,12,3739,20
2020-12-03,Tehama,103,63373,2088,1832,93,1925,9
2020-12-03,Trinity,105,12862,322,166,36,202,0
2020-12-03,Tulare,107,460477,24356,21993,1913,23906,321
2020-12-03,Tuolumne,109,53932,1356,1105,10,1115,7
2020-12-03,Ventura,111,848112,24479,21555,760,22315,187
2020-12-03,Yolo,113,214977,5827,5069,20,5089,87
2020-12-03,Yuba,115,75493,2512,2182,16,2198,10
2020-12-02,Alameda,001,1643700,34480,30697,429,31126,463
2020-12-02,Alpine,003,1148,56,52,0,52,0
2020-12-02,Amador,005,37829,1060,585,3,588,16
2020-12-02,Butte,007,227075,4746,4243,309,4552,65
2020-12-02,Calaveras,009,45235,618,553,0,553,21
2020-12-02,Colusa,011,21464,902,756,15,771,6
2020-12-02,Contra Costa,013,1133247,27600,25147,195,25342,264
2020-12-02,Del Norte,015,27424,455,384,0,384,2
2020-12-02,El Dorado,017,186661,3528,2638,66,2704,5
2020-12-02,Fresno,019,978130,46942,39324,1839,41163,507
2020-12-02,Glenn,021,27897,1129,995,66,1061,7
2020-12-02,Humboldt,023,135768,1113,899,4,903,9
2020-12-02,Imperial,025,180216,17630,16360,154,16514,356
2020-12-02,Inyo,027,18085,357,314,6,320,15
2020-12-02,Kern,029,883053,45536,41660,1867,43527,479
2020-12-02,Kings,031,150075,12563,11531,244,11775,86
2020-12-02,Lake,033,64148,1167,971,0,971,20
2020-12-02,Lassen,035,31185,2694,2115,9,2124,0
2020-12-02,Los Angeles,037,10098052,452983,408289,7647,415936,7739
2020-12-02,Madera,039,155013,7292,6370,199,6569,57
2020-12-02,Marin,041,260295,8153,7819,39,7858,136
2020-12-02,Mariposa,043,17540,163,131,2,133,2
2020-12-02,Mendocino,045,87422,1710,1524,10,1534,23
2020-12-02,Merced,047,269075,13271,12168,151,12319,173
2020-12-02,Modoc,049,8938,146,113,27,140,0
2020-12-02,Mono,051,14174,618,520,11,531,3
2020-12-02,Monterey,053,433212,17735,16064,304,16368,121
2020-12-02,Napa,055,140530,3813,3298,19,3317,19
2020-12-02,Nevada,057,99092,1811,1430,46,1476,9
2020-12-02,Orange,059,3164182,92257,81046,2833,83879,1569
2020-12-02,Placer,061,380077,9045,6941,196,7137,73
2020-12-02,Plumas,063,18699,272,218,0,218,0
2020-12-02,Riverside,065,2383286,107339,90089,2690,92779,1451
2020-12-02,Sacramento,067,1510023,43709,39334,174,39508,597
2020-12-02,San Benito,069,59416,2170,1921,15,1936,16
2020-12-02,San Bernardino,071,2135413,115360,98567,2289,100856,1240
2020-12-02,San Diego,073,3302833,95160,84640,3748,88388,1035
2020-12-02,San Francisco,075,870044,17209,16058,123,16181,157
2020-12-02,San Joaquin,077,732212,30223,26740,627,27367,519
2020-12-02,San Luis Obispo,079,281455,7216,6324,118,6442,42
2020-12-02,San Mateo,081,765935,16513,14757,18,14775,170
2020-12-02,Santa Barbara,083,443738,12536,11705,231,11936,140
2020-12-02,Santa Clara,085,1922200,42688,35878,116,35994,458
2020-12-02,Santa Cruz,087,273765,5549,4766,80,4846,27
2020-12-02,Shasta,089,179085,6231,5188,305,5493,47
2020-12-02,Sierra,091,2930,19,17,0,17,0
2020-12-02,Siskiyou,093,43540,755,624,47,671,1
2020-12-02,Solano,095,438530,11976,10701,89,10790,87
2020-12-02,Sonoma,097,501317,13789,12635,82,12717,163
2020-12-02,Stanislaus,099,539301,24635,22615,1663,24278,448
2020-12-02,Sutter,101,95872,4272,3604,12,3616,18
2020-12-02,Tehama,103,63373,2044,1800,78,1878,9
2020-12-02,Trinity,105,12862,313,165,35,200,0
2020-12-02,Tulare,107,460477,23973,21789,1835,23624,321
2020-12-02,Tuolumne,109,53932,1315,1076,10,1086,7
2020-12-02,Ventura,111,848112,24066,21208,742,21950,186
2020-12-02,Yolo,113,214977,5719,5053,19,5072,87
2020-12-02,Yuba,115,75493,2434,2119,15,2134,10
2020-12-01,Alameda,001,1643700,33788,30252,419,30671,460
2020-12-01,Alpine,003,1148,56,41,0,41,0
2020-12-01,Amador,005,37829,913,575,2,577,16
2020-12-01,Butte,007,227075,4641,4177,293,4470,65
2020-12-01,Calaveras,009,45235,600,544,0,544,21
2020-12-01,Colusa,011,21464,885,747,15,762,6
2020-12-01,Contra Costa,013,1133247,27028,24788,187,24975,264
2020-12-01,Del Norte,015,27424,427,357,0,357,2
2020-12-01,El Dorado,017,186661,3384,2542,61,2603,4
2020-12-01,Fresno,019,978130,46039,39004,1763,40767,505
2020-12-01,Glenn,021,27897,1108,989,62,1051,7
2020-12-01,Humboldt,023,135768,1083,886,4,890,9
2020-12-01,Imperial,025,180216,17315,16278,151,16429,356
2020-12-01,Inyo,027,18085,351,304,6,310,15
2020-12-01,Kern,029,883053,44734,41345,1740,43085,478
2020-12-01,Kings,031,150075,12248,11415,230,11645,86
2020-12-01,Lake,033,64148,1145,969,0,969,19
2020-12-01,Lassen,035,31185,2528,2047,8,2055,0
2020-12-01,Los Angeles,037,10098052,442605,403266,7337,410603,7704
2020-12-01,Madera,039,155013,7172,6270,189,6459,57
2020-12-01,Marin,041,260295,8082,7787,38,7825,136
2020-12-01,Mariposa,043,17540,158,128,2,130,2
2020-12-01,Mendocino,045,87422,1676,1497,10,1507,23
2020-12-01,Merced,047,269075,13031,12032,142,12174,172
2020-12-01,Modoc,049,8938,141,113,23,136,0
2020-12-01,Mono,051,14174,605,520,11,531,3
2020-12-01,Monterey,053,433212,17227,15835,293,16128,121
2020-12-01,Napa,055,140530,3729,3124,18,3142,19
2020-12-01,Nevada,057,99092,1749,1411,45,1456,9
2020-12-01,Orange,059,3164182,90153,79468,2744,82212,1567
2020-12-01,Placer,061,380077,8720,6794,189,6983,72
2020-12-01,Plumas,063,18699,260,201,0,201,0
2020-12-01,Riverside,065,2383286,104529,88530,2530,91060,1448
2020-12-01,Sacramento,067,1510023,42662,38966,171,39137,589
2020-12-01,San Benito,069,59416,2115,1888,15,1903,15
2020-12-01,San Bernardino,071,2135413,111891,95854,2167,98021,1220
2020-12-01,San Diego,073,3302833,92903,83423,3638,87061,1019
2020-12-01,San Francisco,075,870044,16927,15797,120,15917,157
2020-12-01,San Joaquin,077,732212,29422,26432,605,27037,514
2020-12-01,San Luis Obispo,079,281455,7074,6264,113,6377,40
2020-12-01,San Mateo,081,765935,16188,14495,18,14513,170
2020-12-01,Santa Barbara,083,443738,12397,11611,221,11832,140
2020-12-01,Santa Clara,085,1922200,41432,35397,110,35507,452
2020-12-01,Santa Cruz,087,273765,5391,4638,72,4710,27
2020-12-01,Shasta,089,179085,6106,5077,286,5363,47
2020-12-01,Sierra,091,2930,19,17,0,17,0
2020-12-01,Siskiyou,093,43540,741,608,43,651,1
2020-12-01,Solano,095,438530,11715,10604,84,10688,87
2020-12-01,Sonoma,097,501317,13585,12491,79,12570,163
2020-12-01,Stanislaus,099,539301,24174,22351,1605,23956,447
2020-12-01,Sutter,101,95872,4130,3538,12,3550,17
2020-12-01,Tehama,103,63373,1978,1773,68,1841,9
2020-12-01,Trinity,105,12862,299,165,29,194,0
2020-12-01,Tulare,107,460477,23517,21645,1767,23412,319
2020-12-01,Tuolumne,109,53932,1279,1052,8,1060,7
2020-12-01,Ventura,111,848112,23452,20604,720,21324,186
2020-12-01,Yolo,113,214977,5580,4928,19,4947,86
2020-12-01,Yuba,115,75493,2370,2088,14,2102,10
2020-11-30,Alameda,001,1643700,32968,29972,402,30374,457
2020-11-30,Alpine,003,1148,54,41,0,41,0
2020-11-30,Amador,005,37829,872,559,2,561,16
2020-11-30,Butte,007,227075,4523,4148,277,4425,65
2020-11-30,Calaveras,009,45235,579,478,0,478,21
2020-11-30,Colusa,011,21464,858,737,12,749,6
2020-11-30,Contra Costa,013,1133247,26444,24365,183,24548,264
2020-11-30,Del Norte,015,27424,401,339,0,339,2
2020-11-30,El Dorado,017,186661,3210,2488,55,2543,4
2020-11-30,Fresno,019,978130,44927,38712,1653,40365,500
2020-11-30,Glenn,021,27897,1085,954,57,1011,5
2020-11-30,Humboldt,023,135768,1036,870,4,874,9
2020-11-30,Imperial,025,180216,17058,16212,130,16342,356
2020-11-30,Inyo,027,18085,345,304,5,309,15
2020-11-30,Kern,029,883053,43975,40941,1608,42549,473
2020-11-30,Kings,031,150075,12100,11346,215,11561,85
2020-11-30,Lake,033,64148,1111,939,0,939,18
2020-11-30,Lassen,035,31185,2436,1793,8,1801,0
2020-11-30,Los Angeles,037,10098052,431927,396202,7013,403215,7658
2020-11-30,Madera,039,155013,7007,6210,175,6385,57
2020-11-30,Marin,041,260295,8037,7764,37,7801,136
2020-11-30,Mariposa,043,17540,151,123,2,125,2
2020-11-30,Mendocino,045,87422,1648,1482,10,1492,23
2020-11-30,Merced,047,269075,12756,11913,131,12044,172
2020-11-30,Modoc,049,8938,131,113,23,136,0
2020-11-30,Mono,051,14174,583,519,11,530,3
2020-11-30,Monterey,053,433212,16797,15837,285,16122,119
2020-11-30,Napa,055,140530,3630,3091,18,3109,18
2020-11-30,Nevada,057,99092,1663,1347,42,1389,9
2020-11-30,Orange,059,3164182,88037,78711,2648,81359,1568
2020-11-30,Placer,061,380077,8423,6575,176,6751,72
2020-11-30,Plumas,063,18699,249,192,0,192,0
2020-11-30,Riverside,065,2383286,101539,87722,2385,90107,1446
2020-11-30,Sacramento,067,1510023,41580,37834,162,37996,586
2020-11-30,San Benito,069,59416,2068,1875,14,1889,15
2020-11-30,San Bernardino,071,2135413,108160,92704,2055,94759,1220
2020-11-30,San Diego,073,3302833,90540,82045,3511,85556,997
2020-11-30,San Francisco,075,870044,16629,15638,116,15754,157
2020-11-30,San Joaquin,077,732212,28717,25742,579,26321,509
2020-11-30,San Luis Obispo,079,281455,6940,6224,111,6335,36
2020-11-30,San Mateo,081,765935,15829,14276,18,14294,170
2020-11-30,Santa Barbara,083,443738,12218,11572,213,11785,140
2020-11-30,Santa Clara,085,1922200,40218,35019,109,35128,451
2020-11-30,Santa Cruz,087,273765,5252,4558,69,4627,26
2020-11-30,Shasta,089,179085,5961,4933,258,5191,44
2020-11-30,Sierra,091,2930,19,16,0,16,0
2020-11-30,Siskiyou,093,43540,732,605,39,644,1
2020-11-30,Solano,095,438530,11452,10392,79,10471,87
2020-11-30,Sonoma,097,501317,13339,12232,75,12307,163
2020-11-30,Stanislaus,099,539301,23711,22110,1563,23673,446
2020-11-30,Sutter,101,95872,3974,3430,12,3442,16
2020-11-30,Tehama,103,63373,1929,1724,61,1785,9
2020-11-30,Trinity,105,12862,292,162,29,191,0
2020-11-30,Tulare,107,460477,23128,20833,1674,22507,319
2020-11-30,Tuolumne,109,53932,1235,1027,8,1035,7
2020-11-30,Ventura,111,848112,22698,20308,704,21012,180
2020-11-30,Yolo,113,214977,5463,4894,19,4913,81
2020-11-30,Yuba,115,75493,2311,2028,12,2040,10
2020-11-29,Alameda,001,1643700,32179,29918,380,30298,457
2020-11-29,Alpine,003,1148,51,41,0,41,0
2020-11-29,Amador,005,37829,721,548,2,550,16
2020-11-29,Butte,007,227075,4423,4008,261,4269,65
2020-11-29,Calaveras,009,45235,548,478,0,478,21
2020-11-29,Colusa,011,21464,829,723,8,731,6
2020-11-29,Contra Costa,013,1133247,25937,24165,177,24342,264
2020-11-29,Del Norte,015,27424,395,339,0,339,2
2020-11-29,El Dorado,017,186661,3079,2447,53,2500,4
2020-11-29,Fresno,019,978130,43973,38568,1581,40149,500
2020-11-29,Glenn,021,27897,1062,951,55,1006,4
2020-11-29,Humboldt,023,135768,1007,856,4,860,9
2020-11-29,Imperial,025,180216,16824,16138,105,16243,356
2020-11-29,Inyo,027,18085,328,289,5,294,15
2020-11-29,Kern,029,883053,43212,40596,1460,42056,473
2020-11-29,Kings,031,150075,11949,11247,197,11444,85
2020-11-29,Lake,033,64148,1087,927,0,927,18
2020-11-29,Lassen,035,31185,2333,1793,8,1801,0
2020-11-29,Los Angeles,037,10098052,421517,391162,6723,397885,7642
2020-11-29,Madera,039,155013,6864,6184,169,6353,57
2020-11-29,Marin,041,260295,7971,7739,34,7773,135
2020-11-29,Mariposa,043,17540,147,123,2,125,2
2020-11-29,Mendocino,045,87422,1614,1473,10,1483,23
2020-11-29,Merced,047,269075,12516,11773,122,11895,172
2020-11-29,Modoc,049,8938,127,105,21,126,0
2020-11-29,Mono,051,14174,560,515,10,525,3
2020-11-29,Monterey,053,433212,16484,15621,278,15899,119
2020-11-29,Napa,055,140530,3525,3090,17,3107,18
2020-11-29,Nevada,057,99092,1583,1311,40,1351,9
2020-11-29,Orange,059,3164182,86014,78057,2602,80659,1567
2020-11-29,Placer,061,380077,8125,6535,164,6699,72
2020-11-29,Plumas,063,18699,244,191,0,191,0
2020-11-29,Riverside,065,2383286,99147,87383,2233,89616,1442
2020-11-29,Sacramento,067,1510023,40502,37415,153,37568,585
2020-11-29,San Benito,069,59416,2024,1860,14,1874,15
2020-11-29,San Bernardino,071,2135413,104809,92052,1939,93991,1223
2020-11-29,San Diego,073,3302833,88129,81086,3358,84444,997
2020-11-29,San Francisco,075,870044,16347,15571,111,15682,153
2020-11-29,San Joaquin,077,732212,27968,25740,573,26313,509
2020-11-29,San Luis Obispo,079,281455,6817,6145,111,6256,36
2020-11-29,San Mateo,081,765935,15497,14177,18,14195,169
2020-11-29,Santa Barbara,083,443738,12064,11520,209,11729,140
2020-11-29,Santa Clara,085,1922200,39006,34234,103,34337,451
2020-11-29,Santa Cruz,087,273765,5092,4490,67,4557,26
2020-11-29,Shasta,089,179085,5789,4935,230,5165,43
2020-11-29,Sierra,091,2930,19,16,0,16,0
2020-11-29,Siskiyou,093,43540,709,590,37,627,1
2020-11-29,Solano,095,438530,11219,10393,75,10468,87
2020-11-29,Sonoma,097,501317,13087,12052,71,12123,163
2020-11-29,Stanislaus,099,539301,23215,21701,1529,23230,446
2020-11-29,Sutter,101,95872,3858,3297,12,3309,16
2020-11-29,Tehama,103,63373,1878,1710,47,1757,9
2020-11-29,Trinity,105,12862,289,159,27,186,0
2020-11-29,Tulare,107,460477,22759,20793,1599,22392,319
2020-11-29,Tuolumne,109,53932,1198,988,8,996,7
2020-11-29,Ventura,111,848112,22014,19952,692,20644,179
2020-11-29,Yolo,113,214977,5326,4830,18,4848,80
2020-11-29,Yuba,115,75493,2255,1959,12,1971,10
2020-11-28,Alameda,001,1643700,31869,29368,375,29743,456
2020-11-28,Alpine,003,1148,51,41,0,41,0
2020-11-28,Amador,005,37829,644,536,2,538,16
2020-11-28,Butte,007,227075,4365,3894,257,4151,65
2020-11-28,Calaveras,009,45235,542,478,0,478,21
2020-11-28,Colusa,011,21464,820,711,6,717,6
2020-11-28,Contra Costa,013,1133247,25604,23798,173,23971,264
2020-11-28,Del Norte,015,27424,385,328,0,328,2
2020-11-28,El Dorado,017,186661,3011,2415,47,2462,4
2020-11-28,Fresno,019,978130,43626,38288,1543,39831,500
2020-11-28,Glenn,021,27897,1051,925,51,976,4
2020-11-28,Humboldt,023,135768,972,844,4,848,9
2020-11-28,Imperial,025,180216,16755,16019,103,16122,356
2020-11-28,Inyo,027,18085,320,289,5,294,15
2020-11-28,Kern,029,883053,42849,40255,1372,41627,473
2020-11-28,Kings,031,150075,11884,11070,190,11260,85
2020-11-28,Lake,033,64148,1071,920,0,920,18
2020-11-28,Lassen,035,31185,2266,1714,8,1722,0
2020-11-28,Los Angeles,037,10098052,416597,386194,6566,392760,7625
2020-11-28,Madera,039,155013,6761,6119,162,6281,57
2020-11-28,Marin,041,260295,7941,7696,30,7726,135
2020-11-28,Mariposa,043,17540,144,120,2,122,2
2020-11-28,Mendocino,045,87422,1583,1458,10,1468,22
2020-11-28,Merced,047,269075,12416,11688,116,11804,172
2020-11-28,Modoc,049,8938,124,103,21,124,0
2020-11-28,Mono,051,14174,554,505,10,515,3
2020-11-28,Monterey,053,433212,16318,15328,274,15602,118
2020-11-28,Napa,055,140530,3474,3033,17,3050,18
2020-11-28,Nevada,057,99092,1554,1272,38,1310,9
2020-11-28,Orange,059,3164182,84914,76882,2555,79437,1568
2020-11-28,Placer,061,380077,7965,6497,161,6658,70
2020-11-28,Plumas,063,18699,237,188,0,188,0
2020-11-28,Riverside,065,2383286,97739,86854,2132,88986,1440
2020-11-28,Sacramento,067,1510023,39925,36905,149,37054,580
2020-11-28,San Benito,069,59416,1979,1835,14,1849,15
2020-11-28,San Bernardino,071,2135413,103408,91183,1837,93020,1224
2020-11-28,San Diego,073,3302833,86875,80020,3274,83294,997
2020-11-28,San Francisco,075,870044,16172,15450,104,15554,153
2020-11-28,San Joaquin,077,732212,27767,25742,558,26300,509
2020-11-28,San Luis Obispo,079,281455,6747,6106,107,6213,36
2020-11-28,San Mateo,081,765935,15307,14040,18,14058,169
2020-11-28,Santa Barbara,083,443738,11962,11481,204,11685,140
2020-11-28,Santa Clara,085,1922200,38255,33701,101,33802,449
2020-11-28,Santa Cruz,087,273765,5016,4426,67,4493,26
2020-11-28,Shasta,089,179085,5712,4882,223,5105,43
2020-11-28,Sierra,091,2930,19,16,0,16,0
2020-11-28,Siskiyou,093,43540,699,558,34,592,1
2020-11-28,Solano,095,438530,11097,10252,73,10325,87
2020-11-28,Sonoma,097,501317,12983,12008,62,12070,162
2020-11-28,Stanislaus,099,539301,22976,21574,1495,23069,446
2020-11-28,Sutter,101,95872,3774,3244,12,3256,15
2020-11-28,Tehama,103,63373,1859,1678,43,1721,9
2020-11-28,Trinity,105,12862,286,157,25,182,0
2020-11-28,Tulare,107,460477,22561,20701,1557,22258,319
2020-11-28,Tuolumne,109,53932,1176,976,8,984,7
2020-11-28,Ventura,111,848112,21716,19510,682,20192,179
2020-11-28,Yolo,113,214977,5249,4739,16,4755,80
2020-11-28,Yuba,115,75493,2200,1912,12,1924,10
2020-11-27,Alameda,001,1643700,31426,29064,365,29429,450
2020-11-27,Alpine,003,1148,51,41,0,41,0
2020-11-27,Amador,005,37829,597,498,1,499,16
2020-11-27,Butte,007,227075,4324,3894,251,4145,65
2020-11-27,Calaveras,009,45235,533,478,0,478,21
2020-11-27,Colusa,011,21464,803,694,4,698,6
2020-11-27,Contra Costa,013,1133247,25343,23463,167,23630,264
2020-11-27,Del Norte,015,27424,379,307,0,307,2
2020-11-27,El Dorado,017,186661,2940,2238,44,2282,4
2020-11-27,Fresno,019,978130,43221,37994,1487,39481,500
2020-11-27,Glenn,021,27897,1038,891,46,937,4
2020-11-27,Humboldt,023,135768,953,795,3,798,9
2020-11-27,Imperial,025,180216,16687,15960,95,16055,356
2020-11-27,Inyo,027,18085,314,289,5,294,15
2020-11-27,Kern,029,883053,42426,39707,1302,41009,473
2020-11-27,Kings,031,150075,11799,10667,172,10839,85
2020-11-27,Lake,033,64148,1035,909,0,909,18
2020-11-27,Lassen,035,31185,2254,1714,8,1722,0
2020-11-27,Los Angeles,037,10098052,410073,382740,6420,389160,7606
2020-11-27,Madera,039,155013,6689,6050,157,6207,57
2020-11-27,Marin,041,260295,7899,7660,30,7690,135
2020-11-27,Mariposa,043,17540,142,118,2,120,2
2020-11-27,Mendocino,045,87422,1569,1387,9,1396,22
2020-11-27,Merced,047,269075,12310,11550,109,11659,172
2020-11-27,Modoc,049,8938,123,100,21,121,0
2020-11-27,Mono,051,14174,550,498,10,508,3
2020-11-27,Monterey,053,433212,16150,14753,274,15027,113
2020-11-27,Napa,055,140530,3434,2988,17,3005,18
2020-11-27,Nevada,057,99092,1524,1184,36,1220,9
2020-11-27,Orange,059,3164182,83626,75151,2516,77667,1568
2020-11-27,Placer,061,380077,7806,6283,151,6434,68
2020-11-27,Plumas,063,18699,234,188,0,188,0
2020-11-27,Riverside,065,2383286,96129,85769,1980,87749,1440
2020-11-27,Sacramento,067,1510023,39304,36579,145,36724,579
2020-11-27,San Benito,069,59416,1945,1805,13,1818,15
2020-11-27,San Bernardino,071,2135413,101889,90254,1756,92010,1224
2020-11-27,San Diego,073,3302833,85681,78161,3185,81346,996
2020-11-27,San Francisco,075,870044,16016,15377,102,15479,153
2020-11-27,San Joaquin,077,732212,27543,25741,538,26279,509
2020-11-27,San Luis Obispo,079,281455,6664,6039,104,6143,36
2020-11-27,San Mateo,081,765935,15105,13872,17,13889,169
2020-11-27,Santa Barbara,083,443738,11869,11340,201,11541,140
2020-11-27,Santa Clara,085,1922200,37580,32935,94,33029,449
2020-11-27,Santa Cruz,087,273765,4945,4358,65,4423,26
2020-11-27,Shasta,089,179085,5635,4710,210,4920,43
2020-11-27,Sierra,091,2930,18,16,0,16,0
2020-11-27,Siskiyou,093,43540,684,554,31,585,1
2020-11-27,Solano,095,438530,10978,10044,70,10114,87
2020-11-27,Sonoma,097,501317,12850,11924,60,11984,162
2020-11-27,Stanislaus,099,539301,22747,21185,1466,22651,446
2020-11-27,Sutter,101,95872,3706,3101,12,3113,15
2020-11-27,Tehama,103,63373,1833,1649,39,1688,9
2020-11-27,Trinity,105,12862,282,151,25,176,0
2020-11-27,Tulare,107,460477,22371,20634,1500,22134,319
2020-11-27,Tuolumne,109,53932,1144,881,8,889,7
2020-11-27,Ventura,111,848112,21392,19379,660,20039,179
2020-11-27,Yolo,113,214977,5198,4737,16,4753,79
2020-11-27,Yuba,115,75493,2171,1864,11,1875,10
2020-11-26,Alameda,001,1643700,31011,28797,347,29144,447
2020-11-26,Alpine,003,1148,51,41,0,41,0
2020-11-26,Amador,005,37829,589,488,1,489,16
2020-11-26,Butte,007,227075,4261,3894,245,4139,65
2020-11-26,Calaveras,009,45235,506,478,0,478,21
2020-11-26,Colusa,011,21464,789,694,4,698,6
2020-11-26,Contra Costa,013,1133247,25010,23468,161,23629,264
2020-11-26,Del Norte,015,27424,368,307,0,307,2
2020-11-26,El Dorado,017,186661,2859,2217,42,2259,4
2020-11-26,Fresno,019,978130,42816,37724,1442,39166,500
2020-11-26,Glenn,021,27897,1022,892,44,936,4
2020-11-26,Humboldt,023,135768,930,795,2,797,9
2020-11-26,Imperial,025,180216,16572,15722,92,15814,355
2020-11-26,Inyo,027,18085,312,289,5,294,15
2020-11-26,Kern,029,883053,41976,39123,1242,40365,471
2020-11-26,Kings,031,150075,11744,10475,160,10635,85
2020-11-26,Lake,033,64148,1022,890,0,890,18
2020-11-26,Lassen,035,31185,2239,1714,8,1722,0
2020-11-26,Los Angeles,037,10098052,404909,378340,6188,384528,7581
2020-11-26,Madera,039,155013,6610,6003,152,6155,57
2020-11-26,Marin,041,260295,7861,7610,30,7640,135
2020-11-26,Mariposa,043,17540,137,116,2,118,2
2020-11-26,Mendocino,045,87422,1555,1387,7,1394,22
2020-11-26,Merced,047,269075,12162,11440,107,11547,172
2020-11-26,Modoc,049,8938,121,100,21,121,0
2020-11-26,Mono,051,14174,542,485,10,495,2
2020-11-26,Monterey,053,433212,15914,14750,266,15016,113
2020-11-26,Napa,055,140530,3370,2988,17,3005,18
2020-11-26,Nevada,057,99092,1479,1184,36,1220,9
2020-11-26,Orange,059,3164182,82238,74264,2456,76720,1563
2020-11-26,Placer,061,380077,7642,6278,142,6420,68
2020-11-26,Plumas,063,18699,226,188,0,188,0
2020-11-26,Riverside,065,2383286,94527,85774,1856,87630,1440
2020-11-26,Sacramento,067,1510023,38661,35854,137,35991,580
2020-11-26,San Benito,069,59416,1918,1769,13,1782,15
2020-11-26,San Bernardino,071,2135413,100236,89727,1663,91390,1223
2020-11-26,San Diego,073,3302833,84071,76359,3081,79440,996
2020-11-26,San Francisco,075,870044,15881,15156,98,15254,153
2020-11-26,San Joaquin,077,732212,27287,25738,526,26264,509
2020-11-26,San Luis Obispo,079,281455,6571,5964,101,6065,36
2020-11-26,San Mateo,081,765935,14916,13715,16,13731,169
2020-11-26,Santa Barbara,083,443738,11788,11277,200,11477,139
2020-11-26,Santa Clara,085,1922200,36934,32411,87,32498,446
2020-11-26,Santa Cruz,087,273765,4812,4269,59,4328,26
2020-11-26,Shasta,089,179085,5552,4712,198,4910,43
2020-11-26,Sierra,091,2930,18,15,0,15,0
2020-11-26,Siskiyou,093,43540,674,526,31,557,1
2020-11-26,Solano,095,438530,10833,9941,68,10009,87
2020-11-26,Sonoma,097,501317,12702,11922,58,11980,162
2020-11-26,Stanislaus,099,539301,22515,21186,1426,22612,445
2020-11-26,Sutter,101,95872,3612,3101,11,3112,15
2020-11-26,Tehama,103,63373,1793,1612,36,1648,9
2020-11-26,Trinity,105,12862,278,139,25,164,0
2020-11-26,Tulare,107,460477,22131,20649,1439,22088,319
2020-11-26,Tuolumne,109,53932,1116,871,8,879,7
2020-11-26,Ventura,111,848112,20895,19058,646,19704,179
2020-11-26,Yolo,113,214977,5111,4566,16,4582,76
2020-11-26,Yuba,115,75493,2111,1865,9,1874,10
2020-11-25,Alameda,001,1643700,30796,28378,339,28717,447
2020-11-25,Alpine,003,1148,51,41,0,41,0
2020-11-25,Amador,005,37829,579,484,1,485,16
2020-11-25,Butte,007,227075,4230,3848,242,4090,64
2020-11-25,Calaveras,009,45235,503,475,0,475,21
2020-11-25,Colusa,011,21464,772,693,4,697,6
2020-11-25,Contra Costa,013,1133247,24854,23307,160,23467,263
2020-11-25,Del Norte,015,27424,367,304,0,304,2
2020-11-25,El Dorado,017,186661,2823,2154,42,2196,4
2020-11-25,Fresno,019,978130,42583,37349,1420,38769,494
2020-11-25,Glenn,021,27897,1005,891,42,933,4
2020-11-25,Humboldt,023,135768,922,777,2,779,9
2020-11-25,Imperial,025,180216,16500,15640,91,15731,355
2020-11-25,Inyo,027,18085,310,289,5,294,15
2020-11-25,Kern,029,883053,41820,38878,1225,40103,467
2020-11-25,Kings,031,150075,11709,10417,156,10573,85
2020-11-25,Lake,033,64148,1005,878,0,878,18
2020-11-25,Lassen,035,31185,2196,1701,8,1709,0
2020-11-25,Los Angeles,037,10098052,401880,373919,6087,380006,7545
2020-11-25,Madera,039,155013,6587,5989,149,6138,57
2020-11-25,Marin,041,260295,7832,7601,29,7630,135
2020-11-25,Mariposa,043,17540,136,114,2,116,2
2020-11-25,Mendocino,045,87422,1536,1373,7,1380,22
2020-11-25,Merced,047,269075,12105,11346,107,11453,172
2020-11-25,Modoc,049,8938,121,96,21,117,0
2020-11-25,Mono,051,14174,537,487,10,497,2
2020-11-25,Monterey,053,433212,15799,14695,264,14959,113
2020-11-25,Napa,055,140530,3337,2945,17,2962,17
2020-11-25,Nevada,057,99092,1461,1170,34,1204,9
2020-11-25,Orange,059,3164182,81482,73014,2436,75450,1551
2020-11-25,Placer,061,380077,7566,6221,141,6362,68
2020-11-25,Plumas,063,18699,221,183,0,183,0
2020-11-25,Riverside,065,2383286,93982,85077,1838,86915,1438
2020-11-25,Sacramento,067,1510023,38325,35687,134,35821,574
2020-11-25,San Benito,069,59416,1895,1764,13,1777,15
2020-11-25,San Bernardino,071,2135413,99394,88469,1634,90103,1225
2020-11-25,San Diego,073,3302833,83414,75307,3045,78352,988
2020-11-25,San Francisco,075,870044,15774,15053,96,15149,153
2020-11-25,San Joaquin,077,732212,27159,25556,514,26070,515
2020-11-25,San Luis Obispo,079,281455,6528,5913,101,6014,34
2020-11-25,San Mateo,081,765935,14801,13614,16,13630,170
2020-11-25,Santa Barbara,083,443738,11738,11183,200,11383,138
2020-11-25,Santa Clara,085,1922200,36485,32032,86,32118,442
2020-11-25,Santa Cruz,087,273765,4759,4202,58,4260,25
2020-11-25,Shasta,089,179085,5506,4588,191,4779,43
2020-11-25,Sierra,091,2930,18,15,0,15,0
2020-11-25,Siskiyou,093,43540,667,499,31,530,1
2020-11-25,Solano,095,438530,10728,9832,67,9899,87
2020-11-25,Sonoma,097,501317,12640,11775,57,11832,162
2020-11-25,Stanislaus,099,539301,22383,21022,1399,22421,445
2020-11-25,Sutter,101,95872,3568,3064,11,3075,14
2020-11-25,Tehama,103,63373,1780,1587,30,1617,9
2020-11-25,Trinity,105,12862,276,135,25,160,0
2020-11-25,Tulare,107,460477,22040,20528,1409,21937,318
2020-11-25,Tuolumne,109,53932,1099,842,8,850,7
2020-11-25,Ventura,111,848112,20800,18914,640,19554,179
2020-11-25,Yolo,113,214977,5074,4527,16,4543,76
2020-11-25,Yuba,115,75493,2085,1840,9,1849,10
2020-11-24,Alameda,001,1643700,30320,28030,328,28358,444
2020-11-24,Alpine,003,1148,51,41,0,41,0
2020-11-24,Amador,005,37829,554,470,1,471,16
2020-11-24,Butte,007,227075,4144,3798,234,4032,63
2020-11-24,Calaveras,009,45235,497,466,0,466,21
2020-11-24,Colusa,011,21464,754,682,4,686,6
2020-11-24,Contra Costa,013,1133247,24501,23072,154,23226,259
2020-11-24,Del Norte,015,27424,358,298,0,298,2
2020-11-24,El Dorado,017,186661,2718,2005,41,2046,4
2020-11-24,Fresno,019,978130,42180,37021,1345,38366,493
2020-11-24,Glenn,021,27897,987,883,38,921,4
2020-11-24,Humboldt,023,135768,903,774,2,776,9
2020-11-24,Imperial,025,180216,16396,15600,86,15686,355
2020-11-24,Inyo,027,18085,309,282,5,287,15
2020-11-24,Kern,029,883053,41346,38551,1149,39700,465
2020-11-24,Kings,031,150075,11442,10338,143,10481,85
2020-11-24,Lake,033,64148,988,872,0,872,18
2020-11-24,Lassen,035,31185,2173,1657,8,1665,0
2020-11-24,Los Angeles,037,10098052,395569,370008,5856,375864,7501
2020-11-24,Madera,039,155013,6504,5881,142,6023,57
2020-11-24,Marin,041,260295,7785,7591,29,7620,135
2020-11-24,Mariposa,043,17540,126,114,1,115,2
2020-11-24,Mendocino,045,87422,1514,1346,6,1352,22
2020-11-24,Merced,047,269075,11917,11268,101,11369,171
2020-11-24,Modoc,049,8938,117,91,21,112,0
2020-11-24,Mono,051,14174,533,483,10,493,2
2020-11-24,Monterey,053,433212,15537,14354,255,14609,113
2020-11-24,Napa,055,140530,3270,2904,17,2921,17
2020-11-24,Nevada,057,99092,1397,1156,32,1188,9
2020-11-24,Orange,059,3164182,80041,71975,2359,74334,1547
2020-11-24,Placer,061,380077,7386,6147,134,6281,67
2020-11-24,Plumas,063,18699,218,180,0,180,0
2020-11-24,Riverside,065,2383286,92223,83685,1712,85397,1420
2020-11-24,Sacramento,067,1510023,37645,35097,127,35224,568
2020-11-24,San Benito,069,59416,1864,1740,12,1752,15
2020-11-24,San Bernardino,071,2135413,97054,86645,1533,88178,1226
2020-11-24,San Diego,073,3302833,82004,74363,2974,77337,984
2020-11-24,San Francisco,075,870044,15579,14874,92,14966,153
2020-11-24,San Joaquin,077,732212,26846,25318,487,25805,517
2020-11-24,San Luis Obispo,079,281455,6465,5805,100,5905,34
2020-11-24,San Mateo,081,765935,14592,13558,15,13573,170
2020-11-24,Santa Barbara,083,443738,11632,11154,199,11353,138
2020-11-24,Santa Clara,085,1922200,35697,31564,82,31646,438
2020-11-24,Santa Cruz,087,273765,4646,4132,57,4189,25
2020-11-24,Shasta,089,179085,5406,4410,172,4582,43
2020-11-24,Sierra,091,2930,18,15,0,15,0
2020-11-24,Siskiyou,093,43540,649,473,28,501,1
2020-11-24,Solano,095,438530,10556,9716,66,9782,86
2020-11-24,Sonoma,097,501317,12461,11644,54,11698,162
2020-11-24,Stanislaus,099,539301,22141,20830,1356,22186,438
2020-11-24,Sutter,101,95872,3462,2974,11,2985,14
2020-11-24,Tehama,103,63373,1736,1565,25,1590,9
2020-11-24,Trinity,105,12862,269,129,24,153,0
2020-11-24,Tulare,107,460477,21790,20319,1348,21667,315
2020-11-24,Tuolumne,109,53932,1070,832,8,840,7
2020-11-24,Ventura,111,848112,20419,18637,630,19267,179
2020-11-24,Yolo,113,214977,4988,4420,16,4436,76
2020-11-24,Yuba,115,75493,2034,1804,7,1811,10
2020-11-23,Alameda,001,1643700,29903,27718,316,28034,444
2020-11-23,Alpine,003,1148,49,41,0,41,0
2020-11-23,Amador,005,37829,513,457,1,458,16
2020-11-23,Butte,007,227075,4080,3765,228,3993,61
2020-11-23,Calaveras,009,45235,481,434,0,434,21
2020-11-23,Colusa,011,21464,740,662,4,666,6
2020-11-23,Contra Costa,013,1133247,24233,22674,149,22823,260
2020-11-23,Del Norte,015,27424,336,296,0,296,2
2020-11-23,El Dorado,017,186661,2598,2005,40,2045,4
2020-11-23,Fresno,019,978130,41732,36688,1284,37972,488
2020-11-23,Glenn,021,27897,961,853,38,891,4
2020-11-23,Humboldt,023,135768,890,746,2,748,9
2020-11-23,Imperial,025,180216,16233,15104,81,15185,355
2020-11-23,Inyo,027,18085,302,279,5,284,15
2020-11-23,Kern,029,883053,40833,38245,1086,39331,463
2020-11-23,Kings,031,150075,11022,10204,137,10341,85
2020-11-23,Lake,033,64148,965,840,0,840,18
2020-11-23,Lassen,035,31185,2093,1271,7,1278,0
2020-11-23,Los Angeles,037,10098052,389465,366374,5611,371985,7447
2020-11-23,Madera,039,155013,6379,5787,138,5925,56
2020-11-23,Marin,041,260295,7742,7543,29,7572,135
2020-11-23,Mariposa,043,17540,125,97,1,98,2
2020-11-23,Mendocino,045,87422,1484,1330,6,1336,22
2020-11-23,Merced,047,269075,11728,11148,98,11246,169
2020-11-23,Modoc,049,8938,104,91,20,111,0
2020-11-23,Mono,051,14174,520,480,10,490,2
2020-11-23,Monterey,053,433212,15258,14265,249,14514,112
2020-11-23,Napa,055,140530,3203,2811,17,2828,17
2020-11-23,Nevada,057,99092,1308,1087,32,1119,9
2020-11-23,Orange,059,3164182,78636,71074,2315,73389,1546
2020-11-23,Placer,061,380077,7184,5999,133,6132,66
2020-11-23,Plumas,063,18699,214,172,0,172,0
2020-11-23,Riverside,065,2383286,90446,82175,1648,83823,1415
2020-11-23,Sacramento,067,1510023,37074,34141,121,34262,556
2020-11-23,San Benito,069,59416,1836,1729,11,1740,15
2020-11-23,San Bernardino,071,2135413,94946,84387,1469,85856,1224
2020-11-23,San Diego,073,3302833,80541,72817,2886,75703,968
2020-11-23,San Francisco,075,870044,15421,14646,90,14736,153
2020-11-23,San Joaquin,077,732212,26496,24622,483,25105,517
2020-11-23,San Luis Obispo,079,281455,6383,5772,98,5870,34
2020-11-23,San Mateo,081,765935,14402,13364,15,13379,170
2020-11-23,Santa Barbara,083,443738,11525,10944,195,11139,137
2020-11-23,Santa Clara,085,1922200,35043,31064,79,31143,435
2020-11-23,Santa Cruz,087,273765,4536,4003,53,4056,25
2020-11-23,Shasta,089,179085,5288,4100,160,4260,43
2020-11-23,Sierra,091,2930,17,15,0,15,0
2020-11-23,Siskiyou,093,43540,622,460,28,488,0
2020-11-23,Solano,095,438530,10399,9394,63,9457,86
2020-11-23,Sonoma,097,501317,12288,11507,50,11557,160
2020-11-23,Stanislaus,099,539301,21847,20487,1324,21811,436
2020-11-23,Sutter,101,95872,3325,2840,10,2850,14
2020-11-23,Tehama,103,63373,1687,1526,21,1547,9
2020-11-23,Trinity,105,12862,260,120,22,142,0
2020-11-23,Tulare,107,460477,21497,19818,1283,21101,315
2020-11-23,Tuolumne,109,53932,1030,774,8,782,7
2020-11-23,Ventura,111,848112,20044,18480,617,19097,179
2020-11-23,Yolo,113,214977,4907,4265,15,4280,75
2020-11-23,Yuba,115,75493,1967,1702,7,1709,10
2020-11-22,Alameda,001,1643700,29465,27472,305,27777,444
2020-11-22,Alpine,003,1148,46,41,0,41,0
2020-11-22,Amador,005,37829,501,450,1,451,16
2020-11-22,Butte,007,227075,4030,3712,220,3932,61
2020-11-22,Calaveras,009,45235,473,434,0,434,21
2020-11-22,Colusa,011,21464,722,642,3,645,6
2020-11-22,Contra Costa,013,1133247,23928,22407,144,22551,260
2020-11-22,Del Norte,015,27424,312,271,0,271,2
2020-11-22,El Dorado,017,186661,2488,1917,36,1953,4
2020-11-22,Fresno,019,978130,41248,36315,1229,37544,488
2020-11-22,Glenn,021,27897,939,832,34,866,4
2020-11-22,Humboldt,023,135768,874,729,2,731,9
2020-11-22,Imperial,025,180216,16029,15109,36,15145,355
2020-11-22,Inyo,027,18085,295,279,5,284,15
2020-11-22,Kern,029,883053,40254,37904,1053,38957,463
2020-11-22,Kings,031,150075,10923,10035,128,10163,85
2020-11-22,Lake,033,64148,943,834,0,834,18
2020-11-22,Lassen,035,31185,1928,1211,6,1217,0
2020-11-22,Los Angeles,037,10098052,383181,360341,5368,365709,7438
2020-11-22,Madera,039,155013,6297,5745,127,5872,56
2020-11-22,Marin,041,260295,7708,7506,28,7534,135
2020-11-22,Mariposa,043,17540,124,95,1,96,2
2020-11-22,Mendocino,045,87422,1460,1285,5,1290,22
2020-11-22,Merced,047,269075,11579,10939,98,11037,169
2020-11-22,Modoc,049,8938,103,87,19,106,0
2020-11-22,Mono,051,14174,505,481,10,491,2
2020-11-22,Monterey,053,433212,15017,13887,244,14131,111
2020-11-22,Napa,055,140530,3124,2778,17,2795,17
2020-11-22,Nevada,057,99092,1250,1052,32,1084,9
2020-11-22,Orange,059,3164182,77219,69913,2277,72190,1546
2020-11-22,Placer,061,380077,6958,5880,123,6003,66
2020-11-22,Plumas,063,18699,201,172,0,172,0
2020-11-22,Riverside,065,2383286,88847,81565,1589,83154,1409
2020-11-22,Sacramento,067,1510023,36340,33421,108,33529,555
2020-11-22,San Benito,069,59416,1807,1704,11,1715,15
2020-11-22,San Bernardino,071,2135413,92607,83505,1399,84904,1224
2020-11-22,San Diego,073,3302833,78804,71649,2811,74460,968
2020-11-22,San Francisco,075,870044,15251,14515,89,14604,153
2020-11-22,San Joaquin,077,732212,26196,24619,471,25090,517
2020-11-22,San Luis Obispo,079,281455,6276,5664,97,5761,34
2020-11-22,San Mateo,081,765935,14197,13228,15,13243,170
2020-11-22,Santa Barbara,083,443738,11390,10946,190,11136,137
2020-11-22,Santa Clara,085,1922200,34365,30633,77,30710,434
2020-11-22,Santa Cruz,087,273765,4454,3896,46,3942,25
2020-11-22,Shasta,089,179085,5132,4100,142,4242,43
2020-11-22,Sierra,091,2930,17,13,0,13,0
2020-11-22,Siskiyou,093,43540,591,411,28,439,0
2020-11-22,Solano,095,438530,10225,9363,59,9422,86
2020-11-22,Sonoma,097,501317,12130,11415,48,11463,159
2020-11-22,Stanislaus,099,539301,21523,20223,1294,21517,436
2020-11-22,Sutter,101,95872,3208,2677,10,2687,13
2020-11-22,Tehama,103,63373,1650,1457,17,1474,9
2020-11-22,Trinity,105,12862,254,114,22,136,0
2020-11-22,Tulare,107,460477,21243,19818,1217,21035,314
2020-11-22,Tuolumne,109,53932,1003,689,8,697,7
2020-11-22,Ventura,111,848112,19683,18105,604,18709,179
2020-11-22,Yolo,113,214977,4807,4206,15,4221,75
2020-11-22,Yuba,115,75493,1914,1672,7,1679,10
2020-11-21,Alameda,001,1643700,29278,27424,303,27727,444
2020-11-21,Alpine,003,1148,46,41,0,41,0
2020-11-21,Amador,005,37829,487,450,1,451,16
2020-11-21,Butte,007,227075,3982,3664,217,3881,61
2020-11-21,Calaveras,009,45235,465,434,0,434,21
2020-11-21,Colusa,011,21464,713,642,3,645,6
2020-11-21,Contra Costa,013,1133247,23774,22338,142,22480,260
2020-11-21,Del Norte,015,27424,307,271,0,271,2
2020-11-21,El Dorado,017,186661,2439,1900,35,1935,4
2020-11-21,Fresno,019,978130,40993,35973,1194,37167,482
2020-11-21,Glenn,021,27897,934,829,32,861,4
2020-11-21,Humboldt,023,135768,864,728,2,730,9
2020-11-21,Imperial,025,180216,15949,15053,36,15089,355
2020-11-21,Inyo,027,18085,293,283,5,288,15
2020-11-21,Kern,029,883053,39998,37403,1018,38421,463
2020-11-21,Kings,031,150075,10875,10019,124,10143,85
2020-11-21,Lake,033,64148,930,832,0,832,18
2020-11-21,Lassen,035,31185,1861,1211,6,1217,0
2020-11-21,Los Angeles,037,10098052,379996,357754,5228,362982,7428
2020-11-21,Madera,039,155013,6259,5706,127,5833,56
2020-11-21,Marin,041,260295,7685,7488,27,7515,134
2020-11-21,Mariposa,043,17540,124,92,1,93,2
2020-11-21,Mendocino,045,87422,1429,1282,5,1287,22
2020-11-21,Merced,047,269075,11518,10849,97,10946,169
2020-11-21,Modoc,049,8938,99,87,18,105,0
2020-11-21,Mono,051,14174,500,469,10,479,2
2020-11-21,Monterey,053,433212,14919,13886,239,14125,110
2020-11-21,Napa,055,140530,3090,2757,17,2774,17
2020-11-21,Nevada,057,99092,1238,1018,31,1049,9
2020-11-21,Orange,059,3164182,76417,69021,2247,71268,1543
2020-11-21,Placer,061,380077,6843,5778,120,5898,65
2020-11-21,Plumas,063,18699,196,172,0,172,0
2020-11-21,Riverside,065,2383286,88070,80676,1543,82219,1407
2020-11-21,Sacramento,067,1510023,35944,33133,100,33233,548
2020-11-21,San Benito,069,59416,1788,1691,11,1702,15
2020-11-21,San Bernardino,071,2135413,91730,83206,1323,84529,1222
2020-11-21,San Diego,073,3302833,78025,70711,2756,73467,966
2020-11-21,San Francisco,075,870044,15147,14445,88,14533,153
2020-11-21,San Joaquin,077,732212,26063,24620,456,25076,517
2020-11-21,San Luis Obispo,079,281455,6223,5618,94,5712,34
2020-11-21,San Mateo,081,765935,14096,13138,15,13153,170
2020-11-21,Santa Barbara,083,443738,11338,10922,187,11109,137
2020-11-21,Santa Clara,085,1922200,33981,30377,74,30451,433
2020-11-21,Santa Cruz,087,273765,4397,3898,46,3944,25
2020-11-21,Shasta,089,179085,5059,4095,139,4234,42
2020-11-21,Sierra,091,2930,17,13,0,13,0
2020-11-21,Siskiyou,093,43540,575,403,28,431,0
2020-11-21,Solano,095,438530,10135,9290,56,9346,86
2020-11-21,Sonoma,097,501317,12055,11394,47,11441,158
2020-11-21,Stanislaus,099,539301,21380,20111,1270,21381,435
2020-11-21,Sutter,101,95872,3148,2615,9,2624,13
2020-11-21,Tehama,103,63373,1630,1435,16,1451,9
2020-11-21,Trinity,105,12862,251,110,22,132,0
2020-11-21,Tulare,107,460477,21116,19752,1183,20935,313
2020-11-21,Tuolumne,109,53932,984,690,8,698,7
2020-11-21,Ventura,111,848112,19520,18040,594,18634,177
2020-11-21,Yolo,113,214977,4733,4147,14,4161,75
2020-11-21,Yuba,115,75493,1882,1643,7,1650,10
2020-11-20,Alameda,001,1643700,29064,27221,296,27517,444
2020-11-20,Alpine,003,1148,46,20,0,20,0
2020-11-20,Amador,005,37829,483,446,1,447,16
2020-11-20,Butte,007,227075,3950,3618,213,3831,60
2020-11-20,Calaveras,009,45235,455,424,0,424,21
2020-11-20,Colusa,011,21464,705,631,2,633,6
2020-11-20,Contra Costa,013,1133247,23589,22116,138,22254,260
2020-11-20,Del Norte,015,27424,304,264,0,264,2
2020-11-20,El Dorado,017,186661,2342,1868,33,1901,4
2020-11-20,Fresno,019,978130,40699,35635,1165,36800,480
2020-11-20,Glenn,021,27897,922,826,30,856,4
2020-11-20,Humboldt,023,135768,855,714,1,715,9
2020-11-20,Imperial,025,180216,15885,14864,32,14896,353
2020-11-20,Inyo,027,18085,291,262,5,267,15
2020-11-20,Kern,029,883053,39704,37143,993,38136,462
2020-11-20,Kings,031,150075,10827,9903,123,10026,85
2020-11-20,Lake,033,64148,921,820,0,820,18
2020-11-20,Lassen,035,31185,1776,1212,5,1217,0
2020-11-20,Los Angeles,037,10098052,376099,353554,5067,358621,7398
2020-11-20,Madera,039,155013,6165,5635,126,5761,54
2020-11-20,Marin,041,260295,7661,7467,26,7493,134
2020-11-20,Mariposa,043,17540,116,89,1,90,2
2020-11-20,Mendocino,045,87422,1409,1269,5,1274,22
2020-11-20,Merced,047,269075,11433,10729,97,10826,167
2020-11-20,Modoc,049,8938,99,83,18,101,0
2020-11-20,Mono,051,14174,498,469,10,479,2
2020-11-20,Monterey,053,433212,14794,13738,230,13968,110
2020-11-20,Napa,055,140530,3060,2718,17,2735,17
2020-11-20,Nevada,057,99092,1220,990,30,1020,9
2020-11-20,Orange,059,3164182,75582,68212,2210,70422,1532
2020-11-20,Placer,061,380077,6708,5687,105,5792,66
2020-11-20,Plumas,063,18699,194,163,0,163,0
2020-11-20,Riverside,065,2383286,87058,79613,1483,81096,1405
2020-11-20,Sacramento,067,1510023,35568,32832,93,32925,549
2020-11-20,San Benito,069,59416,1776,1668,11,1679,15
2020-11-20,San Bernardino,071,2135413,90360,81203,1241,82444,1220
2020-11-20,San Diego,073,3302833,77027,69233,2674,71907,960
2020-11-20,San Francisco,075,870044,15044,14327,87,14414,153
2020-11-20,San Joaquin,077,732212,25910,24460,443,24903,515
2020-11-20,San Luis Obispo,079,281455,6168,5524,91,5615,34
2020-11-20,San Mateo,081,765935,13963,12980,14,12994,169
2020-11-20,Santa Barbara,083,443738,11282,10825,181,11006,136
2020-11-20,Santa Clara,085,1922200,33560,30002,69,30071,431
2020-11-20,Santa Cruz,087,273765,4332,3815,46,3861,25
2020-11-20,Shasta,089,179085,4986,3861,134,3995,42
2020-11-20,Sierra,091,2930,17,12,0,12,0
2020-11-20,Siskiyou,093,43540,561,387,27,414,0
2020-11-20,Solano,095,438530,10042,9216,54,9270,85
2020-11-20,Sonoma,097,501317,11971,11316,46,11362,158
2020-11-20,Stanislaus,099,539301,21223,19889,1244,21133,433
2020-11-20,Sutter,101,95872,3098,2580,9,2589,13
2020-11-20,Tehama,103,63373,1613,1410,13,1423,9
2020-11-20,Trinity,105,12862,250,102,22,124,0
2020-11-20,Tulare,107,460477,20983,19568,1145,20713,311
2020-11-20,Tuolumne,109,53932,945,662,8,670,7
2020-11-20,Ventura,111,848112,19352,17741,567,18308,175
2020-11-20,Yolo,113,214977,4654,4081,13,4094,74
2020-11-20,Yuba,115,75493,1854,1611,7,1618,10
2020-11-19,Alameda,001,1643700,28718,26971,288,27259,441
2020-11-19,Alpine,003,1148,43,20,0,20,0
2020-11-19,Amador,005,37829,479,436,1,437,16
2020-11-19,Butte,007,227075,3901,3576,206,3782,60
2020-11-19,Calaveras,009,45235,444,417,0,417,21
2020-11-19,Colusa,011,21464,687,621,2,623,6
2020-11-19,Contra Costa,013,1133247,23318,21886,135,22021,259
2020-11-19,Del Norte,015,27424,296,251,0,251,2
2020-11-19,El Dorado,017,186661,2268,1825,29,1854,4
2020-11-19,Fresno,019,978130,40250,35278,1109,36387,478
2020-11-19,Glenn,021,27897,900,806,29,835,4
2020-11-19,Humboldt,023,135768,835,693,1,694,9
2020-11-19,Imperial,025,180216,15675,14507,32,14539,349
2020-11-19,Inyo,027,18085,289,262,5,267,15
2020-11-19,Kern,029,883053,39284,36779,951,37730,459
2020-11-19,Kings,031,150075,10679,9763,116,9879,85
2020-11-19,Lake,033,64148,907,809,0,809,18
2020-11-19,Lassen,035,31185,1659,1201,3,1204,0
2020-11-19,Los Angeles,037,10098052,371072,349493,4904,354397,7365
2020-11-19,Madera,039,155013,6093,5540,118,5658,54
2020-11-19,Marin,041,260295,7630,7451,26,7477,134
2020-11-19,Mariposa,043,17540,109,88,0,88,2
2020-11-19,Mendocino,045,87422,1388,1237,5,1242,23
2020-11-19,Merced,047,269075,11293,10634,91,10725,167
2020-11-19,Modoc,049,8938,96,82,18,100,0
2020-11-19,Mono,051,14174,490,468,10,478,2
2020-11-19,Monterey,053,433212,14580,13369,219,13588,108
2020-11-19,Napa,055,140530,3006,2641,17,2658,17
2020-11-19,Nevada,057,99092,1179,945,29,974,9
2020-11-19,Orange,059,3164182,74317,66998,2168,69166,1530
2020-11-19,Placer,061,380077,6517,5612,104,5716,65
2020-11-19,Plumas,063,18699,189,158,0,158,0
2020-11-19,Riverside,065,2383286,85575,78535,1412,79947,1402
2020-11-19,Sacramento,067,1510023,35054,32367,91,32458,546
2020-11-19,San Benito,069,59416,1753,1643,11,1654,15
2020-11-19,San Bernardino,071,2135413,88462,79244,1163,80407,1215
2020-11-19,San Diego,073,3302833,75777,68142,2570,70712,952
2020-11-19,San Francisco,075,870044,14888,14178,81,14259,153
2020-11-19,San Joaquin,077,732212,25591,24270,433,24703,516
2020-11-19,San Luis Obispo,079,281455,6091,5410,87,5497,34
2020-11-19,San Mateo,081,765935,13825,12714,14,12728,169
2020-11-19,Santa Barbara,083,443738,11202,10741,178,10919,136
2020-11-19,Santa Clara,085,1922200,33006,29630,68,29698,424
2020-11-19,Santa Cruz,087,273765,4240,3679,44,3723,25
2020-11-19,Shasta,089,179085,4848,3685,124,3809,42
2020-11-19,Sierra,091,2930,17,11,0,11,0
2020-11-19,Siskiyou,093,43540,536,360,26,386,0
2020-11-19,Solano,095,438530,9905,9093,50,9143,84
2020-11-19,Sonoma,097,501317,11801,11205,44,11249,156
2020-11-19,Stanislaus,099,539301,20982,19736,1201,20937,433
2020-11-19,Sutter,101,95872,2999,2509,9,2518,13
2020-11-19,Tehama,103,63373,1578,1373,10,1383,9
2020-11-19,Trinity,105,12862,244,97,22,119,0
2020-11-19,Tulare,107,460477,20762,19384,1082,20466,304
2020-11-19,Tuolumne,109,53932,914,602,8,610,7
2020-11-19,Ventura,111,848112,18999,17300,554,17854,174
2020-11-19,Yolo,113,214977,4560,3973,13,3986,72
2020-11-19,Yuba,115,75493,1814,1568,7,1575,10
2020-11-18,Alameda,001,1643700,28454,26610,283,26893,440
2020-11-18,Alpine,003,1148,42,16,0,16,0
2020-11-18,Amador,005,37829,474,430,1,431,16
2020-11-18,Butte,007,227075,3848,3537,193,3730,59
2020-11-18,Calaveras,009,45235,438,409,0,409,21
2020-11-18,Colusa,011,21464,674,611,2,613,6
2020-11-18,Contra Costa,013,1133247,23054,21685,132,21817,258
2020-11-18,Del Norte,015,27424,284,240,0,240,2
2020-11-18,El Dorado,017,186661,2180,1799,28,1827,4
2020-11-18,Fresno,019,978130,39810,34997,1060,36057,474
2020-11-18,Glenn,021,27897,883,803,27,830,4
2020-11-18,Humboldt,023,135768,820,690,1,691,9
2020-11-18,Imperial,025,180216,15449,14428,32,14460,348
2020-11-18,Inyo,027,18085,287,262,5,267,15
2020-11-18,Kern,029,883053,38894,36537,902,37439,456
2020-11-18,Kings,031,150075,10531,9696,113,9809,85
2020-11-18,Lake,033,64148,895,802,0,802,18
2020-11-18,Lassen,035,31185,1559,1124,3,1127,0
2020-11-18,Los Angeles,037,10098052,366194,344675,4727,349402,7338
2020-11-18,Madera,039,155013,6006,5519,106,5625,54
2020-11-18,Marin,041,260295,7606,7435,26,7461,134
2020-11-18,Mariposa,043,17540,106,88,0,88,2
2020-11-18,Mendocino,045,87422,1368,1237,5,1242,23
2020-11-18,Merced,047,269075,11177,10536,90,10626,166
2020-11-18,Modoc,049,8938,93,77,18,95,0
2020-11-18,Mono,051,14174,485,468,10,478,2
2020-11-18,Monterey,053,433212,14385,13340,205,13545,108
2020-11-18,Napa,055,140530,2961,2607,17,2624,17
2020-11-18,Nevada,057,99092,1139,933,27,960,9
2020-11-18,Orange,059,3164182,73222,66381,2143,68524,1521
2020-11-18,Placer,061,380077,6339,5543,99,5642,64
2020-11-18,Plumas,063,18699,184,143,0,143,0
2020-11-18,Riverside,065,2383286,84112,77739,1311,79050,1387
2020-11-18,Sacramento,067,1510023,34429,31816,83,31899,541
2020-11-18,San Benito,069,59416,1728,1632,10,1642,15
2020-11-18,San Bernardino,071,2135413,86703,77400,1084,78484,1206
2020-11-18,San Diego,073,3302833,74483,67243,2510,69753,945
2020-11-18,San Francisco,075,870044,14744,14057,79,14136,153
2020-11-18,San Joaquin,077,732212,25329,24146,419,24565,517
2020-11-18,San Luis Obispo,079,281455,6015,5322,86,5408,34
2020-11-18,San Mateo,081,765935,13672,12631,13,12644,169
2020-11-18,Santa Barbara,083,443738,11123,10684,171,10855,136
2020-11-18,Santa Clara,085,1922200,32540,29285,64,29349,421
2020-11-18,Santa Cruz,087,273765,4151,3618,42,3660,25
2020-11-18,Shasta,089,179085,4714,3547,120,3667,42
2020-11-18,Sierra,091,2930,17,11,0,11,0
2020-11-18,Siskiyou,093,43540,504,351,25,376,0
2020-11-18,Solano,095,438530,9773,8994,48,9042,84
2020-11-18,Sonoma,097,501317,11694,11129,41,11170,155
2020-11-18,Stanislaus,099,539301,20740,19609,1177,20786,431
2020-11-18,Sutter,101,95872,2881,2442,9,2451,13
2020-11-18,Tehama,103,63373,1540,1338,10,1348,8
2020-11-18,Trinity,105,12862,230,95,21,116,0
2020-11-18,Tulare,107,460477,20551,19286,1031,20317,306
2020-11-18,Tuolumne,109,53932,879,590,8,598,7
2020-11-18,Ventura,111,848112,18674,17169,539,17708,173
2020-11-18,Yolo,113,214977,4487,3929,13,3942,71
2020-11-18,Yuba,115,75493,1760,1540,7,1547,10
2020-11-17,Alameda,001,1643700,28127,26425,272,26697,439
2020-11-17,Alpine,003,1148,40,12,0,12,0
2020-11-17,Amador,005,37829,463,423,1,424,16
2020-11-17,Butte,007,227075,3806,3500,182,3682,59
2020-11-17,Calaveras,009,45235,421,405,0,405,21
2020-11-17,Colusa,011,21464,663,606,1,607,6
2020-11-17,Contra Costa,013,1133247,22783,21557,127,21684,256
2020-11-17,Del Norte,015,27424,278,233,0,233,2
2020-11-17,El Dorado,017,186661,2121,1758,28,1786,4
2020-11-17,Fresno,019,978130,39211,34765,1001,35766,472
2020-11-17,Glenn,021,27897,872,795,26,821,4
2020-11-17,Humboldt,023,135768,798,685,1,686,9
2020-11-17,Imperial,025,180216,15211,14204,30,14234,346
2020-11-17,Inyo,027,18085,286,263,5,268,15
2020-11-17,Kern,029,883053,38445,36164,849,37013,455
2020-11-17,Kings,031,150075,10458,9653,105,9758,85
2020-11-17,Lake,033,64148,875,792,0,792,18
2020-11-17,Lassen,035,31185,1480,1124,3,1127,0
2020-11-17,Los Angeles,037,10098052,361242,340933,4570,345503,7302
2020-11-17,Madera,039,155013,5918,5485,99,5584,54
2020-11-17,Marin,041,260295,7574,7404,25,7429,134
2020-11-17,Mariposa,043,17540,103,87,0,87,2
2020-11-17,Mendocino,045,87422,1347,1216,5,1221,23
2020-11-17,Merced,047,269075,11033,10457,84,10541,162
2020-11-17,Modoc,049,8938,87,71,17,88,0
2020-11-17,Mono,051,14174,480,459,10,469,2
2020-11-17,Monterey,053,433212,14156,13220,195,13415,108
2020-11-17,Napa,055,140530,2907,2568,17,2585,17
2020-11-17,Nevada,057,99092,1098,918,26,944,9
2020-11-17,Orange,059,3164182,72071,65757,2117,67874,1519
2020-11-17,Placer,061,380077,6177,5435,93,5528,63
2020-11-17,Plumas,063,18699,176,142,0,142,0
2020-11-17,Riverside,065,2383286,82726,77079,1220,78299,1379
2020-11-17,Sacramento,067,1510023,33831,31341,79,31420,538
2020-11-17,San Benito,069,59416,1712,1611,4,1615,15
2020-11-17,San Bernardino,071,2135413,84894,76134,995,77129,1188
2020-11-17,San Diego,073,3302833,73230,66321,2454,68775,933
2020-11-17,San Francisco,075,870044,14578,13952,78,14030,153
2020-11-17,San Joaquin,077,732212,25053,23997,399,24396,516
2020-11-17,San Luis Obispo,079,281455,5919,5235,86,5321,34
2020-11-17,San Mateo,081,765935,13512,12491,12,12503,169
2020-11-17,Santa Barbara,083,443738,11038,10597,166,10763,136
2020-11-17,Santa Clara,085,1922200,31992,29013,63,29076,419
2020-11-17,Santa Cruz,087,273765,4065,3548,39,3587,25
2020-11-17,Shasta,089,179085,4556,3457,108,3565,40
2020-11-17,Sierra,091,2930,15,11,0,11,0
2020-11-17,Siskiyou,093,43540,456,333,24,357,0
2020-11-17,Solano,095,438530,9628,8905,47,8952,84
2020-11-17,Sonoma,097,501317,11560,11084,40,11124,155
2020-11-17,Stanislaus,099,539301,20517,19466,1150,20616,425
2020-11-17,Sutter,101,95872,2798,2370,8,2378,12
2020-11-17,Tehama,103,63373,1487,1290,10,1300,7
2020-11-17,Trinity,105,12862,213,83,21,104,0
2020-11-17,Tulare,107,460477,20323,19176,970,20146,305
2020-11-17,Tuolumne,109,53932,840,568,8,576,7
2020-11-17,Ventura,111,848112,18402,16797,521,17318,173
2020-11-17,Yolo,113,214977,4311,3887,12,3899,70
2020-11-17,Yuba,115,75493,1712,1519,7,1526,10
2020-11-16,Alameda,001,1643700,27780,26063,267,26330,436
2020-11-16,Alpine,003,1148,37,12,0,12,0
2020-11-16,Amador,005,37829,455,414,1,415,16
2020-11-16,Butte,007,227075,3767,3490,174,3664,58
2020-11-16,Calaveras,009,45235,413,402,0,402,21
2020-11-16,Colusa,011,21464,654,601,1,602,6
2020-11-16,Contra Costa,013,1133247,22517,21386,122,21508,256
2020-11-16,Del Norte,015,27424,271,225,0,225,2
2020-11-16,El Dorado,017,186661,2061,1694,26,1720,4
2020-11-16,Fresno,019,978130,38721,34593,949,35542,471
2020-11-16,Glenn,021,27897,860,786,25,811,4
2020-11-16,Humboldt,023,135768,782,660,1,661,9
2020-11-16,Imperial,025,180216,14963,14111,30,14141,346
2020-11-16,Inyo,027,18085,283,263,5,268,15
2020-11-16,Kern,029,883053,38050,36049,807,36856,455
2020-11-16,Kings,031,150075,10191,9569,101,9670,85
2020-11-16,Lake,033,64148,864,784,0,784,18
2020-11-16,Lassen,035,31185,1299,1124,3,1127,0
2020-11-16,Los Angeles,037,10098052,356486,338778,4402,343180,7277
2020-11-16,Madera,039,155013,5833,5433,93,5526,54
2020-11-16,Marin,041,260295,7543,7359,24,7383,134
2020-11-16,Mariposa,043,17540,100,86,0,86,2
2020-11-16,Mendocino,045,87422,1322,1209,5,1214,23
2020-11-16,Merced,047,269075,10894,10399,81,10480,162
2020-11-16,Modoc,049,8938,85,71,17,88,0
2020-11-16,Mono,051,14174,478,453,10,463,2
2020-11-16,Monterey,053,433212,13910,13089,185,13274,107
2020-11-16,Napa,055,140530,2833,2536,17,2553,17
2020-11-16,Nevada,057,99092,1055,889,24,913,9
2020-11-16,Orange,059,3164182,70976,65396,2103,67499,1519
2020-11-16,Placer,061,380077,6058,5387,85,5472,63
2020-11-16,Plumas,063,18699,169,127,0,127,0
2020-11-16,Riverside,065,2383286,81351,76449,1156,77605,1379
2020-11-16,Sacramento,067,1510023,33193,30954,72,31026,534
2020-11-16,San Benito,069,59416,1694,1603,3,1606,15
2020-11-16,San Bernardino,071,2135413,83068,74401,929,75330,1186
2020-11-16,San Diego,073,3302833,71919,65603,2382,67985,926
2020-11-16,San Francisco,075,870044,14420,13847,76,13923,153
2020-11-16,San Joaquin,077,732212,24765,23515,389,23904,513
2020-11-16,San Luis Obispo,079,281455,5816,5161,82,5243,34
2020-11-16,San Mateo,081,765935,13352,12398,12,12410,169
2020-11-16,Santa Barbara,083,443738,10973,10565,162,10727,135
2020-11-16,Santa Clara,085,1922200,31430,28673,62,28735,419
2020-11-16,Santa Cruz,087,273765,3992,3520,39,3559,25
2020-11-16,Shasta,089,179085,4408,3284,103,3387,37
2020-11-16,Sierra,091,2930,15,11,0,11,0
2020-11-16,Siskiyou,093,43540,429,294,24,318,0
2020-11-16,Solano,095,438530,9429,8827,47,8874,84
2020-11-16,Sonoma,097,501317,11469,10961,39,11000,155
2020-11-16,Stanislaus,099,539301,20280,19333,1123,20456,425
2020-11-16,Sutter,101,95872,2692,2322,8,2330,12
2020-11-16,Tehama,103,63373,1442,1261,7,1268,7
2020-11-16,Trinity,105,12862,201,67,21,88,0
2020-11-16,Tulare,107,460477,20145,18891,917,19808,305
2020-11-16,Tuolumne,109,53932,803,543,8,551,7
2020-11-16,Ventura,111,848112,18064,16691,513,17204,172
2020-11-16,Yolo,113,214977,4216,3858,12,3870,70
2020-11-16,Yuba,115,75493,1676,1500,6,1506,10
2020-11-15,Alameda,001,1643700,27463,25879,262,26141,436
2020-11-15,Alpine,003,1148,35,12,0,12,0
2020-11-15,Amador,005,37829,443,409,1,410,16
2020-11-15,Butte,007,227075,3713,3452,165,3617,58
2020-11-15,Calaveras,009,45235,398,386,0,386,21
2020-11-15,Colusa,011,21464,645,601,1,602,6
2020-11-15,Contra Costa,013,1133247,22219,21179,121,21300,256
2020-11-15,Del Norte,015,27424,257,224,0,224,2
2020-11-15,El Dorado,017,186661,1999,1683,25,1708,4
2020-11-15,Fresno,019,978130,38210,34297,911,35208,471
2020-11-15,Glenn,021,27897,848,783,24,807,4
2020-11-15,Humboldt,023,135768,754,653,1,654,9
2020-11-15,Imperial,025,180216,14728,13940,30,13970,346
2020-11-15,Inyo,027,18085,273,263,5,268,15
2020-11-15,Kern,029,883053,37644,35911,772,36683,455
2020-11-15,Kings,031,150075,9998,9533,98,9631,85
2020-11-15,Lake,033,64148,854,777,0,777,17
2020-11-15,Lassen,035,31185,1252,1124,3,1127,0
2020-11-15,Los Angeles,037,10098052,351439,336035,4234,340269,7271
2020-11-15,Madera,039,155013,5735,5391,87,5478,54
2020-11-15,Marin,041,260295,7516,7347,24,7371,133
2020-11-15,Mariposa,043,17540,97,86,0,86,2
2020-11-15,Mendocino,045,87422,1303,1197,5,1202,22
2020-11-15,Merced,047,269075,10761,10350,81,10431,162
2020-11-15,Modoc,049,8938,84,68,17,85,0
2020-11-15,Mono,051,14174,476,453,10,463,2
2020-11-15,Monterey,053,433212,13714,12999,172,13171,107
2020-11-15,Napa,055,140530,2774,2509,15,2524,17
2020-11-15,Nevada,057,99092,999,859,24,883,9
2020-11-15,Orange,059,3164182,69932,65008,2087,67095,1519
2020-11-15,Placer,061,380077,5903,5330,77,5407,63
2020-11-15,Plumas,063,18699,163,127,0,127,0
2020-11-15,Riverside,065,2383286,80029,75531,1098,76629,1374
2020-11-15,Sacramento,067,1510023,32567,30601,67,30668,534
2020-11-15,San Benito,069,59416,1669,1589,2,1591,15
2020-11-15,San Bernardino,071,2135413,80919,73769,854,74623,1185
2020-11-15,San Diego,073,3302833,70418,64770,2325,67095,926
2020-11-15,San Francisco,075,870044,14244,13757,75,13832,153
2020-11-15,San Joaquin,077,732212,24555,23516,374,23890,513
2020-11-15,San Luis Obispo,079,281455,5695,5120,80,5200,34
2020-11-15,San Mateo,081,765935,13175,12348,12,12360,169
2020-11-15,Santa Barbara,083,443738,10878,10516,160,10676,135
2020-11-15,Santa Clara,085,1922200,30972,28289,61,28350,418
2020-11-15,Santa Cruz,087,273765,3851,3439,38,3477,25
2020-11-15,Shasta,089,179085,4235,3290,94,3384,37
2020-11-15,Sierra,091,2930,15,11,0,11,0
2020-11-15,Siskiyou,093,43540,410,294,24,318,0
2020-11-15,Solano,095,438530,9268,8713,44,8757,84
2020-11-15,Sonoma,097,501317,11351,10833,38,10871,154
2020-11-15,Stanislaus,099,539301,20006,19228,1098,20326,425
2020-11-15,Sutter,101,95872,2602,2230,8,2238,12
2020-11-15,Tehama,103,63373,1391,1222,6,1228,7
2020-11-15,Trinity,105,12862,191,67,19,86,0
2020-11-15,Tulare,107,460477,19927,18891,865,19756,305
2020-11-15,Tuolumne,109,53932,761,486,8,494,7
2020-11-15,Ventura,111,848112,17790,16564,505,17069,172
2020-11-15,Yolo,113,214977,4113,3819,12,3831,67
2020-11-15,Yuba,115,75493,1635,1470,5,1475,10
2020-11-14,Alameda,001,1643700,27196,25714,260,25974,435
2020-11-14,Alpine,003,1148,35,12,0,12,0
2020-11-14,Amador,005,37829,434,404,0,404,16
2020-11-14,Butte,007,227075,3677,3434,151,3585,58
2020-11-14,Calaveras,009,45235,397,386,0,386,21
2020-11-14,Colusa,011,21464,633,601,1,602,6
2020-11-14,Contra Costa,013,1133247,22077,20975,114,21089,256
2020-11-14,Del Norte,015,27424,250,219,0,219,2
2020-11-14,El Dorado,017,186661,1955,1648,25,1673,4
2020-11-14,Fresno,019,978130,37960,33969,875,34844,471
2020-11-14,Glenn,021,27897,839,772,21,793,3
2020-11-14,Humboldt,023,135768,739,643,1,644,9
2020-11-14,Imperial,025,180216,14635,13932,29,13961,346
2020-11-14,Inyo,027,18085,272,263,5,268,15
2020-11-14,Kern,029,883053,37434,35626,753,36379,454
2020-11-14,Kings,031,150075,9963,9490,95,9585,85
2020-11-14,Lake,033,64148,845,773,0,773,17
2020-11-14,Lassen,035,31185,1238,833,3,836,0
2020-11-14,Los Angeles,037,10098052,348732,333021,4125,337146,7269
2020-11-14,Madera,039,155013,5704,5371,85,5456,54
2020-11-14,Marin,041,260295,7499,7325,24,7349,133
2020-11-14,Mariposa,043,17540,96,86,0,86,2
2020-11-14,Mendocino,045,87422,1287,1181,5,1186,22
2020-11-14,Merced,047,269075,10705,10286,79,10365,161
2020-11-14,Modoc,049,8938,83,64,16,80,0
2020-11-14,Mono,051,14174,476,453,10,463,2
2020-11-14,Monterey,053,433212,13618,12854,162,13016,105
2020-11-14,Napa,055,140530,2740,2473,15,2488,17
2020-11-14,Nevada,057,99092,983,835,24,859,9
2020-11-14,Orange,059,3164182,69310,64340,2076,66416,1517
2020-11-14,Placer,061,380077,5827,5215,71,5286,63
2020-11-14,Plumas,063,18699,158,128,0,128,0
2020-11-14,Riverside,065,2383286,79289,74910,1059,75969,1373
2020-11-14,Sacramento,067,1510023,32241,30298,67,30365,532
2020-11-14,San Benito,069,59416,1654,1573,2,1575,15
2020-11-14,San Bernardino,071,2135413,79984,72868,823,73691,1184
2020-11-14,San Diego,073,3302833,69653,63715,2273,65988,926
2020-11-14,San Francisco,075,870044,14157,13661,74,13735,153
2020-11-14,San Joaquin,077,732212,24462,23516,367,23883,511
2020-11-14,San Luis Obispo,079,281455,5632,5073,75,5148,34
2020-11-14,San Mateo,081,765935,13067,12293,12,12305,169
2020-11-14,Santa Barbara,083,443738,10824,10482,158,10640,135
2020-11-14,Santa Clara,085,1922200,30687,27962,59,28021,416
2020-11-14,Santa Cruz,087,273765,3796,3402,38,3440,25
2020-11-14,Shasta,089,179085,4154,3195,92,3287,37
2020-11-14,Sierra,091,2930,15,11,0,11,0
2020-11-14,Siskiyou,093,43540,397,292,24,316,0
2020-11-14,Solano,095,438530,9189,8655,44,8699,84
2020-11-14,Sonoma,097,501317,11298,10769,38,10807,154
2020-11-14,Stanislaus,099,539301,19863,19068,1076,20144,424
2020-11-14,Sutter,101,95872,2557,2182,8,2190,12
2020-11-14,Tehama,103,63373,1369,1206,5,1211,7
2020-11-14,Trinity,105,12862,186,67,19,86,0
2020-11-14,Tulare,107,460477,19834,18853,837,19690,305
2020-11-14,Tuolumne,109,53932,733,448,8,456,7
2020-11-14,Ventura,111,848112,17644,16297,494,16791,172
2020-11-14,Yolo,113,214977,4069,3765,10,3775,65
2020-11-14,Yuba,115,75493,1606,1453,5,1458,10
2020-11-13,Alameda,001,1643700,26980,25515,255,25770,434
2020-11-13,Alpine,003,1148,35,12,0,12,0
2020-11-13,Amador,005,37829,431,397,0,397,16
2020-11-13,Butte,007,227075,3653,3402,141,3543,58
2020-11-13,Calaveras,009,45235,393,378,0,378,21
2020-11-13,Colusa,011,21464,625,598,1,599,6
2020-11-13,Contra Costa,013,1133247,21903,20799,114,20913,256
2020-11-13,Del Norte,015,27424,247,208,0,208,2
2020-11-13,El Dorado,017,186661,1910,1611,24,1635,4
2020-11-13,Fresno,019,978130,37714,33693,861,34554,470
2020-11-13,Glenn,021,27897,825,755,17,772,3
2020-11-13,Humboldt,023,135768,724,638,1,639,9
2020-11-13,Imperial,025,180216,14564,13790,28,13818,341
2020-11-13,Inyo,027,18085,271,262,5,267,15
2020-11-13,Kern,029,883053,37232,35431,736,36167,453
2020-11-13,Kings,031,150075,9904,9428,94,9522,85
2020-11-13,Lake,033,64148,839,770,0,770,17
2020-11-13,Lassen,035,31185,1229,832,3,835,0
2020-11-13,Los Angeles,037,10098052,345602,329364,4023,333387,7248
2020-11-13,Madera,039,155013,5664,5340,84,5424,54
2020-11-13,Marin,041,260295,7486,7307,23,7330,133
2020-11-13,Mariposa,043,17540,94,86,0,86,2
2020-11-13,Mendocino,045,87422,1275,1173,5,1178,22
2020-11-13,Merced,047,269075,10649,10185,76,10261,159
2020-11-13,Modoc,049,8938,83,63,14,77,0
2020-11-13,Mono,051,14174,476,448,9,457,2
2020-11-13,Monterey,053,433212,13423,12681,150,12831,104
2020-11-13,Napa,055,140530,2701,2440,15,2455,17
2020-11-13,Nevada,057,99092,964,798,24,822,9
2020-11-13,Orange,059,3164182,68710,63804,2056,65860,1514
2020-11-13,Placer,061,380077,5722,5122,65,5187,63
2020-11-13,Plumas,063,18699,152,125,0,125,0
2020-11-13,Riverside,065,2383286,78551,74138,1030,75168,1372
2020-11-13,Sacramento,067,1510023,31922,29787,63,29850,524
2020-11-13,San Benito,069,59416,1642,1553,1,1554,15
2020-11-13,San Bernardino,071,2135413,78936,71895,802,72697,1184
2020-11-13,San Diego,073,3302833,68806,62978,2235,65213,921
2020-11-13,San Francisco,075,870044,14064,13516,72,13588,146
2020-11-13,San Joaquin,077,732212,24367,23314,361,23675,510
2020-11-13,San Luis Obispo,079,281455,5565,4960,72,5032,34
2020-11-13,San Mateo,081,765935,12974,12182,12,12194,169
2020-11-13,Santa Barbara,083,443738,10772,10405,156,10561,134
2020-11-13,Santa Clara,085,1922200,30359,27609,57,27666,415
2020-11-13,Santa Cruz,087,273765,3722,3343,38,3381,25
2020-11-13,Shasta,089,179085,4070,2983,88,3071,37
2020-11-13,Sierra,091,2930,15,11,0,11,0
2020-11-13,Siskiyou,093,43540,392,280,23,303,0
2020-11-13,Solano,095,438530,9099,8525,44,8569,84
2020-11-13,Sonoma,097,501317,11237,10685,36,10721,151
2020-11-13,Stanislaus,099,539301,19737,18936,1049,19985,422
2020-11-13,Sutter,101,95872,2511,2121,7,2128,12
2020-11-13,Tehama,103,63373,1342,1167,5,1172,7
2020-11-13,Trinity,105,12862,184,64,19,83,0
2020-11-13,Tulare,107,460477,19710,18714,797,19511,305
2020-11-13,Tuolumne,109,53932,700,427,8,435,7
2020-11-13,Ventura,111,848112,17498,16172,480,16652,171
2020-11-13,Yolo,113,214977,4018,3716,10,3726,65
2020-11-13,Yuba,115,75493,1579,1435,5,1440,10
2020-11-12,Alameda,001,1643700,26713,25345,255,25600,432
2020-11-12,Alpine,003,1148,34,12,0,12,0
2020-11-12,Amador,005,37829,430,392,0,392,16
2020-11-12,Butte,007,227075,3604,3347,138,3485,58
2020-11-12,Calaveras,009,45235,388,373,0,373,21
2020-11-12,Colusa,011,21464,620,591,1,592,6
2020-11-12,Contra Costa,013,1133247,21694,20619,113,20732,255
2020-11-12,Del Norte,015,27424,239,203,0,203,2
2020-11-12,El Dorado,017,186661,1864,1573,20,1593,4
2020-11-12,Fresno,019,978130,37365,33459,820,34279,468
2020-11-12,Glenn,021,27897,806,727,17,744,3
2020-11-12,Humboldt,023,135768,711,625,1,626,9
2020-11-12,Imperial,025,180216,14399,13619,28,13647,341
2020-11-12,Inyo,027,18085,270,255,5,260,15
2020-11-12,Kern,029,883053,36968,35207,722,35929,451
2020-11-12,Kings,031,150075,9837,9335,93,9428,85
2020-11-12,Lake,033,64148,830,764,0,764,17
2020-11-12,Lassen,035,31185,1160,832,2,834,0
2020-11-12,Los Angeles,037,10098052,341858,327001,3925,330926,7223
2020-11-12,Madera,039,155013,5629,5273,80,5353,54
2020-11-12,Marin,041,260295,7457,7268,23,7291,133
2020-11-12,Mariposa,043,17540,92,84,0,84,2
2020-11-12,Mendocino,045,87422,1256,1142,5,1147,22
2020-11-12,Merced,047,269075,10535,10107,73,10180,158
2020-11-12,Modoc,049,8938,83,63,14,77,0
2020-11-12,Mono,051,14174,475,442,9,451,2
2020-11-12,Monterey,053,433212,13302,12489,136,12625,100
2020-11-12,Napa,055,140530,2639,2398,15,2413,16
2020-11-12,Nevada,057,99092,942,780,23,803,9
2020-11-12,Orange,059,3164182,67966,63232,2037,65269,1514
2020-11-12,Placer,061,380077,5613,5044,56,5100,62
2020-11-12,Plumas,063,18699,148,121,0,121,0
2020-11-12,Riverside,065,2383286,77620,73381,987,74368,1362
2020-11-12,Sacramento,067,1510023,31431,29459,55,29514,520
2020-11-12,San Benito,069,59416,1622,1525,1,1526,15
2020-11-12,San Bernardino,071,2135413,77570,70758,763,71521,1183
2020-11-12,San Diego,073,3302833,67826,62336,2184,64520,918
2020-11-12,San Francisco,075,870044,13965,13289,71,13360,146
2020-11-12,San Joaquin,077,732212,24173,23002,340,23342,509
2020-11-12,San Luis Obispo,079,281455,5501,4898,71,4969,33
2020-11-12,San Mateo,081,765935,12849,12086,11,12097,169
2020-11-12,Santa Barbara,083,443738,10710,10325,151,10476,134
2020-11-12,Santa Clara,085,1922200,29982,27261,56,27317,414
2020-11-12,Santa Cruz,087,273765,3639,3317,36,3353,25
2020-11-12,Shasta,089,179085,3933,2825,77,2902,37
2020-11-12,Sierra,091,2930,15,11,0,11,0
2020-11-12,Siskiyou,093,43540,375,275,19,294,0
2020-11-12,Solano,095,438530,8999,8417,43,8460,85
2020-11-12,Sonoma,097,501317,11135,10602,35,10637,151
2020-11-12,Stanislaus,099,539301,19567,18787,1020,19807,422
2020-11-12,Sutter,101,95872,2428,2075,6,2081,12
2020-11-12,Tehama,103,63373,1314,1117,5,1122,7
2020-11-12,Trinity,105,12862,176,62,18,80,0
2020-11-12,Tulare,107,460477,19597,18545,759,19304,305
2020-11-12,Tuolumne,109,53932,661,353,8,361,7
2020-11-12,Ventura,111,848112,17248,16013,474,16487,158
2020-11-12,Yolo,113,214977,3975,3646,10,3656,63
2020-11-12,Yuba,115,75493,1544,1410,5,1415,10
2020-11-11,Alameda,001,1643700,26469,25140,253,25393,429
2020-11-11,Alpine,003,1148,29,12,0,12,0
2020-11-11,Amador,005,37829,423,389,0,389,16
2020-11-11,Butte,007,227075,3578,3348,125,3473,58
2020-11-11,Calaveras,009,45235,378,373,0,373,21
2020-11-11,Colusa,011,21464,614,591,1,592,6
2020-11-11,Contra Costa,013,1133247,21477,20452,111,20563,255
2020-11-11,Del Norte,015,27424,231,203,0,203,2
2020-11-11,El Dorado,017,186661,1818,1564,19,1583,4
2020-11-11,Fresno,019,978130,37047,33287,785,34072,468
2020-11-11,Glenn,021,27897,790,722,16,738,3
2020-11-11,Humboldt,023,135768,697,623,1,624,9
2020-11-11,Imperial,025,180216,14229,13623,26,13649,340
2020-11-11,Inyo,027,18085,268,255,5,260,15
2020-11-11,Kern,029,883053,36693,35014,705,35719,449
2020-11-11,Kings,031,150075,9731,9263,90,9353,85
2020-11-11,Lake,033,64148,819,763,0,763,17
2020-11-11,Lassen,035,31185,1135,831,2,833,0
2020-11-11,Los Angeles,037,10098052,338489,324567,3843,328410,7220
2020-11-11,Madera,039,155013,5595,5248,79,5327,54
2020-11-11,Marin,041,260295,7435,7268,23,7291,133
2020-11-11,Mariposa,043,17540,92,84,0,84,2
2020-11-11,Mendocino,045,87422,1244,1142,5,1147,22
2020-11-11,Merced,047,269075,10464,10074,71,10145,157
2020-11-11,Modoc,049,8938,79,62,13,75,0
2020-11-11,Mono,051,14174,473,443,9,452,2
2020-11-11,Monterey,053,433212,13159,12417,132,12549,100
2020-11-11,Napa,055,140530,2590,2365,13,2378,15
2020-11-11,Nevada,057,99092,900,741,23,764,9
2020-11-11,Orange,059,3164182,67327,62929,2013,64942,1506
2020-11-11,Placer,061,380077,5529,4981,48,5029,60
2020-11-11,Plumas,063,18699,146,111,0,111,0
2020-11-11,Riverside,065,2383286,76718,72953,941,73894,1361
2020-11-11,Sacramento,067,1510023,30974,28968,53,29021,520
2020-11-11,San Benito,069,59416,1608,1512,1,1513,15
2020-11-11,San Bernardino,071,2135413,76284,70374,737,71111,1182
2020-11-11,San Diego,073,3302833,66891,61746,2123,63869,918
2020-11-11,San Francisco,075,870044,13858,13287,70,13357,146
2020-11-11,San Joaquin,077,732212,24013,23001,335,23336,509
2020-11-11,San Luis Obispo,079,281455,5426,4832,68,4900,33
2020-11-11,San Mateo,081,765935,12735,12008,11,12019,169
2020-11-11,Santa Barbara,083,443738,10644,10278,151,10429,134
2020-11-11,Santa Clara,085,1922200,29631,27075,55,27130,413
2020-11-11,Santa Cruz,087,273765,3571,3247,36,3283,25
2020-11-11,Shasta,089,179085,3810,2766,67,2833,36
2020-11-11,Sierra,091,2930,13,11,0,11,0
2020-11-11,Siskiyou,093,43540,344,261,16,277,0
2020-11-11,Solano,095,438530,8880,8353,41,8394,85
2020-11-11,Sonoma,097,501317,11061,10498,35,10533,150
2020-11-11,Stanislaus,099,539301,19430,18671,990,19661,422
2020-11-11,Sutter,101,95872,2380,2049,5,2054,12
2020-11-11,Tehama,103,63373,1270,1105,4,1109,7
2020-11-11,Trinity,105,12862,165,62,18,80,0
2020-11-11,Tulare,107,460477,19467,18500,729,19229,305
2020-11-11,Tuolumne,109,53932,608,354,7,361,7
2020-11-11,Ventura,111,848112,17033,15801,461,16262,158
2020-11-11,Yolo,113,214977,3924,3606,10,3616,63
2020-11-11,Yuba,115,75493,1529,1400,5,1405,10
2020-11-10,Alameda,001,1643700,26239,25008,250,25258,424
2020-11-10,Alpine,003,1148,29,9,0,9,0
2020-11-10,Amador,005,37829,417,384,0,384,16
2020-11-10,Butte,007,227075,3542,3327,121,3448,58
2020-11-10,Calaveras,009,45235,374,367,0,367,21
2020-11-10,Colusa,011,21464,606,590,1,591,6
2020-11-10,Contra Costa,013,1133247,21271,20326,109,20435,255
2020-11-10,Del Norte,015,27424,225,196,0,196,2
2020-11-10,El Dorado,017,186661,1758,1551,19,1570,4
2020-11-10,Fresno,019,978130,36776,33024,749,33773,465
2020-11-10,Glenn,021,27897,782,719,12,731,3
2020-11-10,Humboldt,023,135768,680,610,1,611,9
2020-11-10,Imperial,025,180216,14099,13570,26,13596,338
2020-11-10,Inyo,027,18085,267,252,5,257,14
2020-11-10,Kern,029,883053,36417,34858,686,35544,448
2020-11-10,Kings,031,150075,9684,9236,83,9319,85
2020-11-10,Lake,033,64148,809,762,0,762,16
2020-11-10,Lassen,035,31185,1120,830,2,832,0
2020-11-10,Los Angeles,037,10098052,335238,322569,3728,326297,7205
2020-11-10,Madera,039,155013,5553,5229,73,5302,54
2020-11-10,Marin,041,260295,7416,7259,23,7282,133
2020-11-10,Mariposa,043,17540,90,84,0,84,2
2020-11-10,Mendocino,045,87422,1236,1137,5,1142,22
2020-11-10,Merced,047,269075,10402,9992,65,10057,157
2020-11-10,Modoc,049,8938,77,61,13,74,0
2020-11-10,Mono,051,14174,471,443,9,452,2
2020-11-10,Monterey,053,433212,13024,12335,124,12459,100
2020-11-10,Napa,055,140530,2552,2341,11,2352,15
2020-11-10,Nevada,057,99092,884,734,23,757,9
2020-11-10,Orange,059,3164182,66773,62597,2003,64600,1504
2020-11-10,Placer,061,380077,5449,4902,47,4949,60
2020-11-10,Plumas,063,18699,142,108,0,108,0
2020-11-10,Riverside,065,2383286,76076,72316,916,73232,1359
2020-11-10,Sacramento,067,1510023,30568,28677,50,28727,519
2020-11-10,San Benito,069,59416,1593,1508,1,1509,15
2020-11-10,San Bernardino,071,2135413,75115,69666,704,70370,1182
2020-11-10,San Diego,073,3302833,66000,61085,2086,63171,915
2020-11-10,San Francisco,075,870044,13742,13210,70,13280,146
2020-11-10,San Joaquin,077,732212,23848,22865,328,23193,508
2020-11-10,San Luis Obispo,079,281455,5363,4780,65,4845,33
2020-11-10,San Mateo,081,765935,12635,11939,11,11950,169
2020-11-10,Santa Barbara,083,443738,10577,10252,147,10399,134
2020-11-10,Santa Clara,085,1922200,29283,26917,54,26971,409
2020-11-10,Santa Cruz,087,273765,3509,3221,36,3257,25
2020-11-10,Shasta,089,179085,3667,2686,59,2745,36
2020-11-10,Sierra,091,2930,12,10,0,10,0
2020-11-10,Siskiyou,093,43540,327,263,15,278,0
2020-11-10,Solano,095,438530,8783,8299,41,8340,85
2020-11-10,Sonoma,097,501317,10974,10414,35,10449,150
2020-11-10,Stanislaus,099,539301,19297,18592,966,19558,420
2020-11-10,Sutter,101,95872,2285,2035,4,2039,12
2020-11-10,Tehama,103,63373,1245,1099,3,1102,7
2020-11-10,Trinity,105,12862,156,62,16,78,0
2020-11-10,Tulare,107,460477,19352,18430,705,19135,305
2020-11-10,Tuolumne,109,53932,558,353,7,360,7
2020-11-10,Ventura,111,848112,16850,15625,459,16084,158
2020-11-10,Yolo,113,214977,3863,3573,10,3583,63
2020-11-10,Yuba,115,75493,1506,1392,5,1397,10
2020-11-09,Alameda,001,1643700,25993,24899,246,25145,424
2020-11-09,Alpine,003,1148,27,6,0,6,0
2020-11-09,Amador,005,37829,408,380,0,380,16
2020-11-09,Butte,007,227075,3498,3301,112,3413,57
2020-11-09,Calaveras,009,45235,370,360,0,360,21
2020-11-09,Colusa,011,21464,600,583,1,584,6
2020-11-09,Contra Costa,013,1133247,21097,20193,107,20300,255
2020-11-09,Del Norte,015,27424,219,195,0,195,2
2020-11-09,El Dorado,017,186661,1717,1515,19,1534,4
2020-11-09,Fresno,019,978130,36466,32755,709,33464,465
2020-11-09,Glenn,021,27897,776,714,9,723,3
2020-11-09,Humboldt,023,135768,667,607,1,608,9
2020-11-09,Imperial,025,180216,13980,13508,25,13533,338
2020-11-09,Inyo,027,18085,267,252,5,257,14
2020-11-09,Kern,029,883053,36187,34764,650,35414,448
2020-11-09,Kings,031,150075,9614,9141,81,9222,84
2020-11-09,Lake,033,64148,800,755,0,755,16
2020-11-09,Lassen,035,31185,1024,799,2,801,0
2020-11-09,Los Angeles,037,10098052,332141,320370,3653,324023,7180
2020-11-09,Madera,039,155013,5507,5209,70,5279,54
2020-11-09,Marin,041,260295,7390,7237,22,7259,131
2020-11-09,Mariposa,043,17540,90,84,0,84,2
2020-11-09,Mendocino,045,87422,1224,1132,5,1137,22
2020-11-09,Merced,047,269075,10299,9922,62,9984,157
2020-11-09,Modoc,049,8938,73,54,12,66,0
2020-11-09,Mono,051,14174,468,352,9,361,2
2020-11-09,Monterey,053,433212,12877,12148,116,12264,98
2020-11-09,Napa,055,140530,2509,2309,11,2320,15
2020-11-09,Nevada,057,99092,847,729,22,751,9
2020-11-09,Orange,059,3164182,66131,62335,1990,64325,1501
2020-11-09,Placer,061,380077,5364,4843,36,4879,60
2020-11-09,Plumas,063,18699,135,102,0,102,0
2020-11-09,Riverside,065,2383286,75294,72059,882,72941,1346
2020-11-09,Sacramento,067,1510023,30096,28200,49,28249,516
2020-11-09,San Benito,069,59416,1584,1506,1,1507,15
2020-11-09,San Bernardino,071,2135413,74061,69015,661,69676,1182
2020-11-09,San Diego,073,3302833,65145,60572,2046,62618,908
2020-11-09,San Francisco,075,870044,13622,12984,67,13051,146
2020-11-09,San Joaquin,077,732212,23683,22512,323,22835,505
2020-11-09,San Luis Obispo,079,281455,5276,4746,63,4809,32
2020-11-09,San Mateo,081,765935,12528,11857,11,11868,169
2020-11-09,Santa Barbara,083,443738,10520,10214,142,10356,134
2020-11-09,Santa Clara,085,1922200,28887,26693,54,26747,409
2020-11-09,Santa Cruz,087,273765,3451,3194,36,3230,25
2020-11-09,Shasta,089,179085,3513,2581,50,2631,36
2020-11-09,Sierra,091,2930,10,10,0,10,0
2020-11-09,Siskiyou,093,43540,316,257,13,270,0
2020-11-09,Solano,095,438530,8670,8254,40,8294,85
2020-11-09,Sonoma,097,501317,10866,10310,35,10345,150
2020-11-09,Stanislaus,099,539301,19148,18482,951,19433,418
2020-11-09,Sutter,101,95872,2218,2010,3,2013,12
2020-11-09,Tehama,103,63373,1208,1071,2,1073,7
2020-11-09,Trinity,105,12862,149,46,16,62,0
2020-11-09,Tulare,107,460477,19230,18272,674,18946,304
2020-11-09,Tuolumne,109,53932,504,346,6,352,7
2020-11-09,Ventura,111,848112,16648,15568,456,16024,156
2020-11-09,Yolo,113,214977,3802,3522,10,3532,62
2020-11-09,Yuba,115,75493,1473,1380,5,1385,10
2020-11-08,Alameda,001,1643700,25763,24731,246,24977,424
2020-11-08,Alpine,003,1148,24,6,0,6,0
2020-11-08,Amador,005,37829,401,376,0,376,16
2020-11-08,Butte,007,227075,3460,3285,104,3389,57
2020-11-08,Calaveras,009,45235,368,360,0,360,21
2020-11-08,Colusa,011,21464,597,583,1,584,6
2020-11-08,Contra Costa,013,1133247,20926,20031,105,20136,254
2020-11-08,Del Norte,015,27424,212,195,0,195,2
2020-11-08,El Dorado,017,186661,1680,1502,19,1521,4
2020-11-08,Fresno,019,978130,36127,32619,671,33290,465
2020-11-08,Glenn,021,27897,770,707,8,715,3
2020-11-08,Humboldt,023,135768,651,605,1,606,9
2020-11-08,Imperial,025,180216,13864,13428,25,13453,338
2020-11-08,Inyo,027,18085,264,252,5,257,14
2020-11-08,Kern,029,883053,35968,34644,632,35276,448
2020-11-08,Kings,031,150075,9481,9026,78,9104,84
2020-11-08,Lake,033,64148,792,754,0,754,16
2020-11-08,Lassen,035,31185,876,799,2,801,0
2020-11-08,Los Angeles,037,10098052,329013,318960,3588,322548,7176
2020-11-08,Madera,039,155013,5437,5196,67,5263,54
2020-11-08,Marin,041,260295,7370,7227,22,7249,131
2020-11-08,Mariposa,043,17540,90,83,0,83,2
2020-11-08,Mendocino,045,87422,1215,1129,5,1134,22
2020-11-08,Merced,047,269075,10224,9885,60,9945,157
2020-11-08,Modoc,049,8938,69,54,12,66,0
2020-11-08,Mono,051,14174,462,352,9,361,2
2020-11-08,Monterey,053,433212,12732,12122,106,12228,98
2020-11-08,Napa,055,140530,2470,2274,11,2285,15
2020-11-08,Nevada,057,99092,831,715,22,737,9
2020-11-08,Orange,059,3164182,65543,62034,1976,64010,1501
2020-11-08,Placer,061,380077,5261,4800,31,4831,60
2020-11-08,Plumas,063,18699,130,102,0,102,0
2020-11-08,Riverside,065,2383286,74639,71442,841,72283,1345
2020-11-08,Sacramento,067,1510023,29537,28059,46,28105,515
2020-11-08,San Benito,069,59416,1569,1496,1,1497,15
2020-11-08,San Bernardino,071,2135413,72809,68412,622,69034,1182
2020-11-08,San Diego,073,3302833,64300,60199,2002,62201,908
2020-11-08,San Francisco,075,870044,13492,12985,63,13048,146
2020-11-08,San Joaquin,077,732212,23489,22514,319,22833,505
2020-11-08,San Luis Obispo,079,281455,5210,4698,58,4756,32
2020-11-08,San Mateo,081,765935,12410,11783,11,11794,169
2020-11-08,Santa Barbara,083,443738,10450,10180,140,10320,134
2020-11-08,Santa Clara,085,1922200,28513,26442,53,26495,410
2020-11-08,Santa Cruz,087,273765,3394,3134,36,3170,25
2020-11-08,Shasta,089,179085,3377,2582,44,2626,36
2020-11-08,Sierra,091,2930,10,7,0,7,0
2020-11-08,Siskiyou,093,43540,304,246,12,258,0
2020-11-08,Solano,095,438530,8549,8132,39,8171,85
2020-11-08,Sonoma,097,501317,10759,10229,35,10264,149
2020-11-08,Stanislaus,099,539301,18974,18413,930,19343,418
2020-11-08,Sutter,101,95872,2160,1980,3,1983,12
2020-11-08,Tehama,103,63373,1182,1054,2,1056,7
2020-11-08,Trinity,105,12862,146,46,15,61,0
2020-11-08,Tulare,107,460477,19088,18272,645,18917,304
2020-11-08,Tuolumne,109,53932,478,341,6,347,7
2020-11-08,Ventura,111,848112,16453,15504,448,15952,156
2020-11-08,Yolo,113,214977,3740,3492,10,3502,61
2020-11-08,Yuba,115,75493,1452,1369,5,1374,10
2020-11-07,Alameda,001,1643700,25653,24578,244,24822,424
2020-11-07,Alpine,003,1148,24,6,0,6,0
2020-11-07,Amador,005,37829,398,375,0,375,16
2020-11-07,Butte,007,227075,3448,3277,99,3376,57
2020-11-07,Calaveras,009,45235,366,360,0,360,21
2020-11-07,Colusa,011,21464,597,583,1,584,6
2020-11-07,Contra Costa,013,1133247,20825,19943,104,20047,254
2020-11-07,Del Norte,015,27424,207,194,0,194,2
2020-11-07,El Dorado,017,186661,1655,1495,18,1513,4
2020-11-07,Fresno,019,978130,35972,32497,649,33146,465
2020-11-07,Glenn,021,27897,762,707,8,715,3
2020-11-07,Humboldt,023,135768,640,590,1,591,9
2020-11-07,Imperial,025,180216,13806,13388,24,13412,338
2020-11-07,Inyo,027,18085,262,252,5,257,14
2020-11-07,Kern,029,883053,35812,34513,622,35135,448
2020-11-07,Kings,031,150075,9448,9005,72,9077,84
2020-11-07,Lake,033,64148,788,751,0,751,16
2020-11-07,Lassen,035,31185,860,799,2,801,0
2020-11-07,Los Angeles,037,10098052,327500,316756,3521,320277,7174
2020-11-07,Madera,039,155013,5414,5177,65,5242,54
2020-11-07,Marin,041,260295,7359,7215,22,7237,131
2020-11-07,Mariposa,043,17540,90,81,0,81,2
2020-11-07,Mendocino,045,87422,1204,1118,5,1123,22
2020-11-07,Merced,047,269075,10192,9855,56,9911,157
2020-11-07,Modoc,049,8938,69,51,12,63,0
2020-11-07,Mono,051,14174,459,352,9,361,2
2020-11-07,Monterey,053,433212,12662,12030,102,12132,98
2020-11-07,Napa,055,140530,2440,2260,10,2270,15
2020-11-07,Nevada,057,99092,814,710,22,732,9
2020-11-07,Orange,059,3164182,65255,62038,1970,64008,1505
2020-11-07,Placer,061,380077,5198,4745,31,4776,60
2020-11-07,Plumas,063,18699,127,94,0,94,0
2020-11-07,Riverside,065,2383286,74244,71153,814,71967,1345
2020-11-07,Sacramento,067,1510023,29287,27773,46,27819,515
2020-11-07,San Benito,069,59416,1557,1489,1,1490,15
2020-11-07,San Bernardino,071,2135413,72293,67935,611,68546,1182
2020-11-07,San Diego,073,3302833,63788,59682,1970,61652,909
2020-11-07,San Francisco,075,870044,13431,12980,62,13042,146
2020-11-07,San Joaquin,077,732212,23381,22517,313,22830,505
2020-11-07,San Luis Obispo,079,281455,5161,4668,55,4723,32
2020-11-07,San Mateo,081,765935,12347,11711,11,11722,169
2020-11-07,Santa Barbara,083,443738,10408,10157,138,10295,134
2020-11-07,Santa Clara,085,1922200,28309,26244,52,26296,410
2020-11-07,Santa Cruz,087,273765,3356,3130,36,3166,25
2020-11-07,Shasta,089,179085,3310,2547,42,2589,36
2020-11-07,Sierra,091,2930,10,7,0,7,0
2020-11-07,Siskiyou,093,43540,300,241,12,253,0
2020-11-07,Solano,095,438530,8497,8066,39,8105,85
2020-11-07,Sonoma,097,501317,10713,10200,35,10235,149
2020-11-07,Stanislaus,099,539301,18863,18386,914,19300,418
2020-11-07,Sutter,101,95872,2120,1973,3,1976,12
2020-11-07,Tehama,103,63373,1157,1043,2,1045,7
2020-11-07,Trinity,105,12862,146,42,14,56,0
2020-11-07,Tulare,107,460477,19032,18229,627,18856,304
2020-11-07,Tuolumne,109,53932,466,327,6,333,7
2020-11-07,Ventura,111,848112,16393,15364,443,15807,156
2020-11-07,Yolo,113,214977,3709,3486,10,3496,61
2020-11-07,Yuba,115,75493,1437,1349,5,1354,10
2020-11-06,Alameda,001,1643700,25521,24389,242,24631,420
2020-11-06,Alpine,003,1148,24,6,0,6,0
2020-11-06,Amador,005,37829,396,369,0,369,16
2020-11-06,Butte,007,227075,3423,3254,91,3345,57
2020-11-06,Calaveras,009,45235,365,359,0,359,21
2020-11-06,Colusa,011,21464,595,580,1,581,6
2020-11-06,Contra Costa,013,1133247,20678,19744,104,19848,252
2020-11-06,Del Norte,015,27424,204,194,0,194,2
2020-11-06,El Dorado,017,186661,1629,1475,18,1493,4
2020-11-06,Fresno,019,978130,35784,32278,633,32911,460
2020-11-06,Glenn,021,27897,756,707,7,714,3
2020-11-06,Humboldt,023,135768,637,587,1,588,9
2020-11-06,Imperial,025,180216,13752,13230,24,13254,338
2020-11-06,Inyo,027,18085,260,246,5,251,14
2020-11-06,Kern,029,883053,35648,34360,605,34965,443
2020-11-06,Kings,031,150075,9424,8883,70,8953,83
2020-11-06,Lake,033,64148,787,741,0,741,16
2020-11-06,Lassen,035,31185,852,794,2,796,0
2020-11-06,Los Angeles,037,10098052,325530,314356,3469,317825,7160
2020-11-06,Madera,039,155013,5398,5136,64,5200,54
2020-11-06,Marin,041,260295,7338,7184,22,7206,131
2020-11-06,Mariposa,043,17540,89,79,0,79,2
2020-11-06,Mendocino,045,87422,1199,1113,5,1118,22
2020-11-06,Merced,047,269075,10152,9778,53,9831,157
2020-11-06,Modoc,049,8938,69,48,12,60,0
2020-11-06,Mono,051,14174,453,308,9,317,1
2020-11-06,Monterey,053,433212,12545,11914,101,12015,96
2020-11-06,Napa,055,140530,2415,2189,10,2199,15
2020-11-06,Nevada,057,99092,801,692,21,713,9
2020-11-06,Orange,059,3164182,64952,61049,1960,63009,1494
2020-11-06,Placer,061,380077,5125,4680,31,4711,60
2020-11-06,Plumas,063,18699,122,90,0,90,0
2020-11-06,Riverside,065,2383286,73794,70409,773,71182,1341
2020-11-06,Sacramento,067,1510023,28996,27489,44,27533,514
2020-11-06,San Benito,069,59416,1548,1479,1,1480,15
2020-11-06,San Bernardino,071,2135413,71696,66740,591,67331,1179
2020-11-06,San Diego,073,3302833,63264,59143,1938,61081,907
2020-11-06,San Francisco,075,870044,13361,12825,61,12886,146
2020-11-06,San Joaquin,077,732212,23296,22424,303,22727,502
2020-11-06,San Luis Obispo,079,281455,5096,4531,49,4580,32
2020-11-06,San Mateo,081,765935,12272,11587,11,11598,168
2020-11-06,Santa Barbara,083,443738,10372,10118,134,10252,133
2020-11-06,Santa Clara,085,1922200,28067,25831,52,25883,402
2020-11-06,Santa Cruz,087,273765,3318,3063,36,3099,25
2020-11-06,Shasta,089,179085,3237,2475,41,2516,35
2020-11-06,Sierra,091,2930,9,7,0,7,0
2020-11-06,Siskiyou,093,43540,287,237,11,248,0
2020-11-06,Solano,095,438530,8431,7959,39,7998,85
2020-11-06,Sonoma,097,501317,10663,10142,35,10177,149
2020-11-06,Stanislaus,099,539301,18776,18250,906,19156,417
2020-11-06,Sutter,101,95872,2093,1937,2,1939,12
2020-11-06,Tehama,103,63373,1136,1024,2,1026,6
2020-11-06,Trinity,105,12862,143,41,14,55,0
2020-11-06,Tulare,107,460477,18968,18136,602,18738,300
2020-11-06,Tuolumne,109,53932,442,316,6,322,5
2020-11-06,Ventura,111,848112,16307,15222,440,15662,154
2020-11-06,Yolo,113,214977,3680,3420,10,3430,62
2020-11-06,Yuba,115,75493,1424,1335,5,1340,10
2020-11-05,Alameda,001,1643700,25345,24270,242,24512,420
2020-11-05,Alpine,003,1148,24,6,0,6,0
2020-11-05,Amador,005,37829,393,363,0,363,16
2020-11-05,Butte,007,227075,3400,3239,85,3324,57
2020-11-05,Calaveras,009,45235,357,333,0,333,19
2020-11-05,Colusa,011,21464,591,574,1,575,6
2020-11-05,Contra Costa,013,1133247,20496,19656,101,19757,252
2020-11-05,Del Norte,015,27424,202,192,0,192,2
2020-11-05,El Dorado,017,186661,1605,1466,18,1484,4
2020-11-05,Fresno,019,978130,35543,32056,609,32665,460
2020-11-05,Glenn,021,27897,736,702,7,709,3
2020-11-05,Humboldt,023,135768,627,581,1,582,9
2020-11-05,Imperial,025,180216,13660,13178,23,13201,337
2020-11-05,Inyo,027,18085,259,247,5,252,14
2020-11-05,Kern,029,883053,35447,34232,592,34824,443
2020-11-05,Kings,031,150075,9269,8846,67,8913,83
2020-11-05,Lake,033,64148,783,739,0,739,16
2020-11-05,Lassen,035,31185,821,782,2,784,0
2020-11-05,Los Angeles,037,10098052,323175,312381,3416,315797,7146
2020-11-05,Madera,039,155013,5360,5129,61,5190,54
2020-11-05,Marin,041,260295,7315,7171,22,7193,131
2020-11-05,Mariposa,043,17540,88,79,0,79,2
2020-11-05,Mendocino,045,87422,1187,1112,5,1117,22
2020-11-05,Merced,047,269075,10093,9753,48,9801,155
2020-11-05,Modoc,049,8938,68,47,11,58,0
2020-11-05,Mono,051,14174,451,307,9,316,1
2020-11-05,Monterey,053,433212,12435,11784,97,11881,96
2020-11-05,Napa,055,140530,2388,2158,10,2168,15
2020-11-05,Nevada,057,99092,779,687,20,707,9
2020-11-05,Orange,059,3164182,64505,60740,1949,62689,1484
2020-11-05,Placer,061,380077,5056,4627,26,4653,60
2020-11-05,Plumas,063,18699,114,90,0,90,0
2020-11-05,Riverside,065,2383286,73083,70094,717,70811,1338
2020-11-05,Sacramento,067,1510023,28616,27232,43,27275,512
2020-11-05,San Benito,069,59416,1533,1477,1,1478,15
2020-11-05,San Bernardino,071,2135413,70868,66407,579,66986,1174
2020-11-05,San Diego,073,3302833,62638,58659,1912,60571,904
2020-11-05,San Francisco,075,870044,13249,12726,60,12786,146
2020-11-05,San Joaquin,077,732212,23132,22318,299,22617,502
2020-11-05,San Luis Obispo,079,281455,5029,4459,47,4506,32
2020-11-05,San Mateo,081,765935,12178,11535,11,11546,168
2020-11-05,Santa Barbara,083,443738,10328,10080,131,10211,133
2020-11-05,Santa Clara,085,1922200,27802,25651,52,25703,402
2020-11-05,Santa Cruz,087,273765,3280,3023,36,3059,25
2020-11-05,Shasta,089,179085,3147,2401,40,2441,34
2020-11-05,Sierra,091,2930,9,6,0,6,0
2020-11-05,Siskiyou,093,43540,276,228,11,239,0
2020-11-05,Solano,095,438530,8348,7842,39,7881,85
2020-11-05,Sonoma,097,501317,10551,10064,34,10098,145
2020-11-05,Stanislaus,099,539301,18662,18194,893,19087,417
2020-11-05,Sutter,101,95872,2061,1925,2,1927,12
2020-11-05,Tehama,103,63373,1115,1015,2,1017,6
2020-11-05,Trinity,105,12862,127,41,14,55,0
2020-11-05,Tulare,107,460477,18879,18049,576,18625,301
2020-11-05,Tuolumne,109,53932,412,312,6,318,5
2020-11-05,Ventura,111,848112,16141,15113,429,15542,155
2020-11-05,Yolo,113,214977,3630,3391,10,3401,61
2020-11-05,Yuba,115,75493,1406,1322,5,1327,10
2020-11-04,Alameda,001,1643700,25169,24172,240,24412,418
2020-11-04,Alpine,003,1148,20,5,0,5,0
2020-11-04,Amador,005,37829,390,362,0,362,16
2020-11-04,Butte,007,227075,3375,3218,82,3300,57
2020-11-04,Calaveras,009,45235,354,290,0,290,19
2020-11-04,Colusa,011,21464,589,571,1,572,6
2020-11-04,Contra Costa,013,1133247,20331,19472,98,19570,251
2020-11-04,Del Norte,015,27424,198,188,0,188,2
2020-11-04,El Dorado,017,186661,1590,1448,15,1463,4
2020-11-04,Fresno,019,978130,35311,31952,581,32533,457
2020-11-04,Glenn,021,27897,732,701,6,707,3
2020-11-04,Humboldt,023,135768,618,571,1,572,9
2020-11-04,Imperial,025,180216,13562,13087,23,13110,335
2020-11-04,Inyo,027,18085,258,247,5,252,14
2020-11-04,Kern,029,883053,35292,34027,581,34608,439
2020-11-04,Kings,031,150075,9235,8817,65,8882,83
2020-11-04,Lake,033,64148,776,735,0,735,16
2020-11-04,Lassen,035,31185,816,781,2,783,0
2020-11-04,Los Angeles,037,10098052,320863,310456,3338,313794,7124
2020-11-04,Madera,039,155013,5340,5083,57,5140,54
2020-11-04,Marin,041,260295,7303,7157,22,7179,131
2020-11-04,Mariposa,043,17540,88,79,0,79,2
2020-11-04,Mendocino,045,87422,1169,1089,5,1094,22
2020-11-04,Merced,047,269075,10044,9717,46,9763,153
2020-11-04,Modoc,049,8938,59,47,11,58,0
2020-11-04,Mono,051,14174,448,237,8,245,1
2020-11-04,Monterey,053,433212,12231,11743,91,11834,96
2020-11-04,Napa,055,140530,2334,2133,10,2143,15
2020-11-04,Nevada,057,99092,760,675,20,695,9
2020-11-04,Orange,059,3164182,64070,60463,1928,62391,1483
2020-11-04,Placer,061,380077,4980,4526,23,4549,60
2020-11-04,Plumas,063,18699,112,88,0,88,0
2020-11-04,Riverside,065,2383286,72466,69562,658,70220,1335
2020-11-04,Sacramento,067,1510023,28266,27005,42,27047,510
2020-11-04,San Benito,069,59416,1518,1464,1,1465,15
2020-11-04,San Bernardino,071,2135413,70072,65891,556,66447,1169
2020-11-04,San Diego,073,3302833,61992,58126,1886,60012,904
2020-11-04,San Francisco,075,870044,13166,12649,57,12706,146
2020-11-04,San Joaquin,077,732212,22995,22197,286,22483,500
2020-11-04,San Luis Obispo,079,281455,4962,4389,45,4434,32
2020-11-04,San Mateo,081,765935,12084,11456,11,11467,168
2020-11-04,Santa Barbara,083,443738,10290,10026,130,10156,132
2020-11-04,Santa Clara,085,1922200,27541,25487,52,25539,393
2020-11-04,Santa Cruz,087,273765,3243,2997,36,3033,25
2020-11-04,Shasta,089,179085,3016,2321,35,2356,34
2020-11-04,Sierra,091,2930,9,6,0,6,0
2020-11-04,Siskiyou,093,43540,267,222,11,233,0
2020-11-04,Solano,095,438530,8249,7733,39,7772,85
2020-11-04,Sonoma,097,501317,10457,9965,34,9999,142
2020-11-04,Stanislaus,099,539301,18544,18114,878,18992,416
2020-11-04,Sutter,101,95872,2027,1916,2,1918,12
2020-11-04,Tehama,103,63373,1088,997,2,999,6
2020-11-04,Trinity,105,12862,123,37,14,51,0
2020-11-04,Tulare,107,460477,18769,17952,548,18500,298
2020-11-04,Tuolumne,109,53932,388,310,6,316,5
2020-11-04,Ventura,111,848112,16001,14936,426,15362,155
2020-11-04,Yolo,113,214977,3590,3361,10,3371,62
2020-11-04,Yuba,115,75493,1385,1312,5,1317,10
2020-11-03,Alameda,001,1643700,24985,24055,238,24293,418
2020-11-03,Alpine,003,1148,19,4,0,4,0
2020-11-03,Amador,005,37829,385,361,0,361,16
2020-11-03,Butte,007,227075,3352,3211,76,3287,57
2020-11-03,Calaveras,009,45235,350,287,0,287,19
2020-11-03,Colusa,011,21464,584,572,1,573,6
2020-11-03,Contra Costa,013,1133247,20176,19416,98,19514,250
2020-11-03,Del Norte,015,27424,197,187,0,187,2
2020-11-03,El Dorado,017,186661,1568,1445,14,1459,4
2020-11-03,Fresno,019,978130,35048,31856,559,32415,457
2020-11-03,Glenn,021,27897,726,698,6,704,3
2020-11-03,Humboldt,023,135768,612,570,1,571,8
2020-11-03,Imperial,025,180216,13472,13044,22,13066,335
2020-11-03,Inyo,027,18085,257,244,5,249,14
2020-11-03,Kern,029,883053,35101,33957,570,34527,439
2020-11-03,Kings,031,150075,9072,8783,60,8843,83
2020-11-03,Lake,033,64148,766,732,0,732,16
2020-11-03,Lassen,035,31185,807,782,2,784,0
2020-11-03,Los Angeles,037,10098052,318406,308812,3271,312083,7104
2020-11-03,Madera,039,155013,5304,5058,56,5114,54
2020-11-03,Marin,041,260295,7283,7147,21,7168,131
2020-11-03,Mariposa,043,17540,87,79,0,79,2
2020-11-03,Mendocino,045,87422,1154,1084,5,1089,22
2020-11-03,Merced,047,269075,9991,9713,45,9758,153
2020-11-03,Modoc,049,8938,57,47,9,56,0
2020-11-03,Mono,051,14174,444,210,8,218,1
2020-11-03,Monterey,053,433212,12162,11703,86,11789,94
2020-11-03,Napa,055,140530,2298,2130,10,2140,15
2020-11-03,Nevada,057,99092,740,670,19,689,9
2020-11-03,Orange,059,3164182,63640,60283,1916,62199,1477
2020-11-03,Placer,061,380077,4907,4514,23,4537,60
2020-11-03,Plumas,063,18699,109,86,0,86,0
2020-11-03,Riverside,065,2383286,71847,69300,633,69933,1325
2020-11-03,Sacramento,067,1510023,27885,26841,40,26881,510
2020-11-03,San Benito,069,59416,1508,1463,1,1464,15
2020-11-03,San Bernardino,071,2135413,69261,65320,549,65869,1159
2020-11-03,San Diego,073,3302833,61316,57722,1842,59564,901
2020-11-03,San Francisco,075,870044,13044,12585,57,12642,146
2020-11-03,San Joaquin,077,732212,22860,22109,280,22389,500
2020-11-03,San Luis Obispo,079,281455,4878,4371,43,4414,32
2020-11-03,San Mateo,081,765935,11989,11406,11,11417,162
2020-11-03,Santa Barbara,083,443738,10236,10008,126,10134,132
2020-11-03,Santa Clara,085,1922200,27267,25386,51,25437,393
2020-11-03,Santa Cruz,087,273765,3193,2980,35,3015,25
2020-11-03,Shasta,089,179085,2922,2288,28,2316,33
2020-11-03,Sierra,091,2930,7,6,0,6,0
2020-11-03,Siskiyou,093,43540,263,219,11,230,0
2020-11-03,Solano,095,438530,8165,7691,39,7730,85
2020-11-03,Sonoma,097,501317,10355,9906,34,9940,142
2020-11-03,Stanislaus,099,539301,18423,18080,867,18947,416
2020-11-03,Sutter,101,95872,1994,1914,2,1916,12
2020-11-03,Tehama,103,63373,1067,988,2,990,6
2020-11-03,Trinity,105,12862,116,36,13,49,0
2020-11-03,Tulare,107,460477,18663,17890,523,18413,297
2020-11-03,Tuolumne,109,53932,365,302,6,308,5
2020-11-03,Ventura,111,848112,15874,14816,419,15235,155
2020-11-03,Yolo,113,214977,3538,3343,10,3353,61
2020-11-03,Yuba,115,75493,1372,1295,5,1300,10
2020-11-02,Alameda,001,1643700,24789,23991,236,24227,419
2020-11-02,Alpine,003,1148,16,4,0,4,0
2020-11-02,Amador,005,37829,377,357,0,357,16
2020-11-02,Butte,007,227075,3332,3198,73,3271,57
2020-11-02,Calaveras,009,45235,350,282,0,282,18
2020-11-02,Colusa,011,21464,579,571,1,572,6
2020-11-02,Contra Costa,013,1133247,20018,19339,97,19436,250
2020-11-02,Del Norte,015,27424,194,175,0,175,2
2020-11-02,El Dorado,017,186661,1544,1405,14,1419,4
2020-11-02,Fresno,019,978130,34778,31738,542,32280,451
2020-11-02,Glenn,021,27897,720,692,5,697,3
2020-11-02,Humboldt,023,135768,603,569,1,570,8
2020-11-02,Imperial,025,180216,13392,13004,21,13025,334
2020-11-02,Inyo,027,18085,254,243,5,248,14
2020-11-02,Kern,029,883053,34943,33834,560,34394,437
2020-11-02,Kings,031,150075,9042,8654,57,8711,82
2020-11-02,Lake,033,64148,760,728,0,728,17
2020-11-02,Lassen,035,31185,799,782,2,784,0
2020-11-02,Los Angeles,037,10098052,316058,307620,3197,310817,7079
2020-11-02,Madera,039,155013,5273,5033,55,5088,54
2020-11-02,Marin,041,260295,7265,7132,20,7152,125
2020-11-02,Mariposa,043,17540,87,79,0,79,2
2020-11-02,Mendocino,045,87422,1140,1076,5,1081,21
2020-11-02,Merced,047,269075,9929,9664,39,9703,152
2020-11-02,Modoc,049,8938,54,45,5,50,0
2020-11-02,Mono,051,14174,442,211,8,219,1
2020-11-02,Monterey,053,433212,12055,11602,83,11685,93
2020-11-02,Napa,055,140530,2256,2081,10,2091,15
2020-11-02,Nevada,057,99092,724,656,19,675,9
2020-11-02,Orange,059,3164182,63234,59996,1901,61897,1474
2020-11-02,Placer,061,380077,4837,4461,21,4482,60
2020-11-02,Plumas,063,18699,101,86,0,86,0
2020-11-02,Riverside,065,2383286,71216,68833,592,69425,1321
2020-11-02,Sacramento,067,1510023,27543,26676,38,26714,508
2020-11-02,San Benito,069,59416,1496,1459,1,1460,15
2020-11-02,San Bernardino,071,2135413,68405,64629,538,65167,1157
2020-11-02,San Diego,073,3302833,60593,57429,1797,59226,891
2020-11-02,San Francisco,075,870044,12947,12436,56,12492,145
2020-11-02,San Joaquin,077,732212,22720,21919,272,22191,500
2020-11-02,San Luis Obispo,079,281455,4778,4303,40,4343,31
2020-11-02,San Mateo,081,765935,11880,11328,11,11339,161
2020-11-02,Santa Barbara,083,443738,10195,9985,121,10106,130
2020-11-02,Santa Clara,085,1922200,26980,25222,51,25273,387
2020-11-02,Santa Cruz,087,273765,3151,2943,35,2978,25
2020-11-02,Shasta,089,179085,2819,2174,24,2198,33
2020-11-02,Sierra,091,2930,7,6,0,6,0
2020-11-02,Siskiyou,093,43540,253,216,11,227,0
2020-11-02,Solano,095,438530,8047,7665,39,7704,84
2020-11-02,Sonoma,097,501317,10273,9796,33,9829,140
2020-11-02,Stanislaus,099,539301,18327,18005,858,18863,412
2020-11-02,Sutter,101,95872,1970,1895,2,1897,12
2020-11-02,Tehama,103,63373,1044,971,2,973,6
2020-11-02,Trinity,105,12862,110,30,13,43,0
2020-11-02,Tulare,107,460477,18569,17774,503,18277,299
2020-11-02,Tuolumne,109,53932,349,302,6,308,5
2020-11-02,Ventura,111,848112,15733,14767,405,15172,156
2020-11-02,Yolo,113,214977,3490,3318,10,3328,61
2020-11-02,Yuba,115,75493,1359,1280,5,1285,10
2020-11-01,Alameda,001,1643700,24626,23892,234,24126,419
2020-11-01,Alpine,003,1148,10,4,0,4,0
2020-11-01,Amador,005,37829,374,352,0,352,16
2020-11-01,Butte,007,227075,3309,3185,72,3257,57
2020-11-01,Calaveras,009,45235,349,282,0,282,18
2020-11-01,Colusa,011,21464,577,567,1,568,6
2020-11-01,Contra Costa,013,1133247,19845,19246,96,19342,250
2020-11-01,Del Norte,015,27424,190,175,0,175,2
2020-11-01,El Dorado,017,186661,1528,1394,14,1408,4
2020-11-01,Fresno,019,978130,34522,31613,522,32135,451
2020-11-01,Glenn,021,27897,711,688,3,691,3
2020-11-01,Humboldt,023,135768,595,568,1,569,8
2020-11-01,Imperial,025,180216,13301,12969,19,12988,334
2020-11-01,Inyo,027,18085,252,241,5,246,14
2020-11-01,Kern,029,883053,34762,33760,480,34240,437
2020-11-01,Kings,031,150075,9004,8641,56,8697,82
2020-11-01,Lake,033,64148,754,727,0,727,17
2020-11-01,Lassen,035,31185,799,782,2,784,0
2020-11-01,Los Angeles,037,10098052,313487,306217,3106,309323,7077
2020-11-01,Madera,039,155013,5226,5019,53,5072,54
2020-11-01,Marin,041,260295,7248,7124,20,7144,125
2020-11-01,Mariposa,043,17540,83,79,0,79,2
2020-11-01,Mendocino,045,87422,1126,1074,5,1079,21
2020-11-01,Merced,047,269075,9868,9626,39,9665,152
2020-11-01,Modoc,049,8938,53,45,5,50,0
2020-11-01,Mono,051,14174,413,211,7,218,1
2020-11-01,Monterey,053,433212,11948,11587,80,11667,93
2020-11-01,Napa,055,140530,2222,2067,10,2077,15
2020-11-01,Nevada,057,99092,708,646,18,664,9
2020-11-01,Orange,059,3164182,62832,59733,1875,61608,1475
2020-11-01,Placer,061,380077,4769,4422,20,4442,58
2020-11-01,Plumas,063,18699,96,86,0,86,0
2020-11-01,Riverside,065,2383286,70586,68493,557,69050,1319
2020-11-01,Sacramento,067,1510023,27221,26442,38,26480,508
2020-11-01,San Benito,069,59416,1481,1451,1,1452,15
2020-11-01,San Bernardino,071,2135413,67564,64339,517,64856,1157
2020-11-01,San Diego,073,3302833,59905,57122,1757,58879,891
2020-11-01,San Francisco,075,870044,12824,12436,51,12487,145
2020-11-01,San Joaquin,077,732212,22592,21919,266,22185,500
2020-11-01,San Luis Obispo,079,281455,4698,4303,39,4342,31
2020-11-01,San Mateo,081,765935,11799,11280,11,11291,160
2020-11-01,Santa Barbara,083,443738,10144,9969,105,10074,130
2020-11-01,Santa Clara,085,1922200,26697,25090,51,25141,386
2020-11-01,Santa Cruz,087,273765,3098,2921,35,2956,25
2020-11-01,Shasta,089,179085,2684,2172,23,2195,33
2020-11-01,Sierra,091,2930,7,6,0,6,0
2020-11-01,Siskiyou,093,43540,248,205,11,216,0
2020-11-01,Solano,095,438530,7957,7591,39,7630,84
2020-11-01,Sonoma,097,501317,10181,9688,33,9721,140
2020-11-01,Stanislaus,099,539301,18226,17961,839,18800,412
2020-11-01,Sutter,101,95872,1944,1888,1,1889,12
2020-11-01,Tehama,103,63373,1027,965,2,967,5
2020-11-01,Trinity,105,12862,108,30,12,42,0
2020-11-01,Tulare,107,460477,18457,17774,472,18246,299
2020-11-01,Tuolumne,109,53932,328,295,6,301,5
2020-11-01,Ventura,111,848112,15585,14686,377,15063,156
2020-11-01,Yolo,113,214977,3442,3303,10,3313,60
2020-11-01,Yuba,115,75493,1342,1273,5,1278,10
2020-10-31,Alameda,001,1643700,24510,23780,230,24010,416
2020-10-31,Alpine,003,1148,10,4,0,4,0
2020-10-31,Amador,005,37829,370,347,0,347,16
2020-10-31,Butte,007,227075,3296,3172,70,3242,57
2020-10-31,Calaveras,009,45235,349,280,0,280,18
2020-10-31,Colusa,011,21464,575,555,1,556,6
2020-10-31,Contra Costa,013,1133247,19740,19161,96,19257,249
2020-10-31,Del Norte,015,27424,189,175,0,175,2
2020-10-31,El Dorado,017,186661,1519,1390,14,1404,4
2020-10-31,Fresno,019,978130,34385,31558,519,32077,451
2020-10-31,Glenn,021,27897,709,678,3,681,3
2020-10-31,Humboldt,023,135768,592,561,1,562,8
2020-10-31,Imperial,025,180216,13259,12912,19,12931,334
2020-10-31,Inyo,027,18085,251,241,5,246,14
2020-10-31,Kern,029,883053,34659,33666,471,34137,437
2020-10-31,Kings,031,150075,8983,8612,55,8667,82
2020-10-31,Lake,033,64148,750,724,0,724,16
2020-10-31,Lassen,035,31185,794,782,2,784,0
2020-10-31,Los Angeles,037,10098052,312109,304704,3067,307771,7073
2020-10-31,Madera,039,155013,5207,5013,50,5063,54
2020-10-31,Marin,041,260295,7232,7112,20,7132,125
2020-10-31,Mariposa,043,17540,83,79,0,79,2
2020-10-31,Mendocino,045,87422,1118,1066,5,1071,21
2020-10-31,Merced,047,269075,9835,9597,38,9635,151
2020-10-31,Modoc,049,8938,52,34,4,38,0
2020-10-31,Mono,051,14174,264,194,6,200,1
2020-10-31,Monterey,053,433212,11880,11539,76,11615,93
2020-10-31,Napa,055,140530,2203,2040,10,2050,15
2020-10-31,Nevada,057,99092,690,644,18,662,9
2020-10-31,Orange,059,3164182,62573,59488,1857,61345,1473
2020-10-31,Placer,061,380077,4719,4374,19,4393,58
2020-10-31,Plumas,063,18699,95,85,0,85,0
2020-10-31,Riverside,065,2383286,70229,68178,534,68712,1319
2020-10-31,Sacramento,067,1510023,27022,26316,36,26352,507
2020-10-31,San Benito,069,59416,1474,1448,1,1449,15
2020-10-31,San Bernardino,071,2135413,67138,64016,507,64523,1157
2020-10-31,San Diego,073,3302833,59452,56769,1729,58498,891
2020-10-31,San Francisco,075,870044,12750,12438,50,12488,145
2020-10-31,San Joaquin,077,732212,22517,21918,257,22175,500
2020-10-31,San Luis Obispo,079,281455,4629,4285,36,4321,31
2020-10-31,San Mateo,081,765935,11748,11253,11,11264,160
2020-10-31,Santa Barbara,083,443738,10115,9957,97,10054,130
2020-10-31,Santa Clara,085,1922200,26529,24957,51,25008,379
2020-10-31,Santa Cruz,087,273765,3063,2895,34,2929,25
2020-10-31,Shasta,089,179085,2630,2122,22,2144,33
2020-10-31,Sierra,091,2930,7,6,0,6,0
2020-10-31,Siskiyou,093,43540,246,200,11,211,0
2020-10-31,Solano,095,438530,7892,7545,39,7584,84
2020-10-31,Sonoma,097,501317,10128,9648,33,9681,140
2020-10-31,Stanislaus,099,539301,18163,17920,823,18743,412
2020-10-31,Sutter,101,95872,1935,1876,1,1877,12
2020-10-31,Tehama,103,63373,1017,953,2,955,5
2020-10-31,Trinity,105,12862,105,30,12,42,0
2020-10-31,Tulare,107,460477,18408,17758,465,18223,299
2020-10-31,Tuolumne,109,53932,321,290,6,296,5
2020-10-31,Ventura,111,848112,15501,14635,359,14994,155
2020-10-31,Yolo,113,214977,3407,3290,10,3300,60
2020-10-31,Yuba,115,75493,1326,1260,4,1264,10
2020-10-30,Alameda,001,1643700,24431,23676,228,23904,401
2020-10-30,Alpine,003,1148,10,4,0,4,0
2020-10-30,Amador,005,37829,370,344,0,344,16
2020-10-30,Butte,007,227075,3291,3160,70,3230,57
2020-10-30,Calaveras,009,45235,348,279,0,279,18
2020-10-30,Colusa,011,21464,573,554,1,555,6
2020-10-30,Contra Costa,013,1133247,19667,19074,96,19170,249
2020-10-30,Del Norte,015,27424,188,175,0,175,2
2020-10-30,El Dorado,017,186661,1506,1386,14,1400,4
2020-10-30,Fresno,019,978130,34263,31409,511,31920,446
2020-10-30,Glenn,021,27897,703,674,2,676,3
2020-10-30,Humboldt,023,135768,591,561,1,562,7
2020-10-30,Imperial,025,180216,13218,12853,19,12872,334
2020-10-30,Inyo,027,18085,250,241,5,246,14
2020-10-30,Kern,029,883053,34566,33583,470,34053,437
2020-10-30,Kings,031,150075,8973,8564,53,8617,82
2020-10-30,Lake,033,64148,750,720,0,720,16
2020-10-30,Lassen,035,31185,788,777,2,779,0
2020-10-30,Los Angeles,037,10098052,310673,303425,3032,306457,7060
2020-10-30,Madera,039,155013,5194,4991,48,5039,54
2020-10-30,Marin,041,260295,7212,7097,20,7117,125
2020-10-30,Mariposa,043,17540,83,78,0,78,2
2020-10-30,Mendocino,045,87422,1116,1062,5,1067,21
2020-10-30,Merced,047,269075,9803,9539,38,9577,150
2020-10-30,Modoc,049,8938,51,34,3,37,0
2020-10-30,Mono,051,14174,263,193,6,199,1
2020-10-30,Monterey,053,433212,11817,11491,71,11562,92
2020-10-30,Napa,055,140530,2185,2028,10,2038,15
2020-10-30,Nevada,057,99092,684,634,18,652,9
2020-10-30,Orange,059,3164182,62332,59334,1845,61179,1469
2020-10-30,Placer,061,380077,4672,4335,19,4354,58
2020-10-30,Plumas,063,18699,92,80,0,80,0
2020-10-30,Riverside,065,2383286,69890,67752,514,68266,1317
2020-10-30,Sacramento,067,1510023,26874,26147,36,26183,505
2020-10-30,San Benito,069,59416,1468,1440,1,1441,15
2020-10-30,San Bernardino,071,2135413,66722,63512,504,64016,1156
2020-10-30,San Diego,073,3302833,59047,56387,1707,58094,888
2020-10-30,San Francisco,075,870044,12695,12384,50,12434,145
2020-10-30,San Joaquin,077,732212,22450,21849,251,22100,500
2020-10-30,San Luis Obispo,079,281455,4587,4256,36,4292,31
2020-10-30,San Mateo,081,765935,11689,11207,11,11218,159
2020-10-30,Santa Barbara,083,443738,10092,9937,97,10034,128
2020-10-30,Santa Clara,085,1922200,26381,24811,51,24862,378
2020-10-30,Santa Cruz,087,273765,3045,2874,34,2908,25
2020-10-30,Shasta,089,179085,2586,2048,21,2069,32
2020-10-30,Sierra,091,2930,7,6,0,6,0
2020-10-30,Siskiyou,093,43540,246,192,11,203,0
2020-10-30,Solano,095,438530,7831,7497,39,7536,84
2020-10-30,Sonoma,097,501317,10053,9602,33,9635,140
2020-10-30,Stanislaus,099,539301,18115,17861,808,18669,410
2020-10-30,Sutter,101,95872,1922,1860,1,1861,12
2020-10-30,Tehama,103,63373,1013,932,2,934,5
2020-10-30,Trinity,105,12862,105,29,12,41,0
2020-10-30,Tulare,107,460477,18363,17682,451,18133,299
2020-10-30,Tuolumne,109,53932,313,286,6,292,4
2020-10-30,Ventura,111,848112,15428,14578,348,14926,154
2020-10-30,Yolo,113,214977,3390,3263,10,3273,60
2020-10-30,Yuba,115,75493,1318,1256,4,1260,10
2020-10-29,Alameda,001,1643700,24268,23530,227,23757,401
2020-10-29,Alpine,003,1148,7,4,0,4,0
2020-10-29,Amador,005,37829,366,338,0,338,16
2020-10-29,Butte,007,227075,3273,3143,68,3211,57
2020-10-29,Calaveras,009,45235,346,278,0,278,13
2020-10-29,Colusa,011,21464,569,552,1,553,6
2020-10-29,Contra Costa,013,1133247,19569,18933,95,19028,249
2020-10-29,Del Norte,015,27424,186,174,0,174,2
2020-10-29,El Dorado,017,186661,1484,1370,14,1384,4
2020-10-29,Fresno,019,978130,34105,31321,504,31825,445
2020-10-29,Glenn,021,27897,701,673,2,675,3
2020-10-29,Humboldt,023,135768,586,559,1,560,7
2020-10-29,Imperial,025,180216,13175,12769,19,12788,334
2020-10-29,Inyo,027,18085,248,238,5,243,14
2020-10-29,Kern,029,883053,34465,33460,465,33925,437
2020-10-29,Kings,031,150075,8819,8502,52,8554,82
2020-10-29,Lake,033,64148,747,702,0,702,16
2020-10-29,Lassen,035,31185,787,772,2,774,0
2020-10-29,Los Angeles,037,10098052,309045,302246,2986,305232,7046
2020-10-29,Madera,039,155013,5163,4970,46,5016,53
2020-10-29,Marin,041,260295,7198,7083,20,7103,125
2020-10-29,Mariposa,043,17540,81,78,0,78,2
2020-10-29,Mendocino,045,87422,1110,1058,5,1063,21
2020-10-29,Merced,047,269075,9751,9496,38,9534,150
2020-10-29,Modoc,049,8938,49,31,3,34,0
2020-10-29,Mono,051,14174,256,176,6,182,1
2020-10-29,Monterey,053,433212,11736,11425,69,11494,92
2020-10-29,Napa,055,140530,2161,2009,10,2019,15
2020-10-29,Nevada,057,99092,677,632,18,650,9
2020-10-29,Orange,059,3164182,62064,59046,1825,60871,1464
2020-10-29,Placer,061,380077,4627,4270,18,4288,58
2020-10-29,Plumas,063,18699,90,69,0,69,0
2020-10-29,Riverside,065,2383286,69514,67268,484,67752,1304
2020-10-29,Sacramento,067,1510023,26661,25978,35,26013,507
2020-10-29,San Benito,069,59416,1463,1431,1,1432,15
2020-10-29,San Bernardino,071,2135413,66154,62968,494,63462,1150
2020-10-29,San Diego,073,3302833,58581,55916,1678,57594,885
2020-10-29,San Francisco,075,870044,12617,12312,50,12362,145
2020-10-29,San Joaquin,077,732212,22366,21736,239,21975,498
2020-10-29,San Luis Obispo,079,281455,4556,4223,35,4258,31
2020-10-29,San Mateo,081,765935,11644,11145,11,11156,157
2020-10-29,Santa Barbara,083,443738,10059,9902,95,9997,128
2020-10-29,Santa Clara,085,1922200,26230,24614,51,24665,377
2020-10-29,Santa Cruz,087,273765,3020,2850,34,2884,24
2020-10-29,Shasta,089,179085,2523,2008,21,2029,32
2020-10-29,Sierra,091,2930,6,6,0,6,0
2020-10-29,Siskiyou,093,43540,230,185,11,196,0
2020-10-29,Solano,095,438530,7769,7453,39,7492,78
2020-10-29,Sonoma,097,501317,9988,9533,33,9566,140
2020-10-29,Stanislaus,099,539301,18062,17790,787,18577,410
2020-10-29,Sutter,101,95872,1915,1852,1,1853,12
2020-10-29,Tehama,103,63373,995,925,2,927,5
2020-10-29,Trinity,105,12862,100,28,11,39,0
2020-10-29,Tulare,107,460477,18285,17627,433,18060,299
2020-10-29,Tuolumne,109,53932,308,279,6,285,4
2020-10-29,Ventura,111,848112,15337,14486,344,14830,154
2020-10-29,Yolo,113,214977,3361,3246,10,3256,60
2020-10-29,Yuba,115,75493,1307,1248,4,1252,10
2020-10-28,Alameda,001,1643700,24168,23468,226,23694,400
2020-10-28,Alpine,003,1148,6,4,0,4,0
2020-10-28,Amador,005,37829,363,337,0,337,16
2020-10-28,Butte,007,227075,3257,3134,65,3199,56
2020-10-28,Calaveras,009,45235,345,278,0,278,13
2020-10-28,Colusa,011,21464,566,551,1,552,6
2020-10-28,Contra Costa,013,1133247,19482,18828,94,18922,246
2020-10-28,Del Norte,015,27424,183,173,0,173,2
2020-10-28,El Dorado,017,186661,1472,1363,14,1377,4
2020-10-28,Fresno,019,978130,33985,31195,498,31693,444
2020-10-28,Glenn,021,27897,697,673,2,675,3
2020-10-28,Humboldt,023,135768,582,559,1,560,7
2020-10-28,Imperial,025,180216,13125,12730,19,12749,333
2020-10-28,Inyo,027,18085,248,238,5,243,14
2020-10-28,Kern,029,883053,34363,33424,447,33871,436
2020-10-28,Kings,031,150075,8797,8486,52,8538,82
2020-10-28,Lake,033,64148,744,700,0,700,15
2020-10-28,Lassen,035,31185,783,771,2,773,0
2020-10-28,Los Angeles,037,10098052,307590,300726,2943,303669,7031
2020-10-28,Madera,039,155013,5146,4954,45,4999,53
2020-10-28,Marin,041,260295,7187,7079,20,7099,126
2020-10-28,Mariposa,043,17540,81,78,0,78,2
2020-10-28,Mendocino,045,87422,1109,1037,5,1042,20
2020-10-28,Merced,047,269075,9725,9480,37,9517,150
2020-10-28,Modoc,049,8938,48,31,2,33,0
2020-10-28,Mono,051,14174,238,176,6,182,1
2020-10-28,Monterey,053,433212,11678,11330,67,11397,89
2020-10-28,Napa,055,140530,2135,1998,9,2007,15
2020-10-28,Nevada,057,99092,669,629,18,647,9
2020-10-28,Orange,059,3164182,61800,58801,1809,60610,1459
2020-10-28,Placer,061,380077,4571,4236,18,4254,57
2020-10-28,Plumas,063,18699,89,67,0,67,0
2020-10-28,Riverside,065,2383286,69117,67003,460,67463,1302
2020-10-28,Sacramento,067,1510023,26464,25838,34,25872,506
2020-10-28,San Benito,069,59416,1455,1429,1,1430,15
2020-10-28,San Bernardino,071,2135413,65695,62778,485,63263,1154
2020-10-28,San Diego,073,3302833,58198,55556,1649,57205,881
2020-10-28,San Francisco,075,870044,12559,12261,49,12310,145
2020-10-28,San Joaquin,077,732212,22282,21707,228,21935,498
2020-10-28,San Luis Obispo,079,281455,4512,4197,32,4229,31
2020-10-28,San Mateo,081,765935,11577,11101,11,11112,157
2020-10-28,Santa Barbara,083,443738,10036,9872,93,9965,127
2020-10-28,Santa Clara,085,1922200,26086,24503,51,24554,375
2020-10-28,Santa Cruz,087,273765,2989,2836,34,2870,24
2020-10-28,Shasta,089,179085,2443,1996,20,2016,31
2020-10-28,Sierra,091,2930,6,6,0,6,0
2020-10-28,Siskiyou,093,43540,227,182,10,192,0
2020-10-28,Solano,095,438530,7710,7362,39,7401,77
2020-10-28,Sonoma,097,501317,9898,9457,28,9485,140
2020-10-28,Stanislaus,099,539301,17997,17765,778,18543,409
2020-10-28,Sutter,101,95872,1906,1840,1,1841,12
2020-10-28,Tehama,103,63373,984,921,2,923,5
2020-10-28,Trinity,105,12862,93,28,10,38,0
2020-10-28,Tulare,107,460477,18228,17569,418,17987,297
2020-10-28,Tuolumne,109,53932,304,277,6,283,4
2020-10-28,Ventura,111,848112,15264,14409,335,14744,153
2020-10-28,Yolo,113,214977,3336,3230,10,3240,60
2020-10-28,Yuba,115,75493,1295,1245,4,1249,10
2020-10-27,Alameda,001,1643700,24053,23365,224,23589,400
2020-10-27,Alpine,003,1148,6,3,0,3,0
2020-10-27,Amador,005,37829,360,335,0,335,16
2020-10-27,Butte,007,227075,3241,3107,62,3169,56
2020-10-27,Calaveras,009,45235,343,277,0,277,13
2020-10-27,Colusa,011,21464,561,549,1,550,6
2020-10-27,Contra Costa,013,1133247,19376,18766,94,18860,246
2020-10-27,Del Norte,015,27424,180,173,0,173,2
2020-10-27,El Dorado,017,186661,1459,1351,14,1365,4
2020-10-27,Fresno,019,978130,33866,31096,493,31589,442
2020-10-27,Glenn,021,27897,695,667,1,668,3
2020-10-27,Humboldt,023,135768,579,559,1,560,7
2020-10-27,Imperial,025,180216,13076,12680,19,12699,333
2020-10-27,Inyo,027,18085,248,231,5,236,14
2020-10-27,Kern,029,883053,34246,33328,443,33771,436
2020-10-27,Kings,031,150075,8766,8411,52,8463,83
2020-10-27,Lake,033,64148,741,700,0,700,15
2020-10-27,Lassen,035,31185,781,764,2,766,0
2020-10-27,Los Angeles,037,10098052,306202,299438,2914,302352,7008
2020-10-27,Madera,039,155013,5116,4942,44,4986,53
2020-10-27,Marin,041,260295,7171,7070,20,7090,126
2020-10-27,Mariposa,043,17540,80,78,0,78,2
2020-10-27,Mendocino,045,87422,1103,1033,4,1037,20
2020-10-27,Merced,047,269075,9684,9449,37,9486,150
2020-10-27,Modoc,049,8938,46,31,2,33,0
2020-10-27,Mono,051,14174,224,169,6,175,1
2020-10-27,Monterey,053,433212,11622,11261,65,11326,88
2020-10-27,Napa,055,140530,2119,1979,9,1988,15
2020-10-27,Nevada,057,99092,663,622,18,640,8
2020-10-27,Orange,059,3164182,61530,58550,1793,60343,1448
2020-10-27,Placer,061,380077,4522,4197,16,4213,57
2020-10-27,Plumas,063,18699,86,63,0,63,0
2020-10-27,Riverside,065,2383286,68764,66699,415,67114,1299
2020-10-27,Sacramento,067,1510023,26277,25701,33,25734,501
2020-10-27,San Benito,069,59416,1450,1428,1,1429,15
2020-10-27,San Bernardino,071,2135413,65233,62357,472,62829,1154
2020-10-27,San Diego,073,3302833,57725,55226,1626,56852,877
2020-10-27,San Francisco,075,870044,12484,12218,48,12266,140
2020-10-27,San Joaquin,077,732212,22191,21637,219,21856,496
2020-10-27,San Luis Obispo,079,281455,4485,4148,28,4176,31
2020-10-27,San Mateo,081,765935,11530,11074,11,11085,156
2020-10-27,Santa Barbara,083,443738,10006,9874,92,9966,125
2020-10-27,Santa Clara,085,1922200,25944,24368,51,24419,367
2020-10-27,Santa Cruz,087,273765,2959,2815,33,2848,24
2020-10-27,Shasta,089,179085,2357,1962,20,1982,29
2020-10-27,Sierra,091,2930,6,6,0,6,0
2020-10-27,Siskiyou,093,43540,218,181,10,191,0
2020-10-27,Solano,095,438530,7641,7298,39,7337,77
2020-10-27,Sonoma,097,501317,9831,9389,28,9417,140
2020-10-27,Stanislaus,099,539301,17929,17720,771,18491,408
2020-10-27,Sutter,101,95872,1893,1832,1,1833,12
2020-10-27,Tehama,103,63373,970,913,2,915,5
2020-10-27,Trinity,105,12862,90,28,10,38,0
2020-10-27,Tulare,107,460477,18165,17520,395,17915,296
2020-10-27,Tuolumne,109,53932,300,275,6,281,4
2020-10-27,Ventura,111,848112,15181,14347,328,14675,153
2020-10-27,Yolo,113,214977,3323,3216,10,3226,58
2020-10-27,Yuba,115,75493,1282,1235,4,1239,10
2020-10-26,Alameda,001,1643700,23940,23284,223,23507,398
2020-10-26,Alpine,003,1148,4,3,0,3,0
2020-10-26,Amador,005,37829,356,331,0,331,16
2020-10-26,Butte,007,227075,3230,3095,60,3155,56
2020-10-26,Calaveras,009,45235,340,274,0,274,13
2020-10-26,Colusa,011,21464,559,548,1,549,6
2020-10-26,Contra Costa,013,1133247,19280,18718,93,18811,245
2020-10-26,Del Norte,015,27424,180,171,0,171,2
2020-10-26,El Dorado,017,186661,1445,1336,14,1350,4
2020-10-26,Fresno,019,978130,33753,30969,486,31455,441
2020-10-26,Glenn,021,27897,688,660,1,661,3
2020-10-26,Humboldt,023,135768,571,554,1,555,7
2020-10-26,Imperial,025,180216,13022,12654,16,12670,333
2020-10-26,Inyo,027,18085,248,226,5,231,14
2020-10-26,Kern,029,883053,34162,33233,438,33671,432
2020-10-26,Kings,031,150075,8745,8264,50,8314,82
2020-10-26,Lake,033,64148,739,697,0,697,15
2020-10-26,Lassen,035,31185,778,764,2,766,0
2020-10-26,Los Angeles,037,10098052,304775,297961,2873,300834,6979
2020-10-26,Madera,039,155013,5095,4922,43,4965,53
2020-10-26,Marin,041,260295,7165,7064,19,7083,104
2020-10-26,Mariposa,043,17540,80,77,0,77,2
2020-10-26,Mendocino,045,87422,1095,1026,4,1030,20
2020-10-26,Merced,047,269075,9637,9375,36,9411,150
2020-10-26,Modoc,049,8938,44,28,0,28,0
2020-10-26,Mono,051,14174,218,167,6,173,1
2020-10-26,Monterey,053,433212,11571,11207,61,11268,87
2020-10-26,Napa,055,140530,2087,1966,9,1975,14
2020-10-26,Nevada,057,99092,656,618,18,636,8
2020-10-26,Orange,059,3164182,61326,58377,1775,60152,1442
2020-10-26,Placer,061,380077,4480,4161,15,4176,57
2020-10-26,Plumas,063,18699,84,63,0,63,0
2020-10-26,Riverside,065,2383286,68313,66475,389,66864,1294
2020-10-26,Sacramento,067,1510023,26097,25555,31,25586,496
2020-10-26,San Benito,069,59416,1442,1424,1,1425,15
2020-10-26,San Bernardino,071,2135413,64762,61871,469,62340,1153
2020-10-26,San Diego,073,3302833,57332,54957,1588,56545,870
2020-10-26,San Francisco,075,870044,12424,12072,48,12120,138
2020-10-26,San Joaquin,077,732212,22108,21459,213,21672,495
2020-10-26,San Luis Obispo,079,281455,4459,4133,28,4161,31
2020-10-26,San Mateo,081,765935,11486,11037,11,11048,156
2020-10-26,Santa Barbara,083,443738,9983,9827,92,9919,122
2020-10-26,Santa Clara,085,1922200,25754,24258,50,24308,365
2020-10-26,Santa Cruz,087,273765,2933,2808,33,2841,24
2020-10-26,Shasta,089,179085,2303,1889,20,1909,29
2020-10-26,Sierra,091,2930,6,6,0,6,0
2020-10-26,Siskiyou,093,43540,210,179,10,189,0
2020-10-26,Solano,095,438530,7561,7271,39,7310,62
2020-10-26,Sonoma,097,501317,9754,9315,28,9343,140
2020-10-26,Stanislaus,099,539301,17879,17666,761,18427,400
2020-10-26,Sutter,101,95872,1885,1817,1,1818,12
2020-10-26,Tehama,103,63373,950,892,2,894,5
2020-10-26,Trinity,105,12862,89,26,10,36,0
2020-10-26,Tulare,107,460477,18088,17432,372,17804,296
2020-10-26,Tuolumne,109,53932,291,271,6,277,4
2020-10-26,Ventura,111,848112,15112,14330,325,14655,154
2020-10-26,Yolo,113,214977,3304,3206,10,3216,58
2020-10-26,Yuba,115,75493,1266,1226,4,1230,10
2020-10-25,Alameda,001,1643700,23833,23192,223,23415,398
2020-10-25,Alpine,003,1148,3,3,0,3,0
2020-10-25,Amador,005,37829,345,330,0,330,16
2020-10-25,Butte,007,227075,3210,3087,60,3147,56
2020-10-25,Calaveras,009,45235,339,274,0,274,13
2020-10-25,Colusa,011,21464,555,548,1,549,6
2020-10-25,Contra Costa,013,1133247,19177,18640,93,18733,245
2020-10-25,Del Norte,015,27424,176,171,0,171,2
2020-10-25,El Dorado,017,186661,1430,1328,14,1342,4
2020-10-25,Fresno,019,978130,33619,30858,473,31331,441
2020-10-25,Glenn,021,27897,685,652,1,653,3
2020-10-25,Humboldt,023,135768,568,554,1,555,7
2020-10-25,Imperial,025,180216,12973,12572,16,12588,333
2020-10-25,Inyo,027,18085,245,226,5,231,14
2020-10-25,Kern,029,883053,34055,33185,434,33619,432
2020-10-25,Kings,031,150075,8712,8246,48,8294,82
2020-10-25,Lake,033,64148,722,695,0,695,15
2020-10-25,Lassen,035,31185,776,764,2,766,0
2020-10-25,Los Angeles,037,10098052,303211,297110,2837,299947,6973
2020-10-25,Madera,039,155013,5065,4909,38,4947,53
2020-10-25,Marin,041,260295,7155,7052,19,7071,102
2020-10-25,Mariposa,043,17540,80,77,0,77,2
2020-10-25,Mendocino,045,87422,1088,1024,4,1028,20
2020-10-25,Merced,047,269075,9572,9352,34,9386,150
2020-10-25,Modoc,049,8938,39,28,0,28,0
2020-10-25,Mono,051,14174,210,167,6,173,1
2020-10-25,Monterey,053,433212,11488,11182,56,11238,87
2020-10-25,Napa,055,140530,2057,1962,9,1971,14
2020-10-25,Nevada,057,99092,648,616,18,634,8
2020-10-25,Orange,059,3164182,61037,58185,1766,59951,1443
2020-10-25,Placer,061,380077,4428,4140,15,4155,57
2020-10-25,Plumas,063,18699,84,63,0,63,0
2020-10-25,Riverside,065,2383286,67863,66192,373,66565,1289
2020-10-25,Sacramento,067,1510023,25882,25445,29,25474,496
2020-10-25,San Benito,069,59416,1435,1423,1,1424,15
2020-10-25,San Bernardino,071,2135413,64222,61551,457,62008,1153
2020-10-25,San Diego,073,3302833,56869,54599,1556,56155,870
2020-10-25,San Francisco,075,870044,12351,12072,48,12120,137
2020-10-25,San Joaquin,077,732212,22000,21459,204,21663,495
2020-10-25,San Luis Obispo,079,281455,4417,4126,26,4152,31
2020-10-25,San Mateo,081,765935,11441,10987,11,10998,156
2020-10-25,Santa Barbara,083,443738,9964,9814,92,9906,122
2020-10-25,Santa Clara,085,1922200,25566,24087,50,24137,365
2020-10-25,Santa Cruz,087,273765,2906,2789,33,2822,24
2020-10-25,Shasta,089,179085,2239,1889,20,1909,29
2020-10-25,Sierra,091,2930,6,6,0,6,0
2020-10-25,Siskiyou,093,43540,207,176,10,186,0
2020-10-25,Solano,095,438530,7483,7197,39,7236,60
2020-10-25,Sonoma,097,501317,9661,9235,27,9262,140
2020-10-25,Stanislaus,099,539301,17822,17641,752,18393,400
2020-10-25,Sutter,101,95872,1867,1811,1,1812,12
2020-10-25,Tehama,103,63373,933,880,2,882,5
2020-10-25,Trinity,105,12862,85,26,10,36,0
2020-10-25,Tulare,107,460477,18014,17431,362,17793,296
2020-10-25,Tuolumne,109,53932,286,271,6,277,4
2020-10-25,Ventura,111,848112,15019,14300,319,14619,154
2020-10-25,Yolo,113,214977,3283,3190,10,3200,58
2020-10-25,Yuba,115,75493,1258,1219,4,1223,10
2020-10-24,Alameda,001,1643700,23762,23099,220,23319,398
2020-10-24,Alpine,003,1148,3,3,0,3,0
2020-10-24,Amador,005,37829,344,328,0,328,16
2020-10-24,Butte,007,227075,3201,3078,60,3138,56
2020-10-24,Calaveras,009,45235,337,274,0,274,13
2020-10-24,Colusa,011,21464,550,548,1,549,6
2020-10-24,Contra Costa,013,1133247,19111,18567,93,18660,244
2020-10-24,Del Norte,015,27424,175,171,0,171,2
2020-10-24,El Dorado,017,186661,1414,1317,14,1331,4
2020-10-24,Fresno,019,978130,33558,30752,468,31220,441
2020-10-24,Glenn,021,27897,682,650,1,651,3
2020-10-24,Humboldt,023,135768,566,553,1,554,7
2020-10-24,Imperial,025,180216,12946,12469,16,12485,333
2020-10-24,Inyo,027,18085,245,226,5,231,14
2020-10-24,Kern,029,883053,33997,33105,429,33534,432
2020-10-24,Kings,031,150075,8702,8228,47,8275,82
2020-10-24,Lake,033,64148,717,696,0,696,15
2020-10-24,Lassen,035,31185,775,764,2,766,0
2020-10-24,Los Angeles,037,10098052,302393,296323,2815,299138,6969
2020-10-24,Madera,039,155013,5052,4898,37,4935,53
2020-10-24,Marin,041,260295,7146,7042,19,7061,102
2020-10-24,Mariposa,043,17540,80,77,0,77,2
2020-10-24,Mendocino,045,87422,1076,1022,4,1026,20
2020-10-24,Merced,047,269075,9548,9351,34,9385,150
2020-10-24,Modoc,049,8938,38,28,0,28,0
2020-10-24,Mono,051,14174,196,167,6,173,1
2020-10-24,Monterey,053,433212,11419,11153,55,11208,87
2020-10-24,Napa,055,140530,2040,1957,8,1965,14
2020-10-24,Nevada,057,99092,644,608,18,626,8
2020-10-24,Orange,059,3164182,60882,57928,1756,59684,1441
2020-10-24,Placer,061,380077,4397,4093,15,4108,57
2020-10-24,Plumas,063,18699,78,63,0,63,0
2020-10-24,Riverside,065,2383286,67655,65902,359,66261,1288
2020-10-24,Sacramento,067,1510023,25801,25372,29,25401,496
2020-10-24,San Benito,069,59416,1430,1417,1,1418,15
2020-10-24,San Bernardino,071,2135413,63983,61351,449,61800,1153
2020-10-24,San Diego,073,3302833,56592,54330,1543,55873,868
2020-10-24,San Francisco,075,870044,12292,12073,47,12120,137
2020-10-24,San Joaquin,077,732212,21947,21458,199,21657,495
2020-10-24,San Luis Obispo,079,281455,4394,4119,25,4144,31
2020-10-24,San Mateo,081,765935,11402,10942,11,10953,155
2020-10-24,Santa Barbara,083,443738,9947,9781,92,9873,122
2020-10-24,Santa Clara,085,1922200,25479,23978,50,24028,365
2020-10-24,Santa Cruz,087,273765,2887,2775,33,2808,24
2020-10-24,Shasta,089,179085,2194,1878,20,1898,29
2020-10-24,Sierra,091,2930,6,6,0,6,0
2020-10-24,Siskiyou,093,43540,206,174,10,184,0
2020-10-24,Solano,095,438530,7430,7189,39,7228,60
2020-10-24,Sonoma,097,501317,9627,9179,27,9206,140
2020-10-24,Stanislaus,099,539301,17779,17574,737,18311,400
2020-10-24,Sutter,101,95872,1858,1804,1,1805,12
2020-10-24,Tehama,103,63373,925,872,2,874,5
2020-10-24,Trinity,105,12862,85,25,10,35,0
2020-10-24,Tulare,107,460477,17992,17406,351,17757,295
2020-10-24,Tuolumne,109,53932,283,269,6,275,4
2020-10-24,Ventura,111,848112,14966,14240,318,14558,154
2020-10-24,Yolo,113,214977,3271,3164,10,3174,57
2020-10-24,Yuba,115,75493,1255,1210,4,1214,10
2020-10-23,Alameda,001,1643700,23689,23047,218,23265,393
2020-10-23,Alpine,003,1148,3,3,0,3,0
2020-10-23,Amador,005,37829,343,324,0,324,16
2020-10-23,Butte,007,227075,3192,3059,60,3119,55
2020-10-23,Calaveras,009,45235,336,273,0,273,13
2020-10-23,Colusa,011,21464,550,547,1,548,6
2020-10-23,Contra Costa,013,1133247,19041,18483,92,18575,244
2020-10-23,Del Norte,015,27424,175,171,0,171,2
2020-10-23,El Dorado,017,186661,1405,1310,14,1324,4
2020-10-23,Fresno,019,978130,33491,30590,465,31055,441
2020-10-23,Glenn,021,27897,679,644,1,645,3
2020-10-23,Humboldt,023,135768,564,553,1,554,7
2020-10-23,Imperial,025,180216,12915,12398,15,12413,333
2020-10-23,Inyo,027,18085,244,226,5,231,14
2020-10-23,Kern,029,883053,33929,33077,424,33501,431
2020-10-23,Kings,031,150075,8693,8218,47,8265,82
2020-10-23,Lake,033,64148,715,689,0,689,15
2020-10-23,Lassen,035,31185,774,764,2,766,0
2020-10-23,Los Angeles,037,10098052,301307,294287,2788,297075,6956
2020-10-23,Madera,039,155013,5047,4888,37,4925,53
2020-10-23,Marin,041,260295,7133,7029,19,7048,102
2020-10-23,Mariposa,043,17540,80,77,0,77,2
2020-10-23,Mendocino,045,87422,1073,1019,4,1023,20
2020-10-23,Merced,047,269075,9534,9327,34,9361,149
2020-10-23,Modoc,049,8938,38,28,0,28,0
2020-10-23,Mono,051,14174,194,159,6,165,1
2020-10-23,Monterey,053,433212,11372,11099,51,11150,86
2020-10-23,Napa,055,140530,2032,1942,8,1950,14
2020-10-23,Nevada,057,99092,641,604,18,622,8
2020-10-23,Orange,059,3164182,60712,57595,1741,59336,1430
2020-10-23,Placer,061,380077,4350,4073,15,4088,57
2020-10-23,Plumas,063,18699,75,63,0,63,0
2020-10-23,Riverside,065,2383286,67416,65512,351,65863,1279
2020-10-23,Sacramento,067,1510023,25696,25224,29,25253,496
2020-10-23,San Benito,069,59416,1428,1412,1,1413,15
2020-10-23,San Bernardino,071,2135413,63697,60854,435,61289,1150
2020-10-23,San Diego,073,3302833,56286,53944,1516,55460,867
2020-10-23,San Francisco,075,870044,12261,12015,47,12062,137
2020-10-23,San Joaquin,077,732212,21891,21361,193,21554,495
2020-10-23,San Luis Obispo,079,281455,4369,4102,25,4127,31
2020-10-23,San Mateo,081,765935,11353,10872,11,10883,155
2020-10-23,Santa Barbara,083,443738,9931,9751,92,9843,121
2020-10-23,Santa Clara,085,1922200,25377,23822,50,23872,364
2020-10-23,Santa Cruz,087,273765,2873,2757,33,2790,24
2020-10-23,Shasta,089,179085,2157,1846,19,1865,29
2020-10-23,Sierra,091,2930,6,6,0,6,0
2020-10-23,Siskiyou,093,43540,202,172,10,182,0
2020-10-23,Solano,095,438530,7399,7174,39,7213,59
2020-10-23,Sonoma,097,501317,9570,9112,27,9139,139
2020-10-23,Stanislaus,099,539301,17742,17496,730,18226,395
2020-10-23,Sutter,101,95872,1851,1797,1,1798,12
2020-10-23,Tehama,103,63373,916,862,2,864,5
2020-10-23,Trinity,105,12862,85,26,10,36,0
2020-10-23,Tulare,107,460477,17947,17334,340,17674,295
2020-10-23,Tuolumne,109,53932,280,254,6,260,4
2020-10-23,Ventura,111,848112,14937,14192,318,14510,155
2020-10-23,Yolo,113,214977,3259,3140,10,3150,57
2020-10-23,Yuba,115,75493,1251,1206,4,1210,10
2020-10-22,Alameda,001,1643700,23588,22915,218,23133,393
2020-10-22,Alpine,003,1148,3,3,0,3,0
2020-10-22,Amador,005,37829,339,317,0,317,16
2020-10-22,Butte,007,227075,3182,3046,58,3104,55
2020-10-22,Calaveras,009,45235,333,273,0,273,13
2020-10-22,Colusa,011,21464,550,547,1,548,6
2020-10-22,Contra Costa,013,1133247,18970,18393,92,18485,243
2020-10-22,Del Norte,015,27424,174,168,0,168,2
2020-10-22,El Dorado,017,186661,1395,1308,14,1322,4
2020-10-22,Fresno,019,978130,33380,30471,457,30928,438
2020-10-22,Glenn,021,27897,672,643,1,644,3
2020-10-22,Humboldt,023,135768,562,548,1,549,7
2020-10-22,Imperial,025,180216,12862,12311,15,12326,333
2020-10-22,Inyo,027,18085,241,220,5,225,14
2020-10-22,Kern,029,883053,33848,32991,421,33412,431
2020-10-22,Kings,031,150075,8442,8201,47,8248,82
2020-10-22,Lake,033,64148,711,678,0,678,15
2020-10-22,Lassen,035,31185,771,764,2,766,0
2020-10-22,Los Angeles,037,10098052,299927,291599,2734,294333,6935
2020-10-22,Madera,039,155013,5026,4847,37,4884,52
2020-10-22,Marin,041,260295,7126,7014,19,7033,102
2020-10-22,Mariposa,043,17540,80,77,0,77,2
2020-10-22,Mendocino,045,87422,1068,1016,4,1020,20
2020-10-22,Merced,047,269075,9506,9323,34,9357,149
2020-10-22,Modoc,049,8938,34,26,0,26,0
2020-10-22,Mono,051,14174,189,156,6,162,1
2020-10-22,Monterey,053,433212,11313,11059,48,11107,84
2020-10-22,Napa,055,140530,2017,1928,8,1936,14
2020-10-22,Nevada,057,99092,635,600,18,618,8
2020-10-22,Orange,059,3164182,60498,57418,1724,59142,1422
2020-10-22,Placer,061,380077,4301,4036,15,4051,57
2020-10-22,Plumas,063,18699,72,62,0,62,0
2020-10-22,Riverside,065,2383286,67081,65104,333,65437,1279
2020-10-22,Sacramento,067,1510023,25556,25054,29,25083,492
2020-10-22,San Benito,069,59416,1424,1403,1,1404,15
2020-10-22,San Bernardino,071,2135413,63295,60402,420,60822,1149
2020-10-22,San Diego,073,3302833,55899,53514,1497,55011,866
2020-10-22,San Francisco,075,870044,12203,11991,45,12036,137
2020-10-22,San Joaquin,077,732212,21818,21282,187,21469,495
2020-10-22,San Luis Obispo,079,281455,4353,4081,25,4106,31
2020-10-22,San Mateo,081,765935,11297,10796,11,10807,155
2020-10-22,Santa Barbara,083,443738,9898,9710,90,9800,120
2020-10-22,Santa Clara,085,1922200,25223,23621,50,23671,363
2020-10-22,Santa Cruz,087,273765,2855,2738,32,2770,24
2020-10-22,Shasta,089,179085,2111,1799,19,1818,29
2020-10-22,Sierra,091,2930,6,6,0,6,0
2020-10-22,Siskiyou,093,43540,201,169,10,179,0
2020-10-22,Solano,095,438530,7353,7116,39,7155,59
2020-10-22,Sonoma,097,501317,9504,9052,26,9078,139
2020-10-22,Stanislaus,099,539301,17689,17440,718,18158,395
2020-10-22,Sutter,101,95872,1837,1794,1,1795,12
2020-10-22,Tehama,103,63373,905,852,2,854,5
2020-10-22,Trinity,105,12862,84,26,10,36,0
2020-10-22,Tulare,107,460477,17881,17265,327,17592,293
2020-10-22,Tuolumne,109,53932,277,252,6,258,4
2020-10-22,Ventura,111,848112,14890,14124,316,14440,154
2020-10-22,Yolo,113,214977,3247,3116,10,3126,58
2020-10-22,Yuba,115,75493,1244,1199,3,1202,10
2020-10-21,Alameda,001,1643700,23500,22853,216,23069,392
2020-10-21,Alpine,003,1148,3,3,0,3,0
2020-10-21,Amador,005,37829,334,313,0,313,16
2020-10-21,Butte,007,227075,3170,3041,58,3099,55
2020-10-21,Calaveras,009,45235,332,272,0,272,13
2020-10-21,Colusa,011,21464,550,546,1,547,6
2020-10-21,Contra Costa,013,1133247,18896,18299,92,18391,243
2020-10-21,Del Norte,015,27424,174,169,0,169,2
2020-10-21,El Dorado,017,186661,1383,1305,13,1318,4
2020-10-21,Fresno,019,978130,33284,30328,452,30780,433
2020-10-21,Glenn,021,27897,667,640,1,641,3
2020-10-21,Humboldt,023,135768,561,548,1,549,7
2020-10-21,Imperial,025,180216,12805,12210,15,12225,331
2020-10-21,Inyo,027,18085,237,220,5,225,14
2020-10-21,Kern,029,883053,33773,32956,419,33375,430
2020-10-21,Kings,031,150075,8415,8186,47,8233,80
2020-10-21,Lake,033,64148,710,676,0,676,15
2020-10-21,Lassen,035,31185,770,764,2,766,0
2020-10-21,Los Angeles,037,10098052,298586,288096,2692,290788,6923
2020-10-21,Madera,039,155013,5001,4831,37,4868,52
2020-10-21,Marin,041,260295,7117,7002,19,7021,102
2020-10-21,Mariposa,043,17540,80,77,0,77,2
2020-10-21,Mendocino,045,87422,1066,1011,4,1015,21
2020-10-21,Merced,047,269075,9482,9319,32,9351,149
2020-10-21,Modoc,049,8938,33,26,0,26,0
2020-10-21,Mono,051,14174,187,156,6,162,1
2020-10-21,Monterey,053,433212,11275,11005,47,11052,83
2020-10-21,Napa,055,140530,2002,1918,8,1926,13
2020-10-21,Nevada,057,99092,629,597,18,615,8
2020-10-21,Orange,059,3164182,60286,57189,1715,58904,1409
2020-10-21,Placer,061,380077,4264,4007,15,4022,56
2020-10-21,Plumas,063,18699,69,58,0,58,0
2020-10-21,Riverside,065,2383286,66785,64778,309,65087,1278
2020-10-21,Sacramento,067,1510023,25362,24908,29,24937,490
2020-10-21,San Benito,069,59416,1423,1401,1,1402,14
2020-10-21,San Bernardino,071,2135413,62885,59948,413,60361,1141
2020-10-21,San Diego,073,3302833,55547,53279,1469,54748,863
2020-10-21,San Francisco,075,870044,12154,11976,44,12020,137
2020-10-21,San Joaquin,077,732212,21742,21201,181,21382,495
2020-10-21,San Luis Obispo,079,281455,4326,4055,23,4078,31
2020-10-21,San Mateo,081,765935,11248,10730,11,10741,155
2020-10-21,Santa Barbara,083,443738,9881,9681,89,9770,121
2020-10-21,Santa Clara,085,1922200,25096,23537,50,23587,361
2020-10-21,Santa Cruz,087,273765,2832,2729,32,2761,24
2020-10-21,Shasta,089,179085,2075,1777,19,1796,27
2020-10-21,Sierra,091,2930,6,6,0,6,0
2020-10-21,Siskiyou,093,43540,197,169,10,179,0
2020-10-21,Solano,095,438530,7307,7088,39,7127,59
2020-10-21,Sonoma,097,501317,9424,8987,26,9013,138
2020-10-21,Stanislaus,099,539301,17640,17419,710,18129,392
2020-10-21,Sutter,101,95872,1823,1786,1,1787,12
2020-10-21,Tehama,103,63373,889,824,2,826,5
2020-10-21,Trinity,105,12862,78,25,9,34,0
2020-10-21,Tulare,107,460477,17843,17204,313,17517,292
2020-10-21,Tuolumne,109,53932,276,251,6,257,4
2020-10-21,Ventura,111,848112,14827,14050,313,14363,153
2020-10-21,Yolo,113,214977,3228,3095,10,3105,58
2020-10-21,Yuba,115,75493,1236,1194,3,1197,10
2020-10-20,Alameda,001,1643700,23398,22750,212,22962,391
2020-10-20,Alpine,003,1148,3,3,0,3,0
2020-10-20,Amador,005,37829,333,313,0,313,16
2020-10-20,Butte,007,227075,3158,3027,58,3085,56
2020-10-20,Calaveras,009,45235,330,273,0,273,13
2020-10-20,Colusa,011,21464,547,546,1,547,6
2020-10-20,Contra Costa,013,1133247,18803,18246,92,18338,241
2020-10-20,Del Norte,015,27424,173,169,0,169,2
2020-10-20,El Dorado,017,186661,1377,1295,13,1308,4
2020-10-20,Fresno,019,978130,33181,30220,446,30666,431
2020-10-20,Glenn,021,27897,662,638,1,639,3
2020-10-20,Humboldt,023,135768,557,545,1,546,7
2020-10-20,Imperial,025,180216,12737,12114,15,12129,330
2020-10-20,Inyo,027,18085,237,218,5,223,14
2020-10-20,Kern,029,883053,33698,32889,406,33295,429
2020-10-20,Kings,031,150075,8397,8178,46,8224,80
2020-10-20,Lake,033,64148,708,675,0,675,15
2020-10-20,Lassen,035,31185,769,757,2,759,0
2020-10-20,Los Angeles,037,10098052,297091,287727,2644,290371,6891
2020-10-20,Madera,039,155013,4984,4823,37,4860,52
2020-10-20,Marin,041,260295,7102,6994,19,7013,101
2020-10-20,Mariposa,043,17540,79,77,0,77,2
2020-10-20,Mendocino,045,87422,1064,1004,4,1008,21
2020-10-20,Merced,047,269075,9460,9323,32,9355,149
2020-10-20,Modoc,049,8938,32,26,0,26,0
2020-10-20,Mono,051,14174,187,156,6,162,1
2020-10-20,Monterey,053,433212,11232,10942,44,10986,81
2020-10-20,Napa,055,140530,1983,1912,8,1920,13
2020-10-20,Nevada,057,99092,619,596,18,614,8
2020-10-20,Orange,059,3164182,60022,56914,1705,58619,1397
2020-10-20,Placer,061,380077,4226,3997,15,4012,56
2020-10-20,Plumas,063,18699,66,53,0,53,0
2020-10-20,Riverside,065,2383286,66406,64452,297,64749,1275
2020-10-20,Sacramento,067,1510023,25234,24767,28,24795,485
2020-10-20,San Benito,069,59416,1420,1398,1,1399,14
2020-10-20,San Bernardino,071,2135413,62501,59571,411,59982,1109
2020-10-20,San Diego,073,3302833,55211,53004,1449,54453,857
2020-10-20,San Francisco,075,870044,12107,12013,43,12056,126
2020-10-20,San Joaquin,077,732212,21663,21173,172,21345,490
2020-10-20,San Luis Obispo,079,281455,4308,4043,22,4065,31
2020-10-20,San Mateo,081,765935,11201,10659,11,10670,155
2020-10-20,Santa Barbara,083,443738,9852,9664,87,9751,121
2020-10-20,Santa Clara,085,1922200,24958,23406,50,23456,358
2020-10-20,Santa Cruz,087,273765,2809,2710,32,2742,23
2020-10-20,Shasta,089,179085,2052,1747,19,1766,20
2020-10-20,Sierra,091,2930,6,6,0,6,0
2020-10-20,Siskiyou,093,43540,189,168,10,178,0
2020-10-20,Solano,095,438530,7258,7044,39,7083,57
2020-10-20,Sonoma,097,501317,9361,8904,24,8928,135
2020-10-20,Stanislaus,099,539301,17587,17367,706,18073,393
2020-10-20,Sutter,101,95872,1814,1783,1,1784,12
2020-10-20,Tehama,103,63373,874,813,2,815,5
2020-10-20,Trinity,105,12862,77,25,9,34,0
2020-10-20,Tulare,107,460477,17776,17156,308,17464,289
2020-10-20,Tuolumne,109,53932,274,250,6,256,4
2020-10-20,Ventura,111,848112,14763,13980,311,14291,152
2020-10-20,Yolo,113,214977,3205,3083,10,3093,56
2020-10-20,Yuba,115,75493,1226,1191,3,1194,10
2020-10-19,Alameda,001,1643700,23288,22647,211,22858,392
2020-10-19,Alpine,003,1148,3,3,0,3,0
2020-10-19,Amador,005,37829,327,313,0,313,16
2020-10-19,Butte,007,227075,3147,3026,58,3084,55
2020-10-19,Calaveras,009,45235,329,268,0,268,13
2020-10-19,Colusa,011,21464,547,544,1,545,6
2020-10-19,Contra Costa,013,1133247,18705,18173,92,18265,239
2020-10-19,Del Norte,015,27424,170,167,0,167,2
2020-10-19,El Dorado,017,186661,1356,1287,13,1300,4
2020-10-19,Fresno,019,978130,33070,30152,440,30592,431
2020-10-19,Glenn,021,27897,657,635,0,635,3
2020-10-19,Humboldt,023,135768,557,543,1,544,7
2020-10-19,Imperial,025,180216,12683,12036,14,12050,330
2020-10-19,Inyo,027,18085,236,218,5,223,14
2020-10-19,Kern,029,883053,33622,32840,403,33243,428
2020-10-19,Kings,031,150075,8379,8173,46,8219,80
2020-10-19,Lake,033,64148,705,673,0,673,15
2020-10-19,Lassen,035,31185,768,757,2,759,0
2020-10-19,Los Angeles,037,10098052,295606,287119,2607,289726,6858
2020-10-19,Madera,039,155013,4969,4787,37,4824,52
2020-10-19,Marin,041,260295,7084,6981,19,7000,100
2020-10-19,Mariposa,043,17540,79,77,0,77,2
2020-10-19,Mendocino,045,87422,1059,1001,4,1005,21
2020-10-19,Merced,047,269075,9435,9305,29,9334,148
2020-10-19,Modoc,049,8938,31,26,0,26,0
2020-10-19,Mono,051,14174,182,156,6,162,1
2020-10-19,Monterey,053,433212,11171,10907,44,10951,80
2020-10-19,Napa,055,140530,1971,1892,8,1900,12
2020-10-19,Nevada,057,99092,616,590,18,608,8
2020-10-19,Orange,059,3164182,59738,56652,1690,58342,1396
2020-10-19,Placer,061,380077,4178,3962,15,3977,49
2020-10-19,Plumas,063,18699,64,52,0,52,0
2020-10-19,Riverside,065,2383286,65975,64016,281,64297,1272
2020-10-19,Sacramento,067,1510023,25095,24542,28,24570,483
2020-10-19,San Benito,069,59416,1413,1395,1,1396,14
2020-10-19,San Bernardino,071,2135413,62049,59265,399,59664,1100
2020-10-19,San Diego,073,3302833,54825,52739,1424,54163,853
2020-10-19,San Francisco,075,870044,12063,11879,43,11922,126
2020-10-19,San Joaquin,077,732212,21588,20930,164,21094,489
2020-10-19,San Luis Obispo,079,281455,4292,4016,22,4038,31
2020-10-19,San Mateo,081,765935,11155,10568,11,10579,154
2020-10-19,Santa Barbara,083,443738,9816,9632,87,9719,121
2020-10-19,Santa Clara,085,1922200,24808,23301,50,23351,352
2020-10-19,Santa Cruz,087,273765,2792,2705,32,2737,19
2020-10-19,Shasta,089,179085,2008,1709,18,1727,20
2020-10-19,Sierra,091,2930,6,6,0,6,0
2020-10-19,Siskiyou,093,43540,182,167,10,177,0
2020-10-19,Solano,095,438530,7217,7003,39,7042,57
2020-10-19,Sonoma,097,501317,9274,8830,24,8854,135
2020-10-19,Stanislaus,099,539301,17536,17342,696,18038,390
2020-10-19,Sutter,101,95872,1809,1773,1,1774,12
2020-10-19,Tehama,103,63373,871,793,2,795,5
2020-10-19,Trinity,105,12862,75,23,9,32,0
2020-10-19,Tulare,107,460477,17726,17047,301,17348,291
2020-10-19,Tuolumne,109,53932,272,247,6,253,4
2020-10-19,Ventura,111,848112,14698,13930,308,14238,152
2020-10-19,Yolo,113,214977,3192,3069,10,3079,56
2020-10-19,Yuba,115,75493,1219,1183,3,1186,10
2020-10-18,Alameda,001,1643700,23184,22546,210,22756,392
2020-10-18,Alpine,003,1148,3,3,0,3,0
2020-10-18,Amador,005,37829,316,313,0,313,16
2020-10-18,Butte,007,227075,3134,3019,58,3077,55
2020-10-18,Calaveras,009,45235,328,267,0,267,13
2020-10-18,Colusa,011,21464,545,544,1,545,6
2020-10-18,Contra Costa,013,1133247,18607,18120,92,18212,237
2020-10-18,Del Norte,015,27424,170,167,0,167,2
2020-10-18,El Dorado,017,186661,1347,1283,13,1296,4
2020-10-18,Fresno,019,978130,32940,30051,432,30483,430
2020-10-18,Glenn,021,27897,655,634,0,634,3
2020-10-18,Humboldt,023,135768,554,540,1,541,7
2020-10-18,Imperial,025,180216,12620,11987,13,12000,330
2020-10-18,Inyo,027,18085,233,215,5,220,14
2020-10-18,Kern,029,883053,33549,32799,396,33195,428
2020-10-18,Kings,031,150075,8364,8159,46,8205,80
2020-10-18,Lake,033,64148,698,670,0,670,15
2020-10-18,Lassen,035,31185,768,757,2,759,0
2020-10-18,Los Angeles,037,10098052,293896,286187,2565,288752,6857
2020-10-18,Madera,039,155013,4944,4770,37,4807,52
2020-10-18,Marin,041,260295,7063,6969,19,6988,99
2020-10-18,Mariposa,043,17540,79,77,0,77,2
2020-10-18,Mendocino,045,87422,1057,988,4,992,21
2020-10-18,Merced,047,269075,9400,9292,29,9321,148
2020-10-18,Modoc,049,8938,30,26,0,26,0
2020-10-18,Mono,051,14174,177,155,6,161,1
2020-10-18,Monterey,053,433212,11118,10872,44,10916,80
2020-10-18,Napa,055,140530,1958,1882,8,1890,12
2020-10-18,Nevada,057,99092,610,582,18,600,8
2020-10-18,Orange,059,3164182,59441,56394,1673,58067,1396
2020-10-18,Placer,061,380077,4130,3938,15,3953,49
2020-10-18,Plumas,063,18699,62,52,0,52,0
2020-10-18,Riverside,065,2383286,65662,63765,260,64025,1270
2020-10-18,Sacramento,067,1510023,24940,24425,28,24453,482
2020-10-18,San Benito,069,59416,1406,1395,1,1396,14
2020-10-18,San Bernardino,071,2135413,61550,58893,391,59284,1098
2020-10-18,San Diego,073,3302833,54436,52359,1403,53762,853
2020-10-18,San Francisco,075,870044,12024,11878,43,11921,126
2020-10-18,San Joaquin,077,732212,21505,20931,151,21082,489
2020-10-18,San Luis Obispo,079,281455,4261,4009,20,4029,31
2020-10-18,San Mateo,081,765935,11096,10503,11,10514,154
2020-10-18,Santa Barbara,083,443738,9776,9608,86,9694,121
2020-10-18,Santa Clara,085,1922200,24635,23169,50,23219,352
2020-10-18,Santa Cruz,087,273765,2778,2692,32,2724,19
2020-10-18,Shasta,089,179085,1983,1708,18,1726,20
2020-10-18,Sierra,091,2930,6,6,0,6,0
2020-10-18,Siskiyou,093,43540,182,167,10,177,0
2020-10-18,Solano,095,438530,7170,6962,39,7001,57
2020-10-18,Sonoma,097,501317,9197,8781,23,8804,134
2020-10-18,Stanislaus,099,539301,17479,17290,687,17977,390
2020-10-18,Sutter,101,95872,1800,1764,1,1765,12
2020-10-18,Tehama,103,63373,839,774,2,776,5
2020-10-18,Trinity,105,12862,75,20,9,29,0
2020-10-18,Tulare,107,460477,17632,17048,292,17340,290
2020-10-18,Tuolumne,109,53932,266,245,6,251,4
2020-10-18,Ventura,111,848112,14618,13901,307,14208,151
2020-10-18,Yolo,113,214977,3153,3059,10,3069,55
2020-10-18,Yuba,115,75493,1208,1176,3,1179,10
2020-10-17,Alameda,001,1643700,23139,22394,208,22602,398
2020-10-17,Alpine,003,1148,3,3,0,3,0
2020-10-17,Amador,005,37829,314,309,0,309,16
2020-10-17,Butte,007,227075,3127,3012,56,3068,55
2020-10-17,Calaveras,009,45235,328,267,0,267,13
2020-10-17,Colusa,011,21464,544,544,1,545,6
2020-10-17,Contra Costa,013,1133247,18554,18005,92,18097,237
2020-10-17,Del Norte,015,27424,170,167,0,167,2
2020-10-17,El Dorado,017,186661,1343,1277,13,1290,4
2020-10-17,Fresno,019,978130,32885,29911,430,30341,430
2020-10-17,Glenn,021,27897,652,633,0,633,3
2020-10-17,Humboldt,023,135768,551,535,1,536,7
2020-10-17,Imperial,025,180216,12592,11962,13,11975,330
2020-10-17,Inyo,027,18085,228,212,5,217,14
2020-10-17,Kern,029,883053,33498,32710,393,33103,428
2020-10-17,Kings,031,150075,8358,8151,45,8196,80
2020-10-17,Lake,033,64148,695,663,0,663,15
2020-10-17,Lassen,035,31185,768,757,2,759,0
2020-10-17,Los Angeles,037,10098052,293142,285858,2538,288396,6844
2020-10-17,Madera,039,155013,4938,4759,37,4796,53
2020-10-17,Marin,041,260295,7060,6958,19,6977,99
2020-10-17,Mariposa,043,17540,78,77,0,77,2
2020-10-17,Mendocino,045,87422,1050,977,4,981,21
2020-10-17,Merced,047,269075,9387,9275,29,9304,148
2020-10-17,Modoc,049,8938,30,26,0,26,0
2020-10-17,Mono,051,14174,176,155,6,161,1
2020-10-17,Monterey,053,433212,11079,10807,43,10850,80
2020-10-17,Napa,055,140530,1949,1866,8,1874,12
2020-10-17,Nevada,057,99092,609,580,18,598,8
2020-10-17,Orange,059,3164182,59299,56197,1667,57864,1396
2020-10-17,Placer,061,380077,4103,3898,15,3913,49
2020-10-17,Plumas,063,18699,62,52,0,52,0
2020-10-17,Riverside,065,2383286,65465,63171,251,63422,1270
2020-10-17,Sacramento,067,1510023,24857,24304,28,24332,482
2020-10-17,San Benito,069,59416,1402,1389,1,1390,14
2020-10-17,San Bernardino,071,2135413,61277,58415,384,58799,1097
2020-10-17,San Diego,073,3302833,54211,51986,1392,53378,853
2020-10-17,San Francisco,075,870044,11997,11877,42,11919,126
2020-10-17,San Joaquin,077,732212,21451,20932,145,21077,489
2020-10-17,San Luis Obispo,079,281455,4246,3979,20,3999,31
2020-10-17,San Mateo,081,765935,11068,10423,11,10434,153
2020-10-17,Santa Barbara,083,443738,9757,9588,84,9672,121
2020-10-17,Santa Clara,085,1922200,24545,22997,50,23047,349
2020-10-17,Santa Cruz,087,273765,2764,2680,32,2712,19
2020-10-17,Shasta,089,179085,1957,1679,18,1697,20
2020-10-17,Sierra,091,2930,6,6,0,6,0
2020-10-17,Siskiyou,093,43540,181,167,10,177,0
2020-10-17,Solano,095,438530,7143,6929,39,6968,57
2020-10-17,Sonoma,097,501317,9154,8725,23,8748,134
2020-10-17,Stanislaus,099,539301,17438,17232,678,17910,390
2020-10-17,Sutter,101,95872,1798,1762,1,1763,12
2020-10-17,Tehama,103,63373,823,764,2,766,5
2020-10-17,Trinity,105,12862,75,20,9,29,0
2020-10-17,Tulare,107,460477,17602,16995,283,17278,290
2020-10-17,Tuolumne,109,53932,266,241,6,247,4
2020-10-17,Ventura,111,848112,14573,13845,304,14149,151
2020-10-17,Yolo,113,214977,3138,3045,9,3054,55
2020-10-17,Yuba,115,75493,1203,1164,3,1167,10
2020-10-16,Alameda,001,1643700,23085,22315,208,22523,397
2020-10-16,Alpine,003,1148,3,3,0,3,0
2020-10-16,Amador,005,37829,314,309,0,309,16
2020-10-16,Butte,007,227075,3115,3004,56,3060,54
2020-10-16,Calaveras,009,45235,328,267,0,267,13
2020-10-16,Colusa,011,21464,543,544,1,545,6
2020-10-16,Contra Costa,013,1133247,18502,17956,92,18048,237
2020-10-16,Del Norte,015,27424,169,166,0,166,2
2020-10-16,El Dorado,017,186661,1337,1273,13,1286,4
2020-10-16,Fresno,019,978130,32810,29796,429,30225,427
2020-10-16,Glenn,021,27897,647,632,0,632,3
2020-10-16,Humboldt,023,135768,551,533,1,534,7
2020-10-16,Imperial,025,180216,12552,11885,13,11898,330
2020-10-16,Inyo,027,18085,224,212,5,217,14
2020-10-16,Kern,029,883053,33455,32660,391,33051,428
2020-10-16,Kings,031,150075,8349,8146,44,8190,80
2020-10-16,Lake,033,64148,693,644,0,644,14
2020-10-16,Lassen,035,31185,768,757,2,759,0
2020-10-16,Los Angeles,037,10098052,292078,284988,2517,287505,6835
2020-10-16,Madera,039,155013,4926,4736,36,4772,53
2020-10-16,Marin,041,260295,7050,6933,19,6952,99
2020-10-16,Mariposa,043,17540,78,76,0,76,2
2020-10-16,Mendocino,045,87422,1043,974,4,978,21
2020-10-16,Merced,047,269075,9370,9246,29,9275,148
2020-10-16,Modoc,049,8938,30,26,0,26,0
2020-10-16,Mono,051,14174,174,155,6,161,1
2020-10-16,Monterey,053,433212,11044,10727,43,10770,79
2020-10-16,Napa,055,140530,1940,1855,8,1863,12
2020-10-16,Nevada,057,99092,607,579,18,597,8
2020-10-16,Orange,059,3164182,59121,56091,1661,57752,1388
2020-10-16,Placer,061,380077,4082,3864,15,3879,49
2020-10-16,Plumas,063,18699,61,52,0,52,0
2020-10-16,Riverside,065,2383286,65239,62986,250,63236,1267
2020-10-16,Sacramento,067,1510023,24762,24144,28,24172,479
2020-10-16,San Benito,069,59416,1399,1388,1,1389,14
2020-10-16,San Bernardino,071,2135413,61007,58233,384,58617,1069
2020-10-16,San Diego,073,3302833,53969,51785,1378,53163,850
2020-10-16,San Francisco,075,870044,11974,11840,41,11881,126
2020-10-16,San Joaquin,077,732212,21406,20910,144,21054,489
2020-10-16,San Luis Obispo,079,281455,4230,3952,20,3972,32
2020-10-16,San Mateo,081,765935,11042,10405,11,10416,153
2020-10-16,Santa Barbara,083,443738,9738,9549,84,9633,119
2020-10-16,Santa Clara,085,1922200,24457,22920,50,22970,345
2020-10-16,Santa Cruz,087,273765,2751,2666,32,2698,20
2020-10-16,Shasta,089,179085,1935,1660,18,1678,20
2020-10-16,Sierra,091,2930,6,6,0,6,0
2020-10-16,Siskiyou,093,43540,179,167,10,177,0
2020-10-16,Solano,095,438530,7120,6879,39,6918,55
2020-10-16,Sonoma,097,501317,9098,8652,23,8675,133
2020-10-16,Stanislaus,099,539301,17404,17201,670,17871,366
2020-10-16,Sutter,101,95872,1790,1756,1,1757,12
2020-10-16,Tehama,103,63373,822,737,2,739,3
2020-10-16,Trinity,105,12862,75,20,9,29,0
2020-10-16,Tulare,107,460477,17570,16965,275,17240,290
2020-10-16,Tuolumne,109,53932,264,237,6,243,4
2020-10-16,Ventura,111,848112,14530,13805,299,14104,152
2020-10-16,Yolo,113,214977,3129,3030,9,3039,55
2020-10-16,Yuba,115,75493,1203,1155,3,1158,10
2020-10-15,Alameda,001,1643700,23017,22267,207,22474,390
2020-10-15,Alpine,003,1148,3,3,0,3,0
2020-10-15,Amador,005,37829,314,309,0,309,16
2020-10-15,Butte,007,227075,3103,3000,55,3055,54
2020-10-15,Calaveras,009,45235,327,267,0,267,13
2020-10-15,Colusa,011,21464,542,543,1,544,6
2020-10-15,Contra Costa,013,1133247,18434,17893,91,17984,237
2020-10-15,Del Norte,015,27424,169,164,0,164,2
2020-10-15,El Dorado,017,186661,1332,1265,13,1278,4
2020-10-15,Fresno,019,978130,32710,29727,426,30153,425
2020-10-15,Glenn,021,27897,642,632,0,632,3
2020-10-15,Humboldt,023,135768,547,531,1,532,7
2020-10-15,Imperial,025,180216,12511,11820,12,11832,330
2020-10-15,Inyo,027,18085,224,210,5,215,14
2020-10-15,Kern,029,883053,33374,32593,388,32981,427
2020-10-15,Kings,031,150075,8334,8134,44,8178,80
2020-10-15,Lake,033,64148,691,642,0,642,14
2020-10-15,Lassen,035,31185,767,752,2,754,0
2020-10-15,Los Angeles,037,10098052,290793,284019,2484,286503,6807
2020-10-15,Madera,039,155013,4913,4723,35,4758,50
2020-10-15,Marin,041,260295,7042,6912,19,6931,99
2020-10-15,Mariposa,043,17540,78,76,0,76,2
2020-10-15,Mendocino,045,87422,1037,963,4,967,21
2020-10-15,Merced,047,269075,9343,9213,28,9241,147
2020-10-15,Modoc,049,8938,30,26,0,26,0
2020-10-15,Mono,051,14174,174,155,6,161,1
2020-10-15,Monterey,053,433212,10977,10677,42,10719,79
2020-10-15,Napa,055,140530,1927,1842,8,1850,12
2020-10-15,Nevada,057,99092,603,575,18,593,8
2020-10-15,Orange,059,3164182,58905,55952,1649,57601,1379
2020-10-15,Placer,061,380077,4053,3848,15,3863,48
2020-10-15,Plumas,063,18699,58,52,0,52,0
2020-10-15,Riverside,065,2383286,64907,62819,247,63066,1266
2020-10-15,Sacramento,067,1510023,24646,24068,28,24096,474
2020-10-15,San Benito,069,59416,1396,1384,1,1385,14
2020-10-15,San Bernardino,071,2135413,60668,58068,381,58449,1067
2020-10-15,San Diego,073,3302833,53685,51472,1362,52834,847
2020-10-15,San Francisco,075,870044,11946,11808,38,11846,126
2020-10-15,San Joaquin,077,732212,21335,20880,138,21018,487
2020-10-15,San Luis Obispo,079,281455,4214,3934,20,3954,32
2020-10-15,San Mateo,081,765935,11002,10340,11,10351,152
2020-10-15,Santa Barbara,083,443738,9714,9526,83,9609,117
2020-10-15,Santa Clara,085,1922200,24341,22808,50,22858,343
2020-10-15,Santa Cruz,087,273765,2737,2656,32,2688,13
2020-10-15,Shasta,089,179085,1924,1635,18,1653,20
2020-10-15,Sierra,091,2930,6,6,0,6,0
2020-10-15,Siskiyou,093,43540,175,166,10,176,0
2020-10-15,Solano,095,438530,7081,6830,39,6869,55
2020-10-15,Sonoma,097,501317,9006,8571,23,8594,133
2020-10-15,Stanislaus,099,539301,17366,17151,656,17807,366
2020-10-15,Sutter,101,95872,1787,1752,1,1753,12
2020-10-15,Tehama,103,63373,795,726,2,728,3
2020-10-15,Trinity,105,12862,75,20,9,29,0
2020-10-15,Tulare,107,460477,17510,16918,260,17178,289
2020-10-15,Tuolumne,109,53932,262,236,6,242,4
2020-10-15,Ventura,111,848112,14474,13750,294,14044,152
2020-10-15,Yolo,113,214977,3109,3014,9,3023,55
2020-10-15,Yuba,115,75493,1196,1151,3,1154,10
2020-10-14,Alameda,001,1643700,22918,22227,206,22433,398
2020-10-14,Alpine,003,1148,3,3,0,3,0
2020-10-14,Amador,005,37829,312,308,0,308,16
2020-10-14,Butte,007,227075,3095,2995,55,3050,54
2020-10-14,Calaveras,009,45235,327,266,0,266,12
2020-10-14,Colusa,011,21464,542,543,1,544,6
2020-10-14,Contra Costa,013,1133247,18376,17820,89,17909,236
2020-10-14,Del Norte,015,27424,168,163,0,163,2
2020-10-14,El Dorado,017,186661,1326,1264,12,1276,4
2020-10-14,Fresno,019,978130,32597,29650,420,30070,424
2020-10-14,Glenn,021,27897,641,629,0,629,3
2020-10-14,Humboldt,023,135768,544,531,1,532,7
2020-10-14,Imperial,025,180216,12474,11765,10,11775,330
2020-10-14,Inyo,027,18085,223,209,4,213,14
2020-10-14,Kern,029,883053,33299,32528,386,32914,425
2020-10-14,Kings,031,150075,8316,8118,44,8162,80
2020-10-14,Lake,033,64148,690,642,0,642,14
2020-10-14,Lassen,035,31185,765,752,2,754,0
2020-10-14,Los Angeles,037,10098052,289478,282918,2441,285359,6786
2020-10-14,Madera,039,155013,4898,4713,33,4746,50
2020-10-14,Marin,041,260295,7036,6907,19,6926,99
2020-10-14,Mariposa,043,17540,77,76,0,76,2
2020-10-14,Mendocino,045,87422,1031,955,4,959,21
2020-10-14,Merced,047,269075,9318,9201,27,9228,147
2020-10-14,Modoc,049,8938,30,27,0,27,0
2020-10-14,Mono,051,14174,174,155,6,161,1
2020-10-14,Monterey,053,433212,10927,10616,42,10658,78
2020-10-14,Napa,055,140530,1910,1837,8,1845,12
2020-10-14,Nevada,057,99092,601,573,18,591,7
2020-10-14,Orange,059,3164182,58692,55756,1640,57396,1348
2020-10-14,Placer,061,380077,4030,3829,15,3844,48
2020-10-14,Plumas,063,18699,54,52,0,52,0
2020-10-14,Riverside,065,2383286,64624,62607,246,62853,1261
2020-10-14,Sacramento,067,1510023,24502,24013,28,24041,472
2020-10-14,San Benito,069,59416,1394,1381,0,1381,14
2020-10-14,San Bernardino,071,2135413,60342,57774,377,58151,1063
2020-10-14,San Diego,073,3302833,53366,51329,1338,52667,844
2020-10-14,San Francisco,075,870044,11914,11783,37,11820,123
2020-10-14,San Joaquin,077,732212,21256,20845,124,20969,487
2020-10-14,San Luis Obispo,079,281455,4191,3901,19,3920,32
2020-10-14,San Mateo,081,765935,10951,10309,11,10320,132
2020-10-14,Santa Barbara,083,443738,9680,9509,83,9592,117
2020-10-14,Santa Clara,085,1922200,24192,22735,50,22785,343
2020-10-14,Santa Cruz,087,273765,2727,2618,32,2650,13
2020-10-14,Shasta,089,179085,1886,1553,18,1571,20
2020-10-14,Sierra,091,2930,6,6,0,6,0
2020-10-14,Siskiyou,093,43540,175,166,10,176,0
2020-10-14,Solano,095,438530,7025,6786,39,6825,55
2020-10-14,Sonoma,097,501317,8953,8514,23,8537,133
2020-10-14,Stanislaus,099,539301,17321,17105,653,17758,365
2020-10-14,Sutter,101,95872,1778,1747,1,1748,12
2020-10-14,Tehama,103,63373,784,721,2,723,3
2020-10-14,Trinity,105,12862,74,20,9,29,0
2020-10-14,Tulare,107,460477,17448,16863,247,17110,287
2020-10-14,Tuolumne,109,53932,261,236,6,242,4
2020-10-14,Ventura,111,848112,14420,13697,290,13987,152
2020-10-14,Yolo,113,214977,3091,3007,8,3015,55
2020-10-14,Yuba,115,75493,1188,1147,3,1150,10
2020-10-13,Alameda,001,1643700,22813,22185,204,22389,389
2020-10-13,Alpine,003,1148,3,3,0,3,0
2020-10-13,Amador,005,37829,310,306,0,306,16
2020-10-13,Butte,007,227075,3087,2992,55,3047,54
2020-10-13,Calaveras,009,45235,323,262,0,262,12
2020-10-13,Colusa,011,21464,542,541,1,542,6
2020-10-13,Contra Costa,013,1133247,18319,17783,89,17872,234
2020-10-13,Del Norte,015,27424,168,163,0,163,2
2020-10-13,El Dorado,017,186661,1317,1262,12,1274,4
2020-10-13,Fresno,019,978130,32474,29579,416,29995,424
2020-10-13,Glenn,021,27897,640,629,0,629,3
2020-10-13,Humboldt,023,135768,542,523,1,524,7
2020-10-13,Imperial,025,180216,12438,11727,10,11737,327
2020-10-13,Inyo,027,18085,220,207,4,211,14
2020-10-13,Kern,029,883053,33225,32497,384,32881,419
2020-10-13,Kings,031,150075,8307,8111,44,8155,80
2020-10-13,Lake,033,64148,687,639,0,639,12
2020-10-13,Lassen,035,31185,763,752,2,754,0
2020-10-13,Los Angeles,037,10098052,288197,281716,2401,284117,6767
2020-10-13,Madera,039,155013,4879,4700,33,4733,50
2020-10-13,Marin,041,260295,7014,6900,18,6918,97
2020-10-13,Mariposa,043,17540,77,76,0,76,2
2020-10-13,Mendocino,045,87422,1022,950,4,954,21
2020-10-13,Merced,047,269075,9301,9181,27,9208,146
2020-10-13,Modoc,049,8938,29,28,0,28,0
2020-10-13,Mono,051,14174,174,155,5,160,1
2020-10-13,Monterey,053,433212,10866,10574,41,10615,78
2020-10-13,Napa,055,140530,1901,1825,8,1833,12
2020-10-13,Nevada,057,99092,594,572,18,590,7
2020-10-13,Orange,059,3164182,58479,55515,1627,57142,1326
2020-10-13,Placer,061,380077,3992,3825,15,3840,48
2020-10-13,Plumas,063,18699,52,51,0,51,0
2020-10-13,Riverside,065,2383286,64305,62279,244,62523,1254
2020-10-13,Sacramento,067,1510023,24425,23930,28,23958,466
2020-10-13,San Benito,069,59416,1386,1380,0,1380,14
2020-10-13,San Bernardino,071,2135413,60004,57411,375,57786,1061
2020-10-13,San Diego,073,3302833,53073,51026,1321,52347,840
2020-10-13,San Francisco,075,870044,11877,11659,37,11696,122
2020-10-13,San Joaquin,077,732212,21194,20822,120,20942,481
2020-10-13,San Luis Obispo,079,281455,4174,3892,18,3910,32
2020-10-13,San Mateo,081,765935,10908,10286,11,10297,130
2020-10-13,Santa Barbara,083,443738,9648,9489,83,9572,117
2020-10-13,Santa Clara,085,1922200,24064,22678,50,22728,343
2020-10-13,Santa Cruz,087,273765,2709,2603,32,2635,13
2020-10-13,Shasta,089,179085,1862,1606,18,1624,20
2020-10-13,Sierra,091,2930,6,6,0,6,0
2020-10-13,Siskiyou,093,43540,174,163,10,173,0
2020-10-13,Solano,095,438530,6990,6761,39,6800,55
2020-10-13,Sonoma,097,501317,8870,8456,23,8479,133
2020-10-13,Stanislaus,099,539301,17276,17082,648,17730,362
2020-10-13,Sutter,101,95872,1769,1748,1,1749,12
2020-10-13,Tehama,103,63373,777,717,2,719,3
2020-10-13,Trinity,105,12862,70,19,8,27,0
2020-10-13,Tulare,107,460477,17390,16822,239,17061,286
2020-10-13,Tuolumne,109,53932,259,235,6,241,4
2020-10-13,Ventura,111,848112,14366,13645,286,13931,151
2020-10-13,Yolo,113,214977,3083,2983,7,2990,55
2020-10-13,Yuba,115,75493,1183,1143,3,1146,10
2020-10-12,Alameda,001,1643700,22734,22126,203,22329,389
2020-10-12,Alpine,003,1148,3,3,0,3,0
2020-10-12,Amador,005,37829,309,305,0,305,16
2020-10-12,Butte,007,227075,3080,2975,55,3030,54
2020-10-12,Calaveras,009,45235,323,262,0,262,12
2020-10-12,Colusa,011,21464,542,541,1,542,6
2020-10-12,Contra Costa,013,1133247,18245,17728,89,17817,233
2020-10-12,Del Norte,015,27424,168,161,0,161,2
2020-10-12,El Dorado,017,186661,1314,1254,12,1266,4
2020-10-12,Fresno,019,978130,32342,29523,412,29935,421
2020-10-12,Glenn,021,27897,639,626,0,626,3
2020-10-12,Humboldt,023,135768,539,522,1,523,7
2020-10-12,Imperial,025,180216,12400,11689,10,11699,328
2020-10-12,Inyo,027,18085,217,201,4,205,14
2020-10-12,Kern,029,883053,33132,32425,380,32805,419
2020-10-12,Kings,031,150075,8301,8106,44,8150,80
2020-10-12,Lake,033,64148,681,633,0,633,12
2020-10-12,Lassen,035,31185,763,752,2,754,0
2020-10-12,Los Angeles,037,10098052,286977,280961,2374,283335,6747
2020-10-12,Madera,039,155013,4859,4689,33,4722,50
2020-10-12,Marin,041,260295,6997,6886,18,6904,97
2020-10-12,Mariposa,043,17540,77,76,0,76,2
2020-10-12,Mendocino,045,87422,1016,947,4,951,21
2020-10-12,Merced,047,269075,9280,9141,27,9168,146
2020-10-12,Modoc,049,8938,29,27,0,27,0
2020-10-12,Mono,051,14174,174,154,5,159,1
2020-10-12,Monterey,053,433212,10800,10473,41,10514,77
2020-10-12,Napa,055,140530,1893,1819,8,1827,11
2020-10-12,Nevada,057,99092,590,570,18,588,7
2020-10-12,Orange,059,3164182,58250,55373,1617,56990,1326
2020-10-12,Placer,061,380077,3960,3808,14,3822,48
2020-10-12,Plumas,063,18699,52,51,0,51,0
2020-10-12,Riverside,065,2383286,63994,62279,240,62519,1254
2020-10-12,Sacramento,067,1510023,24320,23807,28,23835,466
2020-10-12,San Benito,069,59416,1383,1376,0,1376,13
2020-10-12,San Bernardino,071,2135413,59628,57235,374,57609,1061
2020-10-12,San Diego,073,3302833,52783,50748,1294,52042,826
2020-10-12,San Francisco,075,870044,11845,11659,37,11696,122
2020-10-12,San Joaquin,077,732212,21131,20701,114,20815,480
2020-10-12,San Luis Obispo,079,281455,4146,3874,18,3892,32
2020-10-12,San Mateo,081,765935,10860,10262,11,10273,130
2020-10-12,Santa Barbara,083,443738,9609,9462,83,9545,117
2020-10-12,Santa Clara,085,1922200,23948,22578,50,22628,343
2020-10-12,Santa Cruz,087,273765,2692,2590,32,2622,13
2020-10-12,Shasta,089,179085,1837,1515,18,1533,20
2020-10-12,Sierra,091,2930,6,6,0,6,0
2020-10-12,Siskiyou,093,43540,173,162,10,172,0
2020-10-12,Solano,095,438530,6951,6742,39,6781,55
2020-10-12,Sonoma,097,501317,8798,8377,23,8400,133
2020-10-12,Stanislaus,099,539301,17227,17051,639,17690,361
2020-10-12,Sutter,101,95872,1761,1741,1,1742,12
2020-10-12,Tehama,103,63373,761,708,2,710,3
2020-10-12,Trinity,105,12862,69,19,8,27,0
2020-10-12,Tulare,107,460477,17339,16742,232,16974,286
2020-10-12,Tuolumne,109,53932,254,234,6,240,4
2020-10-12,Ventura,111,848112,14304,13617,282,13899,151
2020-10-12,Yolo,113,214977,3068,2964,7,2971,55
2020-10-12,Yuba,115,75493,1173,1141,3,1144,10
2020-10-11,Alameda,001,1643700,22644,22057,199,22256,392
2020-10-11,Alpine,003,1148,3,3,0,3,0
2020-10-11,Amador,005,37829,307,305,0,305,16
2020-10-11,Butte,007,227075,3072,2967,54,3021,54
2020-10-11,Calaveras,009,45235,321,262,0,262,12
2020-10-11,Colusa,011,21464,540,541,1,542,6
2020-10-11,Contra Costa,013,1133247,18161,17678,89,17767,233
2020-10-11,Del Norte,015,27424,166,161,0,161,2
2020-10-11,El Dorado,017,186661,1305,1242,12,1254,4
2020-10-11,Fresno,019,978130,32204,29419,404,29823,421
2020-10-11,Glenn,021,27897,637,625,0,625,3
2020-10-11,Humboldt,023,135768,538,521,1,522,7
2020-10-11,Imperial,025,180216,12341,11614,10,11624,328
2020-10-11,Inyo,027,18085,213,201,4,205,14
2020-10-11,Kern,029,883053,33045,32399,372,32771,418
2020-10-11,Kings,031,150075,8284,8094,43,8137,80
2020-10-11,Lake,033,64148,668,631,0,631,12
2020-10-11,Lassen,035,31185,762,752,2,754,0
2020-10-11,Los Angeles,037,10098052,285541,280190,2332,282522,6745
2020-10-11,Madera,039,155013,4831,4680,32,4712,50
2020-10-11,Marin,041,260295,6988,6870,18,6888,97
2020-10-11,Mariposa,043,17540,77,76,0,76,2
2020-10-11,Mendocino,045,87422,1009,944,4,948,21
2020-10-11,Merced,047,269075,9262,9124,27,9151,146
2020-10-11,Modoc,049,8938,29,27,0,27,0
2020-10-11,Mono,051,14174,174,154,5,159,1
2020-10-11,Monterey,053,433212,10749,10445,39,10484,77
2020-10-11,Napa,055,140530,1877,1811,8,1819,11
2020-10-11,Nevada,057,99092,588,569,18,587,7
2020-10-11,Orange,059,3164182,58020,55202,1611,56813,1326
2020-10-11,Placer,061,380077,3939,3787,14,3801,48
2020-10-11,Plumas,063,18699,52,51,0,51,0
2020-10-11,Riverside,065,2383286,63706,62112,236,62348,1254
2020-10-11,Sacramento,067,1510023,24177,23778,28,23806,466
2020-10-11,San Benito,069,59416,1382,1374,0,1374,13
2020-10-11,San Bernardino,071,2135413,59176,56997,372,57369,1061
2020-10-11,San Diego,073,3302833,52433,50553,1272,51825,826
2020-10-11,San Francisco,075,870044,11802,11659,37,11696,122
2020-10-11,San Joaquin,077,732212,21056,20700,104,20804,480
2020-10-11,San Luis Obispo,079,281455,4129,3874,17,3891,32
2020-10-11,San Mateo,081,765935,10828,10240,11,10251,130
2020-10-11,Santa Barbara,083,443738,9578,9440,82,9522,117
2020-10-11,Santa Clara,085,1922200,23808,22487,49,22536,336
2020-10-11,Santa Cruz,087,273765,2678,2578,32,2610,13
2020-10-11,Shasta,089,179085,1807,1515,17,1532,20
2020-10-11,Sierra,091,2930,6,6,0,6,0
2020-10-11,Siskiyou,093,43540,172,162,10,172,0
2020-10-11,Solano,095,438530,6897,6685,39,6724,53
2020-10-11,Sonoma,097,501317,8741,8319,23,8342,133
2020-10-11,Stanislaus,099,539301,17163,17007,623,17630,360
2020-10-11,Sutter,101,95872,1758,1742,1,1743,12
2020-10-11,Tehama,103,63373,737,702,2,704,3
2020-10-11,Trinity,105,12862,69,19,8,27,0
2020-10-11,Tulare,107,460477,17275,16741,224,16965,286
2020-10-11,Tuolumne,109,53932,249,234,6,240,4
2020-10-11,Ventura,111,848112,14243,13604,277,13881,151
2020-10-11,Yolo,113,214977,3038,2952,7,2959,55
2020-10-11,Yuba,115,75493,1162,1137,3,1140,10
2020-10-10,Alameda,001,1643700,22594,21979,198,22177,398
2020-10-10,Alpine,003,1148,3,3,0,3,0
2020-10-10,Amador,005,37829,306,304,0,304,16
2020-10-10,Butte,007,227075,3067,2962,53,3015,54
2020-10-10,Calaveras,009,45235,320,262,0,262,12
2020-10-10,Colusa,011,21464,540,541,1,542,6
2020-10-10,Contra Costa,013,1133247,18125,17566,88,17654,233
2020-10-10,Del Norte,015,27424,166,161,0,161,2
2020-10-10,El Dorado,017,186661,1303,1240,12,1252,4
2020-10-10,Fresno,019,978130,32140,29286,402,29688,421
2020-10-10,Glenn,021,27897,637,623,0,623,3
2020-10-10,Humboldt,023,135768,535,518,1,519,7
2020-10-10,Imperial,025,180216,12326,11591,10,11601,327
2020-10-10,Inyo,027,18085,210,201,4,205,14
2020-10-10,Kern,029,883053,33008,32338,372,32710,418
2020-10-10,Kings,031,150075,8280,8078,43,8121,80
2020-10-10,Lake,033,64148,667,630,0,630,11
2020-10-10,Lassen,035,31185,762,752,2,754,0
2020-10-10,Los Angeles,037,10098052,284823,279213,2298,281511,6743
2020-10-10,Madera,039,155013,4819,4662,32,4694,50
2020-10-10,Marin,041,260295,6979,6852,18,6870,97
2020-10-10,Mariposa,043,17540,77,76,0,76,2
2020-10-10,Mendocino,045,87422,1002,935,4,939,21
2020-10-10,Merced,047,269075,9256,9105,26,9131,146
2020-10-10,Modoc,049,8938,29,27,0,27,0
2020-10-10,Mono,051,14174,174,154,5,159,1
2020-10-10,Monterey,053,433212,10716,10410,39,10449,75
2020-10-10,Napa,055,140530,1870,1804,8,1812,11
2020-10-10,Nevada,057,99092,585,564,18,582,6
2020-10-10,Orange,059,3164182,57899,54965,1606,56571,1324
2020-10-10,Placer,061,380077,3922,3757,14,3771,48
2020-10-10,Plumas,063,18699,52,51,0,51,0
2020-10-10,Riverside,065,2383286,63503,61845,234,62079,1254
2020-10-10,Sacramento,067,1510023,24109,23689,28,23717,466
2020-10-10,San Benito,069,59416,1380,1370,0,1370,13
2020-10-10,San Bernardino,071,2135413,59014,56683,370,57053,1061
2020-10-10,San Diego,073,3302833,52203,50145,1254,51399,825
2020-10-10,San Francisco,075,870044,11781,11663,37,11700,122
2020-10-10,San Joaquin,077,732212,21028,20700,100,20800,481
2020-10-10,San Luis Obispo,079,281455,4109,3832,17,3849,32
2020-10-10,San Mateo,081,765935,10791,10218,11,10229,130
2020-10-10,Santa Barbara,083,443738,9567,9417,82,9499,116
2020-10-10,Santa Clara,085,1922200,23717,22354,49,22403,330
2020-10-10,Santa Cruz,087,273765,2664,2572,32,2604,13
2020-10-10,Shasta,089,179085,1790,1473,17,1490,20
2020-10-10,Sierra,091,2930,6,6,0,6,0
2020-10-10,Siskiyou,093,43540,172,161,10,171,0
2020-10-10,Solano,095,438530,6871,6655,39,6694,53
2020-10-10,Sonoma,097,501317,8721,8235,23,8258,133
2020-10-10,Stanislaus,099,539301,17128,16960,615,17575,360
2020-10-10,Sutter,101,95872,1755,1735,1,1736,12
2020-10-10,Tehama,103,63373,730,693,2,695,3
2020-10-10,Trinity,105,12862,69,19,8,27,0
2020-10-10,Tulare,107,460477,17239,16709,219,16928,286
2020-10-10,Tuolumne,109,53932,249,233,6,239,4
2020-10-10,Ventura,111,848112,14218,13520,277,13797,151
2020-10-10,Yolo,113,214977,3029,2939,7,2946,55
2020-10-10,Yuba,115,75493,1160,1134,3,1137,10
2020-10-09,Alameda,001,1643700,22546,21924,198,22122,399
2020-10-09,Alpine,003,1148,3,3,0,3,0
2020-10-09,Amador,005,37829,306,303,0,303,16
2020-10-09,Butte,007,227075,3064,2956,53,3009,51
2020-10-09,Calaveras,009,45235,318,262,0,262,11
2020-10-09,Colusa,011,21464,540,541,1,542,6
2020-10-09,Contra Costa,013,1133247,18074,17487,88,17575,229
2020-10-09,Del Norte,015,27424,165,161,0,161,2
2020-10-09,El Dorado,017,186661,1299,1234,12,1246,4
2020-10-09,Fresno,019,978130,32067,29208,400,29608,417
2020-10-09,Glenn,021,27897,632,617,0,617,3
2020-10-09,Humboldt,023,135768,533,516,1,517,7
2020-10-09,Imperial,025,180216,12300,11516,10,11526,330
2020-10-09,Inyo,027,18085,207,200,4,204,14
2020-10-09,Kern,029,883053,32964,32237,370,32607,417
2020-10-09,Kings,031,150075,8273,7993,41,8034,80
2020-10-09,Lake,033,64148,657,610,0,610,11
2020-10-09,Lassen,035,31185,762,751,2,753,0
2020-10-09,Los Angeles,037,10098052,283688,278039,2274,280313,6715
2020-10-09,Madera,039,155013,4809,4646,32,4678,50
2020-10-09,Marin,041,260295,6965,6838,18,6856,96
2020-10-09,Mariposa,043,17540,77,76,0,76,2
2020-10-09,Mendocino,045,87422,992,933,4,937,20
2020-10-09,Merced,047,269075,9242,9095,26,9121,145
2020-10-09,Modoc,049,8938,29,27,0,27,0
2020-10-09,Mono,051,14174,174,154,5,159,1
2020-10-09,Monterey,053,433212,10682,10369,39,10408,75
2020-10-09,Napa,055,140530,1860,1795,8,1803,11
2020-10-09,Nevada,057,99092,580,561,18,579,6
2020-10-09,Orange,059,3164182,57728,54746,1601,56347,1305
2020-10-09,Placer,061,380077,3908,3737,13,3750,48
2020-10-09,Plumas,063,18699,52,50,0,50,0
2020-10-09,Riverside,065,2383286,63267,61529,233,61762,1252
2020-10-09,Sacramento,067,1510023,24040,23606,28,23634,457
2020-10-09,San Benito,069,59416,1375,1367,0,1367,13
2020-10-09,San Bernardino,071,2135413,58774,56434,368,56802,1057
2020-10-09,San Diego,073,3302833,51927,49825,1243,51068,821
2020-10-09,San Francisco,075,870044,11751,11620,37,11657,120
2020-10-09,San Joaquin,077,732212,20998,20648,92,20740,481
2020-10-09,San Luis Obispo,079,281455,4090,3810,17,3827,32
2020-10-09,San Mateo,081,765935,10763,10140,11,10151,130
2020-10-09,Santa Barbara,083,443738,9539,9396,82,9478,116
2020-10-09,Santa Clara,085,1922200,23615,22251,48,22299,328
2020-10-09,Santa Cruz,087,273765,2655,2555,32,2587,13
2020-10-09,Shasta,089,179085,1764,1353,16,1369,20
2020-10-09,Sierra,091,2930,6,6,0,6,0
2020-10-09,Siskiyou,093,43540,170,156,10,166,0
2020-10-09,Solano,095,438530,6832,6614,39,6653,53
2020-10-09,Sonoma,097,501317,8667,8133,23,8156,133
2020-10-09,Stanislaus,099,539301,17103,16904,608,17512,362
2020-10-09,Sutter,101,95872,1751,1732,1,1733,12
2020-10-09,Tehama,103,63373,724,682,2,684,3
2020-10-09,Trinity,105,12862,69,25,8,33,0
2020-10-09,Tulare,107,460477,17199,16644,210,16854,286
2020-10-09,Tuolumne,109,53932,246,230,6,236,4
2020-10-09,Ventura,111,848112,14182,13469,274,13743,151
2020-10-09,Yolo,113,214977,3022,2928,7,2935,55
2020-10-09,Yuba,115,75493,1159,1129,3,1132,10
2020-10-08,Alameda,001,1643700,22465,21826,197,22023,395
2020-10-08,Alpine,003,1148,3,3,0,3,0
2020-10-08,Amador,005,37829,305,302,0,302,16
2020-10-08,Butte,007,227075,3054,2935,53,2988,51
2020-10-08,Calaveras,009,45235,317,262,0,262,11
2020-10-08,Colusa,011,21464,540,539,1,540,6
2020-10-08,Contra Costa,013,1133247,18014,17418,87,17505,228
2020-10-08,Del Norte,015,27424,165,151,0,151,2
2020-10-08,El Dorado,017,186661,1298,1230,12,1242,4
2020-10-08,Fresno,019,978130,31963,29111,400,29511,416
2020-10-08,Glenn,021,27897,629,616,0,616,3
2020-10-08,Humboldt,023,135768,529,515,1,516,7
2020-10-08,Imperial,025,180216,12260,11405,10,11415,330
2020-10-08,Inyo,027,18085,204,199,4,203,14
2020-10-08,Kern,029,883053,32906,32169,365,32534,411
2020-10-08,Kings,031,150075,8267,7968,41,8009,80
2020-10-08,Lake,033,64148,652,604,0,604,11
2020-10-08,Lassen,035,31185,757,751,2,753,0
2020-10-08,Los Angeles,037,10098052,282486,276763,2234,278997,6699
2020-10-08,Madera,039,155013,4791,4637,32,4669,50
2020-10-08,Marin,041,260295,6951,6810,18,6828,96
2020-10-08,Mariposa,043,17540,77,76,0,76,2
2020-10-08,Mendocino,045,87422,987,930,4,934,20
2020-10-08,Merced,047,269075,9222,9069,26,9095,144
2020-10-08,Modoc,049,8938,29,27,0,27,0
2020-10-08,Mono,051,14174,174,153,5,158,1
2020-10-08,Monterey,053,433212,10615,10343,39,10382,75
2020-10-08,Napa,055,140530,1845,1779,8,1787,11
2020-10-08,Nevada,057,99092,577,556,18,574,6
2020-10-08,Orange,059,3164182,57535,54523,1590,56113,1293
2020-10-08,Placer,061,380077,3890,3715,13,3728,48
2020-10-08,Plumas,063,18699,52,50,0,50,0
2020-10-08,Riverside,065,2383286,62999,61105,232,61337,1244
2020-10-08,Sacramento,067,1510023,23933,23482,28,23510,454
2020-10-08,San Benito,069,59416,1370,1367,0,1367,13
2020-10-08,San Bernardino,071,2135413,58409,56152,367,56519,1048
2020-10-08,San Diego,073,3302833,51647,49468,1211,50679,819
2020-10-08,San Francisco,075,870044,11713,11608,37,11645,115
2020-10-08,San Joaquin,077,732212,20946,20576,87,20663,478
2020-10-08,San Luis Obispo,079,281455,4074,3785,17,3802,32
2020-10-08,San Mateo,081,765935,10731,10044,11,10055,130
2020-10-08,Santa Barbara,083,443738,9511,9374,82,9456,116
2020-10-08,Santa Clara,085,1922200,23513,22095,48,22143,323
2020-10-08,Santa Cruz,087,273765,2643,2535,32,2567,13
2020-10-08,Shasta,089,179085,1730,1305,16,1321,20
2020-10-08,Sierra,091,2930,6,6,0,6,0
2020-10-08,Siskiyou,093,43540,170,156,10,166,0
2020-10-08,Solano,095,438530,6808,6556,39,6595,53
2020-10-08,Sonoma,097,501317,8601,8063,23,8086,132
2020-10-08,Stanislaus,099,539301,17057,16821,600,17421,360
2020-10-08,Sutter,101,95872,1751,1725,1,1726,12
2020-10-08,Tehama,103,63373,715,676,2,678,3
2020-10-08,Trinity,105,12862,68,25,8,33,0
2020-10-08,Tulare,107,460477,17138,16573,202,16775,283
2020-10-08,Tuolumne,109,53932,245,230,6,236,4
2020-10-08,Ventura,111,848112,14134,13399,272,13671,151
2020-10-08,Yolo,113,214977,3005,2914,7,2921,55
2020-10-08,Yuba,115,75493,1154,1126,3,1129,10
2020-10-07,Alameda,001,1643700,22388,21736,197,21933,395
2020-10-07,Alpine,003,1148,3,3,0,3,0
2020-10-07,Amador,005,37829,305,302,0,302,16
2020-10-07,Butte,007,227075,3042,2927,53,2980,47
2020-10-07,Calaveras,009,45235,315,262,0,262,11
2020-10-07,Colusa,011,21464,539,539,0,539,6
2020-10-07,Contra Costa,013,1133247,17944,17346,86,17432,225
2020-10-07,Del Norte,015,27424,164,149,0,149,2
2020-10-07,El Dorado,017,186661,1290,1219,12,1231,4
2020-10-07,Fresno,019,978130,31842,29069,395,29464,413
2020-10-07,Glenn,021,27897,629,615,0,615,3
2020-10-07,Humboldt,023,135768,526,512,1,513,7
2020-10-07,Imperial,025,180216,12223,11289,9,11298,330
2020-10-07,Inyo,027,18085,204,199,4,203,14
2020-10-07,Kern,029,883053,32833,32068,364,32432,410
2020-10-07,Kings,031,150075,8252,7948,41,7989,80
2020-10-07,Lake,033,64148,651,599,0,599,11
2020-10-07,Lassen,035,31185,757,751,2,753,0
2020-10-07,Los Angeles,037,10098052,281304,275559,2202,277761,6681
2020-10-07,Madera,039,155013,4771,4618,32,4650,50
2020-10-07,Marin,041,260295,6924,6790,18,6808,95
2020-10-07,Mariposa,043,17540,77,75,0,75,2
2020-10-07,Mendocino,045,87422,981,927,4,931,19
2020-10-07,Merced,047,269075,9185,9045,25,9070,144
2020-10-07,Modoc,049,8938,29,27,0,27,0
2020-10-07,Mono,051,14174,173,153,4,157,1
2020-10-07,Monterey,053,433212,10556,10272,39,10311,75
2020-10-07,Napa,055,140530,1832,1774,8,1782,11
2020-10-07,Nevada,057,99092,573,552,18,570,6
2020-10-07,Orange,059,3164182,57318,54332,1579,55911,1277
2020-10-07,Placer,061,380077,3874,3693,13,3706,48
2020-10-07,Plumas,063,18699,52,50,0,50,0
2020-10-07,Riverside,065,2383286,62652,60857,228,61085,1241
2020-10-07,Sacramento,067,1510023,23836,23380,28,23408,452
2020-10-07,San Benito,069,59416,1367,1363,0,1363,13
2020-10-07,San Bernardino,071,2135413,58060,55738,366,56104,1043
2020-10-07,San Diego,073,3302833,51331,49177,1187,50364,813
2020-10-07,San Francisco,075,870044,11677,11551,37,11588,115
2020-10-07,San Joaquin,077,732212,20894,20527,80,20607,478
2020-10-07,San Luis Obispo,079,281455,4044,3749,17,3766,32
2020-10-07,San Mateo,081,765935,10688,9980,11,9991,130
2020-10-07,Santa Barbara,083,443738,9485,9350,81,9431,116
2020-10-07,Santa Clara,085,1922200,23385,21993,48,22041,320
2020-10-07,Santa Cruz,087,273765,2631,2518,32,2550,14
2020-10-07,Shasta,089,179085,1687,1268,16,1284,20
2020-10-07,Sierra,091,2930,6,6,0,6,0
2020-10-07,Siskiyou,093,43540,168,154,10,164,0
2020-10-07,Solano,095,438530,6773,6526,39,6565,53
2020-10-07,Sonoma,097,501317,8526,7993,22,8015,130
2020-10-07,Stanislaus,099,539301,17022,16786,594,17380,357
2020-10-07,Sutter,101,95872,1748,1723,1,1724,12
2020-10-07,Tehama,103,63373,706,666,2,668,3
2020-10-07,Trinity,105,12862,64,25,8,33,0
2020-10-07,Tulare,107,460477,17095,16483,194,16677,282
2020-10-07,Tuolumne,109,53932,245,227,6,233,3
2020-10-07,Ventura,111,848112,14084,13333,266,13599,150
2020-10-07,Yolo,113,214977,2980,2904,7,2911,55
2020-10-07,Yuba,115,75493,1148,1120,3,1123,10
2020-10-06,Alameda,001,1643700,22297,21698,195,21893,385
2020-10-06,Alpine,003,1148,3,3,0,3,0
2020-10-06,Amador,005,37829,303,301,0,301,16
2020-10-06,Butte,007,227075,3035,2925,53,2978,47
2020-10-06,Calaveras,009,45235,315,261,0,261,11
2020-10-06,Colusa,011,21464,538,538,0,538,6
2020-10-06,Contra Costa,013,1133247,17865,17295,86,17381,219
2020-10-06,Del Norte,015,27424,164,144,0,144,2
2020-10-06,El Dorado,017,186661,1286,1211,12,1223,4
2020-10-06,Fresno,019,978130,31699,29022,392,29414,412
2020-10-06,Glenn,021,27897,626,604,0,604,3
2020-10-06,Humboldt,023,135768,523,508,1,509,7
2020-10-06,Imperial,025,180216,12185,11196,9,11205,327
2020-10-06,Inyo,027,18085,202,198,4,202,14
2020-10-06,Kern,029,883053,32757,32006,362,32368,407
2020-10-06,Kings,031,150075,8236,7943,41,7984,81
2020-10-06,Lake,033,64148,645,596,0,596,11
2020-10-06,Lassen,035,31185,757,743,2,745,0
2020-10-06,Los Angeles,037,10098052,280066,274115,2153,276268,6657
2020-10-06,Madera,039,155013,4759,4608,32,4640,50
2020-10-06,Marin,041,260295,6909,6766,18,6784,91
2020-10-06,Mariposa,043,17540,77,75,0,75,2
2020-10-06,Mendocino,045,87422,974,920,4,924,19
2020-10-06,Merced,047,269075,9149,9034,24,9058,143
2020-10-06,Modoc,049,8938,29,26,0,26,0
2020-10-06,Mono,051,14174,173,153,4,157,1
2020-10-06,Monterey,053,433212,10501,10235,37,10272,72
2020-10-06,Napa,055,140530,1826,1770,8,1778,11
2020-10-06,Nevada,057,99092,570,551,18,569,6
2020-10-06,Orange,059,3164182,57102,54203,1570,55773,1273
2020-10-06,Placer,061,380077,3852,3680,13,3693,48
2020-10-06,Plumas,063,18699,52,49,0,49,0
2020-10-06,Riverside,065,2383286,62387,60593,226,60819,1238
2020-10-06,Sacramento,067,1510023,23750,23322,28,23350,442
2020-10-06,San Benito,069,59416,1366,1358,0,1358,12
2020-10-06,San Bernardino,071,2135413,57746,55416,361,55777,1040
2020-10-06,San Diego,073,3302833,50994,48823,1170,49993,806
2020-10-06,San Francisco,075,870044,11651,11513,36,11549,115
2020-10-06,San Joaquin,077,732212,20854,20481,77,20558,477
2020-10-06,San Luis Obispo,079,281455,4010,3723,17,3740,32
2020-10-06,San Mateo,081,765935,10656,9934,11,9945,129
2020-10-06,Santa Barbara,083,443738,9456,9331,80,9411,116
2020-10-06,Santa Clara,085,1922200,23290,21914,48,21962,320
2020-10-06,Santa Cruz,087,273765,2609,2510,32,2542,12
2020-10-06,Shasta,089,179085,1647,1242,16,1258,18
2020-10-06,Sierra,091,2930,6,6,0,6,0
2020-10-06,Siskiyou,093,43540,168,154,10,164,0
2020-10-06,Solano,095,438530,6727,6506,39,6545,52
2020-10-06,Sonoma,097,501317,8433,7895,22,7917,130
2020-10-06,Stanislaus,099,539301,16977,16759,588,17347,354
2020-10-06,Sutter,101,95872,1746,1722,1,1723,12
2020-10-06,Tehama,103,63373,696,660,2,662,3
2020-10-06,Trinity,105,12862,64,25,8,33,0
2020-10-06,Tulare,107,460477,17053,16456,186,16642,280
2020-10-06,Tuolumne,109,53932,244,227,6,233,2
2020-10-06,Ventura,111,848112,14017,13242,261,13503,150
2020-10-06,Yolo,113,214977,2966,2899,7,2906,56
2020-10-06,Yuba,115,75493,1147,1114,3,1117,10
2020-10-05,Alameda,001,1643700,22209,21637,192,21829,383
2020-10-05,Alpine,003,1148,3,2,0,2,0
2020-10-05,Amador,005,37829,303,299,0,299,16
2020-10-05,Butte,007,227075,3025,2910,53,2963,46
2020-10-05,Calaveras,009,45235,315,259,0,259,11
2020-10-05,Colusa,011,21464,538,537,0,537,6
2020-10-05,Contra Costa,013,1133247,17788,17250,86,17336,216
2020-10-05,Del Norte,015,27424,161,142,0,142,2
2020-10-05,El Dorado,017,186661,1282,1202,11,1213,4
2020-10-05,Fresno,019,978130,31582,29136,392,29528,408
2020-10-05,Glenn,021,27897,624,603,0,603,3
2020-10-05,Humboldt,023,135768,522,506,1,507,6
2020-10-05,Imperial,025,180216,12144,11169,9,11178,327
2020-10-05,Inyo,027,18085,202,197,4,201,14
2020-10-05,Kern,029,883053,32678,31933,358,32291,404
2020-10-05,Kings,031,150075,8139,7932,41,7973,80
2020-10-05,Lake,033,64148,641,592,0,592,10
2020-10-05,Lassen,035,31185,756,743,2,745,0
2020-10-05,Los Angeles,037,10098052,278970,273200,2115,275315,6632
2020-10-05,Madera,039,155013,4751,4598,30,4628,50
2020-10-05,Marin,041,260295,6892,6751,18,6769,91
2020-10-05,Mariposa,043,17540,77,75,0,75,2
2020-10-05,Mendocino,045,87422,966,913,4,917,19
2020-10-05,Merced,047,269075,9130,9021,23,9044,143
2020-10-05,Modoc,049,8938,29,26,0,26,0
2020-10-05,Mono,051,14174,173,152,4,156,1
2020-10-05,Monterey,053,433212,10454,10187,37,10224,72
2020-10-05,Napa,055,140530,1815,1760,8,1768,11
2020-10-05,Nevada,057,99092,567,550,17,567,6
2020-10-05,Orange,059,3164182,56886,54103,1557,55660,1271
2020-10-05,Placer,061,380077,3826,3670,13,3683,46
2020-10-05,Plumas,063,18699,51,49,0,49,0
2020-10-05,Riverside,065,2383286,62067,60454,222,60676,1232
2020-10-05,Sacramento,067,1510023,23646,23207,28,23235,438
2020-10-05,San Benito,069,59416,1363,1356,0,1356,12
2020-10-05,San Bernardino,071,2135413,57439,55100,360,55460,1031
2020-10-05,San Diego,073,3302833,50658,48662,1146,49808,803
2020-10-05,San Francisco,075,870044,11612,11476,34,11510,110
2020-10-05,San Joaquin,077,732212,20784,20319,74,20393,476
2020-10-05,San Luis Obispo,079,281455,3983,3710,17,3727,32
2020-10-05,San Mateo,081,765935,10629,9896,11,9907,128
2020-10-05,Santa Barbara,083,443738,9434,9309,80,9389,116
2020-10-05,Santa Clara,085,1922200,23173,21861,48,21909,319
2020-10-05,Santa Cruz,087,273765,2597,2492,32,2524,9
2020-10-05,Shasta,089,179085,1615,1158,16,1174,18
2020-10-05,Sierra,091,2930,6,6,0,6,0
2020-10-05,Siskiyou,093,43540,168,153,10,163,0
2020-10-05,Solano,095,438530,6689,6475,39,6514,52
2020-10-05,Sonoma,097,501317,8341,7817,22,7839,130
2020-10-05,Stanislaus,099,539301,16941,16730,581,17311,351
2020-10-05,Sutter,101,95872,1738,1719,1,1720,12
2020-10-05,Tehama,103,63373,688,642,2,644,3
2020-10-05,Trinity,105,12862,62,22,8,30,0
2020-10-05,Tulare,107,460477,16994,16343,181,16524,278
2020-10-05,Tuolumne,109,53932,241,226,6,232,2
2020-10-05,Ventura,111,848112,13948,13224,242,13466,149
2020-10-05,Yolo,113,214977,2947,2889,7,2896,56
2020-10-05,Yuba,115,75493,1134,1108,3,1111,9
2020-10-04,Alameda,001,1643700,22113,21597,192,21789,383
2020-10-04,Alpine,003,1148,3,2,0,2,0
2020-10-04,Amador,005,37829,302,297,0,297,16
2020-10-04,Butte,007,227075,3011,2903,53,2956,46
2020-10-04,Calaveras,009,45235,315,259,0,259,11
2020-10-04,Colusa,011,21464,537,537,0,537,6
2020-10-04,Contra Costa,013,1133247,17724,17192,86,17278,214
2020-10-04,Del Norte,015,27424,157,142,0,142,2
2020-10-04,El Dorado,017,186661,1278,1196,11,1207,4
2020-10-04,Fresno,019,978130,31459,29065,392,29457,408
2020-10-04,Glenn,021,27897,622,601,0,601,3
2020-10-04,Humboldt,023,135768,521,506,1,507,6
2020-10-04,Imperial,025,180216,12105,11127,9,11136,327
2020-10-04,Inyo,027,18085,199,195,4,199,14
2020-10-04,Kern,029,883053,32603,31906,355,32261,404
2020-10-04,Kings,031,150075,8124,7919,41,7960,80
2020-10-04,Lake,033,64148,627,589,0,589,10
2020-10-04,Lassen,035,31185,756,743,2,745,0
2020-10-04,Los Angeles,037,10098052,277582,272822,2069,274891,6625
2020-10-04,Madera,039,155013,4735,4587,30,4617,50
2020-10-04,Marin,041,260295,6872,6741,18,6759,91
2020-10-04,Mariposa,043,17540,77,75,0,75,2
2020-10-04,Mendocino,045,87422,953,905,4,909,18
2020-10-04,Merced,047,269075,9105,9006,23,9029,140
2020-10-04,Modoc,049,8938,29,26,0,26,0
2020-10-04,Mono,051,14174,172,152,3,155,1
2020-10-04,Monterey,053,433212,10413,10141,36,10177,72
2020-10-04,Napa,055,140530,1803,1759,8,1767,11
2020-10-04,Nevada,057,99092,563,547,16,563,6
2020-10-04,Orange,059,3164182,56650,53966,1548,55514,1270
2020-10-04,Placer,061,380077,3805,3664,13,3677,46
2020-10-04,Plumas,063,18699,51,49,0,49,0
2020-10-04,Riverside,065,2383286,61781,60251,218,60469,1226
2020-10-04,Sacramento,067,1510023,23530,23162,28,23190,438
2020-10-04,San Benito,069,59416,1363,1355,0,1355,12
2020-10-04,San Bernardino,071,2135413,56990,55100,358,55458,1031
2020-10-04,San Diego,073,3302833,50291,48438,1121,49559,803
2020-10-04,San Francisco,075,870044,11580,11474,32,11506,110
2020-10-04,San Joaquin,077,732212,20707,20320,68,20388,476
2020-10-04,San Luis Obispo,079,281455,3958,3688,17,3705,31
2020-10-04,San Mateo,081,765935,10569,9858,11,9869,128
2020-10-04,Santa Barbara,083,443738,9408,9276,78,9354,116
2020-10-04,Santa Clara,085,1922200,23036,21780,48,21828,316
2020-10-04,Santa Cruz,087,273765,2581,2483,32,2515,9
2020-10-04,Shasta,089,179085,1517,1158,15,1173,18
2020-10-04,Sierra,091,2930,6,6,0,6,0
2020-10-04,Siskiyou,093,43540,168,153,10,163,0
2020-10-04,Solano,095,438530,6638,6445,39,6484,52
2020-10-04,Sonoma,097,501317,8253,7794,22,7816,129
2020-10-04,Stanislaus,099,539301,16891,16711,572,17283,351
2020-10-04,Sutter,101,95872,1735,1711,1,1712,11
2020-10-04,Tehama,103,63373,673,637,2,639,3
2020-10-04,Trinity,105,12862,61,21,8,29,0
2020-10-04,Tulare,107,460477,16917,16343,170,16513,278
2020-10-04,Tuolumne,109,53932,239,226,6,232,2
2020-10-04,Ventura,111,848112,13866,13197,225,13422,149
2020-10-04,Yolo,113,214977,2936,2875,7,2882,56
2020-10-04,Yuba,115,75493,1130,1103,3,1106,9
2020-10-03,Alameda,001,1643700,22067,21510,191,21701,386
2020-10-03,Alpine,003,1148,3,2,0,2,0
2020-10-03,Amador,005,37829,301,296,0,296,16
2020-10-03,Butte,007,227075,3005,2894,53,2947,46
2020-10-03,Calaveras,009,45235,315,259,0,259,11
2020-10-03,Colusa,011,21464,536,537,0,537,6
2020-10-03,Contra Costa,013,1133247,17674,17087,84,17171,213
2020-10-03,Del Norte,015,27424,153,142,0,142,2
2020-10-03,El Dorado,017,186661,1271,1188,11,1199,4
2020-10-03,Fresno,019,978130,31399,28975,391,29366,408
2020-10-03,Glenn,021,27897,620,601,0,601,3
2020-10-03,Humboldt,023,135768,520,504,1,505,6
2020-10-03,Imperial,025,180216,12082,11090,9,11099,327
2020-10-03,Inyo,027,18085,199,194,4,198,14
2020-10-03,Kern,029,883053,32553,31864,351,32215,403
2020-10-03,Kings,031,150075,8120,7887,41,7928,80
2020-10-03,Lake,033,64148,617,588,0,588,10
2020-10-03,Lassen,035,31185,756,743,2,745,0
2020-10-03,Los Angeles,037,10098052,276875,271869,2040,273909,6620
2020-10-03,Madera,039,155013,4718,4565,30,4595,50
2020-10-03,Marin,041,260295,6866,6728,18,6746,91
2020-10-03,Mariposa,043,17540,77,75,0,75,2
2020-10-03,Mendocino,045,87422,951,898,4,902,18
2020-10-03,Merced,047,269075,9092,8986,23,9009,139
2020-10-03,Modoc,049,8938,29,26,0,26,0
2020-10-03,Mono,051,14174,171,152,3,155,1
2020-10-03,Monterey,053,433212,10379,10092,33,10125,72
2020-10-03,Napa,055,140530,1799,1752,8,1760,11
2020-10-03,Nevada,057,99092,562,544,16,560,6
2020-10-03,Orange,059,3164182,56533,53573,1543,55116,1268
2020-10-03,Placer,061,380077,3794,3648,13,3661,47
2020-10-03,Plumas,063,18699,51,48,0,48,0
2020-10-03,Riverside,065,2383286,61629,59991,216,60207,1226
2020-10-03,Sacramento,067,1510023,23479,23076,28,23104,437
2020-10-03,San Benito,069,59416,1363,1351,0,1351,12
2020-10-03,San Bernardino,071,2135413,56817,55004,355,55359,1031
2020-10-03,San Diego,073,3302833,50060,48202,1104,49306,798
2020-10-03,San Francisco,075,870044,11555,11475,30,11505,110
2020-10-03,San Joaquin,077,732212,20681,20322,68,20390,476
2020-10-03,San Luis Obispo,079,281455,3934,3670,17,3687,31
2020-10-03,San Mateo,081,765935,10542,9822,10,9832,128
2020-10-03,Santa Barbara,083,443738,9395,9256,78,9334,116
2020-10-03,Santa Clara,085,1922200,22956,21672,48,21720,309
2020-10-03,Santa Cruz,087,273765,2573,2476,32,2508,9
2020-10-03,Shasta,089,179085,1489,1117,14,1131,18
2020-10-03,Sierra,091,2930,6,6,0,6,0
2020-10-03,Siskiyou,093,43540,168,152,10,162,0
2020-10-03,Solano,095,438530,6612,6419,39,6458,52
2020-10-03,Sonoma,097,501317,8211,7747,22,7769,129
2020-10-03,Stanislaus,099,539301,16858,16645,568,17213,351
2020-10-03,Sutter,101,95872,1731,1705,1,1706,11
2020-10-03,Tehama,103,63373,667,630,2,632,3
2020-10-03,Trinity,105,12862,61,15,8,23,0
2020-10-03,Tulare,107,460477,16873,16322,166,16488,278
2020-10-03,Tuolumne,109,53932,238,224,6,230,2
2020-10-03,Ventura,111,848112,13828,13150,221,13371,148
2020-10-03,Yolo,113,214977,2929,2863,7,2870,56
2020-10-03,Yuba,115,75493,1122,1097,3,1100,8
2020-10-02,Alameda,001,1643700,22012,21404,190,21594,382
2020-10-02,Alpine,003,1148,3,2,0,2,0
2020-10-02,Amador,005,37829,300,296,0,296,16
2020-10-02,Butte,007,227075,2995,2879,53,2932,46
2020-10-02,Calaveras,009,45235,314,259,0,259,11
2020-10-02,Colusa,011,21464,535,537,0,537,6
2020-10-02,Contra Costa,013,1133247,17631,17002,83,17085,213
2020-10-02,Del Norte,015,27424,152,141,0,141,2
2020-10-02,El Dorado,017,186661,1264,1168,11,1179,4
2020-10-02,Fresno,019,978130,31316,28855,391,29246,403
2020-10-02,Glenn,021,27897,615,594,0,594,3
2020-10-02,Humboldt,023,135768,519,503,1,504,6
2020-10-02,Imperial,025,180216,12060,11024,9,11033,327
2020-10-02,Inyo,027,18085,197,191,4,195,14
2020-10-02,Kern,029,883053,32501,31790,344,32134,399
2020-10-02,Kings,031,150075,8111,7716,41,7757,79
2020-10-02,Lake,033,64148,611,579,0,579,10
2020-10-02,Lassen,035,31185,756,742,2,744,0
2020-10-02,Los Angeles,037,10098052,275974,270935,2014,272949,6602
2020-10-02,Madera,039,155013,4710,4537,30,4567,49
2020-10-02,Marin,041,260295,6849,6717,18,6735,91
2020-10-02,Mariposa,043,17540,77,75,0,75,2
2020-10-02,Mendocino,045,87422,946,883,4,887,18
2020-10-02,Merced,047,269075,9082,8961,23,8984,139
2020-10-02,Modoc,049,8938,29,26,0,26,0
2020-10-02,Mono,051,14174,171,150,3,153,1
2020-10-02,Monterey,053,433212,10345,9997,33,10030,71
2020-10-02,Napa,055,140530,1793,1737,8,1745,11
2020-10-02,Nevada,057,99092,559,543,16,559,6
2020-10-02,Orange,059,3164182,56402,53299,1536,54835,1262
2020-10-02,Placer,061,380077,3774,3612,13,3625,46
2020-10-02,Plumas,063,18699,51,48,0,48,0
2020-10-02,Riverside,065,2383286,61408,59673,213,59886,1223
2020-10-02,Sacramento,067,1510023,23414,22818,28,22846,436
2020-10-02,San Benito,069,59416,1359,1347,0,1347,12
2020-10-02,San Bernardino,071,2135413,56631,54613,355,54968,1028
2020-10-02,San Diego,073,3302833,49808,47793,1088,48881,794
2020-10-02,San Francisco,075,870044,11532,11398,30,11428,110
2020-10-02,San Joaquin,077,732212,20647,20235,67,20302,474
2020-10-02,San Luis Obispo,079,281455,3911,3654,17,3671,31
2020-10-02,San Mateo,081,765935,10501,9745,10,9755,128
2020-10-02,Santa Barbara,083,443738,9372,9234,78,9312,116
2020-10-02,Santa Clara,085,1922200,22870,21545,47,21592,305
2020-10-02,Santa Cruz,087,273765,2556,2463,32,2495,9
2020-10-02,Shasta,089,179085,1454,1046,14,1060,18
2020-10-02,Sierra,091,2930,6,6,0,6,0
2020-10-02,Siskiyou,093,43540,168,151,10,161,0
2020-10-02,Solano,095,438530,6582,6385,39,6424,52
2020-10-02,Sonoma,097,501317,8154,7662,22,7684,125
2020-10-02,Stanislaus,099,539301,16817,16609,559,17168,349
2020-10-02,Sutter,101,95872,1730,1693,1,1694,11
2020-10-02,Tehama,103,63373,662,619,2,621,3
2020-10-02,Trinity,105,12862,61,15,8,23,0
2020-10-02,Tulare,107,460477,16832,16245,159,16404,278
2020-10-02,Tuolumne,109,53932,236,225,6,231,2
2020-10-02,Ventura,111,848112,13789,13120,216,13336,146
2020-10-02,Yolo,113,214977,2924,2845,7,2852,55
2020-10-02,Yuba,115,75493,1120,1090,3,1093,8
2020-10-01,Alameda,001,1643700,21951,21349,186,21535,383
2020-10-01,Alpine,003,1148,3,2,0,2,0
2020-10-01,Amador,005,37829,300,294,0,294,16
2020-10-01,Butte,007,227075,2987,2865,53,2918,45
2020-10-01,Calaveras,009,45235,314,257,0,257,11
2020-10-01,Colusa,011,21464,535,536,0,536,6
2020-10-01,Contra Costa,013,1133247,17567,16898,83,16981,211
2020-10-01,Del Norte,015,27424,147,140,0,140,2
2020-10-01,El Dorado,017,186661,1260,1162,10,1172,4
2020-10-01,Fresno,019,978130,31236,28796,389,29185,397
2020-10-01,Glenn,021,27897,611,593,0,593,3
2020-10-01,Humboldt,023,135768,519,499,1,500,6
2020-10-01,Imperial,025,180216,12018,10928,9,10937,325
2020-10-01,Inyo,027,18085,197,191,4,195,14
2020-10-01,Kern,029,883053,32438,31678,339,32017,399
2020-10-01,Kings,031,150075,8100,7688,38,7726,79
2020-10-01,Lake,033,64148,605,572,0,572,11
2020-10-01,Lassen,035,31185,753,742,2,744,0
2020-10-01,Los Angeles,037,10098052,274928,271513,1981,273494,6621
2020-10-01,Madera,039,155013,4687,4508,30,4538,48
2020-10-01,Marin,041,260295,6835,6710,18,6728,92
2020-10-01,Mariposa,043,17540,77,76,0,76,2
2020-10-01,Mendocino,045,87422,941,874,4,878,19
2020-10-01,Merced,047,269075,9055,8942,23,8965,138
2020-10-01,Modoc,049,8938,29,26,0,26,0
2020-10-01,Mono,051,14174,169,150,3,153,1
2020-10-01,Monterey,053,433212,10270,9958,33,9991,71
2020-10-01,Napa,055,140530,1785,1729,8,1737,11
2020-10-01,Nevada,057,99092,558,543,16,559,6
2020-10-01,Orange,059,3164182,56236,53088,1523,54611,1257
2020-10-01,Placer,061,380077,3747,3599,13,3612,45
2020-10-01,Plumas,063,18699,51,48,0,48,0
2020-10-01,Riverside,065,2383286,61155,59293,207,59500,1223
2020-10-01,Sacramento,067,1510023,23302,22714,27,22741,433
2020-10-01,San Benito,069,59416,1357,1346,0,1346,12
2020-10-01,San Bernardino,071,2135413,56338,54350,352,54702,1021
2020-10-01,San Diego,073,3302833,49526,47487,1068,48555,792
2020-10-01,San Francisco,075,870044,11501,11284,28,11312,110
2020-10-01,San Joaquin,077,732212,20601,20204,64,20268,471
2020-10-01,San Luis Obispo,079,281455,3884,3625,17,3642,31
2020-10-01,San Mateo,081,765935,10456,9681,10,9691,128
2020-10-01,Santa Barbara,083,443738,9332,9215,78,9293,118
2020-10-01,Santa Clara,085,1922200,22769,21398,47,21445,305
2020-10-01,Santa Cruz,087,273765,2541,2418,32,2450,10
2020-10-01,Shasta,089,179085,1403,991,14,1005,18
2020-10-01,Sierra,091,2930,6,6,0,6,0
2020-10-01,Siskiyou,093,43540,165,150,10,160,0
2020-10-01,Solano,095,438530,6544,6352,39,6391,52
2020-10-01,Sonoma,097,501317,8087,7569,22,7591,125
2020-10-01,Stanislaus,099,539301,16784,16555,553,17108,346
2020-10-01,Sutter,101,95872,1725,1684,1,1685,11
2020-10-01,Tehama,103,63373,652,606,2,608,3
2020-10-01,Trinity,105,12862,61,15,8,23,0
2020-10-01,Tulare,107,460477,16757,16182,156,16338,275
2020-10-01,Tuolumne,109,53932,236,223,6,229,2
2020-10-01,Ventura,111,848112,13737,13057,203,13260,146
2020-10-01,Yolo,113,214977,2906,2833,7,2840,55
2020-10-01,Yuba,115,75493,1116,1082,3,1085,8
2020-09-30,Alameda,001,1643700,21873,21271,183,21454,380
2020-09-30,Alpine,003,1148,3,2,0,2,0
2020-09-30,Amador,005,37829,300,294,0,294,16
2020-09-30,Butte,007,227075,2979,2858,53,2911,44
2020-09-30,Calaveras,009,45235,313,258,0,258,11
2020-09-30,Colusa,011,21464,534,534,0,534,6
2020-09-30,Contra Costa,013,1133247,17499,16819,83,16902,211
2020-09-30,Del Norte,015,27424,146,140,0,140,2
2020-09-30,El Dorado,017,186661,1248,1157,10,1167,4
2020-09-30,Fresno,019,978130,31146,28706,386,29092,395
2020-09-30,Glenn,021,27897,606,592,0,592,3
2020-09-30,Humboldt,023,135768,517,497,1,498,6
2020-09-30,Imperial,025,180216,11993,10868,9,10877,287
2020-09-30,Inyo,027,18085,196,189,4,193,14
2020-09-30,Kern,029,883053,32362,31601,338,31939,398
2020-09-30,Kings,031,150075,8072,7685,38,7723,79
2020-09-30,Lake,033,64148,599,567,0,567,10
2020-09-30,Lassen,035,31185,750,742,2,744,0
2020-09-30,Los Angeles,037,10098052,273706,270260,1949,272209,6568
2020-09-30,Madera,039,155013,4678,4477,30,4507,47
2020-09-30,Marin,041,260295,6811,6700,17,6717,91
2020-09-30,Mariposa,043,17540,77,76,0,76,2
2020-09-30,Mendocino,045,87422,935,867,4,871,17
2020-09-30,Merced,047,269075,9035,8926,23,8949,136
2020-09-30,Modoc,049,8938,29,26,0,26,0
2020-09-30,Mono,051,14174,169,150,3,153,1
2020-09-30,Monterey,053,433212,10219,9898,32,9930,70
2020-09-30,Napa,055,140530,1771,1728,8,1736,11
2020-09-30,Nevada,057,99092,556,540,16,556,6
2020-09-30,Orange,059,3164182,56045,52916,1508,54424,1251
2020-09-30,Placer,061,380077,3726,3585,13,3598,43
2020-09-30,Plumas,063,18699,51,48,0,48,0
2020-09-30,Riverside,065,2383286,60799,59074,203,59277,1220
2020-09-30,Sacramento,067,1510023,23199,22613,27,22640,429
2020-09-30,San Benito,069,59416,1354,1342,0,1342,12
2020-09-30,San Bernardino,071,2135413,56061,53988,351,54339,1018
2020-09-30,San Diego,073,3302833,49222,47182,1047,48229,783
2020-09-30,San Francisco,075,870044,11471,11247,28,11275,106
2020-09-30,San Joaquin,077,732212,20518,20150,62,20212,461
2020-09-30,San Luis Obispo,079,281455,3859,3597,17,3614,31
2020-09-30,San Mateo,081,765935,10414,9634,10,9644,128
2020-09-30,Santa Barbara,083,443738,9306,9186,78,9264,115
2020-09-30,Santa Clara,085,1922200,22664,21318,47,21365,302
2020-09-30,Santa Cruz,087,273765,2528,2405,32,2437,10
2020-09-30,Shasta,089,179085,1347,976,13,989,17
2020-09-30,Sierra,091,2930,6,6,0,6,0
2020-09-30,Siskiyou,093,43540,163,150,10,160,0
2020-09-30,Solano,095,438530,6502,6315,39,6354,51
2020-09-30,Sonoma,097,501317,7998,7494,22,7516,125
2020-09-30,Stanislaus,099,539301,16737,16531,547,17078,343
2020-09-30,Sutter,101,95872,1709,1680,1,1681,10
2020-09-30,Tehama,103,63373,646,594,2,596,3
2020-09-30,Trinity,105,12862,58,15,8,23,0
2020-09-30,Tulare,107,460477,16690,16117,149,16266,274
2020-09-30,Tuolumne,109,53932,234,224,6,230,2
2020-09-30,Ventura,111,848112,13702,12968,187,13155,145
2020-09-30,Yolo,113,214977,2893,2822,7,2829,55
2020-09-30,Yuba,115,75493,1113,1075,3,1078,8
2020-09-29,Alameda,001,1643700,21798,21241,180,21421,374
2020-09-29,Alpine,003,1148,3,2,0,2,0
2020-09-29,Amador,005,37829,298,294,0,294,16
2020-09-29,Butte,007,227075,2965,2848,53,2901,44
2020-09-29,Calaveras,009,45235,311,261,0,261,11
2020-09-29,Colusa,011,21464,534,534,0,534,6
2020-09-29,Contra Costa,013,1133247,17443,16716,81,16797,209
2020-09-29,Del Norte,015,27424,142,142,0,142,2
2020-09-29,El Dorado,017,186661,1239,1151,10,1161,4
2020-09-29,Fresno,019,978130,31049,28621,385,29006,394
2020-09-29,Glenn,021,27897,602,589,0,589,3
2020-09-29,Humboldt,023,135768,515,497,1,498,6
2020-09-29,Imperial,025,180216,11958,10811,9,10820,283
2020-09-29,Inyo,027,18085,195,188,4,192,14
2020-09-29,Kern,029,883053,32306,31534,337,31871,397
2020-09-29,Kings,031,150075,8016,7681,38,7719,78
2020-09-29,Lake,033,64148,597,566,0,566,11
2020-09-29,Lassen,035,31185,750,741,2,743,0
2020-09-29,Los Angeles,037,10098052,272491,269246,1921,271167,6545
2020-09-29,Madera,039,155013,4655,4453,30,4483,47
2020-09-29,Marin,041,260295,6790,6692,17,6709,91
2020-09-29,Mariposa,043,17540,77,74,0,74,2
2020-09-29,Mendocino,045,87422,925,854,4,858,17
2020-09-29,Merced,047,269075,9022,8892,21,8913,136
2020-09-29,Modoc,049,8938,29,26,0,26,0
2020-09-29,Mono,051,14174,169,149,3,152,1
2020-09-29,Monterey,053,433212,10164,9826,30,9856,70
2020-09-29,Napa,055,140530,1768,1727,8,1735,11
2020-09-29,Nevada,057,99092,551,539,16,555,6
2020-09-29,Orange,059,3164182,55858,52755,1497,54252,1231
2020-09-29,Placer,061,380077,3704,3570,13,3583,42
2020-09-29,Plumas,063,18699,51,48,0,48,0
2020-09-29,Riverside,065,2383286,60469,58863,196,59059,1208
2020-09-29,Sacramento,067,1510023,23078,22547,26,22573,425
2020-09-29,San Benito,069,59416,1349,1341,0,1341,12
2020-09-29,San Bernardino,071,2135413,55751,53753,350,54103,1012
2020-09-29,San Diego,073,3302833,48945,46987,1024,48011,781
2020-09-29,San Francisco,075,870044,11435,11142,28,11170,104
2020-09-29,San Joaquin,077,732212,20450,20094,60,20154,454
2020-09-29,San Luis Obispo,079,281455,3837,3581,17,3598,31
2020-09-29,San Mateo,081,765935,10367,9619,10,9629,127
2020-09-29,Santa Barbara,083,443738,9286,9149,77,9226,114
2020-09-29,Santa Clara,085,1922200,22528,21233,46,21279,302
2020-09-29,Santa Cruz,087,273765,2513,2383,31,2414,10
2020-09-29,Shasta,089,179085,1286,943,13,956,17
2020-09-29,Sierra,091,2930,6,6,0,6,0
2020-09-29,Siskiyou,093,43540,157,150,10,160,0
2020-09-29,Solano,095,438530,6468,6303,39,6342,51
2020-09-29,Sonoma,097,501317,7926,7426,22,7448,125
2020-09-29,Stanislaus,099,539301,16707,16505,541,17046,341
2020-09-29,Sutter,101,95872,1703,1677,1,1678,10
2020-09-29,Tehama,103,63373,628,585,2,587,2
2020-09-29,Trinity,105,12862,56,16,8,24,0
2020-09-29,Tulare,107,460477,16625,16055,142,16197,270
2020-09-29,Tuolumne,109,53932,234,224,6,230,2
2020-09-29,Ventura,111,848112,13645,12875,184,13059,145
2020-09-29,Yolo,113,214977,2880,2818,7,2825,55
2020-09-29,Yuba,115,75493,1111,1071,3,1074,8
2020-09-28,Alameda,001,1643700,21711,21133,180,21313,370
2020-09-28,Alpine,003,1148,3,2,0,2,0
2020-09-28,Amador,005,37829,296,294,0,294,16
2020-09-28,Butte,007,227075,2950,2837,53,2890,44
2020-09-28,Calaveras,009,45235,311,257,0,257,11
2020-09-28,Colusa,011,21464,533,531,0,531,6
2020-09-28,Contra Costa,013,1133247,17380,16653,81,16734,195
2020-09-28,Del Norte,015,27424,142,138,0,138,2
2020-09-28,El Dorado,017,186661,1232,1144,10,1154,4
2020-09-28,Fresno,019,978130,30968,28517,379,28896,389
2020-09-28,Glenn,021,27897,600,585,0,585,3
2020-09-28,Humboldt,023,135768,509,495,1,496,6
2020-09-28,Imperial,025,180216,11923,10777,9,10786,283
2020-09-28,Inyo,027,18085,194,188,4,192,14
2020-09-28,Kern,029,883053,32241,31481,333,31814,395
2020-09-28,Kings,031,150075,7875,7661,36,7697,78
2020-09-28,Lake,033,64148,593,559,0,559,10
2020-09-28,Lassen,035,31185,749,737,2,739,0
2020-09-28,Los Angeles,037,10098052,271384,268404,1891,270295,6508
2020-09-28,Madera,039,155013,4634,4438,30,4468,47
2020-09-28,Marin,041,260295,6774,6676,17,6693,91
2020-09-28,Mariposa,043,17540,77,74,0,74,2
2020-09-28,Mendocino,045,87422,910,850,4,854,17
2020-09-28,Merced,047,269075,8994,8869,21,8890,136
2020-09-28,Modoc,049,8938,29,26,0,26,0
2020-09-28,Mono,051,14174,169,148,3,151,1
2020-09-28,Monterey,053,433212,10099,9780,28,9808,69
2020-09-28,Napa,055,140530,1756,1705,8,1713,11
2020-09-28,Nevada,057,99092,543,538,16,554,6
2020-09-28,Orange,059,3164182,55652,52633,1488,54121,1196
2020-09-28,Placer,061,380077,3683,3572,13,3585,42
2020-09-28,Plumas,063,18699,50,48,0,48,0
2020-09-28,Riverside,065,2383286,60171,58570,187,58757,1198
2020-09-28,Sacramento,067,1510023,22931,22392,26,22418,423
2020-09-28,San Benito,069,59416,1346,1336,0,1336,11
2020-09-28,San Bernardino,071,2135413,55403,53501,350,53851,988
2020-09-28,San Diego,073,3302833,48627,46736,1004,47740,776
2020-09-28,San Francisco,075,870044,11401,11114,28,11142,100
2020-09-28,San Joaquin,077,732212,20403,19982,59,20041,448
2020-09-28,San Luis Obispo,079,281455,3816,3567,17,3584,31
2020-09-28,San Mateo,081,765935,10317,9582,10,9592,127
2020-09-28,Santa Barbara,083,443738,9268,9121,77,9198,114
2020-09-28,Santa Clara,085,1922200,22411,21180,46,21226,271
2020-09-28,Santa Cruz,087,273765,2503,2359,31,2390,9
2020-09-28,Shasta,089,179085,1232,883,10,893,17
2020-09-28,Sierra,091,2930,6,6,0,6,0
2020-09-28,Siskiyou,093,43540,157,149,10,159,0
2020-09-28,Solano,095,438530,6431,6254,39,6293,51
2020-09-28,Sonoma,097,501317,7850,7369,22,7391,125
2020-09-28,Stanislaus,099,539301,16668,16467,534,17001,336
2020-09-28,Sutter,101,95872,1696,1676,1,1677,10
2020-09-28,Tehama,103,63373,620,579,2,581,2
2020-09-28,Trinity,105,12862,56,16,8,24,0
2020-09-28,Tulare,107,460477,16572,15918,137,16055,270
2020-09-28,Tuolumne,109,53932,234,225,6,231,2
2020-09-28,Ventura,111,848112,13567,12812,178,12990,139
2020-09-28,Yolo,113,214977,2863,2809,7,2816,55
2020-09-28,Yuba,115,75493,1108,1062,3,1065,7
2020-09-27,Alameda,001,1643700,21629,21077,176,21253,370
2020-09-27,Alpine,003,1148,3,2,0,2,0
2020-09-27,Amador,005,37829,296,291,0,291,16
2020-09-27,Butte,007,227075,2939,2833,52,2885,44
2020-09-27,Calaveras,009,45235,310,257,0,257,11
2020-09-27,Colusa,011,21464,532,531,0,531,6
2020-09-27,Contra Costa,013,1133247,17279,16596,80,16676,195
2020-09-27,Del Norte,015,27424,142,138,0,138,2
2020-09-27,El Dorado,017,186661,1217,1130,10,1140,4
2020-09-27,Fresno,019,978130,30863,28441,379,28820,389
2020-09-27,Glenn,021,27897,596,576,0,576,3
2020-09-27,Humboldt,023,135768,507,492,1,493,6
2020-09-27,Imperial,025,180216,11889,10743,9,10752,283
2020-09-27,Inyo,027,18085,192,188,4,192,14
2020-09-27,Kern,029,883053,32122,31462,330,31792,395
2020-09-27,Kings,031,150075,7855,7641,36,7677,78
2020-09-27,Lake,033,64148,589,555,0,555,10
2020-09-27,Lassen,035,31185,749,737,2,739,0
2020-09-27,Los Angeles,037,10098052,270203,267754,1872,269626,6507
2020-09-27,Madera,039,155013,4605,4416,30,4446,47
2020-09-27,Marin,041,260295,6764,6663,17,6680,91
2020-09-27,Mariposa,043,17540,77,74,0,74,2
2020-09-27,Mendocino,045,87422,904,846,4,850,17
2020-09-27,Merced,047,269075,8960,8853,21,8874,136
2020-09-27,Modoc,049,8938,29,26,0,26,0
2020-09-27,Mono,051,14174,169,148,3,151,1
2020-09-27,Monterey,053,433212,10039,9724,27,9751,69
2020-09-27,Napa,055,140530,1751,1690,8,1698,11
2020-09-27,Nevada,057,99092,542,537,16,553,6
2020-09-27,Orange,059,3164182,55377,52458,1479,53937,1195
2020-09-27,Placer,061,380077,3670,3562,13,3575,42
2020-09-27,Plumas,063,18699,50,48,0,48,0
2020-09-27,Riverside,065,2383286,59875,58509,179,58688,1191
2020-09-27,Sacramento,067,1510023,22833,22356,26,22382,422
2020-09-27,San Benito,069,59416,1346,1331,0,1331,11
2020-09-27,San Bernardino,071,2135413,54967,53127,350,53477,988
2020-09-27,San Diego,073,3302833,48283,46612,987,47599,776
2020-09-27,San Francisco,075,870044,11349,11114,28,11142,100
2020-09-27,San Joaquin,077,732212,20344,19981,59,20040,448
2020-09-27,San Luis Obispo,079,281455,3796,3562,17,3579,31
2020-09-27,San Mateo,081,765935,10249,9566,10,9576,127
2020-09-27,Santa Barbara,083,443738,9247,9090,76,9166,114
2020-09-27,Santa Clara,085,1922200,22302,21091,46,21137,271
2020-09-27,Santa Cruz,087,273765,2481,2359,31,2390,9
2020-09-27,Shasta,089,179085,1189,883,9,892,17
2020-09-27,Sierra,091,2930,6,6,0,6,0
2020-09-27,Siskiyou,093,43540,156,149,10,159,0
2020-09-27,Solano,095,438530,6396,6211,39,6250,51
2020-09-27,Sonoma,097,501317,7769,7336,22,7358,124
2020-09-27,Stanislaus,099,539301,16617,16448,528,16976,336
2020-09-27,Sutter,101,95872,1689,1672,1,1673,10
2020-09-27,Tehama,103,63373,603,573,2,575,2
2020-09-27,Trinity,105,12862,56,16,8,24,0
2020-09-27,Tulare,107,460477,16494,15918,128,16046,270
2020-09-27,Tuolumne,109,53932,233,224,6,230,2
2020-09-27,Ventura,111,848112,13478,12775,169,12944,139
2020-09-27,Yolo,113,214977,2849,2796,7,2803,55
2020-09-27,Yuba,115,75493,1098,1059,3,1062,7
2020-09-26,Alameda,001,1643700,21571,21019,175,21194,370
2020-09-26,Alpine,003,1148,3,2,0,2,0
2020-09-26,Amador,005,37829,295,291,0,291,16
2020-09-26,Butte,007,227075,2931,2827,52,2879,44
2020-09-26,Calaveras,009,45235,310,257,0,257,11
2020-09-26,Colusa,011,21464,532,529,0,529,6
2020-09-26,Contra Costa,013,1133247,17235,16508,80,16588,194
2020-09-26,Del Norte,015,27424,142,138,0,138,2
2020-09-26,El Dorado,017,186661,1212,1127,10,1137,4
2020-09-26,Fresno,019,978130,30796,28336,379,28715,389
2020-09-26,Glenn,021,27897,596,576,0,576,3
2020-09-26,Humboldt,023,135768,507,491,1,492,6
2020-09-26,Imperial,025,180216,11872,10721,9,10730,283
2020-09-26,Inyo,027,18085,191,187,4,191,14
2020-09-26,Kern,029,883053,32071,31410,330,31740,394
2020-09-26,Kings,031,150075,7843,7537,36,7573,78
2020-09-26,Lake,033,64148,586,549,0,549,10
2020-09-26,Lassen,035,31185,749,737,2,739,0
2020-09-26,Los Angeles,037,10098052,269571,266931,1858,268789,6497
2020-09-26,Madera,039,155013,4589,4410,30,4440,47
2020-09-26,Marin,041,260295,6751,6641,17,6658,91
2020-09-26,Mariposa,043,17540,76,74,0,74,2
2020-09-26,Mendocino,045,87422,899,836,4,840,17
2020-09-26,Merced,047,269075,8948,8841,20,8861,136
2020-09-26,Modoc,049,8938,29,26,0,26,0
2020-09-26,Mono,051,14174,169,148,3,151,1
2020-09-26,Monterey,053,433212,10012,9651,27,9678,68
2020-09-26,Napa,055,140530,1749,1681,8,1689,11
2020-09-26,Nevada,057,99092,542,534,16,550,6
2020-09-26,Orange,059,3164182,55238,52203,1473,53676,1194
2020-09-26,Placer,061,380077,3657,3551,13,3564,42
2020-09-26,Plumas,063,18699,49,48,0,48,0
2020-09-26,Riverside,065,2383286,59740,58076,177,58253,1190
2020-09-26,Sacramento,067,1510023,22775,22269,26,22295,421
2020-09-26,San Benito,069,59416,1344,1325,0,1325,11
2020-09-26,San Bernardino,071,2135413,54834,53122,350,53472,988
2020-09-26,San Diego,073,3302833,48078,46333,973,47306,775
2020-09-26,San Francisco,075,870044,11320,11113,28,11141,100
2020-09-26,San Joaquin,077,732212,20308,19982,57,20039,449
2020-09-26,San Luis Obispo,079,281455,3780,3546,17,3563,31
2020-09-26,San Mateo,081,765935,10215,9509,10,9519,127
2020-09-26,Santa Barbara,083,443738,9236,9061,76,9137,114
2020-09-26,Santa Clara,085,1922200,22231,20967,45,21012,270
2020-09-26,Santa Cruz,087,273765,2473,2336,31,2367,9
2020-09-26,Shasta,089,179085,1139,856,8,864,17
2020-09-26,Sierra,091,2930,6,6,0,6,0
2020-09-26,Siskiyou,093,43540,155,149,10,159,0
2020-09-26,Solano,095,438530,6377,6209,39,6248,51
2020-09-26,Sonoma,097,501317,7744,7285,21,7306,124
2020-09-26,Stanislaus,099,539301,16592,16421,520,16941,336
2020-09-26,Sutter,101,95872,1684,1662,1,1663,10
2020-09-26,Tehama,103,63373,591,560,2,562,2
2020-09-26,Trinity,105,12862,54,16,8,24,0
2020-09-26,Tulare,107,460477,16469,15881,126,16007,270
2020-09-26,Tuolumne,109,53932,233,223,6,229,2
2020-09-26,Ventura,111,848112,13443,12729,168,12897,137
2020-09-26,Yolo,113,214977,2847,2789,7,2796,55
2020-09-26,Yuba,115,75493,1094,1056,3,1059,7
2020-09-25,Alameda,001,1643700,21517,20911,175,21086,367
2020-09-25,Alpine,003,1148,3,2,0,2,0
2020-09-25,Amador,005,37829,295,289,0,289,16
2020-09-25,Butte,007,227075,2926,2819,52,2871,43
2020-09-25,Calaveras,009,45235,310,257,0,257,11
2020-09-25,Colusa,011,21464,532,528,0,528,6
2020-09-25,Contra Costa,013,1133247,17177,16401,80,16481,194
2020-09-25,Del Norte,015,27424,142,138,0,138,2
2020-09-25,El Dorado,017,186661,1208,1104,10,1114,4
2020-09-25,Fresno,019,978130,30736,28199,378,28577,385
2020-09-25,Glenn,021,27897,594,570,0,570,3
2020-09-25,Humboldt,023,135768,506,489,1,490,5
2020-09-25,Imperial,025,180216,11854,10681,9,10690,283
2020-09-25,Inyo,027,18085,189,187,4,191,14
2020-09-25,Kern,029,883053,32018,31333,328,31661,393
2020-09-25,Kings,031,150075,7838,7450,36,7486,77
2020-09-25,Lake,033,64148,585,539,0,539,9
2020-09-25,Lassen,035,31185,749,737,2,739,0
2020-09-25,Los Angeles,037,10098052,268777,265713,1845,267558,6483
2020-09-25,Madera,039,155013,4570,4369,30,4399,48
2020-09-25,Marin,041,260295,6748,6622,17,6639,90
2020-09-25,Mariposa,043,17540,76,74,0,74,2
2020-09-25,Mendocino,045,87422,884,819,3,822,17
2020-09-25,Merced,047,269075,8932,8830,20,8850,135
2020-09-25,Modoc,049,8938,29,26,0,26,0
2020-09-25,Mono,051,14174,169,149,3,152,1
2020-09-25,Monterey,053,433212,9960,9581,27,9608,68
2020-09-25,Napa,055,140530,1747,1669,8,1677,11
2020-09-25,Nevada,057,99092,540,529,16,545,6
2020-09-25,Orange,059,3164182,55111,52031,1465,53496,1184
2020-09-25,Placer,061,380077,3646,3527,13,3540,41
2020-09-25,Plumas,063,18699,49,48,0,48,0
2020-09-25,Riverside,065,2383286,59564,57783,172,57955,1183
2020-09-25,Sacramento,067,1510023,22698,22132,26,22158,418
2020-09-25,San Benito,069,59416,1343,1318,0,1318,11
2020-09-25,San Bernardino,071,2135413,54680,52814,350,53164,987
2020-09-25,San Diego,073,3302833,47876,46003,957,46960,775
2020-09-25,San Francisco,075,870044,11286,11066,27,11093,100
2020-09-25,San Joaquin,077,732212,20256,19909,57,19966,449
2020-09-25,San Luis Obispo,079,281455,3768,3512,17,3529,31
2020-09-25,San Mateo,081,765935,10179,9447,10,9457,127
2020-09-25,Santa Barbara,083,443738,9212,9026,76,9102,114
2020-09-25,Santa Clara,085,1922200,22166,20812,44,20856,265
2020-09-25,Santa Cruz,087,273765,2461,2309,30,2339,9
2020-09-25,Shasta,089,179085,1105,806,8,814,16
2020-09-25,Sierra,091,2930,6,6,0,6,0
2020-09-25,Siskiyou,093,43540,155,149,10,159,0
2020-09-25,Solano,095,438530,6361,6179,39,6218,50
2020-09-25,Sonoma,097,501317,7704,7202,21,7223,124
2020-09-25,Stanislaus,099,539301,16574,16381,518,16899,326
2020-09-25,Sutter,101,95872,1681,1655,1,1656,10
2020-09-25,Tehama,103,63373,583,546,2,548,2
2020-09-25,Trinity,105,12862,54,15,8,23,0
2020-09-25,Tulare,107,460477,16429,15815,125,15940,267
2020-09-25,Tuolumne,109,53932,233,223,6,229,2
2020-09-25,Ventura,111,848112,13400,12664,165,12829,137
2020-09-25,Yolo,113,214977,2839,2784,7,2791,55
2020-09-25,Yuba,115,75493,1089,1049,3,1052,5
2020-09-24,Alameda,001,1643700,21442,20838,172,21010,364
2020-09-24,Alpine,003,1148,3,2,0,2,0
2020-09-24,Amador,005,37829,295,288,0,288,16
2020-09-24,Butte,007,227075,2915,2803,52,2855,43
2020-09-24,Calaveras,009,45235,310,258,0,258,11
2020-09-24,Colusa,011,21464,532,523,0,523,6
2020-09-24,Contra Costa,013,1133247,17094,16252,80,16332,192
2020-09-24,Del Norte,015,27424,138,137,0,137,2
2020-09-24,El Dorado,017,186661,1199,1093,10,1103,4
2020-09-24,Fresno,019,978130,30630,28106,374,28480,375
2020-09-24,Glenn,021,27897,590,567,0,567,3
2020-09-24,Humboldt,023,135768,503,482,1,483,5
2020-09-24,Imperial,025,180216,11830,10622,9,10631,283
2020-09-24,Inyo,027,18085,189,187,4,191,13
2020-09-24,Kern,029,883053,31955,31273,326,31599,388
2020-09-24,Kings,031,150075,7822,7428,36,7464,76
2020-09-24,Lake,033,64148,576,531,0,531,9
2020-09-24,Lassen,035,31185,748,737,2,739,0
2020-09-24,Los Angeles,037,10098052,267735,264374,1828,266202,6452
2020-09-24,Madera,039,155013,4551,4344,30,4374,48
2020-09-24,Marin,041,260295,6720,6588,17,6605,85
2020-09-24,Mariposa,043,17540,76,74,0,74,2
2020-09-24,Mendocino,045,87422,880,810,3,813,17
2020-09-24,Merced,047,269075,8903,8813,19,8832,135
2020-09-24,Modoc,049,8938,29,24,0,24,0
2020-09-24,Mono,051,14174,169,149,3,152,1
2020-09-24,Monterey,053,433212,9894,9544,25,9569,67
2020-09-24,Napa,055,140530,1735,1661,8,1669,11
2020-09-24,Nevada,057,99092,539,527,16,543,6
2020-09-24,Orange,059,3164182,54905,51749,1447,53196,1164
2020-09-24,Placer,061,380077,3632,3514,13,3527,41
2020-09-24,Plumas,063,18699,49,48,0,48,0
2020-09-24,Riverside,065,2383286,59299,57491,166,57657,1172
2020-09-24,Sacramento,067,1510023,22570,21985,25,22010,417
2020-09-24,San Benito,069,59416,1341,1308,0,1308,11
2020-09-24,San Bernardino,071,2135413,54343,52455,349,52804,988
2020-09-24,San Diego,073,3302833,47607,45598,942,46540,773
2020-09-24,San Francisco,075,870044,11239,10992,27,11019,99
2020-09-24,San Joaquin,077,732212,20218,19851,55,19906,444
2020-09-24,San Luis Obispo,079,281455,3752,3480,17,3497,31
2020-09-24,San Mateo,081,765935,10131,9376,10,9386,127
2020-09-24,Santa Barbara,083,443738,9159,8988,75,9063,114
2020-09-24,Santa Clara,085,1922200,22078,20689,44,20733,262
2020-09-24,Santa Cruz,087,273765,2441,2300,28,2328,9
2020-09-24,Shasta,089,179085,1068,773,5,778,14
2020-09-24,Sierra,091,2930,6,6,0,6,0
2020-09-24,Siskiyou,093,43540,155,149,10,159,0
2020-09-24,Solano,095,438530,6328,6137,39,6176,49
2020-09-24,Sonoma,097,501317,7623,7163,21,7184,122
2020-09-24,Stanislaus,099,539301,16538,16326,513,16839,326
2020-09-24,Sutter,101,95872,1678,1646,1,1647,10
2020-09-24,Tehama,103,63373,580,540,2,542,2
2020-09-24,Trinity,105,12862,54,15,8,23,0
2020-09-24,Tulare,107,460477,16364,15754,124,15878,267
2020-09-24,Tuolumne,109,53932,233,224,6,230,2
2020-09-24,Ventura,111,848112,13318,12617,164,12781,138
2020-09-24,Yolo,113,214977,2832,2776,7,2783,55
2020-09-24,Yuba,115,75493,1084,1042,3,1045,5
2020-09-23,Alameda,001,1643700,21373,20718,170,20888,361
2020-09-23,Alpine,003,1148,3,2,0,2,0
2020-09-23,Amador,005,37829,294,288,0,288,16
2020-09-23,Butte,007,227075,2907,2790,52,2842,43
2020-09-23,Calaveras,009,45235,309,258,0,258,11
2020-09-23,Colusa,011,21464,531,521,0,521,6
2020-09-23,Contra Costa,013,1133247,17034,16167,80,16247,192
2020-09-23,Del Norte,015,27424,136,137,0,137,2
2020-09-23,El Dorado,017,186661,1185,1088,10,1098,4
2020-09-23,Fresno,019,978130,30536,28019,372,28391,371
2020-09-23,Glenn,021,27897,583,561,0,561,3
2020-09-23,Humboldt,023,135768,499,477,1,478,5
2020-09-23,Imperial,025,180216,11805,10587,9,10596,284
2020-09-23,Inyo,027,18085,188,177,4,181,13
2020-09-23,Kern,029,883053,31911,31172,324,31496,387
2020-09-23,Kings,031,150075,7800,7406,36,7442,76
2020-09-23,Lake,033,64148,571,519,0,519,9
2020-09-23,Lassen,035,31185,748,736,2,738,0
2020-09-23,Los Angeles,037,10098052,266716,263318,1801,265119,6421
2020-09-23,Madera,039,155013,4536,4311,30,4341,48
2020-09-23,Marin,041,260295,6701,6567,17,6584,85
2020-09-23,Mariposa,043,17540,76,74,0,74,2
2020-09-23,Mendocino,045,87422,879,801,2,803,17
2020-09-23,Merced,047,269075,8882,8785,17,8802,134
2020-09-23,Modoc,049,8938,29,24,0,24,0
2020-09-23,Mono,051,14174,169,149,3,152,1
2020-09-23,Monterey,053,433212,9825,9452,24,9476,67
2020-09-23,Napa,055,140530,1726,1653,8,1661,11
2020-09-23,Nevada,057,99092,538,523,16,539,6
2020-09-23,Orange,059,3164182,54678,51658,1439,53097,1155
2020-09-23,Placer,061,380077,3620,3506,13,3519,41
2020-09-23,Plumas,063,18699,49,48,0,48,0
2020-09-23,Riverside,065,2383286,58993,57257,163,57420,1165
2020-09-23,Sacramento,067,1510023,22494,21821,25,21846,415
2020-09-23,San Benito,069,59416,1335,1305,0,1305,10
2020-09-23,San Bernardino,071,2135413,54050,52132,347,52479,973
2020-09-23,San Diego,073,3302833,47331,45427,923,46350,767
2020-09-23,San Francisco,075,870044,11190,10926,27,10953,95
2020-09-23,San Joaquin,077,732212,20164,19785,55,19840,439
2020-09-23,San Luis Obispo,079,281455,3734,3447,17,3464,31
2020-09-23,San Mateo,081,765935,10091,9351,10,9361,127
2020-09-23,Santa Barbara,083,443738,9130,8952,75,9027,112
2020-09-23,Santa Clara,085,1922200,21968,20575,41,20616,260
2020-09-23,Santa Cruz,087,273765,2422,2283,28,2311,9
2020-09-23,Shasta,089,179085,1029,756,4,760,14
2020-09-23,Sierra,091,2930,6,6,0,6,0
2020-09-23,Siskiyou,093,43540,155,149,10,159,0
2020-09-23,Solano,095,438530,6302,6123,39,6162,50
2020-09-23,Sonoma,097,501317,7547,7091,21,7112,122
2020-09-23,Stanislaus,099,539301,16508,16271,510,16781,317
2020-09-23,Sutter,101,95872,1674,1646,1,1647,10
2020-09-23,Tehama,103,63373,574,533,2,535,2
2020-09-23,Trinity,105,12862,53,15,8,23,0
2020-09-23,Tulare,107,460477,16299,15664,123,15787,266
2020-09-23,Tuolumne,109,53932,233,223,6,229,2
2020-09-23,Ventura,111,848112,13262,12591,162,12753,137
2020-09-23,Yolo,113,214977,2814,2766,7,2773,55
2020-09-23,Yuba,115,75493,1082,1038,3,1041,5
2020-09-22,Alameda,001,1643700,21294,20607,168,20775,355
2020-09-22,Alpine,003,1148,2,2,0,2,0
2020-09-22,Amador,005,37829,293,287,0,287,16
2020-09-22,Butte,007,227075,2902,2776,52,2828,43
2020-09-22,Calaveras,009,45235,309,258,0,258,11
2020-09-22,Colusa,011,21464,529,518,0,518,6
2020-09-22,Contra Costa,013,1133247,16944,16090,80,16170,190
2020-09-22,Del Norte,015,27424,136,137,0,137,2
2020-09-22,El Dorado,017,186661,1166,1076,10,1086,4
2020-09-22,Fresno,019,978130,30441,27944,369,28313,369
2020-09-22,Glenn,021,27897,580,560,0,560,3
2020-09-22,Humboldt,023,135768,498,476,1,477,5
2020-09-22,Imperial,025,180216,11776,10529,9,10538,284
2020-09-22,Inyo,027,18085,188,177,4,181,13
2020-09-22,Kern,029,883053,31844,31110,317,31427,383
2020-09-22,Kings,031,150075,7743,7395,35,7430,76
2020-09-22,Lake,033,64148,565,516,0,516,9
2020-09-22,Lassen,035,31185,747,736,2,738,0
2020-09-22,Los Angeles,037,10098052,265650,262117,1775,263892,6394
2020-09-22,Madera,039,155013,4520,4303,30,4333,47
2020-09-22,Marin,041,260295,6688,6561,17,6578,84
2020-09-22,Mariposa,043,17540,76,74,0,74,2
2020-09-22,Mendocino,045,87422,859,794,1,795,18
2020-09-22,Merced,047,269075,8852,8769,17,8786,132
2020-09-22,Modoc,049,8938,29,24,0,24,0
2020-09-22,Mono,051,14174,168,149,3,152,1
2020-09-22,Monterey,053,433212,9767,9393,23,9416,67
2020-09-22,Napa,055,140530,1709,1652,8,1660,11
2020-09-22,Nevada,057,99092,538,523,16,539,6
2020-09-22,Orange,059,3164182,54428,51528,1430,52958,1132
2020-09-22,Placer,061,380077,3608,3492,13,3505,40
2020-09-22,Plumas,063,18699,49,48,0,48,0
2020-09-22,Riverside,065,2383286,58509,57066,159,57225,1162
2020-09-22,Sacramento,067,1510023,22375,21745,25,21770,410
2020-09-22,San Benito,069,59416,1330,1305,0,1305,10
2020-09-22,San Bernardino,071,2135413,53776,51899,347,52246,971
2020-09-22,San Diego,073,3302833,47024,45149,904,46053,765
2020-09-22,San Francisco,075,870044,11146,10893,26,10919,95
2020-09-22,San Joaquin,077,732212,20117,19755,54,19809,426
2020-09-22,San Luis Obispo,079,281455,3712,3420,17,3437,31
2020-09-22,San Mateo,081,765935,10053,9291,10,9301,127
2020-09-22,Santa Barbara,083,443738,9100,8927,74,9001,111
2020-09-22,Santa Clara,085,1922200,21849,20514,41,20555,253
2020-09-22,Santa Cruz,087,273765,2398,2264,28,2292,8
2020-09-22,Shasta,089,179085,994,723,4,727,14
2020-09-22,Sierra,091,2930,6,6,0,6,0
2020-09-22,Siskiyou,093,43540,155,149,10,159,0
2020-09-22,Solano,095,438530,6271,6107,39,6146,48
2020-09-22,Sonoma,097,501317,7468,7068,20,7088,117
2020-09-22,Stanislaus,099,539301,16485,16231,503,16734,316
2020-09-22,Sutter,101,95872,1668,1638,1,1639,10
2020-09-22,Tehama,103,63373,566,529,2,531,2
2020-09-22,Trinity,105,12862,53,15,8,23,0
2020-09-22,Tulare,107,460477,16232,15616,120,15736,263
2020-09-22,Tuolumne,109,53932,232,224,6,230,1
2020-09-22,Ventura,111,848112,13210,12507,158,12665,136
2020-09-22,Yolo,113,214977,2807,2763,7,2770,54
2020-09-22,Yuba,115,75493,1073,1035,3,1038,5
2020-09-21,Alameda,001,1643700,21215,20501,167,20668,343
2020-09-21,Alpine,003,1148,2,2,0,2,0
2020-09-21,Amador,005,37829,291,286,0,286,16
2020-09-21,Butte,007,227075,2888,2769,52,2821,41
2020-09-21,Calaveras,009,45235,307,256,0,256,10
2020-09-21,Colusa,011,21464,528,517,0,517,6
2020-09-21,Contra Costa,013,1133247,16863,16008,80,16088,189
2020-09-21,Del Norte,015,27424,136,132,0,132,2
2020-09-21,El Dorado,017,186661,1157,1074,10,1084,4
2020-09-21,Fresno,019,978130,30340,27843,362,28205,362
2020-09-21,Glenn,021,27897,576,556,0,556,3
2020-09-21,Humboldt,023,135768,494,473,1,474,5
2020-09-21,Imperial,025,180216,11745,10521,9,10530,284
2020-09-21,Inyo,027,18085,187,177,4,181,12
2020-09-21,Kern,029,883053,31773,31031,315,31346,379
2020-09-21,Kings,031,150075,7630,7297,34,7331,76
2020-09-21,Lake,033,64148,560,508,0,508,8
2020-09-21,Lassen,035,31185,745,735,2,737,0
2020-09-21,Los Angeles,037,10098052,264564,261418,1730,263148,6360
2020-09-21,Madera,039,155013,4509,4275,29,4304,47
2020-09-21,Marin,041,260295,6677,6538,16,6554,84
2020-09-21,Mariposa,043,17540,75,74,0,74,2
2020-09-21,Mendocino,045,87422,844,778,0,778,18
2020-09-21,Merced,047,269075,8833,8749,15,8764,128
2020-09-21,Modoc,049,8938,29,22,0,22,0
2020-09-21,Mono,051,14174,168,147,3,150,1
2020-09-21,Monterey,053,433212,9703,9331,20,9351,66
2020-09-21,Napa,055,140530,1698,1641,8,1649,11
2020-09-21,Nevada,057,99092,536,515,16,531,6
2020-09-21,Orange,059,3164182,54206,51363,1423,52786,1110
2020-09-21,Placer,061,380077,3598,3473,13,3486,40
2020-09-21,Plumas,063,18699,49,47,0,47,0
2020-09-21,Riverside,065,2383286,58237,57001,152,57153,1153
2020-09-21,Sacramento,067,1510023,22193,21568,25,21593,404
2020-09-21,San Benito,069,59416,1328,1298,0,1298,10
2020-09-21,San Bernardino,071,2135413,53489,51654,347,52001,970
2020-09-21,San Diego,073,3302833,46740,44927,883,45810,760
2020-09-21,San Francisco,075,870044,11098,10743,26,10769,95
2020-09-21,San Joaquin,077,732212,20060,19579,54,19633,423
2020-09-21,San Luis Obispo,079,281455,3686,3406,17,3423,27
2020-09-21,San Mateo,081,765935,10001,9239,10,9249,127
2020-09-21,Santa Barbara,083,443738,9072,8911,74,8985,110
2020-09-21,Santa Clara,085,1922200,21749,20432,41,20473,252
2020-09-21,Santa Cruz,087,273765,2382,2257,26,2283,8
2020-09-21,Shasta,089,179085,944,696,4,700,14
2020-09-21,Sierra,091,2930,6,6,0,6,0
2020-09-21,Siskiyou,093,43540,155,146,10,156,0
2020-09-21,Solano,095,438530,6247,6019,39,6058,46
2020-09-21,Sonoma,097,501317,7392,7017,20,7037,117
2020-09-21,Stanislaus,099,539301,16455,16186,503,16689,310
2020-09-21,Sutter,101,95872,1661,1634,1,1635,10
2020-09-21,Tehama,103,63373,547,513,2,515,2
2020-09-21,Trinity,105,12862,53,15,8,23,0
2020-09-21,Tulare,107,460477,16158,15528,111,15639,260
2020-09-21,Tuolumne,109,53932,232,221,6,227,1
2020-09-21,Ventura,111,848112,13126,12477,152,12629,133
2020-09-21,Yolo,113,214977,2801,2752,7,2759,54
2020-09-21,Yuba,115,75493,1069,1033,3,1036,1
2020-09-20,Alameda,001,1643700,21114,20425,164,20589,343
2020-09-20,Alpine,003,1148,2,2,0,2,0
2020-09-20,Amador,005,37829,290,286,0,286,16
2020-09-20,Butte,007,227075,2876,2764,52,2816,39
2020-09-20,Calaveras,009,45235,303,256,0,256,10
2020-09-20,Colusa,011,21464,526,510,0,510,6
2020-09-20,Contra Costa,013,1133247,16746,15917,79,15996,189
2020-09-20,Del Norte,015,27424,134,132,0,132,2
2020-09-20,El Dorado,017,186661,1142,1073,10,1083,4
2020-09-20,Fresno,019,978130,30226,27769,357,28126,362
2020-09-20,Glenn,021,27897,572,550,0,550,3
2020-09-20,Humboldt,023,135768,494,472,1,473,5
2020-09-20,Imperial,025,180216,11718,10496,8,10504,284
2020-09-20,Inyo,027,18085,187,177,4,181,12
2020-09-20,Kern,029,883053,31689,30992,311,31303,379
2020-09-20,Kings,031,150075,7583,7159,33,7192,76
2020-09-20,Lake,033,64148,548,492,0,492,8
2020-09-20,Lassen,035,31185,745,735,2,737,0
2020-09-20,Los Angeles,037,10098052,263337,260770,1705,262475,6347
2020-09-20,Madera,039,155013,4489,4257,29,4286,47
2020-09-20,Marin,041,260295,6652,6533,16,6549,83
2020-09-20,Mariposa,043,17540,75,74,0,74,2
2020-09-20,Mendocino,045,87422,832,765,0,765,18
2020-09-20,Merced,047,269075,8806,8745,15,8760,128
2020-09-20,Modoc,049,8938,27,22,0,22,0
2020-09-20,Mono,051,14174,167,147,3,150,1
2020-09-20,Monterey,053,433212,9624,9312,20,9332,65
2020-09-20,Napa,055,140530,1689,1626,8,1634,11
2020-09-20,Nevada,057,99092,533,511,16,527,6
2020-09-20,Orange,059,3164182,53965,51233,1413,52646,1110
2020-09-20,Placer,061,380077,3584,3452,13,3465,40
2020-09-20,Plumas,063,18699,49,47,0,47,0
2020-09-20,Riverside,065,2383286,58036,56783,146,56929,1147
2020-09-20,Sacramento,067,1510023,22006,21394,24,21418,401
2020-09-20,San Benito,069,59416,1317,1291,0,1291,9
2020-09-20,San Bernardino,071,2135413,53172,51559,345,51904,970
2020-09-20,San Diego,073,3302833,46367,44579,854,45433,760
2020-09-20,San Francisco,075,870044,11044,10743,26,10769,95
2020-09-20,San Joaquin,077,732212,19996,19578,47,19625,423
2020-09-20,San Luis Obispo,079,281455,3659,3393,17,3410,27
2020-09-20,San Mateo,081,765935,9935,9198,10,9208,127
2020-09-20,Santa Barbara,083,443738,9036,8880,73,8953,110
2020-09-20,Santa Clara,085,1922200,21630,20330,40,20370,252
2020-09-20,Santa Cruz,087,273765,2362,2199,26,2225,8
2020-09-20,Shasta,089,179085,903,696,3,699,14
2020-09-20,Sierra,091,2930,6,6,0,6,0
2020-09-20,Siskiyou,093,43540,155,146,10,156,0
2020-09-20,Solano,095,438530,6203,6020,39,6059,46
2020-09-20,Sonoma,097,501317,7288,6954,20,6974,117
2020-09-20,Stanislaus,099,539301,16423,16159,496,16655,310
2020-09-20,Sutter,101,95872,1655,1624,1,1625,10
2020-09-20,Tehama,103,63373,534,509,2,511,2
2020-09-20,Trinity,105,12862,53,15,8,23,0
2020-09-20,Tulare,107,460477,16072,15528,104,15632,260
2020-09-20,Tuolumne,109,53932,232,221,6,227,1
2020-09-20,Ventura,111,848112,13060,12406,148,12554,133
2020-09-20,Yolo,113,214977,2793,2745,7,2752,54
2020-09-20,Yuba,115,75493,1062,1029,3,1032,1
2020-09-19,Alameda,001,1643700,21064,20349,161,20510,343
2020-09-19,Alpine,003,1148,2,2,0,2,0
2020-09-19,Amador,005,37829,290,285,0,285,16
2020-09-19,Butte,007,227075,2870,2748,52,2800,38
2020-09-19,Calaveras,009,45235,303,256,0,256,10
2020-09-19,Colusa,011,21464,526,507,0,507,6
2020-09-19,Contra Costa,013,1133247,16684,15783,79,15862,186
2020-09-19,Del Norte,015,27424,133,132,0,132,2
2020-09-19,El Dorado,017,186661,1136,1068,9,1077,4
2020-09-19,Fresno,019,978130,30153,27668,357,28025,362
2020-09-19,Glenn,021,27897,569,547,0,547,3
2020-09-19,Humboldt,023,135768,493,471,1,472,5
2020-09-19,Imperial,025,180216,11703,10496,8,10504,284
2020-09-19,Inyo,027,18085,187,177,4,181,12
2020-09-19,Kern,029,883053,31637,30886,308,31194,379
2020-09-19,Kings,031,150075,7577,7130,33,7163,76
2020-09-19,Lake,033,64148,548,465,0,465,8
2020-09-19,Lassen,035,31185,745,731,2,733,0
2020-09-19,Los Angeles,037,10098052,262713,259801,1691,261492,6325
2020-09-19,Madera,039,155013,4466,4237,29,4266,47
2020-09-19,Marin,041,260295,6645,6513,15,6528,81
2020-09-19,Mariposa,043,17540,75,74,0,74,2
2020-09-19,Mendocino,045,87422,829,750,0,750,18
2020-09-19,Merced,047,269075,8795,8717,14,8731,128
2020-09-19,Modoc,049,8938,27,22,0,22,0
2020-09-19,Mono,051,14174,167,147,3,150,1
2020-09-19,Monterey,053,433212,9582,9237,20,9257,65
2020-09-19,Napa,055,140530,1681,1614,8,1622,11
2020-09-19,Nevada,057,99092,531,505,16,521,6
2020-09-19,Orange,059,3164182,53837,50999,1406,52405,1105
2020-09-19,Placer,061,380077,3575,3412,13,3425,40
2020-09-19,Plumas,063,18699,49,47,0,47,0
2020-09-19,Riverside,065,2383286,57909,56562,145,56707,1147
2020-09-19,Sacramento,067,1510023,21952,21297,24,21321,396
2020-09-19,San Benito,069,59416,1313,1276,0,1276,9
2020-09-19,San Bernardino,071,2135413,53014,51353,342,51695,971
2020-09-19,San Diego,073,3302833,46139,44295,831,45126,773
2020-09-19,San Francisco,075,870044,11011,10741,26,10767,95
2020-09-19,San Joaquin,077,732212,19960,19580,47,19627,424
2020-09-19,San Luis Obispo,079,281455,3638,3369,17,3386,27
2020-09-19,San Mateo,081,765935,9904,9158,10,9168,127
2020-09-19,Santa Barbara,083,443738,9016,8862,73,8935,106
2020-09-19,Santa Clara,085,1922200,21541,20170,40,20210,251
2020-09-19,Santa Cruz,087,273765,2348,2198,25,2223,8
2020-09-19,Shasta,089,179085,876,687,3,690,14
2020-09-19,Sierra,091,2930,6,6,0,6,0
2020-09-19,Siskiyou,093,43540,155,146,10,156,0
2020-09-19,Solano,095,438530,6187,5998,39,6037,46
2020-09-19,Sonoma,097,501317,7255,6905,20,6925,117
2020-09-19,Stanislaus,099,539301,16382,16109,489,16598,313
2020-09-19,Sutter,101,95872,1654,1602,1,1603,10
2020-09-19,Tehama,103,63373,529,498,2,500,2
2020-09-19,Trinity,105,12862,53,15,8,23,0
2020-09-19,Tulare,107,460477,16024,15485,101,15586,260
2020-09-19,Tuolumne,109,53932,232,217,6,223,1
2020-09-19,Ventura,111,848112,13028,12328,148,12476,133
2020-09-19,Yolo,113,214977,2785,2739,7,2746,54
2020-09-19,Yuba,115,75493,1055,1023,3,1026,1
2020-09-18,Alameda,001,1643700,20998,20222,155,20377,341
2020-09-18,Alpine,003,1148,2,2,0,2,0
2020-09-18,Amador,005,37829,290,285,0,285,16
2020-09-18,Butte,007,227075,2868,2738,52,2790,37
2020-09-18,Calaveras,009,45235,303,255,0,255,9
2020-09-18,Colusa,011,21464,526,504,0,504,6
2020-09-18,Contra Costa,013,1133247,16595,15667,79,15746,185
2020-09-18,Del Norte,015,27424,133,131,0,131,2
2020-09-18,El Dorado,017,186661,1123,1063,9,1072,4
2020-09-18,Fresno,019,978130,30088,27560,357,27917,359
2020-09-18,Glenn,021,27897,566,541,0,541,3
2020-09-18,Humboldt,023,135768,490,470,1,471,5
2020-09-18,Imperial,025,180216,11688,10460,8,10468,283
2020-09-18,Inyo,027,18085,187,177,4,181,12
2020-09-18,Kern,029,883053,31577,30742,305,31047,373
2020-09-18,Kings,031,150075,7567,7062,33,7095,74
2020-09-18,Lake,033,64148,542,458,0,458,8
2020-09-18,Lassen,035,31185,744,731,2,733,0
2020-09-18,Los Angeles,037,10098052,261951,258488,1673,260161,6324
2020-09-18,Madera,039,155013,4455,4211,29,4240,45
2020-09-18,Marin,041,260295,6629,6475,15,6490,81
2020-09-18,Mariposa,043,17540,75,74,0,74,2
2020-09-18,Mendocino,045,87422,821,739,0,739,18
2020-09-18,Merced,047,269075,8783,8691,13,8704,127
2020-09-18,Modoc,049,8938,27,22,0,22,0
2020-09-18,Mono,051,14174,165,147,3,150,1
2020-09-18,Monterey,053,433212,9541,9183,20,9203,64
2020-09-18,Napa,055,140530,1675,1604,8,1612,11
2020-09-18,Nevada,057,99092,528,504,16,520,6
2020-09-18,Orange,059,3164182,53691,50733,1394,52127,1107
2020-09-18,Placer,061,380077,3564,3389,13,3402,40
2020-09-18,Plumas,063,18699,49,45,0,45,0
2020-09-18,Riverside,065,2383286,57786,56248,140,56388,1143
2020-09-18,Sacramento,067,1510023,21868,21105,24,21129,391
2020-09-18,San Benito,069,59416,1305,1257,0,1257,8
2020-09-18,San Bernardino,071,2135413,52869,51106,339,51445,970
2020-09-18,San Diego,073,3302833,45889,44009,826,44835,757
2020-09-18,San Francisco,075,870044,10973,10644,25,10669,95
2020-09-18,San Joaquin,077,732212,19917,19531,46,19577,423
2020-09-18,San Luis Obispo,079,281455,3614,3328,17,3345,27
2020-09-18,San Mateo,081,765935,9864,9062,10,9072,127
2020-09-18,Santa Barbara,083,443738,8995,8824,73,8897,107
2020-09-18,Santa Clara,085,1922200,21444,20058,40,20098,252
2020-09-18,Santa Cruz,087,273765,2328,2180,24,2204,8
2020-09-18,Shasta,089,179085,841,668,3,671,14
2020-09-18,Sierra,091,2930,6,6,0,6,0
2020-09-18,Siskiyou,093,43540,154,146,10,156,0
2020-09-18,Solano,095,438530,6171,5961,39,6000,46
2020-09-18,Sonoma,097,501317,7207,6856,20,6876,114
2020-09-18,Stanislaus,099,539301,16352,16042,483,16525,277
2020-09-18,Sutter,101,95872,1647,1586,1,1587,10
2020-09-18,Tehama,103,63373,529,490,2,492,2
2020-09-18,Trinity,105,12862,53,15,7,22,0
2020-09-18,Tulare,107,460477,15991,15435,97,15532,259
2020-09-18,Tuolumne,109,53932,231,216,6,222,1
2020-09-18,Ventura,111,848112,12967,12236,144,12380,133
2020-09-18,Yolo,113,214977,2779,2732,7,2739,54
2020-09-18,Yuba,115,75493,1051,1020,3,1023,1
2020-09-17,Alameda,001,1643700,20899,20146,155,20301,339
2020-09-17,Alpine,003,1148,2,2,0,2,0
2020-09-17,Amador,005,37829,288,284,0,284,16
2020-09-17,Butte,007,227075,2851,2720,52,2772,38
2020-09-17,Calaveras,009,45235,303,254,0,254,9
2020-09-17,Colusa,011,21464,524,499,0,499,6
2020-09-17,Contra Costa,013,1133247,16509,15576,79,15655,184
2020-09-17,Del Norte,015,27424,133,131,0,131,2
2020-09-17,El Dorado,017,186661,1114,1057,9,1066,4
2020-09-17,Fresno,019,978130,29978,27487,352,27839,355
2020-09-17,Glenn,021,27897,565,541,0,541,3
2020-09-17,Humboldt,023,135768,484,466,1,467,5
2020-09-17,Imperial,025,180216,11671,10436,8,10444,281
2020-09-17,Inyo,027,18085,187,176,4,180,12
2020-09-17,Kern,029,883053,31517,30627,298,30925,372
2020-09-17,Kings,031,150075,7496,7015,33,7048,72
2020-09-17,Lake,033,64148,532,433,0,433,8
2020-09-17,Lassen,035,31185,742,731,2,733,0
2020-09-17,Los Angeles,037,10098052,261008,257246,1659,258905,6318
2020-09-17,Madera,039,155013,4421,4152,29,4181,45
2020-09-17,Marin,041,260295,6608,6457,15,6472,81
2020-09-17,Mariposa,043,17540,75,74,0,74,2
2020-09-17,Mendocino,045,87422,810,737,0,737,18
2020-09-17,Merced,047,269075,8764,8671,13,8684,119
2020-09-17,Modoc,049,8938,27,22,0,22,0
2020-09-17,Mono,051,14174,165,147,3,150,1
2020-09-17,Monterey,053,433212,9479,9113,20,9133,62
2020-09-17,Napa,055,140530,1664,1592,8,1600,11
2020-09-17,Nevada,057,99092,526,494,16,510,6
2020-09-17,Orange,059,3164182,53511,50537,1382,51919,1098
2020-09-17,Placer,061,380077,3544,3368,13,3381,40
2020-09-17,Plumas,063,18699,49,45,0,45,0
2020-09-17,Riverside,065,2383286,57561,56007,139,56146,1134
2020-09-17,Sacramento,067,1510023,21633,20895,24,20919,385
2020-09-17,San Benito,069,59416,1303,1252,0,1252,8
2020-09-17,San Bernardino,071,2135413,52665,50770,339,51109,904
2020-09-17,San Diego,073,3302833,45609,43621,814,44435,754
2020-09-17,San Francisco,075,870044,10879,10564,25,10589,95
2020-09-17,San Joaquin,077,732212,19858,19439,46,19485,416
2020-09-17,San Luis Obispo,079,281455,3584,3299,17,3316,27
2020-09-17,San Mateo,081,765935,9822,8984,10,8994,127
2020-09-17,Santa Barbara,083,443738,8971,8779,73,8852,107
2020-09-17,Santa Clara,085,1922200,21327,19825,40,19865,254
2020-09-17,Santa Cruz,087,273765,2312,2155,24,2179,7
2020-09-17,Shasta,089,179085,802,660,3,663,12
2020-09-17,Sierra,091,2930,6,6,0,6,0
2020-09-17,Siskiyou,093,43540,154,146,10,156,0
2020-09-17,Solano,095,438530,6148,5915,39,5954,44
2020-09-17,Sonoma,097,501317,7143,6754,20,6774,114
2020-09-17,Stanislaus,099,539301,16319,15984,479,16463,277
2020-09-17,Sutter,101,95872,1642,1572,1,1573,10
2020-09-17,Tehama,103,63373,516,487,2,489,2
2020-09-17,Trinity,105,12862,53,15,7,22,0
2020-09-17,Tulare,107,460477,15939,15344,95,15439,258
2020-09-17,Tuolumne,109,53932,230,214,6,220,1
2020-09-17,Ventura,111,848112,12880,12167,141,12308,130
2020-09-17,Yolo,113,214977,2770,2724,7,2731,53
2020-09-17,Yuba,115,75493,1047,1015,3,1018,1
2020-09-16,Alameda,001,1643700,20801,20009,153,20162,333
2020-09-16,Alpine,003,1148,2,2,0,2,0
2020-09-16,Amador,005,37829,288,284,0,284,16
2020-09-16,Butte,007,227075,2841,2704,51,2755,38
2020-09-16,Calaveras,009,45235,303,254,0,254,9
2020-09-16,Colusa,011,21464,522,497,0,497,6
2020-09-16,Contra Costa,013,1133247,16422,15473,79,15552,183
2020-09-16,Del Norte,015,27424,133,131,0,131,2
2020-09-16,El Dorado,017,186661,1106,1049,8,1057,4
2020-09-16,Fresno,019,978130,29871,27381,350,27731,343
2020-09-16,Glenn,021,27897,563,539,0,539,3
2020-09-16,Humboldt,023,135768,483,455,1,456,4
2020-09-16,Imperial,025,180216,11648,10401,8,10409,277
2020-09-16,Inyo,027,18085,186,176,4,180,12
2020-09-16,Kern,029,883053,31458,30570,297,30867,371
2020-09-16,Kings,031,150075,7471,7002,31,7033,71
2020-09-16,Lake,033,64148,521,417,0,417,6
2020-09-16,Lassen,035,31185,741,730,2,732,0
2020-09-16,Los Angeles,037,10098052,260027,256101,1642,257743,6299
2020-09-16,Madera,039,155013,4398,4138,29,4167,45
2020-09-16,Marin,041,260295,6580,6430,15,6445,77
2020-09-16,Mariposa,043,17540,75,74,0,74,2
2020-09-16,Mendocino,045,87422,801,727,0,727,18
2020-09-16,Merced,047,269075,8743,8646,13,8659,118
2020-09-16,Modoc,049,8938,27,22,0,22,0
2020-09-16,Mono,051,14174,165,147,3,150,1
2020-09-16,Monterey,053,433212,9425,8997,20,9017,62
2020-09-16,Napa,055,140530,1650,1587,8,1595,11
2020-09-16,Nevada,057,99092,521,495,15,510,6
2020-09-16,Orange,059,3164182,53310,50414,1373,51787,1096
2020-09-16,Placer,061,380077,3526,3351,13,3364,39
2020-09-16,Plumas,063,18699,49,45,0,45,0
2020-09-16,Riverside,065,2383286,57367,55811,131,55942,1127
2020-09-16,Sacramento,067,1510023,21540,20610,24,20634,377
2020-09-16,San Benito,069,59416,1295,1244,0,1244,8
2020-09-16,San Bernardino,071,2135413,52440,50509,338,50847,907
2020-09-16,San Diego,073,3302833,45317,43447,793,44240,748
2020-09-16,San Francisco,075,870044,10832,10502,25,10527,90
2020-09-16,San Joaquin,077,732212,19803,19377,45,19422,409
2020-09-16,San Luis Obispo,079,281455,3553,3285,17,3302,28
2020-09-16,San Mateo,081,765935,9757,8944,10,8954,127
2020-09-16,Santa Barbara,083,443738,8938,8764,73,8837,107
2020-09-16,Santa Clara,085,1922200,21208,19684,40,19724,253
2020-09-16,Santa Cruz,087,273765,2271,2089,23,2112,7
2020-09-16,Shasta,089,179085,776,635,3,638,11
2020-09-16,Sierra,091,2930,6,6,0,6,0
2020-09-16,Siskiyou,093,43540,153,145,10,155,0
2020-09-16,Solano,095,438530,6119,5899,39,5938,44
2020-09-16,Sonoma,097,501317,7081,6731,20,6751,104
2020-09-16,Stanislaus,099,539301,16271,15897,471,16368,263
2020-09-16,Sutter,101,95872,1629,1567,1,1568,10
2020-09-16,Tehama,103,63373,508,485,2,487,2
2020-09-16,Trinity,105,12862,53,15,7,22,0
2020-09-16,Tulare,107,460477,15895,15314,88,15402,258
2020-09-16,Tuolumne,109,53932,229,210,6,216,1
2020-09-16,Ventura,111,848112,12809,12073,139,12212,130
2020-09-16,Yolo,113,214977,2763,2709,7,2716,53
2020-09-16,Yuba,115,75493,1045,1000,3,1003,1
2020-09-15,Alameda,001,1643700,20695,19931,150,20081,327
2020-09-15,Alpine,003,1148,2,2,0,2,0
2020-09-15,Amador,005,37829,287,282,0,282,16
2020-09-15,Butte,007,227075,2828,2695,49,2744,38
2020-09-15,Calaveras,009,45235,303,248,0,248,5
2020-09-15,Colusa,011,21464,516,497,0,497,6
2020-09-15,Contra Costa,013,1133247,16316,15423,77,15500,180
2020-09-15,Del Norte,015,27424,133,129,0,129,2
2020-09-15,El Dorado,017,186661,1101,1046,8,1054,4
2020-09-15,Fresno,019,978130,29763,27312,345,27657,343
2020-09-15,Glenn,021,27897,562,531,0,531,3
2020-09-15,Humboldt,023,135768,481,456,1,457,4
2020-09-15,Imperial,025,180216,11623,10376,8,10384,277
2020-09-15,Inyo,027,18085,186,176,4,180,12
2020-09-15,Kern,029,883053,31345,30429,294,30723,368
2020-09-15,Kings,031,150075,7313,6977,31,7008,70
2020-09-15,Lake,033,64148,508,416,0,416,4
2020-09-15,Lassen,035,31185,737,719,2,721,0
2020-09-15,Los Angeles,037,10098052,258917,255048,1620,256668,6269
2020-09-15,Madera,039,155013,4379,4122,29,4151,45
2020-09-15,Marin,041,260295,6549,6423,15,6438,77
2020-09-15,Mariposa,043,17540,75,74,0,74,2
2020-09-15,Mendocino,045,87422,783,724,0,724,18
2020-09-15,Merced,047,269075,8713,8633,13,8646,114
2020-09-15,Modoc,049,8938,26,21,0,21,0
2020-09-15,Mono,051,14174,165,147,3,150,1
2020-09-15,Monterey,053,433212,9376,8943,20,8963,62
2020-09-15,Napa,055,140530,1636,1580,8,1588,11
2020-09-15,Nevada,057,99092,516,494,15,509,6
2020-09-15,Orange,059,3164182,53128,50294,1359,51653,1088
2020-09-15,Placer,061,380077,3502,3331,13,3344,38
2020-09-15,Plumas,063,18699,49,44,0,44,0
2020-09-15,Riverside,065,2383286,57073,55569,121,55690,1118
2020-09-15,Sacramento,067,1510023,21396,20487,24,20511,372
2020-09-15,San Benito,069,59416,1288,1237,0,1237,7
2020-09-15,San Bernardino,071,2135413,52225,50333,337,50670,904
2020-09-15,San Diego,073,3302833,44998,43183,773,43956,742
2020-09-15,San Francisco,075,870044,10774,10414,25,10439,90
2020-09-15,San Joaquin,077,732212,19751,19313,45,19358,401
2020-09-15,San Luis Obispo,079,281455,3533,3262,17,3279,28
2020-09-15,San Mateo,081,765935,9688,8895,10,8905,127
2020-09-15,Santa Barbara,083,443738,8913,8724,72,8796,104
2020-09-15,Santa Clara,085,1922200,21075,19610,40,19650,252
2020-09-15,Santa Cruz,087,273765,2245,2079,22,2101,7
2020-09-15,Shasta,089,179085,764,627,3,630,11
2020-09-15,Sierra,091,2930,6,6,0,6,0
2020-09-15,Siskiyou,093,43540,153,143,10,153,0
2020-09-15,Solano,095,438530,6085,5878,39,5917,45
2020-09-15,Sonoma,097,501317,7042,6701,20,6721,104
2020-09-15,Stanislaus,099,539301,16223,15880,469,16349,260
2020-09-15,Sutter,101,95872,1618,1556,1,1557,10
2020-09-15,Tehama,103,63373,496,484,2,486,2
2020-09-15,Trinity,105,12862,53,15,7,22,0
2020-09-15,Tulare,107,460477,15818,15203,86,15289,254
2020-09-15,Tuolumne,109,53932,229,209,6,215,1
2020-09-15,Ventura,111,848112,12756,11932,138,12070,128
2020-09-15,Yolo,113,214977,2759,2708,7,2715,53
2020-09-15,Yuba,115,75493,1039,991,3,994,1
2020-09-14,Alameda,001,1643700,20568,19851,149,20000,306
2020-09-14,Alpine,003,1148,2,2,0,2,0
2020-09-14,Amador,005,37829,285,281,0,281,16
2020-09-14,Butte,007,227075,2810,2642,49,2691,37
2020-09-14,Calaveras,009,45235,303,244,0,244,3
2020-09-14,Colusa,011,21464,515,486,0,486,6
2020-09-14,Contra Costa,013,1133247,16192,15354,76,15430,174
2020-09-14,Del Norte,015,27424,130,116,0,116,2
2020-09-14,El Dorado,017,186661,1097,1039,8,1047,3
2020-09-14,Fresno,019,978130,29679,27232,342,27574,344
2020-09-14,Glenn,021,27897,554,521,0,521,3
2020-09-14,Humboldt,023,135768,478,437,1,438,4
2020-09-14,Imperial,025,180216,11603,10340,8,10348,273
2020-09-14,Inyo,027,18085,186,176,4,180,12
2020-09-14,Kern,029,883053,31257,30344,293,30637,368
2020-09-14,Kings,031,150075,7232,6950,31,6981,70
2020-09-14,Lake,033,64148,487,407,0,407,4
2020-09-14,Lassen,035,31185,737,719,2,721,0
2020-09-14,Los Angeles,037,10098052,257888,254622,1595,256217,6226
2020-09-14,Madera,039,155013,4364,4104,29,4133,45
2020-09-14,Marin,041,260295,6529,6409,15,6424,70
2020-09-14,Mariposa,043,17540,75,74,0,74,2
2020-09-14,Mendocino,045,87422,766,710,0,710,17
2020-09-14,Merced,047,269075,8694,8593,13,8606,112
2020-09-14,Modoc,049,8938,26,21,0,21,0
2020-09-14,Mono,051,14174,165,147,3,150,1
2020-09-14,Monterey,053,433212,9305,8845,19,8864,61
2020-09-14,Napa,055,140530,1619,1576,8,1584,11
2020-09-14,Nevada,057,99092,511,489,15,504,6
2020-09-14,Orange,059,3164182,52967,50149,1343,51492,1079
2020-09-14,Placer,061,380077,3480,3302,13,3315,38
2020-09-14,Plumas,063,18699,48,42,0,42,0
2020-09-14,Riverside,065,2383286,56854,55488,117,55605,1113
2020-09-14,Sacramento,067,1510023,21201,20377,23,20400,367
2020-09-14,San Benito,069,59416,1273,1233,0,1233,7
2020-09-14,San Bernardino,071,2135413,52001,50163,336,50499,895
2020-09-14,San Diego,073,3302833,44687,42889,753,43642,734
2020-09-14,San Francisco,075,870044,10707,10255,23,10278,90
2020-09-14,San Joaquin,077,732212,19677,19111,44,19155,397
2020-09-14,San Luis Obispo,079,281455,3508,3248,17,3265,25
2020-09-14,San Mateo,081,765935,9627,8847,10,8857,127
2020-09-14,Santa Barbara,083,443738,8887,8692,72,8764,104
2020-09-14,Santa Clara,085,1922200,20887,19545,40,19585,247
2020-09-14,Santa Cruz,087,273765,2223,2016,21,2037,7
2020-09-14,Shasta,089,179085,741,584,3,587,10
2020-09-14,Sierra,091,2930,6,6,0,6,0
2020-09-14,Siskiyou,093,43540,152,143,10,153,0
2020-09-14,Solano,095,438530,6050,5834,39,5873,44
2020-09-14,Sonoma,097,501317,6980,6630,20,6650,102
2020-09-14,Stanislaus,099,539301,16178,15812,466,16278,253
2020-09-14,Sutter,101,95872,1607,1549,1,1550,10
2020-09-14,Tehama,103,63373,494,475,2,477,1
2020-09-14,Trinity,105,12862,52,14,7,21,0
2020-09-14,Tulare,107,460477,15749,15096,81,15177,254
2020-09-14,Tuolumne,109,53932,228,208,6,214,1
2020-09-14,Ventura,111,848112,12654,11903,135,12038,125
2020-09-14,Yolo,113,214977,2748,2687,7,2694,53
2020-09-14,Yuba,115,75493,1031,977,3,980,1
2020-09-13,Alameda,001,1643700,20462,19815,146,19961,306
2020-09-13,Alpine,003,1148,2,2,0,2,0
2020-09-13,Amador,005,37829,282,279,0,279,16
2020-09-13,Butte,007,227075,2788,2640,49,2689,37
2020-09-13,Calaveras,009,45235,302,246,0,246,3
2020-09-13,Colusa,011,21464,511,486,0,486,6
2020-09-13,Contra Costa,013,1133247,16085,15284,76,15360,172
2020-09-13,Del Norte,015,27424,127,116,0,116,1
2020-09-13,El Dorado,017,186661,1092,1035,8,1043,2
2020-09-13,Fresno,019,978130,29570,27196,333,27529,345
2020-09-13,Glenn,021,27897,550,517,0,517,3
2020-09-13,Humboldt,023,135768,478,434,1,435,4
2020-09-13,Imperial,025,180216,11566,10304,7,10311,273
2020-09-13,Inyo,027,18085,186,176,4,180,12
2020-09-13,Kern,029,883053,31161,30277,287,30564,368
2020-09-13,Kings,031,150075,7213,6937,31,6968,70
2020-09-13,Lake,033,64148,469,397,0,397,4
2020-09-13,Lassen,035,31185,734,719,2,721,0
2020-09-13,Los Angeles,037,10098052,256735,253950,1580,255530,6203
2020-09-13,Madera,039,155013,4307,4090,29,4119,45
2020-09-13,Marin,041,260295,6510,6395,15,6410,70
2020-09-13,Mariposa,043,17540,75,74,0,74,2
2020-09-13,Mendocino,045,87422,759,707,0,707,17
2020-09-13,Merced,047,269075,8660,8575,13,8588,112
2020-09-13,Modoc,049,8938,26,21,0,21,0
2020-09-13,Mono,051,14174,165,147,3,150,1
2020-09-13,Monterey,053,433212,9223,8826,18,8844,61
2020-09-13,Napa,055,140530,1612,1563,8,1571,11
2020-09-13,Nevada,057,99092,503,486,15,501,6
2020-09-13,Orange,059,3164182,52751,50061,1336,51397,1075
2020-09-13,Placer,061,380077,3451,3291,13,3304,38
2020-09-13,Plumas,063,18699,48,42,0,42,0
2020-09-13,Riverside,065,2383286,56647,55235,106,55341,1108
2020-09-13,Sacramento,067,1510023,20856,20279,23,20302,367
2020-09-13,San Benito,069,59416,1265,1217,0,1217,7
2020-09-13,San Bernardino,071,2135413,51714,49968,334,50302,895
2020-09-13,San Diego,073,3302833,44361,42681,719,43400,734
2020-09-13,San Francisco,075,870044,10629,10254,23,10277,90
2020-09-13,San Joaquin,077,732212,19606,19110,43,19153,396
2020-09-13,San Luis Obispo,079,281455,3471,3240,17,3257,24
2020-09-13,San Mateo,081,765935,9566,8811,10,8821,127
2020-09-13,Santa Barbara,083,443738,8850,8690,72,8762,104
2020-09-13,Santa Clara,085,1922200,20749,19456,39,19495,245
2020-09-13,Santa Cruz,087,273765,2189,2016,19,2035,7
2020-09-13,Shasta,089,179085,729,583,3,586,10
2020-09-13,Sierra,091,2930,6,6,0,6,0
2020-09-13,Siskiyou,093,43540,152,143,9,152,0
2020-09-13,Solano,095,438530,6004,5810,39,5849,43
2020-09-13,Sonoma,097,501317,6915,6592,20,6612,95
2020-09-13,Stanislaus,099,539301,16115,15759,454,16213,253
2020-09-13,Sutter,101,95872,1595,1539,1,1540,10
2020-09-13,Tehama,103,63373,490,476,2,478,1
2020-09-13,Trinity,105,12862,52,14,7,21,0
2020-09-13,Tulare,107,460477,15678,15098,80,15178,254
2020-09-13,Tuolumne,109,53932,224,208,6,214,1
2020-09-13,Ventura,111,848112,12546,11855,134,11989,123
2020-09-13,Yolo,113,214977,2736,2675,7,2682,53
2020-09-13,Yuba,115,75493,1026,967,3,970,1
2020-09-12,Alameda,001,1643700,20403,19758,146,19904,307
2020-09-12,Alpine,003,1148,2,2,0,2,0
2020-09-12,Amador,005,37829,281,278,0,278,16
2020-09-12,Butte,007,227075,2781,2629,48,2677,37
2020-09-12,Calaveras,009,45235,300,246,0,246,3
2020-09-12,Colusa,011,21464,507,486,0,486,6
2020-09-12,Contra Costa,013,1133247,16008,15135,75,15210,174
2020-09-12,Del Norte,015,27424,126,116,0,116,1
2020-09-12,El Dorado,017,186661,1085,1034,8,1042,2
2020-09-12,Fresno,019,978130,29500,27076,333,27409,345
2020-09-12,Glenn,021,27897,549,517,0,517,3
2020-09-12,Humboldt,023,135768,477,430,1,431,4
2020-09-12,Imperial,025,180216,11554,10305,7,10312,273
2020-09-12,Inyo,027,18085,186,177,4,181,12
2020-09-12,Kern,029,883053,31095,30202,287,30489,368
2020-09-12,Kings,031,150075,7203,6895,31,6926,70
2020-09-12,Lake,033,64148,461,393,0,393,4
2020-09-12,Lassen,035,31185,734,719,2,721,0
2020-09-12,Los Angeles,037,10098052,256178,253156,1559,254715,6193
2020-09-12,Madera,039,155013,4296,4058,29,4087,43
2020-09-12,Marin,041,260295,6501,6393,15,6408,69
2020-09-12,Mariposa,043,17540,75,72,0,72,2
2020-09-12,Mendocino,045,87422,756,700,0,700,17
2020-09-12,Merced,047,269075,8651,8533,13,8546,112
2020-09-12,Modoc,049,8938,25,21,0,21,0
2020-09-12,Mono,051,14174,165,147,3,150,1
2020-09-12,Monterey,053,433212,9187,8743,18,8761,61
2020-09-12,Napa,055,140530,1609,1556,8,1564,11
2020-09-12,Nevada,057,99092,502,482,15,497,6
2020-09-12,Orange,059,3164182,52636,49895,1333,51228,1078
2020-09-12,Placer,061,380077,3434,3280,13,3293,38
2020-09-12,Plumas,063,18699,48,42,0,42,0
2020-09-12,Riverside,065,2383286,56519,55058,102,55160,1108
2020-09-12,Sacramento,067,1510023,20788,20184,23,20207,367
2020-09-12,San Benito,069,59416,1262,1208,0,1208,7
2020-09-12,San Bernardino,071,2135413,51623,49945,332,50277,896
2020-09-12,San Diego,073,3302833,44166,42416,710,43126,747
2020-09-12,San Francisco,075,870044,10585,10257,23,10280,90
2020-09-12,San Joaquin,077,732212,19578,19108,43,19151,396
2020-09-12,San Luis Obispo,079,281455,3444,3220,17,3237,24
2020-09-12,San Mateo,081,765935,9521,8759,10,8769,127
2020-09-12,Santa Barbara,083,443738,8836,8642,72,8714,104
2020-09-12,Santa Clara,085,1922200,20662,19330,39,19369,237
2020-09-12,Santa Cruz,087,273765,2177,2016,19,2035,7
2020-09-12,Shasta,089,179085,717,569,3,572,10
2020-09-12,Sierra,091,2930,6,6,0,6,0
2020-09-12,Siskiyou,093,43540,152,141,9,150,0
2020-09-12,Solano,095,438530,5980,5772,39,5811,43
2020-09-12,Sonoma,097,501317,6890,6531,20,6551,95
2020-09-12,Stanislaus,099,539301,16083,15675,451,16126,253
2020-09-12,Sutter,101,95872,1589,1529,1,1530,10
2020-09-12,Tehama,103,63373,487,471,2,473,1
2020-09-12,Trinity,105,12862,52,15,7,22,0
2020-09-12,Tulare,107,460477,15633,15018,79,15097,254
2020-09-12,Tuolumne,109,53932,224,208,6,214,1
2020-09-12,Ventura,111,848112,12495,11759,132,11891,123
2020-09-12,Yolo,113,214977,2729,2646,7,2653,53
2020-09-12,Yuba,115,75493,1022,963,3,966,1
2020-09-11,Alameda,001,1643700,20348,19625,145,19770,298
2020-09-11,Alpine,003,1148,2,2,0,2,0
2020-09-11,Amador,005,37829,281,277,0,277,16
2020-09-11,Butte,007,227075,2769,2605,48,2653,37
2020-09-11,Calaveras,009,45235,299,242,0,242,1
2020-09-11,Colusa,011,21464,506,484,0,484,6
2020-09-11,Contra Costa,013,1133247,15950,15001,72,15073,173
2020-09-11,Del Norte,015,27424,126,115,0,115,1
2020-09-11,El Dorado,017,186661,1082,1024,8,1032,2
2020-09-11,Fresno,019,978130,29422,26917,332,27249,344
2020-09-11,Glenn,021,27897,544,515,0,515,3
2020-09-11,Humboldt,023,135768,475,426,1,427,4
2020-09-11,Imperial,025,180216,11536,10286,7,10293,273
2020-09-11,Inyo,027,18085,186,176,4,180,12
2020-09-11,Kern,029,883053,31027,30059,286,30345,365
2020-09-11,Kings,031,150075,7186,6770,31,6801,70
2020-09-11,Lake,033,64148,453,382,0,382,4
2020-09-11,Lassen,035,31185,734,719,2,721,0
2020-09-11,Los Angeles,037,10098052,255499,252057,1548,253605,6172
2020-09-11,Madera,039,155013,4277,4018,29,4047,43
2020-09-11,Marin,041,260295,6496,6364,15,6379,69
2020-09-11,Mariposa,043,17540,75,72,0,72,2
2020-09-11,Mendocino,045,87422,745,700,0,700,17
2020-09-11,Merced,047,269075,8630,8489,13,8502,109
2020-09-11,Modoc,049,8938,25,21,0,21,0
2020-09-11,Mono,051,14174,165,145,3,148,1
2020-09-11,Monterey,053,433212,9139,8595,18,8613,61
2020-09-11,Napa,055,140530,1598,1543,8,1551,11
2020-09-11,Nevada,057,99092,495,483,15,498,6
2020-09-11,Orange,059,3164182,52506,49755,1321,51076,1068
2020-09-11,Placer,061,380077,3419,3254,13,3267,37
2020-09-11,Plumas,063,18699,48,42,0,42,0
2020-09-11,Riverside,065,2383286,56384,54717,99,54816,1099
2020-09-11,Sacramento,067,1510023,20704,20012,23,20035,358
2020-09-11,San Benito,069,59416,1252,1202,0,1202,7
2020-09-11,San Bernardino,071,2135413,51524,49682,332,50014,871
2020-09-11,San Diego,073,3302833,43946,41971,704,42675,730
2020-09-11,San Francisco,075,870044,10537,10133,22,10155,89
2020-09-11,San Joaquin,077,732212,19530,19019,43,19062,391
2020-09-11,San Luis Obispo,079,281455,3426,3190,17,3207,24
2020-09-11,San Mateo,081,765935,9479,8611,10,8621,127
2020-09-11,Santa Barbara,083,443738,8803,8592,71,8663,103
2020-09-11,Santa Clara,085,1922200,20574,19065,39,19104,234
2020-09-11,Santa Cruz,087,273765,2160,1997,19,2016,7
2020-09-11,Shasta,089,179085,707,568,3,571,10
2020-09-11,Sierra,091,2930,6,6,0,6,0
2020-09-11,Siskiyou,093,43540,151,139,9,148,0
2020-09-11,Solano,095,438530,5963,5742,39,5781,42
2020-09-11,Sonoma,097,501317,6846,6469,20,6489,91
2020-09-11,Stanislaus,099,539301,16045,15613,448,16061,253
2020-09-11,Sutter,101,95872,1579,1505,1,1506,11
2020-09-11,Tehama,103,63373,484,466,2,468,1
2020-09-11,Trinity,105,12862,52,16,7,23,0
2020-09-11,Tulare,107,460477,15600,14932,76,15008,251
2020-09-11,Tuolumne,109,53932,224,208,6,214,1
2020-09-11,Ventura,111,848112,12441,11700,130,11830,123
2020-09-11,Yolo,113,214977,2718,2632,7,2639,53
2020-09-11,Yuba,115,75493,1014,946,3,949,1
2020-09-10,Alameda,001,1643700,20274,19509,145,19654,292
2020-09-10,Alpine,003,1148,2,2,0,2,0
2020-09-10,Amador,005,37829,280,277,0,277,16
2020-09-10,Butte,007,227075,2752,2590,48,2638,37
2020-09-10,Calaveras,009,45235,299,244,0,244,1
2020-09-10,Colusa,011,21464,504,482,0,482,6
2020-09-10,Contra Costa,013,1133247,15877,14909,72,14981,172
2020-09-10,Del Norte,015,27424,125,112,0,112,1
2020-09-10,El Dorado,017,186661,1079,1020,8,1028,2
2020-09-10,Fresno,019,978130,29301,26783,332,27115,338
2020-09-10,Glenn,021,27897,534,511,0,511,3
2020-09-10,Humboldt,023,135768,464,422,1,423,4
2020-09-10,Imperial,025,180216,11520,10251,7,10258,270
2020-09-10,Inyo,027,18085,185,176,4,180,11
2020-09-10,Kern,029,883053,30945,29988,282,30270,363
2020-09-10,Kings,031,150075,7156,6739,31,6770,70
2020-09-10,Lake,033,64148,447,377,0,377,4
2020-09-10,Lassen,035,31185,733,716,2,718,0
2020-09-10,Los Angeles,037,10098052,254521,251003,1527,252530,6132
2020-09-10,Madera,039,155013,4259,3979,29,4008,43
2020-09-10,Marin,041,260295,6484,6344,15,6359,68
2020-09-10,Mariposa,043,17540,75,72,0,72,2
2020-09-10,Mendocino,045,87422,735,697,0,697,16
2020-09-10,Merced,047,269075,8584,8461,13,8474,109
2020-09-10,Modoc,049,8938,25,21,0,21,0
2020-09-10,Mono,051,14174,165,145,3,148,1
2020-09-10,Monterey,053,433212,9069,8570,18,8588,59
2020-09-10,Napa,055,140530,1592,1536,8,1544,11
2020-09-10,Nevada,057,99092,491,478,15,493,6
2020-09-10,Orange,059,3164182,52343,49617,1314,50931,1057
2020-09-10,Placer,061,380077,3399,3233,13,3246,37
2020-09-10,Plumas,063,18699,48,42,0,42,0
2020-09-10,Riverside,065,2383286,56065,54417,96,54513,1091
2020-09-10,Sacramento,067,1510023,20584,19618,22,19640,354
2020-09-10,San Benito,069,59416,1246,1201,0,1201,5
2020-09-10,San Bernardino,071,2135413,51335,49467,330,49797,867
2020-09-10,San Diego,073,3302833,43680,41610,677,42287,725
2020-09-10,San Francisco,075,870044,10460,10082,22,10104,89
2020-09-10,San Joaquin,077,732212,19477,18854,43,18897,389
2020-09-10,San Luis Obispo,079,281455,3412,3161,16,3177,24
2020-09-10,San Mateo,081,765935,9433,8529,10,8539,125
2020-09-10,Santa Barbara,083,443738,8758,8552,71,8623,100
2020-09-10,Santa Clara,085,1922200,20459,18870,39,18909,231
2020-09-10,Santa Cruz,087,273765,2145,1986,17,2003,7
2020-09-10,Shasta,089,179085,696,566,3,569,10
2020-09-10,Sierra,091,2930,6,6,0,6,0
2020-09-10,Siskiyou,093,43540,151,137,9,146,0
2020-09-10,Solano,095,438530,5923,5696,39,5735,42
2020-09-10,Sonoma,097,501317,6797,6424,20,6444,91
2020-09-10,Stanislaus,099,539301,15992,15509,443,15952,243
2020-09-10,Sutter,101,95872,1569,1494,1,1495,11
2020-09-10,Tehama,103,63373,477,466,2,468,1
2020-09-10,Trinity,105,12862,52,15,7,22,0
2020-09-10,Tulare,107,460477,15547,14860,73,14933,250
2020-09-10,Tuolumne,109,53932,223,205,6,211,1
2020-09-10,Ventura,111,848112,12347,11600,123,11723,122
2020-09-10,Yolo,113,214977,2713,2612,7,2619,53
2020-09-10,Yuba,115,75493,1008,941,3,944,1
2020-09-09,Alameda,001,1643700,20195,19399,144,19543,289
2020-09-09,Alpine,003,1148,2,2,0,2,0
2020-09-09,Amador,005,37829,279,276,0,276,16
2020-09-09,Butte,007,227075,2735,2561,48,2609,37
2020-09-09,Calaveras,009,45235,299,242,0,242,1
2020-09-09,Colusa,011,21464,499,479,0,479,6
2020-09-09,Contra Costa,013,1133247,15790,14816,72,14888,171
2020-09-09,Del Norte,015,27424,121,109,0,109,1
2020-09-09,El Dorado,017,186661,1076,1020,8,1028,2
2020-09-09,Fresno,019,978130,29198,26724,327,27051,329
2020-09-09,Glenn,021,27897,531,508,0,508,3
2020-09-09,Humboldt,023,135768,462,420,1,421,4
2020-09-09,Imperial,025,180216,11500,10233,7,10240,268
2020-09-09,Inyo,027,18085,184,173,4,177,2
2020-09-09,Kern,029,883053,30847,29925,279,30204,355
2020-09-09,Kings,031,150075,7138,6721,31,6752,72
2020-09-09,Lake,033,64148,439,371,0,371,4
2020-09-09,Lassen,035,31185,732,714,2,716,0
2020-09-09,Los Angeles,037,10098052,253648,249876,1509,251385,6091
2020-09-09,Madera,039,155013,4233,3926,29,3955,43
2020-09-09,Marin,041,260295,6465,6321,15,6336,68
2020-09-09,Mariposa,043,17540,74,72,0,72,2
2020-09-09,Mendocino,045,87422,727,695,0,695,16
2020-09-09,Merced,047,269075,8558,8441,13,8454,107
2020-09-09,Modoc,049,8938,24,20,0,20,0
2020-09-09,Mono,051,14174,165,145,3,148,1
2020-09-09,Monterey,053,433212,8997,8527,18,8545,59
2020-09-09,Napa,055,140530,1582,1531,8,1539,11
2020-09-09,Nevada,057,99092,487,476,15,491,6
2020-09-09,Orange,059,3164182,52164,49394,1307,50701,1054
2020-09-09,Placer,061,380077,3379,3222,13,3235,36
2020-09-09,Plumas,063,18699,46,42,0,42,0
2020-09-09,Riverside,065,2383286,55835,54320,93,54413,1081
2020-09-09,Sacramento,067,1510023,20479,19474,21,19495,347
2020-09-09,San Benito,069,59416,1242,1199,0,1199,5
2020-09-09,San Bernardino,071,2135413,51136,49264,329,49593,866
2020-09-09,San Diego,073,3302833,43391,41326,665,41991,721
2020-09-09,San Francisco,075,870044,10410,9996,21,10017,86
2020-09-09,San Joaquin,077,732212,19414,18799,42,18841,388
2020-09-09,San Luis Obispo,079,281455,3394,3131,16,3147,24
2020-09-09,San Mateo,081,765935,9373,8478,10,8488,125
2020-09-09,Santa Barbara,083,443738,8715,8528,71,8599,97
2020-09-09,Santa Clara,085,1922200,20328,18759,39,18798,228
2020-09-09,Santa Cruz,087,273765,2122,1967,17,1984,7
2020-09-09,Shasta,089,179085,684,562,3,565,10
2020-09-09,Sierra,091,2930,6,6,0,6,0
2020-09-09,Siskiyou,093,43540,149,137,9,146,0
2020-09-09,Solano,095,438530,5891,5680,39,5719,36
2020-09-09,Sonoma,097,501317,6731,6397,20,6417,92
2020-09-09,Stanislaus,099,539301,15952,15469,432,15901,243
2020-09-09,Sutter,101,95872,1561,1487,1,1488,11
2020-09-09,Tehama,103,63373,474,462,2,464,1
2020-09-09,Trinity,105,12862,52,14,7,21,0
2020-09-09,Tulare,107,460477,15497,14787,68,14855,249
2020-09-09,Tuolumne,109,53932,222,204,5,209,1
2020-09-09,Ventura,111,848112,12256,11497,120,11617,121
2020-09-09,Yolo,113,214977,2702,2604,7,2611,53
2020-09-09,Yuba,115,75493,1003,936,3,939,1
2020-09-08,Alameda,001,1643700,20086,19293,144,19437,288
2020-09-08,Alpine,003,1148,2,2,0,2,0
2020-09-08,Amador,005,37829,279,276,0,276,16
2020-09-08,Butte,007,227075,2717,2453,48,2501,36
2020-09-08,Calaveras,009,45235,297,233,0,233,1
2020-09-08,Colusa,011,21464,497,475,0,475,6
2020-09-08,Contra Costa,013,1133247,15661,14740,69,14809,171
2020-09-08,Del Norte,015,27424,121,109,0,109,2
2020-09-08,El Dorado,017,186661,1073,1011,8,1019,2
2020-09-08,Fresno,019,978130,29079,26640,323,26963,329
2020-09-08,Glenn,021,27897,527,492,0,492,3
2020-09-08,Humboldt,023,135768,460,420,1,421,4
2020-09-08,Imperial,025,180216,11484,10198,7,10205,267
2020-09-08,Inyo,027,18085,184,169,4,173,2
2020-09-08,Kern,029,883053,30762,29850,276,30126,351
2020-09-08,Kings,031,150075,7100,6658,31,6689,72
2020-09-08,Lake,033,64148,428,370,0,370,4
2020-09-08,Lassen,035,31185,732,710,2,712,0
2020-09-08,Los Angeles,037,10098052,252716,249217,1480,250697,6034
2020-09-08,Madera,039,155013,4209,3904,29,3933,43
2020-09-08,Marin,041,260295,6434,6313,15,6328,68
2020-09-08,Mariposa,043,17540,74,72,0,72,2
2020-09-08,Mendocino,045,87422,720,690,0,690,16
2020-09-08,Merced,047,269075,8535,8381,13,8394,104
2020-09-08,Modoc,049,8938,24,20,0,20,0
2020-09-08,Mono,051,14174,165,145,3,148,1
2020-09-08,Monterey,053,433212,8912,8491,18,8509,59
2020-09-08,Napa,055,140530,1578,1518,8,1526,11
2020-09-08,Nevada,057,99092,487,470,15,485,6
2020-09-08,Orange,059,3164182,52022,49214,1303,50517,1044
2020-09-08,Placer,061,380077,3365,3205,13,3218,36
2020-09-08,Plumas,063,18699,46,42,0,42,0
2020-09-08,Riverside,065,2383286,55621,54168,90,54258,1069
2020-09-08,Sacramento,067,1510023,20244,19411,20,19431,347
2020-09-08,San Benito,069,59416,1235,1188,0,1188,5
2020-09-08,San Bernardino,071,2135413,50947,49034,327,49361,856
2020-09-08,San Diego,073,3302833,43075,41079,653,41732,709
2020-09-08,San Francisco,075,870044,10336,9821,21,9842,86
2020-09-08,San Joaquin,077,732212,19336,18550,42,18592,388
2020-09-08,San Luis Obispo,079,281455,3379,3120,16,3136,23
2020-09-08,San Mateo,081,765935,9297,8460,10,8470,125
2020-09-08,Santa Barbara,083,443738,8681,8488,70,8558,96
2020-09-08,Santa Clara,085,1922200,20151,18645,39,18684,228
2020-09-08,Santa Cruz,087,273765,2094,1903,17,1920,7
2020-09-08,Shasta,089,179085,676,556,3,559,10
2020-09-08,Sierra,091,2930,6,6,0,6,0
2020-09-08,Siskiyou,093,43540,147,136,9,145,0
2020-09-08,Solano,095,438530,5854,5654,39,5693,36
2020-09-08,Sonoma,097,501317,6662,6356,20,6376,92
2020-09-08,Stanislaus,099,539301,15888,15415,420,15835,238
2020-09-08,Sutter,101,95872,1545,1473,1,1474,11
2020-09-08,Tehama,103,63373,470,458,2,460,1
2020-09-08,Trinity,105,12862,51,13,7,20,0
2020-09-08,Tulare,107,460477,15417,14635,67,14702,249
2020-09-08,Tuolumne,109,53932,221,197,5,202,1
2020-09-08,Ventura,111,848112,12187,11475,117,11592,118
2020-09-08,Yolo,113,214977,2692,2580,7,2587,53
2020-09-08,Yuba,115,75493,991,923,3,926,1
2020-09-07,Alameda,001,1643700,19965,19188,138,19326,281
2020-09-07,Alpine,003,1148,2,2,0,2,0
2020-09-07,Amador,005,37829,279,276,0,276,16
2020-09-07,Butte,007,227075,2684,2450,47,2497,30
2020-09-07,Calaveras,009,45235,287,234,0,234,1
2020-09-07,Colusa,011,21464,496,475,0,475,6
2020-09-07,Contra Costa,013,1133247,15546,14637,66,14703,172
2020-09-07,Del Norte,015,27424,121,109,0,109,2
2020-09-07,El Dorado,017,186661,1062,1011,8,1019,2
2020-09-07,Fresno,019,978130,28985,26565,320,26885,329
2020-09-07,Glenn,021,27897,522,488,0,488,3
2020-09-07,Humboldt,023,135768,451,416,1,417,4
2020-09-07,Imperial,025,180216,11453,10199,7,10206,267
2020-09-07,Inyo,027,18085,184,169,4,173,2
2020-09-07,Kern,029,883053,30641,29790,271,30061,348
2020-09-07,Kings,031,150075,6976,6630,31,6661,72
2020-09-07,Lake,033,64148,405,367,0,367,2
2020-09-07,Lassen,035,31185,732,709,2,711,0
2020-09-07,Los Angeles,037,10098052,251669,248804,1459,250263,6030
2020-09-07,Madera,039,155013,4178,3889,28,3917,43
2020-09-07,Marin,041,260295,6404,6296,15,6311,67
2020-09-07,Mariposa,043,17540,74,72,0,72,2
2020-09-07,Mendocino,045,87422,712,687,0,687,16
2020-09-07,Merced,047,269075,8488,8381,13,8394,104
2020-09-07,Modoc,049,8938,23,20,0,20,0
2020-09-07,Mono,051,14174,165,145,3,148,1
2020-09-07,Monterey,053,433212,8833,8463,18,8481,57
2020-09-07,Napa,055,140530,1566,1514,8,1522,11
2020-09-07,Nevada,057,99092,485,469,15,484,6
2020-09-07,Orange,059,3164182,51848,49132,1299,50431,1042
2020-09-07,Placer,061,380077,3335,3188,12,3200,36
2020-09-07,Plumas,063,18699,45,42,0,42,0
2020-09-07,Riverside,065,2383286,55346,54178,84,54262,1069
2020-09-07,Sacramento,067,1510023,20002,19292,19,19311,345
2020-09-07,San Benito,069,59416,1229,1180,0,1180,4
2020-09-07,San Bernardino,071,2135413,50719,49043,325,49368,821
2020-09-07,San Diego,073,3302833,42675,40868,626,41494,708
2020-09-07,San Francisco,075,870044,10285,9813,20,9833,85
2020-09-07,San Joaquin,077,732212,19254,18552,40,18592,386
2020-09-07,San Luis Obispo,079,281455,3342,3116,16,3132,23
2020-09-07,San Mateo,081,765935,9215,8409,10,8419,125
2020-09-07,Santa Barbara,083,443738,8637,8479,70,8549,95
2020-09-07,Santa Clara,085,1922200,19995,18596,38,18634,226
2020-09-07,Santa Cruz,087,273765,2066,1902,17,1919,7
2020-09-07,Shasta,089,179085,666,556,3,559,10
2020-09-07,Sierra,091,2930,6,6,0,6,0
2020-09-07,Siskiyou,093,43540,146,133,9,142,0
2020-09-07,Solano,095,438530,5789,5640,39,5679,36
2020-09-07,Sonoma,097,501317,6596,6268,20,6288,85
2020-09-07,Stanislaus,099,539301,15823,15343,408,15751,236
2020-09-07,Sutter,101,95872,1528,1468,1,1469,11
2020-09-07,Tehama,103,63373,466,453,2,455,1
2020-09-07,Trinity,105,12862,51,13,7,20,0
2020-09-07,Tulare,107,460477,15310,14637,65,14702,249
2020-09-07,Tuolumne,109,53932,220,196,5,201,1
2020-09-07,Ventura,111,848112,12092,11463,114,11577,118
2020-09-07,Yolo,113,214977,2675,2565,6,2571,53
2020-09-07,Yuba,115,75493,975,923,3,926,1
2020-09-06,Alameda,001,1643700,19907,19029,136,19165,281
2020-09-06,Alpine,003,1148,2,2,0,2,0
2020-09-06,Amador,005,37829,277,275,0,275,16
2020-09-06,Butte,007,227075,2675,2446,47,2493,30
2020-09-06,Calaveras,009,45235,287,235,0,235,1
2020-09-06,Colusa,011,21464,492,475,0,475,6
2020-09-06,Contra Costa,013,1133247,15465,14565,65,14630,171
2020-09-06,Del Norte,015,27424,121,109,0,109,2
2020-09-06,El Dorado,017,186661,1060,1008,8,1016,2
2020-09-06,Fresno,019,978130,28922,26471,318,26789,329
2020-09-06,Glenn,021,27897,516,474,0,474,3
2020-09-06,Humboldt,023,135768,448,404,1,405,4
2020-09-06,Imperial,025,180216,11436,10152,7,10159,267
2020-09-06,Inyo,027,18085,184,169,4,173,2
2020-09-06,Kern,029,883053,30586,29699,267,29966,348
2020-09-06,Kings,031,150075,6956,6561,30,6591,72
2020-09-06,Lake,033,64148,402,362,0,362,2
2020-09-06,Lassen,035,31185,732,709,2,711,0
2020-09-06,Los Angeles,037,10098052,251036,248316,1445,249761,6004
2020-09-06,Madera,039,155013,4134,3867,28,3895,42
2020-09-06,Marin,041,260295,6392,6276,15,6291,67
2020-09-06,Mariposa,043,17540,74,72,0,72,2
2020-09-06,Mendocino,045,87422,711,672,0,672,16
2020-09-06,Merced,047,269075,8469,8327,13,8340,104
2020-09-06,Modoc,049,8938,23,20,0,20,0
2020-09-06,Mono,051,14174,164,145,3,148,1
2020-09-06,Monterey,053,433212,8793,8403,17,8420,56
2020-09-06,Napa,055,140530,1562,1501,6,1507,11
2020-09-06,Nevada,057,99092,485,467,14,481,6
2020-09-06,Orange,059,3164182,51735,48931,1295,50226,1042
2020-09-06,Placer,061,380077,3318,3169,12,3181,36
2020-09-06,Plumas,063,18699,44,42,0,42,0
2020-09-06,Riverside,065,2383286,55229,53970,82,54052,1069
2020-09-06,Sacramento,067,1510023,19906,19128,19,19147,340
2020-09-06,San Benito,069,59416,1227,1178,0,1178,4
2020-09-06,San Bernardino,071,2135413,50612,48923,325,49248,823
2020-09-06,San Diego,073,3302833,42427,40652,620,41272,707
2020-09-06,San Francisco,075,870044,10211,9813,20,9833,85
2020-09-06,San Joaquin,077,732212,19205,18558,40,18598,386
2020-09-06,San Luis Obispo,079,281455,3331,3101,16,3117,23
2020-09-06,San Mateo,081,765935,9162,8387,10,8397,125
2020-09-06,Santa Barbara,083,443738,8608,8434,70,8504,95
2020-09-06,Santa Clara,085,1922200,19893,18495,38,18533,207
2020-09-06,Santa Cruz,087,273765,2059,1902,17,1919,7
2020-09-06,Shasta,089,179085,660,550,3,553,10
2020-09-06,Sierra,091,2930,6,6,0,6,0
2020-09-06,Siskiyou,093,43540,146,132,9,141,0
2020-09-06,Solano,095,438530,5763,5619,39,5658,37
2020-09-06,Sonoma,097,501317,6567,6212,20,6232,85
2020-09-06,Stanislaus,099,539301,15779,15288,404,15692,236
2020-09-06,Sutter,101,95872,1515,1451,1,1452,11
2020-09-06,Tehama,103,63373,465,455,2,457,1
2020-09-06,Trinity,105,12862,50,13,7,20,0
2020-09-06,Tulare,107,460477,15267,14636,64,14700,249
2020-09-06,Tuolumne,109,53932,217,194,5,199,1
2020-09-06,Ventura,111,848112,12047,11315,114,11429,118
2020-09-06,Yolo,113,214977,2661,2556,6,2562,53
2020-09-06,Yuba,115,75493,966,913,3,916,1
2020-09-05,Alameda,001,1643700,19861,18973,134,19107,279
2020-09-05,Alpine,003,1148,2,2,0,2,0
2020-09-05,Amador,005,37829,277,274,0,274,16
2020-09-05,Butte,007,227075,2659,2406,46,2452,30
2020-09-05,Calaveras,009,45235,287,237,0,237,1
2020-09-05,Colusa,011,21464,488,472,0,472,6
2020-09-05,Contra Costa,013,1133247,15388,14456,63,14519,173
2020-09-05,Del Norte,015,27424,121,109,0,109,2
2020-09-05,El Dorado,017,186661,1060,1007,8,1015,2
2020-09-05,Fresno,019,978130,28855,26325,318,26643,331
2020-09-05,Glenn,021,27897,515,474,0,474,3
2020-09-05,Humboldt,023,135768,446,402,1,403,4
2020-09-05,Imperial,025,180216,11419,10151,7,10158,268
2020-09-05,Inyo,027,18085,184,169,4,173,2
2020-09-05,Kern,029,883053,30526,29645,263,29908,347
2020-09-05,Kings,031,150075,6947,6518,30,6548,66
2020-09-05,Lake,033,64148,399,359,0,359,2
2020-09-05,Lassen,035,31185,732,709,2,711,0
2020-09-05,Los Angeles,037,10098052,250501,247572,1433,249005,6001
2020-09-05,Madera,039,155013,4094,3851,28,3879,42
2020-09-05,Marin,041,260295,6384,6259,15,6274,66
2020-09-05,Mariposa,043,17540,74,72,0,72,2
2020-09-05,Mendocino,045,87422,710,658,0,658,16
2020-09-05,Merced,047,269075,8437,8297,11,8308,104
2020-09-05,Modoc,049,8938,23,19,0,19,0
2020-09-05,Mono,051,14174,164,145,3,148,1
2020-09-05,Monterey,053,433212,8763,8301,17,8318,56
2020-09-05,Napa,055,140530,1556,1484,6,1490,11
2020-09-05,Nevada,057,99092,482,461,14,475,6
2020-09-05,Orange,059,3164182,51634,48726,1290,50016,1039
2020-09-05,Placer,061,380077,3308,3141,12,3153,35
2020-09-05,Plumas,063,18699,44,42,0,42,0
2020-09-05,Riverside,065,2383286,55123,53780,82,53862,1066
2020-09-05,Sacramento,067,1510023,19816,18955,19,18974,339
2020-09-05,San Benito,069,59416,1225,1153,0,1153,4
2020-09-05,San Bernardino,071,2135413,50536,48800,324,49124,825
2020-09-05,San Diego,073,3302833,42234,40344,608,40952,717
2020-09-05,San Francisco,075,870044,10178,9812,19,9831,85
2020-09-05,San Joaquin,077,732212,19176,18557,40,18597,386
2020-09-05,San Luis Obispo,079,281455,3320,3083,16,3099,23
2020-09-05,San Mateo,081,765935,9117,8352,10,8362,124
2020-09-05,Santa Barbara,083,443738,8592,8404,70,8474,96
2020-09-05,Santa Clara,085,1922200,19812,18311,38,18349,207
2020-09-05,Santa Cruz,087,273765,2051,1904,17,1921,7
2020-09-05,Shasta,089,179085,659,544,3,547,10
2020-09-05,Sierra,091,2930,6,6,0,6,0
2020-09-05,Siskiyou,093,43540,145,131,9,140,0
2020-09-05,Solano,095,438530,5751,5579,39,5618,37
2020-09-05,Sonoma,097,501317,6534,6149,20,6169,85
2020-09-05,Stanislaus,099,539301,15731,15198,400,15598,236
2020-09-05,Sutter,101,95872,1508,1445,1,1446,11
2020-09-05,Tehama,103,63373,464,447,2,449,1
2020-09-05,Trinity,105,12862,50,13,7,20,0
2020-09-05,Tulare,107,460477,15209,14576,62,14638,249
2020-09-05,Tuolumne,109,53932,217,194,5,199,1
2020-09-05,Ventura,111,848112,12004,11254,114,11368,118
2020-09-05,Yolo,113,214977,2651,2534,6,2540,53
2020-09-05,Yuba,115,75493,960,902,3,905,1
2020-09-04,Alameda,001,1643700,19792,18843,133,18976,276
2020-09-04,Alpine,003,1148,2,2,0,2,0
2020-09-04,Amador,005,37829,276,274,0,274,16
2020-09-04,Butte,007,227075,2636,2325,46,2371,28
2020-09-04,Calaveras,009,45235,285,237,0,237,1
2020-09-04,Colusa,011,21464,486,467,0,467,6
2020-09-04,Contra Costa,013,1133247,15304,14355,62,14417,164
2020-09-04,Del Norte,015,27424,121,109,0,109,2
2020-09-04,El Dorado,017,186661,1056,992,8,1000,2
2020-09-04,Fresno,019,978130,28749,26147,317,26464,321
2020-09-04,Glenn,021,27897,507,463,0,463,3
2020-09-04,Humboldt,023,135768,441,390,1,391,4
2020-09-04,Imperial,025,180216,11410,10136,7,10143,267
2020-09-04,Inyo,027,18085,184,169,4,173,2
2020-09-04,Kern,029,883053,30458,29526,260,29786,345
2020-09-04,Kings,031,150075,6934,6259,30,6289,66
2020-09-04,Lake,033,64148,399,347,0,347,2
2020-09-04,Lassen,035,31185,732,708,2,710,0
2020-09-04,Los Angeles,037,10098052,249933,246396,1413,247809,5977
2020-09-04,Madera,039,155013,4081,3838,28,3866,42
2020-09-04,Marin,041,260295,6372,6251,15,6266,66
2020-09-04,Mariposa,043,17540,74,72,0,72,2
2020-09-04,Mendocino,045,87422,708,646,0,646,16
2020-09-04,Merced,047,269075,8417,8214,11,8225,104
2020-09-04,Modoc,049,8938,23,15,0,15,0
2020-09-04,Mono,051,14174,164,145,3,148,1
2020-09-04,Monterey,053,433212,8718,8208,17,8225,56
2020-09-04,Napa,055,140530,1547,1475,6,1481,11
2020-09-04,Nevada,057,99092,479,455,14,469,6
2020-09-04,Orange,059,3164182,51510,48488,1283,49771,1031
2020-09-04,Placer,061,380077,3296,3101,12,3113,35
2020-09-04,Plumas,063,18699,44,42,0,42,0
2020-09-04,Riverside,065,2383286,55010,53606,77,53683,1066
2020-09-04,Sacramento,067,1510023,19728,18765,19,18784,337
2020-09-04,San Benito,069,59416,1216,1137,0,1137,4
2020-09-04,San Bernardino,071,2135413,50443,48497,322,48819,800
2020-09-04,San Diego,073,3302833,42004,39901,599,40500,701
2020-09-04,San Francisco,075,870044,10138,9694,18,9712,85
2020-09-04,San Joaquin,077,732212,19122,18438,40,18478,376
2020-09-04,San Luis Obispo,079,281455,3305,3049,15,3064,21
2020-09-04,San Mateo,081,765935,9073,8275,10,8285,122
2020-09-04,Santa Barbara,083,443738,8562,8340,70,8410,96
2020-09-04,Santa Clara,085,1922200,19702,18074,38,18112,209
2020-09-04,Santa Cruz,087,273765,2034,1896,16,1912,7
2020-09-04,Shasta,089,179085,656,536,3,539,10
2020-09-04,Sierra,091,2930,6,6,0,6,0
2020-09-04,Siskiyou,093,43540,145,129,9,138,0
2020-09-04,Solano,095,438530,5738,5552,39,5591,37
2020-09-04,Sonoma,097,501317,6469,6050,20,6070,85
2020-09-04,Stanislaus,099,539301,15698,15074,391,15465,233
2020-09-04,Sutter,101,95872,1492,1425,1,1426,11
2020-09-04,Tehama,103,63373,460,442,2,444,1
2020-09-04,Trinity,105,12862,50,13,7,20,0
2020-09-04,Tulare,107,460477,15181,14501,59,14560,247
2020-09-04,Tuolumne,109,53932,217,193,5,198,1
2020-09-04,Ventura,111,848112,11962,11171,114,11285,114
2020-09-04,Yolo,113,214977,2637,2495,6,2501,53
2020-09-04,Yuba,115,75493,955,884,3,887,1
2020-09-03,Alameda,001,1643700,19689,18687,133,18820,275
2020-09-03,Alpine,003,1148,2,2,0,2,0
2020-09-03,Amador,005,37829,276,274,0,274,16
2020-09-03,Butte,007,227075,2592,2274,46,2320,27
2020-09-03,Calaveras,009,45235,284,238,0,238,1
2020-09-03,Colusa,011,21464,484,464,0,464,6
2020-09-03,Contra Costa,013,1133247,15196,14206,59,14265,159
2020-09-03,Del Norte,015,27424,118,109,0,109,2
2020-09-03,El Dorado,017,186661,1052,983,8,991,2
2020-09-03,Fresno,019,978130,28630,25978,312,26290,313
2020-09-03,Glenn,021,27897,503,460,0,460,3
2020-09-03,Humboldt,023,135768,436,390,1,391,4
2020-09-03,Imperial,025,180216,11389,10083,7,10090,255
2020-09-03,Inyo,027,18085,182,171,4,175,3
2020-09-03,Kern,029,883053,30366,29426,246,29672,340
2020-09-03,Kings,031,150075,6854,6200,30,6230,64
2020-09-03,Lake,033,64148,390,347,0,347,2
2020-09-03,Lassen,035,31185,732,707,2,709,0
2020-09-03,Los Angeles,037,10098052,249070,245026,1393,246419,5931
2020-09-03,Madera,039,155013,4062,3780,28,3808,43
2020-09-03,Marin,041,260295,6353,6175,15,6190,66
2020-09-03,Mariposa,043,17540,74,71,0,71,2
2020-09-03,Mendocino,045,87422,699,638,0,638,16
2020-09-03,Merced,047,269075,8375,8136,11,8147,105
2020-09-03,Modoc,049,8938,23,14,0,14,0
2020-09-03,Mono,051,14174,163,144,3,147,1
2020-09-03,Monterey,053,433212,8664,8128,17,8145,56
2020-09-03,Napa,055,140530,1540,1466,6,1472,10
2020-09-03,Nevada,057,99092,476,453,14,467,6
2020-09-03,Orange,059,3164182,51324,48226,1269,49495,1009
2020-09-03,Placer,061,380077,3278,3069,12,3081,34
2020-09-03,Plumas,063,18699,44,39,0,39,0
2020-09-03,Riverside,065,2383286,54830,53341,73,53414,1052
2020-09-03,Sacramento,067,1510023,19600,18553,18,18571,328
2020-09-03,San Benito,069,59416,1205,1121,0,1121,4
2020-09-03,San Bernardino,071,2135413,50277,48165,321,48486,800
2020-09-03,San Diego,073,3302833,41690,39448,583,40031,700
2020-09-03,San Francisco,075,870044,10073,9636,16,9652,84
2020-09-03,San Joaquin,077,732212,19044,18331,40,18371,371
2020-09-03,San Luis Obispo,079,281455,3288,3023,15,3038,21
2020-09-03,San Mateo,081,765935,8999,8211,10,8221,122
2020-09-03,Santa Barbara,083,443738,8515,8277,70,8347,96
2020-09-03,Santa Clara,085,1922200,19521,17879,38,17917,208
2020-09-03,Santa Cruz,087,273765,2019,1870,16,1886,7
2020-09-03,Shasta,089,179085,651,535,3,538,10
2020-09-03,Sierra,091,2930,6,6,0,6,0
2020-09-03,Siskiyou,093,43540,145,128,9,137,0
2020-09-03,Solano,095,438530,5718,5499,38,5537,36
2020-09-03,Sonoma,097,501317,6407,5997,20,6017,62
2020-09-03,Stanislaus,099,539301,15646,14985,387,15372,217
2020-09-03,Sutter,101,95872,1482,1412,1,1413,11
2020-09-03,Tehama,103,63373,456,436,2,438,1
2020-09-03,Trinity,105,12862,48,13,7,20,0
2020-09-03,Tulare,107,460477,15115,14408,58,14466,244
2020-09-03,Tuolumne,109,53932,217,193,5,198,1
2020-09-03,Ventura,111,848112,11844,11109,111,11220,112
2020-09-03,Yolo,113,214977,2621,2475,6,2481,53
2020-09-03,Yuba,115,75493,948,867,3,870,1
2020-09-02,Alameda,001,1643700,19571,18522,130,18652,260
2020-09-02,Alpine,003,1148,2,2,0,2,0
2020-09-02,Amador,005,37829,276,245,0,245,14
2020-09-02,Butte,007,227075,2546,2241,46,2287,27
2020-09-02,Calaveras,009,45235,283,235,0,235,1
2020-09-02,Colusa,011,21464,480,460,0,460,6
2020-09-02,Contra Costa,013,1133247,15107,14097,57,14154,159
2020-09-02,Del Norte,015,27424,117,109,0,109,2
2020-09-02,El Dorado,017,186661,1048,975,7,982,2
2020-09-02,Fresno,019,978130,28483,25785,309,26094,292
2020-09-02,Glenn,021,27897,498,457,0,457,3
2020-09-02,Humboldt,023,135768,433,381,1,382,4
2020-09-02,Imperial,025,180216,11373,9832,7,9839,255
2020-09-02,Inyo,027,18085,182,171,4,175,3
2020-09-02,Kern,029,883053,30274,29288,240,29528,335
2020-09-02,Kings,031,150075,6769,6142,30,6172,64
2020-09-02,Lake,033,64148,386,342,0,342,2
2020-09-02,Lassen,035,31185,730,706,2,708,0
2020-09-02,Los Angeles,037,10098052,248139,243999,1365,245364,5887
2020-09-02,Madera,039,155013,4042,3735,28,3763,41
2020-09-02,Marin,041,260295,6338,6131,15,6146,66
2020-09-02,Mariposa,043,17540,74,71,0,71,2
2020-09-02,Mendocino,045,87422,689,636,0,636,15
2020-09-02,Merced,047,269075,8344,8097,10,8107,103
2020-09-02,Modoc,049,8938,22,11,0,11,0
2020-09-02,Mono,051,14174,163,145,3,148,1
2020-09-02,Monterey,053,433212,8600,8070,17,8087,56
2020-09-02,Napa,055,140530,1528,1454,6,1460,10
2020-09-02,Nevada,057,99092,470,452,13,465,6
2020-09-02,Orange,059,3164182,51143,47871,1259,49130,994
2020-09-02,Placer,061,380077,3253,3047,11,3058,33
2020-09-02,Plumas,063,18699,44,39,0,39,0
2020-09-02,Riverside,065,2383286,54628,52923,70,52993,1032
2020-09-02,Sacramento,067,1510023,19365,18355,17,18372,316
2020-09-02,San Benito,069,59416,1192,1107,0,1107,4
2020-09-02,San Bernardino,071,2135413,50114,47766,318,48084,794
2020-09-02,San Diego,073,3302833,41370,39123,569,39692,695
2020-09-02,San Francisco,075,870044,10004,9587,16,9603,84
2020-09-02,San Joaquin,077,732212,18963,18194,39,18233,352
2020-09-02,San Luis Obispo,079,281455,3262,3002,14,3016,21
2020-09-02,San Mateo,081,765935,8942,8148,10,8158,122
2020-09-02,Santa Barbara,083,443738,8460,8206,69,8275,94
2020-09-02,Santa Clara,085,1922200,19365,17673,38,17711,206
2020-09-02,Santa Cruz,087,273765,1996,1850,16,1866,7
2020-09-02,Shasta,089,179085,650,531,3,534,10
2020-09-02,Sierra,091,2930,6,6,0,6,0
2020-09-02,Siskiyou,093,43540,144,127,9,136,0
2020-09-02,Solano,095,438530,5690,5463,38,5501,36
2020-09-02,Sonoma,097,501317,6345,5846,20,5866,62
2020-09-02,Stanislaus,099,539301,15576,14854,380,15234,220
2020-09-02,Sutter,101,95872,1467,1401,1,1402,10
2020-09-02,Tehama,103,63373,453,429,2,431,1
2020-09-02,Trinity,105,12862,48,13,7,20,0
2020-09-02,Tulare,107,460477,15049,14298,58,14356,244
2020-09-02,Tuolumne,109,53932,217,190,5,195,1
2020-09-02,Ventura,111,848112,11757,11031,110,11141,111
2020-09-02,Yolo,113,214977,2599,2449,6,2455,54
2020-09-02,Yuba,115,75493,941,856,3,859,1
2020-09-01,Alameda,001,1643700,19432,18382,127,18509,248
2020-09-01,Alpine,003,1148,2,2,0,2,0
2020-09-01,Amador,005,37829,275,244,0,244,13
2020-09-01,Butte,007,227075,2489,2146,45,2191,26
2020-09-01,Calaveras,009,45235,275,228,0,228,1
2020-09-01,Colusa,011,21464,476,454,0,454,6
2020-09-01,Contra Costa,013,1133247,15014,13998,55,14053,158
2020-09-01,Del Norte,015,27424,116,108,0,108,2
2020-09-01,El Dorado,017,186661,1040,972,7,979,2
2020-09-01,Fresno,019,978130,28339,25542,307,25849,290
2020-09-01,Glenn,021,27897,491,449,0,449,3
2020-09-01,Humboldt,023,135768,427,378,1,379,4
2020-09-01,Imperial,025,180216,11347,9782,7,9789,250
2020-09-01,Inyo,027,18085,182,171,4,175,3
2020-09-01,Kern,029,883053,30183,29162,235,29397,332
2020-09-01,Kings,031,150075,6738,6088,30,6118,62
2020-09-01,Lake,033,64148,383,341,0,341,2
2020-09-01,Lassen,035,31185,727,706,2,708,0
2020-09-01,Los Angeles,037,10098052,247049,242633,1342,243975,5832
2020-09-01,Madera,039,155013,4013,3703,27,3730,41
2020-09-01,Marin,041,260295,6323,6102,15,6117,67
2020-09-01,Mariposa,043,17540,73,72,0,72,2
2020-09-01,Mendocino,045,87422,674,626,0,626,15
2020-09-01,Merced,047,269075,8291,8046,9,8055,103
2020-09-01,Modoc,049,8938,20,10,0,10,0
2020-09-01,Mono,051,14174,163,145,3,148,1
2020-09-01,Monterey,053,433212,8494,7926,17,7943,56
2020-09-01,Napa,055,140530,1513,1446,6,1452,10
2020-09-01,Nevada,057,99092,464,450,13,463,6
2020-09-01,Orange,059,3164182,50979,47671,1240,48911,976
2020-09-01,Placer,061,380077,3231,3013,11,3024,33
2020-09-01,Plumas,063,18699,44,39,0,39,0
2020-09-01,Riverside,065,2383286,54411,52785,69,52854,1027
2020-09-01,Sacramento,067,1510023,19181,18217,16,18233,305
2020-09-01,San Benito,069,59416,1180,1089,0,1089,4
2020-09-01,San Bernardino,071,2135413,49907,47371,317,47688,786
2020-09-01,San Diego,073,3302833,41012,38873,531,39404,688
2020-09-01,San Francisco,075,870044,9935,9492,16,9508,83
2020-09-01,San Joaquin,077,732212,18882,17915,38,17953,341
2020-09-01,San Luis Obispo,079,281455,3236,2970,14,2984,21
2020-09-01,San Mateo,081,765935,8862,8132,10,8142,122
2020-09-01,Santa Barbara,083,443738,8410,8142,68,8210,93
2020-09-01,Santa Clara,085,1922200,19186,17319,38,17357,204
2020-09-01,Santa Cruz,087,273765,1972,1752,16,1768,7
2020-09-01,Shasta,089,179085,642,527,3,530,9
2020-09-01,Sierra,091,2930,6,6,0,6,0
2020-09-01,Siskiyou,093,43540,141,128,8,136,0
2020-09-01,Solano,095,438530,5664,5438,38,5476,34
2020-09-01,Sonoma,097,501317,6255,5733,20,5753,60
2020-09-01,Stanislaus,099,539301,15500,14784,370,15154,212
2020-09-01,Sutter,101,95872,1456,1389,1,1390,10
2020-09-01,Tehama,103,63373,450,422,2,424,1
2020-09-01,Trinity,105,12862,47,13,6,19,0
2020-09-01,Tulare,107,460477,14965,14156,58,14214,241
2020-09-01,Tuolumne,109,53932,211,183,5,188,1
2020-09-01,Ventura,111,848112,11679,10899,105,11004,108
2020-09-01,Yolo,113,214977,2583,2440,6,2446,51
2020-09-01,Yuba,115,75493,932,841,3,844,1
2020-08-31,Alameda,001,1643700,19286,18148,127,18275,248
2020-08-31,Alpine,003,1148,2,2,0,2,0
2020-08-31,Amador,005,37829,275,243,0,243,13
2020-08-31,Butte,007,227075,2425,2069,45,2114,26
2020-08-31,Calaveras,009,45235,270,212,0,212,1
2020-08-31,Colusa,011,21464,475,443,0,443,6
2020-08-31,Contra Costa,013,1133247,14888,13902,52,13954,153
2020-08-31,Del Norte,015,27424,116,108,0,108,2
2020-08-31,El Dorado,017,186661,1033,965,7,972,2
2020-08-31,Fresno,019,978130,28118,25185,301,25486,290
2020-08-31,Glenn,021,27897,479,437,0,437,3
2020-08-31,Humboldt,023,135768,425,374,1,375,4
2020-08-31,Imperial,025,180216,11316,9759,7,9766,250
2020-08-31,Inyo,027,18085,181,160,4,164,3
2020-08-31,Kern,029,883053,30085,29067,234,29301,318
2020-08-31,Kings,031,150075,6471,6037,30,6067,62
2020-08-31,Lake,033,64148,367,341,0,341,2
2020-08-31,Lassen,035,31185,724,706,2,708,0
2020-08-31,Los Angeles,037,10098052,245942,241793,1314,243107,5787
2020-08-31,Madera,039,155013,3990,3662,26,3688,35
2020-08-31,Marin,041,260295,6287,6074,15,6089,67
2020-08-31,Mariposa,043,17540,73,69,0,69,2
2020-08-31,Mendocino,045,87422,662,618,0,618,15
2020-08-31,Merced,047,269075,8229,7991,9,8000,79
2020-08-31,Modoc,049,8938,18,10,0,10,0
2020-08-31,Mono,051,14174,163,145,3,148,1
2020-08-31,Monterey,053,433212,8387,7839,17,7856,56
2020-08-31,Napa,055,140530,1505,1434,6,1440,10
2020-08-31,Nevada,057,99092,462,447,13,460,6
2020-08-31,Orange,059,3164182,50780,47392,1212,48604,965
2020-08-31,Placer,061,380077,3182,2989,11,3000,33
2020-08-31,Plumas,063,18699,43,39,0,39,0
2020-08-31,Riverside,065,2383286,54189,52508,67,52575,1020
2020-08-31,Sacramento,067,1510023,18940,17999,16,18015,303
2020-08-31,San Benito,069,59416,1164,1080,0,1080,4
2020-08-31,San Bernardino,071,2135413,49695,47370,316,47686,755
2020-08-31,San Diego,073,3302833,40645,38606,498,39104,682
2020-08-31,San Francisco,075,870044,9856,9293,13,9306,83
2020-08-31,San Joaquin,077,732212,18795,17807,37,17844,338
2020-08-31,San Luis Obispo,079,281455,3213,2951,13,2964,21
2020-08-31,San Mateo,081,765935,8792,8065,10,8075,122
2020-08-31,Santa Barbara,083,443738,8365,8124,68,8192,94
2020-08-31,Santa Clara,085,1922200,18998,17211,38,17249,202
2020-08-31,Santa Cruz,087,273765,1947,1742,16,1758,7
2020-08-31,Shasta,089,179085,637,528,3,531,9
2020-08-31,Sierra,091,2930,6,6,0,6,0
2020-08-31,Siskiyou,093,43540,140,127,8,135,0
2020-08-31,Solano,095,438530,5632,5302,37,5339,34
2020-08-31,Sonoma,097,501317,6180,5650,20,5670,60
2020-08-31,Stanislaus,099,539301,15426,14685,361,15046,213
2020-08-31,Sutter,101,95872,1441,1365,1,1366,10
2020-08-31,Tehama,103,63373,447,421,2,423,1
2020-08-31,Trinity,105,12862,47,13,6,19,0
2020-08-31,Tulare,107,460477,14878,13985,56,14041,237
2020-08-31,Tuolumne,109,53932,211,178,5,183,1
2020-08-31,Ventura,111,848112,11591,10866,104,10970,108
2020-08-31,Yolo,113,214977,2565,2423,5,2428,51
2020-08-31,Yuba,115,75493,918,830,3,833,1
2020-08-30,Alameda,001,1643700,19161,18099,125,18224,248
2020-08-30,Alpine,003,1148,2,2,0,2,0
2020-08-30,Amador,005,37829,274,240,0,240,13
2020-08-30,Butte,007,227075,2345,1988,45,2033,26
2020-08-30,Calaveras,009,45235,261,211,0,211,1
2020-08-30,Colusa,011,21464,474,440,0,440,6
2020-08-30,Contra Costa,013,1133247,14750,13780,52,13832,150
2020-08-30,Del Norte,015,27424,115,108,0,108,2
2020-08-30,El Dorado,017,186661,1023,962,7,969,2
2020-08-30,Fresno,019,978130,27992,24963,300,25263,291
2020-08-30,Glenn,021,27897,472,437,0,437,3
2020-08-30,Humboldt,023,135768,414,362,1,363,4
2020-08-30,Imperial,025,180216,11297,9703,7,9710,250
2020-08-30,Inyo,027,18085,181,160,4,164,3
2020-08-30,Kern,029,883053,29992,28987,234,29221,317
2020-08-30,Kings,031,150075,6425,6000,30,6030,62
2020-08-30,Lake,033,64148,362,334,0,334,2
2020-08-30,Lassen,035,31185,722,706,2,708,0
2020-08-30,Los Angeles,037,10098052,244804,240775,1282,242057,5772
2020-08-30,Madera,039,155013,3962,3626,26,3652,33
2020-08-30,Marin,041,260295,6257,6060,15,6075,66
2020-08-30,Mariposa,043,17540,73,69,0,69,2
2020-08-30,Mendocino,045,87422,656,611,0,611,13
2020-08-30,Merced,047,269075,8154,7960,9,7969,79
2020-08-30,Modoc,049,8938,13,10,0,10,0
2020-08-30,Mono,051,14174,163,145,3,148,1
2020-08-30,Monterey,053,433212,8303,7816,17,7833,54
2020-08-30,Napa,055,140530,1493,1423,6,1429,10
2020-08-30,Nevada,057,99092,459,445,13,458,6
2020-08-30,Orange,059,3164182,50583,47283,1198,48481,965
2020-08-30,Placer,061,380077,3149,2961,11,2972,32
2020-08-30,Plumas,063,18699,42,39,0,39,0
2020-08-30,Riverside,065,2383286,54010,52227,66,52293,1017
2020-08-30,Sacramento,067,1510023,18763,17751,16,17767,300
2020-08-30,San Benito,069,59416,1154,1071,0,1071,4
2020-08-30,San Bernardino,071,2135413,49438,47201,316,47517,755
2020-08-30,San Diego,073,3302833,40247,38302,477,38779,682
2020-08-30,San Francisco,075,870044,9759,9294,10,9304,83
2020-08-30,San Joaquin,077,732212,18678,17637,36,17673,338
2020-08-30,San Luis Obispo,079,281455,3188,2934,13,2947,21
2020-08-30,San Mateo,081,765935,8715,8013,10,8023,122
2020-08-30,Santa Barbara,083,443738,8306,8088,68,8156,93
2020-08-30,Santa Clara,085,1922200,18824,17045,38,17083,202
2020-08-30,Santa Cruz,087,273765,1921,1743,16,1759,7
2020-08-30,Shasta,089,179085,634,525,3,528,9
2020-08-30,Sierra,091,2930,6,6,0,6,0
2020-08-30,Siskiyou,093,43540,138,125,8,133,0
2020-08-30,Solano,095,438530,5589,5303,37,5340,34
2020-08-30,Sonoma,097,501317,6120,5590,20,5610,60
2020-08-30,Stanislaus,099,539301,15354,14580,352,14932,209
2020-08-30,Sutter,101,95872,1420,1351,1,1352,10
2020-08-30,Tehama,103,63373,437,419,2,421,1
2020-08-30,Trinity,105,12862,47,13,6,19,0
2020-08-30,Tulare,107,460477,14783,13985,55,14040,236
2020-08-30,Tuolumne,109,53932,207,178,5,183,1
2020-08-30,Ventura,111,848112,11478,10775,99,10874,108
2020-08-30,Yolo,113,214977,2537,2391,4,2395,51
2020-08-30,Yuba,115,75493,904,832,3,835,1
2020-08-29,Alameda,001,1643700,19094,17888,125,18013,250
2020-08-29,Alpine,003,1148,2,2,0,2,0
2020-08-29,Amador,005,37829,274,239,0,239,13
2020-08-29,Butte,007,227075,2314,1948,45,1993,26
2020-08-29,Calaveras,009,45235,257,211,0,211,1
2020-08-29,Colusa,011,21464,471,440,0,440,6
2020-08-29,Contra Costa,013,1133247,14677,13663,51,13714,159
2020-08-29,Del Norte,015,27424,115,108,0,108,1
2020-08-29,El Dorado,017,186661,1020,958,7,965,2
2020-08-29,Fresno,019,978130,27937,24821,300,25121,291
2020-08-29,Glenn,021,27897,466,437,0,437,3
2020-08-29,Humboldt,023,135768,411,363,1,364,4
2020-08-29,Imperial,025,180216,11282,9698,7,9705,250
2020-08-29,Inyo,027,18085,181,160,4,164,3
2020-08-29,Kern,029,883053,29952,28947,233,29180,317
2020-08-29,Kings,031,150075,6410,5906,30,5936,62
2020-08-29,Lake,033,64148,361,329,0,329,2
2020-08-29,Lassen,035,31185,722,706,2,708,0
2020-08-29,Los Angeles,037,10098052,244175,239815,1269,241084,5762
2020-08-29,Madera,039,155013,3953,3605,25,3630,33
2020-08-29,Marin,041,260295,6245,6007,15,6022,64
2020-08-29,Mariposa,043,17540,73,69,0,69,2
2020-08-29,Mendocino,045,87422,652,596,0,596,13
2020-08-29,Merced,047,269075,8124,7867,9,7876,79
2020-08-29,Modoc,049,8938,13,9,0,9,0
2020-08-29,Mono,051,14174,163,145,3,148,1
2020-08-29,Monterey,053,433212,8258,7680,17,7697,53
2020-08-29,Napa,055,140530,1490,1413,6,1419,10
2020-08-29,Nevada,057,99092,459,442,13,455,5
2020-08-29,Orange,059,3164182,50472,47007,1188,48195,960
2020-08-29,Placer,061,380077,3132,2935,11,2946,32
2020-08-29,Plumas,063,18699,41,39,0,39,0
2020-08-29,Riverside,065,2383286,53898,51918,64,51982,1016
2020-08-29,Sacramento,067,1510023,18692,17588,16,17604,291
2020-08-29,San Benito,069,59416,1145,1045,0,1045,4
2020-08-29,San Bernardino,071,2135413,49323,46849,316,47165,755
2020-08-29,San Diego,073,3302833,39981,38049,459,38508,694
2020-08-29,San Francisco,075,870044,9731,9291,9,9300,83
2020-08-29,San Joaquin,077,732212,18634,17493,36,17529,335
2020-08-29,San Luis Obispo,079,281455,3163,2917,13,2930,21
2020-08-29,San Mateo,081,765935,8673,7928,10,7938,122
2020-08-29,Santa Barbara,083,443738,8279,8052,67,8119,93
2020-08-29,Santa Clara,085,1922200,18724,16898,37,16935,202
2020-08-29,Santa Cruz,087,273765,1909,1746,16,1762,7
2020-08-29,Shasta,089,179085,626,522,3,525,9
2020-08-29,Sierra,091,2930,6,6,0,6,0
2020-08-29,Siskiyou,093,43540,138,121,8,129,0
2020-08-29,Solano,095,438530,5568,5303,37,5340,34
2020-08-29,Sonoma,097,501317,6085,5537,20,5557,60
2020-08-29,Stanislaus,099,539301,15305,14479,342,14821,208
2020-08-29,Sutter,101,95872,1415,1333,1,1334,9
2020-08-29,Tehama,103,63373,436,417,2,419,1
2020-08-29,Trinity,105,12862,46,11,6,17,0
2020-08-29,Tulare,107,460477,14745,13890,54,13944,236
2020-08-29,Tuolumne,109,53932,207,178,5,183,1
2020-08-29,Ventura,111,848112,11436,10705,99,10804,108
2020-08-29,Yolo,113,214977,2519,2357,4,2361,51
2020-08-29,Yuba,115,75493,895,822,3,825,1
2020-08-28,Alameda,001,1643700,19011,17729,124,17853,237
2020-08-28,Alpine,003,1148,2,2,0,2,0
2020-08-28,Amador,005,37829,274,234,0,234,13
2020-08-28,Butte,007,227075,2284,1886,45,1931,25
2020-08-28,Calaveras,009,45235,255,207,0,207,1
2020-08-28,Colusa,011,21464,470,441,0,441,6
2020-08-28,Contra Costa,013,1133247,14606,13522,50,13572,158
2020-08-28,Del Norte,015,27424,115,107,0,107,1
2020-08-28,El Dorado,017,186661,1014,949,7,956,2
2020-08-28,Fresno,019,978130,27802,24612,300,24912,282
2020-08-28,Glenn,021,27897,459,429,0,429,3
2020-08-28,Humboldt,023,135768,407,362,1,363,4
2020-08-28,Imperial,025,180216,11268,9656,7,9663,241
2020-08-28,Inyo,027,18085,180,160,4,164,2
2020-08-28,Kern,029,883053,29904,28744,233,28977,306
2020-08-28,Kings,031,150075,6403,5829,29,5858,62
2020-08-28,Lake,033,64148,356,320,0,320,2
2020-08-28,Lassen,035,31185,722,704,2,706,0
2020-08-28,Los Angeles,037,10098052,243362,238544,1244,239788,5740
2020-08-28,Madera,039,155013,3934,3552,25,3577,33
2020-08-28,Marin,041,260295,6223,5991,15,6006,63
2020-08-28,Mariposa,043,17540,73,67,0,67,2
2020-08-28,Mendocino,045,87422,647,588,0,588,11
2020-08-28,Merced,047,269075,8094,7803,9,7812,77
2020-08-28,Modoc,049,8938,13,6,0,6,0
2020-08-28,Mono,051,14174,163,145,3,148,1
2020-08-28,Monterey,053,433212,8201,7591,17,7608,53
2020-08-28,Napa,055,140530,1482,1403,5,1408,10
2020-08-28,Nevada,057,99092,458,438,13,451,5
2020-08-28,Orange,059,3164182,50372,46696,1173,47869,942
2020-08-28,Placer,061,380077,3122,2891,11,2902,32
2020-08-28,Plumas,063,18699,41,39,0,39,0
2020-08-28,Riverside,065,2383286,53767,51510,60,51570,1008
2020-08-28,Sacramento,067,1510023,18594,17119,16,17135,283
2020-08-28,San Benito,069,59416,1129,1016,0,1016,3
2020-08-28,San Bernardino,071,2135413,49204,46553,312,46865,754
2020-08-28,San Diego,073,3302833,39751,37786,444,38230,676
2020-08-28,San Francisco,075,870044,9679,9135,9,9144,83
2020-08-28,San Joaquin,077,732212,18581,17114,35,17149,314
2020-08-28,San Luis Obispo,079,281455,3146,2849,13,2862,20
2020-08-28,San Mateo,081,765935,8627,7783,9,7792,121
2020-08-28,Santa Barbara,083,443738,8247,8001,67,8068,92
2020-08-28,Santa Clara,085,1922200,18597,16696,37,16733,201
2020-08-28,Santa Cruz,087,273765,1897,1747,16,1763,7
2020-08-28,Shasta,089,179085,622,516,3,519,9
2020-08-28,Sierra,091,2930,6,6,0,6,0
2020-08-28,Siskiyou,093,43540,136,119,8,127,0
2020-08-28,Solano,095,438530,5549,5219,37,5256,34
2020-08-28,Sonoma,097,501317,6050,5425,19,5444,58
2020-08-28,Stanislaus,099,539301,15262,14176,338,14514,190
2020-08-28,Sutter,101,95872,1405,1308,1,1309,9
2020-08-28,Tehama,103,63373,431,410,2,412,1
2020-08-28,Trinity,105,12862,46,11,6,17,0
2020-08-28,Tulare,107,460477,14700,13776,54,13830,236
2020-08-28,Tuolumne,109,53932,207,176,5,181,1
2020-08-28,Ventura,111,848112,11400,10606,97,10703,103
2020-08-28,Yolo,113,214977,2510,2323,4,2327,51
2020-08-28,Yuba,115,75493,886,810,3,813,1
2020-08-27,Alameda,001,1643700,18866,17584,121,17705,234
2020-08-27,Alpine,003,1148,2,2,0,2,0
2020-08-27,Amador,005,37829,273,233,0,233,13
2020-08-27,Butte,007,227075,2218,1803,44,1847,25
2020-08-27,Calaveras,009,45235,250,204,0,204,1
2020-08-27,Colusa,011,21464,468,438,0,438,6
2020-08-27,Contra Costa,013,1133247,14506,13379,49,13428,158
2020-08-27,Del Norte,015,27424,115,107,0,107,1
2020-08-27,El Dorado,017,186661,1010,942,7,949,2
2020-08-27,Fresno,019,978130,27622,24367,295,24662,272
2020-08-27,Glenn,021,27897,451,429,0,429,3
2020-08-27,Humboldt,023,135768,399,358,1,359,4
2020-08-27,Imperial,025,180216,11241,9608,7,9615,235
2020-08-27,Inyo,027,18085,180,157,3,160,2
2020-08-27,Kern,029,883053,29833,28635,224,28859,294
2020-08-27,Kings,031,150075,6381,5759,29,5788,62
2020-08-27,Lake,033,64148,354,314,0,314,2
2020-08-27,Lassen,035,31185,722,703,2,705,0
2020-08-27,Los Angeles,037,10098052,242359,237103,1229,238332,5704
2020-08-27,Madera,039,155013,3908,3465,25,3490,33
2020-08-27,Marin,041,260295,6199,5929,15,5944,62
2020-08-27,Mariposa,043,17540,73,67,0,67,2
2020-08-27,Mendocino,045,87422,638,581,0,581,10
2020-08-27,Merced,047,269075,8050,7765,9,7774,75
2020-08-27,Modoc,049,8938,11,5,0,5,0
2020-08-27,Mono,051,14174,163,145,3,148,1
2020-08-27,Monterey,053,433212,8107,7501,17,7518,52
2020-08-27,Napa,055,140530,1476,1397,5,1402,10
2020-08-27,Nevada,057,99092,455,435,13,448,5
2020-08-27,Orange,059,3164182,50215,46449,1162,47611,935
2020-08-27,Placer,061,380077,3091,2869,11,2880,32
2020-08-27,Plumas,063,18699,40,39,0,39,0
2020-08-27,Riverside,065,2383286,53557,51306,57,51363,999
2020-08-27,Sacramento,067,1510023,18396,16875,16,16891,281
2020-08-27,San Benito,069,59416,1113,987,0,987,3
2020-08-27,San Bernardino,071,2135413,48980,46345,306,46651,751
2020-08-27,San Diego,073,3302833,39480,37501,424,37925,673
2020-08-27,San Francisco,075,870044,9613,9014,9,9023,83
2020-08-27,San Joaquin,077,732212,18501,16989,35,17024,314
2020-08-27,San Luis Obispo,079,281455,3121,2808,13,2821,20
2020-08-27,San Mateo,081,765935,8518,7728,9,7737,121
2020-08-27,Santa Barbara,083,443738,8209,7934,67,8001,92
2020-08-27,Santa Clara,085,1922200,18411,16495,37,16532,199
2020-08-27,Santa Cruz,087,273765,1880,1734,16,1750,7
2020-08-27,Shasta,089,179085,616,512,3,515,9
2020-08-27,Sierra,091,2930,6,6,0,6,0
2020-08-27,Siskiyou,093,43540,136,118,8,126,0
2020-08-27,Solano,095,438530,5511,5167,37,5204,34
2020-08-27,Sonoma,097,501317,5943,5357,19,5376,58
2020-08-27,Stanislaus,099,539301,15181,14080,335,14415,186
2020-08-27,Sutter,101,95872,1385,1296,1,1297,9
2020-08-27,Tehama,103,63373,427,398,2,400,1
2020-08-27,Trinity,105,12862,46,11,6,17,0
2020-08-27,Tulare,107,460477,14609,13666,54,13720,231
2020-08-27,Tuolumne,109,53932,202,174,5,179,1
2020-08-27,Ventura,111,848112,11337,10483,93,10576,102
2020-08-27,Yolo,113,214977,2486,2293,4,2297,51
2020-08-27,Yuba,115,75493,875,807,3,810,1
2020-08-26,Alameda,001,1643700,18703,17373,121,17494,233
2020-08-26,Alpine,003,1148,2,2,0,2,0
2020-08-26,Amador,005,37829,273,229,0,229,13
2020-08-26,Butte,007,227075,2150,1765,42,1807,25
2020-08-26,Calaveras,009,45235,242,201,0,201,1
2020-08-26,Colusa,011,21464,462,433,0,433,5
2020-08-26,Contra Costa,013,1133247,14369,13248,49,13297,157
2020-08-26,Del Norte,015,27424,114,86,0,86,1
2020-08-26,El Dorado,017,186661,1008,938,7,945,2
2020-08-26,Fresno,019,978130,27475,24071,293,24364,255
2020-08-26,Glenn,021,27897,449,429,0,429,3
2020-08-26,Humboldt,023,135768,387,357,1,358,4
2020-08-26,Imperial,025,180216,11219,9453,7,9460,227
2020-08-26,Inyo,027,18085,177,157,3,160,2
2020-08-26,Kern,029,883053,29694,28507,221,28728,286
2020-08-26,Kings,031,150075,6360,5720,29,5749,62
2020-08-26,Lake,033,64148,349,308,0,308,2
2020-08-26,Lassen,035,31185,722,702,2,704,0
2020-08-26,Los Angeles,037,10098052,241349,235499,1199,236698,5665
2020-08-26,Madera,039,155013,3879,3458,25,3483,32
2020-08-26,Marin,041,260295,6182,5887,15,5902,56
2020-08-26,Mariposa,043,17540,73,68,0,68,2
2020-08-26,Mendocino,045,87422,627,581,0,581,10
2020-08-26,Merced,047,269075,8017,7720,9,7729,74
2020-08-26,Modoc,049,8938,8,5,0,5,0
2020-08-26,Mono,051,14174,163,141,3,144,1
2020-08-26,Monterey,053,433212,8014,7439,17,7456,51
2020-08-26,Napa,055,140530,1463,1382,5,1387,10
2020-08-26,Nevada,057,99092,452,432,13,445,2
2020-08-26,Orange,059,3164182,50031,46157,1146,47303,905
2020-08-26,Placer,061,380077,3068,2846,9,2855,32
2020-08-26,Plumas,063,18699,39,39,0,39,0
2020-08-26,Riverside,065,2383286,53316,51138,57,51195,987
2020-08-26,Sacramento,067,1510023,18233,16708,16,16724,271
2020-08-26,San Benito,069,59416,1098,978,0,978,3
2020-08-26,San Bernardino,071,2135413,48773,45840,302,46142,743
2020-08-26,San Diego,073,3302833,39142,37224,397,37621,668
2020-08-26,San Francisco,075,870044,9539,8938,9,8947,81
2020-08-26,San Joaquin,077,732212,18412,16845,34,16879,309
2020-08-26,San Luis Obispo,079,281455,3093,2761,13,2774,20
2020-08-26,San Mateo,081,765935,8451,7655,9,7664,121
2020-08-26,Santa Barbara,083,443738,8175,7904,67,7971,90
2020-08-26,Santa Clara,085,1922200,18234,16283,37,16320,198
2020-08-26,Santa Cruz,087,273765,1869,1726,16,1742,7
2020-08-26,Shasta,089,179085,611,511,3,514,9
2020-08-26,Sierra,091,2930,6,6,0,6,0
2020-08-26,Siskiyou,093,43540,133,109,8,117,0
2020-08-26,Solano,095,438530,5487,5131,36,5167,34
2020-08-26,Sonoma,097,501317,5870,5283,19,5302,58
2020-08-26,Stanislaus,099,539301,15104,13964,329,14293,186
2020-08-26,Sutter,101,95872,1367,1275,1,1276,9
2020-08-26,Tehama,103,63373,424,396,2,398,1
2020-08-26,Trinity,105,12862,45,10,6,16,0
2020-08-26,Tulare,107,460477,14542,13568,54,13622,232
2020-08-26,Tuolumne,109,53932,201,172,5,177,1
2020-08-26,Ventura,111,848112,11265,10412,86,10498,100
2020-08-26,Yolo,113,214977,2465,2279,4,2283,49
2020-08-26,Yuba,115,75493,860,779,3,782,1
2020-08-25,Alameda,001,1643700,18546,17278,121,17399,232
2020-08-25,Alpine,003,1148,2,2,0,2,0
2020-08-25,Amador,005,37829,273,227,0,227,13
2020-08-25,Butte,007,227075,2083,1718,41,1759,24
2020-08-25,Calaveras,009,45235,240,196,0,196,1
2020-08-25,Colusa,011,21464,455,430,0,430,5
2020-08-25,Contra Costa,013,1133247,14231,13181,48,13229,156
2020-08-25,Del Norte,015,27424,113,83,0,83,1
2020-08-25,El Dorado,017,186661,1005,928,7,935,2
2020-08-25,Fresno,019,978130,27288,23932,292,24224,250
2020-08-25,Glenn,021,27897,446,429,0,429,3
2020-08-25,Humboldt,023,135768,382,342,1,343,4
2020-08-25,Imperial,025,180216,11191,9381,7,9388,217
2020-08-25,Inyo,027,18085,175,144,3,147,1
2020-08-25,Kern,029,883053,29557,28416,221,28637,285
2020-08-25,Kings,031,150075,6203,5702,29,5731,59
2020-08-25,Lake,033,64148,344,304,0,304,2
2020-08-25,Lassen,035,31185,721,692,2,694,0
2020-08-25,Los Angeles,037,10098052,240050,233961,1151,235112,5612
2020-08-25,Madera,039,155013,3864,3446,24,3470,32
2020-08-25,Marin,041,260295,6144,5860,15,5875,56
2020-08-25,Mariposa,043,17540,73,67,0,67,2
2020-08-25,Mendocino,045,87422,619,571,0,571,10
2020-08-25,Merced,047,269075,7950,7693,8,7701,69
2020-08-25,Modoc,049,8938,8,5,0,5,0
2020-08-25,Mono,051,14174,163,129,3,132,1
2020-08-25,Monterey,053,433212,7933,7333,17,7350,51
2020-08-25,Napa,055,140530,1456,1374,5,1379,10
2020-08-25,Nevada,057,99092,448,430,13,443,2
2020-08-25,Orange,059,3164182,49837,45737,1130,46867,902
2020-08-25,Placer,061,380077,3049,2829,6,2835,31
2020-08-25,Plumas,063,18699,39,39,0,39,0
2020-08-25,Riverside,065,2383286,53085,50889,57,50946,981
2020-08-25,Sacramento,067,1510023,18079,16601,16,16617,265
2020-08-25,San Benito,069,59416,1082,973,0,973,3
2020-08-25,San Bernardino,071,2135413,48538,45544,299,45843,727
2020-08-25,San Diego,073,3302833,38863,36996,375,37371,665
2020-08-25,San Francisco,075,870044,9462,8848,9,8857,81
2020-08-25,San Joaquin,077,732212,18284,16795,34,16829,306
2020-08-25,San Luis Obispo,079,281455,3034,2731,12,2743,20
2020-08-25,San Mateo,081,765935,8391,7636,8,7644,120
2020-08-25,Santa Barbara,083,443738,8123,7854,67,7921,90
2020-08-25,Santa Clara,085,1922200,18065,16199,37,16236,194
2020-08-25,Santa Cruz,087,273765,1850,1708,16,1724,7
2020-08-25,Shasta,089,179085,607,511,3,514,9
2020-08-25,Sierra,091,2930,6,6,0,6,0
2020-08-25,Siskiyou,093,43540,132,109,8,117,0
2020-08-25,Solano,095,438530,5426,5114,36,5150,34
2020-08-25,Sonoma,097,501317,5784,5148,19,5167,56
2020-08-25,Stanislaus,099,539301,14996,13886,318,14204,182
2020-08-25,Sutter,101,95872,1350,1259,1,1260,9
2020-08-25,Tehama,103,63373,421,394,2,396,1
2020-08-25,Trinity,105,12862,44,10,6,16,0
2020-08-25,Tulare,107,460477,14438,13514,53,13567,224
2020-08-25,Tuolumne,109,53932,199,172,5,177,1
2020-08-25,Ventura,111,848112,11180,10313,81,10394,99
2020-08-25,Yolo,113,214977,2452,2254,4,2258,50
2020-08-25,Yuba,115,75493,850,775,3,778,1
2020-08-24,Alameda,001,1643700,18351,16913,120,17033,231
2020-08-24,Alpine,003,1148,2,2,0,2,0
2020-08-24,Amador,005,37829,271,227,0,227,13
2020-08-24,Butte,007,227075,2000,1649,41,1690,23
2020-08-24,Calaveras,009,45235,231,187,0,187,1
2020-08-24,Colusa,011,21464,451,425,0,425,5
2020-08-24,Contra Costa,013,1133247,14114,12906,46,12952,153
2020-08-24,Del Norte,015,27424,113,80,0,80,1
2020-08-24,El Dorado,017,186661,997,908,7,915,2
2020-08-24,Fresno,019,978130,27099,23618,285,23903,235
2020-08-24,Glenn,021,27897,444,421,0,421,2
2020-08-24,Humboldt,023,135768,378,340,1,341,4
2020-08-24,Imperial,025,180216,11158,9323,7,9330,210
2020-08-24,Inyo,027,18085,171,144,3,147,2
2020-08-24,Kern,029,883053,29459,28157,215,28372,277
2020-08-24,Kings,031,150075,6115,5652,29,5681,60
2020-08-24,Lake,033,64148,329,302,0,302,2
2020-08-24,Lassen,035,31185,721,693,2,695,0
2020-08-24,Los Angeles,037,10098052,238685,233036,1135,234171,5562
2020-08-24,Madera,039,155013,3836,3418,24,3442,32
2020-08-24,Marin,041,260295,6079,5834,15,5849,56
2020-08-24,Mariposa,043,17540,71,66,0,66,2
2020-08-24,Mendocino,045,87422,604,550,0,550,10
2020-08-24,Merced,047,269075,7872,7605,8,7613,69
2020-08-24,Modoc,049,8938,8,5,0,5,0
2020-08-24,Mono,051,14174,163,129,3,132,1
2020-08-24,Monterey,053,433212,7824,7212,16,7228,50
2020-08-24,Napa,055,140530,1443,1358,5,1363,10
2020-08-24,Nevada,057,99092,443,423,13,436,2
2020-08-24,Orange,059,3164182,49644,45536,1121,46657,887
2020-08-24,Placer,061,380077,3002,2793,6,2799,31
2020-08-24,Plumas,063,18699,39,37,0,37,0
2020-08-24,Riverside,065,2383286,52807,50496,57,50553,975
2020-08-24,Sacramento,067,1510023,17883,16318,15,16333,249
2020-08-24,San Benito,069,59416,1061,961,0,961,3
2020-08-24,San Bernardino,071,2135413,48275,45199,297,45496,720
2020-08-24,San Diego,073,3302833,38575,36729,347,37076,660
2020-08-24,San Francisco,075,870044,9379,8621,9,8630,81
2020-08-24,San Joaquin,077,732212,18143,16565,33,16598,305
2020-08-24,San Luis Obispo,079,281455,3006,2705,12,2717,20
2020-08-24,San Mateo,081,765935,8324,7502,8,7510,120
2020-08-24,Santa Barbara,083,443738,8082,7784,67,7851,90
2020-08-24,Santa Clara,085,1922200,17861,16049,37,16086,192
2020-08-24,Santa Cruz,087,273765,1830,1627,15,1642,6
2020-08-24,Shasta,089,179085,605,505,3,508,9
2020-08-24,Sierra,091,2930,6,6,0,6,0
2020-08-24,Siskiyou,093,43540,128,107,8,115,0
2020-08-24,Solano,095,438530,5377,4979,34,5013,32
2020-08-24,Sonoma,097,501317,5680,5071,19,5090,56
2020-08-24,Stanislaus,099,539301,14898,13521,304,13825,171
2020-08-24,Sutter,101,95872,1331,1219,1,1220,9
2020-08-24,Tehama,103,63373,416,388,2,390,1
2020-08-24,Trinity,105,12862,44,10,6,16,0
2020-08-24,Tulare,107,460477,14330,13360,52,13412,223
2020-08-24,Tuolumne,109,53932,198,170,5,175,1
2020-08-24,Ventura,111,848112,11100,10261,77,10338,99
2020-08-24,Yolo,113,214977,2418,2239,4,2243,47
2020-08-24,Yuba,115,75493,833,750,3,753,1
2020-08-23,Alameda,001,1643700,18128,16786,119,16905,231
2020-08-23,Alpine,003,1148,2,2,0,2,0
2020-08-23,Amador,005,37829,268,227,0,227,13
2020-08-23,Butte,007,227075,1885,1637,41,1678,23
2020-08-23,Calaveras,009,45235,222,187,0,187,1
2020-08-23,Colusa,011,21464,444,424,0,424,5
2020-08-23,Contra Costa,013,1133247,13952,12642,46,12688,153
2020-08-23,Del Norte,015,27424,113,80,0,80,1
2020-08-23,El Dorado,017,186661,984,901,7,908,2
2020-08-23,Fresno,019,978130,26894,23414,282,23696,235
2020-08-23,Glenn,021,27897,437,421,0,421,2
2020-08-23,Humboldt,023,135768,376,341,1,342,4
2020-08-23,Imperial,025,180216,11129,9243,7,9250,210
2020-08-23,Inyo,027,18085,168,144,3,147,2
2020-08-23,Kern,029,883053,29310,28028,210,28238,277
2020-08-23,Kings,031,150075,6072,5628,29,5657,60
2020-08-23,Lake,033,64148,325,299,0,299,2
2020-08-23,Lassen,035,31185,720,693,2,695,0
2020-08-23,Los Angeles,037,10098052,237085,231833,1068,232901,5549
2020-08-23,Madera,039,155013,3805,3401,23,3424,32
2020-08-23,Marin,041,260295,6042,5807,14,5821,50
2020-08-23,Mariposa,043,17540,71,66,0,66,2
2020-08-23,Mendocino,045,87422,600,550,0,550,10
2020-08-23,Merced,047,269075,7803,7574,7,7581,69
2020-08-23,Modoc,049,8938,7,5,0,5,0
2020-08-23,Mono,051,14174,163,129,3,132,1
2020-08-23,Monterey,053,433212,7734,7173,16,7189,50
2020-08-23,Napa,055,140530,1431,1348,5,1353,10
2020-08-23,Nevada,057,99092,438,421,13,434,2
2020-08-23,Orange,059,3164182,49406,45267,1109,46376,887
2020-08-23,Placer,061,380077,2963,2772,6,2778,31
2020-08-23,Plumas,063,18699,39,37,0,37,0
2020-08-23,Riverside,065,2383286,52537,50293,55,50348,955
2020-08-23,Sacramento,067,1510023,17660,16084,14,16098,243
2020-08-23,San Benito,069,59416,1048,938,0,938,3
2020-08-23,San Bernardino,071,2135413,48007,45010,287,45297,719
2020-08-23,San Diego,073,3302833,38254,36542,320,36862,660
2020-08-23,San Francisco,075,870044,9285,8564,8,8572,80
2020-08-23,San Joaquin,077,732212,18010,16069,32,16101,305
2020-08-23,San Luis Obispo,079,281455,2964,2679,12,2691,20
2020-08-23,San Mateo,081,765935,8229,7450,8,7458,120
2020-08-23,Santa Barbara,083,443738,8014,7725,67,7792,90
2020-08-23,Santa Clara,085,1922200,17665,15912,35,15947,191
2020-08-23,Santa Cruz,087,273765,1804,1627,15,1642,6
2020-08-23,Shasta,089,179085,600,501,3,504,9
2020-08-23,Sierra,091,2930,6,6,0,6,0
2020-08-23,Siskiyou,093,43540,123,107,8,115,0
2020-08-23,Solano,095,438530,5319,4977,32,5009,32
2020-08-23,Sonoma,097,501317,5592,5018,19,5037,56
2020-08-23,Stanislaus,099,539301,14763,13483,281,13764,171
2020-08-23,Sutter,101,95872,1309,1203,1,1204,9
2020-08-23,Tehama,103,63373,406,381,2,383,1
2020-08-23,Trinity,105,12862,44,10,6,16,0
2020-08-23,Tulare,107,460477,14198,13303,49,13352,223
2020-08-23,Tuolumne,109,53932,195,164,5,169,1
2020-08-23,Ventura,111,848112,10999,10126,73,10199,99
2020-08-23,Yolo,113,214977,2390,2210,4,2214,47
2020-08-23,Yuba,115,75493,812,750,3,753,1
2020-08-22,Alameda,001,1643700,18034,16648,118,16766,231
2020-08-22,Alpine,003,1148,2,2,0,2,0
2020-08-22,Amador,005,37829,267,224,0,224,13
2020-08-22,Butte,007,227075,1834,1618,41,1659,22
2020-08-22,Calaveras,009,45235,218,187,0,187,1
2020-08-22,Colusa,011,21464,440,419,0,419,5
2020-08-22,Contra Costa,013,1133247,13865,12522,46,12568,153
2020-08-22,Del Norte,015,27424,112,80,0,80,1
2020-08-22,El Dorado,017,186661,982,900,7,907,2
2020-08-22,Fresno,019,978130,26796,23197,281,23478,235
2020-08-22,Glenn,021,27897,436,421,0,421,2
2020-08-22,Humboldt,023,135768,366,334,1,335,4
2020-08-22,Imperial,025,180216,11121,9244,7,9251,210
2020-08-22,Inyo,027,18085,168,144,3,147,1
2020-08-22,Kern,029,883053,29256,27807,210,28017,277
2020-08-22,Kings,031,150075,6063,5447,29,5476,60
2020-08-22,Lake,033,64148,323,291,0,291,2
2020-08-22,Lassen,035,31185,720,693,2,695,0
2020-08-22,Los Angeles,037,10098052,236424,230858,1052,231910,5540
2020-08-22,Madera,039,155013,3786,3330,23,3353,32
2020-08-22,Marin,041,260295,6030,5789,14,5803,49
2020-08-22,Mariposa,043,17540,71,66,0,66,2
2020-08-22,Mendocino,045,87422,597,529,0,529,10
2020-08-22,Merced,047,269075,7775,7493,7,7500,69
2020-08-22,Modoc,049,8938,7,5,0,5,0
2020-08-22,Mono,051,14174,163,129,3,132,1
2020-08-22,Monterey,053,433212,7686,7081,16,7097,50
2020-08-22,Napa,055,140530,1426,1328,5,1333,11
2020-08-22,Nevada,057,99092,438,411,13,424,2
2020-08-22,Orange,059,3164182,49265,45131,1103,46234,885
2020-08-22,Placer,061,380077,2949,2734,6,2740,30
2020-08-22,Plumas,063,18699,39,37,0,37,0
2020-08-22,Riverside,065,2383286,52389,49944,54,49998,953
2020-08-22,Sacramento,067,1510023,17548,15516,14,15530,239
2020-08-22,San Benito,069,59416,1032,912,0,912,3
2020-08-22,San Bernardino,071,2135413,47878,44803,283,45086,719
2020-08-22,San Diego,073,3302833,38071,36205,309,36514,673
2020-08-22,San Francisco,075,870044,9225,8568,8,8576,80
2020-08-22,San Joaquin,077,732212,17954,16068,32,16100,305
2020-08-22,San Luis Obispo,079,281455,2938,2660,12,2672,20
2020-08-22,San Mateo,081,765935,8182,7361,8,7369,120
2020-08-22,Santa Barbara,083,443738,7988,7685,67,7752,90
2020-08-22,Santa Clara,085,1922200,17557,15590,35,15625,190
2020-08-22,Santa Cruz,087,273765,1788,1628,14,1642,6
2020-08-22,Shasta,089,179085,598,493,3,496,9
2020-08-22,Sierra,091,2930,6,6,0,6,0
2020-08-22,Siskiyou,093,43540,123,106,8,114,0
2020-08-22,Solano,095,438530,5289,4944,31,4975,32
2020-08-22,Sonoma,097,501317,5546,4891,19,4910,57
2020-08-22,Stanislaus,099,539301,14713,13380,264,13644,170
2020-08-22,Sutter,101,95872,1302,1189,1,1190,8
2020-08-22,Tehama,103,63373,405,368,2,370,1
2020-08-22,Trinity,105,12862,44,8,6,14,0
2020-08-22,Tulare,107,460477,14131,13196,49,13245,222
2020-08-22,Tuolumne,109,53932,193,162,5,167,1
2020-08-22,Ventura,111,848112,10944,9959,71,10030,99
2020-08-22,Yolo,113,214977,2374,2188,4,2192,47
2020-08-22,Yuba,115,75493,800,738,3,741,1
2020-08-21,Alameda,001,1643700,17942,16413,118,16531,232
2020-08-21,Alpine,003,1148,2,2,0,2,0
2020-08-21,Amador,005,37829,266,223,0,223,11
2020-08-21,Butte,007,227075,1795,1582,41,1623,19
2020-08-21,Calaveras,009,45235,218,182,0,182,1
2020-08-21,Colusa,011,21464,438,418,0,418,5
2020-08-21,Contra Costa,013,1133247,13775,12333,45,12378,149
2020-08-21,Del Norte,015,27424,112,78,0,78,1
2020-08-21,El Dorado,017,186661,978,885,7,892,2
2020-08-21,Fresno,019,978130,26626,22840,280,23120,232
2020-08-21,Glenn,021,27897,432,418,0,418,2
2020-08-21,Humboldt,023,135768,363,331,1,332,4
2020-08-21,Imperial,025,180216,11105,9166,7,9173,204
2020-08-21,Inyo,027,18085,168,144,3,147,1
2020-08-21,Kern,029,883053,29197,27567,208,27775,269
2020-08-21,Kings,031,150075,6041,5391,29,5420,60
2020-08-21,Lake,033,64148,321,281,0,281,2
2020-08-21,Lassen,035,31185,720,693,2,695,0
2020-08-21,Los Angeles,037,10098052,235549,229235,1032,230267,5494
2020-08-21,Madera,039,155013,3756,3271,23,3294,31
2020-08-21,Marin,041,260295,6010,5762,14,5776,49
2020-08-21,Mariposa,043,17540,71,66,0,66,2
2020-08-21,Mendocino,045,87422,587,505,0,505,10
2020-08-21,Merced,047,269075,7746,7357,7,7364,69
2020-08-21,Modoc,049,8938,7,5,0,5,0
2020-08-21,Mono,051,14174,163,128,3,131,1
2020-08-21,Monterey,053,433212,7614,6974,16,6990,49
2020-08-21,Napa,055,140530,1417,1317,5,1322,10
2020-08-21,Nevada,057,99092,437,406,13,419,2
2020-08-21,Orange,059,3164182,49124,44625,1094,45719,875
2020-08-21,Placer,061,380077,2933,2698,6,2704,30
2020-08-21,Plumas,063,18699,39,36,0,36,0
2020-08-21,Riverside,065,2383286,52194,49409,54,49463,932
2020-08-21,Sacramento,067,1510023,17425,15247,14,15261,237
2020-08-21,San Benito,069,59416,1022,891,0,891,3
2020-08-21,San Bernardino,071,2135413,47759,44249,279,44528,668
2020-08-21,San Diego,073,3302833,37867,35914,292,36206,652
2020-08-21,San Francisco,075,870044,9175,8375,8,8383,80
2020-08-21,San Joaquin,077,732212,17872,15888,30,15918,301
2020-08-21,San Luis Obispo,079,281455,2915,2640,12,2652,19
2020-08-21,San Mateo,081,765935,8125,7253,8,7261,120
2020-08-21,Santa Barbara,083,443738,7947,7645,67,7712,86
2020-08-21,Santa Clara,085,1922200,17406,15399,35,15434,190
2020-08-21,Santa Cruz,087,273765,1776,1617,14,1631,6
2020-08-21,Shasta,089,179085,598,486,3,489,9
2020-08-21,Sierra,091,2930,6,6,0,6,0
2020-08-21,Siskiyou,093,43540,123,103,6,109,0
2020-08-21,Solano,095,438530,5266,4891,30,4921,32
2020-08-21,Sonoma,097,501317,5476,4816,19,4835,57
2020-08-21,Stanislaus,099,539301,14644,13282,250,13532,161
2020-08-21,Sutter,101,95872,1289,1173,1,1174,8
2020-08-21,Tehama,103,63373,403,357,2,359,1
2020-08-21,Trinity,105,12862,44,8,6,14,0
2020-08-21,Tulare,107,460477,14060,13002,47,13049,217
2020-08-21,Tuolumne,109,53932,185,161,5,166,1
2020-08-21,Ventura,111,848112,10879,9865,69,9934,98
2020-08-21,Yolo,113,214977,2359,2164,4,2168,46
2020-08-21,Yuba,115,75493,796,717,3,720,1
2020-08-20,Alameda,001,1643700,17782,16174,118,16292,229
2020-08-20,Alpine,003,1148,2,2,0,2,0
2020-08-20,Amador,005,37829,264,222,0,222,11
2020-08-20,Butte,007,227075,1746,1549,41,1590,18
2020-08-20,Calaveras,009,45235,215,179,0,179,1
2020-08-20,Colusa,011,21464,436,415,0,415,5
2020-08-20,Contra Costa,013,1133247,13648,12108,44,12152,144
2020-08-20,Del Norte,015,27424,112,78,0,78,1
2020-08-20,El Dorado,017,186661,974,881,7,888,2
2020-08-20,Fresno,019,978130,26445,22535,275,22810,228
2020-08-20,Glenn,021,27897,427,414,0,414,2
2020-08-20,Humboldt,023,135768,358,318,1,319,4
2020-08-20,Imperial,025,180216,11086,9086,7,9093,196
2020-08-20,Inyo,027,18085,167,144,3,147,1
2020-08-20,Kern,029,883053,29029,27337,197,27534,267
2020-08-20,Kings,031,150075,6001,5347,28,5375,59
2020-08-20,Lake,033,64148,316,280,0,280,2
2020-08-20,Lassen,035,31185,719,693,2,695,0
2020-08-20,Los Angeles,037,10098052,234314,227492,1013,228505,5445
2020-08-20,Madera,039,155013,3730,3197,23,3220,31
2020-08-20,Marin,041,260295,5992,5745,14,5759,47
2020-08-20,Mariposa,043,17540,71,67,0,67,2
2020-08-20,Mendocino,045,87422,577,497,0,497,10
2020-08-20,Merced,047,269075,7672,7173,7,7180,68
2020-08-20,Modoc,049,8938,7,5,0,5,0
2020-08-20,Mono,051,14174,163,128,3,131,1
2020-08-20,Monterey,053,433212,7543,6892,16,6908,47
2020-08-20,Napa,055,140530,1411,1306,5,1311,10
2020-08-20,Nevada,057,99092,436,401,13,414,2
2020-08-20,Orange,059,3164182,48897,44299,1084,45383,849
2020-08-20,Placer,061,380077,2917,2681,6,2687,30
2020-08-20,Plumas,063,18699,39,36,0,36,0
2020-08-20,Riverside,065,2383286,51975,48953,53,49006,927
2020-08-20,Sacramento,067,1510023,17182,14992,14,15006,231
2020-08-20,San Benito,069,59416,1009,866,0,866,3
2020-08-20,San Bernardino,071,2135413,47503,43627,275,43902,665
2020-08-20,San Diego,073,3302833,37647,35610,274,35884,644
2020-08-20,San Francisco,075,870044,9089,8262,8,8270,72
2020-08-20,San Joaquin,077,732212,17781,15778,30,15808,297
2020-08-20,San Luis Obispo,079,281455,2895,2590,12,2602,19
2020-08-20,San Mateo,081,765935,8060,7188,8,7196,120
2020-08-20,Santa Barbara,083,443738,7909,7571,67,7638,81
2020-08-20,Santa Clara,085,1922200,17234,15162,35,15197,190
2020-08-20,Santa Cruz,087,273765,1763,1581,14,1595,6
2020-08-20,Shasta,089,179085,597,478,3,481,9
2020-08-20,Sierra,091,2930,6,6,0,6,0
2020-08-20,Siskiyou,093,43540,122,102,1,103,0
2020-08-20,Solano,095,438530,5221,4843,30,4873,31
2020-08-20,Sonoma,097,501317,5404,4737,19,4756,54
2020-08-20,Stanislaus,099,539301,14548,13120,241,13361,161
2020-08-20,Sutter,101,95872,1265,1158,1,1159,8
2020-08-20,Tehama,103,63373,398,350,2,352,1
2020-08-20,Trinity,105,12862,44,8,6,14,0
2020-08-20,Tulare,107,460477,13952,12907,46,12953,217
2020-08-20,Tuolumne,109,53932,181,159,5,164,1
2020-08-20,Ventura,111,848112,10766,9744,68,9812,93
2020-08-20,Yolo,113,214977,2337,2150,4,2154,47
2020-08-20,Yuba,115,75493,779,709,3,712,1
2020-08-19,Alameda,001,1643700,17624,15874,117,15991,226
2020-08-19,Alpine,003,1148,2,2,0,2,0
2020-08-19,Amador,005,37829,263,219,0,219,9
2020-08-19,Butte,007,227075,1703,1517,41,1558,16
2020-08-19,Calaveras,009,45235,213,177,0,177,1
2020-08-19,Colusa,011,21464,435,415,0,415,5
2020-08-19,Contra Costa,013,1133247,13535,11895,43,11938,142
2020-08-19,Del Norte,015,27424,112,78,0,78,1
2020-08-19,El Dorado,017,186661,968,870,7,877,2
2020-08-19,Fresno,019,978130,26256,22167,266,22433,221
2020-08-19,Glenn,021,27897,425,414,0,414,2
2020-08-19,Humboldt,023,135768,355,316,1,317,4
2020-08-19,Imperial,025,180216,11058,9041,7,9048,192
2020-08-19,Inyo,027,18085,165,140,3,143,1
2020-08-19,Kern,029,883053,28912,27142,193,27335,263
2020-08-19,Kings,031,150075,5828,5301,26,5327,59
2020-08-19,Lake,033,64148,313,277,0,277,2
2020-08-19,Lassen,035,31185,711,693,2,695,0
2020-08-19,Los Angeles,037,10098052,233036,226006,973,226979,5399
2020-08-19,Madera,039,155013,3696,3158,21,3179,30
2020-08-19,Marin,041,260295,5969,5723,13,5736,46
2020-08-19,Mariposa,043,17540,71,64,0,64,2
2020-08-19,Mendocino,045,87422,560,495,0,495,8
2020-08-19,Merced,047,269075,7545,7082,4,7086,66
2020-08-19,Modoc,049,8938,7,5,0,5,0
2020-08-19,Mono,051,14174,163,128,3,131,1
2020-08-19,Monterey,053,433212,7443,6693,16,6709,45
2020-08-19,Napa,055,140530,1405,1293,5,1298,10
2020-08-19,Nevada,057,99092,429,398,13,411,2
2020-08-19,Orange,059,3164182,48692,43938,1081,45019,829
2020-08-19,Placer,061,380077,2895,2659,6,2665,28
2020-08-19,Plumas,063,18699,39,36,0,36,0
2020-08-19,Riverside,065,2383286,51725,48741,53,48794,922
2020-08-19,Sacramento,067,1510023,17002,14764,14,14778,229
2020-08-19,San Benito,069,59416,992,853,0,853,3
2020-08-19,San Bernardino,071,2135413,47207,43224,269,43493,661
2020-08-19,San Diego,073,3302833,37397,35378,259,35637,638
2020-08-19,San Francisco,075,870044,9025,8236,8,8244,72
2020-08-19,San Joaquin,077,732212,17659,15677,29,15706,296
2020-08-19,San Luis Obispo,079,281455,2855,2553,12,2565,19
2020-08-19,San Mateo,081,765935,7991,7146,8,7154,119
2020-08-19,Santa Barbara,083,443738,7860,7499,67,7566,80
2020-08-19,Santa Clara,085,1922200,17089,14994,35,15029,189
2020-08-19,Santa Cruz,087,273765,1737,1554,14,1568,6
2020-08-19,Shasta,089,179085,593,475,3,478,9
2020-08-19,Sierra,091,2930,6,6,0,6,0
2020-08-19,Siskiyou,093,43540,121,103,1,104,0
2020-08-19,Solano,095,438530,5180,4807,30,4837,31
2020-08-19,Sonoma,097,501317,5324,4614,19,4633,54
2020-08-19,Stanislaus,099,539301,14445,13084,219,13303,160
2020-08-19,Sutter,101,95872,1231,1146,1,1147,8
2020-08-19,Tehama,103,63373,392,342,2,344,1
2020-08-19,Trinity,105,12862,43,8,6,14,0
2020-08-19,Tulare,107,460477,13854,12756,46,12802,217
2020-08-19,Tuolumne,109,53932,178,159,5,164,1
2020-08-19,Ventura,111,848112,10674,9587,66,9653,91
2020-08-19,Yolo,113,214977,2315,2126,4,2130,47
2020-08-19,Yuba,115,75493,767,701,3,704,1
2020-08-18,Alameda,001,1643700,17446,15627,115,15742,223
2020-08-18,Alpine,003,1148,2,2,0,2,0
2020-08-18,Amador,005,37829,262,215,0,215,9
2020-08-18,Butte,007,227075,1670,1491,41,1532,16
2020-08-18,Calaveras,009,45235,210,174,0,174,1
2020-08-18,Colusa,011,21464,434,415,0,415,5
2020-08-18,Contra Costa,013,1133247,13414,11689,41,11730,141
2020-08-18,Del Norte,015,27424,111,78,0,78,0
2020-08-18,El Dorado,017,186661,963,866,7,873,2
2020-08-18,Fresno,019,978130,26034,21798,260,22058,212
2020-08-18,Glenn,021,27897,425,407,0,407,2
2020-08-18,Humboldt,023,135768,353,315,1,316,4
2020-08-18,Imperial,025,180216,11024,8968,7,8975,189
2020-08-18,Inyo,027,18085,164,140,3,143,1
2020-08-18,Kern,029,883053,28759,26978,189,27167,263
2020-08-18,Kings,031,150075,5793,5269,25,5294,58
2020-08-18,Lake,033,64148,310,274,0,274,2
2020-08-18,Lassen,035,31185,711,693,2,695,0
2020-08-18,Los Angeles,037,10098052,231768,224218,937,225155,5339
2020-08-18,Madera,039,155013,3668,3125,21,3146,28
2020-08-18,Marin,041,260295,5939,5708,13,5721,47
2020-08-18,Mariposa,043,17540,71,61,0,61,2
2020-08-18,Mendocino,045,87422,551,468,0,468,8
2020-08-18,Merced,047,269075,7497,6940,4,6944,66
2020-08-18,Modoc,049,8938,7,5,0,5,0
2020-08-18,Mono,051,14174,162,129,3,132,1
2020-08-18,Monterey,053,433212,7351,6691,15,6706,44
2020-08-18,Napa,055,140530,1401,1274,5,1279,10
2020-08-18,Nevada,057,99092,422,389,13,402,2
2020-08-18,Orange,059,3164182,48467,43659,1067,44726,809
2020-08-18,Placer,061,380077,2869,2644,5,2649,28
2020-08-18,Plumas,063,18699,39,34,0,34,0
2020-08-18,Riverside,065,2383286,51393,48447,53,48500,917
2020-08-18,Sacramento,067,1510023,16772,14610,13,14623,222
2020-08-18,San Benito,069,59416,972,836,0,836,3
2020-08-18,San Bernardino,071,2135413,46926,42827,263,43090,648
2020-08-18,San Diego,073,3302833,37104,35164,227,35391,633
2020-08-18,San Francisco,075,870044,8940,8016,8,8024,72
2020-08-18,San Joaquin,077,732212,17545,15509,28,15537,290
2020-08-18,San Luis Obispo,079,281455,2830,2535,11,2546,18
2020-08-18,San Mateo,081,765935,7930,7074,8,7082,119
2020-08-18,Santa Barbara,083,443738,7818,7472,67,7539,81
2020-08-18,Santa Clara,085,1922200,16920,14786,34,14820,184
2020-08-18,Santa Cruz,087,273765,1724,1509,14,1523,6
2020-08-18,Shasta,089,179085,589,468,3,471,9
2020-08-18,Sierra,091,2930,6,6,0,6,0
2020-08-18,Siskiyou,093,43540,120,103,1,104,0
2020-08-18,Solano,095,438530,5153,4700,30,4730,31
2020-08-18,Sonoma,097,501317,5255,4506,19,4525,48
2020-08-18,Stanislaus,099,539301,14347,12935,203,13138,149
2020-08-18,Sutter,101,95872,1212,1126,1,1127,8
2020-08-18,Tehama,103,63373,382,333,2,335,1
2020-08-18,Trinity,105,12862,41,8,6,14,0
2020-08-18,Tulare,107,460477,13724,12637,43,12680,212
2020-08-18,Tuolumne,109,53932,175,159,5,164,1
2020-08-18,Ventura,111,848112,10584,9536,61,9597,89
2020-08-18,Yolo,113,214977,2293,2102,4,2106,47
2020-08-18,Yuba,115,75493,759,679,3,682,1
2020-08-17,Alameda,001,1643700,17253,15454,114,15568,221
2020-08-17,Alpine,003,1148,2,2,0,2,0
2020-08-17,Amador,005,37829,262,215,0,215,9
2020-08-17,Butte,007,227075,1625,1463,41,1504,15
2020-08-17,Calaveras,009,45235,206,167,0,167,1
2020-08-17,Colusa,011,21464,431,408,0,408,5
2020-08-17,Contra Costa,013,1133247,13277,11442,41,11483,141
2020-08-17,Del Norte,015,27424,107,77,0,77,0
2020-08-17,El Dorado,017,186661,960,846,7,853,2
2020-08-17,Fresno,019,978130,25827,21316,253,21569,211
2020-08-17,Glenn,021,27897,424,402,0,402,2
2020-08-17,Humboldt,023,135768,349,302,1,303,4
2020-08-17,Imperial,025,180216,10983,8897,7,8904,188
2020-08-17,Inyo,027,18085,156,124,3,127,1
2020-08-17,Kern,029,883053,28612,26773,179,26952,249
2020-08-17,Kings,031,150075,5755,5249,25,5274,58
2020-08-17,Lake,033,64148,305,270,0,270,2
2020-08-17,Lassen,035,31185,711,666,2,668,0
2020-08-17,Los Angeles,037,10098052,230249,223418,893,224311,5282
2020-08-17,Madera,039,155013,3625,3050,20,3070,26
2020-08-17,Marin,041,260295,5916,5683,12,5695,46
2020-08-17,Mariposa,043,17540,71,61,0,61,2
2020-08-17,Mendocino,045,87422,533,454,0,454,8
2020-08-17,Merced,047,269075,7402,6814,4,6818,66
2020-08-17,Modoc,049,8938,7,5,0,5,0
2020-08-17,Mono,051,14174,162,126,3,129,1
2020-08-17,Monterey,053,433212,7251,6553,15,6568,44
2020-08-17,Napa,055,140530,1380,1255,5,1260,10
2020-08-17,Nevada,057,99092,417,383,13,396,2
2020-08-17,Orange,059,3164182,48257,43621,1054,44675,804
2020-08-17,Placer,061,380077,2844,2609,5,2614,28
2020-08-17,Plumas,063,18699,39,33,0,33,0
2020-08-17,Riverside,065,2383286,51059,48062,51,48113,916
2020-08-17,Sacramento,067,1510023,16552,14333,13,14346,219
2020-08-17,San Benito,069,59416,957,822,0,822,2
2020-08-17,San Bernardino,071,2135413,46582,42005,254,42259,604
2020-08-17,San Diego,073,3302833,36838,34962,213,35175,626
2020-08-17,San Francisco,075,870044,8869,7600,8,7608,72
2020-08-17,San Joaquin,077,732212,17383,15323,27,15350,280
2020-08-17,San Luis Obispo,079,281455,2797,2527,11,2538,18
2020-08-17,San Mateo,081,765935,7873,6987,7,6994,118
2020-08-17,Santa Barbara,083,443738,7776,7438,67,7505,80
2020-08-17,Santa Clara,085,1922200,16695,14546,34,14580,183
2020-08-17,Santa Cruz,087,273765,1708,1453,13,1466,6
2020-08-17,Shasta,089,179085,583,467,3,470,9
2020-08-17,Sierra,091,2930,6,6,0,6,0
2020-08-17,Siskiyou,093,43540,119,103,0,103,0
2020-08-17,Solano,095,438530,5096,4479,30,4509,31
2020-08-17,Sonoma,097,501317,5167,4402,17,4419,48
2020-08-17,Stanislaus,099,539301,14222,12745,196,12941,148
2020-08-17,Sutter,101,95872,1196,1071,1,1072,8
2020-08-17,Tehama,103,63373,372,324,2,326,1
2020-08-17,Trinity,105,12862,41,8,6,14,0
2020-08-17,Tulare,107,460477,13612,12487,42,12529,210
2020-08-17,Tuolumne,109,53932,172,157,5,162,1
2020-08-17,Ventura,111,848112,10461,9490,56,9546,89
2020-08-17,Yolo,113,214977,2266,2083,4,2087,47
2020-08-17,Yuba,115,75493,744,647,3,650,1
2020-08-16,Alameda,001,1643700,16962,15338,114,15452,221
2020-08-16,Alpine,003,1148,2,2,0,2,0
2020-08-16,Amador,005,37829,259,215,0,215,9
2020-08-16,Butte,007,227075,1587,1432,41,1473,15
2020-08-16,Calaveras,009,45235,199,167,0,167,1
2020-08-16,Colusa,011,21464,429,407,0,407,5
2020-08-16,Contra Costa,013,1133247,13091,11255,41,11296,140
2020-08-16,Del Norte,015,27424,103,77,0,77,0
2020-08-16,El Dorado,017,186661,948,843,7,850,2
2020-08-16,Fresno,019,978130,25606,21010,248,21258,211
2020-08-16,Glenn,021,27897,422,400,0,400,2
2020-08-16,Humboldt,023,135768,347,301,1,302,4
2020-08-16,Imperial,025,180216,10939,8883,7,8890,188
2020-08-16,Inyo,027,18085,149,125,2,127,1
2020-08-16,Kern,029,883053,28413,26520,171,26691,249
2020-08-16,Kings,031,150075,5724,5146,25,5171,58
2020-08-16,Lake,033,64148,301,269,0,269,2
2020-08-16,Lassen,035,31185,711,666,2,668,0
2020-08-16,Los Angeles,037,10098052,228679,222236,864,223100,5263
2020-08-16,Madera,039,155013,3580,3013,20,3033,26
2020-08-16,Marin,041,260295,5890,5664,12,5676,46
2020-08-16,Mariposa,043,17540,71,61,0,61,2
2020-08-16,Mendocino,045,87422,525,451,0,451,8
2020-08-16,Merced,047,269075,7320,6744,4,6748,66
2020-08-16,Modoc,049,8938,7,5,0,5,0
2020-08-16,Mono,051,14174,162,126,3,129,1
2020-08-16,Monterey,053,433212,7153,6516,14,6530,44
2020-08-16,Napa,055,140530,1362,1241,3,1244,10
2020-08-16,Nevada,057,99092,408,379,13,392,2
2020-08-16,Orange,059,3164182,48007,43303,1043,44346,803
2020-08-16,Placer,061,380077,2815,2583,4,2587,28
2020-08-16,Plumas,063,18699,39,33,0,33,0
2020-08-16,Riverside,065,2383286,50728,47669,50,47719,910
2020-08-16,Sacramento,067,1510023,16312,14210,13,14223,219
2020-08-16,San Benito,069,59416,928,815,0,815,2
2020-08-16,San Bernardino,071,2135413,46159,41724,246,41970,603
2020-08-16,San Diego,073,3302833,36574,34680,198,34878,626
2020-08-16,San Francisco,075,870044,8782,7602,8,7610,72
2020-08-16,San Joaquin,077,732212,17182,15288,27,15315,280
2020-08-16,San Luis Obispo,079,281455,2768,2494,11,2505,17
2020-08-16,San Mateo,081,765935,7799,6942,7,6949,118
2020-08-16,Santa Barbara,083,443738,7727,7368,67,7435,79
2020-08-16,Santa Clara,085,1922200,16495,14329,34,14363,183
2020-08-16,Santa Cruz,087,273765,1681,1449,12,1461,6
2020-08-16,Shasta,089,179085,576,465,3,468,9
2020-08-16,Sierra,091,2930,6,6,0,6,0
2020-08-16,Siskiyou,093,43540,118,102,0,102,0
2020-08-16,Solano,095,438530,5036,4479,30,4509,31
2020-08-16,Sonoma,097,501317,5063,4329,17,4346,46
2020-08-16,Stanislaus,099,539301,14064,12668,186,12854,148
2020-08-16,Sutter,101,95872,1178,1071,1,1072,8
2020-08-16,Tehama,103,63373,363,318,2,320,1
2020-08-16,Trinity,105,12862,38,8,6,14,0
2020-08-16,Tulare,107,460477,13480,12334,39,12373,211
2020-08-16,Tuolumne,109,53932,172,156,5,161,1
2020-08-16,Ventura,111,848112,10352,9408,51,9459,89
2020-08-16,Yolo,113,214977,2247,2057,4,2061,47
2020-08-16,Yuba,115,75493,735,647,2,649,1
2020-08-15,Alameda,001,1643700,16885,15165,114,15279,221
2020-08-15,Alpine,003,1148,2,2,0,2,0
2020-08-15,Amador,005,37829,259,210,0,210,9
2020-08-15,Butte,007,227075,1566,1409,41,1450,15
2020-08-15,Calaveras,009,45235,197,167,0,167,1
2020-08-15,Colusa,011,21464,428,401,0,401,5
2020-08-15,Contra Costa,013,1133247,12995,11106,41,11147,138
2020-08-15,Del Norte,015,27424,103,77,0,77,0
2020-08-15,El Dorado,017,186661,943,838,7,845,2
2020-08-15,Fresno,019,978130,25491,20603,246,20849,211
2020-08-15,Glenn,021,27897,422,398,0,398,2
2020-08-15,Humboldt,023,135768,346,301,1,302,4
2020-08-15,Imperial,025,180216,10919,8794,7,8801,188
2020-08-15,Inyo,027,18085,149,123,2,125,1
2020-08-15,Kern,029,883053,28325,26338,171,26509,249
2020-08-15,Kings,031,150075,5706,5039,25,5064,56
2020-08-15,Lake,033,64148,299,268,0,268,2
2020-08-15,Lassen,035,31185,711,666,2,668,0
2020-08-15,Los Angeles,037,10098052,227928,221043,854,221897,5252
2020-08-15,Madera,039,155013,3530,2950,20,2970,26
2020-08-15,Marin,041,260295,5883,5628,12,5640,46
2020-08-15,Mariposa,043,17540,71,61,0,61,2
2020-08-15,Mendocino,045,87422,521,444,0,444,8
2020-08-15,Merced,047,269075,7285,6656,4,6660,66
2020-08-15,Modoc,049,8938,7,5,0,5,0
2020-08-15,Mono,051,14174,162,126,3,129,1
2020-08-15,Monterey,053,433212,7108,6162,14,6176,44
2020-08-15,Napa,055,140530,1352,1232,3,1235,10
2020-08-15,Nevada,057,99092,408,376,13,389,2
2020-08-15,Orange,059,3164182,47894,42811,1032,43843,801
2020-08-15,Placer,061,380077,2794,2551,4,2555,27
2020-08-15,Plumas,063,18699,39,33,0,33,0
2020-08-15,Riverside,065,2383286,50577,46720,50,46770,910
2020-08-15,Sacramento,067,1510023,16202,14018,13,14031,219
2020-08-15,San Benito,069,59416,915,805,0,805,2
2020-08-15,San Bernardino,071,2135413,46007,41231,244,41475,602
2020-08-15,San Diego,073,3302833,36408,34346,184,34530,639
2020-08-15,San Francisco,075,870044,8720,7601,8,7609,69
2020-08-15,San Joaquin,077,732212,17108,15113,27,15140,280
2020-08-15,San Luis Obispo,079,281455,2751,2461,11,2472,17
2020-08-15,San Mateo,081,765935,7762,6860,7,6867,118
2020-08-15,Santa Barbara,083,443738,7699,7338,67,7405,79
2020-08-15,Santa Clara,085,1922200,16399,14105,34,14139,183
2020-08-15,Santa Cruz,087,273765,1660,1449,12,1461,6
2020-08-15,Shasta,089,179085,573,458,3,461,9
2020-08-15,Sierra,091,2930,6,6,0,6,0
2020-08-15,Siskiyou,093,43540,117,100,0,100,0
2020-08-15,Solano,095,438530,5014,4477,30,4507,31
2020-08-15,Sonoma,097,501317,5008,4134,17,4151,45
2020-08-15,Stanislaus,099,539301,14000,12541,185,12726,149
2020-08-15,Sutter,101,95872,1167,1046,1,1047,8
2020-08-15,Tehama,103,63373,362,312,2,314,1
2020-08-15,Trinity,105,12862,36,6,6,12,0
2020-08-15,Tulare,107,460477,13441,12262,39,12301,211
2020-08-15,Tuolumne,109,53932,172,155,5,160,1
2020-08-15,Ventura,111,848112,10293,9379,49,9428,89
2020-08-15,Yolo,113,214977,2235,2031,4,2035,46
2020-08-15,Yuba,115,75493,731,623,2,625,1
2020-08-14,Alameda,001,1643700,16745,14909,114,15023,221
2020-08-14,Alpine,003,1148,2,2,0,2,0
2020-08-14,Amador,005,37829,259,209,0,209,9
2020-08-14,Butte,007,227075,1558,1384,41,1425,15
2020-08-14,Calaveras,009,45235,193,165,0,165,1
2020-08-14,Colusa,011,21464,426,399,0,399,5
2020-08-14,Contra Costa,013,1133247,12883,10893,41,10934,137
2020-08-14,Del Norte,015,27424,103,76,0,76,0
2020-08-14,El Dorado,017,186661,935,827,7,834,2
2020-08-14,Fresno,019,978130,25357,19900,246,20146,208
2020-08-14,Glenn,021,27897,420,395,0,395,2
2020-08-14,Humboldt,023,135768,340,294,1,295,4
2020-08-14,Imperial,025,180216,10895,8756,7,8763,185
2020-08-14,Inyo,027,18085,148,115,2,117,1
2020-08-14,Kern,029,883053,28221,25893,170,26063,249
2020-08-14,Kings,031,150075,5692,4953,25,4978,56
2020-08-14,Lake,033,64148,290,267,0,267,2
2020-08-14,Lassen,035,31185,711,665,2,667,0
2020-08-14,Los Angeles,037,10098052,226754,219083,838,219921,5222
2020-08-14,Madera,039,155013,3500,2876,20,2896,26
2020-08-14,Marin,041,260295,5872,5601,12,5613,46
2020-08-14,Mariposa,043,17540,70,61,0,61,2
2020-08-14,Mendocino,045,87422,512,432,0,432,8
2020-08-14,Merced,047,269075,7255,6466,4,6470,67
2020-08-14,Modoc,049,8938,7,5,0,5,0
2020-08-14,Mono,051,14174,162,126,3,129,1
2020-08-14,Monterey,053,433212,7057,6121,14,6135,41
2020-08-14,Napa,055,140530,1342,1230,3,1233,10
2020-08-14,Nevada,057,99092,404,377,13,390,2
2020-08-14,Orange,059,3164182,47744,42399,1020,43419,798
2020-08-14,Placer,061,380077,2775,2546,4,2550,26
2020-08-14,Plumas,063,18699,38,33,0,33,0
2020-08-14,Riverside,065,2383286,50347,46456,50,46506,891
2020-08-14,Sacramento,067,1510023,16053,13645,13,13658,212
2020-08-14,San Benito,069,59416,898,783,0,783,2
2020-08-14,San Bernardino,071,2135413,45820,40442,241,40683,594
2020-08-14,San Diego,073,3302833,36214,34067,177,34244,622
2020-08-14,San Francisco,075,870044,8662,7467,8,7475,69
2020-08-14,San Joaquin,077,732212,17008,14925,27,14952,276
2020-08-14,San Luis Obispo,079,281455,2736,2422,11,2433,17
2020-08-14,San Mateo,081,765935,7703,6655,7,6662,118
2020-08-14,Santa Barbara,083,443738,7649,7302,67,7369,77
2020-08-14,Santa Clara,085,1922200,16229,13785,33,13818,183
2020-08-14,Santa Cruz,087,273765,1638,1418,11,1429,6
2020-08-14,Shasta,089,179085,568,446,3,449,9
2020-08-14,Sierra,091,2930,6,5,0,5,0
2020-08-14,Siskiyou,093,43540,117,98,0,98,0
2020-08-14,Solano,095,438530,4993,4421,30,4451,31
2020-08-14,Sonoma,097,501317,4949,4087,14,4101,45
2020-08-14,Stanislaus,099,539301,13922,12379,181,12560,140
2020-08-14,Sutter,101,95872,1159,1039,1,1040,8
2020-08-14,Tehama,103,63373,357,305,2,307,1
2020-08-14,Trinity,105,12862,36,6,6,12,0
2020-08-14,Tulare,107,460477,13364,12009,39,12048,211
2020-08-14,Tuolumne,109,53932,171,155,5,160,1
2020-08-14,Ventura,111,848112,10218,9313,49,9362,89
2020-08-14,Yolo,113,214977,2221,1991,4,1995,45
2020-08-14,Yuba,115,75493,715,606,2,608,1
2020-08-13,Alameda,001,1643700,16464,14385,114,14499,218
2020-08-13,Alpine,003,1148,2,2,0,2,0
2020-08-13,Amador,005,37829,259,198,0,198,8
2020-08-13,Butte,007,227075,1534,1345,41,1386,15
2020-08-13,Calaveras,009,45235,191,162,0,162,1
2020-08-13,Colusa,011,21464,426,395,0,395,5
2020-08-13,Contra Costa,013,1133247,12729,10545,40,10585,136
2020-08-13,Del Norte,015,27424,102,74,0,74,0
2020-08-13,El Dorado,017,186661,930,803,7,810,2
2020-08-13,Fresno,019,978130,25131,19157,240,19397,201
2020-08-13,Glenn,021,27897,416,392,0,392,1
2020-08-13,Humboldt,023,135768,332,281,1,282,4
2020-08-13,Imperial,025,180216,10864,8640,7,8647,170
2020-08-13,Inyo,027,18085,144,97,2,99,1
2020-08-13,Kern,029,883053,28054,25472,167,25639,242
2020-08-13,Kings,031,150075,5657,4824,25,4849,52
2020-08-13,Lake,033,64148,285,263,0,263,2
2020-08-13,Lassen,035,31185,711,652,2,654,0
2020-08-13,Los Angeles,037,10098052,225374,216497,816,217313,5179
2020-08-13,Madera,039,155013,3456,2675,19,2694,25
2020-08-13,Marin,041,260295,5856,5503,12,5515,44
2020-08-13,Mariposa,043,17540,69,61,0,61,2
2020-08-13,Mendocino,045,87422,507,401,0,401,8
2020-08-13,Merced,047,269075,7138,5945,4,5949,63
2020-08-13,Modoc,049,8938,7,5,0,5,0
2020-08-13,Mono,051,14174,162,124,3,127,1
2020-08-13,Monterey,053,433212,6974,5925,14,5939,38
2020-08-13,Napa,055,140530,1333,1179,3,1182,10
2020-08-13,Nevada,057,99092,400,362,13,375,1
2020-08-13,Orange,059,3164182,47505,42019,1008,43027,773
2020-08-13,Placer,061,380077,2752,2460,4,2464,26
2020-08-13,Plumas,063,18699,38,32,0,32,0
2020-08-13,Riverside,065,2383286,50051,45327,50,45377,885
2020-08-13,Sacramento,067,1510023,15849,13237,13,13250,197
2020-08-13,San Benito,069,59416,869,757,0,757,2
2020-08-13,San Bernardino,071,2135413,45423,39395,234,39629,591
2020-08-13,San Diego,073,3302833,35978,33661,159,33820,627
2020-08-13,San Francisco,075,870044,8568,7277,8,7285,69
2020-08-13,San Joaquin,077,732212,16852,14537,26,14563,261
2020-08-13,San Luis Obispo,079,281455,2714,2283,11,2294,16
2020-08-13,San Mateo,081,765935,7641,6503,7,6510,117
2020-08-13,Santa Barbara,083,443738,7604,7129,66,7195,74
2020-08-13,Santa Clara,085,1922200,16007,13257,33,13290,182
2020-08-13,Santa Cruz,087,273765,1613,1383,11,1394,6
2020-08-13,Shasta,089,179085,563,428,3,431,9
2020-08-13,Sierra,091,2930,6,5,0,5,0
2020-08-13,Siskiyou,093,43540,117,95,0,95,0
2020-08-13,Solano,095,438530,4956,4305,30,4335,31
2020-08-13,Sonoma,097,501317,4875,3902,14,3916,45
2020-08-13,Stanislaus,099,539301,13793,11953,165,12118,136
2020-08-13,Sutter,101,95872,1138,992,1,993,8
2020-08-13,Tehama,103,63373,348,302,2,304,1
2020-08-13,Trinity,105,12862,35,6,6,12,0
2020-08-13,Tulare,107,460477,13220,11692,36,11728,210
2020-08-13,Tuolumne,109,53932,170,152,5,157,1
2020-08-13,Ventura,111,848112,10129,9114,49,9163,90
2020-08-13,Yolo,113,214977,2194,1938,4,1942,44
2020-08-13,Yuba,115,75493,699,568,2,570,1
2020-08-12,Alameda,001,1643700,16251,14214,114,14328,215
2020-08-12,Alpine,003,1148,2,2,0,2,0
2020-08-12,Amador,005,37829,256,197,0,197,8
2020-08-12,Butte,007,227075,1505,1317,41,1358,15
2020-08-12,Calaveras,009,45235,188,157,0,157,1
2020-08-12,Colusa,011,21464,421,394,0,394,5
2020-08-12,Contra Costa,013,1133247,12584,10304,39,10343,134
2020-08-12,Del Norte,015,27424,101,74,0,74,0
2020-08-12,El Dorado,017,186661,912,794,7,801,2
2020-08-12,Fresno,019,978130,24899,18690,234,18924,194
2020-08-12,Glenn,021,27897,413,388,0,388,1
2020-08-12,Humboldt,023,135768,325,281,1,282,4
2020-08-12,Imperial,025,180216,10841,8566,7,8573,167
2020-08-12,Inyo,027,18085,127,97,2,99,1
2020-08-12,Kern,029,883053,27862,25191,165,25356,232
2020-08-12,Kings,031,150075,5618,4736,25,4761,50
2020-08-12,Lake,033,64148,283,253,0,253,2
2020-08-12,Lassen,035,31185,710,651,2,653,0
2020-08-12,Los Angeles,037,10098052,223975,214542,800,215342,5119
2020-08-12,Madera,039,155013,3422,2681,17,2698,23
2020-08-12,Marin,041,260295,5834,5423,12,5435,44
2020-08-12,Mariposa,043,17540,69,61,0,61,2
2020-08-12,Mendocino,045,87422,488,386,0,386,9
2020-08-12,Merced,047,269075,7076,5777,4,5781,66
2020-08-12,Modoc,049,8938,7,5,0,5,0
2020-08-12,Mono,051,14174,161,124,3,127,1
2020-08-12,Monterey,053,433212,6870,5919,14,5933,38
2020-08-12,Napa,055,140530,1323,1161,3,1164,10
2020-08-12,Nevada,057,99092,395,357,13,370,1
2020-08-12,Orange,059,3164182,47254,41576,984,42560,754
2020-08-12,Placer,061,380077,2720,2417,4,2421,25
2020-08-12,Plumas,063,18699,38,31,0,31,0
2020-08-12,Riverside,065,2383286,49703,44747,50,44797,867
2020-08-12,Sacramento,067,1510023,15637,12528,13,12541,189
2020-08-12,San Benito,069,59416,856,751,0,751,2
2020-08-12,San Bernardino,071,2135413,45080,38811,225,39036,589
2020-08-12,San Diego,073,3302833,35769,33395,139,33534,608
2020-08-12,San Francisco,075,870044,8485,7194,8,7202,66
2020-08-12,San Joaquin,077,732212,16704,14154,26,14180,253
2020-08-12,San Luis Obispo,079,281455,2689,2263,11,2274,15
2020-08-12,San Mateo,081,765935,7562,6427,7,6434,117
2020-08-12,Santa Barbara,083,443738,7544,7049,64,7113,74
2020-08-12,Santa Clara,085,1922200,15832,13002,33,13035,182
2020-08-12,Santa Cruz,087,273765,1584,1382,10,1392,6
2020-08-12,Shasta,089,179085,559,417,3,420,9
2020-08-12,Sierra,091,2930,5,4,0,4,0
2020-08-12,Siskiyou,093,43540,116,90,0,90,0
2020-08-12,Solano,095,438530,4911,4258,30,4288,31
2020-08-12,Sonoma,097,501317,4801,3847,14,3861,47
2020-08-12,Stanislaus,099,539301,13653,11682,158,11840,136
2020-08-12,Sutter,101,95872,1114,987,1,988,7
2020-08-12,Tehama,103,63373,338,289,2,291,1
2020-08-12,Trinity,105,12862,34,6,6,12,0
2020-08-12,Tulare,107,460477,13092,11460,36,11496,211
2020-08-12,Tuolumne,109,53932,169,150,5,155,1
2020-08-12,Ventura,111,848112,10042,9005,49,9054,87
2020-08-12,Yolo,113,214977,2170,1921,4,1925,44
2020-08-12,Yuba,115,75493,677,549,1,550,1
2020-08-11,Alameda,001,1643700,15990,13960,111,14071,204
2020-08-11,Alpine,003,1148,2,2,0,2,0
2020-08-11,Amador,005,37829,250,187,0,187,3
2020-08-11,Butte,007,227075,1477,1296,41,1337,15
2020-08-11,Calaveras,009,45235,186,161,0,161,1
2020-08-11,Colusa,011,21464,416,390,0,390,5
2020-08-11,Contra Costa,013,1133247,12396,10012,37,10049,131
2020-08-11,Del Norte,015,27424,100,73,0,73,0
2020-08-11,El Dorado,017,186661,905,786,6,792,2
2020-08-11,Fresno,019,978130,24577,18344,231,18575,187
2020-08-11,Glenn,021,27897,411,380,0,380,1
2020-08-11,Humboldt,023,135768,320,283,1,284,4
2020-08-11,Imperial,025,180216,10786,8518,7,8525,165
2020-08-11,Inyo,027,18085,122,97,2,99,1
2020-08-11,Kern,029,883053,27527,25042,163,25205,230
2020-08-11,Kings,031,150075,5427,4696,25,4721,50
2020-08-11,Lake,033,64148,280,243,0,243,2
2020-08-11,Lassen,035,31185,704,605,2,607,0
2020-08-11,Los Angeles,037,10098052,222474,212421,777,213198,5065
2020-08-11,Madera,039,155013,3368,2673,17,2690,22
2020-08-11,Marin,041,260295,5807,5287,11,5298,44
2020-08-11,Mariposa,043,17540,68,60,0,60,2
2020-08-11,Mendocino,045,87422,478,385,0,385,9
2020-08-11,Merced,047,269075,6981,5322,3,5325,65
2020-08-11,Modoc,049,8938,7,5,0,5,0
2020-08-11,Mono,051,14174,161,124,3,127,1
2020-08-11,Monterey,053,433212,6761,5624,14,5638,36
2020-08-11,Napa,055,140530,1312,1143,2,1145,11
2020-08-11,Nevada,057,99092,392,358,13,371,1
2020-08-11,Orange,059,3164182,47034,41205,963,42168,742
2020-08-11,Placer,061,380077,2688,2393,4,2397,24
2020-08-11,Plumas,063,18699,38,31,0,31,0
2020-08-11,Riverside,065,2383286,49346,44237,50,44287,836
2020-08-11,Sacramento,067,1510023,15346,12298,13,12311,182
2020-08-11,San Benito,069,59416,844,750,0,750,2
2020-08-11,San Bernardino,071,2135413,44740,38467,218,38685,584
2020-08-11,San Diego,073,3302833,35502,33159,120,33279,602
2020-08-11,San Francisco,075,870044,8389,6988,8,6996,66
2020-08-11,San Joaquin,077,732212,16526,13997,21,14018,251
2020-08-11,San Luis Obispo,079,281455,2632,2234,11,2245,15
2020-08-11,San Mateo,081,765935,7488,6339,7,6346,117
2020-08-11,Santa Barbara,083,443738,7495,6942,64,7006,70
2020-08-11,Santa Clara,085,1922200,15611,12920,33,12953,183
2020-08-11,Santa Cruz,087,273765,1561,1352,10,1362,4
2020-08-11,Shasta,089,179085,555,416,3,419,9
2020-08-11,Sierra,091,2930,5,4,0,4,0
2020-08-11,Siskiyou,093,43540,116,90,0,90,0
2020-08-11,Solano,095,438530,4863,4206,29,4235,31
2020-08-11,Sonoma,097,501317,4706,3752,14,3766,45
2020-08-11,Stanislaus,099,539301,13549,11592,146,11738,128
2020-08-11,Sutter,101,95872,1092,964,1,965,7
2020-08-11,Tehama,103,63373,334,289,2,291,1
2020-08-11,Trinity,105,12862,34,5,6,11,0
2020-08-11,Tulare,107,460477,12967,11392,35,11427,201
2020-08-11,Tuolumne,109,53932,165,146,5,151,1
2020-08-11,Ventura,111,848112,9974,8953,48,9001,88
2020-08-11,Yolo,113,214977,2148,1912,4,1916,44
2020-08-11,Yuba,115,75493,666,540,1,541,1
2020-08-10,Alameda,001,1643700,15750,13420,109,13529,203
2020-08-10,Alpine,003,1148,2,2,0,2,0
2020-08-10,Amador,005,37829,249,172,0,172,2
2020-08-10,Butte,007,227075,1453,1174,39,1213,15
2020-08-10,Calaveras,009,45235,175,121,0,121,1
2020-08-10,Colusa,011,21464,414,387,0,387,4
2020-08-10,Contra Costa,013,1133247,12242,9454,35,9489,130
2020-08-10,Del Norte,015,27424,98,69,0,69,0
2020-08-10,El Dorado,017,186661,893,771,6,777,2
2020-08-10,Fresno,019,978130,24296,17978,231,18209,183
2020-08-10,Glenn,021,27897,408,381,0,381,1
2020-08-10,Humboldt,023,135768,314,277,1,278,4
2020-08-10,Imperial,025,180216,10742,8465,7,8472,165
2020-08-10,Inyo,027,18085,122,97,2,99,1
2020-08-10,Kern,029,883053,27301,24499,162,24661,215
2020-08-10,Kings,031,150075,5321,4588,25,4613,50
2020-08-10,Lake,033,64148,273,239,0,239,2
2020-08-10,Lassen,035,31185,704,588,2,590,0
2020-08-10,Los Angeles,037,10098052,220896,211035,759,211794,5003
2020-08-10,Madera,039,155013,3335,2365,17,2382,22
2020-08-10,Marin,041,260295,5762,5242,10,5252,44
2020-08-10,Mariposa,043,17540,68,57,0,57,2
2020-08-10,Mendocino,045,87422,454,364,0,364,1
2020-08-10,Merced,047,269075,6899,4913,3,4916,51
2020-08-10,Modoc,049,8938,7,5,0,5,0
2020-08-10,Mono,051,14174,161,123,3,126,1
2020-08-10,Monterey,053,433212,6651,5358,14,5372,34
2020-08-10,Napa,055,140530,1294,1084,2,1086,8
2020-08-10,Nevada,057,99092,384,356,13,369,1
2020-08-10,Orange,059,3164182,46764,40445,945,41390,721
2020-08-10,Placer,061,380077,2649,2298,4,2302,21
2020-08-10,Plumas,063,18699,38,27,0,27,0
2020-08-10,Riverside,065,2383286,48961,43296,49,43345,830
2020-08-10,Sacramento,067,1510023,15035,12059,13,12072,168
2020-08-10,San Benito,069,59416,831,743,0,743,2
2020-08-10,San Bernardino,071,2135413,44364,37367,209,37576,579
2020-08-10,San Diego,073,3302833,35236,32977,104,33081,594
2020-08-10,San Francisco,075,870044,8299,6816,7,6823,66
2020-08-10,San Joaquin,077,732212,16342,13308,21,13329,240
2020-08-10,San Luis Obispo,079,281455,2533,2208,11,2219,15
2020-08-10,San Mateo,081,765935,7411,6222,7,6229,117
2020-08-10,Santa Barbara,083,443738,7440,6869,64,6933,66
2020-08-10,Santa Clara,085,1922200,15351,12615,32,12647,182
2020-08-10,Santa Cruz,087,273765,1541,1239,9,1248,4
2020-08-10,Shasta,089,179085,551,384,3,387,9
2020-08-10,Sierra,091,2930,5,3,0,3,0
2020-08-10,Siskiyou,093,43540,113,88,0,88,0
2020-08-10,Solano,095,438530,4803,4101,29,4130,31
2020-08-10,Sonoma,097,501317,4537,3640,10,3650,42
2020-08-10,Stanislaus,099,539301,13366,10855,130,10985,106
2020-08-10,Sutter,101,95872,1067,865,1,866,7
2020-08-10,Tehama,103,63373,327,282,2,284,1
2020-08-10,Trinity,105,12862,31,5,6,11,0
2020-08-10,Tulare,107,460477,12794,10750,33,10783,194
2020-08-10,Tuolumne,109,53932,165,143,4,147,1
2020-08-10,Ventura,111,848112,9890,8851,47,8898,85
2020-08-10,Yolo,113,214977,2125,1840,4,1844,45
2020-08-10,Yuba,115,75493,649,527,1,528,1
2020-08-09,Alameda,001,1643700,15468,13241,107,13348,203
2020-08-09,Alpine,003,1148,2,2,0,2,0
2020-08-09,Amador,005,37829,244,153,0,153,2
2020-08-09,Butte,007,227075,1410,1155,39,1194,15
2020-08-09,Calaveras,009,45235,170,122,0,122,1
2020-08-09,Colusa,011,21464,410,371,0,371,4
2020-08-09,Contra Costa,013,1133247,12014,9214,34,9248,130
2020-08-09,Del Norte,015,27424,98,69,0,69,0
2020-08-09,El Dorado,017,186661,885,748,6,754,2
2020-08-09,Fresno,019,978130,23986,17846,227,18073,183
2020-08-09,Glenn,021,27897,406,354,0,354,1
2020-08-09,Humboldt,023,135768,308,279,1,280,4
2020-08-09,Imperial,025,180216,10699,8310,6,8316,165
2020-08-09,Inyo,027,18085,117,86,1,87,1
2020-08-09,Kern,029,883053,27045,23680,162,23842,215
2020-08-09,Kings,031,150075,5278,4446,24,4470,50
2020-08-09,Lake,033,64148,266,225,0,225,2
2020-08-09,Lassen,035,31185,698,589,2,591,0
2020-08-09,Los Angeles,037,10098052,218834,208810,737,209547,4984
2020-08-09,Madera,039,155013,3277,2322,13,2335,22
2020-08-09,Marin,041,260295,5719,5204,10,5214,44
2020-08-09,Mariposa,043,17540,66,56,0,56,2
2020-08-09,Mendocino,045,87422,444,283,0,283,1
2020-08-09,Merced,047,269075,6802,4735,2,4737,51
2020-08-09,Modoc,049,8938,7,4,0,4,0
2020-08-09,Mono,051,14174,160,113,3,116,1
2020-08-09,Monterey,053,433212,6527,5199,14,5213,34
2020-08-09,Napa,055,140530,1275,1062,2,1064,8
2020-08-09,Nevada,057,99092,376,332,13,345,1
2020-08-09,Orange,059,3164182,46465,39244,930,40174,722
2020-08-09,Placer,061,380077,2620,2211,4,2215,20
2020-08-09,Plumas,063,18699,38,27,0,27,0
2020-08-09,Riverside,065,2383286,48614,41894,49,41943,828
2020-08-09,Sacramento,067,1510023,14756,11301,13,11314,167
2020-08-09,San Benito,069,59416,812,687,0,687,2
2020-08-09,San Bernardino,071,2135413,43887,36092,209,36301,579
2020-08-09,San Diego,073,3302833,34945,32749,93,32842,594
2020-08-09,San Francisco,075,870044,8184,6820,7,6827,66
2020-08-09,San Joaquin,077,732212,16137,12933,20,12953,240
2020-08-09,San Luis Obispo,079,281455,2497,2124,11,2135,15
2020-08-09,San Mateo,081,765935,7316,6094,7,6101,117
2020-08-09,Santa Barbara,083,443738,7352,6669,64,6733,66
2020-08-09,Santa Clara,085,1922200,15081,11878,32,11910,181
2020-08-09,Santa Cruz,087,273765,1517,1246,9,1255,4
2020-08-09,Shasta,089,179085,547,361,3,364,9
2020-08-09,Sierra,091,2930,5,3,0,3,0
2020-08-09,Siskiyou,093,43540,112,74,0,74,0
2020-08-09,Solano,095,438530,4750,3954,28,3982,31
2020-08-09,Sonoma,097,501317,4401,3531,8,3539,41
2020-08-09,Stanislaus,099,539301,13158,10264,117,10381,106
2020-08-09,Sutter,101,95872,1033,857,1,858,7
2020-08-09,Tehama,103,63373,319,265,2,267,1
2020-08-09,Trinity,105,12862,31,5,6,11,0
2020-08-09,Tulare,107,460477,12604,10630,30,10660,194
2020-08-09,Tuolumne,109,53932,161,143,4,147,1
2020-08-09,Ventura,111,848112,9742,8633,46,8679,85
2020-08-09,Yolo,113,214977,2094,1765,4,1769,44
2020-08-09,Yuba,115,75493,629,442,1,443,1
2020-08-08,Alameda,001,1643700,15358,13087,107,13194,204
2020-08-08,Alpine,003,1148,2,2,0,2,0
2020-08-08,Amador,005,37829,244,139,0,139,2
2020-08-08,Butte,007,227075,1392,1140,39,1179,15
2020-08-08,Calaveras,009,45235,169,122,0,122,1
2020-08-08,Colusa,011,21464,409,368,0,368,4
2020-08-08,Contra Costa,013,1133247,11905,9104,34,9138,129
2020-08-08,Del Norte,015,27424,97,69,0,69,0
2020-08-08,El Dorado,017,186661,878,734,6,740,2
2020-08-08,Fresno,019,978130,23849,17538,225,17763,183
2020-08-08,Glenn,021,27897,406,344,0,344,1
2020-08-08,Humboldt,023,135768,305,277,1,278,4
2020-08-08,Imperial,025,180216,10684,8213,6,8219,165
2020-08-08,Inyo,027,18085,113,86,1,87,1
2020-08-08,Kern,029,883053,26931,22803,162,22965,215
2020-08-08,Kings,031,150075,5264,4367,24,4391,49
2020-08-08,Lake,033,64148,264,221,0,221,2
2020-08-08,Lassen,035,31185,698,589,2,591,0
2020-08-08,Los Angeles,037,10098052,217950,206971,726,207697,4974
2020-08-08,Madera,039,155013,3246,2275,13,2288,22
2020-08-08,Marin,041,260295,5699,5118,10,5128,44
2020-08-08,Mariposa,043,17540,65,55,0,55,2
2020-08-08,Mendocino,045,87422,442,264,0,264,1
2020-08-08,Merced,047,269075,6762,4570,2,4572,51
2020-08-08,Modoc,049,8938,7,4,0,4,0
2020-08-08,Mono,051,14174,160,113,3,116,1
2020-08-08,Monterey,053,433212,6469,5101,14,5115,33
2020-08-08,Napa,055,140530,1267,1062,2,1064,8
2020-08-08,Nevada,057,99092,374,325,13,338,1
2020-08-08,Orange,059,3164182,46335,38688,921,39609,718
2020-08-08,Placer,061,380077,2604,2153,4,2157,20
2020-08-08,Plumas,063,18699,38,27,0,27,0
2020-08-08,Riverside,065,2383286,48409,41412,49,41461,823
2020-08-08,Sacramento,067,1510023,14626,11144,13,11157,166
2020-08-08,San Benito,069,59416,804,684,0,684,2
2020-08-08,San Bernardino,071,2135413,43693,35691,208,35899,531
2020-08-08,San Diego,073,3302833,34756,32332,84,32416,593
2020-08-08,San Francisco,075,870044,8118,6820,7,6827,66
2020-08-08,San Joaquin,077,732212,16057,12559,19,12578,240
2020-08-08,San Luis Obispo,079,281455,2474,2081,11,2092,15
2020-08-08,San Mateo,081,765935,7258,6021,7,6028,117
2020-08-08,Santa Barbara,083,443738,7314,6598,64,6662,66
2020-08-08,Santa Clara,085,1922200,14929,11615,32,11647,181
2020-08-08,Santa Cruz,087,273765,1503,1247,9,1256,4
2020-08-08,Shasta,089,179085,545,343,3,346,9
2020-08-08,Sierra,091,2930,5,3,0,3,0
2020-08-08,Siskiyou,093,43540,112,73,0,73,0
2020-08-08,Solano,095,438530,4729,3889,27,3916,31
2020-08-08,Sonoma,097,501317,4370,3399,8,3407,41
2020-08-08,Stanislaus,099,539301,13083,9963,112,10075,105
2020-08-08,Sutter,101,95872,1023,830,1,831,7
2020-08-08,Tehama,103,63373,318,251,2,253,1
2020-08-08,Trinity,105,12862,31,5,6,11,0
2020-08-08,Tulare,107,460477,12529,10505,30,10535,192
2020-08-08,Tuolumne,109,53932,161,143,4,147,1
2020-08-08,Ventura,111,848112,9687,8462,45,8507,85
2020-08-08,Yolo,113,214977,2081,1725,4,1729,44
2020-08-08,Yuba,115,75493,620,430,1,431,1
2020-08-07,Alameda,001,1643700,15248,12805,107,12912,204
2020-08-07,Alpine,003,1148,2,2,0,2,0
2020-08-07,Amador,005,37829,242,125,0,125,2
2020-08-07,Butte,007,227075,1374,1092,39,1131,13
2020-08-07,Calaveras,009,45235,169,119,0,119,1
2020-08-07,Colusa,011,21464,408,358,0,358,4
2020-08-07,Contra Costa,013,1133247,11757,8810,34,8844,126
2020-08-07,Del Norte,015,27424,97,69,0,69,0
2020-08-07,El Dorado,017,186661,873,724,6,730,2
2020-08-07,Fresno,019,978130,23689,17290,225,17515,171
2020-08-07,Glenn,021,27897,405,339,0,339,1
2020-08-07,Humboldt,023,135768,301,274,1,275,4
2020-08-07,Imperial,025,180216,10659,8085,6,8091,164
2020-08-07,Inyo,027,18085,112,81,1,82,1
2020-08-07,Kern,029,883053,26805,22143,160,22303,206
2020-08-07,Kings,031,150075,5247,4315,24,4339,48
2020-08-07,Lake,033,64148,262,215,0,215,1
2020-08-07,Lassen,035,31185,697,588,2,590,0
2020-08-07,Los Angeles,037,10098052,216483,204406,715,205121,4924
2020-08-07,Madera,039,155013,3214,2245,13,2258,20
2020-08-07,Marin,041,260295,5670,5094,10,5104,43
2020-08-07,Mariposa,043,17540,65,53,0,53,2
2020-08-07,Mendocino,045,87422,428,262,0,262,1
2020-08-07,Merced,047,269075,6719,4358,2,4360,30
2020-08-07,Modoc,049,8938,7,4,0,4,0
2020-08-07,Mono,051,14174,160,112,3,115,1
2020-08-07,Monterey,053,433212,6394,5041,14,5055,33
2020-08-07,Napa,055,140530,1262,1055,2,1057,8
2020-08-07,Nevada,057,99092,371,324,13,337,1
2020-08-07,Orange,059,3164182,46124,38459,904,39363,701
2020-08-07,Placer,061,380077,2586,2078,4,2082,20
2020-08-07,Plumas,063,18699,38,25,0,25,0
2020-08-07,Riverside,065,2383286,48145,40902,48,40950,810
2020-08-07,Sacramento,067,1510023,14481,10798,13,10811,160
2020-08-07,San Benito,069,59416,798,647,0,647,2
2020-08-07,San Bernardino,071,2135413,43446,35200,207,35407,524
2020-08-07,San Diego,073,3302833,34571,31781,81,31862,586
2020-08-07,San Francisco,075,870044,8040,6765,7,6772,66
2020-08-07,San Joaquin,077,732212,15970,12392,19,12411,223
2020-08-07,San Luis Obispo,079,281455,2443,2050,11,2061,14
2020-08-07,San Mateo,081,765935,7198,5948,7,5955,117
2020-08-07,Santa Barbara,083,443738,7263,6509,64,6573,66
2020-08-07,Santa Clara,085,1922200,14730,11409,32,11441,180
2020-08-07,Santa Cruz,087,273765,1485,1234,9,1243,5
2020-08-07,Shasta,089,179085,540,342,3,345,9
2020-08-07,Sierra,091,2930,5,3,0,3,0
2020-08-07,Siskiyou,093,43540,109,73,0,73,0
2020-08-07,Solano,095,438530,4697,3844,26,3870,31
2020-08-07,Sonoma,097,501317,4304,3329,8,3337,34
2020-08-07,Stanislaus,099,539301,12961,9665,102,9767,98
2020-08-07,Sutter,101,95872,1019,807,1,808,6
2020-08-07,Tehama,103,63373,314,246,2,248,1
2020-08-07,Trinity,105,12862,30,5,6,11,0
2020-08-07,Tulare,107,460477,12452,10292,30,10322,195
2020-08-07,Tuolumne,109,53932,160,136,4,140,1
2020-08-07,Ventura,111,848112,9627,8356,43,8399,84
2020-08-07,Yolo,113,214977,2054,1689,4,1693,37
2020-08-07,Yuba,115,75493,615,413,1,414,1
2020-08-06,Alameda,001,1643700,15026,12474,106,12580,200
2020-08-06,Alpine,003,1148,2,2,0,2,0
2020-08-06,Amador,005,37829,228,125,0,125,0
2020-08-06,Butte,007,227075,1355,1060,39,1099,13
2020-08-06,Calaveras,009,45235,167,117,0,117,1
2020-08-06,Colusa,011,21464,405,358,0,358,3
2020-08-06,Contra Costa,013,1133247,11563,8583,33,8616,124
2020-08-06,Del Norte,015,27424,97,69,0,69,0
2020-08-06,El Dorado,017,186661,862,703,6,709,1
2020-08-06,Fresno,019,978130,23392,17031,218,17249,161
2020-08-06,Glenn,021,27897,400,332,0,332,1
2020-08-06,Humboldt,023,135768,296,266,1,267,4
2020-08-06,Imperial,025,180216,10616,8064,6,8070,163
2020-08-06,Inyo,027,18085,104,83,1,84,1
2020-08-06,Kern,029,883053,26569,21843,159,22002,197
2020-08-06,Kings,031,150075,5185,4264,23,4287,47
2020-08-06,Lake,033,64148,259,209,0,209,1
2020-08-06,Lassen,035,31185,695,588,2,590,0
2020-08-06,Los Angeles,037,10098052,214410,201372,699,202071,4874
2020-08-06,Madera,039,155013,3166,2240,12,2252,19
2020-08-06,Marin,041,260295,5638,5058,10,5068,43
2020-08-06,Mariposa,043,17540,64,52,0,52,2
2020-08-06,Mendocino,045,87422,414,260,0,260,1
2020-08-06,Merced,047,269075,6617,4235,2,4237,30
2020-08-06,Modoc,049,8938,7,4,0,4,0
2020-08-06,Mono,051,14174,159,111,3,114,1
2020-08-06,Monterey,053,433212,6285,5001,13,5014,33
2020-08-06,Napa,055,140530,1248,1032,2,1034,8
2020-08-06,Nevada,057,99092,366,321,13,334,1
2020-08-06,Orange,059,3164182,45832,38399,899,39298,694
2020-08-06,Placer,061,380077,2560,2045,4,2049,20
2020-08-06,Plumas,063,18699,37,25,0,25,0
2020-08-06,Riverside,065,2383286,47751,40269,48,40317,781
2020-08-06,Sacramento,067,1510023,14253,10548,13,10561,153
2020-08-06,San Benito,069,59416,790,626,0,626,2
2020-08-06,San Bernardino,071,2135413,43041,34819,205,35024,516
2020-08-06,San Diego,073,3302833,34304,31129,74,31203,583
2020-08-06,San Francisco,075,870044,7947,6737,6,6743,60
2020-08-06,San Joaquin,077,732212,15811,12269,19,12288,203
2020-08-06,San Luis Obispo,079,281455,2419,2000,10,2010,13
2020-08-06,San Mateo,081,765935,7098,5885,7,5892,117
2020-08-06,Santa Barbara,083,443738,7203,6620,64,6684,65
2020-08-06,Santa Clara,085,1922200,14501,11280,32,11312,178
2020-08-06,Santa Cruz,087,273765,1464,1215,9,1224,4
2020-08-06,Shasta,089,179085,531,343,3,346,9
2020-08-06,Sierra,091,2930,5,3,0,3,0
2020-08-06,Siskiyou,093,43540,109,73,0,73,0
2020-08-06,Solano,095,438530,4653,3784,26,3810,29
2020-08-06,Sonoma,097,501317,4240,3259,8,3267,33
2020-08-06,Stanislaus,099,539301,12811,9566,86,9652,98
2020-08-06,Sutter,101,95872,988,797,1,798,6
2020-08-06,Tehama,103,63373,311,242,2,244,1
2020-08-06,Trinity,105,12862,27,5,6,11,0
2020-08-06,Tulare,107,460477,12292,10169,30,10199,195
2020-08-06,Tuolumne,109,53932,159,136,4,140,1
2020-08-06,Ventura,111,848112,9512,8245,40,8285,80
2020-08-06,Yolo,113,214977,2030,1662,4,1666,36
2020-08-06,Yuba,115,75493,606,407,0,407,1
2020-08-05,Alameda,001,1643700,14810,12140,106,12246,193
2020-08-05,Alpine,003,1148,2,2,0,2,0
2020-08-05,Amador,005,37829,218,123,0,123,0
2020-08-05,Butte,007,227075,1322,1038,37,1075,13
2020-08-05,Calaveras,009,45235,164,116,0,116,1
2020-08-05,Colusa,011,21464,401,354,0,354,3
2020-08-05,Contra Costa,013,1133247,11394,8362,33,8395,122
2020-08-05,Del Norte,015,27424,96,69,0,69,0
2020-08-05,El Dorado,017,186661,854,692,6,698,1
2020-08-05,Fresno,019,978130,23148,16625,213,16838,159
2020-08-05,Glenn,021,27897,397,330,0,330,1
2020-08-05,Humboldt,023,135768,294,249,1,250,4
2020-08-05,Imperial,025,180216,10581,8036,6,8042,163
2020-08-05,Inyo,027,18085,102,62,1,63,1
2020-08-05,Kern,029,883053,26381,21540,154,21694,194
2020-08-05,Kings,031,150075,5140,4192,22,4214,47
2020-08-05,Lake,033,64148,252,209,0,209,1
2020-08-05,Lassen,035,31185,648,557,2,559,0
2020-08-05,Los Angeles,037,10098052,212489,198355,678,199033,4832
2020-08-05,Madera,039,155013,3124,2172,12,2184,19
2020-08-05,Marin,041,260295,5606,5036,10,5046,43
2020-08-05,Mariposa,043,17540,64,52,0,52,2
2020-08-05,Mendocino,045,87422,402,248,0,248,1
2020-08-05,Merced,047,269075,6482,4119,2,4121,30
2020-08-05,Modoc,049,8938,7,3,0,3,0
2020-08-05,Mono,051,14174,159,104,3,107,1
2020-08-05,Monterey,053,433212,6170,4936,13,4949,32
2020-08-05,Napa,055,140530,1236,1020,2,1022,8
2020-08-05,Nevada,057,99092,357,327,13,340,2
2020-08-05,Orange,059,3164182,45523,37907,891,38798,663
2020-08-05,Placer,061,380077,2519,1989,4,1993,18
2020-08-05,Plumas,063,18699,36,25,0,25,0
2020-08-05,Riverside,065,2383286,47357,39454,46,39500,761
2020-08-05,Sacramento,067,1510023,14035,10261,12,10273,151
2020-08-05,San Benito,069,59416,781,613,0,613,2
2020-08-05,San Bernardino,071,2135413,42579,34442,200,34642,504
2020-08-05,San Diego,073,3302833,34080,30866,58,30924,578
2020-08-05,San Francisco,075,870044,7854,6701,6,6707,60
2020-08-05,San Joaquin,077,732212,15650,12148,19,12167,199
2020-08-05,San Luis Obispo,079,281455,2395,1928,10,1938,13
2020-08-05,San Mateo,081,765935,7003,5695,7,5702,116
2020-08-05,Santa Barbara,083,443738,7143,6597,64,6661,63
2020-08-05,Santa Clara,085,1922200,14267,11074,32,11106,176
2020-08-05,Santa Cruz,087,273765,1444,1192,7,1199,4
2020-08-05,Shasta,089,179085,525,338,3,341,9
2020-08-05,Sierra,091,2930,5,3,0,3,0
2020-08-05,Siskiyou,093,43540,105,72,0,72,0
2020-08-05,Solano,095,438530,4602,3750,25,3775,29
2020-08-05,Sonoma,097,501317,4157,3173,8,3181,33
2020-08-05,Stanislaus,099,539301,12652,9408,81,9489,97
2020-08-05,Sutter,101,95872,977,780,1,781,6
2020-08-05,Tehama,103,63373,308,231,2,233,1
2020-08-05,Trinity,105,12862,27,5,6,11,0
2020-08-05,Tulare,107,460477,12151,9924,30,9954,192
2020-08-05,Tuolumne,109,53932,159,137,4,141,0
2020-08-05,Ventura,111,848112,9396,8162,36,8198,75
2020-08-05,Yolo,113,214977,2002,1634,4,1638,36
2020-08-05,Yuba,115,75493,589,400,0,400,1
2020-08-04,Alameda,001,1643700,14593,11983,105,12088,192
2020-08-04,Alpine,003,1148,2,2,0,2,0
2020-08-04,Amador,005,37829,203,123,0,123,0
2020-08-04,Butte,007,227075,1298,1011,36,1047,10
2020-08-04,Calaveras,009,45235,160,116,0,116,1
2020-08-04,Colusa,011,21464,396,354,0,354,3
2020-08-04,Contra Costa,013,1133247,11227,8210,33,8243,122
2020-08-04,Del Norte,015,27424,94,69,0,69,0
2020-08-04,El Dorado,017,186661,844,668,6,674,1
2020-08-04,Fresno,019,978130,22862,16272,206,16478,154
2020-08-04,Glenn,021,27897,396,325,0,325,1
2020-08-04,Humboldt,023,135768,284,241,1,242,4
2020-08-04,Imperial,025,180216,10544,7974,6,7980,163
2020-08-04,Inyo,027,18085,88,59,1,60,1
2020-08-04,Kern,029,883053,26098,21403,154,21557,190
2020-08-04,Kings,031,150075,5075,4163,22,4185,47
2020-08-04,Lake,033,64148,252,206,0,206,1
2020-08-04,Lassen,035,31185,645,556,2,558,0
2020-08-04,Los Angeles,037,10098052,210548,196014,652,196666,4764
2020-08-04,Madera,039,155013,3081,2161,8,2169,19
2020-08-04,Marin,041,260295,5575,5020,9,5029,43
2020-08-04,Mariposa,043,17540,64,51,0,51,2
2020-08-04,Mendocino,045,87422,377,248,0,248,1
2020-08-04,Merced,047,269075,6368,4085,2,4087,30
2020-08-04,Modoc,049,8938,7,3,0,3,0
2020-08-04,Mono,051,14174,158,104,2,106,1
2020-08-04,Monterey,053,433212,6056,4892,13,4905,32
2020-08-04,Napa,055,140530,1223,994,0,994,8
2020-08-04,Nevada,057,99092,356,322,13,335,2
2020-08-04,Orange,059,3164182,45147,37844,885,38729,659
2020-08-04,Placer,061,380077,2482,1964,4,1968,17
2020-08-04,Plumas,063,18699,36,25,0,25,0
2020-08-04,Riverside,065,2383286,46971,38991,45,39036,743
2020-08-04,Sacramento,067,1510023,13816,10205,12,10217,146
2020-08-04,San Benito,069,59416,765,608,0,608,2
2020-08-04,San Bernardino,071,2135413,42029,34215,195,34410,495
2020-08-04,San Diego,073,3302833,33787,30518,46,30564,568
2020-08-04,San Francisco,075,870044,7766,6568,6,6574,60
2020-08-04,San Joaquin,077,732212,15522,12087,16,12103,189
2020-08-04,San Luis Obispo,079,281455,2365,1886,10,1896,13
2020-08-04,San Mateo,081,765935,6897,5690,7,5697,116
2020-08-04,Santa Barbara,083,443738,7083,6591,64,6655,61
2020-08-04,Santa Clara,085,1922200,13965,10986,31,11017,175
2020-08-04,Santa Cruz,087,273765,1425,1202,7,1209,4
2020-08-04,Shasta,089,179085,519,335,3,338,9
2020-08-04,Sierra,091,2930,5,1,0,1,0
2020-08-04,Siskiyou,093,43540,103,71,0,71,0
2020-08-04,Solano,095,438530,4531,3690,25,3715,29
2020-08-04,Sonoma,097,501317,4090,3108,8,3116,33
2020-08-04,Stanislaus,099,539301,12483,9359,74,9433,97
2020-08-04,Sutter,101,95872,963,761,1,762,6
2020-08-04,Tehama,103,63373,301,226,2,228,1
2020-08-04,Trinity,105,12862,27,5,6,11,0
2020-08-04,Tulare,107,460477,11971,9866,30,9896,192
2020-08-04,Tuolumne,109,53932,158,127,4,131,0
2020-08-04,Ventura,111,848112,9282,8134,34,8168,75
2020-08-04,Yolo,113,214977,1976,1626,4,1630,37
2020-08-04,Yuba,115,75493,574,398,0,398,1
2020-08-03,Alameda,001,1643700,14413,11817,102,11919,189
2020-08-03,Alpine,003,1148,2,2,0,2,0
2020-08-03,Amador,005,37829,199,119,0,119,0
2020-08-03,Butte,007,227075,1252,989,33,1022,9
2020-08-03,Calaveras,009,45235,157,117,0,117,1
2020-08-03,Colusa,011,21464,392,336,0,336,2
2020-08-03,Contra Costa,013,1133247,11030,8069,30,8099,120
2020-08-03,Del Norte,015,27424,90,68,0,68,0
2020-08-03,El Dorado,017,186661,833,645,6,651,1
2020-08-03,Fresno,019,978130,22568,15945,200,16145,151
2020-08-03,Glenn,021,27897,389,316,0,316,1
2020-08-03,Humboldt,023,135768,277,234,1,235,4
2020-08-03,Imperial,025,180216,10488,7953,6,7959,161
2020-08-03,Inyo,027,18085,85,57,1,58,1
2020-08-03,Kern,029,883053,25731,21285,147,21432,176
2020-08-03,Kings,031,150075,4963,4107,21,4128,47
2020-08-03,Lake,033,64148,245,201,0,201,1
2020-08-03,Lassen,035,31185,645,555,2,557,0
2020-08-03,Los Angeles,037,10098052,208510,194103,624,194727,4706
2020-08-03,Madera,039,155013,3032,2143,7,2150,18
2020-08-03,Marin,041,260295,5528,5001,9,5010,43
2020-08-03,Mariposa,043,17540,63,52,0,52,2
2020-08-03,Mendocino,045,87422,354,248,0,248,1
2020-08-03,Merced,047,269075,6246,4028,2,4030,29
2020-08-03,Modoc,049,8938,7,2,0,2,0
2020-08-03,Mono,051,14174,158,104,2,106,1
2020-08-03,Monterey,053,433212,5905,4806,10,4816,28
2020-08-03,Napa,055,140530,1209,973,0,973,8
2020-08-03,Nevada,057,99092,352,315,13,328,2
2020-08-03,Orange,059,3164182,44753,37705,875,38580,651
2020-08-03,Placer,061,380077,2426,1947,3,1950,16
2020-08-03,Plumas,063,18699,36,25,0,25,0
2020-08-03,Riverside,065,2383286,46503,38642,45,38687,740
2020-08-03,Sacramento,067,1510023,13621,10143,12,10155,142
2020-08-03,San Benito,069,59416,753,603,0,603,2
2020-08-03,San Bernardino,071,2135413,41504,33979,189,34168,444
2020-08-03,San Diego,073,3302833,33473,30228,36,30264,565
2020-08-03,San Francisco,075,870044,7672,6319,6,6325,60
2020-08-03,San Joaquin,077,732212,15325,12007,15,12022,189
2020-08-03,San Luis Obispo,079,281455,2323,1863,8,1871,14
2020-08-03,San Mateo,081,765935,6816,5661,7,5668,115
2020-08-03,Santa Barbara,083,443738,7039,6580,64,6644,59
2020-08-03,Santa Clara,085,1922200,13688,10747,31,10778,172
2020-08-03,Santa Cruz,087,273765,1405,1154,7,1161,4
2020-08-03,Shasta,089,179085,512,322,3,325,9
2020-08-03,Sierra,091,2930,5,1,0,1,0
2020-08-03,Siskiyou,093,43540,99,67,0,67,0
2020-08-03,Solano,095,438530,4462,3610,24,3634,29
2020-08-03,Sonoma,097,501317,3989,3079,7,3086,33
2020-08-03,Stanislaus,099,539301,12274,9308,66,9374,96
2020-08-03,Sutter,101,95872,939,713,1,714,6
2020-08-03,Tehama,103,63373,293,225,2,227,1
2020-08-03,Trinity,105,12862,27,5,6,11,0
2020-08-03,Tulare,107,460477,11787,9703,30,9733,188
2020-08-03,Tuolumne,109,53932,158,123,4,127,0
2020-08-03,Ventura,111,848112,9191,8084,31,8115,74
2020-08-03,Yolo,113,214977,1941,1598,3,1601,37
2020-08-03,Yuba,115,75493,550,393,0,393,1
2020-08-02,Alameda,001,1643700,14167,11696,90,11786,188
2020-08-02,Alpine,003,1148,2,2,0,2,0
2020-08-02,Amador,005,37829,194,117,0,117,0
2020-08-02,Butte,007,227075,1217,987,32,1019,9
2020-08-02,Calaveras,009,45235,154,116,0,116,1
2020-08-02,Colusa,011,21464,387,335,0,335,2
2020-08-02,Contra Costa,013,1133247,10791,7995,30,8025,118
2020-08-02,Del Norte,015,27424,89,68,0,68,0
2020-08-02,El Dorado,017,186661,823,643,6,649,1
2020-08-02,Fresno,019,978130,22294,15759,194,15953,151
2020-08-02,Glenn,021,27897,388,315,0,315,1
2020-08-02,Humboldt,023,135768,272,232,1,233,4
2020-08-02,Imperial,025,180216,10425,7919,6,7925,157
2020-08-02,Inyo,027,18085,84,45,1,46,1
2020-08-02,Kern,029,883053,25433,21162,145,21307,176
2020-08-02,Kings,031,150075,4901,3964,20,3984,47
2020-08-02,Lake,033,64148,240,201,0,201,1
2020-08-02,Lassen,035,31185,645,555,2,557,0
2020-08-02,Los Angeles,037,10098052,206419,192480,606,193086,4698
2020-08-02,Madera,039,155013,2966,2123,5,2128,18
2020-08-02,Marin,041,260295,5493,4985,9,4994,43
2020-08-02,Mariposa,043,17540,61,52,0,52,2
2020-08-02,Mendocino,045,87422,344,247,0,247,1
2020-08-02,Merced,047,269075,6105,4011,2,4013,29
2020-08-02,Modoc,049,8938,7,2,0,2,0
2020-08-02,Mono,051,14174,151,104,2,106,1
2020-08-02,Monterey,053,433212,5779,4698,10,4708,28
2020-08-02,Napa,055,140530,1195,956,0,956,8
2020-08-02,Nevada,057,99092,349,314,13,327,2
2020-08-02,Orange,059,3164182,44372,37266,864,38130,651
2020-08-02,Placer,061,380077,2387,1920,3,1923,15
2020-08-02,Plumas,063,18699,36,25,0,25,0
2020-08-02,Riverside,065,2383286,46070,38507,44,38551,735
2020-08-02,Sacramento,067,1510023,13342,10099,12,10111,142
2020-08-02,San Benito,069,59416,739,599,0,599,2
2020-08-02,San Bernardino,071,2135413,40902,33643,185,33828,443
2020-08-02,San Diego,073,3302833,33133,29885,27,29912,565
2020-08-02,San Francisco,075,870044,7554,6297,6,6303,60
2020-08-02,San Joaquin,077,732212,15044,11937,13,11950,189
2020-08-02,San Luis Obispo,079,281455,2260,1821,8,1829,14
2020-08-02,San Mateo,081,765935,6701,5618,7,5625,115
2020-08-02,Santa Barbara,083,443738,6949,6532,64,6596,59
2020-08-02,Santa Clara,085,1922200,13468,10577,31,10608,172
2020-08-02,Santa Cruz,087,273765,1385,1162,7,1169,4
2020-08-02,Shasta,089,179085,508,318,3,321,9
2020-08-02,Sierra,091,2930,4,1,0,1,0
2020-08-02,Siskiyou,093,43540,99,65,0,65,0
2020-08-02,Solano,095,438530,4403,3609,24,3633,29
2020-08-02,Sonoma,097,501317,3904,3005,7,3012,33
2020-08-02,Stanislaus,099,539301,12059,9277,61,9338,96
2020-08-02,Sutter,101,95872,904,714,1,715,6
2020-08-02,Tehama,103,63373,287,222,2,224,1
2020-08-02,Trinity,105,12862,27,5,6,11,0
2020-08-02,Tulare,107,460477,11578,9593,30,9623,188
2020-08-02,Tuolumne,109,53932,155,123,4,127,0
2020-08-02,Ventura,111,848112,9044,8014,31,8045,73
2020-08-02,Yolo,113,214977,1916,1588,3,1591,37
2020-08-02,Yuba,115,75493,530,393,0,393,1
2020-08-01,Alameda,001,1643700,14055,11590,90,11680,188
2020-08-01,Alpine,003,1148,2,2,0,2,0
2020-08-01,Amador,005,37829,190,109,0,109,0
2020-08-01,Butte,007,227075,1203,976,32,1008,9
2020-08-01,Calaveras,009,45235,150,116,0,116,1
2020-08-01,Colusa,011,21464,386,327,0,327,2
2020-08-01,Contra Costa,013,1133247,10658,7867,29,7896,116
2020-08-01,Del Norte,015,27424,89,68,0,68,0
2020-08-01,El Dorado,017,186661,820,637,6,643,1
2020-08-01,Fresno,019,978130,22157,15448,194,15642,149
2020-08-01,Glenn,021,27897,387,311,0,311,1
2020-08-01,Humboldt,023,135768,271,232,1,233,4
2020-08-01,Imperial,025,180216,10389,7919,6,7925,156
2020-08-01,Inyo,027,18085,82,45,1,46,1
2020-08-01,Kern,029,883053,25275,20796,141,20937,176
2020-08-01,Kings,031,150075,4875,3948,20,3968,47
2020-08-01,Lake,033,64148,238,194,0,194,1
2020-08-01,Lassen,035,31185,644,555,2,557,0
2020-08-01,Los Angeles,037,10098052,205527,191023,579,191602,4674
2020-08-01,Madera,039,155013,2927,2103,5,2108,18
2020-08-01,Marin,041,260295,5478,4945,9,4954,43
2020-08-01,Mariposa,043,17540,61,50,0,50,2
2020-08-01,Mendocino,045,87422,337,243,0,243,1
2020-08-01,Merced,047,269075,6057,3972,2,3974,29
2020-08-01,Modoc,049,8938,7,2,0,2,0
2020-08-01,Mono,051,14174,150,104,2,106,1
2020-08-01,Monterey,053,433212,5712,4611,9,4620,28
2020-08-01,Napa,055,140530,1186,923,0,923,8
2020-08-01,Nevada,057,99092,345,305,13,318,2
2020-08-01,Orange,059,3164182,44145,36703,858,37561,648
2020-08-01,Placer,061,380077,2353,1891,3,1894,14
2020-08-01,Plumas,063,18699,35,25,0,25,0
2020-08-01,Riverside,065,2383286,45858,38216,42,38258,704
2020-08-01,Sacramento,067,1510023,13191,10044,12,10056,141
2020-08-01,San Benito,069,59416,728,579,0,579,2
2020-08-01,San Bernardino,071,2135413,40666,32947,184,33131,440
2020-08-01,San Diego,073,3302833,32916,29579,19,29598,565
2020-08-01,San Francisco,075,870044,7493,6296,6,6302,60
2020-08-01,San Joaquin,077,732212,14969,11807,12,11819,189
2020-08-01,San Luis Obispo,079,281455,2231,1798,8,1806,13
2020-08-01,San Mateo,081,765935,6647,5520,7,5527,115
2020-08-01,Santa Barbara,083,443738,6909,6465,64,6529,59
2020-08-01,Santa Clara,085,1922200,13317,10281,30,10311,171
2020-08-01,Santa Cruz,087,273765,1369,1164,7,1171,4
2020-08-01,Shasta,089,179085,503,312,3,315,9
2020-08-01,Sierra,091,2930,3,1,0,1,0
2020-08-01,Siskiyou,093,43540,99,64,0,64,0
2020-08-01,Solano,095,438530,4369,3591,23,3614,29
2020-08-01,Sonoma,097,501317,3858,2890,7,2897,29
2020-08-01,Stanislaus,099,539301,11941,9221,54,9275,96
2020-08-01,Sutter,101,95872,900,714,1,715,6
2020-08-01,Tehama,103,63373,284,220,2,222,1
2020-08-01,Trinity,105,12862,27,5,6,11,0
2020-08-01,Tulare,107,460477,11510,9520,30,9550,188
2020-08-01,Tuolumne,109,53932,155,123,4,127,0
2020-08-01,Ventura,111,848112,8998,7819,31,7850,73
2020-08-01,Yolo,113,214977,1906,1557,3,1560,37
2020-08-01,Yuba,115,75493,525,387,0,387,1
2020-07-31,Alameda,001,1643700,13926,11441,90,11531,187
2020-07-31,Alpine,003,1148,2,2,0,2,0
2020-07-31,Amador,005,37829,189,98,0,98,0
2020-07-31,Butte,007,227075,1180,925,32,957,7
2020-07-31,Calaveras,009,45235,150,112,0,112,1
2020-07-31,Colusa,011,21464,376,319,0,319,2
2020-07-31,Contra Costa,013,1133247,10511,7697,28,7725,113
2020-07-31,Del Norte,015,27424,88,68,0,68,0
2020-07-31,El Dorado,017,186661,809,616,6,622,1
2020-07-31,Fresno,019,978130,21937,15083,194,15277,133
2020-07-31,Glenn,021,27897,380,304,0,304,1
2020-07-31,Humboldt,023,135768,264,229,1,230,4
2020-07-31,Imperial,025,180216,10357,7886,5,7891,155
2020-07-31,Inyo,027,18085,72,45,1,46,1
2020-07-31,Kern,029,883053,25034,20061,137,20198,173
2020-07-31,Kings,031,150075,4847,3807,20,3827,45
2020-07-31,Lake,033,64148,237,191,0,191,1
2020-07-31,Lassen,035,31185,639,544,2,546,0
2020-07-31,Los Angeles,037,10098052,203928,188688,566,189254,4628
2020-07-31,Madera,039,155013,2880,2036,5,2041,19
2020-07-31,Marin,041,260295,5434,4885,6,4891,43
2020-07-31,Mariposa,043,17540,61,49,0,49,2
2020-07-31,Mendocino,045,87422,322,232,0,232,1
2020-07-31,Merced,047,269075,5974,3789,2,3791,30
2020-07-31,Modoc,049,8938,6,0,0,0,0
2020-07-31,Mono,051,14174,149,104,2,106,1
2020-07-31,Monterey,053,433212,5620,4493,9,4502,24
2020-07-31,Napa,055,140530,1174,897,0,897,7
2020-07-31,Nevada,057,99092,343,302,13,315,2
2020-07-31,Orange,059,3164182,43846,36196,841,37037,620
2020-07-31,Placer,061,380077,2328,1853,3,1856,14
2020-07-31,Plumas,063,18699,34,25,0,25,0
2020-07-31,Riverside,065,2383286,45468,37612,41,37653,694
2020-07-31,Sacramento,067,1510023,13013,9872,12,9884,132
2020-07-31,San Benito,069,59416,720,567,0,567,2
2020-07-31,San Bernardino,071,2135413,40336,32332,182,32514,434
2020-07-31,San Diego,073,3302833,32682,29050,11,29061,561
2020-07-31,San Francisco,075,870044,7393,6126,6,6132,60
2020-07-31,San Joaquin,077,732212,14829,11561,12,11573,177
2020-07-31,San Luis Obispo,079,281455,2162,1746,8,1754,12
2020-07-31,San Mateo,081,765935,6575,5416,7,5423,115
2020-07-31,Santa Barbara,083,443738,6842,6375,64,6439,58
2020-07-31,Santa Clara,085,1922200,13096,9863,30,9893,171
2020-07-31,Santa Cruz,087,273765,1346,1118,7,1125,4
2020-07-31,Shasta,089,179085,493,305,3,308,9
2020-07-31,Sierra,091,2930,3,1,0,1,0
2020-07-31,Siskiyou,093,43540,97,61,0,61,0
2020-07-31,Solano,095,438530,4321,3510,22,3532,29
2020-07-31,Sonoma,097,501317,3800,2745,7,2752,27
2020-07-31,Stanislaus,099,539301,11835,9061,49,9110,94
2020-07-31,Sutter,101,95872,895,714,1,715,6
2020-07-31,Tehama,103,63373,281,213,2,215,1
2020-07-31,Trinity,105,12862,27,5,6,11,0
2020-07-31,Tulare,107,460477,11389,9365,30,9395,184
2020-07-31,Tuolumne,109,53932,155,120,4,124,0
2020-07-31,Ventura,111,848112,8923,7521,31,7552,71
2020-07-31,Yolo,113,214977,1880,1522,3,1525,38
2020-07-31,Yuba,115,75493,516,369,0,369,1
2020-07-30,Alameda,001,1643700,13721,11303,52,11355,185
2020-07-30,Alpine,003,1148,2,2,0,2,0
2020-07-30,Amador,005,37829,171,97,0,97,0
2020-07-30,Butte,007,227075,1164,915,32,947,7
2020-07-30,Calaveras,009,45235,146,111,0,111,1
2020-07-30,Colusa,011,21464,373,315,0,315,2
2020-07-30,Contra Costa,013,1133247,10327,7615,27,7642,112
2020-07-30,Del Norte,015,27424,88,68,0,68,0
2020-07-30,El Dorado,017,186661,802,608,6,614,1
2020-07-30,Fresno,019,978130,21603,14793,188,14981,133
2020-07-30,Glenn,021,27897,373,297,0,297,1
2020-07-30,Humboldt,023,135768,262,228,1,229,4
2020-07-30,Imperial,025,180216,10298,7849,5,7854,151
2020-07-30,Inyo,027,18085,68,44,1,45,1
2020-07-30,Kern,029,883053,24741,19552,133,19685,171
2020-07-30,Kings,031,150075,4743,3785,20,3805,43
2020-07-30,Lake,033,64148,231,181,0,181,1
2020-07-30,Lassen,035,31185,636,544,2,546,0
2020-07-30,Los Angeles,037,10098052,201899,186177,536,186713,4564
2020-07-30,Madera,039,155013,2810,2007,5,2012,18
2020-07-30,Marin,041,260295,5392,4835,5,4840,39
2020-07-30,Mariposa,043,17540,61,49,0,49,1
2020-07-30,Mendocino,045,87422,315,232,0,232,1
2020-07-30,Merced,047,269075,5810,3695,2,3697,30
2020-07-30,Modoc,049,8938,6,0,0,0,0
2020-07-30,Mono,051,14174,148,104,2,106,1
2020-07-30,Monterey,053,433212,5508,4352,9,4361,24
2020-07-30,Napa,055,140530,1157,874,0,874,7
2020-07-30,Nevada,057,99092,338,292,13,305,2
2020-07-30,Orange,059,3164182,43431,36105,817,36922,607
2020-07-30,Placer,061,380077,2277,1821,3,1824,14
2020-07-30,Plumas,063,18699,33,25,0,25,0
2020-07-30,Riverside,065,2383286,44926,37308,41,37349,685
2020-07-30,Sacramento,067,1510023,12794,9704,12,9716,126
2020-07-30,San Benito,069,59416,707,558,0,558,2
2020-07-30,San Bernardino,071,2135413,39812,32010,182,32192,427
2020-07-30,San Diego,073,3302833,32335,28670,9,28679,558
2020-07-30,San Francisco,075,870044,7292,6107,6,6113,59
2020-07-30,San Joaquin,077,732212,14633,11435,12,11447,161
2020-07-30,San Luis Obispo,079,281455,2126,1703,8,1711,12
2020-07-30,San Mateo,081,765935,6480,5369,7,5376,115
2020-07-30,Santa Barbara,083,443738,6762,6273,64,6337,52
2020-07-30,Santa Clara,085,1922200,12863,9708,29,9737,170
2020-07-30,Santa Cruz,087,273765,1318,1087,7,1094,4
2020-07-30,Shasta,089,179085,489,306,3,309,8
2020-07-30,Sierra,091,2930,3,1,0,1,0
2020-07-30,Siskiyou,093,43540,96,60,0,60,0
2020-07-30,Solano,095,438530,4270,3463,22,3485,29
2020-07-30,Sonoma,097,501317,3729,2684,7,2691,25
2020-07-30,Stanislaus,099,539301,11622,8890,41,8931,94
2020-07-30,Sutter,101,95872,876,698,1,699,6
2020-07-30,Tehama,103,63373,278,208,2,210,1
2020-07-30,Trinity,105,12862,26,4,6,10,0
2020-07-30,Tulare,107,460477,11260,9167,30,9197,177
2020-07-30,Tuolumne,109,53932,154,119,4,123,0
2020-07-30,Ventura,111,848112,8811,7304,29,7333,69
2020-07-30,Yolo,113,214977,1860,1511,3,1514,37
2020-07-30,Yuba,115,75493,503,362,0,362,1
2020-07-29,Alameda,001,1643700,13500,11177,47,11224,180
2020-07-29,Alpine,003,1148,2,2,0,2,0
2020-07-29,Amador,005,37829,163,80,0,80,0
2020-07-29,Butte,007,227075,1138,889,30,919,7
2020-07-29,Calaveras,009,45235,139,107,0,107,1
2020-07-29,Colusa,011,21464,369,302,0,302,2
2020-07-29,Contra Costa,013,1133247,10123,7520,27,7547,108
2020-07-29,Del Norte,015,27424,88,68,0,68,0
2020-07-29,El Dorado,017,186661,792,588,6,594,1
2020-07-29,Fresno,019,978130,21312,14312,188,14500,125
2020-07-29,Glenn,021,27897,366,294,0,294,1
2020-07-29,Humboldt,023,135768,259,221,1,222,4
2020-07-29,Imperial,025,180216,10250,7825,5,7830,147
2020-07-29,Inyo,027,18085,63,44,1,45,1
2020-07-29,Kern,029,883053,24402,19073,130,19203,162
2020-07-29,Kings,031,150075,4695,3755,20,3775,43
2020-07-29,Lake,033,64148,229,179,0,179,1
2020-07-29,Lassen,035,31185,621,513,2,515,0
2020-07-29,Los Angeles,037,10098052,199873,183600,519,184119,4523
2020-07-29,Madera,039,155013,2756,1941,5,1946,18
2020-07-29,Marin,041,260295,5354,4747,5,4752,34
2020-07-29,Mariposa,043,17540,60,47,0,47,1
2020-07-29,Mendocino,045,87422,307,228,0,228,0
2020-07-29,Merced,047,269075,5670,3605,2,3607,25
2020-07-29,Modoc,049,8938,5,0,0,0,0
2020-07-29,Mono,051,14174,145,102,2,104,1
2020-07-29,Monterey,053,433212,5408,4252,9,4261,24
2020-07-29,Napa,055,140530,1129,866,0,866,7
2020-07-29,Nevada,057,99092,334,288,13,301,1
2020-07-29,Orange,059,3164182,42997,35339,806,36145,589
2020-07-29,Placer,061,380077,2245,1798,3,1801,14
2020-07-29,Plumas,063,18699,33,25,0,25,0
2020-07-29,Riverside,065,2383286,44335,36968,41,37009,678
2020-07-29,Sacramento,067,1510023,12548,9538,12,9550,122
2020-07-29,San Benito,069,59416,692,537,0,537,2
2020-07-29,San Bernardino,071,2135413,39323,31168,171,31339,417
2020-07-29,San Diego,073,3302833,32010,28289,8,28297,552
2020-07-29,San Francisco,075,870044,7198,6041,6,6047,56
2020-07-29,San Joaquin,077,732212,14384,11249,9,11258,154
2020-07-29,San Luis Obispo,079,281455,2105,1673,8,1681,11
2020-07-29,San Mateo,081,765935,6392,5305,7,5312,114
2020-07-29,Santa Barbara,083,443738,6695,6215,64,6279,31
2020-07-29,Santa Clara,085,1922200,12657,9567,29,9596,165
2020-07-29,Santa Cruz,087,273765,1294,1051,7,1058,4
2020-07-29,Shasta,089,179085,477,297,3,300,8
2020-07-29,Sierra,091,2930,2,1,0,1,0
2020-07-29,Siskiyou,093,43540,94,58,0,58,0
2020-07-29,Solano,095,438530,4216,3380,22,3402,29
2020-07-29,Sonoma,097,501317,3651,2598,7,2605,26
2020-07-29,Stanislaus,099,539301,11401,8745,35,8780,94
2020-07-29,Sutter,101,95872,848,678,1,679,6
2020-07-29,Tehama,103,63373,274,206,2,208,1
2020-07-29,Trinity,105,12862,26,4,6,10,0
2020-07-29,Tulare,107,460477,11089,9028,30,9058,156
2020-07-29,Tuolumne,109,53932,154,118,4,122,0
2020-07-29,Ventura,111,848112,8706,7161,29,7190,68
2020-07-29,Yolo,113,214977,1834,1488,3,1491,36
2020-07-29,Yuba,115,75493,487,350,0,350,1
2020-07-28,Alameda,001,1643700,13270,10875,46,10921,180
2020-07-28,Alpine,003,1148,2,2,0,2,0
2020-07-28,Amador,005,37829,153,77,0,77,0
2020-07-28,Butte,007,227075,1103,857,30,887,7
2020-07-28,Calaveras,009,45235,138,105,0,105,1
2020-07-28,Colusa,011,21464,363,290,0,290,2
2020-07-28,Contra Costa,013,1133247,9901,7426,27,7453,107
2020-07-28,Del Norte,015,27424,87,68,0,68,0
2020-07-28,El Dorado,017,186661,777,558,6,564,1
2020-07-28,Fresno,019,978130,20977,13933,182,14115,125
2020-07-28,Glenn,021,27897,364,289,0,289,1
2020-07-28,Humboldt,023,135768,258,218,1,219,4
2020-07-28,Imperial,025,180216,10214,7804,5,7809,145
2020-07-28,Inyo,027,18085,61,43,1,44,1
2020-07-28,Kern,029,883053,24039,18834,124,18958,155
2020-07-28,Kings,031,150075,4649,3721,20,3741,41
2020-07-28,Lake,033,64148,225,179,0,179,1
2020-07-28,Lassen,035,31185,615,508,2,510,0
2020-07-28,Los Angeles,037,10098052,197641,179107,498,179605,4435
2020-07-28,Madera,039,155013,2690,1889,5,1894,18
2020-07-28,Marin,041,260295,5285,4698,5,4703,23
2020-07-28,Mariposa,043,17540,58,45,0,45,1
2020-07-28,Mendocino,045,87422,296,222,0,222,0
2020-07-28,Merced,047,269075,5525,3446,2,3448,23
2020-07-28,Modoc,049,8938,4,0,0,0,0
2020-07-28,Mono,051,14174,144,102,2,104,1
2020-07-28,Monterey,053,433212,5288,4047,9,4056,22
2020-07-28,Napa,055,140530,1107,824,0,824,6
2020-07-28,Nevada,057,99092,329,278,13,291,1
2020-07-28,Orange,059,3164182,42539,34832,792,35624,582
2020-07-28,Placer,061,380077,2209,1759,3,1762,14
2020-07-28,Plumas,063,18699,33,22,0,22,0
2020-07-28,Riverside,065,2383286,43734,36458,41,36499,668
2020-07-28,Sacramento,067,1510023,12289,9429,11,9440,117
2020-07-28,San Benito,069,59416,682,503,0,503,2
2020-07-28,San Bernardino,071,2135413,38800,30493,167,30660,412
2020-07-28,San Diego,073,3302833,31660,28007,6,28013,547
2020-07-28,San Francisco,075,870044,7085,5888,6,5894,56
2020-07-28,San Joaquin,077,732212,14102,10958,6,10964,141
2020-07-28,San Luis Obispo,079,281455,2072,1636,8,1644,9
2020-07-28,San Mateo,081,765935,6319,5171,7,5178,114
2020-07-28,Santa Barbara,083,443738,6631,6110,62,6172,31
2020-07-28,Santa Clara,085,1922200,12423,9307,29,9336,165
2020-07-28,Santa Cruz,087,273765,1267,1018,7,1025,4
2020-07-28,Shasta,089,179085,465,275,3,278,8
2020-07-28,Sierra,091,2930,2,1,0,1,0
2020-07-28,Siskiyou,093,43540,90,57,0,57,0
2020-07-28,Solano,095,438530,4169,3292,21,3313,29
2020-07-28,Sonoma,097,501317,3576,2553,7,2560,20
2020-07-28,Stanislaus,099,539301,11179,8492,27,8519,92
2020-07-28,Sutter,101,95872,811,653,0,653,2
2020-07-28,Tehama,103,63373,269,199,2,201,1
2020-07-28,Trinity,105,12862,26,3,6,9,0
2020-07-28,Tulare,107,460477,10902,8787,30,8817,96
2020-07-28,Tuolumne,109,53932,153,116,4,120,0
2020-07-28,Ventura,111,848112,8580,7045,28,7073,68
2020-07-28,Yolo,113,214977,1806,1459,3,1462,36
2020-07-28,Yuba,115,75493,470,333,0,333,1
2020-07-27,Alameda,001,1643700,13042,10645,43,10688,176
2020-07-27,Alpine,003,1148,2,2,0,2,0
2020-07-27,Amador,005,37829,148,72,0,72,0
2020-07-27,Butte,007,227075,1076,843,30,873,7
2020-07-27,Calaveras,009,45235,134,103,0,103,1
2020-07-27,Colusa,011,21464,356,271,0,271,2
2020-07-27,Contra Costa,013,1133247,9678,7256,27,7283,104
2020-07-27,Del Norte,015,27424,86,67,0,67,0
2020-07-27,El Dorado,017,186661,765,548,6,554,1
2020-07-27,Fresno,019,978130,20628,13485,176,13661,117
2020-07-27,Glenn,021,27897,362,277,0,277,1
2020-07-27,Humboldt,023,135768,253,218,1,219,4
2020-07-27,Imperial,025,180216,10164,7789,5,7794,144
2020-07-27,Inyo,027,18085,61,43,1,44,1
2020-07-27,Kern,029,883053,23537,17994,118,18112,148
2020-07-27,Kings,031,150075,4400,3685,20,3705,39
2020-07-27,Lake,033,64148,221,176,0,176,1
2020-07-27,Lassen,035,31185,615,503,2,505,0
2020-07-27,Los Angeles,037,10098052,195214,176351,480,176831,4379
2020-07-27,Madera,039,155013,2625,1793,5,1798,17
2020-07-27,Marin,041,260295,5197,4669,5,4674,22
2020-07-27,Mariposa,043,17540,58,43,0,43,1
2020-07-27,Mendocino,045,87422,282,209,0,209,0
2020-07-27,Merced,047,269075,5385,3292,2,3294,23
2020-07-27,Modoc,049,8938,3,0,0,0,0
2020-07-27,Mono,051,14174,140,99,2,101,1
2020-07-27,Monterey,053,433212,5099,3960,9,3969,21
2020-07-27,Napa,055,140530,1092,769,0,769,6
2020-07-27,Nevada,057,99092,325,268,13,281,1
2020-07-27,Orange,059,3164182,42099,34649,776,35425,566
2020-07-27,Placer,061,380077,2159,1679,3,1682,12
2020-07-27,Plumas,063,18699,33,22,0,22,0
2020-07-27,Riverside,065,2383286,43055,35822,41,35863,667
2020-07-27,Sacramento,067,1510023,11996,9091,11,9102,114
2020-07-27,San Benito,069,59416,667,498,0,498,2
2020-07-27,San Bernardino,071,2135413,38208,29928,157,30085,401
2020-07-27,San Diego,073,3302833,31286,27509,5,27514,533
2020-07-27,San Francisco,075,870044,6998,5825,6,5831,55
2020-07-27,San Joaquin,077,732212,13814,10728,6,10734,129
2020-07-27,San Luis Obispo,079,281455,2026,1612,8,1620,9
2020-07-27,San Mateo,081,765935,6210,5108,7,5115,113
2020-07-27,Santa Barbara,083,443738,6552,6026,60,6086,30
2020-07-27,Santa Clara,085,1922200,12154,9157,28,9185,166
2020-07-27,Santa Cruz,087,273765,1243,984,7,991,4
2020-07-27,Shasta,089,179085,458,275,3,278,8
2020-07-27,Sierra,091,2930,2,1,0,1,0
2020-07-27,Siskiyou,093,43540,88,54,0,54,0
2020-07-27,Solano,095,438530,4102,3198,20,3218,29
2020-07-27,Sonoma,097,501317,3485,2504,7,2511,20
2020-07-27,Stanislaus,099,539301,10954,8288,19,8307,84
2020-07-27,Sutter,101,95872,785,620,0,620,2
2020-07-27,Tehama,103,63373,261,192,2,194,1
2020-07-27,Trinity,105,12862,26,3,6,9,0
2020-07-27,Tulare,107,460477,10684,8462,30,8492,172
2020-07-27,Tuolumne,109,53932,150,115,4,119,0
2020-07-27,Ventura,111,848112,8452,6998,27,7025,68
2020-07-27,Yolo,113,214977,1761,1439,3,1442,33
2020-07-27,Yuba,115,75493,450,328,0,328,1
2020-07-26,Alameda,001,1643700,12803,10489,42,10531,176
2020-07-26,Alpine,003,1148,2,2,0,2,0
2020-07-26,Amador,005,37829,142,67,0,67,0
2020-07-26,Butte,007,227075,1039,822,29,851,5
2020-07-26,Calaveras,009,45235,131,103,0,103,1
2020-07-26,Colusa,011,21464,347,270,0,270,2
2020-07-26,Contra Costa,013,1133247,9440,7095,27,7122,104
2020-07-26,Del Norte,015,27424,84,67,0,67,0
2020-07-26,El Dorado,017,186661,747,539,6,545,1
2020-07-26,Fresno,019,978130,20237,13209,168,13377,117
2020-07-26,Glenn,021,27897,354,265,0,265,1
2020-07-26,Humboldt,023,135768,247,214,1,215,4
2020-07-26,Imperial,025,180216,10092,7781,5,7786,144
2020-07-26,Inyo,027,18085,56,43,1,44,1
2020-07-26,Kern,029,883053,23012,17394,115,17509,148
2020-07-26,Kings,031,150075,4341,3591,20,3611,39
2020-07-26,Lake,033,64148,213,174,0,174,1
2020-07-26,Lassen,035,31185,574,503,2,505,0
2020-07-26,Los Angeles,037,10098052,192645,174322,462,174784,4364
2020-07-26,Madera,039,155013,2538,1744,5,1749,17
2020-07-26,Marin,041,260295,5151,4595,5,4600,22
2020-07-26,Mariposa,043,17540,56,43,0,43,1
2020-07-26,Mendocino,045,87422,273,206,0,206,0
2020-07-26,Merced,047,269075,5205,3251,2,3253,23
2020-07-26,Modoc,049,8938,3,0,0,0,0
2020-07-26,Mono,051,14174,136,82,2,84,1
2020-07-26,Monterey,053,433212,4933,3901,9,3910,21
2020-07-26,Napa,055,140530,1073,769,0,769,6
2020-07-26,Nevada,057,99092,322,261,13,274,1
2020-07-26,Orange,059,3164182,41574,34352,745,35097,564
2020-07-26,Placer,061,380077,2095,1628,3,1631,12
2020-07-26,Plumas,063,18699,33,22,0,22,0
2020-07-26,Riverside,065,2383286,42495,35636,41,35677,665
2020-07-26,Sacramento,067,1510023,11690,8972,11,8983,114
2020-07-26,San Benito,069,59416,655,495,0,495,2
2020-07-26,San Bernardino,071,2135413,37567,29545,149,29694,400
2020-07-26,San Diego,073,3302833,30890,26986,4,26990,533
2020-07-26,San Francisco,075,870044,6892,5823,6,5829,55
2020-07-26,San Joaquin,077,732212,13522,10637,6,10643,129
2020-07-26,San Luis Obispo,079,281455,1984,1565,8,1573,8
2020-07-26,San Mateo,081,765935,6105,5078,7,5085,113
2020-07-26,Santa Barbara,083,443738,6451,5939,60,5999,30
2020-07-26,Santa Clara,085,1922200,11925,8986,28,9014,166
2020-07-26,Santa Cruz,087,273765,1216,970,7,977,4
2020-07-26,Shasta,089,179085,451,265,3,268,8
2020-07-26,Sierra,091,2930,2,1,0,1,0
2020-07-26,Siskiyou,093,43540,86,54,0,54,0
2020-07-26,Solano,095,438530,4023,3197,18,3215,29
2020-07-26,Sonoma,097,501317,3396,2503,6,2509,20
2020-07-26,Stanislaus,099,539301,10691,8228,18,8246,84
2020-07-26,Sutter,101,95872,771,612,0,612,2
2020-07-26,Tehama,103,63373,254,175,2,177,1
2020-07-26,Trinity,105,12862,26,3,6,9,0
2020-07-26,Tulare,107,460477,10478,8392,30,8422,172
2020-07-26,Tuolumne,109,53932,145,113,4,117,0
2020-07-26,Ventura,111,848112,8245,6844,27,6871,67
2020-07-26,Yolo,113,214977,1730,1408,3,1411,33
2020-07-26,Yuba,115,75493,431,313,0,313,1
2020-07-25,Alameda,001,1643700,12706,10361,40,10401,176
2020-07-25,Alpine,003,1148,2,2,0,2,0
2020-07-25,Amador,005,37829,139,67,0,67,0
2020-07-25,Butte,007,227075,1030,810,29,839,5
2020-07-25,Calaveras,009,45235,128,103,0,103,1
2020-07-25,Colusa,011,21464,340,265,0,265,2
2020-07-25,Contra Costa,013,1133247,9297,6920,27,6947,104
2020-07-25,Del Norte,015,27424,84,67,0,67,0
2020-07-25,El Dorado,017,186661,736,528,6,534,1
2020-07-25,Fresno,019,978130,20050,12866,168,13034,117
2020-07-25,Glenn,021,27897,352,260,0,260,1
2020-07-25,Humboldt,023,135768,244,212,1,213,4
2020-07-25,Imperial,025,180216,10066,7727,5,7732,144
2020-07-25,Inyo,027,18085,55,43,1,44,1
2020-07-25,Kern,029,883053,22794,16910,114,17024,148
2020-07-25,Kings,031,150075,4324,3516,20,3536,39
2020-07-25,Lake,033,64148,211,173,0,173,1
2020-07-25,Lassen,035,31185,574,503,2,505,0
2020-07-25,Los Angeles,037,10098052,191510,172611,456,173067,4357
2020-07-25,Madera,039,155013,2506,1724,5,1729,17
2020-07-25,Marin,041,260295,5135,4562,5,4567,22
2020-07-25,Mariposa,043,17540,55,43,0,43,1
2020-07-25,Mendocino,045,87422,267,190,0,190,0
2020-07-25,Merced,047,269075,5126,3176,2,3178,23
2020-07-25,Modoc,049,8938,3,0,0,0,0
2020-07-25,Mono,051,14174,136,82,2,84,1
2020-07-25,Monterey,053,433212,4856,3805,9,3814,21
2020-07-25,Napa,055,140530,1060,746,0,746,6
2020-07-25,Nevada,057,99092,320,257,13,270,1
2020-07-25,Orange,059,3164182,41355,33978,724,34702,561
2020-07-25,Placer,061,380077,2079,1596,3,1599,12
2020-07-25,Plumas,063,18699,33,22,0,22,0
2020-07-25,Riverside,065,2383286,42226,34921,41,34962,655
2020-07-25,Sacramento,067,1510023,11544,8674,11,8685,113
2020-07-25,San Benito,069,59416,639,492,0,492,2
2020-07-25,San Bernardino,071,2135413,37289,29265,146,29411,394
2020-07-25,San Diego,073,3302833,30629,26703,3,26706,533
2020-07-25,San Francisco,075,870044,6834,5644,6,5650,55
2020-07-25,San Joaquin,077,732212,13396,10347,5,10352,129
2020-07-25,San Luis Obispo,079,281455,1964,1530,7,1537,8
2020-07-25,San Mateo,081,765935,6042,5023,7,5030,113
2020-07-25,Santa Barbara,083,443738,6416,5880,60,5940,30
2020-07-25,Santa Clara,085,1922200,11791,8767,28,8795,166
2020-07-25,Santa Cruz,087,273765,1199,939,7,946,4
2020-07-25,Shasta,089,179085,446,263,1,264,8
2020-07-25,Sierra,091,2930,2,1,0,1,0
2020-07-25,Siskiyou,093,43540,84,54,0,54,0
2020-07-25,Solano,095,438530,3983,3107,16,3123,29
2020-07-25,Sonoma,097,501317,3357,2412,6,2418,20
2020-07-25,Stanislaus,099,539301,10588,7994,14,8008,84
2020-07-25,Sutter,101,95872,752,603,0,603,2
2020-07-25,Tehama,103,63373,253,169,2,171,1
2020-07-25,Trinity,105,12862,26,3,6,9,0
2020-07-25,Tulare,107,460477,10378,8310,30,8340,172
2020-07-25,Tuolumne,109,53932,144,99,4,103,0
2020-07-25,Ventura,111,848112,8172,6662,27,6689,62
2020-07-25,Yolo,113,214977,1714,1357,3,1360,35
2020-07-25,Yuba,115,75493,425,312,0,312,1
2020-07-24,Alameda,001,1643700,12565,10216,37,10253,176
2020-07-24,Alpine,003,1148,2,2,0,2,0
2020-07-24,Amador,005,37829,137,66,0,66,0
2020-07-24,Butte,007,227075,1018,751,29,780,5
2020-07-24,Calaveras,009,45235,124,102,0,102,0
2020-07-24,Colusa,011,21464,337,255,0,255,2
2020-07-24,Contra Costa,013,1133247,9152,6814,27,6841,100
2020-07-24,Del Norte,015,27424,84,66,0,66,0
2020-07-24,El Dorado,017,186661,714,516,6,522,1
2020-07-24,Fresno,019,978130,19825,12564,168,12732,115
2020-07-24,Glenn,021,27897,349,251,0,251,1
2020-07-24,Humboldt,023,135768,241,210,1,211,4
2020-07-24,Imperial,025,180216,10044,7686,5,7691,141
2020-07-24,Inyo,027,18085,55,41,1,42,1
2020-07-24,Kern,029,883053,22553,16124,114,16238,143
2020-07-24,Kings,031,150075,4294,3471,20,3491,39
2020-07-24,Lake,033,64148,209,167,0,167,1
2020-07-24,Lassen,035,31185,574,503,2,505,0
2020-07-24,Los Angeles,037,10098052,189485,169078,445,169523,4302
2020-07-24,Madera,039,155013,2473,1679,5,1684,16
2020-07-24,Marin,041,260295,5108,4517,5,4522,22
2020-07-24,Mariposa,043,17540,55,41,0,41,1
2020-07-24,Mendocino,045,87422,260,188,0,188,0
2020-07-24,Merced,047,269075,5041,3100,2,3102,23
2020-07-24,Modoc,049,8938,3,0,0,0,0
2020-07-24,Mono,051,14174,135,82,2,84,1
2020-07-24,Monterey,053,433212,4784,3748,9,3757,21
2020-07-24,Napa,055,140530,1047,741,0,741,6
2020-07-24,Nevada,057,99092,317,255,13,268,1
2020-07-24,Orange,059,3164182,41068,33530,708,34238,557
2020-07-24,Placer,061,380077,2048,1551,3,1554,12
2020-07-24,Plumas,063,18699,33,22,0,22,0
2020-07-24,Riverside,065,2383286,41802,34513,40,34553,631
2020-07-24,Sacramento,067,1510023,11356,8570,11,8581,110
2020-07-24,San Benito,069,59416,632,485,0,485,2
2020-07-24,San Bernardino,071,2135413,36918,28990,141,29131,386
2020-07-24,San Diego,073,3302833,30329,26100,3,26103,524
2020-07-24,San Francisco,075,870044,6740,5611,6,5617,55
2020-07-24,San Joaquin,077,732212,13247,10190,5,10195,118
2020-07-24,San Luis Obispo,079,281455,1940,1476,7,1483,8
2020-07-24,San Mateo,081,765935,5979,4954,7,4961,112
2020-07-24,Santa Barbara,083,443738,6363,5776,58,5834,30
2020-07-24,Santa Clara,085,1922200,11626,8658,28,8686,165
2020-07-24,Santa Cruz,087,273765,1179,930,7,937,4
2020-07-24,Shasta,089,179085,438,262,1,263,8
2020-07-24,Sierra,091,2930,2,1,0,1,0
2020-07-24,Siskiyou,093,43540,84,53,0,53,0
2020-07-24,Solano,095,438530,3947,3062,13,3075,29
2020-07-24,Sonoma,097,501317,3305,2345,6,2351,20
2020-07-24,Stanislaus,099,539301,10416,7861,12,7873,82
2020-07-24,Sutter,101,95872,741,593,0,593,2
2020-07-24,Tehama,103,63373,245,170,2,172,1
2020-07-24,Trinity,105,12862,25,3,6,9,0
2020-07-24,Tulare,107,460477,10284,8167,28,8195,167
2020-07-24,Tuolumne,109,53932,140,99,4,103,0
2020-07-24,Ventura,111,848112,8087,6553,27,6580,60
2020-07-24,Yolo,113,214977,1700,1329,3,1332,35
2020-07-24,Yuba,115,75493,410,307,0,307,1
2020-07-23,Alameda,001,1643700,12322,9924,37,9961,171
2020-07-23,Alpine,003,1148,2,2,0,2,0
2020-07-23,Amador,005,37829,120,61,0,61,0
2020-07-23,Butte,007,227075,1003,726,28,754,5
2020-07-23,Calaveras,009,45235,117,102,0,102,0
2020-07-23,Colusa,011,21464,329,242,0,242,2
2020-07-23,Contra Costa,013,1133247,8953,6619,25,6644,98
2020-07-23,Del Norte,015,27424,84,66,0,66,0
2020-07-23,El Dorado,017,186661,703,491,6,497,1
2020-07-23,Fresno,019,978130,19468,12164,165,12329,112
2020-07-23,Glenn,021,27897,344,246,0,246,1
2020-07-23,Humboldt,023,135768,240,208,1,209,4
2020-07-23,Imperial,025,180216,9994,7604,5,7609,138
2020-07-23,Inyo,027,18085,53,38,1,39,1
2020-07-23,Kern,029,883053,22146,14491,110,14601,128
2020-07-23,Kings,031,150075,4182,3371,20,3391,39
2020-07-23,Lake,033,64148,200,160,0,160,1
2020-07-23,Lassen,035,31185,571,503,2,505,0
2020-07-23,Los Angeles,037,10098052,186936,167198,419,167617,4265
2020-07-23,Madera,039,155013,2407,1659,4,1663,13
2020-07-23,Marin,041,260295,5056,4423,5,4428,22
2020-07-23,Mariposa,043,17540,55,40,0,40,1
2020-07-23,Mendocino,045,87422,250,178,0,178,0
2020-07-23,Merced,047,269075,4884,2972,2,2974,22
2020-07-23,Modoc,049,8938,3,0,0,0,0
2020-07-23,Mono,051,14174,131,82,2,84,1
2020-07-23,Monterey,053,433212,4667,3655,9,3664,21
2020-07-23,Napa,055,140530,1023,713,0,713,5
2020-07-23,Nevada,057,99092,314,247,13,260,1
2020-07-23,Orange,059,3164182,40572,32863,678,33541,544
2020-07-23,Placer,061,380077,2004,1519,3,1522,12
2020-07-23,Plumas,063,18699,32,21,0,21,0
2020-07-23,Riverside,065,2383286,41197,33833,40,33873,630
2020-07-23,Sacramento,067,1510023,11123,8222,11,8233,108
2020-07-23,San Benito,069,59416,618,478,0,478,2
2020-07-23,San Bernardino,071,2135413,36399,28121,135,28256,369
2020-07-23,San Diego,073,3302833,29955,25109,3,25112,505
2020-07-23,San Francisco,075,870044,6639,5543,6,5549,55
2020-07-23,San Joaquin,077,732212,13028,9861,5,9866,111
2020-07-23,San Luis Obispo,079,281455,1911,1438,7,1445,7
2020-07-23,San Mateo,081,765935,5874,4895,7,4902,113
2020-07-23,Santa Barbara,083,443738,6290,5628,58,5686,30
2020-07-23,Santa Clara,085,1922200,11407,8458,28,8486,165
2020-07-23,Santa Cruz,087,273765,1143,887,7,894,3
2020-07-23,Shasta,089,179085,427,254,1,255,9
2020-07-23,Sierra,091,2930,2,1,0,1,0
2020-07-23,Siskiyou,093,43540,82,53,0,53,0
2020-07-23,Solano,095,438530,3883,2962,11,2973,29
2020-07-23,Sonoma,097,501317,3229,2289,6,2295,18
2020-07-23,Stanislaus,099,539301,10174,7603,12,7615,71
2020-07-23,Sutter,101,95872,708,570,0,570,2
2020-07-23,Tehama,103,63373,239,158,2,160,1
2020-07-23,Trinity,105,12862,24,3,6,9,0
2020-07-23,Tulare,107,460477,10095,7898,28,7926,168
2020-07-23,Tuolumne,109,53932,140,93,4,97,0
2020-07-23,Ventura,111,848112,7963,6303,27,6330,56
2020-07-23,Yolo,113,214977,1682,1279,3,1282,35
2020-07-23,Yuba,115,75493,390,297,0,297,1
2020-07-22,Alameda,001,1643700,12105,9678,36,9714,169
2020-07-22,Alpine,003,1148,2,2,0,2,0
2020-07-22,Amador,005,37829,118,58,0,58,0
2020-07-22,Butte,007,227075,967,694,28,722,5
2020-07-22,Calaveras,009,45235,117,98,0,98,0
2020-07-22,Colusa,011,21464,322,236,0,236,0
2020-07-22,Contra Costa,013,1133247,8727,6401,25,6426,98
2020-07-22,Del Norte,015,27424,84,66,0,66,0
2020-07-22,El Dorado,017,186661,690,466,6,472,1
2020-07-22,Fresno,019,978130,19104,11756,159,11915,110
2020-07-22,Glenn,021,27897,338,236,0,236,1
2020-07-22,Humboldt,023,135768,238,201,1,202,4
2020-07-22,Imperial,025,180216,9935,7533,5,7538,134
2020-07-22,Inyo,027,18085,49,38,1,39,1
2020-07-22,Kern,029,883053,21714,13513,102,13615,127
2020-07-22,Kings,031,150075,4126,3271,20,3291,38
2020-07-22,Lake,033,64148,197,160,0,160,1
2020-07-22,Lassen,035,31185,568,500,2,502,0
2020-07-22,Los Angeles,037,10098052,184285,165242,398,165640,4218
2020-07-22,Madera,039,155013,2332,1578,4,1582,10
2020-07-22,Marin,041,260295,5000,4373,5,4378,23
2020-07-22,Mariposa,043,17540,55,38,0,38,1
2020-07-22,Mendocino,045,87422,243,166,0,166,0
2020-07-22,Merced,047,269075,4758,2828,2,2830,15
2020-07-22,Modoc,049,8938,3,0,0,0,0
2020-07-22,Mono,051,14174,128,82,2,84,1
2020-07-22,Monterey,053,433212,4566,3533,9,3542,20
2020-07-22,Napa,055,140530,1001,687,0,687,5
2020-07-22,Nevada,057,99092,308,239,12,251,1
2020-07-22,Orange,059,3164182,40073,32047,669,32716,522
2020-07-22,Placer,061,380077,1948,1469,3,1472,12
2020-07-22,Plumas,063,18699,31,20,0,20,0
2020-07-22,Riverside,065,2383286,40561,33093,40,33133,612
2020-07-22,Sacramento,067,1510023,10861,8028,11,8039,106
2020-07-22,San Benito,069,59416,604,465,0,465,2
2020-07-22,San Bernardino,071,2135413,35877,26820,124,26944,348
2020-07-22,San Diego,073,3302833,29567,25109,2,25111,505
2020-07-22,San Francisco,075,870044,6535,5473,5,5478,53
2020-07-22,San Joaquin,077,732212,12750,9628,5,9633,102
2020-07-22,San Luis Obispo,079,281455,1865,1373,7,1380,7
2020-07-22,San Mateo,081,765935,5785,4796,7,4803,112
2020-07-22,Santa Barbara,083,443738,6206,5508,56,5564,29
2020-07-22,Santa Clara,085,1922200,11164,8266,28,8294,166
2020-07-22,Santa Cruz,087,273765,1119,866,7,873,3
2020-07-22,Shasta,089,179085,417,246,1,247,9
2020-07-22,Sierra,091,2930,1,1,0,1,0
2020-07-22,Siskiyou,093,43540,81,52,0,52,0
2020-07-22,Solano,095,438530,3822,2839,10,2849,29
2020-07-22,Sonoma,097,501317,3152,2255,6,2261,17
2020-07-22,Stanislaus,099,539301,10003,7401,12,7413,71
2020-07-22,Sutter,101,95872,684,551,0,551,2
2020-07-22,Tehama,103,63373,231,155,2,157,1
2020-07-22,Trinity,105,12862,23,3,6,9,0
2020-07-22,Tulare,107,460477,9862,7640,28,7668,167
2020-07-22,Tuolumne,109,53932,136,91,4,95,0
2020-07-22,Ventura,111,848112,7835,6223,25,6248,56
2020-07-22,Yolo,113,214977,1640,1233,3,1236,34
2020-07-22,Yuba,115,75493,375,288,0,288,1
2020-07-21,Alameda,001,1643700,11891,9390,36,9426,166
2020-07-21,Alpine,003,1148,2,2,0,2,0
2020-07-21,Amador,005,37829,113,55,0,55,0
2020-07-21,Butte,007,227075,922,659,27,686,5
2020-07-21,Calaveras,009,45235,111,96,0,96,0
2020-07-21,Colusa,011,21464,298,227,0,227,0
2020-07-21,Contra Costa,013,1133247,8485,6210,25,6235,98
2020-07-21,Del Norte,015,27424,84,66,0,66,0
2020-07-21,El Dorado,017,186661,682,440,6,446,1
2020-07-21,Fresno,019,978130,18704,11412,153,11565,107
2020-07-21,Glenn,021,27897,331,229,0,229,1
2020-07-21,Humboldt,023,135768,236,198,1,199,4
2020-07-21,Imperial,025,180216,9885,7458,5,7463,128
2020-07-21,Inyo,027,18085,48,38,1,39,1
2020-07-21,Kern,029,883053,21292,11998,96,12094,119
2020-07-21,Kings,031,150075,4061,3187,19,3206,38
2020-07-21,Lake,033,64148,197,157,0,157,1
2020-07-21,Lassen,035,31185,566,474,2,476,0
2020-07-21,Los Angeles,037,10098052,181295,162205,374,162579,4159
2020-07-21,Madera,039,155013,2267,1508,3,1511,10
2020-07-21,Marin,041,260295,4928,4318,5,4323,21
2020-07-21,Mariposa,043,17540,54,37,0,37,1
2020-07-21,Mendocino,045,87422,232,160,0,160,0
2020-07-21,Merced,047,269075,4579,2725,2,2727,15
2020-07-21,Modoc,049,8938,3,0,0,0,0
2020-07-21,Mono,051,14174,124,79,2,81,1
2020-07-21,Monterey,053,433212,4434,3404,8,3412,20
2020-07-21,Napa,055,140530,974,660,0,660,5
2020-07-21,Nevada,057,99092,306,228,10,238,1
2020-07-21,Orange,059,3164182,39577,31356,637,31993,515
2020-07-21,Placer,061,380077,1907,1413,3,1416,11
2020-07-21,Plumas,063,18699,31,19,0,19,0
2020-07-21,Riverside,065,2383286,39859,32231,40,32271,583
2020-07-21,Sacramento,067,1510023,10589,7789,10,7799,102
2020-07-21,San Benito,069,59416,593,444,0,444,2
2020-07-21,San Bernardino,071,2135413,35230,25323,117,25440,343
2020-07-21,San Diego,073,3302833,29118,24522,2,24524,487
2020-07-21,San Francisco,075,870044,6426,5377,5,5382,53
2020-07-21,San Joaquin,077,732212,12422,9150,5,9155,99
2020-07-21,San Luis Obispo,079,281455,1816,1338,7,1345,7
2020-07-21,San Mateo,081,765935,5693,4733,7,4740,111
2020-07-21,Santa Barbara,083,443738,6126,5422,55,5477,29
2020-07-21,Santa Clara,085,1922200,10901,7989,28,8017,164
2020-07-21,Santa Cruz,087,273765,1086,835,7,842,3
2020-07-21,Shasta,089,179085,409,241,1,242,9
2020-07-21,Sierra,091,2930,1,1,0,1,0
2020-07-21,Siskiyou,093,43540,81,48,0,48,0
2020-07-21,Solano,095,438530,3750,2727,10,2737,27
2020-07-21,Sonoma,097,501317,3095,2200,6,2206,17
2020-07-21,Stanislaus,099,539301,9741,6984,12,6996,69
2020-07-21,Sutter,101,95872,668,533,0,533,2
2020-07-21,Tehama,103,63373,221,150,2,152,1
2020-07-21,Trinity,105,12862,23,2,6,8,0
2020-07-21,Tulare,107,460477,9660,7447,28,7475,167
2020-07-21,Tuolumne,109,53932,134,75,4,79,0
2020-07-21,Ventura,111,848112,7703,6131,25,6156,55
2020-07-21,Yolo,113,214977,1586,1204,3,1207,34
2020-07-21,Yuba,115,75493,369,269,0,269,1
2020-07-20,Alameda,001,1643700,11636,9244,35,9279,162
2020-07-20,Alpine,003,1148,2,2,0,2,0
2020-07-20,Amador,005,37829,110,53,0,53,0
2020-07-20,Butte,007,227075,885,586,27,613,4
2020-07-20,Calaveras,009,45235,108,90,0,90,0
2020-07-20,Colusa,011,21464,287,217,0,217,0
2020-07-20,Contra Costa,013,1133247,8277,5823,25,5848,97
2020-07-20,Del Norte,015,27424,84,61,0,61,0
2020-07-20,El Dorado,017,186661,659,407,6,413,0
2020-07-20,Fresno,019,978130,18262,10891,152,11043,106
2020-07-20,Glenn,021,27897,323,225,0,225,1
2020-07-20,Humboldt,023,135768,229,194,1,195,4
2020-07-20,Imperial,025,180216,9844,7337,5,7342,124
2020-07-20,Inyo,027,18085,46,38,1,39,1
2020-07-20,Kern,029,883053,20782,10908,92,11000,118
2020-07-20,Kings,031,150075,4011,3093,19,3112,37
2020-07-20,Lake,033,64148,194,147,0,147,1
2020-07-20,Lassen,035,31185,564,474,2,476,0
2020-07-20,Los Angeles,037,10098052,178331,159202,347,159549,4108
2020-07-20,Madera,039,155013,2192,1433,3,1436,10
2020-07-20,Marin,041,260295,4845,4255,5,4260,21
2020-07-20,Mariposa,043,17540,53,36,0,36,1
2020-07-20,Mendocino,045,87422,219,153,0,153,0
2020-07-20,Merced,047,269075,4409,2584,2,2586,15
2020-07-20,Modoc,049,8938,3,0,0,0,0
2020-07-20,Mono,051,14174,118,78,2,80,1
2020-07-20,Monterey,053,433212,4328,3205,8,3213,19
2020-07-20,Napa,055,140530,939,632,0,632,5
2020-07-20,Nevada,057,99092,298,218,10,228,1
2020-07-20,Orange,059,3164182,38967,30337,607,30944,507
2020-07-20,Placer,061,380077,1856,1364,3,1367,11
2020-07-20,Plumas,063,18699,30,17,0,17,0
2020-07-20,Riverside,065,2383286,39027,31163,40,31203,581
2020-07-20,Sacramento,067,1510023,10261,7369,10,7379,99
2020-07-20,San Benito,069,59416,575,433,0,433,2
2020-07-20,San Bernardino,071,2135413,34422,24226,113,24339,338
2020-07-20,San Diego,073,3302833,28676,24137,2,24139,478
2020-07-20,San Francisco,075,870044,6305,5090,5,5095,53
2020-07-20,San Joaquin,077,732212,12066,8583,5,8588,97
2020-07-20,San Luis Obispo,079,281455,1774,1282,7,1289,6
2020-07-20,San Mateo,081,765935,5593,4609,7,4616,111
2020-07-20,Santa Barbara,083,443738,6016,5266,53,5319,29
2020-07-20,Santa Clara,085,1922200,10673,7711,27,7738,164
2020-07-20,Santa Cruz,087,273765,1054,758,7,765,3
2020-07-20,Shasta,089,179085,394,233,1,234,9
2020-07-20,Sierra,091,2930,1,1,0,1,0
2020-07-20,Siskiyou,093,43540,77,42,0,42,0
2020-07-20,Solano,095,438530,3667,2537,10,2547,26
2020-07-20,Sonoma,097,501317,2989,2148,6,2154,17
2020-07-20,Stanislaus,099,539301,9457,6835,12,6847,58
2020-07-20,Sutter,101,95872,635,507,0,507,2
2020-07-20,Tehama,103,63373,211,146,2,148,1
2020-07-20,Trinity,105,12862,23,2,6,8,0
2020-07-20,Tulare,107,460477,9426,6974,28,7002,166
2020-07-20,Tuolumne,109,53932,133,75,4,79,0
2020-07-20,Ventura,111,848112,7569,5912,25,5937,52
2020-07-20,Yolo,113,214977,1545,1155,3,1158,30
2020-07-20,Yuba,115,75493,349,258,0,258,1
2020-07-19,Alameda,001,1643700,11395,9227,29,9256,162
2020-07-19,Alpine,003,1148,2,2,0,2,0
2020-07-19,Amador,005,37829,103,51,0,51,0
2020-07-19,Butte,007,227075,860,555,23,578,4
2020-07-19,Calaveras,009,45235,106,89,0,89,0
2020-07-19,Colusa,011,21464,279,187,0,187,0
2020-07-19,Contra Costa,013,1133247,7986,5691,23,5714,95
2020-07-19,Del Norte,015,27424,83,61,0,61,0
2020-07-19,El Dorado,017,186661,641,385,6,391,0
2020-07-19,Fresno,019,978130,17739,10639,140,10779,106
2020-07-19,Glenn,021,27897,309,215,0,215,0
2020-07-19,Humboldt,023,135768,221,195,1,196,4
2020-07-19,Imperial,025,180216,9753,7280,5,7285,124
2020-07-19,Inyo,027,18085,42,38,1,39,1
2020-07-19,Kern,029,883053,20165,10094,84,10178,115
2020-07-19,Kings,031,150075,3925,3035,19,3054,37
2020-07-19,Lake,033,64148,189,144,0,144,1
2020-07-19,Lassen,035,31185,545,474,2,476,0
2020-07-19,Los Angeles,037,10098052,174885,156039,324,156363,4100
2020-07-19,Madera,039,155013,2115,1301,3,1304,10
2020-07-19,Marin,041,260295,4790,4172,5,4177,21
2020-07-19,Mariposa,043,17540,49,35,0,35,1
2020-07-19,Mendocino,045,87422,214,137,0,137,0
2020-07-19,Merced,047,269075,4202,2460,2,2462,15
2020-07-19,Modoc,049,8938,3,0,0,0,0
2020-07-19,Mono,051,14174,107,63,2,65,1
2020-07-19,Monterey,053,433212,4209,3079,8,3087,18
2020-07-19,Napa,055,140530,910,612,0,612,5
2020-07-19,Nevada,057,99092,292,210,10,220,1
2020-07-19,Orange,059,3164182,38403,29941,594,30535,505
2020-07-19,Placer,061,380077,1809,1246,3,1249,11
2020-07-19,Plumas,063,18699,30,17,0,17,0
2020-07-19,Riverside,065,2383286,38322,30340,40,30380,581
2020-07-19,Sacramento,067,1510023,9868,6985,10,6995,97
2020-07-19,San Benito,069,59416,559,412,0,412,2
2020-07-19,San Bernardino,071,2135413,33649,23928,101,24029,337
2020-07-19,San Diego,073,3302833,28175,23684,2,23686,478
2020-07-19,San Francisco,075,870044,6159,5094,5,5099,52
2020-07-19,San Joaquin,077,732212,11659,8308,5,8313,93
2020-07-19,San Luis Obispo,079,281455,1730,1262,7,1269,6
2020-07-19,San Mateo,081,765935,5489,4522,7,4529,110
2020-07-19,Santa Barbara,083,443738,5914,5145,50,5195,29
2020-07-19,Santa Clara,085,1922200,10429,7403,27,7430,164
2020-07-19,Santa Cruz,087,273765,1010,753,7,760,3
2020-07-19,Shasta,089,179085,381,218,1,219,9
2020-07-19,Sierra,091,2930,1,1,0,1,0
2020-07-19,Siskiyou,093,43540,75,42,0,42,0
2020-07-19,Solano,095,438530,3562,2551,10,2561,26
2020-07-19,Sonoma,097,501317,2889,2074,6,2080,17
2020-07-19,Stanislaus,099,539301,9161,6508,12,6520,58
2020-07-19,Sutter,101,95872,604,480,0,480,2
2020-07-19,Tehama,103,63373,207,138,2,140,1
2020-07-19,Trinity,105,12862,23,2,6,8,0
2020-07-19,Tulare,107,460477,9178,6856,28,6884,166
2020-07-19,Tuolumne,109,53932,128,75,4,79,0
2020-07-19,Ventura,111,848112,7379,5706,25,5731,52
2020-07-19,Yolo,113,214977,1505,1127,3,1130,30
2020-07-19,Yuba,115,75493,329,240,0,240,1
2020-07-18,Alameda,001,1643700,11258,9089,28,9117,162
2020-07-18,Alpine,003,1148,2,2,0,2,0
2020-07-18,Amador,005,37829,99,49,0,49,0
2020-07-18,Butte,007,227075,851,551,22,573,4
2020-07-18,Calaveras,009,45235,102,89,0,89,0
2020-07-18,Colusa,011,21464,274,182,0,182,0
2020-07-18,Contra Costa,013,1133247,7852,5617,23,5640,95
2020-07-18,Del Norte,015,27424,83,61,0,61,0
2020-07-18,El Dorado,017,186661,638,385,6,391,0
2020-07-18,Fresno,019,978130,17490,10381,138,10519,106
2020-07-18,Glenn,021,27897,303,212,0,212,0
2020-07-18,Humboldt,023,135768,218,189,1,190,4
2020-07-18,Imperial,025,180216,9723,7268,5,7273,124
2020-07-18,Inyo,027,18085,42,38,1,39,1
2020-07-18,Kern,029,883053,19862,9250,81,9331,114
2020-07-18,Kings,031,150075,3885,2996,18,3014,37
2020-07-18,Lake,033,64148,186,142,0,142,1
2020-07-18,Lassen,035,31185,544,474,2,476,0
2020-07-18,Los Angeles,037,10098052,173439,153265,314,153579,4088
2020-07-18,Madera,039,155013,2069,1260,3,1263,9
2020-07-18,Marin,041,260295,4761,4089,5,4094,21
2020-07-18,Mariposa,043,17540,49,35,0,35,1
2020-07-18,Mendocino,045,87422,208,137,0,137,0
2020-07-18,Merced,047,269075,4083,2424,2,2426,15
2020-07-18,Modoc,049,8938,3,0,0,0,0
2020-07-18,Mono,051,14174,105,54,2,56,1
2020-07-18,Monterey,053,433212,4141,3020,8,3028,17
2020-07-18,Napa,055,140530,899,609,0,609,5
2020-07-18,Nevada,057,99092,288,204,9,213,1
2020-07-18,Orange,059,3164182,38084,29603,574,30177,493
2020-07-18,Placer,061,380077,1786,1233,3,1236,11
2020-07-18,Plumas,063,18699,30,17,0,17,0
2020-07-18,Riverside,065,2383286,37968,30245,39,30284,581
2020-07-18,Sacramento,067,1510023,9623,6739,10,6749,95
2020-07-18,San Benito,069,59416,544,407,0,407,2
2020-07-18,San Bernardino,071,2135413,33189,23680,94,23774,336
2020-07-18,San Diego,073,3302833,27872,23116,2,23118,478
2020-07-18,San Francisco,075,870044,6057,5051,5,5056,52
2020-07-18,San Joaquin,077,732212,11446,8118,5,8123,93
2020-07-18,San Luis Obispo,079,281455,1695,1234,7,1241,6
2020-07-18,San Mateo,081,765935,5429,4488,7,4495,110
2020-07-18,Santa Barbara,083,443738,5854,5110,48,5158,29
2020-07-18,Santa Clara,085,1922200,10280,7255,26,7281,164
2020-07-18,Santa Cruz,087,273765,993,751,7,758,3
2020-07-18,Shasta,089,179085,372,216,1,217,9
2020-07-18,Sierra,091,2930,1,1,0,1,0
2020-07-18,Siskiyou,093,43540,71,42,0,42,0
2020-07-18,Solano,095,438530,3521,2503,10,2513,26
2020-07-18,Sonoma,097,501317,2838,2019,6,2025,15
2020-07-18,Stanislaus,099,539301,9026,6344,12,6356,58
2020-07-18,Sutter,101,95872,598,473,0,473,2
2020-07-18,Tehama,103,63373,202,136,2,138,1
2020-07-18,Trinity,105,12862,23,2,6,8,0
2020-07-18,Tulare,107,460477,9087,6810,27,6837,167
2020-07-18,Tuolumne,109,53932,125,75,4,79,0
2020-07-18,Ventura,111,848112,7297,5630,25,5655,52
2020-07-18,Yolo,113,214977,1477,1077,3,1080,30
2020-07-18,Yuba,115,75493,318,237,0,237,1
2020-07-17,Alameda,001,1643700,11116,8893,27,8920,160
2020-07-17,Alpine,003,1148,2,1,0,1,0
2020-07-17,Amador,005,37829,97,48,0,48,0
2020-07-17,Butte,007,227075,837,497,22,519,4
2020-07-17,Calaveras,009,45235,99,86,0,86,0
2020-07-17,Colusa,011,21464,272,146,0,146,0
2020-07-17,Contra Costa,013,1133247,7704,5483,23,5506,93
2020-07-17,Del Norte,015,27424,82,60,0,60,0
2020-07-17,El Dorado,017,186661,622,368,6,374,0
2020-07-17,Fresno,019,978130,17192,9954,138,10092,104
2020-07-17,Glenn,021,27897,296,203,0,203,0
2020-07-17,Humboldt,023,135768,217,185,1,186,4
2020-07-17,Imperial,025,180216,9701,7193,5,7198,120
2020-07-17,Inyo,027,18085,42,38,1,39,1
2020-07-17,Kern,029,883053,19542,8291,80,8371,113
2020-07-17,Kings,031,150075,3846,2978,18,2996,37
2020-07-17,Lake,033,64148,184,139,0,139,1
2020-07-17,Lassen,035,31185,525,391,2,393,0
2020-07-17,Los Angeles,037,10098052,171066,150481,301,150782,4052
2020-07-17,Madera,039,155013,2025,1214,3,1217,9
2020-07-17,Marin,041,260295,4724,3839,5,3844,21
2020-07-17,Mariposa,043,17540,47,35,0,35,1
2020-07-17,Mendocino,045,87422,200,126,0,126,0
2020-07-17,Merced,047,269075,4007,2328,2,2330,12
2020-07-17,Modoc,049,8938,2,0,0,0,0
2020-07-17,Mono,051,14174,100,54,2,56,1
2020-07-17,Monterey,053,433212,4012,2922,8,2930,18
2020-07-17,Napa,055,140530,885,598,0,598,5
2020-07-17,Nevada,057,99092,281,200,9,209,1
2020-07-17,Orange,059,3164182,37621,28962,541,29503,485
2020-07-17,Placer,061,380077,1757,1207,3,1210,11
2020-07-17,Plumas,063,18699,27,16,0,16,0
2020-07-17,Riverside,065,2383286,37368,29639,39,29678,580
2020-07-17,Sacramento,067,1510023,9379,6563,10,6573,95
2020-07-17,San Benito,069,59416,529,399,0,399,2
2020-07-17,San Bernardino,071,2135413,32670,23057,91,23148,322
2020-07-17,San Diego,073,3302833,27484,22491,2,22493,472
2020-07-17,San Francisco,075,870044,5963,4967,5,4972,52
2020-07-17,San Joaquin,077,732212,11202,7925,5,7930,86
2020-07-17,San Luis Obispo,079,281455,1658,1190,7,1197,6
2020-07-17,San Mateo,081,765935,5332,4407,7,4414,110
2020-07-17,Santa Barbara,083,443738,5782,5001,47,5048,29
2020-07-17,Santa Clara,085,1922200,10062,7080,26,7106,164
2020-07-17,Santa Cruz,087,273765,971,716,7,723,3
2020-07-17,Shasta,089,179085,360,213,1,214,8
2020-07-17,Sierra,091,2930,1,1,0,1,0
2020-07-17,Siskiyou,093,43540,70,40,0,40,0
2020-07-17,Solano,095,438530,3472,2452,10,2462,26
2020-07-17,Sonoma,097,501317,2789,1982,6,1988,15
2020-07-17,Stanislaus,099,539301,8852,6220,12,6232,56
2020-07-17,Sutter,101,95872,585,458,0,458,2
2020-07-17,Tehama,103,63373,198,128,2,130,1
2020-07-17,Trinity,105,12862,23,2,6,8,0
2020-07-17,Tulare,107,460477,8951,6671,27,6698,166
2020-07-17,Tuolumne,109,53932,124,73,4,77,0
2020-07-17,Ventura,111,848112,7214,5451,25,5476,51
2020-07-17,Yolo,113,214977,1453,1055,3,1058,30
2020-07-17,Yuba,115,75493,308,231,0,231,1
2020-07-16,Alameda,001,1643700,10883,8719,22,8741,153
2020-07-16,Alpine,003,1148,2,1,0,1,0
2020-07-16,Amador,005,37829,94,46,0,46,0
2020-07-16,Butte,007,227075,800,465,21,486,4
2020-07-16,Calaveras,009,45235,97,82,0,82,0
2020-07-16,Colusa,011,21464,263,140,0,140,0
2020-07-16,Contra Costa,013,1133247,7492,5338,17,5355,91
2020-07-16,Del Norte,015,27424,82,60,0,60,0
2020-07-16,El Dorado,017,186661,605,357,6,363,0
2020-07-16,Fresno,019,978130,16681,9481,129,9610,101
2020-07-16,Glenn,021,27897,287,190,0,190,0
2020-07-16,Humboldt,023,135768,215,184,1,185,4
2020-07-16,Imperial,025,180216,9607,7148,5,7153,113
2020-07-16,Inyo,027,18085,42,38,1,39,1
2020-07-16,Kern,029,883053,19020,7435,78,7513,112
2020-07-16,Kings,031,150075,3680,2937,18,2955,37
2020-07-16,Lake,033,64148,179,128,0,128,1
2020-07-16,Lassen,035,31185,524,355,2,357,0
2020-07-16,Los Angeles,037,10098052,167844,147759,276,148035,3994
2020-07-16,Madera,039,155013,1961,1192,3,1195,8
2020-07-16,Marin,041,260295,4651,3546,5,3551,21
2020-07-16,Mariposa,043,17540,45,34,0,34,1
2020-07-16,Mendocino,045,87422,195,121,0,121,0
2020-07-16,Merced,047,269075,3846,2228,2,2230,12
2020-07-16,Modoc,049,8938,1,0,0,0,0
2020-07-16,Mono,051,14174,97,53,2,55,1
2020-07-16,Monterey,053,433212,3907,2857,7,2864,18
2020-07-16,Napa,055,140530,856,581,0,581,5
2020-07-16,Nevada,057,99092,278,191,9,200,1
2020-07-16,Orange,059,3164182,36918,28525,505,29030,471
2020-07-16,Placer,061,380077,1709,1168,3,1171,11
2020-07-16,Plumas,063,18699,25,16,0,16,0
2020-07-16,Riverside,065,2383286,36621,28904,37,28941,577
2020-07-16,Sacramento,067,1510023,9066,6440,9,6449,91
2020-07-16,San Benito,069,59416,512,389,0,389,2
2020-07-16,San Bernardino,071,2135413,31809,22355,73,22428,321
2020-07-16,San Diego,073,3302833,26997,21857,2,21859,465
2020-07-16,San Francisco,075,870044,5822,4838,5,4843,52
2020-07-16,San Joaquin,077,732212,10839,7713,5,7718,82
2020-07-16,San Luis Obispo,079,281455,1614,1146,7,1153,6
2020-07-16,San Mateo,081,765935,5228,4336,7,4343,110
2020-07-16,Santa Barbara,083,443738,5687,4872,46,4918,28
2020-07-16,Santa Clara,085,1922200,9782,6990,24,7014,164
2020-07-16,Santa Cruz,087,273765,930,698,7,705,3
2020-07-16,Shasta,089,179085,345,208,1,209,7
2020-07-16,Sierra,091,2930,1,1,0,1,0
2020-07-16,Siskiyou,093,43540,67,39,0,39,0
2020-07-16,Solano,095,438530,3378,2372,10,2382,25
2020-07-16,Sonoma,097,501317,2699,1954,6,1960,14
2020-07-16,Stanislaus,099,539301,8569,6077,11,6088,56
2020-07-16,Sutter,101,95872,569,444,0,444,2
2020-07-16,Tehama,103,63373,188,126,2,128,1
2020-07-16,Trinity,105,12862,23,2,5,7,0
2020-07-16,Tulare,107,460477,8737,6467,26,6493,163
2020-07-16,Tuolumne,109,53932,117,71,4,75,0
2020-07-16,Ventura,111,848112,7052,5231,25,5256,50
2020-07-16,Yolo,113,214977,1411,1034,3,1037,29
2020-07-16,Yuba,115,75493,290,221,0,221,1
2020-07-15,Alameda,001,1643700,10678,8615,17,8632,153
2020-07-15,Alpine,003,1148,2,1,0,1,0
2020-07-15,Amador,005,37829,73,44,0,44,0
2020-07-15,Butte,007,227075,758,420,21,441,4
2020-07-15,Calaveras,009,45235,97,75,0,75,0
2020-07-15,Colusa,011,21464,258,135,0,135,0
2020-07-15,Contra Costa,013,1133247,7261,5246,17,5263,90
2020-07-15,Del Norte,015,27424,81,60,0,60,0
2020-07-15,El Dorado,017,186661,581,339,6,345,0
2020-07-15,Fresno,019,978130,16209,9124,123,9247,101
2020-07-15,Glenn,021,27897,278,184,0,184,0
2020-07-15,Humboldt,023,135768,213,181,1,182,4
2020-07-15,Imperial,025,180216,9540,7110,5,7115,110
2020-07-15,Inyo,027,18085,42,36,1,37,1
2020-07-15,Kern,029,883053,18400,7155,74,7229,108
2020-07-15,Kings,031,150075,3618,2906,18,2924,37
2020-07-15,Lake,033,64148,177,122,0,122,1
2020-07-15,Lassen,035,31185,520,319,2,321,0
2020-07-15,Los Angeles,037,10098052,164377,143343,261,143604,3946
2020-07-15,Madera,039,155013,1892,1147,3,1150,4
2020-07-15,Marin,041,260295,4596,3458,5,3463,21
2020-07-15,Mariposa,043,17540,45,34,0,34,1
2020-07-15,Mendocino,045,87422,192,119,0,119,0
2020-07-15,Merced,047,269075,3700,2156,2,2158,12
2020-07-15,Modoc,049,8938,1,0,0,0,0
2020-07-15,Mono,051,14174,95,52,2,54,1
2020-07-15,Monterey,053,433212,3795,2780,7,2787,18
2020-07-15,Napa,055,140530,830,573,0,573,5
2020-07-15,Nevada,057,99092,274,185,7,192,1
2020-07-15,Orange,059,3164182,36119,27718,471,28189,454
2020-07-15,Placer,061,380077,1651,1145,3,1148,11
2020-07-15,Plumas,063,18699,25,16,0,16,0
2020-07-15,Riverside,065,2383286,35839,28492,35,28527,568
2020-07-15,Sacramento,067,1510023,8686,6217,9,6226,91
2020-07-15,San Benito,069,59416,503,388,0,388,2
2020-07-15,San Bernardino,071,2135413,31019,21508,57,21565,317
2020-07-15,San Diego,073,3302833,26530,21448,2,21450,448
2020-07-15,San Francisco,075,870044,5708,4757,5,4762,50
2020-07-15,San Joaquin,077,732212,10408,7381,4,7385,75
2020-07-15,San Luis Obispo,079,281455,1571,1097,7,1104,6
2020-07-15,San Mateo,081,765935,5115,4258,7,4265,109
2020-07-15,Santa Barbara,083,443738,5573,4733,46,4779,28
2020-07-15,Santa Clara,085,1922200,9479,6900,24,6924,164
2020-07-15,Santa Cruz,087,273765,894,660,6,666,3
2020-07-15,Shasta,089,179085,336,193,1,194,7
2020-07-15,Sierra,091,2930,1,1,0,1,0
2020-07-15,Siskiyou,093,43540,66,38,0,38,0
2020-07-15,Solano,095,438530,3283,2343,10,2353,25
2020-07-15,Sonoma,097,501317,2601,1920,6,1926,14
2020-07-15,Stanislaus,099,539301,8272,5777,11,5788,56
2020-07-15,Sutter,101,95872,543,433,0,433,2
2020-07-15,Tehama,103,63373,180,126,2,128,1
2020-07-15,Trinity,105,12862,22,2,5,7,0
2020-07-15,Tulare,107,460477,8526,6320,26,6346,156
2020-07-15,Tuolumne,109,53932,110,68,4,72,0
2020-07-15,Ventura,111,848112,6875,5087,25,5112,50
2020-07-15,Yolo,113,214977,1378,1002,3,1005,27
2020-07-15,Yuba,115,75493,278,221,0,221,1
2020-07-14,Alameda,001,1643700,10337,8388,11,8399,151
2020-07-14,Alpine,003,1148,2,1,0,1,0
2020-07-14,Amador,005,37829,69,44,0,44,0
2020-07-14,Butte,007,227075,712,382,21,403,4
2020-07-14,Calaveras,009,45235,95,74,0,74,0
2020-07-14,Colusa,011,21464,248,128,0,128,0
2020-07-14,Contra Costa,013,1133247,7024,5110,15,5125,90
2020-07-14,Del Norte,015,27424,80,60,0,60,0
2020-07-14,El Dorado,017,186661,566,324,6,330,0
2020-07-14,Fresno,019,978130,15787,8941,118,9059,98
2020-07-14,Glenn,021,27897,268,177,0,177,0
2020-07-14,Humboldt,023,135768,210,175,1,176,4
2020-07-14,Imperial,025,180216,9414,7095,5,7100,109
2020-07-14,Inyo,027,18085,42,35,1,36,1
2020-07-14,Kern,029,883053,17641,6979,61,7040,107
2020-07-14,Kings,031,150075,3551,2867,17,2884,37
2020-07-14,Lake,033,64148,171,120,0,120,1
2020-07-14,Lassen,035,31185,503,263,2,265,0
2020-07-14,Los Angeles,037,10098052,161245,140632,232,140864,3900
2020-07-14,Madera,039,155013,1818,1118,3,1121,4
2020-07-14,Marin,041,260295,4482,3451,5,3456,21
2020-07-14,Mariposa,043,17540,41,32,0,32,1
2020-07-14,Mendocino,045,87422,184,110,0,110,0
2020-07-14,Merced,047,269075,3522,2084,2,2086,12
2020-07-14,Modoc,049,8938,1,0,0,0,0
2020-07-14,Mono,051,14174,85,48,2,50,1
2020-07-14,Monterey,053,433212,3682,2724,7,2731,18
2020-07-14,Napa,055,140530,774,557,0,557,4
2020-07-14,Nevada,057,99092,257,180,6,186,1
2020-07-14,Orange,059,3164182,35237,26915,423,27338,432
2020-07-14,Placer,061,380077,1593,1122,3,1125,11
2020-07-14,Plumas,063,18699,24,14,0,14,0
2020-07-14,Riverside,065,2383286,35082,27850,34,27884,547
2020-07-14,Sacramento,067,1510023,8332,5978,9,5987,87
2020-07-14,San Benito,069,59416,484,360,0,360,2
2020-07-14,San Bernardino,071,2135413,30167,20489,47,20536,316
2020-07-14,San Diego,073,3302833,25910,20887,2,20889,436
2020-07-14,San Francisco,075,870044,5557,4659,4,4663,50
2020-07-14,San Joaquin,077,732212,9981,7143,4,7147,75
2020-07-14,San Luis Obispo,079,281455,1533,1060,7,1067,5
2020-07-14,San Mateo,081,765935,5022,4173,7,4180,108
2020-07-14,Santa Barbara,083,443738,5449,4641,44,4685,28
2020-07-14,Santa Clara,085,1922200,9151,6686,21,6707,164
2020-07-14,Santa Cruz,087,273765,855,639,6,645,3
2020-07-14,Shasta,089,179085,327,190,1,191,7
2020-07-14,Sierra,091,2930,1,1,0,1,0
2020-07-14,Siskiyou,093,43540,65,38,0,38,0
2020-07-14,Solano,095,438530,3184,2266,9,2275,25
2020-07-14,Sonoma,097,501317,2508,1866,6,1872,14
2020-07-14,Stanislaus,099,539301,7897,5631,10,5641,53
2020-07-14,Sutter,101,95872,524,405,0,405,2
2020-07-14,Tehama,103,63373,168,123,2,125,1
2020-07-14,Trinity,105,12862,21,2,5,7,0
2020-07-14,Tulare,107,460477,8280,6199,26,6225,156
2020-07-14,Tuolumne,109,53932,105,68,4,72,0
2020-07-14,Ventura,111,848112,6714,4950,25,4975,50
2020-07-14,Yolo,113,214977,1331,966,3,969,27
2020-07-14,Yuba,115,75493,261,210,0,210,1
2020-07-13,Alameda,001,1643700,10028,8115,11,8126,148
2020-07-13,Alpine,003,1148,2,1,0,1,0
2020-07-13,Amador,005,37829,65,42,0,42,0
2020-07-13,Butte,007,227075,676,354,21,375,4
2020-07-13,Calaveras,009,45235,87,63,0,63,0
2020-07-13,Colusa,011,21464,242,116,0,116,0
2020-07-13,Contra Costa,013,1133247,6754,4882,13,4895,88
2020-07-13,Del Norte,015,27424,74,59,0,59,0
2020-07-13,El Dorado,017,186661,535,298,6,304,0
2020-07-13,Fresno,019,978130,15357,8666,113,8779,95
2020-07-13,Glenn,021,27897,261,168,0,168,0
2020-07-13,Humboldt,023,135768,205,174,1,175,4
2020-07-13,Imperial,025,180216,9327,7052,5,7057,109
2020-07-13,Inyo,027,18085,41,35,1,36,1
2020-07-13,Kern,029,883053,16956,6808,55,6863,107
2020-07-13,Kings,031,150075,3500,2824,17,2841,37
2020-07-13,Lake,033,64148,166,118,0,118,1
2020-07-13,Lassen,035,31185,498,237,2,239,0
2020-07-13,Los Angeles,037,10098052,158010,136368,218,136586,3829
2020-07-13,Madera,039,155013,1749,1059,3,1062,4
2020-07-13,Marin,041,260295,4378,3402,5,3407,21
2020-07-13,Mariposa,043,17540,40,31,0,31,1
2020-07-13,Mendocino,045,87422,180,87,0,87,0
2020-07-13,Merced,047,269075,3373,2007,2,2009,12
2020-07-13,Modoc,049,8938,1,0,0,0,0
2020-07-13,Mono,051,14174,81,47,1,48,1
2020-07-13,Monterey,053,433212,3559,2613,5,2618,18
2020-07-13,Napa,055,140530,738,534,0,534,4
2020-07-13,Nevada,057,99092,243,172,6,178,1
2020-07-13,Orange,059,3164182,34372,25978,391,26369,423
2020-07-13,Placer,061,380077,1548,1096,3,1099,11
2020-07-13,Plumas,063,18699,22,14,0,14,0
2020-07-13,Riverside,065,2383286,34155,27136,32,27168,545
2020-07-13,Sacramento,067,1510023,8035,5747,9,5756,85
2020-07-13,San Benito,069,59416,471,343,0,343,2
2020-07-13,San Bernardino,071,2135413,29292,19610,40,19650,313
2020-07-13,San Diego,073,3302833,25343,20348,2,20350,422
2020-07-13,San Francisco,075,870044,5430,4534,3,4537,50
2020-07-13,San Joaquin,077,732212,9566,6927,4,6931,71
2020-07-13,San Luis Obispo,079,281455,1502,989,7,996,5
2020-07-13,San Mateo,081,765935,4891,4057,7,4064,108
2020-07-13,Santa Barbara,083,443738,5335,4441,43,4484,28
2020-07-13,Santa Clara,085,1922200,8828,6488,20,6508,164
2020-07-13,Santa Cruz,087,273765,817,574,6,580,3
2020-07-13,Shasta,089,179085,316,185,1,186,6
2020-07-13,Sierra,091,2930,1,1,0,1,0
2020-07-13,Siskiyou,093,43540,61,37,0,37,0
2020-07-13,Solano,095,438530,3072,2046,9,2055,23
2020-07-13,Sonoma,097,501317,2397,1818,6,1824,14
2020-07-13,Stanislaus,099,539301,7594,5324,9,5333,53
2020-07-13,Sutter,101,95872,486,379,0,379,2
2020-07-13,Tehama,103,63373,155,112,2,114,1
2020-07-13,Trinity,105,12862,21,2,5,7,0
2020-07-13,Tulare,107,460477,8019,5930,24,5954,147
2020-07-13,Tuolumne,109,53932,97,56,4,60,0
2020-07-13,Ventura,111,848112,6524,4800,22,4822,50
2020-07-13,Yolo,113,214977,1285,941,3,944,27
2020-07-13,Yuba,115,75493,246,194,0,194,1
2020-07-12,Alameda,001,1643700,9758,8056,11,8067,148
2020-07-12,Alpine,003,1148,2,1,0,1,0
2020-07-12,Amador,005,37829,55,40,0,40,0
2020-07-12,Butte,007,227075,626,341,20,361,4
2020-07-12,Calaveras,009,45235,87,62,0,62,0
2020-07-12,Colusa,011,21464,208,116,0,116,0
2020-07-12,Contra Costa,013,1133247,6486,4708,11,4719,88
2020-07-12,Del Norte,015,27424,63,59,0,59,0
2020-07-12,El Dorado,017,186661,513,290,6,296,0
2020-07-12,Fresno,019,978130,14934,8407,108,8515,95
2020-07-12,Glenn,021,27897,248,166,0,166,0
2020-07-12,Humboldt,023,135768,201,174,1,175,4
2020-07-12,Imperial,025,180216,9212,6999,5,7004,109
2020-07-12,Inyo,027,18085,39,35,1,36,1
2020-07-12,Kern,029,883053,16213,6662,51,6713,105
2020-07-12,Kings,031,150075,3438,2779,17,2796,34
2020-07-12,Lake,033,64148,157,114,0,114,1
2020-07-12,Lassen,035,31185,491,237,2,239,0
2020-07-12,Los Angeles,037,10098052,154587,133830,189,134019,3816
2020-07-12,Madera,039,155013,1693,1025,3,1028,4
2020-07-12,Marin,041,260295,4302,3358,5,3363,21
2020-07-12,Mariposa,043,17540,39,31,0,31,1
2020-07-12,Mendocino,045,87422,161,88,0,88,0
2020-07-12,Merced,047,269075,3243,1908,2,1910,12
2020-07-12,Modoc,049,8938,1,0,0,0,0
2020-07-12,Mono,051,14174,71,45,1,46,1
2020-07-12,Monterey,053,433212,3444,2521,5,2526,18
2020-07-12,Napa,055,140530,707,519,0,519,4
2020-07-12,Nevada,057,99092,233,166,6,172,1
2020-07-12,Orange,059,3164182,33494,25399,382,25781,422
2020-07-12,Placer,061,380077,1491,1058,3,1061,11
2020-07-12,Plumas,063,18699,21,14,0,14,0
2020-07-12,Riverside,065,2383286,33397,26404,31,26435,542
2020-07-12,Sacramento,067,1510023,7723,5515,7,5522,85
2020-07-12,San Benito,069,59416,456,324,0,324,2
2020-07-12,San Bernardino,071,2135413,28380,19042,36,19078,312
2020-07-12,San Diego,073,3302833,24713,19929,2,19931,422
2020-07-12,San Francisco,075,870044,5281,4535,3,4538,50
2020-07-12,San Joaquin,077,732212,9203,6703,4,6707,71
2020-07-12,San Luis Obispo,079,281455,1455,972,7,979,5
2020-07-12,San Mateo,081,765935,4773,3988,7,3995,108
2020-07-12,Santa Barbara,083,443738,5205,4353,42,4395,28
2020-07-12,Santa Clara,085,1922200,8590,6252,19,6271,164
2020-07-12,Santa Cruz,087,273765,775,573,5,578,3
2020-07-12,Shasta,089,179085,310,173,1,174,6
2020-07-12,Sierra,091,2930,1,1,0,1,0
2020-07-12,Siskiyou,093,43540,59,36,0,36,0
2020-07-12,Solano,095,438530,2947,2037,9,2046,23
2020-07-12,Sonoma,097,501317,2303,1743,6,1749,13
2020-07-12,Stanislaus,099,539301,7290,5177,9,5186,53
2020-07-12,Sutter,101,95872,468,362,0,362,2
2020-07-12,Tehama,103,63373,148,111,2,113,1
2020-07-12,Trinity,105,12862,21,2,5,7,0
2020-07-12,Tulare,107,460477,7763,5864,23,5887,146
2020-07-12,Tuolumne,109,53932,90,52,4,56,0
2020-07-12,Ventura,111,848112,6308,4724,21,4745,50
2020-07-12,Yolo,113,214977,1244,889,3,892,27
2020-07-12,Yuba,115,75493,235,188,0,188,1
2020-07-11,Alameda,001,1643700,9655,7845,11,7856,148
2020-07-11,Alpine,003,1148,2,1,0,1,0
2020-07-11,Amador,005,37829,51,37,0,37,0
2020-07-11,Butte,007,227075,610,325,20,345,4
2020-07-11,Calaveras,009,45235,84,62,0,62,0
2020-07-11,Colusa,011,21464,203,110,0,110,0
2020-07-11,Contra Costa,013,1133247,6371,4650,11,4661,87
2020-07-11,Del Norte,015,27424,63,59,0,59,0
2020-07-11,El Dorado,017,186661,502,283,6,289,0
2020-07-11,Fresno,019,978130,14673,8086,105,8191,95
2020-07-11,Glenn,021,27897,240,161,0,161,0
2020-07-11,Humboldt,023,135768,200,174,1,175,4
2020-07-11,Imperial,025,180216,9173,6884,5,6889,109
2020-07-11,Inyo,027,18085,39,35,1,36,1
2020-07-11,Kern,029,883053,15856,6509,50,6559,103
2020-07-11,Kings,031,150075,3411,2753,17,2770,33
2020-07-11,Lake,033,64148,156,110,0,110,1
2020-07-11,Lassen,035,31185,490,237,2,239,0
2020-07-11,Los Angeles,037,10098052,152868,130479,179,130658,3802
2020-07-11,Madera,039,155013,1652,988,3,991,4
2020-07-11,Marin,041,260295,4274,3191,5,3196,21
2020-07-11,Mariposa,043,17540,39,31,0,31,1
2020-07-11,Mendocino,045,87422,157,88,0,88,0
2020-07-11,Merced,047,269075,3162,1851,2,1853,12
2020-07-11,Modoc,049,8938,1,0,0,0,0
2020-07-11,Mono,051,14174,68,45,1,46,1
2020-07-11,Monterey,053,433212,3355,2376,5,2381,18
2020-07-11,Napa,055,140530,695,509,0,509,4
2020-07-11,Nevada,057,99092,224,163,5,168,1
2020-07-11,Orange,059,3164182,33117,24430,368,24798,422
2020-07-11,Placer,061,380077,1457,1029,3,1032,11
2020-07-11,Plumas,063,18699,21,12,0,12,0
2020-07-11,Riverside,065,2383286,33006,25994,31,26025,538
2020-07-11,Sacramento,067,1510023,7549,5367,7,5374,84
2020-07-11,San Benito,069,59416,441,314,0,314,2
2020-07-11,San Bernardino,071,2135413,27943,18907,34,18941,310
2020-07-11,San Diego,073,3302833,24321,19371,2,19373,422
2020-07-11,San Francisco,075,870044,5185,4430,2,4432,50
2020-07-11,San Joaquin,077,732212,9025,6518,4,6522,72
2020-07-11,San Luis Obispo,079,281455,1407,930,7,937,4
2020-07-11,San Mateo,081,765935,4705,3956,7,3963,108
2020-07-11,Santa Barbara,083,443738,5136,4283,41,4324,28
2020-07-11,Santa Clara,085,1922200,8430,5959,19,5978,164
2020-07-11,Santa Cruz,087,273765,744,571,5,576,3
2020-07-11,Shasta,089,179085,303,168,1,169,6
2020-07-11,Sierra,091,2930,1,1,0,1,0
2020-07-11,Siskiyou,093,43540,59,36,0,36,0
2020-07-11,Solano,095,438530,2906,2034,9,2043,23
2020-07-11,Sonoma,097,501317,2265,1690,6,1696,13
2020-07-11,Stanislaus,099,539301,7150,4911,9,4920,51
2020-07-11,Sutter,101,95872,452,352,0,352,2
2020-07-11,Tehama,103,63373,146,111,2,113,1
2020-07-11,Trinity,105,12862,21,2,5,7,0
2020-07-11,Tulare,107,460477,7657,5780,23,5803,149
2020-07-11,Tuolumne,109,53932,87,50,4,54,0
2020-07-11,Ventura,111,848112,6212,4545,20,4565,49
2020-07-11,Yolo,113,214977,1215,833,3,836,27
2020-07-11,Yuba,115,75493,225,175,0,175,1
2020-07-10,Alameda,001,1643700,9498,7551,11,7562,147
2020-07-10,Alpine,003,1148,2,1,0,1,0
2020-07-10,Amador,005,37829,47,37,0,37,0
2020-07-10,Butte,007,227075,599,318,20,338,4
2020-07-10,Calaveras,009,45235,84,61,0,61,0
2020-07-10,Colusa,011,21464,197,103,0,103,0
2020-07-10,Contra Costa,013,1133247,6232,4482,11,4493,86
2020-07-10,Del Norte,015,27424,63,57,0,57,0
2020-07-10,El Dorado,017,186661,484,266,6,272,0
2020-07-10,Fresno,019,978130,14341,7760,102,7862,93
2020-07-10,Glenn,021,27897,235,157,0,157,0
2020-07-10,Humboldt,023,135768,199,168,1,169,4
2020-07-10,Imperial,025,180216,9128,6878,4,6882,98
2020-07-10,Inyo,027,18085,39,35,1,36,1
2020-07-10,Kern,029,883053,15424,6344,49,6393,102
2020-07-10,Kings,031,150075,3375,2707,17,2724,33
2020-07-10,Lake,033,64148,149,104,0,104,1
2020-07-10,Lassen,035,31185,489,235,2,237,0
2020-07-10,Los Angeles,037,10098052,150445,127503,173,127676,3750
2020-07-10,Madera,039,155013,1606,914,3,917,4
2020-07-10,Marin,041,260295,4211,3101,5,3106,21
2020-07-10,Mariposa,043,17540,38,31,0,31,1
2020-07-10,Mendocino,045,87422,149,88,0,88,0
2020-07-10,Merced,047,269075,3085,1802,2,1804,12
2020-07-10,Modoc,049,8938,1,0,0,0,0
2020-07-10,Mono,051,14174,67,45,1,46,1
2020-07-10,Monterey,053,433212,3277,2285,5,2290,18
2020-07-10,Napa,055,140530,684,496,0,496,4
2020-07-10,Nevada,057,99092,219,161,5,166,1
2020-07-10,Orange,059,3164182,32531,23692,365,24057,416
2020-07-10,Placer,061,380077,1415,1002,3,1005,11
2020-07-10,Plumas,063,18699,19,12,0,12,0
2020-07-10,Riverside,065,2383286,32488,25481,31,25512,533
2020-07-10,Sacramento,067,1510023,7294,5181,7,5188,81
2020-07-10,San Benito,069,59416,432,302,0,302,2
2020-07-10,San Bernardino,071,2135413,27419,18242,31,18273,308
2020-07-10,San Diego,073,3302833,23937,18862,2,18864,420
2020-07-10,San Francisco,075,870044,5094,4305,2,4307,50
2020-07-10,San Joaquin,077,732212,8792,6225,4,6229,67
2020-07-10,San Luis Obispo,079,281455,1369,891,7,898,4
2020-07-10,San Mateo,081,765935,4640,3844,7,3851,107
2020-07-10,Santa Barbara,083,443738,5039,4177,40,4217,28
2020-07-10,Santa Clara,085,1922200,8206,5819,19,5838,164
2020-07-10,Santa Cruz,087,273765,716,540,5,545,3
2020-07-10,Shasta,089,179085,299,158,1,159,6
2020-07-10,Sierra,091,2930,1,1,0,1,0
2020-07-10,Siskiyou,093,43540,59,31,0,31,0
2020-07-10,Solano,095,438530,2859,1950,9,1959,23
2020-07-10,Sonoma,097,501317,2218,1606,5,1611,13
2020-07-10,Stanislaus,099,539301,6980,4781,9,4790,46
2020-07-10,Sutter,101,95872,445,338,0,338,2
2020-07-10,Tehama,103,63373,145,107,2,109,1
2020-07-10,Trinity,105,12862,21,2,5,7,0
2020-07-10,Tulare,107,460477,7520,5677,23,5700,150
2020-07-10,Tuolumne,109,53932,86,49,4,53,0
2020-07-10,Ventura,111,848112,6098,4416,20,4436,48
2020-07-10,Yolo,113,214977,1191,794,3,797,27
2020-07-10,Yuba,115,75493,211,164,0,164,1
2020-07-09,Alameda,001,1643700,9268,7433,11,7444,146
2020-07-09,Alpine,003,1148,2,1,0,1,0
2020-07-09,Amador,005,37829,44,36,0,36,0
2020-07-09,Butte,007,227075,567,295,19,314,4
2020-07-09,Calaveras,009,45235,83,59,0,59,0
2020-07-09,Colusa,011,21464,189,97,0,97,0
2020-07-09,Contra Costa,013,1133247,5991,4388,11,4399,86
2020-07-09,Del Norte,015,27424,63,57,0,57,0
2020-07-09,El Dorado,017,186661,459,255,5,260,0
2020-07-09,Fresno,019,978130,13886,7385,99,7484,90
2020-07-09,Glenn,021,27897,225,150,0,150,0
2020-07-09,Humboldt,023,135768,196,166,1,167,4
2020-07-09,Imperial,025,180216,9030,6778,4,6782,87
2020-07-09,Inyo,027,18085,37,35,1,36,1
2020-07-09,Kern,029,883053,14778,6100,47,6147,95
2020-07-09,Kings,031,150075,3312,2686,17,2703,33
2020-07-09,Lake,033,64148,146,99,0,99,1
2020-07-09,Lassen,035,31185,433,221,2,223,0
2020-07-09,Los Angeles,037,10098052,147187,125062,150,125212,3698
2020-07-09,Madera,039,155013,1529,850,3,853,4
2020-07-09,Marin,041,260295,4061,2975,4,2979,20
2020-07-09,Mariposa,043,17540,38,32,0,32,1
2020-07-09,Mendocino,045,87422,145,88,0,88,0
2020-07-09,Merced,047,269075,2952,1728,2,1730,11
2020-07-09,Modoc,049,8938,1,0,0,0,0
2020-07-09,Mono,051,14174,63,45,1,46,1
2020-07-09,Monterey,053,433212,3152,2223,5,2228,17
2020-07-09,Napa,055,140530,667,468,0,468,4
2020-07-09,Nevada,057,99092,213,156,5,161,1
2020-07-09,Orange,059,3164182,31556,22960,347,23307,407
2020-07-09,Placer,061,380077,1373,982,3,985,11
2020-07-09,Plumas,063,18699,19,12,0,12,0
2020-07-09,Riverside,065,2383286,31595,24980,30,25010,529
2020-07-09,Sacramento,067,1510023,6967,4950,7,4957,81
2020-07-09,San Benito,069,59416,416,295,0,295,2
2020-07-09,San Bernardino,071,2135413,26549,17339,25,17364,307
2020-07-09,San Diego,073,3302833,23345,18404,2,18406,415
2020-07-09,San Francisco,075,870044,4962,4143,2,4145,50
2020-07-09,San Joaquin,077,732212,8433,6004,4,6008,66
2020-07-09,San Luis Obispo,079,281455,1328,869,7,876,3
2020-07-09,San Mateo,081,765935,4514,3792,7,3799,106
2020-07-09,Santa Barbara,083,443738,4907,4068,40,4108,28
2020-07-09,Santa Clara,085,1922200,7945,5638,19,5657,164
2020-07-09,Santa Cruz,087,273765,689,526,5,531,3
2020-07-09,Shasta,089,179085,293,155,1,156,5
2020-07-09,Sierra,091,2930,1,1,0,1,0
2020-07-09,Siskiyou,093,43540,55,31,0,31,0
2020-07-09,Solano,095,438530,2761,1892,9,1901,23
2020-07-09,Sonoma,097,501317,2132,1584,5,1589,13
2020-07-09,Stanislaus,099,539301,6665,4633,8,4641,46
2020-07-09,Sutter,101,95872,428,321,0,321,2
2020-07-09,Tehama,103,63373,140,102,2,104,1
2020-07-09,Trinity,105,12862,21,2,5,7,0
2020-07-09,Tulare,107,460477,7301,5501,22,5523,146
2020-07-09,Tuolumne,109,53932,85,47,4,51,0
2020-07-09,Ventura,111,848112,5930,4278,20,4298,47
2020-07-09,Yolo,113,214977,1143,764,3,767,27
2020-07-09,Yuba,115,75493,194,152,0,152,1
2020-07-08,Alameda,001,1643700,8978,7335,11,7346,142
2020-07-08,Alpine,003,1148,2,1,0,1,0
2020-07-08,Amador,005,37829,41,35,0,35,0
2020-07-08,Butte,007,227075,530,281,19,300,3
2020-07-08,Calaveras,009,45235,78,58,0,58,0
2020-07-08,Colusa,011,21464,176,90,0,90,0
2020-07-08,Contra Costa,013,1133247,5745,4268,9,4277,84
2020-07-08,Del Norte,015,27424,61,57,0,57,0
2020-07-08,El Dorado,017,186661,437,248,5,253,0
2020-07-08,Fresno,019,978130,13471,7102,91,7193,86
2020-07-08,Glenn,021,27897,214,146,0,146,0
2020-07-08,Humboldt,023,135768,193,162,1,163,4
2020-07-08,Imperial,025,180216,8943,6727,4,6731,76
2020-07-08,Inyo,027,18085,37,35,1,36,1
2020-07-08,Kern,029,883053,14200,5873,45,5918,91
2020-07-08,Kings,031,150075,3253,2629,14,2643,33
2020-07-08,Lake,033,64148,139,97,0,97,1
2020-07-08,Lassen,035,31185,337,221,2,223,0
2020-07-08,Los Angeles,037,10098052,143981,123462,122,123584,3650
2020-07-08,Madera,039,155013,1459,828,3,831,4
2020-07-08,Marin,041,260295,3962,2756,4,2760,17
2020-07-08,Mariposa,043,17540,38,31,0,31,1
2020-07-08,Mendocino,045,87422,132,84,0,84,0
2020-07-08,Merced,047,269075,2830,1578,2,1580,11
2020-07-08,Modoc,049,8938,1,0,0,0,0
2020-07-08,Mono,051,14174,60,45,0,45,1
2020-07-08,Monterey,053,433212,3034,2182,4,2186,17
2020-07-08,Napa,055,140530,645,468,0,468,4
2020-07-08,Nevada,057,99092,204,156,5,161,1
2020-07-08,Orange,059,3164182,30601,22088,342,22430,378
2020-07-08,Placer,061,380077,1326,948,3,951,11
2020-07-08,Plumas,063,18699,19,12,0,12,0
2020-07-08,Riverside,065,2383286,30631,24042,29,24071,508
2020-07-08,Sacramento,067,1510023,6678,4799,7,4806,80
2020-07-08,San Benito,069,59416,399,282,0,282,2
2020-07-08,San Bernardino,071,2135413,25695,16510,21,16531,296
2020-07-08,San Diego,073,3302833,22775,17844,2,17846,406
2020-07-08,San Francisco,075,870044,4873,4093,2,4095,50
2020-07-08,San Joaquin,077,732212,8090,5759,4,5763,61
2020-07-08,San Luis Obispo,079,281455,1276,825,7,832,2
2020-07-08,San Mateo,081,765935,4394,3733,7,3740,106
2020-07-08,Santa Barbara,083,443738,4788,3985,40,4025,28
2020-07-08,Santa Clara,085,1922200,7711,5510,19,5529,164
2020-07-08,Santa Cruz,087,273765,656,509,4,513,3
2020-07-08,Shasta,089,179085,284,148,1,149,6
2020-07-08,Sierra,091,2930,1,1,0,1,0
2020-07-08,Siskiyou,093,43540,55,31,0,31,0
2020-07-08,Solano,095,438530,2645,1821,9,1830,23
2020-07-08,Sonoma,097,501317,2056,1495,5,1500,9
2020-07-08,Stanislaus,099,539301,6365,4344,8,4352,46
2020-07-08,Sutter,101,95872,403,298,0,298,2
2020-07-08,Tehama,103,63373,134,100,2,102,1
2020-07-08,Trinity,105,12862,20,2,5,7,0
2020-07-08,Tulare,107,460477,7109,5307,17,5324,138
2020-07-08,Tuolumne,109,53932,81,42,4,46,0
2020-07-08,Ventura,111,848112,5765,4139,20,4159,47
2020-07-08,Yolo,113,214977,1099,727,3,730,26
2020-07-08,Yuba,115,75493,181,145,0,145,1
2020-07-07,Alameda,001,1643700,8658,7097,10,7107,141
2020-07-07,Alpine,003,1148,2,1,0,1,0
2020-07-07,Amador,005,37829,41,33,0,33,0
2020-07-07,Butte,007,227075,487,269,19,288,3
2020-07-07,Calaveras,009,45235,76,58,0,58,0
2020-07-07,Colusa,011,21464,143,84,0,84,0
2020-07-07,Contra Costa,013,1133247,5507,4131,8,4139,84
2020-07-07,Del Norte,015,27424,61,57,0,57,0
2020-07-07,El Dorado,017,186661,417,244,5,249,0
2020-07-07,Fresno,019,978130,13017,6738,91,6829,84
2020-07-07,Glenn,021,27897,205,145,0,145,0
2020-07-07,Humboldt,023,135768,190,150,1,151,4
2020-07-07,Imperial,025,180216,8845,6678,4,6682,51
2020-07-07,Inyo,027,18085,36,32,1,33,1
2020-07-07,Kern,029,883053,13501,5645,41,5686,88
2020-07-07,Kings,031,150075,3190,2623,13,2636,33
2020-07-07,Lake,033,64148,129,94,0,94,1
2020-07-07,Lassen,035,31185,266,219,2,221,0
2020-07-07,Los Angeles,037,10098052,140401,121026,115,121141,3588
2020-07-07,Madera,039,155013,1415,794,3,797,4
2020-07-07,Marin,041,260295,3870,2627,4,2631,17
2020-07-07,Mariposa,043,17540,38,31,0,31,1
2020-07-07,Mendocino,045,87422,124,82,0,82,0
2020-07-07,Merced,047,269075,2660,1531,2,1533,10
2020-07-07,Modoc,049,8938,1,0,0,0,0
2020-07-07,Mono,051,14174,59,42,0,42,1
2020-07-07,Monterey,053,433212,2891,2166,4,2170,17
2020-07-07,Napa,055,140530,626,459,0,459,4
2020-07-07,Nevada,057,99092,198,150,5,155,1
2020-07-07,Orange,059,3164182,29583,21741,329,22070,373
2020-07-07,Placer,061,380077,1285,930,3,933,11
2020-07-07,Plumas,063,18699,17,12,0,12,0
2020-07-07,Riverside,065,2383286,29616,23279,29,23308,499
2020-07-07,Sacramento,067,1510023,6336,4592,7,4599,76
2020-07-07,San Benito,069,59416,381,274,0,274,2
2020-07-07,San Bernardino,071,2135413,24825,16004,19,16023,277
2020-07-07,San Diego,073,3302833,22056,17580,2,17582,399
2020-07-07,San Francisco,075,870044,4781,4045,1,4046,50
2020-07-07,San Joaquin,077,732212,7748,5547,4,5551,59
2020-07-07,San Luis Obispo,079,281455,1215,795,7,802,2
2020-07-07,San Mateo,081,765935,4279,3691,7,3698,106
2020-07-07,Santa Barbara,083,443738,4660,3866,39,3905,27
2020-07-07,Santa Clara,085,1922200,7442,5438,19,5457,164
2020-07-07,Santa Cruz,087,273765,622,502,3,505,2
2020-07-07,Shasta,089,179085,271,144,1,145,6
2020-07-07,Sierra,091,2930,1,1,0,1,0
2020-07-07,Siskiyou,093,43540,54,30,0,30,0
2020-07-07,Solano,095,438530,2534,1776,8,1784,22
2020-07-07,Sonoma,097,501317,1986,1473,5,1478,8
2020-07-07,Stanislaus,099,539301,6027,4101,8,4109,46
2020-07-07,Sutter,101,95872,377,273,0,273,2
2020-07-07,Tehama,103,63373,125,95,2,97,1
2020-07-07,Trinity,105,12862,20,2,5,7,0
2020-07-07,Tulare,107,460477,6929,5189,16,5205,137
2020-07-07,Tuolumne,109,53932,75,40,4,44,0
2020-07-07,Ventura,111,848112,5596,3992,18,4010,46
2020-07-07,Yolo,113,214977,1031,706,3,709,26
2020-07-07,Yuba,115,75493,161,138,0,138,1
2020-07-06,Alameda,001,1643700,8423,6970,10,6980,141
2020-07-06,Alpine,003,1148,1,1,0,1,0
2020-07-06,Amador,005,37829,39,33,0,33,0
2020-07-06,Butte,007,227075,431,257,16,273,2
2020-07-06,Calaveras,009,45235,73,45,0,45,0
2020-07-06,Colusa,011,21464,134,80,0,80,0
2020-07-06,Contra Costa,013,1133247,5279,3901,7,3908,83
2020-07-06,Del Norte,015,27424,60,57,0,57,0
2020-07-06,El Dorado,017,186661,402,232,4,236,0
2020-07-06,Fresno,019,978130,12548,6364,85,6449,82
2020-07-06,Glenn,021,27897,197,129,0,129,0
2020-07-06,Humboldt,023,135768,188,148,1,149,3
2020-07-06,Imperial,025,180216,8728,6443,4,6447,47
2020-07-06,Inyo,027,18085,36,32,1,33,1
2020-07-06,Kern,029,883053,12695,5491,40,5531,82
2020-07-06,Kings,031,150075,3139,2583,9,2592,33
2020-07-06,Lake,033,64148,122,93,0,93,1
2020-07-06,Lassen,035,31185,264,219,2,221,0
2020-07-06,Los Angeles,037,10098052,136801,116707,102,116809,3541
2020-07-06,Madera,039,155013,1345,734,3,737,4
2020-07-06,Marin,041,260295,3630,2136,4,2140,17
2020-07-06,Mariposa,043,17540,36,31,0,31,1
2020-07-06,Mendocino,045,87422,107,72,0,72,0
2020-07-06,Merced,047,269075,2506,1396,2,1398,10
2020-07-06,Modoc,049,8938,1,0,0,0,0
2020-07-06,Mono,051,14174,58,40,0,40,1
2020-07-06,Monterey,053,433212,2802,2078,4,2082,15
2020-07-06,Napa,055,140530,608,454,0,454,4
2020-07-06,Nevada,057,99092,192,146,5,151,1
2020-07-06,Orange,059,3164182,28519,20167,292,20459,372
2020-07-06,Placer,061,380077,1222,904,3,907,11
2020-07-06,Plumas,063,18699,17,11,0,11,0
2020-07-06,Riverside,065,2383286,28561,22485,28,22513,477
2020-07-06,Sacramento,067,1510023,5985,4420,7,4427,71
2020-07-06,San Benito,069,59416,366,264,0,264,2
2020-07-06,San Bernardino,071,2135413,23972,15346,16,15362,272
2020-07-06,San Diego,073,3302833,21324,17002,2,17004,387
2020-07-06,San Francisco,075,870044,4660,3861,1,3862,50
2020-07-06,San Joaquin,077,732212,7377,5104,4,5108,57
2020-07-06,San Luis Obispo,079,281455,1157,751,7,758,2
2020-07-06,San Mateo,081,765935,4187,3650,6,3656,106
2020-07-06,Santa Barbara,083,443738,4523,3763,38,3801,27
2020-07-06,Santa Clara,085,1922200,7170,5369,19,5388,165
2020-07-06,Santa Cruz,087,273765,600,466,2,468,2
2020-07-06,Shasta,089,179085,261,143,1,144,6
2020-07-06,Sierra,091,2930,1,1,0,1,0
2020-07-06,Siskiyou,093,43540,50,30,0,30,0
2020-07-06,Solano,095,438530,2398,1668,8,1676,22
2020-07-06,Sonoma,097,501317,1922,1369,5,1374,8
2020-07-06,Stanislaus,099,539301,5625,3983,8,3991,46
2020-07-06,Sutter,101,95872,350,250,0,250,2
2020-07-06,Tehama,103,63373,122,95,2,97,1
2020-07-06,Trinity,105,12862,19,2,5,7,0
2020-07-06,Tulare,107,460477,6724,5039,14,5053,136
2020-07-06,Tuolumne,109,53932,72,30,4,34,0
2020-07-06,Ventura,111,848112,5403,3912,18,3930,44
2020-07-06,Yolo,113,214977,975,685,3,688,26
2020-07-06,Yuba,115,75493,147,124,0,124,1
2020-07-05,Alameda,001,1643700,8173,6861,10,6871,141
2020-07-05,Alpine,003,1148,1,1,0,1,0
2020-07-05,Amador,005,37829,37,31,0,31,0
2020-07-05,Butte,007,227075,396,248,16,264,2
2020-07-05,Calaveras,009,45235,69,45,0,45,0
2020-07-05,Colusa,011,21464,124,79,0,79,0
2020-07-05,Contra Costa,013,1133247,5032,3665,6,3671,80
2020-07-05,Del Norte,015,27424,60,57,0,57,0
2020-07-05,El Dorado,017,186661,384,227,4,231,0
2020-07-05,Fresno,019,978130,11981,6186,84,6270,82
2020-07-05,Glenn,021,27897,194,129,0,129,0
2020-07-05,Humboldt,023,135768,184,147,1,148,3
2020-07-05,Imperial,025,180216,8591,6441,4,6445,47
2020-07-05,Inyo,027,18085,35,32,1,33,1
2020-07-05,Kern,029,883053,11987,5351,40,5391,82
2020-07-05,Kings,031,150075,3056,2546,8,2554,31
2020-07-05,Lake,033,64148,122,92,0,92,1
2020-07-05,Lassen,035,31185,258,219,2,221,0
2020-07-05,Los Angeles,037,10098052,133570,115133,96,115229,3495
2020-07-05,Madera,039,155013,1268,564,3,567,4
2020-07-05,Marin,041,260295,3448,2080,4,2084,17
2020-07-05,Mariposa,043,17540,36,31,0,31,1
2020-07-05,Mendocino,045,87422,104,72,0,72,0
2020-07-05,Merced,047,269075,2362,1340,2,1342,10
2020-07-05,Modoc,049,8938,1,0,0,0,0
2020-07-05,Mono,051,14174,54,39,0,39,1
2020-07-05,Monterey,053,433212,2699,1994,4,1998,15
2020-07-05,Napa,055,140530,578,450,0,450,4
2020-07-05,Nevada,057,99092,186,141,5,146,1
2020-07-05,Orange,059,3164182,27574,19430,279,19709,372
2020-07-05,Placer,061,380077,1165,855,3,858,11
2020-07-05,Plumas,063,18699,16,11,0,11,0
2020-07-05,Riverside,065,2383286,27703,21511,28,21539,474
2020-07-05,Sacramento,067,1510023,5670,4265,6,4271,71
2020-07-05,San Benito,069,59416,348,258,0,258,2
2020-07-05,San Bernardino,071,2135413,23094,15026,16,15042,270
2020-07-05,San Diego,073,3302833,20633,16728,2,16730,387
2020-07-05,San Francisco,075,870044,4543,3861,1,3862,50
2020-07-05,San Joaquin,077,732212,7058,5015,4,5019,57
2020-07-05,San Luis Obispo,079,281455,1078,730,7,737,2
2020-07-05,San Mateo,081,765935,4077,3575,6,3581,106
2020-07-05,Santa Barbara,083,443738,4376,3671,35,3706,27
2020-07-05,Santa Clara,085,1922200,6874,5237,19,5256,162
2020-07-05,Santa Cruz,087,273765,582,467,0,467,2
2020-07-05,Shasta,089,179085,255,138,1,139,6
2020-07-05,Sierra,091,2930,1,1,0,1,0
2020-07-05,Siskiyou,093,43540,46,30,0,30,0
2020-07-05,Solano,095,438530,2277,1547,8,1555,22
2020-07-05,Sonoma,097,501317,1841,1369,5,1374,8
2020-07-05,Stanislaus,099,539301,5295,3777,7,3784,45
2020-07-05,Sutter,101,95872,322,241,0,241,2
2020-07-05,Tehama,103,63373,120,95,2,97,1
2020-07-05,Trinity,105,12862,19,2,5,7,0
2020-07-05,Tulare,107,460477,6465,4981,12,4993,135
2020-07-05,Tuolumne,109,53932,67,30,3,33,0
2020-07-05,Ventura,111,848112,5200,3866,18,3884,44
2020-07-05,Yolo,113,214977,935,644,3,647,26
2020-07-05,Yuba,115,75493,137,115,0,115,1
2020-07-04,Alameda,001,1643700,8061,6737,10,6747,141
2020-07-04,Alpine,003,1148,1,1,0,1,0
2020-07-04,Amador,005,37829,36,31,0,31,0
2020-07-04,Butte,007,227075,378,224,16,240,2
2020-07-04,Calaveras,009,45235,69,45,0,45,0
2020-07-04,Colusa,011,21464,123,76,0,76,0
2020-07-04,Contra Costa,013,1133247,4886,3583,6,3589,80
2020-07-04,Del Norte,015,27424,60,50,0,50,0
2020-07-04,El Dorado,017,186661,365,211,4,215,0
2020-07-04,Fresno,019,978130,11664,5999,82,6081,82
2020-07-04,Glenn,021,27897,187,128,0,128,0
2020-07-04,Humboldt,023,135768,177,144,1,145,3
2020-07-04,Imperial,025,180216,8542,6441,4,6445,47
2020-07-04,Inyo,027,18085,35,32,1,33,1
2020-07-04,Kern,029,883053,11683,5231,40,5271,81
2020-07-04,Kings,031,150075,3013,2509,8,2517,31
2020-07-04,Lake,033,64148,115,86,0,86,1
2020-07-04,Lassen,035,31185,258,219,2,221,0
2020-07-04,Los Angeles,037,10098052,131754,107256,85,107341,3462
2020-07-04,Madera,039,155013,1222,568,3,571,4
2020-07-04,Marin,041,260295,3419,1962,4,1966,17
2020-07-04,Mariposa,043,17540,36,28,0,28,1
2020-07-04,Mendocino,045,87422,104,72,0,72,0
2020-07-04,Merced,047,269075,2264,1252,2,1254,10
2020-07-04,Modoc,049,8938,1,0,0,0,0
2020-07-04,Mono,051,14174,54,37,0,37,1
2020-07-04,Monterey,053,433212,2619,1878,4,1882,15
2020-07-04,Napa,055,140530,569,426,0,426,4
2020-07-04,Nevada,057,99092,183,125,5,130,1
2020-07-04,Orange,059,3164182,27138,19247,266,19513,372
2020-07-04,Placer,061,380077,1130,796,3,799,11
2020-07-04,Plumas,063,18699,16,11,0,11,0
2020-07-04,Riverside,065,2383286,27337,21508,28,21536,474
2020-07-04,Sacramento,067,1510023,5499,4039,6,4045,71
2020-07-04,San Benito,069,59416,335,255,0,255,2
2020-07-04,San Bernardino,071,2135413,22668,14636,14,14650,270
2020-07-04,San Diego,073,3302833,20173,16166,2,16168,387
2020-07-04,San Francisco,075,870044,4451,3861,1,3862,50
2020-07-04,San Joaquin,077,732212,6846,4807,4,4811,57
2020-07-04,San Luis Obispo,079,281455,1038,699,7,706,2
2020-07-04,San Mateo,081,765935,4014,3532,6,3538,106
2020-07-04,Santa Barbara,083,443738,4301,3520,33,3553,27
2020-07-04,Santa Clara,085,1922200,6683,5045,18,5063,161
2020-07-04,Santa Cruz,087,273765,572,466,0,466,2
2020-07-04,Shasta,089,179085,252,135,1,136,6
2020-07-04,Sierra,091,2930,1,1,0,1,0
2020-07-04,Siskiyou,093,43540,39,30,0,30,0
2020-07-04,Solano,095,438530,2241,1548,8,1556,22
2020-07-04,Sonoma,097,501317,1815,1370,5,1375,8
2020-07-04,Stanislaus,099,539301,5137,3572,7,3579,44
2020-07-04,Sutter,101,95872,303,225,0,225,2
2020-07-04,Tehama,103,63373,117,92,2,94,1
2020-07-04,Trinity,105,12862,19,2,5,7,0
2020-07-04,Tulare,107,460477,6353,4802,12,4814,135
2020-07-04,Tuolumne,109,53932,63,30,3,33,0
2020-07-04,Ventura,111,848112,5076,3687,18,3705,44
2020-07-04,Yolo,113,214977,910,615,3,618,26
2020-07-04,Yuba,115,75493,130,102,0,102,1
2020-07-03,Alameda,001,1643700,7940,6486,10,6496,141
2020-07-03,Alpine,003,1148,1,1,0,1,0
2020-07-03,Amador,005,37829,36,25,0,25,0
2020-07-03,Butte,007,227075,366,212,16,228,2
2020-07-03,Calaveras,009,45235,69,44,0,44,0
2020-07-03,Colusa,011,21464,117,70,0,70,0
2020-07-03,Contra Costa,013,1133247,4750,3447,6,3453,78
2020-07-03,Del Norte,015,27424,60,50,0,50,0
2020-07-03,El Dorado,017,186661,353,201,4,205,0
2020-07-03,Fresno,019,978130,11359,5783,80,5863,81
2020-07-03,Glenn,021,27897,182,122,0,122,0
2020-07-03,Humboldt,023,135768,173,143,1,144,3
2020-07-03,Imperial,025,180216,8494,6345,4,6349,47
2020-07-03,Inyo,027,18085,35,32,1,33,1
2020-07-03,Kern,029,883053,11421,5213,40,5253,81
2020-07-03,Kings,031,150075,2977,2492,8,2500,31
2020-07-03,Lake,033,64148,108,83,0,83,0
2020-07-03,Lassen,035,31185,258,219,2,221,0
2020-07-03,Los Angeles,037,10098052,130241,107236,81,107317,3461
2020-07-03,Madera,039,155013,1178,565,3,568,4
2020-07-03,Marin,041,260295,3390,1776,4,1780,17
2020-07-03,Mariposa,043,17540,36,28,0,28,1
2020-07-03,Mendocino,045,87422,103,72,0,72,0
2020-07-03,Merced,047,269075,2197,1188,2,1190,10
2020-07-03,Modoc,049,8938,1,0,0,0,0
2020-07-03,Mono,051,14174,54,37,0,37,1
2020-07-03,Monterey,053,433212,2549,1804,4,1808,15
2020-07-03,Napa,055,140530,551,388,0,388,4
2020-07-03,Nevada,057,99092,182,125,5,130,1
2020-07-03,Orange,059,3164182,26747,18819,258,19077,366
2020-07-03,Placer,061,380077,1103,745,3,748,11
2020-07-03,Plumas,063,18699,16,11,0,11,0
2020-07-03,Riverside,065,2383286,27031,21171,28,21199,472
2020-07-03,Sacramento,067,1510023,5365,3711,6,3717,71
2020-07-03,San Benito,069,59416,328,243,0,243,2
2020-07-03,San Bernardino,071,2135413,22280,14040,14,14054,269
2020-07-03,San Diego,073,3302833,19718,15698,2,15700,387
2020-07-03,San Francisco,075,870044,4405,3781,1,3782,50
2020-07-03,San Joaquin,077,732212,6708,4416,3,4419,56
2020-07-03,San Luis Obispo,079,281455,1003,676,7,683,2
2020-07-03,San Mateo,081,765935,3957,3439,6,3445,106
2020-07-03,Santa Barbara,083,443738,4214,3406,32,3438,27
2020-07-03,Santa Clara,085,1922200,6571,4820,18,4838,161
2020-07-03,Santa Cruz,087,273765,558,436,0,436,2
2020-07-03,Shasta,089,179085,244,113,1,114,6
2020-07-03,Sierra,091,2930,1,1,0,1,0
2020-07-03,Siskiyou,093,43540,36,30,0,30,0
2020-07-03,Solano,095,438530,2197,1496,7,1503,22
2020-07-03,Sonoma,097,501317,1767,1282,5,1287,8
2020-07-03,Stanislaus,099,539301,5013,3021,7,3028,43
2020-07-03,Sutter,101,95872,293,205,0,205,2
2020-07-03,Tehama,103,63373,115,89,2,91,1
2020-07-03,Trinity,105,12862,19,2,5,7,0
2020-07-03,Tulare,107,460477,6238,4656,12,4668,134
2020-07-03,Tuolumne,109,53932,61,27,3,30,0
2020-07-03,Ventura,111,848112,4980,3536,18,3554,44
2020-07-03,Yolo,113,214977,876,586,3,589,25
2020-07-03,Yuba,115,75493,125,96,0,96,1
2020-07-02,Alameda,001,1643700,7814,6386,10,6396,139
2020-07-02,Alpine,003,1148,1,1,0,1,0
2020-07-02,Amador,005,37829,35,23,0,23,0
2020-07-02,Butte,007,227075,349,199,16,215,2
2020-07-02,Calaveras,009,45235,65,42,0,42,0
2020-07-02,Colusa,011,21464,109,60,0,60,0
2020-07-02,Contra Costa,013,1133247,4568,3347,6,3353,77
2020-07-02,Del Norte,015,27424,59,50,0,50,0
2020-07-02,El Dorado,017,186661,342,193,4,197,0
2020-07-02,Fresno,019,978130,10898,5402,80,5482,78
2020-07-02,Glenn,021,27897,176,114,0,114,0
2020-07-02,Humboldt,023,135768,169,138,1,139,3
2020-07-02,Imperial,025,180216,8393,6236,4,6240,47
2020-07-02,Inyo,027,18085,35,29,1,30,1
2020-07-02,Kern,029,883053,10886,5036,38,5074,78
2020-07-02,Kings,031,150075,2926,2419,8,2427,31
2020-07-02,Lake,033,64148,104,81,0,81,0
2020-07-02,Lassen,035,31185,256,218,2,220,0
2020-07-02,Los Angeles,037,10098052,128224,107144,58,107202,3458
2020-07-02,Madera,039,155013,1110,548,3,551,4
2020-07-02,Marin,041,260295,3304,1706,4,1710,17
2020-07-02,Mariposa,043,17540,35,28,0,28,1
2020-07-02,Mendocino,045,87422,99,71,0,71,0
2020-07-02,Merced,047,269075,2096,1122,2,1124,10
2020-07-02,Modoc,049,8938,1,0,0,0,0
2020-07-02,Mono,051,14174,54,37,0,37,1
2020-07-02,Monterey,053,433212,2489,1796,4,1800,15
2020-07-02,Napa,055,140530,534,352,0,352,4
2020-07-02,Nevada,057,99092,176,118,4,122,1
2020-07-02,Orange,059,3164182,25981,17056,245,17301,360
2020-07-02,Placer,061,380077,1079,740,3,743,11
2020-07-02,Plumas,063,18699,15,8,0,8,0
2020-07-02,Riverside,065,2383286,26457,20253,28,20281,458
2020-07-02,Sacramento,067,1510023,5138,3587,6,3593,70
2020-07-02,San Benito,069,59416,320,236,0,236,2
2020-07-02,San Bernardino,071,2135413,21744,13185,14,13199,260
2020-07-02,San Diego,073,3302833,19253,15208,2,15210,377
2020-07-02,San Francisco,075,870044,4310,3676,1,3677,50
2020-07-02,San Joaquin,077,732212,6361,4243,3,4246,56
2020-07-02,San Luis Obispo,079,281455,958,659,7,666,2
2020-07-02,San Mateo,081,765935,3877,3390,6,3396,107
2020-07-02,Santa Barbara,083,443738,4114,3385,30,3415,27
2020-07-02,Santa Clara,085,1922200,6444,4722,18,4740,160
2020-07-02,Santa Cruz,087,273765,535,414,0,414,2
2020-07-02,Shasta,089,179085,241,110,1,111,5
2020-07-02,Sierra,091,2930,1,1,0,1,0
2020-07-02,Siskiyou,093,43540,36,30,0,30,0
2020-07-02,Solano,095,438530,2114,1429,7,1436,21
2020-07-02,Sonoma,097,501317,1709,1244,5,1249,6
2020-07-02,Stanislaus,099,539301,4841,2850,7,2857,41
2020-07-02,Sutter,101,95872,282,195,0,195,2
2020-07-02,Tehama,103,63373,113,86,2,88,1
2020-07-02,Trinity,105,12862,19,2,5,7,0
2020-07-02,Tulare,107,460477,6071,4559,11,4570,132
2020-07-02,Tuolumne,109,53932,58,23,2,25,0
2020-07-02,Ventura,111,848112,4824,3394,18,3412,42
2020-07-02,Yolo,113,214977,844,554,3,557,24
2020-07-02,Yuba,115,75493,115,93,0,93,1
2020-07-01,Alameda,001,1643700,7596,6125,10,6135,137
2020-07-01,Alpine,003,1148,1,1,0,1,0
2020-07-01,Amador,005,37829,34,22,0,22,0
2020-07-01,Butte,007,227075,324,185,16,201,2
2020-07-01,Calaveras,009,45235,63,37,0,37,0
2020-07-01,Colusa,011,21464,103,53,0,53,0
2020-07-01,Contra Costa,013,1133247,4355,3259,6,3265,76
2020-07-01,Del Norte,015,27424,59,50,0,50,0
2020-07-01,El Dorado,017,186661,315,183,4,187,0
2020-07-01,Fresno,019,978130,10464,5111,77,5188,76
2020-07-01,Glenn,021,27897,170,110,0,110,0
2020-07-01,Humboldt,023,135768,164,134,0,134,3
2020-07-01,Imperial,025,180216,8296,6150,4,6154,46
2020-07-01,Inyo,027,18085,34,30,1,31,1
2020-07-01,Kern,029,883053,10252,4853,37,4890,78
2020-07-01,Kings,031,150075,2858,2360,8,2368,30
2020-07-01,Lake,033,64148,103,75,0,75,0
2020-07-01,Lassen,035,31185,255,217,2,219,0
2020-07-01,Los Angeles,037,10098052,125026,105325,49,105374,3408
2020-07-01,Madera,039,155013,1069,519,3,522,4
2020-07-01,Marin,041,260295,3147,1636,4,1640,17
2020-07-01,Mariposa,043,17540,35,29,0,29,1
2020-07-01,Mendocino,045,87422,95,70,0,70,0
2020-07-01,Merced,047,269075,1997,1052,2,1054,10
2020-07-01,Modoc,049,8938,1,0,0,0,0
2020-07-01,Mono,051,14174,51,37,0,37,1
2020-07-01,Monterey,053,433212,2381,1703,3,1706,15
2020-07-01,Napa,055,140530,511,347,0,347,4
2020-07-01,Nevada,057,99092,166,115,4,119,1
2020-07-01,Orange,059,3164182,25089,15662,224,15886,343
2020-07-01,Placer,061,380077,1032,713,3,716,11
2020-07-01,Plumas,063,18699,13,8,0,8,0
2020-07-01,Riverside,065,2383286,25614,19537,27,19564,457
2020-07-01,Sacramento,067,1510023,4883,3425,6,3431,64
2020-07-01,San Benito,069,59416,311,219,0,219,2
2020-07-01,San Bernardino,071,2135413,20850,12712,11,12723,253
2020-07-01,San Diego,073,3302833,18685,14624,2,14626,372
2020-07-01,San Francisco,075,870044,4217,3626,1,3627,50
2020-07-01,San Joaquin,077,732212,6003,3990,3,3993,54
2020-07-01,San Luis Obispo,079,281455,931,613,7,620,1
2020-07-01,San Mateo,081,765935,3815,3326,6,3332,84
2020-07-01,Santa Barbara,083,443738,3994,3268,29,3297,27
2020-07-01,Santa Clara,085,1922200,6258,4547,17,4564,159
2020-07-01,Santa Cruz,087,273765,511,398,0,398,2
2020-07-01,Shasta,089,179085,236,104,1,105,5
2020-07-01,Sierra,091,2930,1,1,0,1,0
2020-07-01,Siskiyou,093,43540,36,28,0,28,0
2020-07-01,Solano,095,438530,2022,1350,7,1357,21
2020-07-01,Sonoma,097,501317,1614,1178,5,1183,6
2020-07-01,Stanislaus,099,539301,4563,2619,7,2626,41
2020-07-01,Sutter,101,95872,269,188,0,188,2
2020-07-01,Tehama,103,63373,106,80,2,82,1
2020-07-01,Trinity,105,12862,19,2,4,6,0
2020-07-01,Tulare,107,460477,5894,4359,11,4370,128
2020-07-01,Tuolumne,109,53932,55,17,2,19,0
2020-07-01,Ventura,111,848112,4682,3224,16,3240,41
2020-07-01,Yolo,113,214977,793,526,3,529,24
2020-07-01,Yuba,115,75493,110,57,0,57,1
2020-06-30,Alameda,001,1643700,7349,5959,8,5967,137
2020-06-30,Alpine,003,1148,1,1,0,1,0
2020-06-30,Amador,005,37829,34,21,0,21,0
2020-06-30,Butte,007,227075,307,163,15,178,2
2020-06-30,Calaveras,009,45235,59,31,0,31,0
2020-06-30,Colusa,011,21464,94,33,0,33,0
2020-06-30,Contra Costa,013,1133247,4144,3140,6,3146,75
2020-06-30,Del Norte,015,27424,59,48,0,48,0
2020-06-30,El Dorado,017,186661,302,175,4,179,0
2020-06-30,Fresno,019,978130,10019,4826,72,4898,75
2020-06-30,Glenn,021,27897,165,96,0,96,0
2020-06-30,Humboldt,023,135768,160,132,0,132,3
2020-06-30,Imperial,025,180216,8197,5968,4,5972,45
2020-06-30,Inyo,027,18085,34,30,1,31,1
2020-06-30,Kern,029,883053,9605,4721,34,4755,75
2020-06-30,Kings,031,150075,2809,2315,5,2320,30
2020-06-30,Lake,033,64148,95,56,0,56,0
2020-06-30,Lassen,035,31185,248,215,2,217,0
2020-06-30,Los Angeles,037,10098052,121443,103640,46,103686,3378
2020-06-30,Madera,039,155013,1012,475,3,478,4
2020-06-30,Marin,041,260295,3076,1614,4,1618,17
2020-06-30,Mariposa,043,17540,34,27,0,27,1
2020-06-30,Mendocino,045,87422,90,65,0,65,0
2020-06-30,Merced,047,269075,1861,970,2,972,10
2020-06-30,Modoc,049,8938,1,0,0,0,0
2020-06-30,Mono,051,14174,49,36,0,36,1
2020-06-30,Monterey,053,433212,2284,1657,3,1660,15
2020-06-30,Napa,055,140530,486,342,0,342,4
2020-06-30,Nevada,057,99092,158,113,4,117,1
2020-06-30,Orange,059,3164182,24153,14354,214,14568,335
2020-06-30,Placer,061,380077,1005,667,3,670,11
2020-06-30,Plumas,063,18699,12,8,0,8,0
2020-06-30,Riverside,065,2383286,24896,18656,26,18682,449
2020-06-30,Sacramento,067,1510023,4594,3246,6,3252,64
2020-06-30,San Benito,069,59416,300,200,0,200,2
2020-06-30,San Bernardino,071,2135413,19868,12375,10,12385,249
2020-06-30,San Diego,073,3302833,17980,14150,2,14152,365
2020-06-30,San Francisco,075,870044,4112,3555,1,3556,50
2020-06-30,San Joaquin,077,732212,5629,3744,3,3747,52
2020-06-30,San Luis Obispo,079,281455,891,583,7,590,1
2020-06-30,San Mateo,081,765935,3737,3268,6,3274,84
2020-06-30,Santa Barbara,083,443738,3878,3102,29,3131,25
2020-06-30,Santa Clara,085,1922200,6055,4346,17,4363,157
2020-06-30,Santa Cruz,087,273765,485,379,0,379,2
2020-06-30,Shasta,089,179085,220,100,1,101,5
2020-06-30,Sierra,091,2930,1,1,0,1,0
2020-06-30,Siskiyou,093,43540,35,26,0,26,0
2020-06-30,Solano,095,438530,1930,1256,7,1263,21
2020-06-30,Sonoma,097,501317,1551,1122,5,1127,6
2020-06-30,Stanislaus,099,539301,4266,2578,7,2585,41
2020-06-30,Sutter,101,95872,246,168,0,168,2
2020-06-30,Tehama,103,63373,104,75,2,77,1
2020-06-30,Trinity,105,12862,19,2,4,6,0
2020-06-30,Tulare,107,460477,5685,4207,11,4218,117
2020-06-30,Tuolumne,109,53932,51,16,2,18,0
2020-06-30,Ventura,111,848112,4548,3030,16,3046,40
2020-06-30,Yolo,113,214977,755,515,3,518,24
2020-06-30,Yuba,115,75493,106,55,0,55,1
2020-06-29,Alameda,001,1643700,7141,5766,8,5774,135
2020-06-29,Alpine,003,1148,1,1,0,1,0
2020-06-29,Amador,005,37829,31,20,0,20,0
2020-06-29,Butte,007,227075,286,157,15,172,2
2020-06-29,Calaveras,009,45235,56,30,0,30,0
2020-06-29,Colusa,011,21464,89,17,0,17,0
2020-06-29,Contra Costa,013,1133247,3980,2976,5,2981,75
2020-06-29,Del Norte,015,27424,59,47,0,47,0
2020-06-29,El Dorado,017,186661,288,163,2,165,0
2020-06-29,Fresno,019,978130,9672,4531,71,4602,74
2020-06-29,Glenn,021,27897,156,77,0,77,0
2020-06-29,Humboldt,023,135768,159,128,0,128,3
2020-06-29,Imperial,025,180216,8067,5512,4,5516,45
2020-06-29,Inyo,027,18085,33,29,0,29,1
2020-06-29,Kern,029,883053,8942,4613,32,4645,73
2020-06-29,Kings,031,150075,2744,2280,5,2285,20
2020-06-29,Lake,033,64148,88,53,0,53,0
2020-06-29,Lassen,035,31185,240,77,2,79,0
2020-06-29,Los Angeles,037,10098052,118405,100846,40,100886,3337
2020-06-29,Madera,039,155013,955,422,3,425,4
2020-06-29,Marin,041,260295,3000,1517,4,1521,17
2020-06-29,Mariposa,043,17540,32,25,0,25,1
2020-06-29,Mendocino,045,87422,87,63,0,63,0
2020-06-29,Merced,047,269075,1754,848,2,850,10
2020-06-29,Modoc,049,8938,1,0,0,0,0
2020-06-29,Mono,051,14174,47,35,0,35,1
2020-06-29,Monterey,053,433212,2212,1614,3,1617,14
2020-06-29,Napa,055,140530,464,317,0,317,4
2020-06-29,Nevada,057,99092,155,107,3,110,1
2020-06-29,Orange,059,3164182,23160,13682,199,13881,324
2020-06-29,Placer,061,380077,969,628,3,631,11
2020-06-29,Plumas,063,18699,12,6,0,6,0
2020-06-29,Riverside,065,2383286,23862,17683,26,17709,432
2020-06-29,Sacramento,067,1510023,4307,2985,6,2991,62
2020-06-29,San Benito,069,59416,285,193,0,193,2
2020-06-29,San Bernardino,071,2135413,18905,11643,10,11653,245
2020-06-29,San Diego,073,3302833,17402,13834,2,13836,361
2020-06-29,San Francisco,075,870044,4035,3389,1,3390,50
2020-06-29,San Joaquin,077,732212,5271,3202,3,3205,52
2020-06-29,San Luis Obispo,079,281455,857,544,7,551,1
2020-06-29,San Mateo,081,765935,3683,3170,6,3176,84
2020-06-29,Santa Barbara,083,443738,3769,2933,28,2961,25
2020-06-29,Santa Clara,085,1922200,5885,4231,17,4248,157
2020-06-29,Santa Cruz,087,273765,467,348,0,348,2
2020-06-29,Shasta,089,179085,212,94,1,95,5
2020-06-29,Sierra,091,2930,1,1,0,1,0
2020-06-29,Siskiyou,093,43540,35,25,0,25,0
2020-06-29,Solano,095,438530,1827,1077,7,1084,21
2020-06-29,Sonoma,097,501317,1479,1103,5,1108,5
2020-06-29,Stanislaus,099,539301,4060,2400,6,2406,36
2020-06-29,Sutter,101,95872,224,152,0,152,2
2020-06-29,Tehama,103,63373,100,63,2,65,1
2020-06-29,Trinity,105,12862,18,2,4,6,0
2020-06-29,Tulare,107,460477,5531,3906,10,3916,117
2020-06-29,Tuolumne,109,53932,47,16,2,18,0
2020-06-29,Ventura,111,848112,4401,2794,16,2810,40
2020-06-29,Yolo,113,214977,722,483,3,486,24
2020-06-29,Yuba,115,75493,93,55,0,55,1
2020-06-28,Alameda,001,1643700,6880,5698,8,5706,135
2020-06-28,Alpine,003,1148,1,1,0,1,0
2020-06-28,Amador,005,37829,29,20,0,20,0
2020-06-28,Butte,007,227075,267,150,14,164,2
2020-06-28,Calaveras,009,45235,51,30,0,30,0
2020-06-28,Colusa,011,21464,74,17,0,17,0
2020-06-28,Contra Costa,013,1133247,3790,2803,4,2807,73
2020-06-28,Del Norte,015,27424,58,47,0,47,0
2020-06-28,El Dorado,017,186661,276,162,2,164,0
2020-06-28,Fresno,019,978130,9309,4365,71,4436,74
2020-06-28,Glenn,021,27897,148,77,0,77,0
2020-06-28,Humboldt,023,135768,156,127,0,127,3
2020-06-28,Imperial,025,180216,7877,5513,4,5517,45
2020-06-28,Inyo,027,18085,33,29,0,29,1
2020-06-28,Kern,029,883053,8391,4541,29,4570,72
2020-06-28,Kings,031,150075,2684,2234,5,2239,18
2020-06-28,Lake,033,64148,84,53,0,53,0
2020-06-28,Lassen,035,31185,240,77,2,79,0
2020-06-28,Los Angeles,037,10098052,115201,98003,36,98039,3316
2020-06-28,Madera,039,155013,907,424,3,427,4
2020-06-28,Marin,041,260295,2654,1473,4,1477,17
2020-06-28,Mariposa,043,17540,32,24,0,24,1
2020-06-28,Mendocino,045,87422,85,63,0,63,0
2020-06-28,Merced,047,269075,1638,814,2,816,10
2020-06-28,Modoc,049,8938,1,0,0,0,0
2020-06-28,Mono,051,14174,47,35,0,35,1
2020-06-28,Monterey,053,433212,2130,1560,3,1563,13
2020-06-28,Napa,055,140530,430,307,0,307,4
2020-06-28,Nevada,057,99092,144,102,3,105,1
2020-06-28,Orange,059,3164182,22181,13213,181,13394,324
2020-06-28,Placer,061,380077,930,618,3,621,11
2020-06-28,Plumas,063,18699,11,6,0,6,0
2020-06-28,Riverside,065,2383286,23033,16848,25,16873,432
2020-06-28,Sacramento,067,1510023,4079,2803,6,2809,63
2020-06-28,San Benito,069,59416,274,190,0,190,2
2020-06-28,San Bernardino,071,2135413,18153,11344,9,11353,245
2020-06-28,San Diego,073,3302833,16857,13333,2,13335,361
2020-06-28,San Francisco,075,870044,3957,3388,1,3389,50
2020-06-28,San Joaquin,077,732212,4934,3201,3,3204,52
2020-06-28,San Luis Obispo,079,281455,818,531,6,537,1
2020-06-28,San Mateo,081,765935,3606,3124,5,3129,84
2020-06-28,Santa Barbara,083,443738,3624,2872,28,2900,25
2020-06-28,Santa Clara,085,1922200,5723,4131,17,4148,156
2020-06-28,Santa Cruz,087,273765,444,349,0,349,2
2020-06-28,Shasta,089,179085,199,89,0,89,5
2020-06-28,Sierra,091,2930,1,1,0,1,0
2020-06-28,Siskiyou,093,43540,35,25,0,25,0
2020-06-28,Solano,095,438530,1752,1077,7,1084,21
2020-06-28,Sonoma,097,501317,1425,1084,5,1089,5
2020-06-28,Stanislaus,099,539301,3854,2376,6,2382,36
2020-06-28,Sutter,101,95872,198,145,0,145,2
2020-06-28,Tehama,103,63373,93,63,2,65,1
2020-06-28,Trinity,105,12862,17,2,4,6,0
2020-06-28,Tulare,107,460477,5363,3812,10,3822,117
2020-06-28,Tuolumne,109,53932,42,14,2,16,0
2020-06-28,Ventura,111,848112,4243,2650,16,2666,40
2020-06-28,Yolo,113,214977,687,468,3,471,24
2020-06-28,Yuba,115,75493,89,39,0,39,1
2020-06-27,Alameda,001,1643700,6784,5581,8,5589,135
2020-06-27,Alpine,003,1148,1,1,0,1,0
2020-06-27,Amador,005,37829,27,20,0,20,0
2020-06-27,Butte,007,227075,259,137,13,150,2
2020-06-27,Calaveras,009,45235,49,30,0,30,0
2020-06-27,Colusa,011,21464,68,17,0,17,0
2020-06-27,Contra Costa,013,1133247,3696,2717,3,2720,72
2020-06-27,Del Norte,015,27424,58,47,0,47,0
2020-06-27,El Dorado,017,186661,270,159,2,161,0
2020-06-27,Fresno,019,978130,9063,4238,71,4309,74
2020-06-27,Glenn,021,27897,144,77,0,77,0
2020-06-27,Humboldt,023,135768,154,127,0,127,3
2020-06-27,Imperial,025,180216,7816,5513,4,5517,45
2020-06-27,Inyo,027,18085,33,29,0,29,1
2020-06-27,Kern,029,883053,8128,4411,28,4439,70
2020-06-27,Kings,031,150075,2658,2187,5,2192,18
2020-06-27,Lake,033,64148,81,42,0,42,0
2020-06-27,Lassen,035,31185,240,33,2,35,0
2020-06-27,Los Angeles,037,10098052,113459,95341,33,95374,3291
2020-06-27,Madera,039,155013,864,427,2,429,4
2020-06-27,Marin,041,260295,2609,1423,4,1427,17
2020-06-27,Mariposa,043,17540,31,22,0,22,1
2020-06-27,Mendocino,045,87422,85,63,0,63,0
2020-06-27,Merced,047,269075,1578,807,1,808,10
2020-06-27,Modoc,049,8938,1,0,0,0,0
2020-06-27,Mono,051,14174,46,35,0,35,1
2020-06-27,Monterey,053,433212,2066,1455,3,1458,12
2020-06-27,Napa,055,140530,420,282,0,282,3
2020-06-27,Nevada,057,99092,140,102,2,104,1
2020-06-27,Orange,059,3164182,21670,12951,176,13127,320
2020-06-27,Placer,061,380077,909,584,3,587,10
2020-06-27,Plumas,063,18699,11,6,0,6,0
2020-06-27,Riverside,065,2383286,22643,16209,25,16234,432
2020-06-27,Sacramento,067,1510023,3962,2685,6,2691,63
2020-06-27,San Benito,069,59416,267,182,0,182,2
2020-06-27,San Bernardino,071,2135413,17778,11238,9,11247,243
2020-06-27,San Diego,073,3302833,16492,12836,2,12838,360
2020-06-27,San Francisco,075,870044,3902,3332,1,3333,49
2020-06-27,San Joaquin,077,732212,4768,2995,3,2998,52
2020-06-27,San Luis Obispo,079,281455,795,505,6,511,1
2020-06-27,San Mateo,081,765935,3549,3083,5,3088,83
2020-06-27,Santa Barbara,083,443738,3552,2799,28,2827,25
2020-06-27,Santa Clara,085,1922200,5617,4006,17,4023,157
2020-06-27,Santa Cruz,087,273765,437,347,0,347,2
2020-06-27,Shasta,089,179085,193,87,0,87,5
2020-06-27,Sierra,091,2930,1,1,0,1,0
2020-06-27,Siskiyou,093,43540,35,25,0,25,0
2020-06-27,Solano,095,438530,1719,1076,7,1083,21
2020-06-27,Sonoma,097,501317,1392,1004,5,1009,5
2020-06-27,Stanislaus,099,539301,3754,2164,6,2170,36
2020-06-27,Sutter,101,95872,191,141,0,141,2
2020-06-27,Tehama,103,63373,90,63,2,65,1
2020-06-27,Trinity,105,12862,17,2,4,6,0
2020-06-27,Tulare,107,460477,5266,3810,10,3820,117
2020-06-27,Tuolumne,109,53932,41,13,2,15,0
2020-06-27,Ventura,111,848112,4144,2471,16,2487,40
2020-06-27,Yolo,113,214977,663,432,3,435,24
2020-06-27,Yuba,115,75493,81,39,0,39,1
2020-06-26,Alameda,001,1643700,6698,5502,7,5509,132
2020-06-26,Alpine,003,1148,1,1,0,1,0
2020-06-26,Amador,005,37829,26,20,0,20,0
2020-06-26,Butte,007,227075,244,135,13,148,2
2020-06-26,Calaveras,009,45235,47,30,0,30,0
2020-06-26,Colusa,011,21464,63,17,0,17,0
2020-06-26,Contra Costa,013,1133247,3583,2676,3,2679,72
2020-06-26,Del Norte,015,27424,57,47,0,47,0
2020-06-26,El Dorado,017,186661,262,159,2,161,0
2020-06-26,Fresno,019,978130,8838,4166,71,4237,74
2020-06-26,Glenn,021,27897,137,71,0,71,0
2020-06-26,Humboldt,023,135768,152,126,0,126,3
2020-06-26,Imperial,025,180216,7753,5400,4,5404,44
2020-06-26,Inyo,027,18085,32,29,0,29,1
2020-06-26,Kern,029,883053,7798,4366,28,4394,70
2020-06-26,Kings,031,150075,2626,2176,4,2180,18
2020-06-26,Lake,033,64148,80,42,0,42,0
2020-06-26,Lassen,035,31185,239,30,2,32,0
2020-06-26,Los Angeles,037,10098052,111295,93328,33,93361,3275
2020-06-26,Madera,039,155013,832,409,2,411,4
2020-06-26,Marin,041,260295,2572,1406,4,1410,17
2020-06-26,Mariposa,043,17540,30,21,0,21,1
2020-06-26,Mendocino,045,87422,82,63,0,63,0
2020-06-26,Merced,047,269075,1531,797,1,798,10
2020-06-26,Modoc,049,8938,1,0,0,0,0
2020-06-26,Mono,051,14174,45,35,0,35,1
2020-06-26,Monterey,053,433212,2014,1449,3,1452,12
2020-06-26,Napa,055,140530,410,277,0,277,3
2020-06-26,Nevada,057,99092,136,101,1,102,1
2020-06-26,Orange,059,3164182,20994,12659,173,12832,320
2020-06-26,Placer,061,380077,880,584,3,587,10
2020-06-26,Plumas,063,18699,11,6,0,6,0
2020-06-26,Riverside,065,2383286,22180,15858,25,15883,430
2020-06-26,Sacramento,067,1510023,3797,2687,6,2693,63
2020-06-26,San Benito,069,59416,263,176,0,176,2
2020-06-26,San Bernardino,071,2135413,17400,11111,9,11120,243
2020-06-26,San Diego,073,3302833,16127,12402,2,12404,358
2020-06-26,San Francisco,075,870044,3847,3330,1,3331,49
2020-06-26,San Joaquin,077,732212,4554,2943,3,2946,52
2020-06-26,San Luis Obispo,079,281455,780,498,6,504,1
2020-06-26,San Mateo,081,765935,3497,3055,5,3060,83
2020-06-26,Santa Barbara,083,443738,3462,2784,26,2810,25
2020-06-26,Santa Clara,085,1922200,5517,3968,17,3985,156
2020-06-26,Santa Cruz,087,273765,430,344,0,344,2
2020-06-26,Shasta,089,179085,186,86,0,86,5
2020-06-26,Sierra,091,2930,1,1,0,1,0
2020-06-26,Siskiyou,093,43540,34,24,0,24,0
2020-06-26,Solano,095,438530,1677,1068,7,1075,21
2020-06-26,Sonoma,097,501317,1361,977,5,982,5
2020-06-26,Stanislaus,099,539301,3641,2157,6,2163,36
2020-06-26,Sutter,101,95872,184,138,0,138,2
2020-06-26,Tehama,103,63373,87,63,2,65,1
2020-06-26,Trinity,105,12862,17,2,4,6,0
2020-06-26,Tulare,107,460477,5177,3720,10,3730,117
2020-06-26,Tuolumne,109,53932,39,10,2,12,0
2020-06-26,Ventura,111,848112,4058,2444,16,2460,40
2020-06-26,Yolo,113,214977,640,418,3,421,24
2020-06-26,Yuba,115,75493,75,38,0,38,1
2020-06-25,Alameda,001,1643700,6509,5398,7,5405,130
2020-06-25,Alpine,003,1148,1,1,0,1,0
2020-06-25,Amador,005,37829,25,18,0,18,0
2020-06-25,Butte,007,227075,239,127,13,140,1
2020-06-25,Calaveras,009,45235,42,26,0,26,0
2020-06-25,Colusa,011,21464,53,14,0,14,0
2020-06-25,Contra Costa,013,1133247,3398,2591,3,2594,71
2020-06-25,Del Norte,015,27424,55,47,0,47,0
2020-06-25,El Dorado,017,186661,254,150,2,152,0
2020-06-25,Fresno,019,978130,8525,3938,70,4008,71
2020-06-25,Glenn,021,27897,132,59,0,59,0
2020-06-25,Humboldt,023,135768,151,121,0,121,3
2020-06-25,Imperial,025,180216,7624,5192,4,5196,44
2020-06-25,Inyo,027,18085,29,27,0,27,1
2020-06-25,Kern,029,883053,7374,4236,25,4261,69
2020-06-25,Kings,031,150075,2574,2110,4,2114,17
2020-06-25,Lake,033,64148,79,42,0,42,0
2020-06-25,Lassen,035,31185,233,13,2,15,0
2020-06-25,Los Angeles,037,10098052,108527,91524,33,91557,3239
2020-06-25,Madera,039,155013,788,380,2,382,4
2020-06-25,Marin,041,260295,2470,1321,4,1325,17
2020-06-25,Mariposa,043,17540,29,20,0,20,1
2020-06-25,Mendocino,045,87422,79,61,0,61,0
2020-06-25,Merced,047,269075,1443,747,1,748,10
2020-06-25,Modoc,049,8938,1,0,0,0,0
2020-06-25,Mono,051,14174,44,35,0,35,1
2020-06-25,Monterey,053,433212,1926,1426,3,1429,12
2020-06-25,Napa,055,140530,392,260,0,260,3
2020-06-25,Nevada,057,99092,128,92,1,93,1
2020-06-25,Orange,059,3164182,20070,12221,171,12392,311
2020-06-25,Placer,061,380077,826,574,3,577,10
2020-06-25,Plumas,063,18699,10,6,0,6,0
2020-06-25,Riverside,065,2383286,21425,15224,25,15249,427
2020-06-25,Sacramento,067,1510023,3574,2519,6,2525,62
2020-06-25,San Benito,069,59416,255,174,0,174,2
2020-06-25,San Bernardino,071,2135413,16649,10590,9,10599,242
2020-06-25,San Diego,073,3302833,15588,11963,2,11965,352
2020-06-25,San Francisco,075,870044,3781,3252,1,3253,48
2020-06-25,San Joaquin,077,732212,4282,2803,3,2806,50
2020-06-25,San Luis Obispo,079,281455,748,473,6,479,1
2020-06-25,San Mateo,081,765935,3429,2996,4,3000,82
2020-06-25,Santa Barbara,083,443738,3357,2622,25,2647,25
2020-06-25,Santa Clara,085,1922200,5367,3871,17,3888,156
2020-06-25,Santa Cruz,087,273765,418,335,0,335,2
2020-06-25,Shasta,089,179085,176,84,0,84,5
2020-06-25,Sierra,091,2930,1,1,0,1,0
2020-06-25,Siskiyou,093,43540,33,24,0,24,0
2020-06-25,Solano,095,438530,1624,1034,7,1041,21
2020-06-25,Sonoma,097,501317,1312,953,4,957,5
2020-06-25,Stanislaus,099,539301,3429,2130,6,2136,36
2020-06-25,Sutter,101,95872,172,126,0,126,2
2020-06-25,Tehama,103,63373,83,59,2,61,1
2020-06-25,Trinity,105,12862,17,2,4,6,0
2020-06-25,Tulare,107,460477,5046,3656,10,3666,117
2020-06-25,Tuolumne,109,53932,38,10,1,11,0
2020-06-25,Ventura,111,848112,3876,2346,15,2361,40
2020-06-25,Yolo,113,214977,611,397,3,400,24
2020-06-25,Yuba,115,75493,64,38,0,38,1
2020-06-24,Alameda,001,1643700,6347,5242,7,5249,123
2020-06-24,Alpine,003,1148,1,1,0,1,0
2020-06-24,Amador,005,37829,23,16,0,16,0
2020-06-24,Butte,007,227075,223,119,12,131,1
2020-06-24,Calaveras,009,45235,40,26,0,26,0
2020-06-24,Colusa,011,21464,44,11,0,11,0
2020-06-24,Contra Costa,013,1133247,3243,2520,3,2523,66
2020-06-24,Del Norte,015,27424,49,47,0,47,0
2020-06-24,El Dorado,017,186661,238,149,2,151,0
2020-06-24,Fresno,019,978130,8194,3765,70,3835,71
2020-06-24,Glenn,021,27897,124,54,0,54,0
2020-06-24,Humboldt,023,135768,151,117,0,117,3
2020-06-24,Imperial,025,180216,7506,5138,4,5142,38
2020-06-24,Inyo,027,18085,29,28,0,28,1
2020-06-24,Kern,029,883053,6981,4155,23,4178,67
2020-06-24,Kings,031,150075,2510,2063,4,2067,16
2020-06-24,Lake,033,64148,66,40,0,40,0
2020-06-24,Lassen,035,31185,232,9,2,11,0
2020-06-24,Los Angeles,037,10098052,105766,89566,33,89599,3186
2020-06-24,Madera,039,155013,766,373,2,375,4
2020-06-24,Marin,041,260295,2242,1261,4,1265,17
2020-06-24,Mariposa,043,17540,28,19,0,19,1
2020-06-24,Mendocino,045,87422,79,60,0,60,0
2020-06-24,Merced,047,269075,1355,696,1,697,8
2020-06-24,Modoc,049,8938,1,0,0,0,0
2020-06-24,Mono,051,14174,42,35,0,35,1
2020-06-24,Monterey,053,433212,1850,1407,3,1410,12
2020-06-24,Napa,055,140530,375,258,0,258,3
2020-06-24,Nevada,057,99092,122,92,1,93,1
2020-06-24,Orange,059,3164182,19072,11804,153,11957,303
2020-06-24,Placer,061,380077,787,548,3,551,10
2020-06-24,Plumas,063,18699,10,6,0,6,0
2020-06-24,Riverside,065,2383286,20577,14946,25,14971,410
2020-06-24,Sacramento,067,1510023,3370,2446,5,2451,62
2020-06-24,San Benito,069,59416,251,171,0,171,2
2020-06-24,San Bernardino,071,2135413,15835,10211,9,10220,239
2020-06-24,San Diego,073,3302833,15085,11628,2,11630,347
2020-06-24,San Francisco,075,870044,3718,3216,1,3217,48
2020-06-24,San Joaquin,077,732212,4061,2680,3,2683,49
2020-06-24,San Luis Obispo,079,281455,717,461,5,466,1
2020-06-24,San Mateo,081,765935,3372,2964,4,2968,82
2020-06-24,Santa Barbara,083,443738,3238,2569,23,2592,22
2020-06-24,Santa Clara,085,1922200,5236,3812,17,3829,155
2020-06-24,Santa Cruz,087,273765,406,329,0,329,2
2020-06-24,Shasta,089,179085,168,83,0,83,5
2020-06-24,Sierra,091,2930,1,1,0,1,0
2020-06-24,Siskiyou,093,43540,32,24,0,24,0
2020-06-24,Solano,095,438530,1535,979,6,985,21
2020-06-24,Sonoma,097,501317,1263,933,4,937,4
2020-06-24,Stanislaus,099,539301,3250,2039,6,2045,36
2020-06-24,Sutter,101,95872,159,118,0,118,2
2020-06-24,Tehama,103,63373,81,55,2,57,1
2020-06-24,Trinity,105,12862,16,2,3,5,0
2020-06-24,Tulare,107,460477,4891,3541,10,3551,116
2020-06-24,Tuolumne,109,53932,33,9,1,10,0
2020-06-24,Ventura,111,848112,3535,2314,15,2329,42
2020-06-24,Yolo,113,214977,576,376,3,379,24
2020-06-24,Yuba,115,75493,58,37,0,37,1
2020-06-23,Alameda,001,1643700,6167,5159,7,5166,121
2020-06-23,Alpine,003,1148,1,1,0,1,0
2020-06-23,Amador,005,37829,22,13,0,13,0
2020-06-23,Butte,007,227075,205,111,12,123,1
2020-06-23,Calaveras,009,45235,40,26,0,26,0
2020-06-23,Colusa,011,21464,40,7,0,7,0
2020-06-23,Contra Costa,013,1133247,3116,2453,3,2456,60
2020-06-23,Del Norte,015,27424,48,46,0,46,0
2020-06-23,El Dorado,017,186661,229,142,2,144,0
2020-06-23,Fresno,019,978130,7543,3569,68,3637,67
2020-06-23,Glenn,021,27897,120,47,0,47,0
2020-06-23,Humboldt,023,135768,151,110,0,110,3
2020-06-23,Imperial,025,180216,7342,5025,4,5029,38
2020-06-23,Inyo,027,18085,29,26,0,26,1
2020-06-23,Kern,029,883053,6614,4087,20,4107,64
2020-06-23,Kings,031,150075,2445,1727,4,1731,16
2020-06-23,Lake,033,64148,60,40,0,40,0
2020-06-23,Lassen,035,31185,228,9,2,11,0
2020-06-23,Los Angeles,037,10098052,102822,88433,32,88465,3152
2020-06-23,Madera,039,155013,727,369,2,371,4
2020-06-23,Marin,041,260295,1974,1139,4,1143,17
2020-06-23,Mariposa,043,17540,26,18,0,18,1
2020-06-23,Mendocino,045,87422,78,61,0,61,0
2020-06-23,Merced,047,269075,1258,656,1,657,8
2020-06-23,Modoc,049,8938,1,0,0,0,0
2020-06-23,Mono,051,14174,42,35,0,35,1
2020-06-23,Monterey,053,433212,1780,1346,3,1349,12
2020-06-23,Napa,055,140530,360,230,0,230,3
2020-06-23,Nevada,057,99092,116,81,1,82,1
2020-06-23,Orange,059,3164182,18098,11071,150,11221,278
2020-06-23,Placer,061,380077,761,525,3,528,10
2020-06-23,Plumas,063,18699,9,6,0,6,0
2020-06-23,Riverside,065,2383286,19558,14469,25,14494,406
2020-06-23,Sacramento,067,1510023,3191,2374,5,2379,62
2020-06-23,San Benito,069,59416,237,167,0,167,2
2020-06-23,San Bernardino,071,2135413,15053,9771,9,9780,229
2020-06-23,San Diego,073,3302833,14565,11296,2,11298,341
2020-06-23,San Francisco,075,870044,3645,3177,1,3178,48
2020-06-23,San Joaquin,077,732212,3802,2502,3,2505,48
2020-06-23,San Luis Obispo,079,281455,686,445,5,450,1
2020-06-23,San Mateo,081,765935,3307,2907,4,2911,81
2020-06-23,Santa Barbara,083,443738,3143,2498,23,2521,22
2020-06-23,Santa Clara,085,1922200,5091,3700,17,3717,155
2020-06-23,Santa Cruz,087,273765,396,313,0,313,2
2020-06-23,Shasta,089,179085,159,81,0,81,5
2020-06-23,Sierra,091,2930,1,1,0,1,0
2020-06-23,Siskiyou,093,43540,30,24,0,24,0
2020-06-23,Solano,095,438530,1478,941,5,946,21
2020-06-23,Sonoma,097,501317,1210,912,4,916,4
2020-06-23,Stanislaus,099,539301,3073,1850,6,1856,35
2020-06-23,Sutter,101,95872,149,112,0,112,2
2020-06-23,Tehama,103,63373,79,50,2,52,1
2020-06-23,Trinity,105,12862,16,2,3,5,0
2020-06-23,Tulare,107,460477,4769,3456,10,3466,111
2020-06-23,Tuolumne,109,53932,28,9,0,9,0
2020-06-23,Ventura,111,848112,3375,2209,14,2223,40
2020-06-23,Yolo,113,214977,549,350,0,350,24
2020-06-23,Yuba,115,75493,55,35,0,35,1
2020-06-22,Alameda,001,1643700,6016,4944,7,4951,121
2020-06-22,Alpine,003,1148,1,1,0,1,0
2020-06-22,Amador,005,37829,19,12,0,12,0
2020-06-22,Butte,007,227075,186,104,12,116,1
2020-06-22,Calaveras,009,45235,38,20,0,20,0
2020-06-22,Colusa,011,21464,37,7,0,7,0
2020-06-22,Contra Costa,013,1133247,2975,2363,3,2366,60
2020-06-22,Del Norte,015,27424,48,46,0,46,0
2020-06-22,El Dorado,017,186661,220,137,2,139,0
2020-06-22,Fresno,019,978130,7012,3425,68,3493,67
2020-06-22,Glenn,021,27897,111,40,0,40,0
2020-06-22,Humboldt,023,135768,148,110,0,110,3
2020-06-22,Imperial,025,180216,7185,4700,4,4704,38
2020-06-22,Inyo,027,18085,29,26,0,26,1
2020-06-22,Kern,029,883053,6262,3982,18,4000,60
2020-06-22,Kings,031,150075,2396,1513,4,1517,13
2020-06-22,Lake,033,64148,54,37,0,37,0
2020-06-22,Lassen,035,31185,118,7,2,9,0
2020-06-22,Los Angeles,037,10098052,99921,85925,31,85956,3117
2020-06-22,Madera,039,155013,702,333,2,335,4
2020-06-22,Marin,041,260295,1717,1029,4,1033,17
2020-06-22,Mariposa,043,17540,25,18,0,18,1
2020-06-22,Mendocino,045,87422,73,48,0,48,0
2020-06-22,Merced,047,269075,1171,619,1,620,8
2020-06-22,Modoc,049,8938,1,0,0,0,0
2020-06-22,Mono,051,14174,42,34,0,34,1
2020-06-22,Monterey,053,433212,1719,1293,3,1296,12
2020-06-22,Napa,055,140530,336,222,0,222,3
2020-06-22,Nevada,057,99092,111,79,1,80,1
2020-06-22,Orange,059,3164182,17163,10711,147,10858,275
2020-06-22,Placer,061,380077,735,512,3,515,9
2020-06-22,Plumas,063,18699,7,6,0,6,0
2020-06-22,Riverside,065,2383286,18586,13948,25,13973,403
2020-06-22,Sacramento,067,1510023,2975,2243,4,2247,62
2020-06-22,San Benito,069,59416,228,164,0,164,2
2020-06-22,San Bernardino,071,2135413,14280,9133,9,9142,229
2020-06-22,San Diego,073,3302833,14073,11098,2,11100,338
2020-06-22,San Francisco,075,870044,3552,3000,1,3001,47
2020-06-22,San Joaquin,077,732212,3554,2332,3,2335,48
2020-06-22,San Luis Obispo,079,281455,653,422,5,427,1
2020-06-22,San Mateo,081,765935,3233,2813,3,2816,81
2020-06-22,Santa Barbara,083,443738,3051,2447,23,2470,21
2020-06-22,Santa Clara,085,1922200,4929,3580,17,3597,155
2020-06-22,Santa Cruz,087,273765,383,290,0,290,3
2020-06-22,Shasta,089,179085,156,77,0,77,5
2020-06-22,Sierra,091,2930,1,1,0,1,0
2020-06-22,Siskiyou,093,43540,30,23,0,23,0
2020-06-22,Solano,095,438530,1400,784,4,788,21
2020-06-22,Sonoma,097,501317,1166,860,2,862,4
2020-06-22,Stanislaus,099,539301,2888,1784,6,1790,35
2020-06-22,Sutter,101,95872,140,100,0,100,2
2020-06-22,Tehama,103,63373,75,38,2,40,1
2020-06-22,Trinity,105,12862,16,2,3,5,0
2020-06-22,Tulare,107,460477,4632,3185,10,3195,111
2020-06-22,Tuolumne,109,53932,19,8,0,8,0
2020-06-22,Ventura,111,848112,3227,2065,14,2079,39
2020-06-22,Yolo,113,214977,523,333,0,333,24
2020-06-22,Yuba,115,75493,50,36,0,36,1
2020-06-21,Alameda,001,1643700,5822,4835,7,4842,121
2020-06-21,Alpine,003,1148,1,1,0,1,0
2020-06-21,Amador,005,37829,14,12,0,12,0
2020-06-21,Butte,007,227075,172,97,12,109,1
2020-06-21,Calaveras,009,45235,38,20,0,20,0
2020-06-21,Colusa,011,21464,29,7,0,7,0
2020-06-21,Contra Costa,013,1133247,2848,2282,3,2285,60
2020-06-21,Del Norte,015,27424,47,46,0,46,0
2020-06-21,El Dorado,017,186661,211,132,2,134,0
2020-06-21,Fresno,019,978130,6441,3296,67,3363,67
2020-06-21,Glenn,021,27897,102,40,0,40,0
2020-06-21,Humboldt,023,135768,143,108,0,108,3
2020-06-21,Imperial,025,180216,7002,4701,4,4705,38
2020-06-21,Inyo,027,18085,27,26,0,26,1
2020-06-21,Kern,029,883053,5970,3918,16,3934,60
2020-06-21,Kings,031,150075,2332,1334,4,1338,11
2020-06-21,Lake,033,64148,49,36,0,36,0
2020-06-21,Lassen,035,31185,25,7,2,9,0
2020-06-21,Los Angeles,037,10098052,97030,83383,30,83413,3101
2020-06-21,Madera,039,155013,668,319,2,321,4
2020-06-21,Marin,041,260295,1560,907,4,911,17
2020-06-21,Mariposa,043,17540,22,18,0,18,1
2020-06-21,Mendocino,045,87422,70,48,0,48,0
2020-06-21,Merced,047,269075,1076,577,1,578,8
2020-06-21,Modoc,049,8938,1,0,0,0,0
2020-06-21,Mono,051,14174,42,34,0,34,1
2020-06-21,Monterey,053,433212,1646,1227,3,1230,12
2020-06-21,Napa,055,140530,321,218,0,218,3
2020-06-21,Nevada,057,99092,108,79,1,80,1
2020-06-21,Orange,059,3164182,16328,10563,144,10707,275
2020-06-21,Placer,061,380077,695,498,3,501,9
2020-06-21,Plumas,063,18699,7,6,0,6,0
2020-06-21,Riverside,065,2383286,17879,13528,24,13552,402
2020-06-21,Sacramento,067,1510023,2774,2156,3,2159,62
2020-06-21,San Benito,069,59416,214,151,0,151,2
2020-06-21,San Bernardino,071,2135413,13505,8925,8,8933,229
2020-06-21,San Diego,073,3302833,13527,10796,2,10798,338
2020-06-21,San Francisco,075,870044,3446,3000,1,3001,47
2020-06-21,San Joaquin,077,732212,3318,2188,3,2191,48
2020-06-21,San Luis Obispo,079,281455,627,418,5,423,1
2020-06-21,San Mateo,081,765935,3175,2781,3,2784,81
2020-06-21,Santa Barbara,083,443738,2944,2430,22,2452,21
2020-06-21,Santa Clara,085,1922200,4792,3514,17,3531,154
2020-06-21,Santa Cruz,087,273765,373,290,0,290,3
2020-06-21,Shasta,089,179085,146,75,0,75,5
2020-06-21,Sierra,091,2930,1,1,0,1,0
2020-06-21,Siskiyou,093,43540,30,23,0,23,0
2020-06-21,Solano,095,438530,1300,783,4,787,21
2020-06-21,Sonoma,097,501317,1116,836,2,838,4
2020-06-21,Stanislaus,099,539301,2702,1688,6,1694,35
2020-06-21,Sutter,101,95872,132,96,0,96,2
2020-06-21,Tehama,103,63373,64,35,2,37,1
2020-06-21,Trinity,105,12862,15,2,3,5,0
2020-06-21,Tulare,107,460477,4463,3173,10,3183,111
2020-06-21,Tuolumne,109,53932,17,8,0,8,0
2020-06-21,Ventura,111,848112,3049,2021,14,2035,39
2020-06-21,Yolo,113,214977,491,323,0,323,24
2020-06-21,Yuba,115,75493,46,35,0,35,1
2020-06-20,Alameda,001,1643700,5760,4758,7,4765,119
2020-06-20,Alpine,003,1148,1,1,0,1,0
2020-06-20,Amador,005,37829,14,12,0,12,0
2020-06-20,Butte,007,227075,165,94,12,106,1
2020-06-20,Calaveras,009,45235,38,20,0,20,0
2020-06-20,Colusa,011,21464,26,7,0,7,0
2020-06-20,Contra Costa,013,1133247,2789,2231,3,2234,54
2020-06-20,Del Norte,015,27424,47,46,0,46,0
2020-06-20,El Dorado,017,186661,206,130,2,132,0
2020-06-20,Fresno,019,978130,6315,3222,64,3286,67
2020-06-20,Glenn,021,27897,97,40,0,40,0
2020-06-20,Humboldt,023,135768,143,108,0,108,3
2020-06-20,Imperial,025,180216,6922,4616,4,4620,37
2020-06-20,Inyo,027,18085,27,26,0,26,1
2020-06-20,Kern,029,883053,5805,3836,16,3852,59
2020-06-20,Kings,031,150075,2308,1331,4,1335,9
2020-06-20,Lake,033,64148,49,37,0,37,0
2020-06-20,Lassen,035,31185,24,7,2,9,0
2020-06-20,Los Angeles,037,10098052,95456,81604,29,81633,3093
2020-06-20,Madera,039,155013,635,321,2,323,4
2020-06-20,Marin,041,260295,1540,879,4,883,17
2020-06-20,Mariposa,043,17540,22,18,0,18,1
2020-06-20,Mendocino,045,87422,69,48,0,48,0
2020-06-20,Merced,047,269075,1038,566,1,567,8
2020-06-20,Modoc,049,8938,1,0,0,0,0
2020-06-20,Mono,051,14174,42,34,0,34,1
2020-06-20,Monterey,053,433212,1610,1181,3,1184,12
2020-06-20,Napa,055,140530,312,212,0,212,3
2020-06-20,Nevada,057,99092,105,73,1,74,1
2020-06-20,Orange,059,3164182,15977,10284,140,10424,273
2020-06-20,Placer,061,380077,670,483,3,486,9
2020-06-20,Plumas,063,18699,6,6,0,6,0
2020-06-20,Riverside,065,2383286,17579,13021,24,13045,402
2020-06-20,Sacramento,067,1510023,2703,2069,3,2072,63
2020-06-20,San Benito,069,59416,210,139,0,139,2
2020-06-20,San Bernardino,071,2135413,13141,8718,8,8726,229
2020-06-20,San Diego,073,3302833,13204,10486,2,10488,338
2020-06-20,San Francisco,075,870044,3402,2999,1,3000,47
2020-06-20,San Joaquin,077,732212,3236,2046,3,2049,48
2020-06-20,San Luis Obispo,079,281455,613,405,5,410,1
2020-06-20,San Mateo,081,765935,3127,2755,3,2758,81
2020-06-20,Santa Barbara,083,443738,2887,2358,21,2379,21
2020-06-20,Santa Clara,085,1922200,4718,3435,17,3452,154
2020-06-20,Santa Cruz,087,273765,371,287,0,287,3
2020-06-20,Shasta,089,179085,140,66,0,66,5
2020-06-20,Sierra,091,2930,1,1,0,1,0
2020-06-20,Siskiyou,093,43540,29,22,0,22,0
2020-06-20,Solano,095,438530,1276,784,4,788,21
2020-06-20,Sonoma,097,501317,1080,806,2,808,4
2020-06-20,Stanislaus,099,539301,2594,1598,6,1604,35
2020-06-20,Sutter,101,95872,130,89,0,89,2
2020-06-20,Tehama,103,63373,62,35,2,37,1
2020-06-20,Trinity,105,12862,15,2,3,5,0
2020-06-20,Tulare,107,460477,4390,3172,10,3182,111
2020-06-20,Tuolumne,109,53932,14,8,0,8,0
2020-06-20,Ventura,111,848112,2983,1946,14,1960,37
2020-06-20,Yolo,113,214977,475,309,0,309,24
2020-06-20,Yuba,115,75493,44,34,0,34,1
2020-06-19,Alameda,001,1643700,5687,4646,7,4653,119
2020-06-19,Alpine,003,1148,1,1,0,1,0
2020-06-19,Amador,005,37829,14,12,0,12,0
2020-06-19,Butte,007,227075,160,91,12,103,1
2020-06-19,Calaveras,009,45235,37,20,0,20,0
2020-06-19,Colusa,011,21464,24,7,0,7,0
2020-06-19,Contra Costa,013,1133247,2709,2106,3,2109,54
2020-06-19,Del Norte,015,27424,47,46,0,46,0
2020-06-19,El Dorado,017,186661,198,124,2,126,0
2020-06-19,Fresno,019,978130,6152,3109,63,3172,61
2020-06-19,Glenn,021,27897,91,40,0,40,0
2020-06-19,Humboldt,023,135768,141,106,0,106,3
2020-06-19,Imperial,025,180216,6830,4504,4,4508,36
2020-06-19,Inyo,027,18085,27,26,0,26,1
2020-06-19,Kern,029,883053,5582,3742,15,3757,57
2020-06-19,Kings,031,150075,2287,1285,4,1289,9
2020-06-19,Lake,033,64148,46,36,0,36,0
2020-06-19,Lassen,035,31185,23,7,2,9,0
2020-06-19,Los Angeles,037,10098052,93467,79572,28,79600,3047
2020-06-19,Madera,039,155013,616,300,2,302,4
2020-06-19,Marin,041,260295,1511,829,4,833,17
2020-06-19,Mariposa,043,17540,21,18,0,18,1
2020-06-19,Mendocino,045,87422,68,48,0,48,0
2020-06-19,Merced,047,269075,993,529,1,530,8
2020-06-19,Modoc,049,8938,1,0,0,0,0
2020-06-19,Mono,051,14174,42,34,0,34,1
2020-06-19,Monterey,053,433212,1581,1159,3,1162,12
2020-06-19,Napa,055,140530,302,209,0,209,3
2020-06-19,Nevada,057,99092,102,71,1,72,1
2020-06-19,Orange,059,3164182,15443,9972,133,10105,260
2020-06-19,Placer,061,380077,652,464,3,467,9
2020-06-19,Plumas,063,18699,6,5,0,5,0
2020-06-19,Riverside,065,2383286,17174,12710,24,12734,398
2020-06-19,Sacramento,067,1510023,2620,1976,3,1979,64
2020-06-19,San Benito,069,59416,209,136,0,136,2
2020-06-19,San Bernardino,071,2135413,12736,8454,7,8461,226
2020-06-19,San Diego,073,3302833,12841,10352,2,10354,332
2020-06-19,San Francisco,075,870044,3347,2968,1,2969,47
2020-06-19,San Joaquin,077,732212,3113,1969,3,1972,48
2020-06-19,San Luis Obispo,079,281455,597,392,5,397,1
2020-06-19,San Mateo,081,765935,3088,2713,3,2716,81
2020-06-19,Santa Barbara,083,443738,2814,2284,19,2303,21
2020-06-19,Santa Clara,085,1922200,4645,3376,17,3393,154
2020-06-19,Santa Cruz,087,273765,361,283,0,283,3
2020-06-19,Shasta,089,179085,137,58,0,58,5
2020-06-19,Sierra,091,2930,1,1,0,1,0
2020-06-19,Siskiyou,093,43540,29,21,0,21,0
2020-06-19,Solano,095,438530,1238,755,4,759,21
2020-06-19,Sonoma,097,501317,1053,803,2,805,4
2020-06-19,Stanislaus,099,539301,2484,1549,6,1555,35
2020-06-19,Sutter,101,95872,129,89,0,89,2
2020-06-19,Tehama,103,63373,61,35,2,37,1
2020-06-19,Trinity,105,12862,15,2,3,5,0
2020-06-19,Tulare,107,460477,4320,3053,10,3063,107
2020-06-19,Tuolumne,109,53932,13,8,0,8,0
2020-06-19,Ventura,111,848112,2899,1865,14,1879,37
2020-06-19,Yolo,113,214977,456,303,0,303,24
2020-06-19,Yuba,115,75493,43,33,0,33,1
2020-06-18,Alameda,001,1643700,5558,4589,7,4596,118
2020-06-18,Alpine,003,1148,1,1,0,1,0
2020-06-18,Amador,005,37829,13,12,0,12,0
2020-06-18,Butte,007,227075,155,88,12,100,1
2020-06-18,Calaveras,009,45235,37,20,0,20,0
2020-06-18,Colusa,011,21464,20,7,0,7,0
2020-06-18,Contra Costa,013,1133247,2602,2072,3,2075,53
2020-06-18,Del Norte,015,27424,47,46,0,46,0
2020-06-18,El Dorado,017,186661,194,121,2,123,0
2020-06-18,Fresno,019,978130,5886,2947,62,3009,57
2020-06-18,Glenn,021,27897,82,35,0,35,0
2020-06-18,Humboldt,023,135768,140,106,0,106,3
2020-06-18,Imperial,025,180216,6680,4366,4,4370,36
2020-06-18,Inyo,027,18085,26,25,0,25,1
2020-06-18,Kern,029,883053,5364,3634,14,3648,57
2020-06-18,Kings,031,150075,2228,1141,4,1145,8
2020-06-18,Lake,033,64148,45,36,0,36,0
2020-06-18,Lassen,035,31185,22,5,2,7,0
2020-06-18,Los Angeles,037,10098052,91197,78244,28,78272,3009
2020-06-18,Madera,039,155013,581,288,2,290,4
2020-06-18,Marin,041,260295,1448,819,4,823,17
2020-06-18,Mariposa,043,17540,19,18,0,18,1
2020-06-18,Mendocino,045,87422,64,45,0,45,0
2020-06-18,Merced,047,269075,942,486,1,487,7
2020-06-18,Modoc,049,8938,1,0,0,0,0
2020-06-18,Mono,051,14174,42,34,0,34,1
2020-06-18,Monterey,053,433212,1513,1127,3,1130,12
2020-06-18,Napa,055,140530,287,205,0,205,3
2020-06-18,Nevada,057,99092,98,68,1,69,1
2020-06-18,Orange,059,3164182,14788,9597,114,9711,255
2020-06-18,Placer,061,380077,629,457,3,460,9
2020-06-18,Plumas,063,18699,6,5,0,5,0
2020-06-18,Riverside,065,2383286,16557,12410,24,12434,392
2020-06-18,Sacramento,067,1510023,2504,1938,3,1941,63
2020-06-18,San Benito,069,59416,203,134,0,134,2
2020-06-18,San Bernardino,071,2135413,12096,8141,7,8148,226
2020-06-18,San Diego,073,3302833,12419,10094,2,10096,331
2020-06-18,San Francisco,075,870044,3298,2951,1,2952,47
2020-06-18,San Joaquin,077,732212,2961,1908,3,1911,47
2020-06-18,San Luis Obispo,079,281455,576,378,5,383,1
2020-06-18,San Mateo,081,765935,3049,2674,3,2677,78
2020-06-18,Santa Barbara,083,443738,2740,2201,19,2220,19
2020-06-18,Santa Clara,085,1922200,4542,3338,17,3355,152
2020-06-18,Santa Cruz,087,273765,344,275,0,275,3
2020-06-18,Shasta,089,179085,126,51,0,51,4
2020-06-18,Sierra,091,2930,1,1,0,1,0
2020-06-18,Siskiyou,093,43540,29,18,0,18,0
2020-06-18,Solano,095,438530,1200,735,4,739,21
2020-06-18,Sonoma,097,501317,1011,789,2,791,4
2020-06-18,Stanislaus,099,539301,2351,1495,6,1501,35
2020-06-18,Sutter,101,95872,125,85,0,85,2
2020-06-18,Tehama,103,63373,56,31,2,33,1
2020-06-18,Trinity,105,12862,15,2,3,5,0
2020-06-18,Tulare,107,460477,4197,3005,10,3015,107
2020-06-18,Tuolumne,109,53932,12,8,0,8,0
2020-06-18,Ventura,111,848112,2773,1781,14,1795,37
2020-06-18,Yolo,113,214977,423,294,0,294,24
2020-06-18,Yuba,115,75493,42,32,0,32,1
2020-06-17,Alameda,001,1643700,5435,4485,7,4492,117
2020-06-17,Alpine,003,1148,1,1,0,1,0
2020-06-17,Amador,005,37829,12,10,0,10,0
2020-06-17,Butte,007,227075,146,81,12,93,1
2020-06-17,Calaveras,009,45235,37,20,0,20,0
2020-06-17,Colusa,011,21464,19,7,0,7,0
2020-06-17,Contra Costa,013,1133247,2505,2020,3,2023,45
2020-06-17,Del Norte,015,27424,47,45,0,45,0
2020-06-17,El Dorado,017,186661,187,116,2,118,0
2020-06-17,Fresno,019,978130,5660,2801,61,2862,56
2020-06-17,Glenn,021,27897,75,31,0,31,0
2020-06-17,Humboldt,023,135768,138,105,0,105,3
2020-06-17,Imperial,025,180216,6506,4108,4,4112,36
2020-06-17,Inyo,027,18085,25,25,0,25,1
2020-06-17,Kern,029,883053,5163,3547,14,3561,56
2020-06-17,Kings,031,150075,2198,1097,4,1101,7
2020-06-17,Lake,033,64148,44,32,0,32,0
2020-06-17,Lassen,035,31185,18,5,2,7,0
2020-06-17,Los Angeles,037,10098052,88889,77166,27,77193,2973
2020-06-17,Madera,039,155013,559,258,2,260,4
2020-06-17,Marin,041,260295,1256,771,3,774,17
2020-06-17,Mariposa,043,17540,18,18,0,18,1
2020-06-17,Mendocino,045,87422,62,42,0,42,0
2020-06-17,Merced,047,269075,869,460,1,461,7
2020-06-17,Modoc,049,8938,1,0,0,0,0
2020-06-17,Mono,051,14174,42,34,0,34,1
2020-06-17,Monterey,053,433212,1461,1077,3,1080,12
2020-06-17,Napa,055,140530,272,202,0,202,3
2020-06-17,Nevada,057,99092,94,57,1,58,1
2020-06-17,Orange,059,3164182,14177,9278,108,9386,230
2020-06-17,Placer,061,380077,609,427,3,430,9
2020-06-17,Plumas,063,18699,6,5,0,5,0
2020-06-17,Riverside,065,2383286,15921,11859,24,11883,370
2020-06-17,Sacramento,067,1510023,2397,1889,3,1892,63
2020-06-17,San Benito,069,59416,198,116,0,116,2
2020-06-17,San Bernardino,071,2135413,11547,7670,7,7677,225
2020-06-17,San Diego,073,3302833,12040,9856,2,9858,327
2020-06-17,San Francisco,075,870044,3259,2906,1,2907,46
2020-06-17,San Joaquin,077,732212,2788,1825,3,1828,46
2020-06-17,San Luis Obispo,079,281455,557,362,5,367,1
2020-06-17,San Mateo,081,765935,3002,2649,3,2652,78
2020-06-17,Santa Barbara,083,443738,2668,2147,17,2164,19
2020-06-17,Santa Clara,085,1922200,4449,3264,16,3280,148
2020-06-17,Santa Cruz,087,273765,338,265,0,265,2
2020-06-17,Shasta,089,179085,124,51,0,51,4
2020-06-17,Sierra,091,2930,1,1,0,1,0
2020-06-17,Siskiyou,093,43540,28,16,0,16,0
2020-06-17,Solano,095,438530,1150,722,4,726,21
2020-06-17,Sonoma,097,501317,986,748,2,750,4
2020-06-17,Stanislaus,099,539301,2227,1387,6,1393,35
2020-06-17,Sutter,101,95872,119,79,0,79,2
2020-06-17,Tehama,103,63373,41,24,2,26,1
2020-06-17,Trinity,105,12862,14,2,3,5,0
2020-06-17,Tulare,107,460477,4087,2882,10,2892,106
2020-06-17,Tuolumne,109,53932,12,7,0,7,0
2020-06-17,Ventura,111,848112,2673,1729,14,1743,37
2020-06-17,Yolo,113,214977,403,277,0,277,24
2020-06-17,Yuba,115,75493,41,30,0,30,1
2020-06-16,Alameda,001,1643700,5317,4428,7,4435,113
2020-06-16,Alpine,003,1148,1,1,0,1,0
2020-06-16,Amador,005,37829,12,10,0,10,0
2020-06-16,Butte,007,227075,142,79,12,91,1
2020-06-16,Calaveras,009,45235,34,19,0,19,0
2020-06-16,Colusa,011,21464,16,7,0,7,0
2020-06-16,Contra Costa,013,1133247,2413,1971,2,1973,45
2020-06-16,Del Norte,015,27424,47,45,0,45,0
2020-06-16,El Dorado,017,186661,181,115,2,117,0
2020-06-16,Fresno,019,978130,5422,2731,59,2790,50
2020-06-16,Glenn,021,27897,71,30,0,30,0
2020-06-16,Humboldt,023,135768,135,105,0,105,3
2020-06-16,Imperial,025,180216,6347,3939,4,3943,36
2020-06-16,Inyo,027,18085,25,24,0,24,1
2020-06-16,Kern,029,883053,4939,3496,14,3510,55
2020-06-16,Kings,031,150075,2152,1044,4,1048,6
2020-06-16,Lake,033,64148,44,31,0,31,0
2020-06-16,Lassen,035,31185,15,5,2,7,0
2020-06-16,Los Angeles,037,10098052,86567,75051,27,75078,2942
2020-06-16,Madera,039,155013,533,239,2,241,3
2020-06-16,Marin,041,260295,1203,725,3,728,17
2020-06-16,Mariposa,043,17540,18,17,0,17,1
2020-06-16,Mendocino,045,87422,61,35,0,35,0
2020-06-16,Merced,047,269075,822,436,1,437,7
2020-06-16,Modoc,049,8938,1,0,0,0,0
2020-06-16,Mono,051,14174,42,34,0,34,1
2020-06-16,Monterey,053,433212,1413,1019,3,1022,12
2020-06-16,Napa,055,140530,257,196,0,196,3
2020-06-16,Nevada,057,99092,91,53,1,54,1
2020-06-16,Orange,059,3164182,13592,9163,102,9265,223
2020-06-16,Placer,061,380077,577,392,3,395,9
2020-06-16,Plumas,063,18699,6,5,0,5,0
2020-06-16,Riverside,065,2383286,15246,11638,24,11662,364
2020-06-16,Sacramento,067,1510023,2287,1825,3,1828,60
2020-06-16,San Benito,069,59416,190,110,0,110,2
2020-06-16,San Bernardino,071,2135413,11003,7463,7,7470,225
2020-06-16,San Diego,073,3302833,11678,9732,1,9733,323
2020-06-16,San Francisco,075,870044,3208,2893,1,2894,46
2020-06-16,San Joaquin,077,732212,2635,1718,3,1721,47
2020-06-16,San Luis Obispo,079,281455,533,343,5,348,1
2020-06-16,San Mateo,081,765935,2948,2618,3,2621,77
2020-06-16,Santa Barbara,083,443738,2601,2090,17,2107,16
2020-06-16,Santa Clara,085,1922200,4338,3228,15,3243,148
2020-06-16,Santa Cruz,087,273765,322,257,0,257,2
2020-06-16,Shasta,089,179085,115,51,0,51,4
2020-06-16,Sierra,091,2930,1,1,0,1,0
2020-06-16,Siskiyou,093,43540,27,15,0,15,0
2020-06-16,Solano,095,438530,1060,694,4,698,19
2020-06-16,Sonoma,097,501317,954,739,2,741,4
2020-06-16,Stanislaus,099,539301,2073,1278,6,1284,36
2020-06-16,Sutter,101,95872,112,73,0,73,2
2020-06-16,Tehama,103,63373,37,24,2,26,1
2020-06-16,Trinity,105,12862,14,2,3,5,0
2020-06-16,Tulare,107,460477,3969,2802,10,2812,96
2020-06-16,Tuolumne,109,53932,12,7,0,7,0
2020-06-16,Ventura,111,848112,2573,1676,14,1690,37
2020-06-16,Yolo,113,214977,380,262,0,262,24
2020-06-16,Yuba,115,75493,39,29,0,29,1
2020-06-15,Alameda,001,1643700,5190,4323,7,4330,112
2020-06-15,Alpine,003,1148,1,1,0,1,0
2020-06-15,Amador,005,37829,12,10,0,10,0
2020-06-15,Butte,007,227075,134,78,12,90,1
2020-06-15,Calaveras,009,45235,34,18,0,18,0
2020-06-15,Colusa,011,21464,14,7,0,7,0
2020-06-15,Contra Costa,013,1133247,2337,1918,2,1920,43
2020-06-15,Del Norte,015,27424,47,45,0,45,0
2020-06-15,El Dorado,017,186661,171,114,2,116,0
2020-06-15,Fresno,019,978130,5210,2616,58,2674,48
2020-06-15,Glenn,021,27897,66,21,0,21,0
2020-06-15,Humboldt,023,135768,133,105,0,105,3
2020-06-15,Imperial,025,180216,6172,3726,4,3730,36
2020-06-15,Inyo,027,18085,25,23,0,23,1
2020-06-15,Kern,029,883053,4716,3417,14,3431,55
2020-06-15,Kings,031,150075,2076,1022,4,1026,6
2020-06-15,Lake,033,64148,44,31,0,31,0
2020-06-15,Lassen,035,31185,15,5,2,7,0
2020-06-15,Los Angeles,037,10098052,84380,73705,27,73732,2908
2020-06-15,Madera,039,155013,511,203,2,205,3
2020-06-15,Marin,041,260295,1036,708,3,711,17
2020-06-15,Mariposa,043,17540,18,17,0,17,1
2020-06-15,Mendocino,045,87422,52,33,0,33,0
2020-06-15,Merced,047,269075,775,414,1,415,7
2020-06-15,Modoc,049,8938,1,0,0,0,0
2020-06-15,Mono,051,14174,42,34,0,34,1
2020-06-15,Monterey,053,433212,1347,998,3,1001,12
2020-06-15,Napa,055,140530,249,187,0,187,3
2020-06-15,Nevada,057,99092,85,52,1,53,1
2020-06-15,Orange,059,3164182,13024,8944,94,9038,212
2020-06-15,Placer,061,380077,555,386,3,389,9
2020-06-15,Plumas,063,18699,6,4,0,4,0
2020-06-15,Riverside,065,2383286,14628,11376,23,11399,364
2020-06-15,Sacramento,067,1510023,2171,1791,3,1794,60
2020-06-15,San Benito,069,59416,184,108,0,108,2
2020-06-15,San Bernardino,071,2135413,10500,7189,7,7196,224
2020-06-15,San Diego,073,3302833,11338,9612,1,9613,320
2020-06-15,San Francisco,075,870044,3164,2833,1,2834,45
2020-06-15,San Joaquin,077,732212,2499,1667,3,1670,43
2020-06-15,San Luis Obispo,079,281455,518,332,5,337,1
2020-06-15,San Mateo,081,765935,2901,2591,3,2594,75
2020-06-15,Santa Barbara,083,443738,2533,2054,17,2071,16
2020-06-15,Santa Clara,085,1922200,4238,3204,15,3219,148
2020-06-15,Santa Cruz,087,273765,311,254,0,254,2
2020-06-15,Shasta,089,179085,109,50,0,50,4
2020-06-15,Sierra,091,2930,1,1,0,1,0
2020-06-15,Siskiyou,093,43540,26,14,0,14,0
2020-06-15,Solano,095,438530,1000,638,4,642,19
2020-06-15,Sonoma,097,501317,925,726,2,728,4
2020-06-15,Stanislaus,099,539301,1956,1253,6,1259,35
2020-06-15,Sutter,101,95872,102,71,0,71,2
2020-06-15,Tehama,103,63373,37,17,2,19,1
2020-06-15,Trinity,105,12862,13,2,3,5,0
2020-06-15,Tulare,107,460477,3855,2662,10,2672,96
2020-06-15,Tuolumne,109,53932,11,7,0,7,0
2020-06-15,Ventura,111,848112,2492,1656,14,1670,37
2020-06-15,Yolo,113,214977,360,255,0,255,24
2020-06-15,Yuba,115,75493,39,28,0,28,1
2020-06-14,Alameda,001,1643700,5043,4271,7,4278,112
2020-06-14,Alpine,003,1148,1,1,0,1,0
2020-06-14,Amador,005,37829,12,10,0,10,0
2020-06-14,Butte,007,227075,126,78,12,90,1
2020-06-14,Calaveras,009,45235,33,18,0,18,0
2020-06-14,Colusa,011,21464,13,7,0,7,0
2020-06-14,Contra Costa,013,1133247,2269,1893,2,1895,43
2020-06-14,Del Norte,015,27424,47,45,0,45,0
2020-06-14,El Dorado,017,186661,167,110,2,112,0
2020-06-14,Fresno,019,978130,5025,2585,57,2642,48
2020-06-14,Glenn,021,27897,51,21,0,21,0
2020-06-14,Humboldt,023,135768,129,105,0,105,3
2020-06-14,Imperial,025,180216,5941,3730,4,3734,36
2020-06-14,Inyo,027,18085,24,23,0,23,1
2020-06-14,Kern,029,883053,4505,3328,14,3342,55
2020-06-14,Kings,031,150075,2025,1022,3,1025,6
2020-06-14,Lake,033,64148,41,31,0,31,0
2020-06-14,Lassen,035,31185,15,5,2,7,0
2020-06-14,Los Angeles,037,10098052,82060,72932,25,72957,2887
2020-06-14,Madera,039,155013,492,203,2,205,3
2020-06-14,Marin,041,260295,871,689,2,691,17
2020-06-14,Mariposa,043,17540,18,16,0,16,1
2020-06-14,Mendocino,045,87422,49,33,0,33,0
2020-06-14,Merced,047,269075,723,403,1,404,7
2020-06-14,Modoc,049,8938,1,0,0,0,0
2020-06-14,Mono,051,14174,42,34,0,34,1
2020-06-14,Monterey,053,433212,1286,949,3,952,12
2020-06-14,Napa,055,140530,227,181,0,181,3
2020-06-14,Nevada,057,99092,81,52,1,53,1
2020-06-14,Orange,059,3164182,12594,8744,90,8834,211
2020-06-14,Placer,061,380077,529,369,3,372,9
2020-06-14,Plumas,063,18699,5,4,0,4,0
2020-06-14,Riverside,065,2383286,14185,11218,23,11241,364
2020-06-14,Sacramento,067,1510023,2084,1750,3,1753,60
2020-06-14,San Benito,069,59416,173,104,0,104,2
2020-06-14,San Bernardino,071,2135413,9961,7015,7,7022,224
2020-06-14,San Diego,073,3302833,10963,9442,1,9443,319
2020-06-14,San Francisco,075,870044,3124,2834,1,2835,45
2020-06-14,San Joaquin,077,732212,2348,1603,3,1606,43
2020-06-14,San Luis Obispo,079,281455,503,330,5,335,1
2020-06-14,San Mateo,081,765935,2843,2571,3,2574,75
2020-06-14,Santa Barbara,083,443738,2456,2049,17,2066,17
2020-06-14,Santa Clara,085,1922200,4143,3178,15,3193,148
2020-06-14,Santa Cruz,087,273765,297,254,0,254,2
2020-06-14,Shasta,089,179085,103,48,0,48,4
2020-06-14,Sierra,091,2930,1,1,0,1,0
2020-06-14,Siskiyou,093,43540,25,13,0,13,0
2020-06-14,Solano,095,438530,951,638,4,642,19
2020-06-14,Sonoma,097,501317,897,724,2,726,4
2020-06-14,Stanislaus,099,539301,1807,1159,6,1165,35
2020-06-14,Sutter,101,95872,97,63,0,63,2
2020-06-14,Tehama,103,63373,34,17,2,19,1
2020-06-14,Trinity,105,12862,13,2,3,5,0
2020-06-14,Tulare,107,460477,3721,2646,10,2656,96
2020-06-14,Tuolumne,109,53932,11,7,0,7,0
2020-06-14,Ventura,111,848112,2393,1610,13,1623,37
2020-06-14,Yolo,113,214977,344,254,0,254,24
2020-06-14,Yuba,115,75493,38,28,0,28,1
2020-06-13,Alameda,001,1643700,4979,4196,7,4203,112
2020-06-13,Alpine,003,1148,1,1,0,1,0
2020-06-13,Amador,005,37829,11,10,0,10,0
2020-06-13,Butte,007,227075,117,72,12,84,1
2020-06-13,Calaveras,009,45235,31,18,0,18,0
2020-06-13,Colusa,011,21464,12,7,0,7,0
2020-06-13,Contra Costa,013,1133247,2233,1868,2,1870,43
2020-06-13,Del Norte,015,27424,47,45,0,45,0
2020-06-13,El Dorado,017,186661,163,110,2,112,0
2020-06-13,Fresno,019,978130,4927,2499,57,2556,48
2020-06-13,Glenn,021,27897,49,21,0,21,0
2020-06-13,Humboldt,023,135768,128,104,0,104,3
2020-06-13,Imperial,025,180216,5868,3646,4,3650,36
2020-06-13,Inyo,027,18085,24,23,0,23,1
2020-06-13,Kern,029,883053,4396,3239,14,3253,55
2020-06-13,Kings,031,150075,2005,1023,3,1026,6
2020-06-13,Lake,033,64148,40,29,0,29,0
2020-06-13,Lassen,035,31185,15,5,2,7,0
2020-06-13,Los Angeles,037,10098052,81019,71938,25,71963,2874
2020-06-13,Madera,039,155013,488,203,2,205,3
2020-06-13,Marin,041,260295,840,677,2,679,17
2020-06-13,Mariposa,043,17540,18,16,0,16,1
2020-06-13,Mendocino,045,87422,49,33,0,33,0
2020-06-13,Merced,047,269075,704,376,1,377,7
2020-06-13,Modoc,049,8938,1,0,0,0,0
2020-06-13,Mono,051,14174,42,35,0,35,1
2020-06-13,Monterey,053,433212,1248,900,3,903,11
2020-06-13,Napa,055,140530,224,171,0,171,3
2020-06-13,Nevada,057,99092,79,52,1,53,1
2020-06-13,Orange,059,3164182,12349,8581,87,8668,211
2020-06-13,Placer,061,380077,512,346,3,349,9
2020-06-13,Plumas,063,18699,5,4,0,4,0
2020-06-13,Riverside,065,2383286,13906,10931,23,10954,364
2020-06-13,Sacramento,067,1510023,2029,1713,3,1716,60
2020-06-13,San Benito,069,59416,166,99,0,99,2
2020-06-13,San Bernardino,071,2135413,9738,6885,7,6892,224
2020-06-13,San Diego,073,3302833,10791,9316,1,9317,319
2020-06-13,San Francisco,075,870044,3104,2834,1,2835,44
2020-06-13,San Joaquin,077,732212,2267,1461,3,1464,43
2020-06-13,San Luis Obispo,079,281455,492,326,5,331,1
2020-06-13,San Mateo,081,765935,2820,2551,3,2554,75
2020-06-13,Santa Barbara,083,443738,2398,1999,17,2016,15
2020-06-13,Santa Clara,085,1922200,4100,3141,15,3156,148
2020-06-13,Santa Cruz,087,273765,291,254,0,254,2
2020-06-13,Shasta,089,179085,101,48,0,48,4
2020-06-13,Sierra,091,2930,1,1,0,1,0
2020-06-13,Siskiyou,093,43540,25,13,0,13,0
2020-06-13,Solano,095,438530,923,637,4,641,19
2020-06-13,Sonoma,097,501317,882,711,2,713,4
2020-06-13,Stanislaus,099,539301,1750,1122,6,1128,33
2020-06-13,Sutter,101,95872,96,62,0,62,2
2020-06-13,Tehama,103,63373,33,17,2,19,1
2020-06-13,Trinity,105,12862,13,2,3,5,0
2020-06-13,Tulare,107,460477,3689,2626,10,2636,96
2020-06-13,Tuolumne,109,53932,10,7,0,7,0
2020-06-13,Ventura,111,848112,2347,1567,13,1580,37
2020-06-13,Yolo,113,214977,324,251,0,251,24
2020-06-13,Yuba,115,75493,38,28,0,28,1
2020-06-12,Alameda,001,1643700,4906,4167,7,4174,109
2020-06-12,Alpine,003,1148,1,1,0,1,0
2020-06-12,Amador,005,37829,11,10,0,10,0
2020-06-12,Butte,007,227075,113,71,11,82,1
2020-06-12,Calaveras,009,45235,28,18,0,18,0
2020-06-12,Colusa,011,21464,12,7,0,7,0
2020-06-12,Contra Costa,013,1133247,2196,1827,2,1829,43
2020-06-12,Del Norte,015,27424,47,45,0,45,0
2020-06-12,El Dorado,017,186661,163,110,2,112,0
2020-06-12,Fresno,019,978130,4789,2428,57,2485,47
2020-06-12,Glenn,021,27897,46,21,0,21,0
2020-06-12,Humboldt,023,135768,126,105,0,105,3
2020-06-12,Imperial,025,180216,5784,3543,4,3547,36
2020-06-12,Inyo,027,18085,24,23,0,23,1
2020-06-12,Kern,029,883053,4279,3152,14,3166,54
2020-06-12,Kings,031,150075,1992,987,3,990,6
2020-06-12,Lake,033,64148,39,29,0,29,0
2020-06-12,Lassen,035,31185,15,5,2,7,0
2020-06-12,Los Angeles,037,10098052,79613,70385,25,70410,2814
2020-06-12,Madera,039,155013,463,187,2,189,3
2020-06-12,Marin,041,260295,837,649,2,651,17
2020-06-12,Mariposa,043,17540,18,16,0,16,1
2020-06-12,Mendocino,045,87422,49,33,0,33,0
2020-06-12,Merced,047,269075,673,372,1,373,7
2020-06-12,Modoc,049,8938,1,0,0,0,0
2020-06-12,Mono,051,14174,39,35,0,35,1
2020-06-12,Monterey,053,433212,1207,864,2,866,11
2020-06-12,Napa,055,140530,221,162,0,162,3
2020-06-12,Nevada,057,99092,73,52,1,53,1
2020-06-12,Orange,059,3164182,12043,8440,86,8526,203
2020-06-12,Placer,061,380077,495,333,3,336,9
2020-06-12,Plumas,063,18699,5,4,0,4,0
2020-06-12,Riverside,065,2383286,13569,10616,23,10639,364
2020-06-12,Sacramento,067,1510023,1974,1702,3,1705,60
2020-06-12,San Benito,069,59416,159,96,0,96,2
2020-06-12,San Bernardino,071,2135413,9469,6707,7,6714,223
2020-06-12,San Diego,073,3302833,10621,9132,1,9133,313
2020-06-12,San Francisco,075,870044,3070,2823,1,2824,44
2020-06-12,San Joaquin,077,732212,2187,1406,3,1409,43
2020-06-12,San Luis Obispo,079,281455,476,321,5,326,1
2020-06-12,San Mateo,081,765935,2785,2533,3,2536,75
2020-06-12,Santa Barbara,083,443738,2344,1969,17,1986,14
2020-06-12,Santa Clara,085,1922200,4056,3099,15,3114,149
2020-06-12,Santa Cruz,087,273765,283,251,0,251,2
2020-06-12,Shasta,089,179085,94,48,0,48,5
2020-06-12,Sierra,091,2930,1,1,0,1,0
2020-06-12,Siskiyou,093,43540,25,13,0,13,0
2020-06-12,Solano,095,438530,909,620,4,624,19
2020-06-12,Sonoma,097,501317,863,696,2,698,4
2020-06-12,Stanislaus,099,539301,1691,1092,6,1098,33
2020-06-12,Sutter,101,95872,95,56,0,56,2
2020-06-12,Tehama,103,63373,32,13,2,15,1
2020-06-12,Trinity,105,12862,13,2,3,5,0
2020-06-12,Tulare,107,460477,3635,2552,10,2562,95
2020-06-12,Tuolumne,109,53932,10,7,0,7,0
2020-06-12,Ventura,111,848112,2295,1534,13,1547,35
2020-06-12,Yolo,113,214977,312,243,0,243,24
2020-06-12,Yuba,115,75493,36,27,0,27,1
2020-06-11,Alameda,001,1643700,4777,4073,6,4079,108
2020-06-11,Alpine,003,1148,1,1,0,1,0
2020-06-11,Amador,005,37829,10,10,0,10,0
2020-06-11,Butte,007,227075,107,72,11,83,1
2020-06-11,Calaveras,009,45235,27,16,0,16,0
2020-06-11,Colusa,011,21464,12,7,0,7,0
2020-06-11,Contra Costa,013,1133247,2143,1797,2,1799,43
2020-06-11,Del Norte,015,27424,47,45,0,45,0
2020-06-11,El Dorado,017,186661,155,109,2,111,0
2020-06-11,Fresno,019,978130,4636,2338,57,2395,45
2020-06-11,Glenn,021,27897,42,21,0,21,0
2020-06-11,Humboldt,023,135768,122,113,0,113,3
2020-06-11,Imperial,025,180216,5626,3463,4,3467,36
2020-06-11,Inyo,027,18085,22,23,0,23,1
2020-06-11,Kern,029,883053,4127,3047,12,3059,54
2020-06-11,Kings,031,150075,1959,963,3,966,6
2020-06-11,Lake,033,64148,39,28,0,28,0
2020-06-11,Lassen,035,31185,15,5,2,7,0
2020-06-11,Los Angeles,037,10098052,77947,68807,24,68831,2800
2020-06-11,Madera,039,155013,445,178,2,180,3
2020-06-11,Marin,041,260295,789,637,2,639,17
2020-06-11,Mariposa,043,17540,18,16,0,16,1
2020-06-11,Mendocino,045,87422,40,35,0,35,0
2020-06-11,Merced,047,269075,633,370,1,371,7
2020-06-11,Modoc,049,8938,1,0,0,0,0
2020-06-11,Mono,051,14174,39,35,0,35,1
2020-06-11,Monterey,053,433212,1160,813,2,815,11
2020-06-11,Napa,055,140530,212,162,0,162,3
2020-06-11,Nevada,057,99092,67,50,1,51,1
2020-06-11,Orange,059,3164182,11735,8304,85,8389,188
2020-06-11,Placer,061,380077,476,321,3,324,9
2020-06-11,Plumas,063,18699,5,4,0,4,0
2020-06-11,Riverside,065,2383286,13216,10014,23,10037,361
2020-06-11,Sacramento,067,1510023,1926,1669,3,1672,60
2020-06-11,San Benito,069,59416,153,94,0,94,2
2020-06-11,San Bernardino,071,2135413,9172,6509,7,6516,221
2020-06-11,San Diego,073,3302833,10391,9000,0,9000,308
2020-06-11,San Francisco,075,870044,3041,2766,1,2767,44
2020-06-11,San Joaquin,077,732212,2075,1351,3,1354,43
2020-06-11,San Luis Obispo,079,281455,462,307,5,312,1
2020-06-11,San Mateo,081,765935,2747,2499,3,2502,74
2020-06-11,Santa Barbara,083,443738,2283,1895,17,1912,14
2020-06-11,Santa Clara,085,1922200,3989,3049,15,3064,149
2020-06-11,Santa Cruz,087,273765,279,247,0,247,2
2020-06-11,Shasta,089,179085,87,47,0,47,5
2020-06-11,Sierra,091,2930,1,1,0,1,0
2020-06-11,Siskiyou,093,43540,25,14,0,14,0
2020-06-11,Solano,095,438530,883,616,4,620,19
2020-06-11,Sonoma,097,501317,841,682,2,684,4
2020-06-11,Stanislaus,099,539301,1600,1062,6,1068,30
2020-06-11,Sutter,101,95872,92,56,0,56,2
2020-06-11,Tehama,103,63373,27,10,2,12,1
2020-06-11,Trinity,105,12862,11,2,3,5,0
2020-06-11,Tulare,107,460477,3536,2473,10,2483,95
2020-06-11,Tuolumne,109,53932,10,7,0,7,0
2020-06-11,Ventura,111,848112,2218,1491,12,1503,34
2020-06-11,Yolo,113,214977,304,230,0,230,24
2020-06-11,Yuba,115,75493,36,27,0,27,1
2020-06-10,Alameda,001,1643700,4677,4027,6,4033,107
2020-06-10,Alpine,003,1148,1,1,0,1,0
2020-06-10,Amador,005,37829,10,10,0,10,0
2020-06-10,Butte,007,227075,103,71,11,82,1
2020-06-10,Calaveras,009,45235,27,16,0,16,0
2020-06-10,Colusa,011,21464,11,7,0,7,0
2020-06-10,Contra Costa,013,1133247,2099,1778,2,1780,43
2020-06-10,Del Norte,015,27424,47,45,0,45,0
2020-06-10,El Dorado,017,186661,152,109,2,111,0
2020-06-10,Fresno,019,978130,4460,2324,57,2381,45
2020-06-10,Glenn,021,27897,39,21,0,21,0
2020-06-10,Humboldt,023,135768,118,112,0,112,3
2020-06-10,Imperial,025,180216,5478,3454,4,3458,36
2020-06-10,Inyo,027,18085,22,23,0,23,1
2020-06-10,Kern,029,883053,4002,3000,11,3011,54
2020-06-10,Kings,031,150075,1913,952,2,954,6
2020-06-10,Lake,033,64148,39,28,0,28,0
2020-06-10,Lassen,035,31185,15,5,2,7,0
2020-06-10,Los Angeles,037,10098052,76432,67018,24,67042,2752
2020-06-10,Madera,039,155013,431,176,1,177,3
2020-06-10,Marin,041,260295,757,633,2,635,17
2020-06-10,Mariposa,043,17540,17,16,0,16,1
2020-06-10,Mendocino,045,87422,39,35,0,35,0
2020-06-10,Merced,047,269075,607,370,1,371,7
2020-06-10,Modoc,049,8938,1,0,0,0,0
2020-06-10,Mono,051,14174,39,35,0,35,1
2020-06-10,Monterey,053,433212,1106,791,2,793,11
2020-06-10,Napa,055,140530,209,159,0,159,3
2020-06-10,Nevada,057,99092,65,50,1,51,1
2020-06-10,Orange,059,3164182,11458,8222,81,8303,184
2020-06-10,Placer,061,380077,451,309,3,312,9
2020-06-10,Plumas,063,18699,5,4,0,4,0
2020-06-10,Riverside,065,2383286,12893,9857,23,9880,361
2020-06-10,Sacramento,067,1510023,1887,1643,2,1645,59
2020-06-10,San Benito,069,59416,144,94,0,94,2
2020-06-10,San Bernardino,071,2135413,8879,6438,7,6445,219
2020-06-10,San Diego,073,3302833,10227,8839,0,8839,305
2020-06-10,San Francisco,075,870044,3016,2774,1,2775,44
2020-06-10,San Joaquin,077,732212,1946,1282,3,1285,41
2020-06-10,San Luis Obispo,079,281455,442,306,5,311,1
2020-06-10,San Mateo,081,765935,2707,2492,3,2495,74
2020-06-10,Santa Barbara,083,443738,2227,1878,17,1895,13
2020-06-10,Santa Clara,085,1922200,3938,3032,15,3047,149
2020-06-10,Santa Cruz,087,273765,275,242,0,242,2
2020-06-10,Shasta,089,179085,82,45,0,45,5
2020-06-10,Sierra,091,2930,1,1,0,1,0
2020-06-10,Siskiyou,093,43540,25,14,0,14,0
2020-06-10,Solano,095,438530,847,608,4,612,19
2020-06-10,Sonoma,097,501317,823,673,2,675,4
2020-06-10,Stanislaus,099,539301,1510,1030,6,1036,29
2020-06-10,Sutter,101,95872,91,56,0,56,2
2020-06-10,Tehama,103,63373,25,10,2,12,1
2020-06-10,Trinity,105,12862,11,2,3,5,0
2020-06-10,Tulare,107,460477,3444,2455,10,2465,95
2020-06-10,Tuolumne,109,53932,10,7,0,7,0
2020-06-10,Ventura,111,848112,2172,1446,11,1457,34
2020-06-10,Yolo,113,214977,296,226,0,226,24
2020-06-10,Yuba,115,75493,35,27,0,27,1
2020-06-09,Alameda,001,1643700,4566,3963,6,3969,103
2020-06-09,Alpine,003,1148,1,1,0,1,0
2020-06-09,Amador,005,37829,10,10,0,10,0
2020-06-09,Butte,007,227075,102,70,10,80,1
2020-06-09,Calaveras,009,45235,27,16,0,16,0
2020-06-09,Colusa,011,21464,10,7,0,7,0
2020-06-09,Contra Costa,013,1133247,2058,1744,2,1746,42
2020-06-09,Del Norte,015,27424,47,45,0,45,0
2020-06-09,El Dorado,017,186661,142,108,2,110,0
2020-06-09,Fresno,019,978130,4309,2278,57,2335,43
2020-06-09,Glenn,021,27897,38,19,0,19,0
2020-06-09,Humboldt,023,135768,116,113,0,113,2
2020-06-09,Imperial,025,180216,5328,3067,4,3071,36
2020-06-09,Inyo,027,18085,22,22,0,22,1
2020-06-09,Kern,029,883053,3874,2920,11,2931,51
2020-06-09,Kings,031,150075,1881,934,2,936,6
2020-06-09,Lake,033,64148,39,28,0,28,0
2020-06-09,Lassen,035,31185,15,5,2,7,0
2020-06-09,Los Angeles,037,10098052,74774,65827,24,65851,2692
2020-06-09,Madera,039,155013,416,172,1,173,3
2020-06-09,Marin,041,260295,721,616,2,618,17
2020-06-09,Mariposa,043,17540,17,16,0,16,1
2020-06-09,Mendocino,045,87422,35,35,0,35,0
2020-06-09,Merced,047,269075,575,349,1,350,7
2020-06-09,Modoc,049,8938,1,0,0,0,0
2020-06-09,Mono,051,14174,39,35,0,35,1
2020-06-09,Monterey,053,433212,1065,772,2,774,11
2020-06-09,Napa,055,140530,199,156,0,156,3
2020-06-09,Nevada,057,99092,57,50,1,51,1
2020-06-09,Orange,059,3164182,11215,7991,79,8070,174
2020-06-09,Placer,061,380077,438,301,3,304,9
2020-06-09,Plumas,063,18699,5,4,0,4,0
2020-06-09,Riverside,065,2383286,12515,9511,23,9534,354
2020-06-09,Sacramento,067,1510023,1832,1625,2,1627,59
2020-06-09,San Benito,069,59416,138,95,0,95,2
2020-06-09,San Bernardino,071,2135413,8556,6268,6,6274,217
2020-06-09,San Diego,073,3302833,10042,8731,0,8731,301
2020-06-09,San Francisco,075,870044,2991,2749,1,2750,44
2020-06-09,San Joaquin,077,732212,1840,1240,3,1243,41
2020-06-09,San Luis Obispo,079,281455,429,301,4,305,1
2020-06-09,San Mateo,081,765935,2676,2463,3,2466,74
2020-06-09,Santa Barbara,083,443738,2171,1854,17,1871,13
2020-06-09,Santa Clara,085,1922200,3870,3006,14,3020,147
2020-06-09,Santa Cruz,087,273765,269,237,0,237,2
2020-06-09,Shasta,089,179085,78,44,0,44,4
2020-06-09,Sierra,091,2930,1,1,0,1,0
2020-06-09,Siskiyou,093,43540,20,10,0,10,0
2020-06-09,Solano,095,438530,812,596,4,600,18
2020-06-09,Sonoma,097,501317,800,661,2,663,4
2020-06-09,Stanislaus,099,539301,1409,993,6,999,25
2020-06-09,Sutter,101,95872,88,56,0,56,2
2020-06-09,Tehama,103,63373,25,9,2,11,1
2020-06-09,Trinity,105,12862,10,2,3,5,0
2020-06-09,Tulare,107,460477,3378,2393,10,2403,91
2020-06-09,Tuolumne,109,53932,10,8,0,8,0
2020-06-09,Ventura,111,848112,2106,1407,11,1418,34
2020-06-09,Yolo,113,214977,285,226,0,226,24
2020-06-09,Yuba,115,75493,34,27,0,27,1
2020-06-08,Alameda,001,1643700,4485,3937,6,3943,103
2020-06-08,Alpine,003,1148,1,1,0,1,0
2020-06-08,Amador,005,37829,10,10,0,10,0
2020-06-08,Butte,007,227075,98,68,10,78,1
2020-06-08,Calaveras,009,45235,27,16,0,16,0
2020-06-08,Colusa,011,21464,9,7,0,7,0
2020-06-08,Contra Costa,013,1133247,2015,1714,2,1716,41
2020-06-08,Del Norte,015,27424,47,45,0,45,0
2020-06-08,El Dorado,017,186661,138,107,1,108,0
2020-06-08,Fresno,019,978130,4186,2194,56,2250,42
2020-06-08,Glenn,021,27897,36,17,0,17,0
2020-06-08,Humboldt,023,135768,116,112,0,112,2
2020-06-08,Imperial,025,180216,5176,3051,4,3055,21
2020-06-08,Inyo,027,18085,22,22,0,22,1
2020-06-08,Kern,029,883053,3743,2853,10,2863,49
2020-06-08,Kings,031,150075,1805,892,2,894,6
2020-06-08,Lake,033,64148,39,28,0,28,0
2020-06-08,Lassen,035,31185,15,4,2,6,0
2020-06-08,Los Angeles,037,10098052,73313,64634,24,64658,2640
2020-06-08,Madera,039,155013,386,154,1,155,3
2020-06-08,Marin,041,260295,680,596,2,598,17
2020-06-08,Mariposa,043,17540,16,16,0,16,1
2020-06-08,Mendocino,045,87422,33,32,0,32,0
2020-06-08,Merced,047,269075,541,331,1,332,7
2020-06-08,Modoc,049,8938,1,0,0,0,0
2020-06-08,Mono,051,14174,39,35,0,35,1
2020-06-08,Monterey,053,433212,1014,751,2,753,10
2020-06-08,Napa,055,140530,183,151,0,151,3
2020-06-08,Nevada,057,99092,56,50,1,51,1
2020-06-08,Orange,059,3164182,10964,7786,77,7863,160
2020-06-08,Placer,061,380077,421,290,3,293,9
2020-06-08,Plumas,063,18699,5,4,0,4,0
2020-06-08,Riverside,065,2383286,12146,9246,23,9269,347
2020-06-08,Sacramento,067,1510023,1782,1591,2,1593,59
2020-06-08,San Benito,069,59416,131,93,0,93,2
2020-06-08,San Bernardino,071,2135413,8237,6122,6,6128,214
2020-06-08,San Diego,073,3302833,9885,8621,0,8621,296
2020-06-08,San Francisco,075,870044,2964,2715,1,2716,43
2020-06-08,San Joaquin,077,732212,1733,1198,3,1201,40
2020-06-08,San Luis Obispo,079,281455,423,300,4,304,1
2020-06-08,San Mateo,081,765935,2645,2431,2,2433,74
2020-06-08,Santa Barbara,083,443738,2116,1824,15,1839,13
2020-06-08,Santa Clara,085,1922200,3824,2971,14,2985,146
2020-06-08,Santa Cruz,087,273765,268,234,0,234,2
2020-06-08,Shasta,089,179085,74,43,0,43,4
2020-06-08,Sierra,091,2930,1,1,0,1,0
2020-06-08,Siskiyou,093,43540,20,8,0,8,0
2020-06-08,Solano,095,438530,785,560,4,564,19
2020-06-08,Sonoma,097,501317,784,654,2,656,4
2020-06-08,Stanislaus,099,539301,1326,956,6,962,28
2020-06-08,Sutter,101,95872,81,55,0,55,2
2020-06-08,Tehama,103,63373,19,8,2,10,1
2020-06-08,Trinity,105,12862,10,2,3,5,0
2020-06-08,Tulare,107,460477,3295,2301,10,2311,91
2020-06-08,Tuolumne,109,53932,9,8,0,8,0
2020-06-08,Ventura,111,848112,2048,1382,11,1393,30
2020-06-08,Yolo,113,214977,274,228,0,228,24
2020-06-08,Yuba,115,75493,32,27,0,27,1
2020-06-07,Alameda,001,1643700,4372,3866,6,3872,102
2020-06-07,Alpine,003,1148,1,1,0,1,0
2020-06-07,Amador,005,37829,10,10,0,10,0
2020-06-07,Butte,007,227075,96,64,8,72,1
2020-06-07,Calaveras,009,45235,25,16,0,16,0
2020-06-07,Colusa,011,21464,9,7,0,7,0
2020-06-07,Contra Costa,013,1133247,1964,1653,1,1654,38
2020-06-07,Del Norte,015,27424,45,45,0,45,0
2020-06-07,El Dorado,017,186661,138,104,1,105,0
2020-06-07,Fresno,019,978130,4056,2144,56,2200,41
2020-06-07,Glenn,021,27897,29,16,0,16,0
2020-06-07,Humboldt,023,135768,116,112,0,112,2
2020-06-07,Imperial,025,180216,5026,3048,4,3052,19
2020-06-07,Inyo,027,18085,22,21,0,21,1
2020-06-07,Kern,029,883053,3612,2771,10,2781,46
2020-06-07,Kings,031,150075,1756,882,2,884,6
2020-06-07,Lake,033,64148,36,28,0,28,0
2020-06-07,Lassen,035,31185,14,4,2,6,0
2020-06-07,Los Angeles,037,10098052,71604,63750,24,63774,2629
2020-06-07,Madera,039,155013,369,149,1,150,3
2020-06-07,Marin,041,260295,666,584,2,586,17
2020-06-07,Mariposa,043,17540,16,16,0,16,1
2020-06-07,Mendocino,045,87422,33,32,0,32,0
2020-06-07,Merced,047,269075,512,318,1,319,7
2020-06-07,Modoc,049,8938,1,0,0,0,0
2020-06-07,Mono,051,14174,39,35,0,35,1
2020-06-07,Monterey,053,433212,968,732,2,734,10
2020-06-07,Napa,055,140530,175,142,0,142,3
2020-06-07,Nevada,057,99092,55,50,1,51,1
2020-06-07,Orange,059,3164182,10706,7643,75,7718,158
2020-06-07,Placer,061,380077,400,273,2,275,9
2020-06-07,Plumas,063,18699,5,4,0,4,0
2020-06-07,Riverside,065,2383286,11850,9105,23,9128,344
2020-06-07,Sacramento,067,1510023,1734,1568,2,1570,59
2020-06-07,San Benito,069,59416,128,92,0,92,2
2020-06-07,San Bernardino,071,2135413,7951,6033,6,6039,214
2020-06-07,San Diego,073,3302833,9706,8478,0,8478,296
2020-06-07,San Francisco,075,870044,2920,2674,0,2674,43
2020-06-07,San Joaquin,077,732212,1632,1126,3,1129,37
2020-06-07,San Luis Obispo,079,281455,413,296,4,300,1
2020-06-07,San Mateo,081,765935,2618,2399,2,2401,73
2020-06-07,Santa Barbara,083,443738,2061,1818,15,1833,13
2020-06-07,Santa Clara,085,1922200,3772,2947,14,2961,146
2020-06-07,Santa Cruz,087,273765,260,230,0,230,2
2020-06-07,Shasta,089,179085,73,41,0,41,4
2020-06-07,Sierra,091,2930,1,1,0,1,0
2020-06-07,Siskiyou,093,43540,20,8,0,8,0
2020-06-07,Solano,095,438530,762,560,4,564,19
2020-06-07,Sonoma,097,501317,753,639,2,641,4
2020-06-07,Stanislaus,099,539301,1246,905,5,910,28
2020-06-07,Sutter,101,95872,73,55,0,55,2
2020-06-07,Tehama,103,63373,16,8,2,10,1
2020-06-07,Trinity,105,12862,8,2,3,5,0
2020-06-07,Tulare,107,460477,3173,2219,10,2229,90
2020-06-07,Tuolumne,109,53932,9,4,0,4,0
2020-06-07,Ventura,111,848112,1982,1337,11,1348,30
2020-06-07,Yolo,113,214977,264,224,0,224,24
2020-06-07,Yuba,115,75493,32,27,0,27,1
2020-06-06,Alameda,001,1643700,4326,3801,6,3807,102
2020-06-06,Alpine,003,1148,1,1,0,1,0
2020-06-06,Amador,005,37829,10,10,0,10,0
2020-06-06,Butte,007,227075,95,63,8,71,1
2020-06-06,Calaveras,009,45235,23,16,0,16,0
2020-06-06,Colusa,011,21464,9,7,0,7,0
2020-06-06,Contra Costa,013,1133247,1944,1619,1,1620,37
2020-06-06,Del Norte,015,27424,45,45,0,45,0
2020-06-06,El Dorado,017,186661,133,104,1,105,0
2020-06-06,Fresno,019,978130,4000,2117,56,2173,41
2020-06-06,Glenn,021,27897,27,16,0,16,0
2020-06-06,Humboldt,023,135768,116,112,0,112,2
2020-06-06,Imperial,025,180216,4951,3047,4,3051,19
2020-06-06,Inyo,027,18085,22,21,0,21,1
2020-06-06,Kern,029,883053,3541,2695,10,2705,46
2020-06-06,Kings,031,150075,1737,882,2,884,6
2020-06-06,Lake,033,64148,36,28,0,28,0
2020-06-06,Lassen,035,31185,14,4,2,6,0
2020-06-06,Los Angeles,037,10098052,70849,62269,24,62293,2607
2020-06-06,Madera,039,155013,360,149,1,150,3
2020-06-06,Marin,041,260295,661,556,2,558,17
2020-06-06,Mariposa,043,17540,16,16,0,16,1
2020-06-06,Mendocino,045,87422,33,32,0,32,0
2020-06-06,Merced,047,269075,510,315,1,316,7
2020-06-06,Modoc,049,8938,1,0,0,0,0
2020-06-06,Mono,051,14174,39,35,0,35,1
2020-06-06,Monterey,053,433212,944,679,2,681,10
2020-06-06,Napa,055,140530,169,136,0,136,3
2020-06-06,Nevada,057,99092,54,50,1,51,1
2020-06-06,Orange,059,3164182,10547,7576,74,7650,157
2020-06-06,Placer,061,380077,388,270,2,272,9
2020-06-06,Plumas,063,18699,5,4,0,4,0
2020-06-06,Riverside,065,2383286,11672,8935,23,8958,345
2020-06-06,Sacramento,067,1510023,1711,1533,2,1535,59
2020-06-06,San Benito,069,59416,118,92,0,92,2
2020-06-06,San Bernardino,071,2135413,7802,5946,6,5952,214
2020-06-06,San Diego,073,3302833,9585,8347,0,8347,296
2020-06-06,San Francisco,075,870044,2905,2674,0,2674,43
2020-06-06,San Joaquin,077,732212,1592,1076,3,1079,37
2020-06-06,San Luis Obispo,079,281455,407,295,4,299,1
2020-06-06,San Mateo,081,765935,2603,2342,2,2344,72
2020-06-06,Santa Barbara,083,443738,2022,1815,15,1830,13
2020-06-06,Santa Clara,085,1922200,3731,2934,14,2948,144
2020-06-06,Santa Cruz,087,273765,258,226,0,226,2
2020-06-06,Shasta,089,179085,73,40,0,40,4
2020-06-06,Sierra,091,2930,1,1,0,1,0
2020-06-06,Siskiyou,093,43540,18,8,0,8,0
2020-06-06,Solano,095,438530,747,560,4,564,19
2020-06-06,Sonoma,097,501317,741,622,2,624,4
2020-06-06,Stanislaus,099,539301,1212,858,5,863,27
2020-06-06,Sutter,101,95872,73,51,0,51,2
2020-06-06,Tehama,103,63373,15,8,2,10,1
2020-06-06,Trinity,105,12862,8,2,2,4,0
2020-06-06,Tulare,107,460477,3140,2213,10,2223,90
2020-06-06,Tuolumne,109,53932,9,4,0,4,0
2020-06-06,Ventura,111,848112,1958,1303,11,1314,30
2020-06-06,Yolo,113,214977,262,223,0,223,24
2020-06-06,Yuba,115,75493,32,27,0,27,1
2020-06-05,Alameda,001,1643700,4275,3734,6,3740,102
2020-06-05,Alpine,003,1148,1,1,0,1,0
2020-06-05,Amador,005,37829,10,10,0,10,0
2020-06-05,Butte,007,227075,92,61,8,69,1
2020-06-05,Calaveras,009,45235,22,16,0,16,0
2020-06-05,Colusa,011,21464,9,7,0,7,0
2020-06-05,Contra Costa,013,1133247,1929,1575,1,1576,37
2020-06-05,Del Norte,015,27424,45,45,0,45,0
2020-06-05,El Dorado,017,186661,131,101,1,102,0
2020-06-05,Fresno,019,978130,3936,2051,55,2106,38
2020-06-05,Glenn,021,27897,25,16,0,16,0
2020-06-05,Humboldt,023,135768,115,111,0,111,2
2020-06-05,Imperial,025,180216,4844,2778,4,2782,19
2020-06-05,Inyo,027,18085,22,21,0,21,1
2020-06-05,Kern,029,883053,3452,2624,10,2634,46
2020-06-05,Kings,031,150075,1722,865,2,867,6
2020-06-05,Lake,033,64148,35,28,0,28,0
2020-06-05,Lassen,035,31185,13,4,2,6,0
2020-06-05,Los Angeles,037,10098052,69698,60955,22,60977,2553
2020-06-05,Madera,039,155013,338,144,1,145,3
2020-06-05,Marin,041,260295,652,546,2,548,17
2020-06-05,Mariposa,043,17540,16,16,0,16,1
2020-06-05,Mendocino,045,87422,33,32,0,32,0
2020-06-05,Merced,047,269075,507,309,1,310,7
2020-06-05,Modoc,049,8938,1,0,0,0,0
2020-06-05,Mono,051,14174,39,35,0,35,1
2020-06-05,Monterey,053,433212,912,649,2,651,10
2020-06-05,Napa,055,140530,166,123,0,123,3
2020-06-05,Nevada,057,99092,54,50,1,51,1
2020-06-05,Orange,059,3164182,10351,7391,73,7464,153
2020-06-05,Placer,061,380077,378,265,2,267,9
2020-06-05,Plumas,063,18699,5,4,0,4,0
2020-06-05,Riverside,065,2383286,11413,8700,23,8723,345
2020-06-05,Sacramento,067,1510023,1689,1514,2,1516,59
2020-06-05,San Benito,069,59416,116,92,0,92,2
2020-06-05,San Bernardino,071,2135413,7620,5869,5,5874,212
2020-06-05,San Diego,073,3302833,9470,8182,0,8182,294
2020-06-05,San Francisco,075,870044,2887,2675,0,2675,43
2020-06-05,San Joaquin,077,732212,1513,1046,3,1049,36
2020-06-05,San Luis Obispo,079,281455,400,293,4,297,1
2020-06-05,San Mateo,081,765935,2578,2331,2,2333,72
2020-06-05,Santa Barbara,083,443738,1991,1795,15,1810,13
2020-06-05,Santa Clara,085,1922200,3696,2902,14,2916,144
2020-06-05,Santa Cruz,087,273765,255,222,0,222,2
2020-06-05,Shasta,089,179085,72,40,0,40,4
2020-06-05,Sierra,091,2930,1,1,0,1,0
2020-06-05,Siskiyou,093,43540,16,8,0,8,0
2020-06-05,Solano,095,438530,740,558,4,562,19
2020-06-05,Sonoma,097,501317,720,618,2,620,4
2020-06-05,Stanislaus,099,539301,1179,842,5,847,27
2020-06-05,Sutter,101,95872,73,49,0,49,2
2020-06-05,Tehama,103,63373,15,7,2,9,1
2020-06-05,Trinity,105,12862,8,1,2,3,0
2020-06-05,Tulare,107,460477,3091,2180,10,2190,90
2020-06-05,Tuolumne,109,53932,9,4,0,4,0
2020-06-05,Ventura,111,848112,1925,1274,11,1285,30
2020-06-05,Yolo,113,214977,261,216,0,216,24
2020-06-05,Yuba,115,75493,32,27,0,27,1
2020-06-04,Alameda,001,1643700,4176,3643,6,3649,99
2020-06-04,Alpine,003,1148,1,1,0,1,0
2020-06-04,Amador,005,37829,10,10,0,10,0
2020-06-04,Butte,007,227075,88,57,7,64,1
2020-06-04,Calaveras,009,45235,22,15,0,15,0
2020-06-04,Colusa,011,21464,9,7,0,7,0
2020-06-04,Contra Costa,013,1133247,1872,1551,1,1552,37
2020-06-04,Del Norte,015,27424,45,45,0,45,0
2020-06-04,El Dorado,017,186661,129,101,1,102,0
2020-06-04,Fresno,019,978130,3832,2007,54,2061,35
2020-06-04,Glenn,021,27897,22,16,0,16,0
2020-06-04,Humboldt,023,135768,115,109,0,109,2
2020-06-04,Imperial,025,180216,4662,2631,4,2635,19
2020-06-04,Inyo,027,18085,22,20,0,20,1
2020-06-04,Kern,029,883053,3336,2530,10,2540,46
2020-06-04,Kings,031,150075,1653,842,2,844,6
2020-06-04,Lake,033,64148,34,27,0,27,0
2020-06-04,Lassen,035,31185,11,4,2,6,0
2020-06-04,Los Angeles,037,10098052,68233,59596,22,59618,2515
2020-06-04,Madera,039,155013,330,127,1,128,3
2020-06-04,Marin,041,260295,630,533,2,535,14
2020-06-04,Mariposa,043,17540,16,16,0,16,1
2020-06-04,Mendocino,045,87422,33,29,0,29,0
2020-06-04,Merced,047,269075,497,304,1,305,7
2020-06-04,Modoc,049,8938,1,0,0,0,0
2020-06-04,Mono,051,14174,39,35,0,35,1
2020-06-04,Monterey,053,433212,877,621,1,622,10
2020-06-04,Napa,055,140530,162,117,0,117,3
2020-06-04,Nevada,057,99092,53,49,1,50,1
2020-06-04,Orange,059,3164182,10097,7192,72,7264,148
2020-06-04,Placer,061,380077,362,256,2,258,9
2020-06-04,Plumas,063,18699,4,4,0,4,0
2020-06-04,Riverside,065,2383286,11135,8473,23,8496,341
2020-06-04,Sacramento,067,1510023,1660,1492,2,1494,58
2020-06-04,San Benito,069,59416,114,88,0,88,2
2020-06-04,San Bernardino,071,2135413,7351,5726,5,5731,207
2020-06-04,San Diego,073,3302833,9307,7942,0,7942,288
2020-06-04,San Francisco,075,870044,2854,2636,0,2636,43
2020-06-04,San Joaquin,077,732212,1451,1016,3,1019,36
2020-06-04,San Luis Obispo,079,281455,389,288,4,292,1
2020-06-04,San Mateo,081,765935,2551,2284,2,2286,72
2020-06-04,Santa Barbara,083,443738,1960,1750,14,1764,13
2020-06-04,Santa Clara,085,1922200,3661,2871,14,2885,144
2020-06-04,Santa Cruz,087,273765,249,218,0,218,2
2020-06-04,Shasta,089,179085,66,40,0,40,4
2020-06-04,Sierra,091,2930,1,1,0,1,0
2020-06-04,Siskiyou,093,43540,15,8,0,8,0
2020-06-04,Solano,095,438530,723,551,4,555,19
2020-06-04,Sonoma,097,501317,701,591,1,592,4
2020-06-04,Stanislaus,099,539301,1103,806,5,811,28
2020-06-04,Sutter,101,95872,68,46,0,46,2
2020-06-04,Tehama,103,63373,14,6,1,7,1
2020-06-04,Trinity,105,12862,8,1,2,3,0
2020-06-04,Tulare,107,460477,2974,2086,10,2096,90
2020-06-04,Tuolumne,109,53932,8,4,0,4,0
2020-06-04,Ventura,111,848112,1881,1236,10,1246,30
2020-06-04,Yolo,113,214977,256,216,0,216,24
2020-06-04,Yuba,115,75493,31,27,0,27,1
2020-06-03,Alameda,001,1643700,4117,3589,5,3594,99
2020-06-03,Alpine,003,1148,1,1,0,1,0
2020-06-03,Amador,005,37829,10,10,0,10,0
2020-06-03,Butte,007,227075,86,53,7,60,1
2020-06-03,Calaveras,009,45235,21,15,0,15,0
2020-06-03,Colusa,011,21464,9,7,0,7,0
2020-06-03,Contra Costa,013,1133247,1824,1511,1,1512,37
2020-06-03,Del Norte,015,27424,45,39,0,39,0
2020-06-03,El Dorado,017,186661,126,90,1,91,0
2020-06-03,Fresno,019,978130,3733,1943,54,1997,35
2020-06-03,Glenn,021,27897,22,16,0,16,0
2020-06-03,Humboldt,023,135768,115,103,0,103,2
2020-06-03,Imperial,025,180216,4489,2540,4,2544,19
2020-06-03,Inyo,027,18085,22,20,0,20,1
2020-06-03,Kern,029,883053,3240,2452,9,2461,44
2020-06-03,Kings,031,150075,1592,744,2,746,6
2020-06-03,Lake,033,64148,32,26,0,26,0
2020-06-03,Lassen,035,31185,11,4,2,6,0
2020-06-03,Los Angeles,037,10098052,66634,58166,22,58188,2472
2020-06-03,Madera,039,155013,322,117,1,118,3
2020-06-03,Marin,041,260295,612,527,2,529,14
2020-06-03,Mariposa,043,17540,16,16,0,16,1
2020-06-03,Mendocino,045,87422,32,29,0,29,0
2020-06-03,Merced,047,269075,485,299,1,300,7
2020-06-03,Modoc,049,8938,1,0,0,0,0
2020-06-03,Mono,051,14174,39,35,0,35,1
2020-06-03,Monterey,053,433212,849,592,1,593,10
2020-06-03,Napa,055,140530,161,116,0,116,3
2020-06-03,Nevada,057,99092,52,43,1,44,1
2020-06-03,Orange,059,3164182,9871,6939,71,7010,145
2020-06-03,Placer,061,380077,342,243,2,245,9
2020-06-03,Plumas,063,18699,4,4,0,4,0
2020-06-03,Riverside,065,2383286,10861,8208,23,8231,335
2020-06-03,Sacramento,067,1510023,1631,1457,2,1459,58
2020-06-03,San Benito,069,59416,108,88,0,88,2
2020-06-03,San Bernardino,071,2135413,7128,5565,5,5570,203
2020-06-03,San Diego,073,3302833,9159,7800,0,7800,283
2020-06-03,San Francisco,075,870044,2823,2608,0,2608,43
2020-06-03,San Joaquin,077,732212,1386,1004,3,1007,35
2020-06-03,San Luis Obispo,079,281455,384,279,4,283,1
2020-06-03,San Mateo,081,765935,2523,2243,2,2245,71
2020-06-03,Santa Barbara,083,443738,1926,1722,13,1735,12
2020-06-03,Santa Clara,085,1922200,3619,2836,14,2850,144
2020-06-03,Santa Cruz,087,273765,243,217,0,217,2
2020-06-03,Shasta,089,179085,63,40,0,40,4
2020-06-03,Sierra,091,2930,1,1,0,1,0
2020-06-03,Siskiyou,093,43540,14,8,0,8,0
2020-06-03,Solano,095,438530,698,543,2,545,18
2020-06-03,Sonoma,097,501317,689,578,1,579,4
2020-06-03,Stanislaus,099,539301,1063,780,5,785,27
2020-06-03,Sutter,101,95872,60,45,0,45,2
2020-06-03,Tehama,103,63373,14,6,1,7,1
2020-06-03,Trinity,105,12862,8,1,2,3,0
2020-06-03,Tulare,107,460477,2905,2041,10,2051,88
2020-06-03,Tuolumne,109,53932,6,4,0,4,0
2020-06-03,Ventura,111,848112,1814,1202,10,1212,30
2020-06-03,Yolo,113,214977,252,213,0,213,24
2020-06-03,Yuba,115,75493,31,27,0,27,1
2020-06-02,Alameda,001,1643700,4041,3517,5,3522,99
2020-06-02,Alpine,003,1148,1,1,0,1,0
2020-06-02,Amador,005,37829,10,10,0,10,0
2020-06-02,Butte,007,227075,82,51,6,57,1
2020-06-02,Calaveras,009,45235,21,15,0,15,0
2020-06-02,Colusa,011,21464,9,7,0,7,0
2020-06-02,Contra Costa,013,1133247,1792,1505,1,1506,37
2020-06-02,Del Norte,015,27424,45,39,0,39,0
2020-06-02,El Dorado,017,186661,125,88,1,89,0
2020-06-02,Fresno,019,978130,3620,1917,54,1971,34
2020-06-02,Glenn,021,27897,21,16,0,16,0
2020-06-02,Humboldt,023,135768,115,101,0,101,2
2020-06-02,Imperial,025,180216,4296,2459,4,2463,19
2020-06-02,Inyo,027,18085,20,20,0,20,1
2020-06-02,Kern,029,883053,3141,2406,7,2413,41
2020-06-02,Kings,031,150075,1564,720,2,722,5
2020-06-02,Lake,033,64148,32,25,0,25,0
2020-06-02,Lassen,035,31185,10,4,2,6,0
2020-06-02,Los Angeles,037,10098052,65231,57144,22,57166,2430
2020-06-02,Madera,039,155013,301,110,1,111,2
2020-06-02,Marin,041,260295,585,509,2,511,14
2020-06-02,Mariposa,043,17540,16,16,0,16,1
2020-06-02,Mendocino,045,87422,32,29,0,29,0
2020-06-02,Merced,047,269075,469,297,1,298,6
2020-06-02,Modoc,049,8938,1,0,0,0,0
2020-06-02,Mono,051,14174,39,35,0,35,1
2020-06-02,Monterey,053,433212,819,582,1,583,10
2020-06-02,Napa,055,140530,152,116,0,116,3
2020-06-02,Nevada,057,99092,51,41,1,42,1
2020-06-02,Orange,059,3164182,9669,6790,70,6860,142
2020-06-02,Placer,061,380077,328,226,2,228,9
2020-06-02,Plumas,063,18699,4,4,0,4,0
2020-06-02,Riverside,065,2383286,10565,8091,22,8113,330
2020-06-02,Sacramento,067,1510023,1602,1428,2,1430,58
2020-06-02,San Benito,069,59416,107,86,0,86,2
2020-06-02,San Bernardino,071,2135413,6921,5438,5,5443,202
2020-06-02,San Diego,073,3302833,9013,7676,0,7676,276
2020-06-02,San Francisco,075,870044,2788,2554,0,2554,43
2020-06-02,San Joaquin,077,732212,1320,985,3,988,35
2020-06-02,San Luis Obispo,079,281455,379,275,4,279,1
2020-06-02,San Mateo,081,765935,2488,2203,2,2205,71
2020-06-02,Santa Barbara,083,443738,1886,1703,13,1716,12
2020-06-02,Santa Clara,085,1922200,3569,2819,14,2833,144
2020-06-02,Santa Cruz,087,273765,238,215,0,215,2
2020-06-02,Shasta,089,179085,62,38,0,38,4
2020-06-02,Sierra,091,2930,1,1,0,1,0
2020-06-02,Siskiyou,093,43540,13,8,0,8,0
2020-06-02,Solano,095,438530,683,537,1,538,18
2020-06-02,Sonoma,097,501317,678,571,1,572,4
2020-06-02,Stanislaus,099,539301,1004,772,5,777,27
2020-06-02,Sutter,101,95872,57,43,0,43,2
2020-06-02,Tehama,103,63373,14,6,1,7,1
2020-06-02,Trinity,105,12862,8,1,2,3,0
2020-06-02,Tulare,107,460477,2825,2012,10,2022,86
2020-06-02,Tuolumne,109,53932,6,4,0,4,0
2020-06-02,Ventura,111,848112,1761,1178,10,1188,30
2020-06-02,Yolo,113,214977,250,213,0,213,24
2020-06-02,Yuba,115,75493,31,27,0,27,1
2020-06-01,Alameda,001,1643700,3975,3460,5,3465,98
2020-06-01,Alpine,003,1148,1,1,0,1,0
2020-06-01,Amador,005,37829,10,10,0,10,0
2020-06-01,Butte,007,227075,81,50,5,55,1
2020-06-01,Calaveras,009,45235,21,15,0,15,0
2020-06-01,Colusa,011,21464,9,7,0,7,0
2020-06-01,Contra Costa,013,1133247,1756,1486,1,1487,37
2020-06-01,Del Norte,015,27424,45,38,0,38,0
2020-06-01,El Dorado,017,186661,123,88,1,89,0
2020-06-01,Fresno,019,978130,3525,1854,52,1906,33
2020-06-01,Glenn,021,27897,21,16,0,16,0
2020-06-01,Humboldt,023,135768,115,98,0,98,2
2020-06-01,Imperial,025,180216,4074,2366,4,2370,14
2020-06-01,Inyo,027,18085,20,20,0,20,1
2020-06-01,Kern,029,883053,3058,2366,7,2373,38
2020-06-01,Kings,031,150075,1296,703,2,705,4
2020-06-01,Lake,033,64148,32,22,0,22,0
2020-06-01,Lassen,035,31185,10,4,2,6,0
2020-06-01,Los Angeles,037,10098052,63758,55899,22,55921,2367
2020-06-01,Madera,039,155013,289,103,1,104,2
2020-06-01,Marin,041,260295,544,495,2,497,14
2020-06-01,Mariposa,043,17540,16,16,0,16,1
2020-06-01,Mendocino,045,87422,32,28,0,28,0
2020-06-01,Merced,047,269075,452,289,1,290,6
2020-06-01,Modoc,049,8938,1,0,0,0,0
2020-06-01,Mono,051,14174,39,35,0,35,1
2020-06-01,Monterey,053,433212,795,554,1,555,10
2020-06-01,Napa,055,140530,149,114,0,114,3
2020-06-01,Nevada,057,99092,51,41,1,42,1
2020-06-01,Orange,059,3164182,9472,6640,69,6709,135
2020-06-01,Placer,061,380077,316,218,2,220,9
2020-06-01,Plumas,063,18699,4,4,0,4,0
2020-06-01,Riverside,065,2383286,10113,7921,21,7942,322
2020-06-01,Sacramento,067,1510023,1563,1415,2,1417,58
2020-06-01,San Benito,069,59416,104,86,0,86,2
2020-06-01,San Bernardino,071,2135413,6715,5310,5,5315,202
2020-06-01,San Diego,073,3302833,8833,7556,0,7556,269
2020-06-01,San Francisco,075,870044,2751,2546,0,2546,43
2020-06-01,San Joaquin,077,732212,1255,957,3,960,35
2020-06-01,San Luis Obispo,079,281455,375,275,4,279,1
2020-06-01,San Mateo,081,765935,2458,2190,2,2192,71
2020-06-01,Santa Barbara,083,443738,1852,1671,12,1683,10
2020-06-01,Santa Clara,085,1922200,3531,2797,13,2810,142
2020-06-01,Santa Cruz,087,273765,234,215,0,215,2
2020-06-01,Shasta,089,179085,62,38,0,38,4
2020-06-01,Sierra,091,2930,1,1,0,1,0
2020-06-01,Siskiyou,093,43540,13,7,0,7,0
2020-06-01,Solano,095,438530,659,529,1,530,17
2020-06-01,Sonoma,097,501317,662,565,1,566,4
2020-06-01,Stanislaus,099,539301,967,758,5,763,27
2020-06-01,Sutter,101,95872,52,43,0,43,2
2020-06-01,Tehama,103,63373,11,5,1,6,1
2020-06-01,Trinity,105,12862,7,1,2,3,0
2020-06-01,Tulare,107,460477,2710,1976,10,1986,84
2020-06-01,Tuolumne,109,53932,5,4,0,4,0
2020-06-01,Ventura,111,848112,1708,1163,10,1173,29
2020-06-01,Yolo,113,214977,247,212,0,212,24
2020-06-01,Yuba,115,75493,30,26,0,26,1
2020-05-31,Alameda,001,1643700,3870,3362,5,3367,98
2020-05-31,Alpine,003,1148,1,1,0,1,0
2020-05-31,Amador,005,37829,10,10,0,10,0
2020-05-31,Butte,007,227075,79,51,5,56,0
2020-05-31,Calaveras,009,45235,18,15,0,15,0
2020-05-31,Colusa,011,21464,9,5,0,5,0
2020-05-31,Contra Costa,013,1133247,1722,1458,1,1459,37
2020-05-31,Del Norte,015,27424,45,37,0,37,0
2020-05-31,El Dorado,017,186661,119,88,1,89,0
2020-05-31,Fresno,019,978130,3361,1780,47,1827,31
2020-05-31,Glenn,021,27897,20,16,0,16,0
2020-05-31,Humboldt,023,135768,113,98,0,98,2
2020-05-31,Imperial,025,180216,3807,2197,4,2201,14
2020-05-31,Inyo,027,18085,20,20,0,20,1
2020-05-31,Kern,029,883053,2923,2300,7,2307,38
2020-05-31,Kings,031,150075,1260,703,2,705,3
2020-05-31,Lake,033,64148,32,19,0,19,0
2020-05-31,Lassen,035,31185,10,4,2,6,0
2020-05-31,Los Angeles,037,10098052,62463,54925,22,54947,2344
2020-05-31,Madera,039,155013,271,101,1,102,2
2020-05-31,Marin,041,260295,534,486,2,488,14
2020-05-31,Mariposa,043,17540,16,16,0,16,1
2020-05-31,Mendocino,045,87422,32,24,0,24,0
2020-05-31,Merced,047,269075,418,288,0,288,6
2020-05-31,Modoc,049,8938,0,0,0,0,0
2020-05-31,Mono,051,14174,39,34,0,34,1
2020-05-31,Monterey,053,433212,721,545,1,546,10
2020-05-31,Napa,055,140530,147,114,0,114,3
2020-05-31,Nevada,057,99092,50,41,1,42,1
2020-05-31,Orange,059,3164182,9261,6532,68,6600,135
2020-05-31,Placer,061,380077,294,215,2,217,9
2020-05-31,Plumas,063,18699,4,4,0,4,0
2020-05-31,Riverside,065,2383286,9857,7704,21,7725,321
2020-05-31,Sacramento,067,1510023,1532,1398,2,1400,57
2020-05-31,San Benito,069,59416,98,85,0,85,2
2020-05-31,San Bernardino,071,2135413,6447,5185,5,5190,198
2020-05-31,San Diego,073,3302833,8639,7483,0,7483,269
2020-05-31,San Francisco,075,870044,2715,2501,0,2501,43
2020-05-31,San Joaquin,077,732212,1190,888,3,891,34
2020-05-31,San Luis Obispo,079,281455,365,271,4,275,1
2020-05-31,San Mateo,081,765935,2412,2169,2,2171,71
2020-05-31,Santa Barbara,083,443738,1801,1662,11,1673,9
2020-05-31,Santa Clara,085,1922200,3487,2785,13,2798,142
2020-05-31,Santa Cruz,087,273765,231,210,0,210,2
2020-05-31,Shasta,089,179085,60,38,0,38,4
2020-05-31,Sierra,091,2930,1,1,0,1,0
2020-05-31,Siskiyou,093,43540,12,7,0,7,0
2020-05-31,Solano,095,438530,633,512,1,513,6
2020-05-31,Sonoma,097,501317,642,555,1,556,4
2020-05-31,Stanislaus,099,539301,913,738,5,743,27
2020-05-31,Sutter,101,95872,50,42,0,42,2
2020-05-31,Tehama,103,63373,10,4,1,5,1
2020-05-31,Trinity,105,12862,7,1,2,3,0
2020-05-31,Tulare,107,460477,2637,1884,10,1894,82
2020-05-31,Tuolumne,109,53932,5,4,0,4,0
2020-05-31,Ventura,111,848112,1647,1151,10,1161,30
2020-05-31,Yolo,113,214977,241,211,0,211,24
2020-05-31,Yuba,115,75493,30,26,0,26,1
2020-05-30,Alameda,001,1643700,3844,3304,5,3309,96
2020-05-30,Alpine,003,1148,1,1,0,1,0
2020-05-30,Amador,005,37829,10,10,0,10,0
2020-05-30,Butte,007,227075,78,44,5,49,0
2020-05-30,Calaveras,009,45235,17,15,0,15,0
2020-05-30,Colusa,011,21464,8,5,0,5,0
2020-05-30,Contra Costa,013,1133247,1706,1429,1,1430,37
2020-05-30,Del Norte,015,27424,45,37,0,37,0
2020-05-30,El Dorado,017,186661,118,86,1,87,0
2020-05-30,Fresno,019,978130,3300,1744,46,1790,31
2020-05-30,Glenn,021,27897,19,16,0,16,0
2020-05-30,Humboldt,023,135768,112,98,0,98,2
2020-05-30,Imperial,025,180216,3717,2091,4,2095,14
2020-05-30,Inyo,027,18085,20,20,0,20,1
2020-05-30,Kern,029,883053,2854,2217,7,2224,38
2020-05-30,Kings,031,150075,1246,703,2,705,3
2020-05-30,Lake,033,64148,31,18,0,18,0
2020-05-30,Lassen,035,31185,10,4,2,6,0
2020-05-30,Los Angeles,037,10098052,61928,53627,22,53649,2319
2020-05-30,Madera,039,155013,266,101,1,102,2
2020-05-30,Marin,041,260295,534,462,2,464,14
2020-05-30,Mariposa,043,17540,16,16,0,16,1
2020-05-30,Mendocino,045,87422,32,24,0,24,0
2020-05-30,Merced,047,269075,414,285,0,285,6
2020-05-30,Modoc,049,8938,0,0,0,0,0
2020-05-30,Mono,051,14174,39,34,0,34,1
2020-05-30,Monterey,053,433212,705,520,1,521,10
2020-05-30,Napa,055,140530,145,113,0,113,3
2020-05-30,Nevada,057,99092,50,41,1,42,1
2020-05-30,Orange,059,3164182,9104,6354,67,6421,134
2020-05-30,Placer,061,380077,286,199,1,200,9
2020-05-30,Plumas,063,18699,4,4,0,4,0
2020-05-30,Riverside,065,2383286,9713,7492,21,7513,316
2020-05-30,Sacramento,067,1510023,1521,1384,2,1386,57
2020-05-30,San Benito,069,59416,97,85,0,85,2
2020-05-30,San Bernardino,071,2135413,6338,5122,5,5127,198
2020-05-30,San Diego,073,3302833,8546,7387,0,7387,269
2020-05-30,San Francisco,075,870044,2690,2496,0,2496,41
2020-05-30,San Joaquin,077,732212,1152,888,3,891,34
2020-05-30,San Luis Obispo,079,281455,360,270,4,274,1
2020-05-30,San Mateo,081,765935,2388,2129,2,2131,71
2020-05-30,Santa Barbara,083,443738,1782,1660,11,1671,9
2020-05-30,Santa Clara,085,1922200,3471,2741,13,2754,141
2020-05-30,Santa Cruz,087,273765,231,206,0,206,2
2020-05-30,Shasta,089,179085,60,36,0,36,4
2020-05-30,Sierra,091,2930,1,1,0,1,0
2020-05-30,Siskiyou,093,43540,11,7,0,7,0
2020-05-30,Solano,095,438530,626,512,1,513,6
2020-05-30,Sonoma,097,501317,632,551,1,552,4
2020-05-30,Stanislaus,099,539301,896,712,5,717,27
2020-05-30,Sutter,101,95872,49,40,0,40,2
2020-05-30,Tehama,103,63373,10,4,1,5,1
2020-05-30,Trinity,105,12862,7,1,2,3,0
2020-05-30,Tulare,107,460477,2600,1879,10,1889,81
2020-05-30,Tuolumne,109,53932,5,4,0,4,0
2020-05-30,Ventura,111,848112,1630,1116,10,1126,30
2020-05-30,Yolo,113,214977,237,210,0,210,24
2020-05-30,Yuba,115,75493,30,25,0,25,1
2020-05-29,Alameda,001,1643700,3809,3209,5,3214,96
2020-05-29,Alpine,003,1148,1,1,0,1,0
2020-05-29,Amador,005,37829,10,10,0,10,0
2020-05-29,Butte,007,227075,73,41,5,46,0
2020-05-29,Calaveras,009,45235,17,15,0,15,0
2020-05-29,Colusa,011,21464,8,5,0,5,0
2020-05-29,Contra Costa,013,1133247,1690,1411,1,1412,37
2020-05-29,Del Norte,015,27424,45,37,0,37,0
2020-05-29,El Dorado,017,186661,117,85,1,86,0
2020-05-29,Fresno,019,978130,3250,1687,46,1733,31
2020-05-29,Glenn,021,27897,19,14,0,14,0
2020-05-29,Humboldt,023,135768,111,98,0,98,2
2020-05-29,Imperial,025,180216,3599,1607,4,1611,14
2020-05-29,Inyo,027,18085,20,20,0,20,1
2020-05-29,Kern,029,883053,2796,2128,7,2135,36
2020-05-29,Kings,031,150075,1235,693,2,695,3
2020-05-29,Lake,033,64148,30,17,0,17,0
2020-05-29,Lassen,035,31185,10,0,2,2,0
2020-05-29,Los Angeles,037,10098052,60972,51578,22,51600,2273
2020-05-29,Madera,039,155013,251,98,1,99,2
2020-05-29,Marin,041,260295,526,448,2,450,14
2020-05-29,Mariposa,043,17540,16,16,0,16,1
2020-05-29,Mendocino,045,87422,30,25,0,25,0
2020-05-29,Merced,047,269075,404,285,0,285,7
2020-05-29,Modoc,049,8938,0,0,0,0,0
2020-05-29,Mono,051,14174,38,34,0,34,1
2020-05-29,Monterey,053,433212,675,479,1,480,10
2020-05-29,Napa,055,140530,142,113,0,113,3
2020-05-29,Nevada,057,99092,50,41,1,42,1
2020-05-29,Orange,059,3164182,8918,6176,64,6240,133
2020-05-29,Placer,061,380077,264,199,1,200,9
2020-05-29,Plumas,063,18699,4,4,0,4,0
2020-05-29,Riverside,065,2383286,9527,7376,21,7397,313
2020-05-29,Sacramento,067,1510023,1498,1360,2,1362,57
2020-05-29,San Benito,069,59416,97,84,0,84,2
2020-05-29,San Bernardino,071,2135413,6230,4983,5,4988,196
2020-05-29,San Diego,073,3302833,8423,7242,0,7242,266
2020-05-29,San Francisco,075,870044,2666,2453,0,2453,41
2020-05-29,San Joaquin,077,732212,1115,855,3,858,34
2020-05-29,San Luis Obispo,079,281455,356,270,4,274,1
2020-05-29,San Mateo,081,765935,2372,2103,2,2105,71
2020-05-29,Santa Barbara,083,443738,1754,1656,11,1667,9
2020-05-29,Santa Clara,085,1922200,3443,2707,13,2720,141
2020-05-29,Santa Cruz,087,273765,228,203,0,203,2
2020-05-29,Shasta,089,179085,60,36,0,36,4
2020-05-29,Sierra,091,2930,1,1,0,1,0
2020-05-29,Siskiyou,093,43540,11,7,0,7,0
2020-05-29,Solano,095,438530,618,498,1,499,6
2020-05-29,Sonoma,097,501317,621,537,1,538,4
2020-05-29,Stanislaus,099,539301,866,698,5,703,27
2020-05-29,Sutter,101,95872,47,40,0,40,2
2020-05-29,Tehama,103,63373,9,4,1,5,1
2020-05-29,Trinity,105,12862,7,1,2,3,0
2020-05-29,Tulare,107,460477,2562,1852,10,1862,80
2020-05-29,Tuolumne,109,53932,5,4,0,4,0
2020-05-29,Ventura,111,848112,1606,1093,10,1103,29
2020-05-29,Yolo,113,214977,233,211,0,211,24
2020-05-29,Yuba,115,75493,29,25,0,25,1
2020-05-28,Alameda,001,1643700,3710,3083,5,3088,94
2020-05-28,Alpine,003,1148,1,1,0,1,0
2020-05-28,Amador,005,37829,10,10,0,10,0
2020-05-28,Butte,007,227075,72,40,5,45,0
2020-05-28,Calaveras,009,45235,16,15,0,15,0
2020-05-28,Colusa,011,21464,8,5,0,5,0
2020-05-28,Contra Costa,013,1133247,1651,1392,1,1393,37
2020-05-28,Del Norte,015,27424,45,37,0,37,0
2020-05-28,El Dorado,017,186661,114,82,1,83,0
2020-05-28,Fresno,019,978130,3169,1653,45,1698,31
2020-05-28,Glenn,021,27897,18,14,0,14,0
2020-05-28,Humboldt,023,135768,110,97,0,97,2
2020-05-28,Imperial,025,180216,3404,1430,4,1434,14
2020-05-28,Inyo,027,18085,20,20,0,20,1
2020-05-28,Kern,029,883053,2718,2069,7,2076,36
2020-05-28,Kings,031,150075,898,626,2,628,3
2020-05-28,Lake,033,64148,29,17,0,17,0
2020-05-28,Lassen,035,31185,10,0,2,2,0
2020-05-28,Los Angeles,037,10098052,59396,49861,22,49883,2222
2020-05-28,Madera,039,155013,233,93,1,94,2
2020-05-28,Marin,041,260295,501,443,2,445,14
2020-05-28,Mariposa,043,17540,16,16,0,16,1
2020-05-28,Mendocino,045,87422,28,24,0,24,0
2020-05-28,Merced,047,269075,394,283,0,283,7
2020-05-28,Modoc,049,8938,0,0,0,0,0
2020-05-28,Mono,051,14174,38,34,0,34,1
2020-05-28,Monterey,053,433212,643,471,1,472,10
2020-05-28,Napa,055,140530,139,113,0,113,3
2020-05-28,Nevada,057,99092,45,41,1,42,1
2020-05-28,Orange,059,3164182,8723,6045,64,6109,130
2020-05-28,Placer,061,380077,257,196,1,197,9
2020-05-28,Plumas,063,18699,4,4,0,4,0
2020-05-28,Riverside,065,2383286,9123,7240,20,7260,304
2020-05-28,Sacramento,067,1510023,1478,1339,2,1341,57
2020-05-28,San Benito,069,59416,96,82,0,82,2
2020-05-28,San Bernardino,071,2135413,6065,4831,5,4836,191
2020-05-28,San Diego,073,3302833,8266,7102,0,7102,260
2020-05-28,San Francisco,075,870044,2632,2417,0,2417,40
2020-05-28,San Joaquin,077,732212,1080,840,3,843,34
2020-05-28,San Luis Obispo,079,281455,353,267,4,271,1
2020-05-28,San Mateo,081,765935,2345,2070,2,2072,71
2020-05-28,Santa Barbara,083,443738,1726,1642,10,1652,9
2020-05-28,Santa Clara,085,1922200,3403,2698,13,2711,140
2020-05-28,Santa Cruz,087,273765,227,201,0,201,2
2020-05-28,Shasta,089,179085,58,36,0,36,4
2020-05-28,Sierra,091,2930,1,1,0,1,0
2020-05-28,Siskiyou,093,43540,9,6,0,6,0
2020-05-28,Solano,095,438530,601,489,1,490,6
2020-05-28,Sonoma,097,501317,599,529,1,530,4
2020-05-28,Stanislaus,099,539301,825,684,5,689,27
2020-05-28,Sutter,101,95872,47,40,0,40,2
2020-05-28,Tehama,103,63373,9,4,1,5,1
2020-05-28,Trinity,105,12862,6,1,2,3,0
2020-05-28,Tulare,107,460477,2526,1832,10,1842,79
2020-05-28,Tuolumne,109,53932,5,4,0,4,0
2020-05-28,Ventura,111,848112,1573,1083,10,1093,29
2020-05-28,Yolo,113,214977,230,206,0,206,22
2020-05-28,Yuba,115,75493,28,24,0,24,1
2020-05-27,Alameda,001,1643700,3627,3037,5,3042,94
2020-05-27,Alpine,003,1148,1,1,0,1,0
2020-05-27,Amador,005,37829,10,10,0,10,0
2020-05-27,Butte,007,227075,69,40,4,44,0
2020-05-27,Calaveras,009,45235,15,15,0,15,0
2020-05-27,Colusa,011,21464,8,5,0,5,0
2020-05-27,Contra Costa,013,1133247,1611,1373,1,1374,37
2020-05-27,Del Norte,015,27424,45,34,0,34,0
2020-05-27,El Dorado,017,186661,113,82,1,83,0
2020-05-27,Fresno,019,978130,3079,1620,45,1665,27
2020-05-27,Glenn,021,27897,18,14,0,14,0
2020-05-27,Humboldt,023,135768,110,86,0,86,2
2020-05-27,Imperial,025,180216,3224,1369,4,1373,14
2020-05-27,Inyo,027,18085,20,20,0,20,1
2020-05-27,Kern,029,883053,2653,1999,7,2006,37
2020-05-27,Kings,031,150075,871,586,2,588,3
2020-05-27,Lake,033,64148,29,13,0,13,0
2020-05-27,Lassen,035,31185,10,0,2,2,0
2020-05-27,Los Angeles,037,10098052,58025,48711,22,48733,2177
2020-05-27,Madera,039,155013,224,91,1,92,2
2020-05-27,Marin,041,260295,472,439,2,441,14
2020-05-27,Mariposa,043,17540,16,16,0,16,1
2020-05-27,Mendocino,045,87422,27,21,0,21,0
2020-05-27,Merced,047,269075,388,278,0,278,7
2020-05-27,Modoc,049,8938,0,0,0,0,0
2020-05-27,Mono,051,14174,38,34,0,34,1
2020-05-27,Monterey,053,433212,603,443,1,444,8
2020-05-27,Napa,055,140530,134,112,0,112,3
2020-05-27,Nevada,057,99092,44,41,1,42,1
2020-05-27,Orange,059,3164182,8568,5849,64,5913,121
2020-05-27,Placer,061,380077,238,196,0,196,9
2020-05-27,Plumas,063,18699,4,4,0,4,0
2020-05-27,Riverside,065,2383286,8744,7156,20,7176,299
2020-05-27,Sacramento,067,1510023,1450,1318,2,1320,50
2020-05-27,San Benito,069,59416,93,74,0,74,2
2020-05-27,San Bernardino,071,2135413,5881,4708,5,4713,183
2020-05-27,San Diego,073,3302833,8115,6985,0,6985,255
2020-05-27,San Francisco,075,870044,2603,2394,0,2394,40
2020-05-27,San Joaquin,077,732212,1039,825,3,828,34
2020-05-27,San Luis Obispo,079,281455,348,266,4,270,1
2020-05-27,San Mateo,081,765935,2305,2045,2,2047,71
2020-05-27,Santa Barbara,083,443738,1711,1629,10,1639,9
2020-05-27,Santa Clara,085,1922200,3370,2680,13,2693,140
2020-05-27,Santa Cruz,087,273765,223,202,0,202,2
2020-05-27,Shasta,089,179085,55,36,0,36,4
2020-05-27,Sierra,091,2930,1,1,0,1,0
2020-05-27,Siskiyou,093,43540,9,6,0,6,0
2020-05-27,Solano,095,438530,581,477,1,478,5
2020-05-27,Sonoma,097,501317,585,521,1,522,4
2020-05-27,Stanislaus,099,539301,800,675,5,680,27
2020-05-27,Sutter,101,95872,46,40,0,40,2
2020-05-27,Tehama,103,63373,9,3,1,4,1
2020-05-27,Trinity,105,12862,6,1,2,3,0
2020-05-27,Tulare,107,460477,2474,1817,10,1827,77
2020-05-27,Tuolumne,109,53932,5,4,0,4,0
2020-05-27,Ventura,111,848112,1548,1065,10,1075,28
2020-05-27,Yolo,113,214977,229,204,0,204,22
2020-05-27,Yuba,115,75493,28,24,0,24,1
2020-05-26,Alameda,001,1643700,3532,2956,5,2961,92
2020-05-26,Alpine,003,1148,1,1,0,1,0
2020-05-26,Amador,005,37829,10,10,0,10,0
2020-05-26,Butte,007,227075,67,37,3,40,0
2020-05-26,Calaveras,009,45235,15,13,0,13,0
2020-05-26,Colusa,011,21464,8,4,0,4,0
2020-05-26,Contra Costa,013,1133247,1575,1352,1,1353,37
2020-05-26,Del Norte,015,27424,44,30,0,30,0
2020-05-26,El Dorado,017,186661,109,79,1,80,0
2020-05-26,Fresno,019,978130,2992,1496,45,1541,22
2020-05-26,Glenn,021,27897,16,12,0,12,0
2020-05-26,Humboldt,023,135768,108,81,0,81,2
2020-05-26,Imperial,025,180216,3011,1369,4,1373,14
2020-05-26,Inyo,027,18085,20,20,0,20,1
2020-05-26,Kern,029,883053,2575,1890,7,1897,31
2020-05-26,Kings,031,150075,803,449,1,450,2
2020-05-26,Lake,033,64148,27,12,0,12,0
2020-05-26,Lassen,035,31185,9,0,2,2,0
2020-05-26,Los Angeles,037,10098052,56559,47760,22,47782,2121
2020-05-26,Madera,039,155013,209,83,1,84,2
2020-05-26,Marin,041,260295,460,424,2,426,14
2020-05-26,Mariposa,043,17540,16,16,0,16,1
2020-05-26,Mendocino,045,87422,25,20,0,20,0
2020-05-26,Merced,047,269075,377,266,0,266,7
2020-05-26,Modoc,049,8938,0,1,0,1,0
2020-05-26,Mono,051,14174,37,34,0,34,1
2020-05-26,Monterey,053,433212,575,424,1,425,8
2020-05-26,Napa,055,140530,129,109,0,109,3
2020-05-26,Nevada,057,99092,43,41,1,42,1
2020-05-26,Orange,059,3164182,8298,5651,63,5714,115
2020-05-26,Placer,061,380077,233,188,0,188,9
2020-05-26,Plumas,063,18699,4,4,0,4,0
2020-05-26,Riverside,065,2383286,8297,6917,20,6937,284
2020-05-26,Sacramento,067,1510023,1424,1298,2,1300,50
2020-05-26,San Benito,069,59416,88,69,0,69,2
2020-05-26,San Bernardino,071,2135413,5713,4430,5,4435,175
2020-05-26,San Diego,073,3302833,7972,6884,0,6884,249
2020-05-26,San Francisco,075,870044,2570,2363,0,2363,40
2020-05-26,San Joaquin,077,732212,992,760,3,763,33
2020-05-26,San Luis Obispo,079,281455,346,260,4,264,1
2020-05-26,San Mateo,081,765935,2267,1967,2,1969,71
2020-05-26,Santa Barbara,083,443738,1694,1590,9,1599,9
2020-05-26,Santa Clara,085,1922200,3338,2659,13,2672,139
2020-05-26,Santa Cruz,087,273765,221,197,0,197,2
2020-05-26,Shasta,089,179085,55,36,0,36,4
2020-05-26,Sierra,091,2930,1,1,0,1,0
2020-05-26,Siskiyou,093,43540,8,6,0,6,0
2020-05-26,Solano,095,438530,563,470,1,471,5
2020-05-26,Sonoma,097,501317,577,509,0,509,4
2020-05-26,Stanislaus,099,539301,780,663,5,668,27
2020-05-26,Sutter,101,95872,45,39,0,39,2
2020-05-26,Tehama,103,63373,8,2,1,3,1
2020-05-26,Trinity,105,12862,6,1,2,3,0
2020-05-26,Tulare,107,460477,2418,1768,10,1778,76
2020-05-26,Tuolumne,109,53932,5,2,0,2,0
2020-05-26,Ventura,111,848112,1511,1033,8,1041,27
2020-05-26,Yolo,113,214977,223,198,0,198,22
2020-05-26,Yuba,115,75493,27,24,0,24,1
2020-05-25,Alameda,001,1643700,3438,2900,5,2905,92
2020-05-25,Alpine,003,1148,1,1,0,1,0
2020-05-25,Amador,005,37829,10,10,0,10,0
2020-05-25,Butte,007,227075,64,37,3,40,0
2020-05-25,Calaveras,009,45235,15,13,0,13,0
2020-05-25,Colusa,011,21464,7,4,0,4,0
2020-05-25,Contra Costa,013,1133247,1543,1348,1,1349,37
2020-05-25,Del Norte,015,27424,44,20,0,20,0
2020-05-25,El Dorado,017,186661,101,78,1,79,0
2020-05-25,Fresno,019,978130,2889,1496,43,1539,22
2020-05-25,Glenn,021,27897,16,12,0,12,0
2020-05-25,Humboldt,023,135768,107,81,0,81,2
2020-05-25,Imperial,025,180216,2804,1369,4,1373,14
2020-05-25,Inyo,027,18085,19,20,0,20,1
2020-05-25,Kern,029,883053,2504,1890,7,1897,31
2020-05-25,Kings,031,150075,773,447,1,448,2
2020-05-25,Lake,033,64148,25,13,0,13,0
2020-05-25,Lassen,035,31185,9,0,2,2,0
2020-05-25,Los Angeles,037,10098052,54746,45952,21,45973,2094
2020-05-25,Madera,039,155013,196,83,1,84,2
2020-05-25,Marin,041,260295,442,415,2,417,14
2020-05-25,Mariposa,043,17540,16,15,0,15,1
2020-05-25,Mendocino,045,87422,22,19,0,19,0
2020-05-25,Merced,047,269075,371,262,0,262,6
2020-05-25,Modoc,049,8938,0,1,0,1,0
2020-05-25,Mono,051,14174,37,34,0,34,1
2020-05-25,Monterey,053,433212,545,418,1,419,8
2020-05-25,Napa,055,140530,129,107,0,107,3
2020-05-25,Nevada,057,99092,43,41,1,42,1
2020-05-25,Orange,059,3164182,8076,5601,62,5663,115
2020-05-25,Placer,061,380077,229,186,0,186,9
2020-05-25,Plumas,063,18699,4,4,0,4,0
2020-05-25,Riverside,065,2383286,8066,6900,20,6920,284
2020-05-25,Sacramento,067,1510023,1404,1290,1,1291,50
2020-05-25,San Benito,069,59416,87,70,0,70,2
2020-05-25,San Bernardino,071,2135413,5523,4393,4,4397,175
2020-05-25,San Diego,073,3302833,7796,6799,0,6799,249
2020-05-25,San Francisco,075,870044,2533,2358,0,2358,40
2020-05-25,San Joaquin,077,732212,966,760,3,763,33
2020-05-25,San Luis Obispo,079,281455,343,260,4,264,1
2020-05-25,San Mateo,081,765935,2230,1938,2,1940,71
2020-05-25,Santa Barbara,083,443738,1684,1590,9,1599,9
2020-05-25,Santa Clara,085,1922200,3305,2647,13,2660,139
2020-05-25,Santa Cruz,087,273765,219,191,0,191,2
2020-05-25,Shasta,089,179085,54,36,0,36,4
2020-05-25,Sierra,091,2930,1,1,0,1,0
2020-05-25,Siskiyou,093,43540,8,6,0,6,0
2020-05-25,Solano,095,438530,549,437,1,438,5
2020-05-25,Sonoma,097,501317,565,496,0,496,4
2020-05-25,Stanislaus,099,539301,750,651,5,656,27
2020-05-25,Sutter,101,95872,45,38,0,38,2
2020-05-25,Tehama,103,63373,7,2,1,3,1
2020-05-25,Trinity,105,12862,6,1,2,3,0
2020-05-25,Tulare,107,460477,2354,1747,10,1757,76
2020-05-25,Tuolumne,109,53932,5,2,0,2,0
2020-05-25,Ventura,111,848112,1470,1020,8,1028,27
2020-05-25,Yolo,113,214977,221,197,0,197,22
2020-05-25,Yuba,115,75493,26,24,0,24,1
2020-05-24,Alameda,001,1643700,3365,2830,5,2835,92
2020-05-24,Alpine,003,1148,1,1,0,1,0
2020-05-24,Amador,005,37829,10,9,0,9,0
2020-05-24,Butte,007,227075,62,35,3,38,0
2020-05-24,Calaveras,009,45235,15,13,0,13,0
2020-05-24,Colusa,011,21464,7,4,0,4,0
2020-05-24,Contra Costa,013,1133247,1515,1325,1,1326,37
2020-05-24,Del Norte,015,27424,43,16,0,16,0
2020-05-24,El Dorado,017,186661,100,76,1,77,0
2020-05-24,Fresno,019,978130,2822,1455,42,1497,22
2020-05-24,Glenn,021,27897,15,12,0,12,0
2020-05-24,Humboldt,023,135768,107,81,0,81,2
2020-05-24,Imperial,025,180216,2678,1369,4,1373,14
2020-05-24,Inyo,027,18085,19,20,0,20,1
2020-05-24,Kern,029,883053,2431,1861,6,1867,31
2020-05-24,Kings,031,150075,762,446,1,447,2
2020-05-24,Lake,033,64148,24,12,0,12,0
2020-05-24,Lassen,035,31185,8,0,2,2,0
2020-05-24,Los Angeles,037,10098052,53730,44954,21,44975,2085
2020-05-24,Madera,039,155013,190,83,1,84,2
2020-05-24,Marin,041,260295,440,401,2,403,14
2020-05-24,Mariposa,043,17540,16,15,0,15,1
2020-05-24,Mendocino,045,87422,21,19,0,19,0
2020-05-24,Merced,047,269075,370,258,0,258,6
2020-05-24,Modoc,049,8938,0,0,0,0,0
2020-05-24,Mono,051,14174,37,34,0,34,1
2020-05-24,Monterey,053,433212,517,405,1,406,8
2020-05-24,Napa,055,140530,127,104,0,104,3
2020-05-24,Nevada,057,99092,43,41,1,42,1
2020-05-24,Orange,059,3164182,7922,5439,61,5500,113
2020-05-24,Placer,061,380077,221,184,0,184,9
2020-05-24,Plumas,063,18699,4,4,0,4,0
2020-05-24,Riverside,065,2383286,7925,6571,20,6591,284
2020-05-24,Sacramento,067,1510023,1388,1283,1,1284,50
2020-05-24,San Benito,069,59416,86,67,0,67,2
2020-05-24,San Bernardino,071,2135413,5415,4262,4,4266,175
2020-05-24,San Diego,073,3302833,7653,6703,0,6703,249
2020-05-24,San Francisco,075,870044,2510,2318,0,2318,40
2020-05-24,San Joaquin,077,732212,947,760,3,763,33
2020-05-24,San Luis Obispo,079,281455,341,257,4,261,1
2020-05-24,San Mateo,081,765935,2195,1925,2,1927,71
2020-05-24,Santa Barbara,083,443738,1672,1573,9,1582,9
2020-05-24,Santa Clara,085,1922200,3285,2623,13,2636,139
2020-05-24,Santa Cruz,087,273765,216,185,0,185,2
2020-05-24,Shasta,089,179085,53,36,0,36,4
2020-05-24,Sierra,091,2930,1,1,0,1,0
2020-05-24,Siskiyou,093,43540,7,6,0,6,0
2020-05-24,Solano,095,438530,541,436,0,436,5
2020-05-24,Sonoma,097,501317,554,485,0,485,4
2020-05-24,Stanislaus,099,539301,730,634,5,639,27
2020-05-24,Sutter,101,95872,45,38,0,38,2
2020-05-24,Tehama,103,63373,5,2,1,3,1
2020-05-24,Trinity,105,12862,6,1,2,3,0
2020-05-24,Tulare,107,460477,2308,1684,10,1694,74
2020-05-24,Tuolumne,109,53932,5,2,0,2,0
2020-05-24,Ventura,111,848112,1458,982,8,990,27
2020-05-24,Yolo,113,214977,219,192,0,192,22
2020-05-24,Yuba,115,75493,26,24,0,24,1
2020-05-23,Alameda,001,1643700,3324,2783,5,2788,91
2020-05-23,Alpine,003,1148,1,1,0,1,0
2020-05-23,Amador,005,37829,10,9,0,9,0
2020-05-23,Butte,007,227075,61,34,3,37,0
2020-05-23,Calaveras,009,45235,15,13,0,13,0
2020-05-23,Colusa,011,21464,7,4,0,4,0
2020-05-23,Contra Costa,013,1133247,1504,1302,1,1303,36
2020-05-23,Del Norte,015,27424,43,10,0,10,0
2020-05-23,El Dorado,017,186661,100,74,1,75,0
2020-05-23,Fresno,019,978130,2802,1447,42,1489,21
2020-05-23,Glenn,021,27897,15,12,0,12,0
2020-05-23,Humboldt,023,135768,105,80,0,80,2
2020-05-23,Imperial,025,180216,2590,1283,4,1287,14
2020-05-23,Inyo,027,18085,19,20,0,20,1
2020-05-23,Kern,029,883053,2388,1806,6,1812,31
2020-05-23,Kings,031,150075,758,444,1,445,2
2020-05-23,Lake,033,64148,23,10,0,10,0
2020-05-23,Lassen,035,31185,8,0,2,2,0
2020-05-23,Los Angeles,037,10098052,53185,44029,21,44050,2069
2020-05-23,Madera,039,155013,186,83,1,84,2
2020-05-23,Marin,041,260295,440,393,1,394,14
2020-05-23,Mariposa,043,17540,16,15,0,15,1
2020-05-23,Mendocino,045,87422,21,13,0,13,0
2020-05-23,Merced,047,269075,365,247,0,247,6
2020-05-23,Modoc,049,8938,0,0,0,0,0
2020-05-23,Mono,051,14174,36,34,0,34,1
2020-05-23,Monterey,053,433212,503,397,1,398,8
2020-05-23,Napa,055,140530,123,101,0,101,3
2020-05-23,Nevada,057,99092,43,41,1,42,1
2020-05-23,Orange,059,3164182,7763,5313,60,5373,113
2020-05-23,Placer,061,380077,215,184,0,184,9
2020-05-23,Plumas,063,18699,4,4,0,4,0
2020-05-23,Riverside,065,2383286,7834,6460,20,6480,284
2020-05-23,Sacramento,067,1510023,1372,1275,1,1276,50
2020-05-23,San Benito,069,59416,81,67,0,67,2
2020-05-23,San Bernardino,071,2135413,5321,4172,4,4176,175
2020-05-23,San Diego,073,3302833,7562,6561,0,6561,249
2020-05-23,San Francisco,075,870044,2491,2312,0,2312,40
2020-05-23,San Joaquin,077,732212,932,759,3,762,33
2020-05-23,San Luis Obispo,079,281455,337,256,4,260,1
2020-05-23,San Mateo,081,765935,2167,1862,2,1864,71
2020-05-23,Santa Barbara,083,443738,1664,1566,9,1575,9
2020-05-23,Santa Clara,085,1922200,3271,2593,12,2605,139
2020-05-23,Santa Cruz,087,273765,214,177,0,177,2
2020-05-23,Shasta,089,179085,53,35,0,35,4
2020-05-23,Sierra,091,2930,1,1,0,1,0
2020-05-23,Siskiyou,093,43540,7,6,0,6,0
2020-05-23,Solano,095,438530,536,435,0,435,5
2020-05-23,Sonoma,097,501317,540,462,0,462,4
2020-05-23,Stanislaus,099,539301,722,625,5,630,27
2020-05-23,Sutter,101,95872,44,38,0,38,2
2020-05-23,Tehama,103,63373,5,2,1,3,1
2020-05-23,Trinity,105,12862,6,1,2,3,0
2020-05-23,Tulare,107,460477,2287,1682,10,1692,73
2020-05-23,Tuolumne,109,53932,5,2,0,2,0
2020-05-23,Ventura,111,848112,1438,961,8,969,27
2020-05-23,Yolo,113,214977,218,188,0,188,22
2020-05-23,Yuba,115,75493,26,24,0,24,1
2020-05-22,Alameda,001,1643700,3270,2722,5,2727,91
2020-05-22,Alpine,003,1148,1,1,0,1,0
2020-05-22,Amador,005,37829,10,9,0,9,0
2020-05-22,Butte,007,227075,59,34,3,37,0
2020-05-22,Calaveras,009,45235,15,13,0,13,0
2020-05-22,Colusa,011,21464,7,4,0,4,0
2020-05-22,Contra Costa,013,1133247,1492,1272,1,1273,36
2020-05-22,Del Norte,015,27424,41,9,0,9,0
2020-05-22,El Dorado,017,186661,97,74,1,75,0
2020-05-22,Fresno,019,978130,2743,1399,41,1440,20
2020-05-22,Glenn,021,27897,15,12,0,12,0
2020-05-22,Humboldt,023,135768,105,80,0,80,2
2020-05-22,Imperial,025,180216,2488,1214,4,1218,14
2020-05-22,Inyo,027,18085,19,20,0,20,1
2020-05-22,Kern,029,883053,2339,1749,6,1755,28
2020-05-22,Kings,031,150075,755,428,1,429,2
2020-05-22,Lake,033,64148,22,10,0,10,0
2020-05-22,Lassen,035,31185,6,0,2,2,0
2020-05-22,Los Angeles,037,10098052,52387,43025,21,43046,2027
2020-05-22,Madera,039,155013,182,82,1,83,2
2020-05-22,Marin,041,260295,436,372,1,373,14
2020-05-22,Mariposa,043,17540,16,15,0,15,1
2020-05-22,Mendocino,045,87422,20,13,0,13,0
2020-05-22,Merced,047,269075,359,233,0,233,6
2020-05-22,Modoc,049,8938,0,0,0,0,0
2020-05-22,Mono,051,14174,36,34,0,34,1
2020-05-22,Monterey,053,433212,492,372,1,373,8
2020-05-22,Napa,055,140530,121,97,0,97,3
2020-05-22,Nevada,057,99092,42,41,1,42,1
2020-05-22,Orange,059,3164182,7566,5144,58,5202,113
2020-05-22,Placer,061,380077,215,181,0,181,9
2020-05-22,Plumas,063,18699,4,4,0,4,0
2020-05-22,Riverside,065,2383286,7719,6351,20,6371,283
2020-05-22,Sacramento,067,1510023,1356,1262,1,1263,50
2020-05-22,San Benito,069,59416,80,64,0,64,2
2020-05-22,San Bernardino,071,2135413,5246,4107,4,4111,173
2020-05-22,San Diego,073,3302833,7476,6436,0,6436,242
2020-05-22,San Francisco,075,870044,2473,2251,0,2251,40
2020-05-22,San Joaquin,077,732212,919,747,3,750,33
2020-05-22,San Luis Obispo,079,281455,336,254,4,258,1
2020-05-22,San Mateo,081,765935,2148,1847,2,1849,71
2020-05-22,Santa Barbara,083,443738,1654,1554,9,1563,9
2020-05-22,Santa Clara,085,1922200,3251,2537,12,2549,139
2020-05-22,Santa Cruz,087,273765,211,171,0,171,2
2020-05-22,Shasta,089,179085,53,34,0,34,4
2020-05-22,Sierra,091,2930,1,0,0,0,0
2020-05-22,Siskiyou,093,43540,7,6,0,6,0
2020-05-22,Solano,095,438530,533,431,0,431,4
2020-05-22,Sonoma,097,501317,536,444,0,444,4
2020-05-22,Stanislaus,099,539301,712,616,5,621,27
2020-05-22,Sutter,101,95872,44,38,0,38,2
2020-05-22,Tehama,103,63373,5,2,0,2,1
2020-05-22,Trinity,105,12862,6,1,2,3,0
2020-05-22,Tulare,107,460477,2257,1662,10,1672,73
2020-05-22,Tuolumne,109,53932,5,2,0,2,0
2020-05-22,Ventura,111,848112,1420,937,8,945,27
2020-05-22,Yolo,113,214977,216,187,0,187,22
2020-05-22,Yuba,115,75493,26,24,0,24,1
2020-05-21,Alameda,001,1643700,3204,2606,5,2611,89
2020-05-21,Alpine,003,1148,1,1,0,1,0
2020-05-21,Amador,005,37829,10,9,0,9,0
2020-05-21,Butte,007,227075,58,31,3,34,0
2020-05-21,Calaveras,009,45235,15,13,0,13,0
2020-05-21,Colusa,011,21464,7,4,0,4,0
2020-05-21,Contra Costa,013,1133247,1456,1243,1,1244,36
2020-05-21,Del Norte,015,27424,38,9,0,9,0
2020-05-21,El Dorado,017,186661,95,67,1,68,0
2020-05-21,Fresno,019,978130,2653,1362,40,1402,20
2020-05-21,Glenn,021,27897,14,12,0,12,0
2020-05-21,Humboldt,023,135768,104,79,0,79,0
2020-05-21,Imperial,025,180216,2327,1096,4,1100,14
2020-05-21,Inyo,027,18085,19,20,0,20,1
2020-05-21,Kern,029,883053,2263,1684,5,1689,27
2020-05-21,Kings,031,150075,734,417,1,418,2
2020-05-21,Lake,033,64148,17,10,0,10,0
2020-05-21,Lassen,035,31185,6,0,2,2,0
2020-05-21,Los Angeles,037,10098052,51348,42063,21,42084,1996
2020-05-21,Madera,039,155013,179,82,1,83,2
2020-05-21,Marin,041,260295,425,359,1,360,14
2020-05-21,Mariposa,043,17540,16,15,0,15,1
2020-05-21,Mendocino,045,87422,20,12,0,12,0
2020-05-21,Merced,047,269075,351,226,0,226,6
2020-05-21,Modoc,049,8938,0,0,0,0,0
2020-05-21,Mono,051,14174,36,33,0,33,1
2020-05-21,Monterey,053,433212,481,363,1,364,8
2020-05-21,Napa,055,140530,119,96,0,96,3
2020-05-21,Nevada,057,99092,42,41,1,42,1
2020-05-21,Orange,059,3164182,7363,4975,58,5033,106
2020-05-21,Placer,061,380077,208,176,0,176,8
2020-05-21,Plumas,063,18699,4,4,0,4,0
2020-05-21,Riverside,065,2383286,7532,6245,20,6265,279
2020-05-21,Sacramento,067,1510023,1343,1258,1,1259,56
2020-05-21,San Benito,069,59416,77,61,0,61,2
2020-05-21,San Bernardino,071,2135413,5099,3950,4,3954,167
2020-05-21,San Diego,073,3302833,7340,6317,0,6317,241
2020-05-21,San Francisco,075,870044,2449,2248,0,2248,37
2020-05-21,San Joaquin,077,732212,883,730,3,733,33
2020-05-21,San Luis Obispo,079,281455,336,251,3,254,1
2020-05-21,San Mateo,081,765935,2112,1791,2,1793,74
2020-05-21,Santa Barbara,083,443738,1639,1541,9,1550,10
2020-05-21,Santa Clara,085,1922200,3229,2520,12,2532,138
2020-05-21,Santa Cruz,087,273765,203,164,0,164,3
2020-05-21,Shasta,089,179085,51,34,0,34,4
2020-05-21,Sierra,091,2930,1,0,0,0,0
2020-05-21,Siskiyou,093,43540,7,6,0,6,0
2020-05-21,Solano,095,438530,524,424,0,424,4
2020-05-21,Sonoma,097,501317,518,427,0,427,4
2020-05-21,Stanislaus,099,539301,700,602,5,607,27
2020-05-21,Sutter,101,95872,43,38,0,38,2
2020-05-21,Tehama,103,63373,4,2,0,2,1
2020-05-21,Trinity,105,12862,5,1,2,3,0
2020-05-21,Tulare,107,460477,2207,1606,8,1614,73
2020-05-21,Tuolumne,109,53932,3,2,0,2,0
2020-05-21,Ventura,111,848112,1371,907,8,915,30
2020-05-21,Yolo,113,214977,213,185,0,185,22
2020-05-21,Yuba,115,75493,26,24,0,24,1
2020-05-20,Alameda,001,1643700,3131,2554,5,2559,89
2020-05-20,Alpine,003,1148,1,1,0,1,0
2020-05-20,Amador,005,37829,10,9,0,9,0
2020-05-20,Butte,007,227075,55,30,3,33,0
2020-05-20,Calaveras,009,45235,15,13,0,13,0
2020-05-20,Colusa,011,21464,7,3,0,3,0
2020-05-20,Contra Costa,013,1133247,1426,1223,1,1224,33
2020-05-20,Del Norte,015,27424,31,9,0,9,0
2020-05-20,El Dorado,017,186661,94,67,1,68,0
2020-05-20,Fresno,019,978130,2580,1329,39,1368,17
2020-05-20,Glenn,021,27897,13,12,0,12,0
2020-05-20,Humboldt,023,135768,101,73,0,73,0
2020-05-20,Imperial,025,180216,2213,1047,4,1051,14
2020-05-20,Inyo,027,18085,19,20,0,20,1
2020-05-20,Kern,029,883053,2200,1639,4,1643,27
2020-05-20,Kings,031,150075,590,403,1,404,2
2020-05-20,Lake,033,64148,17,9,0,9,0
2020-05-20,Lassen,035,31185,5,0,2,2,0
2020-05-20,Los Angeles,037,10098052,50358,40932,21,40953,1955
2020-05-20,Madera,039,155013,177,82,1,83,2
2020-05-20,Marin,041,260295,398,348,1,349,14
2020-05-20,Mariposa,043,17540,16,15,0,15,1
2020-05-20,Mendocino,045,87422,20,12,0,12,0
2020-05-20,Merced,047,269075,346,225,0,225,6
2020-05-20,Modoc,049,8938,0,0,0,0,0
2020-05-20,Mono,051,14174,36,33,0,33,1
2020-05-20,Monterey,053,433212,467,356,1,357,8
2020-05-20,Napa,055,140530,112,93,0,93,3
2020-05-20,Nevada,057,99092,42,41,1,42,1
2020-05-20,Orange,059,3164182,7155,4866,56,4922,96
2020-05-20,Placer,061,380077,206,176,0,176,8
2020-05-20,Plumas,063,18699,4,4,0,4,0
2020-05-20,Riverside,065,2383286,7389,6090,20,6110,265
2020-05-20,Sacramento,067,1510023,1333,1244,1,1245,56
2020-05-20,San Benito,069,59416,76,61,0,61,2
2020-05-20,San Bernardino,071,2135413,4971,3771,4,3775,161
2020-05-20,San Diego,073,3302833,7223,6142,0,6142,230
2020-05-20,San Francisco,075,870044,2426,2199,0,2199,37
2020-05-20,San Joaquin,077,732212,847,713,3,716,33
2020-05-20,San Luis Obispo,079,281455,329,249,3,252,1
2020-05-20,San Mateo,081,765935,2059,1739,2,1741,74
2020-05-20,Santa Barbara,083,443738,1620,1524,9,1533,10
2020-05-20,Santa Clara,085,1922200,3208,2508,11,2519,138
2020-05-20,Santa Cruz,087,273765,200,163,0,163,3
2020-05-20,Shasta,089,179085,51,34,0,34,4
2020-05-20,Sierra,091,2930,1,0,0,0,0
2020-05-20,Siskiyou,093,43540,7,6,0,6,0
2020-05-20,Solano,095,438530,519,418,0,418,4
2020-05-20,Sonoma,097,501317,509,411,0,411,4
2020-05-20,Stanislaus,099,539301,684,584,4,588,25
2020-05-20,Sutter,101,95872,43,38,0,38,2
2020-05-20,Tehama,103,63373,4,2,0,2,1
2020-05-20,Trinity,105,12862,4,1,1,2,0
2020-05-20,Tulare,107,460477,2166,1585,8,1593,71
2020-05-20,Tuolumne,109,53932,3,2,0,2,0
2020-05-20,Ventura,111,848112,1335,879,8,887,29
2020-05-20,Yolo,113,214977,210,184,0,184,22
2020-05-20,Yuba,115,75493,26,23,0,23,1
2020-05-19,Alameda,001,1643700,3054,2493,3,2496,88
2020-05-19,Alpine,003,1148,1,1,0,1,0
2020-05-19,Amador,005,37829,10,9,0,9,0
2020-05-19,Butte,007,227075,53,25,3,28,0
2020-05-19,Calaveras,009,45235,15,13,0,13,0
2020-05-19,Colusa,011,21464,5,3,0,3,0
2020-05-19,Contra Costa,013,1133247,1402,1205,1,1206,33
2020-05-19,Del Norte,015,27424,28,8,0,8,0
2020-05-19,El Dorado,017,186661,91,67,0,67,0
2020-05-19,Fresno,019,978130,2467,1288,38,1326,15
2020-05-19,Glenn,021,27897,13,12,0,12,0
2020-05-19,Humboldt,023,135768,101,72,0,72,0
2020-05-19,Imperial,025,180216,2052,1012,4,1016,14
2020-05-19,Inyo,027,18085,19,20,0,20,1
2020-05-19,Kern,029,883053,2102,1601,4,1605,26
2020-05-19,Kings,031,150075,579,393,1,394,2
2020-05-19,Lake,033,64148,14,11,0,11,0
2020-05-19,Lassen,035,31185,5,0,2,2,0
2020-05-19,Los Angeles,037,10098052,49153,39670,21,39691,1906
2020-05-19,Madera,039,155013,173,80,1,81,2
2020-05-19,Marin,041,260295,374,340,1,341,14
2020-05-19,Mariposa,043,17540,16,15,0,15,1
2020-05-19,Mendocino,045,87422,20,12,0,12,0
2020-05-19,Merced,047,269075,338,222,0,222,5
2020-05-19,Modoc,049,8938,0,0,0,0,0
2020-05-19,Mono,051,14174,36,33,0,33,1
2020-05-19,Monterey,053,433212,455,350,1,351,8
2020-05-19,Napa,055,140530,111,93,0,93,3
2020-05-19,Nevada,057,99092,42,41,1,42,1
2020-05-19,Orange,059,3164182,6961,4746,54,4800,90
2020-05-19,Placer,061,380077,204,177,0,177,8
2020-05-19,Plumas,063,18699,4,5,0,5,0
2020-05-19,Riverside,065,2383286,7229,5963,19,5982,265
2020-05-19,Sacramento,067,1510023,1319,1239,1,1240,57
2020-05-19,San Benito,069,59416,74,59,0,59,2
2020-05-19,San Bernardino,071,2135413,4821,3656,4,3660,158
2020-05-19,San Diego,073,3302833,7079,6028,0,6028,222
2020-05-19,San Francisco,075,870044,2392,2186,0,2186,37
2020-05-19,San Joaquin,077,732212,825,705,3,708,33
2020-05-19,San Luis Obispo,079,281455,329,245,3,248,1
2020-05-19,San Mateo,081,765935,2018,1704,2,1706,71
2020-05-19,Santa Barbara,083,443738,1606,1521,9,1530,10
2020-05-19,Santa Clara,085,1922200,3158,2480,11,2491,138
2020-05-19,Santa Cruz,087,273765,189,161,0,161,3
2020-05-19,Shasta,089,179085,51,34,0,34,4
2020-05-19,Sierra,091,2930,0,0,0,0,0
2020-05-19,Siskiyou,093,43540,7,6,0,6,0
2020-05-19,Solano,095,438530,505,415,0,415,4
2020-05-19,Sonoma,097,501317,498,389,0,389,4
2020-05-19,Stanislaus,099,539301,670,582,4,586,25
2020-05-19,Sutter,101,95872,43,38,0,38,2
2020-05-19,Tehama,103,63373,4,2,0,2,1
2020-05-19,Trinity,105,12862,3,1,0,1,0
2020-05-19,Tulare,107,460477,2118,1551,8,1559,68
2020-05-19,Tuolumne,109,53932,3,2,0,2,0
2020-05-19,Ventura,111,848112,1294,861,7,868,28
2020-05-19,Yolo,113,214977,208,183,0,183,22
2020-05-19,Yuba,115,75493,26,23,0,23,1
2020-05-18,Alameda,001,1643700,2981,2442,3,2445,84
2020-05-18,Alpine,003,1148,1,1,0,1,0
2020-05-18,Amador,005,37829,10,8,0,8,0
2020-05-18,Butte,007,227075,51,24,3,27,0
2020-05-18,Calaveras,009,45235,15,13,0,13,0
2020-05-18,Colusa,011,21464,5,3,0,3,0
2020-05-18,Contra Costa,013,1133247,1371,1173,1,1174,33
2020-05-18,Del Norte,015,27424,23,8,0,8,0
2020-05-18,El Dorado,017,186661,89,67,0,67,0
2020-05-18,Fresno,019,978130,2391,1244,37,1281,14
2020-05-18,Glenn,021,27897,13,11,0,11,0
2020-05-18,Humboldt,023,135768,101,70,0,70,0
2020-05-18,Imperial,025,180216,1899,767,4,771,14
2020-05-18,Inyo,027,18085,19,20,0,20,1
2020-05-18,Kern,029,883053,2053,1566,4,1570,26
2020-05-18,Kings,031,150075,548,381,1,382,2
2020-05-18,Lake,033,64148,13,9,0,9,0
2020-05-18,Lassen,035,31185,5,0,2,2,0
2020-05-18,Los Angeles,037,10098052,48127,38477,21,38498,1825
2020-05-18,Madera,039,155013,167,74,1,75,2
2020-05-18,Marin,041,260295,361,329,1,330,14
2020-05-18,Mariposa,043,17540,16,15,0,15,1
2020-05-18,Mendocino,045,87422,15,12,0,12,0
2020-05-18,Merced,047,269075,329,217,0,217,5
2020-05-18,Modoc,049,8938,0,0,0,0,0
2020-05-18,Mono,051,14174,36,33,0,33,1
2020-05-18,Monterey,053,433212,444,345,1,346,8
2020-05-18,Napa,055,140530,107,92,0,92,3
2020-05-18,Nevada,057,99092,42,41,1,42,1
2020-05-18,Orange,059,3164182,6771,4558,52,4610,88
2020-05-18,Placer,061,380077,202,176,0,176,8
2020-05-18,Plumas,063,18699,4,5,0,5,0
2020-05-18,Riverside,065,2383286,7029,5873,18,5891,253
2020-05-18,Sacramento,067,1510023,1313,1233,0,1233,57
2020-05-18,San Benito,069,59416,72,59,0,59,2
2020-05-18,San Bernardino,071,2135413,4674,3558,4,3562,156
2020-05-18,San Diego,073,3302833,6946,5948,0,5948,211
2020-05-18,San Francisco,075,870044,2369,2183,0,2183,36
2020-05-18,San Joaquin,077,732212,813,697,3,700,33
2020-05-18,San Luis Obispo,079,281455,325,243,3,246,1
2020-05-18,San Mateo,081,765935,1980,1701,2,1703,68
2020-05-18,Santa Barbara,083,443738,1595,1501,9,1510,10
2020-05-18,Santa Clara,085,1922200,3125,2468,11,2479,137
2020-05-18,Santa Cruz,087,273765,187,160,0,160,3
2020-05-18,Shasta,089,179085,50,34,0,34,4
2020-05-18,Sierra,091,2930,0,0,0,0,0
2020-05-18,Siskiyou,093,43540,7,6,0,6,0
2020-05-18,Solano,095,438530,495,398,0,398,4
2020-05-18,Sonoma,097,501317,480,387,0,387,4
2020-05-18,Stanislaus,099,539301,658,572,4,576,25
2020-05-18,Sutter,101,95872,43,38,0,38,2
2020-05-18,Tehama,103,63373,4,2,0,2,1
2020-05-18,Trinity,105,12862,3,1,0,1,0
2020-05-18,Tulare,107,460477,2074,1491,8,1499,63
2020-05-18,Tuolumne,109,53932,3,2,0,2,0
2020-05-18,Ventura,111,848112,1271,850,6,856,27
2020-05-18,Yolo,113,214977,203,183,0,183,22
2020-05-18,Yuba,115,75493,26,23,0,23,1
2020-05-17,Alameda,001,1643700,2886,2389,3,2392,83
2020-05-17,Alpine,003,1148,1,1,0,1,0
2020-05-17,Amador,005,37829,10,8,0,8,0
2020-05-17,Butte,007,227075,50,23,3,26,0
2020-05-17,Calaveras,009,45235,15,13,0,13,0
2020-05-17,Colusa,011,21464,3,3,0,3,0
2020-05-17,Contra Costa,013,1133247,1332,1155,1,1156,33
2020-05-17,Del Norte,015,27424,23,7,0,7,0
2020-05-17,El Dorado,017,186661,89,65,0,65,0
2020-05-17,Fresno,019,978130,2286,1213,34,1247,14
2020-05-17,Glenn,021,27897,13,9,0,9,0
2020-05-17,Humboldt,023,135768,94,70,0,70,0
2020-05-17,Imperial,025,180216,1751,715,4,719,14
2020-05-17,Inyo,027,18085,19,20,0,20,1
2020-05-17,Kern,029,883053,1975,1546,3,1549,26
2020-05-17,Kings,031,150075,501,356,1,357,2
2020-05-17,Lake,033,64148,13,7,0,7,0
2020-05-17,Lassen,035,31185,5,0,2,2,0
2020-05-17,Los Angeles,037,10098052,46887,37996,21,38017,1807
2020-05-17,Madera,039,155013,165,69,1,70,2
2020-05-17,Marin,041,260295,350,315,1,316,14
2020-05-17,Mariposa,043,17540,15,15,0,15,1
2020-05-17,Mendocino,045,87422,14,10,0,10,0
2020-05-17,Merced,047,269075,319,214,0,214,5
2020-05-17,Modoc,049,8938,0,0,0,0,0
2020-05-17,Mono,051,14174,36,32,0,32,1
2020-05-17,Monterey,053,433212,424,342,1,343,8
2020-05-17,Napa,055,140530,104,89,0,89,3
2020-05-17,Nevada,057,99092,42,41,1,42,1
2020-05-17,Orange,059,3164182,6591,4466,51,4517,88
2020-05-17,Placer,061,380077,197,175,0,175,8
2020-05-17,Plumas,063,18699,4,4,0,4,0
2020-05-17,Riverside,065,2383286,6856,5776,18,5794,245
2020-05-17,Sacramento,067,1510023,1302,1224,0,1224,56
2020-05-17,San Benito,069,59416,71,59,0,59,2
2020-05-17,San Bernardino,071,2135413,4524,3467,4,3471,155
2020-05-17,San Diego,073,3302833,6814,5838,0,5838,209
2020-05-17,San Francisco,075,870044,2342,2132,0,2132,36
2020-05-17,San Joaquin,077,732212,783,688,3,691,32
2020-05-17,San Luis Obispo,079,281455,323,242,3,245,1
2020-05-17,San Mateo,081,765935,1943,1680,2,1682,68
2020-05-17,Santa Barbara,083,443738,1576,1457,9,1466,10
2020-05-17,Santa Clara,085,1922200,3087,2453,11,2464,135
2020-05-17,Santa Cruz,087,273765,176,155,0,155,3
2020-05-17,Shasta,089,179085,49,34,0,34,4
2020-05-17,Sierra,091,2930,0,0,0,0,0
2020-05-17,Siskiyou,093,43540,7,6,0,6,0
2020-05-17,Solano,095,438530,483,392,0,392,4
2020-05-17,Sonoma,097,501317,459,376,0,376,4
2020-05-17,Stanislaus,099,539301,647,566,4,570,25
2020-05-17,Sutter,101,95872,42,38,0,38,2
2020-05-17,Tehama,103,63373,3,2,0,2,1
2020-05-17,Trinity,105,12862,2,1,0,1,0
2020-05-17,Tulare,107,460477,1998,1430,7,1437,63
2020-05-17,Tuolumne,109,53932,3,2,0,2,0
2020-05-17,Ventura,111,848112,1226,838,6,844,27
2020-05-17,Yolo,113,214977,201,182,0,182,22
2020-05-17,Yuba,115,75493,26,21,0,21,1
2020-05-16,Alameda,001,1643700,2836,2327,3,2330,83
2020-05-16,Alpine,003,1148,1,1,0,1,0
2020-05-16,Amador,005,37829,10,8,0,8,0
2020-05-16,Butte,007,227075,45,22,3,25,0
2020-05-16,Calaveras,009,45235,15,13,0,13,0
2020-05-16,Colusa,011,21464,3,3,0,3,0
2020-05-16,Contra Costa,013,1133247,1314,1136,1,1137,33
2020-05-16,Del Norte,015,27424,19,4,0,4,0
2020-05-16,El Dorado,017,186661,89,65,0,65,0
2020-05-16,Fresno,019,978130,2230,1177,34,1211,14
2020-05-16,Glenn,021,27897,13,9,0,9,0
2020-05-16,Humboldt,023,135768,92,69,0,69,0
2020-05-16,Imperial,025,180216,1686,712,4,716,14
2020-05-16,Inyo,027,18085,19,20,0,20,1
2020-05-16,Kern,029,883053,1939,1509,3,1512,26
2020-05-16,Kings,031,150075,491,356,1,357,2
2020-05-16,Lake,033,64148,13,7,0,7,0
2020-05-16,Lassen,035,31185,4,0,2,2,0
2020-05-16,Los Angeles,037,10098052,46312,37352,21,37373,1778
2020-05-16,Madera,039,155013,163,70,1,71,2
2020-05-16,Marin,041,260295,346,297,1,298,14
2020-05-16,Mariposa,043,17540,15,15,0,15,1
2020-05-16,Mendocino,045,87422,14,10,0,10,0
2020-05-16,Merced,047,269075,317,201,0,201,5
2020-05-16,Modoc,049,8938,0,0,0,0,0
2020-05-16,Mono,051,14174,36,32,0,32,1
2020-05-16,Monterey,053,433212,409,329,1,330,8
2020-05-16,Napa,055,140530,104,86,0,86,3
2020-05-16,Nevada,057,99092,42,41,1,42,1
2020-05-16,Orange,059,3164182,6515,4396,50,4446,87
2020-05-16,Placer,061,380077,195,174,0,174,8
2020-05-16,Plumas,063,18699,4,4,0,4,0
2020-05-16,Riverside,065,2383286,6771,5633,18,5651,243
2020-05-16,Sacramento,067,1510023,1295,1209,0,1209,55
2020-05-16,San Benito,069,59416,66,58,0,58,2
2020-05-16,San Bernardino,071,2135413,4452,3362,4,3366,155
2020-05-16,San Diego,073,3302833,6728,5664,0,5664,209
2020-05-16,San Francisco,075,870044,2319,2094,0,2094,36
2020-05-16,San Joaquin,077,732212,775,668,3,671,32
2020-05-16,San Luis Obispo,079,281455,322,240,3,243,1
2020-05-16,San Mateo,081,765935,1928,1652,2,1654,68
2020-05-16,Santa Barbara,083,443738,1565,1422,9,1431,10
2020-05-16,Santa Clara,085,1922200,3069,2420,11,2431,135
2020-05-16,Santa Cruz,087,273765,173,154,0,154,3
2020-05-16,Shasta,089,179085,49,33,0,33,4
2020-05-16,Sierra,091,2930,0,0,0,0,0
2020-05-16,Siskiyou,093,43540,7,6,0,6,0
2020-05-16,Solano,095,438530,478,392,0,392,4
2020-05-16,Sonoma,097,501317,446,356,0,356,4
2020-05-16,Stanislaus,099,539301,638,546,4,550,24
2020-05-16,Sutter,101,95872,42,35,0,35,2
2020-05-16,Tehama,103,63373,3,2,0,2,1
2020-05-16,Trinity,105,12862,2,1,0,1,0
2020-05-16,Tulare,107,460477,1980,1426,7,1433,63
2020-05-16,Tuolumne,109,53932,3,2,0,2,0
2020-05-16,Ventura,111,848112,1200,813,6,819,25
2020-05-16,Yolo,113,214977,200,181,0,181,22
2020-05-16,Yuba,115,75493,26,21,0,21,1
2020-05-15,Alameda,001,1643700,2802,2289,3,2292,83
2020-05-15,Alpine,003,1148,1,1,0,1,0
2020-05-15,Amador,005,37829,10,8,0,8,0
2020-05-15,Butte,007,227075,43,22,3,25,0
2020-05-15,Calaveras,009,45235,14,13,0,13,0
2020-05-15,Colusa,011,21464,3,3,0,3,0
2020-05-15,Contra Costa,013,1133247,1296,1106,1,1107,33
2020-05-15,Del Norte,015,27424,14,4,0,4,0
2020-05-15,El Dorado,017,186661,89,64,0,64,0
2020-05-15,Fresno,019,978130,2164,1126,34,1160,14
2020-05-15,Glenn,021,27897,13,9,0,9,0
2020-05-15,Humboldt,023,135768,91,60,0,60,0
2020-05-15,Imperial,025,180216,1602,680,0,680,14
2020-05-15,Inyo,027,18085,19,20,0,20,1
2020-05-15,Kern,029,883053,1883,1472,3,1475,25
2020-05-15,Kings,031,150075,488,347,1,348,2
2020-05-15,Lake,033,64148,13,7,0,7,0
2020-05-15,Lassen,035,31185,4,0,2,2,0
2020-05-15,Los Angeles,037,10098052,45523,36317,21,36338,1734
2020-05-15,Madera,039,155013,162,71,1,72,2
2020-05-15,Marin,041,260295,338,295,1,296,14
2020-05-15,Mariposa,043,17540,15,15,0,15,1
2020-05-15,Mendocino,045,87422,14,10,0,10,0
2020-05-15,Merced,047,269075,313,191,0,191,5
2020-05-15,Modoc,049,8938,0,0,0,0,0
2020-05-15,Mono,051,14174,36,31,0,31,1
2020-05-15,Monterey,053,433212,403,321,1,322,8
2020-05-15,Napa,055,140530,104,83,0,83,3
2020-05-15,Nevada,057,99092,42,41,1,42,1
2020-05-15,Orange,059,3164182,6342,4281,50,4331,87
2020-05-15,Placer,061,380077,193,174,0,174,8
2020-05-15,Plumas,063,18699,4,4,0,4,0
2020-05-15,Riverside,065,2383286,6657,5496,18,5514,233
2020-05-15,Sacramento,067,1510023,1285,1203,0,1203,55
2020-05-15,San Benito,069,59416,63,57,0,57,2
2020-05-15,San Bernardino,071,2135413,4374,3225,4,3229,153
2020-05-15,San Diego,073,3302833,6621,5525,0,5525,208
2020-05-15,San Francisco,075,870044,2303,2062,0,2062,36
2020-05-15,San Joaquin,077,732212,769,656,3,659,32
2020-05-15,San Luis Obispo,079,281455,320,237,3,240,1
2020-05-15,San Mateo,081,765935,1906,1612,2,1614,68
2020-05-15,Santa Barbara,083,443738,1556,1409,8,1417,10
2020-05-15,Santa Clara,085,1922200,3026,2395,10,2405,135
2020-05-15,Santa Cruz,087,273765,172,146,0,146,3
2020-05-15,Shasta,089,179085,48,33,0,33,4
2020-05-15,Sierra,091,2930,0,0,0,0,0
2020-05-15,Siskiyou,093,43540,6,5,0,5,0
2020-05-15,Solano,095,438530,474,388,0,388,4
2020-05-15,Sonoma,097,501317,438,349,0,349,4
2020-05-15,Stanislaus,099,539301,631,540,4,544,23
2020-05-15,Sutter,101,95872,41,35,0,35,2
2020-05-15,Tehama,103,63373,3,1,0,1,1
2020-05-15,Trinity,105,12862,2,1,0,1,0
2020-05-15,Tulare,107,460477,1952,1356,7,1363,61
2020-05-15,Tuolumne,109,53932,3,2,0,2,0
2020-05-15,Ventura,111,848112,1182,789,5,794,25
2020-05-15,Yolo,113,214977,199,182,0,182,22
2020-05-15,Yuba,115,75493,26,21,0,21,1
2020-05-14,Alameda,001,1643700,2710,2255,3,2258,80
2020-05-14,Alpine,003,1148,1,1,0,1,0
2020-05-14,Amador,005,37829,10,8,0,8,0
2020-05-14,Butte,007,227075,41,22,3,25,0
2020-05-14,Calaveras,009,45235,14,13,0,13,0
2020-05-14,Colusa,011,21464,3,3,0,3,0
2020-05-14,Contra Costa,013,1133247,1269,1090,1,1091,32
2020-05-14,Del Norte,015,27424,14,4,0,4,0
2020-05-14,El Dorado,017,186661,80,59,0,59,0
2020-05-14,Fresno,019,978130,2104,1038,30,1068,12
2020-05-14,Glenn,021,27897,12,8,0,8,0
2020-05-14,Humboldt,023,135768,89,59,0,59,0
2020-05-14,Imperial,025,180216,1486,652,0,652,13
2020-05-14,Inyo,027,18085,19,20,0,20,1
2020-05-14,Kern,029,883053,1841,1430,3,1433,21
2020-05-14,Kings,031,150075,472,342,1,343,1
2020-05-14,Lake,033,64148,13,7,0,7,0
2020-05-14,Lassen,035,31185,4,0,2,2,0
2020-05-14,Los Angeles,037,10098052,44350,35427,21,35448,1693
2020-05-14,Madera,039,155013,153,69,1,70,2
2020-05-14,Marin,041,260295,320,283,1,284,14
2020-05-14,Mariposa,043,17540,15,15,0,15,0
2020-05-14,Mendocino,045,87422,13,10,0,10,0
2020-05-14,Merced,047,269075,303,182,0,182,3
2020-05-14,Modoc,049,8938,0,0,0,0,0
2020-05-14,Mono,051,14174,36,31,0,31,1
2020-05-14,Monterey,053,433212,393,317,1,318,7
2020-05-14,Napa,055,140530,102,83,0,83,3
2020-05-14,Nevada,057,99092,41,41,1,42,1
2020-05-14,Orange,059,3164182,6167,4163,48,4211,83
2020-05-14,Placer,061,380077,193,172,0,172,8
2020-05-14,Plumas,063,18699,4,4,0,4,0
2020-05-14,Riverside,065,2383286,6473,5339,18,5357,224
2020-05-14,Sacramento,067,1510023,1273,1181,0,1181,55
2020-05-14,San Benito,069,59416,61,56,0,56,2
2020-05-14,San Bernardino,071,2135413,4195,3149,4,3153,149
2020-05-14,San Diego,073,3302833,6486,5393,0,5393,200
2020-05-14,San Francisco,075,870044,2270,2029,0,2029,36
2020-05-14,San Joaquin,077,732212,754,643,3,646,31
2020-05-14,San Luis Obispo,079,281455,317,236,3,239,1
2020-05-14,San Mateo,081,765935,1874,1588,2,1590,67
2020-05-14,Santa Barbara,083,443738,1544,1395,8,1403,11
2020-05-14,Santa Clara,085,1922200,3003,2380,10,2390,134
2020-05-14,Santa Cruz,087,273765,170,145,0,145,3
2020-05-14,Shasta,089,179085,48,33,0,33,4
2020-05-14,Sierra,091,2930,0,0,0,0,0
2020-05-14,Siskiyou,093,43540,6,5,0,5,0
2020-05-14,Solano,095,438530,465,372,0,372,4
2020-05-14,Sonoma,097,501317,421,333,0,333,4
2020-05-14,Stanislaus,099,539301,612,533,4,537,23
2020-05-14,Sutter,101,95872,41,34,0,34,2
2020-05-14,Tehama,103,63373,3,1,0,1,1
2020-05-14,Trinity,105,12862,2,1,0,1,0
2020-05-14,Tulare,107,460477,1913,1317,7,1324,55
2020-05-14,Tuolumne,109,53932,3,2,0,2,0
2020-05-14,Ventura,111,848112,1151,760,5,765,25
2020-05-14,Yolo,113,214977,199,180,0,180,22
2020-05-14,Yuba,115,75493,26,21,0,21,1
2020-05-13,Alameda,001,1643700,2652,2181,3,2184,78
2020-05-13,Alpine,003,1148,1,1,0,1,0
2020-05-13,Amador,005,37829,10,8,0,8,0
2020-05-13,Butte,007,227075,41,21,3,24,0
2020-05-13,Calaveras,009,45235,14,13,0,13,0
2020-05-13,Colusa,011,21464,3,3,0,3,0
2020-05-13,Contra Costa,013,1133247,1247,1082,1,1083,32
2020-05-13,Del Norte,015,27424,13,4,0,4,0
2020-05-13,El Dorado,017,186661,79,58,0,58,0
2020-05-13,Fresno,019,978130,2007,993,30,1023,10
2020-05-13,Glenn,021,27897,11,6,0,6,0
2020-05-13,Humboldt,023,135768,83,58,0,58,0
2020-05-13,Imperial,025,180216,1415,610,0,610,11
2020-05-13,Inyo,027,18085,19,20,0,20,1
2020-05-13,Kern,029,883053,1795,1390,3,1393,19
2020-05-13,Kings,031,150075,458,314,1,315,1
2020-05-13,Lake,033,64148,13,7,0,7,0
2020-05-13,Lassen,035,31185,4,0,2,2,0
2020-05-13,Los Angeles,037,10098052,43038,34574,21,34595,1643
2020-05-13,Madera,039,155013,144,69,1,70,2
2020-05-13,Marin,041,260295,307,278,1,279,14
2020-05-13,Mariposa,043,17540,15,15,0,15,0
2020-05-13,Mendocino,045,87422,13,10,0,10,0
2020-05-13,Merced,047,269075,299,176,0,176,3
2020-05-13,Modoc,049,8938,0,0,0,0,0
2020-05-13,Mono,051,14174,35,31,0,31,1
2020-05-13,Monterey,053,433212,383,309,1,310,6
2020-05-13,Napa,055,140530,102,81,0,81,3
2020-05-13,Nevada,057,99092,41,41,1,42,1
2020-05-13,Orange,059,3164182,5921,4025,46,4071,79
2020-05-13,Placer,061,380077,192,170,0,170,8
2020-05-13,Plumas,063,18699,4,4,0,4,0
2020-05-13,Riverside,065,2383286,6350,5204,18,5222,216
2020-05-13,Sacramento,067,1510023,1258,1173,0,1173,53
2020-05-13,San Benito,069,59416,61,55,0,55,2
2020-05-13,San Bernardino,071,2135413,3939,3064,3,3067,140
2020-05-13,San Diego,073,3302833,6350,5280,0,5280,194
2020-05-13,San Francisco,075,870044,2242,2004,0,2004,35
2020-05-13,San Joaquin,077,732212,733,639,3,642,31
2020-05-13,San Luis Obispo,079,281455,315,231,3,234,1
2020-05-13,San Mateo,081,765935,1842,1550,2,1552,66
2020-05-13,Santa Barbara,083,443738,1533,1382,8,1390,10
2020-05-13,Santa Clara,085,1922200,2983,2370,10,2380,132
2020-05-13,Santa Cruz,087,273765,166,142,0,142,2
2020-05-13,Shasta,089,179085,48,32,0,32,4
2020-05-13,Sierra,091,2930,0,0,0,0,0
2020-05-13,Siskiyou,093,43540,6,5,0,5,0
2020-05-13,Solano,095,438530,452,368,0,368,4
2020-05-13,Sonoma,097,501317,411,330,0,330,4
2020-05-13,Stanislaus,099,539301,603,521,4,525,15
2020-05-13,Sutter,101,95872,41,33,0,33,2
2020-05-13,Tehama,103,63373,3,1,0,1,1
2020-05-13,Trinity,105,12862,2,2,0,2,0
2020-05-13,Tulare,107,460477,1880,1283,7,1290,54
2020-05-13,Tuolumne,109,53932,3,2,0,2,0
2020-05-13,Ventura,111,848112,1120,742,5,747,25
2020-05-13,Yolo,113,214977,197,178,0,178,22
2020-05-13,Yuba,115,75493,24,19,0,19,1
2020-05-12,Alameda,001,1643700,2588,2146,3,2149,74
2020-05-12,Alpine,003,1148,1,1,0,1,0
2020-05-12,Amador,005,37829,10,8,0,8,0
2020-05-12,Butte,007,227075,39,20,3,23,0
2020-05-12,Calaveras,009,45235,13,13,0,13,0
2020-05-12,Colusa,011,21464,3,3,0,3,0
2020-05-12,Contra Costa,013,1133247,1216,1067,1,1068,32
2020-05-12,Del Norte,015,27424,10,3,0,3,0
2020-05-12,El Dorado,017,186661,76,56,0,56,0
2020-05-12,Fresno,019,978130,1923,978,28,1006,9
2020-05-12,Glenn,021,27897,10,6,0,6,0
2020-05-12,Humboldt,023,135768,80,58,0,58,0
2020-05-12,Imperial,025,180216,1286,602,0,602,9
2020-05-12,Inyo,027,18085,19,20,0,20,1
2020-05-12,Kern,029,883053,1754,1363,3,1366,18
2020-05-12,Kings,031,150075,437,302,1,303,1
2020-05-12,Lake,033,64148,13,7,0,7,0
2020-05-12,Lassen,035,31185,4,0,2,2,0
2020-05-12,Los Angeles,037,10098052,42045,33281,20,33301,1601
2020-05-12,Madera,039,155013,138,69,1,70,2
2020-05-12,Marin,041,260295,302,274,1,275,14
2020-05-12,Mariposa,043,17540,15,15,0,15,0
2020-05-12,Mendocino,045,87422,13,10,0,10,0
2020-05-12,Merced,047,269075,286,175,0,175,3
2020-05-12,Modoc,049,8938,0,0,0,0,0
2020-05-12,Mono,051,14174,35,31,0,31,1
2020-05-12,Monterey,053,433212,376,298,1,299,6
2020-05-12,Napa,055,140530,100,80,0,80,3
2020-05-12,Nevada,057,99092,41,41,1,42,1
2020-05-12,Orange,059,3164182,5738,3843,44,3887,78
2020-05-12,Placer,061,380077,191,170,0,170,8
2020-05-12,Plumas,063,18699,4,4,0,4,0
2020-05-12,Riverside,065,2383286,6227,5134,18,5152,210
2020-05-12,Sacramento,067,1510023,1238,1166,0,1166,52
2020-05-12,San Benito,069,59416,61,55,0,55,2
2020-05-12,San Bernardino,071,2135413,3787,2997,3,3000,131
2020-05-12,San Diego,073,3302833,6206,3,0,3,0
2020-05-12,San Francisco,075,870044,2207,1981,0,1981,35
2020-05-12,San Joaquin,077,732212,718,625,3,628,30
2020-05-12,San Luis Obispo,079,281455,312,226,3,229,1
2020-05-12,San Mateo,081,765935,1816,1533,2,1535,66
2020-05-12,Santa Barbara,083,443738,1502,1377,8,1385,10
2020-05-12,Santa Clara,085,1922200,2952,2362,10,2372,131
2020-05-12,Santa Cruz,087,273765,164,141,0,141,2
2020-05-12,Shasta,089,179085,47,33,0,33,4
2020-05-12,Sierra,091,2930,0,0,0,0,0
2020-05-12,Siskiyou,093,43540,6,5,0,5,0
2020-05-12,Solano,095,438530,444,361,0,361,4
2020-05-12,Sonoma,097,501317,388,308,0,308,4
2020-05-12,Stanislaus,099,539301,596,515,4,519,15
2020-05-12,Sutter,101,95872,41,33,0,33,2
2020-05-12,Tehama,103,63373,3,1,0,1,1
2020-05-12,Trinity,105,12862,2,1,0,1,0
2020-05-12,Tulare,107,460477,1848,1261,7,1268,52
2020-05-12,Tuolumne,109,53932,3,2,0,2,0
2020-05-12,Ventura,111,848112,1064,718,5,723,20
2020-05-12,Yolo,113,214977,196,176,0,176,22
2020-05-12,Yuba,115,75493,24,19,0,19,1
2020-05-11,Alameda,001,1643700,2538,2103,3,2106,71
2020-05-11,Alpine,003,1148,1,1,0,1,0
2020-05-11,Amador,005,37829,10,8,0,8,0
2020-05-11,Butte,007,227075,38,19,3,22,0
2020-05-11,Calaveras,009,45235,13,13,0,13,0
2020-05-11,Colusa,011,21464,3,3,0,3,0
2020-05-11,Contra Costa,013,1133247,1202,1052,1,1053,32
2020-05-11,Del Norte,015,27424,8,3,0,3,0
2020-05-11,El Dorado,017,186661,76,55,0,55,0
2020-05-11,Fresno,019,978130,1832,937,27,964,8
2020-05-11,Glenn,021,27897,10,6,0,6,0
2020-05-11,Humboldt,023,135768,77,56,0,56,0
2020-05-11,Imperial,025,180216,1180,562,0,562,9
2020-05-11,Inyo,027,18085,19,20,0,20,1
2020-05-11,Kern,029,883053,1702,1331,3,1334,17
2020-05-11,Kings,031,150075,414,289,0,289,1
2020-05-11,Lake,033,64148,12,7,0,7,0
2020-05-11,Lassen,035,31185,4,0,2,2,0
2020-05-11,Los Angeles,037,10098052,40863,32279,20,32299,1553
2020-05-11,Madera,039,155013,129,68,1,69,2
2020-05-11,Marin,041,260295,293,271,1,272,14
2020-05-11,Mariposa,043,17540,15,15,0,15,0
2020-05-11,Mendocino,045,87422,13,10,0,10,0
2020-05-11,Merced,047,269075,269,158,0,158,3
2020-05-11,Modoc,049,8938,0,0,0,0,0
2020-05-11,Mono,051,14174,35,30,0,30,1
2020-05-11,Monterey,053,433212,373,286,1,287,6
2020-05-11,Napa,055,140530,94,79,0,79,2
2020-05-11,Nevada,057,99092,41,41,1,42,1
2020-05-11,Orange,059,3164182,5523,3699,38,3737,77
2020-05-11,Placer,061,380077,191,170,0,170,8
2020-05-11,Plumas,063,18699,4,4,0,4,0
2020-05-11,Riverside,065,2383286,6069,5082,17,5099,203
2020-05-11,Sacramento,067,1510023,1223,1160,0,1160,52
2020-05-11,San Benito,069,59416,59,52,0,52,2
2020-05-11,San Bernardino,071,2135413,3676,2945,3,2948,124
2020-05-11,San Diego,073,3302833,6053,5067,0,5067,175
2020-05-11,San Francisco,075,870044,2161,1974,0,1974,35
2020-05-11,San Joaquin,077,732212,708,620,3,623,30
2020-05-11,San Luis Obispo,079,281455,310,224,3,227,1
2020-05-11,San Mateo,081,765935,1790,1499,2,1501,66
2020-05-11,Santa Barbara,083,443738,1491,1372,7,1379,10
2020-05-11,Santa Clara,085,1922200,2935,2340,10,2350,129
2020-05-11,Santa Cruz,087,273765,161,140,0,140,2
2020-05-11,Shasta,089,179085,47,31,0,31,4
2020-05-11,Sierra,091,2930,0,0,0,0,0
2020-05-11,Siskiyou,093,43540,6,5,0,5,0
2020-05-11,Solano,095,438530,439,354,0,354,4
2020-05-11,Sonoma,097,501317,378,303,0,303,3
2020-05-11,Stanislaus,099,539301,586,507,4,511,14
2020-05-11,Sutter,101,95872,40,32,0,32,2
2020-05-11,Tehama,103,63373,3,1,0,1,1
2020-05-11,Trinity,105,12862,2,1,0,1,0
2020-05-11,Tulare,107,460477,1799,1203,7,1210,49
2020-05-11,Tuolumne,109,53932,3,2,0,2,0
2020-05-11,Ventura,111,848112,1003,698,4,702,19
2020-05-11,Yolo,113,214977,196,174,0,174,20
2020-05-11,Yuba,115,75493,24,18,0,18,1
2020-05-10,Alameda,001,1643700,2461,2047,3,2050,71
2020-05-10,Alpine,003,1148,1,1,0,1,0
2020-05-10,Amador,005,37829,10,8,0,8,0
2020-05-10,Butte,007,227075,33,18,3,21,0
2020-05-10,Calaveras,009,45235,13,13,0,13,0
2020-05-10,Colusa,011,21464,3,3,0,3,0
2020-05-10,Contra Costa,013,1133247,1188,1046,0,1046,31
2020-05-10,Del Norte,015,27424,7,3,0,3,0
2020-05-10,El Dorado,017,186661,76,55,0,55,0
2020-05-10,Fresno,019,978130,1747,894,27,921,8
2020-05-10,Glenn,021,27897,10,6,0,6,0
2020-05-10,Humboldt,023,135768,73,56,0,56,0
2020-05-10,Imperial,025,180216,1086,509,0,509,7
2020-05-10,Inyo,027,18085,19,20,0,20,1
2020-05-10,Kern,029,883053,1651,1300,2,1302,16
2020-05-10,Kings,031,150075,401,266,0,266,1
2020-05-10,Lake,033,64148,12,7,0,7,0
2020-05-10,Lassen,035,31185,4,0,2,2,0
2020-05-10,Los Angeles,037,10098052,39603,31711,20,31731,1514
2020-05-10,Madera,039,155013,127,65,1,66,2
2020-05-10,Marin,041,260295,285,267,1,268,14
2020-05-10,Mariposa,043,17540,15,15,0,15,0
2020-05-10,Mendocino,045,87422,12,10,0,10,0
2020-05-10,Merced,047,269075,253,154,0,154,3
2020-05-10,Modoc,049,8938,0,0,0,0,0
2020-05-10,Mono,051,14174,35,27,0,27,1
2020-05-10,Monterey,053,433212,359,282,1,283,6
2020-05-10,Napa,055,140530,88,79,0,79,2
2020-05-10,Nevada,057,99092,41,41,1,42,1
2020-05-10,Orange,059,3164182,5380,3627,38,3665,76
2020-05-10,Placer,061,380077,190,168,0,168,8
2020-05-10,Plumas,063,18699,4,4,0,4,0
2020-05-10,Riverside,065,2383286,5947,4951,17,4968,193
2020-05-10,Sacramento,067,1510023,1207,1152,0,1152,52
2020-05-10,San Benito,069,59416,59,52,0,52,2
2020-05-10,San Bernardino,071,2135413,3578,2910,3,2913,121
2020-05-10,San Diego,073,3302833,5901,4928,0,4928,175
2020-05-10,San Francisco,075,870044,2143,1953,0,1953,35
2020-05-10,San Joaquin,077,732212,693,611,3,614,29
2020-05-10,San Luis Obispo,079,281455,307,218,3,221,1
2020-05-10,San Mateo,081,765935,1768,1463,2,1465,65
2020-05-10,Santa Barbara,083,443738,1480,1323,7,1330,10
2020-05-10,Santa Clara,085,1922200,2908,2331,10,2341,129
2020-05-10,Santa Cruz,087,273765,160,139,0,139,2
2020-05-10,Shasta,089,179085,47,31,0,31,4
2020-05-10,Sierra,091,2930,0,0,0,0,0
2020-05-10,Siskiyou,093,43540,5,5,0,5,0
2020-05-10,Solano,095,438530,429,322,0,322,4
2020-05-10,Sonoma,097,501317,368,290,0,290,3
2020-05-10,Stanislaus,099,539301,579,498,4,502,14
2020-05-10,Sutter,101,95872,37,31,0,31,2
2020-05-10,Tehama,103,63373,3,1,0,1,1
2020-05-10,Trinity,105,12862,2,1,0,1,0
2020-05-10,Tulare,107,460477,1728,1143,7,1150,47
2020-05-10,Tuolumne,109,53932,3,2,0,2,0
2020-05-10,Ventura,111,848112,945,690,2,692,19
2020-05-10,Yolo,113,214977,196,173,0,173,20
2020-05-10,Yuba,115,75493,23,17,0,17,1
2020-05-09,Alameda,001,1643700,2418,2011,3,2014,71
2020-05-09,Alpine,003,1148,1,1,0,1,0
2020-05-09,Amador,005,37829,9,8,0,8,0
2020-05-09,Butte,007,227075,32,18,3,21,0
2020-05-09,Calaveras,009,45235,13,13,0,13,0
2020-05-09,Colusa,011,21464,3,3,0,3,0
2020-05-09,Contra Costa,013,1133247,1174,1039,0,1039,31
2020-05-09,Del Norte,015,27424,7,3,0,3,0
2020-05-09,El Dorado,017,186661,73,54,0,54,0
2020-05-09,Fresno,019,978130,1709,861,26,887,8
2020-05-09,Glenn,021,27897,9,6,0,6,0
2020-05-09,Humboldt,023,135768,71,55,0,55,0
2020-05-09,Imperial,025,180216,1029,474,0,474,7
2020-05-09,Inyo,027,18085,19,20,0,20,1
2020-05-09,Kern,029,883053,1615,1262,1,1263,15
2020-05-09,Kings,031,150075,396,264,0,264,1
2020-05-09,Lake,033,64148,12,7,0,7,0
2020-05-09,Lassen,035,31185,4,0,2,2,0
2020-05-09,Los Angeles,037,10098052,38981,31268,20,31288,1499
2020-05-09,Madera,039,155013,126,61,1,62,2
2020-05-09,Marin,041,260295,284,261,1,262,14
2020-05-09,Mariposa,043,17540,15,15,0,15,0
2020-05-09,Mendocino,045,87422,12,10,0,10,0
2020-05-09,Merced,047,269075,249,153,0,153,3
2020-05-09,Modoc,049,8938,0,0,0,0,0
2020-05-09,Mono,051,14174,35,27,0,27,1
2020-05-09,Monterey,053,433212,352,273,0,273,6
2020-05-09,Napa,055,140530,87,78,0,78,2
2020-05-09,Nevada,057,99092,41,41,1,42,1
2020-05-09,Orange,059,3164182,5297,3506,38,3544,75
2020-05-09,Placer,061,380077,189,168,0,168,8
2020-05-09,Plumas,063,18699,4,4,0,4,0
2020-05-09,Riverside,065,2383286,5852,4871,17,4888,183
2020-05-09,Sacramento,067,1510023,1203,1150,0,1150,52
2020-05-09,San Benito,069,59416,58,52,0,52,2
2020-05-09,San Bernardino,071,2135413,3522,2825,3,2828,121
2020-05-09,San Diego,073,3302833,5789,4778,0,4778,175
2020-05-09,San Francisco,075,870044,2128,1944,0,1944,34
2020-05-09,San Joaquin,077,732212,684,605,3,608,28
2020-05-09,San Luis Obispo,079,281455,303,213,3,216,1
2020-05-09,San Mateo,081,765935,1749,1453,2,1455,65
2020-05-09,Santa Barbara,083,443738,1472,1245,7,1252,10
2020-05-09,Santa Clara,085,1922200,2894,2317,10,2327,128
2020-05-09,Santa Cruz,087,273765,159,138,0,138,2
2020-05-09,Shasta,089,179085,47,31,0,31,4
2020-05-09,Sierra,091,2930,0,0,0,0,0
2020-05-09,Siskiyou,093,43540,5,5,0,5,0
2020-05-09,Solano,095,438530,423,321,0,321,4
2020-05-09,Sonoma,097,501317,364,288,0,288,3
2020-05-09,Stanislaus,099,539301,571,491,4,495,12
2020-05-09,Sutter,101,95872,37,31,0,31,2
2020-05-09,Tehama,103,63373,2,1,0,1,1
2020-05-09,Trinity,105,12862,2,1,0,1,0
2020-05-09,Tulare,107,460477,1700,1083,7,1090,47
2020-05-09,Tuolumne,109,53932,3,2,0,2,0
2020-05-09,Ventura,111,848112,924,679,2,681,19
2020-05-09,Yolo,113,214977,196,172,0,172,18
2020-05-09,Yuba,115,75493,23,17,0,17,1
2020-05-08,Alameda,001,1643700,2375,1955,3,1958,70
2020-05-08,Alpine,003,1148,1,1,0,1,0
2020-05-08,Amador,005,37829,9,8,0,8,0
2020-05-08,Butte,007,227075,32,18,3,21,0
2020-05-08,Calaveras,009,45235,13,13,0,13,0
2020-05-08,Colusa,011,21464,3,3,0,3,0
2020-05-08,Contra Costa,013,1133247,1162,1024,0,1024,29
2020-05-08,Del Norte,015,27424,7,3,0,3,0
2020-05-08,El Dorado,017,186661,72,54,0,54,0
2020-05-08,Fresno,019,978130,1667,838,24,862,8
2020-05-08,Glenn,021,27897,8,6,0,6,0
2020-05-08,Humboldt,023,135768,68,54,0,54,0
2020-05-08,Imperial,025,180216,983,467,0,467,7
2020-05-08,Inyo,027,18085,19,20,0,20,1
2020-05-08,Kern,029,883053,1584,1214,1,1215,13
2020-05-08,Kings,031,150075,387,236,0,236,1
2020-05-08,Lake,033,64148,12,7,0,7,0
2020-05-08,Lassen,035,31185,4,0,2,2,0
2020-05-08,Los Angeles,037,10098052,38247,30357,20,30377,1447
2020-05-08,Madera,039,155013,123,57,1,58,2
2020-05-08,Marin,041,260295,284,257,1,258,14
2020-05-08,Mariposa,043,17540,15,15,0,15,0
2020-05-08,Mendocino,045,87422,12,10,0,10,0
2020-05-08,Merced,047,269075,248,151,0,151,3
2020-05-08,Modoc,049,8938,0,0,0,0,0
2020-05-08,Mono,051,14174,32,27,0,27,1
2020-05-08,Monterey,053,433212,344,265,0,265,6
2020-05-08,Napa,055,140530,86,78,0,78,2
2020-05-08,Nevada,057,99092,41,41,1,42,1
2020-05-08,Orange,059,3164182,5150,3395,38,3433,72
2020-05-08,Placer,061,380077,187,166,0,166,8
2020-05-08,Plumas,063,18699,4,4,0,4,0
2020-05-08,Riverside,065,2383286,5752,4672,16,4688,181
2020-05-08,Sacramento,067,1510023,1198,1145,0,1145,51
2020-05-08,San Benito,069,59416,58,51,0,51,2
2020-05-08,San Bernardino,071,2135413,3474,2631,3,2634,119
2020-05-08,San Diego,073,3302833,5682,4664,0,4664,169
2020-05-08,San Francisco,075,870044,2110,1890,0,1890,33
2020-05-08,San Joaquin,077,732212,677,595,3,598,28
2020-05-08,San Luis Obispo,079,281455,300,210,3,213,1
2020-05-08,San Mateo,081,765935,1664,1423,2,1425,62
2020-05-08,Santa Barbara,083,443738,1463,1054,5,1059,8
2020-05-08,Santa Clara,085,1922200,2871,2285,10,2295,128
2020-05-08,Santa Cruz,087,273765,155,137,0,137,2
2020-05-08,Shasta,089,179085,47,31,0,31,4
2020-05-08,Sierra,091,2930,0,0,0,0,0
2020-05-08,Siskiyou,093,43540,5,5,0,5,0
2020-05-08,Solano,095,438530,418,314,0,314,4
2020-05-08,Sonoma,097,501317,359,285,0,285,3
2020-05-08,Stanislaus,099,539301,557,487,4,491,12
2020-05-08,Sutter,101,95872,37,30,0,30,2
2020-05-08,Tehama,103,63373,2,1,0,1,1
2020-05-08,Trinity,105,12862,2,0,0,0,0
2020-05-08,Tulare,107,460477,1655,1050,6,1056,43
2020-05-08,Tuolumne,109,53932,3,2,0,2,0
2020-05-08,Ventura,111,848112,906,665,2,667,19
2020-05-08,Yolo,113,214977,195,172,0,172,18
2020-05-08,Yuba,115,75493,22,16,0,16,1
2020-05-07,Alameda,001,1643700,2315,1914,3,1917,68
2020-05-07,Alpine,003,1148,1,1,0,1,0
2020-05-07,Amador,005,37829,9,8,0,8,0
2020-05-07,Butte,007,227075,32,19,3,22,0
2020-05-07,Calaveras,009,45235,13,13,0,13,0
2020-05-07,Colusa,011,21464,3,3,0,3,0
2020-05-07,Contra Costa,013,1133247,1148,1005,0,1005,29
2020-05-07,Del Norte,015,27424,6,3,0,3,0
2020-05-07,El Dorado,017,186661,71,54,0,54,0
2020-05-07,Fresno,019,978130,1581,812,23,835,8
2020-05-07,Glenn,021,27897,8,5,0,5,0
2020-05-07,Humboldt,023,135768,67,54,0,54,0
2020-05-07,Imperial,025,180216,919,442,0,442,6
2020-05-07,Inyo,027,18085,19,20,0,20,1
2020-05-07,Kern,029,883053,1540,1176,1,1177,13
2020-05-07,Kings,031,150075,364,219,0,219,1
2020-05-07,Lake,033,64148,11,7,0,7,0
2020-05-07,Lassen,035,31185,4,0,2,2,0
2020-05-07,Los Angeles,037,10098052,37125,29544,20,29564,1399
2020-05-07,Madera,039,155013,119,54,1,55,2
2020-05-07,Marin,041,260295,277,252,1,253,14
2020-05-07,Mariposa,043,17540,15,15,0,15,0
2020-05-07,Mendocino,045,87422,12,10,0,10,0
2020-05-07,Merced,047,269075,236,146,0,146,3
2020-05-07,Modoc,049,8938,0,0,0,0,0
2020-05-07,Mono,051,14174,32,26,0,26,1
2020-05-07,Monterey,053,433212,336,249,0,249,6
2020-05-07,Napa,055,140530,86,78,0,78,2
2020-05-07,Nevada,057,99092,41,41,1,42,1
2020-05-07,Orange,059,3164182,4965,3283,37,3320,69
2020-05-07,Placer,061,380077,187,165,0,165,8
2020-05-07,Plumas,063,18699,4,4,0,4,0
2020-05-07,Riverside,065,2383286,5636,4608,16,4624,170
2020-05-07,Sacramento,067,1510023,1192,1139,0,1139,50
2020-05-07,San Benito,069,59416,58,50,0,50,2
2020-05-07,San Bernardino,071,2135413,3382,2522,3,2525,115
2020-05-07,San Diego,073,3302833,5525,4431,0,4431,165
2020-05-07,San Francisco,075,870044,2079,1852,0,1852,33
2020-05-07,San Joaquin,077,732212,664,583,3,586,28
2020-05-07,San Luis Obispo,079,281455,289,209,3,212,1
2020-05-07,San Mateo,081,765935,1642,1398,2,1400,58
2020-05-07,Santa Barbara,083,443738,1436,720,4,724,8
2020-05-07,Santa Clara,085,1922200,2833,2281,10,2291,127
2020-05-07,Santa Cruz,087,273765,152,136,0,136,2
2020-05-07,Shasta,089,179085,46,31,0,31,4
2020-05-07,Sierra,091,2930,0,0,0,0,0
2020-05-07,Siskiyou,093,43540,5,5,0,5,0
2020-05-07,Solano,095,438530,412,307,0,307,4
2020-05-07,Sonoma,097,501317,347,282,0,282,3
2020-05-07,Stanislaus,099,539301,548,466,4,470,10
2020-05-07,Sutter,101,95872,37,29,0,29,2
2020-05-07,Tehama,103,63373,2,1,0,1,1
2020-05-07,Trinity,105,12862,2,0,0,0,0
2020-05-07,Tulare,107,460477,1587,1001,6,1007,41
2020-05-07,Tuolumne,109,53932,3,2,0,2,0
2020-05-07,Ventura,111,848112,882,647,1,648,19
2020-05-07,Yolo,113,214977,194,172,0,172,18
2020-05-07,Yuba,115,75493,22,16,0,16,1
2020-05-06,Alameda,001,1643700,2277,1864,3,1867,67
2020-05-06,Alpine,003,1148,1,1,0,1,0
2020-05-06,Amador,005,37829,9,8,0,8,0
2020-05-06,Butte,007,227075,31,19,3,22,0
2020-05-06,Calaveras,009,45235,13,13,0,13,0
2020-05-06,Colusa,011,21464,3,3,0,3,0
2020-05-06,Contra Costa,013,1133247,1127,990,0,990,29
2020-05-06,Del Norte,015,27424,6,3,0,3,0
2020-05-06,El Dorado,017,186661,69,53,0,53,0
2020-05-06,Fresno,019,978130,1518,773,21,794,8
2020-05-06,Glenn,021,27897,8,3,0,3,0
2020-05-06,Humboldt,023,135768,66,54,0,54,0
2020-05-06,Imperial,025,180216,851,399,0,399,6
2020-05-06,Inyo,027,18085,19,20,0,20,1
2020-05-06,Kern,029,883053,1484,1112,1,1113,12
2020-05-06,Kings,031,150075,346,208,0,208,1
2020-05-06,Lake,033,64148,11,7,0,7,0
2020-05-06,Lassen,035,31185,4,0,2,2,0
2020-05-06,Los Angeles,037,10098052,36120,28687,20,28707,1347
2020-05-06,Madera,039,155013,117,55,1,56,2
2020-05-06,Marin,041,260295,270,244,1,245,14
2020-05-06,Mariposa,043,17540,15,14,0,14,0
2020-05-06,Mendocino,045,87422,12,10,0,10,0
2020-05-06,Merced,047,269075,229,140,0,140,3
2020-05-06,Modoc,049,8938,0,0,0,0,0
2020-05-06,Mono,051,14174,32,26,0,26,1
2020-05-06,Monterey,053,433212,328,246,0,246,6
2020-05-06,Napa,055,140530,85,78,0,78,2
2020-05-06,Nevada,057,99092,41,41,1,42,1
2020-05-06,Orange,059,3164182,4781,3156,36,3192,66
2020-05-06,Placer,061,380077,184,164,0,164,8
2020-05-06,Plumas,063,18699,4,4,0,4,0
2020-05-06,Riverside,065,2383286,5492,4535,16,4551,163
2020-05-06,Sacramento,067,1510023,1186,1135,0,1135,49
2020-05-06,San Benito,069,59416,57,50,0,50,2
2020-05-06,San Bernardino,071,2135413,3260,2426,2,2428,110
2020-05-06,San Diego,073,3302833,5392,4321,0,4321,158
2020-05-06,San Francisco,075,870044,2054,1804,0,1804,32
2020-05-06,San Joaquin,077,732212,651,581,3,584,28
2020-05-06,San Luis Obispo,079,281455,285,207,3,210,1
2020-05-06,San Mateo,081,765935,1611,1348,2,1350,57
2020-05-06,Santa Barbara,083,443738,1395,565,3,568,8
2020-05-06,Santa Clara,085,1922200,2816,2270,9,2279,127
2020-05-06,Santa Cruz,087,273765,149,135,0,135,2
2020-05-06,Shasta,089,179085,45,31,0,31,4
2020-05-06,Sierra,091,2930,0,0,0,0,0
2020-05-06,Siskiyou,093,43540,5,5,0,5,0
2020-05-06,Solano,095,438530,402,300,0,300,4
2020-05-06,Sonoma,097,501317,331,269,0,269,3
2020-05-06,Stanislaus,099,539301,532,434,4,438,9
2020-05-06,Sutter,101,95872,37,29,0,29,2
2020-05-06,Tehama,103,63373,2,1,0,1,1
2020-05-06,Trinity,105,12862,2,0,0,0,0
2020-05-06,Tulare,107,460477,1539,963,6,969,40
2020-05-06,Tuolumne,109,53932,3,2,0,2,0
2020-05-06,Ventura,111,848112,855,619,1,620,19
2020-05-06,Yolo,113,214977,193,172,0,172,18
2020-05-06,Yuba,115,75493,22,15,0,15,1
2020-05-05,Alameda,001,1643700,2234,1819,3,1822,67
2020-05-05,Alpine,003,1148,1,1,0,1,0
2020-05-05,Amador,005,37829,9,8,0,8,0
2020-05-05,Butte,007,227075,30,19,3,22,0
2020-05-05,Calaveras,009,45235,13,13,0,13,0
2020-05-05,Colusa,011,21464,3,3,0,3,0
2020-05-05,Contra Costa,013,1133247,1109,976,0,976,29
2020-05-05,Del Norte,015,27424,6,3,0,3,0
2020-05-05,El Dorado,017,186661,67,54,0,54,0
2020-05-05,Fresno,019,978130,1445,726,19,745,8
2020-05-05,Glenn,021,27897,8,3,0,3,0
2020-05-05,Humboldt,023,135768,63,54,0,54,0
2020-05-05,Imperial,025,180216,795,389,0,389,6
2020-05-05,Inyo,027,18085,19,20,0,20,1
2020-05-05,Kern,029,883053,1432,1084,1,1085,11
2020-05-05,Kings,031,150075,328,187,0,187,1
2020-05-05,Lake,033,64148,10,7,0,7,0
2020-05-05,Lassen,035,31185,4,0,2,2,0
2020-05-05,Los Angeles,037,10098052,35053,27867,20,27887,1289
2020-05-05,Madera,039,155013,113,53,1,54,2
2020-05-05,Marin,041,260295,264,244,1,245,14
2020-05-05,Mariposa,043,17540,15,14,0,14,0
2020-05-05,Mendocino,045,87422,12,10,0,10,0
2020-05-05,Merced,047,269075,224,141,0,141,3
2020-05-05,Modoc,049,8938,0,0,0,0,0
2020-05-05,Mono,051,14174,32,25,0,25,1
2020-05-05,Monterey,053,433212,314,240,0,240,6
2020-05-05,Napa,055,140530,85,74,0,74,2
2020-05-05,Nevada,057,99092,41,41,1,42,1
2020-05-05,Orange,059,3164182,4657,3041,36,3077,63
2020-05-05,Placer,061,380077,184,162,0,162,8
2020-05-05,Plumas,063,18699,4,4,0,4,0
2020-05-05,Riverside,065,2383286,5382,4309,16,4325,161
2020-05-05,Sacramento,067,1510023,1179,1125,0,1125,48
2020-05-05,San Benito,069,59416,56,50,0,50,2
2020-05-05,San Bernardino,071,2135413,3167,2345,2,2347,104
2020-05-05,San Diego,073,3302833,5249,4162,0,4162,150
2020-05-05,San Francisco,075,870044,2019,1779,0,1779,31
2020-05-05,San Joaquin,077,732212,642,577,3,580,26
2020-05-05,San Luis Obispo,079,281455,283,203,3,206,1
2020-05-05,San Mateo,081,765935,1579,1335,2,1337,56
2020-05-05,Santa Barbara,083,443738,1174,541,3,544,7
2020-05-05,Santa Clara,085,1922200,2770,2249,8,2257,124
2020-05-05,Santa Cruz,087,273765,146,134,0,134,2
2020-05-05,Shasta,089,179085,44,31,0,31,4
2020-05-05,Sierra,091,2930,0,0,0,0,0
2020-05-05,Siskiyou,093,43540,5,5,0,5,0
2020-05-05,Solano,095,438530,386,299,0,299,4
2020-05-05,Sonoma,097,501317,328,263,0,263,3
2020-05-05,Stanislaus,099,539301,520,430,4,434,9
2020-05-05,Sutter,101,95872,36,29,0,29,2
2020-05-05,Tehama,103,63373,2,1,0,1,1
2020-05-05,Trinity,105,12862,2,0,0,0,0
2020-05-05,Tulare,107,460477,1441,869,6,875,40
2020-05-05,Tuolumne,109,53932,3,2,0,2,0
2020-05-05,Ventura,111,848112,831,607,1,608,19
2020-05-05,Yolo,113,214977,191,171,0,171,18
2020-05-05,Yuba,115,75493,22,15,0,15,1
2020-05-04,Alameda,001,1643700,2176,1762,2,1764,65
2020-05-04,Alpine,003,1148,1,1,0,1,0
2020-05-04,Amador,005,37829,8,8,0,8,0
2020-05-04,Butte,007,227075,29,16,2,18,0
2020-05-04,Calaveras,009,45235,13,13,0,13,0
2020-05-04,Colusa,011,21464,3,3,0,3,0
2020-05-04,Contra Costa,013,1133247,1091,949,0,949,28
2020-05-04,Del Norte,015,27424,5,3,0,3,0
2020-05-04,El Dorado,017,186661,66,51,0,51,0
2020-05-04,Fresno,019,978130,1375,680,18,698,8
2020-05-04,Glenn,021,27897,8,4,0,4,0
2020-05-04,Humboldt,023,135768,61,54,0,54,0
2020-05-04,Imperial,025,180216,744,351,0,351,6
2020-05-04,Inyo,027,18085,19,20,0,20,1
2020-05-04,Kern,029,883053,1390,1047,1,1048,8
2020-05-04,Kings,031,150075,311,153,0,153,1
2020-05-04,Lake,033,64148,9,7,0,7,0
2020-05-04,Lassen,035,31185,3,0,2,2,0
2020-05-04,Los Angeles,037,10098052,33769,26243,18,26261,1235
2020-05-04,Madera,039,155013,110,52,1,53,2
2020-05-04,Marin,041,260295,259,244,1,245,13
2020-05-04,Mariposa,043,17540,15,13,0,13,0
2020-05-04,Mendocino,045,87422,12,10,0,10,0
2020-05-04,Merced,047,269075,224,138,0,138,3
2020-05-04,Modoc,049,8938,0,0,0,0,0
2020-05-04,Mono,051,14174,32,25,0,25,1
2020-05-04,Monterey,053,433212,303,237,0,237,6
2020-05-04,Napa,055,140530,85,72,0,72,2
2020-05-04,Nevada,057,99092,41,41,1,42,1
2020-05-04,Orange,059,3164182,4519,2931,33,2964,57
2020-05-04,Placer,061,380077,182,162,0,162,8
2020-05-04,Plumas,063,18699,4,4,0,4,0
2020-05-04,Riverside,065,2383286,5288,4221,16,4237,147
2020-05-04,Sacramento,067,1510023,1169,1119,0,1119,44
2020-05-04,San Benito,069,59416,54,49,0,49,2
2020-05-04,San Bernardino,071,2135413,3027,2184,2,2186,99
2020-05-04,San Diego,073,3302833,5108,4022,0,4022,144
2020-05-04,San Francisco,075,870044,1981,1760,0,1760,31
2020-05-04,San Joaquin,077,732212,628,574,3,577,26
2020-05-04,San Luis Obispo,079,281455,280,202,3,205,1
2020-05-04,San Mateo,081,765935,1554,1313,2,1315,53
2020-05-04,Santa Barbara,083,443738,927,524,3,527,7
2020-05-04,Santa Clara,085,1922200,2755,2238,8,2246,119
2020-05-04,Santa Cruz,087,273765,145,133,0,133,2
2020-05-04,Shasta,089,179085,42,31,0,31,4
2020-05-04,Sierra,091,2930,0,0,0,0,0
2020-05-04,Siskiyou,093,43540,5,5,0,5,0
2020-05-04,Solano,095,438530,372,293,0,293,4
2020-05-04,Sonoma,097,501317,314,256,0,256,4
2020-05-04,Stanislaus,099,539301,514,422,4,426,8
2020-05-04,Sutter,101,95872,33,28,0,28,2
2020-05-04,Tehama,103,63373,2,1,0,1,1
2020-05-04,Trinity,105,12862,1,0,0,0,0
2020-05-04,Tulare,107,460477,1362,760,6,766,40
2020-05-04,Tuolumne,109,53932,3,3,0,3,0
2020-05-04,Ventura,111,848112,810,590,1,591,19
2020-05-04,Yolo,113,214977,190,171,0,171,18
2020-05-04,Yuba,115,75493,19,16,0,16,1
2020-05-03,Alameda,001,1643700,2118,1731,2,1733,64
2020-05-03,Alpine,003,1148,1,1,0,1,0
2020-05-03,Amador,005,37829,8,8,0,8,0
2020-05-03,Butte,007,227075,29,17,2,19,0
2020-05-03,Calaveras,009,45235,13,13,0,13,0
2020-05-03,Colusa,011,21464,3,3,0,3,0
2020-05-03,Contra Costa,013,1133247,1075,945,0,945,28
2020-05-03,Del Norte,015,27424,5,3,0,3,0
2020-05-03,El Dorado,017,186661,64,49,0,49,0
2020-05-03,Fresno,019,978130,1282,646,15,661,8
2020-05-03,Glenn,021,27897,7,5,0,5,0
2020-05-03,Humboldt,023,135768,60,54,0,54,0
2020-05-03,Imperial,025,180216,688,351,0,351,6
2020-05-03,Inyo,027,18085,19,20,0,20,1
2020-05-03,Kern,029,883053,1335,1025,1,1026,8
2020-05-03,Kings,031,150075,291,137,0,137,1
2020-05-03,Lake,033,64148,9,7,0,7,0
2020-05-03,Lassen,035,31185,3,0,2,2,0
2020-05-03,Los Angeles,037,10098052,32812,25708,17,25725,1210
2020-05-03,Madera,039,155013,103,46,1,47,2
2020-05-03,Marin,041,260295,254,243,1,244,13
2020-05-03,Mariposa,043,17540,15,13,0,13,0
2020-05-03,Mendocino,045,87422,12,10,0,10,0
2020-05-03,Merced,047,269075,217,134,0,134,3
2020-05-03,Modoc,049,8938,0,0,0,0,0
2020-05-03,Mono,051,14174,32,25,0,25,1
2020-05-03,Monterey,053,433212,294,235,0,235,6
2020-05-03,Napa,055,140530,85,72,0,72,2
2020-05-03,Nevada,057,99092,41,41,1,42,1
2020-05-03,Orange,059,3164182,4345,2859,32,2891,55
2020-05-03,Placer,061,380077,182,161,0,161,8
2020-05-03,Plumas,063,18699,4,4,0,4,0
2020-05-03,Riverside,065,2383286,5183,4034,16,4050,139
2020-05-03,Sacramento,067,1510023,1160,1109,0,1109,43
2020-05-03,San Benito,069,59416,54,49,0,49,2
2020-05-03,San Bernardino,071,2135413,2967,2123,2,2125,99
2020-05-03,San Diego,073,3302833,4971,3929,0,3929,142
2020-05-03,San Francisco,075,870044,1952,1692,0,1692,30
2020-05-03,San Joaquin,077,732212,621,570,3,573,26
2020-05-03,San Luis Obispo,079,281455,277,200,3,203,1
2020-05-03,San Mateo,081,765935,1526,1277,2,1279,53
2020-05-03,Santa Barbara,083,443738,568,512,3,515,7
2020-05-03,Santa Clara,085,1922200,2718,2235,8,2243,116
2020-05-03,Santa Cruz,087,273765,145,133,0,133,2
2020-05-03,Shasta,089,179085,40,31,0,31,4
2020-05-03,Sierra,091,2930,0,0,0,0,0
2020-05-03,Siskiyou,093,43540,5,5,0,5,0
2020-05-03,Solano,095,438530,362,266,0,266,4
2020-05-03,Sonoma,097,501317,305,254,0,254,4
2020-05-03,Stanislaus,099,539301,486,411,4,415,8
2020-05-03,Sutter,101,95872,31,28,0,28,2
2020-05-03,Tehama,103,63373,2,1,0,1,1
2020-05-03,Trinity,105,12862,1,0,0,0,0
2020-05-03,Tulare,107,460477,1283,736,6,742,40
2020-05-03,Tuolumne,109,53932,3,3,0,3,0
2020-05-03,Ventura,111,848112,776,583,1,584,19
2020-05-03,Yolo,113,214977,189,171,0,171,18
2020-05-03,Yuba,115,75493,19,16,0,16,1
2020-05-02,Alameda,001,1643700,2081,1678,2,1680,63
2020-05-02,Alpine,003,1148,1,1,0,1,0
2020-05-02,Amador,005,37829,8,8,0,8,0
2020-05-02,Butte,007,227075,29,17,2,19,0
2020-05-02,Calaveras,009,45235,13,13,0,13,0
2020-05-02,Colusa,011,21464,3,3,0,3,0
2020-05-02,Contra Costa,013,1133247,1057,929,0,929,28
2020-05-02,Del Norte,015,27424,5,3,0,3,0
2020-05-02,El Dorado,017,186661,64,47,0,47,0
2020-05-02,Fresno,019,978130,1257,629,14,643,8
2020-05-02,Glenn,021,27897,7,5,0,5,0
2020-05-02,Humboldt,023,135768,60,54,0,54,0
2020-05-02,Imperial,025,180216,661,345,0,345,6
2020-05-02,Inyo,027,18085,19,20,0,20,1
2020-05-02,Kern,029,883053,1309,1007,1,1008,8
2020-05-02,Kings,031,150075,288,120,0,120,1
2020-05-02,Lake,033,64148,9,7,0,7,0
2020-05-02,Lassen,035,31185,3,0,2,2,0
2020-05-02,Los Angeles,037,10098052,32282,24955,17,24972,1192
2020-05-02,Madera,039,155013,103,46,1,47,2
2020-05-02,Marin,041,260295,253,243,1,244,13
2020-05-02,Mariposa,043,17540,15,13,0,13,0
2020-05-02,Mendocino,045,87422,12,10,0,10,0
2020-05-02,Merced,047,269075,212,131,0,131,3
2020-05-02,Modoc,049,8938,0,0,0,0,0
2020-05-02,Mono,051,14174,32,25,0,25,1
2020-05-02,Monterey,053,433212,288,225,0,225,5
2020-05-02,Napa,055,140530,85,71,0,71,2
2020-05-02,Nevada,057,99092,41,41,1,42,1
2020-05-02,Orange,059,3164182,4231,2774,32,2806,52
2020-05-02,Placer,061,380077,180,150,0,150,8
2020-05-02,Plumas,063,18699,4,4,0,4,0
2020-05-02,Riverside,065,2383286,5117,3997,16,4013,137
2020-05-02,Sacramento,067,1510023,1157,1097,0,1097,43
2020-05-02,San Benito,069,59416,54,49,0,49,2
2020-05-02,San Bernardino,071,2135413,2928,2124,2,2126,99
2020-05-02,San Diego,073,3302833,4869,3844,0,3844,138
2020-05-02,San Francisco,075,870044,1929,1632,0,1632,29
2020-05-02,San Joaquin,077,732212,613,559,3,562,25
2020-05-02,San Luis Obispo,079,281455,271,193,3,196,1
2020-05-02,San Mateo,081,765935,1510,1272,2,1274,52
2020-05-02,Santa Barbara,083,443738,560,506,3,509,7
2020-05-02,Santa Clara,085,1922200,2708,2203,8,2211,115
2020-05-02,Santa Cruz,087,273765,144,131,0,131,2
2020-05-02,Shasta,089,179085,40,31,0,31,4
2020-05-02,Sierra,091,2930,0,0,0,0,0
2020-05-02,Siskiyou,093,43540,5,5,0,5,0
2020-05-02,Solano,095,438530,355,267,0,267,4
2020-05-02,Sonoma,097,501317,302,250,0,250,3
2020-05-02,Stanislaus,099,539301,478,388,4,392,8
2020-05-02,Sutter,101,95872,31,28,0,28,2
2020-05-02,Tehama,103,63373,2,1,0,1,1
2020-05-02,Trinity,105,12862,1,0,0,0,0
2020-05-02,Tulare,107,460477,1240,711,6,717,35
2020-05-02,Tuolumne,109,53932,3,3,0,3,0
2020-05-02,Ventura,111,848112,762,564,1,565,19
2020-05-02,Yolo,113,214977,189,169,0,169,17
2020-05-02,Yuba,115,75493,19,16,0,16,1
2020-05-01,Alameda,001,1643700,2043,1630,2,1632,63
2020-05-01,Alpine,003,1148,1,1,0,1,0
2020-05-01,Amador,005,37829,8,8,0,8,0
2020-05-01,Butte,007,227075,29,17,2,19,0
2020-05-01,Calaveras,009,45235,13,13,0,13,0
2020-05-01,Colusa,011,21464,3,3,0,3,0
2020-05-01,Contra Costa,013,1133247,1043,915,0,915,28
2020-05-01,Del Norte,015,27424,5,3,0,3,0
2020-05-01,El Dorado,017,186661,64,47,0,47,0
2020-05-01,Fresno,019,978130,1226,617,14,631,7
2020-05-01,Glenn,021,27897,7,4,0,4,0
2020-05-01,Humboldt,023,135768,60,54,0,54,0
2020-05-01,Imperial,025,180216,624,337,0,337,6
2020-05-01,Inyo,027,18085,19,20,0,20,1
2020-05-01,Kern,029,883053,1282,972,1,973,8
2020-05-01,Kings,031,150075,271,112,0,112,1
2020-05-01,Lake,033,64148,9,6,0,6,0
2020-05-01,Lassen,035,31185,3,0,2,2,0
2020-05-01,Los Angeles,037,10098052,31525,24306,17,24323,1155
2020-05-01,Madera,039,155013,99,46,1,47,2
2020-05-01,Marin,041,260295,253,242,1,243,13
2020-05-01,Mariposa,043,17540,15,10,0,10,0
2020-05-01,Mendocino,045,87422,12,11,0,11,0
2020-05-01,Merced,047,269075,209,131,0,131,3
2020-05-01,Modoc,049,8938,0,0,0,0,0
2020-05-01,Mono,051,14174,32,25,0,25,1
2020-05-01,Monterey,053,433212,284,222,0,222,5
2020-05-01,Napa,055,140530,85,69,0,69,2
2020-05-01,Nevada,057,99092,41,41,1,42,1
2020-05-01,Orange,059,3164182,4154,2660,30,2690,51
2020-05-01,Placer,061,380077,179,149,0,149,8
2020-05-01,Plumas,063,18699,4,4,0,4,0
2020-05-01,Riverside,065,2383286,5053,3893,16,3909,132
2020-05-01,Sacramento,067,1510023,1152,1081,0,1081,43
2020-05-01,San Benito,069,59416,54,49,0,49,2
2020-05-01,San Bernardino,071,2135413,2873,2084,2,2086,98
2020-05-01,San Diego,073,3302833,4778,3713,0,3713,134
2020-05-01,San Francisco,075,870044,1885,1552,0,1552,29
2020-05-01,San Joaquin,077,732212,609,554,3,557,25
2020-05-01,San Luis Obispo,079,281455,268,186,3,189,1
2020-05-01,San Mateo,081,765935,1488,1222,2,1224,52
2020-05-01,Santa Barbara,083,443738,554,499,2,501,7
2020-05-01,Santa Clara,085,1922200,2696,2176,8,2184,112
2020-05-01,Santa Cruz,087,273765,144,127,0,127,2
2020-05-01,Shasta,089,179085,40,31,0,31,4
2020-05-01,Sierra,091,2930,0,0,0,0,0
2020-05-01,Siskiyou,093,43540,5,5,0,5,0
2020-05-01,Solano,095,438530,347,266,0,266,4
2020-05-01,Sonoma,097,501317,299,242,0,242,3
2020-05-01,Stanislaus,099,539301,473,384,4,388,8
2020-05-01,Sutter,101,95872,31,28,0,28,2
2020-05-01,Tehama,103,63373,2,1,0,1,1
2020-05-01,Trinity,105,12862,1,0,0,0,0
2020-05-01,Tulare,107,460477,1196,685,6,691,32
2020-05-01,Tuolumne,109,53932,3,3,0,3,0
2020-05-01,Ventura,111,848112,749,556,1,557,18
2020-05-01,Yolo,113,214977,189,165,0,165,18
2020-05-01,Yuba,115,75493,19,16,0,16,1
2020-04-30,Alameda,001,1643700,1983,1599,2,1601,60
2020-04-30,Alpine,003,1148,1,1,0,1,0
2020-04-30,Amador,005,37829,8,8,0,8,0
2020-04-30,Butte,007,227075,29,16,2,18,0
2020-04-30,Calaveras,009,45235,13,13,0,13,0
2020-04-30,Colusa,011,21464,3,3,0,3,0
2020-04-30,Contra Costa,013,1133247,1021,900,0,900,25
2020-04-30,Del Norte,015,27424,4,3,0,3,0
2020-04-30,El Dorado,017,186661,64,44,0,44,0
2020-04-30,Fresno,019,978130,1161,562,11,573,7
2020-04-30,Glenn,021,27897,7,4,0,4,0
2020-04-30,Humboldt,023,135768,60,54,0,54,0
2020-04-30,Imperial,025,180216,578,322,0,322,6
2020-04-30,Inyo,027,18085,19,20,0,20,1
2020-04-30,Kern,029,883053,1250,941,1,942,8
2020-04-30,Kings,031,150075,259,87,0,87,1
2020-04-30,Lake,033,64148,9,6,0,6,0
2020-04-30,Lassen,035,31185,3,0,2,2,0
2020-04-30,Los Angeles,037,10098052,30516,23284,17,23301,1099
2020-04-30,Madera,039,155013,88,46,1,47,2
2020-04-30,Marin,041,260295,253,240,1,241,13
2020-04-30,Mariposa,043,17540,15,3,0,3,0
2020-04-30,Mendocino,045,87422,12,11,0,11,0
2020-04-30,Merced,047,269075,202,122,0,122,3
2020-04-30,Modoc,049,8938,0,0,0,0,0
2020-04-30,Mono,051,14174,31,25,0,25,1
2020-04-30,Monterey,053,433212,274,213,0,213,5
2020-04-30,Napa,055,140530,83,69,0,69,2
2020-04-30,Nevada,057,99092,41,41,1,42,1
2020-04-30,Orange,059,3164182,3932,2591,27,2618,46
2020-04-30,Placer,061,380077,178,148,0,148,8
2020-04-30,Plumas,063,18699,4,4,0,4,0
2020-04-30,Riverside,065,2383286,4953,3820,15,3835,124
2020-04-30,Sacramento,067,1510023,1146,1071,0,1071,43
2020-04-30,San Benito,069,59416,54,48,0,48,2
2020-04-30,San Bernardino,071,2135413,2671,2020,2,2022,96
2020-04-30,San Diego,073,3302833,4607,3566,0,3566,124
2020-04-30,San Francisco,075,870044,1851,1518,0,1518,26
2020-04-30,San Joaquin,077,732212,601,548,3,551,25
2020-04-30,San Luis Obispo,079,281455,265,182,3,185,1
2020-04-30,San Mateo,081,765935,1458,1194,2,1196,52
2020-04-30,Santa Barbara,083,443738,542,490,2,492,7
2020-04-30,Santa Clara,085,1922200,2656,2172,8,2180,111
2020-04-30,Santa Cruz,087,273765,143,126,0,126,2
2020-04-30,Shasta,089,179085,39,31,0,31,4
2020-04-30,Sierra,091,2930,0,0,0,0,0
2020-04-30,Siskiyou,093,43540,5,5,0,5,0
2020-04-30,Solano,095,438530,337,262,0,262,4
2020-04-30,Sonoma,097,501317,290,233,0,233,3
2020-04-30,Stanislaus,099,539301,466,378,4,382,7
2020-04-30,Sutter,101,95872,31,28,0,28,2
2020-04-30,Tehama,103,63373,1,1,0,1,1
2020-04-30,Trinity,105,12862,1,0,0,0,0
2020-04-30,Tulare,107,460477,1130,637,6,643,31
2020-04-30,Tuolumne,109,53932,3,3,0,3,0
2020-04-30,Ventura,111,848112,721,547,1,548,18
2020-04-30,Yolo,113,214977,188,164,0,164,16
2020-04-30,Yuba,115,75493,19,15,0,15,1
2020-04-29,Alameda,001,1643700,1925,1564,2,1566,60
2020-04-29,Alpine,003,1148,1,1,0,1,0
2020-04-29,Amador,005,37829,8,8,0,8,0
2020-04-29,Butte,007,227075,29,16,2,18,0
2020-04-29,Calaveras,009,45235,13,13,0,13,0
2020-04-29,Colusa,011,21464,3,3,0,3,0
2020-04-29,Contra Costa,013,1133247,1002,885,0,885,25
2020-04-29,Del Norte,015,27424,4,3,0,3,0
2020-04-29,El Dorado,017,186661,62,44,0,44,0
2020-04-29,Fresno,019,978130,1109,544,11,555,7
2020-04-29,Glenn,021,27897,7,4,0,4,0
2020-04-29,Humboldt,023,135768,60,53,0,53,0
2020-04-29,Imperial,025,180216,548,300,0,300,6
2020-04-29,Inyo,027,18085,19,20,0,20,1
2020-04-29,Kern,029,883053,1207,910,1,911,6
2020-04-29,Kings,031,150075,240,80,0,80,1
2020-04-29,Lake,033,64148,9,6,0,6,0
2020-04-29,Lassen,035,31185,3,0,2,2,0
2020-04-29,Los Angeles,037,10098052,29538,22560,16,22576,1043
2020-04-29,Madera,039,155013,86,45,1,46,2
2020-04-29,Marin,041,260295,250,234,1,235,13
2020-04-29,Mariposa,043,17540,15,1,0,1,0
2020-04-29,Mendocino,045,87422,12,11,0,11,0
2020-04-29,Merced,047,269075,195,116,0,116,3
2020-04-29,Modoc,049,8938,0,0,0,0,0
2020-04-29,Mono,051,14174,31,25,0,25,1
2020-04-29,Monterey,053,433212,266,204,0,204,5
2020-04-29,Napa,055,140530,81,68,0,68,2
2020-04-29,Nevada,057,99092,41,41,1,42,1
2020-04-29,Orange,059,3164182,3798,2421,26,2447,43
2020-04-29,Placer,061,380077,176,145,0,145,8
2020-04-29,Plumas,063,18699,4,4,0,4,0
2020-04-29,Riverside,065,2383286,4876,3700,15,3715,116
2020-04-29,Sacramento,067,1510023,1124,1055,0,1055,41
2020-04-29,San Benito,069,59416,54,48,0,48,2
2020-04-29,San Bernardino,071,2135413,2584,1975,1,1976,91
2020-04-29,San Diego,073,3302833,4465,3434,0,3434,120
2020-04-29,San Francisco,075,870044,1823,1489,0,1489,23
2020-04-29,San Joaquin,077,732212,593,540,3,543,25
2020-04-29,San Luis Obispo,079,281455,263,181,3,184,1
2020-04-29,San Mateo,081,765935,1432,1170,2,1172,50
2020-04-29,Santa Barbara,083,443738,529,477,2,479,7
2020-04-29,Santa Clara,085,1922200,2629,2147,8,2155,108
2020-04-29,Santa Cruz,087,273765,142,124,0,124,2
2020-04-29,Shasta,089,179085,38,31,0,31,4
2020-04-29,Sierra,091,2930,0,0,0,0,0
2020-04-29,Siskiyou,093,43540,5,5,0,5,0
2020-04-29,Solano,095,438530,313,252,0,252,3
2020-04-29,Sonoma,097,501317,282,230,0,230,2
2020-04-29,Stanislaus,099,539301,453,374,4,378,5
2020-04-29,Sutter,101,95872,31,28,0,28,2
2020-04-29,Tehama,103,63373,1,1,0,1,1
2020-04-29,Trinity,105,12862,1,0,0,0,0
2020-04-29,Tulare,107,460477,1057,615,5,620,30
2020-04-29,Tuolumne,109,53932,3,4,0,4,0
2020-04-29,Ventura,111,848112,697,530,1,531,18
2020-04-29,Yolo,113,214977,185,161,0,161,11
2020-04-29,Yuba,115,75493,19,15,0,15,1
2020-04-28,Alameda,001,1643700,1868,1525,2,1527,55
2020-04-28,Alpine,003,1148,1,1,0,1,0
2020-04-28,Amador,005,37829,8,8,0,8,0
2020-04-28,Butte,007,227075,29,16,2,18,0
2020-04-28,Calaveras,009,45235,13,13,0,13,0
2020-04-28,Colusa,011,21464,3,3,0,3,0
2020-04-28,Contra Costa,013,1133247,995,866,0,866,25
2020-04-28,Del Norte,015,27424,4,3,0,3,0
2020-04-28,El Dorado,017,186661,61,43,0,43,0
2020-04-28,Fresno,019,978130,1058,525,9,534,7
2020-04-28,Glenn,021,27897,5,4,0,4,0
2020-04-28,Humboldt,023,135768,59,53,0,53,0
2020-04-28,Imperial,025,180216,515,295,0,295,6
2020-04-28,Inyo,027,18085,19,20,0,20,1
2020-04-28,Kern,029,883053,1164,882,1,883,5
2020-04-28,Kings,031,150075,227,57,0,57,1
2020-04-28,Lake,033,64148,9,6,0,6,0
2020-04-28,Lassen,035,31185,3,0,2,2,0
2020-04-28,Los Angeles,037,10098052,28474,21029,16,21045,984
2020-04-28,Madera,039,155013,86,44,1,45,2
2020-04-28,Marin,041,260295,249,228,1,229,12
2020-04-28,Mariposa,043,17540,15,0,0,0,0
2020-04-28,Mendocino,045,87422,12,10,0,10,0
2020-04-28,Merced,047,269075,188,108,0,108,3
2020-04-28,Modoc,049,8938,0,0,0,0,0
2020-04-28,Mono,051,14174,31,25,0,25,1
2020-04-28,Monterey,053,433212,260,191,0,191,5
2020-04-28,Napa,055,140530,80,67,0,67,2
2020-04-28,Nevada,057,99092,41,41,1,42,1
2020-04-28,Orange,059,3164182,3635,2324,25,2349,42
2020-04-28,Placer,061,380077,166,143,0,143,8
2020-04-28,Plumas,063,18699,4,4,0,4,0
2020-04-28,Riverside,065,2383286,4781,3504,15,3519,113
2020-04-28,Sacramento,067,1510023,1109,1044,0,1044,41
2020-04-28,San Benito,069,59416,52,46,0,46,2
2020-04-28,San Bernardino,071,2135413,2507,1891,1,1892,89
2020-04-28,San Diego,073,3302833,4335,3316,0,3316,118
2020-04-28,San Francisco,075,870044,1788,1471,0,1471,23
2020-04-28,San Joaquin,077,732212,587,532,3,535,25
2020-04-28,San Luis Obispo,079,281455,255,172,3,175,1
2020-04-28,San Mateo,081,765935,1419,1129,2,1131,48
2020-04-28,Santa Barbara,083,443738,524,469,2,471,7
2020-04-28,Santa Clara,085,1922200,2595,2130,8,2138,106
2020-04-28,Santa Cruz,087,273765,142,123,0,123,2
2020-04-28,Shasta,089,179085,38,29,0,29,4
2020-04-28,Sierra,091,2930,0,0,0,0,0
2020-04-28,Siskiyou,093,43540,5,5,0,5,0
2020-04-28,Solano,095,438530,294,246,0,246,3
2020-04-28,Sonoma,097,501317,279,226,0,226,1
2020-04-28,Stanislaus,099,539301,437,330,4,334,5
2020-04-28,Sutter,101,95872,31,25,0,25,2
2020-04-28,Tehama,103,63373,1,1,0,1,1
2020-04-28,Trinity,105,12862,1,0,0,0,0
2020-04-28,Tulare,107,460477,960,579,5,584,30
2020-04-28,Tuolumne,109,53932,3,4,0,4,0
2020-04-28,Ventura,111,848112,677,517,1,518,17
2020-04-28,Yolo,113,214977,185,160,0,160,10
2020-04-28,Yuba,115,75493,19,15,0,15,1
2020-04-27,Alameda,001,1643700,1808,1494,2,1496,53
2020-04-27,Alpine,003,1148,1,1,0,1,0
2020-04-27,Amador,005,37829,8,8,0,8,0
2020-04-27,Butte,007,227075,28,16,2,18,0
2020-04-27,Calaveras,009,45235,13,13,0,13,0
2020-04-27,Colusa,011,21464,3,3,0,3,0
2020-04-27,Contra Costa,013,1133247,983,843,0,843,25
2020-04-27,Del Norte,015,27424,4,3,0,3,0
2020-04-27,El Dorado,017,186661,60,43,0,43,0
2020-04-27,Fresno,019,978130,956,504,8,512,7
2020-04-27,Glenn,021,27897,5,4,0,4,0
2020-04-27,Humboldt,023,135768,59,52,0,52,0
2020-04-27,Imperial,025,180216,485,290,0,290,6
2020-04-27,Inyo,027,18085,19,20,0,20,1
2020-04-27,Kern,029,883053,1125,865,1,866,4
2020-04-27,Kings,031,150075,204,48,0,48,1
2020-04-27,Lake,033,64148,8,6,0,6,0
2020-04-27,Lassen,035,31185,3,0,2,2,0
2020-04-27,Los Angeles,037,10098052,27454,20456,16,20472,931
2020-04-27,Madera,039,155013,84,42,1,43,2
2020-04-27,Marin,041,260295,244,227,1,228,12
2020-04-27,Mariposa,043,17540,14,0,0,0,0
2020-04-27,Mendocino,045,87422,12,10,0,10,0
2020-04-27,Merced,047,269075,185,108,0,108,3
2020-04-27,Modoc,049,8938,0,0,0,0,0
2020-04-27,Mono,051,14174,31,23,0,23,1
2020-04-27,Monterey,053,433212,253,185,0,185,4
2020-04-27,Napa,055,140530,77,64,0,64,2
2020-04-27,Nevada,057,99092,41,39,1,40,1
2020-04-27,Orange,059,3164182,3466,2198,25,2223,42
2020-04-27,Placer,061,380077,166,142,0,142,8
2020-04-27,Plumas,063,18699,4,4,0,4,0
2020-04-27,Riverside,065,2383286,4658,3381,15,3396,100
2020-04-27,Sacramento,067,1510023,1094,1035,0,1035,41
2020-04-27,San Benito,069,59416,50,45,0,45,2
2020-04-27,San Bernardino,071,2135413,2393,1742,1,1743,82
2020-04-27,San Diego,073,3302833,4209,3143,0,3143,113
2020-04-27,San Francisco,075,870044,1734,1453,0,1453,23
2020-04-27,San Joaquin,077,732212,581,522,3,525,25
2020-04-27,San Luis Obispo,079,281455,247,166,3,169,1
2020-04-27,San Mateo,081,765935,1397,1092,2,1094,46
2020-04-27,Santa Barbara,083,443738,516,466,2,468,7
2020-04-27,Santa Clara,085,1922200,2570,2104,7,2111,105
2020-04-27,Santa Cruz,087,273765,142,123,0,123,2
2020-04-27,Shasta,089,179085,38,29,0,29,4
2020-04-27,Sierra,091,2930,0,0,0,0,0
2020-04-27,Siskiyou,093,43540,5,5,0,5,0
2020-04-27,Solano,095,438530,294,222,0,222,3
2020-04-27,Sonoma,097,501317,270,220,0,220,1
2020-04-27,Stanislaus,099,539301,421,316,4,320,5
2020-04-27,Sutter,101,95872,29,26,0,26,2
2020-04-27,Tehama,103,63373,1,1,0,1,1
2020-04-27,Trinity,105,12862,1,0,0,0,0
2020-04-27,Tulare,107,460477,889,535,5,540,28
2020-04-27,Tuolumne,109,53932,3,3,0,3,0
2020-04-27,Ventura,111,848112,658,513,1,514,17
2020-04-27,Yolo,113,214977,182,160,0,160,9
2020-04-27,Yuba,115,75493,19,15,0,15,1
2020-04-26,Alameda,001,1643700,1747,1449,2,1451,52
2020-04-26,Alpine,003,1148,1,1,0,1,0
2020-04-26,Amador,005,37829,8,8,0,8,0
2020-04-26,Butte,007,227075,28,16,2,18,0
2020-04-26,Calaveras,009,45235,13,13,0,13,0
2020-04-26,Colusa,011,21464,3,3,0,3,0
2020-04-26,Contra Costa,013,1133247,967,830,0,830,25
2020-04-26,Del Norte,015,27424,3,3,0,3,0
2020-04-26,El Dorado,017,186661,58,41,0,41,0
2020-04-26,Fresno,019,978130,862,476,7,483,7
2020-04-26,Glenn,021,27897,5,4,0,4,0
2020-04-26,Humboldt,023,135768,59,53,0,53,0
2020-04-26,Imperial,025,180216,450,272,0,272,6
2020-04-26,Inyo,027,18085,19,20,0,20,1
2020-04-26,Kern,029,883053,1075,831,1,832,4
2020-04-26,Kings,031,150075,179,33,0,33,1
2020-04-26,Lake,033,64148,8,6,0,6,0
2020-04-26,Lassen,035,31185,3,0,2,2,0
2020-04-26,Los Angeles,037,10098052,26299,19570,16,19586,901
2020-04-26,Madera,039,155013,82,39,1,40,2
2020-04-26,Marin,041,260295,238,225,1,226,12
2020-04-26,Mariposa,043,17540,14,0,0,0,0
2020-04-26,Mendocino,045,87422,12,5,0,5,0
2020-04-26,Merced,047,269075,169,104,0,104,3
2020-04-26,Modoc,049,8938,0,0,0,0,0
2020-04-26,Mono,051,14174,31,23,0,23,1
2020-04-26,Monterey,053,433212,246,182,0,182,4
2020-04-26,Napa,055,140530,76,62,0,62,2
2020-04-26,Nevada,057,99092,41,37,1,38,1
2020-04-26,Orange,059,3164182,3301,2124,25,2149,40
2020-04-26,Placer,061,380077,165,141,0,141,8
2020-04-26,Plumas,063,18699,4,4,0,4,0
2020-04-26,Riverside,065,2383286,4515,3301,15,3316,95
2020-04-26,Sacramento,067,1510023,1085,1027,0,1027,41
2020-04-26,San Benito,069,59416,50,45,0,45,2
2020-04-26,San Bernardino,071,2135413,2297,1681,1,1682,82
2020-04-26,San Diego,073,3302833,4067,3045,0,3045,111
2020-04-26,San Francisco,075,870044,1695,1403,0,1403,23
2020-04-26,San Joaquin,077,732212,573,514,3,517,25
2020-04-26,San Luis Obispo,079,281455,244,165,3,168,1
2020-04-26,San Mateo,081,765935,1371,1070,2,1072,46
2020-04-26,Santa Barbara,083,443738,509,464,2,466,7
2020-04-26,Santa Clara,085,1922200,2547,2097,6,2103,102
2020-04-26,Santa Cruz,087,273765,142,116,0,116,2
2020-04-26,Shasta,089,179085,35,29,0,29,4
2020-04-26,Sierra,091,2930,0,0,0,0,0
2020-04-26,Siskiyou,093,43540,5,5,0,5,0
2020-04-26,Solano,095,438530,285,205,0,205,3
2020-04-26,Sonoma,097,501317,259,216,0,216,1
2020-04-26,Stanislaus,099,539301,406,294,4,298,4
2020-04-26,Sutter,101,95872,29,26,0,26,2
2020-04-26,Tehama,103,63373,1,1,0,1,1
2020-04-26,Trinity,105,12862,1,0,0,0,0
2020-04-26,Tulare,107,460477,830,497,5,502,28
2020-04-26,Tuolumne,109,53932,3,3,0,3,0
2020-04-26,Ventura,111,848112,640,509,1,510,17
2020-04-26,Yolo,113,214977,181,158,0,158,8
2020-04-26,Yuba,115,75493,18,15,0,15,1
2020-04-25,Alameda,001,1643700,1722,1396,2,1398,52
2020-04-25,Alpine,003,1148,1,1,0,1,0
2020-04-25,Amador,005,37829,8,8,0,8,0
2020-04-25,Butte,007,227075,27,16,2,18,0
2020-04-25,Calaveras,009,45235,13,12,0,12,0
2020-04-25,Colusa,011,21464,3,3,0,3,0
2020-04-25,Contra Costa,013,1133247,953,821,0,821,24
2020-04-25,Del Norte,015,27424,2,2,0,2,0
2020-04-25,El Dorado,017,186661,57,41,0,41,0
2020-04-25,Fresno,019,978130,830,459,6,465,7
2020-04-25,Glenn,021,27897,5,4,0,4,0
2020-04-25,Humboldt,023,135768,59,53,0,53,0
2020-04-25,Imperial,025,180216,433,232,0,232,6
2020-04-25,Inyo,027,18085,19,20,0,20,1
2020-04-25,Kern,029,883053,1044,802,1,803,4
2020-04-25,Kings,031,150075,167,33,0,33,1
2020-04-25,Lake,033,64148,6,6,0,6,0
2020-04-25,Lassen,035,31185,3,0,2,2,0
2020-04-25,Los Angeles,037,10098052,25666,19144,16,19160,881
2020-04-25,Madera,039,155013,79,39,1,40,2
2020-04-25,Marin,041,260295,238,215,1,216,12
2020-04-25,Mariposa,043,17540,14,0,0,0,0
2020-04-25,Mendocino,045,87422,11,5,0,5,0
2020-04-25,Merced,047,269075,167,103,0,103,3
2020-04-25,Modoc,049,8938,0,0,0,0,0
2020-04-25,Mono,051,14174,31,23,0,23,1
2020-04-25,Monterey,053,433212,244,173,0,173,4
2020-04-25,Napa,055,140530,76,60,0,60,2
2020-04-25,Nevada,057,99092,41,37,1,38,1
2020-04-25,Orange,059,3164182,3193,2047,25,2072,40
2020-04-25,Placer,061,380077,165,137,0,137,8
2020-04-25,Plumas,063,18699,4,4,0,4,0
2020-04-25,Riverside,065,2383286,4425,3037,15,3052,93
2020-04-25,Sacramento,067,1510023,1083,1015,0,1015,41
2020-04-25,San Benito,069,59416,50,45,0,45,2
2020-04-25,San Bernardino,071,2135413,2251,1675,1,1676,82
2020-04-25,San Diego,073,3302833,3966,2945,0,2945,111
2020-04-25,San Francisco,075,870044,1670,1341,0,1341,22
2020-04-25,San Joaquin,077,732212,566,497,3,500,24
2020-04-25,San Luis Obispo,079,281455,243,159,3,162,1
2020-04-25,San Mateo,081,765935,1353,1054,2,1056,46
2020-04-25,Santa Barbara,083,443738,502,457,2,459,7
2020-04-25,Santa Clara,085,1922200,2525,2045,5,2050,99
2020-04-25,Santa Cruz,087,273765,142,112,0,112,2
2020-04-25,Shasta,089,179085,35,29,0,29,4
2020-04-25,Sierra,091,2930,0,0,0,0,0
2020-04-25,Siskiyou,093,43540,5,5,0,5,0
2020-04-25,Solano,095,438530,281,203,0,203,3
2020-04-25,Sonoma,097,501317,254,199,0,199,1
2020-04-25,Stanislaus,099,539301,398,276,4,280,4
2020-04-25,Sutter,101,95872,29,24,0,24,2
2020-04-25,Tehama,103,63373,1,1,0,1,1
2020-04-25,Trinity,105,12862,0,0,0,0,0
2020-04-25,Tulare,107,460477,797,478,5,483,28
2020-04-25,Tuolumne,109,53932,3,2,0,2,0
2020-04-25,Ventura,111,848112,626,494,1,495,16
2020-04-25,Yolo,113,214977,181,157,0,157,8
2020-04-25,Yuba,115,75493,17,15,0,15,1
2020-04-24,Alameda,001,1643700,1691,1385,2,1387,50
2020-04-24,Alpine,003,1148,1,1,0,1,0
2020-04-24,Amador,005,37829,8,8,0,8,0
2020-04-24,Butte,007,227075,26,15,2,17,0
2020-04-24,Calaveras,009,45235,13,12,0,12,0
2020-04-24,Colusa,011,21464,3,3,0,3,0
2020-04-24,Contra Costa,013,1133247,944,806,0,806,23
2020-04-24,Del Norte,015,27424,2,2,0,2,0
2020-04-24,El Dorado,017,186661,56,41,0,41,0
2020-04-24,Fresno,019,978130,807,449,6,455,7
2020-04-24,Glenn,021,27897,5,4,0,4,0
2020-04-24,Humboldt,023,135768,59,53,0,53,0
2020-04-24,Imperial,025,180216,416,232,0,232,6
2020-04-24,Inyo,027,18085,19,20,0,20,0
2020-04-24,Kern,029,883053,1020,770,1,771,4
2020-04-24,Kings,031,150075,138,30,0,30,1
2020-04-24,Lake,033,64148,6,6,0,6,0
2020-04-24,Lassen,035,31185,3,0,2,2,0
2020-04-24,Los Angeles,037,10098052,24736,18553,16,18569,836
2020-04-24,Madera,039,155013,79,39,1,40,2
2020-04-24,Marin,041,260295,238,211,1,212,11
2020-04-24,Mariposa,043,17540,8,0,0,0,0
2020-04-24,Mendocino,045,87422,11,5,0,5,0
2020-04-24,Merced,047,269075,164,102,0,102,3
2020-04-24,Modoc,049,8938,0,0,0,0,0
2020-04-24,Mono,051,14174,30,23,0,23,1
2020-04-24,Monterey,053,433212,237,167,0,167,4
2020-04-24,Napa,055,140530,75,59,0,59,2
2020-04-24,Nevada,057,99092,41,36,1,37,1
2020-04-24,Orange,059,3164182,3086,1945,25,1970,39
2020-04-24,Placer,061,380077,163,137,0,137,8
2020-04-24,Plumas,063,18699,4,4,0,4,0
2020-04-24,Riverside,065,2383286,4344,3044,15,3059,87
2020-04-24,Sacramento,067,1510023,1077,1009,0,1009,41
2020-04-24,San Benito,069,59416,50,45,0,45,2
2020-04-24,San Bernardino,071,2135413,2216,1667,1,1668,80
2020-04-24,San Diego,073,3302833,3855,2828,0,2828,102
2020-04-24,San Francisco,075,870044,1612,1345,0,1345,22
2020-04-24,San Joaquin,077,732212,559,484,3,487,24
2020-04-24,San Luis Obispo,079,281455,240,151,3,154,1
2020-04-24,San Mateo,081,765935,1330,1004,2,1006,43
2020-04-24,Santa Barbara,083,443738,496,450,2,452,6
2020-04-24,Santa Clara,085,1922200,2483,2026,5,2031,98
2020-04-24,Santa Cruz,087,273765,138,111,0,111,2
2020-04-24,Shasta,089,179085,35,28,0,28,4
2020-04-24,Sierra,091,2930,0,0,0,0,0
2020-04-24,Siskiyou,093,43540,5,5,0,5,0
2020-04-24,Solano,095,438530,279,203,0,203,3
2020-04-24,Sonoma,097,501317,250,199,0,199,1
2020-04-24,Stanislaus,099,539301,395,273,4,277,4
2020-04-24,Sutter,101,95872,28,24,0,24,2
2020-04-24,Tehama,103,63373,1,1,0,1,1
2020-04-24,Trinity,105,12862,0,0,0,0,0
2020-04-24,Tulare,107,460477,769,459,5,464,27
2020-04-24,Tuolumne,109,53932,3,2,0,2,0
2020-04-24,Ventura,111,848112,616,489,1,490,16
2020-04-24,Yolo,113,214977,180,155,0,155,8
2020-04-24,Yuba,115,75493,16,15,0,15,1
2020-04-23,Alameda,001,1643700,1653,1336,2,1338,46
2020-04-23,Alpine,003,1148,1,1,0,1,0
2020-04-23,Amador,005,37829,8,8,0,8,0
2020-04-23,Butte,007,227075,26,15,2,17,0
2020-04-23,Calaveras,009,45235,13,12,0,12,0
2020-04-23,Colusa,011,21464,3,3,0,3,0
2020-04-23,Contra Costa,013,1133247,923,786,0,786,23
2020-04-23,Del Norte,015,27424,2,2,0,2,0
2020-04-23,El Dorado,017,186661,55,39,0,39,0
2020-04-23,Fresno,019,978130,769,426,6,432,7
2020-04-23,Glenn,021,27897,5,3,0,3,0
2020-04-23,Humboldt,023,135768,59,53,0,53,0
2020-04-23,Imperial,025,180216,397,181,0,181,4
2020-04-23,Inyo,027,18085,19,19,0,19,0
2020-04-23,Kern,029,883053,972,732,1,733,4
2020-04-23,Kings,031,150075,123,28,0,28,1
2020-04-23,Lake,033,64148,6,6,0,6,0
2020-04-23,Lassen,035,31185,3,0,2,2,0
2020-04-23,Los Angeles,037,10098052,23674,17548,15,17563,784
2020-04-23,Madera,039,155013,77,37,1,38,2
2020-04-23,Marin,041,260295,225,209,1,210,11
2020-04-23,Mariposa,043,17540,7,0,0,0,0
2020-04-23,Mendocino,045,87422,9,5,0,5,0
2020-04-23,Merced,047,269075,160,98,0,98,3
2020-04-23,Modoc,049,8938,0,0,0,0,0
2020-04-23,Mono,051,14174,30,23,0,23,1
2020-04-23,Monterey,053,433212,233,161,0,161,4
2020-04-23,Napa,055,140530,68,59,0,59,2
2020-04-23,Nevada,057,99092,41,36,1,37,1
2020-04-23,Orange,059,3164182,2907,1841,24,1865,37
2020-04-23,Placer,061,380077,160,136,0,136,8
2020-04-23,Plumas,063,18699,4,4,0,4,0
2020-04-23,Riverside,065,2383286,4230,2935,14,2949,78
2020-04-23,Sacramento,067,1510023,1065,978,0,978,41
2020-04-23,San Benito,069,59416,47,43,0,43,2
2020-04-23,San Bernardino,071,2135413,2151,1604,1,1605,79
2020-04-23,San Diego,073,3302833,3694,2645,0,2645,100
2020-04-23,San Francisco,075,870044,1587,1312,0,1312,21
2020-04-23,San Joaquin,077,732212,549,479,3,482,20
2020-04-23,San Luis Obispo,079,281455,236,146,3,149,1
2020-04-23,San Mateo,081,765935,1291,970,2,972,42
2020-04-23,Santa Barbara,083,443738,490,445,2,447,6
2020-04-23,Santa Clara,085,1922200,2448,1996,5,2001,95
2020-04-23,Santa Cruz,087,273765,137,110,0,110,2
2020-04-23,Shasta,089,179085,35,27,0,27,3
2020-04-23,Sierra,091,2930,0,0,0,0,0
2020-04-23,Siskiyou,093,43540,5,5,0,5,0
2020-04-23,Solano,095,438530,265,196,0,196,3
2020-04-23,Sonoma,097,501317,238,187,0,187,1
2020-04-23,Stanislaus,099,539301,391,254,4,258,4
2020-04-23,Sutter,101,95872,28,24,0,24,2
2020-04-23,Tehama,103,63373,1,1,0,1,1
2020-04-23,Trinity,105,12862,0,0,0,0,0
2020-04-23,Tulare,107,460477,740,440,5,445,25
2020-04-23,Tuolumne,109,53932,3,2,0,2,0
2020-04-23,Ventura,111,848112,602,479,1,480,16
2020-04-23,Yolo,113,214977,177,151,0,151,8
2020-04-23,Yuba,115,75493,16,15,0,15,1
2020-04-22,Alameda,001,1643700,1604,1275,2,1277,46
2020-04-22,Alpine,003,1148,1,1,0,1,0
2020-04-22,Amador,005,37829,8,7,0,7,0
2020-04-22,Butte,007,227075,25,15,2,17,0
2020-04-22,Calaveras,009,45235,13,12,0,12,0
2020-04-22,Colusa,011,21464,3,3,0,3,0
2020-04-22,Contra Costa,013,1133247,908,772,0,772,22
2020-04-22,Del Norte,015,27424,2,2,0,2,0
2020-04-22,El Dorado,017,186661,55,39,0,39,0
2020-04-22,Fresno,019,978130,729,388,6,394,7
2020-04-22,Glenn,021,27897,5,3,0,3,0
2020-04-22,Humboldt,023,135768,59,53,0,53,0
2020-04-22,Imperial,025,180216,386,170,0,170,3
2020-04-22,Inyo,027,18085,19,18,0,18,0
2020-04-22,Kern,029,883053,950,713,1,714,4
2020-04-22,Kings,031,150075,102,28,0,28,1
2020-04-22,Lake,033,64148,6,6,0,6,0
2020-04-22,Lassen,035,31185,3,0,2,2,0
2020-04-22,Los Angeles,037,10098052,22648,16400,15,16415,715
2020-04-22,Madera,039,155013,75,37,1,38,2
2020-04-22,Marin,041,260295,223,202,1,203,11
2020-04-22,Mariposa,043,17540,6,0,0,0,0
2020-04-22,Mendocino,045,87422,6,5,0,5,0
2020-04-22,Merced,047,269075,146,92,0,92,3
2020-04-22,Modoc,049,8938,0,0,0,0,0
2020-04-22,Mono,051,14174,29,23,0,23,1
2020-04-22,Monterey,053,433212,226,154,0,154,4
2020-04-22,Napa,055,140530,67,58,0,58,2
2020-04-22,Nevada,057,99092,41,36,1,37,1
2020-04-22,Orange,059,3164182,2813,1785,23,1808,36
2020-04-22,Placer,061,380077,158,133,0,133,8
2020-04-22,Plumas,063,18699,4,4,0,4,0
2020-04-22,Riverside,065,2383286,4126,2822,14,2836,76
2020-04-22,Sacramento,067,1510023,1060,959,0,959,36
2020-04-22,San Benito,069,59416,46,43,0,43,2
2020-04-22,San Bernardino,071,2135413,2088,1564,1,1565,74
2020-04-22,San Diego,073,3302833,3566,2493,0,2493,96
2020-04-22,San Francisco,075,870044,1550,1255,0,1255,21
2020-04-22,San Joaquin,077,732212,538,462,3,465,20
2020-04-22,San Luis Obispo,079,281455,227,142,3,145,1
2020-04-22,San Mateo,081,765935,1268,945,2,947,40
2020-04-22,Santa Barbara,083,443738,485,437,2,439,6
2020-04-22,Santa Clara,085,1922200,2432,1969,5,1974,95
2020-04-22,Santa Cruz,087,273765,133,106,0,106,2
2020-04-22,Shasta,089,179085,34,26,0,26,3
2020-04-22,Sierra,091,2930,0,0,0,0,0
2020-04-22,Siskiyou,093,43540,5,5,0,5,0
2020-04-22,Solano,095,438530,247,195,0,195,3
2020-04-22,Sonoma,097,501317,235,185,0,185,1
2020-04-22,Stanislaus,099,539301,334,247,4,251,4
2020-04-22,Sutter,101,95872,28,22,0,22,2
2020-04-22,Tehama,103,63373,1,1,0,1,1
2020-04-22,Trinity,105,12862,0,0,0,0,0
2020-04-22,Tulare,107,460477,706,425,5,430,23
2020-04-22,Tuolumne,109,53932,3,2,0,2,0
2020-04-22,Ventura,111,848112,591,465,1,466,15
2020-04-22,Yolo,113,214977,176,147,0,147,8
2020-04-22,Yuba,115,75493,16,15,0,15,1
2020-04-21,Alameda,001,1643700,1574,1234,2,1236,46
2020-04-21,Alpine,003,1148,1,1,0,1,0
2020-04-21,Amador,005,37829,8,7,0,7,0
2020-04-21,Butte,007,227075,24,15,2,17,0
2020-04-21,Calaveras,009,45235,12,12,0,12,0
2020-04-21,Colusa,011,21464,3,3,0,3,0
2020-04-21,Contra Costa,013,1133247,894,766,0,766,22
2020-04-21,Del Norte,015,27424,2,2,0,2,0
2020-04-21,El Dorado,017,186661,54,36,0,36,0
2020-04-21,Fresno,019,978130,695,372,6,378,7
2020-04-21,Glenn,021,27897,5,3,0,3,0
2020-04-21,Humboldt,023,135768,58,53,0,53,0
2020-04-21,Imperial,025,180216,366,165,0,165,2
2020-04-21,Inyo,027,18085,19,18,0,18,0
2020-04-21,Kern,029,883053,908,676,1,677,4
2020-04-21,Kings,031,150075,88,28,0,28,1
2020-04-21,Lake,033,64148,6,6,0,6,0
2020-04-21,Lassen,035,31185,3,0,2,2,0
2020-04-21,Los Angeles,037,10098052,21786,15096,15,15111,650
2020-04-21,Madera,039,155013,75,37,1,38,2
2020-04-21,Marin,041,260295,217,202,1,203,10
2020-04-21,Mariposa,043,17540,5,0,0,0,0
2020-04-21,Mendocino,045,87422,6,5,0,5,0
2020-04-21,Merced,047,269075,142,89,0,89,3
2020-04-21,Modoc,049,8938,0,0,0,0,0
2020-04-21,Mono,051,14174,29,23,0,23,1
2020-04-21,Monterey,053,433212,223,151,0,151,4
2020-04-21,Napa,055,140530,66,58,0,58,2
2020-04-21,Nevada,057,99092,41,36,1,37,1
2020-04-21,Orange,059,3164182,2690,1717,22,1739,36
2020-04-21,Placer,061,380077,156,133,0,133,8
2020-04-21,Plumas,063,18699,4,4,0,4,0
2020-04-21,Riverside,065,2383286,3994,2631,14,2645,68
2020-04-21,Sacramento,067,1510023,1050,941,0,941,33
2020-04-21,San Benito,069,59416,44,43,0,43,2
2020-04-21,San Bernardino,071,2135413,2028,1499,1,1500,71
2020-04-21,San Diego,073,3302833,3410,2436,0,2436,87
2020-04-21,San Francisco,075,870044,1520,1232,0,1232,20
2020-04-21,San Joaquin,077,732212,528,447,3,450,20
2020-04-21,San Luis Obispo,079,281455,219,134,3,137,1
2020-04-21,San Mateo,081,765935,1222,933,2,935,34
2020-04-21,Santa Barbara,083,443738,476,414,2,416,5
2020-04-21,Santa Clara,085,1922200,2382,1943,5,1948,91
2020-04-21,Santa Cruz,087,273765,131,104,0,104,2
2020-04-21,Shasta,089,179085,33,26,0,26,3
2020-04-21,Sierra,091,2930,0,0,0,0,0
2020-04-21,Siskiyou,093,43540,5,5,0,5,0
2020-04-21,Solano,095,438530,239,193,0,193,3
2020-04-21,Sonoma,097,501317,225,182,0,182,1
2020-04-21,Stanislaus,099,539301,315,235,4,239,4
2020-04-21,Sutter,101,95872,28,22,0,22,2
2020-04-21,Tehama,103,63373,1,1,0,1,1
2020-04-21,Trinity,105,12862,0,0,0,0,0
2020-04-21,Tulare,107,460477,669,410,5,415,23
2020-04-21,Tuolumne,109,53932,3,2,0,2,0
2020-04-21,Ventura,111,848112,579,455,1,456,14
2020-04-21,Yolo,113,214977,174,143,0,143,8
2020-04-21,Yuba,115,75493,16,15,0,15,1
2020-04-20,Alameda,001,1643700,1541,1181,2,1183,42
2020-04-20,Alpine,003,1148,1,1,0,1,0
2020-04-20,Amador,005,37829,8,7,0,7,0
2020-04-20,Butte,007,227075,24,15,2,17,0
2020-04-20,Calaveras,009,45235,12,12,0,12,0
2020-04-20,Colusa,011,21464,3,3,0,3,0
2020-04-20,Contra Costa,013,1133247,884,753,0,753,22
2020-04-20,Del Norte,015,27424,2,2,0,2,0
2020-04-20,El Dorado,017,186661,54,36,0,36,0
2020-04-20,Fresno,019,978130,678,356,6,362,7
2020-04-20,Glenn,021,27897,4,3,0,3,0
2020-04-20,Humboldt,023,135768,58,53,0,53,0
2020-04-20,Imperial,025,180216,347,149,0,149,2
2020-04-20,Inyo,027,18085,19,17,0,17,0
2020-04-20,Kern,029,883053,876,651,1,652,3
2020-04-20,Kings,031,150075,77,19,0,19,1
2020-04-20,Lake,033,64148,6,6,0,6,0
2020-04-20,Lassen,035,31185,3,0,2,2,0
2020-04-20,Los Angeles,037,10098052,20874,13787,15,13802,608
2020-04-20,Madera,039,155013,74,35,1,36,2
2020-04-20,Marin,041,260295,213,200,1,201,10
2020-04-20,Mariposa,043,17540,5,0,0,0,0
2020-04-20,Mendocino,045,87422,6,5,0,5,0
2020-04-20,Merced,047,269075,135,88,0,88,3
2020-04-20,Modoc,049,8938,0,0,0,0,0
2020-04-20,Mono,051,14174,29,23,0,23,1
2020-04-20,Monterey,053,433212,214,147,0,147,4
2020-04-20,Napa,055,140530,66,55,0,55,2
2020-04-20,Nevada,057,99092,41,34,1,35,1
2020-04-20,Orange,059,3164182,2606,1679,22,1701,33
2020-04-20,Placer,061,380077,155,132,0,132,8
2020-04-20,Plumas,063,18699,4,4,0,4,0
2020-04-20,Riverside,065,2383286,3869,2477,14,2491,61
2020-04-20,Sacramento,067,1510023,1040,924,0,924,32
2020-04-20,San Benito,069,59416,44,43,0,43,2
2020-04-20,San Bernardino,071,2135413,1941,1344,1,1345,63
2020-04-20,San Diego,073,3302833,3268,2327,0,2327,72
2020-04-20,San Francisco,075,870044,1488,1223,0,1223,19
2020-04-20,San Joaquin,077,732212,524,422,3,425,17
2020-04-20,San Luis Obispo,079,281455,205,132,3,135,1
2020-04-20,San Mateo,081,765935,1199,890,2,892,31
2020-04-20,Santa Barbara,083,443738,469,388,2,390,4
2020-04-20,Santa Clara,085,1922200,2351,1920,5,1925,84
2020-04-20,Santa Cruz,087,273765,129,102,0,102,2
2020-04-20,Shasta,089,179085,33,26,0,26,3
2020-04-20,Sierra,091,2930,0,0,0,0,0
2020-04-20,Siskiyou,093,43540,5,5,0,5,0
2020-04-20,Solano,095,438530,236,185,0,185,2
2020-04-20,Sonoma,097,501317,217,178,0,178,1
2020-04-20,Stanislaus,099,539301,301,228,4,232,3
2020-04-20,Sutter,101,95872,27,22,0,22,2
2020-04-20,Tehama,103,63373,1,1,0,1,1
2020-04-20,Trinity,105,12862,0,0,0,0,0
2020-04-20,Tulare,107,460477,659,401,5,406,20
2020-04-20,Tuolumne,109,53932,3,2,0,2,0
2020-04-20,Ventura,111,848112,565,426,1,427,13
2020-04-20,Yolo,113,214977,173,125,0,125,5
2020-04-20,Yuba,115,75493,16,15,0,15,1
2020-04-19,Alameda,001,1643700,1491,1134,2,1136,41
2020-04-19,Alpine,003,1148,1,1,0,1,0
2020-04-19,Amador,005,37829,7,7,0,7,0
2020-04-19,Butte,007,227075,23,15,2,17,0
2020-04-19,Calaveras,009,45235,12,12,0,12,0
2020-04-19,Colusa,011,21464,3,3,0,3,0
2020-04-19,Contra Costa,013,1133247,868,731,0,731,20
2020-04-19,Del Norte,015,27424,2,2,0,2,0
2020-04-19,El Dorado,017,186661,54,36,0,36,0
2020-04-19,Fresno,019,978130,642,326,6,332,7
2020-04-19,Glenn,021,27897,4,3,0,3,0
2020-04-19,Humboldt,023,135768,58,53,0,53,0
2020-04-19,Imperial,025,180216,319,144,0,144,2
2020-04-19,Inyo,027,18085,19,17,0,17,0
2020-04-19,Kern,029,883053,851,629,1,630,3
2020-04-19,Kings,031,150075,67,17,0,17,1
2020-04-19,Lake,033,64148,6,6,0,6,0
2020-04-19,Lassen,035,31185,3,0,2,2,0
2020-04-19,Los Angeles,037,10098052,19867,12299,15,12314,589
2020-04-19,Madera,039,155013,72,34,1,35,2
2020-04-19,Marin,041,260295,212,194,1,195,10
2020-04-19,Mariposa,043,17540,2,0,0,0,0
2020-04-19,Mendocino,045,87422,6,4,0,4,0
2020-04-19,Merced,047,269075,130,85,0,85,3
2020-04-19,Modoc,049,8938,0,0,0,0,0
2020-04-19,Mono,051,14174,29,23,0,23,1
2020-04-19,Monterey,053,433212,205,140,0,140,4
2020-04-19,Napa,055,140530,64,49,0,49,2
2020-04-19,Nevada,057,99092,40,34,1,35,1
2020-04-19,Orange,059,3164182,2509,1591,21,1612,32
2020-04-19,Placer,061,380077,154,131,0,131,8
2020-04-19,Plumas,063,18699,4,4,0,4,0
2020-04-19,Riverside,065,2383286,3726,2316,14,2330,56
2020-04-19,Sacramento,067,1510023,1013,912,0,912,32
2020-04-19,San Benito,069,59416,42,40,0,40,2
2020-04-19,San Bernardino,071,2135413,1878,1262,1,1263,58
2020-04-19,San Diego,073,3302833,3101,2270,0,2270,71
2020-04-19,San Francisco,075,870044,1455,1153,0,1153,19
2020-04-19,San Joaquin,077,732212,506,404,3,407,17
2020-04-19,San Luis Obispo,079,281455,200,132,3,135,1
2020-04-19,San Mateo,081,765935,1163,845,2,847,31
2020-04-19,Santa Barbara,083,443738,462,377,2,379,3
2020-04-19,Santa Clara,085,1922200,2306,1878,5,1883,81
2020-04-19,Santa Cruz,087,273765,126,98,0,98,2
2020-04-19,Shasta,089,179085,31,26,0,26,3
2020-04-19,Sierra,091,2930,0,0,0,0,0
2020-04-19,Siskiyou,093,43540,5,5,0,5,0
2020-04-19,Solano,095,438530,228,174,0,174,2
2020-04-19,Sonoma,097,501317,211,172,0,172,1
2020-04-19,Stanislaus,099,539301,293,221,4,225,3
2020-04-19,Sutter,101,95872,26,21,0,21,2
2020-04-19,Tehama,103,63373,1,1,0,1,1
2020-04-19,Trinity,105,12862,0,0,0,0,0
2020-04-19,Tulare,107,460477,613,391,5,396,17
2020-04-19,Tuolumne,109,53932,3,2,0,2,0
2020-04-19,Ventura,111,848112,557,418,1,419,13
2020-04-19,Yolo,113,214977,173,120,0,120,5
2020-04-19,Yuba,115,75493,16,15,0,15,1
2020-04-18,Alameda,001,1643700,1466,1085,2,1087,40
2020-04-18,Alpine,003,1148,1,1,0,1,0
2020-04-18,Amador,005,37829,7,7,0,7,0
2020-04-18,Butte,007,227075,22,15,2,17,0
2020-04-18,Calaveras,009,45235,12,12,0,12,0
2020-04-18,Colusa,011,21464,3,3,0,3,0
2020-04-18,Contra Costa,013,1133247,856,721,0,721,17
2020-04-18,Del Norte,015,27424,2,2,0,2,0
2020-04-18,El Dorado,017,186661,54,36,0,36,0
2020-04-18,Fresno,019,978130,621,319,6,325,7
2020-04-18,Glenn,021,27897,4,3,0,3,0
2020-04-18,Humboldt,023,135768,58,52,0,52,0
2020-04-18,Imperial,025,180216,309,137,0,137,2
2020-04-18,Inyo,027,18085,19,17,0,17,0
2020-04-18,Kern,029,883053,829,626,1,627,3
2020-04-18,Kings,031,150075,66,17,0,17,1
2020-04-18,Lake,033,64148,6,6,0,6,0
2020-04-18,Lassen,035,31185,3,0,2,2,0
2020-04-18,Los Angeles,037,10098052,19338,11984,15,11999,566
2020-04-18,Madera,039,155013,71,34,1,35,2
2020-04-18,Marin,041,260295,210,193,1,194,10
2020-04-18,Mariposa,043,17540,2,0,0,0,0
2020-04-18,Mendocino,045,87422,6,4,0,4,0
2020-04-18,Merced,047,269075,128,82,0,82,3
2020-04-18,Modoc,049,8938,0,0,0,0,0
2020-04-18,Mono,051,14174,29,22,0,22,1
2020-04-18,Monterey,053,433212,201,135,0,135,3
2020-04-18,Napa,055,140530,64,49,0,49,2
2020-04-18,Nevada,057,99092,39,34,1,35,1
2020-04-18,Orange,059,3164182,2444,1569,20,1589,32
2020-04-18,Placer,061,380077,152,130,0,130,8
2020-04-18,Plumas,063,18699,4,4,0,4,0
2020-04-18,Riverside,065,2383286,3651,2257,14,2271,56
2020-04-18,Sacramento,067,1510023,1001,901,0,901,32
2020-04-18,San Benito,069,59416,42,40,0,40,2
2020-04-18,San Bernardino,071,2135413,1833,1255,1,1256,58
2020-04-18,San Diego,073,3302833,2999,2215,0,2215,71
2020-04-18,San Francisco,075,870044,1416,1144,0,1144,19
2020-04-18,San Joaquin,077,732212,497,392,3,395,17
2020-04-18,San Luis Obispo,079,281455,196,129,3,132,1
2020-04-18,San Mateo,081,765935,1141,821,2,823,31
2020-04-18,Santa Barbara,083,443738,456,372,2,374,3
2020-04-18,Santa Clara,085,1922200,2273,1862,5,1867,79
2020-04-18,Santa Cruz,087,273765,124,96,0,96,2
2020-04-18,Shasta,089,179085,31,26,0,26,3
2020-04-18,Sierra,091,2930,0,0,0,0,0
2020-04-18,Siskiyou,093,43540,5,5,0,5,0
2020-04-18,Solano,095,438530,225,175,0,175,2
2020-04-18,Sonoma,097,501317,207,168,0,168,1
2020-04-18,Stanislaus,099,539301,285,216,4,220,3
2020-04-18,Sutter,101,95872,26,21,0,21,2
2020-04-18,Tehama,103,63373,1,1,0,1,1
2020-04-18,Trinity,105,12862,0,0,0,0,0
2020-04-18,Tulare,107,460477,602,385,5,390,17
2020-04-18,Tuolumne,109,53932,3,2,0,2,0
2020-04-18,Ventura,111,848112,549,416,1,417,13
2020-04-18,Yolo,113,214977,171,118,0,118,5
2020-04-18,Yuba,115,75493,16,14,0,14,1
2020-04-17,Alameda,001,1643700,1411,1043,1,1044,40
2020-04-17,Alpine,003,1148,1,1,0,1,0
2020-04-17,Amador,005,37829,7,7,0,7,0
2020-04-17,Butte,007,227075,22,15,2,17,0
2020-04-17,Calaveras,009,45235,12,11,0,11,0
2020-04-17,Colusa,011,21464,3,3,0,3,0
2020-04-17,Contra Costa,013,1133247,845,687,0,687,15
2020-04-17,Del Norte,015,27424,2,2,0,2,0
2020-04-17,El Dorado,017,186661,54,35,0,35,0
2020-04-17,Fresno,019,978130,599,315,6,321,7
2020-04-17,Glenn,021,27897,4,3,0,3,0
2020-04-17,Humboldt,023,135768,57,52,0,52,0
2020-04-17,Imperial,025,180216,300,135,0,135,2
2020-04-17,Inyo,027,18085,19,17,0,17,0
2020-04-17,Kern,029,883053,809,612,1,613,3
2020-04-17,Kings,031,150075,64,15,0,15,1
2020-04-17,Lake,033,64148,6,6,0,6,0
2020-04-17,Lassen,035,31185,3,0,2,2,0
2020-04-17,Los Angeles,037,10098052,18699,11354,15,11369,489
2020-04-17,Madera,039,155013,71,34,1,35,2
2020-04-17,Marin,041,260295,207,189,1,190,10
2020-04-17,Mariposa,043,17540,1,0,0,0,0
2020-04-17,Mendocino,045,87422,6,4,0,4,0
2020-04-17,Merced,047,269075,127,80,0,80,3
2020-04-17,Modoc,049,8938,0,0,0,0,0
2020-04-17,Mono,051,14174,29,22,0,22,1
2020-04-17,Monterey,053,433212,196,119,0,119,3
2020-04-17,Napa,055,140530,62,46,0,46,2
2020-04-17,Nevada,057,99092,38,34,1,35,1
2020-04-17,Orange,059,3164182,2393,1496,20,1516,31
2020-04-17,Placer,061,380077,152,130,0,130,8
2020-04-17,Plumas,063,18699,4,4,0,4,0
2020-04-17,Riverside,065,2383286,3524,2080,14,2094,50
2020-04-17,Sacramento,067,1510023,994,882,0,882,32
2020-04-17,San Benito,069,59416,42,38,0,38,2
2020-04-17,San Bernardino,071,2135413,1794,1229,1,1230,57
2020-04-17,San Diego,073,3302833,2909,2160,0,2160,70
2020-04-17,San Francisco,075,870044,1391,1090,0,1090,19
2020-04-17,San Joaquin,077,732212,486,356,3,359,17
2020-04-17,San Luis Obispo,079,281455,189,116,3,119,1
2020-04-17,San Mateo,081,765935,1125,768,2,770,31
2020-04-17,Santa Barbara,083,443738,451,349,2,351,3
2020-04-17,Santa Clara,085,1922200,2237,1834,5,1839,74
2020-04-17,Santa Cruz,087,273765,123,94,0,94,2
2020-04-17,Shasta,089,179085,31,26,0,26,3
2020-04-17,Sierra,091,2930,0,0,0,0,0
2020-04-17,Siskiyou,093,43540,5,5,0,5,0
2020-04-17,Solano,095,438530,224,173,0,173,2
2020-04-17,Sonoma,097,501317,204,167,0,167,1
2020-04-17,Stanislaus,099,539301,283,201,4,205,3
2020-04-17,Sutter,101,95872,26,20,0,20,2
2020-04-17,Tehama,103,63373,1,1,0,1,1
2020-04-17,Trinity,105,12862,0,0,0,0,0
2020-04-17,Tulare,107,460477,595,370,5,375,17
2020-04-17,Tuolumne,109,53932,3,2,0,2,0
2020-04-17,Ventura,111,848112,544,398,1,399,13
2020-04-17,Yolo,113,214977,170,117,0,117,5
2020-04-17,Yuba,115,75493,16,14,0,14,1
2020-04-16,Alameda,001,1643700,1378,981,1,982,39
2020-04-16,Alpine,003,1148,1,1,0,1,0
2020-04-16,Amador,005,37829,7,7,0,7,0
2020-04-16,Butte,007,227075,21,15,2,17,0
2020-04-16,Calaveras,009,45235,12,10,0,10,0
2020-04-16,Colusa,011,21464,3,3,0,3,0
2020-04-16,Contra Costa,013,1133247,831,675,0,675,14
2020-04-16,Del Norte,015,27424,2,2,0,2,0
2020-04-16,El Dorado,017,186661,53,34,0,34,0
2020-04-16,Fresno,019,978130,569,289,6,295,7
2020-04-16,Glenn,021,27897,4,3,0,3,0
2020-04-16,Humboldt,023,135768,57,47,0,47,0
2020-04-16,Imperial,025,180216,285,132,0,132,2
2020-04-16,Inyo,027,18085,17,17,0,17,0
2020-04-16,Kern,029,883053,782,587,1,588,3
2020-04-16,Kings,031,150075,60,12,0,12,1
2020-04-16,Lake,033,64148,6,6,0,6,0
2020-04-16,Lassen,035,31185,3,0,2,2,0
2020-04-16,Los Angeles,037,10098052,17806,10786,15,10801,447
2020-04-16,Madera,039,155013,69,34,1,35,2
2020-04-16,Marin,041,260295,203,170,1,171,10
2020-04-16,Mariposa,043,17540,1,1,0,1,0
2020-04-16,Mendocino,045,87422,6,4,0,4,0
2020-04-16,Merced,047,269075,121,76,0,76,3
2020-04-16,Modoc,049,8938,0,0,0,0,0
2020-04-16,Mono,051,14174,29,22,0,22,1
2020-04-16,Monterey,053,433212,193,116,0,116,3
2020-04-16,Napa,055,140530,59,44,0,44,2
2020-04-16,Nevada,057,99092,38,34,1,35,1
2020-04-16,Orange,059,3164182,2328,1439,19,1458,28
2020-04-16,Placer,061,380077,150,129,0,129,7
2020-04-16,Plumas,063,18699,4,4,0,4,0
2020-04-16,Riverside,065,2383286,3404,1913,14,1927,45
2020-04-16,Sacramento,067,1510023,986,865,0,865,32
2020-04-16,San Benito,069,59416,42,36,0,36,2
2020-04-16,San Bernardino,071,2135413,1713,1143,0,1143,54
2020-04-16,San Diego,073,3302833,2801,2089,0,2089,63
2020-04-16,San Francisco,075,870044,1347,1039,0,1039,16
2020-04-16,San Joaquin,077,732212,471,345,3,348,17
2020-04-16,San Luis Obispo,079,281455,185,113,3,116,1
2020-04-16,San Mateo,081,765935,1096,745,2,747,29
2020-04-16,Santa Barbara,083,443738,440,331,2,333,3
2020-04-16,Santa Clara,085,1922200,2200,1789,5,1794,70
2020-04-16,Santa Cruz,087,273765,121,90,0,90,2
2020-04-16,Shasta,089,179085,31,25,0,25,3
2020-04-16,Sierra,091,2930,0,0,0,0,0
2020-04-16,Siskiyou,093,43540,5,5,0,5,0
2020-04-16,Solano,095,438530,221,162,0,162,2
2020-04-16,Sonoma,097,501317,199,145,0,145,1
2020-04-16,Stanislaus,099,539301,280,185,4,189,3
2020-04-16,Sutter,101,95872,25,21,0,21,2
2020-04-16,Tehama,103,63373,1,1,0,1,1
2020-04-16,Trinity,105,12862,0,0,0,0,0
2020-04-16,Tulare,107,460477,578,305,5,310,16
2020-04-16,Tuolumne,109,53932,3,1,0,1,0
2020-04-16,Ventura,111,848112,532,384,1,385,13
2020-04-16,Yolo,113,214977,168,98,0,98,4
2020-04-16,Yuba,115,75493,15,14,0,14,1
2020-04-15,Alameda,001,1643700,1328,915,1,916,38
2020-04-15,Alpine,003,1148,1,1,0,1,0
2020-04-15,Amador,005,37829,7,7,0,7,0
2020-04-15,Butte,007,227075,21,14,2,16,0
2020-04-15,Calaveras,009,45235,11,9,0,9,0
2020-04-15,Colusa,011,21464,3,3,0,3,0
2020-04-15,Contra Costa,013,1133247,809,645,0,645,14
2020-04-15,Del Norte,015,27424,2,2,0,2,0
2020-04-15,El Dorado,017,186661,51,33,0,33,0
2020-04-15,Fresno,019,978130,543,264,6,270,7
2020-04-15,Glenn,021,27897,4,3,0,3,0
2020-04-15,Humboldt,023,135768,57,47,0,47,0
2020-04-15,Imperial,025,180216,259,115,0,115,2
2020-04-15,Inyo,027,18085,17,12,0,12,0
2020-04-15,Kern,029,883053,760,500,1,501,3
2020-04-15,Kings,031,150075,56,12,0,12,1
2020-04-15,Lake,033,64148,6,4,0,4,0
2020-04-15,Lassen,035,31185,3,0,2,2,0
2020-04-15,Los Angeles,037,10098052,16984,10416,15,10431,394
2020-04-15,Madera,039,155013,69,30,1,31,2
2020-04-15,Marin,041,260295,200,162,1,163,10
2020-04-15,Mariposa,043,17540,0,0,0,0,0
2020-04-15,Mendocino,045,87422,5,4,0,4,0
2020-04-15,Merced,047,269075,119,74,0,74,3
2020-04-15,Modoc,049,8938,0,0,0,0,0
2020-04-15,Mono,051,14174,29,22,0,22,1
2020-04-15,Monterey,053,433212,185,106,0,106,3
2020-04-15,Napa,055,140530,56,34,0,34,2
2020-04-15,Nevada,057,99092,37,34,1,35,1
2020-04-15,Orange,059,3164182,2225,1377,19,1396,24
2020-04-15,Placer,061,380077,149,123,0,123,6
2020-04-15,Plumas,063,18699,4,4,0,4,0
2020-04-15,Riverside,065,2383286,3209,1723,14,1737,42
2020-04-15,Sacramento,067,1510023,977,839,0,839,32
2020-04-15,San Benito,069,59416,42,34,0,34,2
2020-04-15,San Bernardino,071,2135413,1643,1063,0,1063,45
2020-04-15,San Diego,073,3302833,2713,2014,0,2014,60
2020-04-15,San Francisco,075,870044,1311,1006,0,1006,16
2020-04-15,San Joaquin,077,732212,463,329,3,332,17
2020-04-15,San Luis Obispo,079,281455,177,112,3,115,1
2020-04-15,San Mateo,081,765935,1047,707,2,709,28
2020-04-15,Santa Barbara,083,443738,424,317,2,319,2
2020-04-15,Santa Clara,085,1922200,2161,1692,5,1697,69
2020-04-15,Santa Cruz,087,273765,117,92,0,92,2
2020-04-15,Shasta,089,179085,31,25,0,25,3
2020-04-15,Sierra,091,2930,0,0,0,0,0
2020-04-15,Siskiyou,093,43540,5,5,0,5,0
2020-04-15,Solano,095,438530,216,153,0,153,2
2020-04-15,Sonoma,097,501317,197,140,0,140,1
2020-04-15,Stanislaus,099,539301,273,174,4,178,3
2020-04-15,Sutter,101,95872,25,19,0,19,2
2020-04-15,Tehama,103,63373,1,1,0,1,1
2020-04-15,Trinity,105,12862,0,0,0,0,0
2020-04-15,Tulare,107,460477,560,289,5,294,14
2020-04-15,Tuolumne,109,53932,3,1,0,1,0
2020-04-15,Ventura,111,848112,517,365,1,366,13
2020-04-15,Yolo,113,214977,161,93,0,93,3
2020-04-15,Yuba,115,75493,15,15,0,15,1
2020-04-14,Alameda,001,1643700,1283,843,1,844,30
2020-04-14,Alpine,003,1148,1,1,0,1,0
2020-04-14,Amador,005,37829,7,6,0,6,0
2020-04-14,Butte,007,227075,21,13,2,15,0
2020-04-14,Calaveras,009,45235,11,5,0,5,0
2020-04-14,Colusa,011,21464,3,3,0,3,0
2020-04-14,Contra Costa,013,1133247,797,617,0,617,12
2020-04-14,Del Norte,015,27424,2,2,0,2,0
2020-04-14,El Dorado,017,186661,51,30,0,30,0
2020-04-14,Fresno,019,978130,520,244,6,250,6
2020-04-14,Glenn,021,27897,4,3,0,3,0
2020-04-14,Humboldt,023,135768,57,44,0,44,0
2020-04-14,Imperial,025,180216,239,86,0,86,2
2020-04-14,Inyo,027,18085,17,12,0,12,0
2020-04-14,Kern,029,883053,736,453,1,454,3
2020-04-14,Kings,031,150075,55,12,0,12,1
2020-04-14,Lake,033,64148,6,3,0,3,0
2020-04-14,Lassen,035,31185,3,0,2,2,0
2020-04-14,Los Angeles,037,10098052,16090,9948,14,9962,357
2020-04-14,Madera,039,155013,68,29,1,30,2
2020-04-14,Marin,041,260295,196,147,1,148,9
2020-04-14,Mariposa,043,17540,0,0,0,0,0
2020-04-14,Mendocino,045,87422,5,4,0,4,0
2020-04-14,Merced,047,269075,112,61,0,61,3
2020-04-14,Modoc,049,8938,0,0,0,0,0
2020-04-14,Mono,051,14174,29,22,0,22,1
2020-04-14,Monterey,053,433212,180,98,0,98,3
2020-04-14,Napa,055,140530,56,33,0,33,2
2020-04-14,Nevada,057,99092,37,34,1,35,1
2020-04-14,Orange,059,3164182,2125,1362,19,1381,24
2020-04-14,Placer,061,380077,148,117,0,117,5
2020-04-14,Plumas,063,18699,4,3,0,3,0
2020-04-14,Riverside,065,2383286,3074,1467,14,1481,40
2020-04-14,Sacramento,067,1510023,968,737,0,737,29
2020-04-14,San Benito,069,59416,39,34,0,34,2
2020-04-14,San Bernardino,071,2135413,1588,933,0,933,37
2020-04-14,San Diego,073,3302833,2618,1932,0,1932,53
2020-04-14,San Francisco,075,870044,1257,968,0,968,14
2020-04-14,San Joaquin,077,732212,453,280,3,283,17
2020-04-14,San Luis Obispo,079,281455,174,109,3,112,1
2020-04-14,San Mateo,081,765935,1013,681,2,683,28
2020-04-14,Santa Barbara,083,443738,400,292,2,294,2
2020-04-14,Santa Clara,085,1922200,2128,1561,5,1566,63
2020-04-14,Santa Cruz,087,273765,109,84,0,84,2
2020-04-14,Shasta,089,179085,31,24,0,24,3
2020-04-14,Sierra,091,2930,0,0,0,0,0
2020-04-14,Siskiyou,093,43540,5,5,0,5,0
2020-04-14,Solano,095,438530,213,140,0,140,2
2020-04-14,Sonoma,097,501317,193,133,0,133,1
2020-04-14,Stanislaus,099,539301,260,136,4,140,3
2020-04-14,Sutter,101,95872,24,19,0,19,2
2020-04-14,Tehama,103,63373,1,1,0,1,1
2020-04-14,Trinity,105,12862,0,0,0,0,0
2020-04-14,Tulare,107,460477,536,228,5,233,12
2020-04-14,Tuolumne,109,53932,3,0,0,0,0
2020-04-14,Ventura,111,848112,504,328,1,329,11
2020-04-14,Yolo,113,214977,158,81,0,81,3
2020-04-14,Yuba,115,75493,14,14,0,14,1
2020-04-13,Alameda,001,1643700,1245,821,1,822,23
2020-04-13,Alpine,003,1148,1,1,0,1,0
2020-04-13,Amador,005,37829,7,6,0,6,0
2020-04-13,Butte,007,227075,20,13,2,15,0
2020-04-13,Calaveras,009,45235,10,5,0,5,0
2020-04-13,Colusa,011,21464,3,3,0,3,0
2020-04-13,Contra Costa,013,1133247,781,569,0,569,12
2020-04-13,Del Norte,015,27424,2,2,0,2,0
2020-04-13,El Dorado,017,186661,49,29,0,29,0
2020-04-13,Fresno,019,978130,498,205,5,210,4
2020-04-13,Glenn,021,27897,4,3,0,3,0
2020-04-13,Humboldt,023,135768,57,44,0,44,0
2020-04-13,Imperial,025,180216,221,82,0,82,2
2020-04-13,Inyo,027,18085,17,12,0,12,0
2020-04-13,Kern,029,883053,711,346,1,347,3
2020-04-13,Kings,031,150075,51,9,0,9,0
2020-04-13,Lake,033,64148,6,3,0,3,0
2020-04-13,Lassen,035,31185,3,0,2,2,0
2020-04-13,Los Angeles,037,10098052,15370,9367,14,9381,317
2020-04-13,Madera,039,155013,66,29,1,30,2
2020-04-13,Marin,041,260295,192,144,1,145,6
2020-04-13,Mariposa,043,17540,0,0,0,0,0
2020-04-13,Mendocino,045,87422,5,4,0,4,0
2020-04-13,Merced,047,269075,111,60,0,60,3
2020-04-13,Modoc,049,8938,0,0,0,0,0
2020-04-13,Mono,051,14174,29,21,0,21,1
2020-04-13,Monterey,053,433212,173,86,0,86,3
2020-04-13,Napa,055,140530,55,30,0,30,2
2020-04-13,Nevada,057,99092,37,24,1,25,1
2020-04-13,Orange,059,3164182,2053,1313,19,1332,21
2020-04-13,Placer,061,380077,147,116,0,116,5
2020-04-13,Plumas,063,18699,4,3,0,3,0
2020-04-13,Riverside,065,2383286,2933,1460,13,1473,35
2020-04-13,Sacramento,067,1510023,956,723,0,723,25
2020-04-13,San Benito,069,59416,38,33,0,33,2
2020-04-13,San Bernardino,071,2135413,1513,920,0,920,30
2020-04-13,San Diego,073,3302833,2535,1849,0,1849,47
2020-04-13,San Francisco,075,870044,1219,948,0,948,12
2020-04-13,San Joaquin,077,732212,438,255,3,258,16
2020-04-13,San Luis Obispo,079,281455,169,106,3,109,1
2020-04-13,San Mateo,081,765935,973,679,2,681,25
2020-04-13,Santa Barbara,083,443738,381,271,1,272,2
2020-04-13,Santa Clara,085,1922200,2082,1540,5,1545,58
2020-04-13,Santa Cruz,087,273765,103,82,0,82,1
2020-04-13,Shasta,089,179085,30,24,0,24,3
2020-04-13,Sierra,091,2930,0,0,0,0,0
2020-04-13,Siskiyou,093,43540,5,5,0,5,0
2020-04-13,Solano,095,438530,210,136,0,136,2
2020-04-13,Sonoma,097,501317,186,133,0,133,1
2020-04-13,Stanislaus,099,539301,254,130,4,134,1
2020-04-13,Sutter,101,95872,24,18,0,18,2
2020-04-13,Tehama,103,63373,1,1,0,1,0
2020-04-13,Trinity,105,12862,0,0,0,0,0
2020-04-13,Tulare,107,460477,500,185,5,190,11
2020-04-13,Tuolumne,109,53932,3,0,0,0,0
2020-04-13,Ventura,111,848112,483,309,0,309,9
2020-04-13,Yolo,113,214977,152,81,0,81,3
2020-04-13,Yuba,115,75493,14,13,0,13,1
2020-04-12,Alameda,001,1643700,1202,774,1,775,23
2020-04-12,Alpine,003,1148,1,1,0,1,0
2020-04-12,Amador,005,37829,7,6,0,6,0
2020-04-12,Butte,007,227075,20,13,2,15,0
2020-04-12,Calaveras,009,45235,10,5,0,5,0
2020-04-12,Colusa,011,21464,3,3,0,3,0
2020-04-12,Contra Costa,013,1133247,768,553,0,553,12
2020-04-12,Del Norte,015,27424,2,2,0,2,0
2020-04-12,El Dorado,017,186661,49,28,0,28,0
2020-04-12,Fresno,019,978130,469,205,5,210,4
2020-04-12,Glenn,021,27897,4,3,0,3,0
2020-04-12,Humboldt,023,135768,57,43,0,43,0
2020-04-12,Imperial,025,180216,198,78,0,78,2
2020-04-12,Inyo,027,18085,15,12,0,12,0
2020-04-12,Kern,029,883053,679,319,0,319,3
2020-04-12,Kings,031,150075,49,9,0,9,0
2020-04-12,Lake,033,64148,6,3,0,3,0
2020-04-12,Lassen,035,31185,3,0,2,2,0
2020-04-12,Los Angeles,037,10098052,14650,9133,14,9147,294
2020-04-12,Madera,039,155013,65,29,1,30,2
2020-04-12,Marin,041,260295,181,138,1,139,6
2020-04-12,Mariposa,043,17540,0,0,0,0,0
2020-04-12,Mendocino,045,87422,5,4,0,4,0
2020-04-12,Merced,047,269075,107,58,0,58,3
2020-04-12,Modoc,049,8938,0,0,0,0,0
2020-04-12,Mono,051,14174,29,20,0,20,1
2020-04-12,Monterey,053,433212,159,85,0,85,3
2020-04-12,Napa,055,140530,53,29,0,29,2
2020-04-12,Nevada,057,99092,37,24,1,25,1
2020-04-12,Orange,059,3164182,1993,1283,18,1301,21
2020-04-12,Placer,061,380077,146,114,0,114,4
2020-04-12,Plumas,063,18699,4,3,0,3,0
2020-04-12,Riverside,065,2383286,2751,1330,13,1343,34
2020-04-12,Sacramento,067,1510023,919,689,0,689,25
2020-04-12,San Benito,069,59416,36,33,0,33,2
2020-04-12,San Bernardino,071,2135413,1437,827,0,827,30
2020-04-12,San Diego,073,3302833,2445,1806,0,1806,45
2020-04-12,San Francisco,075,870044,1192,886,0,886,11
2020-04-12,San Joaquin,077,732212,420,246,3,249,15
2020-04-12,San Luis Obispo,079,281455,166,102,2,104,1
2020-04-12,San Mateo,081,765935,947,664,2,666,25
2020-04-12,Santa Barbara,083,443738,362,261,1,262,2
2020-04-12,Santa Clara,085,1922200,2054,1461,5,1466,53
2020-04-12,Santa Cruz,087,273765,102,80,0,80,1
2020-04-12,Shasta,089,179085,30,24,0,24,3
2020-04-12,Sierra,091,2930,0,0,0,0,0
2020-04-12,Siskiyou,093,43540,5,5,0,5,0
2020-04-12,Solano,095,438530,204,136,0,136,2
2020-04-12,Sonoma,097,501317,183,131,0,131,1
2020-04-12,Stanislaus,099,539301,246,117,4,121,1
2020-04-12,Sutter,101,95872,23,18,0,18,2
2020-04-12,Tehama,103,63373,1,1,0,1,0
2020-04-12,Trinity,105,12862,0,0,0,0,0
2020-04-12,Tulare,107,460477,488,166,5,171,11
2020-04-12,Tuolumne,109,53932,3,0,0,0,0
2020-04-12,Ventura,111,848112,473,306,0,306,9
2020-04-12,Yolo,113,214977,138,67,0,67,3
2020-04-12,Yuba,115,75493,14,13,0,13,1
2020-04-11,Alameda,001,1643700,1160,751,1,752,23
2020-04-11,Alpine,003,1148,1,1,0,1,0
2020-04-11,Amador,005,37829,7,6,0,6,0
2020-04-11,Butte,007,227075,20,13,2,15,0
2020-04-11,Calaveras,009,45235,10,5,0,5,0
2020-04-11,Colusa,011,21464,3,3,0,3,0
2020-04-11,Contra Costa,013,1133247,759,550,0,550,12
2020-04-11,Del Norte,015,27424,2,2,0,2,0
2020-04-11,El Dorado,017,186661,48,29,0,29,0
2020-04-11,Fresno,019,978130,459,201,5,206,4
2020-04-11,Glenn,021,27897,4,3,0,3,0
2020-04-11,Humboldt,023,135768,57,38,0,38,0
2020-04-11,Imperial,025,180216,188,78,0,78,2
2020-04-11,Inyo,027,18085,15,12,0,12,0
2020-04-11,Kern,029,883053,651,304,0,304,3
2020-04-11,Kings,031,150075,46,9,0,9,0
2020-04-11,Lake,033,64148,6,3,0,3,0
2020-04-11,Lassen,035,31185,3,0,2,2,0
2020-04-11,Los Angeles,037,10098052,14174,8823,14,8837,262
2020-04-11,Madera,039,155013,64,29,1,30,2
2020-04-11,Marin,041,260295,178,136,1,137,6
2020-04-11,Mariposa,043,17540,0,0,0,0,0
2020-04-11,Mendocino,045,87422,5,4,0,4,0
2020-04-11,Merced,047,269075,104,59,0,59,3
2020-04-11,Modoc,049,8938,0,0,0,0,0
2020-04-11,Mono,051,14174,29,20,0,20,1
2020-04-11,Monterey,053,433212,153,78,0,78,3
2020-04-11,Napa,055,140530,53,29,0,29,2
2020-04-11,Nevada,057,99092,37,24,1,25,1
2020-04-11,Orange,059,3164182,1931,1267,18,1285,21
2020-04-11,Placer,061,380077,146,113,0,113,4
2020-04-11,Plumas,063,18699,4,3,0,3,0
2020-04-11,Riverside,065,2383286,2672,1260,13,1273,33
2020-04-11,Sacramento,067,1510023,908,685,0,685,25
2020-04-11,San Benito,069,59416,36,33,0,33,2
2020-04-11,San Bernardino,071,2135413,1401,826,0,826,28
2020-04-11,San Diego,073,3302833,2379,1763,0,1763,45
2020-04-11,San Francisco,075,870044,1170,860,0,860,11
2020-04-11,San Joaquin,077,732212,415,244,3,247,15
2020-04-11,San Luis Obispo,079,281455,166,100,1,101,1
2020-04-11,San Mateo,081,765935,935,662,2,664,25
2020-04-11,Santa Barbara,083,443738,354,258,1,259,2
2020-04-11,Santa Clara,085,1922200,1995,1441,5,1446,51
2020-04-11,Santa Cruz,087,273765,102,79,0,79,1
2020-04-11,Shasta,089,179085,30,24,0,24,3
2020-04-11,Sierra,091,2930,0,0,0,0,0
2020-04-11,Siskiyou,093,43540,5,5,0,5,0
2020-04-11,Solano,095,438530,200,138,0,138,2
2020-04-11,Sonoma,097,501317,181,131,0,131,1
2020-04-11,Stanislaus,099,539301,238,119,3,122,1
2020-04-11,Sutter,101,95872,23,18,0,18,2
2020-04-11,Tehama,103,63373,1,1,0,1,0
2020-04-11,Trinity,105,12862,0,0,0,0,0
2020-04-11,Tulare,107,460477,466,168,5,173,10
2020-04-11,Tuolumne,109,53932,3,0,0,0,0
2020-04-11,Ventura,111,848112,463,304,0,304,9
2020-04-11,Yolo,113,214977,135,67,0,67,3
2020-04-11,Yuba,115,75493,14,13,0,13,1
2020-04-10,Alameda,001,1643700,1119,706,1,707,21
2020-04-10,Alpine,003,1148,1,1,0,1,0
2020-04-10,Amador,005,37829,7,5,0,5,0
2020-04-10,Butte,007,227075,20,13,2,15,0
2020-04-10,Calaveras,009,45235,10,5,0,5,0
2020-04-10,Colusa,011,21464,3,3,0,3,0
2020-04-10,Contra Costa,013,1133247,746,537,0,537,10
2020-04-10,Del Norte,015,27424,2,2,0,2,0
2020-04-10,El Dorado,017,186661,48,26,0,26,0
2020-04-10,Fresno,019,978130,452,186,4,190,3
2020-04-10,Glenn,021,27897,4,3,0,3,0
2020-04-10,Humboldt,023,135768,57,36,0,36,0
2020-04-10,Imperial,025,180216,181,70,0,70,2
2020-04-10,Inyo,027,18085,13,11,0,11,0
2020-04-10,Kern,029,883053,627,272,0,272,3
2020-04-10,Kings,031,150075,43,7,0,7,0
2020-04-10,Lake,033,64148,6,3,0,3,0
2020-04-10,Lassen,035,31185,3,0,2,2,0
2020-04-10,Los Angeles,037,10098052,13657,8384,13,8397,239
2020-04-10,Madera,039,155013,63,29,1,30,2
2020-04-10,Marin,041,260295,173,128,1,129,6
2020-04-10,Mariposa,043,17540,0,0,0,0,0
2020-04-10,Mendocino,045,87422,5,4,0,4,0
2020-04-10,Merced,047,269075,102,56,0,56,3
2020-04-10,Modoc,049,8938,0,0,0,0,0
2020-04-10,Mono,051,14174,29,20,0,20,1
2020-04-10,Monterey,053,433212,142,78,0,78,3
2020-04-10,Napa,055,140530,50,28,0,28,2
2020-04-10,Nevada,057,99092,37,23,1,24,1
2020-04-10,Orange,059,3164182,1884,1167,18,1185,21
2020-04-10,Placer,061,380077,145,112,0,112,4
2020-04-10,Plumas,063,18699,4,3,0,3,0
2020-04-10,Riverside,065,2383286,2606,1162,13,1175,30
2020-04-10,Sacramento,067,1510023,899,642,0,642,24
2020-04-10,San Benito,069,59416,36,32,0,32,2
2020-04-10,San Bernardino,071,2135413,1353,779,0,779,27
2020-04-10,San Diego,073,3302833,2319,1695,0,1695,44
2020-04-10,San Francisco,075,870044,1139,797,0,797,10
2020-04-10,San Joaquin,077,732212,403,234,3,237,14
2020-04-10,San Luis Obispo,079,281455,166,97,1,98,1
2020-04-10,San Mateo,081,765935,919,642,2,644,24
2020-04-10,Santa Barbara,083,443738,346,254,1,255,2
2020-04-10,Santa Clara,085,1922200,1943,1351,5,1356,50
2020-04-10,Santa Cruz,087,273765,101,75,0,75,1
2020-04-10,Shasta,089,179085,30,24,0,24,3
2020-04-10,Sierra,091,2930,0,0,0,0,0
2020-04-10,Siskiyou,093,43540,5,5,0,5,0
2020-04-10,Solano,095,438530,197,129,0,129,2
2020-04-10,Sonoma,097,501317,180,129,0,129,1
2020-04-10,Stanislaus,099,539301,231,101,3,104,0
2020-04-10,Sutter,101,95872,23,18,0,18,2
2020-04-10,Tehama,103,63373,1,1,0,1,0
2020-04-10,Trinity,105,12862,0,0,0,0,0
2020-04-10,Tulare,107,460477,424,163,5,168,10
2020-04-10,Tuolumne,109,53932,3,0,0,0,0
2020-04-10,Ventura,111,848112,454,290,0,290,9
2020-04-10,Yolo,113,214977,133,62,0,62,3
2020-04-10,Yuba,115,75493,14,13,0,13,1
2020-04-09,Alameda,001,1643700,1069,641,1,642,17
2020-04-09,Alpine,003,1148,1,1,0,1,0
2020-04-09,Amador,005,37829,7,2,0,2,0
2020-04-09,Butte,007,227075,20,12,2,14,0
2020-04-09,Calaveras,009,45235,10,5,0,5,0
2020-04-09,Colusa,011,21464,3,3,0,3,0
2020-04-09,Contra Costa,013,1133247,703,505,0,505,7
2020-04-09,Del Norte,015,27424,2,2,0,2,0
2020-04-09,El Dorado,017,186661,47,25,0,25,0
2020-04-09,Fresno,019,978130,427,165,4,169,3
2020-04-09,Glenn,021,27897,4,2,0,2,0
2020-04-09,Humboldt,023,135768,57,36,0,36,0
2020-04-09,Imperial,025,180216,160,67,0,67,2
2020-04-09,Inyo,027,18085,12,11,0,11,0
2020-04-09,Kern,029,883053,591,241,0,241,2
2020-04-09,Kings,031,150075,40,5,0,5,0
2020-04-09,Lake,033,64148,5,1,0,1,0
2020-04-09,Lassen,035,31185,3,0,2,2,0
2020-04-09,Los Angeles,037,10098052,13026,7919,13,7932,220
2020-04-09,Madera,039,155013,63,28,1,29,2
2020-04-09,Marin,041,260295,171,126,1,127,7
2020-04-09,Mariposa,043,17540,0,0,0,0,0
2020-04-09,Mendocino,045,87422,5,4,0,4,0
2020-04-09,Merced,047,269075,98,41,0,41,3
2020-04-09,Modoc,049,8938,0,0,0,0,0
2020-04-09,Mono,051,14174,29,19,0,19,1
2020-04-09,Monterey,053,433212,124,70,0,70,3
2020-04-09,Napa,055,140530,46,27,0,27,2
2020-04-09,Nevada,057,99092,36,23,1,24,1
2020-04-09,Orange,059,3164182,1810,1105,18,1123,19
2020-04-09,Placer,061,380077,144,107,0,107,4
2020-04-09,Plumas,063,18699,4,3,0,3,0
2020-04-09,Riverside,065,2383286,2463,1083,13,1096,29
2020-04-09,Sacramento,067,1510023,876,601,0,601,21
2020-04-09,San Benito,069,59416,36,32,0,32,2
2020-04-09,San Bernardino,071,2135413,1284,717,0,717,27
2020-04-09,San Diego,073,3302833,2223,1630,0,1630,40
2020-04-09,San Francisco,075,870044,1119,748,0,748,8
2020-04-09,San Joaquin,077,732212,382,223,3,226,14
2020-04-09,San Luis Obispo,079,281455,158,93,1,94,1
2020-04-09,San Mateo,081,765935,903,630,2,632,23
2020-04-09,Santa Barbara,083,443738,336,232,1,233,2
2020-04-09,Santa Clara,085,1922200,1873,1301,5,1306,49
2020-04-09,Santa Cruz,087,273765,101,73,0,73,1
2020-04-09,Shasta,089,179085,30,22,0,22,3
2020-04-09,Sierra,091,2930,0,0,0,0,0
2020-04-09,Siskiyou,093,43540,5,4,0,4,0
2020-04-09,Solano,095,438530,188,118,0,118,2
2020-04-09,Sonoma,097,501317,176,113,0,113,1
2020-04-09,Stanislaus,099,539301,219,93,3,96,0
2020-04-09,Sutter,101,95872,23,17,0,17,2
2020-04-09,Tehama,103,63373,1,1,0,1,0
2020-04-09,Trinity,105,12862,0,0,0,0,0
2020-04-09,Tulare,107,460477,395,147,5,152,9
2020-04-09,Tuolumne,109,53932,3,0,0,0,0
2020-04-09,Ventura,111,848112,435,273,0,273,9
2020-04-09,Yolo,113,214977,124,59,0,59,3
2020-04-09,Yuba,115,75493,14,13,0,13,0
2020-04-08,Alameda,001,1643700,1027,594,1,595,15
2020-04-08,Alpine,003,1148,1,1,0,1,0
2020-04-08,Amador,005,37829,7,2,0,2,0
2020-04-08,Butte,007,227075,19,11,2,13,0
2020-04-08,Calaveras,009,45235,10,5,0,5,0
2020-04-08,Colusa,011,21464,3,3,0,3,0
2020-04-08,Contra Costa,013,1133247,690,481,0,481,7
2020-04-08,Del Norte,015,27424,2,2,0,2,0
2020-04-08,El Dorado,017,186661,47,25,0,25,0
2020-04-08,Fresno,019,978130,407,151,4,155,3
2020-04-08,Glenn,021,27897,4,2,0,2,0
2020-04-08,Humboldt,023,135768,57,40,0,40,0
2020-04-08,Imperial,025,180216,149,59,0,59,2
2020-04-08,Inyo,027,18085,12,11,0,11,0
2020-04-08,Kern,029,883053,550,198,0,198,2
2020-04-08,Kings,031,150075,40,5,0,5,0
2020-04-08,Lake,033,64148,5,1,0,1,0
2020-04-08,Lassen,035,31185,3,0,2,2,0
2020-04-08,Los Angeles,037,10098052,12428,7505,13,7518,196
2020-04-08,Madera,039,155013,62,28,1,29,2
2020-04-08,Marin,041,260295,165,125,1,126,7
2020-04-08,Mariposa,043,17540,0,0,0,0,0
2020-04-08,Mendocino,045,87422,5,4,0,4,0
2020-04-08,Merced,047,269075,87,35,0,35,1
2020-04-08,Modoc,049,8938,0,0,0,0,0
2020-04-08,Mono,051,14174,29,19,0,19,1
2020-04-08,Monterey,053,433212,115,68,0,68,3
2020-04-08,Napa,055,140530,44,21,0,21,2
2020-04-08,Nevada,057,99092,36,21,1,22,1
2020-04-08,Orange,059,3164182,1747,1034,18,1052,19
2020-04-08,Placer,061,380077,144,102,0,102,4
2020-04-08,Plumas,063,18699,4,3,0,3,0
2020-04-08,Riverside,065,2383286,2306,974,13,987,28
2020-04-08,Sacramento,067,1510023,842,565,0,565,21
2020-04-08,San Benito,069,59416,36,31,0,31,2
2020-04-08,San Bernardino,071,2135413,1227,635,0,635,22
2020-04-08,San Diego,073,3302833,2149,1532,0,1532,36
2020-04-08,San Francisco,075,870044,1052,687,0,687,7
2020-04-08,San Joaquin,077,732212,365,211,3,214,12
2020-04-08,San Luis Obispo,079,281455,156,90,1,91,1
2020-04-08,San Mateo,081,765935,888,608,2,610,22
2020-04-08,Santa Barbara,083,443738,319,221,1,222,2
2020-04-08,Santa Clara,085,1922200,1828,1257,5,1262,47
2020-04-08,Santa Cruz,087,273765,100,69,0,69,1
2020-04-08,Shasta,089,179085,30,18,0,18,3
2020-04-08,Sierra,091,2930,0,0,0,0,0
2020-04-08,Siskiyou,093,43540,5,4,0,4,0
2020-04-08,Solano,095,438530,175,111,0,111,2
2020-04-08,Sonoma,097,501317,170,107,0,107,1
2020-04-08,Stanislaus,099,539301,203,86,3,89,0
2020-04-08,Sutter,101,95872,22,17,0,17,2
2020-04-08,Tehama,103,63373,1,1,0,1,0
2020-04-08,Trinity,105,12862,0,0,0,0,0
2020-04-08,Tulare,107,460477,364,145,5,150,6
2020-04-08,Tuolumne,109,53932,3,0,0,0,0
2020-04-08,Ventura,111,848112,426,263,0,263,7
2020-04-08,Yolo,113,214977,107,56,0,56,3
2020-04-08,Yuba,115,75493,14,10,0,10,0
2020-04-07,Alameda,001,1643700,992,560,1,561,14
2020-04-07,Alpine,003,1148,1,1,0,1,0
2020-04-07,Amador,005,37829,7,2,0,2,0
2020-04-07,Butte,007,227075,18,11,2,13,0
2020-04-07,Calaveras,009,45235,9,5,0,5,0
2020-04-07,Colusa,011,21464,3,2,0,2,0
2020-04-07,Contra Costa,013,1133247,670,471,0,471,7
2020-04-07,Del Norte,015,27424,2,2,0,2,0
2020-04-07,El Dorado,017,186661,46,22,0,22,0
2020-04-07,Fresno,019,978130,393,138,4,142,3
2020-04-07,Glenn,021,27897,4,2,0,2,0
2020-04-07,Humboldt,023,135768,56,40,0,40,0
2020-04-07,Imperial,025,180216,130,53,0,53,2
2020-04-07,Inyo,027,18085,12,11,0,11,0
2020-04-07,Kern,029,883053,507,134,0,134,2
2020-04-07,Kings,031,150075,37,5,0,5,0
2020-04-07,Lake,033,64148,4,1,0,1,0
2020-04-07,Lassen,035,31185,3,0,2,2,0
2020-04-07,Los Angeles,037,10098052,11777,6885,13,6898,170
2020-04-07,Madera,039,155013,60,28,0,28,2
2020-04-07,Marin,041,260295,163,122,1,123,7
2020-04-07,Mariposa,043,17540,0,0,0,0,0
2020-04-07,Mendocino,045,87422,5,4,0,4,0
2020-04-07,Merced,047,269075,79,27,0,27,1
2020-04-07,Modoc,049,8938,0,0,0,0,0
2020-04-07,Mono,051,14174,28,18,0,18,1
2020-04-07,Monterey,053,433212,106,63,0,63,2
2020-04-07,Napa,055,140530,42,18,0,18,2
2020-04-07,Nevada,057,99092,36,20,1,21,1
2020-04-07,Orange,059,3164182,1700,971,16,987,19
2020-04-07,Placer,061,380077,139,94,0,94,3
2020-04-07,Plumas,063,18699,4,3,0,3,0
2020-04-07,Riverside,065,2383286,2149,905,13,918,25
2020-04-07,Sacramento,067,1510023,812,513,0,513,18
2020-04-07,San Benito,069,59416,36,26,0,26,2
2020-04-07,San Bernardino,071,2135413,1160,554,0,554,19
2020-04-07,San Diego,073,3302833,2072,1456,0,1456,31
2020-04-07,San Francisco,075,870044,992,636,0,636,6
2020-04-07,San Joaquin,077,732212,347,198,3,201,12
2020-04-07,San Luis Obispo,079,281455,149,87,1,88,1
2020-04-07,San Mateo,081,765935,867,573,2,575,22
2020-04-07,Santa Barbara,083,443738,305,209,1,210,2
2020-04-07,Santa Clara,085,1922200,1759,1193,4,1197,46
2020-04-07,Santa Cruz,087,273765,100,67,0,67,1
2020-04-07,Shasta,089,179085,29,16,0,16,3
2020-04-07,Sierra,091,2930,0,0,0,0,0
2020-04-07,Siskiyou,093,43540,5,4,0,4,0
2020-04-07,Solano,095,438530,170,99,0,99,1
2020-04-07,Sonoma,097,501317,167,102,0,102,1
2020-04-07,Stanislaus,099,539301,186,83,3,86,0
2020-04-07,Sutter,101,95872,22,16,0,16,2
2020-04-07,Tehama,103,63373,1,1,0,1,0
2020-04-07,Trinity,105,12862,0,0,0,0,0
2020-04-07,Tulare,107,460477,335,144,5,149,5
2020-04-07,Tuolumne,109,53932,3,1,0,1,0
2020-04-07,Ventura,111,848112,409,247,0,247,6
2020-04-07,Yolo,113,214977,100,51,0,51,2
2020-04-07,Yuba,115,75493,14,10,0,10,0
2020-04-06,Alameda,001,1643700,961,527,1,528,13
2020-04-06,Alpine,003,1148,1,1,0,1,0
2020-04-06,Amador,005,37829,6,2,0,2,0
2020-04-06,Butte,007,227075,17,11,2,13,0
2020-04-06,Calaveras,009,45235,9,4,0,4,0
2020-04-06,Colusa,011,21464,3,1,0,1,0
2020-04-06,Contra Costa,013,1133247,645,447,0,447,7
2020-04-06,Del Norte,015,27424,2,2,0,2,0
2020-04-06,El Dorado,017,186661,44,23,0,23,0
2020-04-06,Fresno,019,978130,371,122,4,126,1
2020-04-06,Glenn,021,27897,4,2,0,2,0
2020-04-06,Humboldt,023,135768,55,37,0,37,0
2020-04-06,Imperial,025,180216,123,47,0,47,1
2020-04-06,Inyo,027,18085,11,11,0,11,0
2020-04-06,Kern,029,883053,470,117,0,117,2
2020-04-06,Kings,031,150075,37,3,0,3,0
2020-04-06,Lake,033,64148,4,1,0,1,0
2020-04-06,Lassen,035,31185,3,0,2,2,0
2020-04-06,Los Angeles,037,10098052,11048,6346,13,6359,145
2020-04-06,Madera,039,155013,58,29,0,29,2
2020-04-06,Marin,041,260295,160,119,1,120,7
2020-04-06,Mariposa,043,17540,0,0,0,0,0
2020-04-06,Mendocino,045,87422,5,4,0,4,0
2020-04-06,Merced,047,269075,74,25,0,25,1
2020-04-06,Modoc,049,8938,0,0,0,0,0
2020-04-06,Mono,051,14174,28,18,0,18,1
2020-04-06,Monterey,053,433212,101,62,0,62,2
2020-04-06,Napa,055,140530,42,18,0,18,2
2020-04-06,Nevada,057,99092,36,19,1,20,1
2020-04-06,Orange,059,3164182,1656,910,15,925,17
2020-04-06,Placer,061,380077,139,90,0,90,3
2020-04-06,Plumas,063,18699,4,2,0,2,0
2020-04-06,Riverside,065,2383286,2023,854,13,867,17
2020-04-06,Sacramento,067,1510023,782,448,0,448,15
2020-04-06,San Benito,069,59416,34,25,0,25,1
2020-04-06,San Bernardino,071,2135413,1101,550,0,550,13
2020-04-06,San Diego,073,3302833,1990,1406,0,1406,19
2020-04-06,San Francisco,075,870044,952,586,0,586,6
2020-04-06,San Joaquin,077,732212,332,191,3,194,10
2020-04-06,San Luis Obispo,079,281455,147,85,1,86,1
2020-04-06,San Mateo,081,765935,849,569,2,571,20
2020-04-06,Santa Barbara,083,443738,296,189,1,190,2
2020-04-06,Santa Clara,085,1922200,1706,1128,4,1132,43
2020-04-06,Santa Cruz,087,273765,98,65,0,65,1
2020-04-06,Shasta,089,179085,29,16,0,16,3
2020-04-06,Sierra,091,2930,0,0,0,0,0
2020-04-06,Siskiyou,093,43540,4,4,0,4,0
2020-04-06,Solano,095,438530,163,95,0,95,1
2020-04-06,Sonoma,097,501317,166,102,0,102,1
2020-04-06,Stanislaus,099,539301,170,72,3,75,0
2020-04-06,Sutter,101,95872,22,14,0,14,2
2020-04-06,Tehama,103,63373,1,1,0,1,0
2020-04-06,Trinity,105,12862,0,0,0,0,0
2020-04-06,Tulare,107,460477,319,126,5,131,5
2020-04-06,Tuolumne,109,53932,3,1,0,1,0
2020-04-06,Ventura,111,848112,391,234,0,234,6
2020-04-06,Yolo,113,214977,96,43,0,43,1
2020-04-06,Yuba,115,75493,14,8,0,8,0
2020-04-05,Alameda,001,1643700,919,475,1,476,12
2020-04-05,Alpine,003,1148,1,1,0,1,0
2020-04-05,Amador,005,37829,6,2,0,2,0
2020-04-05,Butte,007,227075,17,10,2,12,0
2020-04-05,Calaveras,009,45235,9,3,0,3,0
2020-04-05,Colusa,011,21464,3,1,0,1,0
2020-04-05,Contra Costa,013,1133247,628,415,0,415,6
2020-04-05,Del Norte,015,27424,2,1,0,1,0
2020-04-05,El Dorado,017,186661,42,19,0,19,0
2020-04-05,Fresno,019,978130,337,102,4,106,1
2020-04-05,Glenn,021,27897,4,2,0,2,0
2020-04-05,Humboldt,023,135768,55,29,0,29,0
2020-04-05,Imperial,025,180216,115,42,0,42,1
2020-04-05,Inyo,027,18085,11,10,0,10,0
2020-04-05,Kern,029,883053,415,109,0,109,2
2020-04-05,Kings,031,150075,36,4,0,4,0
2020-04-05,Lake,033,64148,4,0,0,0,0
2020-04-05,Lassen,035,31185,3,0,2,2,0
2020-04-05,Los Angeles,037,10098052,10481,5892,13,5905,130
2020-04-05,Madera,039,155013,57,27,0,27,2
2020-04-05,Marin,041,260295,160,113,1,114,6
2020-04-05,Mariposa,043,17540,0,0,0,0,0
2020-04-05,Mendocino,045,87422,5,4,0,4,0
2020-04-05,Merced,047,269075,67,16,0,16,0
2020-04-05,Modoc,049,8938,0,0,0,0,0
2020-04-05,Mono,051,14174,28,18,0,18,1
2020-04-05,Monterey,053,433212,94,61,0,61,2
2020-04-05,Napa,055,140530,40,15,0,15,2
2020-04-05,Nevada,057,99092,36,19,1,20,1
2020-04-05,Orange,059,3164182,1600,820,15,835,15
2020-04-05,Placer,061,380077,136,86,0,86,3
2020-04-05,Plumas,063,18699,3,2,0,2,0
2020-04-05,Riverside,065,2383286,1894,669,13,682,17
2020-04-05,Sacramento,067,1510023,751,393,0,393,11
2020-04-05,San Benito,069,59416,34,22,0,22,1
2020-04-05,San Bernardino,071,2135413,1028,375,0,375,13
2020-04-05,San Diego,073,3302833,1908,1328,0,1328,19
2020-04-05,San Francisco,075,870044,905,559,0,559,6
2020-04-05,San Joaquin,077,732212,317,179,3,182,10
2020-04-05,San Luis Obispo,079,281455,145,83,1,84,1
2020-04-05,San Mateo,081,765935,829,528,2,530,19
2020-04-05,Santa Barbara,083,443738,280,171,1,172,1
2020-04-05,Santa Clara,085,1922200,1659,1052,4,1056,42
2020-04-05,Santa Cruz,087,273765,98,59,0,59,1
2020-04-05,Shasta,089,179085,28,11,0,11,2
2020-04-05,Sierra,091,2930,0,0,0,0,0
2020-04-05,Siskiyou,093,43540,4,3,0,3,0
2020-04-05,Solano,095,438530,159,78,0,78,1
2020-04-05,Sonoma,097,501317,164,88,0,88,1
2020-04-05,Stanislaus,099,539301,156,51,3,54,0
2020-04-05,Sutter,101,95872,22,14,0,14,1
2020-04-05,Tehama,103,63373,1,1,0,1,0
2020-04-05,Trinity,105,12862,0,0,0,0,0
2020-04-05,Tulare,107,460477,282,81,5,86,4
2020-04-05,Tuolumne,109,53932,3,1,0,1,0
2020-04-05,Ventura,111,848112,377,196,0,196,6
2020-04-05,Yolo,113,214977,77,37,0,37,2
2020-04-05,Yuba,115,75493,14,7,0,7,0
2020-04-04,Alameda,001,1643700,896,468,1,469,12
2020-04-04,Alpine,003,1148,1,1,0,1,0
2020-04-04,Amador,005,37829,5,2,0,2,0
2020-04-04,Butte,007,227075,17,10,2,12,0
2020-04-04,Calaveras,009,45235,9,3,0,3,0
2020-04-04,Colusa,011,21464,3,1,0,1,0
2020-04-04,Contra Costa,013,1133247,620,382,0,382,5
2020-04-04,Del Norte,015,27424,2,1,0,1,0
2020-04-04,El Dorado,017,186661,42,19,0,19,0
2020-04-04,Fresno,019,978130,327,102,4,106,1
2020-04-04,Glenn,021,27897,4,2,0,2,0
2020-04-04,Humboldt,023,135768,55,29,0,29,0
2020-04-04,Imperial,025,180216,114,42,0,42,1
2020-04-04,Inyo,027,18085,11,10,0,10,0
2020-04-04,Kern,029,883053,385,103,0,103,2
2020-04-04,Kings,031,150075,36,3,0,3,0
2020-04-04,Lake,033,64148,4,0,0,0,0
2020-04-04,Lassen,035,31185,3,0,2,2,0
2020-04-04,Los Angeles,037,10098052,9865,5275,13,5288,117
2020-04-04,Madera,039,155013,55,27,0,27,2
2020-04-04,Marin,041,260295,158,111,0,111,6
2020-04-04,Mariposa,043,17540,0,0,0,0,0
2020-04-04,Mendocino,045,87422,5,4,0,4,0
2020-04-04,Merced,047,269075,64,11,0,11,0
2020-04-04,Modoc,049,8938,0,0,0,0,0
2020-04-04,Mono,051,14174,28,18,0,18,1
2020-04-04,Monterey,053,433212,91,61,0,61,2
2020-04-04,Napa,055,140530,40,15,0,15,2
2020-04-04,Nevada,057,99092,36,19,1,20,1
2020-04-04,Orange,059,3164182,1558,781,14,795,15
2020-04-04,Placer,061,380077,135,87,0,87,2
2020-04-04,Plumas,063,18699,3,2,0,2,0
2020-04-04,Riverside,065,2383286,1793,652,13,665,15
2020-04-04,Sacramento,067,1510023,733,393,0,393,11
2020-04-04,San Benito,069,59416,34,22,0,22,1
2020-04-04,San Bernardino,071,2135413,980,373,0,373,13
2020-04-04,San Diego,073,3302833,1860,1211,0,1211,18
2020-04-04,San Francisco,075,870044,867,537,0,537,6
2020-04-04,San Joaquin,077,732212,294,171,3,174,10
2020-04-04,San Luis Obispo,079,281455,145,82,1,83,0
2020-04-04,San Mateo,081,765935,817,520,2,522,17
2020-04-04,Santa Barbara,083,443738,271,167,1,168,1
2020-04-04,Santa Clara,085,1922200,1607,1045,4,1049,39
2020-04-04,Santa Cruz,087,273765,98,56,0,56,1
2020-04-04,Shasta,089,179085,27,11,0,11,2
2020-04-04,Sierra,091,2930,0,0,0,0,0
2020-04-04,Siskiyou,093,43540,4,3,0,3,0
2020-04-04,Solano,095,438530,154,79,0,79,1
2020-04-04,Sonoma,097,501317,161,88,0,88,1
2020-04-04,Stanislaus,099,539301,145,51,3,54,0
2020-04-04,Sutter,101,95872,22,14,0,14,1
2020-04-04,Tehama,103,63373,1,1,0,1,0
2020-04-04,Trinity,105,12862,0,0,0,0,0
2020-04-04,Tulare,107,460477,268,79,5,84,4
2020-04-04,Tuolumne,109,53932,3,1,0,1,0
2020-04-04,Ventura,111,848112,364,194,0,194,6
2020-04-04,Yolo,113,214977,75,40,0,40,2
2020-04-04,Yuba,115,75493,13,7,0,7,0
2020-04-03,Alameda,001,1643700,860,395,1,396,11
2020-04-03,Alpine,003,1148,1,1,0,1,0
2020-04-03,Amador,005,37829,5,2,0,2,0
2020-04-03,Butte,007,227075,17,8,2,10,0
2020-04-03,Calaveras,009,45235,9,3,0,3,0
2020-04-03,Colusa,011,21464,3,1,0,1,0
2020-04-03,Contra Costa,013,1133247,597,327,0,327,5
2020-04-03,Del Norte,015,27424,2,1,0,1,0
2020-04-03,El Dorado,017,186661,40,16,0,16,0
2020-04-03,Fresno,019,978130,315,98,4,102,1
2020-04-03,Glenn,021,27897,4,2,0,2,0
2020-04-03,Humboldt,023,135768,55,34,0,34,0
2020-04-03,Imperial,025,180216,105,35,0,35,0
2020-04-03,Inyo,027,18085,11,10,0,10,0
2020-04-03,Kern,029,883053,359,87,0,87,1
2020-04-03,Kings,031,150075,34,3,0,3,0
2020-04-03,Lake,033,64148,3,0,0,0,0
2020-04-03,Lassen,035,31185,3,0,2,2,0
2020-04-03,Los Angeles,037,10098052,9251,4566,13,4579,91
2020-04-03,Madera,039,155013,54,28,0,28,2
2020-04-03,Marin,041,260295,156,106,0,106,6
2020-04-03,Mariposa,043,17540,0,0,0,0,0
2020-04-03,Mendocino,045,87422,5,4,0,4,0
2020-04-03,Merced,047,269075,60,9,0,9,0
2020-04-03,Modoc,049,8938,0,0,0,0,0
2020-04-03,Mono,051,14174,28,18,0,18,1
2020-04-03,Monterey,053,433212,88,58,0,58,2
2020-04-03,Napa,055,140530,39,13,0,13,1
2020-04-03,Nevada,057,99092,36,19,1,20,1
2020-04-03,Orange,059,3164182,1519,713,14,727,13
2020-04-03,Placer,061,380077,131,76,0,76,2
2020-04-03,Plumas,063,18699,3,2,0,2,0
2020-04-03,Riverside,065,2383286,1713,540,13,553,14
2020-04-03,Sacramento,067,1510023,712,363,0,363,11
2020-04-03,San Benito,069,59416,34,22,0,22,1
2020-04-03,San Bernardino,071,2135413,935,356,0,356,11
2020-04-03,San Diego,073,3302833,1799,1114,0,1114,17
2020-04-03,San Francisco,075,870044,843,506,0,506,6
2020-04-03,San Joaquin,077,732212,282,162,3,165,10
2020-04-03,San Luis Obispo,079,281455,144,82,1,83,0
2020-04-03,San Mateo,081,765935,800,474,2,476,13
2020-04-03,Santa Barbara,083,443738,260,154,1,155,1
2020-04-03,Santa Clara,085,1922200,1571,983,4,987,39
2020-04-03,Santa Cruz,087,273765,98,52,0,52,1
2020-04-03,Shasta,089,179085,27,10,0,10,1
2020-04-03,Sierra,091,2930,0,0,0,0,0
2020-04-03,Siskiyou,093,43540,4,3,0,3,0
2020-04-03,Solano,095,438530,146,72,0,72,1
2020-04-03,Sonoma,097,501317,161,84,0,84,1
2020-04-03,Stanislaus,099,539301,139,48,3,51,0
2020-04-03,Sutter,101,95872,22,12,0,12,1
2020-04-03,Tehama,103,63373,1,1,0,1,0
2020-04-03,Trinity,105,12862,0,0,0,0,0
2020-04-03,Tulare,107,460477,254,73,5,78,3
2020-04-03,Tuolumne,109,53932,3,1,0,1,0
2020-04-03,Ventura,111,848112,354,186,0,186,6
2020-04-03,Yolo,113,214977,74,33,0,33,1
2020-04-03,Yuba,115,75493,13,6,0,6,0
2020-04-02,Alameda,001,1643700,809,345,1,346,10
2020-04-02,Alpine,003,1148,1,1,0,1,0
2020-04-02,Amador,005,37829,5,2,0,2,0
2020-04-02,Butte,007,227075,17,7,1,8,0
2020-04-02,Calaveras,009,45235,7,3,0,3,0
2020-04-02,Colusa,011,21464,3,1,0,1,0
2020-04-02,Contra Costa,013,1133247,567,297,0,297,3
2020-04-02,Del Norte,015,27424,2,0,0,0,0
2020-04-02,El Dorado,017,186661,38,16,0,16,0
2020-04-02,Fresno,019,978130,299,92,4,96,0
2020-04-02,Glenn,021,27897,3,2,0,2,0
2020-04-02,Humboldt,023,135768,51,23,0,23,0
2020-04-02,Imperial,025,180216,101,24,0,24,0
2020-04-02,Inyo,027,18085,10,8,0,8,0
2020-04-02,Kern,029,883053,332,74,0,74,0
2020-04-02,Kings,031,150075,34,3,0,3,0
2020-04-02,Lake,033,64148,3,0,0,0,0
2020-04-02,Lassen,035,31185,3,0,2,2,0
2020-04-02,Los Angeles,037,10098052,8420,4040,13,4053,79
2020-04-02,Madera,039,155013,52,25,0,25,1
2020-04-02,Marin,041,260295,150,102,0,102,1
2020-04-02,Mariposa,043,17540,0,0,0,0,0
2020-04-02,Mendocino,045,87422,5,4,0,4,0
2020-04-02,Merced,047,269075,55,9,0,9,0
2020-04-02,Modoc,049,8938,0,0,0,0,0
2020-04-02,Mono,051,14174,28,16,0,16,1
2020-04-02,Monterey,053,433212,86,50,0,50,2
2020-04-02,Napa,055,140530,39,13,0,13,0
2020-04-02,Nevada,057,99092,35,17,1,18,0
2020-04-02,Orange,059,3164182,1467,640,13,653,12
2020-04-02,Placer,061,380077,130,72,0,72,2
2020-04-02,Plumas,063,18699,3,1,0,1,0
2020-04-02,Riverside,065,2383286,1596,438,13,451,13
2020-04-02,Sacramento,067,1510023,694,322,0,322,9
2020-04-02,San Benito,069,59416,32,18,0,18,1
2020-04-02,San Bernardino,071,2135413,880,335,0,335,8
2020-04-02,San Diego,073,3302833,1732,968,0,968,16
2020-04-02,San Francisco,075,870044,817,473,0,473,6
2020-04-02,San Joaquin,077,732212,263,148,3,151,9
2020-04-02,San Luis Obispo,079,281455,139,79,1,80,0
2020-04-02,San Mateo,081,765935,779,423,2,425,13
2020-04-02,Santa Barbara,083,443738,249,125,1,126,1
2020-04-02,Santa Clara,085,1922200,1520,908,4,912,38
2020-04-02,Santa Cruz,087,273765,96,49,0,49,1
2020-04-02,Shasta,089,179085,26,7,0,7,1
2020-04-02,Sierra,091,2930,0,0,0,0,0
2020-04-02,Siskiyou,093,43540,4,3,0,3,0
2020-04-02,Solano,095,438530,136,65,0,65,0
2020-04-02,Sonoma,097,501317,157,76,0,76,1
2020-04-02,Stanislaus,099,539301,128,40,3,43,0
2020-04-02,Sutter,101,95872,21,10,0,10,1
2020-04-02,Tehama,103,63373,1,1,0,1,0
2020-04-02,Trinity,105,12862,0,0,0,0,0
2020-04-02,Tulare,107,460477,220,64,5,69,1
2020-04-02,Tuolumne,109,53932,3,1,0,1,0
2020-04-02,Ventura,111,848112,336,178,0,178,5
2020-04-02,Yolo,113,214977,72,29,0,29,1
2020-04-02,Yuba,115,75493,10,5,0,5,0
2020-04-01,Alameda,001,1643700,782,287,1,288,8
2020-04-01,Alpine,003,1148,1,1,0,1,0
2020-04-01,Amador,005,37829,5,1,0,1,0
2020-04-01,Butte,007,227075,17,6,1,7,0
2020-04-01,Calaveras,009,45235,6,3,0,3,0
2020-04-01,Colusa,011,21464,3,1,0,1,0
2020-04-01,Contra Costa,013,1133247,524,267,0,267,3
2020-04-01,Del Norte,015,27424,2,0,0,0,0
2020-04-01,El Dorado,017,186661,37,14,0,14,0
2020-04-01,Fresno,019,978130,277,75,3,78,0
2020-04-01,Glenn,021,27897,3,2,0,2,0
2020-04-01,Humboldt,023,135768,51,19,0,19,0
2020-04-01,Imperial,025,180216,95,25,0,25,0
2020-04-01,Inyo,027,18085,10,8,0,8,0
2020-04-01,Kern,029,883053,305,53,0,53,0
2020-04-01,Kings,031,150075,32,3,0,3,0
2020-04-01,Lake,033,64148,3,0,0,0,0
2020-04-01,Lassen,035,31185,3,0,2,2,0
2020-04-01,Los Angeles,037,10098052,7771,3502,13,3515,66
2020-04-01,Madera,039,155013,50,17,0,17,1
2020-04-01,Marin,041,260295,146,87,0,87,1
2020-04-01,Mariposa,043,17540,0,0,0,0,0
2020-04-01,Mendocino,045,87422,5,4,0,4,0
2020-04-01,Merced,047,269075,54,7,0,7,0
2020-04-01,Modoc,049,8938,0,0,0,0,0
2020-04-01,Mono,051,14174,28,12,0,12,1
2020-04-01,Monterey,053,433212,85,47,0,47,2
2020-04-01,Napa,055,140530,36,11,0,11,0
2020-04-01,Nevada,057,99092,35,15,1,16,0
2020-04-01,Orange,059,3164182,1415,579,13,592,11
2020-04-01,Placer,061,380077,128,52,0,52,2
2020-04-01,Plumas,063,18699,3,1,0,1,0
2020-04-01,Riverside,065,2383286,1428,306,12,318,11
2020-04-01,Sacramento,067,1510023,661,299,0,299,8
2020-04-01,San Benito,069,59416,29,14,0,14,1
2020-04-01,San Bernardino,071,2135413,831,245,0,245,5
2020-04-01,San Diego,073,3302833,1662,851,0,851,11
2020-04-01,San Francisco,075,870044,789,432,0,432,6
2020-04-01,San Joaquin,077,732212,251,132,3,135,8
2020-04-01,San Luis Obispo,079,281455,133,69,1,70,0
2020-04-01,San Mateo,081,765935,761,354,2,356,13
2020-04-01,Santa Barbara,083,443738,236,103,1,104,0
2020-04-01,Santa Clara,085,1922200,1478,805,4,809,33
2020-04-01,Santa Cruz,087,273765,91,44,0,44,1
2020-04-01,Shasta,089,179085,25,5,0,5,1
2020-04-01,Sierra,091,2930,0,0,0,0,0
2020-04-01,Siskiyou,093,43540,4,3,0,3,0
2020-04-01,Solano,095,438530,131,57,0,57,0
2020-04-01,Sonoma,097,501317,153,60,0,60,1
2020-04-01,Stanislaus,099,539301,117,29,3,32,0
2020-04-01,Sutter,101,95872,21,9,0,9,1
2020-04-01,Tehama,103,63373,1,0,0,0,0
2020-04-01,Trinity,105,12862,0,0,0,0,0
2020-04-01,Tulare,107,460477,182,43,5,48,1
2020-04-01,Tuolumne,109,53932,3,1,0,1,0
2020-04-01,Ventura,111,848112,323,154,0,154,5
2020-04-01,Yolo,113,214977,67,22,0,22,1
2020-04-01,Yuba,115,75493,9,5,0,5,0
2020-03-31,Alameda,001,1643700,716,269,1,270,7
2020-03-31,Alpine,003,1148,1,1,0,1,0
2020-03-31,Amador,005,37829,5,1,0,1,0
2020-03-31,Butte,007,227075,17,6,1,7,0
2020-03-31,Calaveras,009,45235,6,3,0,3,0
2020-03-31,Colusa,011,21464,3,1,0,1,0
2020-03-31,Contra Costa,013,1133247,499,246,0,246,3
2020-03-31,Del Norte,015,27424,1,0,0,0,0
2020-03-31,El Dorado,017,186661,33,14,0,14,0
2020-03-31,Fresno,019,978130,252,59,3,62,0
2020-03-31,Glenn,021,27897,3,2,0,2,0
2020-03-31,Humboldt,023,135768,51,18,0,18,0
2020-03-31,Imperial,025,180216,89,17,0,17,0
2020-03-31,Inyo,027,18085,10,8,0,8,0
2020-03-31,Kern,029,883053,281,47,0,47,0
2020-03-31,Kings,031,150075,30,2,0,2,0
2020-03-31,Lake,033,64148,1,0,0,0,0
2020-03-31,Lassen,035,31185,3,0,2,2,0
2020-03-31,Los Angeles,037,10098052,7109,3001,13,3014,53
2020-03-31,Madera,039,155013,49,17,0,17,1
2020-03-31,Marin,041,260295,137,85,0,85,1
2020-03-31,Mariposa,043,17540,0,0,0,0,0
2020-03-31,Mendocino,045,87422,5,4,0,4,0
2020-03-31,Merced,047,269075,45,6,0,6,0
2020-03-31,Modoc,049,8938,0,0,0,0,0
2020-03-31,Mono,051,14174,26,12,0,12,0
2020-03-31,Monterey,053,433212,83,43,0,43,2
2020-03-31,Napa,055,140530,35,9,0,9,0
2020-03-31,Nevada,057,99092,35,15,1,16,0
2020-03-31,Orange,059,3164182,1345,506,13,519,7
2020-03-31,Placer,061,380077,121,49,0,49,2
2020-03-31,Plumas,063,18699,1,0,0,0,0
2020-03-31,Riverside,065,2383286,1284,284,12,296,8
2020-03-31,Sacramento,067,1510023,609,271,0,271,8
2020-03-31,San Benito,069,59416,29,14,0,14,1
2020-03-31,San Bernardino,071,2135413,746,193,0,193,5
2020-03-31,San Diego,073,3302833,1580,736,0,736,9
2020-03-31,San Francisco,075,870044,754,404,0,404,5
2020-03-31,San Joaquin,077,732212,235,122,3,125,7
2020-03-31,San Luis Obispo,079,281455,129,67,1,68,0
2020-03-31,San Mateo,081,765935,742,297,2,299,12
2020-03-31,Santa Barbara,083,443738,221,89,1,90,0
2020-03-31,Santa Clara,085,1922200,1428,777,4,781,30
2020-03-31,Santa Cruz,087,273765,84,40,0,40,1
2020-03-31,Shasta,089,179085,22,5,0,5,1
2020-03-31,Sierra,091,2930,0,0,0,0,0
2020-03-31,Siskiyou,093,43540,4,3,0,3,0
2020-03-31,Solano,095,438530,117,56,0,56,0
2020-03-31,Sonoma,097,501317,148,58,0,58,1
2020-03-31,Stanislaus,099,539301,102,28,3,31,0
2020-03-31,Sutter,101,95872,21,8,0,8,0
2020-03-31,Tehama,103,63373,1,0,0,0,0
2020-03-31,Trinity,105,12862,0,0,0,0,0
2020-03-31,Tulare,107,460477,159,42,4,46,1
2020-03-31,Tuolumne,109,53932,3,1,0,1,0
2020-03-31,Ventura,111,848112,312,143,0,143,4
2020-03-31,Yolo,113,214977,60,21,0,21,1
2020-03-31,Yuba,115,75493,9,5,0,5,0
2020-03-30,Alameda,001,1643700,677,250,1,251,7
2020-03-30,Alpine,003,1148,1,1,0,1,0
2020-03-30,Amador,005,37829,5,1,0,1,0
2020-03-30,Butte,007,227075,15,5,1,6,0
2020-03-30,Calaveras,009,45235,6,3,0,3,0
2020-03-30,Colusa,011,21464,3,1,0,1,0
2020-03-30,Contra Costa,013,1133247,473,212,0,212,3
2020-03-30,Del Norte,015,27424,0,0,0,0,0
2020-03-30,El Dorado,017,186661,33,11,0,11,0
2020-03-30,Fresno,019,978130,227,46,3,49,0
2020-03-30,Glenn,021,27897,3,2,0,2,0
2020-03-30,Humboldt,023,135768,49,11,0,11,0
2020-03-30,Imperial,025,180216,86,9,0,9,0
2020-03-30,Inyo,027,18085,10,5,0,5,0
2020-03-30,Kern,029,883053,248,30,0,30,0
2020-03-30,Kings,031,150075,30,1,0,1,0
2020-03-30,Lake,033,64148,1,0,0,0,0
2020-03-30,Lassen,035,31185,3,0,1,1,0
2020-03-30,Los Angeles,037,10098052,6448,2467,13,2480,44
2020-03-30,Madera,039,155013,48,14,0,14,1
2020-03-30,Marin,041,260295,130,78,0,78,0
2020-03-30,Mariposa,043,17540,0,0,0,0,0
2020-03-30,Mendocino,045,87422,5,2,0,2,0
2020-03-30,Merced,047,269075,41,6,0,6,0
2020-03-30,Modoc,049,8938,0,0,0,0,0
2020-03-30,Mono,051,14174,26,11,0,11,0
2020-03-30,Monterey,053,433212,78,41,0,41,1
2020-03-30,Napa,055,140530,34,9,0,9,0
2020-03-30,Nevada,057,99092,34,14,1,15,0
2020-03-30,Orange,059,3164182,1280,418,13,431,5
2020-03-30,Placer,061,380077,118,44,0,44,2
2020-03-30,Plumas,063,18699,1,0,0,0,0
2020-03-30,Riverside,065,2383286,1203,204,12,216,7
2020-03-30,Sacramento,067,1510023,585,238,0,238,8
2020-03-30,San Benito,069,59416,29,11,0,11,1
2020-03-30,San Bernardino,071,2135413,702,145,0,145,4
2020-03-30,San Diego,073,3302833,1510,605,0,605,7
2020-03-30,San Francisco,075,870044,714,368,0,368,5
2020-03-30,San Joaquin,077,732212,228,112,3,115,5
2020-03-30,San Luis Obispo,079,281455,126,62,1,63,0
2020-03-30,San Mateo,081,765935,717,257,2,259,11
2020-03-30,Santa Barbara,083,443738,212,79,1,80,0
2020-03-30,Santa Clara,085,1922200,1397,745,3,748,31
2020-03-30,Santa Cruz,087,273765,81,36,0,36,1
2020-03-30,Shasta,089,179085,21,4,0,4,1
2020-03-30,Sierra,091,2930,0,0,0,0,0
2020-03-30,Siskiyou,093,43540,4,2,0,2,0
2020-03-30,Solano,095,438530,111,50,0,50,0
2020-03-30,Sonoma,097,501317,145,57,0,57,1
2020-03-30,Stanislaus,099,539301,95,28,3,31,0
2020-03-30,Sutter,101,95872,20,6,0,6,0
2020-03-30,Tehama,103,63373,1,0,0,0,0
2020-03-30,Trinity,105,12862,0,0,0,0,0
2020-03-30,Tulare,107,460477,147,40,3,43,1
2020-03-30,Tuolumne,109,53932,3,1,0,1,0
2020-03-30,Ventura,111,848112,301,118,0,118,2
2020-03-30,Yolo,113,214977,57,17,0,17,1
2020-03-30,Yuba,115,75493,8,5,0,5,0
2020-03-29,Alameda,001,1643700,643,207,1,208,6
2020-03-29,Alpine,003,1148,1,0,0,0,0
2020-03-29,Amador,005,37829,5,1,0,1,0
2020-03-29,Butte,007,227075,15,4,1,5,0
2020-03-29,Calaveras,009,45235,6,2,0,2,0
2020-03-29,Colusa,011,21464,3,1,0,1,0
2020-03-29,Contra Costa,013,1133247,443,187,0,187,3
2020-03-29,Del Norte,015,27424,0,0,0,0,0
2020-03-29,El Dorado,017,186661,32,9,0,9,0
2020-03-29,Fresno,019,978130,203,31,3,34,0
2020-03-29,Glenn,021,27897,2,1,0,1,0
2020-03-29,Humboldt,023,135768,46,9,0,9,0
2020-03-29,Imperial,025,180216,79,9,0,9,0
2020-03-29,Inyo,027,18085,9,0,0,0,0
2020-03-29,Kern,029,883053,230,20,0,20,0
2020-03-29,Kings,031,150075,27,1,0,1,0
2020-03-29,Lake,033,64148,0,0,0,0,0
2020-03-29,Lassen,035,31185,3,0,1,1,0
2020-03-29,Los Angeles,037,10098052,5798,2119,12,2131,37
2020-03-29,Madera,039,155013,43,11,0,11,1
2020-03-29,Marin,041,260295,125,60,0,60,0
2020-03-29,Mariposa,043,17540,0,0,0,0,0
2020-03-29,Mendocino,045,87422,5,2,0,2,0
2020-03-29,Merced,047,269075,38,4,0,4,0
2020-03-29,Modoc,049,8938,0,0,0,0,0
2020-03-29,Mono,051,14174,26,8,0,8,0
2020-03-29,Monterey,053,433212,73,36,0,36,1
2020-03-29,Napa,055,140530,32,5,0,5,0
2020-03-29,Nevada,057,99092,32,13,1,14,0
2020-03-29,Orange,059,3164182,1207,343,13,356,2
2020-03-29,Placer,061,380077,117,35,0,35,2
2020-03-29,Plumas,063,18699,1,0,0,0,0
2020-03-29,Riverside,065,2383286,1079,122,12,134,7
2020-03-29,Sacramento,067,1510023,545,217,0,217,7
2020-03-29,San Benito,069,59416,28,10,0,10,1
2020-03-29,San Bernardino,071,2135413,650,94,0,94,2
2020-03-29,San Diego,073,3302833,1438,521,0,521,7
2020-03-29,San Francisco,075,870044,670,333,0,333,5
2020-03-29,San Joaquin,077,732212,219,86,3,89,4
2020-03-29,San Luis Obispo,079,281455,119,55,0,55,0
2020-03-29,San Mateo,081,765935,692,234,2,236,12
2020-03-29,Santa Barbara,083,443738,204,52,1,53,0
2020-03-29,Santa Clara,085,1922200,1340,591,3,594,30
2020-03-29,Santa Cruz,087,273765,81,33,0,33,1
2020-03-29,Shasta,089,179085,20,4,0,4,1
2020-03-29,Sierra,091,2930,0,0,0,0,0
2020-03-29,Siskiyou,093,43540,4,2,0,2,0
2020-03-29,Solano,095,438530,103,48,0,48,0
2020-03-29,Sonoma,097,501317,143,35,0,35,1
2020-03-29,Stanislaus,099,539301,90,19,3,22,0
2020-03-29,Sutter,101,95872,17,6,0,6,0
2020-03-29,Tehama,103,63373,1,0,0,0,0
2020-03-29,Trinity,105,12862,0,0,0,0,0
2020-03-29,Tulare,107,460477,122,24,3,27,1
2020-03-29,Tuolumne,109,53932,2,1,0,1,0
2020-03-29,Ventura,111,848112,274,92,0,92,2
2020-03-29,Yolo,113,214977,52,13,0,13,1
2020-03-29,Yuba,115,75493,8,3,0,3,0
2020-03-28,Alameda,001,1643700,616,410,1,411,12
2020-03-28,Alpine,003,1148,1,0,0,0,0
2020-03-28,Amador,005,37829,5,2,0,2,0
2020-03-28,Butte,007,227075,15,8,1,9,0
2020-03-28,Calaveras,009,45235,6,4,0,4,0
2020-03-28,Colusa,011,21464,3,2,0,2,0
2020-03-28,Contra Costa,013,1133247,420,350,0,350,4
2020-03-28,Del Norte,015,27424,0,0,0,0,0
2020-03-28,El Dorado,017,186661,31,18,0,18,0
2020-03-28,Fresno,019,978130,193,62,3,65,0
2020-03-28,Glenn,021,27897,2,2,0,2,0
2020-03-28,Humboldt,023,135768,46,18,0,18,0
2020-03-28,Imperial,025,180216,74,18,0,18,0
2020-03-28,Inyo,027,18085,9,0,0,0,0
2020-03-28,Kern,029,883053,213,40,0,40,0
2020-03-28,Kings,031,150075,26,2,0,2,0
2020-03-28,Lake,033,64148,0,0,0,0,0
2020-03-28,Lassen,035,31185,3,0,1,1,0
2020-03-28,Los Angeles,037,10098052,5413,3600,11,3611,64
2020-03-28,Madera,039,155013,43,22,0,22,2
2020-03-28,Marin,041,260295,120,116,0,116,0
2020-03-28,Mariposa,043,17540,0,0,0,0,0
2020-03-28,Mendocino,045,87422,5,4,0,4,0
2020-03-28,Merced,047,269075,37,8,0,8,0
2020-03-28,Modoc,049,8938,0,0,0,0,0
2020-03-28,Mono,051,14174,24,12,0,12,0
2020-03-28,Monterey,053,433212,72,64,0,64,2
2020-03-28,Napa,055,140530,27,10,0,10,0
2020-03-28,Nevada,057,99092,32,22,1,23,0
2020-03-28,Orange,059,3164182,1171,656,13,669,4
2020-03-28,Placer,061,380077,112,70,0,70,2
2020-03-28,Plumas,063,18699,1,0,0,0,0
2020-03-28,Riverside,065,2383286,1011,242,12,254,14
2020-03-28,Sacramento,067,1510023,527,406,0,406,14
2020-03-28,San Benito,069,59416,28,20,0,20,2
2020-03-28,San Bernardino,071,2135413,603,162,0,162,4
2020-03-28,San Diego,073,3302833,1379,980,0,980,14
2020-03-28,San Francisco,075,870044,646,600,0,600,6
2020-03-28,San Joaquin,077,732212,212,166,3,169,8
2020-03-28,San Luis Obispo,079,281455,117,104,0,104,0
2020-03-28,San Mateo,081,765935,672,462,2,464,17
2020-03-28,Santa Barbara,083,443738,194,98,1,99,0
2020-03-28,Santa Clara,085,1922200,1321,1174,3,1177,54
2020-03-28,Santa Cruz,087,273765,80,62,0,62,0
2020-03-28,Shasta,089,179085,20,8,0,8,2
2020-03-28,Sierra,091,2930,0,0,0,0,0
2020-03-28,Siskiyou,093,43540,4,4,0,4,0
2020-03-28,Solano,095,438530,99,96,0,96,0
2020-03-28,Sonoma,097,501317,141,70,0,70,2
2020-03-28,Stanislaus,099,539301,85,34,3,37,0
2020-03-28,Sutter,101,95872,17,6,0,6,0
2020-03-28,Tehama,103,63373,1,0,0,0,0
2020-03-28,Trinity,105,12862,0,0,0,0,0
2020-03-28,Tulare,107,460477,114,46,3,49,0
2020-03-28,Tuolumne,109,53932,2,2,0,2,0
2020-03-28,Ventura,111,848112,270,178,0,178,4
2020-03-28,Yolo,113,214977,51,26,0,26,2
2020-03-28,Yuba,115,75493,8,6,0,6,0
2020-03-27,Alameda,001,1643700,597,185,1,186,4
2020-03-27,Alpine,003,1148,1,0,0,0,0
2020-03-27,Amador,005,37829,4,1,0,1,0
2020-03-27,Butte,007,227075,13,4,1,5,0
2020-03-27,Calaveras,009,45235,6,2,0,2,0
2020-03-27,Colusa,011,21464,3,0,0,0,0
2020-03-27,Contra Costa,013,1133247,399,161,0,161,2
2020-03-27,Del Norte,015,27424,0,0,0,0,0
2020-03-27,El Dorado,017,186661,29,9,0,9,0
2020-03-27,Fresno,019,978130,181,29,2,31,0
2020-03-27,Glenn,021,27897,2,0,0,0,0
2020-03-27,Humboldt,023,135768,42,9,0,9,0
2020-03-27,Imperial,025,180216,69,9,0,9,0
2020-03-27,Inyo,027,18085,9,0,0,0,0
2020-03-27,Kern,029,883053,200,20,0,20,0
2020-03-27,Kings,031,150075,25,0,0,0,0
2020-03-27,Lake,033,64148,0,0,0,0,0
2020-03-27,Lassen,035,31185,3,0,1,1,0
2020-03-27,Los Angeles,037,10098052,5005,1474,11,1485,26
2020-03-27,Madera,039,155013,41,10,0,10,1
2020-03-27,Marin,041,260295,115,58,0,58,0
2020-03-27,Mariposa,043,17540,0,0,0,0,0
2020-03-27,Mendocino,045,87422,5,2,0,2,0
2020-03-27,Merced,047,269075,35,3,0,3,0
2020-03-27,Modoc,049,8938,0,0,0,0,0
2020-03-27,Mono,051,14174,24,6,0,6,0
2020-03-27,Monterey,053,433212,69,26,0,26,1
2020-03-27,Napa,055,140530,27,5,0,5,0
2020-03-27,Nevada,057,99092,32,6,1,7,0
2020-03-27,Orange,059,3164182,1121,299,13,312,2
2020-03-27,Placer,061,380077,109,33,0,33,1
2020-03-27,Plumas,063,18699,0,0,0,0,0
2020-03-27,Riverside,065,2383286,955,121,12,133,7
2020-03-27,Sacramento,067,1510023,504,163,0,163,6
2020-03-27,San Benito,069,59416,27,9,0,9,1
2020-03-27,San Bernardino,071,2135413,513,77,0,77,2
2020-03-27,San Diego,073,3302833,1322,419,0,419,5
2020-03-27,San Francisco,075,870044,621,285,0,285,2
2020-03-27,San Joaquin,077,732212,201,73,3,76,3
2020-03-27,San Luis Obispo,079,281455,115,46,0,46,0
2020-03-27,San Mateo,081,765935,646,213,2,215,7
2020-03-27,Santa Barbara,083,443738,180,37,1,38,0
2020-03-27,Santa Clara,085,1922200,1283,557,3,560,25
2020-03-27,Santa Cruz,087,273765,79,31,0,31,0
2020-03-27,Shasta,089,179085,17,3,0,3,1
2020-03-27,Sierra,091,2930,0,0,0,0,0
2020-03-27,Siskiyou,093,43540,4,2,0,2,0
2020-03-27,Solano,095,438530,93,48,0,48,0
2020-03-27,Sonoma,097,501317,133,35,0,35,1
2020-03-27,Stanislaus,099,539301,83,16,3,19,0
2020-03-27,Sutter,101,95872,16,2,0,2,0
2020-03-27,Tehama,103,63373,1,0,0,0,0
2020-03-27,Trinity,105,12862,0,0,0,0,0
2020-03-27,Tulare,107,460477,106,15,3,18,0
2020-03-27,Tuolumne,109,53932,2,1,0,1,0
2020-03-27,Ventura,111,848112,261,80,0,80,2
2020-03-27,Yolo,113,214977,50,13,0,13,1
2020-03-27,Yuba,115,75493,7,3,0,3,0
2020-03-26,Alameda,001,1643700,557,172,1,173,4
2020-03-26,Alpine,003,1148,1,0,0,0,0
2020-03-26,Amador,005,37829,4,1,0,1,0
2020-03-26,Butte,007,227075,13,4,1,5,0
2020-03-26,Calaveras,009,45235,6,2,0,2,0
2020-03-26,Colusa,011,21464,3,0,0,0,0
2020-03-26,Contra Costa,013,1133247,388,147,0,147,2
2020-03-26,Del Norte,015,27424,0,0,0,0,0
2020-03-26,El Dorado,017,186661,27,7,0,7,0
2020-03-26,Fresno,019,978130,172,25,2,27,0
2020-03-26,Glenn,021,27897,2,0,0,0,0
2020-03-26,Humboldt,023,135768,38,8,0,8,0
2020-03-26,Imperial,025,180216,65,8,0,8,0
2020-03-26,Inyo,027,18085,8,0,0,0,0
2020-03-26,Kern,029,883053,184,20,0,20,0
2020-03-26,Kings,031,150075,25,0,0,0,0
2020-03-26,Lake,033,64148,0,0,0,0,0
2020-03-26,Lassen,035,31185,3,0,1,1,0
2020-03-26,Los Angeles,037,10098052,4598,1075,11,1086,19
2020-03-26,Madera,039,155013,39,8,0,8,0
2020-03-26,Marin,041,260295,106,56,0,56,0
2020-03-26,Mariposa,043,17540,0,0,0,0,0
2020-03-26,Mendocino,045,87422,4,1,0,1,0
2020-03-26,Merced,047,269075,32,1,0,1,0
2020-03-26,Modoc,049,8938,0,0,0,0,0
2020-03-26,Mono,051,14174,23,5,0,5,0
2020-03-26,Monterey,053,433212,66,25,0,25,1
2020-03-26,Napa,055,140530,26,5,0,5,0
2020-03-26,Nevada,057,99092,32,7,1,8,0
2020-03-26,Orange,059,3164182,1059,279,11,290,1
2020-03-26,Placer,061,380077,106,34,0,34,1
2020-03-26,Plumas,063,18699,0,0,0,0,0
2020-03-26,Riverside,065,2383286,884,118,12,130,7
2020-03-26,Sacramento,067,1510023,471,147,0,147,5
2020-03-26,San Benito,069,59416,27,8,0,8,1
2020-03-26,San Bernardino,071,2135413,447,57,0,57,1
2020-03-26,San Diego,073,3302833,1255,299,0,299,2
2020-03-26,San Francisco,075,870044,594,261,0,261,1
2020-03-26,San Joaquin,077,732212,190,69,3,72,3
2020-03-26,San Luis Obispo,079,281455,110,38,0,38,0
2020-03-26,San Mateo,081,765935,612,122,2,124,5
2020-03-26,Santa Barbara,083,443738,167,33,1,34,0
2020-03-26,Santa Clara,085,1922200,1238,487,2,489,20
2020-03-26,Santa Cruz,087,273765,75,30,0,30,0
2020-03-26,Shasta,089,179085,17,3,0,3,1
2020-03-26,Sierra,091,2930,0,0,0,0,0
2020-03-26,Siskiyou,093,43540,4,2,0,2,0
2020-03-26,Solano,095,438530,85,41,0,41,0
2020-03-26,Sonoma,097,501317,128,33,0,33,1
2020-03-26,Stanislaus,099,539301,81,15,3,18,0
2020-03-26,Sutter,101,95872,12,2,0,2,0
2020-03-26,Tehama,103,63373,1,0,0,0,0
2020-03-26,Trinity,105,12862,0,0,0,0,0
2020-03-26,Tulare,107,460477,97,15,3,18,0
2020-03-26,Tuolumne,109,53932,2,0,0,0,0
2020-03-26,Ventura,111,848112,245,70,0,70,1
2020-03-26,Yolo,113,214977,46,13,0,13,1
2020-03-26,Yuba,115,75493,7,3,0,3,0
2020-03-25,Alameda,001,1643700,536,134,1,135,3
2020-03-25,Alpine,003,1148,1,0,0,0,0
2020-03-25,Amador,005,37829,4,1,0,1,0
2020-03-25,Butte,007,227075,13,4,1,5,0
2020-03-25,Calaveras,009,45235,6,2,0,2,0
2020-03-25,Colusa,011,21464,2,0,0,0,0
2020-03-25,Contra Costa,013,1133247,374,131,0,131,1
2020-03-25,Del Norte,015,27424,0,0,0,0,0
2020-03-25,El Dorado,017,186661,27,5,0,5,0
2020-03-25,Fresno,019,978130,152,21,2,23,0
2020-03-25,Glenn,021,27897,2,0,0,0,0
2020-03-25,Humboldt,023,135768,35,3,0,3,0
2020-03-25,Imperial,025,180216,57,8,0,8,0
2020-03-25,Inyo,027,18085,5,0,0,0,0
2020-03-25,Kern,029,883053,164,13,0,13,0
2020-03-25,Kings,031,150075,23,0,0,0,0
2020-03-25,Lake,033,64148,0,0,0,0,0
2020-03-25,Lassen,035,31185,3,0,1,1,0
2020-03-25,Los Angeles,037,10098052,4198,725,11,736,10
2020-03-25,Madera,039,155013,37,6,0,6,0
2020-03-25,Marin,041,260295,100,47,0,47,0
2020-03-25,Mariposa,043,17540,0,0,0,0,0
2020-03-25,Mendocino,045,87422,3,1,0,1,0
2020-03-25,Merced,047,269075,29,0,0,0,0
2020-03-25,Modoc,049,8938,0,0,0,0,0
2020-03-25,Mono,051,14174,22,4,0,4,0
2020-03-25,Monterey,053,433212,63,23,0,23,1
2020-03-25,Napa,055,140530,26,5,0,5,0
2020-03-25,Nevada,057,99092,31,5,1,6,0
2020-03-25,Orange,059,3164182,1001,214,9,223,1
2020-03-25,Placer,061,380077,100,30,0,30,1
2020-03-25,Plumas,063,18699,0,1,0,1,0
2020-03-25,Riverside,065,2383286,813,87,12,99,5
2020-03-25,Sacramento,067,1510023,445,114,0,114,5
2020-03-25,San Benito,069,59416,26,4,0,4,1
2020-03-25,San Bernardino,071,2135413,408,46,0,46,1
2020-03-25,San Diego,073,3302833,1193,238,0,238,2
2020-03-25,San Francisco,075,870044,553,212,0,212,1
2020-03-25,San Joaquin,077,732212,177,64,3,67,2
2020-03-25,San Luis Obispo,079,281455,105,35,0,35,0
2020-03-25,San Mateo,081,765935,577,111,2,113,5
2020-03-25,Santa Barbara,083,443738,157,25,1,26,0
2020-03-25,Santa Clara,085,1922200,1194,452,2,454,20
2020-03-25,Santa Cruz,087,273765,72,26,0,26,0
2020-03-25,Shasta,089,179085,16,3,0,3,1
2020-03-25,Sierra,091,2930,0,0,0,0,0
2020-03-25,Siskiyou,093,43540,4,2,0,2,0
2020-03-25,Solano,095,438530,80,39,0,39,0
2020-03-25,Sonoma,097,501317,123,31,0,31,1
2020-03-25,Stanislaus,099,539301,74,14,3,17,0
2020-03-25,Sutter,101,95872,9,1,0,1,0
2020-03-25,Tehama,103,63373,1,0,0,0,0
2020-03-25,Trinity,105,12862,0,0,0,0,0
2020-03-25,Tulare,107,460477,87,11,3,14,0
2020-03-25,Tuolumne,109,53932,2,0,0,0,0
2020-03-25,Ventura,111,848112,229,53,0,53,1
2020-03-25,Yolo,113,214977,44,9,0,9,1
2020-03-25,Yuba,115,75493,7,2,0,2,0
2020-03-24,Alameda,001,1643700,504,96,1,97,2
2020-03-24,Alpine,003,1148,1,0,0,0,0
2020-03-24,Amador,005,37829,2,1,0,1,0
2020-03-24,Butte,007,227075,12,3,1,4,0
2020-03-24,Calaveras,009,45235,5,2,0,2,0
2020-03-24,Colusa,011,21464,2,0,0,0,0
2020-03-24,Contra Costa,013,1133247,361,108,0,108,1
2020-03-24,Del Norte,015,27424,0,0,0,0,0
2020-03-24,El Dorado,017,186661,27,3,0,3,0
2020-03-24,Fresno,019,978130,133,18,2,20,0
2020-03-24,Glenn,021,27897,2,0,0,0,0
2020-03-24,Humboldt,023,135768,33,2,0,2,0
2020-03-24,Imperial,025,180216,54,3,0,3,0
2020-03-24,Inyo,027,18085,5,0,0,0,0
2020-03-24,Kern,029,883053,144,5,0,5,0
2020-03-24,Kings,031,150075,22,0,0,0,0
2020-03-24,Lake,033,64148,0,0,0,0,0
2020-03-24,Lassen,035,31185,3,0,1,1,0
2020-03-24,Los Angeles,037,10098052,3754,633,11,644,7
2020-03-24,Madera,039,155013,36,6,0,6,0
2020-03-24,Marin,041,260295,89,44,0,44,0
2020-03-24,Mariposa,043,17540,0,0,0,0,0
2020-03-24,Mendocino,045,87422,3,1,0,1,0
2020-03-24,Merced,047,269075,26,0,0,0,0
2020-03-24,Modoc,049,8938,0,0,0,0,0
2020-03-24,Mono,051,14174,21,1,0,1,0
2020-03-24,Monterey,053,433212,59,23,0,23,1
2020-03-24,Napa,055,140530,23,2,0,2,0
2020-03-24,Nevada,057,99092,30,4,1,5,0
2020-03-24,Orange,059,3164182,939,166,9,175,0
2020-03-24,Placer,061,380077,93,22,0,22,1
2020-03-24,Plumas,063,18699,0,1,0,1,0
2020-03-24,Riverside,065,2383286,746,56,12,68,5
2020-03-24,Sacramento,067,1510023,426,93,0,93,4
2020-03-24,San Benito,069,59416,25,4,0,4,1
2020-03-24,San Bernardino,071,2135413,364,27,0,27,0
2020-03-24,San Diego,073,3302833,1126,231,0,231,2
2020-03-24,San Francisco,075,870044,521,181,0,181,1
2020-03-24,San Joaquin,077,732212,166,52,3,55,2
2020-03-24,San Luis Obispo,079,281455,102,32,0,32,0
2020-03-24,San Mateo,081,765935,536,100,2,102,2
2020-03-24,Santa Barbara,083,443738,151,20,1,21,0
2020-03-24,Santa Clara,085,1922200,1125,389,2,391,17
2020-03-24,Santa Cruz,087,273765,67,22,0,22,0
2020-03-24,Shasta,089,179085,15,3,0,3,0
2020-03-24,Sierra,091,2930,0,0,0,0,0
2020-03-24,Siskiyou,093,43540,4,2,0,2,0
2020-03-24,Solano,095,438530,78,34,0,34,0
2020-03-24,Sonoma,097,501317,116,27,0,27,1
2020-03-24,Stanislaus,099,539301,65,13,3,16,0
2020-03-24,Sutter,101,95872,9,0,0,0,0
2020-03-24,Tehama,103,63373,1,0,0,0,0
2020-03-24,Trinity,105,12862,0,0,0,0,0
2020-03-24,Tulare,107,460477,77,10,3,13,0
2020-03-24,Tuolumne,109,53932,2,0,0,0,0
2020-03-24,Ventura,111,848112,213,44,0,44,1
2020-03-24,Yolo,113,214977,40,8,0,8,0
2020-03-24,Yuba,115,75493,7,2,0,2,0
2020-03-23,Alameda,001,1643700,472,88,1,89,1
2020-03-23,Alpine,003,1148,1,0,0,0,0
2020-03-23,Amador,005,37829,2,1,0,1,0
2020-03-23,Butte,007,227075,12,2,0,2,0
2020-03-23,Calaveras,009,45235,5,2,0,2,0
2020-03-23,Colusa,011,21464,1,0,0,0,0
2020-03-23,Contra Costa,013,1133247,341,91,0,91,2
2020-03-23,Del Norte,015,27424,0,0,0,0,0
2020-03-23,El Dorado,017,186661,26,3,0,3,0
2020-03-23,Fresno,019,978130,123,10,2,12,0
2020-03-23,Glenn,021,27897,2,0,0,0,0
2020-03-23,Humboldt,023,135768,31,2,0,2,0
2020-03-23,Imperial,025,180216,50,2,0,2,0
2020-03-23,Inyo,027,18085,3,0,0,0,0
2020-03-23,Kern,029,883053,130,5,0,5,0
2020-03-23,Kings,031,150075,22,0,0,0,0
2020-03-23,Lake,033,64148,0,0,0,0,0
2020-03-23,Lassen,035,31185,3,0,1,1,0
2020-03-23,Los Angeles,037,10098052,3446,389,10,399,4
2020-03-23,Madera,039,155013,36,4,0,4,0
2020-03-23,Marin,041,260295,84,30,0,30,0
2020-03-23,Mariposa,043,17540,0,0,0,0,0
2020-03-23,Mendocino,045,87422,3,1,0,1,0
2020-03-23,Merced,047,269075,19,0,0,0,0
2020-03-23,Modoc,049,8938,0,0,0,0,0
2020-03-23,Mono,051,14174,19,1,0,1,0
2020-03-23,Monterey,053,433212,54,14,0,14,1
2020-03-23,Napa,055,140530,21,1,0,1,0
2020-03-23,Nevada,057,99092,27,2,1,3,0
2020-03-23,Orange,059,3164182,884,138,7,145,0
2020-03-23,Placer,061,380077,90,19,0,19,1
2020-03-23,Plumas,063,18699,0,0,0,0,0
2020-03-23,Riverside,065,2383286,703,39,12,51,5
2020-03-23,Sacramento,067,1510023,393,87,0,87,4
2020-03-23,San Benito,069,59416,24,4,0,4,1
2020-03-23,San Bernardino,071,2135413,334,17,0,17,0
2020-03-23,San Diego,073,3302833,1067,178,0,178,1
2020-03-23,San Francisco,075,870044,492,152,0,152,0
2020-03-23,San Joaquin,077,732212,154,37,3,40,2
2020-03-23,San Luis Obispo,079,281455,96,23,0,23,0
2020-03-23,San Mateo,081,765935,497,88,2,90,1
2020-03-23,Santa Barbara,083,443738,133,18,1,19,0
2020-03-23,Santa Clara,085,1922200,1076,336,2,338,13
2020-03-23,Santa Cruz,087,273765,65,21,0,21,0
2020-03-23,Shasta,089,179085,13,2,0,2,0
2020-03-23,Sierra,091,2930,0,0,0,0,0
2020-03-23,Siskiyou,093,43540,4,2,0,2,0
2020-03-23,Solano,095,438530,74,33,0,33,0
2020-03-23,Sonoma,097,501317,104,19,0,19,1
2020-03-23,Stanislaus,099,539301,57,10,3,13,0
2020-03-23,Sutter,101,95872,9,0,0,0,0
2020-03-23,Tehama,103,63373,1,0,0,0,0
2020-03-23,Trinity,105,12862,0,0,0,0,0
2020-03-23,Tulare,107,460477,68,9,3,12,0
2020-03-23,Tuolumne,109,53932,2,0,0,0,0
2020-03-23,Ventura,111,848112,196,30,0,30,0
2020-03-23,Yolo,113,214977,39,8,0,8,0
2020-03-23,Yuba,115,75493,7,2,0,2,0
2020-03-22,Alameda,001,1643700,433,72,1,73,1
2020-03-22,Alpine,003,1148,1,0,0,0,0
2020-03-22,Amador,005,37829,2,1,0,1,0
2020-03-22,Butte,007,227075,8,1,0,1,0
2020-03-22,Calaveras,009,45235,4,2,0,2,0
2020-03-22,Colusa,011,21464,1,0,0,0,0
2020-03-22,Contra Costa,013,1133247,314,79,0,79,1
2020-03-22,Del Norte,015,27424,0,0,0,0,0
2020-03-22,El Dorado,017,186661,24,1,0,1,0
2020-03-22,Fresno,019,978130,103,8,2,10,0
2020-03-22,Glenn,021,27897,2,0,0,0,0
2020-03-22,Humboldt,023,135768,28,1,0,1,0
2020-03-22,Imperial,025,180216,48,2,0,2,0
2020-03-22,Inyo,027,18085,1,0,0,0,0
2020-03-22,Kern,029,883053,114,3,0,3,0
2020-03-22,Kings,031,150075,19,0,0,0,0
2020-03-22,Lake,033,64148,0,0,0,0,0
2020-03-22,Lassen,035,31185,3,0,1,1,0
2020-03-22,Los Angeles,037,10098052,3116,384,10,394,3
2020-03-22,Madera,039,155013,33,4,0,4,0
2020-03-22,Marin,041,260295,74,30,0,30,0
2020-03-22,Mariposa,043,17540,0,0,0,0,0
2020-03-22,Mendocino,045,87422,3,1,0,1,0
2020-03-22,Merced,047,269075,16,0,0,0,0
2020-03-22,Modoc,049,8938,0,0,0,0,0
2020-03-22,Mono,051,14174,14,1,0,1,0
2020-03-22,Monterey,053,433212,51,14,0,14,1
2020-03-22,Napa,055,140530,17,1,0,1,0
2020-03-22,Nevada,057,99092,23,2,1,3,0
2020-03-22,Orange,059,3164182,811,102,4,106,0
2020-03-22,Placer,061,380077,88,18,0,18,1
2020-03-22,Plumas,063,18699,0,0,0,0,0
2020-03-22,Riverside,065,2383286,613,26,8,34,5
2020-03-22,Sacramento,067,1510023,361,82,0,82,4
2020-03-22,San Benito,069,59416,19,4,0,4,1
2020-03-22,San Bernardino,071,2135413,290,16,0,16,0
2020-03-22,San Diego,073,3302833,979,161,0,161,0
2020-03-22,San Francisco,075,870044,455,134,0,134,0
2020-03-22,San Joaquin,077,732212,140,30,3,33,2
2020-03-22,San Luis Obispo,079,281455,89,19,0,19,0
2020-03-22,San Mateo,081,765935,464,82,2,84,1
2020-03-22,Santa Barbara,083,443738,119,16,1,17,0
2020-03-22,Santa Clara,085,1922200,1012,284,2,286,13
2020-03-22,Santa Cruz,087,273765,64,19,0,19,0
2020-03-22,Shasta,089,179085,13,1,0,1,0
2020-03-22,Sierra,091,2930,0,0,0,0,0
2020-03-22,Siskiyou,093,43540,4,2,0,2,0
2020-03-22,Solano,095,438530,65,30,0,30,0
2020-03-22,Sonoma,097,501317,99,18,0,18,1
2020-03-22,Stanislaus,099,539301,51,8,3,11,0
2020-03-22,Sutter,101,95872,8,0,0,0,0
2020-03-22,Tehama,103,63373,0,0,0,0,0
2020-03-22,Trinity,105,12862,0,0,0,0,0
2020-03-22,Tulare,107,460477,62,5,3,8,0
2020-03-22,Tuolumne,109,53932,2,0,0,0,0
2020-03-22,Ventura,111,848112,174,26,0,26,0
2020-03-22,Yolo,113,214977,33,6,0,6,0
2020-03-22,Yuba,115,75493,7,2,0,2,0
2020-03-21,Alameda,001,1643700,409,62,1,63,0
2020-03-21,Alpine,003,1148,1,0,0,0,0
2020-03-21,Amador,005,37829,2,1,0,1,0
2020-03-21,Butte,007,227075,7,1,0,1,0
2020-03-21,Calaveras,009,45235,4,2,0,2,0
2020-03-21,Colusa,011,21464,1,0,0,0,0
2020-03-21,Contra Costa,013,1133247,303,62,0,62,1
2020-03-21,Del Norte,015,27424,0,0,0,0,0
2020-03-21,El Dorado,017,186661,21,1,0,1,0
2020-03-21,Fresno,019,978130,99,8,2,10,0
2020-03-21,Glenn,021,27897,2,0,0,0,0
2020-03-21,Humboldt,023,135768,25,1,0,1,0
2020-03-21,Imperial,025,180216,44,2,0,2,0
2020-03-21,Inyo,027,18085,1,0,0,0,0
2020-03-21,Kern,029,883053,108,3,0,3,0
2020-03-21,Kings,031,150075,19,0,0,0,0
2020-03-21,Lake,033,64148,0,0,0,0,0
2020-03-21,Lassen,035,31185,3,0,1,1,0
2020-03-21,Los Angeles,037,10098052,2839,322,10,332,2
2020-03-21,Madera,039,155013,33,4,0,4,0
2020-03-21,Marin,041,260295,69,30,0,30,0
2020-03-21,Mariposa,043,17540,0,0,0,0,0
2020-03-21,Mendocino,045,87422,3,1,0,1,0
2020-03-21,Merced,047,269075,12,0,0,0,0
2020-03-21,Modoc,049,8938,0,0,0,0,0
2020-03-21,Mono,051,14174,14,1,0,1,0
2020-03-21,Monterey,053,433212,48,8,0,8,1
2020-03-21,Napa,055,140530,17,0,0,0,0
2020-03-21,Nevada,057,99092,23,2,1,3,0
2020-03-21,Orange,059,3164182,762,85,4,89,0
2020-03-21,Placer,061,380077,78,11,0,11,1
2020-03-21,Plumas,063,18699,0,0,0,0,0
2020-03-21,Riverside,065,2383286,566,20,8,28,3
2020-03-21,Sacramento,067,1510023,334,66,0,66,3
2020-03-21,San Benito,069,59416,17,4,0,4,1
2020-03-21,San Bernardino,071,2135413,270,13,0,13,0
2020-03-21,San Diego,073,3302833,901,121,0,121,0
2020-03-21,San Francisco,075,870044,419,106,0,106,0
2020-03-21,San Joaquin,077,732212,131,26,3,29,2
2020-03-21,San Luis Obispo,079,281455,84,16,0,16,0
2020-03-21,San Mateo,081,765935,426,78,2,80,1
2020-03-21,Santa Barbara,083,443738,109,8,1,9,0
2020-03-21,Santa Clara,085,1922200,950,269,2,271,10
2020-03-21,Santa Cruz,087,273765,62,17,0,17,0
2020-03-21,Shasta,089,179085,12,1,0,1,0
2020-03-21,Sierra,091,2930,0,0,0,0,0
2020-03-21,Siskiyou,093,43540,4,0,0,0,0
2020-03-21,Solano,095,438530,63,30,0,30,0
2020-03-21,Sonoma,097,501317,98,15,0,15,1
2020-03-21,Stanislaus,099,539301,45,7,3,10,0
2020-03-21,Sutter,101,95872,7,0,0,0,0
2020-03-21,Tehama,103,63373,0,0,0,0,0
2020-03-21,Trinity,105,12862,0,0,0,0,0
2020-03-21,Tulare,107,460477,54,5,3,8,0
2020-03-21,Tuolumne,109,53932,2,0,0,0,0
2020-03-21,Ventura,111,848112,166,22,0,22,0
2020-03-21,Yolo,113,214977,33,6,0,6,0
2020-03-21,Yuba,115,75493,7,1,0,1,0
2020-03-20,Alameda,001,1643700,388,42,1,43,0
2020-03-20,Alpine,003,1148,1,0,0,0,0
2020-03-20,Amador,005,37829,1,0,0,0,0
2020-03-20,Butte,007,227075,7,0,0,0,0
2020-03-20,Calaveras,009,45235,4,2,0,2,0
2020-03-20,Colusa,011,21464,1,0,0,0,0
2020-03-20,Contra Costa,013,1133247,273,52,0,52,1
2020-03-20,Del Norte,015,27424,0,0,0,0,0
2020-03-20,El Dorado,017,186661,20,1,0,1,0
2020-03-20,Fresno,019,978130,96,7,2,9,0
2020-03-20,Glenn,021,27897,1,0,0,0,0
2020-03-20,Humboldt,023,135768,25,1,0,1,0
2020-03-20,Imperial,025,180216,43,2,0,2,0
2020-03-20,Inyo,027,18085,0,0,0,0,0
2020-03-20,Kern,029,883053,93,3,0,3,0
2020-03-20,Kings,031,150075,18,0,0,0,0
2020-03-20,Lake,033,64148,0,0,0,0,0
2020-03-20,Lassen,035,31185,3,0,1,1,0
2020-03-20,Los Angeles,037,10098052,2610,267,9,276,1
2020-03-20,Madera,039,155013,32,4,0,4,0
2020-03-20,Marin,041,260295,66,30,0,30,0
2020-03-20,Mariposa,043,17540,0,0,0,0,0
2020-03-20,Mendocino,045,87422,3,1,0,1,0
2020-03-20,Merced,047,269075,10,0,0,0,0
2020-03-20,Modoc,049,8938,0,0,0,0,0
2020-03-20,Mono,051,14174,14,0,0,0,0
2020-03-20,Monterey,053,433212,47,4,0,4,0
2020-03-20,Napa,055,140530,16,0,0,0,0
2020-03-20,Nevada,057,99092,20,2,1,3,0
2020-03-20,Orange,059,3164182,715,71,4,75,2
2020-03-20,Placer,061,380077,72,9,0,9,1
2020-03-20,Plumas,063,18699,0,0,0,0,0
2020-03-20,Riverside,065,2383286,507,19,8,27,3
2020-03-20,Sacramento,067,1510023,313,56,0,56,4
2020-03-20,San Benito,069,59416,17,4,0,4,1
2020-03-20,San Bernardino,071,2135413,243,9,0,9,0
2020-03-20,San Diego,073,3302833,849,98,0,98,0
2020-03-20,San Francisco,075,870044,387,87,0,87,0
2020-03-20,San Joaquin,077,732212,116,18,3,21,2
2020-03-20,San Luis Obispo,079,281455,80,11,0,11,0
2020-03-20,San Mateo,081,765935,396,71,2,73,1
2020-03-20,Santa Barbara,083,443738,97,7,1,8,0
2020-03-20,Santa Clara,085,1922200,914,246,2,248,8
2020-03-20,Santa Cruz,087,273765,60,13,0,13,0
2020-03-20,Shasta,089,179085,11,1,0,1,0
2020-03-20,Sierra,091,2930,0,0,0,0,0
2020-03-20,Siskiyou,093,43540,4,0,0,0,0
2020-03-20,Solano,095,438530,59,29,0,29,0
2020-03-20,Sonoma,097,501317,90,7,0,7,0
2020-03-20,Stanislaus,099,539301,39,7,3,10,0
2020-03-20,Sutter,101,95872,7,0,0,0,0
2020-03-20,Tehama,103,63373,0,0,0,0,0
2020-03-20,Trinity,105,12862,0,0,0,0,0
2020-03-20,Tulare,107,460477,50,4,3,7,0
2020-03-20,Tuolumne,109,53932,2,0,0,0,0
2020-03-20,Ventura,111,848112,156,18,0,18,0
2020-03-20,Yolo,113,214977,31,5,0,5,0
2020-03-20,Yuba,115,75493,6,0,0,0,0
2020-03-19,Alameda,001,1643700,352,36,1,37,0
2020-03-19,Alpine,003,1148,1,0,0,0,0
2020-03-19,Amador,005,37829,1,0,0,0,0
2020-03-19,Butte,007,227075,5,0,0,0,0
2020-03-19,Calaveras,009,45235,4,2,0,2,0
2020-03-19,Colusa,011,21464,0,0,0,0,0
2020-03-19,Contra Costa,013,1133247,257,46,0,46,0
2020-03-19,Del Norte,015,27424,0,0,0,0,0
2020-03-19,El Dorado,017,186661,18,0,0,0,0
2020-03-19,Fresno,019,978130,87,6,2,8,0
2020-03-19,Glenn,021,27897,1,0,0,0,0
2020-03-19,Humboldt,023,135768,23,1,0,1,0
2020-03-19,Imperial,025,180216,36,2,0,2,0
2020-03-19,Inyo,027,18085,0,0,0,0,0
2020-03-19,Kern,029,883053,81,3,0,3,0
2020-03-19,Kings,031,150075,14,0,0,0,0
2020-03-19,Lake,033,64148,0,0,0,0,0
2020-03-19,Lassen,035,31185,2,0,1,1,0
2020-03-19,Los Angeles,037,10098052,2319,233,9,242,0
2020-03-19,Madera,039,155013,31,3,0,3,0
2020-03-19,Marin,041,260295,63,19,0,19,0
2020-03-19,Mariposa,043,17540,0,0,0,0,0
2020-03-19,Mendocino,045,87422,2,1,0,1,0
2020-03-19,Merced,047,269075,9,0,0,0,0
2020-03-19,Modoc,049,8938,0,0,0,0,0
2020-03-19,Mono,051,14174,12,0,0,0,0
2020-03-19,Monterey,053,433212,39,3,0,3,0
2020-03-19,Napa,055,140530,14,0,0,0,0
2020-03-19,Nevada,057,99092,18,2,1,3,0
2020-03-19,Orange,059,3164182,634,59,4,63,0
2020-03-19,Placer,061,380077,64,8,0,8,1
2020-03-19,Plumas,063,18699,0,0,0,0,0
2020-03-19,Riverside,065,2383286,396,14,6,20,3
2020-03-19,Sacramento,067,1510023,280,52,0,52,3
2020-03-19,San Benito,069,59416,14,3,0,3,0
2020-03-19,San Bernardino,071,2135413,213,7,0,7,0
2020-03-19,San Diego,073,3302833,766,68,0,68,0
2020-03-19,San Francisco,075,870044,351,80,0,80,0
2020-03-19,San Joaquin,077,732212,102,15,3,18,2
2020-03-19,San Luis Obispo,079,281455,77,6,0,6,0
2020-03-19,San Mateo,081,765935,361,58,2,60,1
2020-03-19,Santa Barbara,083,443738,85,5,0,5,0
2020-03-19,Santa Clara,085,1922200,847,183,2,185,8
2020-03-19,Santa Cruz,087,273765,57,13,0,13,0
2020-03-19,Shasta,089,179085,10,1,0,1,0
2020-03-19,Sierra,091,2930,0,0,0,0,0
2020-03-19,Siskiyou,093,43540,3,0,0,0,0
2020-03-19,Solano,095,438530,55,26,0,26,0
2020-03-19,Sonoma,097,501317,87,8,0,8,0
2020-03-19,Stanislaus,099,539301,38,7,3,10,0
2020-03-19,Sutter,101,95872,7,0,0,0,0
2020-03-19,Tehama,103,63373,0,0,0,0,0
2020-03-19,Trinity,105,12862,0,0,0,0,0
2020-03-19,Tulare,107,460477,44,3,3,6,0
2020-03-19,Tuolumne,109,53932,2,0,0,0,0
2020-03-19,Ventura,111,848112,134,15,0,15,0
2020-03-19,Yolo,113,214977,27,5,0,5,0
2020-03-19,Yuba,115,75493,5,0,0,0,0
2020-03-18,Alameda,001,1643700,323,29,1,30,0
2020-03-18,Alpine,003,1148,1,0,0,0,0
2020-03-18,Amador,005,37829,1,0,0,0,0
2020-03-18,Butte,007,227075,4,0,0,0,0
2020-03-18,Calaveras,009,45235,4,2,0,2,0
2020-03-18,Colusa,011,21464,0,0,0,0,0
2020-03-18,Contra Costa,013,1133247,235,44,0,44,0
2020-03-18,Del Norte,015,27424,0,0,0,0,0
2020-03-18,El Dorado,017,186661,17,0,0,0,0
2020-03-18,Fresno,019,978130,78,3,1,4,0
2020-03-18,Glenn,021,27897,1,0,0,0,0
2020-03-18,Humboldt,023,135768,19,1,0,1,0
2020-03-18,Imperial,025,180216,30,2,0,2,0
2020-03-18,Inyo,027,18085,0,0,0,0,0
2020-03-18,Kern,029,883053,66,1,0,1,0
2020-03-18,Kings,031,150075,12,0,0,0,0
2020-03-18,Lake,033,64148,0,0,0,0,0
2020-03-18,Lassen,035,31185,1,0,1,1,0
2020-03-18,Los Angeles,037,10098052,2074,47,9,56,0
2020-03-18,Madera,039,155013,30,2,0,2,0
2020-03-18,Marin,041,260295,58,10,0,10,0
2020-03-18,Mariposa,043,17540,0,0,0,0,0
2020-03-18,Mendocino,045,87422,2,0,0,0,0
2020-03-18,Merced,047,269075,9,0,0,0,0
2020-03-18,Modoc,049,8938,0,0,0,0,0
2020-03-18,Mono,051,14174,11,0,0,0,0
2020-03-18,Monterey,053,433212,31,1,0,1,0
2020-03-18,Napa,055,140530,11,0,0,0,0
2020-03-18,Nevada,057,99092,16,2,1,3,0
2020-03-18,Orange,059,3164182,576,38,4,42,0
2020-03-18,Placer,061,380077,57,8,0,8,1
2020-03-18,Plumas,063,18699,0,0,0,0,0
2020-03-18,Riverside,065,2383286,333,11,5,16,2
2020-03-18,Sacramento,067,1510023,257,46,0,46,3
2020-03-18,San Benito,069,59416,13,3,0,3,0
2020-03-18,San Bernardino,071,2135413,191,3,0,3,0
2020-03-18,San Diego,073,3302833,681,40,0,40,0
2020-03-18,San Francisco,075,870044,332,65,0,65,0
2020-03-18,San Joaquin,077,732212,90,14,3,17,2
2020-03-18,San Luis Obispo,079,281455,70,5,0,5,0
2020-03-18,San Mateo,081,765935,340,57,2,59,1
2020-03-18,Santa Barbara,083,443738,77,2,0,2,0
2020-03-18,Santa Clara,085,1922200,796,151,2,153,6
2020-03-18,Santa Cruz,087,273765,55,11,0,11,0
2020-03-18,Shasta,089,179085,9,1,0,1,0
2020-03-18,Sierra,091,2930,0,0,0,0,0
2020-03-18,Siskiyou,093,43540,3,0,0,0,0
2020-03-18,Solano,095,438530,51,26,0,26,0
2020-03-18,Sonoma,097,501317,78,6,0,6,0
2020-03-18,Stanislaus,099,539301,34,5,2,7,0
2020-03-18,Sutter,101,95872,5,0,0,0,0
2020-03-18,Tehama,103,63373,0,0,0,0,0
2020-03-18,Trinity,105,12862,0,0,0,0,0
2020-03-18,Tulare,107,460477,34,3,3,6,0
2020-03-18,Tuolumne,109,53932,2,0,0,0,0
2020-03-18,Ventura,111,848112,115,11,0,11,0
2020-03-18,Yolo,113,214977,24,4,0,4,0
2020-03-18,Yuba,115,75493,4,0,0,0,0
2020-03-17,Alameda,001,1643700,291,19,0,19,0
2020-03-17,Alpine,003,1148,0,0,0,0,0
2020-03-17,Amador,005,37829,1,0,0,0,0
2020-03-17,Butte,007,227075,4,0,0,0,0
2020-03-17,Calaveras,009,45235,4,2,0,2,0
2020-03-17,Colusa,011,21464,0,0,0,0,0
2020-03-17,Contra Costa,013,1133247,213,37,0,37,0
2020-03-17,Del Norte,015,27424,0,0,0,0,0
2020-03-17,El Dorado,017,186661,16,0,0,0,0
2020-03-17,Fresno,019,978130,68,2,1,3,0
2020-03-17,Glenn,021,27897,1,0,0,0,0
2020-03-17,Humboldt,023,135768,17,1,0,1,0
2020-03-17,Imperial,025,180216,24,2,0,2,0
2020-03-17,Inyo,027,18085,0,0,0,0,0
2020-03-17,Kern,029,883053,52,0,0,0,0
2020-03-17,Kings,031,150075,9,0,0,0,0
2020-03-17,Lake,033,64148,0,0,0,0,0
2020-03-17,Lassen,035,31185,1,0,1,1,0
2020-03-17,Los Angeles,037,10098052,1865,41,9,50,0
2020-03-17,Madera,039,155013,22,2,0,2,0
2020-03-17,Marin,041,260295,51,4,0,4,0
2020-03-17,Mariposa,043,17540,0,0,0,0,0
2020-03-17,Mendocino,045,87422,2,0,0,0,0
2020-03-17,Merced,047,269075,9,0,0,0,0
2020-03-17,Modoc,049,8938,0,0,0,0,0
2020-03-17,Mono,051,14174,9,0,0,0,0
2020-03-17,Monterey,053,433212,29,0,0,0,0
2020-03-17,Napa,055,140530,8,0,0,0,0
2020-03-17,Nevada,057,99092,15,1,1,2,0
2020-03-17,Orange,059,3164182,498,24,3,27,0
2020-03-17,Placer,061,380077,47,7,0,7,1
2020-03-17,Plumas,063,18699,0,0,0,0,0
2020-03-17,Riverside,065,2383286,271,11,5,16,0
2020-03-17,Sacramento,067,1510023,237,36,0,36,1
2020-03-17,San Benito,069,59416,12,2,0,2,0
2020-03-17,San Bernardino,071,2135413,163,2,0,2,0
2020-03-17,San Diego,073,3302833,614,17,0,17,0
2020-03-17,San Francisco,075,870044,305,46,0,46,0
2020-03-17,San Joaquin,077,732212,84,11,3,14,0
2020-03-17,San Luis Obispo,079,281455,62,1,0,1,0
2020-03-17,San Mateo,081,765935,308,46,2,48,1
2020-03-17,Santa Barbara,083,443738,65,0,0,0,0
2020-03-17,Santa Clara,085,1922200,738,121,2,123,4
2020-03-17,Santa Cruz,087,273765,52,10,0,10,0
2020-03-17,Shasta,089,179085,5,1,0,1,0
2020-03-17,Sierra,091,2930,0,0,0,0,0
2020-03-17,Siskiyou,093,43540,3,0,0,0,0
2020-03-17,Solano,095,438530,48,27,0,27,0
2020-03-17,Sonoma,097,501317,70,4,0,4,0
2020-03-17,Stanislaus,099,539301,31,4,2,6,0
2020-03-17,Sutter,101,95872,5,0,0,0,0
2020-03-17,Tehama,103,63373,0,0,0,0,0
2020-03-17,Trinity,105,12862,0,0,0,0,0
2020-03-17,Tulare,107,460477,29,2,3,5,0
2020-03-17,Tuolumne,109,53932,2,0,0,0,0
2020-03-17,Ventura,111,848112,98,7,0,7,0
2020-03-17,Yolo,113,214977,20,2,0,2,0
2020-03-17,Yuba,115,75493,4,0,0,0,0
2020-03-16,Alameda,001,1643700,262,17,0,17,0
2020-03-16,Alpine,003,1148,0,0,0,0,0
2020-03-16,Amador,005,37829,1,0,0,0,0
2020-03-16,Butte,007,227075,3,0,0,0,0
2020-03-16,Calaveras,009,45235,4,2,0,2,0
2020-03-16,Colusa,011,21464,0,0,0,0,0
2020-03-16,Contra Costa,013,1133247,189,36,0,36,0
2020-03-16,Del Norte,015,27424,0,0,0,0,0
2020-03-16,El Dorado,017,186661,15,0,0,0,0
2020-03-16,Fresno,019,978130,53,2,1,3,0
2020-03-16,Glenn,021,27897,0,0,0,0,0
2020-03-16,Humboldt,023,135768,13,1,0,1,0
2020-03-16,Imperial,025,180216,19,2,0,2,0
2020-03-16,Inyo,027,18085,0,0,0,0,0
2020-03-16,Kern,029,883053,43,0,0,0,0
2020-03-16,Kings,031,150075,8,0,0,0,0
2020-03-16,Lake,033,64148,0,0,0,0,0
2020-03-16,Lassen,035,31185,1,0,0,0,0
2020-03-16,Los Angeles,037,10098052,1627,43,9,52,0
2020-03-16,Madera,039,155013,21,2,0,2,0
2020-03-16,Marin,041,260295,48,4,0,4,0
2020-03-16,Mariposa,043,17540,0,0,0,0,0
2020-03-16,Mendocino,045,87422,2,0,0,0,0
2020-03-16,Merced,047,269075,7,0,0,0,0
2020-03-16,Modoc,049,8938,0,0,0,0,0
2020-03-16,Mono,051,14174,7,0,0,0,0
2020-03-16,Monterey,053,433212,28,0,0,0,0
2020-03-16,Napa,055,140530,7,0,0,0,0
2020-03-16,Nevada,057,99092,11,1,1,2,0
2020-03-16,Orange,059,3164182,415,18,3,21,0
2020-03-16,Placer,061,380077,39,7,0,7,1
2020-03-16,Plumas,063,18699,0,0,0,0,0
2020-03-16,Riverside,065,2383286,235,10,5,15,0
2020-03-16,Sacramento,067,1510023,210,34,0,34,1
2020-03-16,San Benito,069,59416,8,2,0,2,0
2020-03-16,San Bernardino,071,2135413,143,1,0,1,0
2020-03-16,San Diego,073,3302833,523,17,0,17,0
2020-03-16,San Francisco,075,870044,267,40,0,40,0
2020-03-16,San Joaquin,077,732212,74,9,3,12,0
2020-03-16,San Luis Obispo,079,281455,55,1,0,1,0
2020-03-16,San Mateo,081,765935,269,42,2,44,1
2020-03-16,Santa Barbara,083,443738,55,0,0,0,0
2020-03-16,Santa Clara,085,1922200,658,115,1,116,2
2020-03-16,Santa Cruz,087,273765,45,9,0,9,0
2020-03-16,Shasta,089,179085,5,1,0,1,0
2020-03-16,Sierra,091,2930,0,0,0,0,0
2020-03-16,Siskiyou,093,43540,2,0,0,0,0
2020-03-16,Solano,095,438530,43,27,0,27,0
2020-03-16,Sonoma,097,501317,62,4,0,4,0
2020-03-16,Stanislaus,099,539301,27,2,2,4,0
2020-03-16,Sutter,101,95872,3,0,0,0,0
2020-03-16,Tehama,103,63373,0,0,0,0,0
2020-03-16,Trinity,105,12862,0,0,0,0,0
2020-03-16,Tulare,107,460477,25,2,3,5,0
2020-03-16,Tuolumne,109,53932,2,0,0,0,0
2020-03-16,Ventura,111,848112,88,7,0,7,0
2020-03-16,Yolo,113,214977,18,2,0,2,0
2020-03-16,Yuba,115,75493,3,0,0,0,0
2020-03-15,Alameda,001,1643700,215,17,0,17,0
2020-03-15,Alpine,003,1148,0,0,0,0,0
2020-03-15,Amador,005,37829,1,0,0,0,0
2020-03-15,Butte,007,227075,3,0,0,0,0
2020-03-15,Calaveras,009,45235,2,2,0,2,0
2020-03-15,Colusa,011,21464,0,0,0,0,0
2020-03-15,Contra Costa,013,1133247,164,34,0,34,0
2020-03-15,Del Norte,015,27424,0,0,0,0,0
2020-03-15,El Dorado,017,186661,14,0,0,0,0
2020-03-15,Fresno,019,978130,33,1,1,2,0
2020-03-15,Glenn,021,27897,0,0,0,0,0
2020-03-15,Humboldt,023,135768,11,1,0,1,0
2020-03-15,Imperial,025,180216,14,2,0,2,0
2020-03-15,Inyo,027,18085,0,0,0,0,0
2020-03-15,Kern,029,883053,37,0,0,0,0
2020-03-15,Kings,031,150075,8,0,0,0,0
2020-03-15,Lake,033,64148,0,0,0,0,0
2020-03-15,Lassen,035,31185,1,0,0,0,0
2020-03-15,Los Angeles,037,10098052,1379,41,9,50,0
2020-03-15,Madera,039,155013,20,2,0,2,0
2020-03-15,Marin,041,260295,41,3,0,3,0
2020-03-15,Mariposa,043,17540,0,0,0,0,0
2020-03-15,Mendocino,045,87422,2,0,0,0,0
2020-03-15,Merced,047,269075,4,0,0,0,0
2020-03-15,Modoc,049,8938,0,0,0,0,0
2020-03-15,Mono,051,14174,6,0,0,0,0
2020-03-15,Monterey,053,433212,21,0,0,0,0
2020-03-15,Napa,055,140530,7,0,0,0,0
2020-03-15,Nevada,057,99092,11,0,1,1,0
2020-03-15,Orange,059,3164182,347,16,1,17,0
2020-03-15,Placer,061,380077,33,7,0,7,1
2020-03-15,Plumas,063,18699,0,0,0,0,0
2020-03-15,Riverside,065,2383286,183,10,5,15,0
2020-03-15,Sacramento,067,1510023,174,30,0,30,1
2020-03-15,San Benito,069,59416,8,2,0,2,0
2020-03-15,San Bernardino,071,2135413,121,0,0,0,0
2020-03-15,San Diego,073,3302833,436,16,0,16,0
2020-03-15,San Francisco,075,870044,209,31,0,31,0
2020-03-15,San Joaquin,077,732212,63,6,3,9,0
2020-03-15,San Luis Obispo,079,281455,45,1,0,1,0
2020-03-15,San Mateo,081,765935,235,29,1,30,1
2020-03-15,Santa Barbara,083,443738,46,0,0,0,0
2020-03-15,Santa Clara,085,1922200,586,79,1,80,2
2020-03-15,Santa Cruz,087,273765,38,8,0,8,0
2020-03-15,Shasta,089,179085,5,1,0,1,0
2020-03-15,Sierra,091,2930,0,0,0,0,0
2020-03-15,Siskiyou,093,43540,2,0,0,0,0
2020-03-15,Solano,095,438530,42,26,0,26,0
2020-03-15,Sonoma,097,501317,53,4,0,4,0
2020-03-15,Stanislaus,099,539301,26,2,2,4,0
2020-03-15,Sutter,101,95872,2,0,0,0,0
2020-03-15,Tehama,103,63373,0,0,0,0,0
2020-03-15,Trinity,105,12862,0,0,0,0,0
2020-03-15,Tulare,107,460477,19,2,3,5,0
2020-03-15,Tuolumne,109,53932,1,0,0,0,0
2020-03-15,Ventura,111,848112,77,5,0,5,0
2020-03-15,Yolo,113,214977,15,2,0,2,0
2020-03-15,Yuba,115,75493,2,0,0,0,0
2020-03-14,Alameda,001,1643700,196,11,0,11,0
2020-03-14,Alpine,003,1148,0,0,0,0,0
2020-03-14,Amador,005,37829,1,0,0,0,0
2020-03-14,Butte,007,227075,2,0,0,0,0
2020-03-14,Calaveras,009,45235,2,2,0,2,0
2020-03-14,Colusa,011,21464,0,0,0,0,0
2020-03-14,Contra Costa,013,1133247,142,30,0,30,0
2020-03-14,Del Norte,015,27424,0,0,0,0,0
2020-03-14,El Dorado,017,186661,12,0,0,0,0
2020-03-14,Fresno,019,978130,25,1,1,2,0
2020-03-14,Glenn,021,27897,0,0,0,0,0
2020-03-14,Humboldt,023,135768,7,1,0,1,0
2020-03-14,Imperial,025,180216,10,2,0,2,0
2020-03-14,Inyo,027,18085,0,0,0,0,0
2020-03-14,Kern,029,883053,32,0,0,0,0
2020-03-14,Kings,031,150075,8,0,0,0,0
2020-03-14,Lake,033,64148,0,0,0,0,0
2020-03-14,Lassen,035,31185,1,0,0,0,0
2020-03-14,Los Angeles,037,10098052,1197,35,9,44,0
2020-03-14,Madera,039,155013,19,2,0,2,0
2020-03-14,Marin,041,260295,37,3,0,3,0
2020-03-14,Mariposa,043,17540,0,0,0,0,0
2020-03-14,Mendocino,045,87422,2,0,0,0,0
2020-03-14,Merced,047,269075,4,0,0,0,0
2020-03-14,Modoc,049,8938,0,0,0,0,0
2020-03-14,Mono,051,14174,5,0,0,0,0
2020-03-14,Monterey,053,433212,15,0,0,0,0
2020-03-14,Napa,055,140530,5,0,0,0,0
2020-03-14,Nevada,057,99092,8,0,1,1,0
2020-03-14,Orange,059,3164182,308,14,0,14,0
2020-03-14,Placer,061,380077,29,6,0,6,1
2020-03-14,Plumas,063,18699,0,0,0,0,0
2020-03-14,Riverside,065,2383286,163,10,5,15,0
2020-03-14,Sacramento,067,1510023,152,31,0,31,1
2020-03-14,San Benito,069,59416,8,2,0,2,0
2020-03-14,San Bernardino,071,2135413,102,0,0,0,0
2020-03-14,San Diego,073,3302833,361,10,0,10,0
2020-03-14,San Francisco,075,870044,188,29,0,29,0
2020-03-14,San Joaquin,077,732212,54,6,3,9,0
2020-03-14,San Luis Obispo,079,281455,40,0,0,0,0
2020-03-14,San Mateo,081,765935,212,27,1,28,0
2020-03-14,Santa Barbara,083,443738,37,0,0,0,0
2020-03-14,Santa Clara,085,1922200,531,62,1,63,2
2020-03-14,Santa Cruz,087,273765,33,8,0,8,0
2020-03-14,Shasta,089,179085,5,1,0,1,0
2020-03-14,Sierra,091,2930,0,0,0,0,0
2020-03-14,Siskiyou,093,43540,1,0,0,0,0
2020-03-14,Solano,095,438530,40,26,0,26,0
2020-03-14,Sonoma,097,501317,40,2,0,2,0
2020-03-14,Stanislaus,099,539301,22,2,2,4,0
2020-03-14,Sutter,101,95872,2,0,0,0,0
2020-03-14,Tehama,103,63373,0,0,0,0,0
2020-03-14,Trinity,105,12862,0,0,0,0,0
2020-03-14,Tulare,107,460477,17,2,2,4,0
2020-03-14,Tuolumne,109,53932,1,0,0,0,0
2020-03-14,Ventura,111,848112,68,5,0,5,0
2020-03-14,Yolo,113,214977,15,2,0,2,0
2020-03-14,Yuba,115,75493,1,0,0,0,0
2020-03-13,Alameda,001,1643700,177,12,0,12,0
2020-03-13,Alpine,003,1148,0,0,0,0,0
2020-03-13,Amador,005,37829,1,0,0,0,0
2020-03-13,Butte,007,227075,0,0,0,0,0
2020-03-13,Calaveras,009,45235,2,2,0,2,0
2020-03-13,Colusa,011,21464,0,0,0,0,0
2020-03-13,Contra Costa,013,1133247,128,22,0,22,0
2020-03-13,Del Norte,015,27424,0,0,0,0,0
2020-03-13,El Dorado,017,186661,11,0,0,0,0
2020-03-13,Fresno,019,978130,20,1,1,2,0
2020-03-13,Glenn,021,27897,0,0,0,0,0
2020-03-13,Humboldt,023,135768,7,1,0,1,0
2020-03-13,Imperial,025,180216,9,2,0,2,0
2020-03-13,Inyo,027,18085,0,0,0,0,0
2020-03-13,Kern,029,883053,27,0,0,0,0
2020-03-13,Kings,031,150075,7,0,0,0,0
2020-03-13,Lake,033,64148,0,0,0,0,0
2020-03-13,Lassen,035,31185,1,0,0,0,0
2020-03-13,Los Angeles,037,10098052,1040,30,7,37,0
2020-03-13,Madera,039,155013,18,1,0,1,0
2020-03-13,Marin,041,260295,34,3,0,3,0
2020-03-13,Mariposa,043,17540,0,0,0,0,0
2020-03-13,Mendocino,045,87422,2,0,0,0,0
2020-03-13,Merced,047,269075,2,0,0,0,0
2020-03-13,Modoc,049,8938,0,0,0,0,0
2020-03-13,Mono,051,14174,3,0,0,0,0
2020-03-13,Monterey,053,433212,10,0,0,0,0
2020-03-13,Napa,055,140530,3,0,0,0,0
2020-03-13,Nevada,057,99092,7,0,1,1,0
2020-03-13,Orange,059,3164182,268,10,0,10,0
2020-03-13,Placer,061,380077,27,6,0,6,1
2020-03-13,Plumas,063,18699,0,0,0,0,0
2020-03-13,Riverside,065,2383286,133,5,4,9,0
2020-03-13,Sacramento,067,1510023,130,18,0,18,1
2020-03-13,San Benito,069,59416,6,2,0,2,0
2020-03-13,San Bernardino,071,2135413,96,0,0,0,0
2020-03-13,San Diego,073,3302833,311,8,0,8,0
2020-03-13,San Francisco,075,870044,174,28,0,28,0
2020-03-13,San Joaquin,077,732212,50,6,3,9,0
2020-03-13,San Luis Obispo,079,281455,33,0,0,0,0
2020-03-13,San Mateo,081,765935,191,24,1,25,0
2020-03-13,Santa Barbara,083,443738,33,0,0,0,0
2020-03-13,Santa Clara,085,1922200,469,59,1,60,1
2020-03-13,Santa Cruz,087,273765,32,7,0,7,0
2020-03-13,Shasta,089,179085,3,1,0,1,0
2020-03-13,Sierra,091,2930,0,0,0,0,0
2020-03-13,Siskiyou,093,43540,0,0,0,0,0
2020-03-13,Solano,095,438530,39,26,0,26,0
2020-03-13,Sonoma,097,501317,39,2,0,2,0
2020-03-13,Stanislaus,099,539301,17,2,2,4,0
2020-03-13,Sutter,101,95872,2,0,0,0,0
2020-03-13,Tehama,103,63373,0,0,0,0,0
2020-03-13,Trinity,105,12862,0,0,0,0,0
2020-03-13,Tulare,107,460477,14,2,2,4,0
2020-03-13,Tuolumne,109,53932,1,0,0,0,0
2020-03-13,Ventura,111,848112,54,5,0,5,0
2020-03-13,Yolo,113,214977,14,1,0,1,0
2020-03-13,Yuba,115,75493,1,0,0,0,0
2020-03-12,Alameda,001,1643700,152,9,0,9,0
2020-03-12,Alpine,003,1148,0,0,0,0,0
2020-03-12,Amador,005,37829,1,0,0,0,0
2020-03-12,Butte,007,227075,0,0,0,0,0
2020-03-12,Calaveras,009,45235,2,2,0,2,0
2020-03-12,Colusa,011,21464,0,0,0,0,0
2020-03-12,Contra Costa,013,1133247,110,18,0,18,0
2020-03-12,Del Norte,015,27424,0,0,0,0,0
2020-03-12,El Dorado,017,186661,9,0,0,0,0
2020-03-12,Fresno,019,978130,12,1,1,2,0
2020-03-12,Glenn,021,27897,0,0,0,0,0
2020-03-12,Humboldt,023,135768,6,1,0,1,0
2020-03-12,Imperial,025,180216,8,2,0,2,0
2020-03-12,Inyo,027,18085,0,0,0,0,0
2020-03-12,Kern,029,883053,18,0,0,0,0
2020-03-12,Kings,031,150075,4,0,0,0,0
2020-03-12,Lake,033,64148,0,0,0,0,0
2020-03-12,Lassen,035,31185,1,0,0,0,0
2020-03-12,Los Angeles,037,10098052,876,30,7,37,0
2020-03-12,Madera,039,155013,15,1,0,1,0
2020-03-12,Marin,041,260295,24,1,0,1,0
2020-03-12,Mariposa,043,17540,0,0,0,0,0
2020-03-12,Mendocino,045,87422,2,0,0,0,0
2020-03-12,Merced,047,269075,2,0,0,0,0
2020-03-12,Modoc,049,8938,0,0,0,0,0
2020-03-12,Mono,051,14174,3,0,0,0,0
2020-03-12,Monterey,053,433212,8,0,0,0,0
2020-03-12,Napa,055,140530,3,0,0,0,0
2020-03-12,Nevada,057,99092,4,0,1,1,0
2020-03-12,Orange,059,3164182,231,7,0,7,0
2020-03-12,Placer,061,380077,23,6,0,6,1
2020-03-12,Plumas,063,18699,0,0,0,0,0
2020-03-12,Riverside,065,2383286,107,5,2,7,0
2020-03-12,Sacramento,067,1510023,106,17,0,17,1
2020-03-12,San Benito,069,59416,5,2,0,2,0
2020-03-12,San Bernardino,071,2135413,80,0,0,0,0
2020-03-12,San Diego,073,3302833,256,9,0,9,0
2020-03-12,San Francisco,075,870044,149,20,0,20,0
2020-03-12,San Joaquin,077,732212,44,3,3,6,1
2020-03-12,San Luis Obispo,079,281455,26,0,0,0,0
2020-03-12,San Mateo,081,765935,157,21,1,22,0
2020-03-12,Santa Barbara,083,443738,22,0,0,0,0
2020-03-12,Santa Clara,085,1922200,411,51,1,52,1
2020-03-12,Santa Cruz,087,273765,29,5,0,5,0
2020-03-12,Shasta,089,179085,2,1,0,1,0
2020-03-12,Sierra,091,2930,0,0,0,0,0
2020-03-12,Siskiyou,093,43540,0,0,0,0,0
2020-03-12,Solano,095,438530,34,26,0,26,0
2020-03-12,Sonoma,097,501317,34,2,0,2,0
2020-03-12,Stanislaus,099,539301,15,2,2,4,0
2020-03-12,Sutter,101,95872,0,0,0,0,0
2020-03-12,Tehama,103,63373,0,0,0,0,0
2020-03-12,Trinity,105,12862,0,0,0,0,0
2020-03-12,Tulare,107,460477,12,1,1,2,0
2020-03-12,Tuolumne,109,53932,1,0,0,0,0
2020-03-12,Ventura,111,848112,45,3,0,3,0
2020-03-12,Yolo,113,214977,13,1,0,1,0
2020-03-12,Yuba,115,75493,1,0,0,0,0
2020-03-11,Alameda,001,1643700,122,5,0,5,0
2020-03-11,Alpine,003,1148,0,0,0,0,0
2020-03-11,Amador,005,37829,1,0,0,0,0
2020-03-11,Butte,007,227075,0,0,0,0,0
2020-03-11,Calaveras,009,45235,2,2,0,2,0
2020-03-11,Colusa,011,21464,0,0,0,0,0
2020-03-11,Contra Costa,013,1133247,94,16,0,16,0
2020-03-11,Del Norte,015,27424,0,0,0,0,0
2020-03-11,El Dorado,017,186661,8,0,0,0,0
2020-03-11,Fresno,019,978130,9,1,1,2,0
2020-03-11,Glenn,021,27897,0,0,0,0,0
2020-03-11,Humboldt,023,135768,6,1,0,1,0
2020-03-11,Imperial,025,180216,6,0,0,0,0
2020-03-11,Inyo,027,18085,0,0,0,0,0
2020-03-11,Kern,029,883053,16,0,0,0,0
2020-03-11,Kings,031,150075,2,0,0,0,0
2020-03-11,Lake,033,64148,0,0,0,0,0
2020-03-11,Lassen,035,31185,1,0,0,0,0
2020-03-11,Los Angeles,037,10098052,703,21,7,28,0
2020-03-11,Madera,039,155013,12,1,0,1,0
2020-03-11,Marin,041,260295,17,1,0,1,0
2020-03-11,Mariposa,043,17540,0,0,0,0,0
2020-03-11,Mendocino,045,87422,1,0,0,0,0
2020-03-11,Merced,047,269075,2,0,0,0,0
2020-03-11,Modoc,049,8938,0,0,0,0,0
2020-03-11,Mono,051,14174,3,0,0,0,0
2020-03-11,Monterey,053,433212,7,0,0,0,0
2020-03-11,Napa,055,140530,2,0,0,0,0
2020-03-11,Nevada,057,99092,4,0,1,1,0
2020-03-11,Orange,059,3164182,202,6,0,6,0
2020-03-11,Placer,061,380077,18,6,0,6,1
2020-03-11,Plumas,063,18699,0,0,0,0,0
2020-03-11,Riverside,065,2383286,81,4,1,5,0
2020-03-11,Sacramento,067,1510023,88,9,0,9,1
2020-03-11,San Benito,069,59416,5,2,0,2,0
2020-03-11,San Bernardino,071,2135413,73,0,0,0,0
2020-03-11,San Diego,073,3302833,206,4,0,4,0
2020-03-11,San Francisco,075,870044,124,17,0,17,0
2020-03-11,San Joaquin,077,732212,33,1,3,4,0
2020-03-11,San Luis Obispo,079,281455,23,0,0,0,0
2020-03-11,San Mateo,081,765935,139,16,0,16,0
2020-03-11,Santa Barbara,083,443738,13,0,0,0,0
2020-03-11,Santa Clara,085,1922200,370,48,1,49,1
2020-03-11,Santa Cruz,087,273765,26,2,0,2,0
2020-03-11,Shasta,089,179085,2,1,0,1,0
2020-03-11,Sierra,091,2930,0,0,0,0,0
2020-03-11,Siskiyou,093,43540,0,0,0,0,0
2020-03-11,Solano,095,438530,29,26,0,26,0
2020-03-11,Sonoma,097,501317,30,2,0,2,0
2020-03-11,Stanislaus,099,539301,15,2,2,4,0
2020-03-11,Sutter,101,95872,0,0,0,0,0
2020-03-11,Tehama,103,63373,0,0,0,0,0
2020-03-11,Trinity,105,12862,0,0,0,0,0
2020-03-11,Tulare,107,460477,10,0,1,1,0
2020-03-11,Tuolumne,109,53932,1,0,0,0,0
2020-03-11,Ventura,111,848112,37,3,0,3,0
2020-03-11,Yolo,113,214977,9,1,0,1,0
2020-03-11,Yuba,115,75493,1,0,0,0,0
2020-03-10,Alameda,001,1643700,101,4,0,4,0
2020-03-10,Alpine,003,1148,0,0,0,0,0
2020-03-10,Amador,005,37829,1,0,0,0,0
2020-03-10,Butte,007,227075,0,0,0,0,0
2020-03-10,Calaveras,009,45235,2,2,0,2,0
2020-03-10,Colusa,011,21464,0,0,0,0,0
2020-03-10,Contra Costa,013,1133247,84,11,0,11,0
2020-03-10,Del Norte,015,27424,0,0,0,0,0
2020-03-10,El Dorado,017,186661,7,0,0,0,0
2020-03-10,Fresno,019,978130,7,1,1,2,0
2020-03-10,Glenn,021,27897,0,0,0,0,0
2020-03-10,Humboldt,023,135768,6,1,0,1,0
2020-03-10,Imperial,025,180216,5,0,0,0,0
2020-03-10,Inyo,027,18085,0,0,0,0,0
2020-03-10,Kern,029,883053,11,0,0,0,0
2020-03-10,Kings,031,150075,2,0,0,0,0
2020-03-10,Lake,033,64148,0,0,0,0,0
2020-03-10,Lassen,035,31185,1,0,0,0,0
2020-03-10,Los Angeles,037,10098052,567,20,7,27,0
2020-03-10,Madera,039,155013,7,1,0,1,0
2020-03-10,Marin,041,260295,16,1,0,1,0
2020-03-10,Mariposa,043,17540,0,0,0,0,0
2020-03-10,Mendocino,045,87422,0,0,0,0,0
2020-03-10,Merced,047,269075,2,0,0,0,0
2020-03-10,Modoc,049,8938,0,0,0,0,0
2020-03-10,Mono,051,14174,3,0,0,0,0
2020-03-10,Monterey,053,433212,5,0,0,0,0
2020-03-10,Napa,055,140530,2,0,0,0,0
2020-03-10,Nevada,057,99092,3,0,1,1,0
2020-03-10,Orange,059,3164182,182,5,0,5,1
2020-03-10,Placer,061,380077,14,7,0,7,1
2020-03-10,Plumas,063,18699,0,0,0,0,0
2020-03-10,Riverside,065,2383286,59,4,1,5,0
2020-03-10,Sacramento,067,1510023,79,8,0,8,0
2020-03-10,San Benito,069,59416,5,2,0,2,0
2020-03-10,San Bernardino,071,2135413,65,0,0,0,0
2020-03-10,San Diego,073,3302833,163,3,0,3,0
2020-03-10,San Francisco,075,870044,92,16,0,16,0
2020-03-10,San Joaquin,077,732212,30,1,3,4,0
2020-03-10,San Luis Obispo,079,281455,15,0,0,0,0
2020-03-10,San Mateo,081,765935,123,11,0,11,0
2020-03-10,Santa Barbara,083,443738,10,0,0,0,0
2020-03-10,Santa Clara,085,1922200,322,45,1,46,1
2020-03-10,Santa Cruz,087,273765,22,2,0,2,0
2020-03-10,Shasta,089,179085,2,1,0,1,0
2020-03-10,Sierra,091,2930,0,0,0,0,0
2020-03-10,Siskiyou,093,43540,0,0,0,0,0
2020-03-10,Solano,095,438530,27,26,0,26,0
2020-03-10,Sonoma,097,501317,27,2,0,2,0
2020-03-10,Stanislaus,099,539301,11,0,2,2,0
2020-03-10,Sutter,101,95872,0,0,0,0,0
2020-03-10,Tehama,103,63373,0,0,0,0,0
2020-03-10,Trinity,105,12862,0,0,0,0,0
2020-03-10,Tulare,107,460477,9,0,1,1,0
2020-03-10,Tuolumne,109,53932,1,0,0,0,0
2020-03-10,Ventura,111,848112,29,1,0,1,0
2020-03-10,Yolo,113,214977,6,2,0,2,0
2020-03-10,Yuba,115,75493,1,0,0,0,0
2020-03-09,Alameda,001,1643700,73,4,0,4,0
2020-03-09,Alpine,003,1148,0,0,0,0,0
2020-03-09,Amador,005,37829,0,0,0,0,0
2020-03-09,Butte,007,227075,0,0,0,0,0
2020-03-09,Calaveras,009,45235,2,0,0,0,0
2020-03-09,Colusa,011,21464,0,0,0,0,0
2020-03-09,Contra Costa,013,1133247,72,9,0,9,0
2020-03-09,Del Norte,015,27424,0,0,0,0,0
2020-03-09,El Dorado,017,186661,5,0,0,0,0
2020-03-09,Fresno,019,978130,7,1,1,2,0
2020-03-09,Glenn,021,27897,0,0,0,0,0
2020-03-09,Humboldt,023,135768,5,1,0,1,0
2020-03-09,Imperial,025,180216,5,0,0,0,0
2020-03-09,Inyo,027,18085,0,0,0,0,0
2020-03-09,Kern,029,883053,8,0,0,0,0
2020-03-09,Kings,031,150075,1,0,0,0,0
2020-03-09,Lake,033,64148,0,0,0,0,0
2020-03-09,Lassen,035,31185,1,0,0,0,0
2020-03-09,Los Angeles,037,10098052,463,17,6,23,0
2020-03-09,Madera,039,155013,7,1,0,1,0
2020-03-09,Marin,041,260295,15,1,0,1,0
2020-03-09,Mariposa,043,17540,0,0,0,0,0
2020-03-09,Mendocino,045,87422,0,0,0,0,0
2020-03-09,Merced,047,269075,2,0,0,0,0
2020-03-09,Modoc,049,8938,0,0,0,0,0
2020-03-09,Mono,051,14174,3,0,0,0,0
2020-03-09,Monterey,053,433212,3,0,0,0,0
2020-03-09,Napa,055,140530,2,0,0,0,0
2020-03-09,Nevada,057,99092,2,0,1,1,0
2020-03-09,Orange,059,3164182,154,4,0,4,0
2020-03-09,Placer,061,380077,12,7,0,7,1
2020-03-09,Plumas,063,18699,0,0,0,0,0
2020-03-09,Riverside,065,2383286,49,4,1,5,0
2020-03-09,Sacramento,067,1510023,75,8,0,8,0
2020-03-09,San Benito,069,59416,3,2,0,2,0
2020-03-09,San Bernardino,071,2135413,54,0,0,0,0
2020-03-09,San Diego,073,3302833,124,2,0,2,0
2020-03-09,San Francisco,075,870044,72,14,0,14,0
2020-03-09,San Joaquin,077,732212,21,0,3,3,0
2020-03-09,San Luis Obispo,079,281455,15,0,0,0,0
2020-03-09,San Mateo,081,765935,109,6,0,6,0
2020-03-09,Santa Barbara,083,443738,8,0,0,0,0
2020-03-09,Santa Clara,085,1922200,278,42,1,43,1
2020-03-09,Santa Cruz,087,273765,19,2,0,2,0
2020-03-09,Shasta,089,179085,2,1,0,1,0
2020-03-09,Sierra,091,2930,0,0,0,0,0
2020-03-09,Siskiyou,093,43540,0,0,0,0,0
2020-03-09,Solano,095,438530,25,26,0,26,0
2020-03-09,Sonoma,097,501317,22,2,0,2,0
2020-03-09,Stanislaus,099,539301,11,0,2,2,0
2020-03-09,Sutter,101,95872,0,0,0,0,0
2020-03-09,Tehama,103,63373,0,0,0,0,0
2020-03-09,Trinity,105,12862,0,0,0,0,0
2020-03-09,Tulare,107,460477,9,0,1,1,0
2020-03-09,Tuolumne,109,53932,1,0,0,0,0
2020-03-09,Ventura,111,848112,25,1,0,1,0
2020-03-09,Yolo,113,214977,5,2,0,2,0
2020-03-09,Yuba,115,75493,0,0,0,0,0
2020-03-08,Alameda,001,1643700,48,4,0,4,0
2020-03-08,Alpine,003,1148,0,0,0,0,0
2020-03-08,Amador,005,37829,0,0,0,0,0
2020-03-08,Butte,007,227075,0,0,0,0,0
2020-03-08,Calaveras,009,45235,2,0,0,0,0
2020-03-08,Colusa,011,21464,0,0,0,0,0
2020-03-08,Contra Costa,013,1133247,58,9,0,9,0
2020-03-08,Del Norte,015,27424,0,0,0,0,0
2020-03-08,El Dorado,017,186661,5,0,0,0,0
2020-03-08,Fresno,019,978130,5,1,1,2,0
2020-03-08,Glenn,021,27897,0,0,0,0,0
2020-03-08,Humboldt,023,135768,5,1,0,1,0
2020-03-08,Imperial,025,180216,5,0,0,0,0
2020-03-08,Inyo,027,18085,0,0,0,0,0
2020-03-08,Kern,029,883053,8,0,0,0,0
2020-03-08,Kings,031,150075,0,0,0,0,0
2020-03-08,Lake,033,64148,0,0,0,0,0
2020-03-08,Lassen,035,31185,0,0,0,0,0
2020-03-08,Los Angeles,037,10098052,368,14,6,20,0
2020-03-08,Madera,039,155013,7,1,0,1,0
2020-03-08,Marin,041,260295,13,1,0,1,0
2020-03-08,Mariposa,043,17540,0,0,0,0,0
2020-03-08,Mendocino,045,87422,0,0,0,0,0
2020-03-08,Merced,047,269075,2,0,0,0,0
2020-03-08,Modoc,049,8938,0,0,0,0,0
2020-03-08,Mono,051,14174,3,0,0,0,0
2020-03-08,Monterey,053,433212,3,0,0,0,0
2020-03-08,Napa,055,140530,2,0,0,0,0
2020-03-08,Nevada,057,99092,1,0,1,1,0
2020-03-08,Orange,059,3164182,129,4,0,4,0
2020-03-08,Placer,061,380077,11,7,0,7,1
2020-03-08,Plumas,063,18699,0,0,0,0,0
2020-03-08,Riverside,065,2383286,41,1,1,2,0
2020-03-08,Sacramento,067,1510023,65,5,0,5,0
2020-03-08,San Benito,069,59416,3,2,0,2,0
2020-03-08,San Bernardino,071,2135413,43,0,0,0,0
2020-03-08,San Diego,073,3302833,90,2,0,2,0
2020-03-08,San Francisco,075,870044,53,9,0,9,0
2020-03-08,San Joaquin,077,732212,18,0,3,3,0
2020-03-08,San Luis Obispo,079,281455,9,0,0,0,0
2020-03-08,San Mateo,081,765935,96,4,0,4,0
2020-03-08,Santa Barbara,083,443738,5,0,0,0,0
2020-03-08,Santa Clara,085,1922200,236,36,1,37,0
2020-03-08,Santa Cruz,087,273765,17,1,0,1,0
2020-03-08,Shasta,089,179085,2,0,0,0,0
2020-03-08,Sierra,091,2930,0,0,0,0,0
2020-03-08,Siskiyou,093,43540,0,0,0,0,0
2020-03-08,Solano,095,438530,24,26,0,26,0
2020-03-08,Sonoma,097,501317,17,2,0,2,0
2020-03-08,Stanislaus,099,539301,10,0,2,2,0
2020-03-08,Sutter,101,95872,0,0,0,0,0
2020-03-08,Tehama,103,63373,0,0,0,0,0
2020-03-08,Trinity,105,12862,0,0,0,0,0
2020-03-08,Tulare,107,460477,9,0,0,0,0
2020-03-08,Tuolumne,109,53932,1,0,0,0,0
2020-03-08,Ventura,111,848112,21,1,0,1,0
2020-03-08,Yolo,113,214977,2,2,0,2,0
2020-03-08,Yuba,115,75493,0,0,0,0,0
2020-03-07,Alameda,001,1643700,43,3,0,3,0
2020-03-07,Alpine,003,1148,0,0,0,0,0
2020-03-07,Amador,005,37829,0,0,0,0,0
2020-03-07,Butte,007,227075,0,0,0,0,0
2020-03-07,Calaveras,009,45235,2,0,0,0,0
2020-03-07,Colusa,011,21464,0,0,0,0,0
2020-03-07,Contra Costa,013,1133247,55,4,0,4,0
2020-03-07,Del Norte,015,27424,0,0,0,0,0
2020-03-07,El Dorado,017,186661,4,0,0,0,0
2020-03-07,Fresno,019,978130,4,1,1,2,0
2020-03-07,Glenn,021,27897,0,0,0,0,0
2020-03-07,Humboldt,023,135768,5,1,0,1,0
2020-03-07,Imperial,025,180216,4,0,0,0,0
2020-03-07,Inyo,027,18085,0,0,0,0,0
2020-03-07,Kern,029,883053,7,0,0,0,0
2020-03-07,Kings,031,150075,0,0,0,0,0
2020-03-07,Lake,033,64148,0,0,0,0,0
2020-03-07,Lassen,035,31185,0,0,0,0,0
2020-03-07,Los Angeles,037,10098052,317,14,6,20,0
2020-03-07,Madera,039,155013,6,1,0,1,0
2020-03-07,Marin,041,260295,11,0,0,0,0
2020-03-07,Mariposa,043,17540,0,0,0,0,0
2020-03-07,Mendocino,045,87422,0,0,0,0,0
2020-03-07,Merced,047,269075,2,0,0,0,0
2020-03-07,Modoc,049,8938,0,0,0,0,0
2020-03-07,Mono,051,14174,3,0,0,0,0
2020-03-07,Monterey,053,433212,3,0,0,0,0
2020-03-07,Napa,055,140530,1,0,0,0,0
2020-03-07,Nevada,057,99092,1,0,1,1,0
2020-03-07,Orange,059,3164182,121,4,0,4,0
2020-03-07,Placer,061,380077,11,6,0,6,1
2020-03-07,Plumas,063,18699,0,0,0,0,0
2020-03-07,Riverside,065,2383286,31,0,1,1,0
2020-03-07,Sacramento,067,1510023,52,4,0,4,0
2020-03-07,San Benito,069,59416,3,2,0,2,0
2020-03-07,San Bernardino,071,2135413,41,0,0,0,0
2020-03-07,San Diego,073,3302833,72,2,0,2,0
2020-03-07,San Francisco,075,870044,47,9,0,9,0
2020-03-07,San Joaquin,077,732212,16,0,3,3,0
2020-03-07,San Luis Obispo,079,281455,6,0,0,0,0
2020-03-07,San Mateo,081,765935,86,1,0,1,0
2020-03-07,Santa Barbara,083,443738,5,0,0,0,0
2020-03-07,Santa Clara,085,1922200,206,31,1,32,0
2020-03-07,Santa Cruz,087,273765,17,1,0,1,0
2020-03-07,Shasta,089,179085,2,0,0,0,0
2020-03-07,Sierra,091,2930,0,0,0,0,0
2020-03-07,Siskiyou,093,43540,0,0,0,0,0
2020-03-07,Solano,095,438530,23,25,0,25,0
2020-03-07,Sonoma,097,501317,13,2,0,2,0
2020-03-07,Stanislaus,099,539301,9,0,2,2,0
2020-03-07,Sutter,101,95872,0,0,0,0,0
2020-03-07,Tehama,103,63373,0,0,0,0,0
2020-03-07,Trinity,105,12862,0,0,0,0,0
2020-03-07,Tulare,107,460477,6,0,0,0,0
2020-03-07,Tuolumne,109,53932,1,0,0,0,0
2020-03-07,Ventura,111,848112,18,1,0,1,0
2020-03-07,Yolo,113,214977,2,2,0,2,0
2020-03-07,Yuba,115,75493,0,0,0,0,0
2020-03-06,Alameda,001,1643700,41,3,0,3,0
2020-03-06,Alpine,003,1148,0,0,0,0,0
2020-03-06,Amador,005,37829,0,0,0,0,0
2020-03-06,Butte,007,227075,0,0,0,0,0
2020-03-06,Calaveras,009,45235,2,0,0,0,0
2020-03-06,Colusa,011,21464,0,0,0,0,0
2020-03-06,Contra Costa,013,1133247,46,4,0,4,0
2020-03-06,Del Norte,015,27424,0,0,0,0,0
2020-03-06,El Dorado,017,186661,3,0,0,0,0
2020-03-06,Fresno,019,978130,3,0,1,1,0
2020-03-06,Glenn,021,27897,0,0,0,0,0
2020-03-06,Humboldt,023,135768,4,1,0,1,0
2020-03-06,Imperial,025,180216,3,0,0,0,0
2020-03-06,Inyo,027,18085,0,0,0,0,0
2020-03-06,Kern,029,883053,6,0,0,0,0
2020-03-06,Kings,031,150075,0,0,0,0,0
2020-03-06,Lake,033,64148,0,0,0,0,0
2020-03-06,Lassen,035,31185,0,0,0,0,0
2020-03-06,Los Angeles,037,10098052,274,13,6,19,0
2020-03-06,Madera,039,155013,5,0,0,0,0
2020-03-06,Marin,041,260295,10,0,0,0,0
2020-03-06,Mariposa,043,17540,0,0,0,0,0
2020-03-06,Mendocino,045,87422,0,0,0,0,0
2020-03-06,Merced,047,269075,2,0,0,0,0
2020-03-06,Modoc,049,8938,0,0,0,0,0
2020-03-06,Mono,051,14174,1,0,0,0,0
2020-03-06,Monterey,053,433212,3,0,0,0,0
2020-03-06,Napa,055,140530,1,0,0,0,0
2020-03-06,Nevada,057,99092,1,0,1,1,0
2020-03-06,Orange,059,3164182,95,4,0,4,0
2020-03-06,Placer,061,380077,10,5,0,5,1
2020-03-06,Plumas,063,18699,0,0,0,0,0
2020-03-06,Riverside,065,2383286,30,0,1,1,0
2020-03-06,Sacramento,067,1510023,43,2,0,2,0
2020-03-06,San Benito,069,59416,3,2,0,2,0
2020-03-06,San Bernardino,071,2135413,39,0,0,0,0
2020-03-06,San Diego,073,3302833,59,2,0,2,0
2020-03-06,San Francisco,075,870044,41,2,0,2,0
2020-03-06,San Joaquin,077,732212,13,0,3,3,0
2020-03-06,San Luis Obispo,079,281455,4,0,0,0,0
2020-03-06,San Mateo,081,765935,78,1,0,1,0
2020-03-06,Santa Barbara,083,443738,3,0,0,0,0
2020-03-06,Santa Clara,085,1922200,188,20,1,21,0
2020-03-06,Santa Cruz,087,273765,15,0,0,0,0
2020-03-06,Shasta,089,179085,2,0,0,0,0
2020-03-06,Sierra,091,2930,0,0,0,0,0
2020-03-06,Siskiyou,093,43540,0,0,0,0,0
2020-03-06,Solano,095,438530,22,25,0,25,0
2020-03-06,Sonoma,097,501317,13,2,0,2,0
2020-03-06,Stanislaus,099,539301,5,0,2,2,0
2020-03-06,Sutter,101,95872,0,0,0,0,0
2020-03-06,Tehama,103,63373,0,0,0,0,0
2020-03-06,Trinity,105,12862,0,0,0,0,0
2020-03-06,Tulare,107,460477,6,0,0,0,0
2020-03-06,Tuolumne,109,53932,1,0,0,0,0
2020-03-06,Ventura,111,848112,15,1,0,1,0
2020-03-06,Yolo,113,214977,2,1,0,1,0
2020-03-06,Yuba,115,75493,0,0,0,0,0
2020-03-05,Alameda,001,1643700,35,2,0,2,0
2020-03-05,Alpine,003,1148,0,0,0,0,0
2020-03-05,Amador,005,37829,0,0,0,0,0
2020-03-05,Butte,007,227075,0,0,0,0,0
2020-03-05,Calaveras,009,45235,2,0,0,0,0
2020-03-05,Colusa,011,21464,0,0,0,0,0
2020-03-05,Contra Costa,013,1133247,39,1,0,1,0
2020-03-05,Del Norte,015,27424,0,0,0,0,0
2020-03-05,El Dorado,017,186661,1,0,0,0,0
2020-03-05,Fresno,019,978130,3,0,1,1,0
2020-03-05,Glenn,021,27897,0,0,0,0,0
2020-03-05,Humboldt,023,135768,4,1,0,1,0
2020-03-05,Imperial,025,180216,2,0,0,0,0
2020-03-05,Inyo,027,18085,0,0,0,0,0
2020-03-05,Kern,029,883053,6,0,0,0,0
2020-03-05,Kings,031,150075,0,0,0,0,0
2020-03-05,Lake,033,64148,0,0,0,0,0
2020-03-05,Lassen,035,31185,0,0,0,0,0
2020-03-05,Los Angeles,037,10098052,227,11,6,17,0
2020-03-05,Madera,039,155013,5,0,0,0,0
2020-03-05,Marin,041,260295,10,0,0,0,0
2020-03-05,Mariposa,043,17540,0,0,0,0,0
2020-03-05,Mendocino,045,87422,0,0,0,0,0
2020-03-05,Merced,047,269075,2,0,0,0,0
2020-03-05,Modoc,049,8938,0,0,0,0,0
2020-03-05,Mono,051,14174,1,0,0,0,0
2020-03-05,Monterey,053,433212,3,0,0,0,0
2020-03-05,Napa,055,140530,1,0,0,0,0
2020-03-05,Nevada,057,99092,0,0,1,1,0
2020-03-05,Orange,059,3164182,80,3,0,3,0
2020-03-05,Placer,061,380077,10,2,0,2,1
2020-03-05,Plumas,063,18699,0,0,0,0,0
2020-03-05,Riverside,065,2383286,27,0,1,1,0
2020-03-05,Sacramento,067,1510023,37,2,0,2,0
2020-03-05,San Benito,069,59416,1,2,0,2,0
2020-03-05,San Bernardino,071,2135413,34,0,0,0,0
2020-03-05,San Diego,073,3302833,52,2,0,2,0
2020-03-05,San Francisco,075,870044,31,2,0,2,0
2020-03-05,San Joaquin,077,732212,10,0,3,3,0
2020-03-05,San Luis Obispo,079,281455,4,0,0,0,0
2020-03-05,San Mateo,081,765935,65,1,0,1,0
2020-03-05,Santa Barbara,083,443738,2,0,0,0,0
2020-03-05,Santa Clara,085,1922200,164,14,1,15,0
2020-03-05,Santa Cruz,087,273765,13,0,0,0,0
2020-03-05,Shasta,089,179085,2,0,0,0,0
2020-03-05,Sierra,091,2930,0,0,0,0,0
2020-03-05,Siskiyou,093,43540,0,0,0,0,0
2020-03-05,Solano,095,438530,22,24,0,24,0
2020-03-05,Sonoma,097,501317,12,2,0,2,0
2020-03-05,Stanislaus,099,539301,4,0,2,2,0
2020-03-05,Sutter,101,95872,0,0,0,0,0
2020-03-05,Tehama,103,63373,0,0,0,0,0
2020-03-05,Trinity,105,12862,0,0,0,0,0
2020-03-05,Tulare,107,460477,6,0,0,0,0
2020-03-05,Tuolumne,109,53932,1,0,0,0,0
2020-03-05,Ventura,111,848112,13,0,0,0,0
2020-03-05,Yolo,113,214977,2,0,0,0,0
2020-03-05,Yuba,115,75493,0,0,0,0,0
2020-03-04,Alameda,001,1643700,31,2,0,2,0
2020-03-04,Alpine,003,1148,0,0,0,0,0
2020-03-04,Amador,005,37829,0,0,0,0,0
2020-03-04,Butte,007,227075,0,0,0,0,0
2020-03-04,Calaveras,009,45235,0,0,0,0,0
2020-03-04,Colusa,011,21464,0,0,0,0,0
2020-03-04,Contra Costa,013,1133247,34,1,0,1,0
2020-03-04,Del Norte,015,27424,0,0,0,0,0
2020-03-04,El Dorado,017,186661,1,0,0,0,0
2020-03-04,Fresno,019,978130,3,0,1,1,0
2020-03-04,Glenn,021,27897,0,0,0,0,0
2020-03-04,Humboldt,023,135768,1,1,0,1,0
2020-03-04,Imperial,025,180216,2,0,0,0,0
2020-03-04,Inyo,027,18085,0,0,0,0,0
2020-03-04,Kern,029,883053,6,0,0,0,0
2020-03-04,Kings,031,150075,0,0,0,0,0
2020-03-04,Lake,033,64148,0,0,0,0,0
2020-03-04,Lassen,035,31185,0,0,0,0,0
2020-03-04,Los Angeles,037,10098052,191,7,6,13,0
2020-03-04,Madera,039,155013,5,0,0,0,0
2020-03-04,Marin,041,260295,10,0,0,0,0
2020-03-04,Mariposa,043,17540,0,0,0,0,0
2020-03-04,Mendocino,045,87422,0,0,0,0,0
2020-03-04,Merced,047,269075,2,0,0,0,0
2020-03-04,Modoc,049,8938,0,0,0,0,0
2020-03-04,Mono,051,14174,1,0,0,0,0
2020-03-04,Monterey,053,433212,3,0,0,0,0
2020-03-04,Napa,055,140530,1,0,0,0,0
2020-03-04,Nevada,057,99092,0,0,1,1,0
2020-03-04,Orange,059,3164182,77,3,0,3,0
2020-03-04,Placer,061,380077,9,2,0,2,1
2020-03-04,Plumas,063,18699,0,0,0,0,0
2020-03-04,Riverside,065,2383286,23,0,1,1,0
2020-03-04,Sacramento,067,1510023,32,1,0,1,0
2020-03-04,San Benito,069,59416,1,2,0,2,0
2020-03-04,San Bernardino,071,2135413,31,0,0,0,0
2020-03-04,San Diego,073,3302833,39,2,0,2,0
2020-03-04,San Francisco,075,870044,26,0,0,0,0
2020-03-04,San Joaquin,077,732212,9,0,3,3,0
2020-03-04,San Luis Obispo,079,281455,4,0,0,0,0
2020-03-04,San Mateo,081,765935,60,1,0,1,0
2020-03-04,Santa Barbara,083,443738,2,0,0,0,0
2020-03-04,Santa Clara,085,1922200,147,12,1,13,0
2020-03-04,Santa Cruz,087,273765,13,0,0,0,0
2020-03-04,Shasta,089,179085,2,0,0,0,0
2020-03-04,Sierra,091,2930,0,0,0,0,0
2020-03-04,Siskiyou,093,43540,0,0,0,0,0
2020-03-04,Solano,095,438530,21,24,0,24,0
2020-03-04,Sonoma,097,501317,11,2,0,2,0
2020-03-04,Stanislaus,099,539301,4,0,2,2,0
2020-03-04,Sutter,101,95872,0,0,0,0,0
2020-03-04,Tehama,103,63373,0,0,0,0,0
2020-03-04,Trinity,105,12862,0,0,0,0,0
2020-03-04,Tulare,107,460477,6,0,0,0,0
2020-03-04,Tuolumne,109,53932,0,0,0,0,0
2020-03-04,Ventura,111,848112,12,0,0,0,0
2020-03-04,Yolo,113,214977,2,0,0,0,0
2020-03-04,Yuba,115,75493,0,0,0,0,0
2020-03-03,Alameda,001,1643700,25,2,0,2,0
2020-03-03,Alpine,003,1148,0,0,0,0,0
2020-03-03,Amador,005,37829,0,0,0,0,0
2020-03-03,Butte,007,227075,0,0,0,0,0
2020-03-03,Calaveras,009,45235,0,0,0,0,0
2020-03-03,Colusa,011,21464,0,0,0,0,0
2020-03-03,Contra Costa,013,1133247,30,0,0,0,0
2020-03-03,Del Norte,015,27424,0,0,0,0,0
2020-03-03,El Dorado,017,186661,1,0,0,0,0
2020-03-03,Fresno,019,978130,2,0,1,1,0
2020-03-03,Glenn,021,27897,0,0,0,0,0
2020-03-03,Humboldt,023,135768,1,1,0,1,0
2020-03-03,Imperial,025,180216,2,0,0,0,0
2020-03-03,Inyo,027,18085,0,0,0,0,0
2020-03-03,Kern,029,883053,4,0,0,0,0
2020-03-03,Kings,031,150075,0,0,0,0,0
2020-03-03,Lake,033,64148,0,0,0,0,0
2020-03-03,Lassen,035,31185,0,0,0,0,0
2020-03-03,Los Angeles,037,10098052,172,5,6,11,0
2020-03-03,Madera,039,155013,4,0,0,0,0
2020-03-03,Marin,041,260295,6,0,0,0,0
2020-03-03,Mariposa,043,17540,0,0,0,0,0
2020-03-03,Mendocino,045,87422,0,0,0,0,0
2020-03-03,Merced,047,269075,2,0,0,0,0
2020-03-03,Modoc,049,8938,0,0,0,0,0
2020-03-03,Mono,051,14174,1,0,0,0,0
2020-03-03,Monterey,053,433212,2,0,0,0,0
2020-03-03,Napa,055,140530,1,0,0,0,0
2020-03-03,Nevada,057,99092,0,0,1,1,0
2020-03-03,Orange,059,3164182,69,1,0,1,0
2020-03-03,Placer,061,380077,8,2,0,2,0
2020-03-03,Plumas,063,18699,0,0,0,0,0
2020-03-03,Riverside,065,2383286,20,0,1,1,0
2020-03-03,Sacramento,067,1510023,31,1,0,1,0
2020-03-03,San Benito,069,59416,1,2,0,2,0
2020-03-03,San Bernardino,071,2135413,28,0,0,0,0
2020-03-03,San Diego,073,3302833,32,2,0,2,0
2020-03-03,San Francisco,075,870044,24,0,0,0,0
2020-03-03,San Joaquin,077,732212,8,0,3,3,0
2020-03-03,San Luis Obispo,079,281455,2,0,0,0,0
2020-03-03,San Mateo,081,765935,53,1,0,1,0
2020-03-03,Santa Barbara,083,443738,1,0,0,0,0
2020-03-03,Santa Clara,085,1922200,132,11,1,12,0
2020-03-03,Santa Cruz,087,273765,10,0,0,0,0
2020-03-03,Shasta,089,179085,2,0,0,0,0
2020-03-03,Sierra,091,2930,0,0,0,0,0
2020-03-03,Siskiyou,093,43540,0,0,0,0,0
2020-03-03,Solano,095,438530,20,24,0,24,0
2020-03-03,Sonoma,097,501317,11,1,0,1,0
2020-03-03,Stanislaus,099,539301,4,0,2,2,0
2020-03-03,Sutter,101,95872,0,0,0,0,0
2020-03-03,Tehama,103,63373,0,0,0,0,0
2020-03-03,Trinity,105,12862,0,0,0,0,0
2020-03-03,Tulare,107,460477,6,0,0,0,0
2020-03-03,Tuolumne,109,53932,0,0,0,0,0
2020-03-03,Ventura,111,848112,11,0,0,0,0
2020-03-03,Yolo,113,214977,1,0,0,0,0
2020-03-03,Yuba,115,75493,0,0,0,0,0
2020-03-02,Alameda,001,1643700,22,1,0,1,0
2020-03-02,Alpine,003,1148,0,0,0,0,0
2020-03-02,Amador,005,37829,0,0,0,0,0
2020-03-02,Butte,007,227075,0,0,0,0,0
2020-03-02,Calaveras,009,45235,0,0,0,0,0
2020-03-02,Colusa,011,21464,0,0,0,0,0
2020-03-02,Contra Costa,013,1133247,27,0,0,0,0
2020-03-02,Del Norte,015,27424,0,0,0,0,0
2020-03-02,El Dorado,017,186661,1,0,0,0,0
2020-03-02,Fresno,019,978130,2,0,1,1,0
2020-03-02,Glenn,021,27897,0,0,0,0,0
2020-03-02,Humboldt,023,135768,1,1,0,1,0
2020-03-02,Imperial,025,180216,2,0,0,0,0
2020-03-02,Inyo,027,18085,0,0,0,0,0
2020-03-02,Kern,029,883053,4,0,0,0,0
2020-03-02,Kings,031,150075,0,0,0,0,0
2020-03-02,Lake,033,64148,0,0,0,0,0
2020-03-02,Lassen,035,31185,0,0,0,0,0
2020-03-02,Los Angeles,037,10098052,157,1,6,7,0
2020-03-02,Madera,039,155013,4,0,0,0,0
2020-03-02,Marin,041,260295,6,0,0,0,0
2020-03-02,Mariposa,043,17540,0,0,0,0,0
2020-03-02,Mendocino,045,87422,0,0,0,0,0
2020-03-02,Merced,047,269075,1,0,0,0,0
2020-03-02,Modoc,049,8938,0,0,0,0,0
2020-03-02,Mono,051,14174,1,0,0,0,0
2020-03-02,Monterey,053,433212,2,0,0,0,0
2020-03-02,Napa,055,140530,1,0,0,0,0
2020-03-02,Nevada,057,99092,0,0,1,1,0
2020-03-02,Orange,059,3164182,64,1,0,1,0
2020-03-02,Placer,061,380077,8,1,0,1,0
2020-03-02,Plumas,063,18699,0,0,0,0,0
2020-03-02,Riverside,065,2383286,19,0,1,1,0
2020-03-02,Sacramento,067,1510023,25,1,0,1,0
2020-03-02,San Benito,069,59416,1,2,0,2,0
2020-03-02,San Bernardino,071,2135413,28,0,0,0,0
2020-03-02,San Diego,073,3302833,26,2,0,2,0
2020-03-02,San Francisco,075,870044,17,0,0,0,0
2020-03-02,San Joaquin,077,732212,7,0,3,3,0
2020-03-02,San Luis Obispo,079,281455,2,0,0,0,0
2020-03-02,San Mateo,081,765935,44,1,0,1,0
2020-03-02,Santa Barbara,083,443738,1,0,0,0,0
2020-03-02,Santa Clara,085,1922200,110,7,1,8,0
2020-03-02,Santa Cruz,087,273765,9,0,0,0,0
2020-03-02,Shasta,089,179085,2,0,0,0,0
2020-03-02,Sierra,091,2930,0,0,0,0,0
2020-03-02,Siskiyou,093,43540,0,0,0,0,0
2020-03-02,Solano,095,438530,19,24,0,24,0
2020-03-02,Sonoma,097,501317,10,1,0,1,0
2020-03-02,Stanislaus,099,539301,2,0,2,2,0
2020-03-02,Sutter,101,95872,0,0,0,0,0
2020-03-02,Tehama,103,63373,0,0,0,0,0
2020-03-02,Trinity,105,12862,0,0,0,0,0
2020-03-02,Tulare,107,460477,6,0,0,0,0
2020-03-02,Tuolumne,109,53932,0,0,0,0,0
2020-03-02,Ventura,111,848112,10,0,0,0,0
2020-03-02,Yolo,113,214977,1,0,0,0,0
2020-03-02,Yuba,115,75493,0,0,0,0,0
2020-03-01,Alameda,001,1643700,21,1,0,1,0
2020-03-01,Alpine,003,1148,0,0,0,0,0
2020-03-01,Amador,005,37829,0,0,0,0,0
2020-03-01,Butte,007,227075,0,0,0,0,0
2020-03-01,Calaveras,009,45235,0,0,0,0,0
2020-03-01,Colusa,011,21464,0,0,0,0,0
2020-03-01,Contra Costa,013,1133247,24,0,0,0,0
2020-03-01,Del Norte,015,27424,0,0,0,0,0
2020-03-01,El Dorado,017,186661,1,0,0,0,0
2020-03-01,Fresno,019,978130,1,0,1,1,0
2020-03-01,Glenn,021,27897,0,0,0,0,0
2020-03-01,Humboldt,023,135768,1,1,0,1,0
2020-03-01,Imperial,025,180216,2,0,0,0,0
2020-03-01,Inyo,027,18085,0,0,0,0,0
2020-03-01,Kern,029,883053,2,0,0,0,0
2020-03-01,Kings,031,150075,0,0,0,0,0
2020-03-01,Lake,033,64148,0,0,0,0,0
2020-03-01,Lassen,035,31185,0,0,0,0,0
2020-03-01,Los Angeles,037,10098052,138,1,6,7,0
2020-03-01,Madera,039,155013,2,0,0,0,0
2020-03-01,Marin,041,260295,5,0,0,0,0
2020-03-01,Mariposa,043,17540,0,0,0,0,0
2020-03-01,Mendocino,045,87422,0,0,0,0,0
2020-03-01,Merced,047,269075,1,0,0,0,0
2020-03-01,Modoc,049,8938,0,0,0,0,0
2020-03-01,Mono,051,14174,1,0,0,0,0
2020-03-01,Monterey,053,433212,1,0,0,0,0
2020-03-01,Napa,055,140530,1,0,0,0,0
2020-03-01,Nevada,057,99092,0,0,1,1,0
2020-03-01,Orange,059,3164182,61,1,0,1,0
2020-03-01,Placer,061,380077,8,0,0,0,0
2020-03-01,Plumas,063,18699,0,0,0,0,0
2020-03-01,Riverside,065,2383286,18,0,1,1,0
2020-03-01,Sacramento,067,1510023,21,1,0,1,0
2020-03-01,San Benito,069,59416,0,2,0,2,0
2020-03-01,San Bernardino,071,2135413,27,0,0,0,0
2020-03-01,San Diego,073,3302833,19,2,0,2,0
2020-03-01,San Francisco,075,870044,13,0,0,0,0
2020-03-01,San Joaquin,077,732212,7,0,3,3,0
2020-03-01,San Luis Obispo,079,281455,2,0,0,0,0
2020-03-01,San Mateo,081,765935,36,0,0,0,0
2020-03-01,Santa Barbara,083,443738,1,0,0,0,0
2020-03-01,Santa Clara,085,1922200,97,6,1,7,0
2020-03-01,Santa Cruz,087,273765,8,0,0,0,0
2020-03-01,Shasta,089,179085,2,0,0,0,0
2020-03-01,Sierra,091,2930,0,0,0,0,0
2020-03-01,Siskiyou,093,43540,0,0,0,0,0
2020-03-01,Solano,095,438530,19,24,0,24,0
2020-03-01,Sonoma,097,501317,9,0,0,0,0
2020-03-01,Stanislaus,099,539301,2,0,2,2,0
2020-03-01,Sutter,101,95872,0,0,0,0,0
2020-03-01,Tehama,103,63373,0,0,0,0,0
2020-03-01,Trinity,105,12862,0,0,0,0,0
2020-03-01,Tulare,107,460477,6,0,0,0,0
2020-03-01,Tuolumne,109,53932,0,0,0,0,0
2020-03-01,Ventura,111,848112,8,0,0,0,0
2020-03-01,Yolo,113,214977,1,0,0,0,0
2020-03-01,Yuba,115,75493,0,0,0,0,0
2020-02-29,Alameda,001,1643700,17,0,0,0,0
2020-02-29,Alpine,003,1148,0,0,0,0,0
2020-02-29,Amador,005,37829,0,0,0,0,0
2020-02-29,Butte,007,227075,0,0,0,0,0
2020-02-29,Calaveras,009,45235,0,0,0,0,0
2020-02-29,Colusa,011,21464,0,0,0,0,0
2020-02-29,Contra Costa,013,1133247,20,0,0,0,0
2020-02-29,Del Norte,015,27424,0,0,0,0,0
2020-02-29,El Dorado,017,186661,1,0,0,0,0
2020-02-29,Fresno,019,978130,1,0,0,0,0
2020-02-29,Glenn,021,27897,0,0,0,0,0
2020-02-29,Humboldt,023,135768,1,1,0,1,0
2020-02-29,Imperial,025,180216,1,0,0,0,0
2020-02-29,Inyo,027,18085,0,0,0,0,0
2020-02-29,Kern,029,883053,2,0,0,0,0
2020-02-29,Kings,031,150075,0,0,0,0,0
2020-02-29,Lake,033,64148,0,0,0,0,0
2020-02-29,Lassen,035,31185,0,0,0,0,0
2020-02-29,Los Angeles,037,10098052,110,1,6,7,0
2020-02-29,Madera,039,155013,2,0,0,0,0
2020-02-29,Marin,041,260295,4,0,0,0,0
2020-02-29,Mariposa,043,17540,0,0,0,0,0
2020-02-29,Mendocino,045,87422,0,0,0,0,0
2020-02-29,Merced,047,269075,1,0,0,0,0
2020-02-29,Modoc,049,8938,0,0,0,0,0
2020-02-29,Mono,051,14174,1,0,0,0,0
2020-02-29,Monterey,053,433212,1,0,0,0,0
2020-02-29,Napa,055,140530,1,0,0,0,0
2020-02-29,Nevada,057,99092,0,0,1,1,0
2020-02-29,Orange,059,3164182,56,1,0,1,0
2020-02-29,Placer,061,380077,7,0,0,0,0
2020-02-29,Plumas,063,18699,0,0,0,0,0
2020-02-29,Riverside,065,2383286,15,0,1,1,0
2020-02-29,Sacramento,067,1510023,16,1,0,1,0
2020-02-29,San Benito,069,59416,0,2,0,2,0
2020-02-29,San Bernardino,071,2135413,25,0,0,0,0
2020-02-29,San Diego,073,3302833,14,2,0,2,0
2020-02-29,San Francisco,075,870044,12,0,0,0,0
2020-02-29,San Joaquin,077,732212,6,0,3,3,0
2020-02-29,San Luis Obispo,079,281455,2,0,0,0,0
2020-02-29,San Mateo,081,765935,29,0,0,0,0
2020-02-29,Santa Barbara,083,443738,0,0,0,0,0
2020-02-29,Santa Clara,085,1922200,75,3,1,4,0
2020-02-29,Santa Cruz,087,273765,8,0,0,0,0
2020-02-29,Shasta,089,179085,2,0,0,0,0
2020-02-29,Sierra,091,2930,0,0,0,0,0
2020-02-29,Siskiyou,093,43540,0,0,0,0,0
2020-02-29,Solano,095,438530,18,23,0,23,0
2020-02-29,Sonoma,097,501317,6,0,0,0,0
2020-02-29,Stanislaus,099,539301,2,0,2,2,0
2020-02-29,Sutter,101,95872,0,0,0,0,0
2020-02-29,Tehama,103,63373,0,0,0,0,0
2020-02-29,Trinity,105,12862,0,0,0,0,0
2020-02-29,Tulare,107,460477,4,0,0,0,0
2020-02-29,Tuolumne,109,53932,0,0,0,0,0
2020-02-29,Ventura,111,848112,6,0,0,0,0
2020-02-29,Yolo,113,214977,1,0,0,0,0
2020-02-29,Yuba,115,75493,0,0,0,0,0
2020-02-28,Alameda,001,1643700,15,0,0,0,0
2020-02-28,Alpine,003,1148,0,0,0,0,0
2020-02-28,Amador,005,37829,0,0,0,0,0
2020-02-28,Butte,007,227075,0,0,0,0,0
2020-02-28,Calaveras,009,45235,0,0,0,0,0
2020-02-28,Colusa,011,21464,0,0,0,0,0
2020-02-28,Contra Costa,013,1133247,20,0,0,0,0
2020-02-28,Del Norte,015,27424,0,0,0,0,0
2020-02-28,El Dorado,017,186661,0,0,0,0,0
2020-02-28,Fresno,019,978130,1,0,0,0,0
2020-02-28,Glenn,021,27897,0,0,0,0,0
2020-02-28,Humboldt,023,135768,1,1,0,1,0
2020-02-28,Imperial,025,180216,1,0,0,0,0
2020-02-28,Inyo,027,18085,0,0,0,0,0
2020-02-28,Kern,029,883053,2,0,0,0,0
2020-02-28,Kings,031,150075,0,0,0,0,0
2020-02-28,Lake,033,64148,0,0,0,0,0
2020-02-28,Lassen,035,31185,0,0,0,0,0
2020-02-28,Los Angeles,037,10098052,102,1,6,7,0
2020-02-28,Madera,039,155013,2,0,0,0,0
2020-02-28,Marin,041,260295,2,0,0,0,0
2020-02-28,Mariposa,043,17540,0,0,0,0,0
2020-02-28,Mendocino,045,87422,0,0,0,0,0
2020-02-28,Merced,047,269075,1,0,0,0,0
2020-02-28,Modoc,049,8938,0,0,0,0,0
2020-02-28,Mono,051,14174,0,0,0,0,0
2020-02-28,Monterey,053,433212,1,0,0,0,0
2020-02-28,Napa,055,140530,1,0,0,0,0
2020-02-28,Nevada,057,99092,0,0,1,1,0
2020-02-28,Orange,059,3164182,54,1,0,1,0
2020-02-28,Placer,061,380077,7,0,0,0,0
2020-02-28,Plumas,063,18699,0,0,0,0,0
2020-02-28,Riverside,065,2383286,13,0,1,1,0
2020-02-28,Sacramento,067,1510023,10,1,0,1,0
2020-02-28,San Benito,069,59416,0,2,0,2,0
2020-02-28,San Bernardino,071,2135413,25,0,0,0,0
2020-02-28,San Diego,073,3302833,11,2,0,2,0
2020-02-28,San Francisco,075,870044,10,0,0,0,0
2020-02-28,San Joaquin,077,732212,6,0,3,3,0
2020-02-28,San Luis Obispo,079,281455,2,0,0,0,0
2020-02-28,San Mateo,081,765935,24,0,0,0,0
2020-02-28,Santa Barbara,083,443738,0,0,0,0,0
2020-02-28,Santa Clara,085,1922200,70,3,1,4,0
2020-02-28,Santa Cruz,087,273765,8,0,0,0,0
2020-02-28,Shasta,089,179085,2,0,0,0,0
2020-02-28,Sierra,091,2930,0,0,0,0,0
2020-02-28,Siskiyou,093,43540,0,0,0,0,0
2020-02-28,Solano,095,438530,17,23,0,23,0
2020-02-28,Sonoma,097,501317,6,0,0,0,0
2020-02-28,Stanislaus,099,539301,2,0,2,2,0
2020-02-28,Sutter,101,95872,0,0,0,0,0
2020-02-28,Tehama,103,63373,0,0,0,0,0
2020-02-28,Trinity,105,12862,0,0,0,0,0
2020-02-28,Tulare,107,460477,3,0,0,0,0
2020-02-28,Tuolumne,109,53932,0,0,0,0,0
2020-02-28,Ventura,111,848112,6,0,0,0,0
2020-02-28,Yolo,113,214977,1,0,0,0,0
2020-02-28,Yuba,115,75493,0,0,0,0,0
2020-02-27,Alameda,001,1643700,14,0,0,0,0
2020-02-27,Alpine,003,1148,0,0,0,0,0
2020-02-27,Amador,005,37829,0,0,0,0,0
2020-02-27,Butte,007,227075,0,0,0,0,0
2020-02-27,Calaveras,009,45235,0,0,0,0,0
2020-02-27,Colusa,011,21464,0,0,0,0,0
2020-02-27,Contra Costa,013,1133247,14,0,0,0,0
2020-02-27,Del Norte,015,27424,0,0,0,0,0
2020-02-27,El Dorado,017,186661,0,0,0,0,0
2020-02-27,Fresno,019,978130,1,0,0,0,0
2020-02-27,Glenn,021,27897,0,0,0,0,0
2020-02-27,Humboldt,023,135768,1,1,0,1,0
2020-02-27,Imperial,025,180216,1,0,0,0,0
2020-02-27,Inyo,027,18085,0,0,0,0,0
2020-02-27,Kern,029,883053,2,0,0,0,0
2020-02-27,Kings,031,150075,0,0,0,0,0
2020-02-27,Lake,033,64148,0,0,0,0,0
2020-02-27,Lassen,035,31185,0,0,0,0,0
2020-02-27,Los Angeles,037,10098052,94,1,6,7,0
2020-02-27,Madera,039,155013,2,0,0,0,0
2020-02-27,Marin,041,260295,1,0,0,0,0
2020-02-27,Mariposa,043,17540,0,0,0,0,0
2020-02-27,Mendocino,045,87422,0,0,0,0,0
2020-02-27,Merced,047,269075,1,0,0,0,0
2020-02-27,Modoc,049,8938,0,0,0,0,0
2020-02-27,Mono,051,14174,0,0,0,0,0
2020-02-27,Monterey,053,433212,1,0,0,0,0
2020-02-27,Napa,055,140530,1,0,0,0,0
2020-02-27,Nevada,057,99092,0,0,1,1,0
2020-02-27,Orange,059,3164182,48,1,0,1,0
2020-02-27,Placer,061,380077,6,0,0,0,0
2020-02-27,Plumas,063,18699,0,0,0,0,0
2020-02-27,Riverside,065,2383286,12,0,1,1,0
2020-02-27,Sacramento,067,1510023,10,1,0,1,0
2020-02-27,San Benito,069,59416,0,2,0,2,0
2020-02-27,San Bernardino,071,2135413,25,0,0,0,0
2020-02-27,San Diego,073,3302833,10,2,0,2,0
2020-02-27,San Francisco,075,870044,9,0,0,0,0
2020-02-27,San Joaquin,077,732212,5,0,3,3,0
2020-02-27,San Luis Obispo,079,281455,2,0,0,0,0
2020-02-27,San Mateo,081,765935,20,0,0,0,0
2020-02-27,Santa Barbara,083,443738,0,0,0,0,0
2020-02-27,Santa Clara,085,1922200,59,2,1,3,0
2020-02-27,Santa Cruz,087,273765,6,0,0,0,0
2020-02-27,Shasta,089,179085,0,0,0,0,0
2020-02-27,Sierra,091,2930,0,0,0,0,0
2020-02-27,Siskiyou,093,43540,0,0,0,0,0
2020-02-27,Solano,095,438530,17,23,0,23,0
2020-02-27,Sonoma,097,501317,5,0,0,0,0
2020-02-27,Stanislaus,099,539301,2,0,2,2,0
2020-02-27,Sutter,101,95872,0,0,0,0,0
2020-02-27,Tehama,103,63373,0,0,0,0,0
2020-02-27,Trinity,105,12862,0,0,0,0,0
2020-02-27,Tulare,107,460477,3,0,0,0,0
2020-02-27,Tuolumne,109,53932,0,0,0,0,0
2020-02-27,Ventura,111,848112,4,0,0,0,0
2020-02-27,Yolo,113,214977,1,0,0,0,0
2020-02-27,Yuba,115,75493,0,0,0,0,0
2020-02-26,Alameda,001,1643700,14,0,0,0,0
2020-02-26,Alpine,003,1148,0,0,0,0,0
2020-02-26,Amador,005,37829,0,0,0,0,0
2020-02-26,Butte,007,227075,0,0,0,0,0
2020-02-26,Calaveras,009,45235,0,0,0,0,0
2020-02-26,Colusa,011,21464,0,0,0,0,0
2020-02-26,Contra Costa,013,1133247,13,0,0,0,0
2020-02-26,Del Norte,015,27424,0,0,0,0,0
2020-02-26,El Dorado,017,186661,0,0,0,0,0
2020-02-26,Fresno,019,978130,1,0,0,0,0
2020-02-26,Glenn,021,27897,0,0,0,0,0
2020-02-26,Humboldt,023,135768,1,1,0,1,0
2020-02-26,Imperial,025,180216,1,0,0,0,0
2020-02-26,Inyo,027,18085,0,0,0,0,0
2020-02-26,Kern,029,883053,2,0,0,0,0
2020-02-26,Kings,031,150075,0,0,0,0,0
2020-02-26,Lake,033,64148,0,0,0,0,0
2020-02-26,Lassen,035,31185,0,0,0,0,0
2020-02-26,Los Angeles,037,10098052,88,1,6,7,0
2020-02-26,Madera,039,155013,2,0,0,0,0
2020-02-26,Marin,041,260295,1,0,0,0,0
2020-02-26,Mariposa,043,17540,0,0,0,0,0
2020-02-26,Mendocino,045,87422,0,0,0,0,0
2020-02-26,Merced,047,269075,1,0,0,0,0
2020-02-26,Modoc,049,8938,0,0,0,0,0
2020-02-26,Mono,051,14174,0,0,0,0,0
2020-02-26,Monterey,053,433212,1,0,0,0,0
2020-02-26,Napa,055,140530,0,0,0,0,0
2020-02-26,Nevada,057,99092,0,0,1,1,0
2020-02-26,Orange,059,3164182,47,1,0,1,0
2020-02-26,Placer,061,380077,5,0,0,0,0
2020-02-26,Plumas,063,18699,0,0,0,0,0
2020-02-26,Riverside,065,2383286,10,0,1,1,0
2020-02-26,Sacramento,067,1510023,10,1,0,1,0
2020-02-26,San Benito,069,59416,0,2,0,2,0
2020-02-26,San Bernardino,071,2135413,23,0,0,0,0
2020-02-26,San Diego,073,3302833,9,2,0,2,0
2020-02-26,San Francisco,075,870044,9,0,0,0,0
2020-02-26,San Joaquin,077,732212,5,0,3,3,0
2020-02-26,San Luis Obispo,079,281455,2,0,0,0,0
2020-02-26,San Mateo,081,765935,18,0,0,0,0
2020-02-26,Santa Barbara,083,443738,0,0,0,0,0
2020-02-26,Santa Clara,085,1922200,50,2,1,3,0
2020-02-26,Santa Cruz,087,273765,6,0,0,0,0
2020-02-26,Shasta,089,179085,0,0,0,0,0
2020-02-26,Sierra,091,2930,0,0,0,0,0
2020-02-26,Siskiyou,093,43540,0,0,0,0,0
2020-02-26,Solano,095,438530,17,23,0,23,0
2020-02-26,Sonoma,097,501317,5,0,0,0,0
2020-02-26,Stanislaus,099,539301,2,0,2,2,0
2020-02-26,Sutter,101,95872,0,0,0,0,0
2020-02-26,Tehama,103,63373,0,0,0,0,0
2020-02-26,Trinity,105,12862,0,0,0,0,0
2020-02-26,Tulare,107,460477,3,0,0,0,0
2020-02-26,Tuolumne,109,53932,0,0,0,0,0
2020-02-26,Ventura,111,848112,4,0,0,0,0
2020-02-26,Yolo,113,214977,1,0,0,0,0
2020-02-26,Yuba,115,75493,0,0,0,0,0
2020-02-25,Alameda,001,1643700,14,0,0,0,0
2020-02-25,Alpine,003,1148,0,0,0,0,0
2020-02-25,Amador,005,37829,0,0,0,0,0
2020-02-25,Butte,007,227075,0,0,0,0,0
2020-02-25,Calaveras,009,45235,0,0,0,0,0
2020-02-25,Colusa,011,21464,0,0,0,0,0
2020-02-25,Contra Costa,013,1133247,11,0,0,0,0
2020-02-25,Del Norte,015,27424,0,0,0,0,0
2020-02-25,El Dorado,017,186661,0,0,0,0,0
2020-02-25,Fresno,019,978130,1,0,0,0,0
2020-02-25,Glenn,021,27897,0,0,0,0,0
2020-02-25,Humboldt,023,135768,1,1,0,1,0
2020-02-25,Imperial,025,180216,1,0,0,0,0
2020-02-25,Inyo,027,18085,0,0,0,0,0
2020-02-25,Kern,029,883053,2,0,0,0,0
2020-02-25,Kings,031,150075,0,0,0,0,0
2020-02-25,Lake,033,64148,0,0,0,0,0
2020-02-25,Lassen,035,31185,0,0,0,0,0
2020-02-25,Los Angeles,037,10098052,76,1,6,7,0
2020-02-25,Madera,039,155013,2,0,0,0,0
2020-02-25,Marin,041,260295,1,0,0,0,0
2020-02-25,Mariposa,043,17540,0,0,0,0,0
2020-02-25,Mendocino,045,87422,0,0,0,0,0
2020-02-25,Merced,047,269075,0,0,0,0,0
2020-02-25,Modoc,049,8938,0,0,0,0,0
2020-02-25,Mono,051,14174,0,0,0,0,0
2020-02-25,Monterey,053,433212,1,0,0,0,0
2020-02-25,Napa,055,140530,0,0,0,0,0
2020-02-25,Nevada,057,99092,0,0,1,1,0
2020-02-25,Orange,059,3164182,46,1,0,1,0
2020-02-25,Placer,061,380077,5,0,0,0,0
2020-02-25,Plumas,063,18699,0,0,0,0,0
2020-02-25,Riverside,065,2383286,10,0,1,1,0
2020-02-25,Sacramento,067,1510023,8,1,0,1,0
2020-02-25,San Benito,069,59416,0,2,0,2,0
2020-02-25,San Bernardino,071,2135413,21,0,0,0,0
2020-02-25,San Diego,073,3302833,5,2,0,2,0
2020-02-25,San Francisco,075,870044,7,0,0,0,0
2020-02-25,San Joaquin,077,732212,5,0,2,2,0
2020-02-25,San Luis Obispo,079,281455,2,0,0,0,0
2020-02-25,San Mateo,081,765935,17,0,0,0,0
2020-02-25,Santa Barbara,083,443738,0,0,0,0,0
2020-02-25,Santa Clara,085,1922200,40,2,1,3,0
2020-02-25,Santa Cruz,087,273765,5,0,0,0,0
2020-02-25,Shasta,089,179085,0,0,0,0,0
2020-02-25,Sierra,091,2930,0,0,0,0,0
2020-02-25,Siskiyou,093,43540,0,0,0,0,0
2020-02-25,Solano,095,438530,16,21,0,21,0
2020-02-25,Sonoma,097,501317,5,0,0,0,0
2020-02-25,Stanislaus,099,539301,2,0,2,2,0
2020-02-25,Sutter,101,95872,0,0,0,0,0
2020-02-25,Tehama,103,63373,0,0,0,0,0
2020-02-25,Trinity,105,12862,0,0,0,0,0
2020-02-25,Tulare,107,460477,3,0,0,0,0
2020-02-25,Tuolumne,109,53932,0,0,0,0,0
2020-02-25,Ventura,111,848112,4,0,0,0,0
2020-02-25,Yolo,113,214977,1,0,0,0,0
2020-02-25,Yuba,115,75493,0,0,0,0,0
2020-02-24,Alameda,001,1643700,14,0,0,0,0
2020-02-24,Alpine,003,1148,0,0,0,0,0
2020-02-24,Amador,005,37829,0,0,0,0,0
2020-02-24,Butte,007,227075,0,0,0,0,0
2020-02-24,Calaveras,009,45235,0,0,0,0,0
2020-02-24,Colusa,011,21464,0,0,0,0,0
2020-02-24,Contra Costa,013,1133247,9,0,0,0,0
2020-02-24,Del Norte,015,27424,0,0,0,0,0
2020-02-24,El Dorado,017,186661,0,0,0,0,0
2020-02-24,Fresno,019,978130,1,0,0,0,0
2020-02-24,Glenn,021,27897,0,0,0,0,0
2020-02-24,Humboldt,023,135768,1,1,0,1,0
2020-02-24,Imperial,025,180216,1,0,0,0,0
2020-02-24,Inyo,027,18085,0,0,0,0,0
2020-02-24,Kern,029,883053,2,0,0,0,0
2020-02-24,Kings,031,150075,0,0,0,0,0
2020-02-24,Lake,033,64148,0,0,0,0,0
2020-02-24,Lassen,035,31185,0,0,0,0,0
2020-02-24,Los Angeles,037,10098052,70,1,6,7,0
2020-02-24,Madera,039,155013,1,0,0,0,0
2020-02-24,Marin,041,260295,1,0,0,0,0
2020-02-24,Mariposa,043,17540,0,0,0,0,0
2020-02-24,Mendocino,045,87422,0,0,0,0,0
2020-02-24,Merced,047,269075,0,0,0,0,0
2020-02-24,Modoc,049,8938,0,0,0,0,0
2020-02-24,Mono,051,14174,0,0,0,0,0
2020-02-24,Monterey,053,433212,1,0,0,0,0
2020-02-24,Napa,055,140530,0,0,0,0,0
2020-02-24,Nevada,057,99092,0,0,1,1,0
2020-02-24,Orange,059,3164182,44,1,0,1,0
2020-02-24,Placer,061,380077,3,0,0,0,0
2020-02-24,Plumas,063,18699,0,0,0,0,0
2020-02-24,Riverside,065,2383286,9,0,1,1,0
2020-02-24,Sacramento,067,1510023,7,1,0,1,0
2020-02-24,San Benito,069,59416,0,2,0,2,0
2020-02-24,San Bernardino,071,2135413,21,0,0,0,0
2020-02-24,San Diego,073,3302833,5,2,0,2,0
2020-02-24,San Francisco,075,870044,6,0,0,0,0
2020-02-24,San Joaquin,077,732212,5,0,1,1,0
2020-02-24,San Luis Obispo,079,281455,2,0,0,0,0
2020-02-24,San Mateo,081,765935,13,0,0,0,0
2020-02-24,Santa Barbara,083,443738,0,0,0,0,0
2020-02-24,Santa Clara,085,1922200,38,2,1,3,0
2020-02-24,Santa Cruz,087,273765,5,0,0,0,0
2020-02-24,Shasta,089,179085,0,0,0,0,0
2020-02-24,Sierra,091,2930,0,0,0,0,0
2020-02-24,Siskiyou,093,43540,0,0,0,0,0
2020-02-24,Solano,095,438530,13,15,0,15,0
2020-02-24,Sonoma,097,501317,5,0,0,0,0
2020-02-24,Stanislaus,099,539301,2,0,2,2,0
2020-02-24,Sutter,101,95872,0,0,0,0,0
2020-02-24,Tehama,103,63373,0,0,0,0,0
2020-02-24,Trinity,105,12862,0,0,0,0,0
2020-02-24,Tulare,107,460477,3,0,0,0,0
2020-02-24,Tuolumne,109,53932,0,0,0,0,0
2020-02-24,Ventura,111,848112,4,0,0,0,0
2020-02-24,Yolo,113,214977,1,0,0,0,0
2020-02-24,Yuba,115,75493,0,0,0,0,0
2020-02-23,Alameda,001,1643700,12,0,0,0,0
2020-02-23,Alpine,003,1148,0,0,0,0,0
2020-02-23,Amador,005,37829,0,0,0,0,0
2020-02-23,Butte,007,227075,0,0,0,0,0
2020-02-23,Calaveras,009,45235,0,0,0,0,0
2020-02-23,Colusa,011,21464,0,0,0,0,0
2020-02-23,Contra Costa,013,1133247,6,0,0,0,0
2020-02-23,Del Norte,015,27424,0,0,0,0,0
2020-02-23,El Dorado,017,186661,0,0,0,0,0
2020-02-23,Fresno,019,978130,1,0,0,0,0
2020-02-23,Glenn,021,27897,0,0,0,0,0
2020-02-23,Humboldt,023,135768,1,1,0,1,0
2020-02-23,Imperial,025,180216,1,0,0,0,0
2020-02-23,Inyo,027,18085,0,0,0,0,0
2020-02-23,Kern,029,883053,2,0,0,0,0
2020-02-23,Kings,031,150075,0,0,0,0,0
2020-02-23,Lake,033,64148,0,0,0,0,0
2020-02-23,Lassen,035,31185,0,0,0,0,0
2020-02-23,Los Angeles,037,10098052,62,1,6,7,0
2020-02-23,Madera,039,155013,1,0,0,0,0
2020-02-23,Marin,041,260295,1,0,0,0,0
2020-02-23,Mariposa,043,17540,0,0,0,0,0
2020-02-23,Mendocino,045,87422,0,0,0,0,0
2020-02-23,Merced,047,269075,0,0,0,0,0
2020-02-23,Modoc,049,8938,0,0,0,0,0
2020-02-23,Mono,051,14174,0,0,0,0,0
2020-02-23,Monterey,053,433212,1,0,0,0,0
2020-02-23,Napa,055,140530,0,0,0,0,0
2020-02-23,Nevada,057,99092,0,0,1,1,0
2020-02-23,Orange,059,3164182,44,1,0,1,0
2020-02-23,Placer,061,380077,3,0,0,0,0
2020-02-23,Plumas,063,18699,0,0,0,0,0
2020-02-23,Riverside,065,2383286,9,0,0,0,0
2020-02-23,Sacramento,067,1510023,6,1,0,1,0
2020-02-23,San Benito,069,59416,0,2,0,2,0
2020-02-23,San Bernardino,071,2135413,20,0,0,0,0
2020-02-23,San Diego,073,3302833,4,2,0,2,0
2020-02-23,San Francisco,075,870044,5,0,0,0,0
2020-02-23,San Joaquin,077,732212,4,0,1,1,0
2020-02-23,San Luis Obispo,079,281455,2,0,0,0,0
2020-02-23,San Mateo,081,765935,10,0,0,0,0
2020-02-23,Santa Barbara,083,443738,0,0,0,0,0
2020-02-23,Santa Clara,085,1922200,26,2,1,3,0
2020-02-23,Santa Cruz,087,273765,2,0,0,0,0
2020-02-23,Shasta,089,179085,0,0,0,0,0
2020-02-23,Sierra,091,2930,0,0,0,0,0
2020-02-23,Siskiyou,093,43540,0,0,0,0,0
2020-02-23,Solano,095,438530,11,15,0,15,0
2020-02-23,Sonoma,097,501317,5,0,0,0,0
2020-02-23,Stanislaus,099,539301,2,0,2,2,0
2020-02-23,Sutter,101,95872,0,0,0,0,0
2020-02-23,Tehama,103,63373,0,0,0,0,0
2020-02-23,Trinity,105,12862,0,0,0,0,0
2020-02-23,Tulare,107,460477,2,0,0,0,0
2020-02-23,Tuolumne,109,53932,0,0,0,0,0
2020-02-23,Ventura,111,848112,4,0,0,0,0
2020-02-23,Yolo,113,214977,1,0,0,0,0
2020-02-23,Yuba,115,75493,0,0,0,0,0
2020-02-22,Alameda,001,1643700,11,0,0,0,0
2020-02-22,Alpine,003,1148,0,0,0,0,0
2020-02-22,Amador,005,37829,0,0,0,0,0
2020-02-22,Butte,007,227075,0,0,0,0,0
2020-02-22,Calaveras,009,45235,0,0,0,0,0
2020-02-22,Colusa,011,21464,0,0,0,0,0
2020-02-22,Contra Costa,013,1133247,5,0,0,0,0
2020-02-22,Del Norte,015,27424,0,0,0,0,0
2020-02-22,El Dorado,017,186661,0,0,0,0,0
2020-02-22,Fresno,019,978130,1,0,0,0,0
2020-02-22,Glenn,021,27897,0,0,0,0,0
2020-02-22,Humboldt,023,135768,1,1,0,1,0
2020-02-22,Imperial,025,180216,0,0,0,0,0
2020-02-22,Inyo,027,18085,0,0,0,0,0
2020-02-22,Kern,029,883053,2,0,0,0,0
2020-02-22,Kings,031,150075,0,0,0,0,0
2020-02-22,Lake,033,64148,0,0,0,0,0
2020-02-22,Lassen,035,31185,0,0,0,0,0
2020-02-22,Los Angeles,037,10098052,60,1,6,7,0
2020-02-22,Madera,039,155013,0,0,0,0,0
2020-02-22,Marin,041,260295,1,0,0,0,0
2020-02-22,Mariposa,043,17540,0,0,0,0,0
2020-02-22,Mendocino,045,87422,0,0,0,0,0
2020-02-22,Merced,047,269075,0,0,0,0,0
2020-02-22,Modoc,049,8938,0,0,0,0,0
2020-02-22,Mono,051,14174,0,0,0,0,0
2020-02-22,Monterey,053,433212,1,0,0,0,0
2020-02-22,Napa,055,140530,0,0,0,0,0
2020-02-22,Nevada,057,99092,0,0,1,1,0
2020-02-22,Orange,059,3164182,43,1,0,1,0
2020-02-22,Placer,061,380077,3,0,0,0,0
2020-02-22,Plumas,063,18699,0,0,0,0,0
2020-02-22,Riverside,065,2383286,9,0,0,0,0
2020-02-22,Sacramento,067,1510023,6,1,0,1,0
2020-02-22,San Benito,069,59416,0,2,0,2,0
2020-02-22,San Bernardino,071,2135413,18,0,0,0,0
2020-02-22,San Diego,073,3302833,3,2,0,2,0
2020-02-22,San Francisco,075,870044,3,0,0,0,0
2020-02-22,San Joaquin,077,732212,4,0,1,1,0
2020-02-22,San Luis Obispo,079,281455,2,0,0,0,0
2020-02-22,San Mateo,081,765935,8,0,0,0,0
2020-02-22,Santa Barbara,083,443738,0,0,0,0,0
2020-02-22,Santa Clara,085,1922200,23,2,1,3,0
2020-02-22,Santa Cruz,087,273765,2,0,0,0,0
2020-02-22,Shasta,089,179085,0,0,0,0,0
2020-02-22,Sierra,091,2930,0,0,0,0,0
2020-02-22,Siskiyou,093,43540,0,0,0,0,0
2020-02-22,Solano,095,438530,11,11,0,11,0
2020-02-22,Sonoma,097,501317,4,0,0,0,0
2020-02-22,Stanislaus,099,539301,2,0,2,2,0
2020-02-22,Sutter,101,95872,0,0,0,0,0
2020-02-22,Tehama,103,63373,0,0,0,0,0
2020-02-22,Trinity,105,12862,0,0,0,0,0
2020-02-22,Tulare,107,460477,2,0,0,0,0
2020-02-22,Tuolumne,109,53932,0,0,0,0,0
2020-02-22,Ventura,111,848112,4,0,0,0,0
2020-02-22,Yolo,113,214977,0,0,0,0,0
2020-02-22,Yuba,115,75493,0,0,0,0,0
2020-02-21,Alameda,001,1643700,10,0,0,0,0
2020-02-21,Alpine,003,1148,0,0,0,0,0
2020-02-21,Amador,005,37829,0,0,0,0,0
2020-02-21,Butte,007,227075,0,0,0,0,0
2020-02-21,Calaveras,009,45235,0,0,0,0,0
2020-02-21,Colusa,011,21464,0,0,0,0,0
2020-02-21,Contra Costa,013,1133247,4,0,0,0,0
2020-02-21,Del Norte,015,27424,0,0,0,0,0
2020-02-21,El Dorado,017,186661,0,0,0,0,0
2020-02-21,Fresno,019,978130,1,0,0,0,0
2020-02-21,Glenn,021,27897,0,0,0,0,0
2020-02-21,Humboldt,023,135768,1,1,0,1,0
2020-02-21,Imperial,025,180216,0,0,0,0,0
2020-02-21,Inyo,027,18085,0,0,0,0,0
2020-02-21,Kern,029,883053,2,0,0,0,0
2020-02-21,Kings,031,150075,0,0,0,0,0
2020-02-21,Lake,033,64148,0,0,0,0,0
2020-02-21,Lassen,035,31185,0,0,0,0,0
2020-02-21,Los Angeles,037,10098052,56,1,6,7,0
2020-02-21,Madera,039,155013,0,0,0,0,0
2020-02-21,Marin,041,260295,1,0,0,0,0
2020-02-21,Mariposa,043,17540,0,0,0,0,0
2020-02-21,Mendocino,045,87422,0,0,0,0,0
2020-02-21,Merced,047,269075,0,0,0,0,0
2020-02-21,Modoc,049,8938,0,0,0,0,0
2020-02-21,Mono,051,14174,0,0,0,0,0
2020-02-21,Monterey,053,433212,1,0,0,0,0
2020-02-21,Napa,055,140530,0,0,0,0,0
2020-02-21,Nevada,057,99092,0,0,1,1,0
2020-02-21,Orange,059,3164182,41,1,0,1,0
2020-02-21,Placer,061,380077,2,0,0,0,0
2020-02-21,Plumas,063,18699,0,0,0,0,0
2020-02-21,Riverside,065,2383286,9,0,0,0,0
2020-02-21,Sacramento,067,1510023,5,1,0,1,0
2020-02-21,San Benito,069,59416,0,2,0,2,0
2020-02-21,San Bernardino,071,2135413,17,0,0,0,0
2020-02-21,San Diego,073,3302833,3,2,0,2,0
2020-02-21,San Francisco,075,870044,3,0,0,0,0
2020-02-21,San Joaquin,077,732212,2,0,1,1,0
2020-02-21,San Luis Obispo,079,281455,2,0,0,0,0
2020-02-21,San Mateo,081,765935,8,0,0,0,0
2020-02-21,Santa Barbara,083,443738,0,0,0,0,0
2020-02-21,Santa Clara,085,1922200,21,2,1,3,0
2020-02-21,Santa Cruz,087,273765,2,0,0,0,0
2020-02-21,Shasta,089,179085,0,0,0,0,0
2020-02-21,Sierra,091,2930,0,0,0,0,0
2020-02-21,Siskiyou,093,43540,0,0,0,0,0
2020-02-21,Solano,095,438530,10,11,0,11,0
2020-02-21,Sonoma,097,501317,3,0,0,0,0
2020-02-21,Stanislaus,099,539301,2,0,2,2,0
2020-02-21,Sutter,101,95872,0,0,0,0,0
2020-02-21,Tehama,103,63373,0,0,0,0,0
2020-02-21,Trinity,105,12862,0,0,0,0,0
2020-02-21,Tulare,107,460477,2,0,0,0,0
2020-02-21,Tuolumne,109,53932,0,0,0,0,0
2020-02-21,Ventura,111,848112,4,0,0,0,0
2020-02-21,Yolo,113,214977,0,0,0,0,0
2020-02-21,Yuba,115,75493,0,0,0,0,0
2020-02-20,Alameda,001,1643700,8,0,0,0,0
2020-02-20,Alpine,003,1148,0,0,0,0,0
2020-02-20,Amador,005,37829,0,0,0,0,0
2020-02-20,Butte,007,227075,0,0,0,0,0
2020-02-20,Calaveras,009,45235,0,0,0,0,0
2020-02-20,Colusa,011,21464,0,0,0,0,0
2020-02-20,Contra Costa,013,1133247,3,0,0,0,0
2020-02-20,Del Norte,015,27424,0,0,0,0,0
2020-02-20,El Dorado,017,186661,0,0,0,0,0
2020-02-20,Fresno,019,978130,1,0,0,0,0
2020-02-20,Glenn,021,27897,0,0,0,0,0
2020-02-20,Humboldt,023,135768,1,1,0,1,0
2020-02-20,Imperial,025,180216,0,0,0,0,0
2020-02-20,Inyo,027,18085,0,0,0,0,0
2020-02-20,Kern,029,883053,2,0,0,0,0
2020-02-20,Kings,031,150075,0,0,0,0,0
2020-02-20,Lake,033,64148,0,0,0,0,0
2020-02-20,Lassen,035,31185,0,0,0,0,0
2020-02-20,Los Angeles,037,10098052,55,1,5,6,0
2020-02-20,Madera,039,155013,0,0,0,0,0
2020-02-20,Marin,041,260295,0,0,0,0,0
2020-02-20,Mariposa,043,17540,0,0,0,0,0
2020-02-20,Mendocino,045,87422,0,0,0,0,0
2020-02-20,Merced,047,269075,0,0,0,0,0
2020-02-20,Modoc,049,8938,0,0,0,0,0
2020-02-20,Mono,051,14174,0,0,0,0,0
2020-02-20,Monterey,053,433212,1,0,0,0,0
2020-02-20,Napa,055,140530,0,0,0,0,0
2020-02-20,Nevada,057,99092,0,0,1,1,0
2020-02-20,Orange,059,3164182,41,1,0,1,0
2020-02-20,Placer,061,380077,2,0,0,0,0
2020-02-20,Plumas,063,18699,0,0,0,0,0
2020-02-20,Riverside,065,2383286,7,0,0,0,0
2020-02-20,Sacramento,067,1510023,2,1,0,1,0
2020-02-20,San Benito,069,59416,0,2,0,2,0
2020-02-20,San Bernardino,071,2135413,15,0,0,0,0
2020-02-20,San Diego,073,3302833,3,2,0,2,0
2020-02-20,San Francisco,075,870044,3,0,0,0,0
2020-02-20,San Joaquin,077,732212,2,0,1,1,0
2020-02-20,San Luis Obispo,079,281455,2,0,0,0,0
2020-02-20,San Mateo,081,765935,7,0,0,0,0
2020-02-20,Santa Barbara,083,443738,0,0,0,0,0
2020-02-20,Santa Clara,085,1922200,17,2,1,3,0
2020-02-20,Santa Cruz,087,273765,2,0,0,0,0
2020-02-20,Shasta,089,179085,0,0,0,0,0
2020-02-20,Sierra,091,2930,0,0,0,0,0
2020-02-20,Siskiyou,093,43540,0,0,0,0,0
2020-02-20,Solano,095,438530,8,7,0,7,0
2020-02-20,Sonoma,097,501317,2,0,0,0,0
2020-02-20,Stanislaus,099,539301,2,0,2,2,0
2020-02-20,Sutter,101,95872,0,0,0,0,0
2020-02-20,Tehama,103,63373,0,0,0,0,0
2020-02-20,Trinity,105,12862,0,0,0,0,0
2020-02-20,Tulare,107,460477,2,0,0,0,0
2020-02-20,Tuolumne,109,53932,0,0,0,0,0
2020-02-20,Ventura,111,848112,4,0,0,0,0
2020-02-20,Yolo,113,214977,0,0,0,0,0
2020-02-20,Yuba,115,75493,0,0,0,0,0
2020-02-19,Alameda,001,1643700,7,0,0,0,0
2020-02-19,Alpine,003,1148,0,0,0,0,0
2020-02-19,Amador,005,37829,0,0,0,0,0
2020-02-19,Butte,007,227075,0,0,0,0,0
2020-02-19,Calaveras,009,45235,0,0,0,0,0
2020-02-19,Colusa,011,21464,0,0,0,0,0
2020-02-19,Contra Costa,013,1133247,3,0,0,0,0
2020-02-19,Del Norte,015,27424,0,0,0,0,0
2020-02-19,El Dorado,017,186661,0,0,0,0,0
2020-02-19,Fresno,019,978130,1,0,0,0,0
2020-02-19,Glenn,021,27897,0,0,0,0,0
2020-02-19,Humboldt,023,135768,1,0,0,0,0
2020-02-19,Imperial,025,180216,0,0,0,0,0
2020-02-19,Inyo,027,18085,0,0,0,0,0
2020-02-19,Kern,029,883053,2,0,0,0,0
2020-02-19,Kings,031,150075,0,0,0,0,0
2020-02-19,Lake,033,64148,0,0,0,0,0
2020-02-19,Lassen,035,31185,0,0,0,0,0
2020-02-19,Los Angeles,037,10098052,53,1,5,6,0
2020-02-19,Madera,039,155013,0,0,0,0,0
2020-02-19,Marin,041,260295,0,0,0,0,0
2020-02-19,Mariposa,043,17540,0,0,0,0,0
2020-02-19,Mendocino,045,87422,0,0,0,0,0
2020-02-19,Merced,047,269075,0,0,0,0,0
2020-02-19,Modoc,049,8938,0,0,0,0,0
2020-02-19,Mono,051,14174,0,0,0,0,0
2020-02-19,Monterey,053,433212,1,0,0,0,0
2020-02-19,Napa,055,140530,0,0,0,0,0
2020-02-19,Nevada,057,99092,0,0,1,1,0
2020-02-19,Orange,059,3164182,40,1,0,1,0
2020-02-19,Placer,061,380077,2,0,0,0,0
2020-02-19,Plumas,063,18699,0,0,0,0,0
2020-02-19,Riverside,065,2383286,5,0,0,0,0
2020-02-19,Sacramento,067,1510023,2,0,0,0,0
2020-02-19,San Benito,069,59416,0,2,0,2,0
2020-02-19,San Bernardino,071,2135413,14,0,0,0,0
2020-02-19,San Diego,073,3302833,2,2,0,2,0
2020-02-19,San Francisco,075,870044,2,0,0,0,0
2020-02-19,San Joaquin,077,732212,2,0,1,1,0
2020-02-19,San Luis Obispo,079,281455,2,0,0,0,0
2020-02-19,San Mateo,081,765935,6,0,0,0,0
2020-02-19,Santa Barbara,083,443738,0,0,0,0,0
2020-02-19,Santa Clara,085,1922200,15,2,1,3,0
2020-02-19,Santa Cruz,087,273765,0,0,0,0,0
2020-02-19,Shasta,089,179085,0,0,0,0,0
2020-02-19,Sierra,091,2930,0,0,0,0,0
2020-02-19,Siskiyou,093,43540,0,0,0,0,0
2020-02-19,Solano,095,438530,5,7,0,7,0
2020-02-19,Sonoma,097,501317,2,0,0,0,0
2020-02-19,Stanislaus,099,539301,1,0,2,2,0
2020-02-19,Sutter,101,95872,0,0,0,0,0
2020-02-19,Tehama,103,63373,0,0,0,0,0
2020-02-19,Trinity,105,12862,0,0,0,0,0
2020-02-19,Tulare,107,460477,2,0,0,0,0
2020-02-19,Tuolumne,109,53932,0,0,0,0,0
2020-02-19,Ventura,111,848112,2,0,0,0,0
2020-02-19,Yolo,113,214977,0,0,0,0,0
2020-02-19,Yuba,115,75493,0,0,0,0,0
2020-02-18,Alameda,001,1643700,7,0,0,0,0
2020-02-18,Alpine,003,1148,0,0,0,0,0
2020-02-18,Amador,005,37829,0,0,0,0,0
2020-02-18,Butte,007,227075,0,0,0,0,0
2020-02-18,Calaveras,009,45235,0,0,0,0,0
2020-02-18,Colusa,011,21464,0,0,0,0,0
2020-02-18,Contra Costa,013,1133247,3,0,0,0,0
2020-02-18,Del Norte,015,27424,0,0,0,0,0
2020-02-18,El Dorado,017,186661,0,0,0,0,0
2020-02-18,Fresno,019,978130,0,0,0,0,0
2020-02-18,Glenn,021,27897,0,0,0,0,0
2020-02-18,Humboldt,023,135768,1,0,0,0,0
2020-02-18,Imperial,025,180216,0,0,0,0,0
2020-02-18,Inyo,027,18085,0,0,0,0,0
2020-02-18,Kern,029,883053,2,0,0,0,0
2020-02-18,Kings,031,150075,0,0,0,0,0
2020-02-18,Lake,033,64148,0,0,0,0,0
2020-02-18,Lassen,035,31185,0,0,0,0,0
2020-02-18,Los Angeles,037,10098052,50,1,4,5,0
2020-02-18,Madera,039,155013,0,0,0,0,0
2020-02-18,Marin,041,260295,0,0,0,0,0
2020-02-18,Mariposa,043,17540,0,0,0,0,0
2020-02-18,Mendocino,045,87422,0,0,0,0,0
2020-02-18,Merced,047,269075,0,0,0,0,0
2020-02-18,Modoc,049,8938,0,0,0,0,0
2020-02-18,Mono,051,14174,0,0,0,0,0
2020-02-18,Monterey,053,433212,1,0,0,0,0
2020-02-18,Napa,055,140530,0,0,0,0,0
2020-02-18,Nevada,057,99092,0,0,1,1,0
2020-02-18,Orange,059,3164182,39,1,0,1,0
2020-02-18,Placer,061,380077,0,0,0,0,0
2020-02-18,Plumas,063,18699,0,0,0,0,0
2020-02-18,Riverside,065,2383286,5,0,0,0,0
2020-02-18,Sacramento,067,1510023,2,0,0,0,0
2020-02-18,San Benito,069,59416,0,2,0,2,0
2020-02-18,San Bernardino,071,2135413,13,0,0,0,0
2020-02-18,San Diego,073,3302833,2,2,0,2,0
2020-02-18,San Francisco,075,870044,2,0,0,0,0
2020-02-18,San Joaquin,077,732212,1,0,1,1,0
2020-02-18,San Luis Obispo,079,281455,2,0,0,0,0
2020-02-18,San Mateo,081,765935,5,0,0,0,0
2020-02-18,Santa Barbara,083,443738,0,0,0,0,0
2020-02-18,Santa Clara,085,1922200,14,2,1,3,0
2020-02-18,Santa Cruz,087,273765,0,0,0,0,0
2020-02-18,Shasta,089,179085,0,0,0,0,0
2020-02-18,Sierra,091,2930,0,0,0,0,0
2020-02-18,Siskiyou,093,43540,0,0,0,0,0
2020-02-18,Solano,095,438530,5,7,0,7,0
2020-02-18,Sonoma,097,501317,1,0,0,0,0
2020-02-18,Stanislaus,099,539301,1,0,2,2,0
2020-02-18,Sutter,101,95872,0,0,0,0,0
2020-02-18,Tehama,103,63373,0,0,0,0,0
2020-02-18,Trinity,105,12862,0,0,0,0,0
2020-02-18,Tulare,107,460477,2,0,0,0,0
2020-02-18,Tuolumne,109,53932,0,0,0,0,0
2020-02-18,Ventura,111,848112,2,0,0,0,0
2020-02-18,Yolo,113,214977,0,0,0,0,0
2020-02-18,Yuba,115,75493,0,0,0,0,0
2020-02-17,Alameda,001,1643700,7,0,0,0,0
2020-02-17,Alpine,003,1148,0,0,0,0,0
2020-02-17,Amador,005,37829,0,0,0,0,0
2020-02-17,Butte,007,227075,0,0,0,0,0
2020-02-17,Calaveras,009,45235,0,0,0,0,0
2020-02-17,Colusa,011,21464,0,0,0,0,0
2020-02-17,Contra Costa,013,1133247,3,0,0,0,0
2020-02-17,Del Norte,015,27424,0,0,0,0,0
2020-02-17,El Dorado,017,186661,0,0,0,0,0
2020-02-17,Fresno,019,978130,0,0,0,0,0
2020-02-17,Glenn,021,27897,0,0,0,0,0
2020-02-17,Humboldt,023,135768,1,0,0,0,0
2020-02-17,Imperial,025,180216,0,0,0,0,0
2020-02-17,Inyo,027,18085,0,0,0,0,0
2020-02-17,Kern,029,883053,2,0,0,0,0
2020-02-17,Kings,031,150075,0,0,0,0,0
2020-02-17,Lake,033,64148,0,0,0,0,0
2020-02-17,Lassen,035,31185,0,0,0,0,0
2020-02-17,Los Angeles,037,10098052,47,1,4,5,0
2020-02-17,Madera,039,155013,0,0,0,0,0
2020-02-17,Marin,041,260295,0,0,0,0,0
2020-02-17,Mariposa,043,17540,0,0,0,0,0
2020-02-17,Mendocino,045,87422,0,0,0,0,0
2020-02-17,Merced,047,269075,0,0,0,0,0
2020-02-17,Modoc,049,8938,0,0,0,0,0
2020-02-17,Mono,051,14174,0,0,0,0,0
2020-02-17,Monterey,053,433212,1,0,0,0,0
2020-02-17,Napa,055,140530,0,0,0,0,0
2020-02-17,Nevada,057,99092,0,0,1,1,0
2020-02-17,Orange,059,3164182,39,1,0,1,0
2020-02-17,Placer,061,380077,0,0,0,0,0
2020-02-17,Plumas,063,18699,0,0,0,0,0
2020-02-17,Riverside,065,2383286,5,0,0,0,0
2020-02-17,Sacramento,067,1510023,2,0,0,0,0
2020-02-17,San Benito,069,59416,0,2,0,2,0
2020-02-17,San Bernardino,071,2135413,11,0,0,0,0
2020-02-17,San Diego,073,3302833,2,2,0,2,0
2020-02-17,San Francisco,075,870044,2,0,0,0,0
2020-02-17,San Joaquin,077,732212,1,0,1,1,0
2020-02-17,San Luis Obispo,079,281455,1,0,0,0,0
2020-02-17,San Mateo,081,765935,5,0,0,0,0
2020-02-17,Santa Barbara,083,443738,0,0,0,0,0
2020-02-17,Santa Clara,085,1922200,12,2,1,3,0
2020-02-17,Santa Cruz,087,273765,0,0,0,0,0
2020-02-17,Shasta,089,179085,0,0,0,0,0
2020-02-17,Sierra,091,2930,0,0,0,0,0
2020-02-17,Siskiyou,093,43540,0,0,0,0,0
2020-02-17,Solano,095,438530,3,5,0,5,0
2020-02-17,Sonoma,097,501317,1,0,0,0,0
2020-02-17,Stanislaus,099,539301,1,0,2,2,0
2020-02-17,Sutter,101,95872,0,0,0,0,0
2020-02-17,Tehama,103,63373,0,0,0,0,0
2020-02-17,Trinity,105,12862,0,0,0,0,0
2020-02-17,Tulare,107,460477,2,0,0,0,0
2020-02-17,Tuolumne,109,53932,0,0,0,0,0
2020-02-17,Ventura,111,848112,2,0,0,0,0
2020-02-17,Yolo,113,214977,0,0,0,0,0
2020-02-17,Yuba,115,75493,0,0,0,0,0
2020-02-16,Alameda,001,1643700,6,0,0,0,0
2020-02-16,Alpine,003,1148,0,0,0,0,0
2020-02-16,Amador,005,37829,0,0,0,0,0
2020-02-16,Butte,007,227075,0,0,0,0,0
2020-02-16,Calaveras,009,45235,0,0,0,0,0
2020-02-16,Colusa,011,21464,0,0,0,0,0
2020-02-16,Contra Costa,013,1133247,3,0,0,0,0
2020-02-16,Del Norte,015,27424,0,0,0,0,0
2020-02-16,El Dorado,017,186661,0,0,0,0,0
2020-02-16,Fresno,019,978130,0,0,0,0,0
2020-02-16,Glenn,021,27897,0,0,0,0,0
2020-02-16,Humboldt,023,135768,1,0,0,0,0
2020-02-16,Imperial,025,180216,0,0,0,0,0
2020-02-16,Inyo,027,18085,0,0,0,0,0
2020-02-16,Kern,029,883053,2,0,0,0,0
2020-02-16,Kings,031,150075,0,0,0,0,0
2020-02-16,Lake,033,64148,0,0,0,0,0
2020-02-16,Lassen,035,31185,0,0,0,0,0
2020-02-16,Los Angeles,037,10098052,42,1,4,5,0
2020-02-16,Madera,039,155013,0,0,0,0,0
2020-02-16,Marin,041,260295,0,0,0,0,0
2020-02-16,Mariposa,043,17540,0,0,0,0,0
2020-02-16,Mendocino,045,87422,0,0,0,0,0
2020-02-16,Merced,047,269075,0,0,0,0,0
2020-02-16,Modoc,049,8938,0,0,0,0,0
2020-02-16,Mono,051,14174,0,0,0,0,0
2020-02-16,Monterey,053,433212,1,0,0,0,0
2020-02-16,Napa,055,140530,0,0,0,0,0
2020-02-16,Nevada,057,99092,0,0,0,0,0
2020-02-16,Orange,059,3164182,38,1,0,1,0
2020-02-16,Placer,061,380077,0,0,0,0,0
2020-02-16,Plumas,063,18699,0,0,0,0,0
2020-02-16,Riverside,065,2383286,5,0,0,0,0
2020-02-16,Sacramento,067,1510023,2,0,0,0,0
2020-02-16,San Benito,069,59416,0,2,0,2,0
2020-02-16,San Bernardino,071,2135413,10,0,0,0,0
2020-02-16,San Diego,073,3302833,2,2,0,2,0
2020-02-16,San Francisco,075,870044,2,0,0,0,0
2020-02-16,San Joaquin,077,732212,1,0,1,1,0
2020-02-16,San Luis Obispo,079,281455,1,0,0,0,0
2020-02-16,San Mateo,081,765935,4,0,0,0,0
2020-02-16,Santa Barbara,083,443738,0,0,0,0,0
2020-02-16,Santa Clara,085,1922200,10,2,1,3,0
2020-02-16,Santa Cruz,087,273765,0,0,0,0,0
2020-02-16,Shasta,089,179085,0,0,0,0,0
2020-02-16,Sierra,091,2930,0,0,0,0,0
2020-02-16,Siskiyou,093,43540,0,0,0,0,0
2020-02-16,Solano,095,438530,1,0,0,0,0
2020-02-16,Sonoma,097,501317,1,0,0,0,0
2020-02-16,Stanislaus,099,539301,1,0,2,2,0
2020-02-16,Sutter,101,95872,0,0,0,0,0
2020-02-16,Tehama,103,63373,0,0,0,0,0
2020-02-16,Trinity,105,12862,0,0,0,0,0
2020-02-16,Tulare,107,460477,2,0,0,0,0
2020-02-16,Tuolumne,109,53932,0,0,0,0,0
2020-02-16,Ventura,111,848112,2,0,0,0,0
2020-02-16,Yolo,113,214977,0,0,0,0,0
2020-02-16,Yuba,115,75493,0,0,0,0,0
2020-02-15,Alameda,001,1643700,6,0,0,0,0
2020-02-15,Alpine,003,1148,0,0,0,0,0
2020-02-15,Amador,005,37829,0,0,0,0,0
2020-02-15,Butte,007,227075,0,0,0,0,0
2020-02-15,Calaveras,009,45235,0,0,0,0,0
2020-02-15,Colusa,011,21464,0,0,0,0,0
2020-02-15,Contra Costa,013,1133247,3,0,0,0,0
2020-02-15,Del Norte,015,27424,0,0,0,0,0
2020-02-15,El Dorado,017,186661,0,0,0,0,0
2020-02-15,Fresno,019,978130,0,0,0,0,0
2020-02-15,Glenn,021,27897,0,0,0,0,0
2020-02-15,Humboldt,023,135768,1,0,0,0,0
2020-02-15,Imperial,025,180216,0,0,0,0,0
2020-02-15,Inyo,027,18085,0,0,0,0,0
2020-02-15,Kern,029,883053,2,0,0,0,0
2020-02-15,Kings,031,150075,0,0,0,0,0
2020-02-15,Lake,033,64148,0,0,0,0,0
2020-02-15,Lassen,035,31185,0,0,0,0,0
2020-02-15,Los Angeles,037,10098052,39,1,4,5,0
2020-02-15,Madera,039,155013,0,0,0,0,0
2020-02-15,Marin,041,260295,0,0,0,0,0
2020-02-15,Mariposa,043,17540,0,0,0,0,0
2020-02-15,Mendocino,045,87422,0,0,0,0,0
2020-02-15,Merced,047,269075,0,0,0,0,0
2020-02-15,Modoc,049,8938,0,0,0,0,0
2020-02-15,Mono,051,14174,0,0,0,0,0
2020-02-15,Monterey,053,433212,1,0,0,0,0
2020-02-15,Napa,055,140530,0,0,0,0,0
2020-02-15,Nevada,057,99092,0,0,0,0,0
2020-02-15,Orange,059,3164182,37,1,0,1,0
2020-02-15,Placer,061,380077,0,0,0,0,0
2020-02-15,Plumas,063,18699,0,0,0,0,0
2020-02-15,Riverside,065,2383286,4,0,0,0,0
2020-02-15,Sacramento,067,1510023,2,0,0,0,0
2020-02-15,San Benito,069,59416,0,2,0,2,0
2020-02-15,San Bernardino,071,2135413,9,0,0,0,0
2020-02-15,San Diego,073,3302833,2,2,0,2,0
2020-02-15,San Francisco,075,870044,2,0,0,0,0
2020-02-15,San Joaquin,077,732212,1,0,1,1,0
2020-02-15,San Luis Obispo,079,281455,1,0,0,0,0
2020-02-15,San Mateo,081,765935,4,0,0,0,0
2020-02-15,Santa Barbara,083,443738,0,0,0,0,0
2020-02-15,Santa Clara,085,1922200,10,2,1,3,0
2020-02-15,Santa Cruz,087,273765,0,0,0,0,0
2020-02-15,Shasta,089,179085,0,0,0,0,0
2020-02-15,Sierra,091,2930,0,0,0,0,0
2020-02-15,Siskiyou,093,43540,0,0,0,0,0
2020-02-15,Solano,095,438530,1,0,0,0,0
2020-02-15,Sonoma,097,501317,0,0,0,0,0
2020-02-15,Stanislaus,099,539301,1,0,2,2,0
2020-02-15,Sutter,101,95872,0,0,0,0,0
2020-02-15,Tehama,103,63373,0,0,0,0,0
2020-02-15,Trinity,105,12862,0,0,0,0,0
2020-02-15,Tulare,107,460477,2,0,0,0,0
2020-02-15,Tuolumne,109,53932,0,0,0,0,0
2020-02-15,Ventura,111,848112,2,0,0,0,0
2020-02-15,Yolo,113,214977,0,0,0,0,0
2020-02-15,Yuba,115,75493,0,0,0,0,0
2020-02-14,Alameda,001,1643700,5,0,0,0,0
2020-02-14,Alpine,003,1148,0,0,0,0,0
2020-02-14,Amador,005,37829,0,0,0,0,0
2020-02-14,Butte,007,227075,0,0,0,0,0
2020-02-14,Calaveras,009,45235,0,0,0,0,0
2020-02-14,Colusa,011,21464,0,0,0,0,0
2020-02-14,Contra Costa,013,1133247,3,0,0,0,0
2020-02-14,Del Norte,015,27424,0,0,0,0,0
2020-02-14,El Dorado,017,186661,0,0,0,0,0
2020-02-14,Fresno,019,978130,0,0,0,0,0
2020-02-14,Glenn,021,27897,0,0,0,0,0
2020-02-14,Humboldt,023,135768,1,0,0,0,0
2020-02-14,Imperial,025,180216,0,0,0,0,0
2020-02-14,Inyo,027,18085,0,0,0,0,0
2020-02-14,Kern,029,883053,2,0,0,0,0
2020-02-14,Kings,031,150075,0,0,0,0,0
2020-02-14,Lake,033,64148,0,0,0,0,0
2020-02-14,Lassen,035,31185,0,0,0,0,0
2020-02-14,Los Angeles,037,10098052,34,1,4,5,0
2020-02-14,Madera,039,155013,0,0,0,0,0
2020-02-14,Marin,041,260295,0,0,0,0,0
2020-02-14,Mariposa,043,17540,0,0,0,0,0
2020-02-14,Mendocino,045,87422,0,0,0,0,0
2020-02-14,Merced,047,269075,0,0,0,0,0
2020-02-14,Modoc,049,8938,0,0,0,0,0
2020-02-14,Mono,051,14174,0,0,0,0,0
2020-02-14,Monterey,053,433212,1,0,0,0,0
2020-02-14,Napa,055,140530,0,0,0,0,0
2020-02-14,Nevada,057,99092,0,0,0,0,0
2020-02-14,Orange,059,3164182,37,1,0,1,0
2020-02-14,Placer,061,380077,0,0,0,0,0
2020-02-14,Plumas,063,18699,0,0,0,0,0
2020-02-14,Riverside,065,2383286,4,0,0,0,0
2020-02-14,Sacramento,067,1510023,1,0,0,0,0
2020-02-14,San Benito,069,59416,0,2,0,2,0
2020-02-14,San Bernardino,071,2135413,9,0,0,0,0
2020-02-14,San Diego,073,3302833,1,2,0,2,0
2020-02-14,San Francisco,075,870044,2,0,0,0,0
2020-02-14,San Joaquin,077,732212,1,0,1,1,0
2020-02-14,San Luis Obispo,079,281455,0,0,0,0,0
2020-02-14,San Mateo,081,765935,3,0,0,0,0
2020-02-14,Santa Barbara,083,443738,0,0,0,0,0
2020-02-14,Santa Clara,085,1922200,8,2,1,3,0
2020-02-14,Santa Cruz,087,273765,0,0,0,0,0
2020-02-14,Shasta,089,179085,0,0,0,0,0
2020-02-14,Sierra,091,2930,0,0,0,0,0
2020-02-14,Siskiyou,093,43540,0,0,0,0,0
2020-02-14,Solano,095,438530,1,0,0,0,0
2020-02-14,Sonoma,097,501317,0,0,0,0,0
2020-02-14,Stanislaus,099,539301,1,0,2,2,0
2020-02-14,Sutter,101,95872,0,0,0,0,0
2020-02-14,Tehama,103,63373,0,0,0,0,0
2020-02-14,Trinity,105,12862,0,0,0,0,0
2020-02-14,Tulare,107,460477,2,0,0,0,0
2020-02-14,Tuolumne,109,53932,0,0,0,0,0
2020-02-14,Ventura,111,848112,2,0,0,0,0
2020-02-14,Yolo,113,214977,0,0,0,0,0
2020-02-14,Yuba,115,75493,0,0,0,0,0
2020-02-13,Alameda,001,1643700,5,0,0,0,0
2020-02-13,Alpine,003,1148,0,0,0,0,0
2020-02-13,Amador,005,37829,0,0,0,0,0
2020-02-13,Butte,007,227075,0,0,0,0,0
2020-02-13,Calaveras,009,45235,0,0,0,0,0
2020-02-13,Colusa,011,21464,0,0,0,0,0
2020-02-13,Contra Costa,013,1133247,3,0,0,0,0
2020-02-13,Del Norte,015,27424,0,0,0,0,0
2020-02-13,El Dorado,017,186661,0,0,0,0,0
2020-02-13,Fresno,019,978130,0,0,0,0,0
2020-02-13,Glenn,021,27897,0,0,0,0,0
2020-02-13,Humboldt,023,135768,1,0,0,0,0
2020-02-13,Imperial,025,180216,0,0,0,0,0
2020-02-13,Inyo,027,18085,0,0,0,0,0
2020-02-13,Kern,029,883053,2,0,0,0,0
2020-02-13,Kings,031,150075,0,0,0,0,0
2020-02-13,Lake,033,64148,0,0,0,0,0
2020-02-13,Lassen,035,31185,0,0,0,0,0
2020-02-13,Los Angeles,037,10098052,31,1,3,4,0
2020-02-13,Madera,039,155013,0,0,0,0,0
2020-02-13,Marin,041,260295,0,0,0,0,0
2020-02-13,Mariposa,043,17540,0,0,0,0,0
2020-02-13,Mendocino,045,87422,0,0,0,0,0
2020-02-13,Merced,047,269075,0,0,0,0,0
2020-02-13,Modoc,049,8938,0,0,0,0,0
2020-02-13,Mono,051,14174,0,0,0,0,0
2020-02-13,Monterey,053,433212,1,0,0,0,0
2020-02-13,Napa,055,140530,0,0,0,0,0
2020-02-13,Nevada,057,99092,0,0,0,0,0
2020-02-13,Orange,059,3164182,36,1,0,1,0
2020-02-13,Placer,061,380077,0,0,0,0,0
2020-02-13,Plumas,063,18699,0,0,0,0,0
2020-02-13,Riverside,065,2383286,4,0,0,0,0
2020-02-13,Sacramento,067,1510023,1,0,0,0,0
2020-02-13,San Benito,069,59416,0,2,0,2,0
2020-02-13,San Bernardino,071,2135413,8,0,0,0,0
2020-02-13,San Diego,073,3302833,0,2,0,2,0
2020-02-13,San Francisco,075,870044,2,0,0,0,0
2020-02-13,San Joaquin,077,732212,1,0,1,1,0
2020-02-13,San Luis Obispo,079,281455,0,0,0,0,0
2020-02-13,San Mateo,081,765935,2,0,0,0,0
2020-02-13,Santa Barbara,083,443738,0,0,0,0,0
2020-02-13,Santa Clara,085,1922200,7,2,0,2,0
2020-02-13,Santa Cruz,087,273765,0,0,0,0,0
2020-02-13,Shasta,089,179085,0,0,0,0,0
2020-02-13,Sierra,091,2930,0,0,0,0,0
2020-02-13,Siskiyou,093,43540,0,0,0,0,0
2020-02-13,Solano,095,438530,0,0,0,0,0
2020-02-13,Sonoma,097,501317,0,0,0,0,0
2020-02-13,Stanislaus,099,539301,1,0,1,1,0
2020-02-13,Sutter,101,95872,0,0,0,0,0
2020-02-13,Tehama,103,63373,0,0,0,0,0
2020-02-13,Trinity,105,12862,0,0,0,0,0
2020-02-13,Tulare,107,460477,2,0,0,0,0
2020-02-13,Tuolumne,109,53932,0,0,0,0,0
2020-02-13,Ventura,111,848112,2,0,0,0,0
2020-02-13,Yolo,113,214977,0,0,0,0,0
2020-02-13,Yuba,115,75493,0,0,0,0,0
2020-02-12,Alameda,001,1643700,5,0,0,0,0
2020-02-12,Alpine,003,1148,0,0,0,0,0
2020-02-12,Amador,005,37829,0,0,0,0,0
2020-02-12,Butte,007,227075,0,0,0,0,0
2020-02-12,Calaveras,009,45235,0,0,0,0,0
2020-02-12,Colusa,011,21464,0,0,0,0,0
2020-02-12,Contra Costa,013,1133247,3,0,0,0,0
2020-02-12,Del Norte,015,27424,0,0,0,0,0
2020-02-12,El Dorado,017,186661,0,0,0,0,0
2020-02-12,Fresno,019,978130,0,0,0,0,0
2020-02-12,Glenn,021,27897,0,0,0,0,0
2020-02-12,Humboldt,023,135768,1,0,0,0,0
2020-02-12,Imperial,025,180216,0,0,0,0,0
2020-02-12,Inyo,027,18085,0,0,0,0,0
2020-02-12,Kern,029,883053,2,0,0,0,0
2020-02-12,Kings,031,150075,0,0,0,0,0
2020-02-12,Lake,033,64148,0,0,0,0,0
2020-02-12,Lassen,035,31185,0,0,0,0,0
2020-02-12,Los Angeles,037,10098052,30,1,3,4,0
2020-02-12,Madera,039,155013,0,0,0,0,0
2020-02-12,Marin,041,260295,0,0,0,0,0
2020-02-12,Mariposa,043,17540,0,0,0,0,0
2020-02-12,Mendocino,045,87422,0,0,0,0,0
2020-02-12,Merced,047,269075,0,0,0,0,0
2020-02-12,Modoc,049,8938,0,0,0,0,0
2020-02-12,Mono,051,14174,0,0,0,0,0
2020-02-12,Monterey,053,433212,1,0,0,0,0
2020-02-12,Napa,055,140530,0,0,0,0,0
2020-02-12,Nevada,057,99092,0,0,0,0,0
2020-02-12,Orange,059,3164182,36,1,0,1,0
2020-02-12,Placer,061,380077,0,0,0,0,0
2020-02-12,Plumas,063,18699,0,0,0,0,0
2020-02-12,Riverside,065,2383286,4,0,0,0,0
2020-02-12,Sacramento,067,1510023,1,0,0,0,0
2020-02-12,San Benito,069,59416,0,2,0,2,0
2020-02-12,San Bernardino,071,2135413,8,0,0,0,0
2020-02-12,San Diego,073,3302833,0,2,0,2,0
2020-02-12,San Francisco,075,870044,2,0,0,0,0
2020-02-12,San Joaquin,077,732212,1,0,1,1,0
2020-02-12,San Luis Obispo,079,281455,0,0,0,0,0
2020-02-12,San Mateo,081,765935,2,0,0,0,0
2020-02-12,Santa Barbara,083,443738,0,0,0,0,0
2020-02-12,Santa Clara,085,1922200,6,2,0,2,0
2020-02-12,Santa Cruz,087,273765,0,0,0,0,0
2020-02-12,Shasta,089,179085,0,0,0,0,0
2020-02-12,Sierra,091,2930,0,0,0,0,0
2020-02-12,Siskiyou,093,43540,0,0,0,0,0
2020-02-12,Solano,095,438530,0,0,0,0,0
2020-02-12,Sonoma,097,501317,0,0,0,0,0
2020-02-12,Stanislaus,099,539301,1,0,1,1,0
2020-02-12,Sutter,101,95872,0,0,0,0,0
2020-02-12,Tehama,103,63373,0,0,0,0,0
2020-02-12,Trinity,105,12862,0,0,0,0,0
2020-02-12,Tulare,107,460477,2,0,0,0,0
2020-02-12,Tuolumne,109,53932,0,0,0,0,0
2020-02-12,Ventura,111,848112,2,0,0,0,0
2020-02-12,Yolo,113,214977,0,0,0,0,0
2020-02-12,Yuba,115,75493,0,0,0,0,0
2020-02-11,Alameda,001,1643700,5,0,0,0,0
2020-02-11,Alpine,003,1148,0,0,0,0,0
2020-02-11,Amador,005,37829,0,0,0,0,0
2020-02-11,Butte,007,227075,0,0,0,0,0
2020-02-11,Calaveras,009,45235,0,0,0,0,0
2020-02-11,Colusa,011,21464,0,0,0,0,0
2020-02-11,Contra Costa,013,1133247,3,0,0,0,0
2020-02-11,Del Norte,015,27424,0,0,0,0,0
2020-02-11,El Dorado,017,186661,0,0,0,0,0
2020-02-11,Fresno,019,978130,0,0,0,0,0
2020-02-11,Glenn,021,27897,0,0,0,0,0
2020-02-11,Humboldt,023,135768,1,0,0,0,0
2020-02-11,Imperial,025,180216,0,0,0,0,0
2020-02-11,Inyo,027,18085,0,0,0,0,0
2020-02-11,Kern,029,883053,2,0,0,0,0
2020-02-11,Kings,031,150075,0,0,0,0,0
2020-02-11,Lake,033,64148,0,0,0,0,0
2020-02-11,Lassen,035,31185,0,0,0,0,0
2020-02-11,Los Angeles,037,10098052,30,1,3,4,0
2020-02-11,Madera,039,155013,0,0,0,0,0
2020-02-11,Marin,041,260295,0,0,0,0,0
2020-02-11,Mariposa,043,17540,0,0,0,0,0
2020-02-11,Mendocino,045,87422,0,0,0,0,0
2020-02-11,Merced,047,269075,0,0,0,0,0
2020-02-11,Modoc,049,8938,0,0,0,0,0
2020-02-11,Mono,051,14174,0,0,0,0,0
2020-02-11,Monterey,053,433212,1,0,0,0,0
2020-02-11,Napa,055,140530,0,0,0,0,0
2020-02-11,Nevada,057,99092,0,0,0,0,0
2020-02-11,Orange,059,3164182,35,1,0,1,0
2020-02-11,Placer,061,380077,0,0,0,0,0
2020-02-11,Plumas,063,18699,0,0,0,0,0
2020-02-11,Riverside,065,2383286,4,0,0,0,0
2020-02-11,Sacramento,067,1510023,1,0,0,0,0
2020-02-11,San Benito,069,59416,0,2,0,2,0
2020-02-11,San Bernardino,071,2135413,8,0,0,0,0
2020-02-11,San Diego,073,3302833,0,1,0,1,0
2020-02-11,San Francisco,075,870044,2,0,0,0,0
2020-02-11,San Joaquin,077,732212,0,0,1,1,0
2020-02-11,San Luis Obispo,079,281455,0,0,0,0,0
2020-02-11,San Mateo,081,765935,2,0,0,0,0
2020-02-11,Santa Barbara,083,443738,0,0,0,0,0
2020-02-11,Santa Clara,085,1922200,5,2,0,2,0
2020-02-11,Santa Cruz,087,273765,0,0,0,0,0
2020-02-11,Shasta,089,179085,0,0,0,0,0
2020-02-11,Sierra,091,2930,0,0,0,0,0
2020-02-11,Siskiyou,093,43540,0,0,0,0,0
2020-02-11,Solano,095,438530,0,0,0,0,0
2020-02-11,Sonoma,097,501317,0,0,0,0,0
2020-02-11,Stanislaus,099,539301,1,0,1,1,0
2020-02-11,Sutter,101,95872,0,0,0,0,0
2020-02-11,Tehama,103,63373,0,0,0,0,0
2020-02-11,Trinity,105,12862,0,0,0,0,0
2020-02-11,Tulare,107,460477,2,0,0,0,0
2020-02-11,Tuolumne,109,53932,0,0,0,0,0
2020-02-11,Ventura,111,848112,2,0,0,0,0
2020-02-11,Yolo,113,214977,0,0,0,0,0
2020-02-11,Yuba,115,75493,0,0,0,0,0
2020-02-10,Alameda,001,1643700,5,0,0,0,0
2020-02-10,Alpine,003,1148,0,0,0,0,0
2020-02-10,Amador,005,37829,0,0,0,0,0
2020-02-10,Butte,007,227075,0,0,0,0,0
2020-02-10,Calaveras,009,45235,0,0,0,0,0
2020-02-10,Colusa,011,21464,0,0,0,0,0
2020-02-10,Contra Costa,013,1133247,3,0,0,0,0
2020-02-10,Del Norte,015,27424,0,0,0,0,0
2020-02-10,El Dorado,017,186661,0,0,0,0,0
2020-02-10,Fresno,019,978130,0,0,0,0,0
2020-02-10,Glenn,021,27897,0,0,0,0,0
2020-02-10,Humboldt,023,135768,0,0,0,0,0
2020-02-10,Imperial,025,180216,0,0,0,0,0
2020-02-10,Inyo,027,18085,0,0,0,0,0
2020-02-10,Kern,029,883053,2,0,0,0,0
2020-02-10,Kings,031,150075,0,0,0,0,0
2020-02-10,Lake,033,64148,0,0,0,0,0
2020-02-10,Lassen,035,31185,0,0,0,0,0
2020-02-10,Los Angeles,037,10098052,28,1,3,4,0
2020-02-10,Madera,039,155013,0,0,0,0,0
2020-02-10,Marin,041,260295,0,0,0,0,0
2020-02-10,Mariposa,043,17540,0,0,0,0,0
2020-02-10,Mendocino,045,87422,0,0,0,0,0
2020-02-10,Merced,047,269075,0,0,0,0,0
2020-02-10,Modoc,049,8938,0,0,0,0,0
2020-02-10,Mono,051,14174,0,0,0,0,0
2020-02-10,Monterey,053,433212,1,0,0,0,0
2020-02-10,Napa,055,140530,0,0,0,0,0
2020-02-10,Nevada,057,99092,0,0,0,0,0
2020-02-10,Orange,059,3164182,35,1,0,1,0
2020-02-10,Placer,061,380077,0,0,0,0,0
2020-02-10,Plumas,063,18699,0,0,0,0,0
2020-02-10,Riverside,065,2383286,4,0,0,0,0
2020-02-10,Sacramento,067,1510023,1,0,0,0,0
2020-02-10,San Benito,069,59416,0,2,0,2,0
2020-02-10,San Bernardino,071,2135413,7,0,0,0,0
2020-02-10,San Diego,073,3302833,0,0,0,0,0
2020-02-10,San Francisco,075,870044,2,0,0,0,0
2020-02-10,San Joaquin,077,732212,0,0,1,1,0
2020-02-10,San Luis Obispo,079,281455,0,0,0,0,0
2020-02-10,San Mateo,081,765935,2,0,0,0,0
2020-02-10,Santa Barbara,083,443738,0,0,0,0,0
2020-02-10,Santa Clara,085,1922200,5,2,0,2,0
2020-02-10,Santa Cruz,087,273765,0,0,0,0,0
2020-02-10,Shasta,089,179085,0,0,0,0,0
2020-02-10,Sierra,091,2930,0,0,0,0,0
2020-02-10,Siskiyou,093,43540,0,0,0,0,0
2020-02-10,Solano,095,438530,0,0,0,0,0
2020-02-10,Sonoma,097,501317,0,0,0,0,0
2020-02-10,Stanislaus,099,539301,1,0,0,0,0
2020-02-10,Sutter,101,95872,0,0,0,0,0
2020-02-10,Tehama,103,63373,0,0,0,0,0
2020-02-10,Trinity,105,12862,0,0,0,0,0
2020-02-10,Tulare,107,460477,2,0,0,0,0
2020-02-10,Tuolumne,109,53932,0,0,0,0,0
2020-02-10,Ventura,111,848112,2,0,0,0,0
2020-02-10,Yolo,113,214977,0,0,0,0,0
2020-02-10,Yuba,115,75493,0,0,0,0,0
2020-02-09,Alameda,001,1643700,5,0,0,0,0
2020-02-09,Alpine,003,1148,0,0,0,0,0
2020-02-09,Amador,005,37829,0,0,0,0,0
2020-02-09,Butte,007,227075,0,0,0,0,0
2020-02-09,Calaveras,009,45235,0,0,0,0,0
2020-02-09,Colusa,011,21464,0,0,0,0,0
2020-02-09,Contra Costa,013,1133247,3,0,0,0,0
2020-02-09,Del Norte,015,27424,0,0,0,0,0
2020-02-09,El Dorado,017,186661,0,0,0,0,0
2020-02-09,Fresno,019,978130,0,0,0,0,0
2020-02-09,Glenn,021,27897,0,0,0,0,0
2020-02-09,Humboldt,023,135768,0,0,0,0,0
2020-02-09,Imperial,025,180216,0,0,0,0,0
2020-02-09,Inyo,027,18085,0,0,0,0,0
2020-02-09,Kern,029,883053,2,0,0,0,0
2020-02-09,Kings,031,150075,0,0,0,0,0
2020-02-09,Lake,033,64148,0,0,0,0,0
2020-02-09,Lassen,035,31185,0,0,0,0,0
2020-02-09,Los Angeles,037,10098052,27,1,3,4,0
2020-02-09,Madera,039,155013,0,0,0,0,0
2020-02-09,Marin,041,260295,0,0,0,0,0
2020-02-09,Mariposa,043,17540,0,0,0,0,0
2020-02-09,Mendocino,045,87422,0,0,0,0,0
2020-02-09,Merced,047,269075,0,0,0,0,0
2020-02-09,Modoc,049,8938,0,0,0,0,0
2020-02-09,Mono,051,14174,0,0,0,0,0
2020-02-09,Monterey,053,433212,1,0,0,0,0
2020-02-09,Napa,055,140530,0,0,0,0,0
2020-02-09,Nevada,057,99092,0,0,0,0,0
2020-02-09,Orange,059,3164182,35,1,0,1,0
2020-02-09,Placer,061,380077,0,0,0,0,0
2020-02-09,Plumas,063,18699,0,0,0,0,0
2020-02-09,Riverside,065,2383286,4,0,0,0,0
2020-02-09,Sacramento,067,1510023,0,0,0,0,0
2020-02-09,San Benito,069,59416,0,2,0,2,0
2020-02-09,San Bernardino,071,2135413,7,0,0,0,0
2020-02-09,San Diego,073,3302833,0,0,0,0,0
2020-02-09,San Francisco,075,870044,1,0,0,0,0
2020-02-09,San Joaquin,077,732212,0,0,1,1,0
2020-02-09,San Luis Obispo,079,281455,0,0,0,0,0
2020-02-09,San Mateo,081,765935,2,0,0,0,0
2020-02-09,Santa Barbara,083,443738,0,0,0,0,0
2020-02-09,Santa Clara,085,1922200,4,2,0,2,0
2020-02-09,Santa Cruz,087,273765,0,0,0,0,0
2020-02-09,Shasta,089,179085,0,0,0,0,0
2020-02-09,Sierra,091,2930,0,0,0,0,0
2020-02-09,Siskiyou,093,43540,0,0,0,0,0
2020-02-09,Solano,095,438530,0,0,0,0,0
2020-02-09,Sonoma,097,501317,0,0,0,0,0
2020-02-09,Stanislaus,099,539301,0,0,0,0,0
2020-02-09,Sutter,101,95872,0,0,0,0,0
2020-02-09,Tehama,103,63373,0,0,0,0,0
2020-02-09,Trinity,105,12862,0,0,0,0,0
2020-02-09,Tulare,107,460477,2,0,0,0,0
2020-02-09,Tuolumne,109,53932,0,0,0,0,0
2020-02-09,Ventura,111,848112,1,0,0,0,0
2020-02-09,Yolo,113,214977,0,0,0,0,0
2020-02-09,Yuba,115,75493,0,0,0,0,0
2020-02-08,Alameda,001,1643700,4,0,0,0,0
2020-02-08,Alpine,003,1148,0,0,0,0,0
2020-02-08,Amador,005,37829,0,0,0,0,0
2020-02-08,Butte,007,227075,0,0,0,0,0
2020-02-08,Calaveras,009,45235,0,0,0,0,0
2020-02-08,Colusa,011,21464,0,0,0,0,0
2020-02-08,Contra Costa,013,1133247,2,0,0,0,0
2020-02-08,Del Norte,015,27424,0,0,0,0,0
2020-02-08,El Dorado,017,186661,0,0,0,0,0
2020-02-08,Fresno,019,978130,0,0,0,0,0
2020-02-08,Glenn,021,27897,0,0,0,0,0
2020-02-08,Humboldt,023,135768,0,0,0,0,0
2020-02-08,Imperial,025,180216,0,0,0,0,0
2020-02-08,Inyo,027,18085,0,0,0,0,0
2020-02-08,Kern,029,883053,2,0,0,0,0
2020-02-08,Kings,031,150075,0,0,0,0,0
2020-02-08,Lake,033,64148,0,0,0,0,0
2020-02-08,Lassen,035,31185,0,0,0,0,0
2020-02-08,Los Angeles,037,10098052,24,1,1,2,0
2020-02-08,Madera,039,155013,0,0,0,0,0
2020-02-08,Marin,041,260295,0,0,0,0,0
2020-02-08,Mariposa,043,17540,0,0,0,0,0
2020-02-08,Mendocino,045,87422,0,0,0,0,0
2020-02-08,Merced,047,269075,0,0,0,0,0
2020-02-08,Modoc,049,8938,0,0,0,0,0
2020-02-08,Mono,051,14174,0,0,0,0,0
2020-02-08,Monterey,053,433212,1,0,0,0,0
2020-02-08,Napa,055,140530,0,0,0,0,0
2020-02-08,Nevada,057,99092,0,0,0,0,0
2020-02-08,Orange,059,3164182,35,1,0,1,0
2020-02-08,Placer,061,380077,0,0,0,0,0
2020-02-08,Plumas,063,18699,0,0,0,0,0
2020-02-08,Riverside,065,2383286,4,0,0,0,0
2020-02-08,Sacramento,067,1510023,0,0,0,0,0
2020-02-08,San Benito,069,59416,0,2,0,2,0
2020-02-08,San Bernardino,071,2135413,7,0,0,0,0
2020-02-08,San Diego,073,3302833,0,0,0,0,0
2020-02-08,San Francisco,075,870044,1,0,0,0,0
2020-02-08,San Joaquin,077,732212,0,0,1,1,0
2020-02-08,San Luis Obispo,079,281455,0,0,0,0,0
2020-02-08,San Mateo,081,765935,2,0,0,0,0
2020-02-08,Santa Barbara,083,443738,0,0,0,0,0
2020-02-08,Santa Clara,085,1922200,4,2,0,2,0
2020-02-08,Santa Cruz,087,273765,0,0,0,0,0
2020-02-08,Shasta,089,179085,0,0,0,0,0
2020-02-08,Sierra,091,2930,0,0,0,0,0
2020-02-08,Siskiyou,093,43540,0,0,0,0,0
2020-02-08,Solano,095,438530,0,0,0,0,0
2020-02-08,Sonoma,097,501317,0,0,0,0,0
2020-02-08,Stanislaus,099,539301,0,0,0,0,0
2020-02-08,Sutter,101,95872,0,0,0,0,0
2020-02-08,Tehama,103,63373,0,0,0,0,0
2020-02-08,Trinity,105,12862,0,0,0,0,0
2020-02-08,Tulare,107,460477,2,0,0,0,0
2020-02-08,Tuolumne,109,53932,0,0,0,0,0
2020-02-08,Ventura,111,848112,1,0,0,0,0
2020-02-08,Yolo,113,214977,0,0,0,0,0
2020-02-08,Yuba,115,75493,0,0,0,0,0
2020-02-07,Alameda,001,1643700,4,0,0,0,0
2020-02-07,Alpine,003,1148,0,0,0,0,0
2020-02-07,Amador,005,37829,0,0,0,0,0
2020-02-07,Butte,007,227075,0,0,0,0,0
2020-02-07,Calaveras,009,45235,0,0,0,0,0
2020-02-07,Colusa,011,21464,0,0,0,0,0
2020-02-07,Contra Costa,013,1133247,2,0,0,0,0
2020-02-07,Del Norte,015,27424,0,0,0,0,0
2020-02-07,El Dorado,017,186661,0,0,0,0,0
2020-02-07,Fresno,019,978130,0,0,0,0,0
2020-02-07,Glenn,021,27897,0,0,0,0,0
2020-02-07,Humboldt,023,135768,0,0,0,0,0
2020-02-07,Imperial,025,180216,0,0,0,0,0
2020-02-07,Inyo,027,18085,0,0,0,0,0
2020-02-07,Kern,029,883053,2,0,0,0,0
2020-02-07,Kings,031,150075,0,0,0,0,0
2020-02-07,Lake,033,64148,0,0,0,0,0
2020-02-07,Lassen,035,31185,0,0,0,0,0
2020-02-07,Los Angeles,037,10098052,23,1,0,1,0
2020-02-07,Madera,039,155013,0,0,0,0,0
2020-02-07,Marin,041,260295,0,0,0,0,0
2020-02-07,Mariposa,043,17540,0,0,0,0,0
2020-02-07,Mendocino,045,87422,0,0,0,0,0
2020-02-07,Merced,047,269075,0,0,0,0,0
2020-02-07,Modoc,049,8938,0,0,0,0,0
2020-02-07,Mono,051,14174,0,0,0,0,0
2020-02-07,Monterey,053,433212,1,0,0,0,0
2020-02-07,Napa,055,140530,0,0,0,0,0
2020-02-07,Nevada,057,99092,0,0,0,0,0
2020-02-07,Orange,059,3164182,33,1,0,1,0
2020-02-07,Placer,061,380077,0,0,0,0,0
2020-02-07,Plumas,063,18699,0,0,0,0,0
2020-02-07,Riverside,065,2383286,4,0,0,0,0
2020-02-07,Sacramento,067,1510023,0,0,0,0,0
2020-02-07,San Benito,069,59416,0,2,0,2,0
2020-02-07,San Bernardino,071,2135413,4,0,0,0,0
2020-02-07,San Diego,073,3302833,0,0,0,0,0
2020-02-07,San Francisco,075,870044,1,0,0,0,0
2020-02-07,San Joaquin,077,732212,0,0,1,1,0
2020-02-07,San Luis Obispo,079,281455,0,0,0,0,0
2020-02-07,San Mateo,081,765935,1,0,0,0,0
2020-02-07,Santa Barbara,083,443738,0,0,0,0,0
2020-02-07,Santa Clara,085,1922200,4,2,0,2,0
2020-02-07,Santa Cruz,087,273765,0,0,0,0,0
2020-02-07,Shasta,089,179085,0,0,0,0,0
2020-02-07,Sierra,091,2930,0,0,0,0,0
2020-02-07,Siskiyou,093,43540,0,0,0,0,0
2020-02-07,Solano,095,438530,0,0,0,0,0
2020-02-07,Sonoma,097,501317,0,0,0,0,0
2020-02-07,Stanislaus,099,539301,0,0,0,0,0
2020-02-07,Sutter,101,95872,0,0,0,0,0
2020-02-07,Tehama,103,63373,0,0,0,0,0
2020-02-07,Trinity,105,12862,0,0,0,0,0
2020-02-07,Tulare,107,460477,2,0,0,0,0
2020-02-07,Tuolumne,109,53932,0,0,0,0,0
2020-02-07,Ventura,111,848112,1,0,0,0,0
2020-02-07,Yolo,113,214977,0,0,0,0,0
2020-02-07,Yuba,115,75493,0,0,0,0,0
2020-02-06,Alameda,001,1643700,4,0,0,0,0
2020-02-06,Alpine,003,1148,0,0,0,0,0
2020-02-06,Amador,005,37829,0,0,0,0,0
2020-02-06,Butte,007,227075,0,0,0,0,0
2020-02-06,Calaveras,009,45235,0,0,0,0,0
2020-02-06,Colusa,011,21464,0,0,0,0,0
2020-02-06,Contra Costa,013,1133247,2,0,0,0,0
2020-02-06,Del Norte,015,27424,0,0,0,0,0
2020-02-06,El Dorado,017,186661,0,0,0,0,0
2020-02-06,Fresno,019,978130,0,0,0,0,0
2020-02-06,Glenn,021,27897,0,0,0,0,0
2020-02-06,Humboldt,023,135768,0,0,0,0,0
2020-02-06,Imperial,025,180216,0,0,0,0,0
2020-02-06,Inyo,027,18085,0,0,0,0,0
2020-02-06,Kern,029,883053,2,0,0,0,0
2020-02-06,Kings,031,150075,0,0,0,0,0
2020-02-06,Lake,033,64148,0,0,0,0,0
2020-02-06,Lassen,035,31185,0,0,0,0,0
2020-02-06,Los Angeles,037,10098052,22,1,0,1,0
2020-02-06,Madera,039,155013,0,0,0,0,0
2020-02-06,Marin,041,260295,0,0,0,0,0
2020-02-06,Mariposa,043,17540,0,0,0,0,0
2020-02-06,Mendocino,045,87422,0,0,0,0,0
2020-02-06,Merced,047,269075,0,0,0,0,0
2020-02-06,Modoc,049,8938,0,0,0,0,0
2020-02-06,Mono,051,14174,0,0,0,0,0
2020-02-06,Monterey,053,433212,1,0,0,0,0
2020-02-06,Napa,055,140530,0,0,0,0,0
2020-02-06,Nevada,057,99092,0,0,0,0,0
2020-02-06,Orange,059,3164182,3,1,0,1,0
2020-02-06,Placer,061,380077,0,0,0,0,0
2020-02-06,Plumas,063,18699,0,0,0,0,0
2020-02-06,Riverside,065,2383286,4,0,0,0,0
2020-02-06,Sacramento,067,1510023,0,0,0,0,0
2020-02-06,San Benito,069,59416,0,2,0,2,0
2020-02-06,San Bernardino,071,2135413,4,0,0,0,0
2020-02-06,San Diego,073,3302833,0,0,0,0,0
2020-02-06,San Francisco,075,870044,1,0,0,0,0
2020-02-06,San Joaquin,077,732212,0,0,1,1,0
2020-02-06,San Luis Obispo,079,281455,0,0,0,0,0
2020-02-06,San Mateo,081,765935,1,0,0,0,0
2020-02-06,Santa Barbara,083,443738,0,0,0,0,0
2020-02-06,Santa Clara,085,1922200,4,2,0,2,0
2020-02-06,Santa Cruz,087,273765,0,0,0,0,0
2020-02-06,Shasta,089,179085,0,0,0,0,0
2020-02-06,Sierra,091,2930,0,0,0,0,0
2020-02-06,Siskiyou,093,43540,0,0,0,0,0
2020-02-06,Solano,095,438530,0,0,0,0,0
2020-02-06,Sonoma,097,501317,0,0,0,0,0
2020-02-06,Stanislaus,099,539301,0,0,0,0,0
2020-02-06,Sutter,101,95872,0,0,0,0,0
2020-02-06,Tehama,103,63373,0,0,0,0,0
2020-02-06,Trinity,105,12862,0,0,0,0,0
2020-02-06,Tulare,107,460477,2,0,0,0,0
2020-02-06,Tuolumne,109,53932,0,0,0,0,0
2020-02-06,Ventura,111,848112,1,0,0,0,0
2020-02-06,Yolo,113,214977,0,0,0,0,0
2020-02-06,Yuba,115,75493,0,0,0,0,0
2020-02-05,Alameda,001,1643700,3,0,0,0,0
2020-02-05,Alpine,003,1148,0,0,0,0,0
2020-02-05,Amador,005,37829,0,0,0,0,0
2020-02-05,Butte,007,227075,0,0,0,0,0
2020-02-05,Calaveras,009,45235,0,0,0,0,0
2020-02-05,Colusa,011,21464,0,0,0,0,0
2020-02-05,Contra Costa,013,1133247,2,0,0,0,0
2020-02-05,Del Norte,015,27424,0,0,0,0,0
2020-02-05,El Dorado,017,186661,0,0,0,0,0
2020-02-05,Fresno,019,978130,0,0,0,0,0
2020-02-05,Glenn,021,27897,0,0,0,0,0
2020-02-05,Humboldt,023,135768,0,0,0,0,0
2020-02-05,Imperial,025,180216,0,0,0,0,0
2020-02-05,Inyo,027,18085,0,0,0,0,0
2020-02-05,Kern,029,883053,1,0,0,0,0
2020-02-05,Kings,031,150075,0,0,0,0,0
2020-02-05,Lake,033,64148,0,0,0,0,0
2020-02-05,Lassen,035,31185,0,0,0,0,0
2020-02-05,Los Angeles,037,10098052,22,1,0,1,0
2020-02-05,Madera,039,155013,0,0,0,0,0
2020-02-05,Marin,041,260295,0,0,0,0,0
2020-02-05,Mariposa,043,17540,0,0,0,0,0
2020-02-05,Mendocino,045,87422,0,0,0,0,0
2020-02-05,Merced,047,269075,0,0,0,0,0
2020-02-05,Modoc,049,8938,0,0,0,0,0
2020-02-05,Mono,051,14174,0,0,0,0,0
2020-02-05,Monterey,053,433212,1,0,0,0,0
2020-02-05,Napa,055,140530,0,0,0,0,0
2020-02-05,Nevada,057,99092,0,0,0,0,0
2020-02-05,Orange,059,3164182,2,1,0,1,0
2020-02-05,Placer,061,380077,0,0,0,0,0
2020-02-05,Plumas,063,18699,0,0,0,0,0
2020-02-05,Riverside,065,2383286,4,0,0,0,0
2020-02-05,Sacramento,067,1510023,0,0,0,0,0
2020-02-05,San Benito,069,59416,0,2,0,2,0
2020-02-05,San Bernardino,071,2135413,4,0,0,0,0
2020-02-05,San Diego,073,3302833,0,0,0,0,0
2020-02-05,San Francisco,075,870044,1,0,0,0,0
2020-02-05,San Joaquin,077,732212,0,0,1,1,0
2020-02-05,San Luis Obispo,079,281455,0,0,0,0,0
2020-02-05,San Mateo,081,765935,1,0,0,0,0
2020-02-05,Santa Barbara,083,443738,0,0,0,0,0
2020-02-05,Santa Clara,085,1922200,2,2,0,2,0
2020-02-05,Santa Cruz,087,273765,0,0,0,0,0
2020-02-05,Shasta,089,179085,0,0,0,0,0
2020-02-05,Sierra,091,2930,0,0,0,0,0
2020-02-05,Siskiyou,093,43540,0,0,0,0,0
2020-02-05,Solano,095,438530,0,0,0,0,0
2020-02-05,Sonoma,097,501317,0,0,0,0,0
2020-02-05,Stanislaus,099,539301,0,0,0,0,0
2020-02-05,Sutter,101,95872,0,0,0,0,0
2020-02-05,Tehama,103,63373,0,0,0,0,0
2020-02-05,Trinity,105,12862,0,0,0,0,0
2020-02-05,Tulare,107,460477,2,0,0,0,0
2020-02-05,Tuolumne,109,53932,0,0,0,0,0
2020-02-05,Ventura,111,848112,0,0,0,0,0
2020-02-05,Yolo,113,214977,0,0,0,0,0
2020-02-05,Yuba,115,75493,0,0,0,0,0
2020-02-04,Alameda,001,1643700,3,0,0,0,0
2020-02-04,Alpine,003,1148,0,0,0,0,0
2020-02-04,Amador,005,37829,0,0,0,0,0
2020-02-04,Butte,007,227075,0,0,0,0,0
2020-02-04,Calaveras,009,45235,0,0,0,0,0
2020-02-04,Colusa,011,21464,0,0,0,0,0
2020-02-04,Contra Costa,013,1133247,2,0,0,0,0
2020-02-04,Del Norte,015,27424,0,0,0,0,0
2020-02-04,El Dorado,017,186661,0,0,0,0,0
2020-02-04,Fresno,019,978130,0,0,0,0,0
2020-02-04,Glenn,021,27897,0,0,0,0,0
2020-02-04,Humboldt,023,135768,0,0,0,0,0
2020-02-04,Imperial,025,180216,0,0,0,0,0
2020-02-04,Inyo,027,18085,0,0,0,0,0
2020-02-04,Kern,029,883053,0,0,0,0,0
2020-02-04,Kings,031,150075,0,0,0,0,0
2020-02-04,Lake,033,64148,0,0,0,0,0
2020-02-04,Lassen,035,31185,0,0,0,0,0
2020-02-04,Los Angeles,037,10098052,22,1,0,1,0
2020-02-04,Madera,039,155013,0,0,0,0,0
2020-02-04,Marin,041,260295,0,0,0,0,0
2020-02-04,Mariposa,043,17540,0,0,0,0,0
2020-02-04,Mendocino,045,87422,0,0,0,0,0
2020-02-04,Merced,047,269075,0,0,0,0,0
2020-02-04,Modoc,049,8938,0,0,0,0,0
2020-02-04,Mono,051,14174,0,0,0,0,0
2020-02-04,Monterey,053,433212,1,0,0,0,0
2020-02-04,Napa,055,140530,0,0,0,0,0
2020-02-04,Nevada,057,99092,0,0,0,0,0
2020-02-04,Orange,059,3164182,2,1,0,1,0
2020-02-04,Placer,061,380077,0,0,0,0,0
2020-02-04,Plumas,063,18699,0,0,0,0,0
2020-02-04,Riverside,065,2383286,4,0,0,0,0
2020-02-04,Sacramento,067,1510023,0,0,0,0,0
2020-02-04,San Benito,069,59416,0,2,0,2,0
2020-02-04,San Bernardino,071,2135413,3,0,0,0,0
2020-02-04,San Diego,073,3302833,0,0,0,0,0
2020-02-04,San Francisco,075,870044,1,0,0,0,0
2020-02-04,San Joaquin,077,732212,0,0,1,1,0
2020-02-04,San Luis Obispo,079,281455,0,0,0,0,0
2020-02-04,San Mateo,081,765935,0,0,0,0,0
2020-02-04,Santa Barbara,083,443738,0,0,0,0,0
2020-02-04,Santa Clara,085,1922200,2,2,0,2,0
2020-02-04,Santa Cruz,087,273765,0,0,0,0,0
2020-02-04,Shasta,089,179085,0,0,0,0,0
2020-02-04,Sierra,091,2930,0,0,0,0,0
2020-02-04,Siskiyou,093,43540,0,0,0,0,0
2020-02-04,Solano,095,438530,0,0,0,0,0
2020-02-04,Sonoma,097,501317,0,0,0,0,0
2020-02-04,Stanislaus,099,539301,0,0,0,0,0
2020-02-04,Sutter,101,95872,0,0,0,0,0
2020-02-04,Tehama,103,63373,0,0,0,0,0
2020-02-04,Trinity,105,12862,0,0,0,0,0
2020-02-04,Tulare,107,460477,2,0,0,0,0
2020-02-04,Tuolumne,109,53932,0,0,0,0,0
2020-02-04,Ventura,111,848112,0,0,0,0,0
2020-02-04,Yolo,113,214977,0,0,0,0,0
2020-02-04,Yuba,115,75493,0,0,0,0,0
2020-02-03,Alameda,001,1643700,3,0,0,0,0
2020-02-03,Alpine,003,1148,0,0,0,0,0
2020-02-03,Amador,005,37829,0,0,0,0,0
2020-02-03,Butte,007,227075,0,0,0,0,0
2020-02-03,Calaveras,009,45235,0,0,0,0,0
2020-02-03,Colusa,011,21464,0,0,0,0,0
2020-02-03,Contra Costa,013,1133247,2,0,0,0,0
2020-02-03,Del Norte,015,27424,0,0,0,0,0
2020-02-03,El Dorado,017,186661,0,0,0,0,0
2020-02-03,Fresno,019,978130,0,0,0,0,0
2020-02-03,Glenn,021,27897,0,0,0,0,0
2020-02-03,Humboldt,023,135768,0,0,0,0,0
2020-02-03,Imperial,025,180216,0,0,0,0,0
2020-02-03,Inyo,027,18085,0,0,0,0,0
2020-02-03,Kern,029,883053,0,0,0,0,0
2020-02-03,Kings,031,150075,0,0,0,0,0
2020-02-03,Lake,033,64148,0,0,0,0,0
2020-02-03,Lassen,035,31185,0,0,0,0,0
2020-02-03,Los Angeles,037,10098052,21,1,0,1,0
2020-02-03,Madera,039,155013,0,0,0,0,0
2020-02-03,Marin,041,260295,0,0,0,0,0
2020-02-03,Mariposa,043,17540,0,0,0,0,0
2020-02-03,Mendocino,045,87422,0,0,0,0,0
2020-02-03,Merced,047,269075,0,0,0,0,0
2020-02-03,Modoc,049,8938,0,0,0,0,0
2020-02-03,Mono,051,14174,0,0,0,0,0
2020-02-03,Monterey,053,433212,1,0,0,0,0
2020-02-03,Napa,055,140530,0,0,0,0,0
2020-02-03,Nevada,057,99092,0,0,0,0,0
2020-02-03,Orange,059,3164182,1,1,0,1,0
2020-02-03,Placer,061,380077,0,0,0,0,0
2020-02-03,Plumas,063,18699,0,0,0,0,0
2020-02-03,Riverside,065,2383286,4,0,0,0,0
2020-02-03,Sacramento,067,1510023,0,0,0,0,0
2020-02-03,San Benito,069,59416,0,2,0,2,0
2020-02-03,San Bernardino,071,2135413,3,0,0,0,0
2020-02-03,San Diego,073,3302833,0,0,0,0,0
2020-02-03,San Francisco,075,870044,1,0,0,0,0
2020-02-03,San Joaquin,077,732212,0,0,1,1,0
2020-02-03,San Luis Obispo,079,281455,0,0,0,0,0
2020-02-03,San Mateo,081,765935,0,0,0,0,0
2020-02-03,Santa Barbara,083,443738,0,0,0,0,0
2020-02-03,Santa Clara,085,1922200,2,2,0,2,0
2020-02-03,Santa Cruz,087,273765,0,0,0,0,0
2020-02-03,Shasta,089,179085,0,0,0,0,0
2020-02-03,Sierra,091,2930,0,0,0,0,0
2020-02-03,Siskiyou,093,43540,0,0,0,0,0
2020-02-03,Solano,095,438530,0,0,0,0,0
2020-02-03,Sonoma,097,501317,0,0,0,0,0
2020-02-03,Stanislaus,099,539301,0,0,0,0,0
2020-02-03,Sutter,101,95872,0,0,0,0,0
2020-02-03,Tehama,103,63373,0,0,0,0,0
2020-02-03,Trinity,105,12862,0,0,0,0,0
2020-02-03,Tulare,107,460477,2,0,0,0,0
2020-02-03,Tuolumne,109,53932,0,0,0,0,0
2020-02-03,Ventura,111,848112,0,0,0,0,0
2020-02-03,Yolo,113,214977,0,0,0,0,0
2020-02-03,Yuba,115,75493,0,0,0,0,0
2020-02-02,Alameda,001,1643700,3,0,0,0,0
2020-02-02,Alpine,003,1148,0,0,0,0,0
2020-02-02,Amador,005,37829,0,0,0,0,0
2020-02-02,Butte,007,227075,0,0,0,0,0
2020-02-02,Calaveras,009,45235,0,0,0,0,0
2020-02-02,Colusa,011,21464,0,0,0,0,0
2020-02-02,Contra Costa,013,1133247,1,0,0,0,0
2020-02-02,Del Norte,015,27424,0,0,0,0,0
2020-02-02,El Dorado,017,186661,0,0,0,0,0
2020-02-02,Fresno,019,978130,0,0,0,0,0
2020-02-02,Glenn,021,27897,0,0,0,0,0
2020-02-02,Humboldt,023,135768,0,0,0,0,0
2020-02-02,Imperial,025,180216,0,0,0,0,0
2020-02-02,Inyo,027,18085,0,0,0,0,0
2020-02-02,Kern,029,883053,0,0,0,0,0
2020-02-02,Kings,031,150075,0,0,0,0,0
2020-02-02,Lake,033,64148,0,0,0,0,0
2020-02-02,Lassen,035,31185,0,0,0,0,0
2020-02-02,Los Angeles,037,10098052,17,1,0,1,0
2020-02-02,Madera,039,155013,0,0,0,0,0
2020-02-02,Marin,041,260295,0,0,0,0,0
2020-02-02,Mariposa,043,17540,0,0,0,0,0
2020-02-02,Mendocino,045,87422,0,0,0,0,0
2020-02-02,Merced,047,269075,0,0,0,0,0
2020-02-02,Modoc,049,8938,0,0,0,0,0
2020-02-02,Mono,051,14174,0,0,0,0,0
2020-02-02,Monterey,053,433212,1,0,0,0,0
2020-02-02,Napa,055,140530,0,0,0,0,0
2020-02-02,Nevada,057,99092,0,0,0,0,0
2020-02-02,Orange,059,3164182,1,1,0,1,0
2020-02-02,Placer,061,380077,0,0,0,0,0
2020-02-02,Plumas,063,18699,0,0,0,0,0
2020-02-02,Riverside,065,2383286,3,0,0,0,0
2020-02-02,Sacramento,067,1510023,0,0,0,0,0
2020-02-02,San Benito,069,59416,0,2,0,2,0
2020-02-02,San Bernardino,071,2135413,2,0,0,0,0
2020-02-02,San Diego,073,3302833,0,0,0,0,0
2020-02-02,San Francisco,075,870044,1,0,0,0,0
2020-02-02,San Joaquin,077,732212,0,0,1,1,0
2020-02-02,San Luis Obispo,079,281455,0,0,0,0,0
2020-02-02,San Mateo,081,765935,0,0,0,0,0
2020-02-02,Santa Barbara,083,443738,0,0,0,0,0
2020-02-02,Santa Clara,085,1922200,2,2,0,2,0
2020-02-02,Santa Cruz,087,273765,0,0,0,0,0
2020-02-02,Shasta,089,179085,0,0,0,0,0
2020-02-02,Sierra,091,2930,0,0,0,0,0
2020-02-02,Siskiyou,093,43540,0,0,0,0,0
2020-02-02,Solano,095,438530,0,0,0,0,0
2020-02-02,Sonoma,097,501317,0,0,0,0,0
2020-02-02,Stanislaus,099,539301,0,0,0,0,0
2020-02-02,Sutter,101,95872,0,0,0,0,0
2020-02-02,Tehama,103,63373,0,0,0,0,0
2020-02-02,Trinity,105,12862,0,0,0,0,0
2020-02-02,Tulare,107,460477,2,0,0,0,0
2020-02-02,Tuolumne,109,53932,0,0,0,0,0
2020-02-02,Ventura,111,848112,0,0,0,0,0
2020-02-02,Yolo,113,214977,0,0,0,0,0
2020-02-02,Yuba,115,75493,0,0,0,0,0
2020-02-01,Alameda,001,1643700,3,0,0,0,0
2020-02-01,Alpine,003,1148,0,0,0,0,0
2020-02-01,Amador,005,37829,0,0,0,0,0
2020-02-01,Butte,007,227075,0,0,0,0,0
2020-02-01,Calaveras,009,45235,0,0,0,0,0
2020-02-01,Colusa,011,21464,0,0,0,0,0
2020-02-01,Contra Costa,013,1133247,0,0,0,0,0
2020-02-01,Del Norte,015,27424,0,0,0,0,0
2020-02-01,El Dorado,017,186661,0,0,0,0,0
2020-02-01,Fresno,019,978130,0,0,0,0,0
2020-02-01,Glenn,021,27897,0,0,0,0,0
2020-02-01,Humboldt,023,135768,0,0,0,0,0
2020-02-01,Imperial,025,180216,0,0,0,0,0
2020-02-01,Inyo,027,18085,0,0,0,0,0
2020-02-01,Kern,029,883053,0,0,0,0,0
2020-02-01,Kings,031,150075,0,0,0,0,0
2020-02-01,Lake,033,64148,0,0,0,0,0
2020-02-01,Lassen,035,31185,0,0,0,0,0
2020-02-01,Los Angeles,037,10098052,13,1,0,1,0
2020-02-01,Madera,039,155013,0,0,0,0,0
2020-02-01,Marin,041,260295,0,0,0,0,0
2020-02-01,Mariposa,043,17540,0,0,0,0,0
2020-02-01,Mendocino,045,87422,0,0,0,0,0
2020-02-01,Merced,047,269075,0,0,0,0,0
2020-02-01,Modoc,049,8938,0,0,0,0,0
2020-02-01,Mono,051,14174,0,0,0,0,0
2020-02-01,Monterey,053,433212,0,0,0,0,0
2020-02-01,Napa,055,140530,0,0,0,0,0
2020-02-01,Nevada,057,99092,0,0,0,0,0
2020-02-01,Orange,059,3164182,1,1,0,1,0
2020-02-01,Placer,061,380077,0,0,0,0,0
2020-02-01,Plumas,063,18699,0,0,0,0,0
2020-02-01,Riverside,065,2383286,2,0,0,0,0
2020-02-01,Sacramento,067,1510023,0,0,0,0,0
2020-02-01,San Benito,069,59416,0,0,0,0,0
2020-02-01,San Bernardino,071,2135413,1,0,0,0,0
2020-02-01,San Diego,073,3302833,0,0,0,0,0
2020-02-01,San Francisco,075,870044,1,0,0,0,0
2020-02-01,San Joaquin,077,732212,0,0,1,1,0
2020-02-01,San Luis Obispo,079,281455,0,0,0,0,0
2020-02-01,San Mateo,081,765935,0,0,0,0,0
2020-02-01,Santa Barbara,083,443738,0,0,0,0,0
2020-02-01,Santa Clara,085,1922200,2,1,0,1,0
2020-02-01,Santa Cruz,087,273765,0,0,0,0,0
2020-02-01,Shasta,089,179085,0,0,0,0,0
2020-02-01,Sierra,091,2930,0,0,0,0,0
2020-02-01,Siskiyou,093,43540,0,0,0,0,0
2020-02-01,Solano,095,438530,0,0,0,0,0
2020-02-01,Sonoma,097,501317,0,0,0,0,0
2020-02-01,Stanislaus,099,539301,0,0,0,0,0
2020-02-01,Sutter,101,95872,0,0,0,0,0
2020-02-01,Tehama,103,63373,0,0,0,0,0
2020-02-01,Trinity,105,12862,0,0,0,0,0
2020-02-01,Tulare,107,460477,1,0,0,0,0
2020-02-01,Tuolumne,109,53932,0,0,0,0,0
2020-02-01,Ventura,111,848112,0,0,0,0,0
2020-02-01,Yolo,113,214977,0,0,0,0,0
2020-02-01,Yuba,115,75493,0,0,0,0,0
