date,county,fips,population,confirmed_cases,reported_cases,probable_cases,reported_and_probable_cases,reported_deaths
2022-01-18,Alameda,001,1643700,195743,195728,7330,203058,1566
2022-01-18,Alpine,003,1148,118,118,0,118,0
2022-01-18,Amador,005,37829,6689,6691,129,6820,73
2022-01-18,Butte,007,227075,26514,26514,4758,31272,347
2022-01-18,Calaveras,009,45235,5685,5684,130,5814,94
2022-01-18,Colusa,011,21464,2902,2903,827,3730,21
2022-01-18,Contra Costa,013,1133247,149452,149446,5329,154775,1085
2022-01-18,Del Norte,015,27424,4229,4229,85,4314,43
2022-01-18,El Dorado,017,186661,21699,21707,2266,23973,175
2022-01-18,Fresno,019,978130,178932,178922,14311,193233,2425
2022-01-18,Glenn,021,27897,4070,4070,1174,5244,39
2022-01-18,Humboldt,023,135768,13216,13218,1382,14600,125
2022-01-18,Imperial,025,180216,44739,44742,5628,50370,819
2022-01-18,Inyo,027,18085,3654,3654,73,3727,49
2022-01-18,Kern,029,883053,158884,158864,27706,186570,1943
2022-01-18,Kings,031,150075,39438,39440,2445,41885,392
2022-01-18,Lake,033,64148,7920,7919,326,8245,117
2022-01-18,Lassen,035,31185,7461,7461,496,7957,55
2022-01-18,Los Angeles,037,10098052,2227187,2227360,84442,2311802,27871
2022-01-18,Madera,039,155013,28714,28717,2842,31559,329
2022-01-18,Marin,041,260295,27031,27036,1324,28360,251
2022-01-18,Mariposa,043,17540,1872,1872,68,1940,6
2022-01-18,Mendocino,045,87422,10113,10114,1038,11152,103
2022-01-18,Merced,047,269075,51745,51746,2999,54745,718
2022-01-18,Modoc,049,8938,633,633,219,852,6
2022-01-18,Mono,051,14174,2643,2643,86,2729,4
2022-01-18,Monterey,053,433212,57845,57846,8036,65882,650
2022-01-18,Napa,055,140530,19907,19911,298,20209,109
2022-01-18,Nevada,057,99092,12578,12584,537,13121,111
2022-01-18,Orange,059,3164182,461331,461324,25875,487199,5938
2022-01-18,Placer,061,380077,50987,50983,4993,55976,508
2022-01-18,Plumas,063,18699,2217,2218,97,2315,12
2022-01-18,Riverside,065,2383286,497177,497278,19443,516721,5599
2022-01-18,Sacramento,067,1510023,223744,223745,11304,235049,2496
2022-01-18,San Benito,069,59416,10519,10520,309,10829,88
2022-01-18,San Bernardino,071,2135413,483712,483753,15374,499127,6258
2022-01-18,San Diego,073,3302833,605137,605137,36035,641172,4547
2022-01-18,San Francisco,075,870044,96497,96505,6868,103373,694
2022-01-18,San Joaquin,077,732212,134365,134365,7017,141382,1957
2022-01-18,San Luis Obispo,079,281455,40835,40848,2202,43050,381
2022-01-18,San Mateo,081,765935,88217,88225,6695,94920,585
2022-01-18,Santa Barbara,083,443738,67211,67216,2455,69671,581
2022-01-18,Santa Clara,085,1922200,240276,240281,5392,245673,1986
2022-01-18,Santa Cruz,087,273765,32199,32203,1437,33640,237
2022-01-18,Shasta,089,179085,25162,25162,4220,29382,448
2022-01-18,Sierra,091,2930,244,244,25,269,0
2022-01-18,Siskiyou,093,43540,3799,3799,1698,5497,62
2022-01-18,Solano,095,438530,62195,62204,2402,64606,391
2022-01-18,Sonoma,097,501317,63715,63714,987,64701,419
2022-01-18,Stanislaus,099,539301,97983,98000,10654,108654,1379
2022-01-18,Sutter,101,95872,17291,17295,597,17892,198
2022-01-18,Tehama,103,63373,9975,9975,1840,11815,142
2022-01-18,Trinity,105,12862,907,907,223,1130,19
2022-01-18,Tulare,107,460477,82666,82667,19844,102511,1196
2022-01-18,Tuolumne,109,53932,9527,9528,172,9700,91
2022-01-18,Ventura,111,848112,143385,143384,6022,149406,1233
2022-01-18,Yolo,113,214977,28790,28786,1949,30735,270
2022-01-18,Yuba,115,75493,12971,12971,584,13555,101
2022-01-17,Alameda,001,1643700,195743,193276,7330,200606,1565
2022-01-17,Alpine,003,1148,118,118,0,118,0
2022-01-17,Amador,005,37829,6689,6640,129,6769,73
2022-01-17,Butte,007,227075,26514,26303,4758,31061,348
2022-01-17,Calaveras,009,45235,5685,5584,130,5714,94
2022-01-17,Colusa,011,21464,2902,2905,827,3732,21
2022-01-17,Contra Costa,013,1133247,149452,147993,5329,153322,1086
2022-01-17,Del Norte,015,27424,4229,4209,85,4294,43
2022-01-17,El Dorado,017,186661,21699,21540,2266,23806,175
2022-01-17,Fresno,019,978130,178932,176959,14311,191270,2426
2022-01-17,Glenn,021,27897,4070,4055,1174,5229,39
2022-01-17,Humboldt,023,135768,13216,13120,1382,14502,125
2022-01-17,Imperial,025,180216,44739,44412,5628,50040,821
2022-01-17,Inyo,027,18085,3654,3650,73,3723,49
2022-01-17,Kern,029,883053,158884,157645,27706,185351,1944
2022-01-17,Kings,031,150075,39438,39143,2445,41588,392
2022-01-17,Lake,033,64148,7920,7864,326,8190,117
2022-01-17,Lassen,035,31185,7461,7417,496,7913,55
2022-01-17,Los Angeles,037,10098052,2227187,2205740,84442,2290182,27832
2022-01-17,Madera,039,155013,28714,28568,2842,31410,329
2022-01-17,Marin,041,260295,27031,26633,1324,27957,251
2022-01-17,Mariposa,043,17540,1872,1862,68,1930,6
2022-01-17,Mendocino,045,87422,10113,10030,1038,11068,103
2022-01-17,Merced,047,269075,51745,51227,2999,54226,718
2022-01-17,Modoc,049,8938,633,630,219,849,6
2022-01-17,Mono,051,14174,2643,2642,86,2728,4
2022-01-17,Monterey,053,433212,57845,57318,8036,65354,647
2022-01-17,Napa,055,140530,19907,19647,298,19945,109
2022-01-17,Nevada,057,99092,12578,12414,537,12951,111
2022-01-17,Orange,059,3164182,461331,457418,25875,483293,5933
2022-01-17,Placer,061,380077,50987,50511,4993,55504,508
2022-01-17,Plumas,063,18699,2217,2205,97,2302,12
2022-01-17,Riverside,065,2383286,497177,491322,19443,510765,5600
2022-01-17,Sacramento,067,1510023,223744,221143,11304,232447,2497
2022-01-17,San Benito,069,59416,10519,10432,309,10741,88
2022-01-17,San Bernardino,071,2135413,483712,480243,15374,495617,6259
2022-01-17,San Diego,073,3302833,605137,569241,36035,605276,4545
2022-01-17,San Francisco,075,870044,96497,95292,6868,102160,694
2022-01-17,San Joaquin,077,732212,134365,133414,7017,140431,1958
2022-01-17,San Luis Obispo,079,281455,40835,40425,2202,42627,379
2022-01-17,San Mateo,081,765935,88217,87013,6695,93708,585
2022-01-17,Santa Barbara,083,443738,67211,66704,2455,69159,581
2022-01-17,Santa Clara,085,1922200,240276,237934,5392,243326,1985
2022-01-17,Santa Cruz,087,273765,32199,31714,1437,33151,237
2022-01-17,Shasta,089,179085,25162,25025,4220,29245,448
2022-01-17,Sierra,091,2930,244,242,25,267,0
2022-01-17,Siskiyou,093,43540,3799,3764,1698,5462,62
2022-01-17,Solano,095,438530,62195,61497,2402,63899,391
2022-01-17,Sonoma,097,501317,63715,62763,987,63750,419
2022-01-17,Stanislaus,099,539301,97983,96951,10654,107605,1379
2022-01-17,Sutter,101,95872,17291,17159,597,17756,198
2022-01-17,Tehama,103,63373,9975,9912,1840,11752,142
2022-01-17,Trinity,105,12862,907,906,223,1129,19
2022-01-17,Tulare,107,460477,82666,81741,19844,101585,1199
2022-01-17,Tuolumne,109,53932,9527,9416,172,9588,91
2022-01-17,Ventura,111,848112,143385,142070,6022,148092,1234
2022-01-17,Yolo,113,214977,28790,28638,1949,30587,270
2022-01-17,Yuba,115,75493,12971,12871,584,13455,101
2022-01-16,Alameda,001,1643700,195573,190691,7330,198021,1564
2022-01-16,Alpine,003,1148,118,118,0,118,0
2022-01-16,Amador,005,37829,6679,6618,129,6747,73
2022-01-16,Butte,007,227075,26485,26139,4758,30897,348
2022-01-16,Calaveras,009,45235,5668,5537,130,5667,94
2022-01-16,Colusa,011,21464,2901,2886,827,3713,21
2022-01-16,Contra Costa,013,1133247,149347,146307,5329,151636,1086
2022-01-16,Del Norte,015,27424,4226,4177,85,4262,43
2022-01-16,El Dorado,017,186661,21683,21303,2266,23569,175
2022-01-16,Fresno,019,978130,178772,174818,14311,189129,2425
2022-01-16,Glenn,021,27897,4069,4049,1174,5223,39
2022-01-16,Humboldt,023,135768,13213,13075,1382,14457,125
2022-01-16,Imperial,025,180216,44692,44035,5628,49663,821
2022-01-16,Inyo,027,18085,3650,3602,73,3675,49
2022-01-16,Kern,029,883053,158815,156655,27706,184361,1944
2022-01-16,Kings,031,150075,39388,38861,2445,41306,392
2022-01-16,Lake,033,64148,7911,7823,326,8149,117
2022-01-16,Lassen,035,31185,7461,7391,496,7887,55
2022-01-16,Los Angeles,037,10098052,2227002,2174403,84442,2258845,27805
2022-01-16,Madera,039,155013,28686,28313,2842,31155,329
2022-01-16,Marin,041,260295,27018,26292,1324,27616,251
2022-01-16,Mariposa,043,17540,1870,1851,68,1919,6
2022-01-16,Mendocino,045,87422,10096,9992,1038,11030,102
2022-01-16,Merced,047,269075,51729,50882,2999,53881,718
2022-01-16,Modoc,049,8938,633,629,219,848,6
2022-01-16,Mono,051,14174,2643,2614,86,2700,4
2022-01-16,Monterey,053,433212,57781,57012,8036,65048,647
2022-01-16,Napa,055,140530,19899,19521,298,19819,109
2022-01-16,Nevada,057,99092,12574,12307,537,12844,111
2022-01-16,Orange,059,3164182,460927,451962,25875,477837,5932
2022-01-16,Placer,061,380077,50934,50076,4993,55069,508
2022-01-16,Plumas,063,18699,2207,2204,97,2301,12
2022-01-16,Riverside,065,2383286,496965,485191,19443,504634,5600
2022-01-16,Sacramento,067,1510023,223597,218819,11304,230123,2491
2022-01-16,San Benito,069,59416,10497,10377,309,10686,88
2022-01-16,San Bernardino,071,2135413,483516,474425,15374,489799,6259
2022-01-16,San Diego,073,3302833,604427,569241,36035,605276,4545
2022-01-16,San Francisco,075,870044,96404,94139,6868,101007,694
2022-01-16,San Joaquin,077,732212,134249,132214,7017,139231,1958
2022-01-16,San Luis Obispo,079,281455,40813,40113,2202,42315,379
2022-01-16,San Mateo,081,765935,88153,85966,6695,92661,585
2022-01-16,Santa Barbara,083,443738,67098,66111,2455,68566,582
2022-01-16,Santa Clara,085,1922200,240089,234293,5392,239685,1984
2022-01-16,Santa Cruz,087,273765,32194,31469,1437,32906,237
2022-01-16,Shasta,089,179085,25160,24980,4220,29200,449
2022-01-16,Sierra,091,2930,243,238,25,263,0
2022-01-16,Siskiyou,093,43540,3787,3748,1698,5446,62
2022-01-16,Solano,095,438530,62156,60885,2402,63287,391
2022-01-16,Sonoma,097,501317,63681,61842,987,62829,419
2022-01-16,Stanislaus,099,539301,97907,96370,10654,107024,1379
2022-01-16,Sutter,101,95872,17213,16996,597,17593,198
2022-01-16,Tehama,103,63373,9959,9868,1840,11708,142
2022-01-16,Trinity,105,12862,907,889,223,1112,19
2022-01-16,Tulare,107,460477,82542,80867,19844,100711,1199
2022-01-16,Tuolumne,109,53932,9494,9369,172,9541,91
2022-01-16,Ventura,111,848112,143272,140715,6022,146737,1234
2022-01-16,Yolo,113,214977,28781,28481,1949,30430,270
2022-01-16,Yuba,115,75493,12926,12760,584,13344,101
2022-01-15,Alameda,001,1643700,195024,177768,7330,185098,1561
2022-01-15,Alpine,003,1148,118,117,0,117,0
2022-01-15,Amador,005,37829,6669,6434,129,6563,72
2022-01-15,Butte,007,227075,26458,25032,4758,29790,348
2022-01-15,Calaveras,009,45235,5658,5258,130,5388,93
2022-01-15,Colusa,011,21464,2899,2796,827,3623,21
2022-01-15,Contra Costa,013,1133247,149060,137643,5329,142972,1082
2022-01-15,Del Norte,015,27424,4223,4065,85,4150,43
2022-01-15,El Dorado,017,186661,21656,20434,2266,22700,175
2022-01-15,Fresno,019,978130,178475,167361,14311,181672,2415
2022-01-15,Glenn,021,27897,4068,3906,1174,5080,39
2022-01-15,Humboldt,023,135768,13207,12419,1382,13801,123
2022-01-15,Imperial,025,180216,44646,42508,5628,48136,817
2022-01-15,Inyo,027,18085,3647,3395,73,3468,49
2022-01-15,Kern,029,883053,158704,150085,27706,177791,1938
2022-01-15,Kings,031,150075,39360,37221,2445,39666,391
2022-01-15,Lake,033,64148,7892,7641,326,7967,117
2022-01-15,Lassen,035,31185,7457,7274,496,7770,55
2022-01-15,Los Angeles,037,10098052,2224812,2047927,84442,2132369,27641
2022-01-15,Madera,039,155013,28645,27294,2842,30136,329
2022-01-15,Marin,041,260295,26979,25248,1324,26572,251
2022-01-15,Mariposa,043,17540,1869,1762,68,1830,6
2022-01-15,Mendocino,045,87422,10076,9534,1038,10572,102
2022-01-15,Merced,047,269075,51695,48904,2999,51903,715
2022-01-15,Modoc,049,8938,633,628,219,847,6
2022-01-15,Mono,051,14174,2643,2508,86,2594,4
2022-01-15,Monterey,053,433212,57643,55315,8036,63351,647
2022-01-15,Napa,055,140530,19836,17648,298,17946,109
2022-01-15,Nevada,057,99092,12571,11773,537,12310,111
2022-01-15,Orange,059,3164182,460215,433141,25875,459016,5914
2022-01-15,Placer,061,380077,50819,47780,4993,52773,501
2022-01-15,Plumas,063,18699,2205,2158,97,2255,12
2022-01-15,Riverside,065,2383286,496447,466381,19443,485824,5578
2022-01-15,Sacramento,067,1510023,223164,208156,11304,219460,2491
2022-01-15,San Benito,069,59416,10468,9868,309,10177,87
2022-01-15,San Bernardino,071,2135413,483222,454395,15374,469769,6233
2022-01-15,San Diego,073,3302833,602632,559385,36035,595420,4540
2022-01-15,San Francisco,075,870044,96032,88004,6868,94872,692
2022-01-15,San Joaquin,077,732212,134028,125136,7017,132153,1954
2022-01-15,San Luis Obispo,079,281455,40783,38231,2202,40433,374
2022-01-15,San Mateo,081,765935,87877,80494,6695,87189,582
2022-01-15,Santa Barbara,083,443738,66930,62312,2455,64767,579
2022-01-15,Santa Clara,085,1922200,238993,218986,5392,224378,1974
2022-01-15,Santa Cruz,087,273765,32101,29414,1437,30851,235
2022-01-15,Shasta,089,179085,25160,24482,4220,28702,445
2022-01-15,Sierra,091,2930,243,232,25,257,0
2022-01-15,Siskiyou,093,43540,3782,3661,1698,5359,62
2022-01-15,Solano,095,438530,62028,58061,2402,60463,389
2022-01-15,Sonoma,097,501317,63584,58181,987,59168,418
2022-01-15,Stanislaus,099,539301,97754,92986,10654,103640,1379
2022-01-15,Sutter,101,95872,17156,16345,597,16942,197
2022-01-15,Tehama,103,63373,9959,9572,1840,11412,141
2022-01-15,Trinity,105,12862,907,872,223,1095,19
2022-01-15,Tulare,107,460477,82374,77769,19844,97613,1192
2022-01-15,Tuolumne,109,53932,9480,9042,172,9214,91
2022-01-15,Ventura,111,848112,143057,134736,6022,140758,1227
2022-01-15,Yolo,113,214977,28730,27311,1949,29260,270
2022-01-15,Yuba,115,75493,12882,12200,584,12784,101
2022-01-14,Alameda,001,1643700,194054,177768,7330,185098,1561
2022-01-14,Alpine,003,1148,118,117,0,117,0
2022-01-14,Amador,005,37829,6650,6434,129,6563,72
2022-01-14,Butte,007,227075,26394,25032,4758,29790,348
2022-01-14,Calaveras,009,45235,5647,5258,130,5388,93
2022-01-14,Colusa,011,21464,2892,2796,827,3623,21
2022-01-14,Contra Costa,013,1133247,148443,137643,5329,142972,1082
2022-01-14,Del Norte,015,27424,4203,4065,85,4150,43
2022-01-14,El Dorado,017,186661,21551,20434,2266,22700,175
2022-01-14,Fresno,019,978130,177770,167361,14311,181672,2415
2022-01-14,Glenn,021,27897,4064,3906,1174,5080,39
2022-01-14,Humboldt,023,135768,13198,12419,1382,13801,123
2022-01-14,Imperial,025,180216,44585,42508,5628,48136,817
2022-01-14,Inyo,027,18085,3632,3395,73,3468,49
2022-01-14,Kern,029,883053,158429,150085,27706,177791,1938
2022-01-14,Kings,031,150075,39305,37221,2445,39666,391
2022-01-14,Lake,033,64148,7877,7641,326,7967,117
2022-01-14,Lassen,035,31185,7453,7274,496,7770,55
2022-01-14,Los Angeles,037,10098052,2215052,2047927,84442,2132369,27641
2022-01-14,Madera,039,155013,28563,27294,2842,30136,329
2022-01-14,Marin,041,260295,26871,25248,1324,26572,251
2022-01-14,Mariposa,043,17540,1869,1762,68,1830,6
2022-01-14,Mendocino,045,87422,10060,9534,1038,10572,102
2022-01-14,Merced,047,269075,51641,48904,2999,51903,715
2022-01-14,Modoc,049,8938,633,628,219,847,6
2022-01-14,Mono,051,14174,2635,2508,86,2594,4
2022-01-14,Monterey,053,433212,57443,55315,8036,63351,647
2022-01-14,Napa,055,140530,19779,17648,298,17946,109
2022-01-14,Nevada,057,99092,12553,11773,537,12310,111
2022-01-14,Orange,059,3164182,458416,433141,25875,459016,5914
2022-01-14,Placer,061,380077,50573,47780,4993,52773,501
2022-01-14,Plumas,063,18699,2203,2158,97,2255,12
2022-01-14,Riverside,065,2383286,494919,466381,19443,485824,5578
2022-01-14,Sacramento,067,1510023,222102,208156,11304,219460,2491
2022-01-14,San Benito,069,59416,10444,9868,309,10177,87
2022-01-14,San Bernardino,071,2135413,481789,454395,15374,469769,6233
2022-01-14,San Diego,073,3302833,600103,559385,36035,595420,4540
2022-01-14,San Francisco,075,870044,95436,88004,6868,94872,692
2022-01-14,San Joaquin,077,732212,133764,125136,7017,132153,1954
2022-01-14,San Luis Obispo,079,281455,40727,38231,2202,40433,374
2022-01-14,San Mateo,081,765935,87358,80494,6695,87189,582
2022-01-14,Santa Barbara,083,443738,66612,62312,2455,64767,579
2022-01-14,Santa Clara,085,1922200,237556,218986,5392,224378,1974
2022-01-14,Santa Cruz,087,273765,31942,29414,1437,30851,235
2022-01-14,Shasta,089,179085,25132,24482,4220,28702,445
2022-01-14,Sierra,091,2930,242,232,25,257,0
2022-01-14,Siskiyou,093,43540,3773,3661,1698,5359,62
2022-01-14,Solano,095,438530,61763,58061,2402,60463,389
2022-01-14,Sonoma,097,501317,63247,58181,987,59168,418
2022-01-14,Stanislaus,099,539301,97543,92986,10654,103640,1379
2022-01-14,Sutter,101,95872,17079,16345,597,16942,197
2022-01-14,Tehama,103,63373,9940,9572,1840,11412,141
2022-01-14,Trinity,105,12862,907,872,223,1095,19
2022-01-14,Tulare,107,460477,82108,77769,19844,97613,1192
2022-01-14,Tuolumne,109,53932,9455,9042,172,9214,91
2022-01-14,Ventura,111,848112,142564,134736,6022,140758,1227
2022-01-14,Yolo,113,214977,28659,27311,1949,29260,270
2022-01-14,Yuba,115,75493,12838,12200,584,12784,101
2022-01-13,Alameda,001,1643700,191798,177768,7330,185098,1561
2022-01-13,Alpine,003,1148,117,117,0,117,0
2022-01-13,Amador,005,37829,6624,6434,129,6563,72
2022-01-13,Butte,007,227075,26274,25032,4758,29790,348
2022-01-13,Calaveras,009,45235,5597,5258,130,5388,93
2022-01-13,Colusa,011,21464,2873,2796,827,3623,21
2022-01-13,Contra Costa,013,1133247,146812,137643,5329,142972,1082
2022-01-13,Del Norte,015,27424,4176,4065,85,4150,43
2022-01-13,El Dorado,017,186661,21439,20434,2266,22700,175
2022-01-13,Fresno,019,978130,175960,167361,14311,181672,2415
2022-01-13,Glenn,021,27897,4054,3906,1174,5080,39
2022-01-13,Humboldt,023,135768,13151,12419,1382,13801,123
2022-01-13,Imperial,025,180216,44310,42508,5628,48136,817
2022-01-13,Inyo,027,18085,3591,3395,73,3468,49
2022-01-13,Kern,029,883053,157619,150085,27706,177791,1938
2022-01-13,Kings,031,150075,39124,37221,2445,39666,391
2022-01-13,Lake,033,64148,7832,7641,326,7967,117
2022-01-13,Lassen,035,31185,7434,7274,496,7770,55
2022-01-13,Los Angeles,037,10098052,2191301,2047927,84442,2132369,27641
2022-01-13,Madera,039,155013,28391,27294,2842,30136,329
2022-01-13,Marin,041,260295,26607,25248,1324,26572,251
2022-01-13,Mariposa,043,17540,1869,1762,68,1830,6
2022-01-13,Mendocino,045,87422,10033,9534,1038,10572,102
2022-01-13,Merced,047,269075,51353,48904,2999,51903,715
2022-01-13,Modoc,049,8938,631,628,219,847,6
2022-01-13,Mono,051,14174,2629,2508,86,2594,4
2022-01-13,Monterey,053,433212,57060,55315,8036,63351,647
2022-01-13,Napa,055,140530,19569,17648,298,17946,109
2022-01-13,Nevada,057,99092,12489,11773,537,12310,111
2022-01-13,Orange,059,3164182,454821,433141,25875,459016,5914
2022-01-13,Placer,061,380077,50228,47780,4993,52773,501
2022-01-13,Plumas,063,18699,2192,2158,97,2255,12
2022-01-13,Riverside,065,2383286,491836,466381,19443,485824,5578
2022-01-13,Sacramento,067,1510023,220235,208156,11304,219460,2491
2022-01-13,San Benito,069,59416,10383,9868,309,10177,87
2022-01-13,San Bernardino,071,2135413,478634,454395,15374,469769,6233
2022-01-13,San Diego,073,3302833,596154,559385,36035,595420,4540
2022-01-13,San Francisco,075,870044,94603,88004,6868,94872,692
2022-01-13,San Joaquin,077,732212,132993,125136,7017,132153,1954
2022-01-13,San Luis Obispo,079,281455,40539,38231,2202,40433,374
2022-01-13,San Mateo,081,765935,86374,80494,6695,87189,582
2022-01-13,Santa Barbara,083,443738,66072,62312,2455,64767,579
2022-01-13,Santa Clara,085,1922200,234563,218986,5392,224378,1974
2022-01-13,Santa Cruz,087,273765,31415,29414,1437,30851,235
2022-01-13,Shasta,089,179085,25057,24482,4220,28702,445
2022-01-13,Sierra,091,2930,242,232,25,257,0
2022-01-13,Siskiyou,093,43540,3760,3661,1698,5359,62
2022-01-13,Solano,095,438530,61170,58061,2402,60463,389
2022-01-13,Sonoma,097,501317,62594,58181,987,59168,418
2022-01-13,Stanislaus,099,539301,96914,92986,10654,103640,1379
2022-01-13,Sutter,101,95872,16946,16345,597,16942,197
2022-01-13,Tehama,103,63373,9901,9572,1840,11412,141
2022-01-13,Trinity,105,12862,906,872,223,1095,19
2022-01-13,Tulare,107,460477,81417,77769,19844,97613,1192
2022-01-13,Tuolumne,109,53932,9407,9042,172,9214,91
2022-01-13,Ventura,111,848112,141787,134736,6022,140758,1227
2022-01-13,Yolo,113,214977,28544,27311,1949,29260,270
2022-01-13,Yuba,115,75493,12746,12200,584,12784,101
2022-01-12,Alameda,001,1643700,188772,173001,7330,180331,1563
2022-01-12,Alpine,003,1148,117,117,0,117,0
2022-01-12,Amador,005,37829,6598,6354,129,6483,71
2022-01-12,Butte,007,227075,26113,24631,4758,29389,348
2022-01-12,Calaveras,009,45235,5543,5151,130,5281,93
2022-01-12,Colusa,011,21464,2852,2772,827,3599,21
2022-01-12,Contra Costa,013,1133247,144907,134579,5329,139908,1077
2022-01-12,Del Norte,015,27424,4149,4019,85,4104,43
2022-01-12,El Dorado,017,186661,21270,20092,2266,22358,175
2022-01-12,Fresno,019,978130,174221,165316,14311,179627,2413
2022-01-12,Glenn,021,27897,4039,3859,1174,5033,39
2022-01-12,Humboldt,023,135768,13071,12081,1382,13463,122
2022-01-12,Imperial,025,180216,43964,41985,5628,47613,814
2022-01-12,Inyo,027,18085,3558,3334,73,3407,49
2022-01-12,Kern,029,883053,156418,148435,27706,176141,1933
2022-01-12,Kings,031,150075,38890,36780,2445,39225,391
2022-01-12,Lake,033,64148,7790,7535,326,7861,117
2022-01-12,Lassen,035,31185,7394,7223,496,7719,55
2022-01-12,Los Angeles,037,10098052,2164308,2005065,84442,2089507,27601
2022-01-12,Madera,039,155013,28236,26952,2842,29794,329
2022-01-12,Marin,041,260295,26217,24704,1324,26028,251
2022-01-12,Mariposa,043,17540,1863,1725,68,1793,6
2022-01-12,Mendocino,045,87422,9983,9379,1038,10417,103
2022-01-12,Merced,047,269075,50934,48441,2999,51440,710
2022-01-12,Modoc,049,8938,630,627,219,846,6
2022-01-12,Mono,051,14174,2625,2466,86,2552,4
2022-01-12,Monterey,053,433212,56633,54524,8036,62560,647
2022-01-12,Napa,055,140530,19387,17347,298,17645,109
2022-01-12,Nevada,057,99092,12387,11552,537,12089,111
2022-01-12,Orange,059,3164182,450688,425737,25875,451612,5912
2022-01-12,Placer,061,380077,49771,47004,4993,51997,501
2022-01-12,Plumas,063,18699,2180,2135,97,2232,12
2022-01-12,Riverside,065,2383286,487821,458881,19443,478324,5565
2022-01-12,Sacramento,067,1510023,217591,204696,11304,216000,2479
2022-01-12,San Benito,069,59416,10302,9737,309,10046,87
2022-01-12,San Bernardino,071,2135413,475020,447869,15374,463243,6222
2022-01-12,San Diego,073,3302833,589865,551669,36035,587704,4529
2022-01-12,San Francisco,075,870044,92998,85700,6868,92568,691
2022-01-12,San Joaquin,077,732212,131685,122850,7017,129867,1948
2022-01-12,San Luis Obispo,079,281455,40191,37727,2202,39929,373
2022-01-12,San Mateo,081,765935,85211,78476,6695,85171,582
2022-01-12,Santa Barbara,083,443738,65357,60815,2455,63270,578
2022-01-12,Santa Clara,085,1922200,231345,213177,5392,218569,1971
2022-01-12,Santa Cruz,087,273765,30960,28463,1437,29900,235
2022-01-12,Shasta,089,179085,24951,24324,4220,28544,446
2022-01-12,Sierra,091,2930,241,228,25,253,0
2022-01-12,Siskiyou,093,43540,3733,3639,1698,5337,62
2022-01-12,Solano,095,438530,60373,57052,2402,59454,386
2022-01-12,Sonoma,097,501317,61692,56394,987,57381,417
2022-01-12,Stanislaus,099,539301,96173,91738,10654,102392,1373
2022-01-12,Sutter,101,95872,16839,16135,597,16732,197
2022-01-12,Tehama,103,63373,9874,9475,1840,11315,141
2022-01-12,Trinity,105,12862,905,868,223,1091,19
2022-01-12,Tulare,107,460477,80933,76943,19844,96787,1192
2022-01-12,Tuolumne,109,53932,9362,8870,172,9042,91
2022-01-12,Ventura,111,848112,140759,132180,6022,138202,1220
2022-01-12,Yolo,113,214977,28330,26888,1949,28837,270
2022-01-12,Yuba,115,75493,12644,12015,584,12599,101
2022-01-11,Alameda,001,1643700,184863,169181,7330,176511,1561
2022-01-11,Alpine,003,1148,117,116,0,116,0
2022-01-11,Amador,005,37829,6544,6317,129,6446,71
2022-01-11,Butte,007,227075,25868,24479,4758,29237,347
2022-01-11,Calaveras,009,45235,5412,5083,130,5213,93
2022-01-11,Colusa,011,21464,2828,2766,827,3593,21
2022-01-11,Contra Costa,013,1133247,142146,132410,5329,137739,1077
2022-01-11,Del Norte,015,27424,4122,4006,85,4091,43
2022-01-11,El Dorado,017,186661,21008,19842,2266,22108,174
2022-01-11,Fresno,019,978130,171597,163509,14311,177820,2404
2022-01-11,Glenn,021,27897,4010,3844,1174,5018,39
2022-01-11,Humboldt,023,135768,12934,11960,1382,13342,122
2022-01-11,Imperial,025,180216,43445,41444,5628,47072,813
2022-01-11,Inyo,027,18085,3462,3278,73,3351,49
2022-01-11,Kern,029,883053,154810,146942,27706,174648,1929
2022-01-11,Kings,031,150075,38377,36524,2445,38969,389
2022-01-11,Lake,033,64148,7745,7494,326,7820,117
2022-01-11,Lassen,035,31185,7337,7210,496,7706,55
2022-01-11,Los Angeles,037,10098052,2132472,1966319,84442,2050761,27563
2022-01-11,Madera,039,155013,27902,26688,2842,29530,329
2022-01-11,Marin,041,260295,25956,24387,1324,25711,251
2022-01-11,Mariposa,043,17540,1849,1718,68,1786,6
2022-01-11,Mendocino,045,87422,9888,9301,1038,10339,102
2022-01-11,Merced,047,269075,50318,48068,2999,51067,708
2022-01-11,Modoc,049,8938,630,626,219,845,6
2022-01-11,Mono,051,14174,2589,2425,86,2511,4
2022-01-11,Monterey,053,433212,55931,53911,8036,61947,646
2022-01-11,Napa,055,140530,19152,17020,298,17318,109
2022-01-11,Nevada,057,99092,12206,11467,537,12004,110
2022-01-11,Orange,059,3164182,444883,417703,25875,443578,5909
2022-01-11,Placer,061,380077,49179,46459,4993,51452,500
2022-01-11,Plumas,063,18699,2163,2099,97,2196,12
2022-01-11,Riverside,065,2383286,481778,453766,19443,473209,5551
2022-01-11,Sacramento,067,1510023,214301,201058,11304,212362,2489
2022-01-11,San Benito,069,59416,10180,9624,309,9933,83
2022-01-11,San Bernardino,071,2135413,468593,442960,15374,458334,6198
2022-01-11,San Diego,073,3302833,579517,536954,36035,572989,4520
2022-01-11,San Francisco,075,870044,91187,83678,6868,90546,691
2022-01-11,San Joaquin,077,732212,129628,121139,7017,128156,1944
2022-01-11,San Luis Obispo,079,281455,39552,37183,2202,39385,372
2022-01-11,San Mateo,081,765935,83536,76756,6695,83451,582
2022-01-11,Santa Barbara,083,443738,64153,59758,2455,62213,578
2022-01-11,Santa Clara,085,1922200,226322,208425,5392,213817,1971
2022-01-11,Santa Cruz,087,273765,30535,27709,1437,29146,232
2022-01-11,Shasta,089,179085,24776,24132,4220,28352,446
2022-01-11,Sierra,091,2930,241,228,25,253,0
2022-01-11,Siskiyou,093,43540,3710,3621,1698,5319,62
2022-01-11,Solano,095,438530,59524,56349,2402,58751,388
2022-01-11,Sonoma,097,501317,60393,55411,987,56398,416
2022-01-11,Stanislaus,099,539301,95132,90998,10654,101652,1372
2022-01-11,Sutter,101,95872,16656,15993,597,16590,197
2022-01-11,Tehama,103,63373,9787,9406,1840,11246,140
2022-01-11,Trinity,105,12862,900,858,223,1081,19
2022-01-11,Tulare,107,460477,79898,76267,19844,96111,1188
2022-01-11,Tuolumne,109,53932,9257,8811,172,8983,91
2022-01-11,Ventura,111,848112,138988,129548,6022,135570,1220
2022-01-11,Yolo,113,214977,27841,26482,1949,28431,270
2022-01-11,Yuba,115,75493,12497,11912,584,12496,101
2022-01-10,Alameda,001,1643700,180238,165657,7330,172987,1559
2022-01-10,Alpine,003,1148,117,116,0,116,0
2022-01-10,Amador,005,37829,6490,6279,128,6407,71
2022-01-10,Butte,007,227075,25544,24217,4758,28975,347
2022-01-10,Calaveras,009,45235,5323,5025,130,5155,93
2022-01-10,Colusa,011,21464,2801,2758,820,3578,21
2022-01-10,Contra Costa,013,1133247,139565,129951,5329,135280,1077
2022-01-10,Del Norte,015,27424,4103,3970,85,4055,43
2022-01-10,El Dorado,017,186661,20634,19606,2259,21865,172
2022-01-10,Fresno,019,978130,168844,161593,14311,175904,2404
2022-01-10,Glenn,021,27897,3953,3807,1169,4976,39
2022-01-10,Humboldt,023,135768,12701,11778,1381,13159,121
2022-01-10,Imperial,025,180216,42834,41080,5628,46708,811
2022-01-10,Inyo,027,18085,3416,3227,73,3300,49
2022-01-10,Kern,029,883053,152565,145744,27701,173445,1929
2022-01-10,Kings,031,150075,37782,36286,2440,38726,389
2022-01-10,Lake,033,64148,7695,7416,324,7740,117
2022-01-10,Lassen,035,31185,7311,7192,496,7688,55
2022-01-10,Los Angeles,037,10098052,2096982,1932475,84386,2016861,27546
2022-01-10,Madera,039,155013,27538,26501,2838,29339,328
2022-01-10,Marin,041,260295,25560,24023,1324,25347,251
2022-01-10,Mariposa,043,17540,1800,1684,68,1752,6
2022-01-10,Mendocino,045,87422,9715,9163,1038,10201,101
2022-01-10,Merced,047,269075,49600,47632,2997,50629,707
2022-01-10,Modoc,049,8938,627,622,217,839,6
2022-01-10,Mono,051,14174,2526,2415,86,2501,4
2022-01-10,Monterey,053,433212,55390,53485,8030,61515,645
2022-01-10,Napa,055,140530,18908,16775,298,17073,109
2022-01-10,Nevada,057,99092,12020,11300,536,11836,110
2022-01-10,Orange,059,3164182,437705,406170,25873,432043,5906
2022-01-10,Placer,061,380077,48480,45642,4993,50635,498
2022-01-10,Plumas,063,18699,2142,2086,97,2183,12
2022-01-10,Riverside,065,2383286,474434,445536,19442,464978,5546
2022-01-10,Sacramento,067,1510023,210382,198023,11304,209327,2474
2022-01-10,San Benito,069,59416,10025,9467,309,9776,83
2022-01-10,San Bernardino,071,2135413,461539,437207,15348,452555,6184
2022-01-10,San Diego,073,3302833,568056,530506,35278,565784,4500
2022-01-10,San Francisco,075,870044,89693,82209,6867,89076,690
2022-01-10,San Joaquin,077,732212,127115,119587,7017,126604,1927
2022-01-10,San Luis Obispo,079,281455,38829,36618,2196,38814,371
2022-01-10,San Mateo,081,765935,81621,75210,6694,81904,582
2022-01-10,Santa Barbara,083,443738,62957,58957,2455,61412,578
2022-01-10,Santa Clara,085,1922200,220864,203540,5392,208932,1971
2022-01-10,Santa Cruz,087,273765,29702,26906,1437,28343,232
2022-01-10,Shasta,089,179085,24591,23983,4217,28200,446
2022-01-10,Sierra,091,2930,238,223,25,248,0
2022-01-10,Siskiyou,093,43540,3676,3592,1694,5286,62
2022-01-10,Solano,095,438530,58642,55663,2402,58065,385
2022-01-10,Sonoma,097,501317,58908,54478,987,55465,412
2022-01-10,Stanislaus,099,539301,93957,89997,10652,100649,1372
2022-01-10,Sutter,101,95872,16450,15823,593,16416,196
2022-01-10,Tehama,103,63373,9684,9360,1832,11192,140
2022-01-10,Trinity,105,12862,897,849,223,1072,19
2022-01-10,Tulare,107,460477,78679,75498,19782,95280,1186
2022-01-10,Tuolumne,109,53932,9166,8685,172,8857,91
2022-01-10,Ventura,111,848112,136728,126240,6022,132262,1217
2022-01-10,Yolo,113,214977,27323,26065,1946,28011,270
2022-01-10,Yuba,115,75493,12259,11776,568,12344,101
2022-01-09,Alameda,001,1643700,176218,162701,6703,169404,1561
2022-01-09,Alpine,003,1148,117,116,0,116,0
2022-01-09,Amador,005,37829,6417,6215,121,6336,71
2022-01-09,Butte,007,227075,25196,24018,4653,28671,347
2022-01-09,Calaveras,009,45235,5223,4976,116,5092,93
2022-01-09,Colusa,011,21464,2780,2750,802,3552,21
2022-01-09,Contra Costa,013,1133247,136959,128050,5226,133276,1077
2022-01-09,Del Norte,015,27424,4061,3950,75,4025,43
2022-01-09,El Dorado,017,186661,20344,19430,2203,21633,172
2022-01-09,Fresno,019,978130,166432,159989,14129,174118,2405
2022-01-09,Glenn,021,27897,3901,3797,1157,4954,39
2022-01-09,Humboldt,023,135768,12488,11582,1231,12813,121
2022-01-09,Imperial,025,180216,42092,40608,5547,46155,811
2022-01-09,Inyo,027,18085,3311,3149,70,3219,49
2022-01-09,Kern,029,883053,150477,144819,27554,172373,1927
2022-01-09,Kings,031,150075,37134,36041,2397,38438,389
2022-01-09,Lake,033,64148,7614,7393,316,7709,117
2022-01-09,Lassen,035,31185,7261,7172,478,7650,55
2022-01-09,Los Angeles,037,10098052,2057906,1887830,83158,1970988,27532
2022-01-09,Madera,039,155013,27236,26325,2765,29090,328
2022-01-09,Marin,041,260295,25152,23708,1240,24948,251
2022-01-09,Mariposa,043,17540,1762,1660,65,1725,6
2022-01-09,Mendocino,045,87422,9522,9097,921,10018,101
2022-01-09,Merced,047,269075,48895,47294,2853,50147,706
2022-01-09,Modoc,049,8938,625,619,216,835,6
2022-01-09,Mono,051,14174,2495,2390,77,2467,4
2022-01-09,Monterey,053,433212,54656,53251,7810,61061,645
2022-01-09,Napa,055,140530,18441,16614,289,16903,109
2022-01-09,Nevada,057,99092,11818,11152,472,11624,110
2022-01-09,Orange,059,3164182,429171,400563,25457,426020,5905
2022-01-09,Placer,061,380077,47573,45081,4937,50018,498
2022-01-09,Plumas,063,18699,2117,2081,76,2157,12
2022-01-09,Riverside,065,2383286,466247,440413,19206,459619,5546
2022-01-09,Sacramento,067,1510023,206340,195444,10937,206381,2475
2022-01-09,San Benito,069,59416,9852,9363,300,9663,83
2022-01-09,San Bernardino,071,2135413,454557,430257,14996,445253,6180
2022-01-09,San Diego,073,3302833,556296,478206,32856,511062,4500
2022-01-09,San Francisco,075,870044,88075,80463,6582,87045,690
2022-01-09,San Joaquin,077,732212,124138,118422,6902,125324,1927
2022-01-09,San Luis Obispo,079,281455,38104,36291,2120,38411,371
2022-01-09,San Mateo,081,765935,79824,73867,6569,80436,582
2022-01-09,Santa Barbara,083,443738,61369,58280,2338,60618,578
2022-01-09,Santa Clara,085,1922200,215152,199889,5102,204991,1976
2022-01-09,Santa Cruz,087,273765,28986,26513,1424,27937,232
2022-01-09,Shasta,089,179085,24410,23926,4153,28079,446
2022-01-09,Sierra,091,2930,236,223,25,248,0
2022-01-09,Siskiyou,093,43540,3651,3580,1633,5213,62
2022-01-09,Solano,095,438530,57636,54985,2328,57313,384
2022-01-09,Sonoma,097,501317,57399,53543,965,54508,412
2022-01-09,Stanislaus,099,539301,92733,89248,10552,99800,1372
2022-01-09,Sutter,101,95872,16190,15695,582,16277,196
2022-01-09,Tehama,103,63373,9575,9306,1795,11101,140
2022-01-09,Trinity,105,12862,891,848,222,1070,19
2022-01-09,Tulare,107,460477,77505,75085,19419,94504,1186
2022-01-09,Tuolumne,109,53932,9036,8595,148,8743,91
2022-01-09,Ventura,111,848112,133975,124269,5937,130206,1217
2022-01-09,Yolo,113,214977,26797,25632,1923,27555,270
2022-01-09,Yuba,115,75493,12092,11666,544,12210,101
2022-01-08,Alameda,001,1643700,174532,148560,6627,155187,1558
2022-01-08,Alpine,003,1148,117,114,0,114,0
2022-01-08,Amador,005,37829,6395,6091,120,6211,71
2022-01-08,Butte,007,227075,25047,23429,4634,28063,347
2022-01-08,Calaveras,009,45235,5197,4823,114,4937,93
2022-01-08,Colusa,011,21464,2770,2713,802,3515,21
2022-01-08,Contra Costa,013,1133247,135562,119907,5177,125084,1077
2022-01-08,Del Norte,015,27424,4052,3902,75,3977,43
2022-01-08,El Dorado,017,186661,20204,18599,2170,20769,172
2022-01-08,Fresno,019,978130,165623,155394,14111,169505,2393
2022-01-08,Glenn,021,27897,3893,3732,1155,4887,39
2022-01-08,Humboldt,023,135768,12380,11149,1223,12372,121
2022-01-08,Imperial,025,180216,41932,39429,5481,44910,800
2022-01-08,Inyo,027,18085,3300,3020,69,3089,49
2022-01-08,Kern,029,883053,149513,140410,27535,167945,1921
2022-01-08,Kings,031,150075,36935,35275,2387,37662,390
2022-01-08,Lake,033,64148,7584,7209,311,7520,117
2022-01-08,Lassen,035,31185,7244,7127,476,7603,55
2022-01-08,Los Angeles,037,10098052,2042987,1765787,82427,1848214,27476
2022-01-08,Madera,039,155013,27104,25767,2737,28504,328
2022-01-08,Marin,041,260295,24924,22377,1232,23609,251
2022-01-08,Mariposa,043,17540,1756,1588,65,1653,6
2022-01-08,Mendocino,045,87422,9463,8792,919,9711,101
2022-01-08,Merced,047,269075,48778,46094,2845,48939,703
2022-01-08,Modoc,049,8938,625,610,216,826,6
2022-01-08,Mono,051,14174,2493,2240,73,2313,4
2022-01-08,Monterey,053,433212,54481,51721,7775,59496,644
2022-01-08,Napa,055,140530,18325,15819,278,16097,109
2022-01-08,Nevada,057,99092,11763,10765,468,11233,110
2022-01-08,Orange,059,3164182,426015,375124,25097,400221,5903
2022-01-08,Placer,061,380077,47229,43172,4920,48092,495
2022-01-08,Plumas,063,18699,2112,2053,75,2128,12
2022-01-08,Riverside,065,2383286,463113,422591,19168,441759,5535
2022-01-08,Sacramento,067,1510023,205199,185118,10863,195981,2470
2022-01-08,San Benito,069,59416,9689,9016,297,9313,83
2022-01-08,San Bernardino,071,2135413,451968,411724,14958,426682,6122
2022-01-08,San Diego,073,3302833,551941,472273,32420,504693,4495
2022-01-08,San Francisco,075,870044,86963,73660,6211,79871,690
2022-01-08,San Joaquin,077,732212,123337,112514,6834,119348,1916
2022-01-08,San Luis Obispo,079,281455,37968,34489,2079,36568,369
2022-01-08,San Mateo,081,765935,78785,67918,6515,74433,582
2022-01-08,Santa Barbara,083,443738,60763,54617,2306,56923,575
2022-01-08,Santa Clara,085,1922200,212482,183842,4923,188765,1966
2022-01-08,Santa Cruz,087,273765,28626,24678,1415,26093,230
2022-01-08,Shasta,089,179085,24367,23585,4146,27731,445
2022-01-08,Sierra,091,2930,232,215,25,240,0
2022-01-08,Siskiyou,093,43540,3645,3545,1626,5171,62
2022-01-08,Solano,095,438530,57276,52452,2294,54746,383
2022-01-08,Sonoma,097,501317,56982,50130,938,51068,411
2022-01-08,Stanislaus,099,539301,92186,87049,10526,97575,1372
2022-01-08,Sutter,101,95872,16085,15261,575,15836,195
2022-01-08,Tehama,103,63373,9548,9109,1793,10902,140
2022-01-08,Trinity,105,12862,887,836,222,1058,19
2022-01-08,Tulare,107,460477,77196,73600,19267,92867,1185
2022-01-08,Tuolumne,109,53932,8951,8360,148,8508,91
2022-01-08,Ventura,111,848112,133059,117229,5902,123131,1216
2022-01-08,Yolo,113,214977,26571,24006,1917,25923,270
2022-01-08,Yuba,115,75493,12015,11277,544,11821,101
2022-01-07,Alameda,001,1643700,172052,148560,6555,155115,1558
2022-01-07,Alpine,003,1148,117,114,0,114,0
2022-01-07,Amador,005,37829,6353,6091,119,6210,71
2022-01-07,Butte,007,227075,24880,23429,4609,28038,347
2022-01-07,Calaveras,009,45235,5170,4823,113,4936,93
2022-01-07,Colusa,011,21464,2762,2713,802,3515,21
2022-01-07,Contra Costa,013,1133247,133828,119907,5123,125030,1077
2022-01-07,Del Norte,015,27424,4035,3902,75,3977,43
2022-01-07,El Dorado,017,186661,20076,18599,2164,20763,172
2022-01-07,Fresno,019,978130,164330,155394,14083,169477,2393
2022-01-07,Glenn,021,27897,3873,3732,1153,4885,39
2022-01-07,Humboldt,023,135768,12250,11149,1211,12360,121
2022-01-07,Imperial,025,180216,41815,39429,5408,44837,800
2022-01-07,Inyo,027,18085,3281,3020,69,3089,49
2022-01-07,Kern,029,883053,148728,140410,27474,167884,1921
2022-01-07,Kings,031,150075,36763,35275,2380,37655,390
2022-01-07,Lake,033,64148,7534,7209,305,7514,117
2022-01-07,Lassen,035,31185,7233,7127,476,7603,55
2022-01-07,Los Angeles,037,10098052,2015118,1765787,81816,1847603,27476
2022-01-07,Madera,039,155013,26962,25767,2720,28487,328
2022-01-07,Marin,041,260295,24589,22377,1161,23538,251
2022-01-07,Mariposa,043,17540,1740,1588,65,1653,6
2022-01-07,Mendocino,045,87422,9375,8792,919,9711,101
2022-01-07,Merced,047,269075,48665,46094,2830,48924,703
2022-01-07,Modoc,049,8938,624,610,216,826,6
2022-01-07,Mono,051,14174,2452,2240,66,2306,4
2022-01-07,Monterey,053,433212,54214,51721,7729,59450,644
2022-01-07,Napa,055,140530,18161,15819,276,16095,109
2022-01-07,Nevada,057,99092,11664,10765,464,11229,110
2022-01-07,Orange,059,3164182,422192,375124,24730,399854,5903
2022-01-07,Placer,061,380077,46832,43172,4891,48063,495
2022-01-07,Plumas,063,18699,2106,2053,74,2127,12
2022-01-07,Riverside,065,2383286,459730,422591,19135,441726,5535
2022-01-07,Sacramento,067,1510023,203342,185118,10711,195829,2470
2022-01-07,San Benito,069,59416,9647,9016,297,9313,83
2022-01-07,San Bernardino,071,2135413,448780,411724,14912,426636,6122
2022-01-07,San Diego,073,3302833,545216,472273,31909,504182,4495
2022-01-07,San Francisco,075,870044,85681,73660,5857,79517,690
2022-01-07,San Joaquin,077,732212,122556,112514,6798,119312,1916
2022-01-07,San Luis Obispo,079,281455,37801,34489,2021,36510,369
2022-01-07,San Mateo,081,765935,77754,67918,6470,74388,582
2022-01-07,Santa Barbara,083,443738,60133,54617,2288,56905,575
2022-01-07,Santa Clara,085,1922200,209576,183842,4863,188705,1966
2022-01-07,Santa Cruz,087,273765,28183,24678,1408,26086,230
2022-01-07,Shasta,089,179085,24317,23585,4130,27715,445
2022-01-07,Sierra,091,2930,229,215,25,240,0
2022-01-07,Siskiyou,093,43540,3636,3545,1624,5169,62
2022-01-07,Solano,095,438530,56766,52452,2269,54721,383
2022-01-07,Sonoma,097,501317,56434,50130,911,51041,411
2022-01-07,Stanislaus,099,539301,91805,87049,10508,97557,1372
2022-01-07,Sutter,101,95872,15952,15261,573,15834,195
2022-01-07,Tehama,103,63373,9513,9109,1786,10895,140
2022-01-07,Trinity,105,12862,883,836,221,1057,19
2022-01-07,Tulare,107,460477,76855,73600,19126,92726,1185
2022-01-07,Tuolumne,109,53932,8878,8360,147,8507,91
2022-01-07,Ventura,111,848112,131805,117229,5867,123096,1216
2022-01-07,Yolo,113,214977,26268,24006,1900,25906,270
2022-01-07,Yuba,115,75493,11926,11277,544,11821,101
2022-01-06,Alameda,001,1643700,166942,148560,6105,154665,1558
2022-01-06,Alpine,003,1148,116,114,0,114,0
2022-01-06,Amador,005,37829,6314,6091,118,6209,71
2022-01-06,Butte,007,227075,24620,23429,4538,27967,347
2022-01-06,Calaveras,009,45235,5050,4823,101,4924,93
2022-01-06,Colusa,011,21464,2743,2713,798,3511,21
2022-01-06,Contra Costa,013,1133247,131123,119907,4799,124706,1077
2022-01-06,Del Norte,015,27424,4005,3902,74,3976,43
2022-01-06,El Dorado,017,186661,19773,18599,2124,20723,172
2022-01-06,Fresno,019,978130,162280,155394,13889,169283,2393
2022-01-06,Glenn,021,27897,3849,3732,1145,4877,39
2022-01-06,Humboldt,023,135768,12015,11149,1155,12304,121
2022-01-06,Imperial,025,180216,41260,39429,5281,44710,800
2022-01-06,Inyo,027,18085,3243,3020,69,3089,49
2022-01-06,Kern,029,883053,147364,140410,27392,167802,1921
2022-01-06,Kings,031,150075,36433,35275,2364,37639,390
2022-01-06,Lake,033,64148,7473,7209,298,7507,117
2022-01-06,Lassen,035,31185,7212,7127,473,7600,55
2022-01-06,Los Angeles,037,10098052,1964797,1765787,80476,1846263,27476
2022-01-06,Madera,039,155013,26689,25767,2655,28422,328
2022-01-06,Marin,041,260295,24240,22377,1125,23502,251
2022-01-06,Mariposa,043,17540,1721,1588,63,1651,6
2022-01-06,Mendocino,045,87422,9290,8792,868,9660,101
2022-01-06,Merced,047,269075,48135,46094,2689,48783,703
2022-01-06,Modoc,049,8938,623,610,216,826,6
2022-01-06,Mono,051,14174,2426,2240,61,2301,4
2022-01-06,Monterey,053,433212,53684,51721,7473,59194,644
2022-01-06,Napa,055,140530,17792,15819,266,16085,109
2022-01-06,Nevada,057,99092,11483,10765,449,11214,110
2022-01-06,Orange,059,3164182,414240,375124,24185,399309,5903
2022-01-06,Placer,061,380077,46191,43172,4829,48001,495
2022-01-06,Plumas,063,18699,2098,2053,72,2125,12
2022-01-06,Riverside,065,2383286,452763,422591,18979,441570,5535
2022-01-06,Sacramento,067,1510023,199911,185118,9802,194920,2470
2022-01-06,San Benito,069,59416,9547,9016,291,9307,83
2022-01-06,San Bernardino,071,2135413,442293,411724,14586,426310,6122
2022-01-06,San Diego,073,3302833,534187,472273,30739,503012,4495
2022-01-06,San Francisco,075,870044,83475,73660,5604,79264,690
2022-01-06,San Joaquin,077,732212,120582,112514,6720,119234,1916
2022-01-06,San Luis Obispo,079,281455,37153,34489,1949,36438,369
2022-01-06,San Mateo,081,765935,75840,67918,6146,74064,582
2022-01-06,Santa Barbara,083,443738,59027,54617,2233,56850,575
2022-01-06,Santa Clara,085,1922200,205021,183842,4477,188319,1966
2022-01-06,Santa Cruz,087,273765,27669,24678,1397,26075,230
2022-01-06,Shasta,089,179085,24201,23585,4099,27684,445
2022-01-06,Sierra,091,2930,225,215,25,240,0
2022-01-06,Siskiyou,093,43540,3621,3545,1578,5123,62
2022-01-06,Solano,095,438530,55828,52452,2146,54598,383
2022-01-06,Sonoma,097,501317,55138,50130,869,50999,411
2022-01-06,Stanislaus,099,539301,90739,87049,10422,97471,1372
2022-01-06,Sutter,101,95872,15793,15261,554,15815,195
2022-01-06,Tehama,103,63373,9441,9109,1769,10878,140
2022-01-06,Trinity,105,12862,877,836,221,1057,19
2022-01-06,Tulare,107,460477,76227,73600,18969,92569,1185
2022-01-06,Tuolumne,109,53932,8778,8360,143,8503,91
2022-01-06,Ventura,111,848112,129530,117229,5758,122987,1216
2022-01-06,Yolo,113,214977,25802,24006,1870,25876,270
2022-01-06,Yuba,115,75493,11799,11277,525,11802,101
2022-01-05,Alameda,001,1643700,162080,144824,5657,150481,1548
2022-01-05,Alpine,003,1148,116,112,0,112,0
2022-01-05,Amador,005,37829,6272,6012,118,6130,70
2022-01-05,Butte,007,227075,24318,23134,4483,27617,343
2022-01-05,Calaveras,009,45235,5003,4758,98,4856,90
2022-01-05,Colusa,011,21464,2731,2704,786,3490,21
2022-01-05,Contra Costa,013,1133247,128243,117188,4368,121556,1071
2022-01-05,Del Norte,015,27424,3985,3862,72,3934,43
2022-01-05,El Dorado,017,186661,19472,18367,2099,20466,171
2022-01-05,Fresno,019,978130,160254,153033,13704,166737,2377
2022-01-05,Glenn,021,27897,3802,3700,1137,4837,39
2022-01-05,Humboldt,023,135768,11821,10938,1103,12041,120
2022-01-05,Imperial,025,180216,40658,38789,5155,43944,800
2022-01-05,Inyo,027,18085,3155,2939,64,3003,49
2022-01-05,Kern,029,883053,145821,138186,27283,165469,1913
2022-01-05,Kings,031,150075,36124,34893,2345,37238,387
2022-01-05,Lake,033,64148,7400,7129,277,7406,117
2022-01-05,Lassen,035,31185,7196,7077,470,7547,55
2022-01-05,Los Angeles,037,10098052,1912961,1729640,79010,1808650,27443
2022-01-05,Madera,039,155013,26458,25392,2582,27974,327
2022-01-05,Marin,041,260295,23940,21829,1082,22911,251
2022-01-05,Mariposa,043,17540,1695,1564,62,1626,6
2022-01-05,Mendocino,045,87422,9169,8625,838,9463,101
2022-01-05,Merced,047,269075,47575,45721,2557,48278,700
2022-01-05,Modoc,049,8938,621,603,216,819,6
2022-01-05,Mono,051,14174,2399,2201,54,2255,4
2022-01-05,Monterey,053,433212,53048,51241,7270,58511,639
2022-01-05,Napa,055,140530,17440,15494,235,15729,108
2022-01-05,Nevada,057,99092,11307,10624,440,11064,110
2022-01-05,Orange,059,3164182,405530,366139,23533,389672,5869
2022-01-05,Placer,061,380077,45399,42456,4757,47213,492
2022-01-05,Plumas,063,18699,2082,2020,72,2092,12
2022-01-05,Riverside,065,2383286,445904,415253,18778,434031,5502
2022-01-05,Sacramento,067,1510023,195727,181488,8801,190289,2455
2022-01-05,San Benito,069,59416,9357,8829,281,9110,83
2022-01-05,San Bernardino,071,2135413,434952,405323,14226,419549,6085
2022-01-05,San Diego,073,3302833,521376,466602,29906,496508,4495
2022-01-05,San Francisco,075,870044,81026,71405,5466,76871,686
2022-01-05,San Joaquin,077,732212,118243,110497,6648,117145,1903
2022-01-05,San Luis Obispo,079,281455,36397,34066,1867,35933,369
2022-01-05,San Mateo,081,765935,74007,66018,5938,71956,578
2022-01-05,Santa Barbara,083,443738,57796,53082,2151,55233,570
2022-01-05,Santa Clara,085,1922200,199567,178629,4107,182736,1961
2022-01-05,Santa Cruz,087,273765,26951,24394,1381,25775,229
2022-01-05,Shasta,089,179085,24078,23361,4076,27437,441
2022-01-05,Sierra,091,2930,222,210,24,234,0
2022-01-05,Siskiyou,093,43540,3611,3513,1553,5066,60
2022-01-05,Solano,095,438530,54910,51505,2058,53563,380
2022-01-05,Sonoma,097,501317,53967,49120,850,49970,412
2022-01-05,Stanislaus,099,539301,89867,86248,10307,96555,1360
2022-01-05,Sutter,101,95872,15599,15117,522,15639,193
2022-01-05,Tehama,103,63373,9347,9011,1740,10751,140
2022-01-05,Trinity,105,12862,874,822,219,1041,19
2022-01-05,Tulare,107,460477,75552,72718,18827,91545,1173
2022-01-05,Tuolumne,109,53932,8688,8223,138,8361,90
2022-01-05,Ventura,111,848112,127257,114752,5610,120362,1211
2022-01-05,Yolo,113,214977,25288,23401,1839,25240,269
2022-01-05,Yuba,115,75493,11626,11138,500,11638,100
2022-01-04,Alameda,001,1643700,156795,143360,5314,148674,1532
2022-01-04,Alpine,003,1148,116,113,0,113,0
2022-01-04,Amador,005,37829,6214,6025,109,6134,71
2022-01-04,Butte,007,227075,24038,23094,4420,27514,346
2022-01-04,Calaveras,009,45235,4937,4767,91,4858,93
2022-01-04,Colusa,011,21464,2719,2689,780,3469,21
2022-01-04,Contra Costa,013,1133247,125323,116005,4061,120066,1075
2022-01-04,Del Norte,015,27424,3954,3882,70,3952,43
2022-01-04,El Dorado,017,186661,19186,18339,2078,20417,172
2022-01-04,Fresno,019,978130,158115,153244,13595,166839,2380
2022-01-04,Glenn,021,27897,3771,3705,1122,4827,39
2022-01-04,Humboldt,023,135768,11581,10865,1050,11915,120
2022-01-04,Imperial,025,180216,40097,38596,4994,43590,800
2022-01-04,Inyo,027,18085,3073,2870,63,2933,49
2022-01-04,Kern,029,883053,144134,138245,27108,165353,1916
2022-01-04,Kings,031,150075,35864,34931,2333,37264,388
2022-01-04,Lake,033,64148,7370,7152,259,7411,117
2022-01-04,Lassen,035,31185,7175,7111,465,7576,55
2022-01-04,Los Angeles,037,10098052,1856507,1705253,77324,1782577,27419
2022-01-04,Madera,039,155013,26154,25425,2522,27947,328
2022-01-04,Marin,041,260295,23515,21675,1055,22730,251
2022-01-04,Mariposa,043,17540,1661,1564,61,1625,6
2022-01-04,Mendocino,045,87422,9050,8636,816,9452,101
2022-01-04,Merced,047,269075,46976,45583,2429,48012,700
2022-01-04,Modoc,049,8938,620,611,216,827,6
2022-01-04,Mono,051,14174,2342,2190,44,2234,4
2022-01-04,Monterey,053,433212,52528,51176,6993,58169,643
2022-01-04,Napa,055,140530,16953,15370,225,15595,107
2022-01-04,Nevada,057,99092,11165,10608,433,11041,110
2022-01-04,Orange,059,3164182,396055,362051,22893,384944,5897
2022-01-04,Placer,061,380077,44626,42285,4664,46949,494
2022-01-04,Plumas,063,18699,2069,2014,70,2084,12
2022-01-04,Riverside,065,2383286,437892,413366,18628,431994,5504
2022-01-04,Sacramento,067,1510023,191549,181271,8012,189283,2453
2022-01-04,San Benito,069,59416,9177,8763,271,9034,79
2022-01-04,San Bernardino,071,2135413,427463,404409,13928,418337,6060
2022-01-04,San Diego,073,3302833,505523,458499,29075,487574,4487
2022-01-04,San Francisco,075,870044,78425,70666,5296,75962,688
2022-01-04,San Joaquin,077,732212,115954,110374,6542,116916,1911
2022-01-04,San Luis Obispo,079,281455,35640,33788,1778,35566,371
2022-01-04,San Mateo,081,765935,72041,65157,5762,70919,582
2022-01-04,Santa Barbara,083,443738,56394,52449,2074,54523,574
2022-01-04,Santa Clara,085,1922200,193956,176854,3659,180513,1964
2022-01-04,Santa Cruz,087,273765,26231,23904,1354,25258,228
2022-01-04,Shasta,089,179085,23957,23366,4027,27393,442
2022-01-04,Sierra,091,2930,222,214,24,238,0
2022-01-04,Siskiyou,093,43540,3594,3509,1536,5045,61
2022-01-04,Solano,095,438530,53759,51300,1925,53225,383
2022-01-04,Sonoma,097,501317,52394,48653,804,49457,410
2022-01-04,Stanislaus,099,539301,88899,86107,10213,96320,1361
2022-01-04,Sutter,101,95872,15459,15032,500,15532,193
2022-01-04,Tehama,103,63373,9269,9020,1718,10738,140
2022-01-04,Trinity,105,12862,867,833,218,1051,18
2022-01-04,Tulare,107,460477,74821,72893,18690,91583,1172
2022-01-04,Tuolumne,109,53932,8585,8235,132,8367,91
2022-01-04,Ventura,111,848112,124565,114079,5470,119549,1213
2022-01-04,Yolo,113,214977,24723,22938,1812,24750,270
2022-01-04,Yuba,115,75493,11452,11104,488,11592,101
2022-01-03,Alameda,001,1643700,151046,142090,4906,146996,1529
2022-01-03,Alpine,003,1148,115,113,0,113,0
2022-01-03,Amador,005,37829,6160,6004,101,6105,71
2022-01-03,Butte,007,227075,23757,22924,4384,27308,345
2022-01-03,Calaveras,009,45235,4879,4742,83,4825,93
2022-01-03,Colusa,011,21464,2711,2683,775,3458,21
2022-01-03,Contra Costa,013,1133247,122267,114966,3504,118470,1073
2022-01-03,Del Norte,015,27424,3935,3873,67,3940,43
2022-01-03,El Dorado,017,186661,18898,18183,2053,20236,172
2022-01-03,Fresno,019,978130,156162,152674,13468,166142,2379
2022-01-03,Glenn,021,27897,3743,3703,1076,4779,39
2022-01-03,Humboldt,023,135768,11389,10784,1005,11789,119
2022-01-03,Imperial,025,180216,39506,38411,4910,43321,800
2022-01-03,Inyo,027,18085,3008,2845,59,2904,49
2022-01-03,Kern,029,883053,142358,137773,26937,164710,1916
2022-01-03,Kings,031,150075,35585,34817,2308,37125,387
2022-01-03,Lake,033,64148,7279,7134,233,7367,117
2022-01-03,Lassen,035,31185,7159,7103,463,7566,55
2022-01-03,Los Angeles,037,10098052,1799672,1686203,75477,1761680,27394
2022-01-03,Madera,039,155013,25891,25323,2487,27810,320
2022-01-03,Marin,041,260295,22963,21532,1008,22540,251
2022-01-03,Mariposa,043,17540,1623,1559,61,1620,6
2022-01-03,Mendocino,045,87422,8904,8573,759,9332,101
2022-01-03,Merced,047,269075,46393,45459,2324,47783,696
2022-01-03,Modoc,049,8938,617,602,216,818,6
2022-01-03,Mono,051,14174,2229,2172,32,2204,4
2022-01-03,Monterey,053,433212,51957,51047,6578,57625,644
2022-01-03,Napa,055,140530,16448,15260,209,15469,107
2022-01-03,Nevada,057,99092,11027,10572,426,10998,110
2022-01-03,Orange,059,3164182,385518,358052,22198,380250,5894
2022-01-03,Placer,061,380077,43868,42054,4628,46682,489
2022-01-03,Plumas,063,18699,2053,2005,70,2075,12
2022-01-03,Riverside,065,2383286,429743,410155,18411,428566,5504
2022-01-03,Sacramento,067,1510023,186967,179992,7465,187457,2452
2022-01-03,San Benito,069,59416,9015,8688,257,8945,79
2022-01-03,San Bernardino,071,2135413,419834,401938,13660,415598,6056
2022-01-03,San Diego,073,3302833,490126,451154,28336,479490,4476
2022-01-03,San Francisco,075,870044,75825,69315,4887,74202,686
2022-01-03,San Joaquin,077,732212,113755,109757,6459,116216,1903
2022-01-03,San Luis Obispo,079,281455,34853,33667,1681,35348,367
2022-01-03,San Mateo,081,765935,69798,64470,5365,69835,582
2022-01-03,Santa Barbara,083,443738,55006,51912,1980,53892,571
2022-01-03,Santa Clara,085,1922200,188359,174215,3228,177443,1963
2022-01-03,Santa Cruz,087,273765,25472,23765,1329,25094,228
2022-01-03,Shasta,089,179085,23807,23301,4004,27305,440
2022-01-03,Sierra,091,2930,216,213,23,236,0
2022-01-03,Siskiyou,093,43540,3569,3500,1518,5018,61
2022-01-03,Solano,095,438530,52585,51030,1783,52813,380
2022-01-03,Sonoma,097,501317,50783,48391,773,49164,410
2022-01-03,Stanislaus,099,539301,87989,85793,10091,95884,1332
2022-01-03,Sutter,101,95872,15310,14973,484,15457,193
2022-01-03,Tehama,103,63373,9198,9005,1691,10696,140
2022-01-03,Trinity,105,12862,863,833,217,1050,18
2022-01-03,Tulare,107,460477,74201,72664,18535,91199,1167
2022-01-03,Tuolumne,109,53932,8459,8179,128,8307,91
2022-01-03,Ventura,111,848112,121630,112762,5323,118085,1211
2022-01-03,Yolo,113,214977,24094,22563,1774,24337,270
2022-01-03,Yuba,115,75493,11327,11037,474,11511,99
2022-01-02,Alameda,001,1643700,146906,133486,4425,137911,1528
2022-01-02,Alpine,003,1148,114,113,0,113,0
2022-01-02,Amador,005,37829,6099,5913,96,6009,70
2022-01-02,Butte,007,227075,23449,22469,4330,26799,341
2022-01-02,Calaveras,009,45235,4821,4668,74,4742,93
2022-01-02,Colusa,011,21464,2706,2659,763,3422,21
2022-01-02,Contra Costa,013,1133247,119032,109593,3109,112702,1073
2022-01-02,Del Norte,015,27424,3907,3841,64,3905,43
2022-01-02,El Dorado,017,186661,18619,17621,2013,19634,172
2022-01-02,Fresno,019,978130,154535,149927,13338,163265,2379
2022-01-02,Glenn,021,27897,3717,3663,1069,4732,39
2022-01-02,Humboldt,023,135768,11178,10381,944,11325,119
2022-01-02,Imperial,025,180216,38850,37672,4716,42388,800
2022-01-02,Inyo,027,18085,2943,2726,47,2773,49
2022-01-02,Kern,029,883053,140581,136123,26731,162854,1917
2022-01-02,Kings,031,150075,35293,34318,2278,36596,386
2022-01-02,Lake,033,64148,7214,7060,214,7274,117
2022-01-02,Lassen,035,31185,7144,7089,462,7551,55
2022-01-02,Los Angeles,037,10098052,1752209,1596123,73308,1669431,27371
2022-01-02,Madera,039,155013,25657,25002,2440,27442,320
2022-01-02,Marin,041,260295,22443,20475,947,21422,249
2022-01-02,Mariposa,043,17540,1596,1509,59,1568,6
2022-01-02,Mendocino,045,87422,8792,8422,739,9161,101
2022-01-02,Merced,047,269075,45875,44769,2229,46998,694
2022-01-02,Modoc,049,8938,615,601,215,816,6
2022-01-02,Mono,051,14174,2205,2101,28,2129,4
2022-01-02,Monterey,053,433212,51543,50251,6216,56467,643
2022-01-02,Napa,055,140530,15900,14439,206,14645,107
2022-01-02,Nevada,057,99092,10854,10299,416,10715,110
2022-01-02,Orange,059,3164182,374979,339526,21513,361039,5890
2022-01-02,Placer,061,380077,43218,40857,4563,45420,489
2022-01-02,Plumas,063,18699,2039,1994,66,2060,12
2022-01-02,Riverside,065,2383286,421739,397124,18038,415162,5501
2022-01-02,Sacramento,067,1510023,183411,173562,6666,180228,2448
2022-01-02,San Benito,069,59416,8836,8320,239,8559,79
2022-01-02,San Bernardino,071,2135413,412945,386278,13288,399566,6051
2022-01-02,San Diego,073,3302833,475748,427087,26806,453893,4469
2022-01-02,San Francisco,075,870044,73198,64498,4521,69019,682
2022-01-02,San Joaquin,077,732212,111994,106640,6359,112999,1902
2022-01-02,San Luis Obispo,079,281455,34136,32342,1595,33937,365
2022-01-02,San Mateo,081,765935,67766,60504,4886,65390,581
2022-01-02,Santa Barbara,083,443738,53635,49555,1926,51481,568
2022-01-02,Santa Clara,085,1922200,182558,164547,2858,167405,1969
2022-01-02,Santa Cruz,087,273765,24855,22980,1312,24292,228
2022-01-02,Shasta,089,179085,23647,23161,3958,27119,435
2022-01-02,Sierra,091,2930,215,206,23,229,0
2022-01-02,Siskiyou,093,43540,3546,3474,1496,4970,61
2022-01-02,Solano,095,438530,51691,48957,1658,50615,379
2022-01-02,Sonoma,097,501317,49542,46040,737,46777,410
2022-01-02,Stanislaus,099,539301,87197,84367,9999,94366,1332
2022-01-02,Sutter,101,95872,15149,14741,464,15205,193
2022-01-02,Tehama,103,63373,9134,8944,1670,10614,139
2022-01-02,Trinity,105,12862,861,832,216,1048,17
2022-01-02,Tulare,107,460477,73633,71941,18369,90310,1160
2022-01-02,Tuolumne,109,53932,8371,8044,123,8167,91
2022-01-02,Ventura,111,848112,118905,107992,5172,113164,1211
2022-01-02,Yolo,113,214977,23476,21747,1701,23448,270
2022-01-02,Yuba,115,75493,11213,10844,456,11300,99
2022-01-01,Alameda,001,1643700,145207,133486,4192,137678,1528
2022-01-01,Alpine,003,1148,114,113,0,113,0
2022-01-01,Amador,005,37829,6067,5913,94,6007,70
2022-01-01,Butte,007,227075,23286,22469,4308,26777,341
2022-01-01,Calaveras,009,45235,4799,4668,73,4741,93
2022-01-01,Colusa,011,21464,2704,2659,753,3412,21
2022-01-01,Contra Costa,013,1133247,117797,109593,3025,112618,1073
2022-01-01,Del Norte,015,27424,3902,3841,64,3905,43
2022-01-01,El Dorado,017,186661,18484,17621,2000,19621,172
2022-01-01,Fresno,019,978130,153934,149927,13313,163240,2379
2022-01-01,Glenn,021,27897,3712,3663,1069,4732,39
2022-01-01,Humboldt,023,135768,11057,10381,935,11316,119
2022-01-01,Imperial,025,180216,38714,37672,4674,42346,800
2022-01-01,Inyo,027,18085,2915,2726,43,2769,49
2022-01-01,Kern,029,883053,139934,136123,26636,162759,1917
2022-01-01,Kings,031,150075,35163,34318,2260,36578,386
2022-01-01,Lake,033,64148,7183,7060,209,7269,117
2022-01-01,Lassen,035,31185,7138,7089,457,7546,55
2022-01-01,Los Angeles,037,10098052,1734494,1596123,71888,1668011,27371
2022-01-01,Madera,039,155013,25589,25002,2429,27431,320
2022-01-01,Marin,041,260295,22159,20475,905,21380,249
2022-01-01,Mariposa,043,17540,1585,1509,59,1568,6
2022-01-01,Mendocino,045,87422,8702,8422,732,9154,101
2022-01-01,Merced,047,269075,45750,44769,2221,46990,694
2022-01-01,Modoc,049,8938,612,601,215,816,6
2022-01-01,Mono,051,14174,2201,2101,24,2125,4
2022-01-01,Monterey,053,433212,51382,50251,6034,56285,643
2022-01-01,Napa,055,140530,15763,14439,203,14642,107
2022-01-01,Nevada,057,99092,10795,10299,411,10710,110
2022-01-01,Orange,059,3164182,370966,339526,21150,360676,5890
2022-01-01,Placer,061,380077,42950,40857,4512,45369,489
2022-01-01,Plumas,063,18699,2029,1994,65,2059,12
2022-01-01,Riverside,065,2383286,418403,397124,17987,415111,5501
2022-01-01,Sacramento,067,1510023,182338,173562,6475,180037,2448
2022-01-01,San Benito,069,59416,8744,8320,237,8557,79
2022-01-01,San Bernardino,071,2135413,410175,386278,13163,399441,6051
2022-01-01,San Diego,073,3302833,470199,427087,26301,453388,4469
2022-01-01,San Francisco,075,870044,71922,64498,4266,68764,682
2022-01-01,San Joaquin,077,732212,111372,106640,6321,112961,1902
2022-01-01,San Luis Obispo,079,281455,33949,32342,1586,33928,365
2022-01-01,San Mateo,081,765935,66628,60504,4547,65051,581
2022-01-01,Santa Barbara,083,443738,52934,49555,1904,51459,568
2022-01-01,Santa Clara,085,1922200,179732,164547,2711,167258,1969
2022-01-01,Santa Cruz,087,273765,24560,22980,1301,24281,228
2022-01-01,Shasta,089,179085,23578,23161,3942,27103,435
2022-01-01,Sierra,091,2930,214,206,23,229,0
2022-01-01,Siskiyou,093,43540,3545,3474,1491,4965,61
2022-01-01,Solano,095,438530,51439,48957,1623,50580,379
2022-01-01,Sonoma,097,501317,49195,46040,718,46758,410
2022-01-01,Stanislaus,099,539301,86824,84367,9962,94329,1332
2022-01-01,Sutter,101,95872,15073,14741,460,15201,193
2022-01-01,Tehama,103,63373,9103,8944,1658,10602,139
2022-01-01,Trinity,105,12862,858,832,216,1048,17
2022-01-01,Tulare,107,460477,73413,71941,18284,90225,1160
2022-01-01,Tuolumne,109,53932,8316,8044,120,8164,91
2022-01-01,Ventura,111,848112,117621,107992,5124,113116,1211
2022-01-01,Yolo,113,214977,23070,21747,1664,23411,270
2022-01-01,Yuba,115,75493,11152,10844,449,11293,99
2021-12-31,Alameda,001,1643700,144545,133486,4157,137643,1528
2021-12-31,Alpine,003,1148,114,113,0,113,0
2021-12-31,Amador,005,37829,6046,5913,90,6003,70
2021-12-31,Butte,007,227075,23215,22469,4283,26752,341
2021-12-31,Calaveras,009,45235,4779,4668,73,4741,93
2021-12-31,Colusa,011,21464,2699,2659,747,3406,21
2021-12-31,Contra Costa,013,1133247,117026,109593,3012,112605,1073
2021-12-31,Del Norte,015,27424,3893,3841,62,3903,43
2021-12-31,El Dorado,017,186661,18415,17621,1985,19606,172
2021-12-31,Fresno,019,978130,153690,149927,13306,163233,2379
2021-12-31,Glenn,021,27897,3711,3663,1069,4732,39
2021-12-31,Humboldt,023,135768,10980,10381,920,11301,119
2021-12-31,Imperial,025,180216,38612,37672,4669,42341,800
2021-12-31,Inyo,027,18085,2892,2726,43,2769,49
2021-12-31,Kern,029,883053,139473,136123,26587,162710,1917
2021-12-31,Kings,031,150075,35070,34318,2255,36573,386
2021-12-31,Lake,033,64148,7166,7060,204,7264,117
2021-12-31,Lassen,035,31185,7127,7089,457,7546,55
2021-12-31,Los Angeles,037,10098052,1725340,1596123,71392,1667515,27371
2021-12-31,Madera,039,155013,25542,25002,2414,27416,320
2021-12-31,Marin,041,260295,22013,20475,876,21351,249
2021-12-31,Mariposa,043,17540,1580,1509,58,1567,6
2021-12-31,Mendocino,045,87422,8673,8422,728,9150,101
2021-12-31,Merced,047,269075,45682,44769,2207,46976,694
2021-12-31,Modoc,049,8938,608,601,213,814,6
2021-12-31,Mono,051,14174,2196,2101,24,2125,4
2021-12-31,Monterey,053,433212,51294,50251,5965,56216,643
2021-12-31,Napa,055,140530,15670,14439,201,14640,107
2021-12-31,Nevada,057,99092,10740,10299,404,10703,110
2021-12-31,Orange,059,3164182,368641,339526,20906,360432,5890
2021-12-31,Placer,061,380077,42754,40857,4477,45334,489
2021-12-31,Plumas,063,18699,2025,1994,65,2059,12
2021-12-31,Riverside,065,2383286,416914,397124,17970,415094,5501
2021-12-31,Sacramento,067,1510023,181631,173562,6414,179976,2448
2021-12-31,San Benito,069,59416,8730,8320,237,8557,79
2021-12-31,San Bernardino,071,2135413,408340,386278,13061,399339,6051
2021-12-31,San Diego,073,3302833,467204,427087,26019,453106,4469
2021-12-31,San Francisco,075,870044,71101,64498,4195,68693,682
2021-12-31,San Joaquin,077,732212,110823,106640,6281,112921,1902
2021-12-31,San Luis Obispo,079,281455,33859,32342,1575,33917,365
2021-12-31,San Mateo,081,765935,65928,60504,4450,64954,581
2021-12-31,Santa Barbara,083,443738,52597,49555,1893,51448,568
2021-12-31,Santa Clara,085,1922200,177982,164547,2617,167164,1969
2021-12-31,Santa Cruz,087,273765,24357,22980,1286,24266,228
2021-12-31,Shasta,089,179085,23519,23161,3924,27085,435
2021-12-31,Sierra,091,2930,214,206,23,229,0
2021-12-31,Siskiyou,093,43540,3541,3474,1481,4955,61
2021-12-31,Solano,095,438530,51297,48957,1610,50567,379
2021-12-31,Sonoma,097,501317,48998,46040,704,46744,410
2021-12-31,Stanislaus,099,539301,86541,84367,9934,94301,1332
2021-12-31,Sutter,101,95872,15017,14741,452,15193,193
2021-12-31,Tehama,103,63373,9075,8944,1649,10593,139
2021-12-31,Trinity,105,12862,857,832,216,1048,17
2021-12-31,Tulare,107,460477,73251,71941,18206,90147,1160
2021-12-31,Tuolumne,109,53932,8276,8044,119,8163,91
2021-12-31,Ventura,111,848112,116763,107992,5094,113086,1211
2021-12-31,Yolo,113,214977,22865,21747,1642,23389,270
2021-12-31,Yuba,115,75493,11104,10844,445,11289,99
2021-12-30,Alameda,001,1643700,143346,133486,4046,137532,1528
2021-12-30,Alpine,003,1148,113,113,0,113,0
2021-12-30,Amador,005,37829,6030,5913,89,6002,70
2021-12-30,Butte,007,227075,23103,22469,4262,26731,341
2021-12-30,Calaveras,009,45235,4763,4668,73,4741,93
2021-12-30,Colusa,011,21464,2698,2659,745,3404,21
2021-12-30,Contra Costa,013,1133247,116025,109593,2946,112539,1073
2021-12-30,Del Norte,015,27424,3883,3841,61,3902,43
2021-12-30,El Dorado,017,186661,18317,17621,1969,19590,172
2021-12-30,Fresno,019,978130,153231,149927,13280,163207,2379
2021-12-30,Glenn,021,27897,3706,3663,1067,4730,39
2021-12-30,Humboldt,023,135768,10919,10381,908,11289,119
2021-12-30,Imperial,025,180216,38461,37672,4629,42301,800
2021-12-30,Inyo,027,18085,2872,2726,42,2768,49
2021-12-30,Kern,029,883053,138975,136123,26477,162600,1917
2021-12-30,Kings,031,150075,34953,34318,2244,36562,386
2021-12-30,Lake,033,64148,7156,7060,202,7262,117
2021-12-30,Lassen,035,31185,7121,7089,457,7546,55
2021-12-30,Los Angeles,037,10098052,1704125,1596123,70365,1666488,27371
2021-12-30,Madera,039,155013,25464,25002,2397,27399,320
2021-12-30,Marin,041,260295,21850,20475,853,21328,249
2021-12-30,Mariposa,043,17540,1575,1509,57,1566,6
2021-12-30,Mendocino,045,87422,8656,8422,718,9140,101
2021-12-30,Merced,047,269075,45593,44769,2193,46962,694
2021-12-30,Modoc,049,8938,607,601,213,814,6
2021-12-30,Mono,051,14174,2195,2101,23,2124,4
2021-12-30,Monterey,053,433212,51159,50251,5748,55999,643
2021-12-30,Napa,055,140530,15531,14439,194,14633,107
2021-12-30,Nevada,057,99092,10679,10299,397,10696,110
2021-12-30,Orange,059,3164182,363755,339526,20510,360036,5890
2021-12-30,Placer,061,380077,42499,40857,4449,45306,489
2021-12-30,Plumas,063,18699,2022,1994,64,2058,12
2021-12-30,Riverside,065,2383286,413759,397124,17937,415061,5501
2021-12-30,Sacramento,067,1510023,180484,173562,6310,179872,2448
2021-12-30,San Benito,069,59416,8690,8320,231,8551,79
2021-12-30,San Bernardino,071,2135413,406131,386278,12999,399277,6051
2021-12-30,San Diego,073,3302833,462519,427087,25515,452602,4469
2021-12-30,San Francisco,075,870044,70124,64498,4018,68516,682
2021-12-30,San Joaquin,077,732212,110259,106640,6248,112888,1902
2021-12-30,San Luis Obispo,079,281455,33749,32342,1562,33904,365
2021-12-30,San Mateo,081,765935,65151,60504,4139,64643,581
2021-12-30,Santa Barbara,083,443738,52136,49555,1875,51430,568
2021-12-30,Santa Clara,085,1922200,175771,164547,2542,167089,1969
2021-12-30,Santa Cruz,087,273765,24141,22980,1261,24241,228
2021-12-30,Shasta,089,179085,23472,23161,3920,27081,435
2021-12-30,Sierra,091,2930,214,206,23,229,0
2021-12-30,Siskiyou,093,43540,3532,3474,1478,4952,61
2021-12-30,Solano,095,438530,50962,48957,1569,50526,379
2021-12-30,Sonoma,097,501317,48682,46040,699,46739,410
2021-12-30,Stanislaus,099,539301,86234,84367,9897,94264,1332
2021-12-30,Sutter,101,95872,14958,14741,451,15192,193
2021-12-30,Tehama,103,63373,9049,8944,1643,10587,139
2021-12-30,Trinity,105,12862,854,832,216,1048,17
2021-12-30,Tulare,107,460477,73088,71941,18131,90072,1160
2021-12-30,Tuolumne,109,53932,8238,8044,117,8161,91
2021-12-30,Ventura,111,848112,115558,107992,5044,113036,1211
2021-12-30,Yolo,113,214977,22739,21747,1621,23368,270
2021-12-30,Yuba,115,75493,11060,10844,444,11288,99
2021-12-29,Alameda,001,1643700,140219,131586,3922,135508,1529
2021-12-29,Alpine,003,1148,113,113,0,113,0
2021-12-29,Amador,005,37829,6008,5905,86,5991,70
2021-12-29,Butte,007,227075,22968,22353,4223,26576,338
2021-12-29,Calaveras,009,45235,4738,4646,71,4717,93
2021-12-29,Colusa,011,21464,2688,2657,740,3397,21
2021-12-29,Contra Costa,013,1133247,114021,108165,2862,111027,1072
2021-12-29,Del Norte,015,27424,3870,3826,60,3886,43
2021-12-29,El Dorado,017,186661,18107,17489,1953,19442,172
2021-12-29,Fresno,019,978130,152200,149318,13218,162536,2364
2021-12-29,Glenn,021,27897,3695,3653,1065,4718,39
2021-12-29,Humboldt,023,135768,10815,10249,885,11134,119
2021-12-29,Imperial,025,180216,38256,37460,4572,42032,800
2021-12-29,Inyo,027,18085,2840,2703,42,2745,49
2021-12-29,Kern,029,883053,138222,135648,26286,161934,1913
2021-12-29,Kings,031,150075,34833,34216,2241,36457,386
2021-12-29,Lake,033,64148,7129,7048,197,7245,117
2021-12-29,Lassen,035,31185,7118,7085,455,7540,55
2021-12-29,Los Angeles,037,10098052,1675603,1576414,69044,1645458,27349
2021-12-29,Madera,039,155013,25365,24923,2388,27311,320
2021-12-29,Marin,041,260295,21502,20025,837,20862,249
2021-12-29,Mariposa,043,17540,1553,1507,57,1564,6
2021-12-29,Mendocino,045,87422,8598,8386,714,9100,99
2021-12-29,Merced,047,269075,45377,44548,2181,46729,693
2021-12-29,Modoc,049,8938,604,600,213,813,6
2021-12-29,Mono,051,14174,2166,2056,23,2079,4
2021-12-29,Monterey,053,433212,50871,50097,5532,55629,641
2021-12-29,Napa,055,140530,15211,14247,177,14424,107
2021-12-29,Nevada,057,99092,10591,10274,395,10669,110
2021-12-29,Orange,059,3164182,356424,334557,20074,354631,5887
2021-12-29,Placer,061,380077,42020,40545,4393,44938,489
2021-12-29,Plumas,063,18699,2010,1990,64,2054,12
2021-12-29,Riverside,065,2383286,408527,392989,17857,410846,5486
2021-12-29,Sacramento,067,1510023,178278,172145,6184,178329,2437
2021-12-29,San Benito,069,59416,8547,8239,228,8467,79
2021-12-29,San Bernardino,071,2135413,401185,382872,12911,395783,6049
2021-12-29,San Diego,073,3302833,452263,421045,24913,445958,4461
2021-12-29,San Francisco,075,870044,68498,63117,3890,67007,684
2021-12-29,San Joaquin,077,732212,109105,106063,6195,112258,1891
2021-12-29,San Luis Obispo,079,281455,33343,31936,1518,33454,365
2021-12-29,San Mateo,081,765935,63849,59478,3799,63277,581
2021-12-29,Santa Barbara,083,443738,51320,49003,1857,50860,568
2021-12-29,Santa Clara,085,1922200,172674,162008,2431,164439,1962
2021-12-29,Santa Cruz,087,273765,23872,22669,1240,23909,228
2021-12-29,Shasta,089,179085,23400,23083,3911,26994,435
2021-12-29,Sierra,091,2930,214,206,23,229,0
2021-12-29,Siskiyou,093,43540,3521,3472,1467,4939,61
2021-12-29,Solano,095,438530,50316,48562,1534,50096,379
2021-12-29,Sonoma,097,501317,47881,45479,680,46159,410
2021-12-29,Stanislaus,099,539301,85753,84083,9860,93943,1332
2021-12-29,Sutter,101,95872,14893,14688,450,15138,193
2021-12-29,Tehama,103,63373,9028,8914,1628,10542,138
2021-12-29,Trinity,105,12862,853,832,216,1048,17
2021-12-29,Tulare,107,460477,72819,71752,18015,89767,1160
2021-12-29,Tuolumne,109,53932,8185,8012,116,8128,91
2021-12-29,Ventura,111,848112,113664,106974,4990,111964,1207
2021-12-29,Yolo,113,214977,22514,21564,1596,23160,270
2021-12-29,Yuba,115,75493,10998,10808,440,11248,99
2021-12-28,Alameda,001,1643700,137183,130427,3770,134197,1522
2021-12-28,Alpine,003,1148,113,113,0,113,0
2021-12-28,Amador,005,37829,5989,5900,83,5983,70
2021-12-28,Butte,007,227075,22830,22285,4206,26491,338
2021-12-28,Calaveras,009,45235,4723,4641,70,4711,91
2021-12-28,Colusa,011,21464,2682,2653,738,3391,21
2021-12-28,Contra Costa,013,1133247,111890,107160,2796,109956,1072
2021-12-28,Del Norte,015,27424,3864,3815,60,3875,43
2021-12-28,El Dorado,017,186661,17904,17419,1944,19363,172
2021-12-28,Fresno,019,978130,151252,148987,13162,162149,2365
2021-12-28,Glenn,021,27897,3670,3639,1063,4702,39
2021-12-28,Humboldt,023,135768,10697,10198,861,11059,119
2021-12-28,Imperial,025,180216,37994,37223,4516,41739,800
2021-12-28,Inyo,027,18085,2783,2676,40,2716,48
2021-12-28,Kern,029,883053,137539,135346,26105,161451,1909
2021-12-28,Kings,031,150075,34693,34165,2231,36396,386
2021-12-28,Lake,033,64148,7115,7044,193,7237,116
2021-12-28,Lassen,035,31185,7110,7083,455,7538,55
2021-12-28,Los Angeles,037,10098052,1643947,1561791,67878,1629669,27323
2021-12-28,Madera,039,155013,25241,24865,2371,27236,320
2021-12-28,Marin,041,260295,21099,19739,816,20555,249
2021-12-28,Mariposa,043,17540,1542,1499,56,1555,6
2021-12-28,Mendocino,045,87422,8537,8366,706,9072,98
2021-12-28,Merced,047,269075,45138,44434,2170,46604,691
2021-12-28,Modoc,049,8938,604,599,212,811,6
2021-12-28,Mono,051,14174,2148,2045,22,2067,4
2021-12-28,Monterey,053,433212,50636,49973,5339,55312,639
2021-12-28,Napa,055,140530,14897,14131,161,14292,107
2021-12-28,Nevada,057,99092,10501,10250,393,10643,110
2021-12-28,Orange,059,3164182,348932,331279,19590,350869,5882
2021-12-28,Placer,061,380077,41561,40410,4334,44744,489
2021-12-28,Plumas,063,18699,2007,1989,64,2053,12
2021-12-28,Riverside,065,2383286,403448,390343,17758,408101,5470
2021-12-28,Sacramento,067,1510023,176216,171290,6071,177361,2426
2021-12-28,San Benito,069,59416,8407,8170,226,8396,79
2021-12-28,San Bernardino,071,2135413,395961,381316,12802,394118,6047
2021-12-28,San Diego,073,3302833,441882,417383,24555,441938,4450
2021-12-28,San Francisco,075,870044,66987,61745,3752,65497,682
2021-12-28,San Joaquin,077,732212,108073,105572,6145,111717,1884
2021-12-28,San Luis Obispo,079,281455,32856,31759,1506,33265,365
2021-12-28,San Mateo,081,765935,62638,58712,3500,62212,582
2021-12-28,Santa Barbara,083,443738,50703,48493,1844,50337,568
2021-12-28,Santa Clara,085,1922200,169600,160811,2335,163146,1962
2021-12-28,Santa Cruz,087,273765,23513,22513,1214,23727,228
2021-12-28,Shasta,089,179085,23327,23035,3907,26942,434
2021-12-28,Sierra,091,2930,211,206,23,229,0
2021-12-28,Siskiyou,093,43540,3512,3468,1462,4930,60
2021-12-28,Solano,095,438530,49542,48318,1491,49809,378
2021-12-28,Sonoma,097,501317,47043,45086,668,45754,410
2021-12-28,Stanislaus,099,539301,85277,83946,9825,93771,1331
2021-12-28,Sutter,101,95872,14844,14662,448,15110,193
2021-12-28,Tehama,103,63373,9011,8893,1623,10516,138
2021-12-28,Trinity,105,12862,851,831,215,1046,17
2021-12-28,Tulare,107,460477,72564,71630,17896,89526,1156
2021-12-28,Tuolumne,109,53932,8142,8006,116,8122,91
2021-12-28,Ventura,111,848112,111601,105883,4947,110830,1207
2021-12-28,Yolo,113,214977,22190,21320,1551,22871,270
2021-12-28,Yuba,115,75493,10944,10778,438,11216,99
2021-12-27,Alameda,001,1643700,134684,129910,3625,133535,1530
2021-12-27,Alpine,003,1148,113,113,0,113,0
2021-12-27,Amador,005,37829,5964,5891,83,5974,70
2021-12-27,Butte,007,227075,22704,22234,4184,26418,335
2021-12-27,Calaveras,009,45235,4701,4630,69,4699,91
2021-12-27,Colusa,011,21464,2673,2652,732,3384,21
2021-12-27,Contra Costa,013,1133247,109899,106692,2735,109427,1071
2021-12-27,Del Norte,015,27424,3855,3802,59,3861,43
2021-12-27,El Dorado,017,186661,17753,17361,1928,19289,172
2021-12-27,Fresno,019,978130,150406,148826,13109,161935,2364
2021-12-27,Glenn,021,27897,3660,3634,1056,4690,39
2021-12-27,Humboldt,023,135768,10585,10164,839,11003,119
2021-12-27,Imperial,025,180216,37786,37180,4458,41638,800
2021-12-27,Inyo,027,18085,2755,2662,38,2700,48
2021-12-27,Kern,029,883053,136916,135119,25916,161035,1907
2021-12-27,Kings,031,150075,34542,34126,2221,36347,382
2021-12-27,Lake,033,64148,7096,7037,184,7221,116
2021-12-27,Lassen,035,31185,7104,7080,455,7535,55
2021-12-27,Los Angeles,037,10098052,1609573,1554074,66646,1620720,27300
2021-12-27,Madera,039,155013,25126,24840,2356,27196,320
2021-12-27,Marin,041,260295,20715,19601,790,20391,249
2021-12-27,Mariposa,043,17540,1527,1495,55,1550,6
2021-12-27,Mendocino,045,87422,8475,8351,701,9052,98
2021-12-27,Merced,047,269075,44909,44383,2154,46537,690
2021-12-27,Modoc,049,8938,602,599,212,811,6
2021-12-27,Mono,051,14174,2056,2026,21,2047,4
2021-12-27,Monterey,053,433212,50422,49918,5213,55131,639
2021-12-27,Napa,055,140530,14634,14083,156,14239,107
2021-12-27,Nevada,057,99092,10436,10239,388,10627,110
2021-12-27,Orange,059,3164182,341635,329222,19061,348283,5875
2021-12-27,Placer,061,380077,41184,40263,4302,44565,489
2021-12-27,Plumas,063,18699,2006,1988,62,2050,12
2021-12-27,Riverside,065,2383286,399025,389096,17686,406782,5470
2021-12-27,Sacramento,067,1510023,174286,170858,5920,176778,2422
2021-12-27,San Benito,069,59416,8293,8133,216,8349,79
2021-12-27,San Bernardino,071,2135413,390532,380526,12688,393214,6047
2021-12-27,San Diego,073,3302833,432581,414968,24285,439253,4445
2021-12-27,San Francisco,075,870044,65356,60920,3596,64516,682
2021-12-27,San Joaquin,077,732212,107175,105413,6091,111504,1876
2021-12-27,San Luis Obispo,079,281455,32402,31671,1483,33154,365
2021-12-27,San Mateo,081,765935,61411,58397,3196,61593,581
2021-12-27,Santa Barbara,083,443738,49946,48209,1831,50040,568
2021-12-27,Santa Clara,085,1922200,166667,159904,2231,162135,1961
2021-12-27,Santa Cruz,087,273765,23228,22456,1198,23654,228
2021-12-27,Shasta,089,179085,23264,23015,3896,26911,432
2021-12-27,Sierra,091,2930,211,206,23,229,0
2021-12-27,Siskiyou,093,43540,3503,3466,1458,4924,60
2021-12-27,Solano,095,438530,48870,48172,1451,49623,378
2021-12-27,Sonoma,097,501317,46481,44990,657,45647,410
2021-12-27,Stanislaus,099,539301,84832,83833,9799,93632,1331
2021-12-27,Sutter,101,95872,14790,14642,442,15084,191
2021-12-27,Tehama,103,63373,8996,8887,1617,10504,136
2021-12-27,Trinity,105,12862,851,827,215,1042,17
2021-12-27,Tulare,107,460477,72322,71562,17799,89361,1146
2021-12-27,Tuolumne,109,53932,8107,7978,115,8093,91
2021-12-27,Ventura,111,848112,109556,105212,4895,110107,1206
2021-12-27,Yolo,113,214977,21913,21300,1518,22818,270
2021-12-27,Yuba,115,75493,10888,10759,436,11195,98
2021-12-26,Alameda,001,1643700,132700,127221,3565,130786,1525
2021-12-26,Alpine,003,1148,113,113,0,113,0
2021-12-26,Amador,005,37829,5949,5861,81,5942,70
2021-12-26,Butte,007,227075,22556,22087,4162,26249,330
2021-12-26,Calaveras,009,45235,4679,4591,69,4660,91
2021-12-26,Colusa,011,21464,2663,2647,725,3372,21
2021-12-26,Contra Costa,013,1133247,108269,105022,2668,107690,1071
2021-12-26,Del Norte,015,27424,3850,3795,59,3854,43
2021-12-26,El Dorado,017,186661,17609,17188,1919,19107,172
2021-12-26,Fresno,019,978130,149784,148027,13061,161088,2358
2021-12-26,Glenn,021,27897,3654,3611,1052,4663,39
2021-12-26,Humboldt,023,135768,10447,10052,814,10866,119
2021-12-26,Imperial,025,180216,37511,36878,4395,41273,800
2021-12-26,Inyo,027,18085,2731,2636,36,2672,47
2021-12-26,Kern,029,883053,136226,134591,25732,160323,1908
2021-12-26,Kings,031,150075,34396,34009,2216,36225,379
2021-12-26,Lake,033,64148,7075,7019,181,7200,116
2021-12-26,Lassen,035,31185,7098,7072,454,7526,55
2021-12-26,Los Angeles,037,10098052,1581426,1515469,65308,1580777,27257
2021-12-26,Madera,039,155013,25007,24741,2341,27082,320
2021-12-26,Marin,041,260295,20342,19085,739,19824,249
2021-12-26,Mariposa,043,17540,1521,1480,55,1535,6
2021-12-26,Mendocino,045,87422,8425,8314,699,9013,98
2021-12-26,Merced,047,269075,44667,44208,2146,46354,690
2021-12-26,Modoc,049,8938,601,597,210,807,6
2021-12-26,Mono,051,14174,2036,2000,21,2021,4
2021-12-26,Monterey,053,433212,50238,49709,5082,54791,638
2021-12-26,Napa,055,140530,14405,13809,152,13961,107
2021-12-26,Nevada,057,99092,10380,10153,380,10533,110
2021-12-26,Orange,059,3164182,335418,322991,18558,341549,5863
2021-12-26,Placer,061,380077,40845,39852,4244,44096,489
2021-12-26,Plumas,063,18699,1999,1987,61,2048,12
2021-12-26,Riverside,065,2383286,394959,384567,17637,402204,5470
2021-12-26,Sacramento,067,1510023,172724,169144,5795,174939,2418
2021-12-26,San Benito,069,59416,8209,7991,210,8201,79
2021-12-26,San Bernardino,071,2135413,386188,376052,12612,388664,6043
2021-12-26,San Diego,073,3302833,424237,406616,24004,430620,4442
2021-12-26,San Francisco,075,870044,63864,58229,3484,61713,682
2021-12-26,San Joaquin,077,732212,106382,104590,6036,110626,1872
2021-12-26,San Luis Obispo,079,281455,31958,31290,1466,32756,365
2021-12-26,San Mateo,081,765935,60304,56973,2933,59906,581
2021-12-26,Santa Barbara,083,443738,49293,47553,1810,49363,567
2021-12-26,Santa Clara,085,1922200,163996,156872,2132,159004,1967
2021-12-26,Santa Cruz,087,273765,22952,22176,1183,23359,228
2021-12-26,Shasta,089,179085,23184,22959,3883,26842,432
2021-12-26,Sierra,091,2930,211,202,23,225,0
2021-12-26,Siskiyou,093,43540,3495,3460,1449,4909,60
2021-12-26,Solano,095,438530,48380,47646,1419,49065,377
2021-12-26,Sonoma,097,501317,46002,44358,646,45004,408
2021-12-26,Stanislaus,099,539301,84467,83368,9770,93138,1331
2021-12-26,Sutter,101,95872,14727,14533,437,14970,191
2021-12-26,Tehama,103,63373,8966,8861,1614,10475,136
2021-12-26,Trinity,105,12862,851,826,214,1040,17
2021-12-26,Tulare,107,460477,72102,71292,17690,88982,1137
2021-12-26,Tuolumne,109,53932,8070,7919,115,8034,91
2021-12-26,Ventura,111,848112,107760,103498,4838,108336,1206
2021-12-26,Yolo,113,214977,21635,21084,1480,22564,270
2021-12-26,Yuba,115,75493,10841,10694,433,11127,98
2021-12-25,Alameda,001,1643700,131697,127221,3513,130734,1525
2021-12-25,Alpine,003,1148,113,113,0,113,0
2021-12-25,Amador,005,37829,5931,5861,81,5942,70
2021-12-25,Butte,007,227075,22465,22087,4148,26235,330
2021-12-25,Calaveras,009,45235,4651,4591,69,4660,91
2021-12-25,Colusa,011,21464,2659,2647,719,3366,21
2021-12-25,Contra Costa,013,1133247,107511,105022,2635,107657,1071
2021-12-25,Del Norte,015,27424,3843,3795,58,3853,43
2021-12-25,El Dorado,017,186661,17559,17188,1909,19097,172
2021-12-25,Fresno,019,978130,149501,148027,13036,161063,2358
2021-12-25,Glenn,021,27897,3646,3611,1050,4661,39
2021-12-25,Humboldt,023,135768,10374,10052,805,10857,119
2021-12-25,Imperial,025,180216,37403,36878,4375,41253,800
2021-12-25,Inyo,027,18085,2712,2636,36,2672,47
2021-12-25,Kern,029,883053,135885,134591,25618,160209,1908
2021-12-25,Kings,031,150075,34314,34009,2208,36217,379
2021-12-25,Lake,033,64148,7064,7019,180,7199,116
2021-12-25,Lassen,035,31185,7096,7072,454,7526,55
2021-12-25,Los Angeles,037,10098052,1569702,1515469,64427,1579896,27257
2021-12-25,Madera,039,155013,24961,24741,2336,27077,320
2021-12-25,Marin,041,260295,20009,19085,706,19791,249
2021-12-25,Mariposa,043,17540,1515,1480,55,1535,6
2021-12-25,Mendocino,045,87422,8388,8314,699,9013,98
2021-12-25,Merced,047,269075,44570,44208,2144,46352,690
2021-12-25,Modoc,049,8938,601,597,210,807,6
2021-12-25,Mono,051,14174,2034,2000,21,2021,4
2021-12-25,Monterey,053,433212,50136,49709,4989,54698,638
2021-12-25,Napa,055,140530,14295,13809,152,13961,107
2021-12-25,Nevada,057,99092,10353,10153,380,10533,110
2021-12-25,Orange,059,3164182,332619,322991,18228,341219,5863
2021-12-25,Placer,061,380077,40681,39852,4225,44077,489
2021-12-25,Plumas,063,18699,1997,1987,61,2048,12
2021-12-25,Riverside,065,2383286,392749,384567,17596,402163,5470
2021-12-25,Sacramento,067,1510023,171959,169144,5704,174848,2418
2021-12-25,San Benito,069,59416,8146,7991,208,8199,79
2021-12-25,San Bernardino,071,2135413,384146,376052,12554,388606,6043
2021-12-25,San Diego,073,3302833,420409,406616,23906,430522,4442
2021-12-25,San Francisco,075,870044,62878,58229,3428,61657,682
2021-12-25,San Joaquin,077,732212,106059,104590,6007,110597,1872
2021-12-25,San Luis Obispo,079,281455,31833,31290,1459,32749,365
2021-12-25,San Mateo,081,765935,59525,56973,2702,59675,581
2021-12-25,Santa Barbara,083,443738,48942,47553,1804,49357,567
2021-12-25,Santa Clara,085,1922200,162549,156872,2077,158949,1967
2021-12-25,Santa Cruz,087,273765,22797,22176,1178,23354,228
2021-12-25,Shasta,089,179085,23154,22959,3876,26835,432
2021-12-25,Sierra,091,2930,211,202,23,225,0
2021-12-25,Siskiyou,093,43540,3492,3460,1443,4903,60
2021-12-25,Solano,095,438530,48263,47646,1402,49048,377
2021-12-25,Sonoma,097,501317,45628,44358,638,44996,408
2021-12-25,Stanislaus,099,539301,84260,83368,9757,93125,1331
2021-12-25,Sutter,101,95872,14687,14533,434,14967,191
2021-12-25,Tehama,103,63373,8948,8861,1610,10471,136
2021-12-25,Trinity,105,12862,850,826,214,1040,17
2021-12-25,Tulare,107,460477,71980,71292,17610,88902,1137
2021-12-25,Tuolumne,109,53932,8041,7919,115,8034,91
2021-12-25,Ventura,111,848112,106622,103498,4799,108297,1206
2021-12-25,Yolo,113,214977,21525,21084,1459,22543,270
2021-12-25,Yuba,115,75493,10815,10694,432,11126,98
2021-12-24,Alameda,001,1643700,131122,127221,3498,130719,1525
2021-12-24,Alpine,003,1148,113,113,0,113,0
2021-12-24,Amador,005,37829,5924,5861,80,5941,70
2021-12-24,Butte,007,227075,22411,22087,4135,26222,330
2021-12-24,Calaveras,009,45235,4646,4591,69,4660,91
2021-12-24,Colusa,011,21464,2657,2647,718,3365,21
2021-12-24,Contra Costa,013,1133247,107232,105022,2630,107652,1071
2021-12-24,Del Norte,015,27424,3836,3795,58,3853,43
2021-12-24,El Dorado,017,186661,17511,17188,1904,19092,172
2021-12-24,Fresno,019,978130,149343,148027,13031,161058,2358
2021-12-24,Glenn,021,27897,3645,3611,1049,4660,39
2021-12-24,Humboldt,023,135768,10318,10052,800,10852,119
2021-12-24,Imperial,025,180216,37322,36878,4371,41249,800
2021-12-24,Inyo,027,18085,2692,2636,36,2672,47
2021-12-24,Kern,029,883053,135764,134591,25581,160172,1908
2021-12-24,Kings,031,150075,34262,34009,2207,36216,379
2021-12-24,Lake,033,64148,7061,7019,179,7198,116
2021-12-24,Lassen,035,31185,7094,7072,453,7525,55
2021-12-24,Los Angeles,037,10098052,1565687,1515469,64095,1579564,27257
2021-12-24,Madera,039,155013,24928,24741,2331,27072,320
2021-12-24,Marin,041,260295,19868,19085,687,19772,249
2021-12-24,Mariposa,043,17540,1513,1480,55,1535,6
2021-12-24,Mendocino,045,87422,8373,8314,699,9013,98
2021-12-24,Merced,047,269075,44526,44208,2142,46350,690
2021-12-24,Modoc,049,8938,601,597,210,807,6
2021-12-24,Mono,051,14174,2032,2000,21,2021,4
2021-12-24,Monterey,053,433212,50074,49709,4930,54639,638
2021-12-24,Napa,055,140530,14231,13809,150,13959,107
2021-12-24,Nevada,057,99092,10326,10153,378,10531,110
2021-12-24,Orange,059,3164182,331632,322991,18153,341144,5863
2021-12-24,Placer,061,380077,40570,39852,4213,44065,489
2021-12-24,Plumas,063,18699,1996,1987,61,2048,12
2021-12-24,Riverside,065,2383286,391792,384567,17589,402156,5470
2021-12-24,Sacramento,067,1510023,171666,169144,5683,174827,2418
2021-12-24,San Benito,069,59416,8138,7991,207,8198,79
2021-12-24,San Bernardino,071,2135413,383104,376052,12520,388572,6043
2021-12-24,San Diego,073,3302833,419389,406616,23860,430476,4442
2021-12-24,San Francisco,075,870044,62391,58229,3403,61632,682
2021-12-24,San Joaquin,077,732212,105878,104590,5999,110589,1872
2021-12-24,San Luis Obispo,079,281455,31789,31290,1453,32743,365
2021-12-24,San Mateo,081,765935,59175,56973,2625,59598,581
2021-12-24,Santa Barbara,083,443738,48746,47553,1801,49354,567
2021-12-24,Santa Clara,085,1922200,161751,156872,2043,158915,1967
2021-12-24,Santa Cruz,087,273765,22715,22176,1175,23351,228
2021-12-24,Shasta,089,179085,23124,22959,3871,26830,432
2021-12-24,Sierra,091,2930,210,202,23,225,0
2021-12-24,Siskiyou,093,43540,3487,3460,1439,4899,60
2021-12-24,Solano,095,438530,48211,47646,1400,49046,377
2021-12-24,Sonoma,097,501317,45471,44358,632,44990,408
2021-12-24,Stanislaus,099,539301,84150,83368,9744,93112,1331
2021-12-24,Sutter,101,95872,14667,14533,431,14964,191
2021-12-24,Tehama,103,63373,8939,8861,1607,10468,136
2021-12-24,Trinity,105,12862,848,826,214,1040,17
2021-12-24,Tulare,107,460477,71916,71292,17564,88856,1137
2021-12-24,Tuolumne,109,53932,8017,7919,115,8034,91
2021-12-24,Ventura,111,848112,106187,103498,4783,108281,1206
2021-12-24,Yolo,113,214977,21455,21084,1439,22523,270
2021-12-24,Yuba,115,75493,10792,10694,431,11125,98
2021-12-23,Alameda,001,1643700,130472,127221,3471,130692,1525
2021-12-23,Alpine,003,1148,113,113,0,113,0
2021-12-23,Amador,005,37829,5912,5861,78,5939,70
2021-12-23,Butte,007,227075,22362,22087,4120,26207,330
2021-12-23,Calaveras,009,45235,4636,4591,69,4660,91
2021-12-23,Colusa,011,21464,2651,2647,714,3361,21
2021-12-23,Contra Costa,013,1133247,106850,105022,2603,107625,1071
2021-12-23,Del Norte,015,27424,3833,3795,58,3853,43
2021-12-23,El Dorado,017,186661,17460,17188,1898,19086,172
2021-12-23,Fresno,019,978130,149158,148027,13021,161048,2358
2021-12-23,Glenn,021,27897,3643,3611,1049,4660,39
2021-12-23,Humboldt,023,135768,10265,10052,797,10849,119
2021-12-23,Imperial,025,180216,37256,36878,4343,41221,800
2021-12-23,Inyo,027,18085,2680,2636,36,2672,47
2021-12-23,Kern,029,883053,135619,134591,25498,160089,1908
2021-12-23,Kings,031,150075,34224,34009,2206,36215,379
2021-12-23,Lake,033,64148,7052,7019,177,7196,116
2021-12-23,Lassen,035,31185,7093,7072,453,7525,55
2021-12-23,Los Angeles,037,10098052,1556850,1515469,63171,1578640,27257
2021-12-23,Madera,039,155013,24897,24741,2328,27069,320
2021-12-23,Marin,041,260295,19738,19085,674,19759,249
2021-12-23,Mariposa,043,17540,1508,1480,55,1535,6
2021-12-23,Mendocino,045,87422,8365,8314,699,9013,98
2021-12-23,Merced,047,269075,44481,44208,2140,46348,690
2021-12-23,Modoc,049,8938,601,597,210,807,6
2021-12-23,Mono,051,14174,2029,2000,20,2020,4
2021-12-23,Monterey,053,433212,50015,49709,4860,54569,638
2021-12-23,Napa,055,140530,14152,13809,148,13957,107
2021-12-23,Nevada,057,99092,10303,10153,377,10530,110
2021-12-23,Orange,059,3164182,330007,322991,17934,340925,5863
2021-12-23,Placer,061,380077,40453,39852,4198,44050,489
2021-12-23,Plumas,063,18699,1996,1987,61,2048,12
2021-12-23,Riverside,065,2383286,390614,384567,17568,402135,5470
2021-12-23,Sacramento,067,1510023,171240,169144,5647,174791,2418
2021-12-23,San Benito,069,59416,8120,7991,204,8195,79
2021-12-23,San Bernardino,071,2135413,382023,376052,12460,388512,6043
2021-12-23,San Diego,073,3302833,417682,406616,23768,430384,4442
2021-12-23,San Francisco,075,870044,61713,58229,3337,61566,682
2021-12-23,San Joaquin,077,732212,105665,104590,5985,110575,1872
2021-12-23,San Luis Obispo,079,281455,31730,31290,1448,32738,365
2021-12-23,San Mateo,081,765935,58734,56973,2533,59506,581
2021-12-23,Santa Barbara,083,443738,48551,47553,1798,49351,567
2021-12-23,Santa Clara,085,1922200,160857,156872,1992,158864,1967
2021-12-23,Santa Cruz,087,273765,22605,22176,1160,23336,228
2021-12-23,Shasta,089,179085,23100,22959,3868,26827,432
2021-12-23,Sierra,091,2930,207,202,23,225,0
2021-12-23,Siskiyou,093,43540,3487,3460,1437,4897,60
2021-12-23,Solano,095,438530,48111,47646,1386,49032,377
2021-12-23,Sonoma,097,501317,45297,44358,632,44990,408
2021-12-23,Stanislaus,099,539301,84025,83368,9732,93100,1331
2021-12-23,Sutter,101,95872,14649,14533,430,14963,191
2021-12-23,Tehama,103,63373,8927,8861,1603,10464,136
2021-12-23,Trinity,105,12862,848,826,214,1040,17
2021-12-23,Tulare,107,460477,71843,71292,17519,88811,1137
2021-12-23,Tuolumne,109,53932,7999,7919,114,8033,91
2021-12-23,Ventura,111,848112,105665,103498,4748,108246,1206
2021-12-23,Yolo,113,214977,21388,21084,1422,22506,270
2021-12-23,Yuba,115,75493,10779,10694,431,11125,98
2021-12-22,Alameda,001,1643700,129618,126533,3407,129940,1522
2021-12-22,Alpine,003,1148,113,112,0,112,0
2021-12-22,Amador,005,37829,5899,5850,78,5928,70
2021-12-22,Butte,007,227075,22314,22070,4109,26179,330
2021-12-22,Calaveras,009,45235,4627,4580,69,4649,91
2021-12-22,Colusa,011,21464,2651,2645,711,3356,21
2021-12-22,Contra Costa,013,1133247,106281,104559,2579,107138,1070
2021-12-22,Del Norte,015,27424,3833,3794,58,3852,43
2021-12-22,El Dorado,017,186661,17400,17140,1889,19029,172
2021-12-22,Fresno,019,978130,148909,147838,13003,160841,2349
2021-12-22,Glenn,021,27897,3637,3604,1049,4653,39
2021-12-22,Humboldt,023,135768,10205,10022,792,10814,119
2021-12-22,Imperial,025,180216,37178,36755,4304,41059,798
2021-12-22,Inyo,027,18085,2662,2632,36,2668,47
2021-12-22,Kern,029,883053,135384,134433,25432,159865,1900
2021-12-22,Kings,031,150075,34177,33953,2199,36152,376
2021-12-22,Lake,033,64148,7046,7008,176,7184,116
2021-12-22,Lassen,035,31185,7088,7069,452,7521,55
2021-12-22,Los Angeles,037,10098052,1543840,1507110,62227,1569337,27234
2021-12-22,Madera,039,155013,24858,24702,2323,27025,320
2021-12-22,Marin,041,260295,19522,18927,657,19584,249
2021-12-22,Mariposa,043,17540,1501,1480,55,1535,6
2021-12-22,Mendocino,045,87422,8356,8299,699,8998,99
2021-12-22,Merced,047,269075,44409,44137,2139,46276,689
2021-12-22,Modoc,049,8938,601,595,210,805,6
2021-12-22,Mono,051,14174,2024,1979,19,1998,4
2021-12-22,Monterey,053,433212,49919,49650,4789,54439,639
2021-12-22,Napa,055,140530,14026,13746,145,13891,107
2021-12-22,Nevada,057,99092,10276,10101,373,10474,110
2021-12-22,Orange,059,3164182,327812,321765,17690,339455,5858
2021-12-22,Placer,061,380077,40276,39758,4171,43929,489
2021-12-22,Plumas,063,18699,1993,1986,61,2047,12
2021-12-22,Riverside,065,2383286,388848,383319,17531,400850,5472
2021-12-22,Sacramento,067,1510023,170616,168695,5600,174295,2422
2021-12-22,San Benito,069,59416,8067,7971,202,8173,79
2021-12-22,San Bernardino,071,2135413,380434,375044,12415,387459,6039
2021-12-22,San Diego,073,3302833,413751,404269,23599,427868,4434
2021-12-22,San Francisco,075,870044,60738,57520,3287,60807,682
2021-12-22,San Joaquin,077,732212,105397,104385,5971,110356,1870
2021-12-22,San Luis Obispo,079,281455,31584,31175,1432,32607,365
2021-12-22,San Mateo,081,765935,58191,56604,2394,58998,581
2021-12-22,Santa Barbara,083,443738,48301,47372,1791,49163,566
2021-12-22,Santa Clara,085,1922200,159757,156258,1959,158217,1954
2021-12-22,Santa Cruz,087,273765,22500,22075,1155,23230,228
2021-12-22,Shasta,089,179085,23072,22937,3864,26801,432
2021-12-22,Sierra,091,2930,207,202,23,225,0
2021-12-22,Siskiyou,093,43540,3484,3458,1434,4892,59
2021-12-22,Solano,095,438530,47936,47531,1373,48904,375
2021-12-22,Sonoma,097,501317,45021,44201,622,44823,408
2021-12-22,Stanislaus,099,539301,83886,83245,9722,92967,1331
2021-12-22,Sutter,101,95872,14614,14513,427,14940,191
2021-12-22,Tehama,103,63373,8913,8853,1600,10453,136
2021-12-22,Trinity,105,12862,848,826,214,1040,17
2021-12-22,Tulare,107,460477,71748,71226,17466,88692,1137
2021-12-22,Tuolumne,109,53932,7979,7903,114,8017,91
2021-12-22,Ventura,111,848112,105069,103089,4706,107795,1206
2021-12-22,Yolo,113,214977,21317,21012,1408,22420,270
2021-12-22,Yuba,115,75493,10761,10681,431,11112,98
2021-12-21,Alameda,001,1643700,128676,126007,3369,129376,1518
2021-12-21,Alpine,003,1148,113,112,0,112,0
2021-12-21,Amador,005,37829,5889,5845,78,5923,70
2021-12-21,Butte,007,227075,22253,22041,4097,26138,330
2021-12-21,Calaveras,009,45235,4614,4575,69,4644,91
2021-12-21,Colusa,011,21464,2649,2643,710,3353,21
2021-12-21,Contra Costa,013,1133247,105712,104255,2551,106806,1068
2021-12-21,Del Norte,015,27424,3832,3793,58,3851,43
2021-12-21,El Dorado,017,186661,17339,17098,1879,18977,172
2021-12-21,Fresno,019,978130,148648,147707,12987,160694,2341
2021-12-21,Glenn,021,27897,3622,3602,1049,4651,39
2021-12-21,Humboldt,023,135768,10140,9989,787,10776,118
2021-12-21,Imperial,025,180216,37088,36580,4260,40840,792
2021-12-21,Inyo,027,18085,2650,2627,36,2663,47
2021-12-21,Kern,029,883053,135177,134321,25331,159652,1892
2021-12-21,Kings,031,150075,34123,33914,2198,36112,376
2021-12-21,Lake,033,64148,7041,7004,175,7179,116
2021-12-21,Lassen,035,31185,7086,7069,452,7521,55
2021-12-21,Los Angeles,037,10098052,1530351,1501169,61372,1562541,27220
2021-12-21,Madera,039,155013,24823,24688,2317,27005,320
2021-12-21,Marin,041,260295,19360,18828,628,19456,249
2021-12-21,Mariposa,043,17540,1500,1480,55,1535,6
2021-12-21,Mendocino,045,87422,8340,8282,698,8980,97
2021-12-21,Merced,047,269075,44338,44096,2136,46232,688
2021-12-21,Modoc,049,8938,599,595,208,803,6
2021-12-21,Mono,051,14174,2002,1979,19,1998,4
2021-12-21,Monterey,053,433212,49862,49586,4743,54329,638
2021-12-21,Napa,055,140530,13929,13703,140,13843,107
2021-12-21,Nevada,057,99092,10247,10095,373,10468,110
2021-12-21,Orange,059,3164182,325743,320705,17443,338148,5855
2021-12-21,Placer,061,380077,40149,39649,4142,43791,487
2021-12-21,Plumas,063,18699,1993,1975,61,2036,12
2021-12-21,Riverside,065,2383286,387182,382415,17491,399906,5465
2021-12-21,Sacramento,067,1510023,170025,168422,5551,173973,2419
2021-12-21,San Benito,069,59416,8027,7950,200,8150,79
2021-12-21,San Bernardino,071,2135413,378897,374219,12378,386597,6026
2021-12-21,San Diego,073,3302833,410140,402386,23465,425851,4424
2021-12-21,San Francisco,075,870044,59845,56950,3221,60171,681
2021-12-21,San Joaquin,077,732212,105114,104238,5953,110191,1870
2021-12-21,San Luis Obispo,079,281455,31411,31103,1426,32529,365
2021-12-21,San Mateo,081,765935,57706,56381,2288,58669,581
2021-12-21,Santa Barbara,083,443738,48078,47194,1786,48980,564
2021-12-21,Santa Clara,085,1922200,158759,155769,1936,157705,1951
2021-12-21,Santa Cruz,087,273765,22388,22028,1144,23172,228
2021-12-21,Shasta,089,179085,23042,22920,3861,26781,429
2021-12-21,Sierra,091,2930,205,201,23,224,0
2021-12-21,Siskiyou,093,43540,3483,3455,1434,4889,59
2021-12-21,Solano,095,438530,47791,47474,1369,48843,372
2021-12-21,Sonoma,097,501317,44799,44051,620,44671,408
2021-12-21,Stanislaus,099,539301,83735,83167,9704,92871,1331
2021-12-21,Sutter,101,95872,14592,14492,426,14918,190
2021-12-21,Tehama,103,63373,8906,8849,1595,10444,136
2021-12-21,Trinity,105,12862,848,826,214,1040,17
2021-12-21,Tulare,107,460477,71661,71166,17422,88588,1137
2021-12-21,Tuolumne,109,53932,7955,7893,114,8007,91
2021-12-21,Ventura,111,848112,104455,102631,4677,107308,1205
2021-12-21,Yolo,113,214977,21210,20944,1404,22348,267
2021-12-21,Yuba,115,75493,10745,10668,431,11099,98
2021-12-20,Alameda,001,1643700,127783,125762,3322,129084,1515
2021-12-20,Alpine,003,1148,113,112,0,112,0
2021-12-20,Amador,005,37829,5876,5838,78,5916,70
2021-12-20,Butte,007,227075,22191,22030,4088,26118,329
2021-12-20,Calaveras,009,45235,4604,4569,69,4638,91
2021-12-20,Colusa,011,21464,2647,2644,709,3353,21
2021-12-20,Contra Costa,013,1133247,105213,104051,2532,106583,1068
2021-12-20,Del Norte,015,27424,3830,3792,58,3850,43
2021-12-20,El Dorado,017,186661,17279,17083,1869,18952,172
2021-12-20,Fresno,019,978130,148414,147605,12970,160575,2341
2021-12-20,Glenn,021,27897,3614,3597,1049,4646,39
2021-12-20,Humboldt,023,135768,10097,9973,783,10756,118
2021-12-20,Imperial,025,180216,36977,36532,4228,40760,792
2021-12-20,Inyo,027,18085,2647,2615,36,2651,47
2021-12-20,Kern,029,883053,134984,134203,25278,159481,1883
2021-12-20,Kings,031,150075,34079,33898,2197,36095,376
2021-12-20,Lake,033,64148,7036,6999,175,7174,116
2021-12-20,Lassen,035,31185,7084,7065,451,7516,55
2021-12-20,Los Angeles,037,10098052,1519205,1495251,60787,1556038,27188
2021-12-20,Madera,039,155013,24794,24668,2311,26979,313
2021-12-20,Marin,041,260295,19153,18747,616,19363,249
2021-12-20,Mariposa,043,17540,1491,1479,55,1534,6
2021-12-20,Mendocino,045,87422,8328,8264,696,8960,96
2021-12-20,Merced,047,269075,44281,44071,2131,46202,687
2021-12-20,Modoc,049,8938,599,595,205,800,6
2021-12-20,Mono,051,14174,1982,1973,19,1992,4
2021-12-20,Monterey,053,433212,49793,49556,4698,54254,636
2021-12-20,Napa,055,140530,13848,13672,138,13810,107
2021-12-20,Nevada,057,99092,10207,10079,372,10451,109
2021-12-20,Orange,059,3164182,324191,320235,17261,337496,5852
2021-12-20,Placer,061,380077,40024,39579,4117,43696,485
2021-12-20,Plumas,063,18699,1991,1971,60,2031,12
2021-12-20,Riverside,065,2383286,385754,381841,17464,399305,5452
2021-12-20,Sacramento,067,1510023,169471,168153,5515,173668,2414
2021-12-20,San Benito,069,59416,7982,7934,198,8132,79
2021-12-20,San Bernardino,071,2135413,377482,373881,12333,386214,6023
2021-12-20,San Diego,073,3302833,406969,401483,23353,424836,4412
2021-12-20,San Francisco,075,870044,58808,56661,3153,59814,681
2021-12-20,San Joaquin,077,732212,104874,104188,5947,110135,1865
2021-12-20,San Luis Obispo,079,281455,31303,31075,1420,32495,365
2021-12-20,San Mateo,081,765935,57255,56247,2197,58444,581
2021-12-20,Santa Barbara,083,443738,47873,47131,1786,48917,562
2021-12-20,Santa Clara,085,1922200,157800,155427,1898,157325,1950
2021-12-20,Santa Cruz,087,273765,22307,21989,1138,23127,227
2021-12-20,Shasta,089,179085,23021,22888,3857,26745,429
2021-12-20,Sierra,091,2930,204,201,23,224,0
2021-12-20,Siskiyou,093,43540,3482,3453,1432,4885,59
2021-12-20,Solano,095,438530,47681,47394,1361,48755,370
2021-12-20,Sonoma,097,501317,44613,43982,617,44599,408
2021-12-20,Stanislaus,099,539301,83613,83110,9689,92799,1331
2021-12-20,Sutter,101,95872,14570,14480,426,14906,190
2021-12-20,Tehama,103,63373,8898,8840,1594,10434,136
2021-12-20,Trinity,105,12862,848,826,214,1040,17
2021-12-20,Tulare,107,460477,71575,71124,17354,88478,1129
2021-12-20,Tuolumne,109,53932,7942,7867,110,7977,91
2021-12-20,Ventura,111,848112,103954,102452,4658,107110,1203
2021-12-20,Yolo,113,214977,21130,20903,1393,22296,267
2021-12-20,Yuba,115,75493,10729,10656,428,11084,97
2021-12-19,Alameda,001,1643700,126952,125464,3282,128746,1519
2021-12-19,Alpine,003,1148,113,112,0,112,0
2021-12-19,Amador,005,37829,5864,5832,77,5909,70
2021-12-19,Butte,007,227075,22138,22022,4081,26103,329
2021-12-19,Calaveras,009,45235,4588,4563,68,4631,91
2021-12-19,Colusa,011,21464,2647,2643,706,3349,21
2021-12-19,Contra Costa,013,1133247,104741,103906,2508,106414,1068
2021-12-19,Del Norte,015,27424,3826,3797,58,3855,43
2021-12-19,El Dorado,017,186661,17226,17067,1867,18934,172
2021-12-19,Fresno,019,978130,148184,147505,12955,160460,2341
2021-12-19,Glenn,021,27897,3610,3596,1049,4645,39
2021-12-19,Humboldt,023,135768,10058,9957,778,10735,118
2021-12-19,Imperial,025,180216,36853,36501,4184,40685,792
2021-12-19,Inyo,027,18085,2638,2613,36,2649,47
2021-12-19,Kern,029,883053,134789,134136,25213,159349,1883
2021-12-19,Kings,031,150075,34020,33874,2193,36067,378
2021-12-19,Lake,033,64148,7027,6999,172,7171,116
2021-12-19,Lassen,035,31185,7080,7065,451,7516,55
2021-12-19,Los Angeles,037,10098052,1510567,1495082,60277,1555359,27189
2021-12-19,Madera,039,155013,24769,24642,2306,26948,313
2021-12-19,Marin,041,260295,18983,18707,605,19312,249
2021-12-19,Mariposa,043,17540,1485,1475,55,1530,6
2021-12-19,Mendocino,045,87422,8311,8257,693,8950,96
2021-12-19,Merced,047,269075,44186,44045,2123,46168,687
2021-12-19,Modoc,049,8938,598,595,205,800,6
2021-12-19,Mono,051,14174,1977,1968,19,1987,4
2021-12-19,Monterey,053,433212,49718,49516,4650,54166,636
2021-12-19,Napa,055,140530,13774,13659,136,13795,107
2021-12-19,Nevada,057,99092,10172,10057,370,10427,109
2021-12-19,Orange,059,3164182,322851,319615,17103,336718,5852
2021-12-19,Placer,061,380077,39905,39525,4103,43628,485
2021-12-19,Plumas,063,18699,1988,1971,60,2031,12
2021-12-19,Riverside,065,2383286,384334,381305,17440,398745,5452
2021-12-19,Sacramento,067,1510023,168992,167933,5486,173419,2415
2021-12-19,San Benito,069,59416,7957,7929,197,8126,79
2021-12-19,San Bernardino,071,2135413,376237,373480,12308,385788,6023
2021-12-19,San Diego,073,3302833,404487,398197,23258,421455,4406
2021-12-19,San Francisco,075,870044,57958,56358,3079,59437,681
2021-12-19,San Joaquin,077,732212,104617,104125,5935,110060,1865
2021-12-19,San Luis Obispo,079,281455,31193,31035,1412,32447,366
2021-12-19,San Mateo,081,765935,56871,56132,2120,58252,581
2021-12-19,Santa Barbara,083,443738,47655,47070,1784,48854,562
2021-12-19,Santa Clara,085,1922200,156908,155049,1872,156921,1950
2021-12-19,Santa Cruz,087,273765,22207,21960,1132,23092,227
2021-12-19,Shasta,089,179085,22985,22875,3853,26728,429
2021-12-19,Sierra,091,2930,203,201,23,224,0
2021-12-19,Siskiyou,093,43540,3479,3452,1432,4884,59
2021-12-19,Solano,095,438530,47574,47341,1356,48697,370
2021-12-19,Sonoma,097,501317,44435,43944,616,44560,408
2021-12-19,Stanislaus,099,539301,83476,83040,9666,92706,1331
2021-12-19,Sutter,101,95872,14531,14475,425,14900,190
2021-12-19,Tehama,103,63373,8891,8840,1594,10434,136
2021-12-19,Trinity,105,12862,848,826,214,1040,17
2021-12-19,Tulare,107,460477,71482,71085,17311,88396,1129
2021-12-19,Tuolumne,109,53932,7926,7865,108,7973,91
2021-12-19,Ventura,111,848112,103383,102170,4633,106803,1203
2021-12-19,Yolo,113,214977,21057,20887,1375,22262,267
2021-12-19,Yuba,115,75493,10712,10646,426,11072,97
2021-12-18,Alameda,001,1643700,126566,124583,3264,127847,1512
2021-12-18,Alpine,003,1148,113,110,0,110,0
2021-12-18,Amador,005,37829,5858,5821,77,5898,69
2021-12-18,Butte,007,227075,22121,21956,4076,26032,328
2021-12-18,Calaveras,009,45235,4581,4534,68,4602,91
2021-12-18,Colusa,011,21464,2645,2635,704,3339,21
2021-12-18,Contra Costa,013,1133247,104542,103380,2498,105878,1065
2021-12-18,Del Norte,015,27424,3823,3791,58,3849,43
2021-12-18,El Dorado,017,186661,17199,16968,1864,18832,171
2021-12-18,Fresno,019,978130,148082,147038,12951,159989,2335
2021-12-18,Glenn,021,27897,3607,3590,1049,4639,39
2021-12-18,Humboldt,023,135768,10042,9889,778,10667,118
2021-12-18,Imperial,025,180216,36787,36280,4173,40453,790
2021-12-18,Inyo,027,18085,2632,2607,36,2643,47
2021-12-18,Kern,029,883053,134699,133754,25168,158922,1873
2021-12-18,Kings,031,150075,33991,33783,2189,35972,374
2021-12-18,Lake,033,64148,7026,6976,172,7148,115
2021-12-18,Lassen,035,31185,7078,7061,450,7511,55
2021-12-18,Los Angeles,037,10098052,1506749,1484840,59999,1544839,27135
2021-12-18,Madera,039,155013,24755,24575,2304,26879,313
2021-12-18,Marin,041,260295,18887,18537,596,19133,249
2021-12-18,Mariposa,043,17540,1484,1468,55,1523,6
2021-12-18,Mendocino,045,87422,8305,8219,693,8912,95
2021-12-18,Merced,047,269075,44153,43929,2122,46051,686
2021-12-18,Modoc,049,8938,596,595,205,800,6
2021-12-18,Mono,051,14174,1977,1956,19,1975,4
2021-12-18,Monterey,053,433212,49686,49343,4620,53963,635
2021-12-18,Napa,055,140530,13748,13581,135,13716,107
2021-12-18,Nevada,057,99092,10150,9991,367,10358,108
2021-12-18,Orange,059,3164182,322203,318149,16999,335148,5844
2021-12-18,Placer,061,380077,39806,39336,4095,43431,485
2021-12-18,Plumas,063,18699,1988,1964,60,2024,13
2021-12-18,Riverside,065,2383286,383649,379354,17427,396781,5439
2021-12-18,Sacramento,067,1510023,168756,167046,5471,172517,2404
2021-12-18,San Benito,069,59416,7942,7894,197,8091,79
2021-12-18,San Bernardino,071,2135413,375610,371658,12288,383946,6017
2021-12-18,San Diego,073,3302833,403589,397130,23226,420356,4399
2021-12-18,San Francisco,075,870044,57480,55562,3032,58594,679
2021-12-18,San Joaquin,077,732212,104530,103698,5926,109624,1858
2021-12-18,San Luis Obispo,079,281455,31160,30873,1407,32280,365
2021-12-18,San Mateo,081,765935,56661,55730,2092,57822,580
2021-12-18,Santa Barbara,083,443738,47558,46776,1783,48559,562
2021-12-18,Santa Clara,085,1922200,156456,154243,1861,156104,1946
2021-12-18,Santa Cruz,087,273765,22155,21805,1130,22935,225
2021-12-18,Shasta,089,179085,22964,22811,3853,26664,429
2021-12-18,Sierra,091,2930,203,199,23,222,0
2021-12-18,Siskiyou,093,43540,3477,3441,1431,4872,58
2021-12-18,Solano,095,438530,47529,47174,1354,48528,369
2021-12-18,Sonoma,097,501317,44325,43658,614,44272,407
2021-12-18,Stanislaus,099,539301,83396,82736,9656,92392,1330
2021-12-18,Sutter,101,95872,14513,14435,425,14860,190
2021-12-18,Tehama,103,63373,8885,8814,1593,10407,136
2021-12-18,Trinity,105,12862,848,823,214,1037,17
2021-12-18,Tulare,107,460477,71446,70922,17284,88206,1120
2021-12-18,Tuolumne,109,53932,7913,7834,108,7942,91
2021-12-18,Ventura,111,848112,103104,101612,4624,106236,1201
2021-12-18,Yolo,113,214977,21018,20793,1369,22162,267
2021-12-18,Yuba,115,75493,10701,10599,426,11025,96
2021-12-17,Alameda,001,1643700,126256,124583,3244,127827,1512
2021-12-17,Alpine,003,1148,113,110,0,110,0
2021-12-17,Amador,005,37829,5851,5821,77,5898,69
2021-12-17,Butte,007,227075,22101,21956,4070,26026,328
2021-12-17,Calaveras,009,45235,4577,4534,68,4602,91
2021-12-17,Colusa,011,21464,2644,2635,703,3338,21
2021-12-17,Contra Costa,013,1133247,104342,103380,2493,105873,1065
2021-12-17,Del Norte,015,27424,3822,3791,58,3849,43
2021-12-17,El Dorado,017,186661,17170,16968,1861,18829,171
2021-12-17,Fresno,019,978130,147978,147038,12950,159988,2335
2021-12-17,Glenn,021,27897,3603,3590,1049,4639,39
2021-12-17,Humboldt,023,135768,10023,9889,776,10665,118
2021-12-17,Imperial,025,180216,36730,36280,4154,40434,790
2021-12-17,Inyo,027,18085,2627,2607,36,2643,47
2021-12-17,Kern,029,883053,134611,133754,25130,158884,1873
2021-12-17,Kings,031,150075,33973,33783,2189,35972,374
2021-12-17,Lake,033,64148,7022,6976,172,7148,115
2021-12-17,Lassen,035,31185,7078,7061,449,7510,55
2021-12-17,Los Angeles,037,10098052,1502910,1484840,59758,1544598,27135
2021-12-17,Madera,039,155013,24739,24575,2299,26874,313
2021-12-17,Marin,041,260295,18811,18537,591,19128,249
2021-12-17,Mariposa,043,17540,1480,1468,55,1523,6
2021-12-17,Mendocino,045,87422,8294,8219,693,8912,95
2021-12-17,Merced,047,269075,44126,43929,2121,46050,686
2021-12-17,Modoc,049,8938,596,595,205,800,6
2021-12-17,Mono,051,14174,1974,1956,19,1975,4
2021-12-17,Monterey,053,433212,49642,49343,4602,53945,635
2021-12-17,Napa,055,140530,13721,13581,134,13715,107
2021-12-17,Nevada,057,99092,10139,9991,367,10358,108
2021-12-17,Orange,059,3164182,321655,318149,16932,335081,5844
2021-12-17,Placer,061,380077,39754,39336,4088,43424,485
2021-12-17,Plumas,063,18699,1987,1964,60,2024,13
2021-12-17,Riverside,065,2383286,383009,379354,17418,396772,5439
2021-12-17,Sacramento,067,1510023,168531,167046,5457,172503,2404
2021-12-17,San Benito,069,59416,7940,7894,197,8091,79
2021-12-17,San Bernardino,071,2135413,375082,371658,12270,383928,6017
2021-12-17,San Diego,073,3302833,402660,397130,23177,420307,4399
2021-12-17,San Francisco,075,870044,57161,55562,2995,58557,679
2021-12-17,San Joaquin,077,732212,104457,103698,5916,109614,1858
2021-12-17,San Luis Obispo,079,281455,31136,30873,1403,32276,365
2021-12-17,San Mateo,081,765935,56497,55730,2067,57797,580
2021-12-17,Santa Barbara,083,443738,47481,46776,1777,48553,562
2021-12-17,Santa Clara,085,1922200,156087,154243,1844,156087,1946
2021-12-17,Santa Cruz,087,273765,22109,21805,1128,22933,225
2021-12-17,Shasta,089,179085,22951,22811,3850,26661,429
2021-12-17,Sierra,091,2930,202,199,23,222,0
2021-12-17,Siskiyou,093,43540,3473,3441,1429,4870,58
2021-12-17,Solano,095,438530,47461,47174,1350,48524,369
2021-12-17,Sonoma,097,501317,44230,43658,611,44269,407
2021-12-17,Stanislaus,099,539301,83345,82736,9650,92386,1330
2021-12-17,Sutter,101,95872,14502,14435,423,14858,190
2021-12-17,Tehama,103,63373,8878,8814,1592,10406,136
2021-12-17,Trinity,105,12862,848,823,214,1037,17
2021-12-17,Tulare,107,460477,71404,70922,17253,88175,1120
2021-12-17,Tuolumne,109,53932,7901,7834,108,7942,91
2021-12-17,Ventura,111,848112,102855,101612,4614,106226,1201
2021-12-17,Yolo,113,214977,20986,20793,1364,22157,267
2021-12-17,Yuba,115,75493,10690,10599,423,11022,96
2021-12-16,Alameda,001,1643700,125898,124583,3231,127814,1512
2021-12-16,Alpine,003,1148,111,110,0,110,0
2021-12-16,Amador,005,37829,5843,5821,77,5898,69
2021-12-16,Butte,007,227075,22083,21956,4067,26023,328
2021-12-16,Calaveras,009,45235,4569,4534,68,4602,91
2021-12-16,Colusa,011,21464,2644,2635,703,3338,21
2021-12-16,Contra Costa,013,1133247,104121,103380,2482,105862,1065
2021-12-16,Del Norte,015,27424,3819,3791,58,3849,43
2021-12-16,El Dorado,017,186661,17135,16968,1855,18823,171
2021-12-16,Fresno,019,978130,147821,147038,12944,159982,2335
2021-12-16,Glenn,021,27897,3602,3590,1049,4639,39
2021-12-16,Humboldt,023,135768,9999,9889,767,10656,118
2021-12-16,Imperial,025,180216,36648,36280,4125,40405,790
2021-12-16,Inyo,027,18085,2623,2607,35,2642,47
2021-12-16,Kern,029,883053,134470,133754,25080,158834,1873
2021-12-16,Kings,031,150075,33950,33783,2188,35971,374
2021-12-16,Lake,033,64148,7018,6976,172,7148,115
2021-12-16,Lassen,035,31185,7075,7061,448,7509,55
2021-12-16,Los Angeles,037,10098052,1498780,1484840,59505,1544345,27135
2021-12-16,Madera,039,155013,24711,24575,2295,26870,313
2021-12-16,Marin,041,260295,18764,18537,583,19120,249
2021-12-16,Mariposa,043,17540,1477,1468,55,1523,6
2021-12-16,Mendocino,045,87422,8283,8219,690,8909,95
2021-12-16,Merced,047,269075,44088,43929,2121,46050,686
2021-12-16,Modoc,049,8938,596,595,205,800,6
2021-12-16,Mono,051,14174,1965,1956,19,1975,4
2021-12-16,Monterey,053,433212,49581,49343,4575,53918,635
2021-12-16,Napa,055,140530,13690,13581,134,13715,107
2021-12-16,Nevada,057,99092,10114,9991,366,10357,108
2021-12-16,Orange,059,3164182,321063,318149,16855,335004,5844
2021-12-16,Placer,061,380077,39678,39336,4083,43419,485
2021-12-16,Plumas,063,18699,1987,1964,60,2024,13
2021-12-16,Riverside,065,2383286,382213,379354,17404,396758,5439
2021-12-16,Sacramento,067,1510023,168251,167046,5432,172478,2404
2021-12-16,San Benito,069,59416,7933,7894,197,8091,79
2021-12-16,San Bernardino,071,2135413,374452,371658,12253,383911,6017
2021-12-16,San Diego,073,3302833,401480,397130,23112,420242,4399
2021-12-16,San Francisco,075,870044,56805,55562,2964,58526,679
2021-12-16,San Joaquin,077,732212,104344,103698,5908,109606,1858
2021-12-16,San Luis Obispo,079,281455,31070,30873,1397,32270,365
2021-12-16,San Mateo,081,765935,56314,55730,2048,57778,580
2021-12-16,Santa Barbara,083,443738,47362,46776,1774,48550,562
2021-12-16,Santa Clara,085,1922200,155758,154243,1835,156078,1946
2021-12-16,Santa Cruz,087,273765,22062,21805,1127,22932,225
2021-12-16,Shasta,089,179085,22921,22811,3848,26659,429
2021-12-16,Sierra,091,2930,202,199,23,222,0
2021-12-16,Siskiyou,093,43540,3472,3441,1425,4866,58
2021-12-16,Solano,095,438530,47399,47174,1342,48516,369
2021-12-16,Sonoma,097,501317,44131,43658,609,44267,407
2021-12-16,Stanislaus,099,539301,83260,82736,9636,92372,1330
2021-12-16,Sutter,101,95872,14489,14435,422,14857,190
2021-12-16,Tehama,103,63373,8871,8814,1591,10405,136
2021-12-16,Trinity,105,12862,848,823,214,1037,17
2021-12-16,Tulare,107,460477,71356,70922,17226,88148,1120
2021-12-16,Tuolumne,109,53932,7883,7834,108,7942,91
2021-12-16,Ventura,111,848112,102587,101612,4607,106219,1201
2021-12-16,Yolo,113,214977,20938,20793,1358,22151,267
2021-12-16,Yuba,115,75493,10675,10599,422,11021,96
2021-12-15,Alameda,001,1643700,125587,124342,3217,127559,1509
2021-12-15,Alpine,003,1148,111,109,0,109,0
2021-12-15,Amador,005,37829,5837,5810,77,5887,69
2021-12-15,Butte,007,227075,22065,21922,4066,25988,327
2021-12-15,Calaveras,009,45235,4563,4523,68,4591,89
2021-12-15,Colusa,011,21464,2643,2632,702,3334,21
2021-12-15,Contra Costa,013,1133247,103907,103236,2479,105715,1064
2021-12-15,Del Norte,015,27424,3818,3789,57,3846,43
2021-12-15,El Dorado,017,186661,17103,16936,1849,18785,171
2021-12-15,Fresno,019,978130,147694,146859,12934,159793,2319
2021-12-15,Glenn,021,27897,3602,3589,1049,4638,39
2021-12-15,Humboldt,023,135768,9978,9854,766,10620,118
2021-12-15,Imperial,025,180216,36574,36187,4080,40267,789
2021-12-15,Inyo,027,18085,2618,2606,35,2641,47
2021-12-15,Kern,029,883053,134333,133590,25037,158627,1866
2021-12-15,Kings,031,150075,33921,33716,2184,35900,374
2021-12-15,Lake,033,64148,7009,6968,172,7140,115
2021-12-15,Lassen,035,31185,7075,7062,448,7510,55
2021-12-15,Los Angeles,037,10098052,1494945,1482735,59308,1542043,27116
2021-12-15,Madera,039,155013,24693,24549,2290,26839,313
2021-12-15,Marin,041,260295,18706,18514,579,19093,249
2021-12-15,Mariposa,043,17540,1474,1463,55,1518,6
2021-12-15,Mendocino,045,87422,8280,8209,687,8896,95
2021-12-15,Merced,047,269075,44047,43890,2109,45999,685
2021-12-15,Modoc,049,8938,596,595,205,800,6
2021-12-15,Mono,051,14174,1962,1955,19,1974,4
2021-12-15,Monterey,053,433212,49535,49279,4548,53827,635
2021-12-15,Napa,055,140530,13661,13557,132,13689,107
2021-12-15,Nevada,057,99092,10092,9958,366,10324,107
2021-12-15,Orange,059,3164182,320500,317808,16815,334623,5838
2021-12-15,Placer,061,380077,39625,39264,4073,43337,485
2021-12-15,Plumas,063,18699,1983,1957,60,2017,12
2021-12-15,Riverside,065,2383286,381501,378769,17393,396162,5438
2021-12-15,Sacramento,067,1510023,167949,166793,5409,172202,2401
2021-12-15,San Benito,069,59416,7920,7877,197,8074,79
2021-12-15,San Bernardino,071,2135413,373926,371122,12221,383343,6013
2021-12-15,San Diego,073,3302833,400300,396546,23041,419587,4395
2021-12-15,San Francisco,075,870044,56492,55414,2939,58353,679
2021-12-15,San Joaquin,077,732212,104198,103579,5898,109477,1853
2021-12-15,San Luis Obispo,079,281455,31021,30784,1390,32174,365
2021-12-15,San Mateo,081,765935,56193,55657,2025,57682,580
2021-12-15,Santa Barbara,083,443738,47282,46681,1772,48453,562
2021-12-15,Santa Clara,085,1922200,155448,153928,1813,155741,1944
2021-12-15,Santa Cruz,087,273765,22022,21753,1120,22873,225
2021-12-15,Shasta,089,179085,22906,22778,3845,26623,427
2021-12-15,Sierra,091,2930,202,199,23,222,0
2021-12-15,Siskiyou,093,43540,3471,3434,1424,4858,58
2021-12-15,Solano,095,438530,47332,47098,1336,48434,367
2021-12-15,Sonoma,097,501317,44048,43580,604,44184,407
2021-12-15,Stanislaus,099,539301,83153,82628,9628,92256,1298
2021-12-15,Sutter,101,95872,14469,14428,421,14849,189
2021-12-15,Tehama,103,63373,8864,8806,1590,10396,136
2021-12-15,Trinity,105,12862,847,822,214,1036,17
2021-12-15,Tulare,107,460477,71304,70846,17194,88040,1120
2021-12-15,Tuolumne,109,53932,7874,7818,107,7925,91
2021-12-15,Ventura,111,848112,102372,101447,4601,106048,1199
2021-12-15,Yolo,113,214977,20910,20749,1353,22102,267
2021-12-15,Yuba,115,75493,10664,10587,421,11008,96
2021-12-14,Alameda,001,1643700,125287,124272,3206,127478,1506
2021-12-14,Alpine,003,1148,110,109,0,109,0
2021-12-14,Amador,005,37829,5831,5808,76,5884,69
2021-12-14,Butte,007,227075,22033,21901,4064,25965,326
2021-12-14,Calaveras,009,45235,4551,4517,68,4585,89
2021-12-14,Colusa,011,21464,2641,2628,702,3330,21
2021-12-14,Contra Costa,013,1133247,103730,103135,2474,105609,1064
2021-12-14,Del Norte,015,27424,3815,3788,57,3845,43
2021-12-14,El Dorado,017,186661,17070,16915,1847,18762,170
2021-12-14,Fresno,019,978130,147528,146756,12931,159687,2316
2021-12-14,Glenn,021,27897,3600,3589,1049,4638,39
2021-12-14,Humboldt,023,135768,9964,9836,757,10593,118
2021-12-14,Imperial,025,180216,36509,36049,4038,40087,789
2021-12-14,Inyo,027,18085,2618,2601,35,2636,46
2021-12-14,Kern,029,883053,134197,133498,24987,158485,1863
2021-12-14,Kings,031,150075,33884,33693,2181,35874,373
2021-12-14,Lake,033,64148,6999,6961,172,7133,115
2021-12-14,Lassen,035,31185,7074,7061,448,7509,55
2021-12-14,Los Angeles,037,10098052,1491368,1481131,59132,1540263,27099
2021-12-14,Madera,039,155013,24667,24535,2281,26816,313
2021-12-14,Marin,041,260295,18658,18491,577,19068,249
2021-12-14,Mariposa,043,17540,1471,1463,54,1517,6
2021-12-14,Mendocino,045,87422,8253,8206,685,8891,95
2021-12-14,Merced,047,269075,44001,43870,2107,45977,684
2021-12-14,Modoc,049,8938,596,595,204,799,6
2021-12-14,Mono,051,14174,1957,1955,19,1974,4
2021-12-14,Monterey,053,433212,49464,49237,4524,53761,635
2021-12-14,Napa,055,140530,13633,13528,132,13660,107
2021-12-14,Nevada,057,99092,10066,9956,365,10321,106
2021-12-14,Orange,059,3164182,319955,317465,16767,334232,5827
2021-12-14,Placer,061,380077,39549,39221,4068,43289,482
2021-12-14,Plumas,063,18699,1979,1950,58,2008,12
2021-12-14,Riverside,065,2383286,380832,378227,17376,395603,5427
2021-12-14,Sacramento,067,1510023,167649,166605,5384,171989,2394
2021-12-14,San Benito,069,59416,7902,7871,197,8068,79
2021-12-14,San Bernardino,071,2135413,373314,370604,12192,382796,6013
2021-12-14,San Diego,073,3302833,399152,395876,22992,418868,4393
2021-12-14,San Francisco,075,870044,56194,55278,2917,58195,679
2021-12-14,San Joaquin,077,732212,104057,103488,5879,109367,1848
2021-12-14,San Luis Obispo,079,281455,30963,30753,1386,32139,363
2021-12-14,San Mateo,081,765935,56047,55601,2002,57603,580
2021-12-14,Santa Barbara,083,443738,47184,46648,1767,48415,560
2021-12-14,Santa Clara,085,1922200,155137,153814,1799,155613,1945
2021-12-14,Santa Cruz,087,273765,21957,21737,1116,22853,225
2021-12-14,Shasta,089,179085,22879,22756,3844,26600,427
2021-12-14,Sierra,091,2930,200,199,23,222,0
2021-12-14,Siskiyou,093,43540,3466,3430,1423,4853,58
2021-12-14,Solano,095,438530,47285,47065,1330,48395,367
2021-12-14,Sonoma,097,501317,43966,43538,603,44141,407
2021-12-14,Stanislaus,099,539301,83067,82581,9615,92196,1293
2021-12-14,Sutter,101,95872,14457,14421,420,14841,189
2021-12-14,Tehama,103,63373,8860,8805,1590,10395,134
2021-12-14,Trinity,105,12862,847,821,214,1035,17
2021-12-14,Tulare,107,460477,71232,70803,17163,87966,1120
2021-12-14,Tuolumne,109,53932,7861,7815,107,7922,91
2021-12-14,Ventura,111,848112,102150,101343,4594,105937,1199
2021-12-14,Yolo,113,214977,20877,20734,1339,22073,267
2021-12-14,Yuba,115,75493,10647,10574,421,10995,92
2021-12-13,Alameda,001,1643700,125016,124174,3188,127362,1501
2021-12-13,Alpine,003,1148,110,109,0,109,0
2021-12-13,Amador,005,37829,5827,5797,76,5873,69
2021-12-13,Butte,007,227075,22011,21889,4059,25948,326
2021-12-13,Calaveras,009,45235,4544,4507,67,4574,89
2021-12-13,Colusa,011,21464,2639,2627,702,3329,21
2021-12-13,Contra Costa,013,1133247,103584,103041,2462,105503,1064
2021-12-13,Del Norte,015,27424,3811,3787,57,3844,42
2021-12-13,El Dorado,017,186661,17047,16896,1845,18741,170
2021-12-13,Fresno,019,978130,147383,146641,12921,159562,2312
2021-12-13,Glenn,021,27897,3596,3589,1047,4636,37
2021-12-13,Humboldt,023,135768,9935,9821,753,10574,118
2021-12-13,Imperial,025,180216,36430,35974,4019,39993,787
2021-12-13,Inyo,027,18085,2617,2592,35,2627,46
2021-12-13,Kern,029,883053,134072,133381,24935,158316,1863
2021-12-13,Kings,031,150075,33841,33680,2176,35856,372
2021-12-13,Lake,033,64148,6997,6958,170,7128,115
2021-12-13,Lassen,035,31185,7073,7057,448,7505,55
2021-12-13,Los Angeles,037,10098052,1488650,1480195,58969,1539164,27085
2021-12-13,Madera,039,155013,24639,24527,2277,26804,311
2021-12-13,Marin,041,260295,18598,18471,574,19045,249
2021-12-13,Mariposa,043,17540,1468,1462,54,1516,6
2021-12-13,Mendocino,045,87422,8240,8196,683,8879,95
2021-12-13,Merced,047,269075,43964,43848,2102,45950,682
2021-12-13,Modoc,049,8938,595,595,204,799,6
2021-12-13,Mono,051,14174,1955,1952,19,1971,4
2021-12-13,Monterey,053,433212,49419,49222,4498,53720,631
2021-12-13,Napa,055,140530,13620,13518,132,13650,107
2021-12-13,Nevada,057,99092,10047,9946,364,10310,106
2021-12-13,Orange,059,3164182,319494,317112,16716,333828,5824
2021-12-13,Placer,061,380077,39488,39168,4057,43225,481
2021-12-13,Plumas,063,18699,1975,1943,58,2001,12
2021-12-13,Riverside,065,2383286,380255,377728,17360,395088,5414
2021-12-13,Sacramento,067,1510023,167372,166439,5350,171789,2392
2021-12-13,San Benito,069,59416,7893,7856,197,8053,79
2021-12-13,San Bernardino,071,2135413,372751,370274,12186,382460,6011
2021-12-13,San Diego,073,3302833,398332,395266,22940,418206,4389
2021-12-13,San Francisco,075,870044,55928,55245,2900,58145,678
2021-12-13,San Joaquin,077,732212,103943,103449,5870,109319,1846
2021-12-13,San Luis Obispo,079,281455,30918,30746,1383,32129,363
2021-12-13,San Mateo,081,765935,55905,55569,1983,57552,580
2021-12-13,Santa Barbara,083,443738,47100,46608,1762,48370,560
2021-12-13,Santa Clara,085,1922200,154868,153672,1788,155460,1944
2021-12-13,Santa Cruz,087,273765,21903,21698,1113,22811,225
2021-12-13,Shasta,089,179085,22859,22731,3842,26573,426
2021-12-13,Sierra,091,2930,200,199,23,222,0
2021-12-13,Siskiyou,093,43540,3462,3426,1419,4845,57
2021-12-13,Solano,095,438530,47226,47045,1325,48370,365
2021-12-13,Sonoma,097,501317,43870,43492,601,44093,407
2021-12-13,Stanislaus,099,539301,82954,82507,9595,92102,1282
2021-12-13,Sutter,101,95872,14450,14408,420,14828,188
2021-12-13,Tehama,103,63373,8848,8800,1590,10390,134
2021-12-13,Trinity,105,12862,847,820,214,1034,17
2021-12-13,Tulare,107,460477,71177,70758,17139,87897,1114
2021-12-13,Tuolumne,109,53932,7851,7804,107,7911,91
2021-12-13,Ventura,111,848112,101927,101180,4584,105764,1197
2021-12-13,Yolo,113,214977,20831,20706,1332,22038,267
2021-12-13,Yuba,115,75493,10630,10570,421,10991,92
2021-12-12,Alameda,001,1643700,124736,124075,3175,127250,1503
2021-12-12,Alpine,003,1148,110,109,0,109,0
2021-12-12,Amador,005,37829,5820,5797,75,5872,69
2021-12-12,Butte,007,227075,21986,21874,4056,25930,326
2021-12-12,Calaveras,009,45235,4534,4501,67,4568,89
2021-12-12,Colusa,011,21464,2634,2627,699,3326,21
2021-12-12,Contra Costa,013,1133247,103398,102976,2460,105436,1065
2021-12-12,Del Norte,015,27424,3808,3793,57,3850,42
2021-12-12,El Dorado,017,186661,17011,16890,1837,18727,170
2021-12-12,Fresno,019,978130,147222,146518,12909,159427,2310
2021-12-12,Glenn,021,27897,3596,3589,1046,4635,37
2021-12-12,Humboldt,023,135768,9911,9804,746,10550,118
2021-12-12,Imperial,025,180216,36292,35926,3986,39912,787
2021-12-12,Inyo,027,18085,2612,2592,35,2627,46
2021-12-12,Kern,029,883053,133910,133314,24894,158208,1861
2021-12-12,Kings,031,150075,33788,33661,2174,35835,372
2021-12-12,Lake,033,64148,6990,6955,168,7123,115
2021-12-12,Lassen,035,31185,7072,7057,448,7505,55
2021-12-12,Los Angeles,037,10098052,1485846,1479054,58787,1537841,27074
2021-12-12,Madera,039,155013,24610,24493,2272,26765,311
2021-12-12,Marin,041,260295,18545,18451,570,19021,249
2021-12-12,Mariposa,043,17540,1467,1461,54,1515,6
2021-12-12,Mendocino,045,87422,8227,8190,681,8871,95
2021-12-12,Merced,047,269075,43932,43821,2095,45916,682
2021-12-12,Modoc,049,8938,595,595,203,798,6
2021-12-12,Mono,051,14174,1954,1947,19,1966,4
2021-12-12,Monterey,053,433212,49372,49192,4465,53657,631
2021-12-12,Napa,055,140530,13577,13508,130,13638,107
2021-12-12,Nevada,057,99092,10021,9938,363,10301,106
2021-12-12,Orange,059,3164182,318998,316918,16656,333574,5825
2021-12-12,Placer,061,380077,39424,39139,4052,43191,481
2021-12-12,Plumas,063,18699,1971,1942,56,1998,12
2021-12-12,Riverside,065,2383286,379583,377467,17333,394800,5414
2021-12-12,Sacramento,067,1510023,167104,166291,5328,171619,2392
2021-12-12,San Benito,069,59416,7873,7853,197,8050,79
2021-12-12,San Bernardino,071,2135413,372135,369977,12163,382140,6011
2021-12-12,San Diego,073,3302833,397431,393307,22901,416208,4378
2021-12-12,San Francisco,075,870044,55679,55180,2883,58063,678
2021-12-12,San Joaquin,077,732212,103806,103405,5860,109265,1846
2021-12-12,San Luis Obispo,079,281455,30867,30719,1381,32100,363
2021-12-12,San Mateo,081,765935,55802,55505,1969,57474,580
2021-12-12,Santa Barbara,083,443738,47026,46586,1760,48346,560
2021-12-12,Santa Clara,085,1922200,154589,153452,1771,155223,1945
2021-12-12,Santa Cruz,087,273765,21855,21671,1111,22782,225
2021-12-12,Shasta,089,179085,22831,22732,3841,26573,426
2021-12-12,Sierra,091,2930,200,199,23,222,0
2021-12-12,Siskiyou,093,43540,3462,3424,1419,4843,57
2021-12-12,Solano,095,438530,47164,47021,1322,48343,365
2021-12-12,Sonoma,097,501317,43778,43424,598,44022,407
2021-12-12,Stanislaus,099,539301,82855,82460,9585,92045,1282
2021-12-12,Sutter,101,95872,14439,14396,420,14816,189
2021-12-12,Tehama,103,63373,8838,8796,1588,10384,134
2021-12-12,Trinity,105,12862,845,820,214,1034,17
2021-12-12,Tulare,107,460477,71101,70733,17097,87830,1115
2021-12-12,Tuolumne,109,53932,7834,7794,107,7901,91
2021-12-12,Ventura,111,848112,101732,101105,4571,105676,1197
2021-12-12,Yolo,113,214977,20783,20685,1321,22006,267
2021-12-12,Yuba,115,75493,10616,10565,418,10983,92
2021-12-11,Alameda,001,1643700,124613,123572,3172,126744,1496
2021-12-11,Alpine,003,1148,110,109,0,109,0
2021-12-11,Amador,005,37829,5815,5787,75,5862,69
2021-12-11,Butte,007,227075,21972,21819,4055,25874,326
2021-12-11,Calaveras,009,45235,4526,4469,66,4535,89
2021-12-11,Colusa,011,21464,2630,2619,698,3317,21
2021-12-11,Contra Costa,013,1133247,103314,102618,2458,105076,1061
2021-12-11,Del Norte,015,27424,3808,3778,57,3835,42
2021-12-11,El Dorado,017,186661,16990,16796,1836,18632,170
2021-12-11,Fresno,019,978130,147136,145988,12903,158891,2294
2021-12-11,Glenn,021,27897,3596,3585,1045,4630,37
2021-12-11,Humboldt,023,135768,9894,9721,743,10464,118
2021-12-11,Imperial,025,180216,36232,35635,3975,39610,782
2021-12-11,Inyo,027,18085,2607,2576,35,2611,46
2021-12-11,Kern,029,883053,133841,132852,24859,157711,1854
2021-12-11,Kings,031,150075,33774,33530,2172,35702,371
2021-12-11,Lake,033,64148,6989,6932,166,7098,114
2021-12-11,Lassen,035,31185,7071,7049,448,7497,55
2021-12-11,Los Angeles,037,10098052,1484665,1474030,58695,1532725,27031
2021-12-11,Madera,039,155013,24604,24417,2271,26688,311
2021-12-11,Marin,041,260295,18511,18339,567,18906,249
2021-12-11,Mariposa,043,17540,1466,1450,54,1504,6
2021-12-11,Mendocino,045,87422,8220,8130,681,8811,95
2021-12-11,Merced,047,269075,43913,43690,2094,45784,681
2021-12-11,Modoc,049,8938,595,594,203,797,6
2021-12-11,Mono,051,14174,1952,1926,19,1945,4
2021-12-11,Monterey,053,433212,49351,49008,4455,53463,631
2021-12-11,Napa,055,140530,13560,13459,130,13589,107
2021-12-11,Nevada,057,99092,10007,9880,363,10243,106
2021-12-11,Orange,059,3164182,318744,315759,16631,332390,5805
2021-12-11,Placer,061,380077,39366,38959,4044,43003,481
2021-12-11,Plumas,063,18699,1965,1934,56,1990,12
2021-12-11,Riverside,065,2383286,379167,375649,17317,392966,5408
2021-12-11,Sacramento,067,1510023,166978,165530,5318,170848,2386
2021-12-11,San Benito,069,59416,7859,7808,197,8005,79
2021-12-11,San Bernardino,071,2135413,371780,368145,12154,380299,6007
2021-12-11,San Diego,073,3302833,397005,392274,22861,415135,4374
2021-12-11,San Francisco,075,870044,55527,54869,2876,57745,678
2021-12-11,San Joaquin,077,732212,103746,103013,5856,108869,1842
2021-12-11,San Luis Obispo,079,281455,30845,30567,1377,31944,362
2021-12-11,San Mateo,081,765935,55728,55284,1966,57250,580
2021-12-11,Santa Barbara,083,443738,46992,46309,1760,48069,559
2021-12-11,Santa Clara,085,1922200,154392,152846,1759,154605,1941
2021-12-11,Santa Cruz,087,273765,21831,21557,1111,22668,225
2021-12-11,Shasta,089,179085,22816,22660,3837,26497,419
2021-12-11,Sierra,091,2930,200,199,23,222,0
2021-12-11,Siskiyou,093,43540,3456,3418,1416,4834,57
2021-12-11,Solano,095,438530,47135,46891,1317,48208,365
2021-12-11,Sonoma,097,501317,43730,43227,598,43825,407
2021-12-11,Stanislaus,099,539301,82805,82133,9577,91710,1264
2021-12-11,Sutter,101,95872,14430,14354,420,14774,187
2021-12-11,Tehama,103,63373,8835,8776,1586,10362,134
2021-12-11,Trinity,105,12862,845,819,214,1033,17
2021-12-11,Tulare,107,460477,71059,70523,17087,87610,1103
2021-12-11,Tuolumne,109,53932,7825,7760,107,7867,91
2021-12-11,Ventura,111,848112,101656,100711,4565,105276,1195
2021-12-11,Yolo,113,214977,20763,20608,1317,21925,267
2021-12-11,Yuba,115,75493,10604,10519,417,10936,92
2021-12-10,Alameda,001,1643700,124492,123572,3165,126737,1496
2021-12-10,Alpine,003,1148,109,109,0,109,0
2021-12-10,Amador,005,37829,5808,5787,75,5862,69
2021-12-10,Butte,007,227075,21959,21819,4053,25872,326
2021-12-10,Calaveras,009,45235,4523,4469,66,4535,89
2021-12-10,Colusa,011,21464,2629,2619,698,3317,21
2021-12-10,Contra Costa,013,1133247,103218,102618,2457,105075,1061
2021-12-10,Del Norte,015,27424,3808,3778,57,3835,42
2021-12-10,El Dorado,017,186661,16977,16796,1836,18632,170
2021-12-10,Fresno,019,978130,147046,145988,12899,158887,2294
2021-12-10,Glenn,021,27897,3596,3585,1045,4630,37
2021-12-10,Humboldt,023,135768,9877,9721,741,10462,118
2021-12-10,Imperial,025,180216,36175,35635,3959,39594,782
2021-12-10,Inyo,027,18085,2604,2576,35,2611,46
2021-12-10,Kern,029,883053,133753,132852,24835,157687,1854
2021-12-10,Kings,031,150075,33761,33530,2170,35700,371
2021-12-10,Lake,033,64148,6982,6932,166,7098,114
2021-12-10,Lassen,035,31185,7070,7049,448,7497,55
2021-12-10,Los Angeles,037,10098052,1483601,1474030,58608,1532638,27031
2021-12-10,Madera,039,155013,24586,24417,2269,26686,311
2021-12-10,Marin,041,260295,18489,18339,567,18906,249
2021-12-10,Mariposa,043,17540,1463,1450,54,1504,6
2021-12-10,Mendocino,045,87422,8213,8130,680,8810,95
2021-12-10,Merced,047,269075,43897,43690,2092,45782,681
2021-12-10,Modoc,049,8938,595,594,203,797,6
2021-12-10,Mono,051,14174,1949,1926,19,1945,4
2021-12-10,Monterey,053,433212,49321,49008,4444,53452,631
2021-12-10,Napa,055,140530,13548,13459,129,13588,107
2021-12-10,Nevada,057,99092,9998,9880,363,10243,106
2021-12-10,Orange,059,3164182,318470,315759,16599,332358,5805
2021-12-10,Placer,061,380077,39323,38959,4041,43000,481
2021-12-10,Plumas,063,18699,1963,1934,56,1990,12
2021-12-10,Riverside,065,2383286,378761,375649,17306,392955,5408
2021-12-10,Sacramento,067,1510023,166824,165530,5315,170845,2386
2021-12-10,San Benito,069,59416,7855,7808,197,8005,79
2021-12-10,San Bernardino,071,2135413,371414,368145,12135,380280,6007
2021-12-10,San Diego,073,3302833,396518,392274,22847,415121,4374
2021-12-10,San Francisco,075,870044,55443,54869,2870,57739,678
2021-12-10,San Joaquin,077,732212,103693,103013,5852,108865,1842
2021-12-10,San Luis Obispo,079,281455,30835,30567,1373,31940,362
2021-12-10,San Mateo,081,765935,55678,55284,1956,57240,580
2021-12-10,Santa Barbara,083,443738,46956,46309,1759,48068,559
2021-12-10,Santa Clara,085,1922200,154221,152846,1746,154592,1941
2021-12-10,Santa Cruz,087,273765,21812,21557,1110,22667,225
2021-12-10,Shasta,089,179085,22806,22660,3834,26494,419
2021-12-10,Sierra,091,2930,200,199,23,222,0
2021-12-10,Siskiyou,093,43540,3449,3418,1416,4834,57
2021-12-10,Solano,095,438530,47092,46891,1314,48205,365
2021-12-10,Sonoma,097,501317,43696,43227,597,43824,407
2021-12-10,Stanislaus,099,539301,82740,82133,9572,91705,1264
2021-12-10,Sutter,101,95872,14421,14354,419,14773,187
2021-12-10,Tehama,103,63373,8833,8776,1584,10360,134
2021-12-10,Trinity,105,12862,845,819,214,1033,17
2021-12-10,Tulare,107,460477,71030,70523,17060,87583,1103
2021-12-10,Tuolumne,109,53932,7820,7760,107,7867,91
2021-12-10,Ventura,111,848112,101553,100711,4562,105273,1195
2021-12-10,Yolo,113,214977,20748,20608,1315,21923,267
2021-12-10,Yuba,115,75493,10593,10519,416,10935,92
2021-12-09,Alameda,001,1643700,124354,123572,3160,126732,1496
2021-12-09,Alpine,003,1148,109,109,0,109,0
2021-12-09,Amador,005,37829,5805,5787,74,5861,69
2021-12-09,Butte,007,227075,21939,21819,4050,25869,326
2021-12-09,Calaveras,009,45235,4514,4469,66,4535,89
2021-12-09,Colusa,011,21464,2627,2619,698,3317,21
2021-12-09,Contra Costa,013,1133247,103099,102618,2451,105069,1061
2021-12-09,Del Norte,015,27424,3807,3778,57,3835,42
2021-12-09,El Dorado,017,186661,16950,16796,1831,18627,170
2021-12-09,Fresno,019,978130,146900,145988,12889,158877,2294
2021-12-09,Glenn,021,27897,3596,3585,1045,4630,37
2021-12-09,Humboldt,023,135768,9855,9721,740,10461,118
2021-12-09,Imperial,025,180216,36103,35635,3931,39566,782
2021-12-09,Inyo,027,18085,2602,2576,35,2611,46
2021-12-09,Kern,029,883053,133628,132852,24801,157653,1854
2021-12-09,Kings,031,150075,33735,33530,2167,35697,371
2021-12-09,Lake,033,64148,6975,6932,165,7097,114
2021-12-09,Lassen,035,31185,7068,7049,448,7497,55
2021-12-09,Los Angeles,037,10098052,1482087,1474030,58525,1532555,27031
2021-12-09,Madera,039,155013,24561,24417,2266,26683,311
2021-12-09,Marin,041,260295,18476,18339,565,18904,249
2021-12-09,Mariposa,043,17540,1462,1450,54,1504,6
2021-12-09,Mendocino,045,87422,8199,8130,680,8810,95
2021-12-09,Merced,047,269075,43858,43690,2081,45771,681
2021-12-09,Modoc,049,8938,595,594,203,797,6
2021-12-09,Mono,051,14174,1938,1926,19,1945,4
2021-12-09,Monterey,053,433212,49282,49008,4426,53434,631
2021-12-09,Napa,055,140530,13528,13459,125,13584,107
2021-12-09,Nevada,057,99092,9979,9880,363,10243,106
2021-12-09,Orange,059,3164182,318141,315759,16561,332320,5805
2021-12-09,Placer,061,380077,39280,38959,4028,42987,481
2021-12-09,Plumas,063,18699,1956,1934,56,1990,12
2021-12-09,Riverside,065,2383286,378216,375649,17291,392940,5408
2021-12-09,Sacramento,067,1510023,166607,165530,5299,170829,2386
2021-12-09,San Benito,069,59416,7843,7808,196,8004,79
2021-12-09,San Bernardino,071,2135413,370935,368145,12118,380263,6007
2021-12-09,San Diego,073,3302833,395871,392274,22815,415089,4374
2021-12-09,San Francisco,075,870044,55358,54869,2863,57732,678
2021-12-09,San Joaquin,077,732212,103601,103013,5846,108859,1842
2021-12-09,San Luis Obispo,079,281455,30808,30567,1372,31939,362
2021-12-09,San Mateo,081,765935,55595,55284,1949,57233,580
2021-12-09,Santa Barbara,083,443738,46878,46309,1752,48061,559
2021-12-09,Santa Clara,085,1922200,154008,152846,1735,154581,1941
2021-12-09,Santa Cruz,087,273765,21788,21557,1108,22665,225
2021-12-09,Shasta,089,179085,22790,22660,3833,26493,419
2021-12-09,Sierra,091,2930,200,199,23,222,0
2021-12-09,Siskiyou,093,43540,3445,3418,1415,4833,57
2021-12-09,Solano,095,438530,47057,46891,1312,48203,365
2021-12-09,Sonoma,097,501317,43639,43227,596,43823,407
2021-12-09,Stanislaus,099,539301,82669,82133,9558,91691,1264
2021-12-09,Sutter,101,95872,14406,14354,419,14773,187
2021-12-09,Tehama,103,63373,8826,8776,1583,10359,134
2021-12-09,Trinity,105,12862,845,819,214,1033,17
2021-12-09,Tulare,107,460477,70975,70523,17031,87554,1103
2021-12-09,Tuolumne,109,53932,7810,7760,107,7867,91
2021-12-09,Ventura,111,848112,101407,100711,4552,105263,1195
2021-12-09,Yolo,113,214977,20726,20608,1307,21915,267
2021-12-09,Yuba,115,75493,10585,10519,412,10931,92
2021-12-08,Alameda,001,1643700,124215,123438,3150,126588,1496
2021-12-08,Alpine,003,1148,109,108,0,108,0
2021-12-08,Amador,005,37829,5800,5781,74,5855,69
2021-12-08,Butte,007,227075,21923,21780,4047,25827,326
2021-12-08,Calaveras,009,45235,4505,4455,66,4521,89
2021-12-08,Colusa,011,21464,2624,2619,697,3316,21
2021-12-08,Contra Costa,013,1133247,102971,102506,2446,104952,1058
2021-12-08,Del Norte,015,27424,3806,3767,57,3824,42
2021-12-08,El Dorado,017,186661,16917,16757,1831,18588,170
2021-12-08,Fresno,019,978130,146744,145830,12879,158709,2293
2021-12-08,Glenn,021,27897,3595,3584,1043,4627,37
2021-12-08,Humboldt,023,135768,9832,9704,738,10442,117
2021-12-08,Imperial,025,180216,36030,35537,3900,39437,782
2021-12-08,Inyo,027,18085,2599,2570,35,2605,46
2021-12-08,Kern,029,883053,133507,132709,24757,157466,1846
2021-12-08,Kings,031,150075,33700,33468,2166,35634,371
2021-12-08,Lake,033,64148,6970,6927,164,7091,114
2021-12-08,Lassen,035,31185,7066,7041,446,7487,55
2021-12-08,Los Angeles,037,10098052,1480577,1472410,58418,1530828,27018
2021-12-08,Madera,039,155013,24540,24396,2259,26655,311
2021-12-08,Marin,041,260295,18455,18305,562,18867,249
2021-12-08,Mariposa,043,17540,1460,1447,54,1501,6
2021-12-08,Mendocino,045,87422,8187,8118,679,8797,95
2021-12-08,Merced,047,269075,43828,43631,2073,45704,680
2021-12-08,Modoc,049,8938,595,594,203,797,6
2021-12-08,Mono,051,14174,1937,1924,19,1943,4
2021-12-08,Monterey,053,433212,49228,48957,4400,53357,631
2021-12-08,Napa,055,140530,13514,13421,125,13546,107
2021-12-08,Nevada,057,99092,9963,9862,363,10225,106
2021-12-08,Orange,059,3164182,317799,315421,16524,331945,5795
2021-12-08,Placer,061,380077,39227,38934,4023,42957,478
2021-12-08,Plumas,063,18699,1954,1924,56,1980,12
2021-12-08,Riverside,065,2383286,377710,375099,17268,392367,5404
2021-12-08,Sacramento,067,1510023,166358,165278,5268,170546,2373
2021-12-08,San Benito,069,59416,7834,7793,196,7989,79
2021-12-08,San Bernardino,071,2135413,370475,367516,12099,379615,6006
2021-12-08,San Diego,073,3302833,395226,391676,22781,414457,4369
2021-12-08,San Francisco,075,870044,55270,54792,2855,57647,677
2021-12-08,San Joaquin,077,732212,103500,102877,5836,108713,1841
2021-12-08,San Luis Obispo,079,281455,30760,30519,1367,31886,361
2021-12-08,San Mateo,081,765935,55530,55220,1938,57158,580
2021-12-08,Santa Barbara,083,443738,46824,46250,1749,47999,558
2021-12-08,Santa Clara,085,1922200,153846,152674,1723,154397,1937
2021-12-08,Santa Cruz,087,273765,21741,21505,1106,22611,224
2021-12-08,Shasta,089,179085,22769,22616,3827,26443,419
2021-12-08,Sierra,091,2930,200,199,23,222,0
2021-12-08,Siskiyou,093,43540,3444,3415,1413,4828,57
2021-12-08,Solano,095,438530,47027,46837,1311,48148,365
2021-12-08,Sonoma,097,501317,43576,43179,595,43774,405
2021-12-08,Stanislaus,099,539301,82586,82038,9548,91586,1264
2021-12-08,Sutter,101,95872,14390,14336,417,14753,187
2021-12-08,Tehama,103,63373,8817,8768,1583,10351,133
2021-12-08,Trinity,105,12862,845,818,214,1032,17
2021-12-08,Tulare,107,460477,70913,70472,17006,87478,1102
2021-12-08,Tuolumne,109,53932,7797,7749,107,7856,91
2021-12-08,Ventura,111,848112,101278,100647,4549,105196,1194
2021-12-08,Yolo,113,214977,20699,20575,1300,21875,267
2021-12-08,Yuba,115,75493,10571,10499,409,10908,92
2021-12-07,Alameda,001,1643700,124054,123325,3141,126466,1497
2021-12-07,Alpine,003,1148,109,108,0,108,0
2021-12-07,Amador,005,37829,5797,5778,73,5851,69
2021-12-07,Butte,007,227075,21899,21761,4042,25803,324
2021-12-07,Calaveras,009,45235,4489,4445,66,4511,88
2021-12-07,Colusa,011,21464,2623,2619,697,3316,21
2021-12-07,Contra Costa,013,1133247,102850,102421,2437,104858,1058
2021-12-07,Del Norte,015,27424,3805,3766,57,3823,42
2021-12-07,El Dorado,017,186661,16894,16742,1828,18570,170
2021-12-07,Fresno,019,978130,146597,145715,12863,158578,2289
2021-12-07,Glenn,021,27897,3594,3579,1042,4621,36
2021-12-07,Humboldt,023,135768,9808,9693,733,10426,117
2021-12-07,Imperial,025,180216,35952,35502,3882,39384,778
2021-12-07,Inyo,027,18085,2595,2567,35,2602,46
2021-12-07,Kern,029,883053,133352,132564,24702,157266,1838
2021-12-07,Kings,031,150075,33668,33441,2163,35604,372
2021-12-07,Lake,033,64148,6965,6925,164,7089,113
2021-12-07,Lassen,035,31185,7065,7040,445,7485,55
2021-12-07,Los Angeles,037,10098052,1478813,1470904,58317,1529221,27007
2021-12-07,Madera,039,155013,24518,24367,2252,26619,311
2021-12-07,Marin,041,260295,18421,18284,556,18840,249
2021-12-07,Mariposa,043,17540,1458,1446,54,1500,6
2021-12-07,Mendocino,045,87422,8169,8107,679,8786,95
2021-12-07,Merced,047,269075,43786,43600,2067,45667,675
2021-12-07,Modoc,049,8938,595,594,202,796,6
2021-12-07,Mono,051,14174,1932,1921,19,1940,4
2021-12-07,Monterey,053,433212,49159,48880,4369,53249,631
2021-12-07,Napa,055,140530,13496,13409,125,13534,107
2021-12-07,Nevada,057,99092,9949,9858,362,10220,105
2021-12-07,Orange,059,3164182,317468,315138,16475,331613,5784
2021-12-07,Placer,061,380077,39152,38860,4019,42879,474
2021-12-07,Plumas,063,18699,1950,1915,56,1971,12
2021-12-07,Riverside,065,2383286,377184,374552,17252,391804,5397
2021-12-07,Sacramento,067,1510023,166126,165148,5246,170394,2375
2021-12-07,San Benito,069,59416,7818,7776,196,7972,78
2021-12-07,San Bernardino,071,2135413,369929,366981,12083,379064,6007
2021-12-07,San Diego,073,3302833,394373,391110,22741,413851,4357
2021-12-07,San Francisco,075,870044,55163,54729,2847,57576,676
2021-12-07,San Joaquin,077,732212,103382,102797,5824,108621,1839
2021-12-07,San Luis Obispo,079,281455,30721,30495,1365,31860,361
2021-12-07,San Mateo,081,765935,55449,55163,1925,57088,580
2021-12-07,Santa Barbara,083,443738,46753,46205,1747,47952,556
2021-12-07,Santa Clara,085,1922200,153659,152465,1714,154179,1941
2021-12-07,Santa Cruz,087,273765,21694,21493,1106,22599,224
2021-12-07,Shasta,089,179085,22748,22594,3824,26418,418
2021-12-07,Sierra,091,2930,200,199,23,222,0
2021-12-07,Siskiyou,093,43540,3441,3412,1413,4825,57
2021-12-07,Solano,095,438530,46987,46812,1311,48123,365
2021-12-07,Sonoma,097,501317,43502,43154,594,43748,405
2021-12-07,Stanislaus,099,539301,82509,81980,9535,91515,1258
2021-12-07,Sutter,101,95872,14382,14322,416,14738,186
2021-12-07,Tehama,103,63373,8809,8765,1582,10347,133
2021-12-07,Trinity,105,12862,845,818,214,1032,17
2021-12-07,Tulare,107,460477,70855,70411,16977,87388,1103
2021-12-07,Tuolumne,109,53932,7789,7743,107,7850,91
2021-12-07,Ventura,111,848112,101182,100569,4539,105108,1194
2021-12-07,Yolo,113,214977,20672,20560,1298,21858,263
2021-12-07,Yuba,115,75493,10554,10491,408,10899,91
2021-12-06,Alameda,001,1643700,123901,123227,3137,126364,1496
2021-12-06,Alpine,003,1148,109,108,0,108,0
2021-12-06,Amador,005,37829,5791,5769,72,5841,67
2021-12-06,Butte,007,227075,21882,21732,4039,25771,321
2021-12-06,Calaveras,009,45235,4482,4443,66,4509,88
2021-12-06,Colusa,011,21464,2622,2615,693,3308,21
2021-12-06,Contra Costa,013,1133247,102731,102327,2434,104761,1058
2021-12-06,Del Norte,015,27424,3803,3744,57,3801,42
2021-12-06,El Dorado,017,186661,16870,16726,1826,18552,168
2021-12-06,Fresno,019,978130,146405,145539,12854,158393,2285
2021-12-06,Glenn,021,27897,3592,3577,1040,4617,36
2021-12-06,Humboldt,023,135768,9788,9671,726,10397,117
2021-12-06,Imperial,025,180216,35877,35453,3864,39317,778
2021-12-06,Inyo,027,18085,2590,2562,34,2596,46
2021-12-06,Kern,029,883053,133167,132366,24645,157011,1835
2021-12-06,Kings,031,150075,33635,33399,2158,35557,368
2021-12-06,Lake,033,64148,6961,6922,164,7086,113
2021-12-06,Lassen,035,31185,7060,7032,443,7475,51
2021-12-06,Los Angeles,037,10098052,1477174,1470059,58224,1528283,26993
2021-12-06,Madera,039,155013,24491,24334,2248,26582,307
2021-12-06,Marin,041,260295,18393,18252,554,18806,249
2021-12-06,Mariposa,043,17540,1455,1443,54,1497,6
2021-12-06,Mendocino,045,87422,8155,8079,676,8755,95
2021-12-06,Merced,047,269075,43744,43549,2057,45606,672
2021-12-06,Modoc,049,8938,595,593,202,795,6
2021-12-06,Mono,051,14174,1924,1913,19,1932,4
2021-12-06,Monterey,053,433212,49092,48831,4338,53169,626
2021-12-06,Napa,055,140530,13473,13387,123,13510,107
2021-12-06,Nevada,057,99092,9923,9847,361,10208,105
2021-12-06,Orange,059,3164182,317093,314859,16434,331293,5771
2021-12-06,Placer,061,380077,39094,38785,4013,42798,473
2021-12-06,Plumas,063,18699,1942,1913,56,1969,10
2021-12-06,Riverside,065,2383286,376665,374116,17237,391353,5388
2021-12-06,Sacramento,067,1510023,165847,164926,5225,170151,2367
2021-12-06,San Benito,069,59416,7802,7755,196,7951,78
2021-12-06,San Bernardino,071,2135413,369389,366606,12058,378664,5998
2021-12-06,San Diego,073,3302833,393520,390389,22696,413085,4352
2021-12-06,San Francisco,075,870044,55057,54659,2841,57500,674
2021-12-06,San Joaquin,077,732212,103257,102728,5817,108545,1837
2021-12-06,San Luis Obispo,079,281455,30686,30464,1362,31826,361
2021-12-06,San Mateo,081,765935,55384,55112,1912,57024,580
2021-12-06,Santa Barbara,083,443738,46663,46146,1746,47892,556
2021-12-06,Santa Clara,085,1922200,153451,152310,1699,154009,1937
2021-12-06,Santa Cruz,087,273765,21660,21450,1102,22552,224
2021-12-06,Shasta,089,179085,22725,22556,3817,26373,416
2021-12-06,Sierra,091,2930,199,198,23,221,0
2021-12-06,Siskiyou,093,43540,3439,3409,1408,4817,57
2021-12-06,Solano,095,438530,46953,46748,1310,48058,360
2021-12-06,Sonoma,097,501317,43434,43114,586,43700,405
2021-12-06,Stanislaus,099,539301,82413,81889,9513,91402,1241
2021-12-06,Sutter,101,95872,14370,14319,416,14735,186
2021-12-06,Tehama,103,63373,8801,8760,1582,10342,133
2021-12-06,Trinity,105,12862,845,815,213,1028,17
2021-12-06,Tulare,107,460477,70782,70285,16938,87223,1101
2021-12-06,Tuolumne,109,53932,7776,7726,107,7833,91
2021-12-06,Ventura,111,848112,101078,100426,4531,104957,1194
2021-12-06,Yolo,113,214977,20650,20548,1297,21845,263
2021-12-06,Yuba,115,75493,10539,10480,402,10882,91
2021-12-05,Alameda,001,1643700,123718,123104,3129,126233,1496
2021-12-05,Alpine,003,1148,108,108,0,108,0
2021-12-05,Amador,005,37829,5788,5761,72,5833,67
2021-12-05,Butte,007,227075,21848,21720,4032,25752,320
2021-12-05,Calaveras,009,45235,4466,4434,66,4500,88
2021-12-05,Colusa,011,21464,2621,2615,692,3307,21
2021-12-05,Contra Costa,013,1133247,102605,102251,2423,104674,1058
2021-12-05,Del Norte,015,27424,3801,3751,57,3808,42
2021-12-05,El Dorado,017,186661,16832,16717,1820,18537,168
2021-12-05,Fresno,019,978130,146231,145452,12835,158287,2284
2021-12-05,Glenn,021,27897,3590,3577,1038,4615,36
2021-12-05,Humboldt,023,135768,9758,9662,723,10385,117
2021-12-05,Imperial,025,180216,35786,35422,3835,39257,778
2021-12-05,Inyo,027,18085,2583,2559,34,2593,46
2021-12-05,Kern,029,883053,133006,132286,24591,156877,1833
2021-12-05,Kings,031,150075,33570,33360,2158,35518,369
2021-12-05,Lake,033,64148,6957,6919,163,7082,113
2021-12-05,Lassen,035,31185,7058,7031,443,7474,51
2021-12-05,Los Angeles,037,10098052,1475351,1468937,58091,1527028,26991
2021-12-05,Madera,039,155013,24450,24311,2245,26556,307
2021-12-05,Marin,041,260295,18346,18216,546,18762,249
2021-12-05,Mariposa,043,17540,1452,1440,53,1493,6
2021-12-05,Mendocino,045,87422,8137,8069,670,8739,95
2021-12-05,Merced,047,269075,43702,43534,2048,45582,672
2021-12-05,Modoc,049,8938,595,593,202,795,6
2021-12-05,Mono,051,14174,1919,1907,19,1926,4
2021-12-05,Monterey,053,433212,49033,48813,4296,53109,626
2021-12-05,Napa,055,140530,13447,13382,120,13502,107
2021-12-05,Nevada,057,99092,9902,9827,361,10188,105
2021-12-05,Orange,059,3164182,316661,314560,16392,330952,5771
2021-12-05,Placer,061,380077,39037,38738,4004,42742,473
2021-12-05,Plumas,063,18699,1938,1913,55,1968,9
2021-12-05,Riverside,065,2383286,376013,373827,17207,391034,5388
2021-12-05,Sacramento,067,1510023,165555,164721,5207,169928,2367
2021-12-05,San Benito,069,59416,7785,7748,195,7943,78
2021-12-05,San Bernardino,071,2135413,368698,366282,12020,378302,5998
2021-12-05,San Diego,073,3302833,392723,387979,22647,410626,4351
2021-12-05,San Francisco,075,870044,54959,54603,2839,57442,674
2021-12-05,San Joaquin,077,732212,103117,102698,5812,108510,1837
2021-12-05,San Luis Obispo,079,281455,30617,30454,1359,31813,360
2021-12-05,San Mateo,081,765935,55305,55050,1895,56945,580
2021-12-05,Santa Barbara,083,443738,46580,46097,1738,47835,555
2021-12-05,Santa Clara,085,1922200,153195,152114,1679,153793,1933
2021-12-05,Santa Cruz,087,273765,21610,21424,1102,22526,224
2021-12-05,Shasta,089,179085,22667,22550,3816,26366,416
2021-12-05,Sierra,091,2930,199,198,23,221,0
2021-12-05,Siskiyou,093,43540,3437,3409,1405,4814,57
2021-12-05,Solano,095,438530,46894,46715,1308,48023,360
2021-12-05,Sonoma,097,501317,43357,43038,581,43619,405
2021-12-05,Stanislaus,099,539301,82268,81847,9505,91352,1241
2021-12-05,Sutter,101,95872,14346,14303,411,14714,186
2021-12-05,Tehama,103,63373,8794,8755,1581,10336,133
2021-12-05,Trinity,105,12862,844,815,213,1028,17
2021-12-05,Tulare,107,460477,70705,70254,16887,87141,1102
2021-12-05,Tuolumne,109,53932,7764,7718,107,7825,91
2021-12-05,Ventura,111,848112,100941,100367,4518,104885,1194
2021-12-05,Yolo,113,214977,20611,20512,1294,21806,263
2021-12-05,Yuba,115,75493,10526,10467,394,10861,91
2021-12-04,Alameda,001,1643700,123614,122508,3125,125633,1494
2021-12-04,Alpine,003,1148,108,108,0,108,0
2021-12-04,Amador,005,37829,5785,5729,72,5801,67
2021-12-04,Butte,007,227075,21829,21638,4028,25666,318
2021-12-04,Calaveras,009,45235,4458,4392,65,4457,88
2021-12-04,Colusa,011,21464,2621,2600,690,3290,21
2021-12-04,Contra Costa,013,1133247,102535,101824,2417,104241,1056
2021-12-04,Del Norte,015,27424,3798,3726,57,3783,42
2021-12-04,El Dorado,017,186661,16823,16621,1819,18440,168
2021-12-04,Fresno,019,978130,146143,144734,12830,157564,2270
2021-12-04,Glenn,021,27897,3590,3559,1038,4597,36
2021-12-04,Humboldt,023,135768,9743,9596,719,10315,117
2021-12-04,Imperial,025,180216,35731,35206,3822,39028,776
2021-12-04,Inyo,027,18085,2578,2538,34,2572,46
2021-12-04,Kern,029,883053,132929,131771,24568,156339,1817
2021-12-04,Kings,031,150075,33546,33183,2157,35340,367
2021-12-04,Lake,033,64148,6949,6903,162,7065,113
2021-12-04,Lassen,035,31185,7057,7014,441,7455,51
2021-12-04,Los Angeles,037,10098052,1474494,1463270,58014,1521284,26952
2021-12-04,Madera,039,155013,24436,24188,2241,26429,307
2021-12-04,Marin,041,260295,18324,18075,545,18620,249
2021-12-04,Mariposa,043,17540,1448,1421,53,1474,6
2021-12-04,Mendocino,045,87422,8132,7981,670,8651,91
2021-12-04,Merced,047,269075,43675,43337,2046,45383,671
2021-12-04,Modoc,049,8938,595,591,202,793,6
2021-12-04,Mono,051,14174,1919,1883,19,1902,4
2021-12-04,Monterey,053,433212,49005,48682,4284,52966,626
2021-12-04,Napa,055,140530,13437,13327,119,13446,106
2021-12-04,Nevada,057,99092,9895,9752,361,10113,105
2021-12-04,Orange,059,3164182,316434,313112,16365,329477,5748
2021-12-04,Placer,061,380077,38996,38460,3998,42458,473
2021-12-04,Plumas,063,18699,1935,1903,55,1958,7
2021-12-04,Riverside,065,2383286,375655,371768,17201,388969,5381
2021-12-04,Sacramento,067,1510023,165416,163900,5199,169099,2365
2021-12-04,San Benito,069,59416,7760,7688,195,7883,78
2021-12-04,San Bernardino,071,2135413,368317,364154,12006,376160,5983
2021-12-04,San Diego,073,3302833,392246,386710,22617,409327,4350
2021-12-04,San Francisco,075,870044,54893,54286,2835,57121,674
2021-12-04,San Joaquin,077,732212,103065,102286,5810,108096,1835
2021-12-04,San Luis Obispo,079,281455,30596,30318,1355,31673,360
2021-12-04,San Mateo,081,765935,55264,54774,1885,56659,579
2021-12-04,Santa Barbara,083,443738,46535,45774,1738,47512,555
2021-12-04,Santa Clara,085,1922200,153039,151275,1665,152940,1928
2021-12-04,Santa Cruz,087,273765,21584,21286,1101,22387,224
2021-12-04,Shasta,089,179085,22650,22418,3814,26232,414
2021-12-04,Sierra,091,2930,199,196,23,219,0
2021-12-04,Siskiyou,093,43540,3435,3398,1405,4803,57
2021-12-04,Solano,095,438530,46874,46529,1307,47836,360
2021-12-04,Sonoma,097,501317,43311,42778,578,43356,405
2021-12-04,Stanislaus,099,539301,82195,81462,9498,90960,1231
2021-12-04,Sutter,101,95872,14338,14258,410,14668,186
2021-12-04,Tehama,103,63373,8792,8742,1581,10323,131
2021-12-04,Trinity,105,12862,843,801,213,1014,17
2021-12-04,Tulare,107,460477,70668,70014,16858,86872,1100
2021-12-04,Tuolumne,109,53932,7759,7676,107,7783,91
2021-12-04,Ventura,111,848112,100850,99751,4514,104265,1192
2021-12-04,Yolo,113,214977,20590,20442,1293,21735,261
2021-12-04,Yuba,115,75493,10515,10418,393,10811,91
2021-12-03,Alameda,001,1643700,123524,122508,3115,125623,1494
2021-12-03,Alpine,003,1148,108,108,0,108,0
2021-12-03,Amador,005,37829,5780,5729,71,5800,67
2021-12-03,Butte,007,227075,21816,21638,4023,25661,318
2021-12-03,Calaveras,009,45235,4449,4392,65,4457,88
2021-12-03,Colusa,011,21464,2619,2600,690,3290,21
2021-12-03,Contra Costa,013,1133247,102462,101824,2412,104236,1056
2021-12-03,Del Norte,015,27424,3796,3726,57,3783,42
2021-12-03,El Dorado,017,186661,16804,16621,1816,18437,168
2021-12-03,Fresno,019,978130,146028,144734,12828,157562,2270
2021-12-03,Glenn,021,27897,3588,3559,1037,4596,36
2021-12-03,Humboldt,023,135768,9726,9596,717,10313,117
2021-12-03,Imperial,025,180216,35687,35206,3813,39019,776
2021-12-03,Inyo,027,18085,2571,2538,34,2572,46
2021-12-03,Kern,029,883053,132859,131771,24531,156302,1817
2021-12-03,Kings,031,150075,33517,33183,2157,35340,367
2021-12-03,Lake,033,64148,6949,6903,162,7065,113
2021-12-03,Lassen,035,31185,7055,7014,440,7454,51
2021-12-03,Los Angeles,037,10098052,1473569,1463270,57933,1521203,26952
2021-12-03,Madera,039,155013,24410,24188,2237,26425,307
2021-12-03,Marin,041,260295,18292,18075,541,18616,249
2021-12-03,Mariposa,043,17540,1446,1421,53,1474,6
2021-12-03,Mendocino,045,87422,8125,7981,670,8651,91
2021-12-03,Merced,047,269075,43652,43337,2043,45380,671
2021-12-03,Modoc,049,8938,595,591,202,793,6
2021-12-03,Mono,051,14174,1913,1883,19,1902,4
2021-12-03,Monterey,053,433212,48975,48682,4265,52947,626
2021-12-03,Napa,055,140530,13425,13327,119,13446,106
2021-12-03,Nevada,057,99092,9884,9752,361,10113,105
2021-12-03,Orange,059,3164182,316167,313112,16339,329451,5748
2021-12-03,Placer,061,380077,38959,38460,3991,42451,473
2021-12-03,Plumas,063,18699,1932,1903,55,1958,7
2021-12-03,Riverside,065,2383286,375266,371768,17195,388963,5381
2021-12-03,Sacramento,067,1510023,165239,163900,5183,169083,2365
2021-12-03,San Benito,069,59416,7753,7688,195,7883,78
2021-12-03,San Bernardino,071,2135413,367881,364154,11996,376150,5983
2021-12-03,San Diego,073,3302833,391769,386710,22592,409302,4350
2021-12-03,San Francisco,075,870044,54823,54286,2832,57118,674
2021-12-03,San Joaquin,077,732212,103009,102286,5809,108095,1835
2021-12-03,San Luis Obispo,079,281455,30570,30318,1352,31670,360
2021-12-03,San Mateo,081,765935,55205,54774,1879,56653,579
2021-12-03,Santa Barbara,083,443738,46500,45774,1738,47512,555
2021-12-03,Santa Clara,085,1922200,152858,151275,1649,152924,1928
2021-12-03,Santa Cruz,087,273765,21557,21286,1101,22387,224
2021-12-03,Shasta,089,179085,22635,22418,3814,26232,414
2021-12-03,Sierra,091,2930,199,196,23,219,0
2021-12-03,Siskiyou,093,43540,3432,3398,1403,4801,57
2021-12-03,Solano,095,438530,46832,46529,1306,47835,360
2021-12-03,Sonoma,097,501317,43275,42778,576,43354,405
2021-12-03,Stanislaus,099,539301,82138,81462,9489,90951,1231
2021-12-03,Sutter,101,95872,14325,14258,408,14666,186
2021-12-03,Tehama,103,63373,8791,8742,1580,10322,131
2021-12-03,Trinity,105,12862,843,801,213,1014,17
2021-12-03,Tulare,107,460477,70628,70014,16826,86840,1100
2021-12-03,Tuolumne,109,53932,7750,7676,107,7783,91
2021-12-03,Ventura,111,848112,100763,99751,4508,104259,1192
2021-12-03,Yolo,113,214977,20573,20442,1292,21734,261
2021-12-03,Yuba,115,75493,10507,10418,393,10811,91
2021-12-02,Alameda,001,1643700,123376,122508,3107,125615,1494
2021-12-02,Alpine,003,1148,108,108,0,108,0
2021-12-02,Amador,005,37829,5775,5729,70,5799,67
2021-12-02,Butte,007,227075,21791,21638,4020,25658,318
2021-12-02,Calaveras,009,45235,4439,4392,64,4456,88
2021-12-02,Colusa,011,21464,2618,2600,690,3290,21
2021-12-02,Contra Costa,013,1133247,102350,101824,2407,104231,1056
2021-12-02,Del Norte,015,27424,3788,3726,57,3783,42
2021-12-02,El Dorado,017,186661,16784,16621,1814,18435,168
2021-12-02,Fresno,019,978130,145862,144734,12819,157553,2270
2021-12-02,Glenn,021,27897,3588,3559,1036,4595,36
2021-12-02,Humboldt,023,135768,9707,9596,715,10311,117
2021-12-02,Imperial,025,180216,35622,35206,3790,38996,776
2021-12-02,Inyo,027,18085,2566,2538,34,2572,46
2021-12-02,Kern,029,883053,132688,131771,24481,156252,1817
2021-12-02,Kings,031,150075,33463,33183,2155,35338,367
2021-12-02,Lake,033,64148,6945,6903,162,7065,113
2021-12-02,Lassen,035,31185,7051,7014,440,7454,51
2021-12-02,Los Angeles,037,10098052,1472071,1463270,57846,1521116,26952
2021-12-02,Madera,039,155013,24374,24188,2225,26413,307
2021-12-02,Marin,041,260295,18262,18075,536,18611,249
2021-12-02,Mariposa,043,17540,1444,1421,53,1474,6
2021-12-02,Mendocino,045,87422,8109,7981,669,8650,91
2021-12-02,Merced,047,269075,43605,43337,2037,45374,671
2021-12-02,Modoc,049,8938,594,591,202,793,6
2021-12-02,Mono,051,14174,1899,1883,19,1902,4
2021-12-02,Monterey,053,433212,48916,48682,4231,52913,626
2021-12-02,Napa,055,140530,13412,13327,119,13446,106
2021-12-02,Nevada,057,99092,9866,9752,360,10112,105
2021-12-02,Orange,059,3164182,315829,313112,16303,329415,5748
2021-12-02,Placer,061,380077,38895,38460,3985,42445,473
2021-12-02,Plumas,063,18699,1930,1903,55,1958,7
2021-12-02,Riverside,065,2383286,374740,371768,17185,388953,5381
2021-12-02,Sacramento,067,1510023,165013,163900,5172,169072,2365
2021-12-02,San Benito,069,59416,7733,7688,195,7883,78
2021-12-02,San Bernardino,071,2135413,367339,364154,11977,376131,5983
2021-12-02,San Diego,073,3302833,391126,386710,22538,409248,4350
2021-12-02,San Francisco,075,870044,54725,54286,2825,57111,674
2021-12-02,San Joaquin,077,732212,102894,102286,5804,108090,1835
2021-12-02,San Luis Obispo,079,281455,30537,30318,1345,31663,360
2021-12-02,San Mateo,081,765935,55137,54774,1859,56633,579
2021-12-02,Santa Barbara,083,443738,46420,45774,1735,47509,555
2021-12-02,Santa Clara,085,1922200,152613,151275,1632,152907,1928
2021-12-02,Santa Cruz,087,273765,21506,21286,1100,22386,224
2021-12-02,Shasta,089,179085,22603,22418,3813,26231,414
2021-12-02,Sierra,091,2930,199,196,23,219,0
2021-12-02,Siskiyou,093,43540,3431,3398,1396,4794,57
2021-12-02,Solano,095,438530,46781,46529,1304,47833,360
2021-12-02,Sonoma,097,501317,43202,42778,576,43354,405
2021-12-02,Stanislaus,099,539301,82041,81462,9480,90942,1231
2021-12-02,Sutter,101,95872,14312,14258,405,14663,186
2021-12-02,Tehama,103,63373,8784,8742,1578,10320,131
2021-12-02,Trinity,105,12862,843,801,213,1014,17
2021-12-02,Tulare,107,460477,70545,70014,16774,86788,1100
2021-12-02,Tuolumne,109,53932,7735,7676,106,7782,91
2021-12-02,Ventura,111,848112,100639,99751,4506,104257,1192
2021-12-02,Yolo,113,214977,20548,20442,1288,21730,261
2021-12-02,Yuba,115,75493,10491,10418,390,10808,91
2021-12-01,Alameda,001,1643700,123229,122298,3096,125394,1492
2021-12-01,Alpine,003,1148,108,108,0,108,0
2021-12-01,Amador,005,37829,5768,5723,70,5793,67
2021-12-01,Butte,007,227075,21771,21600,4015,25615,318
2021-12-01,Calaveras,009,45235,4434,4371,64,4435,88
2021-12-01,Colusa,011,21464,2611,2595,687,3282,20
2021-12-01,Contra Costa,013,1133247,102244,101651,2396,104047,1048
2021-12-01,Del Norte,015,27424,3786,3722,57,3779,42
2021-12-01,El Dorado,017,186661,16764,16575,1812,18387,166
2021-12-01,Fresno,019,978130,145655,144507,12810,157317,2264
2021-12-01,Glenn,021,27897,3578,3556,1035,4591,36
2021-12-01,Humboldt,023,135768,9683,9573,710,10283,117
2021-12-01,Imperial,025,180216,35542,35085,3763,38848,776
2021-12-01,Inyo,027,18085,2562,2533,34,2567,46
2021-12-01,Kern,029,883053,132544,131580,24427,156007,1804
2021-12-01,Kings,031,150075,33413,33112,2154,35266,364
2021-12-01,Lake,033,64148,6937,6896,161,7057,112
2021-12-01,Lassen,035,31185,7045,7008,438,7446,51
2021-12-01,Los Angeles,037,10098052,1470494,1461394,57750,1519144,26928
2021-12-01,Madera,039,155013,24342,24134,2216,26350,307
2021-12-01,Marin,041,260295,18225,18038,530,18568,249
2021-12-01,Mariposa,043,17540,1440,1415,53,1468,6
2021-12-01,Mendocino,045,87422,8095,7966,664,8630,90
2021-12-01,Merced,047,269075,43550,43259,2016,45275,670
2021-12-01,Modoc,049,8938,594,576,202,778,5
2021-12-01,Mono,051,14174,1898,1876,19,1895,4
2021-12-01,Monterey,053,433212,48870,48611,4219,52830,626
2021-12-01,Napa,055,140530,13395,13319,117,13436,107
2021-12-01,Nevada,057,99092,9853,9706,360,10066,105
2021-12-01,Orange,059,3164182,315470,312772,16266,329038,5735
2021-12-01,Placer,061,380077,38839,38373,3979,42352,472
2021-12-01,Plumas,063,18699,1926,1893,55,1948,7
2021-12-01,Riverside,065,2383286,374221,371189,17168,388357,5369
2021-12-01,Sacramento,067,1510023,164802,163616,5153,168769,2360
2021-12-01,San Benito,069,59416,7719,7669,195,7864,78
2021-12-01,San Bernardino,071,2135413,366764,363368,11952,375320,5973
2021-12-01,San Diego,073,3302833,390327,386056,22485,408541,4346
2021-12-01,San Francisco,075,870044,54644,54199,2818,57017,672
2021-12-01,San Joaquin,077,732212,102787,102109,5803,107912,1834
2021-12-01,San Luis Obispo,079,281455,30497,30238,1341,31579,360
2021-12-01,San Mateo,081,765935,55060,54711,1850,56561,579
2021-12-01,Santa Barbara,083,443738,46350,45681,1733,47414,554
2021-12-01,Santa Clara,085,1922200,152393,150961,1613,152574,1925
2021-12-01,Santa Cruz,087,273765,21476,21191,1099,22290,224
2021-12-01,Shasta,089,179085,22571,22375,3807,26182,410
2021-12-01,Sierra,091,2930,199,195,23,218,0
2021-12-01,Siskiyou,093,43540,3428,3391,1396,4787,55
2021-12-01,Solano,095,438530,46738,46485,1304,47789,360
2021-12-01,Sonoma,097,501317,43128,42713,575,43288,405
2021-12-01,Stanislaus,099,539301,81945,81330,9469,90799,1231
2021-12-01,Sutter,101,95872,14297,14229,404,14633,186
2021-12-01,Tehama,103,63373,8774,8728,1578,10306,130
2021-12-01,Trinity,105,12862,838,801,213,1014,17
2021-12-01,Tulare,107,460477,70468,69953,16732,86685,1098
2021-12-01,Tuolumne,109,53932,7727,7655,106,7761,91
2021-12-01,Ventura,111,848112,100532,99680,4496,104176,1191
2021-12-01,Yolo,113,214977,20520,20393,1287,21680,260
2021-12-01,Yuba,115,75493,10479,10401,389,10790,89
2021-11-30,Alameda,001,1643700,123067,122196,3084,125280,1489
2021-11-30,Alpine,003,1148,108,108,0,108,0
2021-11-30,Amador,005,37829,5760,5716,70,5786,66
2021-11-30,Butte,007,227075,21742,21565,4007,25572,318
2021-11-30,Calaveras,009,45235,4416,4360,64,4424,88
2021-11-30,Colusa,011,21464,2610,2592,687,3279,21
2021-11-30,Contra Costa,013,1133247,102108,101538,2387,103925,1046
2021-11-30,Del Norte,015,27424,3780,3718,57,3775,42
2021-11-30,El Dorado,017,186661,16738,16558,1805,18363,166
2021-11-30,Fresno,019,978130,145459,144384,12804,157188,2259
2021-11-30,Glenn,021,27897,3572,3555,1034,4589,36
2021-11-30,Humboldt,023,135768,9652,9539,704,10243,116
2021-11-30,Imperial,025,180216,35433,34999,3735,38734,773
2021-11-30,Inyo,027,18085,2553,2530,34,2564,46
2021-11-30,Kern,029,883053,132371,131451,24371,155822,1799
2021-11-30,Kings,031,150075,33364,33074,2148,35222,362
2021-11-30,Lake,033,64148,6932,6892,159,7051,110
2021-11-30,Lassen,035,31185,7041,7003,437,7440,51
2021-11-30,Los Angeles,037,10098052,1468719,1460177,57645,1517822,26913
2021-11-30,Madera,039,155013,24308,24108,2211,26319,307
2021-11-30,Marin,041,260295,18181,18010,528,18538,249
2021-11-30,Mariposa,043,17540,1434,1412,53,1465,6
2021-11-30,Mendocino,045,87422,8066,7960,658,8618,89
2021-11-30,Merced,047,269075,43481,43200,2009,45209,668
2021-11-30,Modoc,049,8938,593,576,202,778,5
2021-11-30,Mono,051,14174,1893,1873,19,1892,4
2021-11-30,Monterey,053,433212,48813,48581,4202,52783,626
2021-11-30,Napa,055,140530,13375,13308,117,13425,105
2021-11-30,Nevada,057,99092,9837,9699,359,10058,105
2021-11-30,Orange,059,3164182,315052,312451,16227,328678,5724
2021-11-30,Placer,061,380077,38739,38324,3971,42295,470
2021-11-30,Plumas,063,18699,1921,1887,54,1941,7
2021-11-30,Riverside,065,2383286,373538,370739,17143,387882,5358
2021-11-30,Sacramento,067,1510023,164533,163420,5125,168545,2353
2021-11-30,San Benito,069,59416,7697,7645,194,7839,78
2021-11-30,San Bernardino,071,2135413,366106,363006,11930,374936,5967
2021-11-30,San Diego,073,3302833,389396,385405,22439,407844,4340
2021-11-30,San Francisco,075,870044,54544,54147,2806,56953,672
2021-11-30,San Joaquin,077,732212,102662,101972,5795,107767,1834
2021-11-30,San Luis Obispo,079,281455,30472,30200,1338,31538,360
2021-11-30,San Mateo,081,765935,54974,54656,1824,56480,579
2021-11-30,Santa Barbara,083,443738,46254,45628,1727,47355,553
2021-11-30,Santa Clara,085,1922200,152133,150799,1594,152393,1929
2021-11-30,Santa Cruz,087,273765,21418,21169,1095,22264,224
2021-11-30,Shasta,089,179085,22541,22347,3804,26151,401
2021-11-30,Sierra,091,2930,196,195,23,218,0
2021-11-30,Siskiyou,093,43540,3424,3385,1393,4778,55
2021-11-30,Solano,095,438530,46676,46434,1298,47732,358
2021-11-30,Sonoma,097,501317,43051,42663,574,43237,405
2021-11-30,Stanislaus,099,539301,81841,81276,9442,90718,1227
2021-11-30,Sutter,101,95872,14287,14210,401,14611,186
2021-11-30,Tehama,103,63373,8767,8727,1577,10304,130
2021-11-30,Trinity,105,12862,837,799,213,1012,17
2021-11-30,Tulare,107,460477,70381,69900,16685,86585,1099
2021-11-30,Tuolumne,109,53932,7712,7643,106,7749,91
2021-11-30,Ventura,111,848112,100377,99601,4484,104085,1191
2021-11-30,Yolo,113,214977,20481,20376,1281,21657,260
2021-11-30,Yuba,115,75493,10463,10398,383,10781,89
2021-11-29,Alameda,001,1643700,122913,122136,3074,125210,1489
2021-11-29,Alpine,003,1148,108,108,0,108,0
2021-11-29,Amador,005,37829,5753,5706,70,5776,66
2021-11-29,Butte,007,227075,21715,21544,4001,25545,314
2021-11-29,Calaveras,009,45235,4400,4353,64,4417,88
2021-11-29,Colusa,011,21464,2608,2585,684,3269,20
2021-11-29,Contra Costa,013,1133247,101964,101441,2379,103820,1046
2021-11-29,Del Norte,015,27424,3776,3704,57,3761,42
2021-11-29,El Dorado,017,186661,16720,16534,1800,18334,166
2021-11-29,Fresno,019,978130,145257,144282,12789,157071,2254
2021-11-29,Glenn,021,27897,3569,3555,1033,4588,36
2021-11-29,Humboldt,023,135768,9635,9514,697,10211,115
2021-11-29,Imperial,025,180216,35369,34960,3716,38676,773
2021-11-29,Inyo,027,18085,2548,2529,34,2563,46
2021-11-29,Kern,029,883053,132188,131362,24328,155690,1789
2021-11-29,Kings,031,150075,33311,33059,2144,35203,363
2021-11-29,Lake,033,64148,6921,6889,158,7047,110
2021-11-29,Lassen,035,31185,7039,7003,435,7438,51
2021-11-29,Los Angeles,037,10098052,1466885,1459446,57558,1517004,26889
2021-11-29,Madera,039,155013,24270,24069,2203,26272,307
2021-11-29,Marin,041,260295,18134,17980,523,18503,249
2021-11-29,Mariposa,043,17540,1426,1409,53,1462,6
2021-11-29,Mendocino,045,87422,8049,7954,654,8608,89
2021-11-29,Merced,047,269075,43407,43167,2002,45169,667
2021-11-29,Modoc,049,8938,592,569,202,771,5
2021-11-29,Mono,051,14174,1872,1859,19,1878,4
2021-11-29,Monterey,053,433212,48763,48548,4175,52723,626
2021-11-29,Napa,055,140530,13365,13304,117,13421,104
2021-11-29,Nevada,057,99092,9823,9689,359,10048,105
2021-11-29,Orange,059,3164182,314656,312203,16185,328388,5709
2021-11-29,Placer,061,380077,38674,38261,3966,42227,470
2021-11-29,Plumas,063,18699,1918,1884,54,1938,7
2021-11-29,Riverside,065,2383286,373005,370334,17132,387466,5358
2021-11-29,Sacramento,067,1510023,164282,163282,5091,168373,2342
2021-11-29,San Benito,069,59416,7677,7631,193,7824,77
2021-11-29,San Bernardino,071,2135413,365517,362694,11898,374592,5962
2021-11-29,San Diego,073,3302833,388505,384853,22408,407261,4335
2021-11-29,San Francisco,075,870044,54446,54125,2802,56927,669
2021-11-29,San Joaquin,077,732212,102526,101927,5788,107715,1834
2021-11-29,San Luis Obispo,079,281455,30437,30165,1335,31500,359
2021-11-29,San Mateo,081,765935,54881,54622,1811,56433,579
2021-11-29,Santa Barbara,083,443738,46157,45576,1723,47299,549
2021-11-29,Santa Clara,085,1922200,151864,150620,1588,152208,1925
2021-11-29,Santa Cruz,087,273765,21380,21149,1093,22242,224
2021-11-29,Shasta,089,179085,22507,22315,3800,26115,399
2021-11-29,Sierra,091,2930,196,195,23,218,0
2021-11-29,Siskiyou,093,43540,3421,3374,1386,4760,55
2021-11-29,Solano,095,438530,46630,46412,1296,47708,357
2021-11-29,Sonoma,097,501317,42978,42624,571,43195,405
2021-11-29,Stanislaus,099,539301,81759,81227,9425,90652,1223
2021-11-29,Sutter,101,95872,14271,14204,398,14602,186
2021-11-29,Tehama,103,63373,8762,8720,1572,10292,130
2021-11-29,Trinity,105,12862,832,798,213,1011,17
2021-11-29,Tulare,107,460477,70306,69850,16649,86499,1096
2021-11-29,Tuolumne,109,53932,7699,7627,105,7732,90
2021-11-29,Ventura,111,848112,100256,99520,4474,103994,1190
2021-11-29,Yolo,113,214977,20437,20344,1278,21622,257
2021-11-29,Yuba,115,75493,10446,10395,382,10777,89
2021-11-28,Alameda,001,1643700,122700,122082,3065,125147,1491
2021-11-28,Alpine,003,1148,108,108,0,108,0
2021-11-28,Amador,005,37829,5743,5703,70,5773,66
2021-11-28,Butte,007,227075,21677,21530,3999,25529,313
2021-11-28,Calaveras,009,45235,4378,4350,64,4414,88
2021-11-28,Colusa,011,21464,2604,2586,683,3269,19
2021-11-28,Contra Costa,013,1133247,101795,101355,2368,103723,1046
2021-11-28,Del Norte,015,27424,3771,3703,57,3760,42
2021-11-28,El Dorado,017,186661,16680,16527,1799,18326,166
2021-11-28,Fresno,019,978130,145013,144164,12768,156932,2252
2021-11-28,Glenn,021,27897,3566,3547,1031,4578,36
2021-11-28,Humboldt,023,135768,9603,9499,693,10192,115
2021-11-28,Imperial,025,180216,35261,34929,3692,38621,773
2021-11-28,Inyo,027,18085,2541,2531,34,2565,46
2021-11-28,Kern,029,883053,131981,131279,24272,155551,1789
2021-11-28,Kings,031,150075,33236,33057,2137,35194,364
2021-11-28,Lake,033,64148,6912,6885,156,7041,110
2021-11-28,Lassen,035,31185,7032,7002,431,7433,51
2021-11-28,Los Angeles,037,10098052,1464735,1458646,57467,1516113,26878
2021-11-28,Madera,039,155013,24222,24055,2196,26251,307
2021-11-28,Marin,041,260295,18086,17962,519,18481,249
2021-11-28,Mariposa,043,17540,1422,1406,53,1459,6
2021-11-28,Mendocino,045,87422,8019,7943,649,8592,89
2021-11-28,Merced,047,269075,43341,43166,1985,45151,667
2021-11-28,Modoc,049,8938,591,569,202,771,5
2021-11-28,Mono,051,14174,1867,1841,19,1860,4
2021-11-28,Monterey,053,433212,48706,48537,4146,52683,626
2021-11-28,Napa,055,140530,13353,13303,117,13420,104
2021-11-28,Nevada,057,99092,9794,9684,358,10042,105
2021-11-28,Orange,059,3164182,314278,312028,16146,328174,5693
2021-11-28,Placer,061,380077,38593,38240,3946,42186,470
2021-11-28,Plumas,063,18699,1912,1884,53,1937,7
2021-11-28,Riverside,065,2383286,372349,370051,17111,387162,5358
2021-11-28,Sacramento,067,1510023,163932,163170,5065,168235,2335
2021-11-28,San Benito,069,59416,7659,7623,192,7815,77
2021-11-28,San Bernardino,071,2135413,364807,362407,11873,374280,5958
2021-11-28,San Diego,073,3302833,387614,383025,22344,405369,4325
2021-11-28,San Francisco,075,870044,54373,54082,2796,56878,669
2021-11-28,San Joaquin,077,732212,102343,101895,5771,107666,1834
2021-11-28,San Luis Obispo,079,281455,30374,30152,1331,31483,358
2021-11-28,San Mateo,081,765935,54794,54567,1800,56367,579
2021-11-28,Santa Barbara,083,443738,46079,45551,1712,47263,549
2021-11-28,Santa Clara,085,1922200,151561,150436,1572,152008,1920
2021-11-28,Santa Cruz,087,273765,21309,21110,1092,22202,224
2021-11-28,Shasta,089,179085,22467,22316,3798,26114,400
2021-11-28,Sierra,091,2930,196,195,23,218,0
2021-11-28,Siskiyou,093,43540,3415,3372,1382,4754,55
2021-11-28,Solano,095,438530,46571,46385,1295,47680,356
2021-11-28,Sonoma,097,501317,42893,42583,568,43151,405
2021-11-28,Stanislaus,099,539301,81634,81181,9408,90589,1223
2021-11-28,Sutter,101,95872,14250,14192,392,14584,186
2021-11-28,Tehama,103,63373,8754,8720,1568,10288,130
2021-11-28,Trinity,105,12862,831,797,213,1010,17
2021-11-28,Tulare,107,460477,70211,69833,16594,86427,1095
2021-11-28,Tuolumne,109,53932,7679,7620,105,7725,90
2021-11-28,Ventura,111,848112,100100,99486,4465,103951,1190
2021-11-28,Yolo,113,214977,20396,20333,1277,21610,257
2021-11-28,Yuba,115,75493,10428,10391,380,10771,89
2021-11-27,Alameda,001,1643700,122608,121618,3060,124678,1477
2021-11-27,Alpine,003,1148,108,106,0,106,0
2021-11-27,Amador,005,37829,5742,5670,70,5740,66
2021-11-27,Butte,007,227075,21654,21384,3994,25378,309
2021-11-27,Calaveras,009,45235,4372,4294,64,4358,85
2021-11-27,Colusa,011,21464,2603,2568,681,3249,19
2021-11-27,Contra Costa,013,1133247,101713,100961,2366,103327,1045
2021-11-27,Del Norte,015,27424,3764,3661,57,3718,42
2021-11-27,El Dorado,017,186661,16645,16399,1798,18197,161
2021-11-27,Fresno,019,978130,144904,143386,12764,156150,2246
2021-11-27,Glenn,021,27897,3564,3532,1031,4563,36
2021-11-27,Humboldt,023,135768,9576,9399,690,10089,115
2021-11-27,Imperial,025,180216,35178,34611,3676,38287,769
2021-11-27,Inyo,027,18085,2538,2506,34,2540,45
2021-11-27,Kern,029,883053,131896,130245,24242,154487,1773
2021-11-27,Kings,031,150075,33214,32891,2135,35026,358
2021-11-27,Lake,033,64148,6910,6836,154,6990,110
2021-11-27,Lassen,035,31185,7030,6959,430,7389,47
2021-11-27,Los Angeles,037,10098052,1463747,1454495,57393,1511888,26817
2021-11-27,Madera,039,155013,24202,23880,2192,26072,296
2021-11-27,Marin,041,260295,18048,17857,514,18371,248
2021-11-27,Mariposa,043,17540,1420,1374,53,1427,6
2021-11-27,Mendocino,045,87422,8000,7871,649,8520,89
2021-11-27,Merced,047,269075,43306,42921,1982,44903,664
2021-11-27,Modoc,049,8938,589,551,202,753,5
2021-11-27,Mono,051,14174,1866,1810,19,1829,4
2021-11-27,Monterey,053,433212,48677,48400,4128,52528,625
2021-11-27,Napa,055,140530,13339,13256,117,13373,104
2021-11-27,Nevada,057,99092,9772,9584,357,9941,103
2021-11-27,Orange,059,3164182,314026,310809,16113,326922,5665
2021-11-27,Placer,061,380077,38532,38001,3940,41941,468
2021-11-27,Plumas,063,18699,1908,1860,53,1913,7
2021-11-27,Riverside,065,2383286,371990,367601,17104,384705,5306
2021-11-27,Sacramento,067,1510023,163778,162328,5062,167390,2335
2021-11-27,San Benito,069,59416,7642,7575,192,7767,77
2021-11-27,San Bernardino,071,2135413,364375,360033,11866,371899,5932
2021-11-27,San Diego,073,3302833,387116,382634,22318,404952,4319
2021-11-27,San Francisco,075,870044,54326,53830,2790,56620,669
2021-11-27,San Joaquin,077,732212,102276,101368,5769,107137,1833
2021-11-27,San Luis Obispo,079,281455,30339,29983,1330,31313,358
2021-11-27,San Mateo,081,765935,54744,54360,1791,56151,577
2021-11-27,Santa Barbara,083,443738,46025,45318,1710,47028,548
2021-11-27,Santa Clara,085,1922200,151356,149700,1566,151266,1922
2021-11-27,Santa Cruz,087,273765,21269,20929,1089,22018,222
2021-11-27,Shasta,089,179085,22444,22151,3797,25948,396
2021-11-27,Sierra,091,2930,195,194,23,217,0
2021-11-27,Siskiyou,093,43540,3412,3336,1379,4715,54
2021-11-27,Solano,095,438530,46535,46163,1292,47455,356
2021-11-27,Sonoma,097,501317,42830,42368,568,42936,405
2021-11-27,Stanislaus,099,539301,81561,80782,9390,90172,1220
2021-11-27,Sutter,101,95872,14242,14127,391,14518,181
2021-11-27,Tehama,103,63373,8752,8675,1567,10242,129
2021-11-27,Trinity,105,12862,831,789,213,1002,17
2021-11-27,Tulare,107,460477,70161,69377,16576,85953,1082
2021-11-27,Tuolumne,109,53932,7666,7574,105,7679,90
2021-11-27,Ventura,111,848112,100026,99163,4457,103620,1188
2021-11-27,Yolo,113,214977,20375,20237,1268,21505,257
2021-11-27,Yuba,115,75493,10418,10335,380,10715,88
2021-11-26,Alameda,001,1643700,122505,121618,3058,124676,1477
2021-11-26,Alpine,003,1148,108,106,0,106,0
2021-11-26,Amador,005,37829,5738,5670,70,5740,66
2021-11-26,Butte,007,227075,21631,21384,3989,25373,309
2021-11-26,Calaveras,009,45235,4363,4294,64,4358,85
2021-11-26,Colusa,011,21464,2601,2568,680,3248,19
2021-11-26,Contra Costa,013,1133247,101627,100961,2362,103323,1045
2021-11-26,Del Norte,015,27424,3761,3661,57,3718,42
2021-11-26,El Dorado,017,186661,16628,16399,1795,18194,161
2021-11-26,Fresno,019,978130,144772,143386,12755,156141,2246
2021-11-26,Glenn,021,27897,3557,3532,1031,4563,36
2021-11-26,Humboldt,023,135768,9557,9399,686,10085,115
2021-11-26,Imperial,025,180216,35121,34611,3663,38274,769
2021-11-26,Inyo,027,18085,2538,2506,34,2540,45
2021-11-26,Kern,029,883053,131813,130245,24198,154443,1773
2021-11-26,Kings,031,150075,33190,32891,2133,35024,358
2021-11-26,Lake,033,64148,6908,6836,154,6990,110
2021-11-26,Lassen,035,31185,7024,6959,430,7389,47
2021-11-26,Los Angeles,037,10098052,1462914,1454495,57333,1511828,26817
2021-11-26,Madera,039,155013,24175,23880,2190,26070,296
2021-11-26,Marin,041,260295,18019,17857,514,18371,248
2021-11-26,Mariposa,043,17540,1414,1374,52,1426,6
2021-11-26,Mendocino,045,87422,7990,7871,649,8520,89
2021-11-26,Merced,047,269075,43275,42921,1977,44898,664
2021-11-26,Modoc,049,8938,587,551,202,753,5
2021-11-26,Mono,051,14174,1854,1810,19,1829,4
2021-11-26,Monterey,053,433212,48646,48400,4110,52510,625
2021-11-26,Napa,055,140530,13323,13256,117,13373,104
2021-11-26,Nevada,057,99092,9761,9584,357,9941,103
2021-11-26,Orange,059,3164182,313755,310809,16083,326892,5665
2021-11-26,Placer,061,380077,38487,38001,3932,41933,468
2021-11-26,Plumas,063,18699,1903,1860,53,1913,7
2021-11-26,Riverside,065,2383286,371592,367601,17096,384697,5306
2021-11-26,Sacramento,067,1510023,163667,162328,5057,167385,2335
2021-11-26,San Benito,069,59416,7634,7575,192,7767,77
2021-11-26,San Bernardino,071,2135413,363946,360033,11860,371893,5932
2021-11-26,San Diego,073,3302833,386559,382634,22306,404940,4319
2021-11-26,San Francisco,075,870044,54281,53830,2785,56615,669
2021-11-26,San Joaquin,077,732212,102220,101368,5767,107135,1833
2021-11-26,San Luis Obispo,079,281455,30297,29983,1327,31310,358
2021-11-26,San Mateo,081,765935,54690,54360,1783,56143,577
2021-11-26,Santa Barbara,083,443738,45978,45318,1709,47027,548
2021-11-26,Santa Clara,085,1922200,151189,149700,1557,151257,1922
2021-11-26,Santa Cruz,087,273765,21229,20929,1089,22018,222
2021-11-26,Shasta,089,179085,22425,22151,3795,25946,396
2021-11-26,Sierra,091,2930,195,194,23,217,0
2021-11-26,Siskiyou,093,43540,3409,3336,1378,4714,54
2021-11-26,Solano,095,438530,46499,46163,1291,47454,356
2021-11-26,Sonoma,097,501317,42779,42368,566,42934,405
2021-11-26,Stanislaus,099,539301,81486,80782,9379,90161,1220
2021-11-26,Sutter,101,95872,14229,14127,390,14517,181
2021-11-26,Tehama,103,63373,8750,8675,1566,10241,129
2021-11-26,Trinity,105,12862,830,789,213,1002,17
2021-11-26,Tulare,107,460477,70119,69377,16543,85920,1082
2021-11-26,Tuolumne,109,53932,7656,7574,105,7679,90
2021-11-26,Ventura,111,848112,99946,99163,4454,103617,1188
2021-11-26,Yolo,113,214977,20355,20237,1262,21499,257
2021-11-26,Yuba,115,75493,10412,10335,380,10715,88
2021-11-25,Alameda,001,1643700,122399,121618,3053,124671,1477
2021-11-25,Alpine,003,1148,108,106,0,106,0
2021-11-25,Amador,005,37829,5730,5670,70,5740,66
2021-11-25,Butte,007,227075,21613,21384,3987,25371,309
2021-11-25,Calaveras,009,45235,4358,4294,64,4358,85
2021-11-25,Colusa,011,21464,2598,2568,678,3246,19
2021-11-25,Contra Costa,013,1133247,101523,100961,2358,103319,1045
2021-11-25,Del Norte,015,27424,3756,3661,57,3718,42
2021-11-25,El Dorado,017,186661,16610,16399,1794,18193,161
2021-11-25,Fresno,019,978130,144639,143386,12748,156134,2246
2021-11-25,Glenn,021,27897,3557,3532,1031,4563,36
2021-11-25,Humboldt,023,135768,9538,9399,683,10082,115
2021-11-25,Imperial,025,180216,35076,34611,3651,38262,769
2021-11-25,Inyo,027,18085,2536,2506,34,2540,45
2021-11-25,Kern,029,883053,131715,130245,24152,154397,1773
2021-11-25,Kings,031,150075,33162,32891,2132,35023,358
2021-11-25,Lake,033,64148,6901,6836,154,6990,110
2021-11-25,Lassen,035,31185,7022,6959,429,7388,47
2021-11-25,Los Angeles,037,10098052,1461955,1454495,57273,1511768,26817
2021-11-25,Madera,039,155013,24140,23880,2189,26069,296
2021-11-25,Marin,041,260295,17993,17857,508,18365,248
2021-11-25,Mariposa,043,17540,1411,1374,52,1426,6
2021-11-25,Mendocino,045,87422,7972,7871,649,8520,89
2021-11-25,Merced,047,269075,43236,42921,1972,44893,664
2021-11-25,Modoc,049,8938,586,551,202,753,5
2021-11-25,Mono,051,14174,1842,1810,19,1829,4
2021-11-25,Monterey,053,433212,48607,48400,4096,52496,625
2021-11-25,Napa,055,140530,13315,13256,117,13373,104
2021-11-25,Nevada,057,99092,9743,9584,354,9938,103
2021-11-25,Orange,059,3164182,313491,310809,16055,326864,5665
2021-11-25,Placer,061,380077,38441,38001,3925,41926,468
2021-11-25,Plumas,063,18699,1901,1860,53,1913,7
2021-11-25,Riverside,065,2383286,371179,367601,17089,384690,5306
2021-11-25,Sacramento,067,1510023,163486,162328,5051,167379,2335
2021-11-25,San Benito,069,59416,7627,7575,192,7767,77
2021-11-25,San Bernardino,071,2135413,363552,360033,11845,371878,5932
2021-11-25,San Diego,073,3302833,386113,382634,22286,404920,4319
2021-11-25,San Francisco,075,870044,54232,53830,2782,56612,669
2021-11-25,San Joaquin,077,732212,102136,101368,5763,107131,1833
2021-11-25,San Luis Obispo,079,281455,30269,29983,1324,31307,358
2021-11-25,San Mateo,081,765935,54644,54360,1778,56138,577
2021-11-25,Santa Barbara,083,443738,45941,45318,1707,47025,548
2021-11-25,Santa Clara,085,1922200,151033,149700,1551,151251,1922
2021-11-25,Santa Cruz,087,273765,21197,20929,1089,22018,222
2021-11-25,Shasta,089,179085,22399,22151,3795,25946,396
2021-11-25,Sierra,091,2930,195,194,23,217,0
2021-11-25,Siskiyou,093,43540,3406,3336,1378,4714,54
2021-11-25,Solano,095,438530,46462,46163,1290,47453,356
2021-11-25,Sonoma,097,501317,42722,42368,562,42930,405
2021-11-25,Stanislaus,099,539301,81416,80782,9364,90146,1220
2021-11-25,Sutter,101,95872,14213,14127,389,14516,181
2021-11-25,Tehama,103,63373,8742,8675,1566,10241,129
2021-11-25,Trinity,105,12862,830,789,213,1002,17
2021-11-25,Tulare,107,460477,70055,69377,16515,85892,1082
2021-11-25,Tuolumne,109,53932,7645,7574,105,7679,90
2021-11-25,Ventura,111,848112,99878,99163,4451,103614,1188
2021-11-25,Yolo,113,214977,20326,20237,1258,21495,257
2021-11-25,Yuba,115,75493,10403,10335,379,10714,88
2021-11-24,Alameda,001,1643700,122335,121618,3049,124667,1477
2021-11-24,Alpine,003,1148,108,106,0,106,0
2021-11-24,Amador,005,37829,5720,5670,70,5740,66
2021-11-24,Butte,007,227075,21598,21384,3986,25370,309
2021-11-24,Calaveras,009,45235,4351,4294,64,4358,85
2021-11-24,Colusa,011,21464,2598,2568,677,3245,19
2021-11-24,Contra Costa,013,1133247,101486,100961,2355,103316,1045
2021-11-24,Del Norte,015,27424,3753,3661,57,3718,42
2021-11-24,El Dorado,017,186661,16598,16399,1793,18192,161
2021-11-24,Fresno,019,978130,144584,143386,12748,156134,2246
2021-11-24,Glenn,021,27897,3556,3532,1030,4562,36
2021-11-24,Humboldt,023,135768,9524,9399,683,10082,115
2021-11-24,Imperial,025,180216,35048,34611,3645,38256,769
2021-11-24,Inyo,027,18085,2533,2506,34,2540,45
2021-11-24,Kern,029,883053,131651,130245,24140,154385,1773
2021-11-24,Kings,031,150075,33149,32891,2130,35021,358
2021-11-24,Lake,033,64148,6897,6836,154,6990,110
2021-11-24,Lassen,035,31185,7022,6959,429,7388,47
2021-11-24,Los Angeles,037,10098052,1461475,1454495,57229,1511724,26817
2021-11-24,Madera,039,155013,24117,23880,2183,26063,296
2021-11-24,Marin,041,260295,17981,17857,506,18363,248
2021-11-24,Mariposa,043,17540,1411,1374,52,1426,6
2021-11-24,Mendocino,045,87422,7960,7871,649,8520,89
2021-11-24,Merced,047,269075,43204,42921,1969,44890,664
2021-11-24,Modoc,049,8938,586,551,202,753,5
2021-11-24,Mono,051,14174,1841,1810,19,1829,4
2021-11-24,Monterey,053,433212,48599,48400,4089,52489,625
2021-11-24,Napa,055,140530,13311,13256,117,13373,104
2021-11-24,Nevada,057,99092,9728,9584,354,9938,103
2021-11-24,Orange,059,3164182,313334,310809,16042,326851,5665
2021-11-24,Placer,061,380077,38409,38001,3923,41924,468
2021-11-24,Plumas,063,18699,1899,1860,53,1913,7
2021-11-24,Riverside,065,2383286,371000,367601,17083,384684,5306
2021-11-24,Sacramento,067,1510023,163414,162328,5051,167379,2335
2021-11-24,San Benito,069,59416,7625,7575,192,7767,77
2021-11-24,San Bernardino,071,2135413,363346,360033,11834,371867,5932
2021-11-24,San Diego,073,3302833,385860,382634,22273,404907,4319
2021-11-24,San Francisco,075,870044,54201,53830,2780,56610,669
2021-11-24,San Joaquin,077,732212,102095,101368,5760,107128,1833
2021-11-24,San Luis Obispo,079,281455,30251,29983,1324,31307,358
2021-11-24,San Mateo,081,765935,54614,54360,1777,56137,577
2021-11-24,Santa Barbara,083,443738,45914,45318,1707,47025,548
2021-11-24,Santa Clara,085,1922200,150937,149700,1551,151251,1922
2021-11-24,Santa Cruz,087,273765,21173,20929,1088,22017,222
2021-11-24,Shasta,089,179085,22388,22151,3792,25943,396
2021-11-24,Sierra,091,2930,195,194,23,217,0
2021-11-24,Siskiyou,093,43540,3404,3336,1378,4714,54
2021-11-24,Solano,095,438530,46434,46163,1288,47451,356
2021-11-24,Sonoma,097,501317,42692,42368,560,42928,405
2021-11-24,Stanislaus,099,539301,81378,80782,9359,90141,1220
2021-11-24,Sutter,101,95872,14200,14127,387,14514,181
2021-11-24,Tehama,103,63373,8739,8675,1565,10240,129
2021-11-24,Trinity,105,12862,830,789,213,1002,17
2021-11-24,Tulare,107,460477,70033,69377,16495,85872,1082
2021-11-24,Tuolumne,109,53932,7641,7574,105,7679,90
2021-11-24,Ventura,111,848112,99843,99163,4447,103610,1188
2021-11-24,Yolo,113,214977,20318,20237,1257,21494,257
2021-11-24,Yuba,115,75493,10399,10335,378,10713,88
2021-11-23,Alameda,001,1643700,122221,121618,3041,124659,1477
2021-11-23,Alpine,003,1148,108,106,0,106,0
2021-11-23,Amador,005,37829,5713,5670,70,5740,66
2021-11-23,Butte,007,227075,21569,21384,3982,25366,309
2021-11-23,Calaveras,009,45235,4345,4294,63,4357,85
2021-11-23,Colusa,011,21464,2594,2568,676,3244,19
2021-11-23,Contra Costa,013,1133247,101381,100961,2352,103313,1045
2021-11-23,Del Norte,015,27424,3750,3661,57,3718,42
2021-11-23,El Dorado,017,186661,16567,16399,1790,18189,161
2021-11-23,Fresno,019,978130,144448,143386,12738,156124,2246
2021-11-23,Glenn,021,27897,3550,3532,1030,4562,36
2021-11-23,Humboldt,023,135768,9500,9399,680,10079,115
2021-11-23,Imperial,025,180216,34978,34611,3625,38236,769
2021-11-23,Inyo,027,18085,2529,2506,34,2540,45
2021-11-23,Kern,029,883053,131548,130245,24092,154337,1773
2021-11-23,Kings,031,150075,33109,32891,2129,35020,358
2021-11-23,Lake,033,64148,6892,6836,154,6990,110
2021-11-23,Lassen,035,31185,7018,6959,426,7385,47
2021-11-23,Los Angeles,037,10098052,1460464,1454495,57167,1511662,26817
2021-11-23,Madera,039,155013,24091,23880,2181,26061,296
2021-11-23,Marin,041,260295,17950,17857,502,18359,248
2021-11-23,Mariposa,043,17540,1408,1374,52,1426,6
2021-11-23,Mendocino,045,87422,7939,7871,646,8517,89
2021-11-23,Merced,047,269075,43166,42921,1968,44889,664
2021-11-23,Modoc,049,8938,584,551,202,753,5
2021-11-23,Mono,051,14174,1831,1810,18,1828,4
2021-11-23,Monterey,053,433212,48573,48400,4075,52475,625
2021-11-23,Napa,055,140530,13302,13256,117,13373,104
2021-11-23,Nevada,057,99092,9699,9584,353,9937,103
2021-11-23,Orange,059,3164182,313084,310809,16008,326817,5665
2021-11-23,Placer,061,380077,38351,38001,3906,41907,468
2021-11-23,Plumas,063,18699,1895,1860,53,1913,7
2021-11-23,Riverside,065,2383286,370618,367601,17070,384671,5306
2021-11-23,Sacramento,067,1510023,163234,162328,5038,167366,2335
2021-11-23,San Benito,069,59416,7616,7575,190,7765,77
2021-11-23,San Bernardino,071,2135413,362931,360033,11820,371853,5932
2021-11-23,San Diego,073,3302833,385368,382634,22249,404883,4319
2021-11-23,San Francisco,075,870044,54142,53830,2775,56605,669
2021-11-23,San Joaquin,077,732212,101988,101368,5750,107118,1833
2021-11-23,San Luis Obispo,079,281455,30217,29983,1321,31304,358
2021-11-23,San Mateo,081,765935,54570,54360,1769,56129,577
2021-11-23,Santa Barbara,083,443738,45863,45318,1707,47025,548
2021-11-23,Santa Clara,085,1922200,150725,149700,1539,151239,1922
2021-11-23,Santa Cruz,087,273765,21135,20929,1088,22017,222
2021-11-23,Shasta,089,179085,22352,22151,3791,25942,396
2021-11-23,Sierra,091,2930,195,194,23,217,0
2021-11-23,Siskiyou,093,43540,3399,3336,1377,4713,54
2021-11-23,Solano,095,438530,46380,46163,1284,47447,356
2021-11-23,Sonoma,097,501317,42641,42368,557,42925,405
2021-11-23,Stanislaus,099,539301,81309,80782,9346,90128,1220
2021-11-23,Sutter,101,95872,14184,14127,386,14513,181
2021-11-23,Tehama,103,63373,8726,8675,1564,10239,129
2021-11-23,Trinity,105,12862,829,789,213,1002,17
2021-11-23,Tulare,107,460477,69986,69377,16465,85842,1082
2021-11-23,Tuolumne,109,53932,7630,7574,105,7679,90
2021-11-23,Ventura,111,848112,99760,99163,4442,103605,1188
2021-11-23,Yolo,113,214977,20297,20237,1249,21486,257
2021-11-23,Yuba,115,75493,10387,10335,378,10713,88
2021-11-22,Alameda,001,1643700,122110,121566,3038,124604,1475
2021-11-22,Alpine,003,1148,108,106,0,106,0
2021-11-22,Amador,005,37829,5700,5670,70,5740,66
2021-11-22,Butte,007,227075,21530,21363,3976,25339,305
2021-11-22,Calaveras,009,45235,4333,4294,63,4357,84
2021-11-22,Colusa,011,21464,2591,2565,676,3241,19
2021-11-22,Contra Costa,013,1133247,101295,100877,2347,103224,1045
2021-11-22,Del Norte,015,27424,3747,3659,57,3716,42
2021-11-22,El Dorado,017,186661,16545,16378,1787,18165,161
2021-11-22,Fresno,019,978130,144316,143290,12732,156022,2243
2021-11-22,Glenn,021,27897,3545,3530,1029,4559,36
2021-11-22,Humboldt,023,135768,9473,9389,675,10064,115
2021-11-22,Imperial,025,180216,34916,34562,3611,38173,766
2021-11-22,Inyo,027,18085,2523,2501,34,2535,44
2021-11-22,Kern,029,883053,131386,130091,24042,154133,1762
2021-11-22,Kings,031,150075,33073,32867,2124,34991,358
2021-11-22,Lake,033,64148,6887,6837,154,6991,110
2021-11-22,Lassen,035,31185,7017,6954,425,7379,47
2021-11-22,Los Angeles,037,10098052,1459403,1453945,57088,1511033,26800
2021-11-22,Madera,039,155013,24057,23872,2175,26047,296
2021-11-22,Marin,041,260295,17919,17842,500,18342,248
2021-11-22,Mariposa,043,17540,1404,1372,52,1424,6
2021-11-22,Mendocino,045,87422,7923,7859,645,8504,89
2021-11-22,Merced,047,269075,43115,42898,1957,44855,660
2021-11-22,Modoc,049,8938,583,551,202,753,5
2021-11-22,Mono,051,14174,1817,1809,18,1827,4
2021-11-22,Monterey,053,433212,48551,48374,4064,52438,611
2021-11-22,Napa,055,140530,13294,13255,116,13371,104
2021-11-22,Nevada,057,99092,9680,9575,351,9926,96
2021-11-22,Orange,059,3164182,312840,310654,15982,326636,5663
2021-11-22,Placer,061,380077,38306,37956,3898,41854,465
2021-11-22,Plumas,063,18699,1892,1858,53,1911,7
2021-11-22,Riverside,065,2383286,370184,367301,17059,384360,5283
2021-11-22,Sacramento,067,1510023,163042,162222,5029,167251,2328
2021-11-22,San Benito,069,59416,7596,7567,190,7757,77
2021-11-22,San Bernardino,071,2135413,362523,359851,11810,371661,5916
2021-11-22,San Diego,073,3302833,384870,382132,22224,404356,4317
2021-11-22,San Francisco,075,870044,54052,53778,2767,56545,669
2021-11-22,San Joaquin,077,732212,101863,101299,5745,107044,1833
2021-11-22,San Luis Obispo,079,281455,30191,29963,1320,31283,358
2021-11-22,San Mateo,081,765935,54516,54330,1764,56094,577
2021-11-22,Santa Barbara,083,443738,45792,45279,1707,46986,546
2021-11-22,Santa Clara,085,1922200,150540,149541,1529,151070,1919
2021-11-22,Santa Cruz,087,273765,21094,20891,1088,21979,222
2021-11-22,Shasta,089,179085,22338,22116,3787,25903,393
2021-11-22,Sierra,091,2930,195,193,23,216,0
2021-11-22,Siskiyou,093,43540,3393,3336,1375,4711,54
2021-11-22,Solano,095,438530,46332,46153,1282,47435,356
2021-11-22,Sonoma,097,501317,42584,42344,556,42900,404
2021-11-22,Stanislaus,099,539301,81220,80718,9337,90055,1209
2021-11-22,Sutter,101,95872,14168,14125,384,14509,181
2021-11-22,Tehama,103,63373,8720,8669,1559,10228,127
2021-11-22,Trinity,105,12862,828,785,213,998,17
2021-11-22,Tulare,107,460477,69923,69314,16430,85744,1075
2021-11-22,Tuolumne,109,53932,7615,7567,105,7672,90
2021-11-22,Ventura,111,848112,99693,99114,4439,103553,1186
2021-11-22,Yolo,113,214977,20274,20227,1247,21474,257
2021-11-22,Yuba,115,75493,10378,10332,377,10709,88
2021-11-21,Alameda,001,1643700,121990,121443,3034,124477,1475
2021-11-21,Alpine,003,1148,106,106,0,106,0
2021-11-21,Amador,005,37829,5695,5662,69,5731,66
2021-11-21,Butte,007,227075,21489,21342,3971,25313,306
2021-11-21,Calaveras,009,45235,4324,4287,63,4350,84
2021-11-21,Colusa,011,21464,2587,2562,675,3237,19
2021-11-21,Contra Costa,013,1133247,101193,100807,2341,103148,1045
2021-11-21,Del Norte,015,27424,3743,3659,57,3716,42
2021-11-21,El Dorado,017,186661,16518,16370,1781,18151,161
2021-11-21,Fresno,019,978130,144150,143203,12718,155921,2242
2021-11-21,Glenn,021,27897,3542,3529,1029,4558,36
2021-11-21,Humboldt,023,135768,9450,9378,674,10052,115
2021-11-21,Imperial,025,180216,34827,34527,3599,38126,766
2021-11-21,Inyo,027,18085,2516,2501,34,2535,44
2021-11-21,Kern,029,883053,131223,130020,23996,154016,1762
2021-11-21,Kings,031,150075,33036,32843,2120,34963,356
2021-11-21,Lake,033,64148,6880,6834,154,6988,110
2021-11-21,Lassen,035,31185,7008,6953,425,7378,47
2021-11-21,Los Angeles,037,10098052,1458336,1453181,57039,1510220,26793
2021-11-21,Madera,039,155013,24031,23856,2173,26029,296
2021-11-21,Marin,041,260295,17890,17829,497,18326,248
2021-11-21,Mariposa,043,17540,1403,1371,51,1422,6
2021-11-21,Mendocino,045,87422,7917,7846,642,8488,89
2021-11-21,Merced,047,269075,43060,42881,1953,44834,660
2021-11-21,Modoc,049,8938,579,551,202,753,5
2021-11-21,Mono,051,14174,1809,1799,18,1817,4
2021-11-21,Monterey,053,433212,48510,48358,4049,52407,611
2021-11-21,Napa,055,140530,13282,13250,116,13366,104
2021-11-21,Nevada,057,99092,9655,9556,350,9906,96
2021-11-21,Orange,059,3164182,312586,310477,15950,326427,5663
2021-11-21,Placer,061,380077,38224,37929,3897,41826,465
2021-11-21,Plumas,063,18699,1891,1858,53,1911,7
2021-11-21,Riverside,065,2383286,369696,367093,17051,384144,5283
2021-11-21,Sacramento,067,1510023,162825,162087,5017,167104,2327
2021-11-21,San Benito,069,59416,7582,7563,189,7752,77
2021-11-21,San Bernardino,071,2135413,362046,359621,11776,371397,5912
2021-11-21,San Diego,073,3302833,384333,380747,22199,402946,4317
2021-11-21,San Francisco,075,870044,53987,53741,2759,56500,669
2021-11-21,San Joaquin,077,732212,101759,101264,5732,106996,1833
2021-11-21,San Luis Obispo,079,281455,30154,29948,1320,31268,358
2021-11-21,San Mateo,081,765935,54471,54290,1758,56048,577
2021-11-21,Santa Barbara,083,443738,45732,45237,1704,46941,546
2021-11-21,Santa Clara,085,1922200,150336,149387,1509,150896,1918
2021-11-21,Santa Cruz,087,273765,21050,20866,1086,21952,222
2021-11-21,Shasta,089,179085,22308,22112,3785,25897,393
2021-11-21,Sierra,091,2930,195,193,23,216,0
2021-11-21,Siskiyou,093,43540,3390,3333,1372,4705,54
2021-11-21,Solano,095,438530,46278,46122,1275,47397,356
2021-11-21,Sonoma,097,501317,42524,42298,555,42853,404
2021-11-21,Stanislaus,099,539301,81122,80687,9324,90011,1209
2021-11-21,Sutter,101,95872,14154,14111,384,14495,181
2021-11-21,Tehama,103,63373,8714,8669,1558,10227,127
2021-11-21,Trinity,105,12862,826,784,211,995,17
2021-11-21,Tulare,107,460477,69841,69285,16392,85677,1075
2021-11-21,Tuolumne,109,53932,7607,7560,104,7664,90
2021-11-21,Ventura,111,848112,99602,99081,4435,103516,1186
2021-11-21,Yolo,113,214977,20247,20209,1244,21453,257
2021-11-21,Yuba,115,75493,10369,10326,377,10703,88
2021-11-20,Alameda,001,1643700,121901,121059,3027,124086,1473
2021-11-20,Alpine,003,1148,106,105,0,105,0
2021-11-20,Amador,005,37829,5689,5652,68,5720,66
2021-11-20,Butte,007,227075,21473,21265,3966,25231,300
2021-11-20,Calaveras,009,45235,4315,4268,63,4331,84
2021-11-20,Colusa,011,21464,2586,2549,673,3222,19
2021-11-20,Contra Costa,013,1133247,101115,100491,2337,102828,1043
2021-11-20,Del Norte,015,27424,3740,3637,57,3694,42
2021-11-20,El Dorado,017,186661,16497,16308,1779,18087,161
2021-11-20,Fresno,019,978130,144079,142579,12711,155290,2233
2021-11-20,Glenn,021,27897,3542,3526,1028,4554,35
2021-11-20,Humboldt,023,135768,9437,9302,672,9974,115
2021-11-20,Imperial,025,180216,34774,34312,3593,37905,766
2021-11-20,Inyo,027,18085,2515,2467,34,2501,44
2021-11-20,Kern,029,883053,131122,129488,23959,153447,1750
2021-11-20,Kings,031,150075,33026,32720,2120,34840,354
2021-11-20,Lake,033,64148,6877,6808,154,6962,110
2021-11-20,Lassen,035,31185,7007,6931,425,7356,47
2021-11-20,Los Angeles,037,10098052,1457724,1448963,56993,1505956,26741
2021-11-20,Madera,039,155013,24019,23720,2170,25890,296
2021-11-20,Marin,041,260295,17875,17774,497,18271,248
2021-11-20,Mariposa,043,17540,1402,1354,51,1405,6
2021-11-20,Mendocino,045,87422,7909,7773,642,8415,89
2021-11-20,Merced,047,269075,43035,42692,1953,44645,656
2021-11-20,Modoc,049,8938,578,550,202,752,5
2021-11-20,Mono,051,14174,1808,1767,18,1785,4
2021-11-20,Monterey,053,433212,48497,48260,4040,52300,609
2021-11-20,Napa,055,140530,13279,13184,116,13300,103
2021-11-20,Nevada,057,99092,9639,9480,350,9830,92
2021-11-20,Orange,059,3164182,312387,309672,15934,325606,5658
2021-11-20,Placer,061,380077,38183,37800,3892,41692,462
2021-11-20,Plumas,063,18699,1887,1841,52,1893,7
2021-11-20,Riverside,065,2383286,369424,365809,17038,382847,5265
2021-11-20,Sacramento,067,1510023,162722,161533,5013,166546,2316
2021-11-20,San Benito,069,59416,7578,7533,189,7722,77
2021-11-20,San Bernardino,071,2135413,361776,358322,11766,370088,5897
2021-11-20,San Diego,073,3302833,384003,380147,22171,402318,4311
2021-11-20,San Francisco,075,870044,53949,53525,2758,56283,669
2021-11-20,San Joaquin,077,732212,101711,100922,5727,106649,1832
2021-11-20,San Luis Obispo,079,281455,30139,29815,1319,31134,355
2021-11-20,San Mateo,081,765935,54439,54132,1754,55886,577
2021-11-20,Santa Barbara,083,443738,45700,45074,1704,46778,544
2021-11-20,Santa Clara,085,1922200,150231,148829,1508,150337,1917
2021-11-20,Santa Cruz,087,273765,21031,20756,1086,21842,222
2021-11-20,Shasta,089,179085,22284,21968,3784,25752,383
2021-11-20,Sierra,091,2930,195,191,23,214,0
2021-11-20,Siskiyou,093,43540,3387,3313,1372,4685,54
2021-11-20,Solano,095,438530,46257,46006,1275,47281,356
2021-11-20,Sonoma,097,501317,42493,42151,555,42706,403
2021-11-20,Stanislaus,099,539301,81076,80412,9319,89731,1205
2021-11-20,Sutter,101,95872,14146,14074,384,14458,181
2021-11-20,Tehama,103,63373,8709,8648,1558,10206,125
2021-11-20,Trinity,105,12862,822,771,211,982,17
2021-11-20,Tulare,107,460477,69804,69074,16371,85445,1054
2021-11-20,Tuolumne,109,53932,7598,7511,104,7615,90
2021-11-20,Ventura,111,848112,99553,98893,4428,103321,1186
2021-11-20,Yolo,113,214977,20240,20139,1240,21379,257
2021-11-20,Yuba,115,75493,10363,10290,376,10666,88
2021-11-19,Alameda,001,1643700,121830,121059,3024,124083,1473
2021-11-19,Alpine,003,1148,106,105,0,105,0
2021-11-19,Amador,005,37829,5679,5652,68,5720,66
2021-11-19,Butte,007,227075,21450,21265,3959,25224,300
2021-11-19,Calaveras,009,45235,4308,4268,63,4331,84
2021-11-19,Colusa,011,21464,2584,2549,672,3221,19
2021-11-19,Contra Costa,013,1133247,101059,100491,2332,102823,1043
2021-11-19,Del Norte,015,27424,3735,3637,57,3694,42
2021-11-19,El Dorado,017,186661,16476,16308,1777,18085,161
2021-11-19,Fresno,019,978130,143964,142579,12707,155286,2233
2021-11-19,Glenn,021,27897,3541,3526,1027,4553,35
2021-11-19,Humboldt,023,135768,9424,9302,669,9971,115
2021-11-19,Imperial,025,180216,34735,34312,3586,37898,766
2021-11-19,Inyo,027,18085,2511,2467,34,2501,44
2021-11-19,Kern,029,883053,131018,129488,23917,153405,1750
2021-11-19,Kings,031,150075,33000,32720,2118,34838,354
2021-11-19,Lake,033,64148,6874,6808,154,6962,110
2021-11-19,Lassen,035,31185,7003,6931,424,7355,47
2021-11-19,Los Angeles,037,10098052,1457048,1448963,56937,1505900,26741
2021-11-19,Madera,039,155013,23998,23720,2168,25888,296
2021-11-19,Marin,041,260295,17856,17774,495,18269,248
2021-11-19,Mariposa,043,17540,1400,1354,51,1405,6
2021-11-19,Mendocino,045,87422,7889,7773,642,8415,89
2021-11-19,Merced,047,269075,43009,42692,1952,44644,656
2021-11-19,Modoc,049,8938,577,550,202,752,5
2021-11-19,Mono,051,14174,1801,1767,18,1785,4
2021-11-19,Monterey,053,433212,48483,48260,4031,52291,609
2021-11-19,Napa,055,140530,13269,13184,115,13299,103
2021-11-19,Nevada,057,99092,9626,9480,350,9830,92
2021-11-19,Orange,059,3164182,312231,309672,15909,325581,5658
2021-11-19,Placer,061,380077,38146,37800,3888,41688,462
2021-11-19,Plumas,063,18699,1883,1841,52,1893,7
2021-11-19,Riverside,065,2383286,369152,365809,17033,382842,5265
2021-11-19,Sacramento,067,1510023,162600,161533,5009,166542,2316
2021-11-19,San Benito,069,59416,7572,7533,187,7720,77
2021-11-19,San Bernardino,071,2135413,361461,358322,11760,370082,5897
2021-11-19,San Diego,073,3302833,383601,380147,22144,402291,4311
2021-11-19,San Francisco,075,870044,53912,53525,2757,56282,669
2021-11-19,San Joaquin,077,732212,101657,100922,5723,106645,1832
2021-11-19,San Luis Obispo,079,281455,30121,29815,1317,31132,355
2021-11-19,San Mateo,081,765935,54398,54132,1743,55875,577
2021-11-19,Santa Barbara,083,443738,45664,45074,1704,46778,544
2021-11-19,Santa Clara,085,1922200,150084,148829,1504,150333,1917
2021-11-19,Santa Cruz,087,273765,21004,20756,1083,21839,222
2021-11-19,Shasta,089,179085,22272,21968,3783,25751,383
2021-11-19,Sierra,091,2930,195,191,23,214,0
2021-11-19,Siskiyou,093,43540,3384,3313,1372,4685,54
2021-11-19,Solano,095,438530,46227,46006,1273,47279,356
2021-11-19,Sonoma,097,501317,42460,42151,552,42703,403
2021-11-19,Stanislaus,099,539301,81017,80412,9309,89721,1205
2021-11-19,Sutter,101,95872,14144,14074,384,14458,181
2021-11-19,Tehama,103,63373,8706,8648,1558,10206,125
2021-11-19,Trinity,105,12862,820,771,211,982,17
2021-11-19,Tulare,107,460477,69765,69074,16342,85416,1054
2021-11-19,Tuolumne,109,53932,7587,7511,104,7615,90
2021-11-19,Ventura,111,848112,99487,98893,4424,103317,1186
2021-11-19,Yolo,113,214977,20231,20139,1237,21376,257
2021-11-19,Yuba,115,75493,10360,10290,376,10666,88
2021-11-18,Alameda,001,1643700,121711,121059,3015,124074,1473
2021-11-18,Alpine,003,1148,106,105,0,105,0
2021-11-18,Amador,005,37829,5677,5652,68,5720,66
2021-11-18,Butte,007,227075,21433,21265,3952,25217,300
2021-11-18,Calaveras,009,45235,4301,4268,62,4330,84
2021-11-18,Colusa,011,21464,2576,2549,672,3221,19
2021-11-18,Contra Costa,013,1133247,100958,100491,2323,102814,1043
2021-11-18,Del Norte,015,27424,3732,3637,57,3694,42
2021-11-18,El Dorado,017,186661,16460,16308,1774,18082,161
2021-11-18,Fresno,019,978130,143826,142579,12698,155277,2233
2021-11-18,Glenn,021,27897,3540,3526,1026,4552,35
2021-11-18,Humboldt,023,135768,9408,9302,664,9966,115
2021-11-18,Imperial,025,180216,34680,34312,3570,37882,766
2021-11-18,Inyo,027,18085,2503,2467,34,2501,44
2021-11-18,Kern,029,883053,130874,129488,23868,153356,1750
2021-11-18,Kings,031,150075,32963,32720,2115,34835,354
2021-11-18,Lake,033,64148,6869,6808,154,6962,110
2021-11-18,Lassen,035,31185,7000,6931,419,7350,47
2021-11-18,Los Angeles,037,10098052,1456069,1448963,56873,1505836,26741
2021-11-18,Madera,039,155013,23973,23720,2165,25885,296
2021-11-18,Marin,041,260295,17839,17774,491,18265,248
2021-11-18,Mariposa,043,17540,1397,1354,51,1405,6
2021-11-18,Mendocino,045,87422,7868,7773,632,8405,89
2021-11-18,Merced,047,269075,42952,42692,1950,44642,656
2021-11-18,Modoc,049,8938,566,550,202,752,5
2021-11-18,Mono,051,14174,1788,1767,18,1785,4
2021-11-18,Monterey,053,433212,48462,48260,4022,52282,609
2021-11-18,Napa,055,140530,13257,13184,114,13298,103
2021-11-18,Nevada,057,99092,9602,9480,350,9830,92
2021-11-18,Orange,059,3164182,311996,309672,15892,325564,5658
2021-11-18,Placer,061,380077,38104,37800,3877,41677,462
2021-11-18,Plumas,063,18699,1882,1841,52,1893,7
2021-11-18,Riverside,065,2383286,368780,365809,17020,382829,5265
2021-11-18,Sacramento,067,1510023,162373,161533,4992,166525,2316
2021-11-18,San Benito,069,59416,7562,7533,187,7720,77
2021-11-18,San Bernardino,071,2135413,361034,358322,11742,370064,5897
2021-11-18,San Diego,073,3302833,383095,380147,22128,402275,4311
2021-11-18,San Francisco,075,870044,53862,53525,2751,56276,669
2021-11-18,San Joaquin,077,732212,101565,100922,5714,106636,1832
2021-11-18,San Luis Obispo,079,281455,30092,29815,1315,31130,355
2021-11-18,San Mateo,081,765935,54346,54132,1734,55866,577
2021-11-18,Santa Barbara,083,443738,45620,45074,1697,46771,544
2021-11-18,Santa Clara,085,1922200,149900,148829,1496,150325,1917
2021-11-18,Santa Cruz,087,273765,20953,20756,1082,21838,222
2021-11-18,Shasta,089,179085,22236,21968,3778,25746,383
2021-11-18,Sierra,091,2930,194,191,23,214,0
2021-11-18,Siskiyou,093,43540,3384,3313,1367,4680,54
2021-11-18,Solano,095,438530,46186,46006,1271,47277,356
2021-11-18,Sonoma,097,501317,42412,42151,550,42701,403
2021-11-18,Stanislaus,099,539301,80951,80412,9302,89714,1205
2021-11-18,Sutter,101,95872,14133,14074,384,14458,181
2021-11-18,Tehama,103,63373,8701,8648,1558,10206,125
2021-11-18,Trinity,105,12862,819,771,211,982,17
2021-11-18,Tulare,107,460477,69695,69074,16294,85368,1054
2021-11-18,Tuolumne,109,53932,7579,7511,104,7615,90
2021-11-18,Ventura,111,848112,99409,98893,4420,103313,1186
2021-11-18,Yolo,113,214977,20214,20139,1232,21371,257
2021-11-18,Yuba,115,75493,10354,10290,376,10666,88
2021-11-17,Alameda,001,1643700,121593,120913,3013,123926,1472
2021-11-17,Alpine,003,1148,106,105,0,105,0
2021-11-17,Amador,005,37829,5670,5646,68,5714,66
2021-11-17,Butte,007,227075,21407,21230,3949,25179,300
2021-11-17,Calaveras,009,45235,4294,4259,62,4321,84
2021-11-17,Colusa,011,21464,2573,2546,671,3217,19
2021-11-17,Contra Costa,013,1133247,100867,100387,2317,102704,1039
2021-11-17,Del Norte,015,27424,3729,3630,57,3687,42
2021-11-17,El Dorado,017,186661,16441,16269,1773,18042,161
2021-11-17,Fresno,019,978130,143646,142366,12684,155050,2230
2021-11-17,Glenn,021,27897,3539,3527,1025,4552,34
2021-11-17,Humboldt,023,135768,9397,9270,661,9931,115
2021-11-17,Imperial,025,180216,34622,34256,3548,37804,766
2021-11-17,Inyo,027,18085,2497,2457,34,2491,44
2021-11-17,Kern,029,883053,130702,129307,23826,153133,1743
2021-11-17,Kings,031,150075,32935,32669,2111,34780,352
2021-11-17,Lake,033,64148,6865,6795,153,6948,110
2021-11-17,Lassen,035,31185,6998,6918,419,7337,47
2021-11-17,Los Angeles,037,10098052,1454971,1447947,56806,1504753,26721
2021-11-17,Madera,039,155013,23939,23673,2164,25837,287
2021-11-17,Marin,041,260295,17820,17757,489,18246,248
2021-11-17,Mariposa,043,17540,1393,1353,51,1404,6
2021-11-17,Mendocino,045,87422,7860,7735,631,8366,89
2021-11-17,Merced,047,269075,42891,42612,1947,44559,654
2021-11-17,Modoc,049,8938,562,540,202,742,5
2021-11-17,Mono,051,14174,1786,1765,18,1783,5
2021-11-17,Monterey,053,433212,48420,48221,4005,52226,609
2021-11-17,Napa,055,140530,13233,13167,114,13281,103
2021-11-17,Nevada,057,99092,9589,9447,350,9797,92
2021-11-17,Orange,059,3164182,311755,309396,15865,325261,5651
2021-11-17,Placer,061,380077,38055,37725,3868,41593,460
2021-11-17,Plumas,063,18699,1878,1833,52,1885,7
2021-11-17,Riverside,065,2383286,368370,365406,17005,382411,5229
2021-11-17,Sacramento,067,1510023,162202,161269,4984,166253,2302
2021-11-17,San Benito,069,59416,7555,7524,187,7711,77
2021-11-17,San Bernardino,071,2135413,360678,357947,11726,369673,5893
2021-11-17,San Diego,073,3302833,382598,379769,22099,401868,4301
2021-11-17,San Francisco,075,870044,53808,53469,2746,56215,667
2021-11-17,San Joaquin,077,732212,101464,100764,5709,106473,1828
2021-11-17,San Luis Obispo,079,281455,30066,29731,1312,31043,354
2021-11-17,San Mateo,081,765935,54291,54092,1719,55811,577
2021-11-17,Santa Barbara,083,443738,45583,45000,1697,46697,542
2021-11-17,Santa Clara,085,1922200,149738,148626,1488,150114,1915
2021-11-17,Santa Cruz,087,273765,20918,20700,1082,21782,222
2021-11-17,Shasta,089,179085,22203,21883,3776,25659,382
2021-11-17,Sierra,091,2930,193,189,23,212,0
2021-11-17,Siskiyou,093,43540,3380,3307,1364,4671,54
2021-11-17,Solano,095,438530,46153,45948,1270,47218,353
2021-11-17,Sonoma,097,501317,42366,42093,547,42640,403
2021-11-17,Stanislaus,099,539301,80861,80276,9292,89568,1199
2021-11-17,Sutter,101,95872,14120,14064,382,14446,181
2021-11-17,Tehama,103,63373,8692,8633,1555,10188,125
2021-11-17,Trinity,105,12862,818,765,211,976,17
2021-11-17,Tulare,107,460477,69625,68977,16267,85244,1047
2021-11-17,Tuolumne,109,53932,7563,7485,104,7589,90
2021-11-17,Ventura,111,848112,99348,98812,4414,103226,1183
2021-11-17,Yolo,113,214977,20195,20100,1229,21329,257
2021-11-17,Yuba,115,75493,10342,10275,372,10647,88
2021-11-16,Alameda,001,1643700,121487,120809,3009,123818,1467
2021-11-16,Alpine,003,1148,106,105,0,105,0
2021-11-16,Amador,005,37829,5664,5644,68,5712,66
2021-11-16,Butte,007,227075,21382,21208,3944,25152,297
2021-11-16,Calaveras,009,45235,4285,4249,62,4311,83
2021-11-16,Colusa,011,21464,2567,2538,671,3209,19
2021-11-16,Contra Costa,013,1133247,100746,100320,2314,102634,1038
2021-11-16,Del Norte,015,27424,3723,3630,57,3687,42
2021-11-16,El Dorado,017,186661,16417,16248,1771,18019,159
2021-11-16,Fresno,019,978130,143459,142200,12668,154868,2218
2021-11-16,Glenn,021,27897,3538,3527,1022,4549,34
2021-11-16,Humboldt,023,135768,9377,9252,656,9908,115
2021-11-16,Imperial,025,180216,34537,34177,3536,37713,766
2021-11-16,Inyo,027,18085,2490,2449,34,2483,42
2021-11-16,Kern,029,883053,130544,129136,23765,152901,1735
2021-11-16,Kings,031,150075,32884,32614,2105,34719,350
2021-11-16,Lake,033,64148,6860,6789,153,6942,110
2021-11-16,Lassen,035,31185,6988,6915,419,7334,47
2021-11-16,Los Angeles,037,10098052,1453808,1446815,56734,1503549,26703
2021-11-16,Madera,039,155013,23903,23642,2159,25801,287
2021-11-16,Marin,041,260295,17801,17736,488,18224,248
2021-11-16,Mariposa,043,17540,1385,1349,50,1399,6
2021-11-16,Mendocino,045,87422,7818,7723,627,8350,89
2021-11-16,Merced,047,269075,42854,42578,1940,44518,653
2021-11-16,Modoc,049,8938,561,539,201,740,5
2021-11-16,Mono,051,14174,1778,1767,18,1785,4
2021-11-16,Monterey,053,433212,48391,48195,3990,52185,609
2021-11-16,Napa,055,140530,13222,13151,114,13265,103
2021-11-16,Nevada,057,99092,9572,9435,348,9783,92
2021-11-16,Orange,059,3164182,311489,309170,15831,325001,5651
2021-11-16,Placer,061,380077,38012,37676,3862,41538,459
2021-11-16,Plumas,063,18699,1871,1832,52,1884,7
2021-11-16,Riverside,065,2383286,367950,365078,16983,382061,5208
2021-11-16,Sacramento,067,1510023,162027,161102,4970,166072,2299
2021-11-16,San Benito,069,59416,7541,7513,187,7700,77
2021-11-16,San Bernardino,071,2135413,360269,357528,11675,369203,5901
2021-11-16,San Diego,073,3302833,382042,379435,22069,401504,4287
2021-11-16,San Francisco,075,870044,53737,53415,2739,56154,667
2021-11-16,San Joaquin,077,732212,101325,100637,5693,106330,1807
2021-11-16,San Luis Obispo,079,281455,30035,29703,1309,31012,356
2021-11-16,San Mateo,081,765935,54234,54034,1712,55746,577
2021-11-16,Santa Barbara,083,443738,45515,44932,1694,46626,539
2021-11-16,Santa Clara,085,1922200,149559,148452,1476,149928,1916
2021-11-16,Santa Cruz,087,273765,20874,20684,1079,21763,222
2021-11-16,Shasta,089,179085,22164,21853,3772,25625,379
2021-11-16,Sierra,091,2930,193,189,23,212,0
2021-11-16,Siskiyou,093,43540,3377,3304,1362,4666,54
2021-11-16,Solano,095,438530,46113,45908,1269,47177,351
2021-11-16,Sonoma,097,501317,42317,42056,546,42602,401
2021-11-16,Stanislaus,099,539301,80762,80214,9270,89484,1196
2021-11-16,Sutter,101,95872,14108,14058,380,14438,181
2021-11-16,Tehama,103,63373,8685,8621,1548,10169,125
2021-11-16,Trinity,105,12862,818,762,210,972,17
2021-11-16,Tulare,107,460477,69547,68881,16232,85113,1039
2021-11-16,Tuolumne,109,53932,7554,7478,104,7582,90
2021-11-16,Ventura,111,848112,99272,98731,4411,103142,1183
2021-11-16,Yolo,113,214977,20158,20077,1227,21304,257
2021-11-16,Yuba,115,75493,10333,10262,370,10632,85
2021-11-15,Alameda,001,1643700,121335,120731,3004,123735,1464
2021-11-15,Alpine,003,1148,106,105,0,105,0
2021-11-15,Amador,005,37829,5660,5637,68,5705,66
2021-11-15,Butte,007,227075,21358,21182,3940,25122,296
2021-11-15,Calaveras,009,45235,4271,4237,62,4299,83
2021-11-15,Colusa,011,21464,2560,2535,668,3203,19
2021-11-15,Contra Costa,013,1133247,100643,100251,2310,102561,1038
2021-11-15,Del Norte,015,27424,3718,3630,56,3686,42
2021-11-15,El Dorado,017,186661,16393,16236,1767,18003,159
2021-11-15,Fresno,019,978130,143235,142015,12651,154666,2210
2021-11-15,Glenn,021,27897,3536,3526,1022,4548,34
2021-11-15,Humboldt,023,135768,9352,9230,648,9878,115
2021-11-15,Imperial,025,180216,34463,34130,3519,37649,766
2021-11-15,Inyo,027,18085,2485,2442,34,2476,42
2021-11-15,Kern,029,883053,130335,128928,23695,152623,1730
2021-11-15,Kings,031,150075,32850,32584,2101,34685,348
2021-11-15,Lake,033,64148,6856,6784,153,6937,109
2021-11-15,Lassen,035,31185,6978,6915,417,7332,47
2021-11-15,Los Angeles,037,10098052,1452621,1446114,56668,1502782,26677
2021-11-15,Madera,039,155013,23864,23605,2149,25754,287
2021-11-15,Marin,041,260295,17784,17723,487,18210,248
2021-11-15,Mariposa,043,17540,1384,1347,48,1395,6
2021-11-15,Mendocino,045,87422,7798,7694,621,8315,89
2021-11-15,Merced,047,269075,42795,42552,1930,44482,648
2021-11-15,Modoc,049,8938,560,538,201,739,5
2021-11-15,Mono,051,14174,1767,1763,18,1781,4
2021-11-15,Monterey,053,433212,48366,48154,3976,52130,609
2021-11-15,Napa,055,140530,13214,13143,114,13257,103
2021-11-15,Nevada,057,99092,9543,9420,348,9768,92
2021-11-15,Orange,059,3164182,311216,308859,15809,324668,5646
2021-11-15,Placer,061,380077,37948,37610,3858,41468,452
2021-11-15,Plumas,063,18699,1865,1829,52,1881,7
2021-11-15,Riverside,065,2383286,367504,364750,16964,381714,5199
2021-11-15,Sacramento,067,1510023,161805,160937,4957,165894,2293
2021-11-15,San Benito,069,59416,7536,7511,186,7697,77
2021-11-15,San Bernardino,071,2135413,359852,357306,11655,368961,5898
2021-11-15,San Diego,073,3302833,381492,378845,22043,400888,4284
2021-11-15,San Francisco,075,870044,53671,53374,2734,56108,667
2021-11-15,San Joaquin,077,732212,101172,100587,5682,106269,1799
2021-11-15,San Luis Obispo,079,281455,29992,29669,1297,30966,351
2021-11-15,San Mateo,081,765935,54190,54010,1700,55710,576
2021-11-15,Santa Barbara,083,443738,45460,44879,1688,46567,539
2021-11-15,Santa Clara,085,1922200,149340,148313,1469,149782,1914
2021-11-15,Santa Cruz,087,273765,20831,20630,1078,21708,223
2021-11-15,Shasta,089,179085,22118,21779,3767,25546,374
2021-11-15,Sierra,091,2930,193,189,23,212,0
2021-11-15,Siskiyou,093,43540,3370,3302,1360,4662,54
2021-11-15,Solano,095,438530,46076,45885,1266,47151,351
2021-11-15,Sonoma,097,501317,42266,42021,545,42566,401
2021-11-15,Stanislaus,099,539301,80677,80129,9256,89385,1174
2021-11-15,Sutter,101,95872,14095,14043,379,14422,181
2021-11-15,Tehama,103,63373,8679,8615,1547,10162,125
2021-11-15,Trinity,105,12862,817,757,208,965,17
2021-11-15,Tulare,107,460477,69460,68826,16187,85013,1039
2021-11-15,Tuolumne,109,53932,7544,7461,104,7565,90
2021-11-15,Ventura,111,848112,99187,98605,4407,103012,1183
2021-11-15,Yolo,113,214977,20128,20065,1222,21287,255
2021-11-15,Yuba,115,75493,10314,10254,366,10620,85
2021-11-14,Alameda,001,1643700,121167,120629,3000,123629,1461
2021-11-14,Alpine,003,1148,105,105,0,105,0
2021-11-14,Amador,005,37829,5653,5632,67,5699,66
2021-11-14,Butte,007,227075,21328,21146,3931,25077,296
2021-11-14,Calaveras,009,45235,4260,4222,62,4284,83
2021-11-14,Colusa,011,21464,2558,2532,665,3197,19
2021-11-14,Contra Costa,013,1133247,100537,100188,2308,102496,1038
2021-11-14,Del Norte,015,27424,3715,3629,56,3685,42
2021-11-14,El Dorado,017,186661,16352,16212,1762,17974,159
2021-11-14,Fresno,019,978130,142953,141869,12619,154488,2209
2021-11-14,Glenn,021,27897,3535,3521,1022,4543,34
2021-11-14,Humboldt,023,135768,9324,9215,638,9853,115
2021-11-14,Imperial,025,180216,34361,34078,3503,37581,766
2021-11-14,Inyo,027,18085,2473,2441,34,2475,42
2021-11-14,Kern,029,883053,130096,128842,23628,152470,1730
2021-11-14,Kings,031,150075,32793,32545,2094,34639,349
2021-11-14,Lake,033,64148,6848,6777,153,6930,109
2021-11-14,Lassen,035,31185,6968,6911,416,7327,47
2021-11-14,Los Angeles,037,10098052,1451266,1445284,56592,1501876,26667
2021-11-14,Madera,039,155013,23816,23566,2140,25706,287
2021-11-14,Marin,041,260295,17769,17712,487,18199,247
2021-11-14,Mariposa,043,17540,1374,1337,44,1381,6
2021-11-14,Mendocino,045,87422,7764,7684,617,8301,89
2021-11-14,Merced,047,269075,42705,42513,1924,44437,648
2021-11-14,Modoc,049,8938,558,538,201,739,5
2021-11-14,Mono,051,14174,1759,1760,18,1778,4
2021-11-14,Monterey,053,433212,48317,48135,3954,52089,609
2021-11-14,Napa,055,140530,13196,13132,114,13246,103
2021-11-14,Nevada,057,99092,9515,9408,348,9756,92
2021-11-14,Orange,059,3164182,310910,308699,15789,324488,5646
2021-11-14,Placer,061,380077,37867,37569,3848,41417,452
2021-11-14,Plumas,063,18699,1862,1829,51,1880,7
2021-11-14,Riverside,065,2383286,367008,364490,16947,381437,5199
2021-11-14,Sacramento,067,1510023,161569,160761,4940,165701,2295
2021-11-14,San Benito,069,59416,7525,7507,185,7692,77
2021-11-14,San Bernardino,071,2135413,359274,357014,11642,368656,5897
2021-11-14,San Diego,073,3302833,380893,377633,22005,399638,4280
2021-11-14,San Francisco,075,870044,53598,53338,2726,56064,667
2021-11-14,San Joaquin,077,732212,101046,100518,5677,106195,1799
2021-11-14,San Luis Obispo,079,281455,29909,29645,1293,30938,352
2021-11-14,San Mateo,081,765935,54143,53978,1692,55670,576
2021-11-14,Santa Barbara,083,443738,45382,44842,1685,46527,539
2021-11-14,Santa Clara,085,1922200,149143,148152,1459,149611,1913
2021-11-14,Santa Cruz,087,273765,20778,20609,1075,21684,223
2021-11-14,Shasta,089,179085,22066,21771,3754,25525,373
2021-11-14,Sierra,091,2930,193,189,23,212,0
2021-11-14,Siskiyou,093,43540,3361,3302,1359,4661,54
2021-11-14,Solano,095,438530,46020,45860,1259,47119,351
2021-11-14,Sonoma,097,501317,42200,41974,543,42517,401
2021-11-14,Stanislaus,099,539301,80544,80076,9243,89319,1174
2021-11-14,Sutter,101,95872,14078,14031,374,14405,181
2021-11-14,Tehama,103,63373,8669,8607,1545,10152,125
2021-11-14,Trinity,105,12862,814,754,206,960,17
2021-11-14,Tulare,107,460477,69340,68772,16129,84901,1037
2021-11-14,Tuolumne,109,53932,7526,7439,103,7542,90
2021-11-14,Ventura,111,848112,99068,98550,4405,102955,1183
2021-11-14,Yolo,113,214977,20101,20040,1216,21256,255
2021-11-14,Yuba,115,75493,10307,10238,364,10602,85
2021-11-13,Alameda,001,1643700,121098,120407,2998,123405,1454
2021-11-13,Alpine,003,1148,105,105,0,105,0
2021-11-13,Amador,005,37829,5652,5614,67,5681,66
2021-11-13,Butte,007,227075,21308,21104,3928,25032,296
2021-11-13,Calaveras,009,45235,4249,4203,62,4265,83
2021-11-13,Colusa,011,21464,2556,2522,665,3187,19
2021-11-13,Contra Costa,013,1133247,100465,100004,2303,102307,1028
2021-11-13,Del Norte,015,27424,3715,3629,56,3685,42
2021-11-13,El Dorado,017,186661,16340,16163,1759,17922,159
2021-11-13,Fresno,019,978130,142846,141452,12608,154060,2205
2021-11-13,Glenn,021,27897,3535,3514,1021,4535,34
2021-11-13,Humboldt,023,135768,9310,9177,632,9809,115
2021-11-13,Imperial,025,180216,34311,33990,3486,37476,766
2021-11-13,Inyo,027,18085,2467,2436,34,2470,42
2021-11-13,Kern,029,883053,129997,128472,23583,152055,1719
2021-11-13,Kings,031,150075,32776,32452,2093,34545,347
2021-11-13,Lake,033,64148,6843,6769,153,6922,109
2021-11-13,Lassen,035,31185,6963,6897,416,7313,47
2021-11-13,Los Angeles,037,10098052,1450615,1443088,56549,1499637,26649
2021-11-13,Madera,039,155013,23786,23462,2135,25597,287
2021-11-13,Marin,041,260295,17756,17684,485,18169,247
2021-11-13,Mariposa,043,17540,1371,1323,44,1367,6
2021-11-13,Mendocino,045,87422,7745,7652,615,8267,89
2021-11-13,Merced,047,269075,42667,42411,1921,44332,644
2021-11-13,Modoc,049,8938,557,536,201,737,5
2021-11-13,Mono,051,14174,1759,1750,18,1768,4
2021-11-13,Monterey,053,433212,48297,48087,3947,52034,609
2021-11-13,Napa,055,140530,13188,13110,114,13224,103
2021-11-13,Nevada,057,99092,9495,9369,346,9715,92
2021-11-13,Orange,059,3164182,310743,308211,15764,323975,5641
2021-11-13,Placer,061,380077,37817,37453,3845,41298,445
2021-11-13,Plumas,063,18699,1859,1828,51,1879,8
2021-11-13,Riverside,065,2383286,366703,363801,16940,380741,5187
2021-11-13,Sacramento,067,1510023,161436,160397,4927,165324,2291
2021-11-13,San Benito,069,59416,7512,7491,184,7675,77
2021-11-13,San Bernardino,071,2135413,359023,356325,11636,367961,5873
2021-11-13,San Diego,073,3302833,380555,377633,21975,399608,4280
2021-11-13,San Francisco,075,870044,53566,53195,2724,55919,667
2021-11-13,San Joaquin,077,732212,100990,100263,5667,105930,1799
2021-11-13,San Luis Obispo,079,281455,29879,29589,1291,30880,351
2021-11-13,San Mateo,081,765935,54109,53853,1688,55541,574
2021-11-13,Santa Barbara,083,443738,45349,44734,1685,46419,537
2021-11-13,Santa Clara,085,1922200,149026,147821,1453,149274,1905
2021-11-13,Santa Cruz,087,273765,20763,20565,1074,21639,223
2021-11-13,Shasta,089,179085,22035,21713,3750,25463,366
2021-11-13,Sierra,091,2930,192,188,23,211,0
2021-11-13,Siskiyou,093,43540,3352,3299,1358,4657,54
2021-11-13,Solano,095,438530,45992,45774,1255,47029,350
2021-11-13,Sonoma,097,501317,42166,41882,542,42424,399
2021-11-13,Stanislaus,099,539301,80467,79872,9229,89101,1174
2021-11-13,Sutter,101,95872,14068,14017,373,14390,181
2021-11-13,Tehama,103,63373,8663,8592,1541,10133,125
2021-11-13,Trinity,105,12862,813,749,206,955,17
2021-11-13,Tulare,107,460477,69273,68619,16106,84725,1033
2021-11-13,Tuolumne,109,53932,7510,7392,103,7495,90
2021-11-13,Ventura,111,848112,99005,98452,4403,102855,1183
2021-11-13,Yolo,113,214977,20085,20009,1211,21220,255
2021-11-13,Yuba,115,75493,10297,10218,362,10580,85
2021-11-12,Alameda,001,1643700,121017,120407,2995,123402,1454
2021-11-12,Alpine,003,1148,105,105,0,105,0
2021-11-12,Amador,005,37829,5646,5614,66,5680,66
2021-11-12,Butte,007,227075,21291,21104,3924,25028,296
2021-11-12,Calaveras,009,45235,4238,4203,62,4265,83
2021-11-12,Colusa,011,21464,2552,2522,664,3186,19
2021-11-12,Contra Costa,013,1133247,100411,100004,2302,102306,1028
2021-11-12,Del Norte,015,27424,3715,3629,56,3685,42
2021-11-12,El Dorado,017,186661,16321,16163,1758,17921,159
2021-11-12,Fresno,019,978130,142705,141452,12598,154050,2205
2021-11-12,Glenn,021,27897,3532,3514,1020,4534,34
2021-11-12,Humboldt,023,135768,9303,9177,630,9807,115
2021-11-12,Imperial,025,180216,34282,33990,3476,37466,766
2021-11-12,Inyo,027,18085,2463,2436,34,2470,42
2021-11-12,Kern,029,883053,129859,128472,23552,152024,1719
2021-11-12,Kings,031,150075,32750,32452,2092,34544,347
2021-11-12,Lake,033,64148,6839,6769,153,6922,109
2021-11-12,Lassen,035,31185,6959,6897,415,7312,47
2021-11-12,Los Angeles,037,10098052,1449895,1443088,56501,1499589,26649
2021-11-12,Madera,039,155013,23756,23462,2130,25592,287
2021-11-12,Marin,041,260295,17740,17684,484,18168,247
2021-11-12,Mariposa,043,17540,1364,1323,44,1367,6
2021-11-12,Mendocino,045,87422,7734,7652,612,8264,89
2021-11-12,Merced,047,269075,42640,42411,1919,44330,644
2021-11-12,Modoc,049,8938,556,536,201,737,5
2021-11-12,Mono,051,14174,1758,1750,18,1768,4
2021-11-12,Monterey,053,433212,48278,48087,3928,52015,609
2021-11-12,Napa,055,140530,13179,13110,114,13224,103
2021-11-12,Nevada,057,99092,9481,9369,345,9714,92
2021-11-12,Orange,059,3164182,310554,308211,15747,323958,5641
2021-11-12,Placer,061,380077,37777,37453,3842,41295,445
2021-11-12,Plumas,063,18699,1854,1828,51,1879,8
2021-11-12,Riverside,065,2383286,366437,363801,16936,380737,5187
2021-11-12,Sacramento,067,1510023,161279,160397,4922,165319,2291
2021-11-12,San Benito,069,59416,7512,7491,184,7675,77
2021-11-12,San Bernardino,071,2135413,358724,356325,11630,367955,5873
2021-11-12,San Diego,073,3302833,380182,377633,21949,399582,4280
2021-11-12,San Francisco,075,870044,53531,53195,2720,55915,667
2021-11-12,San Joaquin,077,732212,100946,100263,5661,105924,1799
2021-11-12,San Luis Obispo,079,281455,29850,29589,1290,30879,351
2021-11-12,San Mateo,081,765935,54062,53853,1683,55536,574
2021-11-12,Santa Barbara,083,443738,45295,44734,1684,46418,537
2021-11-12,Santa Clara,085,1922200,148882,147821,1448,149269,1905
2021-11-12,Santa Cruz,087,273765,20736,20565,1072,21637,223
2021-11-12,Shasta,089,179085,22003,21713,3746,25459,366
2021-11-12,Sierra,091,2930,191,188,23,211,0
2021-11-12,Siskiyou,093,43540,3351,3299,1356,4655,54
2021-11-12,Solano,095,438530,45965,45774,1252,47026,350
2021-11-12,Sonoma,097,501317,42125,41882,542,42424,399
2021-11-12,Stanislaus,099,539301,80414,79872,9221,89093,1174
2021-11-12,Sutter,101,95872,14060,14017,373,14390,181
2021-11-12,Tehama,103,63373,8659,8592,1540,10132,125
2021-11-12,Trinity,105,12862,806,749,206,955,17
2021-11-12,Tulare,107,460477,69231,68619,16071,84690,1033
2021-11-12,Tuolumne,109,53932,7498,7392,102,7494,90
2021-11-12,Ventura,111,848112,98940,98452,4402,102854,1183
2021-11-12,Yolo,113,214977,20071,20009,1205,21214,255
2021-11-12,Yuba,115,75493,10288,10218,361,10579,85
2021-11-11,Alameda,001,1643700,120901,120147,2987,123134,1453
2021-11-11,Alpine,003,1148,105,105,0,105,0
2021-11-11,Amador,005,37829,5642,5603,65,5668,66
2021-11-11,Butte,007,227075,21249,21047,3919,24966,293
2021-11-11,Calaveras,009,45235,4220,4179,62,4241,83
2021-11-11,Colusa,011,21464,2544,2518,662,3180,19
2021-11-11,Contra Costa,013,1133247,100307,99808,2296,102104,1028
2021-11-11,Del Norte,015,27424,3713,3622,56,3678,42
2021-11-11,El Dorado,017,186661,16288,16085,1755,17840,159
2021-11-11,Fresno,019,978130,142503,140833,12571,153404,2202
2021-11-11,Glenn,021,27897,3530,3503,1020,4523,34
2021-11-11,Humboldt,023,135768,9280,9125,627,9752,115
2021-11-11,Imperial,025,180216,34213,33844,3454,37298,766
2021-11-11,Inyo,027,18085,2458,2428,34,2462,42
2021-11-11,Kern,029,883053,129675,128023,23488,151511,1709
2021-11-11,Kings,031,150075,32699,32318,2090,34408,345
2021-11-11,Lake,033,64148,6832,6745,153,6898,107
2021-11-11,Lassen,035,31185,6953,6875,415,7290,47
2021-11-11,Los Angeles,037,10098052,1448810,1440436,56440,1496876,26614
2021-11-11,Madera,039,155013,23709,23316,2121,25437,287
2021-11-11,Marin,041,260295,17730,17639,484,18123,247
2021-11-11,Mariposa,043,17540,1354,1317,44,1361,6
2021-11-11,Mendocino,045,87422,7719,7612,602,8214,89
2021-11-11,Merced,047,269075,42585,42292,1917,44209,643
2021-11-11,Modoc,049,8938,554,536,201,737,5
2021-11-11,Mono,051,14174,1749,1743,18,1761,4
2021-11-11,Monterey,053,433212,48249,48008,3910,51918,609
2021-11-11,Napa,055,140530,13170,13075,114,13189,103
2021-11-11,Nevada,057,99092,9459,9308,345,9653,92
2021-11-11,Orange,059,3164182,310285,307674,15710,323384,5633
2021-11-11,Placer,061,380077,37725,37333,3834,41167,440
2021-11-11,Plumas,063,18699,1850,1814,51,1865,7
2021-11-11,Riverside,065,2383286,366006,362930,16918,379848,5175
2021-11-11,Sacramento,067,1510023,161067,159962,4902,164864,2289
2021-11-11,San Benito,069,59416,7504,7473,184,7657,76
2021-11-11,San Bernardino,071,2135413,358302,355413,11619,367032,5849
2021-11-11,San Diego,073,3302833,379667,376428,21924,398352,4272
2021-11-11,San Francisco,075,870044,53473,53063,2716,55779,666
2021-11-11,San Joaquin,077,732212,100851,99937,5645,105582,1799
2021-11-11,San Luis Obispo,079,281455,29799,29532,1288,30820,351
2021-11-11,San Mateo,081,765935,54022,53722,1667,55389,574
2021-11-11,Santa Barbara,083,443738,45238,44603,1681,46284,534
2021-11-11,Santa Clara,085,1922200,148700,147458,1442,148900,1901
2021-11-11,Santa Cruz,087,273765,20691,20479,1072,21551,222
2021-11-11,Shasta,089,179085,21956,21600,3745,25345,364
2021-11-11,Sierra,091,2930,190,186,23,209,0
2021-11-11,Siskiyou,093,43540,3345,3297,1355,4652,53
2021-11-11,Solano,095,438530,45927,45679,1251,46930,350
2021-11-11,Sonoma,097,501317,42088,41774,542,42316,395
2021-11-11,Stanislaus,099,539301,80329,79570,9207,88777,1166
2021-11-11,Sutter,101,95872,14047,13993,372,14365,181
2021-11-11,Tehama,103,63373,8647,8565,1538,10103,125
2021-11-11,Trinity,105,12862,805,748,206,954,17
2021-11-11,Tulare,107,460477,69140,68367,16033,84400,1028
2021-11-11,Tuolumne,109,53932,7485,7354,102,7456,90
2021-11-11,Ventura,111,848112,98853,98297,4396,102693,1182
2021-11-11,Yolo,113,214977,20044,19946,1203,21149,255
2021-11-11,Yuba,115,75493,10272,10191,361,10552,85
2021-11-10,Alameda,001,1643700,120793,120147,2978,123125,1453
2021-11-10,Alpine,003,1148,105,105,0,105,0
2021-11-10,Amador,005,37829,5636,5603,65,5668,66
2021-11-10,Butte,007,227075,21223,21047,3915,24962,293
2021-11-10,Calaveras,009,45235,4209,4179,62,4241,83
2021-11-10,Colusa,011,21464,2538,2518,662,3180,19
2021-11-10,Contra Costa,013,1133247,100225,99808,2292,102100,1028
2021-11-10,Del Norte,015,27424,3712,3622,56,3678,42
2021-11-10,El Dorado,017,186661,16272,16085,1754,17839,159
2021-11-10,Fresno,019,978130,142325,140833,12561,153394,2202
2021-11-10,Glenn,021,27897,3530,3503,1019,4522,34
2021-11-10,Humboldt,023,135768,9262,9125,627,9752,115
2021-11-10,Imperial,025,180216,34160,33844,3435,37279,766
2021-11-10,Inyo,027,18085,2451,2428,34,2462,42
2021-11-10,Kern,029,883053,129526,128023,23432,151455,1709
2021-11-10,Kings,031,150075,32667,32318,2088,34406,345
2021-11-10,Lake,033,64148,6822,6745,153,6898,107
2021-11-10,Lassen,035,31185,6948,6875,415,7290,47
2021-11-10,Los Angeles,037,10098052,1447866,1440436,56384,1496820,26614
2021-11-10,Madera,039,155013,23660,23316,2117,25433,287
2021-11-10,Marin,041,260295,17717,17639,482,18121,247
2021-11-10,Mariposa,043,17540,1348,1317,44,1361,6
2021-11-10,Mendocino,045,87422,7707,7612,601,8213,89
2021-11-10,Merced,047,269075,42550,42292,1915,44207,643
2021-11-10,Modoc,049,8938,553,536,200,736,5
2021-11-10,Mono,051,14174,1747,1743,18,1761,4
2021-11-10,Monterey,053,433212,48223,48008,3891,51899,609
2021-11-10,Napa,055,140530,13156,13075,113,13188,103
2021-11-10,Nevada,057,99092,9452,9308,343,9651,92
2021-11-10,Orange,059,3164182,310028,307674,15680,323354,5633
2021-11-10,Placer,061,380077,37679,37333,3827,41160,440
2021-11-10,Plumas,063,18699,1847,1814,50,1864,7
2021-11-10,Riverside,065,2383286,365626,362930,16912,379842,5175
2021-11-10,Sacramento,067,1510023,160914,159962,4892,164854,2289
2021-11-10,San Benito,069,59416,7496,7473,184,7657,76
2021-11-10,San Bernardino,071,2135413,357965,355413,11613,367026,5849
2021-11-10,San Diego,073,3302833,379254,376428,21899,398327,4272
2021-11-10,San Francisco,075,870044,53412,53063,2712,55775,666
2021-11-10,San Joaquin,077,732212,100744,99937,5639,105576,1799
2021-11-10,San Luis Obispo,079,281455,29769,29532,1287,30819,351
2021-11-10,San Mateo,081,765935,53975,53722,1662,55384,574
2021-11-10,Santa Barbara,083,443738,45200,44603,1680,46283,534
2021-11-10,Santa Clara,085,1922200,148555,147458,1435,148893,1901
2021-11-10,Santa Cruz,087,273765,20664,20479,1071,21550,222
2021-11-10,Shasta,089,179085,21920,21600,3743,25343,364
2021-11-10,Sierra,091,2930,189,186,23,209,0
2021-11-10,Siskiyou,093,43540,3343,3297,1355,4652,53
2021-11-10,Solano,095,438530,45898,45679,1249,46928,350
2021-11-10,Sonoma,097,501317,42037,41774,542,42316,395
2021-11-10,Stanislaus,099,539301,80228,79570,9190,88760,1166
2021-11-10,Sutter,101,95872,14039,13993,372,14365,181
2021-11-10,Tehama,103,63373,8636,8565,1532,10097,125
2021-11-10,Trinity,105,12862,801,748,205,953,17
2021-11-10,Tulare,107,460477,69081,68367,15992,84359,1028
2021-11-10,Tuolumne,109,53932,7461,7354,102,7456,90
2021-11-10,Ventura,111,848112,98778,98297,4396,102693,1182
2021-11-10,Yolo,113,214977,20026,19946,1203,21149,255
2021-11-10,Yuba,115,75493,10263,10191,361,10552,85
2021-11-09,Alameda,001,1643700,120657,120051,2969,123020,1450
2021-11-09,Alpine,003,1148,105,105,0,105,0
2021-11-09,Amador,005,37829,5632,5596,65,5661,66
2021-11-09,Butte,007,227075,21202,21022,3912,24934,291
2021-11-09,Calaveras,009,45235,4205,4174,62,4236,84
2021-11-09,Colusa,011,21464,2533,2517,661,3178,19
2021-11-09,Contra Costa,013,1133247,100134,99732,2285,102017,1028
2021-11-09,Del Norte,015,27424,3711,3620,56,3676,42
2021-11-09,El Dorado,017,186661,16234,16073,1749,17822,160
2021-11-09,Fresno,019,978130,142084,140666,12548,153214,2188
2021-11-09,Glenn,021,27897,3525,3499,1018,4517,34
2021-11-09,Humboldt,023,135768,9240,9112,622,9734,115
2021-11-09,Imperial,025,180216,34108,33751,3421,37172,766
2021-11-09,Inyo,027,18085,2447,2404,34,2438,42
2021-11-09,Kern,029,883053,129283,127901,23371,151272,1694
2021-11-09,Kings,031,150075,32600,32279,2084,34363,344
2021-11-09,Lake,033,64148,6813,6743,153,6896,106
2021-11-09,Lassen,035,31185,6936,6846,415,7261,47
2021-11-09,Los Angeles,037,10098052,1446629,1439125,56323,1495448,26581
2021-11-09,Madera,039,155013,23609,23285,2109,25394,287
2021-11-09,Marin,041,260295,17698,17630,480,18110,247
2021-11-09,Mariposa,043,17540,1340,1317,43,1360,5
2021-11-09,Mendocino,045,87422,7684,7598,595,8193,85
2021-11-09,Merced,047,269075,42508,42251,1911,44162,613
2021-11-09,Modoc,049,8938,552,536,198,734,5
2021-11-09,Mono,051,14174,1742,1738,18,1756,4
2021-11-09,Monterey,053,433212,48191,47975,3860,51835,609
2021-11-09,Napa,055,140530,13138,13051,113,13164,103
2021-11-09,Nevada,057,99092,9433,9288,343,9631,92
2021-11-09,Orange,059,3164182,309746,307412,15654,323066,5621
2021-11-09,Placer,061,380077,37625,37291,3810,41101,440
2021-11-09,Plumas,063,18699,1845,1802,50,1852,7
2021-11-09,Riverside,065,2383286,365161,362557,16897,379454,5160
2021-11-09,Sacramento,067,1510023,160679,159856,4879,164735,2286
2021-11-09,San Benito,069,59416,7485,7471,183,7654,76
2021-11-09,San Bernardino,071,2135413,357516,354972,11596,366568,5839
2021-11-09,San Diego,073,3302833,378753,375997,21867,397864,4272
2021-11-09,San Francisco,075,870044,53341,52996,2705,55701,666
2021-11-09,San Joaquin,077,732212,100566,99848,5626,105474,1794
2021-11-09,San Luis Obispo,079,281455,29728,29488,1286,30774,350
2021-11-09,San Mateo,081,765935,53931,53697,1648,55345,574
2021-11-09,Santa Barbara,083,443738,45133,44579,1673,46252,533
2021-11-09,Santa Clara,085,1922200,148349,147281,1428,148709,1901
2021-11-09,Santa Cruz,087,273765,20629,20463,1070,21533,222
2021-11-09,Shasta,089,179085,21866,21558,3738,25296,364
2021-11-09,Sierra,091,2930,189,186,23,209,0
2021-11-09,Siskiyou,093,43540,3341,3295,1353,4648,52
2021-11-09,Solano,095,438530,45844,45639,1248,46887,350
2021-11-09,Sonoma,097,501317,41982,41727,541,42268,395
2021-11-09,Stanislaus,099,539301,80124,79505,9174,88679,1165
2021-11-09,Sutter,101,95872,14024,13988,370,14358,180
2021-11-09,Tehama,103,63373,8618,8555,1530,10085,125
2021-11-09,Trinity,105,12862,800,746,205,951,17
2021-11-09,Tulare,107,460477,68978,68298,15951,84249,1024
2021-11-09,Tuolumne,109,53932,7442,7347,102,7449,90
2021-11-09,Ventura,111,848112,98697,98202,4391,102593,1182
2021-11-09,Yolo,113,214977,20002,19931,1199,21130,255
2021-11-09,Yuba,115,75493,10246,10175,355,10530,85
2021-11-08,Alameda,001,1643700,120518,119983,2962,122945,1447
2021-11-08,Alpine,003,1148,105,105,0,105,0
2021-11-08,Amador,005,37829,5626,5590,65,5655,66
2021-11-08,Butte,007,227075,21174,21000,3904,24904,288
2021-11-08,Calaveras,009,45235,4197,4166,62,4228,82
2021-11-08,Colusa,011,21464,2532,2514,660,3174,19
2021-11-08,Contra Costa,013,1133247,100033,99669,2280,101949,1028
2021-11-08,Del Norte,015,27424,3707,3619,56,3675,42
2021-11-08,El Dorado,017,186661,16216,16055,1744,17799,156
2021-11-08,Fresno,019,978130,141785,140466,12530,152996,2179
2021-11-08,Glenn,021,27897,3522,3496,1014,4510,34
2021-11-08,Humboldt,023,135768,9213,9095,612,9707,109
2021-11-08,Imperial,025,180216,34029,33690,3403,37093,766
2021-11-08,Inyo,027,18085,2440,2398,34,2432,41
2021-11-08,Kern,029,883053,129047,127722,23289,151011,1692
2021-11-08,Kings,031,150075,32554,32248,2083,34331,344
2021-11-08,Lake,033,64148,6807,6737,153,6890,106
2021-11-08,Lassen,035,31185,6929,6830,413,7243,46
2021-11-08,Los Angeles,037,10098052,1445290,1438322,56264,1494586,26575
2021-11-08,Madera,039,155013,23560,23253,2099,25352,287
2021-11-08,Marin,041,260295,17681,17617,477,18094,247
2021-11-08,Mariposa,043,17540,1332,1316,42,1358,5
2021-11-08,Mendocino,045,87422,7670,7581,589,8170,85
2021-11-08,Merced,047,269075,42437,42224,1902,44126,607
2021-11-08,Modoc,049,8938,551,529,198,727,5
2021-11-08,Mono,051,14174,1736,1739,18,1757,4
2021-11-08,Monterey,053,433212,48163,47942,3825,51767,602
2021-11-08,Napa,055,140530,13124,13045,113,13158,103
2021-11-08,Nevada,057,99092,9415,9278,341,9619,92
2021-11-08,Orange,059,3164182,309473,307156,15622,322778,5616
2021-11-08,Placer,061,380077,37572,37250,3807,41057,439
2021-11-08,Plumas,063,18699,1844,1788,49,1837,7
2021-11-08,Riverside,065,2383286,364707,362201,16882,379083,5152
2021-11-08,Sacramento,067,1510023,160464,159735,4858,164593,2275
2021-11-08,San Benito,069,59416,7483,7461,183,7644,75
2021-11-08,San Bernardino,071,2135413,357016,354741,11575,366316,5836
2021-11-08,San Diego,073,3302833,378169,375557,21817,397374,4259
2021-11-08,San Francisco,075,870044,53287,52942,2699,55641,666
2021-11-08,San Joaquin,077,732212,100451,99736,5624,105360,1794
2021-11-08,San Luis Obispo,079,281455,29679,29464,1282,30746,350
2021-11-08,San Mateo,081,765935,53857,53658,1640,55298,574
2021-11-08,Santa Barbara,083,443738,45079,44548,1672,46220,532
2021-11-08,Santa Clara,085,1922200,148121,147183,1422,148605,1899
2021-11-08,Santa Cruz,087,273765,20601,20435,1070,21505,222
2021-11-08,Shasta,089,179085,21819,21504,3732,25236,354
2021-11-08,Sierra,091,2930,189,183,23,206,0
2021-11-08,Siskiyou,093,43540,3337,3290,1342,4632,50
2021-11-08,Solano,095,438530,45803,45613,1246,46859,350
2021-11-08,Sonoma,097,501317,41914,41669,539,42208,395
2021-11-08,Stanislaus,099,539301,79972,79417,9160,88577,1150
2021-11-08,Sutter,101,95872,14016,13976,366,14342,180
2021-11-08,Tehama,103,63373,8608,8534,1530,10064,123
2021-11-08,Trinity,105,12862,800,743,204,947,13
2021-11-08,Tulare,107,460477,68861,68199,15913,84112,1020
2021-11-08,Tuolumne,109,53932,7423,7328,101,7429,90
2021-11-08,Ventura,111,848112,98604,98144,4388,102532,1182
2021-11-08,Yolo,113,214977,19964,19916,1194,21110,255
2021-11-08,Yuba,115,75493,10235,10172,352,10524,83
2021-11-07,Alameda,001,1643700,120365,119902,2957,122859,1444
2021-11-07,Alpine,003,1148,105,105,0,105,0
2021-11-07,Amador,005,37829,5619,5580,63,5643,66
2021-11-07,Butte,007,227075,21134,20969,3895,24864,288
2021-11-07,Calaveras,009,45235,4170,4158,61,4219,82
2021-11-07,Colusa,011,21464,2526,2511,658,3169,19
2021-11-07,Contra Costa,013,1133247,99923,99596,2273,101869,1028
2021-11-07,Del Norte,015,27424,3705,3617,56,3673,42
2021-11-07,El Dorado,017,186661,16179,16040,1741,17781,156
2021-11-07,Fresno,019,978130,141445,140263,12507,152770,2179
2021-11-07,Glenn,021,27897,3515,3493,1013,4506,34
2021-11-07,Humboldt,023,135768,9187,9074,608,9682,109
2021-11-07,Imperial,025,180216,33955,33674,3383,37057,766
2021-11-07,Inyo,027,18085,2427,2394,34,2428,41
2021-11-07,Kern,029,883053,128776,127583,23197,150780,1692
2021-11-07,Kings,031,150075,32464,32221,2078,34299,343
2021-11-07,Lake,033,64148,6791,6734,152,6886,106
2021-11-07,Lassen,035,31185,6920,6819,409,7228,46
2021-11-07,Los Angeles,037,10098052,1443809,1437314,56185,1493499,26573
2021-11-07,Madera,039,155013,23514,23225,2093,25318,287
2021-11-07,Marin,041,260295,17661,17594,476,18070,247
2021-11-07,Mariposa,043,17540,1331,1306,42,1348,5
2021-11-07,Mendocino,045,87422,7641,7567,585,8152,85
2021-11-07,Merced,047,269075,42356,42186,1872,44058,607
2021-11-07,Modoc,049,8938,548,528,197,725,5
2021-11-07,Mono,051,14174,1732,1739,18,1757,4
2021-11-07,Monterey,053,433212,48125,47924,3807,51731,602
2021-11-07,Napa,055,140530,13103,13041,113,13154,103
2021-11-07,Nevada,057,99092,9366,9254,341,9595,92
2021-11-07,Orange,059,3164182,309156,306954,15588,322542,5616
2021-11-07,Placer,061,380077,37495,37202,3792,40994,439
2021-11-07,Plumas,063,18699,1837,1787,48,1835,7
2021-11-07,Riverside,065,2383286,364173,361960,16863,378823,5152
2021-11-07,Sacramento,067,1510023,160233,159549,4840,164389,2277
2021-11-07,San Benito,069,59416,7470,7460,183,7643,75
2021-11-07,San Bernardino,071,2135413,356514,354488,11552,366040,5832
2021-11-07,San Diego,073,3302833,377583,375165,21782,396947,4250
2021-11-07,San Francisco,075,870044,53206,52868,2690,55558,666
2021-11-07,San Joaquin,077,732212,100266,99696,5618,105314,1794
2021-11-07,San Luis Obispo,079,281455,29630,29454,1278,30732,350
2021-11-07,San Mateo,081,765935,53798,53600,1638,55238,574
2021-11-07,Santa Barbara,083,443738,45016,44501,1671,46172,532
2021-11-07,Santa Clara,085,1922200,147920,147054,1409,148463,1898
2021-11-07,Santa Cruz,087,273765,20543,20397,1069,21466,222
2021-11-07,Shasta,089,179085,21772,21479,3726,25205,354
2021-11-07,Sierra,091,2930,187,183,23,206,0
2021-11-07,Siskiyou,093,43540,3332,3289,1339,4628,51
2021-11-07,Solano,095,438530,45751,45582,1241,46823,350
2021-11-07,Sonoma,097,501317,41864,41630,539,42169,395
2021-11-07,Stanislaus,099,539301,79819,79351,9139,88490,1150
2021-11-07,Sutter,101,95872,14003,13964,363,14327,180
2021-11-07,Tehama,103,63373,8585,8528,1528,10056,121
2021-11-07,Trinity,105,12862,799,742,203,945,13
2021-11-07,Tulare,107,460477,68708,68145,15868,84013,1020
2021-11-07,Tuolumne,109,53932,7405,7300,99,7399,90
2021-11-07,Ventura,111,848112,98500,98085,4386,102471,1182
2021-11-07,Yolo,113,214977,19944,19899,1189,21088,255
2021-11-07,Yuba,115,75493,10218,10162,347,10509,83
2021-11-06,Alameda,001,1643700,120306,119499,2955,122454,1436
2021-11-06,Alpine,003,1148,105,105,0,105,0
2021-11-06,Amador,005,37829,5613,5557,63,5620,66
2021-11-06,Butte,007,227075,21114,20796,3891,24687,288
2021-11-06,Calaveras,009,45235,4162,4105,61,4166,82
2021-11-06,Colusa,011,21464,2525,2501,657,3158,19
2021-11-06,Contra Costa,013,1133247,99869,99282,2271,101553,1025
2021-11-06,Del Norte,015,27424,3702,3607,56,3663,42
2021-11-06,El Dorado,017,186661,16162,15958,1741,17699,156
2021-11-06,Fresno,019,978130,141327,139249,12505,151754,2170
2021-11-06,Glenn,021,27897,3512,3479,1013,4492,33
2021-11-06,Humboldt,023,135768,9175,8972,604,9576,109
2021-11-06,Imperial,025,180216,33909,33471,3377,36848,766
2021-11-06,Inyo,027,18085,2421,2353,34,2387,41
2021-11-06,Kern,029,883053,128643,126848,23144,149992,1684
2021-11-06,Kings,031,150075,32432,32018,2073,34091,342
2021-11-06,Lake,033,64148,6789,6695,152,6847,106
2021-11-06,Lassen,035,31185,6915,6796,408,7204,46
2021-11-06,Los Angeles,037,10098052,1443035,1433081,56140,1489221,26533
2021-11-06,Madera,039,155013,23478,22994,2084,25078,287
2021-11-06,Marin,041,260295,17642,17520,473,17993,247
2021-11-06,Mariposa,043,17540,1329,1282,42,1324,5
2021-11-06,Mendocino,045,87422,7619,7486,585,8071,85
2021-11-06,Merced,047,269075,42333,41958,1864,43822,604
2021-11-06,Modoc,049,8938,547,523,197,720,5
2021-11-06,Mono,051,14174,1731,1725,18,1743,4
2021-11-06,Monterey,053,433212,48100,47830,3790,51620,602
2021-11-06,Napa,055,140530,13092,12950,113,13063,103
2021-11-06,Nevada,057,99092,9344,9169,340,9509,91
2021-11-06,Orange,059,3164182,308948,306049,15562,321611,5611
2021-11-06,Placer,061,380077,37454,36967,3789,40756,438
2021-11-06,Plumas,063,18699,1833,1755,47,1802,7
2021-11-06,Riverside,065,2383286,363855,360584,16854,377438,5138
2021-11-06,Sacramento,067,1510023,160141,158766,4835,163601,2263
2021-11-06,San Benito,069,59416,7463,7429,183,7612,75
2021-11-06,San Bernardino,071,2135413,356245,353142,11548,364690,5813
2021-11-06,San Diego,073,3302833,377237,373423,21763,395186,4246
2021-11-06,San Francisco,075,870044,53152,52556,2687,55243,666
2021-11-06,San Joaquin,077,732212,100210,99372,5617,104989,1782
2021-11-06,San Luis Obispo,079,281455,29602,29335,1274,30609,350
2021-11-06,San Mateo,081,765935,53768,53442,1633,55075,574
2021-11-06,Santa Barbara,083,443738,44980,44301,1670,45971,532
2021-11-06,Santa Clara,085,1922200,147775,146519,1404,147923,1894
2021-11-06,Santa Cruz,087,273765,20524,20311,1067,21378,222
2021-11-06,Shasta,089,179085,21753,21281,3721,25002,349
2021-11-06,Sierra,091,2930,187,181,23,204,0
2021-11-06,Siskiyou,093,43540,3332,3279,1337,4616,48
2021-11-06,Solano,095,438530,45721,45465,1240,46705,350
2021-11-06,Sonoma,097,501317,41814,41398,538,41936,395
2021-11-06,Stanislaus,099,539301,79751,78902,9131,88033,1193
2021-11-06,Sutter,101,95872,13999,13908,362,14270,180
2021-11-06,Tehama,103,63373,8574,8474,1526,10000,120
2021-11-06,Trinity,105,12862,796,732,203,935,11
2021-11-06,Tulare,107,460477,68658,67767,15839,83606,1010
2021-11-06,Tuolumne,109,53932,7392,7245,99,7344,90
2021-11-06,Ventura,111,848112,98434,97770,4382,102152,1180
2021-11-06,Yolo,113,214977,19927,19827,1185,21012,255
2021-11-06,Yuba,115,75493,10204,10107,347,10454,83
2021-11-05,Alameda,001,1643700,120227,119499,2953,122452,1436
2021-11-05,Alpine,003,1148,105,105,0,105,0
2021-11-05,Amador,005,37829,5608,5557,63,5620,66
2021-11-05,Butte,007,227075,21100,20796,3890,24686,288
2021-11-05,Calaveras,009,45235,4157,4105,61,4166,82
2021-11-05,Colusa,011,21464,2525,2501,656,3157,19
2021-11-05,Contra Costa,013,1133247,99804,99282,2269,101551,1025
2021-11-05,Del Norte,015,27424,3700,3607,56,3663,42
2021-11-05,El Dorado,017,186661,16144,15958,1735,17693,156
2021-11-05,Fresno,019,978130,141149,139249,12496,151745,2170
2021-11-05,Glenn,021,27897,3512,3479,1013,4492,33
2021-11-05,Humboldt,023,135768,9161,8972,604,9576,109
2021-11-05,Imperial,025,180216,33874,33471,3374,36845,766
2021-11-05,Inyo,027,18085,2413,2353,34,2387,41
2021-11-05,Kern,029,883053,128516,126848,23088,149936,1684
2021-11-05,Kings,031,150075,32409,32018,2072,34090,342
2021-11-05,Lake,033,64148,6783,6695,152,6847,106
2021-11-05,Lassen,035,31185,6911,6796,407,7203,46
2021-11-05,Los Angeles,037,10098052,1442217,1433081,56102,1489183,26533
2021-11-05,Madera,039,155013,23440,22994,2083,25077,287
2021-11-05,Marin,041,260295,17620,17520,472,17992,247
2021-11-05,Mariposa,043,17540,1326,1282,41,1323,5
2021-11-05,Mendocino,045,87422,7608,7486,584,8070,85
2021-11-05,Merced,047,269075,42307,41958,1860,43818,604
2021-11-05,Modoc,049,8938,547,523,197,720,5
2021-11-05,Mono,051,14174,1731,1725,18,1743,4
2021-11-05,Monterey,053,433212,48077,47830,3783,51613,602
2021-11-05,Napa,055,140530,13070,12950,113,13063,103
2021-11-05,Nevada,057,99092,9331,9169,340,9509,91
2021-11-05,Orange,059,3164182,308753,306049,15541,321590,5611
2021-11-05,Placer,061,380077,37428,36967,3779,40746,438
2021-11-05,Plumas,063,18699,1826,1755,47,1802,7
2021-11-05,Riverside,065,2383286,363515,360584,16843,377427,5138
2021-11-05,Sacramento,067,1510023,160018,158766,4829,163595,2263
2021-11-05,San Benito,069,59416,7461,7429,182,7611,75
2021-11-05,San Bernardino,071,2135413,355917,353142,11538,364680,5813
2021-11-05,San Diego,073,3302833,376872,373423,21750,395173,4246
2021-11-05,San Francisco,075,870044,53102,52556,2683,55239,666
2021-11-05,San Joaquin,077,732212,100157,99372,5608,104980,1782
2021-11-05,San Luis Obispo,079,281455,29580,29335,1274,30609,350
2021-11-05,San Mateo,081,765935,53729,53442,1631,55073,574
2021-11-05,Santa Barbara,083,443738,44936,44301,1669,45970,532
2021-11-05,Santa Clara,085,1922200,147637,146519,1403,147922,1894
2021-11-05,Santa Cruz,087,273765,20500,20311,1066,21377,222
2021-11-05,Shasta,089,179085,21721,21281,3716,24997,349
2021-11-05,Sierra,091,2930,187,181,23,204,0
2021-11-05,Siskiyou,093,43540,3328,3279,1335,4614,48
2021-11-05,Solano,095,438530,45682,45465,1237,46702,350
2021-11-05,Sonoma,097,501317,41774,41398,538,41936,395
2021-11-05,Stanislaus,099,539301,79693,78902,9119,88021,1193
2021-11-05,Sutter,101,95872,13991,13908,361,14269,180
2021-11-05,Tehama,103,63373,8567,8474,1525,9999,120
2021-11-05,Trinity,105,12862,796,732,203,935,11
2021-11-05,Tulare,107,460477,68588,67767,15801,83568,1010
2021-11-05,Tuolumne,109,53932,7375,7245,98,7343,90
2021-11-05,Ventura,111,848112,98388,97770,4379,102149,1180
2021-11-05,Yolo,113,214977,19917,19827,1184,21011,255
2021-11-05,Yuba,115,75493,10191,10107,345,10452,83
2021-11-04,Alameda,001,1643700,120115,119499,2947,122446,1436
2021-11-04,Alpine,003,1148,105,105,0,105,0
2021-11-04,Amador,005,37829,5600,5557,63,5620,66
2021-11-04,Butte,007,227075,21058,20796,3880,24676,288
2021-11-04,Calaveras,009,45235,4143,4105,59,4164,82
2021-11-04,Colusa,011,21464,2519,2501,655,3156,19
2021-11-04,Contra Costa,013,1133247,99711,99282,2264,101546,1025
2021-11-04,Del Norte,015,27424,3697,3607,56,3663,42
2021-11-04,El Dorado,017,186661,16118,15958,1731,17689,156
2021-11-04,Fresno,019,978130,140871,139249,12490,151739,2170
2021-11-04,Glenn,021,27897,3507,3479,1012,4491,33
2021-11-04,Humboldt,023,135768,9136,8972,601,9573,109
2021-11-04,Imperial,025,180216,33815,33471,3365,36836,766
2021-11-04,Inyo,027,18085,2405,2353,34,2387,41
2021-11-04,Kern,029,883053,128283,126848,23023,149871,1684
2021-11-04,Kings,031,150075,32328,32018,2064,34082,342
2021-11-04,Lake,033,64148,6773,6695,150,6845,106
2021-11-04,Lassen,035,31185,6901,6796,402,7198,46
2021-11-04,Los Angeles,037,10098052,1440920,1433081,56016,1489097,26533
2021-11-04,Madera,039,155013,23385,22994,2073,25067,287
2021-11-04,Marin,041,260295,17608,17520,470,17990,247
2021-11-04,Mariposa,043,17540,1319,1282,41,1323,5
2021-11-04,Mendocino,045,87422,7595,7486,578,8064,85
2021-11-04,Merced,047,269075,42252,41958,1856,43814,604
2021-11-04,Modoc,049,8938,546,523,197,720,5
2021-11-04,Mono,051,14174,1728,1725,18,1743,4
2021-11-04,Monterey,053,433212,48042,47830,3759,51589,602
2021-11-04,Napa,055,140530,13049,12950,113,13063,103
2021-11-04,Nevada,057,99092,9300,9169,339,9508,91
2021-11-04,Orange,059,3164182,308505,306049,15523,321572,5611
2021-11-04,Placer,061,380077,37357,36967,3770,40737,438
2021-11-04,Plumas,063,18699,1818,1755,43,1798,7
2021-11-04,Riverside,065,2383286,363119,360584,16834,377418,5138
2021-11-04,Sacramento,067,1510023,159783,158766,4809,163575,2263
2021-11-04,San Benito,069,59416,7455,7429,182,7611,75
2021-11-04,San Bernardino,071,2135413,355485,353142,11531,364673,5813
2021-11-04,San Diego,073,3302833,376394,373423,21728,395151,4246
2021-11-04,San Francisco,075,870044,53025,52556,2679,55235,666
2021-11-04,San Joaquin,077,732212,100050,99372,5596,104968,1782
2021-11-04,San Luis Obispo,079,281455,29556,29335,1267,30602,350
2021-11-04,San Mateo,081,765935,53676,53442,1618,55060,574
2021-11-04,Santa Barbara,083,443738,44880,44301,1669,45970,532
2021-11-04,Santa Clara,085,1922200,147483,146519,1400,147919,1894
2021-11-04,Santa Cruz,087,273765,20465,20311,1066,21377,222
2021-11-04,Shasta,089,179085,21662,21281,3711,24992,349
2021-11-04,Sierra,091,2930,185,181,23,204,0
2021-11-04,Siskiyou,093,43540,3325,3279,1328,4607,48
2021-11-04,Solano,095,438530,45640,45465,1236,46701,350
2021-11-04,Sonoma,097,501317,41713,41398,538,41936,395
2021-11-04,Stanislaus,099,539301,79555,78902,9113,88015,1193
2021-11-04,Sutter,101,95872,13980,13908,359,14267,180
2021-11-04,Tehama,103,63373,8558,8474,1521,9995,120
2021-11-04,Trinity,105,12862,795,732,203,935,11
2021-11-04,Tulare,107,460477,68472,67767,15754,83521,1010
2021-11-04,Tuolumne,109,53932,7353,7245,96,7341,90
2021-11-04,Ventura,111,848112,98298,97770,4374,102144,1180
2021-11-04,Yolo,113,214977,19891,19827,1178,21005,255
2021-11-04,Yuba,115,75493,10177,10107,343,10450,83
2021-11-03,Alameda,001,1643700,119979,119356,2944,122300,1428
2021-11-03,Alpine,003,1148,105,105,0,105,0
2021-11-03,Amador,005,37829,5594,5545,62,5607,66
2021-11-03,Butte,007,227075,21013,20769,3871,24640,284
2021-11-03,Calaveras,009,45235,4125,4087,58,4145,82
2021-11-03,Colusa,011,21464,2513,2499,655,3154,20
2021-11-03,Contra Costa,013,1133247,99613,99168,2259,101427,1025
2021-11-03,Del Norte,015,27424,3695,3600,55,3655,42
2021-11-03,El Dorado,017,186661,16092,15915,1728,17643,156
2021-11-03,Fresno,019,978130,140508,138873,12472,151345,2166
2021-11-03,Glenn,021,27897,3503,3470,1012,4482,33
2021-11-03,Humboldt,023,135768,9118,8949,596,9545,109
2021-11-03,Imperial,025,180216,33745,33402,3355,36757,766
2021-11-03,Inyo,027,18085,2385,2344,34,2378,41
2021-11-03,Kern,029,883053,128021,126523,22929,149452,1681
2021-11-03,Kings,031,150075,32273,31923,2056,33979,341
2021-11-03,Lake,033,64148,6757,6685,150,6835,106
2021-11-03,Lassen,035,31185,6885,6782,396,7178,46
2021-11-03,Los Angeles,037,10098052,1439574,1431209,55931,1487140,26517
2021-11-03,Madera,039,155013,23318,22893,2065,24958,287
2021-11-03,Marin,041,260295,17587,17491,466,17957,247
2021-11-03,Mariposa,043,17540,1309,1276,41,1317,5
2021-11-03,Mendocino,045,87422,7579,7457,570,8027,84
2021-11-03,Merced,047,269075,42190,41849,1846,43695,597
2021-11-03,Modoc,049,8938,546,521,195,716,5
2021-11-03,Mono,051,14174,1725,1719,18,1737,4
2021-11-03,Monterey,053,433212,48001,47794,3737,51531,601
2021-11-03,Napa,055,140530,13037,12937,112,13049,103
2021-11-03,Nevada,057,99092,9273,9131,338,9469,91
2021-11-03,Orange,059,3164182,308198,305661,15489,321150,5607
2021-11-03,Placer,061,380077,37288,36868,3765,40633,438
2021-11-03,Plumas,063,18699,1807,1739,42,1781,7
2021-11-03,Riverside,065,2383286,362660,360060,16830,376890,5131
2021-11-03,Sacramento,067,1510023,159558,158311,4798,163109,2259
2021-11-03,San Benito,069,59416,7447,7419,182,7601,75
2021-11-03,San Bernardino,071,2135413,355015,352225,11510,363735,5813
2021-11-03,San Diego,073,3302833,375884,372951,21702,394653,4241
2021-11-03,San Francisco,075,870044,52932,52493,2673,55166,663
2021-11-03,San Joaquin,077,732212,99938,99188,5585,104773,1776
2021-11-03,San Luis Obispo,079,281455,29514,29276,1261,30537,348
2021-11-03,San Mateo,081,765935,53616,53396,1607,55003,571
2021-11-03,Santa Barbara,083,443738,44824,44220,1666,45886,531
2021-11-03,Santa Clara,085,1922200,147315,146259,1395,147654,1897
2021-11-03,Santa Cruz,087,273765,20430,20275,1066,21341,222
2021-11-03,Shasta,089,179085,21604,21215,3704,24919,346
2021-11-03,Sierra,091,2930,183,180,23,203,0
2021-11-03,Siskiyou,093,43540,3321,3276,1326,4602,46
2021-11-03,Solano,095,438530,45614,45411,1234,46645,351
2021-11-03,Sonoma,097,501317,41635,41326,536,41862,395
2021-11-03,Stanislaus,099,539301,79425,78736,9098,87834,1193
2021-11-03,Sutter,101,95872,13967,13876,357,14233,179
2021-11-03,Tehama,103,63373,8547,8438,1521,9959,118
2021-11-03,Trinity,105,12862,794,730,203,933,11
2021-11-03,Tulare,107,460477,68347,67588,15711,83299,1007
2021-11-03,Tuolumne,109,53932,7336,7218,94,7312,90
2021-11-03,Ventura,111,848112,98180,97682,4370,102052,1178
2021-11-03,Yolo,113,214977,19874,19758,1170,20928,250
2021-11-03,Yuba,115,75493,10165,10092,343,10435,83
2021-11-02,Alameda,001,1643700,119842,119241,2938,122179,1425
2021-11-02,Alpine,003,1148,105,105,0,105,0
2021-11-02,Amador,005,37829,5589,5535,62,5597,66
2021-11-02,Butte,007,227075,20969,20744,3860,24604,282
2021-11-02,Calaveras,009,45235,4103,4075,57,4132,82
2021-11-02,Colusa,011,21464,2508,2497,654,3151,19
2021-11-02,Contra Costa,013,1133247,99511,99080,2246,101326,1025
2021-11-02,Del Norte,015,27424,3693,3596,55,3651,42
2021-11-02,El Dorado,017,186661,16067,15883,1728,17611,154
2021-11-02,Fresno,019,978130,140186,138644,12444,151088,2158
2021-11-02,Glenn,021,27897,3495,3469,1009,4478,33
2021-11-02,Humboldt,023,135768,9080,8937,592,9529,109
2021-11-02,Imperial,025,180216,33672,33371,3343,36714,766
2021-11-02,Inyo,027,18085,2378,2324,34,2358,41
2021-11-02,Kern,029,883053,127766,126311,22810,149121,1665
2021-11-02,Kings,031,150075,32214,31896,2051,33947,339
2021-11-02,Lake,033,64148,6752,6681,149,6830,106
2021-11-02,Lassen,035,31185,6873,6777,393,7170,45
2021-11-02,Los Angeles,037,10098052,1438125,1429601,55854,1485455,26496
2021-11-02,Madera,039,155013,23236,22837,2054,24891,287
2021-11-02,Marin,041,260295,17559,17482,466,17948,247
2021-11-02,Mariposa,043,17540,1298,1270,40,1310,5
2021-11-02,Mendocino,045,87422,7555,7447,558,8005,84
2021-11-02,Merced,047,269075,42123,41785,1838,43623,596
2021-11-02,Modoc,049,8938,543,520,194,714,5
2021-11-02,Mono,051,14174,1722,1718,18,1736,4
2021-11-02,Monterey,053,433212,47957,47775,3711,51486,599
2021-11-02,Napa,055,140530,13019,12930,112,13042,104
2021-11-02,Nevada,057,99092,9243,9122,337,9459,91
2021-11-02,Orange,059,3164182,307888,305369,15443,320812,5600
2021-11-02,Placer,061,380077,37216,36817,3750,40567,438
2021-11-02,Plumas,063,18699,1796,1721,42,1763,7
2021-11-02,Riverside,065,2383286,362209,359586,16809,376395,5116
2021-11-02,Sacramento,067,1510023,159307,158112,4772,162884,2250
2021-11-02,San Benito,069,59416,7430,7407,182,7589,75
2021-11-02,San Bernardino,071,2135413,354542,351832,11452,363284,5813
2021-11-02,San Diego,073,3302833,375294,372440,21669,394109,4232
2021-11-02,San Francisco,075,870044,52814,52450,2668,55118,663
2021-11-02,San Joaquin,077,732212,99803,99076,5573,104649,1772
2021-11-02,San Luis Obispo,079,281455,29481,29224,1258,30482,348
2021-11-02,San Mateo,081,765935,53554,53351,1594,54945,571
2021-11-02,Santa Barbara,083,443738,44768,44177,1662,45839,531
2021-11-02,Santa Clara,085,1922200,147124,146115,1390,147505,1896
2021-11-02,Santa Cruz,087,273765,20397,20266,1065,21331,222
2021-11-02,Shasta,089,179085,21530,21127,3693,24820,344
2021-11-02,Sierra,091,2930,183,180,22,202,0
2021-11-02,Siskiyou,093,43540,3319,3272,1323,4595,46
2021-11-02,Solano,095,438530,45577,45378,1229,46607,350
2021-11-02,Sonoma,097,501317,41557,41288,535,41823,395
2021-11-02,Stanislaus,099,539301,79271,78629,9078,87707,1193
2021-11-02,Sutter,101,95872,13946,13868,357,14225,179
2021-11-02,Tehama,103,63373,8534,8422,1519,9941,116
2021-11-02,Trinity,105,12862,794,729,203,932,11
2021-11-02,Tulare,107,460477,68223,67502,15660,83162,1002
2021-11-02,Tuolumne,109,53932,7315,7204,92,7296,90
2021-11-02,Ventura,111,848112,98064,97574,4366,101940,1178
2021-11-02,Yolo,113,214977,19843,19736,1168,20904,250
2021-11-02,Yuba,115,75493,10142,10080,341,10421,83
2021-11-01,Alameda,001,1643700,119709,119159,2935,122094,1421
2021-11-01,Alpine,003,1148,105,105,0,105,0
2021-11-01,Amador,005,37829,5587,5532,62,5594,64
2021-11-01,Butte,007,227075,20919,20710,3855,24565,281
2021-11-01,Calaveras,009,45235,4093,4059,56,4115,82
2021-11-01,Colusa,011,21464,2506,2494,651,3145,19
2021-11-01,Contra Costa,013,1133247,99389,99011,2234,101245,1025
2021-11-01,Del Norte,015,27424,3691,3594,55,3649,42
2021-11-01,El Dorado,017,186661,16043,15858,1722,17580,154
2021-11-01,Fresno,019,978130,139811,138421,12415,150836,2149
2021-11-01,Glenn,021,27897,3488,3461,1007,4468,33
2021-11-01,Humboldt,023,135768,9052,8929,587,9516,108
2021-11-01,Imperial,025,180216,33621,33342,3334,36676,766
2021-11-01,Inyo,027,18085,2366,2307,34,2341,41
2021-11-01,Kern,029,883053,127467,126092,22699,148791,1660
2021-11-01,Kings,031,150075,32162,31866,2049,33915,337
2021-11-01,Lake,033,64148,6741,6676,148,6824,106
2021-11-01,Lassen,035,31185,6858,6775,390,7165,42
2021-11-01,Los Angeles,037,10098052,1436753,1428891,55760,1484651,26483
2021-11-01,Madera,039,155013,23158,22801,2049,24850,283
2021-11-01,Marin,041,260295,17539,17460,465,17925,247
2021-11-01,Mariposa,043,17540,1290,1266,39,1305,5
2021-11-01,Mendocino,045,87422,7521,7422,540,7962,84
2021-11-01,Merced,047,269075,42036,41740,1835,43575,594
2021-11-01,Modoc,049,8938,538,520,192,712,5
2021-11-01,Mono,051,14174,1717,1714,18,1732,3
2021-11-01,Monterey,053,433212,47922,47756,3692,51448,597
2021-11-01,Napa,055,140530,12992,12916,111,13027,101
2021-11-01,Nevada,057,99092,9220,9108,336,9444,91
2021-11-01,Orange,059,3164182,307564,305192,15401,320593,5596
2021-11-01,Placer,061,380077,37133,36747,3738,40485,435
2021-11-01,Plumas,063,18699,1779,1719,40,1759,7
2021-11-01,Riverside,065,2383286,361708,359263,16787,376050,5115
2021-11-01,Sacramento,067,1510023,159038,157893,4745,162638,2239
2021-11-01,San Benito,069,59416,7420,7406,181,7587,73
2021-11-01,San Bernardino,071,2135413,354056,351620,11432,363052,5815
2021-11-01,San Diego,073,3302833,374712,372043,21647,393690,4232
2021-11-01,San Francisco,075,870044,52732,52418,2656,55074,661
2021-11-01,San Joaquin,077,732212,99641,98969,5566,104535,1772
2021-11-01,San Luis Obispo,079,281455,29437,29199,1254,30453,343
2021-11-01,San Mateo,081,765935,53492,53314,1588,54902,571
2021-11-01,Santa Barbara,083,443738,44702,44146,1658,45804,529
2021-11-01,Santa Clara,085,1922200,146927,145978,1387,147365,1907
2021-11-01,Santa Cruz,087,273765,20362,20238,1065,21303,221
2021-11-01,Shasta,089,179085,21477,21104,3686,24790,338
2021-11-01,Sierra,091,2930,183,180,22,202,0
2021-11-01,Siskiyou,093,43540,3312,3272,1318,4590,46
2021-11-01,Solano,095,438530,45529,45358,1229,46587,350
2021-11-01,Sonoma,097,501317,41484,41234,535,41769,395
2021-11-01,Stanislaus,099,539301,79143,78534,9063,87597,1193
2021-11-01,Sutter,101,95872,13922,13852,355,14207,179
2021-11-01,Tehama,103,63373,8506,8412,1518,9930,116
2021-11-01,Trinity,105,12862,792,727,203,930,11
2021-11-01,Tulare,107,460477,68080,67388,15607,82995,1002
2021-11-01,Tuolumne,109,53932,7299,7175,91,7266,90
2021-11-01,Ventura,111,848112,97983,97507,4361,101868,1178
2021-11-01,Yolo,113,214977,19823,19708,1161,20869,250
2021-11-01,Yuba,115,75493,10124,10066,338,10404,83
2021-10-31,Alameda,001,1643700,119571,119071,2932,122003,1419
2021-10-31,Alpine,003,1148,105,105,0,105,0
2021-10-31,Amador,005,37829,5576,5518,62,5580,64
2021-10-31,Butte,007,227075,20858,20689,3846,24535,281
2021-10-31,Calaveras,009,45235,4075,4052,55,4107,82
2021-10-31,Colusa,011,21464,2504,2493,648,3141,18
2021-10-31,Contra Costa,013,1133247,99264,98936,2231,101167,1025
2021-10-31,Del Norte,015,27424,3685,3591,55,3646,42
2021-10-31,El Dorado,017,186661,16000,15841,1719,17560,154
2021-10-31,Fresno,019,978130,139405,138165,12384,150549,2147
2021-10-31,Glenn,021,27897,3483,3459,1006,4465,33
2021-10-31,Humboldt,023,135768,9006,8919,580,9499,108
2021-10-31,Imperial,025,180216,33545,33334,3322,36656,766
2021-10-31,Inyo,027,18085,2347,2309,34,2343,41
2021-10-31,Kern,029,883053,127102,125917,22576,148493,1666
2021-10-31,Kings,031,150075,32075,31814,2036,33850,338
2021-10-31,Lake,033,64148,6730,6665,148,6813,106
2021-10-31,Lassen,035,31185,6843,6768,385,7153,42
2021-10-31,Los Angeles,037,10098052,1435224,1427933,55672,1483605,26474
2021-10-31,Madera,039,155013,23063,22744,2038,24782,283
2021-10-31,Marin,041,260295,17511,17443,464,17907,247
2021-10-31,Mariposa,043,17540,1284,1257,38,1295,5
2021-10-31,Mendocino,045,87422,7479,7403,523,7926,84
2021-10-31,Merced,047,269075,41942,41699,1815,43514,589
2021-10-31,Modoc,049,8938,532,517,189,706,5
2021-10-31,Mono,051,14174,1714,1711,18,1729,3
2021-10-31,Monterey,053,433212,47888,47744,3667,51411,596
2021-10-31,Napa,055,140530,12975,12906,109,13015,101
2021-10-31,Nevada,057,99092,9183,9084,331,9415,91
2021-10-31,Orange,059,3164182,307221,305032,15320,320352,5596
2021-10-31,Placer,061,380077,37036,36698,3724,40422,435
2021-10-31,Plumas,063,18699,1762,1716,39,1755,7
2021-10-31,Riverside,065,2383286,361130,359005,16773,375778,5104
2021-10-31,Sacramento,067,1510023,158692,157667,4729,162396,2243
2021-10-31,San Benito,069,59416,7411,7397,177,7574,73
2021-10-31,San Bernardino,071,2135413,353527,351411,11418,362829,5810
2021-10-31,San Diego,073,3302833,374139,371603,21614,393217,4218
2021-10-31,San Francisco,075,870044,52626,52370,2648,55018,661
2021-10-31,San Joaquin,077,732212,99478,98893,5552,104445,1772
2021-10-31,San Luis Obispo,079,281455,29386,29176,1253,30429,343
2021-10-31,San Mateo,081,765935,53441,53284,1580,54864,571
2021-10-31,Santa Barbara,083,443738,44634,44113,1653,45766,529
2021-10-31,Santa Clara,085,1922200,146715,145829,1374,147203,1908
2021-10-31,Santa Cruz,087,273765,20327,20218,1064,21282,221
2021-10-31,Shasta,089,179085,21394,21086,3674,24760,338
2021-10-31,Sierra,091,2930,183,180,22,202,0
2021-10-31,Siskiyou,093,43540,3306,3271,1317,4588,46
2021-10-31,Solano,095,438530,45482,45310,1223,46533,350
2021-10-31,Sonoma,097,501317,41415,41183,532,41715,395
2021-10-31,Stanislaus,099,539301,78953,78426,9048,87474,1193
2021-10-31,Sutter,101,95872,13903,13838,352,14190,179
2021-10-31,Tehama,103,63373,8475,8391,1514,9905,116
2021-10-31,Trinity,105,12862,792,724,203,927,11
2021-10-31,Tulare,107,460477,67884,67310,15516,82826,1002
2021-10-31,Tuolumne,109,53932,7270,7141,90,7231,90
2021-10-31,Ventura,111,848112,97866,97460,4356,101816,1178
2021-10-31,Yolo,113,214977,19782,19662,1155,20817,250
2021-10-31,Yuba,115,75493,10106,10051,328,10379,83
2021-10-30,Alameda,001,1643700,119514,118632,2929,121561,1419
2021-10-30,Alpine,003,1148,105,105,0,105,0
2021-10-30,Amador,005,37829,5567,5480,62,5542,64
2021-10-30,Butte,007,227075,20843,20516,3840,24356,277
2021-10-30,Calaveras,009,45235,4068,3992,55,4047,82
2021-10-30,Colusa,011,21464,2504,2484,647,3131,19
2021-10-30,Contra Costa,013,1133247,99203,98562,2230,100792,1024
2021-10-30,Del Norte,015,27424,3682,3574,55,3629,42
2021-10-30,El Dorado,017,186661,15984,15752,1714,17466,154
2021-10-30,Fresno,019,978130,139262,136901,12379,149280,2131
2021-10-30,Glenn,021,27897,3479,3442,1006,4448,33
2021-10-30,Humboldt,023,135768,8991,8871,578,9449,105
2021-10-30,Imperial,025,180216,33501,33156,3318,36474,766
2021-10-30,Inyo,027,18085,2344,2249,34,2283,41
2021-10-30,Kern,029,883053,126950,124892,22504,147396,1653
2021-10-30,Kings,031,150075,32038,31578,2032,33610,337
2021-10-30,Lake,033,64148,6725,6610,148,6758,106
2021-10-30,Lassen,035,31185,6837,6719,383,7102,42
2021-10-30,Los Angeles,037,10098052,1434504,1424257,55618,1479875,26625
2021-10-30,Madera,039,155013,23020,22524,2032,24556,283
2021-10-30,Marin,041,260295,17496,17380,462,17842,247
2021-10-30,Mariposa,043,17540,1281,1228,38,1266,5
2021-10-30,Mendocino,045,87422,7457,7338,521,7859,84
2021-10-30,Merced,047,269075,41902,41428,1813,43241,586
2021-10-30,Modoc,049,8938,531,513,187,700,5
2021-10-30,Mono,051,14174,1714,1684,18,1702,3
2021-10-30,Monterey,053,433212,47876,47649,3656,51305,588
2021-10-30,Napa,055,140530,12962,12863,108,12971,101
2021-10-30,Nevada,057,99092,9164,9015,331,9346,91
2021-10-30,Orange,059,3164182,307045,304120,15302,319422,5588
2021-10-30,Placer,061,380077,36991,36400,3718,40118,434
2021-10-30,Plumas,063,18699,1757,1695,39,1734,7
2021-10-30,Riverside,065,2383286,360830,357645,16764,374409,5088
2021-10-30,Sacramento,067,1510023,158535,157125,4719,161844,2233
2021-10-30,San Benito,069,59416,7404,7362,177,7539,71
2021-10-30,San Bernardino,071,2135413,353250,350076,11404,361480,5777
2021-10-30,San Diego,073,3302833,373769,370006,21590,391596,4213
2021-10-30,San Francisco,075,870044,52597,52161,2646,54807,661
2021-10-30,San Joaquin,077,732212,99423,98314,5551,103865,1768
2021-10-30,San Luis Obispo,079,281455,29354,29053,1250,30303,341
2021-10-30,San Mateo,081,765935,53408,53083,1575,54658,571
2021-10-30,Santa Barbara,083,443738,44599,43972,1652,45624,528
2021-10-30,Santa Clara,085,1922200,146610,145262,1370,146632,1903
2021-10-30,Santa Cruz,087,273765,20309,20134,1062,21196,221
2021-10-30,Shasta,089,179085,21349,20878,3668,24546,332
2021-10-30,Sierra,091,2930,183,175,22,197,0
2021-10-30,Siskiyou,093,43540,3305,3257,1314,4571,46
2021-10-30,Solano,095,438530,45461,45146,1222,46368,346
2021-10-30,Sonoma,097,501317,41376,40924,532,41456,393
2021-10-30,Stanislaus,099,539301,78884,77871,9041,86912,1191
2021-10-30,Sutter,101,95872,13890,13773,352,14125,178
2021-10-30,Tehama,103,63373,8464,8307,1509,9816,114
2021-10-30,Trinity,105,12862,790,708,202,910,11
2021-10-30,Tulare,107,460477,67816,66745,15468,82213,995
2021-10-30,Tuolumne,109,53932,7246,7050,89,7139,90
2021-10-30,Ventura,111,848112,97822,97182,4355,101537,1174
2021-10-30,Yolo,113,214977,19763,19568,1153,20721,250
2021-10-30,Yuba,115,75493,10096,9969,328,10297,82
2021-10-29,Alameda,001,1643700,119438,118632,2925,121557,1419
2021-10-29,Alpine,003,1148,105,105,0,105,0
2021-10-29,Amador,005,37829,5556,5480,62,5542,64
2021-10-29,Butte,007,227075,20819,20516,3830,24346,277
2021-10-29,Calaveras,009,45235,4061,3992,55,4047,82
2021-10-29,Colusa,011,21464,2504,2484,645,3129,19
2021-10-29,Contra Costa,013,1133247,99137,98562,2229,100791,1024
2021-10-29,Del Norte,015,27424,3675,3574,55,3629,42
2021-10-29,El Dorado,017,186661,15970,15752,1714,17466,154
2021-10-29,Fresno,019,978130,139048,136901,12368,149269,2131
2021-10-29,Glenn,021,27897,3477,3442,1006,4448,33
2021-10-29,Humboldt,023,135768,8986,8871,577,9448,105
2021-10-29,Imperial,025,180216,33474,33156,3315,36471,766
2021-10-29,Inyo,027,18085,2341,2249,34,2283,41
2021-10-29,Kern,029,883053,126773,124892,22415,147307,1653
2021-10-29,Kings,031,150075,32003,31578,2030,33608,337
2021-10-29,Lake,033,64148,6716,6610,146,6756,106
2021-10-29,Lassen,035,31185,6828,6719,380,7099,42
2021-10-29,Los Angeles,037,10098052,1433662,1424257,55574,1479831,26625
2021-10-29,Madera,039,155013,22968,22524,2028,24552,283
2021-10-29,Marin,041,260295,17480,17380,461,17841,247
2021-10-29,Mariposa,043,17540,1277,1228,38,1266,5
2021-10-29,Mendocino,045,87422,7449,7338,521,7859,84
2021-10-29,Merced,047,269075,41852,41428,1807,43235,586
2021-10-29,Modoc,049,8938,529,513,186,699,5
2021-10-29,Mono,051,14174,1711,1684,18,1702,3
2021-10-29,Monterey,053,433212,47860,47649,3648,51297,588
2021-10-29,Napa,055,140530,12941,12863,108,12971,101
2021-10-29,Nevada,057,99092,9152,9015,331,9346,91
2021-10-29,Orange,059,3164182,306819,304120,15285,319405,5588
2021-10-29,Placer,061,380077,36955,36400,3707,40107,434
2021-10-29,Plumas,063,18699,1751,1695,39,1734,7
2021-10-29,Riverside,065,2383286,360495,357645,16759,374404,5088
2021-10-29,Sacramento,067,1510023,158347,157125,4710,161835,2233
2021-10-29,San Benito,069,59416,7401,7362,177,7539,71
2021-10-29,San Bernardino,071,2135413,352955,350076,11395,361471,5777
2021-10-29,San Diego,073,3302833,373394,370006,21559,391565,4213
2021-10-29,San Francisco,075,870044,52539,52161,2639,54800,661
2021-10-29,San Joaquin,077,732212,99366,98314,5546,103860,1768
2021-10-29,San Luis Obispo,079,281455,29328,29053,1248,30301,341
2021-10-29,San Mateo,081,765935,53370,53083,1569,54652,571
2021-10-29,Santa Barbara,083,443738,44559,43972,1649,45621,528
2021-10-29,Santa Clara,085,1922200,146496,145262,1362,146624,1903
2021-10-29,Santa Cruz,087,273765,20302,20134,1061,21195,221
2021-10-29,Shasta,089,179085,21310,20878,3662,24540,332
2021-10-29,Sierra,091,2930,181,175,22,197,0
2021-10-29,Siskiyou,093,43540,3305,3257,1313,4570,46
2021-10-29,Solano,095,438530,45426,45146,1221,46367,346
2021-10-29,Sonoma,097,501317,41355,40924,532,41456,393
2021-10-29,Stanislaus,099,539301,78799,77871,9030,86901,1191
2021-10-29,Sutter,101,95872,13871,13773,352,14125,178
2021-10-29,Tehama,103,63373,8451,8307,1508,9815,114
2021-10-29,Trinity,105,12862,789,708,202,910,11
2021-10-29,Tulare,107,460477,67716,66745,15422,82167,995
2021-10-29,Tuolumne,109,53932,7233,7050,89,7139,90
2021-10-29,Ventura,111,848112,97768,97182,4353,101535,1174
2021-10-29,Yolo,113,214977,19745,19568,1149,20717,250
2021-10-29,Yuba,115,75493,10088,9969,324,10293,82
2021-10-28,Alameda,001,1643700,119315,118632,2918,121550,1419
2021-10-28,Alpine,003,1148,105,105,0,105,0
2021-10-28,Amador,005,37829,5543,5480,62,5542,64
2021-10-28,Butte,007,227075,20779,20516,3821,24337,277
2021-10-28,Calaveras,009,45235,4048,3992,55,4047,82
2021-10-28,Colusa,011,21464,2501,2484,644,3128,19
2021-10-28,Contra Costa,013,1133247,99008,98562,2222,100784,1024
2021-10-28,Del Norte,015,27424,3674,3574,55,3629,42
2021-10-28,El Dorado,017,186661,15944,15752,1710,17462,154
2021-10-28,Fresno,019,978130,138720,136901,12340,149241,2131
2021-10-28,Glenn,021,27897,3473,3442,1003,4445,33
2021-10-28,Humboldt,023,135768,8970,8871,572,9443,105
2021-10-28,Imperial,025,180216,33409,33156,3309,36465,766
2021-10-28,Inyo,027,18085,2324,2249,34,2283,41
2021-10-28,Kern,029,883053,126530,124892,22299,147191,1653
2021-10-28,Kings,031,150075,31935,31578,2025,33603,337
2021-10-28,Lake,033,64148,6706,6610,146,6756,106
2021-10-28,Lassen,035,31185,6818,6719,376,7095,42
2021-10-28,Los Angeles,037,10098052,1432534,1424257,55498,1479755,26625
2021-10-28,Madera,039,155013,22914,22524,2017,24541,283
2021-10-28,Marin,041,260295,17462,17380,460,17840,247
2021-10-28,Mariposa,043,17540,1273,1228,38,1266,5
2021-10-28,Mendocino,045,87422,7436,7338,510,7848,84
2021-10-28,Merced,047,269075,41767,41428,1796,43224,586
2021-10-28,Modoc,049,8938,528,513,186,699,5
2021-10-28,Mono,051,14174,1706,1684,18,1702,3
2021-10-28,Monterey,053,433212,47838,47649,3623,51272,588
2021-10-28,Napa,055,140530,12932,12863,107,12970,101
2021-10-28,Nevada,057,99092,9134,9015,331,9346,91
2021-10-28,Orange,059,3164182,306533,304120,15222,319342,5588
2021-10-28,Placer,061,380077,36877,36400,3697,40097,434
2021-10-28,Plumas,063,18699,1743,1695,39,1734,7
2021-10-28,Riverside,065,2383286,360056,357645,16735,374380,5088
2021-10-28,Sacramento,067,1510023,158083,157125,4697,161822,2233
2021-10-28,San Benito,069,59416,7393,7362,177,7539,71
2021-10-28,San Bernardino,071,2135413,352541,350076,11374,361450,5777
2021-10-28,San Diego,073,3302833,372921,370006,21536,391542,4213
2021-10-28,San Francisco,075,870044,52494,52161,2632,54793,661
2021-10-28,San Joaquin,077,732212,99238,98314,5545,103859,1768
2021-10-28,San Luis Obispo,079,281455,29299,29053,1245,30298,341
2021-10-28,San Mateo,081,765935,53330,53083,1563,54646,571
2021-10-28,Santa Barbara,083,443738,44520,43972,1647,45619,528
2021-10-28,Santa Clara,085,1922200,146340,145262,1356,146618,1903
2021-10-28,Santa Cruz,087,273765,20278,20134,1061,21195,221
2021-10-28,Shasta,089,179085,21234,20878,3655,24533,332
2021-10-28,Sierra,091,2930,180,175,22,197,0
2021-10-28,Siskiyou,093,43540,3304,3257,1313,4570,46
2021-10-28,Solano,095,438530,45386,45146,1220,46366,346
2021-10-28,Sonoma,097,501317,41287,40924,531,41455,393
2021-10-28,Stanislaus,099,539301,78647,77871,9014,86885,1191
2021-10-28,Sutter,101,95872,13858,13773,348,14121,178
2021-10-28,Tehama,103,63373,8413,8307,1505,9812,114
2021-10-28,Trinity,105,12862,786,708,202,910,11
2021-10-28,Tulare,107,460477,67579,66745,15365,82110,995
2021-10-28,Tuolumne,109,53932,7202,7050,89,7139,90
2021-10-28,Ventura,111,848112,97676,97182,4351,101533,1174
2021-10-28,Yolo,113,214977,19708,19568,1144,20712,250
2021-10-28,Yuba,115,75493,10059,9969,321,10290,82
2021-10-27,Alameda,001,1643700,119196,118487,2914,121401,1414
2021-10-27,Alpine,003,1148,105,105,0,105,0
2021-10-27,Amador,005,37829,5531,5470,61,5531,64
2021-10-27,Butte,007,227075,20735,20446,3807,24253,274
2021-10-27,Calaveras,009,45235,4031,3970,54,4024,82
2021-10-27,Colusa,011,21464,2500,2480,643,3123,18
2021-10-27,Contra Costa,013,1133247,98902,98442,2210,100652,1018
2021-10-27,Del Norte,015,27424,3667,3571,54,3625,42
2021-10-27,El Dorado,017,186661,15913,15723,1705,17428,154
2021-10-27,Fresno,019,978130,138340,136447,12311,148758,2128
2021-10-27,Glenn,021,27897,3467,3435,1002,4437,33
2021-10-27,Humboldt,023,135768,8951,8851,569,9420,105
2021-10-27,Imperial,025,180216,33370,33068,3304,36372,766
2021-10-27,Inyo,027,18085,2304,2236,34,2270,41
2021-10-27,Kern,029,883053,126261,124557,22197,146754,1647
2021-10-27,Kings,031,150075,31868,31437,2020,33457,335
2021-10-27,Lake,033,64148,6678,6589,146,6735,105
2021-10-27,Lassen,035,31185,6804,6706,374,7080,42
2021-10-27,Los Angeles,037,10098052,1431301,1422615,55439,1478054,26604
2021-10-27,Madera,039,155013,22828,22413,1994,24407,283
2021-10-27,Marin,041,260295,17447,17362,460,17822,247
2021-10-27,Mariposa,043,17540,1260,1228,38,1266,5
2021-10-27,Mendocino,045,87422,7423,7321,503,7824,84
2021-10-27,Merced,047,269075,41670,41310,1782,43092,583
2021-10-27,Modoc,049,8938,524,513,186,699,5
2021-10-27,Mono,051,14174,1703,1682,18,1700,3
2021-10-27,Monterey,053,433212,47805,47610,3596,51206,588
2021-10-27,Napa,055,140530,12917,12856,106,12962,101
2021-10-27,Nevada,057,99092,9117,8987,330,9317,90
2021-10-27,Orange,059,3164182,306223,303825,15172,318997,5584
2021-10-27,Placer,061,380077,36811,36296,3690,39986,434
2021-10-27,Plumas,063,18699,1735,1686,39,1725,7
2021-10-27,Riverside,065,2383286,359629,357152,16726,373878,5081
2021-10-27,Sacramento,067,1510023,157813,156830,4675,161505,2230
2021-10-27,San Benito,069,59416,7387,7337,177,7514,71
2021-10-27,San Bernardino,071,2135413,352120,349624,11352,360976,5770
2021-10-27,San Diego,073,3302833,372348,369579,21510,391089,4207
2021-10-27,San Francisco,075,870044,52443,52108,2627,54735,655
2021-10-27,San Joaquin,077,732212,99079,98168,5529,103697,1753
2021-10-27,San Luis Obispo,079,281455,29259,29002,1243,30245,341
2021-10-27,San Mateo,081,765935,53278,53032,1551,54583,571
2021-10-27,Santa Barbara,083,443738,44467,43901,1644,45545,527
2021-10-27,Santa Clara,085,1922200,146163,145081,1350,146431,1902
2021-10-27,Santa Cruz,087,273765,20251,20091,1059,21150,221
2021-10-27,Shasta,089,179085,21160,20813,3647,24460,331
2021-10-27,Sierra,091,2930,179,176,22,198,0
2021-10-27,Siskiyou,093,43540,3301,3256,1309,4565,46
2021-10-27,Solano,095,438530,45343,45089,1212,46301,346
2021-10-27,Sonoma,097,501317,41212,40829,529,41358,393
2021-10-27,Stanislaus,099,539301,78487,77687,8999,86686,1191
2021-10-27,Sutter,101,95872,13844,13754,348,14102,177
2021-10-27,Tehama,103,63373,8391,8265,1504,9769,113
2021-10-27,Trinity,105,12862,786,706,201,907,11
2021-10-27,Tulare,107,460477,67426,66568,15307,81875,991
2021-10-27,Tuolumne,109,53932,7175,7009,88,7097,90
2021-10-27,Ventura,111,848112,97586,97108,4347,101455,1172
2021-10-27,Yolo,113,214977,19679,19517,1137,20654,250
2021-10-27,Yuba,115,75493,10038,9945,319,10264,82
2021-10-26,Alameda,001,1643700,119063,118360,2909,121269,1407
2021-10-26,Alpine,003,1148,105,105,0,105,0
2021-10-26,Amador,005,37829,5523,5465,60,5525,64
2021-10-26,Butte,007,227075,20677,20387,3790,24177,274
2021-10-26,Calaveras,009,45235,4020,3966,54,4020,81
2021-10-26,Colusa,011,21464,2498,2478,642,3120,18
2021-10-26,Contra Costa,013,1133247,98782,98352,2199,100551,1017
2021-10-26,Del Norte,015,27424,3662,3563,54,3617,42
2021-10-26,El Dorado,017,186661,15888,15690,1696,17386,153
2021-10-26,Fresno,019,978130,137897,136211,12276,148487,2122
2021-10-26,Glenn,021,27897,3452,3431,999,4430,33
2021-10-26,Humboldt,023,135768,8933,8830,563,9393,105
2021-10-26,Imperial,025,180216,33303,33012,3299,36311,766
2021-10-26,Inyo,027,18085,2289,2200,34,2234,41
2021-10-26,Kern,029,883053,125919,124351,22074,146425,1645
2021-10-26,Kings,031,150075,31805,31382,2013,33395,336
2021-10-26,Lake,033,64148,6668,6584,144,6728,105
2021-10-26,Lassen,035,31185,6784,6689,372,7061,42
2021-10-26,Los Angeles,037,10098052,1429963,1421795,55365,1477160,26599
2021-10-26,Madera,039,155013,22738,22363,1984,24347,283
2021-10-26,Marin,041,260295,17430,17354,459,17813,244
2021-10-26,Mariposa,043,17540,1255,1225,37,1262,5
2021-10-26,Mendocino,045,87422,7394,7308,486,7794,83
2021-10-26,Merced,047,269075,41593,41267,1774,43041,583
2021-10-26,Modoc,049,8938,524,513,186,699,5
2021-10-26,Mono,051,14174,1694,1680,18,1698,3
2021-10-26,Monterey,053,433212,47772,47572,3581,51153,588
2021-10-26,Napa,055,140530,12905,12849,106,12955,101
2021-10-26,Nevada,057,99092,9085,8971,329,9300,90
2021-10-26,Orange,059,3164182,305953,303533,15134,318667,5580
2021-10-26,Placer,061,380077,36714,36245,3684,39929,434
2021-10-26,Plumas,063,18699,1726,1645,39,1684,7
2021-10-26,Riverside,065,2383286,359143,356775,16716,373491,5068
2021-10-26,Sacramento,067,1510023,157512,156643,4654,161297,2228
2021-10-26,San Benito,069,59416,7364,7325,177,7502,71
2021-10-26,San Bernardino,071,2135413,351699,349346,11335,360681,5764
2021-10-26,San Diego,073,3302833,371829,369043,21480,390523,4198
2021-10-26,San Francisco,075,870044,52367,52063,2624,54687,655
2021-10-26,San Joaquin,077,732212,98903,98036,5514,103550,1748
2021-10-26,San Luis Obispo,079,281455,29221,28928,1237,30165,337
2021-10-26,San Mateo,081,765935,53214,52974,1541,54515,571
2021-10-26,Santa Barbara,083,443738,44422,43835,1643,45478,525
2021-10-26,Santa Clara,085,1922200,145965,144932,1344,146276,1903
2021-10-26,Santa Cruz,087,273765,20220,20067,1058,21125,221
2021-10-26,Shasta,089,179085,21100,20725,3630,24355,330
2021-10-26,Sierra,091,2930,179,169,22,191,0
2021-10-26,Siskiyou,093,43540,3295,3254,1307,4561,46
2021-10-26,Solano,095,438530,45286,45044,1212,46256,344
2021-10-26,Sonoma,097,501317,41129,40794,527,41321,393
2021-10-26,Stanislaus,099,539301,78312,77552,8975,86527,1157
2021-10-26,Sutter,101,95872,13814,13739,347,14086,176
2021-10-26,Tehama,103,63373,8363,8247,1498,9745,112
2021-10-26,Trinity,105,12862,782,705,201,906,11
2021-10-26,Tulare,107,460477,67272,66476,15247,81723,991
2021-10-26,Tuolumne,109,53932,7150,6995,86,7081,90
2021-10-26,Ventura,111,848112,97479,97014,4342,101356,1170
2021-10-26,Yolo,113,214977,19651,19490,1134,20624,248
2021-10-26,Yuba,115,75493,10020,9927,314,10241,82
2021-10-25,Alameda,001,1643700,118919,118319,2906,121225,1404
2021-10-25,Alpine,003,1148,105,105,0,105,0
2021-10-25,Amador,005,37829,5509,5455,60,5515,64
2021-10-25,Butte,007,227075,20603,20331,3782,24113,273
2021-10-25,Calaveras,009,45235,3990,3942,53,3995,82
2021-10-25,Colusa,011,21464,2496,2471,640,3111,18
2021-10-25,Contra Costa,013,1133247,98668,98267,2194,100461,1017
2021-10-25,Del Norte,015,27424,3655,3562,54,3616,42
2021-10-25,El Dorado,017,186661,15853,15663,1694,17357,149
2021-10-25,Fresno,019,978130,137462,135974,12236,148210,2112
2021-10-25,Glenn,021,27897,3450,3421,998,4419,33
2021-10-25,Humboldt,023,135768,8909,8825,558,9383,105
2021-10-25,Imperial,025,180216,33241,32968,3288,36256,766
2021-10-25,Inyo,027,18085,2271,2183,34,2217,41
2021-10-25,Kern,029,883053,125569,124078,21934,146012,1649
2021-10-25,Kings,031,150075,31717,31329,2004,33333,335
2021-10-25,Lake,033,64148,6654,6571,144,6715,105
2021-10-25,Lassen,035,31185,6773,6688,370,7058,42
2021-10-25,Los Angeles,037,10098052,1428604,1421061,55298,1476359,26579
2021-10-25,Madera,039,155013,22684,22325,1976,24301,281
2021-10-25,Marin,041,260295,17408,17334,457,17791,244
2021-10-25,Mariposa,043,17540,1241,1220,37,1257,5
2021-10-25,Mendocino,045,87422,7364,7296,482,7778,82
2021-10-25,Merced,047,269075,41526,41207,1747,42954,583
2021-10-25,Modoc,049,8938,522,512,184,696,5
2021-10-25,Mono,051,14174,1678,1677,18,1695,3
2021-10-25,Monterey,053,433212,47745,47547,3577,51124,587
2021-10-25,Napa,055,140530,12892,12841,106,12947,100
2021-10-25,Nevada,057,99092,9059,8958,329,9287,90
2021-10-25,Orange,059,3164182,305655,303279,15095,318374,5574
2021-10-25,Placer,061,380077,36607,36153,3673,39826,431
2021-10-25,Plumas,063,18699,1714,1641,39,1680,7
2021-10-25,Riverside,065,2383286,358718,356381,16702,373083,5056
2021-10-25,Sacramento,067,1510023,157211,156516,4626,161142,2235
2021-10-25,San Benito,069,59416,7350,7314,176,7490,71
2021-10-25,San Bernardino,071,2135413,351203,349075,11322,360397,5748
2021-10-25,San Diego,073,3302833,371248,368386,21450,389836,4196
2021-10-25,San Francisco,075,870044,52296,52041,2615,54656,649
2021-10-25,San Joaquin,077,732212,98701,97980,5505,103485,1740
2021-10-25,San Luis Obispo,079,281455,29173,28907,1232,30139,336
2021-10-25,San Mateo,081,765935,53162,52927,1529,54456,571
2021-10-25,Santa Barbara,083,443738,44365,43775,1643,45418,525
2021-10-25,Santa Clara,085,1922200,145776,144895,1340,146235,1901
2021-10-25,Santa Cruz,087,273765,20191,20053,1057,21110,221
2021-10-25,Shasta,089,179085,21028,20666,3623,24289,326
2021-10-25,Sierra,091,2930,179,168,22,190,0
2021-10-25,Siskiyou,093,43540,3291,3248,1301,4549,46
2021-10-25,Solano,095,438530,45234,45022,1210,46232,344
2021-10-25,Sonoma,097,501317,41056,40746,525,41271,393
2021-10-25,Stanislaus,099,539301,78122,77452,8945,86397,1145
2021-10-25,Sutter,101,95872,13801,13721,344,14065,176
2021-10-25,Tehama,103,63373,8336,8224,1493,9717,111
2021-10-25,Trinity,105,12862,777,699,200,899,11
2021-10-25,Tulare,107,460477,67082,66357,15184,81541,986
2021-10-25,Tuolumne,109,53932,7116,6952,85,7037,90
2021-10-25,Ventura,111,848112,97382,96932,4339,101271,1167
2021-10-25,Yolo,113,214977,19602,19457,1131,20588,248
2021-10-25,Yuba,115,75493,10004,9924,310,10234,82
2021-10-24,Alameda,001,1643700,118789,117816,2901,120717,1397
2021-10-24,Alpine,003,1148,105,105,0,105,0
2021-10-24,Amador,005,37829,5504,5412,60,5472,64
2021-10-24,Butte,007,227075,20534,20101,3770,23871,273
2021-10-24,Calaveras,009,45235,3971,3865,52,3917,81
2021-10-24,Colusa,011,21464,2492,2458,637,3095,18
2021-10-24,Contra Costa,013,1133247,98553,97855,2185,100040,1008
2021-10-24,Del Norte,015,27424,3651,3540,54,3594,42
2021-10-24,El Dorado,017,186661,15818,15540,1690,17230,149
2021-10-24,Fresno,019,978130,137034,134466,12199,146665,2094
2021-10-24,Glenn,021,27897,3439,3399,996,4395,33
2021-10-24,Humboldt,023,135768,8894,8753,552,9305,105
2021-10-24,Imperial,025,180216,33163,32777,3281,36058,766
2021-10-24,Inyo,027,18085,2239,2108,34,2142,41
2021-10-24,Kern,029,883053,125239,122939,21813,144752,1636
2021-10-24,Kings,031,150075,31588,30942,1987,32929,325
2021-10-24,Lake,033,64148,6631,6501,144,6645,105
2021-10-24,Lassen,035,31185,6756,6632,369,7001,27
2021-10-24,Los Angeles,037,10098052,1427167,1415919,55229,1471148,26527
2021-10-24,Madera,039,155013,22607,22062,1964,24026,281
2021-10-24,Marin,041,260295,17392,17264,456,17720,244
2021-10-24,Mariposa,043,17540,1238,1184,37,1221,5
2021-10-24,Mendocino,045,87422,7340,7220,471,7691,82
2021-10-24,Merced,047,269075,41404,40808,1742,42550,581
2021-10-24,Modoc,049,8938,521,507,184,691,5
2021-10-24,Mono,051,14174,1675,1655,18,1673,3
2021-10-24,Monterey,053,433212,47704,47456,3559,51015,586
2021-10-24,Napa,055,140530,12881,12789,106,12895,100
2021-10-24,Nevada,057,99092,9036,8861,326,9187,90
2021-10-24,Orange,059,3164182,305309,302237,15058,317295,5546
2021-10-24,Placer,061,380077,36503,35822,3659,39481,426
2021-10-24,Plumas,063,18699,1704,1623,38,1661,7
2021-10-24,Riverside,065,2383286,358244,354688,16682,371370,5041
2021-10-24,Sacramento,067,1510023,156868,155125,4602,159727,2232
2021-10-24,San Benito,069,59416,7330,7280,176,7456,71
2021-10-24,San Bernardino,071,2135413,350658,347681,11310,358991,5688
2021-10-24,San Diego,073,3302833,370646,366085,21416,387501,4183
2021-10-24,San Francisco,075,870044,52234,51820,2608,54428,649
2021-10-24,San Joaquin,077,732212,98528,97440,5499,102939,1721
2021-10-24,San Luis Obispo,079,281455,29113,28755,1225,29980,333
2021-10-24,San Mateo,081,765935,53096,52719,1523,54242,571
2021-10-24,Santa Barbara,083,443738,44301,43552,1641,45193,523
2021-10-24,Santa Clara,085,1922200,145587,144276,1330,145606,1897
2021-10-24,Santa Cruz,087,273765,20153,19967,1056,21023,221
2021-10-24,Shasta,089,179085,20928,20386,3617,24003,321
2021-10-24,Sierra,091,2930,179,168,22,190,0
2021-10-24,Siskiyou,093,43540,3285,3231,1296,4527,46
2021-10-24,Solano,095,438530,45185,44861,1208,46069,341
2021-10-24,Sonoma,097,501317,40974,40476,525,41001,393
2021-10-24,Stanislaus,099,539301,77931,76812,8933,85745,1145
2021-10-24,Sutter,101,95872,13774,13616,336,13952,175
2021-10-24,Tehama,103,63373,8288,8105,1482,9587,110
2021-10-24,Trinity,105,12862,773,696,197,893,11
2021-10-24,Tulare,107,460477,66913,65585,15110,80695,978
2021-10-24,Tuolumne,109,53932,7075,6840,83,6923,90
2021-10-24,Ventura,111,848112,97280,96664,4337,101001,1167
2021-10-24,Yolo,113,214977,19551,19280,1128,20408,248
2021-10-24,Yuba,115,75493,9979,9838,308,10146,82
2021-10-23,Alameda,001,1643700,118701,117816,2897,120713,1397
2021-10-23,Alpine,003,1148,105,105,0,105,0
2021-10-23,Amador,005,37829,5497,5412,60,5472,64
2021-10-23,Butte,007,227075,20500,20101,3761,23862,273
2021-10-23,Calaveras,009,45235,3964,3865,51,3916,81
2021-10-23,Colusa,011,21464,2490,2458,636,3094,18
2021-10-23,Contra Costa,013,1133247,98501,97855,2182,100037,1008
2021-10-23,Del Norte,015,27424,3649,3540,54,3594,42
2021-10-23,El Dorado,017,186661,15792,15540,1688,17228,149
2021-10-23,Fresno,019,978130,136859,134466,12191,146657,2094
2021-10-23,Glenn,021,27897,3436,3399,994,4393,33
2021-10-23,Humboldt,023,135768,8879,8753,547,9300,105
2021-10-23,Imperial,025,180216,33116,32777,3277,36054,766
2021-10-23,Inyo,027,18085,2228,2108,34,2142,41
2021-10-23,Kern,029,883053,125081,122939,21724,144663,1636
2021-10-23,Kings,031,150075,31542,30942,1985,32927,325
2021-10-23,Lake,033,64148,6626,6501,144,6645,105
2021-10-23,Lassen,035,31185,6753,6632,367,6999,27
2021-10-23,Los Angeles,037,10098052,1426498,1415919,55172,1471091,26527
2021-10-23,Madera,039,155013,22558,22062,1955,24017,281
2021-10-23,Marin,041,260295,17375,17264,455,17719,244
2021-10-23,Mariposa,043,17540,1235,1184,36,1220,5
2021-10-23,Mendocino,045,87422,7335,7220,470,7690,82
2021-10-23,Merced,047,269075,41363,40808,1740,42548,581
2021-10-23,Modoc,049,8938,519,507,184,691,5
2021-10-23,Mono,051,14174,1674,1655,18,1673,3
2021-10-23,Monterey,053,433212,47688,47456,3553,51009,586
2021-10-23,Napa,055,140530,12876,12789,106,12895,100
2021-10-23,Nevada,057,99092,9025,8861,324,9185,90
2021-10-23,Orange,059,3164182,305122,302237,15041,317278,5546
2021-10-23,Placer,061,380077,36441,35822,3653,39475,426
2021-10-23,Plumas,063,18699,1703,1623,38,1661,7
2021-10-23,Riverside,065,2383286,357924,354688,16675,371363,5041
2021-10-23,Sacramento,067,1510023,156739,155125,4594,159719,2232
2021-10-23,San Benito,069,59416,7320,7280,176,7456,71
2021-10-23,San Bernardino,071,2135413,350393,347681,11303,358984,5688
2021-10-23,San Diego,073,3302833,370288,366085,21386,387471,4183
2021-10-23,San Francisco,075,870044,52201,51820,2605,54425,649
2021-10-23,San Joaquin,077,732212,98461,97440,5490,102930,1721
2021-10-23,San Luis Obispo,079,281455,29076,28755,1223,29978,333
2021-10-23,San Mateo,081,765935,53066,52719,1513,54232,571
2021-10-23,Santa Barbara,083,443738,44270,43552,1639,45191,523
2021-10-23,Santa Clara,085,1922200,145478,144276,1326,145602,1897
2021-10-23,Santa Cruz,087,273765,20141,19967,1056,21023,221
2021-10-23,Shasta,089,179085,20892,20386,3605,23991,321
2021-10-23,Sierra,091,2930,178,168,22,190,0
2021-10-23,Siskiyou,093,43540,3283,3231,1296,4527,46
2021-10-23,Solano,095,438530,45160,44861,1205,46066,341
2021-10-23,Sonoma,097,501317,40934,40476,525,41001,393
2021-10-23,Stanislaus,099,539301,77842,76812,8914,85726,1145
2021-10-23,Sutter,101,95872,13769,13616,335,13951,175
2021-10-23,Tehama,103,63373,8276,8105,1481,9586,110
2021-10-23,Trinity,105,12862,772,696,197,893,11
2021-10-23,Tulare,107,460477,66825,65585,15050,80635,978
2021-10-23,Tuolumne,109,53932,7055,6840,83,6923,90
2021-10-23,Ventura,111,848112,97222,96664,4336,101000,1167
2021-10-23,Yolo,113,214977,19533,19280,1125,20405,248
2021-10-23,Yuba,115,75493,9971,9838,308,10146,82
2021-10-22,Alameda,001,1643700,118616,117816,2893,120709,1397
2021-10-22,Alpine,003,1148,105,105,0,105,0
2021-10-22,Amador,005,37829,5486,5412,60,5472,64
2021-10-22,Butte,007,227075,20468,20101,3757,23858,273
2021-10-22,Calaveras,009,45235,3956,3865,51,3916,81
2021-10-22,Colusa,011,21464,2487,2458,636,3094,18
2021-10-22,Contra Costa,013,1133247,98410,97855,2180,100035,1008
2021-10-22,Del Norte,015,27424,3645,3540,54,3594,42
2021-10-22,El Dorado,017,186661,15779,15540,1686,17226,149
2021-10-22,Fresno,019,978130,136646,134466,12186,146652,2094
2021-10-22,Glenn,021,27897,3425,3399,994,4393,33
2021-10-22,Humboldt,023,135768,8866,8753,546,9299,105
2021-10-22,Imperial,025,180216,33073,32777,3277,36054,766
2021-10-22,Inyo,027,18085,2215,2108,34,2142,41
2021-10-22,Kern,029,883053,124894,122939,21652,144591,1636
2021-10-22,Kings,031,150075,31507,30942,1984,32926,325
2021-10-22,Lake,033,64148,6616,6501,144,6645,105
2021-10-22,Lassen,035,31185,6746,6632,364,6996,27
2021-10-22,Los Angeles,037,10098052,1425749,1415919,55112,1471031,26527
2021-10-22,Madera,039,155013,22509,22062,1943,24005,281
2021-10-22,Marin,041,260295,17363,17264,455,17719,244
2021-10-22,Mariposa,043,17540,1232,1184,36,1220,5
2021-10-22,Mendocino,045,87422,7321,7220,469,7689,82
2021-10-22,Merced,047,269075,41324,40808,1735,42543,581
2021-10-22,Modoc,049,8938,519,507,184,691,5
2021-10-22,Mono,051,14174,1674,1655,18,1673,3
2021-10-22,Monterey,053,433212,47666,47456,3539,50995,586
2021-10-22,Napa,055,140530,12870,12789,106,12895,100
2021-10-22,Nevada,057,99092,9008,8861,323,9184,90
2021-10-22,Orange,059,3164182,304905,302237,15015,317252,5546
2021-10-22,Placer,061,380077,36413,35822,3644,39466,426
2021-10-22,Plumas,063,18699,1697,1623,38,1661,7
2021-10-22,Riverside,065,2383286,357613,354688,16670,371358,5041
2021-10-22,Sacramento,067,1510023,156552,155125,4584,159709,2232
2021-10-22,San Benito,069,59416,7315,7280,176,7456,71
2021-10-22,San Bernardino,071,2135413,350067,347681,11289,358970,5688
2021-10-22,San Diego,073,3302833,369876,366085,21367,387452,4183
2021-10-22,San Francisco,075,870044,52169,51820,2598,54418,649
2021-10-22,San Joaquin,077,732212,98402,97440,5487,102927,1721
2021-10-22,San Luis Obispo,079,281455,29046,28755,1223,29978,333
2021-10-22,San Mateo,081,765935,53021,52719,1501,54220,571
2021-10-22,Santa Barbara,083,443738,44230,43552,1639,45191,523
2021-10-22,Santa Clara,085,1922200,145323,144276,1318,145594,1897
2021-10-22,Santa Cruz,087,273765,20119,19967,1056,21023,221
2021-10-22,Shasta,089,179085,20860,20386,3602,23988,321
2021-10-22,Sierra,091,2930,177,168,21,189,0
2021-10-22,Siskiyou,093,43540,3281,3231,1293,4524,46
2021-10-22,Solano,095,438530,45125,44861,1201,46062,341
2021-10-22,Sonoma,097,501317,40877,40476,525,41001,393
2021-10-22,Stanislaus,099,539301,77739,76812,8895,85707,1145
2021-10-22,Sutter,101,95872,13754,13616,335,13951,175
2021-10-22,Tehama,103,63373,8255,8105,1476,9581,110
2021-10-22,Trinity,105,12862,771,696,197,893,11
2021-10-22,Tulare,107,460477,66742,65585,14995,80580,978
2021-10-22,Tuolumne,109,53932,7020,6840,83,6923,90
2021-10-22,Ventura,111,848112,97170,96664,4330,100994,1167
2021-10-22,Yolo,113,214977,19506,19280,1123,20403,248
2021-10-22,Yuba,115,75493,9957,9838,306,10144,82
2021-10-21,Alameda,001,1643700,118502,117816,2889,120705,1397
2021-10-21,Alpine,003,1148,105,105,0,105,0
2021-10-21,Amador,005,37829,5478,5412,60,5472,64
2021-10-21,Butte,007,227075,20385,20101,3744,23845,273
2021-10-21,Calaveras,009,45235,3937,3865,51,3916,81
2021-10-21,Colusa,011,21464,2483,2458,629,3087,18
2021-10-21,Contra Costa,013,1133247,98296,97855,2174,100029,1008
2021-10-21,Del Norte,015,27424,3639,3540,53,3593,42
2021-10-21,El Dorado,017,186661,15751,15540,1679,17219,149
2021-10-21,Fresno,019,978130,136298,134466,12149,146615,2094
2021-10-21,Glenn,021,27897,3421,3399,990,4389,33
2021-10-21,Humboldt,023,135768,8851,8753,542,9295,105
2021-10-21,Imperial,025,180216,33019,32777,3272,36049,766
2021-10-21,Inyo,027,18085,2193,2108,34,2142,41
2021-10-21,Kern,029,883053,124647,122939,21539,144478,1636
2021-10-21,Kings,031,150075,31408,30942,1978,32920,325
2021-10-21,Lake,033,64148,6603,6501,144,6645,105
2021-10-21,Lassen,035,31185,6733,6632,360,6992,27
2021-10-21,Los Angeles,037,10098052,1424639,1415919,55061,1470980,26527
2021-10-21,Madera,039,155013,22451,22062,1934,23996,281
2021-10-21,Marin,041,260295,17345,17264,455,17719,244
2021-10-21,Mariposa,043,17540,1226,1184,35,1219,5
2021-10-21,Mendocino,045,87422,7303,7220,461,7681,82
2021-10-21,Merced,047,269075,41222,40808,1728,42536,581
2021-10-21,Modoc,049,8938,519,507,184,691,5
2021-10-21,Mono,051,14174,1666,1655,18,1673,3
2021-10-21,Monterey,053,433212,47639,47456,3520,50976,586
2021-10-21,Napa,055,140530,12858,12789,106,12895,100
2021-10-21,Nevada,057,99092,8983,8861,323,9184,90
2021-10-21,Orange,059,3164182,304629,302237,14982,317219,5546
2021-10-21,Placer,061,380077,36325,35822,3631,39453,426
2021-10-21,Plumas,063,18699,1683,1623,38,1661,7
2021-10-21,Riverside,065,2383286,357168,354688,16658,371346,5041
2021-10-21,Sacramento,067,1510023,156235,155125,4558,159683,2232
2021-10-21,San Benito,069,59416,7308,7280,174,7454,71
2021-10-21,San Bernardino,071,2135413,349690,347681,11255,358936,5688
2021-10-21,San Diego,073,3302833,369354,366085,21334,387419,4183
2021-10-21,San Francisco,075,870044,52114,51820,2597,54417,649
2021-10-21,San Joaquin,077,732212,98263,97440,5480,102920,1721
2021-10-21,San Luis Obispo,079,281455,29004,28755,1221,29976,333
2021-10-21,San Mateo,081,765935,52978,52719,1498,54217,571
2021-10-21,Santa Barbara,083,443738,44165,43552,1637,45189,523
2021-10-21,Santa Clara,085,1922200,145150,144276,1316,145592,1897
2021-10-21,Santa Cruz,087,273765,20095,19967,1054,21021,221
2021-10-21,Shasta,089,179085,20798,20386,3587,23973,321
2021-10-21,Sierra,091,2930,176,168,20,188,0
2021-10-21,Siskiyou,093,43540,3276,3231,1291,4522,46
2021-10-21,Solano,095,438530,45075,44861,1199,46060,341
2021-10-21,Sonoma,097,501317,40808,40476,523,40999,393
2021-10-21,Stanislaus,099,539301,77570,76812,8884,85696,1145
2021-10-21,Sutter,101,95872,13726,13616,331,13947,175
2021-10-21,Tehama,103,63373,8227,8105,1469,9574,110
2021-10-21,Trinity,105,12862,769,696,197,893,11
2021-10-21,Tulare,107,460477,66555,65585,14922,80507,978
2021-10-21,Tuolumne,109,53932,6983,6840,82,6922,90
2021-10-21,Ventura,111,848112,97078,96664,4329,100993,1167
2021-10-21,Yolo,113,214977,19461,19280,1121,20401,248
2021-10-21,Yuba,115,75493,9933,9838,305,10143,82
2021-10-20,Alameda,001,1643700,118382,117654,2887,120541,1390
2021-10-20,Alpine,003,1148,105,103,0,103,0
2021-10-20,Amador,005,37829,5470,5379,60,5439,64
2021-10-20,Butte,007,227075,20331,20021,3729,23750,270
2021-10-20,Calaveras,009,45235,3916,3844,50,3894,81
2021-10-20,Colusa,011,21464,2479,2454,627,3081,18
2021-10-20,Contra Costa,013,1133247,98186,97721,2168,99889,1008
2021-10-20,Del Norte,015,27424,3635,3536,53,3589,42
2021-10-20,El Dorado,017,186661,15721,15502,1675,17177,149
2021-10-20,Fresno,019,978130,135901,134025,12124,146149,2084
2021-10-20,Glenn,021,27897,3414,3382,988,4370,33
2021-10-20,Humboldt,023,135768,8829,8727,540,9267,105
2021-10-20,Imperial,025,180216,32945,32705,3263,35968,766
2021-10-20,Inyo,027,18085,2173,2077,33,2110,40
2021-10-20,Kern,029,883053,124353,122630,21418,144048,1623
2021-10-20,Kings,031,150075,31333,30805,1968,32773,322
2021-10-20,Lake,033,64148,6581,6475,144,6619,104
2021-10-20,Lassen,035,31185,6718,6622,360,6982,27
2021-10-20,Los Angeles,037,10098052,1423533,1414931,54982,1469913,26506
2021-10-20,Madera,039,155013,22381,21983,1926,23909,281
2021-10-20,Marin,041,260295,17324,17250,453,17703,244
2021-10-20,Mariposa,043,17540,1219,1174,35,1209,5
2021-10-20,Mendocino,045,87422,7276,7189,458,7647,82
2021-10-20,Merced,047,269075,41135,40685,1717,42402,581
2021-10-20,Modoc,049,8938,519,504,184,688,5
2021-10-20,Mono,051,14174,1665,1653,18,1671,3
2021-10-20,Monterey,053,433212,47616,47430,3506,50936,587
2021-10-20,Napa,055,140530,12845,12773,105,12878,100
2021-10-20,Nevada,057,99092,8956,8836,323,9159,90
2021-10-20,Orange,059,3164182,304349,301957,14961,316918,5534
2021-10-20,Placer,061,380077,36236,35729,3622,39351,425
2021-10-20,Plumas,063,18699,1676,1604,38,1642,7
2021-10-20,Riverside,065,2383286,356725,354311,16640,370951,5030
2021-10-20,Sacramento,067,1510023,155936,154822,4534,159356,2222
2021-10-20,San Benito,069,59416,7305,7275,172,7447,71
2021-10-20,San Bernardino,071,2135413,349295,347217,11225,358442,5663
2021-10-20,San Diego,073,3302833,368842,365698,21310,387008,4178
2021-10-20,San Francisco,075,870044,52068,51755,2592,54347,646
2021-10-20,San Joaquin,077,732212,98116,97246,5472,102718,1721
2021-10-20,San Luis Obispo,079,281455,28960,28727,1217,29944,332
2021-10-20,San Mateo,081,765935,52916,52663,1480,54143,571
2021-10-20,Santa Barbara,083,443738,44105,43489,1636,45125,523
2021-10-20,Santa Clara,085,1922200,145014,144124,1312,145436,1896
2021-10-20,Santa Cruz,087,273765,20082,19951,1054,21005,219
2021-10-20,Shasta,089,179085,20737,20313,3559,23872,320
2021-10-20,Sierra,091,2930,176,168,20,188,0
2021-10-20,Siskiyou,093,43540,3276,3224,1285,4509,46
2021-10-20,Solano,095,438530,45043,44819,1197,46016,341
2021-10-20,Sonoma,097,501317,40762,40404,523,40927,393
2021-10-20,Stanislaus,099,539301,77420,76631,8865,85496,1145
2021-10-20,Sutter,101,95872,13702,13592,325,13917,175
2021-10-20,Tehama,103,63373,8196,8081,1458,9539,110
2021-10-20,Trinity,105,12862,769,693,196,889,11
2021-10-20,Tulare,107,460477,66382,65413,14876,80289,967
2021-10-20,Tuolumne,109,53932,6962,6803,82,6885,89
2021-10-20,Ventura,111,848112,96988,96610,4326,100936,1166
2021-10-20,Yolo,113,214977,19417,19236,1119,20355,248
2021-10-20,Yuba,115,75493,9916,9808,302,10110,82
2021-10-19,Alameda,001,1643700,118271,117542,2881,120423,1383
2021-10-19,Alpine,003,1148,105,103,0,103,0
2021-10-19,Amador,005,37829,5454,5367,60,5427,64
2021-10-19,Butte,007,227075,20277,19974,3721,23695,268
2021-10-19,Calaveras,009,45235,3899,3826,49,3875,80
2021-10-19,Colusa,011,21464,2476,2447,625,3072,18
2021-10-19,Contra Costa,013,1133247,98095,97613,2162,99775,1004
2021-10-19,Del Norte,015,27424,3628,3531,53,3584,42
2021-10-19,El Dorado,017,186661,15696,15478,1670,17148,149
2021-10-19,Fresno,019,978130,135544,133813,12091,145904,2073
2021-10-19,Glenn,021,27897,3413,3380,984,4364,33
2021-10-19,Humboldt,023,135768,8805,8714,534,9248,105
2021-10-19,Imperial,025,180216,32877,32632,3259,35891,764
2021-10-19,Inyo,027,18085,2142,2045,33,2078,40
2021-10-19,Kern,029,883053,124035,122391,21293,143684,1613
2021-10-19,Kings,031,150075,31238,30757,1961,32718,322
2021-10-19,Lake,033,64148,6577,6465,144,6609,104
2021-10-19,Lassen,035,31185,6712,6612,355,6967,27
2021-10-19,Los Angeles,037,10098052,1422297,1413882,54903,1468785,26473
2021-10-19,Madera,039,155013,22318,21950,1918,23868,281
2021-10-19,Marin,041,260295,17310,17241,450,17691,244
2021-10-19,Mariposa,043,17540,1213,1171,33,1204,5
2021-10-19,Mendocino,045,87422,7261,7172,455,7627,82
2021-10-19,Merced,047,269075,41019,40628,1697,42325,580
2021-10-19,Modoc,049,8938,517,502,184,686,5
2021-10-19,Mono,051,14174,1659,1651,18,1669,3
2021-10-19,Monterey,053,433212,47587,47412,3486,50898,583
2021-10-19,Napa,055,140530,12838,12769,105,12874,100
2021-10-19,Nevada,057,99092,8935,8829,322,9151,90
2021-10-19,Orange,059,3164182,304096,301700,14931,316631,5527
2021-10-19,Placer,061,380077,36115,35663,3607,39270,422
2021-10-19,Plumas,063,18699,1658,1586,38,1624,8
2021-10-19,Riverside,065,2383286,356303,353891,16632,370523,5020
2021-10-19,Sacramento,067,1510023,155631,154570,4505,159075,2227
2021-10-19,San Benito,069,59416,7289,7264,172,7436,71
2021-10-19,San Bernardino,071,2135413,348900,346814,11195,358009,5627
2021-10-19,San Diego,073,3302833,368251,365285,21277,386562,4170
2021-10-19,San Francisco,075,870044,52008,51704,2589,54293,645
2021-10-19,San Joaquin,077,732212,97950,97105,5460,102565,1721
2021-10-19,San Luis Obispo,079,281455,28913,28670,1214,29884,332
2021-10-19,San Mateo,081,765935,52864,52617,1472,54089,571
2021-10-19,Santa Barbara,083,443738,44038,43413,1634,45047,522
2021-10-19,Santa Clara,085,1922200,144841,143989,1304,145293,1898
2021-10-19,Santa Cruz,087,273765,20058,19895,1052,20947,218
2021-10-19,Shasta,089,179085,20660,20209,3551,23760,319
2021-10-19,Sierra,091,2930,173,168,20,188,0
2021-10-19,Siskiyou,093,43540,3272,3216,1280,4496,46
2021-10-19,Solano,095,438530,45001,44782,1193,45975,341
2021-10-19,Sonoma,097,501317,40688,40379,522,40901,392
2021-10-19,Stanislaus,099,539301,77281,76526,8851,85377,1145
2021-10-19,Sutter,101,95872,13678,13569,324,13893,174
2021-10-19,Tehama,103,63373,8166,8057,1442,9499,108
2021-10-19,Trinity,105,12862,762,691,195,886,11
2021-10-19,Tulare,107,460477,66199,65253,14808,80061,958
2021-10-19,Tuolumne,109,53932,6934,6782,81,6863,89
2021-10-19,Ventura,111,848112,96908,96539,4323,100862,1166
2021-10-19,Yolo,113,214977,19374,19206,1114,20320,248
2021-10-19,Yuba,115,75493,9899,9796,300,10096,82
2021-10-18,Alameda,001,1643700,118137,117506,2872,120378,1381
2021-10-18,Alpine,003,1148,105,103,0,103,0
2021-10-18,Amador,005,37829,5443,5345,60,5405,64
2021-10-18,Butte,007,227075,20227,19921,3713,23634,265
2021-10-18,Calaveras,009,45235,3874,3819,48,3867,80
2021-10-18,Colusa,011,21464,2475,2444,623,3067,18
2021-10-18,Contra Costa,013,1133247,97984,97585,2159,99744,995
2021-10-18,Del Norte,015,27424,3621,3529,53,3582,41
2021-10-18,El Dorado,017,186661,15665,15452,1667,17119,149
2021-10-18,Fresno,019,978130,135149,133688,12056,145744,2063
2021-10-18,Glenn,021,27897,3407,3370,978,4348,32
2021-10-18,Humboldt,023,135768,8787,8699,525,9224,104
2021-10-18,Imperial,025,180216,32786,32558,3259,35817,764
2021-10-18,Inyo,027,18085,2124,2020,33,2053,40
2021-10-18,Kern,029,883053,123736,122231,21194,143425,1605
2021-10-18,Kings,031,150075,31122,30698,1948,32646,320
2021-10-18,Lake,033,64148,6558,6455,142,6597,104
2021-10-18,Lassen,035,31185,6692,6607,352,6959,26
2021-10-18,Los Angeles,037,10098052,1421060,1413291,54824,1468115,26446
2021-10-18,Madera,039,155013,22264,21909,1906,23815,277
2021-10-18,Marin,041,260295,17290,17232,447,17679,244
2021-10-18,Mariposa,043,17540,1205,1160,33,1193,5
2021-10-18,Mendocino,045,87422,7242,7156,446,7602,82
2021-10-18,Merced,047,269075,40895,40573,1687,42260,579
2021-10-18,Modoc,049,8938,517,498,184,682,5
2021-10-18,Mono,051,14174,1648,1648,17,1665,3
2021-10-18,Monterey,053,433212,47570,47389,3476,50865,583
2021-10-18,Napa,055,140530,12823,12762,105,12867,100
2021-10-18,Nevada,057,99092,8916,8816,322,9138,90
2021-10-18,Orange,059,3164182,303759,301573,14896,316469,5524
2021-10-18,Placer,061,380077,36037,35598,3603,39201,420
2021-10-18,Plumas,063,18699,1650,1579,38,1617,6
2021-10-18,Riverside,065,2383286,355888,353699,16617,370316,5008
2021-10-18,Sacramento,067,1510023,155326,154428,4473,158901,2203
2021-10-18,San Benito,069,59416,7277,7253,171,7424,71
2021-10-18,San Bernardino,071,2135413,348481,346742,11181,357923,5606
2021-10-18,San Diego,073,3302833,367688,364948,21235,386183,4169
2021-10-18,San Francisco,075,870044,51946,51671,2582,54253,644
2021-10-18,San Joaquin,077,732212,97783,97041,5450,102491,1721
2021-10-18,San Luis Obispo,079,281455,28874,28644,1211,29855,331
2021-10-18,San Mateo,081,765935,52803,52594,1470,54064,571
2021-10-18,Santa Barbara,083,443738,43981,43386,1632,45018,522
2021-10-18,Santa Clara,085,1922200,144685,143891,1295,145186,1895
2021-10-18,Santa Cruz,087,273765,20044,19876,1050,20926,218
2021-10-18,Shasta,089,179085,20579,20146,3539,23685,313
2021-10-18,Sierra,091,2930,173,166,20,186,0
2021-10-18,Siskiyou,093,43540,3269,3210,1272,4482,42
2021-10-18,Solano,095,438530,44957,44758,1191,45949,339
2021-10-18,Sonoma,097,501317,40625,40349,518,40867,392
2021-10-18,Stanislaus,099,539301,77117,76466,8837,85303,1145
2021-10-18,Sutter,101,95872,13644,13557,322,13879,172
2021-10-18,Tehama,103,63373,8132,8042,1430,9472,107
2021-10-18,Trinity,105,12862,761,688,195,883,11
2021-10-18,Tulare,107,460477,66024,65171,14744,79915,958
2021-10-18,Tuolumne,109,53932,6905,6755,81,6836,89
2021-10-18,Ventura,111,848112,96816,96506,4321,100827,1165
2021-10-18,Yolo,113,214977,19337,19197,1111,20308,248
2021-10-18,Yuba,115,75493,9873,9782,297,10079,82
2021-10-17,Alameda,001,1643700,117989,117423,2867,120290,1376
2021-10-17,Alpine,003,1148,105,103,0,103,0
2021-10-17,Amador,005,37829,5420,5341,60,5401,64
2021-10-17,Butte,007,227075,20141,19897,3704,23601,265
2021-10-17,Calaveras,009,45235,3858,3805,48,3853,80
2021-10-17,Colusa,011,21464,2470,2442,616,3058,18
2021-10-17,Contra Costa,013,1133247,97861,97485,2148,99633,995
2021-10-17,Del Norte,015,27424,3616,3526,53,3579,41
2021-10-17,El Dorado,017,186661,15607,15438,1660,17098,149
2021-10-17,Fresno,019,978130,134683,133429,12024,145453,2063
2021-10-17,Glenn,021,27897,3391,3364,976,4340,32
2021-10-17,Humboldt,023,135768,8767,8690,522,9212,104
2021-10-17,Imperial,025,180216,32704,32520,3253,35773,764
2021-10-17,Inyo,027,18085,2096,2000,33,2033,40
2021-10-17,Kern,029,883053,123388,122085,21096,143181,1603
2021-10-17,Kings,031,150075,31009,30636,1938,32574,315
2021-10-17,Lake,033,64148,6542,6437,141,6578,104
2021-10-17,Lassen,035,31185,6680,6605,347,6952,26
2021-10-17,Los Angeles,037,10098052,1419727,1412371,54746,1467117,26443
2021-10-17,Madera,039,155013,22202,21869,1897,23766,277
2021-10-17,Marin,041,260295,17268,17211,447,17658,243
2021-10-17,Mariposa,043,17540,1198,1150,33,1183,5
2021-10-17,Mendocino,045,87422,7215,7148,439,7587,82
2021-10-17,Merced,047,269075,40768,40531,1673,42204,579
2021-10-17,Modoc,049,8938,514,498,182,680,5
2021-10-17,Mono,051,14174,1647,1640,16,1656,3
2021-10-17,Monterey,053,433212,47538,47369,3456,50825,583
2021-10-17,Napa,055,140530,12808,12753,102,12855,100
2021-10-17,Nevada,057,99092,8899,8794,321,9115,90
2021-10-17,Orange,059,3164182,303447,301414,14865,316279,5524
2021-10-17,Placer,061,380077,35936,35559,3588,39147,420
2021-10-17,Plumas,063,18699,1627,1571,35,1606,6
2021-10-17,Riverside,065,2383286,355407,353500,16602,370102,5008
2021-10-17,Sacramento,067,1510023,154927,154080,4453,158533,2213
2021-10-17,San Benito,069,59416,7268,7250,170,7420,71
2021-10-17,San Bernardino,071,2135413,348053,346524,11162,357686,5597
2021-10-17,San Diego,073,3302833,367081,364675,21206,385881,4163
2021-10-17,San Francisco,075,870044,51873,51625,2573,54198,644
2021-10-17,San Joaquin,077,732212,97610,96950,5441,102391,1721
2021-10-17,San Luis Obispo,079,281455,28823,28604,1203,29807,331
2021-10-17,San Mateo,081,765935,52760,52541,1458,53999,571
2021-10-17,Santa Barbara,083,443738,43919,43344,1631,44975,522
2021-10-17,Santa Clara,085,1922200,144510,143768,1285,145053,1895
2021-10-17,Santa Cruz,087,273765,20016,19861,1048,20909,218
2021-10-17,Shasta,089,179085,20490,20116,3528,23644,312
2021-10-17,Sierra,091,2930,171,165,20,185,0
2021-10-17,Siskiyou,093,43540,3261,3204,1269,4473,42
2021-10-17,Solano,095,438530,44900,44722,1190,45912,340
2021-10-17,Sonoma,097,501317,40549,40306,518,40824,392
2021-10-17,Stanislaus,099,539301,76920,76354,8823,85177,1145
2021-10-17,Sutter,101,95872,13627,13543,320,13863,172
2021-10-17,Tehama,103,63373,8100,8015,1413,9428,107
2021-10-17,Trinity,105,12862,758,686,194,880,11
2021-10-17,Tulare,107,460477,65842,65057,14669,79726,958
2021-10-17,Tuolumne,109,53932,6871,6735,80,6815,89
2021-10-17,Ventura,111,848112,96721,96458,4318,100776,1165
2021-10-17,Yolo,113,214977,19297,19171,1101,20272,248
2021-10-17,Yuba,115,75493,9847,9771,295,10066,82
2021-10-16,Alameda,001,1643700,117902,117027,2866,119893,1365
2021-10-16,Alpine,003,1148,104,102,0,102,0
2021-10-16,Amador,005,37829,5413,5310,60,5370,64
2021-10-16,Butte,007,227075,20110,19612,3697,23309,260
2021-10-16,Calaveras,009,45235,3851,3771,48,3819,80
2021-10-16,Colusa,011,21464,2466,2431,613,3044,18
2021-10-16,Contra Costa,013,1133247,97770,97107,2145,99252,982
2021-10-16,Del Norte,015,27424,3613,3516,53,3569,41
2021-10-16,El Dorado,017,186661,15585,15315,1658,16973,149
2021-10-16,Fresno,019,978130,134534,132433,12017,144450,2051
2021-10-16,Glenn,021,27897,3388,3331,976,4307,26
2021-10-16,Humboldt,023,135768,8754,8621,517,9138,104
2021-10-16,Imperial,025,180216,32689,32368,3251,35619,764
2021-10-16,Inyo,027,18085,2082,1932,33,1965,39
2021-10-16,Kern,029,883053,123234,121354,21010,142364,1590
2021-10-16,Kings,031,150075,30961,30418,1935,32353,314
2021-10-16,Lake,033,64148,6531,6378,141,6519,104
2021-10-16,Lassen,035,31185,6672,6559,342,6901,26
2021-10-16,Los Angeles,037,10098052,1419080,1409418,54691,1464109,26398
2021-10-16,Madera,039,155013,22158,21707,1894,23601,277
2021-10-16,Marin,041,260295,17259,17148,447,17595,243
2021-10-16,Mariposa,043,17540,1195,1096,33,1129,5
2021-10-16,Mendocino,045,87422,7205,7099,439,7538,82
2021-10-16,Merced,047,269075,40735,40265,1672,41937,577
2021-10-16,Modoc,049,8938,511,492,182,674,5
2021-10-16,Mono,051,14174,1646,1628,16,1644,3
2021-10-16,Monterey,053,433212,47524,47293,3445,50738,582
2021-10-16,Napa,055,140530,12797,12706,102,12808,100
2021-10-16,Nevada,057,99092,8879,8739,321,9060,90
2021-10-16,Orange,059,3164182,303273,300722,14842,315564,5509
2021-10-16,Placer,061,380077,35851,35343,3582,38925,412
2021-10-16,Plumas,063,18699,1622,1542,34,1576,6
2021-10-16,Riverside,065,2383286,355139,352435,16590,369025,4990
2021-10-16,Sacramento,067,1510023,154727,153264,4449,157713,2192
2021-10-16,San Benito,069,59416,7255,7210,169,7379,71
2021-10-16,San Bernardino,071,2135413,347848,345418,11155,356573,5566
2021-10-16,San Diego,073,3302833,366758,363109,21190,384299,4151
2021-10-16,San Francisco,075,870044,51825,51436,2568,54004,645
2021-10-16,San Joaquin,077,732212,97539,96507,5438,101945,1708
2021-10-16,San Luis Obispo,079,281455,28797,28460,1202,29662,329
2021-10-16,San Mateo,081,765935,52717,52399,1452,53851,569
2021-10-16,Santa Barbara,083,443738,43883,43175,1630,44805,521
2021-10-16,Santa Clara,085,1922200,144409,143282,1277,144559,1890
2021-10-16,Santa Cruz,087,273765,20001,19794,1047,20841,218
2021-10-16,Shasta,089,179085,20441,19932,3516,23448,309
2021-10-16,Sierra,091,2930,169,160,20,180,0
2021-10-16,Siskiyou,093,43540,3259,3173,1262,4435,42
2021-10-16,Solano,095,438530,44874,44585,1186,45771,334
2021-10-16,Sonoma,097,501317,40509,40195,518,40713,390
2021-10-16,Stanislaus,099,539301,76834,75868,8814,84682,1142
2021-10-16,Sutter,101,95872,13608,13471,319,13790,169
2021-10-16,Tehama,103,63373,8086,7907,1408,9315,104
2021-10-16,Trinity,105,12862,758,679,194,873,11
2021-10-16,Tulare,107,460477,65709,64489,14635,79124,951
2021-10-16,Tuolumne,109,53932,6839,6666,80,6746,89
2021-10-16,Ventura,111,848112,96693,96181,4313,100494,1164
2021-10-16,Yolo,113,214977,19270,19078,1095,20173,247
2021-10-16,Yuba,115,75493,9824,9705,291,9996,82
2021-10-15,Alameda,001,1643700,117831,117027,2862,119889,1365
2021-10-15,Alpine,003,1148,104,102,0,102,0
2021-10-15,Amador,005,37829,5389,5310,60,5370,64
2021-10-15,Butte,007,227075,20074,19612,3690,23302,260
2021-10-15,Calaveras,009,45235,3845,3771,48,3819,80
2021-10-15,Colusa,011,21464,2464,2431,610,3041,18
2021-10-15,Contra Costa,013,1133247,97689,97107,2142,99249,982
2021-10-15,Del Norte,015,27424,3611,3516,53,3569,41
2021-10-15,El Dorado,017,186661,15565,15315,1653,16968,149
2021-10-15,Fresno,019,978130,134283,132433,12011,144444,2051
2021-10-15,Glenn,021,27897,3384,3331,975,4306,26
2021-10-15,Humboldt,023,135768,8745,8621,515,9136,104
2021-10-15,Imperial,025,180216,32642,32368,3247,35615,764
2021-10-15,Inyo,027,18085,2064,1932,33,1965,39
2021-10-15,Kern,029,883053,123099,121354,20936,142290,1590
2021-10-15,Kings,031,150075,30905,30418,1931,32349,314
2021-10-15,Lake,033,64148,6522,6378,141,6519,104
2021-10-15,Lassen,035,31185,6660,6559,341,6900,26
2021-10-15,Los Angeles,037,10098052,1418391,1409418,54642,1464060,26398
2021-10-15,Madera,039,155013,22114,21707,1888,23595,277
2021-10-15,Marin,041,260295,17248,17148,447,17595,243
2021-10-15,Mariposa,043,17540,1187,1096,33,1129,5
2021-10-15,Mendocino,045,87422,7190,7099,439,7538,82
2021-10-15,Merced,047,269075,40705,40265,1669,41934,577
2021-10-15,Modoc,049,8938,510,492,182,674,5
2021-10-15,Mono,051,14174,1645,1628,16,1644,3
2021-10-15,Monterey,053,433212,47504,47293,3441,50734,582
2021-10-15,Napa,055,140530,12793,12706,102,12808,100
2021-10-15,Nevada,057,99092,8864,8739,321,9060,90
2021-10-15,Orange,059,3164182,303104,300722,14825,315547,5509
2021-10-15,Placer,061,380077,35797,35343,3576,38919,412
2021-10-15,Plumas,063,18699,1614,1542,34,1576,6
2021-10-15,Riverside,065,2383286,354897,352435,16585,369020,4990
2021-10-15,Sacramento,067,1510023,154542,153264,4439,157703,2192
2021-10-15,San Benito,069,59416,7252,7210,169,7379,71
2021-10-15,San Bernardino,071,2135413,347614,345418,11153,356571,5566
2021-10-15,San Diego,073,3302833,366394,363109,21165,384274,4151
2021-10-15,San Francisco,075,870044,51787,51436,2560,53996,645
2021-10-15,San Joaquin,077,732212,97462,96507,5431,101938,1708
2021-10-15,San Luis Obispo,079,281455,28776,28460,1200,29660,329
2021-10-15,San Mateo,081,765935,52680,52399,1445,53844,569
2021-10-15,Santa Barbara,083,443738,43847,43175,1630,44805,521
2021-10-15,Santa Clara,085,1922200,144288,143282,1268,144550,1890
2021-10-15,Santa Cruz,087,273765,19990,19794,1047,20841,218
2021-10-15,Shasta,089,179085,20385,19932,3508,23440,309
2021-10-15,Sierra,091,2930,168,160,20,180,0
2021-10-15,Siskiyou,093,43540,3258,3173,1259,4432,42
2021-10-15,Solano,095,438530,44848,44585,1186,45771,334
2021-10-15,Sonoma,097,501317,40475,40195,517,40712,390
2021-10-15,Stanislaus,099,539301,76754,75868,8798,84666,1142
2021-10-15,Sutter,101,95872,13591,13471,317,13788,169
2021-10-15,Tehama,103,63373,8064,7907,1402,9309,104
2021-10-15,Trinity,105,12862,758,679,194,873,11
2021-10-15,Tulare,107,460477,65631,64489,14596,79085,951
2021-10-15,Tuolumne,109,53932,6816,6666,78,6744,89
2021-10-15,Ventura,111,848112,96652,96181,4309,100490,1164
2021-10-15,Yolo,113,214977,19256,19078,1091,20169,247
2021-10-15,Yuba,115,75493,9814,9705,290,9995,82
2021-10-14,Alameda,001,1643700,117725,117027,2856,119883,1365
2021-10-14,Alpine,003,1148,104,102,0,102,0
2021-10-14,Amador,005,37829,5378,5310,60,5370,64
2021-10-14,Butte,007,227075,20022,19612,3685,23297,260
2021-10-14,Calaveras,009,45235,3832,3771,47,3818,80
2021-10-14,Colusa,011,21464,2462,2431,608,3039,18
2021-10-14,Contra Costa,013,1133247,97555,97107,2136,99243,982
2021-10-14,Del Norte,015,27424,3605,3516,53,3569,41
2021-10-14,El Dorado,017,186661,15526,15315,1650,16965,149
2021-10-14,Fresno,019,978130,133992,132433,11990,144423,2051
2021-10-14,Glenn,021,27897,3381,3331,974,4305,26
2021-10-14,Humboldt,023,135768,8727,8621,512,9133,104
2021-10-14,Imperial,025,180216,32578,32368,3240,35608,764
2021-10-14,Inyo,027,18085,2045,1932,33,1965,39
2021-10-14,Kern,029,883053,122829,121354,20836,142190,1590
2021-10-14,Kings,031,150075,30840,30418,1923,32341,314
2021-10-14,Lake,033,64148,6501,6378,140,6518,104
2021-10-14,Lassen,035,31185,6654,6559,340,6899,26
2021-10-14,Los Angeles,037,10098052,1417414,1409418,54589,1464007,26398
2021-10-14,Madera,039,155013,22049,21707,1884,23591,277
2021-10-14,Marin,041,260295,17243,17148,445,17593,243
2021-10-14,Mariposa,043,17540,1174,1096,32,1128,5
2021-10-14,Mendocino,045,87422,7176,7099,438,7537,82
2021-10-14,Merced,047,269075,40616,40265,1656,41921,577
2021-10-14,Modoc,049,8938,510,492,182,674,5
2021-10-14,Mono,051,14174,1639,1628,16,1644,3
2021-10-14,Monterey,053,433212,47480,47293,3434,50727,582
2021-10-14,Napa,055,140530,12778,12706,102,12808,100
2021-10-14,Nevada,057,99092,8836,8739,319,9058,90
2021-10-14,Orange,059,3164182,302900,300722,14809,315531,5509
2021-10-14,Placer,061,380077,35730,35343,3562,38905,412
2021-10-14,Plumas,063,18699,1599,1542,34,1576,6
2021-10-14,Riverside,065,2383286,354500,352435,16575,369010,4990
2021-10-14,Sacramento,067,1510023,154290,153264,4417,157681,2192
2021-10-14,San Benito,069,59416,7241,7210,169,7379,71
2021-10-14,San Bernardino,071,2135413,347258,345418,11146,356564,5566
2021-10-14,San Diego,073,3302833,365946,363109,21137,384246,4151
2021-10-14,San Francisco,075,870044,51734,51436,2554,53990,645
2021-10-14,San Joaquin,077,732212,97333,96507,5422,101929,1708
2021-10-14,San Luis Obispo,079,281455,28733,28460,1196,29656,329
2021-10-14,San Mateo,081,765935,52635,52399,1441,53840,569
2021-10-14,Santa Barbara,083,443738,43791,43175,1625,44800,521
2021-10-14,Santa Clara,085,1922200,144147,143282,1263,144545,1890
2021-10-14,Santa Cruz,087,273765,19967,19794,1047,20841,218
2021-10-14,Shasta,089,179085,20329,19932,3496,23428,309
2021-10-14,Sierra,091,2930,168,160,20,180,0
2021-10-14,Siskiyou,093,43540,3255,3173,1251,4424,42
2021-10-14,Solano,095,438530,44798,44585,1180,45765,334
2021-10-14,Sonoma,097,501317,40424,40195,514,40709,390
2021-10-14,Stanislaus,099,539301,76608,75868,8785,84653,1142
2021-10-14,Sutter,101,95872,13571,13471,316,13787,169
2021-10-14,Tehama,103,63373,8033,7907,1395,9302,104
2021-10-14,Trinity,105,12862,757,679,193,872,11
2021-10-14,Tulare,107,460477,65451,64489,14549,79038,951
2021-10-14,Tuolumne,109,53932,6786,6666,77,6743,89
2021-10-14,Ventura,111,848112,96586,96181,4302,100483,1164
2021-10-14,Yolo,113,214977,19224,19078,1084,20162,247
2021-10-14,Yuba,115,75493,9800,9705,281,9986,82
2021-10-13,Alameda,001,1643700,117625,116914,2850,119764,1360
2021-10-13,Alpine,003,1148,104,102,0,102,0
2021-10-13,Amador,005,37829,5364,5305,60,5365,63
2021-10-13,Butte,007,227075,19948,19546,3681,23227,257
2021-10-13,Calaveras,009,45235,3811,3756,45,3801,79
2021-10-13,Colusa,011,21464,2455,2430,604,3034,18
2021-10-13,Contra Costa,013,1133247,97441,96975,2135,99110,969
2021-10-13,Del Norte,015,27424,3600,3512,53,3565,39
2021-10-13,El Dorado,017,186661,15503,15302,1645,16947,149
2021-10-13,Fresno,019,978130,133661,132055,11970,144025,2048
2021-10-13,Glenn,021,27897,3370,3327,971,4298,26
2021-10-13,Humboldt,023,135768,8716,8604,506,9110,102
2021-10-13,Imperial,025,180216,32518,32317,3237,35554,762
2021-10-13,Inyo,027,18085,2008,1907,33,1940,39
2021-10-13,Kern,029,883053,122587,120956,20744,141700,1586
2021-10-13,Kings,031,150075,30759,30246,1916,32162,312
2021-10-13,Lake,033,64148,6481,6371,140,6511,103
2021-10-13,Lassen,035,31185,6644,6535,334,6869,25
2021-10-13,Los Angeles,037,10098052,1416362,1408384,54531,1462915,26379
2021-10-13,Madera,039,155013,21994,21609,1869,23478,277
2021-10-13,Marin,041,260295,17219,17137,444,17581,243
2021-10-13,Mariposa,043,17540,1160,1090,32,1122,5
2021-10-13,Mendocino,045,87422,7161,7088,430,7518,82
2021-10-13,Merced,047,269075,40532,40164,1645,41809,577
2021-10-13,Modoc,049,8938,508,490,180,670,5
2021-10-13,Mono,051,14174,1639,1612,16,1628,3
2021-10-13,Monterey,053,433212,47463,47273,3425,50698,582
2021-10-13,Napa,055,140530,12767,12695,100,12795,100
2021-10-13,Nevada,057,99092,8814,8725,319,9044,90
2021-10-13,Orange,059,3164182,302694,300468,14793,315261,5503
2021-10-13,Placer,061,380077,35665,35254,3551,38805,412
2021-10-13,Plumas,063,18699,1585,1514,34,1548,6
2021-10-13,Riverside,065,2383286,354170,352044,16561,368605,4978
2021-10-13,Sacramento,067,1510023,154041,153141,4392,157533,2182
2021-10-13,San Benito,069,59416,7235,7196,168,7364,71
2021-10-13,San Bernardino,071,2135413,346935,344951,11130,356081,5562
2021-10-13,San Diego,073,3302833,365509,362564,21115,383679,4141
2021-10-13,San Francisco,075,870044,51692,51379,2550,53929,644
2021-10-13,San Joaquin,077,732212,97190,96343,5417,101760,1696
2021-10-13,San Luis Obispo,079,281455,28695,28397,1193,29590,330
2021-10-13,San Mateo,081,765935,52585,52352,1436,53788,569
2021-10-13,Santa Barbara,083,443738,43740,43109,1625,44734,518
2021-10-13,Santa Clara,085,1922200,144008,143064,1262,144326,1886
2021-10-13,Santa Cruz,087,273765,19941,19763,1046,20809,217
2021-10-13,Shasta,089,179085,20259,19802,3474,23276,307
2021-10-13,Sierra,091,2930,168,155,20,175,0
2021-10-13,Siskiyou,093,43540,3247,3173,1250,4423,42
2021-10-13,Solano,095,438530,44759,44558,1178,45736,334
2021-10-13,Sonoma,097,501317,40367,40122,514,40636,390
2021-10-13,Stanislaus,099,539301,76467,75698,8776,84474,1136
2021-10-13,Sutter,101,95872,13541,13458,314,13772,169
2021-10-13,Tehama,103,63373,7995,7849,1389,9238,103
2021-10-13,Trinity,105,12862,754,677,193,870,11
2021-10-13,Tulare,107,460477,65272,64297,14494,78791,945
2021-10-13,Tuolumne,109,53932,6772,6644,76,6720,89
2021-10-13,Ventura,111,848112,96512,96099,4297,100396,1162
2021-10-13,Yolo,113,214977,19194,19023,1081,20104,247
2021-10-13,Yuba,115,75493,9775,9690,266,9956,80
2021-10-12,Alameda,001,1643700,117523,116813,2845,119658,1357
2021-10-12,Alpine,003,1148,104,102,0,102,0
2021-10-12,Amador,005,37829,5353,5301,60,5361,63
2021-10-12,Butte,007,227075,19879,19506,3669,23175,256
2021-10-12,Calaveras,009,45235,3796,3750,45,3795,75
2021-10-12,Colusa,011,21464,2452,2428,602,3030,18
2021-10-12,Contra Costa,013,1133247,97328,96894,2126,99020,960
2021-10-12,Del Norte,015,27424,3594,3511,53,3564,39
2021-10-12,El Dorado,017,186661,15470,15287,1643,16930,148
2021-10-12,Fresno,019,978130,133302,131848,11942,143790,2042
2021-10-12,Glenn,021,27897,3360,3321,968,4289,26
2021-10-12,Humboldt,023,135768,8690,8587,499,9086,102
2021-10-12,Imperial,025,180216,32466,32267,3235,35502,762
2021-10-12,Inyo,027,18085,1976,1889,33,1922,39
2021-10-12,Kern,029,883053,122302,120826,20634,141460,1580
2021-10-12,Kings,031,150075,30687,30200,1905,32105,312
2021-10-12,Lake,033,64148,6466,6372,140,6512,97
2021-10-12,Lassen,035,31185,6634,6526,333,6859,25
2021-10-12,Los Angeles,037,10098052,1415304,1407462,54479,1461941,26362
2021-10-12,Madera,039,155013,21923,21574,1857,23431,277
2021-10-12,Marin,041,260295,17196,17126,444,17570,242
2021-10-12,Mariposa,043,17540,1146,1088,32,1120,5
2021-10-12,Mendocino,045,87422,7132,7077,428,7505,82
2021-10-12,Merced,047,269075,40453,40113,1639,41752,567
2021-10-12,Modoc,049,8938,503,485,179,664,5
2021-10-12,Mono,051,14174,1635,1608,16,1624,3
2021-10-12,Monterey,053,433212,47435,47254,3414,50668,582
2021-10-12,Napa,055,140530,12753,12671,100,12771,97
2021-10-12,Nevada,057,99092,8802,8720,318,9038,89
2021-10-12,Orange,059,3164182,302437,300256,14768,315024,5499
2021-10-12,Placer,061,380077,35602,35214,3543,38757,404
2021-10-12,Plumas,063,18699,1571,1488,33,1521,6
2021-10-12,Riverside,065,2383286,353843,351771,16547,368318,4973
2021-10-12,Sacramento,067,1510023,153746,152935,4363,157298,2170
2021-10-12,San Benito,069,59416,7221,7193,168,7361,71
2021-10-12,San Bernardino,071,2135413,346622,344788,11121,355909,5563
2021-10-12,San Diego,073,3302833,364985,362256,21085,383341,4137
2021-10-12,San Francisco,075,870044,51633,51301,2547,53848,643
2021-10-12,San Joaquin,077,732212,97053,96237,5412,101649,1690
2021-10-12,San Luis Obispo,079,281455,28648,28379,1192,29571,327
2021-10-12,San Mateo,081,765935,52538,52328,1432,53760,569
2021-10-12,Santa Barbara,083,443738,43679,43076,1625,44701,515
2021-10-12,Santa Clara,085,1922200,143854,142954,1260,144214,1882
2021-10-12,Santa Cruz,087,273765,19916,19757,1046,20803,218
2021-10-12,Shasta,089,179085,20185,19731,3452,23183,304
2021-10-12,Sierra,091,2930,168,153,20,173,0
2021-10-12,Siskiyou,093,43540,3237,3166,1243,4409,42
2021-10-12,Solano,095,438530,44716,44516,1173,45689,329
2021-10-12,Sonoma,097,501317,40325,40105,514,40619,390
2021-10-12,Stanislaus,099,539301,76317,75589,8761,84350,1126
2021-10-12,Sutter,101,95872,13518,13436,310,13746,168
2021-10-12,Tehama,103,63373,7962,7820,1385,9205,103
2021-10-12,Trinity,105,12862,751,676,193,869,11
2021-10-12,Tulare,107,460477,65096,64216,14435,78651,944
2021-10-12,Tuolumne,109,53932,6755,6637,75,6712,89
2021-10-12,Ventura,111,848112,96404,96022,4294,100316,1160
2021-10-12,Yolo,113,214977,19168,18987,1073,20060,247
2021-10-12,Yuba,115,75493,9760,9676,262,9938,70
2021-10-11,Alameda,001,1643700,117385,116759,2844,119603,1358
2021-10-11,Alpine,003,1148,103,102,0,102,0
2021-10-11,Amador,005,37829,5341,5286,60,5346,62
2021-10-11,Butte,007,227075,19820,19452,3664,23116,253
2021-10-11,Calaveras,009,45235,3775,3750,45,3795,75
2021-10-11,Colusa,011,21464,2448,2427,595,3022,18
2021-10-11,Contra Costa,013,1133247,97191,96832,2121,98953,960
2021-10-11,Del Norte,015,27424,3591,3510,49,3559,39
2021-10-11,El Dorado,017,186661,15442,15273,1639,16912,146
2021-10-11,Fresno,019,978130,132975,131703,11913,143616,2036
2021-10-11,Glenn,021,27897,3342,3308,967,4275,26
2021-10-11,Humboldt,023,135768,8665,8571,492,9063,101
2021-10-11,Imperial,025,180216,32416,32207,3229,35436,762
2021-10-11,Inyo,027,18085,1953,1862,32,1894,39
2021-10-11,Kern,029,883053,122068,120684,20537,141221,1575
2021-10-11,Kings,031,150075,30599,30180,1895,32075,309
2021-10-11,Lake,033,64148,6450,6361,136,6497,97
2021-10-11,Lassen,035,31185,6614,6499,330,6829,25
2021-10-11,Los Angeles,037,10098052,1414261,1406826,54425,1461251,26346
2021-10-11,Madera,039,155013,21865,21555,1843,23398,272
2021-10-11,Marin,041,260295,17178,17121,440,17561,242
2021-10-11,Mariposa,043,17540,1117,1083,32,1115,5
2021-10-11,Mendocino,045,87422,7116,7064,424,7488,82
2021-10-11,Merced,047,269075,40336,40064,1615,41679,566
2021-10-11,Modoc,049,8938,500,482,176,658,5
2021-10-11,Mono,051,14174,1625,1604,16,1620,3
2021-10-11,Monterey,053,433212,47406,47241,3407,50648,580
2021-10-11,Napa,055,140530,12730,12654,98,12752,96
2021-10-11,Nevada,057,99092,8782,8716,317,9033,90
2021-10-11,Orange,059,3164182,302210,299941,14740,314681,5499
2021-10-11,Placer,061,380077,35533,35173,3525,38698,404
2021-10-11,Plumas,063,18699,1553,1469,31,1500,6
2021-10-11,Riverside,065,2383286,353502,351444,16542,367986,4973
2021-10-11,Sacramento,067,1510023,153458,152681,4332,157013,2169
2021-10-11,San Benito,069,59416,7199,7184,166,7350,71
2021-10-11,San Bernardino,071,2135413,346236,344594,11113,355707,5549
2021-10-11,San Diego,073,3302833,364465,361712,21052,382764,4124
2021-10-11,San Francisco,075,870044,51563,51275,2541,53816,643
2021-10-11,San Joaquin,077,732212,96900,96152,5401,101553,1681
2021-10-11,San Luis Obispo,079,281455,28602,28355,1187,29542,327
2021-10-11,San Mateo,081,765935,52490,52298,1431,53729,569
2021-10-11,Santa Barbara,083,443738,43632,43018,1624,44642,515
2021-10-11,Santa Clara,085,1922200,143692,142836,1257,144093,1882
2021-10-11,Santa Cruz,087,273765,19892,19745,1045,20790,217
2021-10-11,Shasta,089,179085,20106,19662,3436,23098,295
2021-10-11,Sierra,091,2930,163,147,19,166,0
2021-10-11,Siskiyou,093,43540,3229,3159,1239,4398,42
2021-10-11,Solano,095,438530,44669,44474,1170,45644,329
2021-10-11,Sonoma,097,501317,40280,40067,514,40581,390
2021-10-11,Stanislaus,099,539301,76144,75478,8740,84218,1118
2021-10-11,Sutter,101,95872,13499,13427,308,13735,165
2021-10-11,Tehama,103,63373,7921,7795,1375,9170,102
2021-10-11,Trinity,105,12862,746,675,191,866,11
2021-10-11,Tulare,107,460477,64917,64094,14368,78462,942
2021-10-11,Tuolumne,109,53932,6719,6602,75,6677,89
2021-10-11,Ventura,111,848112,96303,95876,4286,100162,1160
2021-10-11,Yolo,113,214977,19122,18977,1070,20047,247
2021-10-11,Yuba,115,75493,9743,9657,249,9906,69
2021-10-10,Alameda,001,1643700,117265,116679,2840,119519,1358
2021-10-10,Alpine,003,1148,103,102,0,102,0
2021-10-10,Amador,005,37829,5326,5278,60,5338,62
2021-10-10,Butte,007,227075,19757,19430,3650,23080,253
2021-10-10,Calaveras,009,45235,3763,3747,45,3792,75
2021-10-10,Colusa,011,21464,2447,2425,594,3019,18
2021-10-10,Contra Costa,013,1133247,97092,96760,2115,98875,960
2021-10-10,Del Norte,015,27424,3587,3507,49,3556,39
2021-10-10,El Dorado,017,186661,15411,15250,1633,16883,146
2021-10-10,Fresno,019,978130,132647,131434,11885,143319,2035
2021-10-10,Glenn,021,27897,3340,3297,965,4262,26
2021-10-10,Humboldt,023,135768,8643,8554,488,9042,101
2021-10-10,Imperial,025,180216,32342,32167,3228,35395,762
2021-10-10,Inyo,027,18085,1932,1857,32,1889,39
2021-10-10,Kern,029,883053,121744,120552,20430,140982,1573
2021-10-10,Kings,031,150075,30511,30122,1885,32007,308
2021-10-10,Lake,033,64148,6434,6349,135,6484,97
2021-10-10,Lassen,035,31185,6594,6495,329,6824,26
2021-10-10,Los Angeles,037,10098052,1413090,1406034,54348,1460382,26338
2021-10-10,Madera,039,155013,21819,21486,1834,23320,272
2021-10-10,Marin,041,260295,17161,17112,440,17552,242
2021-10-10,Mariposa,043,17540,1114,1074,32,1106,5
2021-10-10,Mendocino,045,87422,7101,7060,416,7476,81
2021-10-10,Merced,047,269075,40253,40036,1597,41633,566
2021-10-10,Modoc,049,8938,500,482,176,658,5
2021-10-10,Mono,051,14174,1624,1596,16,1612,3
2021-10-10,Monterey,053,433212,47381,47228,3401,50629,580
2021-10-10,Napa,055,140530,12707,12641,98,12739,96
2021-10-10,Nevada,057,99092,8770,8689,317,9006,90
2021-10-10,Orange,059,3164182,301948,299787,14714,314501,5499
2021-10-10,Placer,061,380077,35440,35128,3513,38641,404
2021-10-10,Plumas,063,18699,1537,1468,29,1497,6
2021-10-10,Riverside,065,2383286,353130,351248,16523,367771,4973
2021-10-10,Sacramento,067,1510023,153194,152405,4315,156720,2178
2021-10-10,San Benito,069,59416,7195,7180,164,7344,71
2021-10-10,San Bernardino,071,2135413,345931,344423,11105,355528,5551
2021-10-10,San Diego,073,3302833,363944,361038,21000,382038,4113
2021-10-10,San Francisco,075,870044,51518,51216,2535,53751,643
2021-10-10,San Joaquin,077,732212,96729,96084,5384,101468,1681
2021-10-10,San Luis Obispo,079,281455,28561,28343,1187,29530,326
2021-10-10,San Mateo,081,765935,52449,52273,1430,53703,569
2021-10-10,Santa Barbara,083,443738,43587,42987,1622,44609,515
2021-10-10,Santa Clara,085,1922200,143527,142768,1250,144018,1881
2021-10-10,Santa Cruz,087,273765,19872,19727,1045,20772,217
2021-10-10,Shasta,089,179085,20018,19635,3425,23060,296
2021-10-10,Sierra,091,2930,161,147,19,166,0
2021-10-10,Siskiyou,093,43540,3216,3155,1231,4386,42
2021-10-10,Solano,095,438530,44613,44431,1170,45601,329
2021-10-10,Sonoma,097,501317,40228,40027,514,40541,390
2021-10-10,Stanislaus,099,539301,75965,75403,8725,84128,1118
2021-10-10,Sutter,101,95872,13475,13412,303,13715,165
2021-10-10,Tehama,103,63373,7883,7764,1366,9130,102
2021-10-10,Trinity,105,12862,745,669,190,859,11
2021-10-10,Tulare,107,460477,64749,63930,14318,78248,940
2021-10-10,Tuolumne,109,53932,6696,6580,74,6654,89
2021-10-10,Ventura,111,848112,96216,95829,4284,100113,1160
2021-10-10,Yolo,113,214977,19090,18952,1065,20017,247
2021-10-10,Yuba,115,75493,9726,9641,245,9886,69
2021-10-09,Alameda,001,1643700,117171,116253,2838,119091,1356
2021-10-09,Alpine,003,1148,102,102,0,102,0
2021-10-09,Amador,005,37829,5324,5237,59,5296,62
2021-10-09,Butte,007,227075,19727,19277,3647,22924,250
2021-10-09,Calaveras,009,45235,3759,3716,45,3761,75
2021-10-09,Colusa,011,21464,2443,2419,593,3012,18
2021-10-09,Contra Costa,013,1133247,97028,96378,2108,98486,958
2021-10-09,Del Norte,015,27424,3586,3495,49,3544,39
2021-10-09,El Dorado,017,186661,15393,15153,1630,16783,144
2021-10-09,Fresno,019,978130,132516,130508,11868,142376,2018
2021-10-09,Glenn,021,27897,3336,3277,964,4241,26
2021-10-09,Humboldt,023,135768,8630,8448,485,8933,97
2021-10-09,Imperial,025,180216,32308,31989,3226,35215,760
2021-10-09,Inyo,027,18085,1923,1808,32,1840,39
2021-10-09,Kern,029,883053,121606,119795,20402,140197,1559
2021-10-09,Kings,031,150075,30462,29894,1882,31776,308
2021-10-09,Lake,033,64148,6416,6283,133,6416,97
2021-10-09,Lassen,035,31185,6589,6442,328,6770,25
2021-10-09,Los Angeles,037,10098052,1412505,1402810,54307,1457117,26280
2021-10-09,Madera,039,155013,21786,21313,1821,23134,271
2021-10-09,Marin,041,260295,17156,17049,438,17487,242
2021-10-09,Mariposa,043,17540,1107,1042,31,1073,5
2021-10-09,Mendocino,045,87422,7094,7011,416,7427,82
2021-10-09,Merced,047,269075,40212,39784,1597,41381,565
2021-10-09,Modoc,049,8938,498,477,175,652,5
2021-10-09,Mono,051,14174,1622,1577,16,1593,3
2021-10-09,Monterey,053,433212,47370,47168,3397,50565,577
2021-10-09,Napa,055,140530,12703,12586,98,12684,96
2021-10-09,Nevada,057,99092,8759,8613,316,8929,90
2021-10-09,Orange,059,3164182,301769,299089,14695,313784,5457
2021-10-09,Placer,061,380077,35402,34877,3506,38383,393
2021-10-09,Plumas,063,18699,1526,1418,29,1447,6
2021-10-09,Riverside,065,2383286,352879,350082,16506,366588,4965
2021-10-09,Sacramento,067,1510023,152986,151566,4302,155868,2160
2021-10-09,San Benito,069,59416,7187,7123,164,7287,71
2021-10-09,San Bernardino,071,2135413,345749,343452,11101,354553,5556
2021-10-09,San Diego,073,3302833,363631,359909,20993,380902,4111
2021-10-09,San Francisco,075,870044,51472,50960,2528,53488,643
2021-10-09,San Joaquin,077,732212,96662,95606,5379,100985,1669
2021-10-09,San Luis Obispo,079,281455,28544,28197,1185,29382,324
2021-10-09,San Mateo,081,765935,52418,52121,1428,53549,569
2021-10-09,Santa Barbara,083,443738,43560,42735,1622,44357,514
2021-10-09,Santa Clara,085,1922200,143404,142298,1244,143542,1873
2021-10-09,Santa Cruz,087,273765,19863,19635,1044,20679,217
2021-10-09,Shasta,089,179085,19968,19437,3420,22857,290
2021-10-09,Sierra,091,2930,158,141,19,160,0
2021-10-09,Siskiyou,093,43540,3215,3124,1230,4354,42
2021-10-09,Solano,095,438530,44596,44265,1169,45434,329
2021-10-09,Sonoma,097,501317,40184,39848,514,40362,387
2021-10-09,Stanislaus,099,539301,75875,74899,8714,83613,1114
2021-10-09,Sutter,101,95872,13466,13314,301,13615,165
2021-10-09,Tehama,103,63373,7872,7670,1361,9031,99
2021-10-09,Trinity,105,12862,744,660,190,850,11
2021-10-09,Tulare,107,460477,64642,63398,14297,77695,932
2021-10-09,Tuolumne,109,53932,6677,6521,74,6595,89
2021-10-09,Ventura,111,848112,96160,95542,4281,99823,1158
2021-10-09,Yolo,113,214977,19069,18850,1062,19912,247
2021-10-09,Yuba,115,75493,9714,9551,243,9794,69
2021-10-08,Alameda,001,1643700,117089,116253,2835,119088,1356
2021-10-08,Alpine,003,1148,102,102,0,102,0
2021-10-08,Amador,005,37829,5311,5237,59,5296,62
2021-10-08,Butte,007,227075,19698,19277,3643,22920,250
2021-10-08,Calaveras,009,45235,3754,3716,45,3761,75
2021-10-08,Colusa,011,21464,2441,2419,593,3012,18
2021-10-08,Contra Costa,013,1133247,96984,96378,2103,98481,958
2021-10-08,Del Norte,015,27424,3585,3495,49,3544,39
2021-10-08,El Dorado,017,186661,15374,15153,1626,16779,144
2021-10-08,Fresno,019,978130,132321,130508,11846,142354,2018
2021-10-08,Glenn,021,27897,3325,3277,963,4240,26
2021-10-08,Humboldt,023,135768,8619,8448,482,8930,97
2021-10-08,Imperial,025,180216,32278,31989,3222,35211,760
2021-10-08,Inyo,027,18085,1905,1808,32,1840,39
2021-10-08,Kern,029,883053,121469,119795,20360,140155,1559
2021-10-08,Kings,031,150075,30369,29894,1881,31775,308
2021-10-08,Lake,033,64148,6408,6283,133,6416,97
2021-10-08,Lassen,035,31185,6576,6442,324,6766,25
2021-10-08,Los Angeles,037,10098052,1411846,1402810,54269,1457079,26280
2021-10-08,Madera,039,155013,21728,21313,1814,23127,271
2021-10-08,Marin,041,260295,17145,17049,437,17486,242
2021-10-08,Mariposa,043,17540,1100,1042,29,1071,5
2021-10-08,Mendocino,045,87422,7081,7011,416,7427,82
2021-10-08,Merced,047,269075,40180,39784,1594,41378,565
2021-10-08,Modoc,049,8938,496,477,175,652,5
2021-10-08,Mono,051,14174,1620,1577,16,1593,3
2021-10-08,Monterey,053,433212,47346,47168,3392,50560,577
2021-10-08,Napa,055,140530,12687,12586,98,12684,96
2021-10-08,Nevada,057,99092,8746,8613,316,8929,90
2021-10-08,Orange,059,3164182,301620,299089,14678,313767,5457
2021-10-08,Placer,061,380077,35364,34877,3498,38375,393
2021-10-08,Plumas,063,18699,1514,1418,29,1447,6
2021-10-08,Riverside,065,2383286,352610,350082,16495,366577,4965
2021-10-08,Sacramento,067,1510023,152819,151566,4290,155856,2160
2021-10-08,San Benito,069,59416,7183,7123,162,7285,71
2021-10-08,San Bernardino,071,2135413,345547,343452,11093,354545,5556
2021-10-08,San Diego,073,3302833,363296,359909,20972,380881,4111
2021-10-08,San Francisco,075,870044,51425,50960,2519,53479,643
2021-10-08,San Joaquin,077,732212,96594,95606,5373,100979,1669
2021-10-08,San Luis Obispo,079,281455,28517,28197,1184,29381,324
2021-10-08,San Mateo,081,765935,52393,52121,1427,53548,569
2021-10-08,Santa Barbara,083,443738,43525,42735,1621,44356,514
2021-10-08,Santa Clara,085,1922200,143291,142298,1239,143537,1873
2021-10-08,Santa Cruz,087,273765,19848,19635,1044,20679,217
2021-10-08,Shasta,089,179085,19926,19437,3414,22851,290
2021-10-08,Sierra,091,2930,156,141,17,158,0
2021-10-08,Siskiyou,093,43540,3207,3124,1229,4353,42
2021-10-08,Solano,095,438530,44558,44265,1168,45433,329
2021-10-08,Sonoma,097,501317,40149,39848,514,40362,387
2021-10-08,Stanislaus,099,539301,75806,74899,8706,83605,1114
2021-10-08,Sutter,101,95872,13453,13314,298,13612,165
2021-10-08,Tehama,103,63373,7856,7670,1358,9028,99
2021-10-08,Trinity,105,12862,743,660,190,850,11
2021-10-08,Tulare,107,460477,64525,63398,14264,77662,932
2021-10-08,Tuolumne,109,53932,6654,6521,74,6595,89
2021-10-08,Ventura,111,848112,96115,95542,4276,99818,1158
2021-10-08,Yolo,113,214977,19056,18850,1058,19908,247
2021-10-08,Yuba,115,75493,9693,9551,242,9793,69
2021-10-07,Alameda,001,1643700,116973,116253,2833,119086,1356
2021-10-07,Alpine,003,1148,102,102,0,102,0
2021-10-07,Amador,005,37829,5304,5237,59,5296,62
2021-10-07,Butte,007,227075,19648,19277,3632,22909,250
2021-10-07,Calaveras,009,45235,3742,3716,45,3761,75
2021-10-07,Colusa,011,21464,2438,2419,587,3006,18
2021-10-07,Contra Costa,013,1133247,96864,96378,2097,98475,958
2021-10-07,Del Norte,015,27424,3582,3495,49,3544,39
2021-10-07,El Dorado,017,186661,15338,15153,1622,16775,144
2021-10-07,Fresno,019,978130,132048,130508,11822,142330,2018
2021-10-07,Glenn,021,27897,3318,3277,960,4237,26
2021-10-07,Humboldt,023,135768,8594,8448,478,8926,97
2021-10-07,Imperial,025,180216,32206,31989,3209,35198,760
2021-10-07,Inyo,027,18085,1886,1808,32,1840,39
2021-10-07,Kern,029,883053,121238,119795,20293,140088,1559
2021-10-07,Kings,031,150075,30304,29894,1875,31769,308
2021-10-07,Lake,033,64148,6397,6283,133,6416,97
2021-10-07,Lassen,035,31185,6558,6442,322,6764,25
2021-10-07,Los Angeles,037,10098052,1410889,1402810,54222,1457032,26280
2021-10-07,Madera,039,155013,21655,21313,1800,23113,271
2021-10-07,Marin,041,260295,17127,17049,437,17486,242
2021-10-07,Mariposa,043,17540,1092,1042,29,1071,5
2021-10-07,Mendocino,045,87422,7071,7011,412,7423,82
2021-10-07,Merced,047,269075,40113,39784,1578,41362,565
2021-10-07,Modoc,049,8938,493,477,174,651,5
2021-10-07,Mono,051,14174,1609,1577,16,1593,3
2021-10-07,Monterey,053,433212,47325,47168,3379,50547,577
2021-10-07,Napa,055,140530,12672,12586,98,12684,96
2021-10-07,Nevada,057,99092,8718,8613,316,8929,90
2021-10-07,Orange,059,3164182,301396,299089,14665,313754,5457
2021-10-07,Placer,061,380077,35302,34877,3491,38368,393
2021-10-07,Plumas,063,18699,1497,1418,29,1447,6
2021-10-07,Riverside,065,2383286,352276,350082,16483,366565,4965
2021-10-07,Sacramento,067,1510023,152539,151566,4262,155828,2160
2021-10-07,San Benito,069,59416,7167,7123,160,7283,71
2021-10-07,San Bernardino,071,2135413,345274,343452,11087,354539,5556
2021-10-07,San Diego,073,3302833,362884,359909,20951,380860,4111
2021-10-07,San Francisco,075,870044,51355,50960,2516,53476,643
2021-10-07,San Joaquin,077,732212,96442,95606,5365,100971,1669
2021-10-07,San Luis Obispo,079,281455,28466,28197,1182,29379,324
2021-10-07,San Mateo,081,765935,52355,52121,1423,53544,569
2021-10-07,Santa Barbara,083,443738,43458,42735,1615,44350,514
2021-10-07,Santa Clara,085,1922200,143140,142298,1233,143531,1873
2021-10-07,Santa Cruz,087,273765,19828,19635,1043,20678,217
2021-10-07,Shasta,089,179085,19837,19437,3398,22835,290
2021-10-07,Sierra,091,2930,156,141,17,158,0
2021-10-07,Siskiyou,093,43540,3204,3124,1224,4348,42
2021-10-07,Solano,095,438530,44517,44265,1164,45429,329
2021-10-07,Sonoma,097,501317,40111,39848,512,40360,387
2021-10-07,Stanislaus,099,539301,75644,74899,8681,83580,1114
2021-10-07,Sutter,101,95872,13431,13314,295,13609,165
2021-10-07,Tehama,103,63373,7824,7670,1352,9022,99
2021-10-07,Trinity,105,12862,741,660,190,850,11
2021-10-07,Tulare,107,460477,64364,63398,14225,77623,932
2021-10-07,Tuolumne,109,53932,6632,6521,74,6595,89
2021-10-07,Ventura,111,848112,96032,95542,4274,99816,1158
2021-10-07,Yolo,113,214977,19022,18850,1053,19903,247
2021-10-07,Yuba,115,75493,9667,9551,235,9786,69
2021-10-06,Alameda,001,1643700,116839,116058,2827,118885,1353
2021-10-06,Alpine,003,1148,102,102,0,102,0
2021-10-06,Amador,005,37829,5301,5205,59,5264,62
2021-10-06,Butte,007,227075,19585,19208,3625,22833,247
2021-10-06,Calaveras,009,45235,3733,3669,45,3714,75
2021-10-06,Colusa,011,21464,2436,2414,580,2994,18
2021-10-06,Contra Costa,013,1133247,96737,96184,2093,98277,953
2021-10-06,Del Norte,015,27424,3579,3490,46,3536,39
2021-10-06,El Dorado,017,186661,15313,15078,1620,16698,140
2021-10-06,Fresno,019,978130,131760,130074,11796,141870,2008
2021-10-06,Glenn,021,27897,3308,3270,957,4227,26
2021-10-06,Humboldt,023,135768,8579,8416,471,8887,94
2021-10-06,Imperial,025,180216,32153,31930,3198,35128,760
2021-10-06,Inyo,027,18085,1871,1806,32,1838,39
2021-10-06,Kern,029,883053,120983,119491,20198,139689,1552
2021-10-06,Kings,031,150075,30239,29785,1866,31651,308
2021-10-06,Lake,033,64148,6383,6271,133,6404,97
2021-10-06,Lassen,035,31185,6542,6429,321,6750,25
2021-10-06,Los Angeles,037,10098052,1409932,1401675,54176,1455851,26252
2021-10-06,Madera,039,155013,21600,21230,1790,23020,269
2021-10-06,Marin,041,260295,17118,17042,434,17476,242
2021-10-06,Mariposa,043,17540,1085,1036,29,1065,5
2021-10-06,Mendocino,045,87422,7062,6986,411,7397,81
2021-10-06,Merced,047,269075,40035,39666,1569,41235,563
2021-10-06,Modoc,049,8938,493,477,172,649,5
2021-10-06,Mono,051,14174,1598,1568,16,1584,3
2021-10-06,Monterey,053,433212,47294,47136,3373,50509,577
2021-10-06,Napa,055,140530,12648,12552,97,12649,96
2021-10-06,Nevada,057,99092,8702,8582,315,8897,90
2021-10-06,Orange,059,3164182,301162,298785,14652,313437,5448
2021-10-06,Placer,061,380077,35252,34764,3484,38248,390
2021-10-06,Plumas,063,18699,1474,1383,29,1412,6
2021-10-06,Riverside,065,2383286,351920,349645,16462,366107,4953
2021-10-06,Sacramento,067,1510023,152288,151164,4231,155395,2141
2021-10-06,San Benito,069,59416,7152,7108,160,7268,69
2021-10-06,San Bernardino,071,2135413,344983,343022,11080,354102,5551
2021-10-06,San Diego,073,3302833,362385,359564,20923,380487,4104
2021-10-06,San Francisco,075,870044,51292,50894,2512,53406,641
2021-10-06,San Joaquin,077,732212,96307,95418,5353,100771,1658
2021-10-06,San Luis Obispo,079,281455,28417,28170,1176,29346,323
2021-10-06,San Mateo,081,765935,52310,52056,1413,53469,569
2021-10-06,Santa Barbara,083,443738,43376,42687,1613,44300,513
2021-10-06,Santa Clara,085,1922200,142989,142124,1228,143352,1872
2021-10-06,Santa Cruz,087,273765,19799,19604,1041,20645,217
2021-10-06,Shasta,089,179085,19762,19325,3385,22710,287
2021-10-06,Sierra,091,2930,154,138,17,155,0
2021-10-06,Siskiyou,093,43540,3195,3116,1216,4332,42
2021-10-06,Solano,095,438530,44485,44185,1163,45348,328
2021-10-06,Sonoma,097,501317,40061,39787,512,40299,383
2021-10-06,Stanislaus,099,539301,75502,74699,8668,83367,1114
2021-10-06,Sutter,101,95872,13410,13284,293,13577,164
2021-10-06,Tehama,103,63373,7788,7629,1345,8974,99
2021-10-06,Trinity,105,12862,738,656,190,846,11
2021-10-06,Tulare,107,460477,64189,63198,14167,77365,926
2021-10-06,Tuolumne,109,53932,6607,6486,74,6560,89
2021-10-06,Ventura,111,848112,95943,95449,4267,99716,1158
2021-10-06,Yolo,113,214977,18990,18815,1048,19863,247
2021-10-06,Yuba,115,75493,9643,9520,234,9754,69
2021-10-05,Alameda,001,1643700,116698,115968,2820,118788,1350
2021-10-05,Alpine,003,1148,102,102,0,102,0
2021-10-05,Amador,005,37829,5280,5194,58,5252,61
2021-10-05,Butte,007,227075,19537,19137,3615,22752,246
2021-10-05,Calaveras,009,45235,3717,3657,45,3702,73
2021-10-05,Colusa,011,21464,2429,2414,579,2993,18
2021-10-05,Contra Costa,013,1133247,96622,96108,2085,98193,941
2021-10-05,Del Norte,015,27424,3577,3485,45,3530,39
2021-10-05,El Dorado,017,186661,15274,15052,1617,16669,140
2021-10-05,Fresno,019,978130,131421,129957,11766,141723,1987
2021-10-05,Glenn,021,27897,3299,3270,953,4223,26
2021-10-05,Humboldt,023,135768,8547,8398,467,8865,94
2021-10-05,Imperial,025,180216,32105,31909,3193,35102,759
2021-10-05,Inyo,027,18085,1854,1800,32,1832,39
2021-10-05,Kern,029,883053,120717,119260,20097,139357,1540
2021-10-05,Kings,031,150075,30165,29749,1859,31608,301
2021-10-05,Lake,033,64148,6362,6264,132,6396,97
2021-10-05,Lassen,035,31185,6523,6417,319,6736,25
2021-10-05,Los Angeles,037,10098052,1408790,1400300,54124,1454424,26223
2021-10-05,Madera,039,155013,21542,21183,1777,22960,269
2021-10-05,Marin,041,260295,17106,17024,434,17458,242
2021-10-05,Mariposa,043,17540,1066,1033,26,1059,5
2021-10-05,Mendocino,045,87422,7046,6972,404,7376,79
2021-10-05,Merced,047,269075,39969,39608,1560,41168,562
2021-10-05,Modoc,049,8938,489,475,171,646,5
2021-10-05,Mono,051,14174,1592,1565,16,1581,3
2021-10-05,Monterey,053,433212,47281,47087,3359,50446,573
2021-10-05,Napa,055,140530,12624,12533,97,12630,96
2021-10-05,Nevada,057,99092,8672,8576,315,8891,90
2021-10-05,Orange,059,3164182,300887,298589,14621,313210,5441
2021-10-05,Placer,061,380077,35172,34728,3477,38205,382
2021-10-05,Plumas,063,18699,1449,1357,29,1386,6
2021-10-05,Riverside,065,2383286,351561,349365,16447,365812,4942
2021-10-05,Sacramento,067,1510023,152025,151111,4196,155307,2126
2021-10-05,San Benito,069,59416,7133,7103,158,7261,69
2021-10-05,San Bernardino,071,2135413,344656,342711,11073,353784,5557
2021-10-05,San Diego,073,3302833,361803,359194,20894,380088,4092
2021-10-05,San Francisco,075,870044,51201,50826,2506,53332,641
2021-10-05,San Joaquin,077,732212,96155,95276,5326,100602,1651
2021-10-05,San Luis Obispo,079,281455,28373,28113,1174,29287,324
2021-10-05,San Mateo,081,765935,52267,52008,1412,53420,569
2021-10-05,Santa Barbara,083,443738,43298,42595,1609,44204,511
2021-10-05,Santa Clara,085,1922200,142831,141971,1221,143192,1873
2021-10-05,Santa Cruz,087,273765,19758,19582,1040,20622,216
2021-10-05,Shasta,089,179085,19690,19285,3371,22656,286
2021-10-05,Sierra,091,2930,150,136,17,153,0
2021-10-05,Siskiyou,093,43540,3181,3107,1216,4323,42
2021-10-05,Solano,095,438530,44416,44149,1161,45310,325
2021-10-05,Sonoma,097,501317,40006,39756,507,40263,383
2021-10-05,Stanislaus,099,539301,75340,74599,8651,83250,1114
2021-10-05,Sutter,101,95872,13382,13270,292,13562,164
2021-10-05,Tehama,103,63373,7760,7607,1336,8943,98
2021-10-05,Trinity,105,12862,735,655,190,845,11
2021-10-05,Tulare,107,460477,63986,63093,14113,77206,920
2021-10-05,Tuolumne,109,53932,6592,6473,73,6546,89
2021-10-05,Ventura,111,848112,95838,95351,4266,99617,1155
2021-10-05,Yolo,113,214977,18956,18782,1042,19824,245
2021-10-05,Yuba,115,75493,9611,9504,231,9735,69
2021-10-04,Alameda,001,1643700,116541,115845,2816,118661,1347
2021-10-04,Alpine,003,1148,102,102,0,102,0
2021-10-04,Amador,005,37829,5270,5163,57,5220,61
2021-10-04,Butte,007,227075,19460,19081,3603,22684,245
2021-10-04,Calaveras,009,45235,3708,3641,45,3686,73
2021-10-04,Colusa,011,21464,2428,2414,578,2992,18
2021-10-04,Contra Costa,013,1133247,96481,95958,2080,98038,937
2021-10-04,Del Norte,015,27424,3575,3485,41,3526,39
2021-10-04,El Dorado,017,186661,15226,15031,1610,16641,138
2021-10-04,Fresno,019,978130,131113,129665,11745,141410,1978
2021-10-04,Glenn,021,27897,3293,3270,947,4217,26
2021-10-04,Humboldt,023,135768,8513,8355,459,8814,94
2021-10-04,Imperial,025,180216,32056,31866,3186,35052,757
2021-10-04,Inyo,027,18085,1842,1792,29,1821,39
2021-10-04,Kern,029,883053,120433,118984,19969,138953,1531
2021-10-04,Kings,031,150075,30072,29702,1855,31557,303
2021-10-04,Lake,033,64148,6349,6248,132,6380,97
2021-10-04,Lassen,035,31185,6507,6405,319,6724,25
2021-10-04,Los Angeles,037,10098052,1407680,1399604,54065,1453669,26186
2021-10-04,Madera,039,155013,21478,21126,1767,22893,266
2021-10-04,Marin,041,260295,17090,17008,433,17441,242
2021-10-04,Mariposa,043,17540,1054,1024,26,1050,5
2021-10-04,Mendocino,045,87422,7028,6947,400,7347,79
2021-10-04,Merced,047,269075,39854,39565,1543,41108,558
2021-10-04,Modoc,049,8938,486,473,171,644,5
2021-10-04,Mono,051,14174,1582,1561,16,1577,3
2021-10-04,Monterey,053,433212,47261,47058,3351,50409,571
2021-10-04,Napa,055,140530,12600,12506,97,12603,96
2021-10-04,Nevada,057,99092,8652,8563,315,8878,90
2021-10-04,Orange,059,3164182,300595,298165,14586,312751,5438
2021-10-04,Placer,061,380077,35088,34630,3449,38079,379
2021-10-04,Plumas,063,18699,1427,1329,29,1358,6
2021-10-04,Riverside,065,2383286,351180,348828,16437,365265,4923
2021-10-04,Sacramento,067,1510023,151701,150887,4169,155056,2115
2021-10-04,San Benito,069,59416,7120,7099,158,7257,69
2021-10-04,San Bernardino,071,2135413,344300,342418,11061,353479,5551
2021-10-04,San Diego,073,3302833,361225,358525,20863,379388,4090
2021-10-04,San Francisco,075,870044,51107,50798,2501,53299,638
2021-10-04,San Joaquin,077,732212,95957,95198,5305,100503,1649
2021-10-04,San Luis Obispo,079,281455,28328,28090,1168,29258,323
2021-10-04,San Mateo,081,765935,52215,51958,1404,53362,569
2021-10-04,Santa Barbara,083,443738,43216,42585,1608,44193,511
2021-10-04,Santa Clara,085,1922200,142687,141840,1215,143055,1869
2021-10-04,Santa Cruz,087,273765,19729,19559,1039,20598,216
2021-10-04,Shasta,089,179085,19584,19170,3356,22526,279
2021-10-04,Sierra,091,2930,143,136,16,152,0
2021-10-04,Siskiyou,093,43540,3172,3103,1201,4304,42
2021-10-04,Solano,095,438530,44360,44092,1159,45251,322
2021-10-04,Sonoma,097,501317,39942,39720,506,40226,381
2021-10-04,Stanislaus,099,539301,75187,74444,8632,83076,1106
2021-10-04,Sutter,101,95872,13354,13261,291,13552,164
2021-10-04,Tehama,103,63373,7719,7585,1330,8915,95
2021-10-04,Trinity,105,12862,734,649,189,838,11
2021-10-04,Tulare,107,460477,63799,62957,14044,77001,920
2021-10-04,Tuolumne,109,53932,6566,6442,73,6515,89
2021-10-04,Ventura,111,848112,95751,95170,4260,99430,1153
2021-10-04,Yolo,113,214977,18912,18761,1037,19798,242
2021-10-04,Yuba,115,75493,9572,9481,229,9710,68
2021-10-03,Alameda,001,1643700,116402,115751,2807,118558,1349
2021-10-03,Alpine,003,1148,102,102,0,102,0
2021-10-03,Amador,005,37829,5252,5160,55,5215,61
2021-10-03,Butte,007,227075,19386,19066,3587,22653,245
2021-10-03,Calaveras,009,45235,3691,3632,45,3677,73
2021-10-03,Colusa,011,21464,2427,2413,575,2988,18
2021-10-03,Contra Costa,013,1133247,96351,95890,2073,97963,937
2021-10-03,Del Norte,015,27424,3569,3483,40,3523,39
2021-10-03,El Dorado,017,186661,15168,15014,1603,16617,139
2021-10-03,Fresno,019,978130,130734,129365,11711,141076,1978
2021-10-03,Glenn,021,27897,3281,3266,939,4205,26
2021-10-03,Humboldt,023,135768,8468,8352,455,8807,94
2021-10-03,Imperial,025,180216,31989,31844,3178,35022,757
2021-10-03,Inyo,027,18085,1822,1788,28,1816,39
2021-10-03,Kern,029,883053,120129,118851,19847,138698,1535
2021-10-03,Kings,031,150075,29973,29623,1847,31470,300
2021-10-03,Lake,033,64148,6323,6239,132,6371,97
2021-10-03,Lassen,035,31185,6485,6400,317,6717,25
2021-10-03,Los Angeles,037,10098052,1406409,1398790,54009,1452799,26179
2021-10-03,Madera,039,155013,21406,21066,1758,22824,266
2021-10-03,Marin,041,260295,17067,16995,428,17423,242
2021-10-03,Mariposa,043,17540,1047,1011,26,1037,5
2021-10-03,Mendocino,045,87422,7008,6939,391,7330,79
2021-10-03,Merced,047,269075,39746,39516,1526,41042,558
2021-10-03,Modoc,049,8938,485,472,170,642,5
2021-10-03,Mono,051,14174,1571,1554,16,1570,3
2021-10-03,Monterey,053,433212,47241,47049,3335,50384,571
2021-10-03,Napa,055,140530,12572,12489,95,12584,96
2021-10-03,Nevada,057,99092,8617,8545,315,8860,90
2021-10-03,Orange,059,3164182,300314,298027,14568,312595,5447
2021-10-03,Placer,061,380077,34950,34596,3432,38028,379
2021-10-03,Plumas,063,18699,1399,1328,29,1357,6
2021-10-03,Riverside,065,2383286,350749,348593,16417,365010,4924
2021-10-03,Sacramento,067,1510023,151412,150664,4140,154804,2120
2021-10-03,San Benito,069,59416,7111,7095,158,7253,69
2021-10-03,San Bernardino,071,2135413,343894,342302,11052,353354,5555
2021-10-03,San Diego,073,3302833,360631,358153,20827,378980,4081
2021-10-03,San Francisco,075,870044,51022,50733,2495,53228,638
2021-10-03,San Joaquin,077,732212,95767,95133,5297,100430,1649
2021-10-03,San Luis Obispo,079,281455,28261,28065,1163,29228,325
2021-10-03,San Mateo,081,765935,52158,51923,1394,53317,569
2021-10-03,Santa Barbara,083,443738,43121,42550,1600,44150,511
2021-10-03,Santa Clara,085,1922200,142517,141737,1207,142944,1869
2021-10-03,Santa Cruz,087,273765,19689,19548,1037,20585,216
2021-10-03,Shasta,089,179085,19479,19132,3326,22458,279
2021-10-03,Sierra,091,2930,140,136,16,152,0
2021-10-03,Siskiyou,093,43540,3159,3096,1190,4286,42
2021-10-03,Solano,095,438530,44301,44051,1156,45207,322
2021-10-03,Sonoma,097,501317,39876,39679,506,40185,381
2021-10-03,Stanislaus,099,539301,74999,74366,8614,82980,1106
2021-10-03,Sutter,101,95872,13339,13248,287,13535,164
2021-10-03,Tehama,103,63373,7676,7564,1325,8889,94
2021-10-03,Trinity,105,12862,730,647,187,834,11
2021-10-03,Tulare,107,460477,63608,62860,13969,76829,924
2021-10-03,Tuolumne,109,53932,6537,6430,71,6501,89
2021-10-03,Ventura,111,848112,95641,95108,4257,99365,1153
2021-10-03,Yolo,113,214977,18882,18720,1030,19750,242
2021-10-03,Yuba,115,75493,9554,9462,228,9690,68
2021-10-02,Alameda,001,1643700,116299,115185,2803,117988,1343
2021-10-02,Alpine,003,1148,102,102,0,102,0
2021-10-02,Amador,005,37829,5243,5105,55,5160,61
2021-10-02,Butte,007,227075,19356,18911,3580,22491,243
2021-10-02,Calaveras,009,45235,3684,3585,45,3630,72
2021-10-02,Colusa,011,21464,2426,2403,573,2976,18
2021-10-02,Contra Costa,013,1133247,96280,95369,2069,97438,933
2021-10-02,Del Norte,015,27424,3564,3468,40,3508,39
2021-10-02,El Dorado,017,186661,15142,14887,1602,16489,136
2021-10-02,Fresno,019,978130,130563,128450,11700,140150,1964
2021-10-02,Glenn,021,27897,3281,3234,939,4173,26
2021-10-02,Humboldt,023,135768,8450,8244,454,8698,94
2021-10-02,Imperial,025,180216,31955,31674,3174,34848,757
2021-10-02,Inyo,027,18085,1813,1746,28,1774,39
2021-10-02,Kern,029,883053,119996,117962,19764,137726,1524
2021-10-02,Kings,031,150075,29923,29339,1844,31183,301
2021-10-02,Lake,033,64148,6314,6191,132,6323,97
2021-10-02,Lassen,035,31185,6480,6360,317,6677,25
2021-10-02,Los Angeles,037,10098052,1405805,1395070,53972,1449042,26126
2021-10-02,Madera,039,155013,21381,20931,1749,22680,266
2021-10-02,Marin,041,260295,17062,16936,425,17361,242
2021-10-02,Mariposa,043,17540,1045,967,26,993,5
2021-10-02,Mendocino,045,87422,6998,6869,391,7260,78
2021-10-02,Merced,047,269075,39719,39196,1523,40719,552
2021-10-02,Modoc,049,8938,483,468,170,638,5
2021-10-02,Mono,051,14174,1569,1540,16,1556,3
2021-10-02,Monterey,053,433212,47196,46964,3326,50290,571
2021-10-02,Napa,055,140530,12562,12433,95,12528,96
2021-10-02,Nevada,057,99092,8606,8474,314,8788,87
2021-10-02,Orange,059,3164182,300149,297307,14547,311854,5435
2021-10-02,Placer,061,380077,34884,34377,3423,37800,381
2021-10-02,Plumas,063,18699,1388,1298,29,1327,6
2021-10-02,Riverside,065,2383286,350508,347227,16406,363633,4895
2021-10-02,Sacramento,067,1510023,151238,149897,4131,154028,2099
2021-10-02,San Benito,069,59416,7104,7055,158,7213,69
2021-10-02,San Bernardino,071,2135413,343710,341212,11002,352214,5540
2021-10-02,San Diego,073,3302833,360311,356454,20803,377257,4078
2021-10-02,San Francisco,075,870044,50976,50393,2487,52880,634
2021-10-02,San Joaquin,077,732212,95703,94599,5291,99890,1646
2021-10-02,San Luis Obispo,079,281455,28238,27915,1163,29078,323
2021-10-02,San Mateo,081,765935,52119,51767,1388,53155,573
2021-10-02,Santa Barbara,083,443738,43081,42423,1600,44023,508
2021-10-02,Santa Clara,085,1922200,142403,141231,1203,142434,1862
2021-10-02,Santa Cruz,087,273765,19672,19461,1036,20497,214
2021-10-02,Shasta,089,179085,19433,18912,3320,22232,270
2021-10-02,Sierra,091,2930,139,131,16,147,0
2021-10-02,Siskiyou,093,43540,3158,3053,1187,4240,42
2021-10-02,Solano,095,438530,44256,43800,1155,44955,321
2021-10-02,Sonoma,097,501317,39842,39497,505,40002,382
2021-10-02,Stanislaus,099,539301,74913,73859,8600,82459,1099
2021-10-02,Sutter,101,95872,13330,13160,286,13446,160
2021-10-02,Tehama,103,63373,7661,7453,1325,8778,93
2021-10-02,Trinity,105,12862,727,625,187,812,10
2021-10-02,Tulare,107,460477,63534,62247,13942,76189,908
2021-10-02,Tuolumne,109,53932,6523,6369,71,6440,89
2021-10-02,Ventura,111,848112,95579,94854,4253,99107,1148
2021-10-02,Yolo,113,214977,18857,18640,1026,19666,242
2021-10-02,Yuba,115,75493,9535,9370,227,9597,66
2021-10-01,Alameda,001,1643700,116227,115185,2797,117982,1343
2021-10-01,Alpine,003,1148,102,102,0,102,0
2021-10-01,Amador,005,37829,5223,5105,55,5160,61
2021-10-01,Butte,007,227075,19315,18911,3574,22485,243
2021-10-01,Calaveras,009,45235,3674,3585,45,3630,72
2021-10-01,Colusa,011,21464,2424,2403,573,2976,18
2021-10-01,Contra Costa,013,1133247,96183,95369,2065,97434,933
2021-10-01,Del Norte,015,27424,3561,3468,39,3507,39
2021-10-01,El Dorado,017,186661,15124,14887,1598,16485,136
2021-10-01,Fresno,019,978130,130375,128450,11690,140140,1964
2021-10-01,Glenn,021,27897,3281,3234,937,4171,26
2021-10-01,Humboldt,023,135768,8434,8244,453,8697,94
2021-10-01,Imperial,025,180216,31936,31674,3165,34839,757
2021-10-01,Inyo,027,18085,1804,1746,28,1774,39
2021-10-01,Kern,029,883053,119845,117962,19704,137666,1524
2021-10-01,Kings,031,150075,29889,29339,1838,31177,301
2021-10-01,Lake,033,64148,6304,6191,132,6323,97
2021-10-01,Lassen,035,31185,6469,6360,315,6675,25
2021-10-01,Los Angeles,037,10098052,1405046,1395070,53927,1448997,26126
2021-10-01,Madera,039,155013,21331,20931,1739,22670,266
2021-10-01,Marin,041,260295,17047,16936,424,17360,242
2021-10-01,Mariposa,043,17540,1038,967,26,993,5
2021-10-01,Mendocino,045,87422,6986,6869,391,7260,78
2021-10-01,Merced,047,269075,39674,39196,1513,40709,552
2021-10-01,Modoc,049,8938,482,468,170,638,5
2021-10-01,Mono,051,14174,1567,1540,16,1556,3
2021-10-01,Monterey,053,433212,47177,46964,3321,50285,571
2021-10-01,Napa,055,140530,12552,12433,94,12527,96
2021-10-01,Nevada,057,99092,8592,8474,313,8787,87
2021-10-01,Orange,059,3164182,299965,297307,14530,311837,5435
2021-10-01,Placer,061,380077,34850,34377,3419,37796,381
2021-10-01,Plumas,063,18699,1379,1298,29,1327,6
2021-10-01,Riverside,065,2383286,350215,347227,16399,363626,4895
2021-10-01,Sacramento,067,1510023,151086,149897,4120,154017,2099
2021-10-01,San Benito,069,59416,7102,7055,156,7211,69
2021-10-01,San Bernardino,071,2135413,343512,341212,10999,352211,5540
2021-10-01,San Diego,073,3302833,359944,356454,20781,377235,4078
2021-10-01,San Francisco,075,870044,50933,50393,2485,52878,634
2021-10-01,San Joaquin,077,732212,95633,94599,5287,99886,1646
2021-10-01,San Luis Obispo,079,281455,28215,27915,1160,29075,323
2021-10-01,San Mateo,081,765935,52085,51767,1379,53146,573
2021-10-01,Santa Barbara,083,443738,43046,42423,1600,44023,508
2021-10-01,Santa Clara,085,1922200,142311,141231,1197,142428,1862
2021-10-01,Santa Cruz,087,273765,19652,19461,1035,20496,214
2021-10-01,Shasta,089,179085,19379,18912,3312,22224,270
2021-10-01,Sierra,091,2930,139,131,16,147,0
2021-10-01,Siskiyou,093,43540,3157,3053,1184,4237,42
2021-10-01,Solano,095,438530,44204,43800,1149,44949,321
2021-10-01,Sonoma,097,501317,39810,39497,504,40001,382
2021-10-01,Stanislaus,099,539301,74831,73859,8588,82447,1099
2021-10-01,Sutter,101,95872,13314,13160,284,13444,160
2021-10-01,Tehama,103,63373,7649,7453,1323,8776,93
2021-10-01,Trinity,105,12862,725,625,187,812,10
2021-10-01,Tulare,107,460477,63431,62247,13907,76154,908
2021-10-01,Tuolumne,109,53932,6506,6369,71,6440,89
2021-10-01,Ventura,111,848112,95519,94854,4247,99101,1148
2021-10-01,Yolo,113,214977,18833,18640,1023,19663,242
2021-10-01,Yuba,115,75493,9513,9370,227,9597,66
2021-09-30,Alameda,001,1643700,116086,115185,2793,117978,1343
2021-09-30,Alpine,003,1148,102,102,0,102,0
2021-09-30,Amador,005,37829,5211,5105,55,5160,61
2021-09-30,Butte,007,227075,19266,18911,3566,22477,243
2021-09-30,Calaveras,009,45235,3660,3585,45,3630,72
2021-09-30,Colusa,011,21464,2421,2403,572,2975,18
2021-09-30,Contra Costa,013,1133247,96080,95369,2060,97429,933
2021-09-30,Del Norte,015,27424,3557,3468,36,3504,39
2021-09-30,El Dorado,017,186661,15099,14887,1590,16477,136
2021-09-30,Fresno,019,978130,130099,128450,11660,140110,1964
2021-09-30,Glenn,021,27897,3270,3234,937,4171,26
2021-09-30,Humboldt,023,135768,8402,8244,447,8691,94
2021-09-30,Imperial,025,180216,31885,31674,3163,34837,757
2021-09-30,Inyo,027,18085,1794,1746,28,1774,39
2021-09-30,Kern,029,883053,119602,117962,19621,137583,1524
2021-09-30,Kings,031,150075,29801,29339,1834,31173,301
2021-09-30,Lake,033,64148,6286,6191,132,6323,97
2021-09-30,Lassen,035,31185,6455,6360,315,6675,25
2021-09-30,Los Angeles,037,10098052,1403842,1395070,53865,1448935,26126
2021-09-30,Madera,039,155013,21248,20931,1724,22655,266
2021-09-30,Marin,041,260295,17027,16936,423,17359,242
2021-09-30,Mariposa,043,17540,1016,967,26,993,5
2021-09-30,Mendocino,045,87422,6977,6869,382,7251,78
2021-09-30,Merced,047,269075,39577,39196,1510,40706,552
2021-09-30,Modoc,049,8938,482,468,169,637,5
2021-09-30,Mono,051,14174,1558,1540,16,1556,3
2021-09-30,Monterey,053,433212,47158,46964,3299,50263,571
2021-09-30,Napa,055,140530,12532,12433,94,12527,96
2021-09-30,Nevada,057,99092,8575,8474,312,8786,87
2021-09-30,Orange,059,3164182,299695,297307,14492,311799,5435
2021-09-30,Placer,061,380077,34798,34377,3398,37775,381
2021-09-30,Plumas,063,18699,1361,1298,29,1327,6
2021-09-30,Riverside,065,2383286,349783,347227,16377,363604,4895
2021-09-30,Sacramento,067,1510023,150831,149897,4094,153991,2099
2021-09-30,San Benito,069,59416,7096,7055,156,7211,69
2021-09-30,San Bernardino,071,2135413,343201,341212,10985,352197,5540
2021-09-30,San Diego,073,3302833,359452,356454,20753,377207,4078
2021-09-30,San Francisco,075,870044,50858,50393,2481,52874,634
2021-09-30,San Joaquin,077,732212,95505,94599,5279,99878,1646
2021-09-30,San Luis Obispo,079,281455,28168,27915,1156,29071,323
2021-09-30,San Mateo,081,765935,52041,51767,1374,53141,573
2021-09-30,Santa Barbara,083,443738,42991,42423,1599,44022,508
2021-09-30,Santa Clara,085,1922200,142161,141231,1193,142424,1862
2021-09-30,Santa Cruz,087,273765,19613,19461,1033,20494,214
2021-09-30,Shasta,089,179085,19317,18912,3297,22209,270
2021-09-30,Sierra,091,2930,138,131,16,147,0
2021-09-30,Siskiyou,093,43540,3149,3053,1179,4232,42
2021-09-30,Solano,095,438530,44155,43800,1146,44946,321
2021-09-30,Sonoma,097,501317,39761,39497,504,40001,382
2021-09-30,Stanislaus,099,539301,74672,73859,8567,82426,1099
2021-09-30,Sutter,101,95872,13293,13160,284,13444,160
2021-09-30,Tehama,103,63373,7612,7453,1312,8765,93
2021-09-30,Trinity,105,12862,721,625,187,812,10
2021-09-30,Tulare,107,460477,63262,62247,13846,76093,908
2021-09-30,Tuolumne,109,53932,6483,6369,71,6440,89
2021-09-30,Ventura,111,848112,95424,94854,4241,99095,1148
2021-09-30,Yolo,113,214977,18795,18640,1019,19659,242
2021-09-30,Yuba,115,75493,9490,9370,226,9596,66
2021-09-29,Alameda,001,1643700,115942,114998,2789,117787,1339
2021-09-29,Alpine,003,1148,102,101,0,101,0
2021-09-29,Amador,005,37829,5189,5058,55,5113,61
2021-09-29,Butte,007,227075,19212,18835,3559,22394,242
2021-09-29,Calaveras,009,45235,3643,3553,44,3597,72
2021-09-29,Colusa,011,21464,2419,2401,572,2973,18
2021-09-29,Contra Costa,013,1133247,95966,95213,2053,97266,929
2021-09-29,Del Norte,015,27424,3551,3467,36,3503,39
2021-09-29,El Dorado,017,186661,15068,14834,1583,16417,136
2021-09-29,Fresno,019,978130,129802,128068,11640,139708,1957
2021-09-29,Glenn,021,27897,3263,3213,935,4148,26
2021-09-29,Humboldt,023,135768,8379,8203,446,8649,94
2021-09-29,Imperial,025,180216,31818,31600,3158,34758,757
2021-09-29,Inyo,027,18085,1784,1740,27,1767,39
2021-09-29,Kern,029,883053,119368,117605,19544,137149,1513
2021-09-29,Kings,031,150075,29717,29195,1819,31014,299
2021-09-29,Lake,033,64148,6266,6164,132,6296,97
2021-09-29,Lassen,035,31185,6441,6347,315,6662,25
2021-09-29,Los Angeles,037,10098052,1402638,1393617,53793,1447410,26098
2021-09-29,Madera,039,155013,21203,20818,1709,22527,266
2021-09-29,Marin,041,260295,17009,16921,421,17342,242
2021-09-29,Mariposa,043,17540,1002,963,26,989,5
2021-09-29,Mendocino,045,87422,6965,6821,374,7195,78
2021-09-29,Merced,047,269075,39484,39026,1498,40524,552
2021-09-29,Modoc,049,8938,480,468,169,637,5
2021-09-29,Mono,051,14174,1557,1527,16,1543,3
2021-09-29,Monterey,053,433212,47129,46917,3279,50196,571
2021-09-29,Napa,055,140530,12512,12416,90,12506,96
2021-09-29,Nevada,057,99092,8562,8434,312,8746,87
2021-09-29,Orange,059,3164182,299427,296936,14457,311393,5429
2021-09-29,Placer,061,380077,34734,34271,3375,37646,379
2021-09-29,Plumas,063,18699,1342,1289,29,1318,6
2021-09-29,Riverside,065,2383286,349347,346558,16366,362924,4886
2021-09-29,Sacramento,067,1510023,150581,149686,4084,153770,2099
2021-09-29,San Benito,069,59416,7085,7039,156,7195,69
2021-09-29,San Bernardino,071,2135413,342881,340672,10972,351644,5539
2021-09-29,San Diego,073,3302833,358950,355899,20723,376622,4066
2021-09-29,San Francisco,075,870044,50773,50286,2478,52764,629
2021-09-29,San Joaquin,077,732212,95347,94356,5257,99613,1645
2021-09-29,San Luis Obispo,079,281455,28122,27800,1150,28950,323
2021-09-29,San Mateo,081,765935,51987,51673,1367,53040,573
2021-09-29,Santa Barbara,083,443738,42919,42328,1595,43923,507
2021-09-29,Santa Clara,085,1922200,142028,141036,1187,142223,1861
2021-09-29,Santa Cruz,087,273765,19596,19425,1031,20456,214
2021-09-29,Shasta,089,179085,19251,18805,3285,22090,271
2021-09-29,Sierra,091,2930,134,130,16,146,0
2021-09-29,Siskiyou,093,43540,3136,3043,1172,4215,42
2021-09-29,Solano,095,438530,44099,43724,1139,44863,321
2021-09-29,Sonoma,097,501317,39700,39426,502,39928,370
2021-09-29,Stanislaus,099,539301,74543,73634,8554,82188,1096
2021-09-29,Sutter,101,95872,13266,13135,281,13416,155
2021-09-29,Tehama,103,63373,7582,7409,1297,8706,88
2021-09-29,Trinity,105,12862,717,616,187,803,10
2021-09-29,Tulare,107,460477,63093,62046,13786,75832,908
2021-09-29,Tuolumne,109,53932,6466,6336,71,6407,89
2021-09-29,Ventura,111,848112,95336,94753,4237,98990,1144
2021-09-29,Yolo,113,214977,18762,18587,1014,19601,239
2021-09-29,Yuba,115,75493,9459,9351,222,9573,66
2021-09-28,Alameda,001,1643700,115784,114869,2782,117651,1333
2021-09-28,Alpine,003,1148,102,101,0,101,0
2021-09-28,Amador,005,37829,5167,5049,55,5104,61
2021-09-28,Butte,007,227075,19160,18764,3546,22310,241
2021-09-28,Calaveras,009,45235,3623,3530,44,3574,72
2021-09-28,Colusa,011,21464,2416,2399,570,2969,18
2021-09-28,Contra Costa,013,1133247,95824,95115,2048,97163,929
2021-09-28,Del Norte,015,27424,3548,3462,36,3498,39
2021-09-28,El Dorado,017,186661,15021,14793,1579,16372,133
2021-09-28,Fresno,019,978130,129457,127877,11613,139490,1948
2021-09-28,Glenn,021,27897,3257,3205,934,4139,26
2021-09-28,Humboldt,023,135768,8337,8159,443,8602,91
2021-09-28,Imperial,025,180216,31774,31543,3154,34697,757
2021-09-28,Inyo,027,18085,1770,1708,26,1734,39
2021-09-28,Kern,029,883053,119100,117420,19447,136867,1506
2021-09-28,Kings,031,150075,29619,29141,1809,30950,295
2021-09-28,Lake,033,64148,6251,6155,132,6287,95
2021-09-28,Lassen,035,31185,6435,6340,311,6651,25
2021-09-28,Los Angeles,037,10098052,1401349,1392445,53724,1446169,26068
2021-09-28,Madera,039,155013,21150,20764,1695,22459,266
2021-09-28,Marin,041,260295,16990,16887,419,17306,242
2021-09-28,Mariposa,043,17540,997,952,26,978,5
2021-09-28,Mendocino,045,87422,6943,6804,372,7176,78
2021-09-28,Merced,047,269075,39398,38953,1484,40437,551
2021-09-28,Modoc,049,8938,479,467,169,636,5
2021-09-28,Mono,051,14174,1547,1527,16,1543,3
2021-09-28,Monterey,053,433212,47097,46859,3265,50124,571
2021-09-28,Napa,055,140530,12495,12388,89,12477,96
2021-09-28,Nevada,057,99092,8539,8409,311,8720,84
2021-09-28,Orange,059,3164182,299178,296596,14429,311025,5421
2021-09-28,Placer,061,380077,34669,34187,3357,37544,370
2021-09-28,Plumas,063,18699,1332,1276,29,1305,6
2021-09-28,Riverside,065,2383286,348886,346096,16344,362440,4874
2021-09-28,Sacramento,067,1510023,150305,149310,4052,153362,2086
2021-09-28,San Benito,069,59416,7068,7028,155,7183,69
2021-09-28,San Bernardino,071,2135413,342531,340342,10954,351296,5540
2021-09-28,San Diego,073,3302833,358388,355373,20692,376065,4054
2021-09-28,San Francisco,075,870044,50676,50234,2472,52706,627
2021-09-28,San Joaquin,077,732212,95194,94194,5244,99438,1639
2021-09-28,San Luis Obispo,079,281455,28087,27755,1145,28900,321
2021-09-28,San Mateo,081,765935,51947,51620,1362,52982,571
2021-09-28,Santa Barbara,083,443738,42847,42226,1591,43817,506
2021-09-28,Santa Clara,085,1922200,141866,140886,1178,142064,1858
2021-09-28,Santa Cruz,087,273765,19555,19324,1030,20354,214
2021-09-28,Shasta,089,179085,19189,18701,3270,21971,267
2021-09-28,Sierra,091,2930,133,130,15,145,0
2021-09-28,Siskiyou,093,43540,3124,3032,1168,4200,42
2021-09-28,Solano,095,438530,44026,43652,1136,44788,316
2021-09-28,Sonoma,097,501317,39653,39395,501,39896,370
2021-09-28,Stanislaus,099,539301,74374,73528,8540,82068,1094
2021-09-28,Sutter,101,95872,13247,13102,277,13379,155
2021-09-28,Tehama,103,63373,7564,7382,1282,8664,88
2021-09-28,Trinity,105,12862,714,613,187,800,10
2021-09-28,Tulare,107,460477,62934,61916,13726,75642,905
2021-09-28,Tuolumne,109,53932,6440,6308,71,6379,89
2021-09-28,Ventura,111,848112,95217,94632,4234,98866,1143
2021-09-28,Yolo,113,214977,18736,18564,1011,19575,239
2021-09-28,Yuba,115,75493,9440,9323,221,9544,66
2021-09-27,Alameda,001,1643700,115598,114731,2773,117504,1327
2021-09-27,Alpine,003,1148,102,101,0,101,0
2021-09-27,Amador,005,37829,5153,5017,55,5072,59
2021-09-27,Butte,007,227075,19103,18687,3530,22217,239
2021-09-27,Calaveras,009,45235,3603,3514,43,3557,70
2021-09-27,Colusa,011,21464,2415,2393,569,2962,18
2021-09-27,Contra Costa,013,1133247,95693,94979,2039,97018,924
2021-09-27,Del Norte,015,27424,3546,3468,34,3502,37
2021-09-27,El Dorado,017,186661,14982,14764,1572,16336,132
2021-09-27,Fresno,019,978130,129137,127475,11580,139055,1942
2021-09-27,Glenn,021,27897,3244,3189,930,4119,26
2021-09-27,Humboldt,023,135768,8297,8118,443,8561,91
2021-09-27,Imperial,025,180216,31711,31491,3147,34638,756
2021-09-27,Inyo,027,18085,1758,1698,26,1724,39
2021-09-27,Kern,029,883053,118825,117064,19348,136412,1503
2021-09-27,Kings,031,150075,29521,28998,1797,30795,297
2021-09-27,Lake,033,64148,6231,6126,132,6258,95
2021-09-27,Lassen,035,31185,6420,6327,307,6634,25
2021-09-27,Los Angeles,037,10098052,1400018,1391538,53653,1445191,26040
2021-09-27,Madera,039,155013,21085,20691,1687,22378,262
2021-09-27,Marin,041,260295,16968,16861,418,17279,242
2021-09-27,Mariposa,043,17540,987,931,26,957,5
2021-09-27,Mendocino,045,87422,6917,6761,365,7126,74
2021-09-27,Merced,047,269075,39300,38840,1478,40318,548
2021-09-27,Modoc,049,8938,478,465,167,632,5
2021-09-27,Mono,051,14174,1532,1525,16,1541,3
2021-09-27,Monterey,053,433212,47058,46811,3252,50063,571
2021-09-27,Napa,055,140530,12471,12354,88,12442,95
2021-09-27,Nevada,057,99092,8516,8379,308,8687,84
2021-09-27,Orange,059,3164182,298872,296334,14399,310733,5409
2021-09-27,Placer,061,380077,34582,34087,3352,37439,370
2021-09-27,Plumas,063,18699,1323,1269,29,1298,6
2021-09-27,Riverside,065,2383286,348445,345529,16334,361863,4864
2021-09-27,Sacramento,067,1510023,149989,149096,4029,153125,2076
2021-09-27,San Benito,069,59416,7051,7017,155,7172,67
2021-09-27,San Bernardino,071,2135413,342120,339952,10930,350882,5544
2021-09-27,San Diego,073,3302833,357730,354755,20667,375422,4054
2021-09-27,San Francisco,075,870044,50592,50157,2469,52626,622
2021-09-27,San Joaquin,077,732212,95011,94085,5241,99326,1633
2021-09-27,San Luis Obispo,079,281455,28032,27674,1142,28816,320
2021-09-27,San Mateo,081,765935,51881,51552,1353,52905,571
2021-09-27,Santa Barbara,083,443738,42781,42012,1587,43599,505
2021-09-27,Santa Clara,085,1922200,141685,140802,1167,141969,1853
2021-09-27,Santa Cruz,087,273765,19532,19292,1029,20321,214
2021-09-27,Shasta,089,179085,19108,18599,3242,21841,267
2021-09-27,Sierra,091,2930,133,128,15,143,0
2021-09-27,Siskiyou,093,43540,3112,3015,1163,4178,42
2021-09-27,Solano,095,438530,43955,43582,1131,44713,314
2021-09-27,Sonoma,097,501317,39597,39347,501,39848,370
2021-09-27,Stanislaus,099,539301,74219,73370,8521,81891,1091
2021-09-27,Sutter,101,95872,13217,13082,273,13355,155
2021-09-27,Tehama,103,63373,7523,7345,1272,8617,88
2021-09-27,Trinity,105,12862,703,605,186,791,9
2021-09-27,Tulare,107,460477,62736,61708,13654,75362,904
2021-09-27,Tuolumne,109,53932,6422,6264,71,6335,89
2021-09-27,Ventura,111,848112,95094,94477,4230,98707,1138
2021-09-27,Yolo,113,214977,18704,18524,1010,19534,239
2021-09-27,Yuba,115,75493,9403,9292,217,9509,64
2021-09-26,Alameda,001,1643700,115401,114601,2766,117367,1326
2021-09-26,Alpine,003,1148,101,101,0,101,0
2021-09-26,Amador,005,37829,5121,5001,54,5055,59
2021-09-26,Butte,007,227075,19027,18634,3513,22147,238
2021-09-26,Calaveras,009,45235,3581,3505,43,3548,70
2021-09-26,Colusa,011,21464,2409,2392,566,2958,18
2021-09-26,Contra Costa,013,1133247,95521,94877,2026,96903,924
2021-09-26,Del Norte,015,27424,3540,3466,33,3499,37
2021-09-26,El Dorado,017,186661,14941,14738,1564,16302,132
2021-09-26,Fresno,019,978130,128782,127235,11541,138776,1939
2021-09-26,Glenn,021,27897,3232,3182,930,4112,26
2021-09-26,Humboldt,023,135768,8262,8098,442,8540,91
2021-09-26,Imperial,025,180216,31650,31462,3146,34608,756
2021-09-26,Inyo,027,18085,1743,1685,26,1711,39
2021-09-26,Kern,029,883053,118489,116927,19237,136164,1502
2021-09-26,Kings,031,150075,29421,28930,1785,30715,293
2021-09-26,Lake,033,64148,6214,6113,132,6245,95
2021-09-26,Lassen,035,31185,6410,6319,302,6621,25
2021-09-26,Los Angeles,037,10098052,1398533,1390577,53580,1444157,26035
2021-09-26,Madera,039,155013,21011,20629,1668,22297,262
2021-09-26,Marin,041,260295,16945,16860,418,17278,242
2021-09-26,Mariposa,043,17540,981,929,26,955,5
2021-09-26,Mendocino,045,87422,6884,6744,350,7094,74
2021-09-26,Merced,047,269075,39139,38717,1473,40190,548
2021-09-26,Modoc,049,8938,478,465,166,631,5
2021-09-26,Mono,051,14174,1530,1516,16,1532,3
2021-09-26,Monterey,053,433212,47013,46792,3237,50029,571
2021-09-26,Napa,055,140530,12447,12340,87,12427,95
2021-09-26,Nevada,057,99092,8485,8356,303,8659,84
2021-09-26,Orange,059,3164182,298540,296085,14366,310451,5409
2021-09-26,Placer,061,380077,34488,34043,3342,37385,370
2021-09-26,Plumas,063,18699,1304,1268,29,1297,6
2021-09-26,Riverside,065,2383286,347913,345257,16320,361577,4864
2021-09-26,Sacramento,067,1510023,149585,148745,4010,152755,2071
2021-09-26,San Benito,069,59416,7034,7012,154,7166,67
2021-09-26,San Bernardino,071,2135413,341668,339771,10915,350686,5545
2021-09-26,San Diego,073,3302833,357091,354414,20624,375038,4051
2021-09-26,San Francisco,075,870044,50468,50092,2459,52551,622
2021-09-26,San Joaquin,077,732212,94806,93935,5226,99161,1633
2021-09-26,San Luis Obispo,079,281455,27959,27624,1137,28761,319
2021-09-26,San Mateo,081,765935,51827,51496,1339,52835,571
2021-09-26,Santa Barbara,083,443738,42695,41946,1584,43530,505
2021-09-26,Santa Clara,085,1922200,141485,140667,1163,141830,1852
2021-09-26,Santa Cruz,087,273765,19507,19279,1029,20308,214
2021-09-26,Shasta,089,179085,18999,18566,3218,21784,266
2021-09-26,Sierra,091,2930,133,128,15,143,0
2021-09-26,Siskiyou,093,43540,3098,2998,1153,4151,42
2021-09-26,Solano,095,438530,43890,43537,1130,44667,314
2021-09-26,Sonoma,097,501317,39538,39302,501,39803,370
2021-09-26,Stanislaus,099,539301,74017,73243,8494,81737,1091
2021-09-26,Sutter,101,95872,13180,13045,272,13317,155
2021-09-26,Tehama,103,63373,7465,7323,1262,8585,88
2021-09-26,Trinity,105,12862,700,591,186,777,9
2021-09-26,Tulare,107,460477,62515,61560,13574,75134,904
2021-09-26,Tuolumne,109,53932,6394,6236,69,6305,89
2021-09-26,Ventura,111,848112,94982,94391,4224,98615,1138
2021-09-26,Yolo,113,214977,18669,18496,1002,19498,239
2021-09-26,Yuba,115,75493,9376,9275,217,9492,64
2021-09-25,Alameda,001,1643700,115326,114014,2762,116776,1324
2021-09-25,Alpine,003,1148,101,101,0,101,0
2021-09-25,Amador,005,37829,5108,4934,53,4987,59
2021-09-25,Butte,007,227075,18998,18396,3504,21900,236
2021-09-25,Calaveras,009,45235,3578,3461,43,3504,70
2021-09-25,Colusa,011,21464,2407,2387,564,2951,16
2021-09-25,Contra Costa,013,1133247,95450,94337,2022,96359,924
2021-09-25,Del Norte,015,27424,3539,3404,33,3437,35
2021-09-25,El Dorado,017,186661,14918,14641,1560,16201,130
2021-09-25,Fresno,019,978130,128638,126299,11528,137827,1927
2021-09-25,Glenn,021,27897,3230,3144,929,4073,25
2021-09-25,Humboldt,023,135768,8243,8014,440,8454,88
2021-09-25,Imperial,025,180216,31623,31280,3146,34426,755
2021-09-25,Inyo,027,18085,1735,1657,26,1683,39
2021-09-25,Kern,029,883053,118335,116021,19167,135188,1485
2021-09-25,Kings,031,150075,29370,28636,1782,30418,293
2021-09-25,Lake,033,64148,6209,6046,130,6176,92
2021-09-25,Lassen,035,31185,6398,6248,301,6549,25
2021-09-25,Los Angeles,037,10098052,1397820,1386417,53537,1439954,25964
2021-09-25,Madera,039,155013,20986,20432,1662,22094,262
2021-09-25,Marin,041,260295,16936,16802,416,17218,242
2021-09-25,Mariposa,043,17540,976,906,26,932,5
2021-09-25,Mendocino,045,87422,6865,6657,349,7006,74
2021-09-25,Merced,047,269075,39093,38393,1471,39864,546
2021-09-25,Modoc,049,8938,478,460,166,626,5
2021-09-25,Mono,051,14174,1529,1501,16,1517,3
2021-09-25,Monterey,053,433212,46988,46653,3230,49883,567
2021-09-25,Napa,055,140530,12427,12266,87,12353,95
2021-09-25,Nevada,057,99092,8468,8285,303,8588,84
2021-09-25,Orange,059,3164182,298367,294514,14348,308862,5374
2021-09-25,Placer,061,380077,34424,33764,3339,37103,367
2021-09-25,Plumas,063,18699,1300,1238,29,1267,6
2021-09-25,Riverside,065,2383286,347590,343463,16312,359775,4843
2021-09-25,Sacramento,067,1510023,149409,147728,4000,151728,2049
2021-09-25,San Benito,069,59416,7029,6965,154,7119,67
2021-09-25,San Bernardino,071,2135413,341433,338413,10901,349314,5540
2021-09-25,San Diego,073,3302833,356741,352017,20598,372615,4039
2021-09-25,San Francisco,075,870044,50424,49840,2458,52298,615
2021-09-25,San Joaquin,077,732212,94720,93273,5224,98497,1628
2021-09-25,San Luis Obispo,079,281455,27921,27447,1133,28580,318
2021-09-25,San Mateo,081,765935,51773,51266,1328,52594,568
2021-09-25,Santa Barbara,083,443738,42637,41728,1584,43312,505
2021-09-25,Santa Clara,085,1922200,141379,140023,1160,141183,1844
2021-09-25,Santa Cruz,087,273765,19491,19200,1027,20227,214
2021-09-25,Shasta,089,179085,18948,18256,3209,21465,262
2021-09-25,Sierra,091,2930,132,127,15,142,0
2021-09-25,Siskiyou,093,43540,3091,2956,1142,4098,41
2021-09-25,Solano,095,438530,43849,43331,1127,44458,312
2021-09-25,Sonoma,097,501317,39497,39112,501,39613,369
2021-09-25,Stanislaus,099,539301,73908,72628,8479,81107,1091
2021-09-25,Sutter,101,95872,13162,12976,269,13245,154
2021-09-25,Tehama,103,63373,7450,7200,1260,8460,86
2021-09-25,Trinity,105,12862,700,576,186,762,9
2021-09-25,Tulare,107,460477,62432,60909,13528,74437,898
2021-09-25,Tuolumne,109,53932,6383,6168,69,6237,89
2021-09-25,Ventura,111,848112,94916,94059,4220,98279,1129
2021-09-25,Yolo,113,214977,18647,18393,1001,19394,239
2021-09-25,Yuba,115,75493,9356,9191,217,9408,61
2021-09-24,Alameda,001,1643700,115223,114014,2757,116771,1324
2021-09-24,Alpine,003,1148,101,101,0,101,0
2021-09-24,Amador,005,37829,5078,4934,53,4987,59
2021-09-24,Butte,007,227075,18947,18396,3495,21891,236
2021-09-24,Calaveras,009,45235,3571,3461,42,3503,70
2021-09-24,Colusa,011,21464,2404,2387,563,2950,16
2021-09-24,Contra Costa,013,1133247,95342,94337,2018,96355,924
2021-09-24,Del Norte,015,27424,3536,3404,33,3437,35
2021-09-24,El Dorado,017,186661,14900,14641,1556,16197,130
2021-09-24,Fresno,019,978130,128439,126299,11516,137815,1927
2021-09-24,Glenn,021,27897,3225,3144,929,4073,25
2021-09-24,Humboldt,023,135768,8224,8014,437,8451,88
2021-09-24,Imperial,025,180216,31584,31280,3144,34424,755
2021-09-24,Inyo,027,18085,1726,1657,26,1683,39
2021-09-24,Kern,029,883053,118198,116021,19101,135122,1485
2021-09-24,Kings,031,150075,29329,28636,1777,30413,293
2021-09-24,Lake,033,64148,6201,6046,130,6176,92
2021-09-24,Lassen,035,31185,6390,6248,300,6548,25
2021-09-24,Los Angeles,037,10098052,1396941,1386417,53494,1439911,25964
2021-09-24,Madera,039,155013,20955,20432,1653,22085,262
2021-09-24,Marin,041,260295,16922,16802,415,17217,242
2021-09-24,Mariposa,043,17540,964,906,26,932,5
2021-09-24,Mendocino,045,87422,6852,6657,349,7006,74
2021-09-24,Merced,047,269075,39049,38393,1471,39864,546
2021-09-24,Modoc,049,8938,478,460,165,625,5
2021-09-24,Mono,051,14174,1526,1501,16,1517,3
2021-09-24,Monterey,053,433212,46972,46653,3218,49871,567
2021-09-24,Napa,055,140530,12408,12266,87,12353,95
2021-09-24,Nevada,057,99092,8454,8285,300,8585,84
2021-09-24,Orange,059,3164182,298163,294514,14330,308844,5374
2021-09-24,Placer,061,380077,34369,33764,3326,37090,367
2021-09-24,Plumas,063,18699,1295,1238,29,1267,6
2021-09-24,Riverside,065,2383286,347256,343463,16303,359766,4843
2021-09-24,Sacramento,067,1510023,149226,147728,3996,151724,2049
2021-09-24,San Benito,069,59416,7023,6965,154,7119,67
2021-09-24,San Bernardino,071,2135413,341168,338413,10891,349304,5540
2021-09-24,San Diego,073,3302833,356386,352017,20584,372601,4039
2021-09-24,San Francisco,075,870044,50362,49840,2448,52288,615
2021-09-24,San Joaquin,077,732212,94606,93273,5222,98495,1628
2021-09-24,San Luis Obispo,079,281455,27890,27447,1128,28575,318
2021-09-24,San Mateo,081,765935,51720,51266,1321,52587,568
2021-09-24,Santa Barbara,083,443738,42598,41728,1583,43311,505
2021-09-24,Santa Clara,085,1922200,141267,140023,1159,141182,1844
2021-09-24,Santa Cruz,087,273765,19468,19200,1026,20226,214
2021-09-24,Shasta,089,179085,18893,18256,3195,21451,262
2021-09-24,Sierra,091,2930,131,127,15,142,0
2021-09-24,Siskiyou,093,43540,3082,2956,1136,4092,41
2021-09-24,Solano,095,438530,43812,43331,1125,44456,312
2021-09-24,Sonoma,097,501317,39465,39112,501,39613,369
2021-09-24,Stanislaus,099,539301,73793,72628,8464,81092,1091
2021-09-24,Sutter,101,95872,13143,12976,268,13244,154
2021-09-24,Tehama,103,63373,7438,7200,1255,8455,86
2021-09-24,Trinity,105,12862,697,576,186,762,9
2021-09-24,Tulare,107,460477,62341,60909,13482,74391,898
2021-09-24,Tuolumne,109,53932,6354,6168,69,6237,89
2021-09-24,Ventura,111,848112,94838,94059,4214,98273,1129
2021-09-24,Yolo,113,214977,18615,18393,998,19391,239
2021-09-24,Yuba,115,75493,9337,9191,217,9408,61
2021-09-23,Alameda,001,1643700,115069,114014,2752,116766,1324
2021-09-23,Alpine,003,1148,101,101,0,101,0
2021-09-23,Amador,005,37829,5065,4934,53,4987,59
2021-09-23,Butte,007,227075,18885,18396,3471,21867,236
2021-09-23,Calaveras,009,45235,3550,3461,42,3503,70
2021-09-23,Colusa,011,21464,2402,2387,561,2948,16
2021-09-23,Contra Costa,013,1133247,95202,94337,2010,96347,924
2021-09-23,Del Norte,015,27424,3527,3404,32,3436,35
2021-09-23,El Dorado,017,186661,14874,14641,1550,16191,130
2021-09-23,Fresno,019,978130,128144,126299,11498,137797,1927
2021-09-23,Glenn,021,27897,3210,3144,926,4070,25
2021-09-23,Humboldt,023,135768,8198,8014,435,8449,88
2021-09-23,Imperial,025,180216,31548,31280,3144,34424,755
2021-09-23,Inyo,027,18085,1712,1657,26,1683,39
2021-09-23,Kern,029,883053,117941,116021,19019,135040,1485
2021-09-23,Kings,031,150075,29226,28636,1768,30404,293
2021-09-23,Lake,033,64148,6191,6046,130,6176,92
2021-09-23,Lassen,035,31185,6381,6248,295,6543,25
2021-09-23,Los Angeles,037,10098052,1395750,1386417,53430,1439847,25964
2021-09-23,Madera,039,155013,20873,20432,1649,22081,262
2021-09-23,Marin,041,260295,16907,16802,414,17216,242
2021-09-23,Mariposa,043,17540,951,906,26,932,5
2021-09-23,Mendocino,045,87422,6831,6657,347,7004,74
2021-09-23,Merced,047,269075,38946,38393,1464,39857,546
2021-09-23,Modoc,049,8938,477,460,165,625,5
2021-09-23,Mono,051,14174,1524,1501,16,1517,3
2021-09-23,Monterey,053,433212,46933,46653,3198,49851,567
2021-09-23,Napa,055,140530,12391,12266,87,12353,95
2021-09-23,Nevada,057,99092,8427,8285,300,8585,84
2021-09-23,Orange,059,3164182,297865,294514,14308,308822,5374
2021-09-23,Placer,061,380077,34293,33764,3319,37083,367
2021-09-23,Plumas,063,18699,1277,1238,28,1266,6
2021-09-23,Riverside,065,2383286,346805,343463,16295,359758,4843
2021-09-23,Sacramento,067,1510023,148896,147728,3975,151703,2049
2021-09-23,San Benito,069,59416,7012,6965,154,7119,67
2021-09-23,San Bernardino,071,2135413,340809,338413,10876,349289,5540
2021-09-23,San Diego,073,3302833,355923,352017,20545,372562,4039
2021-09-23,San Francisco,075,870044,50290,49840,2444,52284,615
2021-09-23,San Joaquin,077,732212,94434,93273,5207,98480,1628
2021-09-23,San Luis Obispo,079,281455,27847,27447,1126,28573,318
2021-09-23,San Mateo,081,765935,51654,51266,1312,52578,568
2021-09-23,Santa Barbara,083,443738,42520,41728,1580,43308,505
2021-09-23,Santa Clara,085,1922200,141118,140023,1151,141174,1844
2021-09-23,Santa Cruz,087,273765,19437,19200,1026,20226,214
2021-09-23,Shasta,089,179085,18815,18256,3177,21433,262
2021-09-23,Sierra,091,2930,131,127,15,142,0
2021-09-23,Siskiyou,093,43540,3078,2956,1125,4081,41
2021-09-23,Solano,095,438530,43745,43331,1122,44453,312
2021-09-23,Sonoma,097,501317,39406,39112,498,39610,369
2021-09-23,Stanislaus,099,539301,73636,72628,8431,81059,1091
2021-09-23,Sutter,101,95872,13114,12976,268,13244,154
2021-09-23,Tehama,103,63373,7397,7200,1250,8450,86
2021-09-23,Trinity,105,12862,683,576,185,761,9
2021-09-23,Tulare,107,460477,62165,60909,13425,74334,898
2021-09-23,Tuolumne,109,53932,6329,6168,68,6236,89
2021-09-23,Ventura,111,848112,94735,94059,4207,98266,1129
2021-09-23,Yolo,113,214977,18586,18393,993,19386,239
2021-09-23,Yuba,115,75493,9309,9191,216,9407,61
2021-09-22,Alameda,001,1643700,114915,113862,2748,116610,1322
2021-09-22,Alpine,003,1148,101,100,0,100,0
2021-09-22,Amador,005,37829,5049,4915,53,4968,59
2021-09-22,Butte,007,227075,18826,18337,3456,21793,235
2021-09-22,Calaveras,009,45235,3534,3448,42,3490,70
2021-09-22,Colusa,011,21464,2397,2384,560,2944,16
2021-09-22,Contra Costa,013,1133247,95018,94209,2002,96211,924
2021-09-22,Del Norte,015,27424,3516,3386,31,3417,35
2021-09-22,El Dorado,017,186661,14838,14605,1543,16148,127
2021-09-22,Fresno,019,978130,127888,126006,11486,137492,1908
2021-09-22,Glenn,021,27897,3207,3138,925,4063,25
2021-09-22,Humboldt,023,135768,8175,7998,427,8425,80
2021-09-22,Imperial,025,180216,31496,31243,3137,34380,755
2021-09-22,Inyo,027,18085,1702,1651,26,1677,39
2021-09-22,Kern,029,883053,117698,115757,18897,134654,1477
2021-09-22,Kings,031,150075,29142,28589,1762,30351,292
2021-09-22,Lake,033,64148,6179,6035,130,6165,93
2021-09-22,Lassen,035,31185,6361,6209,291,6500,25
2021-09-22,Los Angeles,037,10098052,1394432,1384719,53371,1438090,25930
2021-09-22,Madera,039,155013,20816,20382,1641,22023,262
2021-09-22,Marin,041,260295,16898,16782,411,17193,242
2021-09-22,Mariposa,043,17540,945,901,26,927,5
2021-09-22,Mendocino,045,87422,6804,6624,341,6965,70
2021-09-22,Merced,047,269075,38815,38305,1461,39766,541
2021-09-22,Modoc,049,8938,474,458,165,623,5
2021-09-22,Mono,051,14174,1515,1496,15,1511,3
2021-09-22,Monterey,053,433212,46889,46615,3185,49800,566
2021-09-22,Napa,055,140530,12368,12248,86,12334,95
2021-09-22,Nevada,057,99092,8405,8273,297,8570,84
2021-09-22,Orange,059,3164182,297591,294214,14291,308505,5366
2021-09-22,Placer,061,380077,34206,33661,3306,36967,367
2021-09-22,Plumas,063,18699,1264,1230,28,1258,6
2021-09-22,Riverside,065,2383286,346270,342946,16271,359217,4830
2021-09-22,Sacramento,067,1510023,148581,147533,3943,151476,2043
2021-09-22,San Benito,069,59416,7001,6961,152,7113,67
2021-09-22,San Bernardino,071,2135413,340416,337938,10868,348806,5528
2021-09-22,San Diego,073,3302833,355462,351132,20523,371655,4027
2021-09-22,San Francisco,075,870044,50206,49734,2439,52173,610
2021-09-22,San Joaquin,077,732212,94204,93010,5180,98190,1626
2021-09-22,San Luis Obispo,079,281455,27799,27398,1123,28521,315
2021-09-22,San Mateo,081,765935,51587,51197,1302,52499,568
2021-09-22,Santa Barbara,083,443738,42457,41678,1579,43257,504
2021-09-22,Santa Clara,085,1922200,140954,139803,1144,140947,1844
2021-09-22,Santa Cruz,087,273765,19398,19177,1026,20203,214
2021-09-22,Shasta,089,179085,18725,18153,3165,21318,260
2021-09-22,Sierra,091,2930,131,127,15,142,0
2021-09-22,Siskiyou,093,43540,3061,2947,1115,4062,41
2021-09-22,Solano,095,438530,43684,43269,1121,44390,312
2021-09-22,Sonoma,097,501317,39353,39063,497,39560,369
2021-09-22,Stanislaus,099,539301,73470,72355,8412,80767,1091
2021-09-22,Sutter,101,95872,13094,12960,265,13225,153
2021-09-22,Tehama,103,63373,7370,7173,1247,8420,86
2021-09-22,Trinity,105,12862,682,572,185,757,9
2021-09-22,Tulare,107,460477,61956,60776,13353,74129,896
2021-09-22,Tuolumne,109,53932,6308,6155,67,6222,89
2021-09-22,Ventura,111,848112,94631,93978,4201,98179,1122
2021-09-22,Yolo,113,214977,18548,18342,985,19327,239
2021-09-22,Yuba,115,75493,9280,9169,211,9380,61
2021-09-21,Alameda,001,1643700,114765,113765,2748,116513,1321
2021-09-21,Alpine,003,1148,101,100,0,100,0
2021-09-21,Amador,005,37829,5027,4897,53,4950,59
2021-09-21,Butte,007,227075,18730,18229,3417,21646,232
2021-09-21,Calaveras,009,45235,3516,3437,42,3479,70
2021-09-21,Colusa,011,21464,2394,2378,559,2937,16
2021-09-21,Contra Costa,013,1133247,94825,94101,1986,96087,924
2021-09-21,Del Norte,015,27424,3503,3378,31,3409,34
2021-09-21,El Dorado,017,186661,14808,14578,1536,16114,127
2021-09-21,Fresno,019,978130,127538,125789,11468,137257,1892
2021-09-21,Glenn,021,27897,3200,3134,918,4052,25
2021-09-21,Humboldt,023,135768,8143,7955,422,8377,80
2021-09-21,Imperial,025,180216,31438,31185,3135,34320,755
2021-09-21,Inyo,027,18085,1692,1646,26,1672,39
2021-09-21,Kern,029,883053,117406,115534,18782,134316,1467
2021-09-21,Kings,031,150075,29054,28545,1754,30299,291
2021-09-21,Lake,033,64148,6156,6013,130,6143,90
2021-09-21,Lassen,035,31185,6343,6159,287,6446,25
2021-09-21,Los Angeles,037,10098052,1392990,1383277,53314,1436591,25893
2021-09-21,Madera,039,155013,20755,20317,1630,21947,262
2021-09-21,Marin,041,260295,16883,16748,410,17158,242
2021-09-21,Mariposa,043,17540,940,894,25,919,5
2021-09-21,Mendocino,045,87422,6765,6580,330,6910,68
2021-09-21,Merced,047,269075,38694,38225,1457,39682,539
2021-09-21,Modoc,049,8938,471,458,165,623,5
2021-09-21,Mono,051,14174,1512,1495,14,1509,3
2021-09-21,Monterey,053,433212,46830,46583,3167,49750,565
2021-09-21,Napa,055,140530,12347,12238,86,12324,95
2021-09-21,Nevada,057,99092,8379,8259,287,8546,84
2021-09-21,Orange,059,3164182,297265,293898,14260,308158,5357
2021-09-21,Placer,061,380077,34105,33609,3295,36904,365
2021-09-21,Plumas,063,18699,1258,1225,28,1253,5
2021-09-21,Riverside,065,2383286,345709,342460,16246,358706,4817
2021-09-21,Sacramento,067,1510023,148209,147378,3911,151289,2027
2021-09-21,San Benito,069,59416,6990,6950,151,7101,67
2021-09-21,San Bernardino,071,2135413,339976,337387,10851,348238,5520
2021-09-21,San Diego,073,3302833,354842,350265,20500,370765,4021
2021-09-21,San Francisco,075,870044,50114,49653,2434,52087,609
2021-09-21,San Joaquin,077,732212,93970,92762,5168,97930,1621
2021-09-21,San Luis Obispo,079,281455,27741,27318,1119,28437,314
2021-09-21,San Mateo,081,765935,51525,51136,1295,52431,568
2021-09-21,Santa Barbara,083,443738,42390,41644,1574,43218,503
2021-09-21,Santa Clara,085,1922200,140737,139657,1141,140798,1843
2021-09-21,Santa Cruz,087,273765,19368,19140,1025,20165,212
2021-09-21,Shasta,089,179085,18598,18027,3142,21169,258
2021-09-21,Sierra,091,2930,131,127,15,142,0
2021-09-21,Siskiyou,093,43540,3048,2927,1100,4027,36
2021-09-21,Solano,095,438530,43613,43220,1121,44341,311
2021-09-21,Sonoma,097,501317,39300,39042,497,39539,369
2021-09-21,Stanislaus,099,539301,73283,72211,8390,80601,1091
2021-09-21,Sutter,101,95872,13071,12930,262,13192,153
2021-09-21,Tehama,103,63373,7324,7151,1242,8393,85
2021-09-21,Trinity,105,12862,671,572,183,755,9
2021-09-21,Tulare,107,460477,61741,60607,13291,73898,896
2021-09-21,Tuolumne,109,53932,6277,6139,67,6206,89
2021-09-21,Ventura,111,848112,94527,93818,4195,98013,1120
2021-09-21,Yolo,113,214977,18513,18313,981,19294,239
2021-09-21,Yuba,115,75493,9252,9135,211,9346,61
2021-09-20,Alameda,001,1643700,114586,113637,2744,116381,1320
2021-09-20,Alpine,003,1148,101,100,0,100,0
2021-09-20,Amador,005,37829,5009,4883,52,4935,59
2021-09-20,Butte,007,227075,18648,18135,3401,21536,231
2021-09-20,Calaveras,009,45235,3494,3395,41,3436,66
2021-09-20,Colusa,011,21464,2392,2376,556,2932,16
2021-09-20,Contra Costa,013,1133247,94676,93919,1980,95899,924
2021-09-20,Del Norte,015,27424,3495,3374,30,3404,34
2021-09-20,El Dorado,017,186661,14775,14545,1525,16070,127
2021-09-20,Fresno,019,978130,127126,125287,11446,136733,1889
2021-09-20,Glenn,021,27897,3192,3112,915,4027,25
2021-09-20,Humboldt,023,135768,8107,7938,417,8355,80
2021-09-20,Imperial,025,180216,31356,31146,3134,34280,755
2021-09-20,Inyo,027,18085,1684,1641,25,1666,39
2021-09-20,Kern,029,883053,117067,115271,18648,133919,1459
2021-09-20,Kings,031,150075,28967,28471,1748,30219,285
2021-09-20,Lake,033,64148,6141,5984,129,6113,87
2021-09-20,Lassen,035,31185,6313,6132,287,6419,25
2021-09-20,Los Angeles,037,10098052,1391473,1382206,53233,1435439,25858
2021-09-20,Madera,039,155013,20704,20203,1621,21824,257
2021-09-20,Marin,041,260295,16858,16732,408,17140,242
2021-09-20,Mariposa,043,17540,929,887,25,912,5
2021-09-20,Mendocino,045,87422,6731,6568,325,6893,67
2021-09-20,Merced,047,269075,38586,38144,1447,39591,536
2021-09-20,Modoc,049,8938,470,457,163,620,5
2021-09-20,Mono,051,14174,1507,1480,14,1494,3
2021-09-20,Monterey,053,433212,46796,46506,3141,49647,565
2021-09-20,Napa,055,140530,12322,12209,85,12294,95
2021-09-20,Nevada,057,99092,8359,8228,285,8513,84
2021-09-20,Orange,059,3164182,296923,293642,14234,307876,5354
2021-09-20,Placer,061,380077,34015,33531,3280,36811,364
2021-09-20,Plumas,063,18699,1255,1211,28,1239,5
2021-09-20,Riverside,065,2383286,345209,341961,16232,358193,4802
2021-09-20,Sacramento,067,1510023,147837,147016,3877,150893,2016
2021-09-20,San Benito,069,59416,6981,6947,150,7097,67
2021-09-20,San Bernardino,071,2135413,339583,337059,10835,347894,5507
2021-09-20,San Diego,073,3302833,354167,349579,20463,370042,4009
2021-09-20,San Francisco,075,870044,50012,49559,2428,51987,605
2021-09-20,San Joaquin,077,732212,93727,92614,5155,97769,1615
2021-09-20,San Luis Obispo,079,281455,27666,27259,1110,28369,313
2021-09-20,San Mateo,081,765935,51449,51100,1285,52385,567
2021-09-20,Santa Barbara,083,443738,42294,41589,1570,43159,500
2021-09-20,Santa Clara,085,1922200,140536,139578,1139,140717,1841
2021-09-20,Santa Cruz,087,273765,19336,19121,1025,20146,211
2021-09-20,Shasta,089,179085,18499,17893,3113,21006,258
2021-09-20,Sierra,091,2930,129,126,15,141,0
2021-09-20,Siskiyou,093,43540,3026,2902,1086,3988,35
2021-09-20,Solano,095,438530,43546,43152,1114,44266,312
2021-09-20,Sonoma,097,501317,39256,38991,497,39488,369
2021-09-20,Stanislaus,099,539301,73081,72031,8371,80402,1091
2021-09-20,Sutter,101,95872,13036,12896,257,13153,153
2021-09-20,Tehama,103,63373,7292,7121,1230,8351,84
2021-09-20,Trinity,105,12862,665,568,182,750,7
2021-09-20,Tulare,107,460477,61539,60302,13234,73536,896
2021-09-20,Tuolumne,109,53932,6251,6113,67,6180,89
2021-09-20,Ventura,111,848112,94415,93700,4189,97889,1120
2021-09-20,Yolo,113,214977,18468,18287,979,19266,239
2021-09-20,Yuba,115,75493,9216,9107,209,9316,61
2021-09-19,Alameda,001,1643700,114379,113446,2740,116186,1320
2021-09-19,Alpine,003,1148,100,100,0,100,0
2021-09-19,Amador,005,37829,4969,4875,51,4926,59
2021-09-19,Butte,007,227075,18555,18063,3374,21437,230
2021-09-19,Calaveras,009,45235,3469,3390,38,3428,66
2021-09-19,Colusa,011,21464,2390,2375,554,2929,16
2021-09-19,Contra Costa,013,1133247,94492,93788,1970,95758,924
2021-09-19,Del Norte,015,27424,3468,3344,29,3373,34
2021-09-19,El Dorado,017,186661,14723,14512,1519,16031,127
2021-09-19,Fresno,019,978130,126723,124985,11414,136399,1888
2021-09-19,Glenn,021,27897,3183,3102,910,4012,25
2021-09-19,Humboldt,023,135768,8061,7914,415,8329,80
2021-09-19,Imperial,025,180216,31287,31122,3131,34253,755
2021-09-19,Inyo,027,18085,1675,1639,25,1664,39
2021-09-19,Kern,029,883053,116754,115074,18541,133615,1459
2021-09-19,Kings,031,150075,28839,28416,1739,30155,284
2021-09-19,Lake,033,64148,6110,5962,129,6091,87
2021-09-19,Lassen,035,31185,6293,6129,281,6410,25
2021-09-19,Los Angeles,037,10098052,1389507,1381200,53133,1434333,25852
2021-09-19,Madera,039,155013,20626,20161,1610,21771,257
2021-09-19,Marin,041,260295,16829,16711,406,17117,242
2021-09-19,Mariposa,043,17540,921,881,25,906,5
2021-09-19,Mendocino,045,87422,6686,6538,319,6857,67
2021-09-19,Merced,047,269075,38429,38068,1439,39507,535
2021-09-19,Modoc,049,8938,467,457,161,618,5
2021-09-19,Mono,051,14174,1502,1480,14,1494,3
2021-09-19,Monterey,053,433212,46753,46486,3128,49614,565
2021-09-19,Napa,055,140530,12301,12190,83,12273,95
2021-09-19,Nevada,057,99092,8331,8203,283,8486,84
2021-09-19,Orange,059,3164182,296553,293258,14214,307472,5354
2021-09-19,Placer,061,380077,33902,33406,3262,36668,364
2021-09-19,Plumas,063,18699,1245,1211,28,1239,5
2021-09-19,Riverside,065,2383286,344615,341566,16223,357789,4804
2021-09-19,Sacramento,067,1510023,147480,146603,3831,150434,2012
2021-09-19,San Benito,069,59416,6962,6942,150,7092,67
2021-09-19,San Bernardino,071,2135413,339095,336688,10824,347512,5506
2021-09-19,San Diego,073,3302833,353452,349225,20427,369652,4006
2021-09-19,San Francisco,075,870044,49904,49458,2420,51878,605
2021-09-19,San Joaquin,077,732212,93430,92467,5144,97611,1615
2021-09-19,San Luis Obispo,079,281455,27565,27208,1101,28309,313
2021-09-19,San Mateo,081,765935,51365,51028,1270,52298,567
2021-09-19,Santa Barbara,083,443738,42190,41512,1570,43082,500
2021-09-19,Santa Clara,085,1922200,140349,139410,1134,140544,1841
2021-09-19,Santa Cruz,087,273765,19298,19096,1025,20121,211
2021-09-19,Shasta,089,179085,18385,17813,3078,20891,258
2021-09-19,Sierra,091,2930,128,126,15,141,0
2021-09-19,Siskiyou,093,43540,3000,2882,1077,3959,35
2021-09-19,Solano,095,438530,43461,43056,1109,44165,312
2021-09-19,Sonoma,097,501317,39184,38956,493,39449,369
2021-09-19,Stanislaus,099,539301,72836,71830,8348,80178,1091
2021-09-19,Sutter,101,95872,13009,12868,250,13118,153
2021-09-19,Tehama,103,63373,7239,7081,1219,8300,84
2021-09-19,Trinity,105,12862,654,562,180,742,7
2021-09-19,Tulare,107,460477,61278,60160,13138,73298,896
2021-09-19,Tuolumne,109,53932,6209,6097,67,6164,89
2021-09-19,Ventura,111,848112,94253,93491,4182,97673,1120
2021-09-19,Yolo,113,214977,18418,18238,973,19211,239
2021-09-19,Yuba,115,75493,9190,9087,208,9295,61
2021-09-18,Alameda,001,1643700,114275,113300,2739,116039,1320
2021-09-18,Alpine,003,1148,100,100,0,100,0
2021-09-18,Amador,005,37829,4959,4850,51,4901,59
2021-09-18,Butte,007,227075,18518,17961,3360,21321,230
2021-09-18,Calaveras,009,45235,3463,3361,37,3398,66
2021-09-18,Colusa,011,21464,2390,2373,553,2926,16
2021-09-18,Contra Costa,013,1133247,94402,93656,1966,95622,924
2021-09-18,Del Norte,015,27424,3460,3326,27,3353,34
2021-09-18,El Dorado,017,186661,14700,14472,1515,15987,127
2021-09-18,Fresno,019,978130,126581,124771,11401,136172,1889
2021-09-18,Glenn,021,27897,3175,3086,909,3995,25
2021-09-18,Humboldt,023,135768,8048,7881,413,8294,80
2021-09-18,Imperial,025,180216,31263,31096,3130,34226,755
2021-09-18,Inyo,027,18085,1669,1636,25,1661,39
2021-09-18,Kern,029,883053,116600,114781,18477,133258,1459
2021-09-18,Kings,031,150075,28791,28330,1734,30064,285
2021-09-18,Lake,033,64148,6093,5936,129,6065,87
2021-09-18,Lassen,035,31185,6283,6121,278,6399,25
2021-09-18,Los Angeles,037,10098052,1388750,1379880,53081,1432961,25849
2021-09-18,Madera,039,155013,20582,20126,1601,21727,257
2021-09-18,Marin,041,260295,16812,16685,405,17090,242
2021-09-18,Mariposa,043,17540,918,871,25,896,5
2021-09-18,Mendocino,045,87422,6665,6523,319,6842,67
2021-09-18,Merced,047,269075,38392,37977,1433,39410,535
2021-09-18,Modoc,049,8938,467,457,160,617,5
2021-09-18,Mono,051,14174,1500,1480,14,1494,3
2021-09-18,Monterey,053,433212,46721,46466,3119,49585,565
2021-09-18,Napa,055,140530,12289,12168,83,12251,95
2021-09-18,Nevada,057,99092,8314,8183,283,8466,84
2021-09-18,Orange,059,3164182,296356,293005,14200,307205,5354
2021-09-18,Placer,061,380077,33831,33309,3259,36568,364
2021-09-18,Plumas,063,18699,1245,1204,28,1232,5
2021-09-18,Riverside,065,2383286,344228,341136,16210,357346,4802
2021-09-18,Sacramento,067,1510023,147297,146162,3822,149984,2016
2021-09-18,San Benito,069,59416,6957,6937,150,7087,67
2021-09-18,San Bernardino,071,2135413,338824,336380,10811,347191,5501
2021-09-18,San Diego,073,3302833,353051,348848,20417,369265,4006
2021-09-18,San Francisco,075,870044,49842,49359,2414,51773,605
2021-09-18,San Joaquin,077,732212,93321,92242,5133,97375,1615
2021-09-18,San Luis Obispo,079,281455,27528,27181,1098,28279,313
2021-09-18,San Mateo,081,765935,51316,50961,1266,52227,567
2021-09-18,Santa Barbara,083,443738,42126,41465,1570,43035,500
2021-09-18,Santa Clara,085,1922200,140228,139233,1131,140364,1841
2021-09-18,Santa Cruz,087,273765,19278,19079,1025,20104,211
2021-09-18,Shasta,089,179085,18322,17777,3060,20837,258
2021-09-18,Sierra,091,2930,127,125,15,140,0
2021-09-18,Siskiyou,093,43540,2997,2875,1071,3946,35
2021-09-18,Solano,095,438530,43421,42966,1106,44072,312
2021-09-18,Sonoma,097,501317,39149,38891,491,39382,369
2021-09-18,Stanislaus,099,539301,72690,71587,8323,79910,1091
2021-09-18,Sutter,101,95872,12995,12829,250,13079,153
2021-09-18,Tehama,103,63373,7224,7055,1211,8266,84
2021-09-18,Trinity,105,12862,652,561,180,741,7
2021-09-18,Tulare,107,460477,61203,60003,13086,73089,896
2021-09-18,Tuolumne,109,53932,6194,6069,67,6136,89
2021-09-18,Ventura,111,848112,94185,93424,4177,97601,1120
2021-09-18,Yolo,113,214977,18392,18213,967,19180,239
2021-09-18,Yuba,115,75493,9176,9061,207,9268,61
2021-09-17,Alameda,001,1643700,114153,113070,2737,115807,1320
2021-09-17,Alpine,003,1148,100,99,0,99,0
2021-09-17,Amador,005,37829,4943,4835,50,4885,58
2021-09-17,Butte,007,227075,18467,17870,3351,21221,230
2021-09-17,Calaveras,009,45235,3451,3338,36,3374,66
2021-09-17,Colusa,011,21464,2389,2369,548,2917,16
2021-09-17,Contra Costa,013,1133247,94302,93485,1963,95448,924
2021-09-17,Del Norte,015,27424,3455,3311,25,3336,34
2021-09-17,El Dorado,017,186661,14681,14421,1513,15934,127
2021-09-17,Fresno,019,978130,126362,124296,11392,135688,1882
2021-09-17,Glenn,021,27897,3160,3072,907,3979,25
2021-09-17,Humboldt,023,135768,8027,7850,413,8263,80
2021-09-17,Imperial,025,180216,31237,31031,3129,34160,755
2021-09-17,Inyo,027,18085,1661,1634,25,1659,39
2021-09-17,Kern,029,883053,116409,114303,18381,132684,1456
2021-09-17,Kings,031,150075,28726,28240,1732,29972,281
2021-09-17,Lake,033,64148,6080,5915,129,6044,87
2021-09-17,Lassen,035,31185,6268,6080,276,6356,25
2021-09-17,Los Angeles,037,10098052,1387782,1377905,53010,1430915,25820
2021-09-17,Madera,039,155013,20530,20040,1591,21631,257
2021-09-17,Marin,041,260295,16799,16658,403,17061,242
2021-09-17,Mariposa,043,17540,916,869,25,894,5
2021-09-17,Mendocino,045,87422,6646,6498,319,6817,67
2021-09-17,Merced,047,269075,38345,37803,1431,39234,533
2021-09-17,Modoc,049,8938,467,456,160,616,5
2021-09-17,Mono,051,14174,1496,1457,14,1471,3
2021-09-17,Monterey,053,433212,46701,46421,3115,49536,564
2021-09-17,Napa,055,140530,12268,12153,83,12236,95
2021-09-17,Nevada,057,99092,8299,8157,283,8440,84
2021-09-17,Orange,059,3164182,296140,292685,14182,306867,5346
2021-09-17,Placer,061,380077,33770,33188,3248,36436,362
2021-09-17,Plumas,063,18699,1236,1192,27,1219,5
2021-09-17,Riverside,065,2383286,343826,340445,16200,356645,4792
2021-09-17,Sacramento,067,1510023,147098,145985,3811,149796,1999
2021-09-17,San Benito,069,59416,6954,6929,150,7079,67
2021-09-17,San Bernardino,071,2135413,338470,335810,10804,346614,5488
2021-09-17,San Diego,073,3302833,352617,348098,20400,368498,4002
2021-09-17,San Francisco,075,870044,49792,49249,2407,51656,605
2021-09-17,San Joaquin,077,732212,93183,91977,5121,97098,1610
2021-09-17,San Luis Obispo,079,281455,27494,27102,1087,28189,311
2021-09-17,San Mateo,081,765935,51267,50854,1260,52114,564
2021-09-17,Santa Barbara,083,443738,42064,41354,1570,42924,498
2021-09-17,Santa Clara,085,1922200,140079,138939,1130,140069,1838
2021-09-17,Santa Cruz,087,273765,19253,19039,1025,20064,211
2021-09-17,Shasta,089,179085,18251,17617,3047,20664,254
2021-09-17,Sierra,091,2930,127,124,15,139,0
2021-09-17,Siskiyou,093,43540,2982,2852,1071,3923,35
2021-09-17,Solano,095,438530,43359,42898,1102,44000,312
2021-09-17,Sonoma,097,501317,39112,38808,490,39298,369
2021-09-17,Stanislaus,099,539301,72584,71408,8305,79713,1091
2021-09-17,Sutter,101,95872,12979,12799,248,13047,153
2021-09-17,Tehama,103,63373,7200,7020,1199,8219,84
2021-09-17,Trinity,105,12862,647,556,179,735,7
2021-09-17,Tulare,107,460477,61087,59689,13052,72741,895
2021-09-17,Tuolumne,109,53932,6176,6047,66,6113,89
2021-09-17,Ventura,111,848112,94073,93273,4174,97447,1116
2021-09-17,Yolo,113,214977,18361,18177,963,19140,239
2021-09-17,Yuba,115,75493,9149,9019,206,9225,61
2021-09-16,Alameda,001,1643700,113975,112770,2733,115503,1318
2021-09-16,Alpine,003,1148,100,99,0,99,0
2021-09-16,Amador,005,37829,4923,4819,50,4869,58
2021-09-16,Butte,007,227075,18393,17750,3334,21084,230
2021-09-16,Calaveras,009,45235,3417,3313,36,3349,66
2021-09-16,Colusa,011,21464,2387,2363,546,2909,16
2021-09-16,Contra Costa,013,1133247,94133,93213,1954,95167,917
2021-09-16,Del Norte,015,27424,3437,3285,25,3310,34
2021-09-16,El Dorado,017,186661,14641,14372,1505,15877,127
2021-09-16,Fresno,019,978130,126006,123853,11350,135203,1868
2021-09-16,Glenn,021,27897,3148,3068,905,3973,24
2021-09-16,Humboldt,023,135768,7993,7809,403,8212,80
2021-09-16,Imperial,025,180216,31195,30966,3120,34086,753
2021-09-16,Inyo,027,18085,1659,1623,25,1648,39
2021-09-16,Kern,029,883053,116138,113828,18313,132141,1448
2021-09-16,Kings,031,150075,28640,28114,1723,29837,280
2021-09-16,Lake,033,64148,6056,5890,126,6016,87
2021-09-16,Lassen,035,31185,6234,6028,269,6297,25
2021-09-16,Los Angeles,037,10098052,1386398,1376277,52944,1429221,25796
2021-09-16,Madera,039,155013,20454,19974,1585,21559,257
2021-09-16,Marin,041,260295,16772,16625,402,17027,242
2021-09-16,Mariposa,043,17540,910,849,25,874,6
2021-09-16,Mendocino,045,87422,6614,6445,310,6755,67
2021-09-16,Merced,047,269075,38238,37675,1428,39103,532
2021-09-16,Modoc,049,8938,465,455,160,615,5
2021-09-16,Mono,051,14174,1487,1449,14,1463,3
2021-09-16,Monterey,053,433212,46655,46342,3101,49443,562
2021-09-16,Napa,055,140530,12243,12115,79,12194,95
2021-09-16,Nevada,057,99092,8271,8121,282,8403,84
2021-09-16,Orange,059,3164182,295797,292183,14162,306345,5340
2021-09-16,Placer,061,380077,33674,33037,3227,36264,354
2021-09-16,Plumas,063,18699,1226,1178,27,1205,5
2021-09-16,Riverside,065,2383286,343295,339770,16186,355956,4786
2021-09-16,Sacramento,067,1510023,146741,145754,3778,149532,1996
2021-09-16,San Benito,069,59416,6941,6913,149,7062,67
2021-09-16,San Bernardino,071,2135413,338044,335129,10798,345927,5474
2021-09-16,San Diego,073,3302833,351991,347472,20365,367837,3994
2021-09-16,San Francisco,075,870044,49708,49133,2397,51530,605
2021-09-16,San Joaquin,077,732212,92941,91650,5076,96726,1608
2021-09-16,San Luis Obispo,079,281455,27422,27044,1083,28127,310
2021-09-16,San Mateo,081,765935,51206,50773,1244,52017,564
2021-09-16,Santa Barbara,083,443738,41998,41272,1567,42839,497
2021-09-16,Santa Clara,085,1922200,139924,138685,1126,139811,1835
2021-09-16,Santa Cruz,087,273765,19225,19011,1025,20036,211
2021-09-16,Shasta,089,179085,18126,17438,3012,20450,251
2021-09-16,Sierra,091,2930,127,123,15,138,0
2021-09-16,Siskiyou,093,43540,2962,2819,1063,3882,35
2021-09-16,Solano,095,438530,43289,42792,1096,43888,312
2021-09-16,Sonoma,097,501317,39048,38707,489,39196,369
2021-09-16,Stanislaus,099,539301,72349,71105,8289,79394,1091
2021-09-16,Sutter,101,95872,12935,12729,242,12971,152
2021-09-16,Tehama,103,63373,7161,6953,1188,8141,83
2021-09-16,Trinity,105,12862,644,547,178,725,7
2021-09-16,Tulare,107,460477,60868,59459,12977,72436,894
2021-09-16,Tuolumne,109,53932,6156,5999,65,6064,89
2021-09-16,Ventura,111,848112,93934,93087,4172,97259,1110
2021-09-16,Yolo,113,214977,18330,18135,961,19096,239
2021-09-16,Yuba,115,75493,9115,8981,203,9184,61
2021-09-15,Alameda,001,1643700,113802,112498,2725,115223,1317
2021-09-15,Alpine,003,1148,100,99,0,99,0
2021-09-15,Amador,005,37829,4915,4792,50,4842,58
2021-09-15,Butte,007,227075,18295,17664,3314,20978,228
2021-09-15,Calaveras,009,45235,3385,3293,34,3327,66
2021-09-15,Colusa,011,21464,2385,2352,543,2895,16
2021-09-15,Contra Costa,013,1133247,93953,92989,1942,94931,913
2021-09-15,Del Norte,015,27424,3424,3271,23,3294,34
2021-09-15,El Dorado,017,186661,14615,14309,1497,15806,127
2021-09-15,Fresno,019,978130,125628,123370,11309,134679,1867
2021-09-15,Glenn,021,27897,3135,3051,900,3951,20
2021-09-15,Humboldt,023,135768,7958,7754,398,8152,52
2021-09-15,Imperial,025,180216,31140,30891,3116,34007,753
2021-09-15,Inyo,027,18085,1655,1614,25,1639,39
2021-09-15,Kern,029,883053,115789,113546,18212,131758,1434
2021-09-15,Kings,031,150075,28560,27991,1713,29704,279
2021-09-15,Lake,033,64148,6024,5852,125,5977,85
2021-09-15,Lassen,035,31185,6174,6018,264,6282,25
2021-09-15,Los Angeles,037,10098052,1384906,1374307,52872,1427179,25767
2021-09-15,Madera,039,155013,20380,19880,1579,21459,257
2021-09-15,Marin,041,260295,16737,16592,397,16989,242
2021-09-15,Mariposa,043,17540,899,843,25,868,5
2021-09-15,Mendocino,045,87422,6584,6399,305,6704,66
2021-09-15,Merced,047,269075,38130,37508,1426,38934,529
2021-09-15,Modoc,049,8938,465,454,160,614,5
2021-09-15,Mono,051,14174,1483,1445,14,1459,3
2021-09-15,Monterey,053,433212,46590,46317,3084,49401,562
2021-09-15,Napa,055,140530,12222,12082,79,12161,95
2021-09-15,Nevada,057,99092,8249,8081,279,8360,84
2021-09-15,Orange,059,3164182,295475,291834,14142,305976,5328
2021-09-15,Placer,061,380077,33563,32860,3205,36065,352
2021-09-15,Plumas,063,18699,1221,1164,26,1190,5
2021-09-15,Riverside,065,2383286,342712,339077,16162,355239,4769
2021-09-15,Sacramento,067,1510023,146316,145202,3744,148946,1981
2021-09-15,San Benito,069,59416,6938,6902,149,7051,67
2021-09-15,San Bernardino,071,2135413,337586,334556,10784,345340,5470
2021-09-15,San Diego,073,3302833,351362,346933,20339,367272,3983
2021-09-15,San Francisco,075,870044,49598,48999,2392,51391,605
2021-09-15,San Joaquin,077,732212,92666,91322,5032,96354,1607
2021-09-15,San Luis Obispo,079,281455,27339,26943,1077,28020,306
2021-09-15,San Mateo,081,765935,51128,50691,1238,51929,564
2021-09-15,Santa Barbara,083,443738,41898,41077,1563,42640,497
2021-09-15,Santa Clara,085,1922200,139752,138410,1121,139531,1833
2021-09-15,Santa Cruz,087,273765,19187,18984,1023,20007,210
2021-09-15,Shasta,089,179085,18015,17317,2990,20307,250
2021-09-15,Sierra,091,2930,127,123,15,138,0
2021-09-15,Siskiyou,093,43540,2942,2804,1031,3835,35
2021-09-15,Solano,095,438530,43217,42682,1091,43773,312
2021-09-15,Sonoma,097,501317,38989,38629,489,39118,369
2021-09-15,Stanislaus,099,539301,72126,70852,8269,79121,1091
2021-09-15,Sutter,101,95872,12902,12699,237,12936,151
2021-09-15,Tehama,103,63373,7120,6894,1179,8073,79
2021-09-15,Trinity,105,12862,642,541,176,717,7
2021-09-15,Tulare,107,460477,60611,59149,12915,72064,890
2021-09-15,Tuolumne,109,53932,6130,5969,65,6034,89
2021-09-15,Ventura,111,848112,93794,92960,4167,97127,1109
2021-09-15,Yolo,113,214977,18296,18064,953,19017,239
2021-09-15,Yuba,115,75493,9080,8953,203,9156,61
2021-09-14,Alameda,001,1643700,113591,112329,2719,115048,1316
2021-09-14,Alpine,003,1148,100,98,0,98,0
2021-09-14,Amador,005,37829,4895,4790,50,4840,57
2021-09-14,Butte,007,227075,18163,17516,3290,20806,226
2021-09-14,Calaveras,009,45235,3362,3280,31,3311,66
2021-09-14,Colusa,011,21464,2381,2344,539,2883,16
2021-09-14,Contra Costa,013,1133247,93755,92822,1933,94755,908
2021-09-14,Del Norte,015,27424,3408,3252,22,3274,32
2021-09-14,El Dorado,017,186661,14563,14247,1489,15736,123
2021-09-14,Fresno,019,978130,125153,123151,11265,134416,1856
2021-09-14,Glenn,021,27897,3113,3045,895,3940,20
2021-09-14,Humboldt,023,135768,7924,7717,393,8110,52
2021-09-14,Imperial,025,180216,31089,30845,3113,33958,752
2021-09-14,Inyo,027,18085,1646,1605,25,1630,39
2021-09-14,Kern,029,883053,115410,113250,18086,131336,1428
2021-09-14,Kings,031,150075,28484,27955,1705,29660,278
2021-09-14,Lake,033,64148,5992,5845,125,5970,83
2021-09-14,Lassen,035,31185,6160,5977,259,6236,25
2021-09-14,Los Angeles,037,10098052,1383073,1372831,52787,1425618,25729
2021-09-14,Madera,039,155013,20298,19800,1572,21372,254
2021-09-14,Marin,041,260295,16710,16584,395,16979,242
2021-09-14,Mariposa,043,17540,888,834,24,858,5
2021-09-14,Mendocino,045,87422,6549,6372,293,6665,65
2021-09-14,Merced,047,269075,37980,37430,1423,38853,526
2021-09-14,Modoc,049,8938,464,453,160,613,5
2021-09-14,Mono,051,14174,1471,1440,14,1454,4
2021-09-14,Monterey,053,433212,46560,46224,3060,49284,558
2021-09-14,Napa,055,140530,12189,12070,78,12148,91
2021-09-14,Nevada,057,99092,8215,8056,279,8335,83
2021-09-14,Orange,059,3164182,295086,291423,14119,305542,5319
2021-09-14,Placer,061,380077,33434,32735,3184,35919,350
2021-09-14,Plumas,063,18699,1211,1148,26,1174,5
2021-09-14,Riverside,065,2383286,342071,338534,16131,354665,4748
2021-09-14,Sacramento,067,1510023,145951,145051,3691,148742,1977
2021-09-14,San Benito,069,59416,6929,6887,148,7035,64
2021-09-14,San Bernardino,071,2135413,337092,333968,10759,344727,5465
2021-09-14,San Diego,073,3302833,350691,346204,20294,366498,3966
2021-09-14,San Francisco,075,870044,49476,48998,2377,51375,603
2021-09-14,San Joaquin,077,732212,92426,91128,5022,96150,1596
2021-09-14,San Luis Obispo,079,281455,27266,26845,1072,27917,304
2021-09-14,San Mateo,081,765935,51038,50602,1227,51829,564
2021-09-14,Santa Barbara,083,443738,41803,40783,1554,42337,495
2021-09-14,Santa Clara,085,1922200,139518,138321,1117,139438,1828
2021-09-14,Santa Cruz,087,273765,19147,18965,1021,19986,210
2021-09-14,Shasta,089,179085,17884,17152,2969,20121,246
2021-09-14,Sierra,091,2930,127,123,15,138,0
2021-09-14,Siskiyou,093,43540,2917,2756,1014,3770,35
2021-09-14,Solano,095,438530,43135,42599,1088,43687,307
2021-09-14,Sonoma,097,501317,38918,38595,485,39080,369
2021-09-14,Stanislaus,099,539301,71869,70697,8241,78938,1091
2021-09-14,Sutter,101,95872,12860,12670,230,12900,149
2021-09-14,Tehama,103,63373,7066,6859,1171,8030,80
2021-09-14,Trinity,105,12862,636,538,175,713,7
2021-09-14,Tulare,107,460477,60359,58961,12844,71805,888
2021-09-14,Tuolumne,109,53932,6109,5951,64,6015,89
2021-09-14,Ventura,111,848112,93614,92841,4151,96992,1107
2021-09-14,Yolo,113,214977,18252,18039,948,18987,239
2021-09-14,Yuba,115,75493,9044,8928,203,9131,61
2021-09-13,Alameda,001,1643700,113374,112159,2714,114873,1309
2021-09-13,Alpine,003,1148,99,98,0,98,0
2021-09-13,Amador,005,37829,4877,4761,50,4811,56
2021-09-13,Butte,007,227075,18039,17393,3263,20656,225
2021-09-13,Calaveras,009,45235,3332,3253,29,3282,65
2021-09-13,Colusa,011,21464,2371,2346,534,2880,16
2021-09-13,Contra Costa,013,1133247,93509,92658,1928,94586,908
2021-09-13,Del Norte,015,27424,3372,3232,22,3254,28
2021-09-13,El Dorado,017,186661,14503,14194,1480,15674,119
2021-09-13,Fresno,019,978130,124686,122650,11208,133858,1853
2021-09-13,Glenn,021,27897,3102,3026,887,3913,20
2021-09-13,Humboldt,023,135768,7892,7659,390,8049,52
2021-09-13,Imperial,025,180216,31037,30802,3110,33912,751
2021-09-13,Inyo,027,18085,1639,1602,25,1627,39
2021-09-13,Kern,029,883053,115029,112930,17960,130890,1424
2021-09-13,Kings,031,150075,28374,27858,1693,29551,275
2021-09-13,Lake,033,64148,5970,5809,125,5934,82
2021-09-13,Lassen,035,31185,6125,5953,258,6211,25
2021-09-13,Los Angeles,037,10098052,1381217,1371423,52718,1424141,25703
2021-09-13,Madera,039,155013,20227,19735,1565,21300,252
2021-09-13,Marin,041,260295,16674,16557,394,16951,242
2021-09-13,Mariposa,043,17540,874,825,24,849,5
2021-09-13,Mendocino,045,87422,6516,6323,283,6606,61
2021-09-13,Merced,047,269075,37829,37291,1418,38709,521
2021-09-13,Modoc,049,8938,463,451,160,611,5
2021-09-13,Mono,051,14174,1465,1435,14,1449,3
2021-09-13,Monterey,053,433212,46478,46188,3039,49227,558
2021-09-13,Napa,055,140530,12171,12039,78,12117,91
2021-09-13,Nevada,057,99092,8189,8021,277,8298,83
2021-09-13,Orange,059,3164182,294651,291128,14098,305226,5312
2021-09-13,Placer,061,380077,33269,32617,3167,35784,343
2021-09-13,Plumas,063,18699,1200,1142,26,1168,5
2021-09-13,Riverside,065,2383286,341426,337876,16113,353989,4731
2021-09-13,Sacramento,067,1510023,145463,144537,3658,148195,1956
2021-09-13,San Benito,069,59416,6914,6867,147,7014,64
2021-09-13,San Bernardino,071,2135413,336604,333613,10735,344348,5441
2021-09-13,San Diego,073,3302833,349901,345647,20244,365891,3961
2021-09-13,San Francisco,075,870044,49347,48914,2371,51285,603
2021-09-13,San Joaquin,077,732212,92143,90966,5004,95970,1581
2021-09-13,San Luis Obispo,079,281455,27169,26805,1069,27874,300
2021-09-13,San Mateo,081,765935,50958,50525,1213,51738,564
2021-09-13,Santa Barbara,083,443738,41685,40661,1547,42208,494
2021-09-13,Santa Clara,085,1922200,139272,138152,1111,139263,1820
2021-09-13,Santa Cruz,087,273765,19107,18917,1020,19937,210
2021-09-13,Shasta,089,179085,17757,17033,2928,19961,243
2021-09-13,Sierra,091,2930,127,123,15,138,0
2021-09-13,Siskiyou,093,43540,2902,2745,1002,3747,35
2021-09-13,Solano,095,438530,43035,42501,1084,43585,306
2021-09-13,Sonoma,097,501317,38851,38513,482,38995,368
2021-09-13,Stanislaus,099,539301,71618,70477,8203,78680,1091
2021-09-13,Sutter,101,95872,12802,12624,226,12850,145
2021-09-13,Tehama,103,63373,7003,6803,1159,7962,79
2021-09-13,Trinity,105,12862,634,533,173,706,7
2021-09-13,Tulare,107,460477,60074,58768,12779,71547,887
2021-09-13,Tuolumne,109,53932,6078,5909,64,5973,89
2021-09-13,Ventura,111,848112,93463,92679,4143,96822,1107
2021-09-13,Yolo,113,214977,18210,17974,943,18917,239
2021-09-13,Yuba,115,75493,8999,8884,202,9086,61
2021-09-12,Alameda,001,1643700,113104,111961,2710,114671,1309
2021-09-12,Alpine,003,1148,99,98,0,98,0
2021-09-12,Amador,005,37829,4856,4752,50,4802,56
2021-09-12,Butte,007,227075,17895,17257,3218,20475,221
2021-09-12,Calaveras,009,45235,3300,3236,25,3261,65
2021-09-12,Colusa,011,21464,2368,2344,533,2877,16
2021-09-12,Contra Costa,013,1133247,93242,92498,1916,94414,908
2021-09-12,Del Norte,015,27424,3337,3200,22,3222,28
2021-09-12,El Dorado,017,186661,14431,14167,1463,15630,119
2021-09-12,Fresno,019,978130,124171,122407,11159,133566,1853
2021-09-12,Glenn,021,27897,3083,3016,880,3896,20
2021-09-12,Humboldt,023,135768,7821,7636,379,8015,52
2021-09-12,Imperial,025,180216,30974,30790,3104,33894,751
2021-09-12,Inyo,027,18085,1629,1596,25,1621,39
2021-09-12,Kern,029,883053,114619,112602,17800,130402,1424
2021-09-12,Kings,031,150075,28264,27764,1676,29440,274
2021-09-12,Lake,033,64148,5931,5781,123,5904,82
2021-09-12,Lassen,035,31185,6088,5943,248,6191,25
2021-09-12,Los Angeles,037,10098052,1379166,1365968,52638,1418606,25630
2021-09-12,Madera,039,155013,20140,19691,1554,21245,252
2021-09-12,Marin,041,260295,16651,16526,394,16920,242
2021-09-12,Mariposa,043,17540,863,811,24,835,5
2021-09-12,Mendocino,045,87422,6475,6283,275,6558,61
2021-09-12,Merced,047,269075,37656,37172,1407,38579,521
2021-09-12,Modoc,049,8938,463,451,159,610,5
2021-09-12,Mono,051,14174,1455,1431,14,1445,3
2021-09-12,Monterey,053,433212,46399,46167,3011,49178,558
2021-09-12,Napa,055,140530,12141,12011,78,12089,91
2021-09-12,Nevada,057,99092,8150,7987,274,8261,83
2021-09-12,Orange,059,3164182,294186,290718,14074,304792,5312
2021-09-12,Placer,061,380077,33121,32520,3142,35662,343
2021-09-12,Plumas,063,18699,1184,1138,26,1164,5
2021-09-12,Riverside,065,2383286,340742,337332,16081,353413,4731
2021-09-12,Sacramento,067,1510023,144959,144030,3617,147647,1959
2021-09-12,San Benito,069,59416,6895,6852,146,6998,64
2021-09-12,San Bernardino,071,2135413,335994,333049,10721,343770,5439
2021-09-12,San Diego,073,3302833,349077,345058,20172,365230,3942
2021-09-12,San Francisco,075,870044,49236,48819,2363,51182,603
2021-09-12,San Joaquin,077,732212,91814,90730,4996,95726,1581
2021-09-12,San Luis Obispo,079,281455,27051,26729,1056,27785,299
2021-09-12,San Mateo,081,765935,50862,50432,1199,51631,564
2021-09-12,Santa Barbara,083,443738,41579,40600,1539,42139,494
2021-09-12,Santa Clara,085,1922200,139019,137899,1107,139006,1820
2021-09-12,Santa Cruz,087,273765,19075,18892,1019,19911,210
2021-09-12,Shasta,089,179085,17594,16957,2869,19826,243
2021-09-12,Sierra,091,2930,127,123,15,138,0
2021-09-12,Siskiyou,093,43540,2875,2730,987,3717,35
2021-09-12,Solano,095,438530,42931,42409,1079,43488,306
2021-09-12,Sonoma,097,501317,38773,38456,480,38936,368
2021-09-12,Stanislaus,099,539301,71321,70184,8165,78349,1091
2021-09-12,Sutter,101,95872,12760,12589,220,12809,145
2021-09-12,Tehama,103,63373,6939,6732,1147,7879,79
2021-09-12,Trinity,105,12862,630,529,171,700,7
2021-09-12,Tulare,107,460477,59718,58582,12716,71298,887
2021-09-12,Tuolumne,109,53932,6045,5888,64,5952,89
2021-09-12,Ventura,111,848112,93346,92496,4137,96633,1107
2021-09-12,Yolo,113,214977,18145,17943,935,18878,239
2021-09-12,Yuba,115,75493,8962,8842,202,9044,61
2021-09-11,Alameda,001,1643700,112978,111715,2708,114423,1309
2021-09-11,Alpine,003,1148,99,98,0,98,0
2021-09-11,Amador,005,37829,4843,4728,49,4777,56
2021-09-11,Butte,007,227075,17815,17218,3189,20407,221
2021-09-11,Calaveras,009,45235,3297,3208,24,3232,65
2021-09-11,Colusa,011,21464,2367,2338,530,2868,16
2021-09-11,Contra Costa,013,1133247,93124,92269,1911,94180,908
2021-09-11,Del Norte,015,27424,3321,3184,22,3206,28
2021-09-11,El Dorado,017,186661,14412,14117,1456,15573,119
2021-09-11,Fresno,019,978130,123991,122224,11137,133361,1853
2021-09-11,Glenn,021,27897,3079,3007,878,3885,20
2021-09-11,Humboldt,023,135768,7799,7615,376,7991,52
2021-09-11,Imperial,025,180216,30949,30760,3100,33860,751
2021-09-11,Inyo,027,18085,1626,1590,25,1615,39
2021-09-11,Kern,029,883053,114372,112205,17681,129886,1424
2021-09-11,Kings,031,150075,28215,27631,1670,29301,275
2021-09-11,Lake,033,64148,5911,5761,123,5884,82
2021-09-11,Lassen,035,31185,6073,5930,244,6174,25
2021-09-11,Los Angeles,037,10098052,1378204,1365831,52572,1418403,25630
2021-09-11,Madera,039,155013,20087,19648,1548,21196,252
2021-09-11,Marin,041,260295,16623,16496,393,16889,242
2021-09-11,Mariposa,043,17540,858,799,24,823,5
2021-09-11,Mendocino,045,87422,6451,6257,275,6532,61
2021-09-11,Merced,047,269075,37602,37042,1404,38446,521
2021-09-11,Modoc,049,8938,463,449,159,608,5
2021-09-11,Mono,051,14174,1451,1431,14,1445,3
2021-09-11,Monterey,053,433212,46368,46140,3003,49143,558
2021-09-11,Napa,055,140530,12118,11991,78,12069,91
2021-09-11,Nevada,057,99092,8135,7967,274,8241,83
2021-09-11,Orange,059,3164182,293887,290429,14057,304486,5306
2021-09-11,Placer,061,380077,33037,32414,3131,35545,344
2021-09-11,Plumas,063,18699,1180,1112,26,1138,5
2021-09-11,Riverside,065,2383286,340304,336585,16067,352652,4731
2021-09-11,Sacramento,067,1510023,144660,143557,3604,147161,1955
2021-09-11,San Benito,069,59416,6882,6844,146,6990,64
2021-09-11,San Bernardino,071,2135413,335654,332512,10709,343221,5430
2021-09-11,San Diego,073,3302833,348587,344355,20148,364503,3942
2021-09-11,San Francisco,075,870044,49181,48660,2357,51017,603
2021-09-11,San Joaquin,077,732212,91669,90482,4989,95471,1581
2021-09-11,San Luis Obispo,079,281455,27005,26651,1055,27706,299
2021-09-11,San Mateo,081,765935,50797,50341,1197,51538,564
2021-09-11,Santa Barbara,083,443738,41506,40451,1539,41990,494
2021-09-11,Santa Clara,085,1922200,138869,137659,1104,138763,1820
2021-09-11,Santa Cruz,087,273765,19046,18865,1019,19884,210
2021-09-11,Shasta,089,179085,17502,16877,2848,19725,243
2021-09-11,Sierra,091,2930,127,123,15,138,0
2021-09-11,Siskiyou,093,43540,2858,2717,984,3701,35
2021-09-11,Solano,095,438530,42880,42344,1076,43420,306
2021-09-11,Sonoma,097,501317,38725,38399,478,38877,368
2021-09-11,Stanislaus,099,539301,71196,69974,8150,78124,1091
2021-09-11,Sutter,101,95872,12734,12538,217,12755,145
2021-09-11,Tehama,103,63373,6918,6703,1139,7842,79
2021-09-11,Trinity,105,12862,623,526,171,697,7
2021-09-11,Tulare,107,460477,59607,58321,12669,70990,889
2021-09-11,Tuolumne,109,53932,6026,5879,61,5940,89
2021-09-11,Ventura,111,848112,93267,92328,4132,96460,1107
2021-09-11,Yolo,113,214977,18121,17906,930,18836,239
2021-09-11,Yuba,115,75493,8937,8813,202,9015,61
2021-09-10,Alameda,001,1643700,112786,111386,2707,114093,1306
2021-09-10,Alpine,003,1148,98,97,0,97,0
2021-09-10,Amador,005,37829,4831,4706,49,4755,56
2021-09-10,Butte,007,227075,17740,17051,3174,20225,222
2021-09-10,Calaveras,009,45235,3291,3183,24,3207,65
2021-09-10,Colusa,011,21464,2363,2327,527,2854,16
2021-09-10,Contra Costa,013,1133247,93003,92024,1909,93933,908
2021-09-10,Del Norte,015,27424,3306,3128,21,3149,28
2021-09-10,El Dorado,017,186661,14381,14051,1451,15502,119
2021-09-10,Fresno,019,978130,123670,121659,11116,132775,1846
2021-09-10,Glenn,021,27897,3074,2977,878,3855,20
2021-09-10,Humboldt,023,135768,7766,7543,372,7915,52
2021-09-10,Imperial,025,180216,30925,30716,3098,33814,751
2021-09-10,Inyo,027,18085,1622,1590,25,1615,39
2021-09-10,Kern,029,883053,114118,111832,17562,129394,1419
2021-09-10,Kings,031,150075,28141,27473,1662,29135,274
2021-09-10,Lake,033,64148,5895,5713,121,5834,79
2021-09-10,Lassen,035,31185,6065,5914,241,6155,25
2021-09-10,Los Angeles,037,10098052,1376998,1365709,52504,1418213,25630
2021-09-10,Madera,039,155013,20041,19520,1543,21063,252
2021-09-10,Marin,041,260295,16604,16458,390,16848,242
2021-09-10,Mariposa,043,17540,853,795,24,819,5
2021-09-10,Mendocino,045,87422,6420,6184,274,6458,61
2021-09-10,Merced,047,269075,37550,36884,1403,38287,521
2021-09-10,Modoc,049,8938,463,448,159,607,5
2021-09-10,Mono,051,14174,1448,1422,14,1436,3
2021-09-10,Monterey,053,433212,46341,46084,2984,49068,557
2021-09-10,Napa,055,140530,12094,11948,78,12026,90
2021-09-10,Nevada,057,99092,8117,7932,273,8205,83
2021-09-10,Orange,059,3164182,293585,290022,14048,304070,5302
2021-09-10,Placer,061,380077,32937,32264,3118,35382,343
2021-09-10,Plumas,063,18699,1173,1111,26,1137,5
2021-09-10,Riverside,065,2383286,339830,335988,16060,352048,4720
2021-09-10,Sacramento,067,1510023,144317,143244,3595,146839,1950
2021-09-10,San Benito,069,59416,6878,6824,146,6970,64
2021-09-10,San Bernardino,071,2135413,335234,331894,10699,342593,5422
2021-09-10,San Diego,073,3302833,348024,343173,20107,363280,3941
2021-09-10,San Francisco,075,870044,49104,48518,2348,50866,602
2021-09-10,San Joaquin,077,732212,91490,90208,4982,95190,1573
2021-09-10,San Luis Obispo,079,281455,26972,26526,1053,27579,299
2021-09-10,San Mateo,081,765935,50739,50251,1191,51442,564
2021-09-10,Santa Barbara,083,443738,41453,40321,1536,41857,492
2021-09-10,Santa Clara,085,1922200,138685,137337,1103,138440,1817
2021-09-10,Santa Cruz,087,273765,19027,18785,1018,19803,210
2021-09-10,Shasta,089,179085,17408,16667,2820,19487,242
2021-09-10,Sierra,091,2930,127,117,15,132,0
2021-09-10,Siskiyou,093,43540,2846,2702,980,3682,35
2021-09-10,Solano,095,438530,42806,42230,1069,43299,305
2021-09-10,Sonoma,097,501317,38667,38271,477,38748,368
2021-09-10,Stanislaus,099,539301,71038,69617,8127,77744,1091
2021-09-10,Sutter,101,95872,12700,12468,217,12685,145
2021-09-10,Tehama,103,63373,6885,6652,1133,7785,77
2021-09-10,Trinity,105,12862,619,524,171,695,7
2021-09-10,Tulare,107,460477,59460,57930,12624,70554,883
2021-09-10,Tuolumne,109,53932,6008,5842,60,5902,89
2021-09-10,Ventura,111,848112,93178,92145,4127,96272,1104
2021-09-10,Yolo,113,214977,18097,17825,925,18750,239
2021-09-10,Yuba,115,75493,8918,8760,201,8961,62
2021-09-09,Alameda,001,1643700,112568,111014,2700,113714,1306
2021-09-09,Alpine,003,1148,98,94,0,94,0
2021-09-09,Amador,005,37829,4810,4698,48,4746,56
2021-09-09,Butte,007,227075,17595,16874,3148,20022,221
2021-09-09,Calaveras,009,45235,3257,3165,24,3189,65
2021-09-09,Colusa,011,21464,2356,2321,525,2846,16
2021-09-09,Contra Costa,013,1133247,92794,91687,1904,93591,904
2021-09-09,Del Norte,015,27424,3283,3102,21,3123,28
2021-09-09,El Dorado,017,186661,14324,13970,1441,15411,119
2021-09-09,Fresno,019,978130,123198,121040,11083,132123,1838
2021-09-09,Glenn,021,27897,3061,2947,871,3818,20
2021-09-09,Humboldt,023,135768,7717,7471,365,7836,52
2021-09-09,Imperial,025,180216,30887,30661,3095,33756,751
2021-09-09,Inyo,027,18085,1615,1586,25,1611,39
2021-09-09,Kern,029,883053,113770,111390,17402,128792,1414
2021-09-09,Kings,031,150075,28040,27282,1651,28933,273
2021-09-09,Lake,033,64148,5871,5638,119,5757,79
2021-09-09,Lassen,035,31185,6015,5860,235,6095,25
2021-09-09,Los Angeles,037,10098052,1375138,1363735,52428,1416163,25583
2021-09-09,Madera,039,155013,19968,19401,1531,20932,252
2021-09-09,Marin,041,260295,16580,16416,387,16803,242
2021-09-09,Mariposa,043,17540,840,779,23,802,5
2021-09-09,Mendocino,045,87422,6388,6089,265,6354,61
2021-09-09,Merced,047,269075,37396,36634,1390,38024,516
2021-09-09,Modoc,049,8938,463,448,159,607,5
2021-09-09,Mono,051,14174,1442,1420,14,1434,3
2021-09-09,Monterey,053,433212,46299,45991,2961,48952,556
2021-09-09,Napa,055,140530,12063,11878,78,11956,90
2021-09-09,Nevada,057,99092,8079,7855,273,8128,82
2021-09-09,Orange,059,3164182,293178,289109,14016,303125,5299
2021-09-09,Placer,061,380077,32820,32048,3103,35151,342
2021-09-09,Plumas,063,18699,1163,1098,25,1123,5
2021-09-09,Riverside,065,2383286,339191,334774,16042,350816,4701
2021-09-09,Sacramento,067,1510023,143837,142728,3547,146275,1929
2021-09-09,San Benito,069,59416,6868,6820,145,6965,64
2021-09-09,San Bernardino,071,2135413,334672,331040,10687,341727,5417
2021-09-09,San Diego,073,3302833,347298,342149,20050,362199,3929
2021-09-09,San Francisco,075,870044,48994,48404,2335,50739,597
2021-09-09,San Joaquin,077,732212,91216,89874,4964,94838,1570
2021-09-09,San Luis Obispo,079,281455,26890,26472,1050,27522,296
2021-09-09,San Mateo,081,765935,50627,50143,1179,51322,561
2021-09-09,Santa Barbara,083,443738,41348,40180,1531,41711,490
2021-09-09,Santa Clara,085,1922200,138461,137017,1099,138116,1816
2021-09-09,Santa Cruz,087,273765,18981,18728,1018,19746,210
2021-09-09,Shasta,089,179085,17262,16401,2777,19178,238
2021-09-09,Sierra,091,2930,127,115,15,130,0
2021-09-09,Siskiyou,093,43540,2823,2683,966,3649,35
2021-09-09,Solano,095,438530,42698,42081,1065,43146,303
2021-09-09,Sonoma,097,501317,38600,38171,476,38647,360
2021-09-09,Stanislaus,099,539301,70753,69178,8093,77271,1074
2021-09-09,Sutter,101,95872,12645,12396,215,12611,144
2021-09-09,Tehama,103,63373,6831,6554,1128,7682,75
2021-09-09,Trinity,105,12862,613,523,169,692,6
2021-09-09,Tulare,107,460477,59218,57564,12564,70128,879
2021-09-09,Tuolumne,109,53932,5980,5802,59,5861,89
2021-09-09,Ventura,111,848112,93035,91610,4118,95728,1098
2021-09-09,Yolo,113,214977,18041,17724,922,18646,239
2021-09-09,Yuba,115,75493,8873,8707,198,8905,55
2021-09-08,Alameda,001,1643700,112314,110781,2696,113477,1305
2021-09-08,Alpine,003,1148,98,94,0,94,0
2021-09-08,Amador,005,37829,4798,4693,48,4741,56
2021-09-08,Butte,007,227075,17462,16775,3131,19906,220
2021-09-08,Calaveras,009,45235,3238,3157,24,3181,63
2021-09-08,Colusa,011,21464,2354,2308,523,2831,16
2021-09-08,Contra Costa,013,1133247,92523,91471,1899,93370,900
2021-09-08,Del Norte,015,27424,3259,3085,21,3106,25
2021-09-08,El Dorado,017,186661,14244,13928,1419,15347,119
2021-09-08,Fresno,019,978130,122707,120644,11032,131676,1831
2021-09-08,Glenn,021,27897,3043,2942,859,3801,20
2021-09-08,Humboldt,023,135768,7674,7438,356,7794,52
2021-09-08,Imperial,025,180216,30854,30609,3082,33691,751
2021-09-08,Inyo,027,18085,1604,1580,25,1605,39
2021-09-08,Kern,029,883053,113374,110933,17261,128194,1409
2021-09-08,Kings,031,150075,27911,27235,1636,28871,267
2021-09-08,Lake,033,64148,5841,5618,117,5735,79
2021-09-08,Lassen,035,31185,5998,5848,227,6075,25
2021-09-08,Los Angeles,037,10098052,1373074,1362029,52339,1414368,25533
2021-09-08,Madera,039,155013,19908,19352,1518,20870,252
2021-09-08,Marin,041,260295,16552,16386,386,16772,242
2021-09-08,Mariposa,043,17540,828,777,22,799,5
2021-09-08,Mendocino,045,87422,6343,6069,256,6325,61
2021-09-08,Merced,047,269075,37235,36500,1378,37878,516
2021-09-08,Modoc,049,8938,463,448,159,607,5
2021-09-08,Mono,051,14174,1439,1418,14,1432,3
2021-09-08,Monterey,053,433212,46261,45959,2943,48902,554
2021-09-08,Napa,055,140530,12028,11842,76,11918,90
2021-09-08,Nevada,057,99092,8043,7843,272,8115,82
2021-09-08,Orange,059,3164182,292773,288511,13992,302503,5290
2021-09-08,Placer,061,380077,32683,31852,3086,34938,337
2021-09-08,Plumas,063,18699,1156,1072,24,1096,5
2021-09-08,Riverside,065,2383286,338431,334037,16015,350052,4683
2021-09-08,Sacramento,067,1510023,143359,142448,3498,145946,1921
2021-09-08,San Benito,069,59416,6851,6800,144,6944,64
2021-09-08,San Bernardino,071,2135413,334069,330279,10671,340950,5411
2021-09-08,San Diego,073,3302833,346362,341437,20004,361441,3926
2021-09-08,San Francisco,075,870044,48855,48263,2332,50595,589
2021-09-08,San Joaquin,077,732212,90939,89631,4940,94571,1561
2021-09-08,San Luis Obispo,079,281455,26797,26303,1045,27348,294
2021-09-08,San Mateo,081,765935,50530,50051,1176,51227,561
2021-09-08,Santa Barbara,083,443738,41237,40000,1527,41527,490
2021-09-08,Santa Clara,085,1922200,138231,136836,1093,137929,1810
2021-09-08,Santa Cruz,087,273765,18944,18699,1018,19717,210
2021-09-08,Shasta,089,179085,17108,16227,2733,18960,234
2021-09-08,Sierra,091,2930,127,113,15,128,0
2021-09-08,Siskiyou,093,43540,2790,2643,955,3598,35
2021-09-08,Solano,095,438530,42609,41971,1062,43033,302
2021-09-08,Sonoma,097,501317,38517,38075,475,38550,360
2021-09-08,Stanislaus,099,539301,70507,68945,8055,77000,1074
2021-09-08,Sutter,101,95872,12580,12349,212,12561,144
2021-09-08,Tehama,103,63373,6764,6520,1111,7631,75
2021-09-08,Trinity,105,12862,610,520,165,685,6
2021-09-08,Tulare,107,460477,58894,57425,12507,69932,876
2021-09-08,Tuolumne,109,53932,5947,5783,57,5840,89
2021-09-08,Ventura,111,848112,92885,91345,4100,95445,1096
2021-09-08,Yolo,113,214977,17960,17680,917,18597,239
2021-09-08,Yuba,115,75493,8831,8675,196,8871,55
2021-09-07,Alameda,001,1643700,112009,110550,2690,113240,1301
2021-09-07,Alpine,003,1148,97,94,0,94,0
2021-09-07,Amador,005,37829,4771,4679,48,4727,53
2021-09-07,Butte,007,227075,17306,16723,3095,19818,220
2021-09-07,Calaveras,009,45235,3197,3140,22,3162,63
2021-09-07,Colusa,011,21464,2343,2306,522,2828,16
2021-09-07,Contra Costa,013,1133247,92263,91167,1893,93060,891
2021-09-07,Del Norte,015,27424,3245,3081,21,3102,24
2021-09-07,El Dorado,017,186661,14173,13892,1403,15295,119
2021-09-07,Fresno,019,978130,122158,120268,10979,131247,1828
2021-09-07,Glenn,021,27897,3023,2937,851,3788,20
2021-09-07,Humboldt,023,135768,7614,7397,339,7736,52
2021-09-07,Imperial,025,180216,30814,30584,3074,33658,751
2021-09-07,Inyo,027,18085,1598,1579,24,1603,39
2021-09-07,Kern,029,883053,112941,110674,17097,127771,1408
2021-09-07,Kings,031,150075,27787,27169,1618,28787,267
2021-09-07,Lake,033,64148,5798,5597,109,5706,78
2021-09-07,Lassen,035,31185,5980,5842,221,6063,21
2021-09-07,Los Angeles,037,10098052,1370848,1360407,52244,1412651,25486
2021-09-07,Madera,039,155013,19821,19316,1512,20828,249
2021-09-07,Marin,041,260295,16514,16363,386,16749,242
2021-09-07,Mariposa,043,17540,813,771,22,793,5
2021-09-07,Mendocino,045,87422,6286,6036,245,6281,61
2021-09-07,Merced,047,269075,37061,36400,1373,37773,513
2021-09-07,Modoc,049,8938,461,449,159,608,5
2021-09-07,Mono,051,14174,1430,1416,14,1430,3
2021-09-07,Monterey,053,433212,46195,45911,2912,48823,543
2021-09-07,Napa,055,140530,11987,11814,76,11890,90
2021-09-07,Nevada,057,99092,8015,7829,272,8101,82
2021-09-07,Orange,059,3164182,292346,288225,13961,302186,5274
2021-09-07,Placer,061,380077,32530,31710,3057,34767,337
2021-09-07,Plumas,063,18699,1141,1071,24,1095,5
2021-09-07,Riverside,065,2383286,337644,333390,15996,349386,4666
2021-09-07,Sacramento,067,1510023,142820,142364,3451,145815,1905
2021-09-07,San Benito,069,59416,6833,6786,144,6930,64
2021-09-07,San Bernardino,071,2135413,333327,329962,10644,340606,5407
2021-09-07,San Diego,073,3302833,345350,340709,19941,360650,3922
2021-09-07,San Francisco,075,870044,48717,48175,2324,50499,589
2021-09-07,San Joaquin,077,732212,90606,89468,4925,94393,1548
2021-09-07,San Luis Obispo,079,281455,26679,26253,1036,27289,287
2021-09-07,San Mateo,081,765935,50442,49913,1170,51083,561
2021-09-07,Santa Barbara,083,443738,41112,39957,1522,41479,489
2021-09-07,Santa Clara,085,1922200,137945,136631,1086,137717,1807
2021-09-07,Santa Cruz,087,273765,18895,18669,1015,19684,210
2021-09-07,Shasta,089,179085,16951,16096,2679,18775,226
2021-09-07,Sierra,091,2930,127,111,15,126,0
2021-09-07,Siskiyou,093,43540,2765,2607,937,3544,34
2021-09-07,Solano,095,438530,42489,41862,1058,42920,300
2021-09-07,Sonoma,097,501317,38433,38013,472,38485,358
2021-09-07,Stanislaus,099,539301,70221,68831,8032,76863,1074
2021-09-07,Sutter,101,95872,12506,12310,206,12516,138
2021-09-07,Tehama,103,63373,6711,6482,1090,7572,74
2021-09-07,Trinity,105,12862,604,517,165,682,6
2021-09-07,Tulare,107,460477,58545,57228,12425,69653,874
2021-09-07,Tuolumne,109,53932,5910,5759,57,5816,88
2021-09-07,Ventura,111,848112,92674,91246,4089,95335,1093
2021-09-07,Yolo,113,214977,17891,17653,912,18565,235
2021-09-07,Yuba,115,75493,8788,8642,191,8833,55
2021-09-06,Alameda,001,1643700,111699,110357,2681,113038,1301
2021-09-06,Alpine,003,1148,95,94,0,94,0
2021-09-06,Amador,005,37829,4755,4648,47,4695,53
2021-09-06,Butte,007,227075,17114,16588,3051,19639,218
2021-09-06,Calaveras,009,45235,3179,3122,22,3144,63
2021-09-06,Colusa,011,21464,2336,2306,517,2823,16
2021-09-06,Contra Costa,013,1133247,91970,90971,1883,92854,891
2021-09-06,Del Norte,015,27424,3204,3037,20,3057,24
2021-09-06,El Dorado,017,186661,14104,13848,1387,15235,119
2021-09-06,Fresno,019,978130,121591,119738,10920,130658,1828
2021-09-06,Glenn,021,27897,2989,2912,836,3748,20
2021-09-06,Humboldt,023,135768,7537,7320,321,7641,52
2021-09-06,Imperial,025,180216,30751,30576,3068,33644,751
2021-09-06,Inyo,027,18085,1591,1578,10,1588,39
2021-09-06,Kern,029,883053,112433,110347,16905,127252,1408
2021-09-06,Kings,031,150075,27646,27094,1600,28694,264
2021-09-06,Lake,033,64148,5734,5548,102,5650,78
2021-09-06,Lassen,035,31185,5954,5822,210,6032,21
2021-09-06,Los Angeles,037,10098052,1368476,1359348,52125,1411473,25477
2021-09-06,Madera,039,155013,19719,19191,1493,20684,249
2021-09-06,Marin,041,260295,16474,16356,386,16742,242
2021-09-06,Mariposa,043,17540,801,764,22,786,5
2021-09-06,Mendocino,045,87422,6219,5984,231,6215,61
2021-09-06,Merced,047,269075,36844,36300,1364,37664,513
2021-09-06,Modoc,049,8938,458,449,159,608,5
2021-09-06,Mono,051,14174,1427,1416,14,1430,3
2021-09-06,Monterey,053,433212,46130,45833,2867,48700,541
2021-09-06,Napa,055,140530,11944,11792,75,11867,90
2021-09-06,Nevada,057,99092,7967,7748,270,8018,82
2021-09-06,Orange,059,3164182,291849,287948,13907,301855,5274
2021-09-06,Placer,061,380077,32354,31595,3018,34613,337
2021-09-06,Plumas,063,18699,1120,1068,21,1089,5
2021-09-06,Riverside,065,2383286,336826,333052,15975,349027,4666
2021-09-06,Sacramento,067,1510023,142181,141730,3379,145109,1905
2021-09-06,San Benito,069,59416,6810,6777,141,6918,64
2021-09-06,San Bernardino,071,2135413,332445,329693,10613,340306,5398
2021-09-06,San Diego,073,3302833,344333,340222,19846,360068,3922
2021-09-06,San Francisco,075,870044,48583,48120,2318,50438,589
2021-09-06,San Joaquin,077,732212,90263,89293,4900,94193,1548
2021-09-06,San Luis Obispo,079,281455,26551,26183,1033,27216,286
2021-09-06,San Mateo,081,765935,50331,49859,1153,51012,561
2021-09-06,Santa Barbara,083,443738,40984,39876,1513,41389,489
2021-09-06,Santa Clara,085,1922200,137656,136458,1083,137541,1807
2021-09-06,Santa Cruz,087,273765,18843,18615,1012,19627,210
2021-09-06,Shasta,089,179085,16772,15985,2624,18609,226
2021-09-06,Sierra,091,2930,127,109,15,124,0
2021-09-06,Siskiyou,093,43540,2721,2595,903,3498,34
2021-09-06,Solano,095,438530,42350,41774,1052,42826,300
2021-09-06,Sonoma,097,501317,38313,37929,471,38400,358
2021-09-06,Stanislaus,099,539301,69847,68596,7984,76580,1074
2021-09-06,Sutter,101,95872,12444,12238,197,12435,138
2021-09-06,Tehama,103,63373,6649,6413,1063,7476,74
2021-09-06,Trinity,105,12862,601,515,163,678,6
2021-09-06,Tulare,107,460477,58191,57068,12344,69412,874
2021-09-06,Tuolumne,109,53932,5875,5697,57,5754,88
2021-09-06,Ventura,111,848112,92499,91132,4078,95210,1093
2021-09-06,Yolo,113,214977,17809,17576,906,18482,235
2021-09-06,Yuba,115,75493,8738,8584,187,8771,55
2021-09-05,Alameda,001,1643700,111509,110173,2678,112851,1301
2021-09-05,Alpine,003,1148,95,94,0,94,0
2021-09-05,Amador,005,37829,4743,4642,47,4689,53
2021-09-05,Butte,007,227075,17024,16504,3023,19527,218
2021-09-05,Calaveras,009,45235,3172,3106,22,3128,63
2021-09-05,Colusa,011,21464,2328,2305,515,2820,16
2021-09-05,Contra Costa,013,1133247,91786,90862,1877,92739,891
2021-09-05,Del Norte,015,27424,3183,3023,20,3043,24
2021-09-05,El Dorado,017,186661,14075,13827,1373,15200,119
2021-09-05,Fresno,019,978130,121294,119384,10886,130270,1828
2021-09-05,Glenn,021,27897,2980,2899,833,3732,20
2021-09-05,Humboldt,023,135768,7504,7312,318,7630,52
2021-09-05,Imperial,025,180216,30722,30548,3066,33614,751
2021-09-05,Inyo,027,18085,1588,1572,10,1582,39
2021-09-05,Kern,029,883053,112135,110073,16741,126814,1408
2021-09-05,Kings,031,150075,27569,26989,1596,28585,264
2021-09-05,Lake,033,64148,5714,5525,102,5627,78
2021-09-05,Lassen,035,31185,5932,5820,206,6026,21
2021-09-05,Los Angeles,037,10098052,1367192,1357748,52051,1409799,25465
2021-09-05,Madera,039,155013,19676,19155,1484,20639,249
2021-09-05,Marin,041,260295,16455,16342,385,16727,242
2021-09-05,Mariposa,043,17540,797,761,22,783,5
2021-09-05,Mendocino,045,87422,6185,5965,231,6196,61
2021-09-05,Merced,047,269075,36768,36243,1363,37606,513
2021-09-05,Modoc,049,8938,458,447,159,606,5
2021-09-05,Mono,051,14174,1427,1416,14,1430,3
2021-09-05,Monterey,053,433212,46106,45795,2854,48649,540
2021-09-05,Napa,055,140530,11919,11770,75,11845,90
2021-09-05,Nevada,057,99092,7945,7722,269,7991,82
2021-09-05,Orange,059,3164182,291564,287614,13890,301504,5274
2021-09-05,Placer,061,380077,32227,31487,3004,34491,337
2021-09-05,Plumas,063,18699,1114,1067,21,1088,5
2021-09-05,Riverside,065,2383286,336374,332604,15964,348568,4654
2021-09-05,Sacramento,067,1510023,141749,141276,3357,144633,1905
2021-09-05,San Benito,069,59416,6809,6764,141,6905,64
2021-09-05,San Bernardino,071,2135413,332064,329062,10598,339660,5392
2021-09-05,San Diego,073,3302833,343775,339427,19810,359237,3914
2021-09-05,San Francisco,075,870044,48505,48035,2313,50348,589
2021-09-05,San Joaquin,077,732212,90098,89121,4883,94004,1548
2021-09-05,San Luis Obispo,079,281455,26503,26098,1032,27130,285
2021-09-05,San Mateo,081,765935,50267,49809,1147,50956,561
2021-09-05,Santa Barbara,083,443738,40917,39762,1511,41273,489
2021-09-05,Santa Clara,085,1922200,137446,136146,1081,137227,1807
2021-09-05,Santa Cruz,087,273765,18823,18588,1010,19598,210
2021-09-05,Shasta,089,179085,16689,15960,2598,18558,226
2021-09-05,Sierra,091,2930,126,109,15,124,0
2021-09-05,Siskiyou,093,43540,2704,2585,889,3474,34
2021-09-05,Solano,095,438530,42255,41687,1047,42734,300
2021-09-05,Sonoma,097,501317,38228,37881,470,38351,358
2021-09-05,Stanislaus,099,539301,69698,68434,7960,76394,1074
2021-09-05,Sutter,101,95872,12414,12179,191,12370,138
2021-09-05,Tehama,103,63373,6624,6400,1057,7457,74
2021-09-05,Trinity,105,12862,594,505,162,667,6
2021-09-05,Tulare,107,460477,58024,56915,12299,69214,874
2021-09-05,Tuolumne,109,53932,5863,5688,57,5745,88
2021-09-05,Ventura,111,848112,92364,91004,4074,95078,1093
2021-09-05,Yolo,113,214977,17774,17557,900,18457,235
2021-09-05,Yuba,115,75493,8712,8521,185,8706,55
2021-09-04,Alameda,001,1643700,111382,109944,2671,112615,1301
2021-09-04,Alpine,003,1148,95,94,0,94,0
2021-09-04,Amador,005,37829,4725,4637,46,4683,53
2021-09-04,Butte,007,227075,16967,16403,3007,19410,218
2021-09-04,Calaveras,009,45235,3161,3087,21,3108,63
2021-09-04,Colusa,011,21464,2326,2301,515,2816,16
2021-09-04,Contra Costa,013,1133247,91673,90623,1874,92497,891
2021-09-04,Del Norte,015,27424,3172,2984,20,3004,24
2021-09-04,El Dorado,017,186661,14049,13782,1365,15147,119
2021-09-04,Fresno,019,978130,121101,119033,10870,129903,1828
2021-09-04,Glenn,021,27897,2974,2878,829,3707,20
2021-09-04,Humboldt,023,135768,7473,7298,312,7610,52
2021-09-04,Imperial,025,180216,30699,30526,3064,33590,751
2021-09-04,Inyo,027,18085,1586,1571,10,1581,39
2021-09-04,Kern,029,883053,111890,109751,16610,126361,1408
2021-09-04,Kings,031,150075,27481,26896,1590,28486,263
2021-09-04,Lake,033,64148,5696,5507,102,5609,78
2021-09-04,Lassen,035,31185,5917,5814,198,6012,21
2021-09-04,Los Angeles,037,10098052,1366253,1355634,51989,1407623,25454
2021-09-04,Madera,039,155013,19643,19112,1477,20589,249
2021-09-04,Marin,041,260295,16439,16319,384,16703,242
2021-09-04,Mariposa,043,17540,792,759,22,781,5
2021-09-04,Mendocino,045,87422,6149,5933,231,6164,61
2021-09-04,Merced,047,269075,36723,36083,1360,37443,513
2021-09-04,Modoc,049,8938,458,447,159,606,5
2021-09-04,Mono,051,14174,1427,1417,14,1431,3
2021-09-04,Monterey,053,433212,46084,45756,2841,48597,540
2021-09-04,Napa,055,140530,11894,11760,73,11833,90
2021-09-04,Nevada,057,99092,7930,7691,268,7959,82
2021-09-04,Orange,059,3164182,291301,287244,13869,301113,5274
2021-09-04,Placer,061,380077,32122,31374,2987,34361,337
2021-09-04,Plumas,063,18699,1106,1067,21,1088,5
2021-09-04,Riverside,065,2383286,335904,331958,15952,347910,4654
2021-09-04,Sacramento,067,1510023,141457,140735,3348,144083,1896
2021-09-04,San Benito,069,59416,6800,6758,141,6899,64
2021-09-04,San Bernardino,071,2135413,331732,328425,10585,339010,5393
2021-09-04,San Diego,073,3302833,343341,338748,19788,358536,3914
2021-09-04,San Francisco,075,870044,48434,47937,2300,50237,589
2021-09-04,San Joaquin,077,732212,89983,88846,4873,93719,1548
2021-09-04,San Luis Obispo,079,281455,26472,26020,1032,27052,285
2021-09-04,San Mateo,081,765935,50220,49721,1138,50859,560
2021-09-04,Santa Barbara,083,443738,40851,39667,1509,41176,489
2021-09-04,Santa Clara,085,1922200,137260,135845,1078,136923,1806
2021-09-04,Santa Cruz,087,273765,18805,18579,1006,19585,210
2021-09-04,Shasta,089,179085,16612,15924,2572,18496,226
2021-09-04,Sierra,091,2930,124,108,15,123,0
2021-09-04,Siskiyou,093,43540,2678,2563,878,3441,34
2021-09-04,Solano,095,438530,42182,41614,1045,42659,300
2021-09-04,Sonoma,097,501317,38195,37809,470,38279,358
2021-09-04,Stanislaus,099,539301,69540,68210,7936,76146,1074
2021-09-04,Sutter,101,95872,12373,12137,190,12327,138
2021-09-04,Tehama,103,63373,6599,6367,1039,7406,74
2021-09-04,Trinity,105,12862,592,497,162,659,6
2021-09-04,Tulare,107,460477,57917,56719,12256,68975,874
2021-09-04,Tuolumne,109,53932,5845,5667,55,5722,88
2021-09-04,Ventura,111,848112,92229,90904,4071,94975,1090
2021-09-04,Yolo,113,214977,17740,17522,896,18418,235
2021-09-04,Yuba,115,75493,8684,8475,184,8659,55
2021-09-03,Alameda,001,1643700,111233,109636,2668,112304,1301
2021-09-03,Alpine,003,1148,95,94,0,94,0
2021-09-03,Amador,005,37829,4703,4614,46,4660,53
2021-09-03,Butte,007,227075,16877,16259,2981,19240,215
2021-09-03,Calaveras,009,45235,3151,3069,21,3090,63
2021-09-03,Colusa,011,21464,2321,2295,514,2809,16
2021-09-03,Contra Costa,013,1133247,91522,90299,1871,92170,886
2021-09-03,Del Norte,015,27424,3144,2943,19,2962,24
2021-09-03,El Dorado,017,186661,14016,13710,1361,15071,119
2021-09-03,Fresno,019,978130,120769,118508,10855,129363,1822
2021-09-03,Glenn,021,27897,2968,2867,822,3689,20
2021-09-03,Humboldt,023,135768,7449,7194,307,7501,52
2021-09-03,Imperial,025,180216,30676,30475,3059,33534,751
2021-09-03,Inyo,027,18085,1581,1567,10,1577,39
2021-09-03,Kern,029,883053,111674,109296,16497,125793,1407
2021-09-03,Kings,031,150075,27399,26753,1585,28338,263
2021-09-03,Lake,033,64148,5676,5479,100,5579,78
2021-09-03,Lassen,035,31185,5900,5789,193,5982,21
2021-09-03,Los Angeles,037,10098052,1364925,1351185,51923,1403108,25384
2021-09-03,Madera,039,155013,19559,19021,1471,20492,247
2021-09-03,Marin,041,260295,16417,16293,383,16676,242
2021-09-03,Mariposa,043,17540,784,753,22,775,5
2021-09-03,Mendocino,045,87422,6114,5891,230,6121,61
2021-09-03,Merced,047,269075,36669,35941,1351,37292,512
2021-09-03,Modoc,049,8938,458,445,159,604,5
2021-09-03,Mono,051,14174,1426,1410,14,1424,3
2021-09-03,Monterey,053,433212,46057,45707,2826,48533,540
2021-09-03,Napa,055,140530,11873,11733,73,11806,89
2021-09-03,Nevada,057,99092,7897,7632,268,7900,82
2021-09-03,Orange,059,3164182,290980,286818,13839,300657,5253
2021-09-03,Placer,061,380077,32015,31238,2963,34201,335
2021-09-03,Plumas,063,18699,1095,1057,21,1078,5
2021-09-03,Riverside,065,2383286,335372,331011,15936,346947,4653
2021-09-03,Sacramento,067,1510023,141087,139982,3329,143311,1886
2021-09-03,San Benito,069,59416,6794,6746,141,6887,64
2021-09-03,San Bernardino,071,2135413,331323,327599,10575,338174,5381
2021-09-03,San Diego,073,3302833,342719,337627,19757,357384,3911
2021-09-03,San Francisco,075,870044,48360,47822,2292,50114,589
2021-09-03,San Joaquin,077,732212,89831,88366,4865,93231,1540
2021-09-03,San Luis Obispo,079,281455,26397,25917,1030,26947,283
2021-09-03,San Mateo,081,765935,50139,49617,1123,50740,560
2021-09-03,Santa Barbara,083,443738,40785,39507,1506,41013,489
2021-09-03,Santa Clara,085,1922200,137057,135522,1074,136596,1801
2021-09-03,Santa Cruz,087,273765,18780,18532,1006,19538,210
2021-09-03,Shasta,089,179085,16537,15778,2548,18326,226
2021-09-03,Sierra,091,2930,122,105,15,120,0
2021-09-03,Siskiyou,093,43540,2666,2529,865,3394,34
2021-09-03,Solano,095,438530,42107,41457,1042,42499,300
2021-09-03,Sonoma,097,501317,38133,37699,470,38169,358
2021-09-03,Stanislaus,099,539301,69361,67887,7909,75796,1074
2021-09-03,Sutter,101,95872,12334,12073,189,12262,139
2021-09-03,Tehama,103,63373,6560,6334,1032,7366,72
2021-09-03,Trinity,105,12862,591,490,157,647,6
2021-09-03,Tulare,107,460477,57790,56401,12203,68604,872
2021-09-03,Tuolumne,109,53932,5803,5630,55,5685,88
2021-09-03,Ventura,111,848112,92095,90742,4067,94809,1088
2021-09-03,Yolo,113,214977,17717,17446,890,18336,235
2021-09-03,Yuba,115,75493,8652,8412,184,8596,55
2021-09-02,Alameda,001,1643700,110975,109377,2664,112041,1301
2021-09-02,Alpine,003,1148,94,92,0,92,0
2021-09-02,Amador,005,37829,4687,4606,46,4652,53
2021-09-02,Butte,007,227075,16753,16154,2961,19115,215
2021-09-02,Calaveras,009,45235,3140,3042,21,3063,62
2021-09-02,Colusa,011,21464,2318,2290,512,2802,16
2021-09-02,Contra Costa,013,1133247,91342,90038,1863,91901,886
2021-09-02,Del Norte,015,27424,3113,2891,19,2910,24
2021-09-02,El Dorado,017,186661,13956,13641,1334,14975,119
2021-09-02,Fresno,019,978130,120283,117974,10818,128792,1804
2021-09-02,Glenn,021,27897,2946,2855,817,3672,20
2021-09-02,Humboldt,023,135768,7402,7141,295,7436,52
2021-09-02,Imperial,025,180216,30632,30449,3055,33504,751
2021-09-02,Inyo,027,18085,1576,1564,9,1573,39
2021-09-02,Kern,029,883053,111262,108930,16350,125280,1404
2021-09-02,Kings,031,150075,27307,26638,1575,28213,263
2021-09-02,Lake,033,64148,5646,5432,95,5527,78
2021-09-02,Lassen,035,31185,5886,5747,186,5933,21
2021-09-02,Los Angeles,037,10098052,1363070,1351105,51829,1402934,25382
2021-09-02,Madera,039,155013,19468,18937,1455,20392,247
2021-09-02,Marin,041,260295,16404,16244,381,16625,242
2021-09-02,Mariposa,043,17540,778,745,19,764,5
2021-09-02,Mendocino,045,87422,6073,5848,227,6075,61
2021-09-02,Merced,047,269075,36506,35820,1344,37164,508
2021-09-02,Modoc,049,8938,458,437,159,596,5
2021-09-02,Mono,051,14174,1426,1409,14,1423,3
2021-09-02,Monterey,053,433212,46005,45648,2799,48447,539
2021-09-02,Napa,055,140530,11844,11684,73,11757,88
2021-09-02,Nevada,057,99092,7845,7575,267,7842,82
2021-09-02,Orange,059,3164182,290523,286326,13802,300128,5240
2021-09-02,Placer,061,380077,31878,31067,2933,34000,330
2021-09-02,Plumas,063,18699,1084,1045,20,1065,5
2021-09-02,Riverside,065,2383286,334659,330190,15910,346100,4644
2021-09-02,Sacramento,067,1510023,140505,139274,3289,142563,1882
2021-09-02,San Benito,069,59416,6789,6734,140,6874,64
2021-09-02,San Bernardino,071,2135413,330719,326940,10500,337440,5369
2021-09-02,San Diego,073,3302833,341751,336382,19705,356087,3909
2021-09-02,San Francisco,075,870044,48253,47674,2286,49960,587
2021-09-02,San Joaquin,077,732212,89546,88056,4840,92896,1540
2021-09-02,San Luis Obispo,079,281455,26313,25851,1025,26876,283
2021-09-02,San Mateo,081,765935,50050,49490,1109,50599,558
2021-09-02,Santa Barbara,083,443738,40694,39386,1493,40879,486
2021-09-02,Santa Clara,085,1922200,136756,135216,1069,136285,1799
2021-09-02,Santa Cruz,087,273765,18746,18473,1004,19477,210
2021-09-02,Shasta,089,179085,16400,15670,2517,18187,224
2021-09-02,Sierra,091,2930,122,105,15,120,0
2021-09-02,Siskiyou,093,43540,2647,2513,835,3348,34
2021-09-02,Solano,095,438530,42001,41293,1039,42332,294
2021-09-02,Sonoma,097,501317,38052,37558,470,38028,352
2021-09-02,Stanislaus,099,539301,69104,67576,7887,75463,1074
2021-09-02,Sutter,101,95872,12264,11995,185,12180,138
2021-09-02,Tehama,103,63373,6501,6265,1013,7278,72
2021-09-02,Trinity,105,12862,587,484,155,639,6
2021-09-02,Tulare,107,460477,57561,56105,12149,68254,872
2021-09-02,Tuolumne,109,53932,5748,5578,55,5633,88
2021-09-02,Ventura,111,848112,91913,90610,4062,94672,1084
2021-09-02,Yolo,113,214977,17648,17357,879,18236,235
2021-09-02,Yuba,115,75493,8593,8363,184,8547,55
2021-09-01,Alameda,001,1643700,110703,109075,2659,111734,1299
2021-09-01,Alpine,003,1148,94,92,0,92,0
2021-09-01,Amador,005,37829,4671,4599,45,4644,53
2021-09-01,Butte,007,227075,16638,16046,2935,18981,215
2021-09-01,Calaveras,009,45235,3126,3023,21,3044,59
2021-09-01,Colusa,011,21464,2313,2281,512,2793,16
2021-09-01,Contra Costa,013,1133247,91115,89834,1852,91686,877
2021-09-01,Del Norte,015,27424,3080,2860,19,2879,24
2021-09-01,El Dorado,017,186661,13900,13577,1307,14884,119
2021-09-01,Fresno,019,978130,119798,117492,10767,128259,1800
2021-09-01,Glenn,021,27897,2919,2846,807,3653,20
2021-09-01,Humboldt,023,135768,7354,7090,288,7378,52
2021-09-01,Imperial,025,180216,30595,30393,3050,33443,750
2021-09-01,Inyo,027,18085,1572,1561,7,1568,39
2021-09-01,Kern,029,883053,110838,108449,16206,124655,1400
2021-09-01,Kings,031,150075,27194,26443,1564,28007,263
2021-09-01,Lake,033,64148,5604,5396,90,5486,77
2021-09-01,Lassen,035,31185,5864,5731,182,5913,21
2021-09-01,Los Angeles,037,10098052,1360845,1348589,51719,1400308,25341
2021-09-01,Madera,039,155013,19390,18852,1441,20293,247
2021-09-01,Marin,041,260295,16382,16224,376,16600,240
2021-09-01,Mariposa,043,17540,770,735,19,754,5
2021-09-01,Mendocino,045,87422,6033,5821,222,6043,59
2021-09-01,Merced,047,269075,36329,35686,1335,37021,500
2021-09-01,Modoc,049,8938,452,436,157,593,5
2021-09-01,Mono,051,14174,1426,1400,14,1414,3
2021-09-01,Monterey,053,433212,45936,45590,2773,48363,539
2021-09-01,Napa,055,140530,11813,11653,73,11726,88
2021-09-01,Nevada,057,99092,7792,7508,266,7774,82
2021-09-01,Orange,059,3164182,290050,285840,13762,299602,5233
2021-09-01,Placer,061,380077,31724,30902,2919,33821,330
2021-09-01,Plumas,063,18699,1076,1033,20,1053,5
2021-09-01,Riverside,065,2383286,333845,329388,15877,345265,4634
2021-09-01,Sacramento,067,1510023,139893,138499,3243,141742,1875
2021-09-01,San Benito,069,59416,6772,6716,140,6856,64
2021-09-01,San Bernardino,071,2135413,330072,326250,10471,336721,5364
2021-09-01,San Diego,073,3302833,340710,335302,19656,354958,3908
2021-09-01,San Francisco,075,870044,48147,47538,2276,49814,584
2021-09-01,San Joaquin,077,732212,89225,87640,4816,92456,1540
2021-09-01,San Luis Obispo,079,281455,26217,25691,1020,26711,283
2021-09-01,San Mateo,081,765935,49943,49394,1095,50489,558
2021-09-01,Santa Barbara,083,443738,40577,39263,1477,40740,483
2021-09-01,Santa Clara,085,1922200,136488,134855,1064,135919,1796
2021-09-01,Santa Cruz,087,273765,18699,18453,1002,19455,210
2021-09-01,Shasta,089,179085,16268,15552,2474,18026,221
2021-09-01,Sierra,091,2930,121,98,15,113,0
2021-09-01,Siskiyou,093,43540,2618,2482,814,3296,34
2021-09-01,Solano,095,438530,41856,41194,1034,42228,293
2021-09-01,Sonoma,097,501317,37957,37454,469,37923,352
2021-09-01,Stanislaus,099,539301,68813,67287,7856,75143,1075
2021-09-01,Sutter,101,95872,12200,11945,178,12123,136
2021-09-01,Tehama,103,63373,6467,6228,996,7224,72
2021-09-01,Trinity,105,12862,586,482,152,634,5
2021-09-01,Tulare,107,460477,57279,55768,12112,67880,870
2021-09-01,Tuolumne,109,53932,5708,5553,55,5608,88
2021-09-01,Ventura,111,848112,91698,90471,4046,94517,1089
2021-09-01,Yolo,113,214977,17594,17264,873,18137,235
2021-09-01,Yuba,115,75493,8532,8308,184,8492,55
2021-08-31,Alameda,001,1643700,110396,108837,2652,111489,1297
2021-08-31,Alpine,003,1148,92,92,0,92,0
2021-08-31,Amador,005,37829,4650,4555,45,4600,53
2021-08-31,Butte,007,227075,16499,15896,2893,18789,216
2021-08-31,Calaveras,009,45235,3087,3008,21,3029,59
2021-08-31,Colusa,011,21464,2311,2275,510,2785,16
2021-08-31,Contra Costa,013,1133247,90822,89546,1841,91387,871
2021-08-31,Del Norte,015,27424,3044,2830,19,2849,19
2021-08-31,El Dorado,017,186661,13831,13539,1289,14828,119
2021-08-31,Fresno,019,978130,119226,117155,10703,127858,1801
2021-08-31,Glenn,021,27897,2902,2829,793,3622,20
2021-08-31,Humboldt,023,135768,7278,7030,274,7304,52
2021-08-31,Imperial,025,180216,30558,30348,3042,33390,750
2021-08-31,Inyo,027,18085,1568,1550,7,1557,39
2021-08-31,Kern,029,883053,110335,108151,16025,124176,1393
2021-08-31,Kings,031,150075,27054,26405,1549,27954,260
2021-08-31,Lake,033,64148,5560,5359,87,5446,74
2021-08-31,Lassen,035,31185,5838,5702,179,5881,21
2021-08-31,Los Angeles,037,10098052,1358340,1346686,51638,1398324,25303
2021-08-31,Madera,039,155013,19300,18811,1425,20236,247
2021-08-31,Marin,041,260295,16353,16215,373,16588,240
2021-08-31,Mariposa,043,17540,762,732,19,751,5
2021-08-31,Mendocino,045,87422,5993,5777,220,5997,59
2021-08-31,Merced,047,269075,36159,35512,1330,36842,498
2021-08-31,Modoc,049,8938,451,436,157,593,5
2021-08-31,Mono,051,14174,1410,1398,14,1412,3
2021-08-31,Monterey,053,433212,45872,45550,2740,48290,539
2021-08-31,Napa,055,140530,11766,11618,73,11691,88
2021-08-31,Nevada,057,99092,7725,7460,265,7725,82
2021-08-31,Orange,059,3164182,289449,285310,13726,299036,5229
2021-08-31,Placer,061,380077,31538,30745,2880,33625,325
2021-08-31,Plumas,063,18699,1072,1018,19,1037,5
2021-08-31,Riverside,065,2383286,332872,328556,15844,344400,4627
2021-08-31,Sacramento,067,1510023,139223,137879,3204,141083,1863
2021-08-31,San Benito,069,59416,6760,6694,138,6832,64
2021-08-31,San Bernardino,071,2135413,329333,325446,10451,335897,5350
2021-08-31,San Diego,073,3302833,339441,334377,19608,353985,3888
2021-08-31,San Francisco,075,870044,48008,47440,2253,49693,581
2021-08-31,San Joaquin,077,732212,88781,87365,4801,92166,1540
2021-08-31,San Luis Obispo,079,281455,26093,25518,1016,26534,282
2021-08-31,San Mateo,081,765935,49838,49299,1088,50387,556
2021-08-31,Santa Barbara,083,443738,40430,39091,1469,40560,481
2021-08-31,Santa Clara,085,1922200,136137,134637,1060,135697,1793
2021-08-31,Santa Cruz,087,273765,18658,18419,999,19418,210
2021-08-31,Shasta,089,179085,16115,15368,2446,17814,220
2021-08-31,Sierra,091,2930,118,95,15,110,0
2021-08-31,Siskiyou,093,43540,2598,2435,799,3234,33
2021-08-31,Solano,095,438530,41724,41067,1027,42094,289
2021-08-31,Sonoma,097,501317,37861,37379,468,37847,352
2021-08-31,Stanislaus,099,539301,68449,67004,7822,74826,1075
2021-08-31,Sutter,101,95872,12134,11901,174,12075,136
2021-08-31,Tehama,103,63373,6407,6169,965,7134,72
2021-08-31,Trinity,105,12862,580,480,152,632,3
2021-08-31,Tulare,107,460477,56947,55567,12039,67606,870
2021-08-31,Tuolumne,109,53932,5672,5516,55,5571,88
2021-08-31,Ventura,111,848112,91481,90292,4033,94325,1081
2021-08-31,Yolo,113,214977,17515,17205,864,18069,234
2021-08-31,Yuba,115,75493,8478,8253,184,8437,54
2021-08-30,Alameda,001,1643700,110071,107734,2641,110375,1296
2021-08-30,Alpine,003,1148,92,92,0,92,0
2021-08-30,Amador,005,37829,4639,4507,45,4552,53
2021-08-30,Butte,007,227075,16348,15719,2860,18579,214
2021-08-30,Calaveras,009,45235,3068,2975,21,2996,59
2021-08-30,Colusa,011,21464,2302,2271,506,2777,16
2021-08-30,Contra Costa,013,1133247,90566,87679,1830,89509,872
2021-08-30,Del Norte,015,27424,3002,2796,18,2814,11
2021-08-30,El Dorado,017,186661,13762,13217,1272,14489,119
2021-08-30,Fresno,019,978130,118664,115867,10642,126509,1790
2021-08-30,Glenn,021,27897,2891,2804,790,3594,20
2021-08-30,Humboldt,023,135768,7225,6930,267,7197,52
2021-08-30,Imperial,025,180216,30520,30311,3037,33348,750
2021-08-30,Inyo,027,18085,1563,1544,7,1551,39
2021-08-30,Kern,029,883053,109858,107615,15857,123472,1389
2021-08-30,Kings,031,150075,26938,26236,1533,27769,259
2021-08-30,Lake,033,64148,5526,5323,83,5406,74
2021-08-30,Lassen,035,31185,5816,5667,173,5840,21
2021-08-30,Los Angeles,037,10098052,1355895,1344949,51548,1396497,25269
2021-08-30,Madera,039,155013,19219,18622,1408,20030,247
2021-08-30,Marin,041,260295,16322,16160,373,16533,240
2021-08-30,Mariposa,043,17540,756,715,18,733,5
2021-08-30,Mendocino,045,87422,5960,5721,216,5937,55
2021-08-30,Merced,047,269075,36029,35335,1328,36663,497
2021-08-30,Modoc,049,8938,449,436,156,592,5
2021-08-30,Mono,051,14174,1410,1390,14,1404,3
2021-08-30,Monterey,053,433212,45818,45463,2714,48177,539
2021-08-30,Napa,055,140530,11716,11579,71,11650,87
2021-08-30,Nevada,057,99092,7666,7356,262,7618,82
2021-08-30,Orange,059,3164182,288873,284750,13674,298424,5223
2021-08-30,Placer,061,380077,31376,29825,2856,32681,319
2021-08-30,Plumas,063,18699,1055,998,19,1017,5
2021-08-30,Riverside,065,2383286,331975,327593,15813,343406,4623
2021-08-30,Sacramento,067,1510023,138573,134571,3154,137725,1847
2021-08-30,San Benito,069,59416,6751,6663,138,6801,64
2021-08-30,San Bernardino,071,2135413,328656,324870,10421,335291,5348
2021-08-30,San Diego,073,3302833,338161,333011,19537,352548,3885
2021-08-30,San Francisco,075,870044,47873,46966,2235,49201,581
2021-08-30,San Joaquin,077,732212,88450,86203,4781,90984,1528
2021-08-30,San Luis Obispo,079,281455,25967,25422,1009,26431,280
2021-08-30,San Mateo,081,765935,49724,48839,1071,49910,554
2021-08-30,Santa Barbara,083,443738,40282,38998,1464,40462,481
2021-08-30,Santa Clara,085,1922200,135816,133281,1052,134333,1789
2021-08-30,Santa Cruz,087,273765,18603,18326,995,19321,210
2021-08-30,Shasta,089,179085,15986,15238,2402,17640,217
2021-08-30,Sierra,091,2930,116,91,15,106,0
2021-08-30,Siskiyou,093,43540,2585,2411,788,3199,33
2021-08-30,Solano,095,438530,41584,39986,1023,41009,290
2021-08-30,Sonoma,097,501317,37758,36764,468,37232,352
2021-08-30,Stanislaus,099,539301,68106,66173,7792,73965,1074
2021-08-30,Sutter,101,95872,12063,11791,167,11958,136
2021-08-30,Tehama,103,63373,6328,6085,940,7025,71
2021-08-30,Trinity,105,12862,569,468,149,617,3
2021-08-30,Tulare,107,460477,56635,55140,11961,67101,870
2021-08-30,Tuolumne,109,53932,5626,5492,55,5547,74
2021-08-30,Ventura,111,848112,91265,90149,4021,94170,1082
2021-08-30,Yolo,113,214977,17452,17071,860,17931,231
2021-08-30,Yuba,115,75493,8404,8129,183,8312,54
2021-08-29,Alameda,001,1643700,109730,107494,2626,110120,1296
2021-08-29,Alpine,003,1148,92,92,0,92,0
2021-08-29,Amador,005,37829,4625,4501,45,4546,53
2021-08-29,Butte,007,227075,16178,15602,2823,18425,214
2021-08-29,Calaveras,009,45235,3034,2970,21,2991,59
2021-08-29,Colusa,011,21464,2292,2260,500,2760,16
2021-08-29,Contra Costa,013,1133247,90269,87439,1826,89265,872
2021-08-29,Del Norte,015,27424,2959,2752,18,2770,11
2021-08-29,El Dorado,017,186661,13707,13166,1261,14427,119
2021-08-29,Fresno,019,978130,118074,115502,10587,126089,1790
2021-08-29,Glenn,021,27897,2878,2778,784,3562,20
2021-08-29,Humboldt,023,135768,7181,6922,252,7174,52
2021-08-29,Imperial,025,180216,30459,30293,3027,33320,750
2021-08-29,Inyo,027,18085,1553,1543,6,1549,39
2021-08-29,Kern,029,883053,109411,107324,15683,123007,1389
2021-08-29,Kings,031,150075,26785,26143,1518,27661,259
2021-08-29,Lake,033,64148,5486,5293,73,5366,74
2021-08-29,Lassen,035,31185,5793,5666,169,5835,21
2021-08-29,Los Angeles,037,10098052,1353146,1342541,51431,1393972,25263
2021-08-29,Madera,039,155013,19132,18594,1393,19987,247
2021-08-29,Marin,041,260295,16291,16134,370,16504,240
2021-08-29,Mariposa,043,17540,750,709,17,726,5
2021-08-29,Mendocino,045,87422,5904,5689,203,5892,55
2021-08-29,Merced,047,269075,35791,35250,1316,36566,497
2021-08-29,Modoc,049,8938,446,436,156,592,5
2021-08-29,Mono,051,14174,1404,1387,14,1401,3
2021-08-29,Monterey,053,433212,45735,45424,2669,48093,539
2021-08-29,Napa,055,140530,11685,11552,71,11623,87
2021-08-29,Nevada,057,99092,7610,7294,261,7555,82
2021-08-29,Orange,059,3164182,288254,284432,13634,298066,5223
2021-08-29,Placer,061,380077,31203,29674,2815,32489,319
2021-08-29,Plumas,063,18699,1044,996,19,1015,5
2021-08-29,Riverside,065,2383286,331116,326987,15791,342778,4623
2021-08-29,Sacramento,067,1510023,137830,133981,3104,137085,1843
2021-08-29,San Benito,069,59416,6725,6646,138,6784,64
2021-08-29,San Bernardino,071,2135413,327869,324266,10387,334653,5347
2021-08-29,San Diego,073,3302833,337050,332014,19445,351459,3880
2021-08-29,San Francisco,075,870044,47742,46885,2218,49103,581
2021-08-29,San Joaquin,077,732212,88001,85922,4761,90683,1528
2021-08-29,San Luis Obispo,079,281455,25770,25288,1004,26292,280
2021-08-29,San Mateo,081,765935,49616,48737,1061,49798,554
2021-08-29,Santa Barbara,083,443738,40117,38900,1460,40360,481
2021-08-29,Santa Clara,085,1922200,135465,132979,1047,134026,1789
2021-08-29,Santa Cruz,087,273765,18556,18285,993,19278,210
2021-08-29,Shasta,089,179085,15833,15198,2375,17573,217
2021-08-29,Sierra,091,2930,114,91,15,106,0
2021-08-29,Siskiyou,093,43540,2538,2407,768,3175,33
2021-08-29,Solano,095,438530,41438,39887,1018,40905,290
2021-08-29,Sonoma,097,501317,37622,36650,464,37114,352
2021-08-29,Stanislaus,099,539301,67761,65956,7758,73714,1074
2021-08-29,Sutter,101,95872,12005,11719,160,11879,136
2021-08-29,Tehama,103,63373,6257,6040,916,6956,71
2021-08-29,Trinity,105,12862,566,468,145,613,3
2021-08-29,Tulare,107,460477,56300,54974,11877,66851,870
2021-08-29,Tuolumne,109,53932,5601,5478,54,5532,74
2021-08-29,Ventura,111,848112,91009,90114,4012,94126,1082
2021-08-29,Yolo,113,214977,17353,17015,848,17863,231
2021-08-29,Yuba,115,75493,8340,8042,183,8225,54
2021-08-28,Alameda,001,1643700,109567,107007,2617,109624,1296
2021-08-28,Alpine,003,1148,92,92,0,92,0
2021-08-28,Amador,005,37829,4606,4484,45,4529,53
2021-08-28,Butte,007,227075,16120,15487,2794,18281,214
2021-08-28,Calaveras,009,45235,3026,2926,21,2947,59
2021-08-28,Colusa,011,21464,2288,2252,498,2750,16
2021-08-28,Contra Costa,013,1133247,90057,86938,1824,88762,872
2021-08-28,Del Norte,015,27424,2932,2734,17,2751,11
2021-08-28,El Dorado,017,186661,13667,13089,1255,14344,119
2021-08-28,Fresno,019,978130,117833,115079,10563,125642,1792
2021-08-28,Glenn,021,27897,2870,2773,777,3550,20
2021-08-28,Humboldt,023,135768,7146,6887,247,7134,52
2021-08-28,Imperial,025,180216,30432,30260,3023,33283,750
2021-08-28,Inyo,027,18085,1551,1539,6,1545,39
2021-08-28,Kern,029,883053,109175,107012,15538,122550,1389
2021-08-28,Kings,031,150075,26718,26059,1515,27574,257
2021-08-28,Lake,033,64148,5463,5267,69,5336,74
2021-08-28,Lassen,035,31185,5778,5665,168,5833,21
2021-08-28,Los Angeles,037,10098052,1351942,1337097,51355,1388452,25234
2021-08-28,Madera,039,155013,19082,18553,1378,19931,247
2021-08-28,Marin,041,260295,16276,16106,370,16476,240
2021-08-28,Mariposa,043,17540,748,704,17,721,5
2021-08-28,Mendocino,045,87422,5879,5658,203,5861,55
2021-08-28,Merced,047,269075,35740,35108,1312,36420,497
2021-08-28,Modoc,049,8938,446,436,155,591,5
2021-08-28,Mono,051,14174,1401,1385,14,1399,3
2021-08-28,Monterey,053,433212,45699,45394,2658,48052,539
2021-08-28,Napa,055,140530,11662,11512,70,11582,88
2021-08-28,Nevada,057,99092,7586,7238,259,7497,82
2021-08-28,Orange,059,3164182,287895,283953,13585,297538,5222
2021-08-28,Placer,061,380077,31093,29428,2802,32230,319
2021-08-28,Plumas,063,18699,1037,991,19,1010,5
2021-08-28,Riverside,065,2383286,330528,326222,15780,342002,4623
2021-08-28,Sacramento,067,1510023,137438,132985,3088,136073,1844
2021-08-28,San Benito,069,59416,6718,6636,138,6774,64
2021-08-28,San Bernardino,071,2135413,327424,323672,10378,334050,5348
2021-08-28,San Diego,073,3302833,336465,331330,19411,350741,3880
2021-08-28,San Francisco,075,870044,47669,46654,2211,48865,581
2021-08-28,San Joaquin,077,732212,87833,85481,4752,90233,1527
2021-08-28,San Luis Obispo,079,281455,25704,25138,999,26137,280
2021-08-28,San Mateo,081,765935,49546,48575,1053,49628,554
2021-08-28,Santa Barbara,083,443738,40045,38780,1459,40239,481
2021-08-28,Santa Clara,085,1922200,135258,132488,1045,133533,1789
2021-08-28,Santa Cruz,087,273765,18539,18240,990,19230,210
2021-08-28,Shasta,089,179085,15730,15147,2356,17503,217
2021-08-28,Sierra,091,2930,110,91,15,106,0
2021-08-28,Siskiyou,093,43540,2530,2402,756,3158,33
2021-08-28,Solano,095,438530,41389,39610,1017,40627,290
2021-08-28,Sonoma,097,501317,37549,36466,462,36928,352
2021-08-28,Stanislaus,099,539301,67599,65670,7740,73410,1074
2021-08-28,Sutter,101,95872,11984,11669,159,11828,136
2021-08-28,Tehama,103,63373,6232,6004,904,6908,71
2021-08-28,Trinity,105,12862,562,463,144,607,3
2021-08-28,Tulare,107,460477,56172,54746,11832,66578,870
2021-08-28,Tuolumne,109,53932,5585,5469,54,5523,74
2021-08-28,Ventura,111,848112,90891,89934,4010,93944,1081
2021-08-28,Yolo,113,214977,17318,16907,840,17747,231
2021-08-28,Yuba,115,75493,8308,7985,182,8167,55
2021-08-27,Alameda,001,1643700,109355,106622,2614,109236,1296
2021-08-27,Alpine,003,1148,92,92,0,92,0
2021-08-27,Amador,005,37829,4590,4458,44,4502,53
2021-08-27,Butte,007,227075,16040,15277,2774,18051,214
2021-08-27,Calaveras,009,45235,3012,2903,21,2924,59
2021-08-27,Colusa,011,21464,2282,2240,496,2736,16
2021-08-27,Contra Costa,013,1133247,89860,86386,1822,88208,872
2021-08-27,Del Norte,015,27424,2900,2695,17,2712,11
2021-08-27,El Dorado,017,186661,13628,12968,1251,14219,119
2021-08-27,Fresno,019,978130,117399,114481,10546,125027,1774
2021-08-27,Glenn,021,27897,2854,2754,768,3522,20
2021-08-27,Humboldt,023,135768,7114,6782,243,7025,52
2021-08-27,Imperial,025,180216,30412,30201,3020,33221,750
2021-08-27,Inyo,027,18085,1550,1529,6,1535,39
2021-08-27,Kern,029,883053,108881,106570,15427,121997,1385
2021-08-27,Kings,031,150075,26639,25957,1513,27470,257
2021-08-27,Lake,033,64148,5439,5228,67,5295,74
2021-08-27,Lassen,035,31185,5762,5646,163,5809,21
2021-08-27,Los Angeles,037,10098052,1350428,1337006,51287,1388293,25230
2021-08-27,Madera,039,155013,19026,18476,1365,19841,247
2021-08-27,Marin,041,260295,16260,16055,368,16423,240
2021-08-27,Mariposa,043,17540,742,690,17,707,5
2021-08-27,Mendocino,045,87422,5848,5602,202,5804,55
2021-08-27,Merced,047,269075,35686,34906,1303,36209,495
2021-08-27,Modoc,049,8938,446,434,155,589,5
2021-08-27,Mono,051,14174,1392,1385,14,1399,3
2021-08-27,Monterey,053,433212,45660,45337,2641,47978,539
2021-08-27,Napa,055,140530,11628,11460,70,11530,87
2021-08-27,Nevada,057,99092,7546,7169,257,7426,82
2021-08-27,Orange,059,3164182,287537,283407,13547,296954,5206
2021-08-27,Placer,061,380077,30963,29157,2782,31939,320
2021-08-27,Plumas,063,18699,1031,984,19,1003,5
2021-08-27,Riverside,065,2383286,330011,325379,15765,341144,4622
2021-08-27,Sacramento,067,1510023,137002,131921,3075,134996,1838
2021-08-27,San Benito,069,59416,6712,6622,138,6760,64
2021-08-27,San Bernardino,071,2135413,326901,322893,10360,333253,5342
2021-08-27,San Diego,073,3302833,335680,330162,19357,349519,3877
2021-08-27,San Francisco,075,870044,47596,46456,2190,48646,581
2021-08-27,San Joaquin,077,732212,87650,84949,4733,89682,1524
2021-08-27,San Luis Obispo,079,281455,25656,24952,996,25948,280
2021-08-27,San Mateo,081,765935,49476,48424,1045,49469,553
2021-08-27,Santa Barbara,083,443738,39954,38675,1456,40131,480
2021-08-27,Santa Clara,085,1922200,135028,132011,1042,133053,1783
2021-08-27,Santa Cruz,087,273765,18500,18163,986,19149,210
2021-08-27,Shasta,089,179085,15649,14996,2340,17336,217
2021-08-27,Sierra,091,2930,109,91,15,106,0
2021-08-27,Siskiyou,093,43540,2515,2358,742,3100,33
2021-08-27,Solano,095,438530,41300,39347,1013,40360,287
2021-08-27,Sonoma,097,501317,37477,36326,461,36787,342
2021-08-27,Stanislaus,099,539301,67389,65167,7701,72868,1061
2021-08-27,Sutter,101,95872,11938,11590,157,11747,135
2021-08-27,Tehama,103,63373,6199,5964,889,6853,71
2021-08-27,Trinity,105,12862,562,458,143,601,3
2021-08-27,Tulare,107,460477,56036,54443,11786,66229,870
2021-08-27,Tuolumne,109,53932,5553,5438,54,5492,74
2021-08-27,Ventura,111,848112,90762,89774,4005,93779,1076
2021-08-27,Yolo,113,214977,17279,16805,835,17640,231
2021-08-27,Yuba,115,75493,8251,7926,182,8108,54
2021-08-26,Alameda,001,1643700,109077,106146,2603,108749,1296
2021-08-26,Alpine,003,1148,92,92,0,92,0
2021-08-26,Amador,005,37829,4575,4442,43,4485,53
2021-08-26,Butte,007,227075,15907,15159,2738,17897,214
2021-08-26,Calaveras,009,45235,3003,2873,21,2894,59
2021-08-26,Colusa,011,21464,2276,2234,492,2726,16
2021-08-26,Contra Costa,013,1133247,89502,85808,1815,87623,866
2021-08-26,Del Norte,015,27424,2864,2625,17,2642,8
2021-08-26,El Dorado,017,186661,13559,12863,1237,14100,118
2021-08-26,Fresno,019,978130,116897,113854,10498,124352,1770
2021-08-26,Glenn,021,27897,2835,2740,760,3500,20
2021-08-26,Humboldt,023,135768,7056,6695,233,6928,53
2021-08-26,Imperial,025,180216,30363,30121,3012,33133,748
2021-08-26,Inyo,027,18085,1540,1521,5,1526,39
2021-08-26,Kern,029,883053,108454,106051,15280,121331,1380
2021-08-26,Kings,031,150075,26516,25838,1505,27343,260
2021-08-26,Lake,033,64148,5393,5196,64,5260,74
2021-08-26,Lassen,035,31185,5750,5626,161,5787,21
2021-08-26,Los Angeles,037,10098052,1348177,1334372,51189,1385561,25199
2021-08-26,Madera,039,155013,18956,18393,1353,19746,247
2021-08-26,Marin,041,260295,16231,15983,365,16348,240
2021-08-26,Mariposa,043,17540,732,677,17,694,5
2021-08-26,Mendocino,045,87422,5812,5533,197,5730,55
2021-08-26,Merced,047,269075,35519,34755,1282,36037,495
2021-08-26,Modoc,049,8938,446,433,155,588,5
2021-08-26,Mono,051,14174,1390,1385,14,1399,3
2021-08-26,Monterey,053,433212,45605,45265,2613,47878,539
2021-08-26,Napa,055,140530,11606,11394,69,11463,87
2021-08-26,Nevada,057,99092,7488,7086,255,7341,80
2021-08-26,Orange,059,3164182,287043,282814,13524,296338,5200
2021-08-26,Placer,061,380077,30795,28898,2756,31654,319
2021-08-26,Plumas,063,18699,1024,971,18,989,5
2021-08-26,Riverside,065,2383286,329219,324486,15744,340230,4615
2021-08-26,Sacramento,067,1510023,136472,130977,3032,134009,1827
2021-08-26,San Benito,069,59416,6702,6604,138,6742,64
2021-08-26,San Bernardino,071,2135413,326245,322100,10336,332436,5339
2021-08-26,San Diego,073,3302833,334651,328276,19291,347567,3869
2021-08-26,San Francisco,075,870044,47473,46288,2181,48469,581
2021-08-26,San Joaquin,077,732212,87272,84429,4710,89139,1513
2021-08-26,San Luis Obispo,079,281455,25507,24831,990,25821,278
2021-08-26,San Mateo,081,765935,49356,48263,1036,49299,553
2021-08-26,Santa Barbara,083,443738,39871,38566,1455,40021,479
2021-08-26,Santa Clara,085,1922200,134703,131443,1037,132480,1782
2021-08-26,Santa Cruz,087,273765,18440,18072,984,19056,210
2021-08-26,Shasta,089,179085,15525,14891,2311,17202,217
2021-08-26,Sierra,091,2930,107,90,15,105,0
2021-08-26,Siskiyou,093,43540,2493,2342,728,3070,33
2021-08-26,Solano,095,438530,41154,39027,1005,40032,286
2021-08-26,Sonoma,097,501317,37388,36102,461,36563,337
2021-08-26,Stanislaus,099,539301,67072,64785,7661,72446,1061
2021-08-26,Sutter,101,95872,11878,11499,154,11653,135
2021-08-26,Tehama,103,63373,6141,5913,876,6789,68
2021-08-26,Trinity,105,12862,557,450,141,591,3
2021-08-26,Tulare,107,460477,55779,54157,11734,65891,870
2021-08-26,Tuolumne,109,53932,5533,5387,54,5441,74
2021-08-26,Ventura,111,848112,90576,89595,3996,93591,1080
2021-08-26,Yolo,113,214977,17212,16727,824,17551,231
2021-08-26,Yuba,115,75493,8178,7834,180,8014,54
2021-08-25,Alameda,001,1643700,108749,105636,2594,108230,1296
2021-08-25,Alpine,003,1148,92,92,0,92,0
2021-08-25,Amador,005,37829,4560,4415,43,4458,53
2021-08-25,Butte,007,227075,15802,15039,2696,17735,214
2021-08-25,Calaveras,009,45235,2983,2851,21,2872,59
2021-08-25,Colusa,011,21464,2269,2227,483,2710,16
2021-08-25,Contra Costa,013,1133247,89121,85322,1809,87131,863
2021-08-25,Del Norte,015,27424,2819,2573,17,2590,8
2021-08-25,El Dorado,017,186661,13500,12787,1221,14008,118
2021-08-25,Fresno,019,978130,116361,113384,10455,123839,1761
2021-08-25,Glenn,021,27897,2814,2728,748,3476,20
2021-08-25,Humboldt,023,135768,6987,6653,223,6876,52
2021-08-25,Imperial,025,180216,30326,30085,3006,33091,748
2021-08-25,Inyo,027,18085,1536,1518,5,1523,39
2021-08-25,Kern,029,883053,108024,105687,15122,120809,1379
2021-08-25,Kings,031,150075,26409,25676,1498,27174,258
2021-08-25,Lake,033,64148,5363,5163,61,5224,74
2021-08-25,Lassen,035,31185,5733,5583,160,5743,21
2021-08-25,Los Angeles,037,10098052,1345584,1331400,51101,1382501,25170
2021-08-25,Madera,039,155013,18892,18311,1336,19647,247
2021-08-25,Marin,041,260295,16209,15938,359,16297,240
2021-08-25,Mariposa,043,17540,726,676,17,693,5
2021-08-25,Mendocino,045,87422,5776,5486,192,5678,53
2021-08-25,Merced,047,269075,35381,34600,1277,35877,492
2021-08-25,Modoc,049,8938,446,433,155,588,5
2021-08-25,Mono,051,14174,1386,1382,14,1396,3
2021-08-25,Monterey,053,433212,45543,45196,2586,47782,539
2021-08-25,Napa,055,140530,11572,11348,68,11416,87
2021-08-25,Nevada,057,99092,7422,7000,254,7254,77
2021-08-25,Orange,059,3164182,286522,282061,13491,295552,5193
2021-08-25,Placer,061,380077,30619,28740,2723,31463,319
2021-08-25,Plumas,063,18699,1008,962,18,980,5
2021-08-25,Riverside,065,2383286,328376,323548,15722,339270,4610
2021-08-25,Sacramento,067,1510023,135792,130046,2992,133038,1827
2021-08-25,San Benito,069,59416,6681,6587,137,6724,64
2021-08-25,San Bernardino,071,2135413,325550,321228,10315,331543,5337
2021-08-25,San Diego,073,3302833,333371,327166,19217,346383,3859
2021-08-25,San Francisco,075,870044,47328,46107,2171,48278,578
2021-08-25,San Joaquin,077,732212,86887,84002,4694,88696,1510
2021-08-25,San Luis Obispo,079,281455,25315,24607,987,25594,276
2021-08-25,San Mateo,081,765935,49247,48153,1018,49171,553
2021-08-25,Santa Barbara,083,443738,39742,38450,1455,39905,479
2021-08-25,Santa Clara,085,1922200,134334,130995,1034,132029,1783
2021-08-25,Santa Cruz,087,273765,18379,17987,981,18968,210
2021-08-25,Shasta,089,179085,15397,14752,2277,17029,217
2021-08-25,Sierra,091,2930,104,90,15,105,0
2021-08-25,Siskiyou,093,43540,2448,2322,709,3031,33
2021-08-25,Solano,095,438530,40990,38848,994,39842,286
2021-08-25,Sonoma,097,501317,37264,35986,458,36444,336
2021-08-25,Stanislaus,099,539301,66782,64441,7627,72068,1061
2021-08-25,Sutter,101,95872,11810,11451,150,11601,134
2021-08-25,Tehama,103,63373,6082,5861,859,6720,68
2021-08-25,Trinity,105,12862,551,450,140,590,3
2021-08-25,Tulare,107,460477,55495,53877,11665,65542,866
2021-08-25,Tuolumne,109,53932,5507,5354,54,5408,74
2021-08-25,Ventura,111,848112,90393,89379,3982,93361,1068
2021-08-25,Yolo,113,214977,17148,16667,814,17481,231
2021-08-25,Yuba,115,75493,8112,7771,179,7950,54
2021-08-24,Alameda,001,1643700,108419,105319,2583,107902,1296
2021-08-24,Alpine,003,1148,92,92,0,92,0
2021-08-24,Amador,005,37829,4541,4380,43,4423,50
2021-08-24,Butte,007,227075,15649,14964,2661,17625,214
2021-08-24,Calaveras,009,45235,2943,2811,21,2832,59
2021-08-24,Colusa,011,21464,2261,2221,479,2700,16
2021-08-24,Contra Costa,013,1133247,88761,84963,1803,86766,857
2021-08-24,Del Norte,015,27424,2791,2543,17,2560,8
2021-08-24,El Dorado,017,186661,13424,12732,1205,13937,118
2021-08-24,Fresno,019,978130,115758,113024,10402,123426,1761
2021-08-24,Glenn,021,27897,2800,2717,740,3457,20
2021-08-24,Humboldt,023,135768,6924,6585,210,6795,52
2021-08-24,Imperial,025,180216,30265,30045,3000,33045,748
2021-08-24,Inyo,027,18085,1531,1512,5,1517,39
2021-08-24,Kern,029,883053,107562,105399,14952,120351,1375
2021-08-24,Kings,031,150075,26288,25629,1483,27112,258
2021-08-24,Lake,033,64148,5328,5135,61,5196,72
2021-08-24,Lassen,035,31185,5717,5576,158,5734,21
2021-08-24,Los Angeles,037,10098052,1342729,1328777,51000,1379777,25135
2021-08-24,Madera,039,155013,18816,18251,1319,19570,247
2021-08-24,Marin,041,260295,16173,15900,355,16255,240
2021-08-24,Mariposa,043,17540,719,670,17,687,5
2021-08-24,Mendocino,045,87422,5732,5416,185,5601,52
2021-08-24,Merced,047,269075,35213,34490,1266,35756,491
2021-08-24,Modoc,049,8938,446,432,155,587,5
2021-08-24,Mono,051,14174,1384,1382,14,1396,3
2021-08-24,Monterey,053,433212,45491,45126,2555,47681,539
2021-08-24,Napa,055,140530,11540,11299,66,11365,85
2021-08-24,Nevada,057,99092,7354,6981,250,7231,77
2021-08-24,Orange,059,3164182,285918,281461,13466,294927,5187
2021-08-24,Placer,061,380077,30417,28618,2682,31300,318
2021-08-24,Plumas,063,18699,998,953,18,971,5
2021-08-24,Riverside,065,2383286,327502,322620,15690,338310,4605
2021-08-24,Sacramento,067,1510023,135109,129542,2941,132483,1812
2021-08-24,San Benito,069,59416,6668,6576,137,6713,64
2021-08-24,San Bernardino,071,2135413,324795,320300,10284,330584,5328
2021-08-24,San Diego,073,3302833,331908,325823,19121,344944,3851
2021-08-24,San Francisco,075,870044,47160,46010,2152,48162,574
2021-08-24,San Joaquin,077,732212,86447,83684,4656,88340,1508
2021-08-24,San Luis Obispo,079,281455,25138,24443,977,25420,274
2021-08-24,San Mateo,081,765935,49110,48050,1005,49055,553
2021-08-24,Santa Barbara,083,443738,39613,38307,1454,39761,478
2021-08-24,Santa Clara,085,1922200,133909,130763,1029,131792,1779
2021-08-24,Santa Cruz,087,273765,18306,17928,974,18902,209
2021-08-24,Shasta,089,179085,15289,14664,2246,16910,217
2021-08-24,Sierra,091,2930,101,90,15,105,0
2021-08-24,Siskiyou,093,43540,2426,2294,694,2988,33
2021-08-24,Solano,095,438530,40783,38724,983,39707,283
2021-08-24,Sonoma,097,501317,37136,35849,456,36305,336
2021-08-24,Stanislaus,099,539301,66424,64195,7575,71770,1058
2021-08-24,Sutter,101,95872,11743,11384,147,11531,134
2021-08-24,Tehama,103,63373,6036,5826,844,6670,67
2021-08-24,Trinity,105,12862,540,446,132,578,3
2021-08-24,Tulare,107,460477,55143,53702,11574,65276,856
2021-08-24,Tuolumne,109,53932,5476,5287,54,5341,74
2021-08-24,Ventura,111,848112,90208,89167,3971,93138,1068
2021-08-24,Yolo,113,214977,17073,16492,801,17293,231
2021-08-24,Yuba,115,75493,8029,7723,177,7900,54
2021-08-23,Alameda,001,1643700,108017,104922,2571,107493,1294
2021-08-23,Alpine,003,1148,92,91,0,91,0
2021-08-23,Amador,005,37829,4527,4369,43,4412,50
2021-08-23,Butte,007,227075,15503,14847,2626,17473,211
2021-08-23,Calaveras,009,45235,2908,2803,21,2824,59
2021-08-23,Colusa,011,21464,2257,2206,476,2682,16
2021-08-23,Contra Costa,013,1133247,88383,84651,1797,86448,857
2021-08-23,Del Norte,015,27424,2745,2499,17,2516,8
2021-08-23,El Dorado,017,186661,13321,12684,1183,13867,118
2021-08-23,Fresno,019,978130,115200,112445,10355,122800,1759
2021-08-23,Glenn,021,27897,2782,2696,733,3429,20
2021-08-23,Humboldt,023,135768,6850,6498,194,6692,52
2021-08-23,Imperial,025,180216,30214,30011,2997,33008,748
2021-08-23,Inyo,027,18085,1524,1509,5,1514,39
2021-08-23,Kern,029,883053,107108,104995,14795,119790,1375
2021-08-23,Kings,031,150075,26157,25465,1476,26941,257
2021-08-23,Lake,033,64148,5288,5099,59,5158,69
2021-08-23,Lassen,035,31185,5705,5562,158,5720,21
2021-08-23,Los Angeles,037,10098052,1339785,1326412,50873,1377285,25096
2021-08-23,Madera,039,155013,18730,18155,1306,19461,246
2021-08-23,Marin,041,260295,16125,15856,351,16207,240
2021-08-23,Mariposa,043,17540,708,645,17,662,5
2021-08-23,Mendocino,045,87422,5665,5374,178,5552,51
2021-08-23,Merced,047,269075,35030,34322,1261,35583,488
2021-08-23,Modoc,049,8938,443,431,154,585,6
2021-08-23,Mono,051,14174,1382,1384,14,1398,3
2021-08-23,Monterey,053,433212,45413,45047,2522,47569,538
2021-08-23,Napa,055,140530,11502,11257,66,11323,85
2021-08-23,Nevada,057,99092,7274,6930,248,7178,77
2021-08-23,Orange,059,3164182,285281,280891,13431,294322,5181
2021-08-23,Placer,061,380077,30218,28540,2643,31183,314
2021-08-23,Plumas,063,18699,988,934,18,952,5
2021-08-23,Riverside,065,2383286,326589,321650,15664,337314,4598
2021-08-23,Sacramento,067,1510023,134320,128969,2871,131840,1807
2021-08-23,San Benito,069,59416,6650,6562,135,6697,64
2021-08-23,San Bernardino,071,2135413,323996,319577,10243,329820,5324
2021-08-23,San Diego,073,3302833,330448,324536,19018,343554,3848
2021-08-23,San Francisco,075,870044,47014,45945,2136,48081,573
2021-08-23,San Joaquin,077,732212,86017,83466,4622,88088,1499
2021-08-23,San Luis Obispo,079,281455,24956,24317,975,25292,274
2021-08-23,San Mateo,081,765935,48978,47935,995,48930,553
2021-08-23,Santa Barbara,083,443738,39436,38181,1452,39633,478
2021-08-23,Santa Clara,085,1922200,133511,130489,1024,131513,1778
2021-08-23,Santa Cruz,087,273765,18249,17871,972,18843,209
2021-08-23,Shasta,089,179085,15164,14537,2206,16743,216
2021-08-23,Sierra,091,2930,101,90,15,105,0
2021-08-23,Siskiyou,093,43540,2405,2274,673,2947,33
2021-08-23,Solano,095,438530,40636,38612,975,39587,283
2021-08-23,Sonoma,097,501317,37017,35769,454,36223,336
2021-08-23,Stanislaus,099,539301,66072,63922,7536,71458,1058
2021-08-23,Sutter,101,95872,11654,11314,139,11453,133
2021-08-23,Tehama,103,63373,5982,5805,826,6631,67
2021-08-23,Trinity,105,12862,537,435,129,564,3
2021-08-23,Tulare,107,460477,54838,53370,11499,64869,856
2021-08-23,Tuolumne,109,53932,5434,5240,54,5294,73
2021-08-23,Ventura,111,848112,89989,88960,3959,92919,1063
2021-08-23,Yolo,113,214977,16987,16445,785,17230,226
2021-08-23,Yuba,115,75493,7958,7653,175,7828,54
2021-08-22,Alameda,001,1643700,107571,104539,2535,107074,1294
2021-08-22,Alpine,003,1148,92,91,0,91,0
2021-08-22,Amador,005,37829,4497,4349,43,4392,50
2021-08-22,Butte,007,227075,15364,14791,2590,17381,211
2021-08-22,Calaveras,009,45235,2869,2771,21,2792,59
2021-08-22,Colusa,011,21464,2249,2201,470,2671,16
2021-08-22,Contra Costa,013,1133247,87845,84371,1782,86153,857
2021-08-22,Del Norte,015,27424,2685,2455,17,2472,8
2021-08-22,El Dorado,017,186661,13217,12629,1163,13792,118
2021-08-22,Fresno,019,978130,114603,112057,10284,122341,1759
2021-08-22,Glenn,021,27897,2761,2678,718,3396,20
2021-08-22,Humboldt,023,135768,6773,6483,175,6658,52
2021-08-22,Imperial,025,180216,30156,29993,2992,32985,748
2021-08-22,Inyo,027,18085,1518,1505,5,1510,39
2021-08-22,Kern,029,883053,106584,104691,14638,119329,1375
2021-08-22,Kings,031,150075,26000,25391,1458,26849,257
2021-08-22,Lake,033,64148,5242,5069,56,5125,69
2021-08-22,Lassen,035,31185,5673,5556,153,5709,21
2021-08-22,Los Angeles,037,10098052,1336493,1324151,50741,1374892,25089
2021-08-22,Madera,039,155013,18611,18120,1295,19415,246
2021-08-22,Marin,041,260295,16073,15822,343,16165,240
2021-08-22,Mariposa,043,17540,698,638,15,653,5
2021-08-22,Mendocino,045,87422,5607,5336,178,5514,51
2021-08-22,Merced,047,269075,34827,34234,1248,35482,488
2021-08-22,Modoc,049,8938,442,431,154,585,6
2021-08-22,Mono,051,14174,1381,1378,14,1392,3
2021-08-22,Monterey,053,433212,45326,45017,2496,47513,538
2021-08-22,Napa,055,140530,11457,11231,66,11297,85
2021-08-22,Nevada,057,99092,7200,6864,246,7110,77
2021-08-22,Orange,059,3164182,284593,280390,13385,293775,5181
2021-08-22,Placer,061,380077,30010,28395,2606,31001,314
2021-08-22,Plumas,063,18699,967,923,17,940,5
2021-08-22,Riverside,065,2383286,325568,320836,15614,336450,4594
2021-08-22,Sacramento,067,1510023,133549,128231,2825,131056,1802
2021-08-22,San Benito,069,59416,6633,6550,135,6685,64
2021-08-22,San Bernardino,071,2135413,323029,318839,10208,329047,5324
2021-08-22,San Diego,073,3302833,329120,323591,18913,342504,3848
2021-08-22,San Francisco,075,870044,46855,45831,2118,47949,573
2021-08-22,San Joaquin,077,732212,85562,83121,4586,87707,1498
2021-08-22,San Luis Obispo,079,281455,24751,24250,968,25218,274
2021-08-22,San Mateo,081,765935,48835,47821,960,48781,553
2021-08-22,Santa Barbara,083,443738,39256,38099,1443,39542,478
2021-08-22,Santa Clara,085,1922200,133094,130189,1017,131206,1778
2021-08-22,Santa Cruz,087,273765,18188,17823,967,18790,209
2021-08-22,Shasta,089,179085,15025,14478,2170,16648,216
2021-08-22,Sierra,091,2930,101,87,15,102,0
2021-08-22,Siskiyou,093,43540,2376,2261,655,2916,33
2021-08-22,Solano,095,438530,40443,38489,962,39451,283
2021-08-22,Sonoma,097,501317,36861,35676,451,36127,336
2021-08-22,Stanislaus,099,539301,65710,63683,7440,71123,1058
2021-08-22,Sutter,101,95872,11572,11251,135,11386,133
2021-08-22,Tehama,103,63373,5937,5791,806,6597,67
2021-08-22,Trinity,105,12862,530,433,127,560,3
2021-08-22,Tulare,107,460477,54516,53220,11413,64633,856
2021-08-22,Tuolumne,109,53932,5392,5214,54,5268,73
2021-08-22,Ventura,111,848112,89780,88791,3942,92733,1063
2021-08-22,Yolo,113,214977,16885,16374,775,17149,226
2021-08-22,Yuba,115,75493,7884,7626,174,7800,54
2021-08-21,Alameda,001,1643700,107369,104281,2526,106807,1294
2021-08-21,Alpine,003,1148,92,91,0,91,0
2021-08-21,Amador,005,37829,4487,4338,41,4379,50
2021-08-21,Butte,007,227075,15296,14714,2568,17282,211
2021-08-21,Calaveras,009,45235,2856,2744,21,2765,59
2021-08-21,Colusa,011,21464,2244,2192,465,2657,16
2021-08-21,Contra Costa,013,1133247,87589,84136,1776,85912,857
2021-08-21,Del Norte,015,27424,2662,2409,17,2426,8
2021-08-21,El Dorado,017,186661,13173,12590,1159,13749,118
2021-08-21,Fresno,019,978130,114408,111765,10270,122035,1759
2021-08-21,Glenn,021,27897,2751,2654,711,3365,20
2021-08-21,Humboldt,023,135768,6736,6446,168,6614,52
2021-08-21,Imperial,025,180216,30113,29976,2989,32965,748
2021-08-21,Inyo,027,18085,1515,1500,5,1505,39
2021-08-21,Kern,029,883053,106329,104443,14512,118955,1375
2021-08-21,Kings,031,150075,25929,25313,1453,26766,257
2021-08-21,Lake,033,64148,5222,5055,54,5109,69
2021-08-21,Lassen,035,31185,5659,5553,153,5706,21
2021-08-21,Los Angeles,037,10098052,1335211,1321308,50651,1371959,25080
2021-08-21,Madera,039,155013,18573,18067,1289,19356,246
2021-08-21,Marin,041,260295,16039,15775,341,16116,240
2021-08-21,Mariposa,043,17540,688,634,15,649,5
2021-08-21,Mendocino,045,87422,5562,5307,177,5484,51
2021-08-21,Merced,047,269075,34722,34148,1243,35391,488
2021-08-21,Modoc,049,8938,442,430,154,584,6
2021-08-21,Mono,051,14174,1381,1378,14,1392,3
2021-08-21,Monterey,053,433212,45288,44969,2481,47450,538
2021-08-21,Napa,055,140530,11422,11211,66,11277,85
2021-08-21,Nevada,057,99092,7156,6810,245,7055,77
2021-08-21,Orange,059,3164182,284147,279855,13351,293206,5181
2021-08-21,Placer,061,380077,29872,28289,2580,30869,314
2021-08-21,Plumas,063,18699,963,916,16,932,5
2021-08-21,Riverside,065,2383286,324987,320086,15601,335687,4594
2021-08-21,Sacramento,067,1510023,133051,127751,2813,130564,1809
2021-08-21,San Benito,069,59416,6623,6542,134,6676,64
2021-08-21,San Bernardino,071,2135413,322578,318293,10188,328481,5324
2021-08-21,San Diego,073,3302833,328455,322620,18873,341493,3848
2021-08-21,San Francisco,075,870044,46760,45637,2103,47740,573
2021-08-21,San Joaquin,077,732212,85345,82825,4571,87396,1498
2021-08-21,San Luis Obispo,079,281455,24696,24169,968,25137,273
2021-08-21,San Mateo,081,765935,48744,47685,954,48639,553
2021-08-21,Santa Barbara,083,443738,39176,37951,1439,39390,478
2021-08-21,Santa Clara,085,1922200,132829,129911,1013,130924,1778
2021-08-21,Santa Cruz,087,273765,18151,17763,962,18725,209
2021-08-21,Shasta,089,179085,14951,14417,2156,16573,217
2021-08-21,Sierra,091,2930,96,85,15,100,0
2021-08-21,Siskiyou,093,43540,2362,2246,643,2889,33
2021-08-21,Solano,095,438530,40335,38423,952,39375,281
2021-08-21,Sonoma,097,501317,36774,35582,450,36032,336
2021-08-21,Stanislaus,099,539301,65517,63512,7422,70934,1058
2021-08-21,Sutter,101,95872,11527,11204,133,11337,133
2021-08-21,Tehama,103,63373,5912,5757,799,6556,67
2021-08-21,Trinity,105,12862,525,431,125,556,3
2021-08-21,Tulare,107,460477,54373,53045,11368,64413,857
2021-08-21,Tuolumne,109,53932,5361,5193,54,5247,73
2021-08-21,Ventura,111,848112,89636,88558,3927,92485,1063
2021-08-21,Yolo,113,214977,16838,16322,769,17091,226
2021-08-21,Yuba,115,75493,7838,7580,173,7753,54
2021-08-20,Alameda,001,1643700,107125,103812,2517,106329,1294
2021-08-20,Alpine,003,1148,92,91,0,91,0
2021-08-20,Amador,005,37829,4461,4323,41,4364,50
2021-08-20,Butte,007,227075,15224,14617,2546,17163,211
2021-08-20,Calaveras,009,45235,2841,2717,21,2738,59
2021-08-20,Colusa,011,21464,2239,2178,463,2641,16
2021-08-20,Contra Costa,013,1133247,87316,83721,1769,85490,857
2021-08-20,Del Norte,015,27424,2630,2316,17,2333,8
2021-08-20,El Dorado,017,186661,13135,12495,1151,13646,118
2021-08-20,Fresno,019,978130,114056,111315,10236,121551,1759
2021-08-20,Glenn,021,27897,2744,2642,706,3348,20
2021-08-20,Humboldt,023,135768,6685,6349,163,6512,52
2021-08-20,Imperial,025,180216,30090,29934,2989,32923,747
2021-08-20,Inyo,027,18085,1509,1495,5,1500,39
2021-08-20,Kern,029,883053,106045,104048,14382,118430,1373
2021-08-20,Kings,031,150075,25863,25241,1451,26692,256
2021-08-20,Lake,033,64148,5207,5024,51,5075,69
2021-08-20,Lassen,035,31185,5639,5539,153,5692,21
2021-08-20,Los Angeles,037,10098052,1333345,1317541,50552,1368093,25049
2021-08-20,Madera,039,155013,18525,18018,1274,19292,246
2021-08-20,Marin,041,260295,16021,15727,337,16064,240
2021-08-20,Mariposa,043,17540,683,630,15,645,5
2021-08-20,Mendocino,045,87422,5517,5241,175,5416,51
2021-08-20,Merced,047,269075,34657,34035,1235,35270,486
2021-08-20,Modoc,049,8938,442,429,154,583,6
2021-08-20,Mono,051,14174,1380,1368,14,1382,3
2021-08-20,Monterey,053,433212,45258,44890,2467,47357,538
2021-08-20,Napa,055,140530,11390,11152,66,11218,83
2021-08-20,Nevada,057,99092,7115,6753,238,6991,77
2021-08-20,Orange,059,3164182,283703,279193,13330,292523,5179
2021-08-20,Placer,061,380077,29777,28156,2551,30707,313
2021-08-20,Plumas,063,18699,955,908,16,924,5
2021-08-20,Riverside,065,2383286,324292,319072,15570,334642,4594
2021-08-20,Sacramento,067,1510023,132576,127226,2796,130022,1797
2021-08-20,San Benito,069,59416,6609,6508,134,6642,64
2021-08-20,San Bernardino,071,2135413,321967,317372,10158,327530,5322
2021-08-20,San Diego,073,3302833,327549,321102,18805,339907,3846
2021-08-20,San Francisco,075,870044,46667,45432,2083,47515,573
2021-08-20,San Joaquin,077,732212,85116,82419,4553,86972,1496
2021-08-20,San Luis Obispo,079,281455,24619,23986,964,24950,273
2021-08-20,San Mateo,081,765935,48637,47561,944,48505,551
2021-08-20,Santa Barbara,083,443738,39092,37794,1434,39228,477
2021-08-20,Santa Clara,085,1922200,132547,129510,1008,130518,1774
2021-08-20,Santa Cruz,087,273765,18111,17701,959,18660,209
2021-08-20,Shasta,089,179085,14872,14277,2137,16414,215
2021-08-20,Sierra,091,2930,94,83,15,98,0
2021-08-20,Siskiyou,093,43540,2346,2226,638,2864,33
2021-08-20,Solano,095,438530,40195,38214,941,39155,277
2021-08-20,Sonoma,097,501317,36705,35416,449,35865,336
2021-08-20,Stanislaus,099,539301,65315,63219,7399,70618,1047
2021-08-20,Sutter,101,95872,11471,11136,132,11268,133
2021-08-20,Tehama,103,63373,5896,5730,787,6517,66
2021-08-20,Trinity,105,12862,525,422,124,546,3
2021-08-20,Tulare,107,460477,54241,52855,11325,64180,856
2021-08-20,Tuolumne,109,53932,5337,5153,53,5206,73
2021-08-20,Ventura,111,848112,89470,88285,3924,92209,1061
2021-08-20,Yolo,113,214977,16784,16236,763,16999,225
2021-08-20,Yuba,115,75493,7798,7523,173,7696,54
2021-08-19,Alameda,001,1643700,106674,103276,2492,105768,1294
2021-08-19,Alpine,003,1148,92,91,0,91,0
2021-08-19,Amador,005,37829,4454,4317,40,4357,50
2021-08-19,Butte,007,227075,15090,14518,2516,17034,211
2021-08-19,Calaveras,009,45235,2822,2673,21,2694,59
2021-08-19,Colusa,011,21464,2230,2167,459,2626,16
2021-08-19,Contra Costa,013,1133247,86881,83296,1755,85051,852
2021-08-19,Del Norte,015,27424,2580,2257,17,2274,8
2021-08-19,El Dorado,017,186661,13050,12410,1130,13540,118
2021-08-19,Fresno,019,978130,113618,110947,10188,121135,1759
2021-08-19,Glenn,021,27897,2725,2629,699,3328,20
2021-08-19,Humboldt,023,135768,6624,6246,157,6403,52
2021-08-19,Imperial,025,180216,30044,29865,2984,32849,747
2021-08-19,Inyo,027,18085,1502,1494,5,1499,39
2021-08-19,Kern,029,883053,105650,103731,14239,117970,1371
2021-08-19,Kings,031,150075,25732,25128,1439,26567,256
2021-08-19,Lake,033,64148,5177,4991,47,5038,69
2021-08-19,Lassen,035,31185,5621,5520,152,5672,21
2021-08-19,Los Angeles,037,10098052,1330378,1314453,50409,1364862,25020
2021-08-19,Madera,039,155013,18463,17947,1259,19206,246
2021-08-19,Marin,041,260295,15988,15672,334,16006,240
2021-08-19,Mariposa,043,17540,668,618,15,633,5
2021-08-19,Mendocino,045,87422,5484,5167,173,5340,51
2021-08-19,Merced,047,269075,34522,33851,1221,35072,486
2021-08-19,Modoc,049,8938,442,427,154,581,6
2021-08-19,Mono,051,14174,1376,1349,14,1363,3
2021-08-19,Monterey,053,433212,45195,44821,2447,47268,538
2021-08-19,Napa,055,140530,11338,11104,66,11170,83
2021-08-19,Nevada,057,99092,7051,6695,236,6931,77
2021-08-19,Orange,059,3164182,283071,278562,13278,291840,5172
2021-08-19,Placer,061,380077,29597,27953,2533,30486,313
2021-08-19,Plumas,063,18699,945,896,16,912,5
2021-08-19,Riverside,065,2383286,323266,318056,15539,333595,4589
2021-08-19,Sacramento,067,1510023,131875,126720,2759,129479,1801
2021-08-19,San Benito,069,59416,6591,6493,132,6625,64
2021-08-19,San Bernardino,071,2135413,321147,316398,10135,326533,5318
2021-08-19,San Diego,073,3302833,326286,319582,18715,338297,3839
2021-08-19,San Francisco,075,870044,46510,45220,2065,47285,571
2021-08-19,San Joaquin,077,732212,84672,82047,4504,86551,1491
2021-08-19,San Luis Obispo,079,281455,24479,23878,957,24835,271
2021-08-19,San Mateo,081,765935,48511,47431,934,48365,551
2021-08-19,Santa Barbara,083,443738,38947,37693,1431,39124,477
2021-08-19,Santa Clara,085,1922200,132157,129133,1001,130134,1774
2021-08-19,Santa Cruz,087,273765,18049,17644,952,18596,209
2021-08-19,Shasta,089,179085,14748,14200,2114,16314,214
2021-08-19,Sierra,091,2930,90,83,15,98,0
2021-08-19,Siskiyou,093,43540,2332,2218,625,2843,33
2021-08-19,Solano,095,438530,40043,38025,930,38955,273
2021-08-19,Sonoma,097,501317,36618,35233,448,35681,336
2021-08-19,Stanislaus,099,539301,64958,62928,7352,70280,1047
2021-08-19,Sutter,101,95872,11387,11057,131,11188,133
2021-08-19,Tehama,103,63373,5860,5683,759,6442,66
2021-08-19,Trinity,105,12862,521,414,122,536,3
2021-08-19,Tulare,107,460477,54010,52685,11261,63946,856
2021-08-19,Tuolumne,109,53932,5301,5112,52,5164,64
2021-08-19,Ventura,111,848112,89268,88073,3909,91982,1060
2021-08-19,Yolo,113,214977,16699,16153,755,16908,225
2021-08-19,Yuba,115,75493,7746,7458,172,7630,51
2021-08-18,Alameda,001,1643700,106264,102696,2463,105159,1294
2021-08-18,Alpine,003,1148,91,91,0,91,0
2021-08-18,Amador,005,37829,4437,4279,39,4318,50
2021-08-18,Butte,007,227075,14980,14426,2490,16916,208
2021-08-18,Calaveras,009,45235,2781,2643,20,2663,59
2021-08-18,Colusa,011,21464,2223,2160,455,2615,16
2021-08-18,Contra Costa,013,1133247,86387,82767,1749,84516,851
2021-08-18,Del Norte,015,27424,2523,2219,17,2236,8
2021-08-18,El Dorado,017,186661,12961,12306,1115,13421,118
2021-08-18,Fresno,019,978130,113165,110523,10133,120656,1759
2021-08-18,Glenn,021,27897,2698,2623,692,3315,20
2021-08-18,Humboldt,023,135768,6553,6195,151,6346,52
2021-08-18,Imperial,025,180216,30012,29821,2981,32802,746
2021-08-18,Inyo,027,18085,1499,1494,5,1499,39
2021-08-18,Kern,029,883053,105302,103440,14144,117584,1370
2021-08-18,Kings,031,150075,25623,24984,1432,26416,256
2021-08-18,Lake,033,64148,5136,4957,46,5003,69
2021-08-18,Lassen,035,31185,5602,5506,151,5657,21
2021-08-18,Los Angeles,037,10098052,1327238,1311477,50276,1361753,24984
2021-08-18,Madera,039,155013,18403,17871,1250,19121,246
2021-08-18,Marin,041,260295,15950,15610,331,15941,240
2021-08-18,Mariposa,043,17540,655,615,15,630,5
2021-08-18,Mendocino,045,87422,5433,5129,170,5299,51
2021-08-18,Merced,047,269075,34357,33708,1210,34918,484
2021-08-18,Modoc,049,8938,442,427,153,580,6
2021-08-18,Mono,051,14174,1373,1344,14,1358,3
2021-08-18,Monterey,053,433212,45125,44735,2417,47152,532
2021-08-18,Napa,055,140530,11300,11060,65,11125,83
2021-08-18,Nevada,057,99092,6985,6633,236,6869,76
2021-08-18,Orange,059,3164182,282430,277795,13223,291018,5168
2021-08-18,Placer,061,380077,29372,27741,2504,30245,312
2021-08-18,Plumas,063,18699,937,874,16,890,5
2021-08-18,Riverside,065,2383286,322267,317107,15504,332611,4585
2021-08-18,Sacramento,067,1510023,131115,125599,2725,128324,1781
2021-08-18,San Benito,069,59416,6580,6481,131,6612,64
2021-08-18,San Bernardino,071,2135413,320346,315477,10116,325593,5304
2021-08-18,San Diego,073,3302833,324942,318152,18650,336802,3834
2021-08-18,San Francisco,075,870044,46311,44957,2049,47006,568
2021-08-18,San Joaquin,077,732212,84221,81601,4474,86075,1491
2021-08-18,San Luis Obispo,079,281455,24330,23726,945,24671,270
2021-08-18,San Mateo,081,765935,48352,47255,924,48179,551
2021-08-18,Santa Barbara,083,443738,38816,37599,1424,39023,475
2021-08-18,Santa Clara,085,1922200,131794,128563,997,129560,1773
2021-08-18,Santa Cruz,087,273765,17995,17566,947,18513,209
2021-08-18,Shasta,089,179085,14649,14087,2095,16182,213
2021-08-18,Sierra,091,2930,89,83,15,98,0
2021-08-18,Siskiyou,093,43540,2303,2204,613,2817,33
2021-08-18,Solano,095,438530,39840,37812,918,38730,271
2021-08-18,Sonoma,097,501317,36474,35063,447,35510,333
2021-08-18,Stanislaus,099,539301,64609,62613,7309,69922,1047
2021-08-18,Sutter,101,95872,11315,11004,126,11130,130
2021-08-18,Tehama,103,63373,5825,5653,749,6402,66
2021-08-18,Trinity,105,12862,514,409,119,528,3
2021-08-18,Tulare,107,460477,53769,52486,11192,63678,856
2021-08-18,Tuolumne,109,53932,5265,5081,50,5131,64
2021-08-18,Ventura,111,848112,89036,87835,3899,91734,1055
2021-08-18,Yolo,113,214977,16617,16047,735,16782,225
2021-08-18,Yuba,115,75493,7681,7391,172,7563,51
2021-08-17,Alameda,001,1643700,105848,102379,2447,104826,1290
2021-08-17,Alpine,003,1148,91,91,0,91,0
2021-08-17,Amador,005,37829,4408,4266,39,4305,50
2021-08-17,Butte,007,227075,14874,14357,2454,16811,206
2021-08-17,Calaveras,009,45235,2740,2624,20,2644,59
2021-08-17,Colusa,011,21464,2214,2156,451,2607,16
2021-08-17,Contra Costa,013,1133247,85939,82482,1739,84221,848
2021-08-17,Del Norte,015,27424,2469,2188,17,2205,8
2021-08-17,El Dorado,017,186661,12873,12242,1101,13343,118
2021-08-17,Fresno,019,978130,112685,110263,10072,120335,1755
2021-08-17,Glenn,021,27897,2684,2608,684,3292,20
2021-08-17,Humboldt,023,135768,6475,6155,149,6304,52
2021-08-17,Imperial,025,180216,29961,29768,2977,32745,746
2021-08-17,Inyo,027,18085,1496,1492,5,1497,39
2021-08-17,Kern,029,883053,104909,103048,14018,117066,1367
2021-08-17,Kings,031,150075,25516,24930,1421,26351,254
2021-08-17,Lake,033,64148,5093,4930,40,4970,68
2021-08-17,Lassen,035,31185,5585,5499,149,5648,21
2021-08-17,Los Angeles,037,10098052,1323708,1307999,50140,1358139,24952
2021-08-17,Madera,039,155013,18329,17838,1229,19067,246
2021-08-17,Marin,041,260295,15895,15570,331,15901,240
2021-08-17,Mariposa,043,17540,647,609,14,623,5
2021-08-17,Mendocino,045,87422,5378,5097,170,5267,51
2021-08-17,Merced,047,269075,34209,33508,1196,34704,482
2021-08-17,Modoc,049,8938,439,424,151,575,6
2021-08-17,Mono,051,14174,1367,1341,14,1355,3
2021-08-17,Monterey,053,433212,45048,44672,2401,47073,528
2021-08-17,Napa,055,140530,11259,11007,64,11071,83
2021-08-17,Nevada,057,99092,6911,6605,234,6839,75
2021-08-17,Orange,059,3164182,281788,277121,13187,290308,5164
2021-08-17,Placer,061,380077,29158,27634,2474,30108,312
2021-08-17,Plumas,063,18699,926,860,16,876,5
2021-08-17,Riverside,065,2383286,321252,316051,15465,331516,4582
2021-08-17,Sacramento,067,1510023,130324,125151,2682,127833,1774
2021-08-17,San Benito,069,59416,6561,6470,131,6601,64
2021-08-17,San Bernardino,071,2135413,319410,314402,10071,324473,5302
2021-08-17,San Diego,073,3302833,323326,317058,18554,335612,3824
2021-08-17,San Francisco,075,870044,46116,44820,2038,46858,567
2021-08-17,San Joaquin,077,732212,83753,81300,4442,85742,1489
2021-08-17,San Luis Obispo,079,281455,24173,23556,942,24498,268
2021-08-17,San Mateo,081,765935,48210,47127,905,48032,551
2021-08-17,Santa Barbara,083,443738,38661,37478,1416,38894,475
2021-08-17,Santa Clara,085,1922200,131392,128354,992,129346,1773
2021-08-17,Santa Cruz,087,273765,17909,17528,945,18473,209
2021-08-17,Shasta,089,179085,14518,14012,2076,16088,214
2021-08-17,Sierra,091,2930,88,82,15,97,0
2021-08-17,Siskiyou,093,43540,2288,2183,599,2782,33
2021-08-17,Solano,095,438530,39627,37662,908,38570,269
2021-08-17,Sonoma,097,501317,36326,34943,443,35386,333
2021-08-17,Stanislaus,099,539301,64257,62385,7247,69632,1047
2021-08-17,Sutter,101,95872,11243,10973,126,11099,130
2021-08-17,Tehama,103,63373,5791,5612,727,6339,66
2021-08-17,Trinity,105,12862,509,406,116,522,3
2021-08-17,Tulare,107,460477,53502,52362,11124,63486,856
2021-08-17,Tuolumne,109,53932,5222,5042,49,5091,64
2021-08-17,Ventura,111,848112,88798,87601,3878,91479,1053
2021-08-17,Yolo,113,214977,16528,15975,720,16695,225
2021-08-17,Yuba,115,75493,7611,7355,172,7527,51
2021-08-16,Alameda,001,1643700,105346,102052,2435,104487,1287
2021-08-16,Alpine,003,1148,91,91,0,91,0
2021-08-16,Amador,005,37829,4398,4235,39,4274,50
2021-08-16,Butte,007,227075,14756,14283,2421,16704,206
2021-08-16,Calaveras,009,45235,2682,2609,19,2628,57
2021-08-16,Colusa,011,21464,2203,2147,447,2594,16
2021-08-16,Contra Costa,013,1133247,85400,82070,1729,83799,848
2021-08-16,Del Norte,015,27424,2392,2125,17,2142,8
2021-08-16,El Dorado,017,186661,12771,12139,1088,13227,118
2021-08-16,Fresno,019,978130,112185,109623,10025,119648,1753
2021-08-16,Glenn,021,27897,2665,2593,678,3271,20
2021-08-16,Humboldt,023,135768,6405,6064,126,6190,52
2021-08-16,Imperial,025,180216,29923,29737,2962,32699,746
2021-08-16,Inyo,027,18085,1493,1490,5,1495,39
2021-08-16,Kern,029,883053,104536,102690,13898,116588,1367
2021-08-16,Kings,031,150075,25414,24817,1411,26228,254
2021-08-16,Lake,033,64148,5066,4898,39,4937,68
2021-08-16,Lassen,035,31185,5569,5481,141,5622,21
2021-08-16,Los Angeles,037,10098052,1320332,1305330,49990,1355320,24923
2021-08-16,Madera,039,155013,18254,17756,1211,18967,246
2021-08-16,Marin,041,260295,15836,15497,329,15826,239
2021-08-16,Mariposa,043,17540,630,597,14,611,5
2021-08-16,Mendocino,045,87422,5322,5037,168,5205,49
2021-08-16,Merced,047,269075,34008,33364,1184,34548,481
2021-08-16,Modoc,049,8938,437,421,150,571,5
2021-08-16,Mono,051,14174,1358,1339,14,1353,3
2021-08-16,Monterey,053,433212,44986,44595,2373,46968,527
2021-08-16,Napa,055,140530,11230,10946,64,11010,83
2021-08-16,Nevada,057,99092,6855,6535,233,6768,74
2021-08-16,Orange,059,3164182,280998,275985,13140,289125,5161
2021-08-16,Placer,061,380077,28976,27384,2440,29824,306
2021-08-16,Plumas,063,18699,915,851,16,867,5
2021-08-16,Riverside,065,2383286,320162,314774,15427,330201,4582
2021-08-16,Sacramento,067,1510023,129516,124554,2639,127193,1762
2021-08-16,San Benito,069,59416,6537,6452,131,6583,64
2021-08-16,San Bernardino,071,2135413,318449,313617,10043,323660,5301
2021-08-16,San Diego,073,3302833,321719,315348,18419,333767,3824
2021-08-16,San Francisco,075,870044,45920,44681,2021,46702,567
2021-08-16,San Joaquin,077,732212,83251,81087,4414,85501,1488
2021-08-16,San Luis Obispo,079,281455,24024,23452,933,24385,265
2021-08-16,San Mateo,081,765935,48045,47024,882,47906,548
2021-08-16,Santa Barbara,083,443738,38494,37358,1411,38769,475
2021-08-16,Santa Clara,085,1922200,130929,127978,986,128964,1773
2021-08-16,Santa Cruz,087,273765,17848,17491,938,18429,209
2021-08-16,Shasta,089,179085,14427,13862,2058,15920,211
2021-08-16,Sierra,091,2930,85,82,15,97,0
2021-08-16,Siskiyou,093,43540,2271,2169,579,2748,33
2021-08-16,Solano,095,438530,39355,37436,894,38330,263
2021-08-16,Sonoma,097,501317,36156,34844,441,35285,333
2021-08-16,Stanislaus,099,539301,63895,62033,7195,69228,1039
2021-08-16,Sutter,101,95872,11174,10902,125,11027,130
2021-08-16,Tehama,103,63373,5727,5565,722,6287,66
2021-08-16,Trinity,105,12862,503,400,115,515,3
2021-08-16,Tulare,107,460477,53258,52162,11050,63212,856
2021-08-16,Tuolumne,109,53932,5183,4984,48,5032,64
2021-08-16,Ventura,111,848112,88553,86954,3860,90814,1052
2021-08-16,Yolo,113,214977,16428,15922,712,16634,225
2021-08-16,Yuba,115,75493,7527,7314,171,7485,51
2021-08-15,Alameda,001,1643700,104853,101660,2418,104078,1287
2021-08-15,Alpine,003,1148,91,91,0,91,0
2021-08-15,Amador,005,37829,4371,4231,39,4270,49
2021-08-15,Butte,007,227075,14631,14263,2397,16660,206
2021-08-15,Calaveras,009,45235,2635,2599,19,2618,57
2021-08-15,Colusa,011,21464,2191,2140,437,2577,16
2021-08-15,Contra Costa,013,1133247,84920,81781,1712,83493,848
2021-08-15,Del Norte,015,27424,2325,2060,17,2077,8
2021-08-15,El Dorado,017,186661,12636,12057,1071,13128,118
2021-08-15,Fresno,019,978130,111712,109382,9962,119344,1753
2021-08-15,Glenn,021,27897,2641,2592,666,3258,20
2021-08-15,Humboldt,023,135768,6332,6024,119,6143,52
2021-08-15,Imperial,025,180216,29856,29711,2957,32668,746
2021-08-15,Inyo,027,18085,1492,1489,5,1494,39
2021-08-15,Kern,029,883053,104094,102524,13783,116307,1367
2021-08-15,Kings,031,150075,25264,24736,1401,26137,254
2021-08-15,Lake,033,64148,5007,4886,38,4924,68
2021-08-15,Lassen,035,31185,5552,5482,139,5621,21
2021-08-15,Los Angeles,037,10098052,1316813,1302882,49815,1352697,24918
2021-08-15,Madera,039,155013,18166,17714,1199,18913,246
2021-08-15,Marin,041,260295,15777,15461,327,15788,239
2021-08-15,Mariposa,043,17540,623,591,14,605,5
2021-08-15,Mendocino,045,87422,5266,5022,162,5184,49
2021-08-15,Merced,047,269075,33764,33305,1173,34478,481
2021-08-15,Modoc,049,8938,435,421,150,571,5
2021-08-15,Mono,051,14174,1350,1334,14,1348,3
2021-08-15,Monterey,053,433212,44874,44567,2340,46907,527
2021-08-15,Napa,055,140530,11175,10919,64,10983,83
2021-08-15,Nevada,057,99092,6771,6486,233,6719,74
2021-08-15,Orange,059,3164182,280221,275447,13099,288546,5161
2021-08-15,Placer,061,380077,28754,27220,2392,29612,306
2021-08-15,Plumas,063,18699,903,850,16,866,5
2021-08-15,Riverside,065,2383286,319024,314133,15395,329528,4582
2021-08-15,Sacramento,067,1510023,128704,123924,2606,126530,1761
2021-08-15,San Benito,069,59416,6519,6446,130,6576,64
2021-08-15,San Bernardino,071,2135413,317376,313120,10011,323131,5301
2021-08-15,San Diego,073,3302833,320234,314247,18304,332551,3824
2021-08-15,San Francisco,075,870044,45698,44531,1998,46529,567
2021-08-15,San Joaquin,077,732212,82763,80832,4373,85205,1488
2021-08-15,San Luis Obispo,079,281455,23828,23404,923,24327,265
2021-08-15,San Mateo,081,765935,47880,46897,858,47755,548
2021-08-15,Santa Barbara,083,443738,38325,37276,1404,38680,475
2021-08-15,Santa Clara,085,1922200,130496,127715,980,128695,1773
2021-08-15,Santa Cruz,087,273765,17779,17440,930,18370,209
2021-08-15,Shasta,089,179085,14324,13835,2032,15867,211
2021-08-15,Sierra,091,2930,84,82,14,96,0
2021-08-15,Siskiyou,093,43540,2250,2169,565,2734,33
2021-08-15,Solano,095,438530,39116,37320,883,38203,263
2021-08-15,Sonoma,097,501317,35960,34706,433,35139,333
2021-08-15,Stanislaus,099,539301,63505,61795,7117,68912,1039
2021-08-15,Sutter,101,95872,11083,10863,125,10988,130
2021-08-15,Tehama,103,63373,5678,5550,716,6266,66
2021-08-15,Trinity,105,12862,500,400,113,513,3
2021-08-15,Tulare,107,460477,53002,52046,10989,63035,856
2021-08-15,Tuolumne,109,53932,5145,4934,46,4980,64
2021-08-15,Ventura,111,848112,88248,86797,3845,90642,1052
2021-08-15,Yolo,113,214977,16333,15873,702,16575,225
2021-08-15,Yuba,115,75493,7450,7265,170,7435,51
2021-08-14,Alameda,001,1643700,104634,101305,2414,103719,1287
2021-08-14,Alpine,003,1148,91,91,0,91,0
2021-08-14,Amador,005,37829,4353,4206,39,4245,49
2021-08-14,Butte,007,227075,14594,14192,2381,16573,206
2021-08-14,Calaveras,009,45235,2630,2579,19,2598,57
2021-08-14,Colusa,011,21464,2181,2134,433,2567,16
2021-08-14,Contra Costa,013,1133247,84672,81458,1704,83162,848
2021-08-14,Del Norte,015,27424,2298,2015,17,2032,8
2021-08-14,El Dorado,017,186661,12600,12019,1062,13081,118
2021-08-14,Fresno,019,978130,111554,109056,9932,118988,1753
2021-08-14,Glenn,021,27897,2630,2583,664,3247,20
2021-08-14,Humboldt,023,135768,6278,5998,115,6113,52
2021-08-14,Imperial,025,180216,29829,29671,2957,32628,746
2021-08-14,Inyo,027,18085,1490,1487,5,1492,39
2021-08-14,Kern,029,883053,103899,102306,13687,115993,1367
2021-08-14,Kings,031,150075,25170,24647,1392,26039,254
2021-08-14,Lake,033,64148,4990,4850,37,4887,68
2021-08-14,Lassen,035,31185,5545,5475,138,5613,21
2021-08-14,Los Angeles,037,10098052,1315050,1299346,49676,1349022,24911
2021-08-14,Madera,039,155013,18119,17691,1195,18886,246
2021-08-14,Marin,041,260295,15743,15441,326,15767,239
2021-08-14,Mariposa,043,17540,619,584,14,598,5
2021-08-14,Mendocino,045,87422,5230,4977,159,5136,49
2021-08-14,Merced,047,269075,33700,33234,1167,34401,481
2021-08-14,Modoc,049,8938,435,421,150,571,5
2021-08-14,Mono,051,14174,1348,1332,14,1346,3
2021-08-14,Monterey,053,433212,44835,44514,2332,46846,527
2021-08-14,Napa,055,140530,11145,10878,63,10941,83
2021-08-14,Nevada,057,99092,6736,6419,232,6651,74
2021-08-14,Orange,059,3164182,279788,274732,13070,287802,5161
2021-08-14,Placer,061,380077,28608,27115,2367,29482,306
2021-08-14,Plumas,063,18699,894,849,16,865,5
2021-08-14,Riverside,065,2383286,318311,313264,15372,328636,4582
2021-08-14,Sacramento,067,1510023,128212,123438,2588,126026,1758
2021-08-14,San Benito,069,59416,6506,6428,130,6558,64
2021-08-14,San Bernardino,071,2135413,316828,312142,9990,322132,5301
2021-08-14,San Diego,073,3302833,319563,313589,18236,331825,3824
2021-08-14,San Francisco,075,870044,45572,44353,1977,46330,567
2021-08-14,San Joaquin,077,732212,82547,80585,4357,84942,1488
2021-08-14,San Luis Obispo,079,281455,23769,23328,920,24248,265
2021-08-14,San Mateo,081,765935,47770,46792,846,47638,548
2021-08-14,Santa Barbara,083,443738,38232,37118,1400,38518,475
2021-08-14,Santa Clara,085,1922200,130217,127432,977,128409,1772
2021-08-14,Santa Cruz,087,273765,17740,17384,929,18313,209
2021-08-14,Shasta,089,179085,14249,13813,2011,15824,211
2021-08-14,Sierra,091,2930,84,81,14,95,0
2021-08-14,Siskiyou,093,43540,2240,2160,555,2715,33
2021-08-14,Solano,095,438530,39029,37237,871,38108,263
2021-08-14,Sonoma,097,501317,35837,34606,431,35037,333
2021-08-14,Stanislaus,099,539301,63315,61564,7072,68636,1039
2021-08-14,Sutter,101,95872,11038,10808,124,10932,130
2021-08-14,Tehama,103,63373,5654,5530,712,6242,66
2021-08-14,Trinity,105,12862,494,399,113,512,3
2021-08-14,Tulare,107,460477,52867,51951,10943,62894,856
2021-08-14,Tuolumne,109,53932,5110,4924,46,4970,64
2021-08-14,Ventura,111,848112,88091,86569,3825,90394,1052
2021-08-14,Yolo,113,214977,16288,15815,692,16507,225
2021-08-14,Yuba,115,75493,7401,7223,170,7393,51
2021-08-13,Alameda,001,1643700,104334,100930,2405,103335,1284
2021-08-13,Alpine,003,1148,91,91,0,91,0
2021-08-13,Amador,005,37829,4325,4169,39,4208,49
2021-08-13,Butte,007,227075,14523,14100,2365,16465,206
2021-08-13,Calaveras,009,45235,2620,2564,19,2583,57
2021-08-13,Colusa,011,21464,2174,2123,428,2551,16
2021-08-13,Contra Costa,013,1133247,84360,81046,1696,82742,848
2021-08-13,Del Norte,015,27424,2257,1973,17,1990,8
2021-08-13,El Dorado,017,186661,12561,11951,1049,13000,118
2021-08-13,Fresno,019,978130,111266,108638,9912,118550,1753
2021-08-13,Glenn,021,27897,2619,2574,662,3236,20
2021-08-13,Humboldt,023,135768,6231,5882,112,5994,52
2021-08-13,Imperial,025,180216,29802,29654,2956,32610,745
2021-08-13,Inyo,027,18085,1489,1484,5,1489,39
2021-08-13,Kern,029,883053,103691,102029,13578,115607,1364
2021-08-13,Kings,031,150075,25087,24531,1384,25915,253
2021-08-13,Lake,033,64148,4967,4811,36,4847,68
2021-08-13,Lassen,035,31185,5537,5455,137,5592,21
2021-08-13,Los Angeles,037,10098052,1312739,1295406,49541,1344947,24891
2021-08-13,Madera,039,155013,18070,17614,1188,18802,246
2021-08-13,Marin,041,260295,15713,15380,326,15706,239
2021-08-13,Mariposa,043,17540,613,577,14,591,5
2021-08-13,Mendocino,045,87422,5183,4924,157,5081,49
2021-08-13,Merced,047,269075,33652,33111,1162,34273,480
2021-08-13,Modoc,049,8938,434,421,149,570,5
2021-08-13,Mono,051,14174,1346,1331,14,1345,3
2021-08-13,Monterey,053,433212,44782,44450,2324,46774,527
2021-08-13,Napa,055,140530,11109,10830,63,10893,83
2021-08-13,Nevada,057,99092,6695,6356,231,6587,74
2021-08-13,Orange,059,3164182,279295,274004,13021,287025,5159
2021-08-13,Placer,061,380077,28508,26987,2339,29326,306
2021-08-13,Plumas,063,18699,880,842,16,858,5
2021-08-13,Riverside,065,2383286,317574,312408,15347,327755,4581
2021-08-13,Sacramento,067,1510023,127744,122868,2560,125428,1758
2021-08-13,San Benito,069,59416,6500,6422,128,6550,64
2021-08-13,San Bernardino,071,2135413,316160,311378,9971,321349,5301
2021-08-13,San Diego,073,3302833,318517,312293,18156,330449,3821
2021-08-13,San Francisco,075,870044,45436,44196,1952,46148,567
2021-08-13,San Joaquin,077,732212,82331,80232,4341,84573,1481
2021-08-13,San Luis Obispo,079,281455,23708,23226,917,24143,265
2021-08-13,San Mateo,081,765935,47660,46660,837,47497,548
2021-08-13,Santa Barbara,083,443738,38149,37023,1396,38419,474
2021-08-13,Santa Clara,085,1922200,129930,126958,972,127930,1769
2021-08-13,Santa Cruz,087,273765,17701,17332,922,18254,209
2021-08-13,Shasta,089,179085,14186,13698,1997,15695,211
2021-08-13,Sierra,091,2930,83,81,14,95,0
2021-08-13,Siskiyou,093,43540,2231,2147,551,2698,33
2021-08-13,Solano,095,438530,38897,37104,863,37967,264
2021-08-13,Sonoma,097,501317,35732,34464,431,34895,333
2021-08-13,Stanislaus,099,539301,63132,61294,7030,68324,1039
2021-08-13,Sutter,101,95872,10994,10751,123,10874,130
2021-08-13,Tehama,103,63373,5630,5496,710,6206,66
2021-08-13,Trinity,105,12862,490,392,113,505,3
2021-08-13,Tulare,107,460477,52763,51770,10868,62638,856
2021-08-13,Tuolumne,109,53932,5077,4899,45,4944,64
2021-08-13,Ventura,111,848112,87933,86368,3812,90180,1052
2021-08-13,Yolo,113,214977,16235,15761,682,16443,225
2021-08-13,Yuba,115,75493,7363,7184,170,7354,51
2021-08-12,Alameda,001,1643700,103833,100472,2391,102863,1284
2021-08-12,Alpine,003,1148,91,91,0,91,0
2021-08-12,Amador,005,37829,4295,4161,38,4199,49
2021-08-12,Butte,007,227075,14446,14006,2346,16352,206
2021-08-12,Calaveras,009,45235,2600,2531,19,2550,57
2021-08-12,Colusa,011,21464,2169,2111,427,2538,17
2021-08-12,Contra Costa,013,1133247,83878,80738,1686,82424,846
2021-08-12,Del Norte,015,27424,2185,1923,17,1940,8
2021-08-12,El Dorado,017,186661,12447,11880,1041,12921,118
2021-08-12,Fresno,019,978130,110850,108193,9851,118044,1753
2021-08-12,Glenn,021,27897,2611,2559,655,3214,20
2021-08-12,Humboldt,023,135768,6161,5845,108,5953,52
2021-08-12,Imperial,025,180216,29746,29585,2950,32535,745
2021-08-12,Inyo,027,18085,1487,1483,5,1488,39
2021-08-12,Kern,029,883053,103404,101698,13498,115196,1364
2021-08-12,Kings,031,150075,24987,24423,1374,25797,252
2021-08-12,Lake,033,64148,4942,4774,35,4809,68
2021-08-12,Lassen,035,31185,5515,5428,136,5564,21
2021-08-12,Los Angeles,037,10098052,1309559,1291875,49403,1341278,24874
2021-08-12,Madera,039,155013,18006,17564,1178,18742,246
2021-08-12,Marin,041,260295,15664,15277,322,15599,239
2021-08-12,Mariposa,043,17540,604,568,13,581,5
2021-08-12,Mendocino,045,87422,5153,4873,151,5024,49
2021-08-12,Merced,047,269075,33528,32960,1155,34115,480
2021-08-12,Modoc,049,8938,433,423,149,572,5
2021-08-12,Mono,051,14174,1343,1325,14,1339,3
2021-08-12,Monterey,053,433212,44717,44383,2296,46679,527
2021-08-12,Napa,055,140530,11060,10780,62,10842,83
2021-08-12,Nevada,057,99092,6634,6283,231,6514,74
2021-08-12,Orange,059,3164182,278618,273167,12963,286130,5158
2021-08-12,Placer,061,380077,28308,26856,2315,29171,306
2021-08-12,Plumas,063,18699,872,829,16,845,5
2021-08-12,Riverside,065,2383286,316566,311304,15313,326617,4575
2021-08-12,Sacramento,067,1510023,126975,122222,2528,124750,1758
2021-08-12,San Benito,069,59416,6484,6398,125,6523,64
2021-08-12,San Bernardino,071,2135413,315286,310420,9942,320362,5297
2021-08-12,San Diego,073,3302833,317138,310596,18072,328668,3821
2021-08-12,San Francisco,075,870044,45231,43774,1936,45710,564
2021-08-12,San Joaquin,077,732212,81938,79945,4317,84262,1479
2021-08-12,San Luis Obispo,079,281455,23609,23101,903,24004,264
2021-08-12,San Mateo,081,765935,47527,46435,823,47258,548
2021-08-12,Santa Barbara,083,443738,38013,36881,1386,38267,473
2021-08-12,Santa Clara,085,1922200,129481,126614,966,127580,1769
2021-08-12,Santa Cruz,087,273765,17638,17261,920,18181,209
2021-08-12,Shasta,089,179085,14100,13621,1971,15592,211
2021-08-12,Sierra,091,2930,83,81,14,95,0
2021-08-12,Siskiyou,093,43540,2224,2134,541,2675,33
2021-08-12,Solano,095,438530,38672,36980,855,37835,262
2021-08-12,Sonoma,097,501317,35584,34299,428,34727,333
2021-08-12,Stanislaus,099,539301,62858,61026,6970,67996,1039
2021-08-12,Sutter,101,95872,10933,10695,121,10816,130
2021-08-12,Tehama,103,63373,5601,5462,700,6162,66
2021-08-12,Trinity,105,12862,486,386,112,498,3
2021-08-12,Tulare,107,460477,52619,51632,10816,62448,856
2021-08-12,Tuolumne,109,53932,5030,4845,43,4888,64
2021-08-12,Ventura,111,848112,87697,86106,3788,89894,1052
2021-08-12,Yolo,113,214977,16164,15686,669,16355,224
2021-08-12,Yuba,115,75493,7315,7128,169,7297,51
2021-08-11,Alameda,001,1643700,103303,100040,2386,102426,1281
2021-08-11,Alpine,003,1148,91,91,0,91,0
2021-08-11,Amador,005,37829,4271,4127,38,4165,49
2021-08-11,Butte,007,227075,14342,13905,2321,16226,206
2021-08-11,Calaveras,009,45235,2578,2505,19,2524,57
2021-08-11,Colusa,011,21464,2159,2101,425,2526,16
2021-08-11,Contra Costa,013,1133247,83380,80275,1672,81947,843
2021-08-11,Del Norte,015,27424,2126,1893,17,1910,8
2021-08-11,El Dorado,017,186661,12334,11799,1029,12828,119
2021-08-11,Fresno,019,978130,110392,107773,9809,117582,1751
2021-08-11,Glenn,021,27897,2603,2547,648,3195,20
2021-08-11,Humboldt,023,135768,6114,5765,107,5872,52
2021-08-11,Imperial,025,180216,29703,29565,2946,32511,745
2021-08-11,Inyo,027,18085,1487,1483,5,1488,39
2021-08-11,Kern,029,883053,103092,101448,13385,114833,1363
2021-08-11,Kings,031,150075,24873,24304,1365,25669,250
2021-08-11,Lake,033,64148,4905,4713,34,4747,68
2021-08-11,Lassen,035,31185,5506,5408,134,5542,21
2021-08-11,Los Angeles,037,10098052,1306252,1288238,49211,1337449,24851
2021-08-11,Madera,039,155013,17956,17511,1167,18678,245
2021-08-11,Marin,041,260295,15615,15235,322,15557,239
2021-08-11,Mariposa,043,17540,594,554,12,566,5
2021-08-11,Mendocino,045,87422,5084,4796,143,4939,49
2021-08-11,Merced,047,269075,33395,32802,1150,33952,479
2021-08-11,Modoc,049,8938,433,421,149,570,5
2021-08-11,Mono,051,14174,1338,1320,14,1334,3
2021-08-11,Monterey,053,433212,44627,44314,2269,46583,527
2021-08-11,Napa,055,140530,11019,10732,62,10794,83
2021-08-11,Nevada,057,99092,6580,6172,228,6400,74
2021-08-11,Orange,059,3164182,277765,272212,12921,285133,5155
2021-08-11,Placer,061,380077,28096,26687,2289,28976,305
2021-08-11,Plumas,063,18699,863,824,16,840,5
2021-08-11,Riverside,065,2383286,315582,310265,15269,325534,4570
2021-08-11,Sacramento,067,1510023,126182,121603,2485,124088,1757
2021-08-11,San Benito,069,59416,6471,6381,125,6506,64
2021-08-11,San Bernardino,071,2135413,314394,309498,9920,319418,5296
2021-08-11,San Diego,073,3302833,315652,309406,17973,327379,3818
2021-08-11,San Francisco,075,870044,45010,43555,1926,45481,564
2021-08-11,San Joaquin,077,732212,81533,79641,4290,83931,1478
2021-08-11,San Luis Obispo,079,281455,23505,22920,896,23816,264
2021-08-11,San Mateo,081,765935,47371,46300,809,47109,548
2021-08-11,Santa Barbara,083,443738,37851,36699,1376,38075,472
2021-08-11,Santa Clara,085,1922200,129002,126301,957,127258,1769
2021-08-11,Santa Cruz,087,273765,17572,17191,917,18108,209
2021-08-11,Shasta,089,179085,14026,13546,1955,15501,211
2021-08-11,Sierra,091,2930,82,81,14,95,0
2021-08-11,Siskiyou,093,43540,2210,2124,534,2658,33
2021-08-11,Solano,095,438530,38445,36862,841,37703,262
2021-08-11,Sonoma,097,501317,35407,34188,423,34611,333
2021-08-11,Stanislaus,099,539301,62514,60767,6939,67706,1037
2021-08-11,Sutter,101,95872,10861,10628,121,10749,130
2021-08-11,Tehama,103,63373,5571,5410,683,6093,66
2021-08-11,Trinity,105,12862,484,385,112,497,3
2021-08-11,Tulare,107,460477,52451,51464,10768,62232,854
2021-08-11,Tuolumne,109,53932,4998,4794,43,4837,64
2021-08-11,Ventura,111,848112,87446,85863,3767,89630,1051
2021-08-11,Yolo,113,214977,16089,15593,655,16248,218
2021-08-11,Yuba,115,75493,7256,7063,168,7231,53
2021-08-10,Alameda,001,1643700,102816,99771,2377,102148,1281
2021-08-10,Alpine,003,1148,91,91,0,91,0
2021-08-10,Amador,005,37829,4255,4093,38,4131,49
2021-08-10,Butte,007,227075,14258,13853,2299,16152,205
2021-08-10,Calaveras,009,45235,2555,2491,17,2508,57
2021-08-10,Colusa,011,21464,2146,2088,416,2504,16
2021-08-10,Contra Costa,013,1133247,82842,80018,1662,81680,840
2021-08-10,Del Norte,015,27424,2082,1870,17,1887,8
2021-08-10,El Dorado,017,186661,12235,11734,1019,12753,117
2021-08-10,Fresno,019,978130,109940,107616,9757,117373,1747
2021-08-10,Glenn,021,27897,2590,2538,641,3179,20
2021-08-10,Humboldt,023,135768,6060,5718,104,5822,52
2021-08-10,Imperial,025,180216,29668,29522,2940,32462,745
2021-08-10,Inyo,027,18085,1487,1482,5,1487,39
2021-08-10,Kern,029,883053,102765,101254,13285,114539,1359
2021-08-10,Kings,031,150075,24745,24252,1349,25601,251
2021-08-10,Lake,033,64148,4865,4700,33,4733,67
2021-08-10,Lassen,035,31185,5488,5401,134,5535,21
2021-08-10,Los Angeles,037,10098052,1302515,1285140,49041,1334181,24821
2021-08-10,Madera,039,155013,17884,17481,1156,18637,245
2021-08-10,Marin,041,260295,15568,15194,322,15516,239
2021-08-10,Mariposa,043,17540,581,550,12,562,5
2021-08-10,Mendocino,045,87422,5039,4775,140,4915,49
2021-08-10,Merced,047,269075,33247,32721,1142,33863,477
2021-08-10,Modoc,049,8938,432,421,149,570,5
2021-08-10,Mono,051,14174,1333,1320,14,1334,3
2021-08-10,Monterey,053,433212,44577,44259,2243,46502,527
2021-08-10,Napa,055,140530,10963,10703,61,10764,83
2021-08-10,Nevada,057,99092,6514,6151,227,6378,73
2021-08-10,Orange,059,3164182,276883,271688,12874,284562,5155
2021-08-10,Placer,061,380077,27877,26561,2246,28807,305
2021-08-10,Plumas,063,18699,854,816,16,832,5
2021-08-10,Riverside,065,2383286,314470,309529,15243,324772,4564
2021-08-10,Sacramento,067,1510023,125329,121159,2456,123615,1755
2021-08-10,San Benito,069,59416,6457,6371,125,6496,64
2021-08-10,San Bernardino,071,2135413,313476,308672,9903,318575,5295
2021-08-10,San Diego,073,3302833,313989,308288,17897,326185,3815
2021-08-10,San Francisco,075,870044,44769,43389,1897,45286,564
2021-08-10,San Joaquin,077,732212,81132,79391,4273,83664,1478
2021-08-10,San Luis Obispo,079,281455,23379,22776,894,23670,264
2021-08-10,San Mateo,081,765935,47212,46184,792,46976,548
2021-08-10,Santa Barbara,083,443738,37687,36574,1369,37943,472
2021-08-10,Santa Clara,085,1922200,128542,126019,948,126967,1770
2021-08-10,Santa Cruz,087,273765,17489,17142,915,18057,209
2021-08-10,Shasta,089,179085,13949,13461,1930,15391,211
2021-08-10,Sierra,091,2930,82,76,14,90,0
2021-08-10,Siskiyou,093,43540,2202,2088,526,2614,33
2021-08-10,Solano,095,438530,38209,36767,832,37599,262
2021-08-10,Sonoma,097,501317,35263,34054,420,34474,333
2021-08-10,Stanislaus,099,539301,62166,60605,6901,67506,1037
2021-08-10,Sutter,101,95872,10796,10569,121,10690,130
2021-08-10,Tehama,103,63373,5542,5392,678,6070,66
2021-08-10,Trinity,105,12862,484,384,112,496,3
2021-08-10,Tulare,107,460477,52288,51390,10716,62106,854
2021-08-10,Tuolumne,109,53932,4970,4780,41,4821,64
2021-08-10,Ventura,111,848112,87156,85714,3746,89460,1051
2021-08-10,Yolo,113,214977,16002,15568,644,16212,218
2021-08-10,Yuba,115,75493,7206,7028,168,7196,50
2021-08-09,Alameda,001,1643700,102255,99496,2373,101869,1276
2021-08-09,Alpine,003,1148,91,91,0,91,0
2021-08-09,Amador,005,37829,4229,4078,38,4116,48
2021-08-09,Butte,007,227075,14163,13813,2267,16080,205
2021-08-09,Calaveras,009,45235,2527,2472,17,2489,57
2021-08-09,Colusa,011,21464,2136,2075,408,2483,16
2021-08-09,Contra Costa,013,1133247,82298,79740,1651,81391,840
2021-08-09,Del Norte,015,27424,2014,1848,17,1865,8
2021-08-09,El Dorado,017,186661,12127,11672,1005,12677,117
2021-08-09,Fresno,019,978130,109448,107310,9721,117031,1747
2021-08-09,Glenn,021,27897,2579,2532,631,3163,20
2021-08-09,Humboldt,023,135768,5969,5632,102,5734,52
2021-08-09,Imperial,025,180216,29624,29512,2936,32448,745
2021-08-09,Inyo,027,18085,1487,1481,5,1486,39
2021-08-09,Kern,029,883053,102454,101069,13198,114267,1359
2021-08-09,Kings,031,150075,24639,24155,1333,25488,250
2021-08-09,Lake,033,64148,4830,4670,31,4701,66
2021-08-09,Lassen,035,31185,5466,5393,133,5526,21
2021-08-09,Los Angeles,037,10098052,1298522,1282891,48846,1331737,24798
2021-08-09,Madera,039,155013,17825,17429,1136,18565,245
2021-08-09,Marin,041,260295,15515,15154,321,15475,239
2021-08-09,Mariposa,043,17540,568,545,12,557,5
2021-08-09,Mendocino,045,87422,4988,4732,132,4864,49
2021-08-09,Merced,047,269075,33101,32666,1135,33801,477
2021-08-09,Modoc,049,8938,432,419,149,568,5
2021-08-09,Mono,051,14174,1330,1337,14,1351,3
2021-08-09,Monterey,053,433212,44513,44190,2218,46408,527
2021-08-09,Napa,055,140530,10916,10679,61,10740,83
2021-08-09,Nevada,057,99092,6444,6088,226,6314,73
2021-08-09,Orange,059,3164182,275853,271036,12822,283858,5153
2021-08-09,Placer,061,380077,27654,26457,2215,28672,305
2021-08-09,Plumas,063,18699,837,803,16,819,5
2021-08-09,Riverside,065,2383286,313392,308678,15223,323901,4562
2021-08-09,Sacramento,067,1510023,124497,120812,2430,123242,1748
2021-08-09,San Benito,069,59416,6437,6359,123,6482,63
2021-08-09,San Bernardino,071,2135413,312494,308038,9879,317917,5295
2021-08-09,San Diego,073,3302833,312317,306855,17802,324657,3811
2021-08-09,San Francisco,075,870044,44528,43261,1877,45138,564
2021-08-09,San Joaquin,077,732212,80750,79198,4255,83453,1469
2021-08-09,San Luis Obispo,079,281455,23242,22695,885,23580,264
2021-08-09,San Mateo,081,765935,47056,46040,772,46812,548
2021-08-09,Santa Barbara,083,443738,37501,36474,1362,37836,470
2021-08-09,Santa Clara,085,1922200,128039,125791,937,126728,2187
2021-08-09,Santa Cruz,087,273765,17428,17082,915,17997,209
2021-08-09,Shasta,089,179085,13832,13397,1919,15316,210
2021-08-09,Sierra,091,2930,81,75,14,89,0
2021-08-09,Siskiyou,093,43540,2191,2047,508,2555,32
2021-08-09,Solano,095,438530,37944,36653,829,37482,262
2021-08-09,Sonoma,097,501317,35082,33933,418,34351,333
2021-08-09,Stanislaus,099,539301,61884,60410,6848,67258,1037
2021-08-09,Sutter,101,95872,10747,10525,118,10643,129
2021-08-09,Tehama,103,63373,5499,5373,676,6049,66
2021-08-09,Trinity,105,12862,482,378,110,488,3
2021-08-09,Tulare,107,460477,52131,51274,10650,61924,854
2021-08-09,Tuolumne,109,53932,4928,4745,41,4786,64
2021-08-09,Ventura,111,848112,86885,85514,3736,89250,1047
2021-08-09,Yolo,113,214977,15924,15521,623,16144,218
2021-08-09,Yuba,115,75493,7149,6994,168,7162,50
2021-08-08,Alameda,001,1643700,101699,99135,2365,101500,1276
2021-08-08,Alpine,003,1148,91,91,0,91,0
2021-08-08,Amador,005,37829,4195,4057,37,4094,48
2021-08-08,Butte,007,227075,14078,13791,2248,16039,205
2021-08-08,Calaveras,009,45235,2495,2462,17,2479,57
2021-08-08,Colusa,011,21464,2119,2070,401,2471,16
2021-08-08,Contra Costa,013,1133247,81775,79454,1644,81098,840
2021-08-08,Del Norte,015,27424,1968,1810,17,1827,8
2021-08-08,El Dorado,017,186661,12009,11631,994,12625,117
2021-08-08,Fresno,019,978130,109011,107078,9688,116766,1747
2021-08-08,Glenn,021,27897,2569,2527,626,3153,20
2021-08-08,Humboldt,023,135768,5878,5571,102,5673,52
2021-08-08,Imperial,025,180216,29600,29485,2926,32411,745
2021-08-08,Inyo,027,18085,1487,1481,5,1486,39
2021-08-08,Kern,029,883053,102135,100909,13085,113994,1359
2021-08-08,Kings,031,150075,24525,24095,1324,25419,250
2021-08-08,Lake,033,64148,4780,4636,30,4666,66
2021-08-08,Lassen,035,31185,5451,5391,132,5523,21
2021-08-08,Los Angeles,037,10098052,1294288,1279982,48657,1328639,24793
2021-08-08,Madera,039,155013,17748,17398,1119,18517,245
2021-08-08,Marin,041,260295,15462,15124,319,15443,239
2021-08-08,Mariposa,043,17540,564,538,12,550,5
2021-08-08,Mendocino,045,87422,4926,4702,119,4821,49
2021-08-08,Merced,047,269075,32955,32634,1125,33759,477
2021-08-08,Modoc,049,8938,431,419,148,567,5
2021-08-08,Mono,051,14174,1326,1336,14,1350,3
2021-08-08,Monterey,053,433212,44452,44171,2197,46368,527
2021-08-08,Napa,055,140530,10880,10668,61,10729,83
2021-08-08,Nevada,057,99092,6359,6009,224,6233,73
2021-08-08,Orange,059,3164182,274942,270532,12783,283315,5153
2021-08-08,Placer,061,380077,27449,26332,2173,28505,305
2021-08-08,Plumas,063,18699,828,803,16,819,5
2021-08-08,Riverside,065,2383286,312272,308042,15197,323239,4562
2021-08-08,Sacramento,067,1510023,123669,120109,2418,122527,1744
2021-08-08,San Benito,069,59416,6420,6350,122,6472,63
2021-08-08,San Bernardino,071,2135413,311350,307378,9849,317227,5295
2021-08-08,San Diego,073,3302833,310970,305983,17708,323691,3811
2021-08-08,San Francisco,075,870044,44275,43098,1851,44949,564
2021-08-08,San Joaquin,077,732212,80302,79002,4239,83241,1469
2021-08-08,San Luis Obispo,079,281455,23068,22668,877,23545,263
2021-08-08,San Mateo,081,765935,46879,45927,757,46684,548
2021-08-08,Santa Barbara,083,443738,37325,36417,1355,37772,470
2021-08-08,Santa Clara,085,1922200,127589,125553,931,126484,2187
2021-08-08,Santa Cruz,087,273765,17353,17035,910,17945,209
2021-08-08,Shasta,089,179085,13747,13381,1908,15289,210
2021-08-08,Sierra,091,2930,81,74,14,88,0
2021-08-08,Siskiyou,093,43540,2175,2041,503,2544,32
2021-08-08,Solano,095,438530,37713,36551,827,37378,262
2021-08-08,Sonoma,097,501317,34838,33805,417,34222,333
2021-08-08,Stanislaus,099,539301,61542,60269,6801,67070,1037
2021-08-08,Sutter,101,95872,10687,10481,117,10598,129
2021-08-08,Tehama,103,63373,5461,5359,673,6032,66
2021-08-08,Trinity,105,12862,477,378,110,488,3
2021-08-08,Tulare,107,460477,51951,51220,10590,61810,854
2021-08-08,Tuolumne,109,53932,4889,4731,41,4772,64
2021-08-08,Ventura,111,848112,86594,85382,3726,89108,1047
2021-08-08,Yolo,113,214977,15832,15477,616,16093,218
2021-08-08,Yuba,115,75493,7110,6967,168,7135,50
2021-08-07,Alameda,001,1643700,101449,98812,2359,101171,1276
2021-08-07,Alpine,003,1148,91,91,0,91,0
2021-08-07,Amador,005,37829,4178,4041,36,4077,48
2021-08-07,Butte,007,227075,14026,13714,2236,15950,205
2021-08-07,Calaveras,009,45235,2485,2446,17,2463,57
2021-08-07,Colusa,011,21464,2114,2067,392,2459,16
2021-08-07,Contra Costa,013,1133247,81480,79168,1640,80808,840
2021-08-07,Del Norte,015,27424,1936,1791,17,1808,8
2021-08-07,El Dorado,017,186661,11959,11575,985,12560,117
2021-08-07,Fresno,019,978130,108810,106861,9666,116527,1747
2021-08-07,Glenn,021,27897,2563,2515,624,3139,20
2021-08-07,Humboldt,023,135768,5828,5510,99,5609,52
2021-08-07,Imperial,025,180216,29581,29470,2926,32396,745
2021-08-07,Inyo,027,18085,1485,1476,5,1481,39
2021-08-07,Kern,029,883053,101979,100693,13029,113722,1359
2021-08-07,Kings,031,150075,24467,24048,1318,25366,250
2021-08-07,Lake,033,64148,4759,4613,30,4643,66
2021-08-07,Lassen,035,31185,5447,5386,132,5518,21
2021-08-07,Los Angeles,037,10098052,1292291,1276853,48503,1325356,24786
2021-08-07,Madera,039,155013,17714,17366,1114,18480,245
2021-08-07,Marin,041,260295,15429,15085,317,15402,239
2021-08-07,Mariposa,043,17540,561,530,12,542,5
2021-08-07,Mendocino,045,87422,4890,4690,117,4807,49
2021-08-07,Merced,047,269075,32891,32569,1122,33691,477
2021-08-07,Modoc,049,8938,431,419,148,567,5
2021-08-07,Mono,051,14174,1324,1329,14,1343,3
2021-08-07,Monterey,053,433212,44404,44124,2188,46312,527
2021-08-07,Napa,055,140530,10859,10658,60,10718,83
2021-08-07,Nevada,057,99092,6309,5967,222,6189,73
2021-08-07,Orange,059,3164182,274354,269900,12751,282651,5153
2021-08-07,Placer,061,380077,27262,26244,2165,28409,305
2021-08-07,Plumas,063,18699,823,801,16,817,5
2021-08-07,Riverside,065,2383286,311601,307326,15189,322515,4562
2021-08-07,Sacramento,067,1510023,123168,119636,2414,122050,1744
2021-08-07,San Benito,069,59416,6410,6332,122,6454,63
2021-08-07,San Bernardino,071,2135413,310763,306663,9831,316494,5295
2021-08-07,San Diego,073,3302833,310215,304974,17672,322646,3811
2021-08-07,San Francisco,075,870044,44113,42926,1824,44750,564
2021-08-07,San Joaquin,077,732212,80138,78769,4225,82994,1469
2021-08-07,San Luis Obispo,079,281455,23001,22579,876,23455,263
2021-08-07,San Mateo,081,765935,46763,45804,746,46550,548
2021-08-07,Santa Barbara,083,443738,37229,36303,1349,37652,470
2021-08-07,Santa Clara,085,1922200,127318,125196,926,126122,2188
2021-08-07,Santa Cruz,087,273765,17311,16994,908,17902,209
2021-08-07,Shasta,089,179085,13692,13361,1900,15261,210
2021-08-07,Sierra,091,2930,81,74,14,88,0
2021-08-07,Siskiyou,093,43540,2163,2039,501,2540,32
2021-08-07,Solano,095,438530,37598,36458,819,37277,262
2021-08-07,Sonoma,097,501317,34716,33716,417,34133,333
2021-08-07,Stanislaus,099,539301,61354,60093,6770,66863,1037
2021-08-07,Sutter,101,95872,10650,10447,117,10564,129
2021-08-07,Tehama,103,63373,5451,5343,668,6011,66
2021-08-07,Trinity,105,12862,473,377,109,486,3
2021-08-07,Tulare,107,460477,51865,51133,10552,61685,854
2021-08-07,Tuolumne,109,53932,4859,4721,41,4762,64
2021-08-07,Ventura,111,848112,86414,85232,3711,88943,1047
2021-08-07,Yolo,113,214977,15789,15423,608,16031,218
2021-08-07,Yuba,115,75493,7086,6937,166,7103,50
2021-08-06,Alameda,001,1643700,101118,98487,2352,100839,1275
2021-08-06,Alpine,003,1148,91,91,0,91,0
2021-08-06,Amador,005,37829,4157,4002,36,4038,48
2021-08-06,Butte,007,227075,13978,13626,2224,15850,205
2021-08-06,Calaveras,009,45235,2475,2419,17,2436,57
2021-08-06,Colusa,011,21464,2108,2045,386,2431,16
2021-08-06,Contra Costa,013,1133247,81186,78796,1634,80430,840
2021-08-06,Del Norte,015,27424,1909,1755,16,1771,8
2021-08-06,El Dorado,017,186661,11910,11498,973,12471,117
2021-08-06,Fresno,019,978130,108550,106542,9640,116182,1747
2021-08-06,Glenn,021,27897,2548,2504,622,3126,20
2021-08-06,Humboldt,023,135768,5777,5421,96,5517,52
2021-08-06,Imperial,025,180216,29570,29404,2922,32326,745
2021-08-06,Inyo,027,18085,1482,1471,5,1476,39
2021-08-06,Kern,029,883053,101802,100427,12943,113370,1359
2021-08-06,Kings,031,150075,24410,23974,1314,25288,250
2021-08-06,Lake,033,64148,4736,4557,30,4587,66
2021-08-06,Lassen,035,31185,5427,5368,130,5498,21
2021-08-06,Los Angeles,037,10098052,1289811,1273081,48352,1321433,24772
2021-08-06,Madera,039,155013,17675,17324,1105,18429,245
2021-08-06,Marin,041,260295,15396,15051,317,15368,239
2021-08-06,Mariposa,043,17540,552,511,12,523,5
2021-08-06,Mendocino,045,87422,4848,4649,116,4765,49
2021-08-06,Merced,047,269075,32831,32456,1119,33575,477
2021-08-06,Modoc,049,8938,431,419,148,567,5
2021-08-06,Mono,051,14174,1322,1328,14,1342,3
2021-08-06,Monterey,053,433212,44346,44058,2165,46223,527
2021-08-06,Napa,055,140530,10832,10620,60,10680,83
2021-08-06,Nevada,057,99092,6253,5874,222,6096,73
2021-08-06,Orange,059,3164182,273793,269077,12734,281811,5151
2021-08-06,Placer,061,380077,27139,26086,2143,28229,305
2021-08-06,Plumas,063,18699,814,795,16,811,5
2021-08-06,Riverside,065,2383286,310891,306304,15178,321482,4562
2021-08-06,Sacramento,067,1510023,122681,119169,2394,121563,1740
2021-08-06,San Benito,069,59416,6393,6315,122,6437,63
2021-08-06,San Bernardino,071,2135413,310064,305806,9822,315628,5286
2021-08-06,San Diego,073,3302833,309177,303691,17623,321314,3810
2021-08-06,San Francisco,075,870044,43961,42659,1801,44460,565
2021-08-06,San Joaquin,077,732212,79990,78405,4212,82617,1469
2021-08-06,San Luis Obispo,079,281455,22935,22472,871,23343,263
2021-08-06,San Mateo,081,765935,46622,45665,730,46395,548
2021-08-06,Santa Barbara,083,443738,37139,36208,1345,37553,470
2021-08-06,Santa Clara,085,1922200,127027,124767,921,125688,2185
2021-08-06,Santa Cruz,087,273765,17269,16924,904,17828,207
2021-08-06,Shasta,089,179085,13626,13284,1894,15178,210
2021-08-06,Sierra,091,2930,81,73,14,87,0
2021-08-06,Siskiyou,093,43540,2153,2030,497,2527,32
2021-08-06,Solano,095,438530,37489,36351,810,37161,262
2021-08-06,Sonoma,097,501317,34629,33594,416,34010,333
2021-08-06,Stanislaus,099,539301,61201,59854,6748,66602,1037
2021-08-06,Sutter,101,95872,10607,10391,117,10508,128
2021-08-06,Tehama,103,63373,5427,5325,667,5992,66
2021-08-06,Trinity,105,12862,472,371,108,479,3
2021-08-06,Tulare,107,460477,51765,51018,10504,61522,854
2021-08-06,Tuolumne,109,53932,4832,4674,41,4715,64
2021-08-06,Ventura,111,848112,86243,85046,3699,88745,1047
2021-08-06,Yolo,113,214977,15737,15299,601,15900,218
2021-08-06,Yuba,115,75493,7063,6904,166,7070,50
2021-08-05,Alameda,001,1643700,100627,98052,2347,100399,1275
2021-08-05,Alpine,003,1148,91,91,0,91,0
2021-08-05,Amador,005,37829,4137,3992,36,4028,48
2021-08-05,Butte,007,227075,13922,13564,2202,15766,206
2021-08-05,Calaveras,009,45235,2457,2397,17,2414,57
2021-08-05,Colusa,011,21464,2096,2036,382,2418,16
2021-08-05,Contra Costa,013,1133247,80759,78514,1626,80140,840
2021-08-05,Del Norte,015,27424,1882,1731,16,1747,8
2021-08-05,El Dorado,017,186661,11826,11408,962,12370,117
2021-08-05,Fresno,019,978130,108181,106219,9604,115823,1747
2021-08-05,Glenn,021,27897,2543,2494,619,3113,20
2021-08-05,Humboldt,023,135768,5704,5328,95,5423,52
2021-08-05,Imperial,025,180216,29539,29383,2918,32301,745
2021-08-05,Inyo,027,18085,1478,1468,5,1473,38
2021-08-05,Kern,029,883053,101580,100091,12858,112949,1358
2021-08-05,Kings,031,150075,24326,23906,1309,25215,249
2021-08-05,Lake,033,64148,4697,4490,28,4518,66
2021-08-05,Lassen,035,31185,5419,5344,130,5474,21
2021-08-05,Los Angeles,037,10098052,1286603,1269445,48222,1317667,24756
2021-08-05,Madera,039,155013,17634,17301,1097,18398,245
2021-08-05,Marin,041,260295,15352,15005,313,15318,239
2021-08-05,Mariposa,043,17540,541,504,11,515,5
2021-08-05,Mendocino,045,87422,4805,4597,107,4704,49
2021-08-05,Merced,047,269075,32763,32381,1108,33489,477
2021-08-05,Modoc,049,8938,430,418,148,566,5
2021-08-05,Mono,051,14174,1312,1309,14,1323,3
2021-08-05,Monterey,053,433212,44294,43992,2144,46136,527
2021-08-05,Napa,055,140530,10796,10591,58,10649,83
2021-08-05,Nevada,057,99092,6172,5778,219,5997,73
2021-08-05,Orange,059,3164182,273017,268329,12709,281038,5149
2021-08-05,Placer,061,380077,26941,25965,2113,28078,305
2021-08-05,Plumas,063,18699,806,787,15,802,5
2021-08-05,Riverside,065,2383286,309975,305415,15150,320565,4562
2021-08-05,Sacramento,067,1510023,121973,118590,2381,120971,1739
2021-08-05,San Benito,069,59416,6375,6305,122,6427,63
2021-08-05,San Bernardino,071,2135413,309228,304956,9801,314757,5284
2021-08-05,San Diego,073,3302833,307897,302220,17546,319766,3806
2021-08-05,San Francisco,075,870044,43755,42301,1788,44089,564
2021-08-05,San Joaquin,077,732212,79630,78151,4194,82345,1468
2021-08-05,San Luis Obispo,079,281455,22822,22362,865,23227,263
2021-08-05,San Mateo,081,765935,46460,45554,717,46271,548
2021-08-05,Santa Barbara,083,443738,37034,36112,1342,37454,470
2021-08-05,Santa Clara,085,1922200,126694,124490,920,125410,2185
2021-08-05,Santa Cruz,087,273765,17226,16867,901,17768,207
2021-08-05,Shasta,089,179085,13569,13217,1885,15102,210
2021-08-05,Sierra,091,2930,76,73,14,87,0
2021-08-05,Siskiyou,093,43540,2132,2024,487,2511,32
2021-08-05,Solano,095,438530,37315,36250,803,37053,262
2021-08-05,Sonoma,097,501317,34494,33455,415,33870,330
2021-08-05,Stanislaus,099,539301,60954,59692,6710,66402,1037
2021-08-05,Sutter,101,95872,10552,10349,117,10466,127
2021-08-05,Tehama,103,63373,5409,5305,663,5968,66
2021-08-05,Trinity,105,12862,466,367,108,475,3
2021-08-05,Tulare,107,460477,51649,50889,10446,61335,854
2021-08-05,Tuolumne,109,53932,4802,4619,41,4660,64
2021-08-05,Ventura,111,848112,85993,84837,3685,88522,1047
2021-08-05,Yolo,113,214977,15671,15250,590,15840,218
2021-08-05,Yuba,115,75493,7020,6872,164,7036,50
2021-08-04,Alameda,001,1643700,100122,97477,2336,99813,1274
2021-08-04,Alpine,003,1148,91,91,0,91,0
2021-08-04,Amador,005,37829,4107,3962,35,3997,48
2021-08-04,Butte,007,227075,13855,13509,2186,15695,205
2021-08-04,Calaveras,009,45235,2434,2374,17,2391,57
2021-08-04,Colusa,011,21464,2084,2025,376,2401,16
2021-08-04,Contra Costa,013,1133247,80244,77966,1620,79586,840
2021-08-04,Del Norte,015,27424,1859,1701,16,1717,8
2021-08-04,El Dorado,017,186661,11747,11319,951,12270,117
2021-08-04,Fresno,019,978130,107817,105899,9567,115466,1747
2021-08-04,Glenn,021,27897,2536,2487,619,3106,20
2021-08-04,Humboldt,023,135768,5628,5271,94,5365,52
2021-08-04,Imperial,025,180216,29491,29375,2916,32291,745
2021-08-04,Inyo,027,18085,1477,1465,5,1470,38
2021-08-04,Kern,029,883053,101330,99868,12773,112641,1358
2021-08-04,Kings,031,150075,24256,23840,1301,25141,250
2021-08-04,Lake,033,64148,4666,4423,22,4445,65
2021-08-04,Lassen,035,31185,5411,5340,130,5470,21
2021-08-04,Los Angeles,037,10098052,1283135,1265788,48062,1313850,24737
2021-08-04,Madera,039,155013,17599,17251,1090,18341,245
2021-08-04,Marin,041,260295,15305,14950,312,15262,239
2021-08-04,Mariposa,043,17540,526,497,11,508,5
2021-08-04,Mendocino,045,87422,4781,4560,103,4663,49
2021-08-04,Merced,047,269075,32625,32274,1103,33377,476
2021-08-04,Modoc,049,8938,430,416,148,564,5
2021-08-04,Mono,051,14174,1309,1307,14,1321,3
2021-08-04,Monterey,053,433212,44235,43926,2127,46053,526
2021-08-04,Napa,055,140530,10759,10544,58,10602,82
2021-08-04,Nevada,057,99092,6107,5702,218,5920,73
2021-08-04,Orange,059,3164182,272147,267199,12668,279867,5146
2021-08-04,Placer,061,380077,26724,25688,2093,27781,305
2021-08-04,Plumas,063,18699,800,784,15,799,5
2021-08-04,Riverside,065,2383286,309050,304272,15124,319396,4562
2021-08-04,Sacramento,067,1510023,121215,117882,2352,120234,1736
2021-08-04,San Benito,069,59416,6360,6300,122,6422,63
2021-08-04,San Bernardino,071,2135413,308374,304164,9784,313948,5285
2021-08-04,San Diego,073,3302833,306374,301100,17486,318586,3805
2021-08-04,San Francisco,075,870044,43504,41913,1772,43685,562
2021-08-04,San Joaquin,077,732212,79273,77846,4182,82028,1466
2021-08-04,San Luis Obispo,079,281455,22715,22245,859,23104,262
2021-08-04,San Mateo,081,765935,46296,45392,709,46101,548
2021-08-04,Santa Barbara,083,443738,36907,36013,1333,37346,470
2021-08-04,Santa Clara,085,1922200,126303,124127,913,125040,2183
2021-08-04,Santa Cruz,087,273765,17165,16820,894,17714,208
2021-08-04,Shasta,089,179085,13517,13134,1874,15008,211
2021-08-04,Sierra,091,2930,76,73,14,87,0
2021-08-04,Siskiyou,093,43540,2112,2010,482,2492,32
2021-08-04,Solano,095,438530,37118,36025,794,36819,262
2021-08-04,Sonoma,097,501317,34323,33311,413,33724,330
2021-08-04,Stanislaus,099,539301,60716,59396,6670,66066,1037
2021-08-04,Sutter,101,95872,10515,10294,117,10411,127
2021-08-04,Tehama,103,63373,5383,5281,658,5939,66
2021-08-04,Trinity,105,12862,464,362,105,467,3
2021-08-04,Tulare,107,460477,51540,50797,10401,61198,855
2021-08-04,Tuolumne,109,53932,4777,4584,41,4625,64
2021-08-04,Ventura,111,848112,85737,84406,3662,88068,1047
2021-08-04,Yolo,113,214977,15593,15189,577,15766,215
2021-08-04,Yuba,115,75493,6980,6827,162,6989,50
2021-08-03,Alameda,001,1643700,99664,97275,2331,99606,1270
2021-08-03,Alpine,003,1148,91,91,0,91,0
2021-08-03,Amador,005,37829,4071,3953,35,3988,48
2021-08-03,Butte,007,227075,13789,13468,2171,15639,205
2021-08-03,Calaveras,009,45235,2411,2356,17,2373,57
2021-08-03,Colusa,011,21464,2071,2023,370,2393,16
2021-08-03,Contra Costa,013,1133247,79761,77739,1614,79353,836
2021-08-03,Del Norte,015,27424,1827,1691,15,1706,8
2021-08-03,El Dorado,017,186661,11657,11255,941,12196,117
2021-08-03,Fresno,019,978130,107458,105732,9535,115267,1746
2021-08-03,Glenn,021,27897,2529,2481,617,3098,20
2021-08-03,Humboldt,023,135768,5563,5199,89,5288,52
2021-08-03,Imperial,025,180216,29469,29333,2909,32242,745
2021-08-03,Inyo,027,18085,1474,1459,5,1464,38
2021-08-03,Kern,029,883053,101068,99708,12694,112402,1358
2021-08-03,Kings,031,150075,24169,23780,1294,25074,249
2021-08-03,Lake,033,64148,4610,4408,18,4426,66
2021-08-03,Lassen,035,31185,5401,5341,130,5471,21
2021-08-03,Los Angeles,037,10098052,1279411,1262678,47886,1310564,24721
2021-08-03,Madera,039,155013,17559,17220,1074,18294,245
2021-08-03,Marin,041,260295,15256,14906,309,15215,243
2021-08-03,Mariposa,043,17540,515,495,11,506,5
2021-08-03,Mendocino,045,87422,4732,4546,101,4647,49
2021-08-03,Merced,047,269075,32542,32197,1101,33298,476
2021-08-03,Modoc,049,8938,430,416,148,564,5
2021-08-03,Mono,051,14174,1305,1303,14,1317,3
2021-08-03,Monterey,053,433212,44175,43872,2111,45983,525
2021-08-03,Napa,055,140530,10716,10527,57,10584,82
2021-08-03,Nevada,057,99092,6026,5685,217,5902,73
2021-08-03,Orange,059,3164182,271406,266649,12637,279286,5146
2021-08-03,Placer,061,380077,26522,25624,2068,27692,305
2021-08-03,Plumas,063,18699,794,779,15,794,5
2021-08-03,Riverside,065,2383286,308126,303499,15098,318597,4562
2021-08-03,Sacramento,067,1510023,120473,117591,2330,119921,1732
2021-08-03,San Benito,069,59416,6344,6284,121,6405,63
2021-08-03,San Bernardino,071,2135413,307455,303386,9763,313149,5265
2021-08-03,San Diego,073,3302833,304925,300189,17386,317575,3803
2021-08-03,San Francisco,075,870044,43225,41758,1748,43506,562
2021-08-03,San Joaquin,077,732212,78924,77615,4161,81776,1461
2021-08-03,San Luis Obispo,079,281455,22580,22166,852,23018,264
2021-08-03,San Mateo,081,765935,46116,45255,689,45944,548
2021-08-03,Santa Barbara,083,443738,36788,35912,1327,37239,469
2021-08-03,Santa Clara,085,1922200,125882,123914,907,124821,2183
2021-08-03,Santa Cruz,087,273765,17098,16778,891,17669,207
2021-08-03,Shasta,089,179085,13443,13091,1863,14954,211
2021-08-03,Sierra,091,2930,76,72,14,86,0
2021-08-03,Siskiyou,093,43540,2101,1998,477,2475,32
2021-08-03,Solano,095,438530,36908,35953,782,36735,261
2021-08-03,Sonoma,097,501317,34141,33243,412,33655,330
2021-08-03,Stanislaus,099,539301,60484,59282,6651,65933,1037
2021-08-03,Sutter,101,95872,10475,10263,116,10379,127
2021-08-03,Tehama,103,63373,5358,5269,653,5922,66
2021-08-03,Trinity,105,12862,460,361,102,463,3
2021-08-03,Tulare,107,460477,51445,50729,10354,61083,854
2021-08-03,Tuolumne,109,53932,4742,4563,41,4604,64
2021-08-03,Ventura,111,848112,85494,84270,3639,87909,1046
2021-08-03,Yolo,113,214977,15502,15149,563,15712,215
2021-08-03,Yuba,115,75493,6944,6781,160,6941,50
2021-08-02,Alameda,001,1643700,99105,96954,2326,99280,1270
2021-08-02,Alpine,003,1148,91,91,0,91,0
2021-08-02,Amador,005,37829,4051,3927,35,3962,48
2021-08-02,Butte,007,227075,13713,13442,2152,15594,205
2021-08-02,Calaveras,009,45235,2382,2347,17,2364,57
2021-08-02,Colusa,011,21464,2059,2019,367,2386,16
2021-08-02,Contra Costa,013,1133247,79254,77516,1599,79115,836
2021-08-02,Del Norte,015,27424,1797,1653,15,1668,8
2021-08-02,El Dorado,017,186661,11554,11226,927,12153,116
2021-08-02,Fresno,019,978130,107116,105471,9498,114969,1744
2021-08-02,Glenn,021,27897,2521,2477,615,3092,20
2021-08-02,Humboldt,023,135768,5479,5161,87,5248,52
2021-08-02,Imperial,025,180216,29436,29302,2906,32208,743
2021-08-02,Inyo,027,18085,1468,1455,5,1460,38
2021-08-02,Kern,029,883053,100812,99556,12599,112155,1357
2021-08-02,Kings,031,150075,24100,23722,1287,25009,249
2021-08-02,Lake,033,64148,4568,4375,18,4393,66
2021-08-02,Lassen,035,31185,5378,5338,128,5466,21
2021-08-02,Los Angeles,037,10098052,1275702,1260807,47676,1308483,24705
2021-08-02,Madera,039,155013,17516,17158,1061,18219,245
2021-08-02,Marin,041,260295,15213,14859,307,15166,239
2021-08-02,Mariposa,043,17540,506,490,11,501,5
2021-08-02,Mendocino,045,87422,4692,4512,98,4610,49
2021-08-02,Merced,047,269075,32444,32163,1094,33257,474
2021-08-02,Modoc,049,8938,430,415,148,563,5
2021-08-02,Mono,051,14174,1300,1296,14,1310,3
2021-08-02,Monterey,053,433212,44117,43842,2101,45943,525
2021-08-02,Napa,055,140530,10673,10490,54,10544,82
2021-08-02,Nevada,057,99092,5955,5611,216,5827,73
2021-08-02,Orange,059,3164182,270491,266050,12591,278641,5146
2021-08-02,Placer,061,380077,26374,25516,2034,27550,306
2021-08-02,Plumas,063,18699,787,762,15,777,5
2021-08-02,Riverside,065,2383286,307190,302756,15082,317838,4562
2021-08-02,Sacramento,067,1510023,119778,117183,2309,119492,1728
2021-08-02,San Benito,069,59416,6325,6276,120,6396,63
2021-08-02,San Bernardino,071,2135413,306577,303000,9730,312730,5253
2021-08-02,San Diego,073,3302833,303430,299021,17316,316337,3798
2021-08-02,San Francisco,075,870044,42934,41553,1720,43273,562
2021-08-02,San Joaquin,077,732212,78582,77447,4134,81581,1461
2021-08-02,San Luis Obispo,079,281455,22486,22093,846,22939,261
2021-08-02,San Mateo,081,765935,45951,45154,666,45820,548
2021-08-02,Santa Barbara,083,443738,36650,35851,1321,37172,469
2021-08-02,Santa Clara,085,1922200,125412,123655,899,124554,2183
2021-08-02,Santa Cruz,087,273765,17041,16746,887,17633,207
2021-08-02,Shasta,089,179085,13379,13049,1849,14898,212
2021-08-02,Sierra,091,2930,76,71,14,85,0
2021-08-02,Siskiyou,093,43540,2090,1992,463,2455,31
2021-08-02,Solano,095,438530,36665,35852,773,36625,260
2021-08-02,Sonoma,097,501317,33914,33132,407,33539,330
2021-08-02,Stanislaus,099,539301,60251,59160,6623,65783,1037
2021-08-02,Sutter,101,95872,10429,10220,116,10336,127
2021-08-02,Tehama,103,63373,5334,5260,649,5909,66
2021-08-02,Trinity,105,12862,455,359,101,460,3
2021-08-02,Tulare,107,460477,51344,50640,10280,60920,854
2021-08-02,Tuolumne,109,53932,4676,4524,41,4565,64
2021-08-02,Ventura,111,848112,85309,84143,3616,87759,1044
2021-08-02,Yolo,113,214977,15403,15072,544,15616,215
2021-08-02,Yuba,115,75493,6902,6743,157,6900,50
2021-08-01,Alameda,001,1643700,98569,96775,2321,99096,1270
2021-08-01,Alpine,003,1148,91,91,0,91,0
2021-08-01,Amador,005,37829,4013,3923,35,3958,48
2021-08-01,Butte,007,227075,13632,13406,2135,15541,205
2021-08-01,Calaveras,009,45235,2357,2341,17,2358,57
2021-08-01,Colusa,011,21464,2048,2014,365,2379,16
2021-08-01,Contra Costa,013,1133247,78818,77360,1591,78951,836
2021-08-01,Del Norte,015,27424,1765,1642,15,1657,8
2021-08-01,El Dorado,017,186661,11453,11189,917,12106,116
2021-08-01,Fresno,019,978130,106790,105339,9452,114791,1744
2021-08-01,Glenn,021,27897,2515,2476,613,3089,20
2021-08-01,Humboldt,023,135768,5403,5118,83,5201,52
2021-08-01,Imperial,025,180216,29401,29297,2902,32199,743
2021-08-01,Inyo,027,18085,1466,1454,5,1459,38
2021-08-01,Kern,029,883053,100535,99396,12523,111919,1357
2021-08-01,Kings,031,150075,24012,23700,1281,24981,249
2021-08-01,Lake,033,64148,4489,4356,18,4374,66
2021-08-01,Lassen,035,31185,5365,5336,126,5462,21
2021-08-01,Los Angeles,037,10098052,1272025,1258461,47450,1305911,24700
2021-08-01,Madera,039,155013,17459,17146,1056,18202,245
2021-08-01,Marin,041,260295,15136,14844,306,15150,239
2021-08-01,Mariposa,043,17540,499,482,11,493,5
2021-08-01,Mendocino,045,87422,4646,4476,94,4570,49
2021-08-01,Merced,047,269075,32354,32144,1087,33231,474
2021-08-01,Modoc,049,8938,428,413,148,561,5
2021-08-01,Mono,051,14174,1297,1294,14,1308,3
2021-08-01,Monterey,053,433212,44071,43808,2086,45894,525
2021-08-01,Napa,055,140530,10627,10473,52,10525,82
2021-08-01,Nevada,057,99092,5871,5561,215,5776,73
2021-08-01,Orange,059,3164182,269688,265467,12547,278014,5146
2021-08-01,Placer,061,380077,26159,25464,2004,27468,306
2021-08-01,Plumas,063,18699,781,761,15,776,5
2021-08-01,Riverside,065,2383286,306259,302256,15063,317319,4562
2021-08-01,Sacramento,067,1510023,119044,116923,2293,119216,1727
2021-08-01,San Benito,069,59416,6308,6271,120,6391,63
2021-08-01,San Bernardino,071,2135413,305644,302542,9719,312261,5248
2021-08-01,San Diego,073,3302833,302236,298002,17257,315259,3798
2021-08-01,San Francisco,075,870044,42596,41432,1706,43138,562
2021-08-01,San Joaquin,077,732212,78215,77338,4107,81445,1461
2021-08-01,San Luis Obispo,079,281455,22384,22083,841,22924,261
2021-08-01,San Mateo,081,765935,45779,45036,650,45686,548
2021-08-01,Santa Barbara,083,443738,36530,35809,1317,37126,469
2021-08-01,Santa Clara,085,1922200,125002,123511,890,124401,2183
2021-08-01,Santa Cruz,087,273765,16962,16709,880,17589,207
2021-08-01,Shasta,089,179085,13308,13036,1840,14876,212
2021-08-01,Sierra,091,2930,74,71,14,85,0
2021-08-01,Siskiyou,093,43540,2084,1989,457,2446,31
2021-08-01,Solano,095,438530,36446,35800,766,36566,260
2021-08-01,Sonoma,097,501317,33722,33076,404,33480,330
2021-08-01,Stanislaus,099,539301,60010,59078,6590,65668,1037
2021-08-01,Sutter,101,95872,10374,10198,113,10311,127
2021-08-01,Tehama,103,63373,5318,5252,644,5896,66
2021-08-01,Trinity,105,12862,452,359,100,459,3
2021-08-01,Tulare,107,460477,51188,50600,10216,60816,854
2021-08-01,Tuolumne,109,53932,4638,4489,41,4530,64
2021-08-01,Ventura,111,848112,85079,84040,3601,87641,1044
2021-08-01,Yolo,113,214977,15332,15042,534,15576,215
2021-08-01,Yuba,115,75493,6864,6721,156,6877,50
2021-07-31,Alameda,001,1643700,98249,95279,2315,97594,1265
2021-07-31,Alpine,003,1148,91,89,0,89,0
2021-07-31,Amador,005,37829,3993,3877,35,3912,48
2021-07-31,Butte,007,227075,13599,13235,2114,15349,205
2021-07-31,Calaveras,009,45235,2350,2294,17,2311,57
2021-07-31,Colusa,011,21464,2042,2006,363,2369,16
2021-07-31,Contra Costa,013,1133247,78539,75866,1589,77455,832
2021-07-31,Del Norte,015,27424,1739,1576,15,1591,8
2021-07-31,El Dorado,017,186661,11400,11017,911,11928,116
2021-07-31,Fresno,019,978130,106631,104639,9437,114076,1744
2021-07-31,Glenn,021,27897,2510,2465,608,3073,20
2021-07-31,Humboldt,023,135768,5348,4978,82,5060,52
2021-07-31,Imperial,025,180216,29384,29164,2899,32063,743
2021-07-31,Inyo,027,18085,1463,1442,5,1447,38
2021-07-31,Kern,029,883053,100371,98903,12463,111366,1357
2021-07-31,Kings,031,150075,23960,23548,1276,24824,248
2021-07-31,Lake,033,64148,4465,4238,17,4255,66
2021-07-31,Lassen,035,31185,5359,5320,126,5446,21
2021-07-31,Los Angeles,037,10098052,1269842,1248545,47299,1295844,24691
2021-07-31,Madera,039,155013,17426,17058,1050,18108,245
2021-07-31,Marin,041,260295,15092,14701,305,15006,239
2021-07-31,Mariposa,043,17540,490,470,11,481,5
2021-07-31,Mendocino,045,87422,4621,4400,91,4491,49
2021-07-31,Merced,047,269075,32306,31959,1081,33040,474
2021-07-31,Modoc,049,8938,428,413,148,561,5
2021-07-31,Mono,051,14174,1296,1287,14,1301,3
2021-07-31,Monterey,053,433212,44033,43720,2077,45797,525
2021-07-31,Napa,055,140530,10607,10401,51,10452,82
2021-07-31,Nevada,057,99092,5832,5373,214,5587,72
2021-07-31,Orange,059,3164182,269114,263446,12528,275974,5144
2021-07-31,Placer,061,380077,26026,25104,1997,27101,306
2021-07-31,Plumas,063,18699,778,743,15,758,5
2021-07-31,Riverside,065,2383286,305643,300315,15054,315369,4554
2021-07-31,Sacramento,067,1510023,118632,115259,2287,117546,1720
2021-07-31,San Benito,069,59416,6297,6251,120,6371,63
2021-07-31,San Bernardino,071,2135413,305074,300726,9716,310442,5240
2021-07-31,San Diego,073,3302833,301557,295054,17222,312276,3798
2021-07-31,San Francisco,075,870044,42377,40412,1680,42092,562
2021-07-31,San Joaquin,077,732212,78050,76575,4094,80669,1443
2021-07-31,San Luis Obispo,079,281455,22330,21922,839,22761,260
2021-07-31,San Mateo,081,765935,45629,44622,638,45260,548
2021-07-31,Santa Barbara,083,443738,36449,35531,1316,36847,467
2021-07-31,Santa Clara,085,1922200,124747,122614,888,123502,2099
2021-07-31,Santa Cruz,087,273765,16923,16576,879,17455,207
2021-07-31,Shasta,089,179085,13272,12918,1832,14750,212
2021-07-31,Sierra,091,2930,74,68,14,82,0
2021-07-31,Siskiyou,093,43540,2075,1976,451,2427,31
2021-07-31,Solano,095,438530,36347,35340,760,36100,263
2021-07-31,Sonoma,097,501317,33597,32601,404,33005,329
2021-07-31,Stanislaus,099,539301,59848,58586,6567,65153,1035
2021-07-31,Sutter,101,95872,10339,10068,112,10180,127
2021-07-31,Tehama,103,63373,5303,5216,641,5857,66
2021-07-31,Trinity,105,12862,451,354,99,453,3
2021-07-31,Tulare,107,460477,51100,50409,10160,60569,854
2021-07-31,Tuolumne,109,53932,4599,4362,41,4403,64
2021-07-31,Ventura,111,848112,84918,83509,3584,87093,1044
2021-07-31,Yolo,113,214977,15284,14863,523,15386,215
2021-07-31,Yuba,115,75493,6841,6615,152,6767,50
2021-07-30,Alameda,001,1643700,97917,95279,2311,97590,1265
2021-07-30,Alpine,003,1148,91,89,0,89,0
2021-07-30,Amador,005,37829,3970,3877,35,3912,48
2021-07-30,Butte,007,227075,13544,13235,2101,15336,205
2021-07-30,Calaveras,009,45235,2345,2294,17,2311,57
2021-07-30,Colusa,011,21464,2038,2006,361,2367,16
2021-07-30,Contra Costa,013,1133247,78297,75866,1585,77451,832
2021-07-30,Del Norte,015,27424,1721,1576,15,1591,8
2021-07-30,El Dorado,017,186661,11367,11017,905,11922,116
2021-07-30,Fresno,019,978130,106436,104639,9425,114064,1744
2021-07-30,Glenn,021,27897,2505,2465,607,3072,20
2021-07-30,Humboldt,023,135768,5284,4978,79,5057,52
2021-07-30,Imperial,025,180216,29370,29164,2896,32060,743
2021-07-30,Inyo,027,18085,1462,1442,5,1447,38
2021-07-30,Kern,029,883053,100247,98903,12414,111317,1357
2021-07-30,Kings,031,150075,23919,23548,1272,24820,248
2021-07-30,Lake,033,64148,4437,4238,17,4255,66
2021-07-30,Lassen,035,31185,5355,5320,126,5446,21
2021-07-30,Los Angeles,037,10098052,1267527,1248545,47144,1295689,24691
2021-07-30,Madera,039,155013,17384,17058,1047,18105,245
2021-07-30,Marin,041,260295,15058,14701,305,15006,239
2021-07-30,Mariposa,043,17540,487,470,11,481,5
2021-07-30,Mendocino,045,87422,4591,4400,90,4490,49
2021-07-30,Merced,047,269075,32265,31959,1076,33035,474
2021-07-30,Modoc,049,8938,426,413,148,561,5
2021-07-30,Mono,051,14174,1290,1287,14,1301,3
2021-07-30,Monterey,053,433212,44000,43720,2067,45787,525
2021-07-30,Napa,055,140530,10585,10401,50,10451,82
2021-07-30,Nevada,057,99092,5775,5373,214,5587,72
2021-07-30,Orange,059,3164182,268485,263446,12500,275946,5144
2021-07-30,Placer,061,380077,25937,25104,1979,27083,306
2021-07-30,Plumas,063,18699,773,743,15,758,5
2021-07-30,Riverside,065,2383286,305006,300315,15044,315359,4554
2021-07-30,Sacramento,067,1510023,118181,115259,2283,117542,1720
2021-07-30,San Benito,069,59416,6290,6251,120,6371,63
2021-07-30,San Bernardino,071,2135413,304563,300726,9710,310436,5240
2021-07-30,San Diego,073,3302833,300784,295054,17164,312218,3798
2021-07-30,San Francisco,075,870044,42164,40412,1664,42076,562
2021-07-30,San Joaquin,077,732212,77897,76575,4088,80663,1443
2021-07-30,San Luis Obispo,079,281455,22292,21922,835,22757,260
2021-07-30,San Mateo,081,765935,45508,44622,622,45244,548
2021-07-30,Santa Barbara,083,443738,36380,35531,1310,36841,467
2021-07-30,Santa Clara,085,1922200,124523,122614,886,123500,2099
2021-07-30,Santa Cruz,087,273765,16897,16576,877,17453,207
2021-07-30,Shasta,089,179085,13225,12918,1832,14750,212
2021-07-30,Sierra,091,2930,73,68,14,82,0
2021-07-30,Siskiyou,093,43540,2066,1976,450,2426,31
2021-07-30,Solano,095,438530,36257,35340,744,36084,263
2021-07-30,Sonoma,097,501317,33503,32601,404,33005,329
2021-07-30,Stanislaus,099,539301,59703,58586,6547,65133,1035
2021-07-30,Sutter,101,95872,10303,10068,112,10180,127
2021-07-30,Tehama,103,63373,5292,5216,641,5857,66
2021-07-30,Trinity,105,12862,451,354,99,453,3
2021-07-30,Tulare,107,460477,51057,50409,10123,60532,854
2021-07-30,Tuolumne,109,53932,4581,4362,41,4403,64
2021-07-30,Ventura,111,848112,84754,83509,3568,87077,1044
2021-07-30,Yolo,113,214977,15223,14863,519,15382,215
2021-07-30,Yuba,115,75493,6805,6615,151,6766,50
2021-07-29,Alameda,001,1643700,97491,95279,2306,97585,1265
2021-07-29,Alpine,003,1148,91,89,0,89,0
2021-07-29,Amador,005,37829,3951,3877,35,3912,48
2021-07-29,Butte,007,227075,13496,13235,2093,15328,205
2021-07-29,Calaveras,009,45235,2325,2294,17,2311,57
2021-07-29,Colusa,011,21464,2031,2006,361,2367,16
2021-07-29,Contra Costa,013,1133247,77859,75866,1581,77447,832
2021-07-29,Del Norte,015,27424,1697,1576,15,1591,8
2021-07-29,El Dorado,017,186661,11303,11017,893,11910,116
2021-07-29,Fresno,019,978130,106174,104639,9398,114037,1744
2021-07-29,Glenn,021,27897,2495,2465,606,3071,20
2021-07-29,Humboldt,023,135768,5223,4978,77,5055,52
2021-07-29,Imperial,025,180216,29324,29164,2894,32058,743
2021-07-29,Inyo,027,18085,1458,1442,5,1447,38
2021-07-29,Kern,029,883053,100040,98903,12336,111239,1357
2021-07-29,Kings,031,150075,23875,23548,1267,24815,248
2021-07-29,Lake,033,64148,4402,4238,17,4255,66
2021-07-29,Lassen,035,31185,5347,5320,123,5443,21
2021-07-29,Los Angeles,037,10098052,1264448,1248545,46958,1295503,24691
2021-07-29,Madera,039,155013,17339,17058,1042,18100,245
2021-07-29,Marin,041,260295,15015,14701,305,15006,239
2021-07-29,Mariposa,043,17540,483,470,11,481,5
2021-07-29,Mendocino,045,87422,4568,4400,88,4488,49
2021-07-29,Merced,047,269075,32210,31959,1076,33035,474
2021-07-29,Modoc,049,8938,426,413,148,561,5
2021-07-29,Mono,051,14174,1289,1287,14,1301,3
2021-07-29,Monterey,053,433212,43951,43720,2056,45776,525
2021-07-29,Napa,055,140530,10553,10401,48,10449,82
2021-07-29,Nevada,057,99092,5723,5373,213,5586,72
2021-07-29,Orange,059,3164182,267777,263446,12467,275913,5144
2021-07-29,Placer,061,380077,25815,25104,1963,27067,306
2021-07-29,Plumas,063,18699,765,743,15,758,5
2021-07-29,Riverside,065,2383286,304302,300315,15020,315335,4554
2021-07-29,Sacramento,067,1510023,117625,115259,2269,117528,1720
2021-07-29,San Benito,069,59416,6279,6251,120,6371,63
2021-07-29,San Bernardino,071,2135413,303927,300726,9700,310426,5240
2021-07-29,San Diego,073,3302833,299722,295054,17104,312158,3798
2021-07-29,San Francisco,075,870044,41919,40412,1641,42053,562
2021-07-29,San Joaquin,077,732212,77642,76575,4080,80655,1443
2021-07-29,San Luis Obispo,079,281455,22239,21922,833,22755,260
2021-07-29,San Mateo,081,765935,45381,44622,612,45234,548
2021-07-29,Santa Barbara,083,443738,36296,35531,1309,36840,467
2021-07-29,Santa Clara,085,1922200,124226,122614,883,123497,2099
2021-07-29,Santa Cruz,087,273765,16844,16576,875,17451,207
2021-07-29,Shasta,089,179085,13171,12918,1823,14741,212
2021-07-29,Sierra,091,2930,73,68,14,82,0
2021-07-29,Siskiyou,093,43540,2061,1976,448,2424,31
2021-07-29,Solano,095,438530,36101,35340,734,36074,263
2021-07-29,Sonoma,097,501317,33328,32601,402,33003,329
2021-07-29,Stanislaus,099,539301,59530,58586,6530,65116,1035
2021-07-29,Sutter,101,95872,10257,10068,111,10179,127
2021-07-29,Tehama,103,63373,5280,5216,635,5851,66
2021-07-29,Trinity,105,12862,449,354,98,452,3
2021-07-29,Tulare,107,460477,50967,50409,10082,60491,854
2021-07-29,Tuolumne,109,53932,4543,4362,40,4402,64
2021-07-29,Ventura,111,848112,84587,83509,3561,87070,1044
2021-07-29,Yolo,113,214977,15155,14863,505,15368,215
2021-07-29,Yuba,115,75493,6757,6615,148,6763,50
2021-07-28,Alameda,001,1643700,97030,94965,2299,97264,1262
2021-07-28,Alpine,003,1148,91,89,0,89,0
2021-07-28,Amador,005,37829,3937,3870,35,3905,48
2021-07-28,Butte,007,227075,13440,13184,2080,15264,205
2021-07-28,Calaveras,009,45235,2311,2289,17,2306,57
2021-07-28,Colusa,011,21464,2027,2001,360,2361,16
2021-07-28,Contra Costa,013,1133247,77376,75487,1573,77060,832
2021-07-28,Del Norte,015,27424,1664,1545,15,1560,8
2021-07-28,El Dorado,017,186661,11254,10967,883,11850,116
2021-07-28,Fresno,019,978130,105928,104458,9378,113836,1744
2021-07-28,Glenn,021,27897,2491,2464,603,3067,20
2021-07-28,Humboldt,023,135768,5172,4946,76,5022,52
2021-07-28,Imperial,025,180216,29277,29096,2894,31990,743
2021-07-28,Inyo,027,18085,1452,1439,4,1443,38
2021-07-28,Kern,029,883053,99883,98781,12288,111069,1352
2021-07-28,Kings,031,150075,23811,23503,1257,24760,248
2021-07-28,Lake,033,64148,4356,4191,15,4206,65
2021-07-28,Lassen,035,31185,5339,5318,123,5441,21
2021-07-28,Los Angeles,037,10098052,1261294,1245485,46786,1292271,24673
2021-07-28,Madera,039,155013,17298,17024,1036,18060,245
2021-07-28,Marin,041,260295,14960,14652,305,14957,239
2021-07-28,Mariposa,043,17540,476,469,11,480,5
2021-07-28,Mendocino,045,87422,4540,4377,88,4465,49
2021-07-28,Merced,047,269075,32146,31886,1072,32958,474
2021-07-28,Modoc,049,8938,424,413,148,561,5
2021-07-28,Mono,051,14174,1288,1286,14,1300,3
2021-07-28,Monterey,053,433212,43904,43668,2046,45714,524
2021-07-28,Napa,055,140530,10513,10376,46,10422,82
2021-07-28,Nevada,057,99092,5668,5320,213,5533,72
2021-07-28,Orange,059,3164182,266987,262735,12436,275171,5143
2021-07-28,Placer,061,380077,25667,24978,1947,26925,306
2021-07-28,Plumas,063,18699,760,754,15,769,5
2021-07-28,Riverside,065,2383286,303533,299611,15000,314611,4554
2021-07-28,Sacramento,067,1510023,116974,114665,2248,116913,1714
2021-07-28,San Benito,069,59416,6268,6236,120,6356,63
2021-07-28,San Bernardino,071,2135413,303298,300121,9687,309808,5236
2021-07-28,San Diego,073,3302833,298438,294176,17040,311216,3798
2021-07-28,San Francisco,075,870044,41586,40144,1614,41758,561
2021-07-28,San Joaquin,077,732212,77393,76312,4049,80361,1443
2021-07-28,San Luis Obispo,079,281455,22180,21865,832,22697,260
2021-07-28,San Mateo,081,765935,45232,44477,602,45079,547
2021-07-28,Santa Barbara,083,443738,36220,35431,1304,36735,467
2021-07-28,Santa Clara,085,1922200,123965,122345,881,123226,2099
2021-07-28,Santa Cruz,087,273765,16806,16551,874,17425,207
2021-07-28,Shasta,089,179085,13127,12882,1812,14694,212
2021-07-28,Sierra,091,2930,69,67,14,81,0
2021-07-28,Siskiyou,093,43540,2052,1971,445,2416,31
2021-07-28,Solano,095,438530,35931,35204,727,35931,262
2021-07-28,Sonoma,097,501317,33185,32434,399,32833,328
2021-07-28,Stanislaus,099,539301,59331,58427,6513,64940,1035
2021-07-28,Sutter,101,95872,10225,10033,110,10143,126
2021-07-28,Tehama,103,63373,5268,5209,632,5841,66
2021-07-28,Trinity,105,12862,448,352,98,450,3
2021-07-28,Tulare,107,460477,50879,50363,10033,60396,854
2021-07-28,Tuolumne,109,53932,4504,4313,40,4353,64
2021-07-28,Ventura,111,848112,84391,83360,3545,86905,1043
2021-07-28,Yolo,113,214977,15084,14801,498,15299,215
2021-07-28,Yuba,115,75493,6724,6591,147,6738,51
2021-07-27,Alameda,001,1643700,96624,94682,2290,96972,1256
2021-07-27,Alpine,003,1148,91,89,0,89,0
2021-07-27,Amador,005,37829,3921,3861,35,3896,48
2021-07-27,Butte,007,227075,13391,13127,2069,15196,205
2021-07-27,Calaveras,009,45235,2299,2280,17,2297,57
2021-07-27,Colusa,011,21464,2019,1999,359,2358,16
2021-07-27,Contra Costa,013,1133247,76887,75227,1569,76796,830
2021-07-27,Del Norte,015,27424,1644,1538,15,1553,8
2021-07-27,El Dorado,017,186661,11194,10941,873,11814,116
2021-07-27,Fresno,019,978130,105635,104288,9354,113642,1746
2021-07-27,Glenn,021,27897,2483,2460,601,3061,20
2021-07-27,Humboldt,023,135768,5118,4925,75,5000,52
2021-07-27,Imperial,025,180216,29232,29048,2893,31941,743
2021-07-27,Inyo,027,18085,1450,1430,4,1434,38
2021-07-27,Kern,029,883053,99713,98724,12231,110955,1352
2021-07-27,Kings,031,150075,23754,23463,1247,24710,248
2021-07-27,Lake,033,64148,4317,4157,15,4172,65
2021-07-27,Lassen,035,31185,5333,5315,123,5438,21
2021-07-27,Los Angeles,037,10098052,1257862,1243336,46614,1289950,24658
2021-07-27,Madera,039,155013,17245,16998,1031,18029,245
2021-07-27,Marin,041,260295,14912,14631,302,14933,239
2021-07-27,Mariposa,043,17540,473,468,11,479,5
2021-07-27,Mendocino,045,87422,4516,4371,88,4459,49
2021-07-27,Merced,047,269075,32080,31825,1068,32893,473
2021-07-27,Modoc,049,8938,423,413,148,561,5
2021-07-27,Mono,051,14174,1284,1288,14,1302,3
2021-07-27,Monterey,053,433212,43864,43646,2035,45681,523
2021-07-27,Napa,055,140530,10483,10354,46,10400,82
2021-07-27,Nevada,057,99092,5591,5305,211,5516,72
2021-07-27,Orange,059,3164182,266247,262193,12410,274603,5143
2021-07-27,Placer,061,380077,25508,24916,1921,26837,306
2021-07-27,Plumas,063,18699,757,752,15,767,5
2021-07-27,Riverside,065,2383286,302802,299160,14981,314141,4554
2021-07-27,Sacramento,067,1510023,116371,114413,2239,116652,1710
2021-07-27,San Benito,069,59416,6259,6229,120,6349,63
2021-07-27,San Bernardino,071,2135413,302593,299593,9665,309258,5236
2021-07-27,San Diego,073,3302833,297347,293408,16967,310375,3798
2021-07-27,San Francisco,075,870044,41228,39939,1595,41534,561
2021-07-27,San Joaquin,077,732212,77132,76166,4028,80194,1442
2021-07-27,San Luis Obispo,079,281455,22125,21803,823,22626,260
2021-07-27,San Mateo,081,765935,45080,44378,597,44975,547
2021-07-27,Santa Barbara,083,443738,36122,35355,1302,36657,467
2021-07-27,Santa Clara,085,1922200,123672,122154,879,123033,2099
2021-07-27,Santa Cruz,087,273765,16760,16523,873,17396,207
2021-07-27,Shasta,089,179085,13076,12846,1799,14645,212
2021-07-27,Sierra,091,2930,69,65,14,79,0
2021-07-27,Siskiyou,093,43540,2047,1964,442,2406,31
2021-07-27,Solano,095,438530,35805,35093,717,35810,261
2021-07-27,Sonoma,097,501317,33039,32367,397,32764,328
2021-07-27,Stanislaus,099,539301,59159,58333,6487,64820,1033
2021-07-27,Sutter,101,95872,10184,9998,110,10108,115
2021-07-27,Tehama,103,63373,5247,5192,630,5822,66
2021-07-27,Trinity,105,12862,447,351,98,449,3
2021-07-27,Tulare,107,460477,50812,50324,10001,60325,854
2021-07-27,Tuolumne,109,53932,4452,4282,40,4322,64
2021-07-27,Ventura,111,848112,84183,83189,3533,86722,1043
2021-07-27,Yolo,113,214977,15010,14759,492,15251,215
2021-07-27,Yuba,115,75493,6702,6564,145,6709,51
2021-07-26,Alameda,001,1643700,96172,94436,2282,96718,1259
2021-07-26,Alpine,003,1148,91,89,0,89,0
2021-07-26,Amador,005,37829,3911,3854,35,3889,48
2021-07-26,Butte,007,227075,13337,13082,2057,15139,203
2021-07-26,Calaveras,009,45235,2294,2276,17,2293,57
2021-07-26,Colusa,011,21464,2012,1996,357,2353,16
2021-07-26,Contra Costa,013,1133247,76387,74854,1562,76416,830
2021-07-26,Del Norte,015,27424,1623,1530,15,1545,8
2021-07-26,El Dorado,017,186661,11130,10899,870,11769,116
2021-07-26,Fresno,019,978130,105433,104143,9331,113474,1742
2021-07-26,Glenn,021,27897,2481,2461,600,3061,20
2021-07-26,Humboldt,023,135768,5079,4906,73,4979,52
2021-07-26,Imperial,025,180216,29192,29034,2893,31927,743
2021-07-26,Inyo,027,18085,1445,1429,4,1433,38
2021-07-26,Kern,029,883053,99547,98633,12166,110799,1351
2021-07-26,Kings,031,150075,23706,23426,1243,24669,247
2021-07-26,Lake,033,64148,4296,4133,15,4148,65
2021-07-26,Lassen,035,31185,5329,5314,123,5437,21
2021-07-26,Los Angeles,037,10098052,1254548,1241527,46445,1287972,24647
2021-07-26,Madera,039,155013,17218,16971,1022,17993,245
2021-07-26,Marin,041,260295,14855,14579,301,14880,239
2021-07-26,Mariposa,043,17540,472,467,11,478,5
2021-07-26,Mendocino,045,87422,4496,4354,88,4442,49
2021-07-26,Merced,047,269075,31996,31774,1064,32838,473
2021-07-26,Modoc,049,8938,423,413,148,561,5
2021-07-26,Mono,051,14174,1282,1286,14,1300,3
2021-07-26,Monterey,053,433212,43822,43595,2021,45616,521
2021-07-26,Napa,055,140530,10460,10332,46,10378,82
2021-07-26,Nevada,057,99092,5504,5280,211,5491,72
2021-07-26,Orange,059,3164182,265613,261803,12389,274192,5142
2021-07-26,Placer,061,380077,25373,24842,1900,26742,304
2021-07-26,Plumas,063,18699,753,750,15,765,5
2021-07-26,Riverside,065,2383286,302109,298626,14966,313592,4553
2021-07-26,Sacramento,067,1510023,115771,113986,2223,116209,1705
2021-07-26,San Benito,069,59416,6253,6222,120,6342,63
2021-07-26,San Bernardino,071,2135413,301981,299238,9652,308890,5237
2021-07-26,San Diego,073,3302833,296233,292688,16894,309582,3793
2021-07-26,San Francisco,075,870044,40875,39800,1566,41366,561
2021-07-26,San Joaquin,077,732212,76897,76033,4024,80057,1440
2021-07-26,San Luis Obispo,079,281455,22076,21752,820,22572,260
2021-07-26,San Mateo,081,765935,44933,44297,586,44883,547
2021-07-26,Santa Barbara,083,443738,36051,35311,1290,36601,467
2021-07-26,Santa Clara,085,1922200,123363,121978,870,122848,2099
2021-07-26,Santa Cruz,087,273765,16721,16493,870,17363,207
2021-07-26,Shasta,089,179085,13027,12819,1786,14605,211
2021-07-26,Sierra,091,2930,68,65,14,79,0
2021-07-26,Siskiyou,093,43540,2044,1962,440,2402,31
2021-07-26,Solano,095,438530,35656,34990,709,35699,259
2021-07-26,Sonoma,097,501317,32904,32283,395,32678,328
2021-07-26,Stanislaus,099,539301,59013,58219,6468,64687,1033
2021-07-26,Sutter,101,95872,10144,9963,107,10070,115
2021-07-26,Tehama,103,63373,5237,5183,626,5809,66
2021-07-26,Trinity,105,12862,447,351,97,448,3
2021-07-26,Tulare,107,460477,50748,50265,9968,60233,854
2021-07-26,Tuolumne,109,53932,4422,4271,40,4311,64
2021-07-26,Ventura,111,848112,84010,83072,3518,86590,1041
2021-07-26,Yolo,113,214977,14950,14727,479,15206,215
2021-07-26,Yuba,115,75493,6668,6538,143,6681,51
2021-07-25,Alameda,001,1643700,95684,94146,2276,96422,1259
2021-07-25,Alpine,003,1148,89,89,0,89,0
2021-07-25,Amador,005,37829,3896,3848,35,3883,48
2021-07-25,Butte,007,227075,13298,13074,2047,15121,203
2021-07-25,Calaveras,009,45235,2283,2275,17,2292,57
2021-07-25,Colusa,011,21464,2003,1996,353,2349,16
2021-07-25,Contra Costa,013,1133247,75902,74634,1548,76182,830
2021-07-25,Del Norte,015,27424,1602,1526,15,1541,8
2021-07-25,El Dorado,017,186661,11072,10878,867,11745,116
2021-07-25,Fresno,019,978130,105192,104019,9315,113334,1742
2021-07-25,Glenn,021,27897,2472,2461,598,3059,20
2021-07-25,Humboldt,023,135768,5020,4892,71,4963,52
2021-07-25,Imperial,025,180216,29156,29037,2893,31930,743
2021-07-25,Inyo,027,18085,1440,1427,4,1431,38
2021-07-25,Kern,029,883053,99375,98503,12095,110598,1351
2021-07-25,Kings,031,150075,23653,23396,1239,24635,247
2021-07-25,Lake,033,64148,4243,4109,14,4123,65
2021-07-25,Lassen,035,31185,5325,5314,123,5437,21
2021-07-25,Los Angeles,037,10098052,1251157,1239596,46268,1285864,24643
2021-07-25,Madera,039,155013,17181,16947,1015,17962,245
2021-07-25,Marin,041,260295,14805,14558,298,14856,239
2021-07-25,Mariposa,043,17540,469,465,11,476,5
2021-07-25,Mendocino,045,87422,4466,4335,86,4421,49
2021-07-25,Merced,047,269075,31924,31760,1062,32822,473
2021-07-25,Modoc,049,8938,423,413,148,561,5
2021-07-25,Mono,051,14174,1280,1286,14,1300,3
2021-07-25,Monterey,053,433212,43783,43590,2013,45603,521
2021-07-25,Napa,055,140530,10423,10316,45,10361,82
2021-07-25,Nevada,057,99092,5439,5256,208,5464,72
2021-07-25,Orange,059,3164182,264905,261351,12366,273717,5142
2021-07-25,Placer,061,380077,25252,24755,1879,26634,304
2021-07-25,Plumas,063,18699,751,750,15,765,5
2021-07-25,Riverside,065,2383286,301342,298181,14950,313131,4553
2021-07-25,Sacramento,067,1510023,115224,113611,2206,115817,1704
2021-07-25,San Benito,069,59416,6246,6217,120,6337,63
2021-07-25,San Bernardino,071,2135413,301328,298982,9646,308628,5237
2021-07-25,San Diego,073,3302833,295159,290626,16826,307452,3793
2021-07-25,San Francisco,075,870044,40538,39663,1539,41202,561
2021-07-25,San Joaquin,077,732212,76642,75926,4005,79931,1440
2021-07-25,San Luis Obispo,079,281455,22003,21741,817,22558,260
2021-07-25,San Mateo,081,765935,44770,44189,580,44769,547
2021-07-25,Santa Barbara,083,443738,35974,35261,1287,36548,467
2021-07-25,Santa Clara,085,1922200,123033,121800,864,122664,2099
2021-07-25,Santa Cruz,087,273765,16674,16474,869,17343,207
2021-07-25,Shasta,089,179085,12980,12815,1781,14596,211
2021-07-25,Sierra,091,2930,68,65,14,79,0
2021-07-25,Siskiyou,093,43540,2036,1963,437,2400,31
2021-07-25,Solano,095,438530,35470,34863,706,35569,259
2021-07-25,Sonoma,097,501317,32779,32202,392,32594,328
2021-07-25,Stanislaus,099,539301,58846,58154,6463,64617,1033
2021-07-25,Sutter,101,95872,10090,9937,105,10042,115
2021-07-25,Tehama,103,63373,5221,5181,625,5806,66
2021-07-25,Trinity,105,12862,445,351,95,446,3
2021-07-25,Tulare,107,460477,50672,50221,9929,60150,854
2021-07-25,Tuolumne,109,53932,4370,4267,40,4307,64
2021-07-25,Ventura,111,848112,83796,82986,3496,86482,1041
2021-07-25,Yolo,113,214977,14889,14693,465,15158,215
2021-07-25,Yuba,115,75493,6635,6519,143,6662,51
2021-07-24,Alameda,001,1643700,95408,93170,2270,95440,1259
2021-07-24,Alpine,003,1148,89,89,0,89,0
2021-07-24,Amador,005,37829,3887,3816,35,3851,48
2021-07-24,Butte,007,227075,13269,12982,2045,15027,203
2021-07-24,Calaveras,009,45235,2279,2267,17,2284,57
2021-07-24,Colusa,011,21464,2002,1992,351,2343,16
2021-07-24,Contra Costa,013,1133247,75677,73682,1545,75227,830
2021-07-24,Del Norte,015,27424,1591,1497,15,1512,8
2021-07-24,El Dorado,017,186661,11038,10773,864,11637,116
2021-07-24,Fresno,019,978130,105074,103637,9306,112943,1736
2021-07-24,Glenn,021,27897,2471,2457,598,3055,20
2021-07-24,Humboldt,023,135768,4986,4780,70,4850,52
2021-07-24,Imperial,025,180216,29136,28996,2893,31889,742
2021-07-24,Inyo,027,18085,1437,1424,4,1428,38
2021-07-24,Kern,029,883053,99296,98261,12073,110334,1350
2021-07-24,Kings,031,150075,23622,23304,1236,24540,246
2021-07-24,Lake,033,64148,4220,3963,14,3977,64
2021-07-24,Lassen,035,31185,5324,5311,123,5434,21
2021-07-24,Los Angeles,037,10098052,1249393,1232164,46148,1278312,24623
2021-07-24,Madera,039,155013,17157,16885,1013,17898,245
2021-07-24,Marin,041,260295,14766,14454,298,14752,238
2021-07-24,Mariposa,043,17540,469,453,11,464,5
2021-07-24,Mendocino,045,87422,4441,4293,86,4379,49
2021-07-24,Merced,047,269075,31902,31661,1061,32722,473
2021-07-24,Modoc,049,8938,423,413,148,561,5
2021-07-24,Mono,051,14174,1278,1284,14,1298,3
2021-07-24,Monterey,053,433212,43758,43525,2006,45531,521
2021-07-24,Napa,055,140530,10407,10230,45,10275,81
2021-07-24,Nevada,057,99092,5406,5183,208,5391,72
2021-07-24,Orange,059,3164182,264439,259973,12353,272326,5141
2021-07-24,Placer,061,380077,25169,24530,1874,26404,303
2021-07-24,Plumas,063,18699,750,737,15,752,4
2021-07-24,Riverside,065,2383286,300874,296912,14940,311852,4552
2021-07-24,Sacramento,067,1510023,114907,112438,2201,114639,1698
2021-07-24,San Benito,069,59416,6242,6200,119,6319,63
2021-07-24,San Bernardino,071,2135413,300937,297899,9637,307536,5236
2021-07-24,San Diego,073,3302833,294692,289368,16799,306167,3788
2021-07-24,San Francisco,075,870044,40374,38954,1522,40476,561
2021-07-24,San Joaquin,077,732212,76515,75461,3994,79455,1436
2021-07-24,San Luis Obispo,079,281455,21972,21616,815,22431,260
2021-07-24,San Mateo,081,765935,44652,43880,574,44454,542
2021-07-24,Santa Barbara,083,443738,35915,35071,1283,36354,465
2021-07-24,Santa Clara,085,1922200,122821,121092,863,121955,2099
2021-07-24,Santa Cruz,087,273765,16652,16416,869,17285,207
2021-07-24,Shasta,089,179085,12952,12759,1778,14537,211
2021-07-24,Sierra,091,2930,67,64,14,78,0
2021-07-24,Siskiyou,093,43540,2036,1951,437,2388,31
2021-07-24,Solano,095,438530,35378,34499,697,35196,259
2021-07-24,Sonoma,097,501317,32655,31928,390,32318,327
2021-07-24,Stanislaus,099,539301,58755,57879,6451,64330,1030
2021-07-24,Sutter,101,95872,10063,9890,105,9995,115
2021-07-24,Tehama,103,63373,5214,5166,623,5789,65
2021-07-24,Trinity,105,12862,445,345,95,440,3
2021-07-24,Tulare,107,460477,50629,50104,9911,60015,854
2021-07-24,Tuolumne,109,53932,4344,4216,40,4256,64
2021-07-24,Ventura,111,848112,83669,82687,3479,86166,1041
2021-07-24,Yolo,113,214977,14852,14557,462,15019,214
2021-07-24,Yuba,115,75493,6616,6449,143,6592,51
2021-07-23,Alameda,001,1643700,95154,93170,2264,95434,1259
2021-07-23,Alpine,003,1148,89,89,0,89,0
2021-07-23,Amador,005,37829,3880,3816,35,3851,48
2021-07-23,Butte,007,227075,13240,12982,2037,15019,203
2021-07-23,Calaveras,009,45235,2277,2267,17,2284,57
2021-07-23,Colusa,011,21464,2001,1992,351,2343,16
2021-07-23,Contra Costa,013,1133247,75420,73682,1535,75217,830
2021-07-23,Del Norte,015,27424,1583,1497,15,1512,8
2021-07-23,El Dorado,017,186661,11009,10773,860,11633,116
2021-07-23,Fresno,019,978130,104944,103637,9296,112933,1736
2021-07-23,Glenn,021,27897,2469,2457,595,3052,20
2021-07-23,Humboldt,023,135768,4965,4780,68,4848,52
2021-07-23,Imperial,025,180216,29124,28996,2893,31889,742
2021-07-23,Inyo,027,18085,1434,1424,4,1428,38
2021-07-23,Kern,029,883053,99213,98261,12047,110308,1350
2021-07-23,Kings,031,150075,23591,23304,1233,24537,246
2021-07-23,Lake,033,64148,4190,3963,14,3977,64
2021-07-23,Lassen,035,31185,5322,5311,123,5434,21
2021-07-23,Los Angeles,037,10098052,1247471,1232164,46062,1278226,24623
2021-07-23,Madera,039,155013,17127,16885,1008,17893,245
2021-07-23,Marin,041,260295,14729,14454,296,14750,238
2021-07-23,Mariposa,043,17540,466,453,11,464,5
2021-07-23,Mendocino,045,87422,4428,4293,86,4379,49
2021-07-23,Merced,047,269075,31876,31661,1061,32722,473
2021-07-23,Modoc,049,8938,423,413,148,561,5
2021-07-23,Mono,051,14174,1277,1284,14,1298,3
2021-07-23,Monterey,053,433212,43733,43525,2006,45531,521
2021-07-23,Napa,055,140530,10386,10230,45,10275,81
2021-07-23,Nevada,057,99092,5361,5183,208,5391,72
2021-07-23,Orange,059,3164182,263987,259973,12330,272303,5141
2021-07-23,Placer,061,380077,25090,24530,1857,26387,303
2021-07-23,Plumas,063,18699,748,737,15,752,4
2021-07-23,Riverside,065,2383286,300409,296912,14928,311840,4552
2021-07-23,Sacramento,067,1510023,114552,112438,2199,114637,1698
2021-07-23,San Benito,069,59416,6236,6200,119,6319,63
2021-07-23,San Bernardino,071,2135413,300560,297899,9628,307527,5236
2021-07-23,San Diego,073,3302833,294091,289368,16751,306119,3788
2021-07-23,San Francisco,075,870044,40192,38954,1507,40461,561
2021-07-23,San Joaquin,077,732212,76415,75461,3979,79440,1436
2021-07-23,San Luis Obispo,079,281455,21934,21616,815,22431,260
2021-07-23,San Mateo,081,765935,44547,43880,569,44449,542
2021-07-23,Santa Barbara,083,443738,35849,35071,1282,36353,465
2021-07-23,Santa Clara,085,1922200,122602,121092,860,121952,2099
2021-07-23,Santa Cruz,087,273765,16627,16416,868,17284,207
2021-07-23,Shasta,089,179085,12925,12759,1775,14534,211
2021-07-23,Sierra,091,2930,67,64,14,78,0
2021-07-23,Siskiyou,093,43540,2034,1951,437,2388,31
2021-07-23,Solano,095,438530,35285,34499,693,35192,259
2021-07-23,Sonoma,097,501317,32561,31928,389,32317,327
2021-07-23,Stanislaus,099,539301,58675,57879,6440,64319,1030
2021-07-23,Sutter,101,95872,10034,9890,105,9995,115
2021-07-23,Tehama,103,63373,5205,5166,623,5789,65
2021-07-23,Trinity,105,12862,444,345,94,439,3
2021-07-23,Tulare,107,460477,50583,50104,9886,59990,854
2021-07-23,Tuolumne,109,53932,4322,4216,40,4256,64
2021-07-23,Ventura,111,848112,83507,82687,3461,86148,1041
2021-07-23,Yolo,113,214977,14813,14557,455,15012,214
2021-07-23,Yuba,115,75493,6590,6449,142,6591,51
2021-07-22,Alameda,001,1643700,94791,93170,2258,95428,1259
2021-07-22,Alpine,003,1148,89,89,0,89,0
2021-07-22,Amador,005,37829,3871,3816,35,3851,48
2021-07-22,Butte,007,227075,13206,12982,2028,15010,203
2021-07-22,Calaveras,009,45235,2274,2267,17,2284,57
2021-07-22,Colusa,011,21464,1999,1992,349,2341,16
2021-07-22,Contra Costa,013,1133247,75083,73682,1531,75213,830
2021-07-22,Del Norte,015,27424,1566,1497,15,1512,8
2021-07-22,El Dorado,017,186661,10975,10773,852,11625,116
2021-07-22,Fresno,019,978130,104815,103637,9286,112923,1736
2021-07-22,Glenn,021,27897,2465,2457,594,3051,20
2021-07-22,Humboldt,023,135768,4934,4780,66,4846,52
2021-07-22,Imperial,025,180216,29094,28996,2893,31889,742
2021-07-22,Inyo,027,18085,1432,1424,4,1428,38
2021-07-22,Kern,029,883053,99097,98261,12002,110263,1350
2021-07-22,Kings,031,150075,23552,23304,1231,24535,246
2021-07-22,Lake,033,64148,4139,3963,14,3977,64
2021-07-22,Lassen,035,31185,5319,5311,123,5434,21
2021-07-22,Los Angeles,037,10098052,1245077,1232164,45903,1278067,24623
2021-07-22,Madera,039,155013,17092,16885,1006,17891,245
2021-07-22,Marin,041,260295,14688,14454,295,14749,238
2021-07-22,Mariposa,043,17540,459,453,11,464,5
2021-07-22,Mendocino,045,87422,4415,4293,85,4378,49
2021-07-22,Merced,047,269075,31834,31661,1059,32720,473
2021-07-22,Modoc,049,8938,423,413,148,561,5
2021-07-22,Mono,051,14174,1276,1284,14,1298,3
2021-07-22,Monterey,053,433212,43704,43525,2000,45525,521
2021-07-22,Napa,055,140530,10368,10230,45,10275,81
2021-07-22,Nevada,057,99092,5335,5183,207,5390,72
2021-07-22,Orange,059,3164182,263434,259973,12321,272294,5141
2021-07-22,Placer,061,380077,24996,24530,1845,26375,303
2021-07-22,Plumas,063,18699,747,737,15,752,4
2021-07-22,Riverside,065,2383286,299899,296912,14908,311820,4552
2021-07-22,Sacramento,067,1510023,114119,112438,2190,114628,1698
2021-07-22,San Benito,069,59416,6228,6200,119,6319,63
2021-07-22,San Bernardino,071,2135413,300163,297899,9612,307511,5236
2021-07-22,San Diego,073,3302833,293368,289368,16691,306059,3788
2021-07-22,San Francisco,075,870044,39979,38954,1494,40448,561
2021-07-22,San Joaquin,077,732212,76272,75461,3966,79427,1436
2021-07-22,San Luis Obispo,079,281455,21897,21616,811,22427,260
2021-07-22,San Mateo,081,765935,44435,43880,564,44444,542
2021-07-22,Santa Barbara,083,443738,35786,35071,1280,36351,465
2021-07-22,Santa Clara,085,1922200,122360,121092,857,121949,2099
2021-07-22,Santa Cruz,087,273765,16590,16416,868,17284,207
2021-07-22,Shasta,089,179085,12901,12759,1771,14530,211
2021-07-22,Sierra,091,2930,65,64,14,78,0
2021-07-22,Siskiyou,093,43540,2031,1951,437,2388,31
2021-07-22,Solano,095,438530,35136,34499,686,35185,259
2021-07-22,Sonoma,097,501317,32452,31928,387,32315,327
2021-07-22,Stanislaus,099,539301,58545,57879,6428,64307,1030
2021-07-22,Sutter,101,95872,10013,9890,105,9995,115
2021-07-22,Tehama,103,63373,5199,5166,623,5789,65
2021-07-22,Trinity,105,12862,444,345,94,439,3
2021-07-22,Tulare,107,460477,50540,50104,9858,59962,854
2021-07-22,Tuolumne,109,53932,4310,4216,40,4256,64
2021-07-22,Ventura,111,848112,83373,82687,3448,86135,1041
2021-07-22,Yolo,113,214977,14775,14557,454,15011,214
2021-07-22,Yuba,115,75493,6560,6449,139,6588,51
2021-07-21,Alameda,001,1643700,94462,92840,2255,95095,1256
2021-07-21,Alpine,003,1148,89,89,0,89,0
2021-07-21,Amador,005,37829,3858,3813,35,3848,48
2021-07-21,Butte,007,227075,13165,12939,2023,14962,203
2021-07-21,Calaveras,009,45235,2273,2257,17,2274,57
2021-07-21,Colusa,011,21464,1995,1988,348,2336,16
2021-07-21,Contra Costa,013,1133247,74818,73320,1522,74842,827
2021-07-21,Del Norte,015,27424,1556,1492,15,1507,8
2021-07-21,El Dorado,017,186661,10940,10742,848,11590,116
2021-07-21,Fresno,019,978130,104668,103504,9276,112780,1736
2021-07-21,Glenn,021,27897,2463,2455,593,3048,20
2021-07-21,Humboldt,023,135768,4902,4763,64,4827,52
2021-07-21,Imperial,025,180216,29082,28964,2890,31854,742
2021-07-21,Inyo,027,18085,1432,1423,4,1427,38
2021-07-21,Kern,029,883053,98980,98152,11960,110112,1350
2021-07-21,Kings,031,150075,23524,23270,1227,24497,246
2021-07-21,Lake,033,64148,4074,3896,14,3910,64
2021-07-21,Lassen,035,31185,5316,5310,123,5433,21
2021-07-21,Los Angeles,037,10098052,1242602,1229598,45777,1275375,24609
2021-07-21,Madera,039,155013,17072,16858,1003,17861,245
2021-07-21,Marin,041,260295,14638,14427,295,14722,238
2021-07-21,Mariposa,043,17540,455,449,11,460,5
2021-07-21,Mendocino,045,87422,4397,4274,85,4359,49
2021-07-21,Merced,047,269075,31795,31607,1054,32661,473
2021-07-21,Modoc,049,8938,423,413,148,561,5
2021-07-21,Mono,051,14174,1273,1282,14,1296,3
2021-07-21,Monterey,053,433212,43674,43502,1996,45498,515
2021-07-21,Napa,055,140530,10343,10209,45,10254,81
2021-07-21,Nevada,057,99092,5300,5152,207,5359,72
2021-07-21,Orange,059,3164182,262883,259615,12289,271904,5139
2021-07-21,Placer,061,380077,24887,24441,1834,26275,303
2021-07-21,Plumas,063,18699,747,736,15,751,4
2021-07-21,Riverside,065,2383286,299386,296419,14891,311310,4552
2021-07-21,Sacramento,067,1510023,113703,112043,2179,114222,1696
2021-07-21,San Benito,069,59416,6218,6196,119,6315,63
2021-07-21,San Bernardino,071,2135413,299719,297519,9604,307123,5230
2021-07-21,San Diego,073,3302833,292520,288682,16627,305309,3787
2021-07-21,San Francisco,075,870044,39755,38699,1489,40188,559
2021-07-21,San Joaquin,077,732212,76083,75288,3954,79242,1434
2021-07-21,San Luis Obispo,079,281455,21861,21579,808,22387,260
2021-07-21,San Mateo,081,765935,44342,43755,560,44315,542
2021-07-21,Santa Barbara,083,443738,35727,34998,1262,36260,465
2021-07-21,Santa Clara,085,1922200,122150,120838,855,121693,2099
2021-07-21,Santa Cruz,087,273765,16556,16407,868,17275,207
2021-07-21,Shasta,089,179085,12868,12751,1768,14519,211
2021-07-21,Sierra,091,2930,65,64,14,78,0
2021-07-21,Siskiyou,093,43540,2029,1943,435,2378,31
2021-07-21,Solano,095,438530,34981,34374,681,35055,258
2021-07-21,Sonoma,097,501317,32336,31789,387,32176,327
2021-07-21,Stanislaus,099,539301,58443,57774,6419,64193,1028
2021-07-21,Sutter,101,95872,9989,9862,105,9967,113
2021-07-21,Tehama,103,63373,5195,5161,623,5784,65
2021-07-21,Trinity,105,12862,443,345,93,438,3
2021-07-21,Tulare,107,460477,50481,50066,9832,59898,854
2021-07-21,Tuolumne,109,53932,4273,4156,40,4196,64
2021-07-21,Ventura,111,848112,83251,82573,3436,86009,1041
2021-07-21,Yolo,113,214977,14734,14525,453,14978,213
2021-07-21,Yuba,115,75493,6532,6425,139,6564,52
2021-07-20,Alameda,001,1643700,94084,92625,2242,94867,1256
2021-07-20,Alpine,003,1148,89,89,0,89,0
2021-07-20,Amador,005,37829,3847,3807,35,3842,48
2021-07-20,Butte,007,227075,13128,12916,2018,14934,203
2021-07-20,Calaveras,009,45235,2270,2249,17,2266,57
2021-07-20,Colusa,011,21464,1995,1985,348,2333,16
2021-07-20,Contra Costa,013,1133247,74533,73143,1504,74647,825
2021-07-20,Del Norte,015,27424,1546,1490,15,1505,8
2021-07-20,El Dorado,017,186661,10900,10727,843,11570,116
2021-07-20,Fresno,019,978130,104532,103438,9256,112694,1736
2021-07-20,Glenn,021,27897,2463,2453,593,3046,20
2021-07-20,Humboldt,023,135768,4857,4735,62,4797,52
2021-07-20,Imperial,025,180216,29062,28933,2890,31823,742
2021-07-20,Inyo,027,18085,1428,1420,4,1424,36
2021-07-20,Kern,029,883053,98871,98082,11932,110014,1350
2021-07-20,Kings,031,150075,23483,23254,1223,24477,246
2021-07-20,Lake,033,64148,4049,3871,14,3885,64
2021-07-20,Lassen,035,31185,5316,5306,123,5429,21
2021-07-20,Los Angeles,037,10098052,1239830,1227404,45619,1273023,24603
2021-07-20,Madera,039,155013,17051,16856,999,17855,245
2021-07-20,Marin,041,260295,14603,14396,292,14688,234
2021-07-20,Mariposa,043,17540,454,448,11,459,5
2021-07-20,Mendocino,045,87422,4380,4259,85,4344,49
2021-07-20,Merced,047,269075,31757,31578,1047,32625,473
2021-07-20,Modoc,049,8938,423,413,148,561,5
2021-07-20,Mono,051,14174,1269,1281,14,1295,3
2021-07-20,Monterey,053,433212,43643,43481,1993,45474,515
2021-07-20,Napa,055,140530,10320,10191,45,10236,81
2021-07-20,Nevada,057,99092,5281,5148,206,5354,72
2021-07-20,Orange,059,3164182,262330,259303,12257,271560,5139
2021-07-20,Placer,061,380077,24795,24408,1810,26218,303
2021-07-20,Plumas,063,18699,745,736,15,751,4
2021-07-20,Riverside,065,2383286,298851,296118,14877,310995,4543
2021-07-20,Sacramento,067,1510023,113265,111796,2149,113945,1695
2021-07-20,San Benito,069,59416,6211,6196,119,6315,63
2021-07-20,San Bernardino,071,2135413,299308,297222,9579,306801,5231
2021-07-20,San Diego,073,3302833,291598,288209,16532,304741,3786
2021-07-20,San Francisco,075,870044,39498,38536,1478,40014,558
2021-07-20,San Joaquin,077,732212,75911,75198,3941,79139,1433
2021-07-20,San Luis Obispo,079,281455,21816,21556,807,22363,259
2021-07-20,San Mateo,081,765935,44226,43670,558,44228,542
2021-07-20,Santa Barbara,083,443738,35656,34935,1256,36191,462
2021-07-20,Santa Clara,085,1922200,121893,120704,853,121557,2098
2021-07-20,Santa Cruz,087,273765,16527,16399,868,17267,207
2021-07-20,Shasta,089,179085,12842,12734,1763,14497,211
2021-07-20,Sierra,091,2930,65,64,14,78,0
2021-07-20,Siskiyou,093,43540,2025,1931,434,2365,31
2021-07-20,Solano,095,438530,34854,34337,674,35011,258
2021-07-20,Sonoma,097,501317,32217,31763,386,32149,326
2021-07-20,Stanislaus,099,539301,58327,57706,6413,64119,1028
2021-07-20,Sutter,101,95872,9963,9854,102,9956,114
2021-07-20,Tehama,103,63373,5193,5153,623,5776,65
2021-07-20,Trinity,105,12862,441,344,92,436,3
2021-07-20,Tulare,107,460477,50440,50047,9814,59861,854
2021-07-20,Tuolumne,109,53932,4254,4156,40,4196,64
2021-07-20,Ventura,111,848112,83098,82504,3419,85923,1041
2021-07-20,Yolo,113,214977,14671,14495,450,14945,213
2021-07-20,Yuba,115,75493,6507,6393,136,6529,52
2021-07-19,Alameda,001,1643700,93714,92357,2226,94583,1256
2021-07-19,Alpine,003,1148,89,89,0,89,0
2021-07-19,Amador,005,37829,3843,3802,35,3837,48
2021-07-19,Butte,007,227075,13085,12901,2012,14913,202
2021-07-19,Calaveras,009,45235,2269,2245,17,2262,57
2021-07-19,Colusa,011,21464,1993,1981,347,2328,16
2021-07-19,Contra Costa,013,1133247,74222,72935,1484,74419,825
2021-07-19,Del Norte,015,27424,1533,1484,15,1499,8
2021-07-19,El Dorado,017,186661,10870,10703,835,11538,114
2021-07-19,Fresno,019,978130,104404,103350,9241,112591,1731
2021-07-19,Glenn,021,27897,2463,2452,592,3044,20
2021-07-19,Humboldt,023,135768,4827,4719,60,4779,52
2021-07-19,Imperial,025,180216,29035,28888,2890,31778,742
2021-07-19,Inyo,027,18085,1427,1417,4,1421,36
2021-07-19,Kern,029,883053,98759,97999,11897,109896,1349
2021-07-19,Kings,031,150075,23453,23221,1217,24438,246
2021-07-19,Lake,033,64148,4013,3848,14,3862,64
2021-07-19,Lassen,035,31185,5315,5305,123,5428,21
2021-07-19,Los Angeles,037,10098052,1237251,1225946,45430,1271376,24600
2021-07-19,Madera,039,155013,17028,16846,996,17842,244
2021-07-19,Marin,041,260295,14568,14369,289,14658,234
2021-07-19,Mariposa,043,17540,448,447,11,458,5
2021-07-19,Mendocino,045,87422,4362,4251,85,4336,49
2021-07-19,Merced,047,269075,31693,31565,1040,32605,472
2021-07-19,Modoc,049,8938,422,413,148,561,5
2021-07-19,Mono,051,14174,1267,1280,14,1294,3
2021-07-19,Monterey,053,433212,43620,43436,1991,45427,515
2021-07-19,Napa,055,140530,10295,10180,43,10223,81
2021-07-19,Nevada,057,99092,5253,5133,205,5338,72
2021-07-19,Orange,059,3164182,261811,258927,12225,271152,5138
2021-07-19,Placer,061,380077,24696,24359,1788,26147,303
2021-07-19,Plumas,063,18699,745,730,15,745,4
2021-07-19,Riverside,065,2383286,298362,295736,14839,310575,4543
2021-07-19,Sacramento,067,1510023,112902,111470,2125,113595,1696
2021-07-19,San Benito,069,59416,6208,6193,119,6312,63
2021-07-19,San Bernardino,071,2135413,298936,296929,9561,306490,5235
2021-07-19,San Diego,073,3302833,290708,287695,16432,304127,3786
2021-07-19,San Francisco,075,870044,39229,38463,1465,39928,560
2021-07-19,San Joaquin,077,732212,75745,75086,3935,79021,1431
2021-07-19,San Luis Obispo,079,281455,21772,21531,803,22334,259
2021-07-19,San Mateo,081,765935,44081,43563,549,44112,542
2021-07-19,Santa Barbara,083,443738,35583,34904,1254,36158,461
2021-07-19,Santa Clara,085,1922200,121635,120554,852,121406,2098
2021-07-19,Santa Cruz,087,273765,16511,16387,868,17255,207
2021-07-19,Shasta,089,179085,12824,12723,1761,14484,209
2021-07-19,Sierra,091,2930,64,64,14,78,0
2021-07-19,Siskiyou,093,43540,2020,1927,432,2359,31
2021-07-19,Solano,095,438530,34684,34262,663,34925,261
2021-07-19,Sonoma,097,501317,32096,31713,385,32098,325
2021-07-19,Stanislaus,099,539301,58225,57644,6402,64046,1027
2021-07-19,Sutter,101,95872,9947,9834,102,9936,114
2021-07-19,Tehama,103,63373,5187,5152,621,5773,65
2021-07-19,Trinity,105,12862,441,344,91,435,3
2021-07-19,Tulare,107,460477,50395,49994,9796,59790,855
2021-07-19,Tuolumne,109,53932,4244,4151,40,4191,64
2021-07-19,Ventura,111,848112,83002,82409,3397,85806,1041
2021-07-19,Yolo,113,214977,14640,14439,448,14887,213
2021-07-19,Yuba,115,75493,6483,6370,136,6506,52
2021-07-18,Alameda,001,1643700,93363,92162,2212,94374,1256
2021-07-18,Alpine,003,1148,89,89,0,89,0
2021-07-18,Amador,005,37829,3832,3799,35,3834,48
2021-07-18,Butte,007,227075,13043,12888,2007,14895,202
2021-07-18,Calaveras,009,45235,2268,2243,17,2260,57
2021-07-18,Colusa,011,21464,1993,1981,346,2327,16
2021-07-18,Contra Costa,013,1133247,73907,72849,1466,74315,825
2021-07-18,Del Norte,015,27424,1524,1482,15,1497,8
2021-07-18,El Dorado,017,186661,10832,10687,827,11514,114
2021-07-18,Fresno,019,978130,104251,103298,9222,112520,1731
2021-07-18,Glenn,021,27897,2462,2452,591,3043,20
2021-07-18,Humboldt,023,135768,4791,4714,60,4774,52
2021-07-18,Imperial,025,180216,28998,28877,2889,31766,742
2021-07-18,Inyo,027,18085,1423,1417,4,1421,36
2021-07-18,Kern,029,883053,98633,97963,11855,109818,1349
2021-07-18,Kings,031,150075,23432,23203,1213,24416,246
2021-07-18,Lake,033,64148,3977,3825,14,3839,64
2021-07-18,Lassen,035,31185,5315,5305,123,5428,21
2021-07-18,Los Angeles,037,10098052,1234583,1224691,45251,1269942,24598
2021-07-18,Madera,039,155013,17003,16838,992,17830,244
2021-07-18,Marin,041,260295,14532,14358,287,14645,234
2021-07-18,Mariposa,043,17540,447,447,11,458,5
2021-07-18,Mendocino,045,87422,4342,4246,85,4331,49
2021-07-18,Merced,047,269075,31662,31537,1038,32575,471
2021-07-18,Modoc,049,8938,422,413,148,561,5
2021-07-18,Mono,051,14174,1266,1280,14,1294,3
2021-07-18,Monterey,053,433212,43602,43422,1982,45404,515
2021-07-18,Napa,055,140530,10278,10174,40,10214,81
2021-07-18,Nevada,057,99092,5227,5124,205,5329,72
2021-07-18,Orange,059,3164182,261327,258724,12195,270919,5138
2021-07-18,Placer,061,380077,24629,24313,1761,26074,303
2021-07-18,Plumas,063,18699,745,730,15,745,4
2021-07-18,Riverside,065,2383286,297870,295522,14798,310320,4543
2021-07-18,Sacramento,067,1510023,112471,111255,2093,113348,1696
2021-07-18,San Benito,069,59416,6200,6191,119,6310,63
2021-07-18,San Bernardino,071,2135413,298463,296739,9545,306284,5233
2021-07-18,San Diego,073,3302833,289892,286287,16349,302636,3786
2021-07-18,San Francisco,075,870044,38998,38367,1453,39820,560
2021-07-18,San Joaquin,077,732212,75571,74997,3922,78919,1431
2021-07-18,San Luis Obispo,079,281455,21737,21527,800,22327,259
2021-07-18,San Mateo,081,765935,43967,43506,543,44049,542
2021-07-18,Santa Barbara,083,443738,35518,34880,1252,36132,461
2021-07-18,Santa Clara,085,1922200,121422,120438,844,121282,2098
2021-07-18,Santa Cruz,087,273765,16479,16372,867,17239,207
2021-07-18,Shasta,089,179085,12799,12714,1757,14471,209
2021-07-18,Sierra,091,2930,64,64,14,78,0
2021-07-18,Siskiyou,093,43540,2014,1927,427,2354,31
2021-07-18,Solano,095,438530,34565,34215,659,34874,261
2021-07-18,Sonoma,097,501317,31991,31675,384,32059,325
2021-07-18,Stanislaus,099,539301,58114,57600,6377,63977,1028
2021-07-18,Sutter,101,95872,9915,9826,102,9928,114
2021-07-18,Tehama,103,63373,5184,5150,620,5770,65
2021-07-18,Trinity,105,12862,441,344,91,435,3
2021-07-18,Tulare,107,460477,50342,49985,9773,59758,855
2021-07-18,Tuolumne,109,53932,4226,4149,40,4189,64
2021-07-18,Ventura,111,848112,82889,82361,3371,85732,1041
2021-07-18,Yolo,113,214977,14582,14425,442,14867,213
2021-07-18,Yuba,115,75493,6442,6357,136,6493,52
2021-07-17,Alameda,001,1643700,93141,91346,2200,93546,1255
2021-07-17,Alpine,003,1148,89,89,0,89,0
2021-07-17,Amador,005,37829,3823,3785,35,3820,48
2021-07-17,Butte,007,227075,13029,12824,2002,14826,202
2021-07-17,Calaveras,009,45235,2262,2237,17,2254,57
2021-07-17,Colusa,011,21464,1990,1976,346,2322,16
2021-07-17,Contra Costa,013,1133247,73728,72254,1452,73706,824
2021-07-17,Del Norte,015,27424,1516,1475,15,1490,8
2021-07-17,El Dorado,017,186661,10805,10622,823,11445,114
2021-07-17,Fresno,019,978130,104179,103055,9209,112264,1730
2021-07-17,Glenn,021,27897,2461,2451,591,3042,20
2021-07-17,Humboldt,023,135768,4778,4654,59,4713,52
2021-07-17,Imperial,025,180216,28982,28840,2889,31729,742
2021-07-17,Inyo,027,18085,1423,1416,4,1420,36
2021-07-17,Kern,029,883053,98576,97796,11818,109614,1348
2021-07-17,Kings,031,150075,23412,23163,1212,24375,246
2021-07-17,Lake,033,64148,3952,3760,14,3774,64
2021-07-17,Lassen,035,31185,5315,5302,123,5425,21
2021-07-17,Los Angeles,037,10098052,1233077,1219733,45105,1264838,24582
2021-07-17,Madera,039,155013,16995,16804,992,17796,240
2021-07-17,Marin,041,260295,14514,14297,285,14582,234
2021-07-17,Mariposa,043,17540,447,445,11,456,5
2021-07-17,Mendocino,045,87422,4330,4209,85,4294,49
2021-07-17,Merced,047,269075,31641,31451,1034,32485,471
2021-07-17,Modoc,049,8938,422,412,148,560,5
2021-07-17,Mono,051,14174,1264,1277,14,1291,3
2021-07-17,Monterey,053,433212,43580,43367,1976,45343,515
2021-07-17,Napa,055,140530,10262,10129,40,10169,81
2021-07-17,Nevada,057,99092,5212,5066,205,5271,72
2021-07-17,Orange,059,3164182,261017,257805,12155,269960,5136
2021-07-17,Placer,061,380077,24562,24169,1747,25916,303
2021-07-17,Plumas,063,18699,740,721,15,736,4
2021-07-17,Riverside,065,2383286,297563,294751,14766,309517,4542
2021-07-17,Sacramento,067,1510023,112235,110432,2071,112503,1694
2021-07-17,San Benito,069,59416,6194,6181,119,6300,63
2021-07-17,San Bernardino,071,2135413,298229,296048,9526,305574,5218
2021-07-17,San Diego,073,3302833,289485,285698,16282,301980,3786
2021-07-17,San Francisco,075,870044,38877,37978,1449,39427,560
2021-07-17,San Joaquin,077,732212,75485,74695,3914,78609,1430
2021-07-17,San Luis Obispo,079,281455,21710,21462,800,22262,258
2021-07-17,San Mateo,081,765935,43897,43324,541,43865,542
2021-07-17,Santa Barbara,083,443738,35477,34769,1249,36018,461
2021-07-17,Santa Clara,085,1922200,121250,119980,841,120821,2097
2021-07-17,Santa Cruz,087,273765,16472,16337,867,17204,207
2021-07-17,Shasta,089,179085,12784,12683,1752,14435,210
2021-07-17,Sierra,091,2930,64,62,14,76,0
2021-07-17,Siskiyou,093,43540,2009,1922,424,2346,29
2021-07-17,Solano,095,438530,34501,34015,651,34666,263
2021-07-17,Sonoma,097,501317,31924,31536,383,31919,322
2021-07-17,Stanislaus,099,539301,58036,57400,6363,63763,1028
2021-07-17,Sutter,101,95872,9905,9778,102,9880,114
2021-07-17,Tehama,103,63373,5181,5145,620,5765,64
2021-07-17,Trinity,105,12862,440,341,91,432,3
2021-07-17,Tulare,107,460477,50321,49937,9761,59698,854
2021-07-17,Tuolumne,109,53932,4216,4131,40,4171,64
2021-07-17,Ventura,111,848112,82822,82125,3359,85484,1041
2021-07-17,Yolo,113,214977,14551,14356,435,14791,213
2021-07-17,Yuba,115,75493,6431,6309,136,6445,52
2021-07-16,Alameda,001,1643700,92907,91346,2188,93534,1255
2021-07-16,Alpine,003,1148,89,89,0,89,0
2021-07-16,Amador,005,37829,3820,3785,35,3820,48
2021-07-16,Butte,007,227075,13004,12824,1999,14823,202
2021-07-16,Calaveras,009,45235,2262,2237,17,2254,57
2021-07-16,Colusa,011,21464,1988,1976,345,2321,16
2021-07-16,Contra Costa,013,1133247,73541,72254,1447,73701,824
2021-07-16,Del Norte,015,27424,1514,1475,15,1490,8
2021-07-16,El Dorado,017,186661,10786,10622,822,11444,114
2021-07-16,Fresno,019,978130,104127,103055,9190,112245,1730
2021-07-16,Glenn,021,27897,2461,2451,591,3042,20
2021-07-16,Humboldt,023,135768,4756,4654,59,4713,52
2021-07-16,Imperial,025,180216,28970,28840,2889,31729,742
2021-07-16,Inyo,027,18085,1421,1416,4,1420,36
2021-07-16,Kern,029,883053,98515,97796,11777,109573,1348
2021-07-16,Kings,031,150075,23387,23163,1210,24373,246
2021-07-16,Lake,033,64148,3925,3760,14,3774,64
2021-07-16,Lassen,035,31185,5314,5302,123,5425,21
2021-07-16,Los Angeles,037,10098052,1231584,1219733,44961,1264694,24582
2021-07-16,Madera,039,155013,16977,16804,992,17796,240
2021-07-16,Marin,041,260295,14490,14297,282,14579,234
2021-07-16,Mariposa,043,17540,447,445,11,456,5
2021-07-16,Mendocino,045,87422,4321,4209,84,4293,49
2021-07-16,Merced,047,269075,31619,31451,1032,32483,471
2021-07-16,Modoc,049,8938,422,412,148,560,5
2021-07-16,Mono,051,14174,1263,1277,14,1291,3
2021-07-16,Monterey,053,433212,43558,43367,1975,45342,515
2021-07-16,Napa,055,140530,10238,10129,39,10168,81
2021-07-16,Nevada,057,99092,5202,5066,205,5271,72
2021-07-16,Orange,059,3164182,260744,257805,12115,269920,5136
2021-07-16,Placer,061,380077,24509,24169,1742,25911,303
2021-07-16,Plumas,063,18699,739,721,15,736,4
2021-07-16,Riverside,065,2383286,297286,294751,14741,309492,4542
2021-07-16,Sacramento,067,1510023,112018,110432,2058,112490,1694
2021-07-16,San Benito,069,59416,6192,6181,119,6300,63
2021-07-16,San Bernardino,071,2135413,297951,296048,9509,305557,5218
2021-07-16,San Diego,073,3302833,289039,285698,16235,301933,3786
2021-07-16,San Francisco,075,870044,38760,37978,1444,39422,560
2021-07-16,San Joaquin,077,732212,75390,74695,3911,78606,1430
2021-07-16,San Luis Obispo,079,281455,21693,21462,800,22262,258
2021-07-16,San Mateo,081,765935,43844,43324,540,43864,542
2021-07-16,Santa Barbara,083,443738,35439,34769,1249,36018,461
2021-07-16,Santa Clara,085,1922200,121103,119980,833,120813,2097
2021-07-16,Santa Cruz,087,273765,16459,16337,867,17204,207
2021-07-16,Shasta,089,179085,12774,12683,1751,14434,210
2021-07-16,Sierra,091,2930,64,62,14,76,0
2021-07-16,Siskiyou,093,43540,2007,1922,422,2344,29
2021-07-16,Solano,095,438530,34437,34015,643,34658,263
2021-07-16,Sonoma,097,501317,31872,31536,380,31916,322
2021-07-16,Stanislaus,099,539301,57988,57400,6351,63751,1028
2021-07-16,Sutter,101,95872,9893,9778,102,9880,114
2021-07-16,Tehama,103,63373,5179,5145,620,5765,64
2021-07-16,Trinity,105,12862,440,341,90,431,3
2021-07-16,Tulare,107,460477,50297,49937,9751,59688,854
2021-07-16,Tuolumne,109,53932,4210,4131,40,4171,64
2021-07-16,Ventura,111,848112,82757,82125,3352,85477,1041
2021-07-16,Yolo,113,214977,14525,14356,431,14787,213
2021-07-16,Yuba,115,75493,6409,6309,135,6444,52
2021-07-15,Alameda,001,1643700,92611,91346,2179,93525,1255
2021-07-15,Alpine,003,1148,89,89,0,89,0
2021-07-15,Amador,005,37829,3817,3785,35,3820,48
2021-07-15,Butte,007,227075,12978,12824,1997,14821,202
2021-07-15,Calaveras,009,45235,2260,2237,17,2254,57
2021-07-15,Colusa,011,21464,1987,1976,344,2320,16
2021-07-15,Contra Costa,013,1133247,73328,72254,1439,73693,824
2021-07-15,Del Norte,015,27424,1511,1475,15,1490,8
2021-07-15,El Dorado,017,186661,10759,10622,820,11442,114
2021-07-15,Fresno,019,978130,104031,103055,9169,112224,1730
2021-07-15,Glenn,021,27897,2461,2451,591,3042,20
2021-07-15,Humboldt,023,135768,4738,4654,58,4712,52
2021-07-15,Imperial,025,180216,28947,28840,2889,31729,742
2021-07-15,Inyo,027,18085,1421,1416,4,1420,36
2021-07-15,Kern,029,883053,98445,97796,11749,109545,1348
2021-07-15,Kings,031,150075,23349,23163,1207,24370,246
2021-07-15,Lake,033,64148,3886,3760,14,3774,64
2021-07-15,Lassen,035,31185,5313,5302,123,5425,21
2021-07-15,Los Angeles,037,10098052,1229615,1219733,44799,1264532,24582
2021-07-15,Madera,039,155013,16955,16804,988,17792,240
2021-07-15,Marin,041,260295,14466,14297,282,14579,234
2021-07-15,Mariposa,043,17540,447,445,11,456,5
2021-07-15,Mendocino,045,87422,4313,4209,83,4292,49
2021-07-15,Merced,047,269075,31589,31451,1032,32483,471
2021-07-15,Modoc,049,8938,422,412,148,560,5
2021-07-15,Mono,051,14174,1263,1277,14,1291,3
2021-07-15,Monterey,053,433212,43529,43367,1972,45339,515
2021-07-15,Napa,055,140530,10213,10129,38,10167,81
2021-07-15,Nevada,057,99092,5184,5066,204,5270,72
2021-07-15,Orange,059,3164182,260392,257805,12083,269888,5136
2021-07-15,Placer,061,380077,24450,24169,1725,25894,303
2021-07-15,Plumas,063,18699,738,721,15,736,4
2021-07-15,Riverside,065,2383286,296963,294751,14726,309477,4542
2021-07-15,Sacramento,067,1510023,111714,110432,2040,112472,1694
2021-07-15,San Benito,069,59416,6190,6181,119,6300,63
2021-07-15,San Bernardino,071,2135413,297646,296048,9494,305542,5218
2021-07-15,San Diego,073,3302833,288406,285698,16159,301857,3786
2021-07-15,San Francisco,075,870044,38609,37978,1435,39413,560
2021-07-15,San Joaquin,077,732212,75273,74695,3906,78601,1430
2021-07-15,San Luis Obispo,079,281455,21661,21462,800,22262,258
2021-07-15,San Mateo,081,765935,43740,43324,536,43860,542
2021-07-15,Santa Barbara,083,443738,35386,34769,1248,36017,461
2021-07-15,Santa Clara,085,1922200,120981,119980,830,120810,2097
2021-07-15,Santa Cruz,087,273765,16446,16337,867,17204,207
2021-07-15,Shasta,089,179085,12766,12683,1746,14429,210
2021-07-15,Sierra,091,2930,64,62,14,76,0
2021-07-15,Siskiyou,093,43540,2006,1922,422,2344,29
2021-07-15,Solano,095,438530,34363,34015,637,34652,263
2021-07-15,Sonoma,097,501317,31811,31536,380,31916,322
2021-07-15,Stanislaus,099,539301,57920,57400,6338,63738,1028
2021-07-15,Sutter,101,95872,9873,9778,101,9879,114
2021-07-15,Tehama,103,63373,5173,5145,619,5764,64
2021-07-15,Trinity,105,12862,440,341,90,431,3
2021-07-15,Tulare,107,460477,50276,49937,9734,59671,854
2021-07-15,Tuolumne,109,53932,4198,4131,40,4171,64
2021-07-15,Ventura,111,848112,82680,82125,3347,85472,1041
2021-07-15,Yolo,113,214977,14498,14356,430,14786,213
2021-07-15,Yuba,115,75493,6394,6309,134,6443,52
2021-07-14,Alameda,001,1643700,92351,91092,2160,93252,1255
2021-07-14,Alpine,003,1148,89,89,0,89,0
2021-07-14,Amador,005,37829,3809,3784,35,3819,48
2021-07-14,Butte,007,227075,12951,12813,1990,14803,202
2021-07-14,Calaveras,009,45235,2252,2234,17,2251,57
2021-07-14,Colusa,011,21464,1984,1974,344,2318,16
2021-07-14,Contra Costa,013,1133247,73103,72091,1426,73517,823
2021-07-14,Del Norte,015,27424,1510,1472,15,1487,8
2021-07-14,El Dorado,017,186661,10733,10598,817,11415,114
2021-07-14,Fresno,019,978130,103952,102966,9158,112124,1728
2021-07-14,Glenn,021,27897,2461,2449,591,3040,20
2021-07-14,Humboldt,023,135768,4715,4644,56,4700,52
2021-07-14,Imperial,025,180216,28918,28822,2889,31711,742
2021-07-14,Inyo,027,18085,1420,1415,4,1419,36
2021-07-14,Kern,029,883053,98382,97736,11723,109459,1346
2021-07-14,Kings,031,150075,23336,23142,1207,24349,246
2021-07-14,Lake,033,64148,3853,3739,14,3753,63
2021-07-14,Lassen,035,31185,5312,5298,123,5421,21
2021-07-14,Los Angeles,037,10098052,1227615,1218265,44651,1262916,24578
2021-07-14,Madera,039,155013,16943,16786,986,17772,240
2021-07-14,Marin,041,260295,14432,14269,280,14549,233
2021-07-14,Mariposa,043,17540,445,445,11,456,5
2021-07-14,Mendocino,045,87422,4300,4193,83,4276,49
2021-07-14,Merced,047,269075,31552,31412,1029,32441,471
2021-07-14,Modoc,049,8938,422,412,148,560,4
2021-07-14,Mono,051,14174,1263,1278,14,1292,3
2021-07-14,Monterey,053,433212,43505,43347,1970,45317,504
2021-07-14,Napa,055,140530,10191,10121,38,10159,81
2021-07-14,Nevada,057,99092,5165,5058,204,5262,72
2021-07-14,Orange,059,3164182,260077,257558,12054,269612,5137
2021-07-14,Placer,061,380077,24397,24125,1713,25838,303
2021-07-14,Plumas,063,18699,731,719,15,734,4
2021-07-14,Riverside,065,2383286,296639,294511,14709,309220,4542
2021-07-14,Sacramento,067,1510023,111387,110193,2016,112209,1688
2021-07-14,San Benito,069,59416,6187,6177,119,6296,63
2021-07-14,San Bernardino,071,2135413,297345,295820,9479,305299,5193
2021-07-14,San Diego,073,3302833,287835,285269,16081,301350,3786
2021-07-14,San Francisco,075,870044,38470,37836,1428,39264,559
2021-07-14,San Joaquin,077,732212,75181,74599,3896,78495,1416
2021-07-14,San Luis Obispo,079,281455,21639,21444,798,22242,258
2021-07-14,San Mateo,081,765935,43643,43249,532,43781,542
2021-07-14,Santa Barbara,083,443738,35346,34719,1246,35965,461
2021-07-14,Santa Clara,085,1922200,120831,119844,827,120671,2098
2021-07-14,Santa Cruz,087,273765,16432,16326,867,17193,207
2021-07-14,Shasta,089,179085,12746,12669,1743,14412,209
2021-07-14,Sierra,091,2930,64,62,14,76,0
2021-07-14,Siskiyou,093,43540,1999,1922,419,2341,29
2021-07-14,Solano,095,438530,34291,33948,637,34585,268
2021-07-14,Sonoma,097,501317,31759,31470,380,31850,322
2021-07-14,Stanislaus,099,539301,57845,57340,6326,63666,1028
2021-07-14,Sutter,101,95872,9850,9766,101,9867,114
2021-07-14,Tehama,103,63373,5171,5142,619,5761,64
2021-07-14,Trinity,105,12862,440,341,90,431,3
2021-07-14,Tulare,107,460477,50259,49908,9719,59627,853
2021-07-14,Tuolumne,109,53932,4195,4128,39,4167,64
2021-07-14,Ventura,111,848112,82586,82041,3336,85377,1040
2021-07-14,Yolo,113,214977,14465,14332,427,14759,213
2021-07-14,Yuba,115,75493,6376,6294,134,6428,52
2021-07-13,Alameda,001,1643700,92084,90874,2149,93023,1255
2021-07-13,Alpine,003,1148,89,89,0,89,0
2021-07-13,Amador,005,37829,3802,3783,35,3818,48
2021-07-13,Butte,007,227075,12938,12802,1988,14790,202
2021-07-13,Calaveras,009,45235,2248,2230,17,2247,57
2021-07-13,Colusa,011,21464,1982,1972,340,2312,16
2021-07-13,Contra Costa,013,1133247,72878,71963,1417,73380,823
2021-07-13,Del Norte,015,27424,1506,1471,15,1486,8
2021-07-13,El Dorado,017,186661,10715,10581,814,11395,114
2021-07-13,Fresno,019,978130,103876,102909,9149,112058,1727
2021-07-13,Glenn,021,27897,2459,2448,591,3039,20
2021-07-13,Humboldt,023,135768,4700,4634,56,4690,51
2021-07-13,Imperial,025,180216,28907,28792,2889,31681,741
2021-07-13,Inyo,027,18085,1419,1415,4,1419,36
2021-07-13,Kern,029,883053,98293,97698,11683,109381,1346
2021-07-13,Kings,031,150075,23318,23132,1207,24339,246
2021-07-13,Lake,033,64148,3826,3719,13,3732,63
2021-07-13,Lassen,035,31185,5310,5292,123,5415,21
2021-07-13,Los Angeles,037,10098052,1225776,1217184,44477,1261661,24569
2021-07-13,Madera,039,155013,16934,16773,982,17755,240
2021-07-13,Marin,041,260295,14403,14254,279,14533,233
2021-07-13,Mariposa,043,17540,444,443,11,454,5
2021-07-13,Mendocino,045,87422,4293,4185,83,4268,49
2021-07-13,Merced,047,269075,31531,31379,1026,32405,471
2021-07-13,Modoc,049,8938,422,411,148,559,4
2021-07-13,Mono,051,14174,1262,1277,14,1291,3
2021-07-13,Monterey,053,433212,43487,43333,1966,45299,504
2021-07-13,Napa,055,140530,10170,10118,38,10156,81
2021-07-13,Nevada,057,99092,5140,5053,204,5257,72
2021-07-13,Orange,059,3164182,259746,257339,12024,269363,5136
2021-07-13,Placer,061,380077,24351,24091,1700,25791,303
2021-07-13,Plumas,063,18699,730,716,15,731,4
2021-07-13,Riverside,065,2383286,296316,294302,14683,308985,4541
2021-07-13,Sacramento,067,1510023,111077,109990,1994,111984,1687
2021-07-13,San Benito,069,59416,6185,6173,119,6292,63
2021-07-13,San Bernardino,071,2135413,297069,295596,9457,305053,5183
2021-07-13,San Diego,073,3302833,287293,284997,16002,300999,3785
2021-07-13,San Francisco,075,870044,38327,37725,1421,39146,559
2021-07-13,San Joaquin,077,732212,75066,74500,3893,78393,1417
2021-07-13,San Luis Obispo,079,281455,21613,21423,795,22218,258
2021-07-13,San Mateo,081,765935,43575,43180,531,43711,542
2021-07-13,Santa Barbara,083,443738,35297,34679,1243,35922,461
2021-07-13,Santa Clara,085,1922200,120677,119727,823,120550,2098
2021-07-13,Santa Cruz,087,273765,16423,16315,865,17180,207
2021-07-13,Shasta,089,179085,12733,12659,1736,14395,209
2021-07-13,Sierra,091,2930,64,62,14,76,0
2021-07-13,Siskiyou,093,43540,1998,1916,417,2333,29
2021-07-13,Solano,095,438530,34229,33918,631,34549,268
2021-07-13,Sonoma,097,501317,31700,31431,380,31811,322
2021-07-13,Stanislaus,099,539301,57776,57282,6312,63594,1028
2021-07-13,Sutter,101,95872,9832,9752,100,9852,114
2021-07-13,Tehama,103,63373,5164,5144,619,5763,64
2021-07-13,Trinity,105,12862,440,341,89,430,3
2021-07-13,Tulare,107,460477,50235,49891,9703,59594,853
2021-07-13,Tuolumne,109,53932,4187,4122,38,4160,64
2021-07-13,Ventura,111,848112,82502,81982,3311,85293,1040
2021-07-13,Yolo,113,214977,14437,14320,420,14740,213
2021-07-13,Yuba,115,75493,6359,6279,134,6413,52
2021-07-12,Alameda,001,1643700,91828,90720,2141,92861,1254
2021-07-12,Alpine,003,1148,89,89,0,89,0
2021-07-12,Amador,005,37829,3795,3781,35,3816,47
2021-07-12,Butte,007,227075,12918,12796,1986,14782,202
2021-07-12,Calaveras,009,45235,2246,2228,17,2245,57
2021-07-12,Colusa,011,21464,1978,1971,339,2310,16
2021-07-12,Contra Costa,013,1133247,72676,71833,1412,73245,823
2021-07-12,Del Norte,015,27424,1503,1469,15,1484,8
2021-07-12,El Dorado,017,186661,10687,10569,812,11381,114
2021-07-12,Fresno,019,978130,103783,102853,9137,111990,1728
2021-07-12,Glenn,021,27897,2459,2446,591,3037,20
2021-07-12,Humboldt,023,135768,4684,4621,56,4677,51
2021-07-12,Imperial,025,180216,28877,28789,2889,31678,741
2021-07-12,Inyo,027,18085,1419,1415,4,1419,36
2021-07-12,Kern,029,883053,98224,97660,11658,109318,1346
2021-07-12,Kings,031,150075,23298,23124,1205,24329,246
2021-07-12,Lake,033,64148,3805,3706,13,3719,63
2021-07-12,Lassen,035,31185,5309,5292,123,5415,21
2021-07-12,Los Angeles,037,10098052,1223998,1216230,44336,1260566,24559
2021-07-12,Madera,039,155013,16923,16772,982,17754,240
2021-07-12,Marin,041,260295,14378,14238,278,14516,233
2021-07-12,Mariposa,043,17540,444,442,11,453,5
2021-07-12,Mendocino,045,87422,4282,4175,83,4258,49
2021-07-12,Merced,047,269075,31500,31374,1025,32399,471
2021-07-12,Modoc,049,8938,421,411,148,559,4
2021-07-12,Mono,051,14174,1260,1275,14,1289,3
2021-07-12,Monterey,053,433212,43466,43315,1962,45277,504
2021-07-12,Napa,055,140530,10152,10104,37,10141,81
2021-07-12,Nevada,057,99092,5117,5046,204,5250,72
2021-07-12,Orange,059,3164182,259396,257171,11999,269170,5136
2021-07-12,Placer,061,380077,24300,24052,1694,25746,302
2021-07-12,Plumas,063,18699,730,716,15,731,4
2021-07-12,Riverside,065,2383286,296008,294108,14653,308761,4541
2021-07-12,Sacramento,067,1510023,110862,109849,1968,111817,1685
2021-07-12,San Benito,069,59416,6182,6166,119,6285,63
2021-07-12,San Bernardino,071,2135413,296798,295447,9443,304890,5171
2021-07-12,San Diego,073,3302833,286829,284648,15926,300574,3785
2021-07-12,San Francisco,075,870044,38180,37656,1417,39073,559
2021-07-12,San Joaquin,077,732212,74971,74424,3883,78307,1415
2021-07-12,San Luis Obispo,079,281455,21594,21408,794,22202,258
2021-07-12,San Mateo,081,765935,43482,43138,524,43662,542
2021-07-12,Santa Barbara,083,443738,35255,34664,1241,35905,461
2021-07-12,Santa Clara,085,1922200,120512,119634,820,120454,2098
2021-07-12,Santa Cruz,087,273765,16398,16310,864,17174,207
2021-07-12,Shasta,089,179085,12725,12648,1733,14381,208
2021-07-12,Sierra,091,2930,64,62,14,76,0
2021-07-12,Siskiyou,093,43540,1993,1916,412,2328,29
2021-07-12,Solano,095,438530,34143,33859,622,34481,268
2021-07-12,Sonoma,097,501317,31652,31377,379,31756,322
2021-07-12,Stanislaus,099,539301,57703,57243,6305,63548,1028
2021-07-12,Sutter,101,95872,9815,9736,99,9835,114
2021-07-12,Tehama,103,63373,5159,5138,618,5756,63
2021-07-12,Trinity,105,12862,436,340,87,427,3
2021-07-12,Tulare,107,460477,50207,49882,9689,59571,853
2021-07-12,Tuolumne,109,53932,4183,4116,38,4154,64
2021-07-12,Ventura,111,848112,82401,81919,3290,85209,1040
2021-07-12,Yolo,113,214977,14408,14303,416,14719,213
2021-07-12,Yuba,115,75493,6344,6266,134,6400,52
2021-07-11,Alameda,001,1643700,91500,90597,2126,92723,1254
2021-07-11,Alpine,003,1148,89,89,0,89,0
2021-07-11,Amador,005,37829,3793,3779,35,3814,47
2021-07-11,Butte,007,227075,12897,12794,1979,14773,202
2021-07-11,Calaveras,009,45235,2238,2226,16,2242,57
2021-07-11,Colusa,011,21464,1978,1971,338,2309,16
2021-07-11,Contra Costa,013,1133247,72466,71744,1405,73149,823
2021-07-11,Del Norte,015,27424,1499,1467,14,1481,8
2021-07-11,El Dorado,017,186661,10658,10554,810,11364,114
2021-07-11,Fresno,019,978130,103688,102813,9118,111931,1728
2021-07-11,Glenn,021,27897,2458,2446,591,3037,20
2021-07-11,Humboldt,023,135768,4671,4611,55,4666,51
2021-07-11,Imperial,025,180216,28859,28787,2888,31675,741
2021-07-11,Inyo,027,18085,1417,1415,4,1419,36
2021-07-11,Kern,029,883053,98151,97637,11642,109279,1346
2021-07-11,Kings,031,150075,23267,23116,1202,24318,246
2021-07-11,Lake,033,64148,3774,3699,13,3712,63
2021-07-11,Lassen,035,31185,5306,5291,123,5414,21
2021-07-11,Los Angeles,037,10098052,1222255,1215182,44175,1259357,24558
2021-07-11,Madera,039,155013,16904,16766,981,17747,240
2021-07-11,Marin,041,260295,14352,14231,278,14509,233
2021-07-11,Mariposa,043,17540,443,442,11,453,5
2021-07-11,Mendocino,045,87422,4262,4167,83,4250,49
2021-07-11,Merced,047,269075,31476,31366,1020,32386,471
2021-07-11,Modoc,049,8938,420,411,148,559,4
2021-07-11,Mono,051,14174,1260,1275,14,1289,3
2021-07-11,Monterey,053,433212,43448,43307,1957,45264,504
2021-07-11,Napa,055,140530,10148,10100,37,10137,81
2021-07-11,Nevada,057,99092,5106,5035,203,5238,72
2021-07-11,Orange,059,3164182,259083,257009,11969,268978,5136
2021-07-11,Placer,061,380077,24243,24017,1682,25699,302
2021-07-11,Plumas,063,18699,730,716,15,731,4
2021-07-11,Riverside,065,2383286,295744,293969,14635,308604,4541
2021-07-11,Sacramento,067,1510023,110584,109696,1958,111654,1685
2021-07-11,San Benito,069,59416,6177,6163,119,6282,63
2021-07-11,San Bernardino,071,2135413,296493,295342,9418,304760,5167
2021-07-11,San Diego,073,3302833,286416,283819,15840,299659,3784
2021-07-11,San Francisco,075,870044,38052,37596,1411,39007,559
2021-07-11,San Joaquin,077,732212,74855,74376,3866,78242,1415
2021-07-11,San Luis Obispo,079,281455,21561,21403,793,22196,258
2021-07-11,San Mateo,081,765935,43403,43107,517,43624,542
2021-07-11,Santa Barbara,083,443738,35209,34646,1241,35887,461
2021-07-11,Santa Clara,085,1922200,120358,119549,819,120368,2098
2021-07-11,Santa Cruz,087,273765,16382,16303,864,17167,207
2021-07-11,Shasta,089,179085,12708,12647,1731,14378,208
2021-07-11,Sierra,091,2930,64,62,14,76,0
2021-07-11,Siskiyou,093,43540,1989,1915,410,2325,29
2021-07-11,Solano,095,438530,34065,33837,618,34455,268
2021-07-11,Sonoma,097,501317,31570,31352,379,31731,322
2021-07-11,Stanislaus,099,539301,57631,57230,6293,63523,1028
2021-07-11,Sutter,101,95872,9801,9728,99,9827,114
2021-07-11,Tehama,103,63373,5156,5138,618,5756,63
2021-07-11,Trinity,105,12862,435,340,87,427,3
2021-07-11,Tulare,107,460477,50183,49877,9669,59546,853
2021-07-11,Tuolumne,109,53932,4177,4116,38,4154,64
2021-07-11,Ventura,111,848112,82329,81875,3270,85145,1040
2021-07-11,Yolo,113,214977,14382,14285,409,14694,213
2021-07-11,Yuba,115,75493,6333,6260,134,6394,52
2021-07-10,Alameda,001,1643700,91350,90090,2123,92213,1252
2021-07-10,Alpine,003,1148,89,89,0,89,0
2021-07-10,Amador,005,37829,3787,3773,35,3808,47
2021-07-10,Butte,007,227075,12886,12764,1976,14740,202
2021-07-10,Calaveras,009,45235,2237,2214,16,2230,57
2021-07-10,Colusa,011,21464,1976,1969,338,2307,16
2021-07-10,Contra Costa,013,1133247,72367,71376,1404,72780,821
2021-07-10,Del Norte,015,27424,1497,1451,14,1465,8
2021-07-10,El Dorado,017,186661,10642,10508,806,11314,114
2021-07-10,Fresno,019,978130,103655,102675,9111,111786,1730
2021-07-10,Glenn,021,27897,2455,2440,590,3030,20
2021-07-10,Humboldt,023,135768,4662,4574,55,4629,51
2021-07-10,Imperial,025,180216,28846,28729,2888,31617,741
2021-07-10,Inyo,027,18085,1416,1415,4,1419,36
2021-07-10,Kern,029,883053,98111,97538,11624,109162,1346
2021-07-10,Kings,031,150075,23260,23090,1201,24291,246
2021-07-10,Lake,033,64148,3757,3667,13,3680,63
2021-07-10,Lassen,035,31185,5306,5290,123,5413,21
2021-07-10,Los Angeles,037,10098052,1221237,1212043,44071,1256114,24542
2021-07-10,Madera,039,155013,16898,16744,978,17722,241
2021-07-10,Marin,041,260295,14338,14194,278,14472,233
2021-07-10,Mariposa,043,17540,443,442,11,453,5
2021-07-10,Mendocino,045,87422,4255,4153,82,4235,49
2021-07-10,Merced,047,269075,31463,31328,1020,32348,470
2021-07-10,Modoc,049,8938,420,410,148,558,4
2021-07-10,Mono,051,14174,1260,1275,14,1289,3
2021-07-10,Monterey,053,433212,43434,43251,1955,45206,499
2021-07-10,Napa,055,140530,10136,10077,37,10114,81
2021-07-10,Nevada,057,99092,5097,5000,203,5203,72
2021-07-10,Orange,059,3164182,258910,256438,11953,268391,5135
2021-07-10,Placer,061,380077,24214,23916,1672,25588,302
2021-07-10,Plumas,063,18699,729,717,15,732,4
2021-07-10,Riverside,065,2383286,295558,293474,14621,308095,4541
2021-07-10,Sacramento,067,1510023,110435,109091,1953,111044,1682
2021-07-10,San Benito,069,59416,6172,6141,119,6260,63
2021-07-10,San Bernardino,071,2135413,296305,294932,9406,304338,5117
2021-07-10,San Diego,073,3302833,286126,283577,15787,299364,3783
2021-07-10,San Francisco,075,870044,37968,37338,1406,38744,559
2021-07-10,San Joaquin,077,732212,74798,74150,3860,78010,1412
2021-07-10,San Luis Obispo,079,281455,21550,21375,792,22167,258
2021-07-10,San Mateo,081,765935,43353,42948,515,43463,542
2021-07-10,Santa Barbara,083,443738,35183,34595,1241,35836,460
2021-07-10,Santa Clara,085,1922200,120255,119330,816,120146,2094
2021-07-10,Santa Cruz,087,273765,16375,16286,864,17150,207
2021-07-10,Shasta,089,179085,12695,12623,1726,14349,206
2021-07-10,Sierra,091,2930,64,61,14,75,0
2021-07-10,Siskiyou,093,43540,1987,1909,407,2316,29
2021-07-10,Solano,095,438530,34025,33678,612,34290,268
2021-07-10,Sonoma,097,501317,31519,31231,379,31610,317
2021-07-10,Stanislaus,099,539301,57590,57104,6283,63387,1026
2021-07-10,Sutter,101,95872,9788,9692,99,9791,114
2021-07-10,Tehama,103,63373,5153,5131,618,5749,63
2021-07-10,Trinity,105,12862,435,341,87,428,3
2021-07-10,Tulare,107,460477,50173,49850,9663,59513,853
2021-07-10,Tuolumne,109,53932,4175,4114,38,4152,64
2021-07-10,Ventura,111,848112,82284,81713,3252,84965,1039
2021-07-10,Yolo,113,214977,14361,14250,406,14656,213
2021-07-10,Yuba,115,75493,6323,6238,134,6372,52
2021-07-09,Alameda,001,1643700,91198,90090,2117,92207,1252
2021-07-09,Alpine,003,1148,89,89,0,89,0
2021-07-09,Amador,005,37829,3786,3773,35,3808,47
2021-07-09,Butte,007,227075,12875,12764,1974,14738,202
2021-07-09,Calaveras,009,45235,2235,2214,16,2230,57
2021-07-09,Colusa,011,21464,1975,1969,338,2307,16
2021-07-09,Contra Costa,013,1133247,72242,71376,1403,72779,821
2021-07-09,Del Norte,015,27424,1492,1451,14,1465,8
2021-07-09,El Dorado,017,186661,10627,10508,805,11313,114
2021-07-09,Fresno,019,978130,103599,102675,9104,111779,1730
2021-07-09,Glenn,021,27897,2454,2440,588,3028,20
2021-07-09,Humboldt,023,135768,4643,4574,55,4629,51
2021-07-09,Imperial,025,180216,28838,28729,2887,31616,741
2021-07-09,Inyo,027,18085,1415,1415,4,1419,36
2021-07-09,Kern,029,883053,98073,97538,11612,109150,1346
2021-07-09,Kings,031,150075,23250,23090,1200,24290,246
2021-07-09,Lake,033,64148,3743,3667,13,3680,63
2021-07-09,Lassen,035,31185,5304,5290,122,5412,21
2021-07-09,Los Angeles,037,10098052,1220234,1212043,43997,1256040,24542
2021-07-09,Madera,039,155013,16889,16744,977,17721,241
2021-07-09,Marin,041,260295,14317,14194,277,14471,233
2021-07-09,Mariposa,043,17540,443,442,11,453,5
2021-07-09,Mendocino,045,87422,4248,4153,82,4235,49
2021-07-09,Merced,047,269075,31448,31328,1020,32348,470
2021-07-09,Modoc,049,8938,420,410,148,558,4
2021-07-09,Mono,051,14174,1260,1275,14,1289,3
2021-07-09,Monterey,053,433212,43425,43251,1955,45206,499
2021-07-09,Napa,055,140530,10129,10077,37,10114,81
2021-07-09,Nevada,057,99092,5088,5000,203,5203,72
2021-07-09,Orange,059,3164182,258706,256438,11939,268377,5135
2021-07-09,Placer,061,380077,24192,23916,1666,25582,302
2021-07-09,Plumas,063,18699,727,717,15,732,4
2021-07-09,Riverside,065,2383286,295371,293474,14607,308081,4541
2021-07-09,Sacramento,067,1510023,110282,109091,1945,111036,1682
2021-07-09,San Benito,069,59416,6170,6141,119,6260,63
2021-07-09,San Bernardino,071,2135413,296153,294932,9399,304331,5117
2021-07-09,San Diego,073,3302833,285840,283577,15739,299316,3783
2021-07-09,San Francisco,075,870044,37888,37338,1399,38737,559
2021-07-09,San Joaquin,077,732212,74725,74150,3853,78003,1412
2021-07-09,San Luis Obispo,079,281455,21538,21375,792,22167,258
2021-07-09,San Mateo,081,765935,43307,42948,511,43459,542
2021-07-09,Santa Barbara,083,443738,35164,34595,1240,35835,460
2021-07-09,Santa Clara,085,1922200,120145,119330,816,120146,2094
2021-07-09,Santa Cruz,087,273765,16372,16286,864,17150,207
2021-07-09,Shasta,089,179085,12689,12623,1721,14344,206
2021-07-09,Sierra,091,2930,64,61,14,75,0
2021-07-09,Siskiyou,093,43540,1985,1909,406,2315,29
2021-07-09,Solano,095,438530,33991,33678,608,34286,268
2021-07-09,Sonoma,097,501317,31483,31231,379,31610,317
2021-07-09,Stanislaus,099,539301,57548,57104,6281,63385,1026
2021-07-09,Sutter,101,95872,9779,9692,99,9791,114
2021-07-09,Tehama,103,63373,5151,5131,618,5749,63
2021-07-09,Trinity,105,12862,434,341,84,425,3
2021-07-09,Tulare,107,460477,50160,49850,9657,59507,853
2021-07-09,Tuolumne,109,53932,4172,4114,38,4152,64
2021-07-09,Ventura,111,848112,82229,81713,3243,84956,1039
2021-07-09,Yolo,113,214977,14346,14250,402,14652,213
2021-07-09,Yuba,115,75493,6310,6238,134,6372,52
2021-07-08,Alameda,001,1643700,90988,90090,2112,92202,1252
2021-07-08,Alpine,003,1148,89,89,0,89,0
2021-07-08,Amador,005,37829,3784,3773,35,3808,47
2021-07-08,Butte,007,227075,12862,12764,1971,14735,202
2021-07-08,Calaveras,009,45235,2230,2214,15,2229,57
2021-07-08,Colusa,011,21464,1975,1969,338,2307,16
2021-07-08,Contra Costa,013,1133247,72114,71376,1398,72774,821
2021-07-08,Del Norte,015,27424,1490,1451,14,1465,8
2021-07-08,El Dorado,017,186661,10610,10508,800,11308,114
2021-07-08,Fresno,019,978130,103537,102675,9092,111767,1730
2021-07-08,Glenn,021,27897,2454,2440,588,3028,20
2021-07-08,Humboldt,023,135768,4628,4574,54,4628,51
2021-07-08,Imperial,025,180216,28825,28729,2886,31615,741
2021-07-08,Inyo,027,18085,1415,1415,4,1419,36
2021-07-08,Kern,029,883053,98029,97538,11594,109132,1346
2021-07-08,Kings,031,150075,23241,23090,1200,24290,246
2021-07-08,Lake,033,64148,3729,3667,13,3680,63
2021-07-08,Lassen,035,31185,5301,5290,122,5412,21
2021-07-08,Los Angeles,037,10098052,1219024,1212043,43901,1255944,24542
2021-07-08,Madera,039,155013,16874,16744,977,17721,241
2021-07-08,Marin,041,260295,14303,14194,277,14471,233
2021-07-08,Mariposa,043,17540,442,442,11,453,5
2021-07-08,Mendocino,045,87422,4245,4153,82,4235,49
2021-07-08,Merced,047,269075,31434,31328,1018,32346,470
2021-07-08,Modoc,049,8938,420,410,148,558,4
2021-07-08,Mono,051,14174,1260,1275,14,1289,3
2021-07-08,Monterey,053,433212,43405,43251,1949,45200,499
2021-07-08,Napa,055,140530,10125,10077,37,10114,81
2021-07-08,Nevada,057,99092,5082,5000,203,5203,72
2021-07-08,Orange,059,3164182,258512,256438,11918,268356,5135
2021-07-08,Placer,061,380077,24153,23916,1658,25574,302
2021-07-08,Plumas,063,18699,726,717,15,732,4
2021-07-08,Riverside,065,2383286,295170,293474,14591,308065,4541
2021-07-08,Sacramento,067,1510023,110061,109091,1938,111029,1682
2021-07-08,San Benito,069,59416,6167,6141,119,6260,63
2021-07-08,San Bernardino,071,2135413,295978,294932,9390,304322,5117
2021-07-08,San Diego,073,3302833,285512,283577,15691,299268,3783
2021-07-08,San Francisco,075,870044,37808,37338,1395,38733,559
2021-07-08,San Joaquin,077,732212,74637,74150,3840,77990,1412
2021-07-08,San Luis Obispo,079,281455,21526,21375,789,22164,258
2021-07-08,San Mateo,081,765935,43257,42948,510,43458,542
2021-07-08,Santa Barbara,083,443738,35137,34595,1238,35833,460
2021-07-08,Santa Clara,085,1922200,120052,119330,815,120145,2094
2021-07-08,Santa Cruz,087,273765,16366,16286,864,17150,207
2021-07-08,Shasta,089,179085,12683,12623,1717,14340,206
2021-07-08,Sierra,091,2930,64,61,14,75,0
2021-07-08,Siskiyou,093,43540,1980,1909,403,2312,29
2021-07-08,Solano,095,438530,33939,33678,600,34278,268
2021-07-08,Sonoma,097,501317,31452,31231,378,31609,317
2021-07-08,Stanislaus,099,539301,57513,57104,6277,63381,1026
2021-07-08,Sutter,101,95872,9764,9692,97,9789,114
2021-07-08,Tehama,103,63373,5148,5131,617,5748,63
2021-07-08,Trinity,105,12862,434,341,84,425,3
2021-07-08,Tulare,107,460477,50143,49850,9648,59498,853
2021-07-08,Tuolumne,109,53932,4170,4114,38,4152,64
2021-07-08,Ventura,111,848112,82165,81713,3226,84939,1039
2021-07-08,Yolo,113,214977,14328,14250,400,14650,213
2021-07-08,Yuba,115,75493,6302,6238,134,6372,52
2021-07-07,Alameda,001,1643700,90804,89995,2106,92101,1253
2021-07-07,Alpine,003,1148,89,89,0,89,0
2021-07-07,Amador,005,37829,3779,3770,35,3805,47
2021-07-07,Butte,007,227075,12849,12750,1966,14716,202
2021-07-07,Calaveras,009,45235,2225,2212,15,2227,57
2021-07-07,Colusa,011,21464,1971,1969,338,2307,16
2021-07-07,Contra Costa,013,1133247,71969,71308,1396,72704,821
2021-07-07,Del Norte,015,27424,1485,1446,14,1460,8
2021-07-07,El Dorado,017,186661,10590,10494,798,11292,114
2021-07-07,Fresno,019,978130,103487,102639,9085,111724,1729
2021-07-07,Glenn,021,27897,2454,2441,588,3029,20
2021-07-07,Humboldt,023,135768,4614,4566,54,4620,51
2021-07-07,Imperial,025,180216,28818,28701,2886,31587,740
2021-07-07,Inyo,027,18085,1414,1415,4,1419,36
2021-07-07,Kern,029,883053,97986,97507,11578,109085,1348
2021-07-07,Kings,031,150075,23228,23085,1197,24282,245
2021-07-07,Lake,033,64148,3710,3660,13,3673,63
2021-07-07,Lassen,035,31185,5301,5286,122,5408,21
2021-07-07,Los Angeles,037,10098052,1217848,1211316,43793,1255109,24531
2021-07-07,Madera,039,155013,16864,16733,975,17708,241
2021-07-07,Marin,041,260295,14284,14183,276,14459,233
2021-07-07,Mariposa,043,17540,440,442,11,453,5
2021-07-07,Mendocino,045,87422,4236,4145,82,4227,49
2021-07-07,Merced,047,269075,31419,31317,1018,32335,470
2021-07-07,Modoc,049,8938,420,410,148,558,4
2021-07-07,Mono,051,14174,1259,1274,14,1288,3
2021-07-07,Monterey,053,433212,43381,43233,1947,45180,494
2021-07-07,Napa,055,140530,10114,10078,37,10115,81
2021-07-07,Nevada,057,99092,5075,4996,203,5199,72
2021-07-07,Orange,059,3164182,258285,256301,11895,268196,5132
2021-07-07,Placer,061,380077,24117,23901,1648,25549,302
2021-07-07,Plumas,063,18699,726,710,15,725,4
2021-07-07,Riverside,065,2383286,294956,293331,14580,307911,4538
2021-07-07,Sacramento,067,1510023,109871,108954,1930,110884,1682
2021-07-07,San Benito,069,59416,6162,6137,119,6256,63
2021-07-07,San Bernardino,071,2135413,295810,294787,9383,304170,5087
2021-07-07,San Diego,073,3302833,285194,283377,15651,299028,3782
2021-07-07,San Francisco,075,870044,37716,37284,1392,38676,558
2021-07-07,San Joaquin,077,732212,74561,74095,3824,77919,1410
2021-07-07,San Luis Obispo,079,281455,21517,21360,787,22147,258
2021-07-07,San Mateo,081,765935,43202,42908,507,43415,542
2021-07-07,Santa Barbara,083,443738,35111,34582,1238,35820,460
2021-07-07,Santa Clara,085,1922200,119954,119250,814,120064,2094
2021-07-07,Santa Cruz,087,273765,16357,16279,863,17142,207
2021-07-07,Shasta,089,179085,12675,12613,1714,14327,206
2021-07-07,Sierra,091,2930,64,60,14,74,0
2021-07-07,Siskiyou,093,43540,1974,1908,399,2307,29
2021-07-07,Solano,095,438530,33891,33659,593,34252,268
2021-07-07,Sonoma,097,501317,31406,31172,378,31550,316
2021-07-07,Stanislaus,099,539301,57468,57102,6272,63374,1028
2021-07-07,Sutter,101,95872,9754,9683,97,9780,114
2021-07-07,Tehama,103,63373,5147,5129,617,5746,63
2021-07-07,Trinity,105,12862,434,341,84,425,3
2021-07-07,Tulare,107,460477,50139,49835,9639,59474,853
2021-07-07,Tuolumne,109,53932,4166,4115,37,4152,64
2021-07-07,Ventura,111,848112,82121,81608,3212,84820,1036
2021-07-07,Yolo,113,214977,14318,14236,397,14633,213
2021-07-07,Yuba,115,75493,6286,6233,134,6367,51
2021-07-06,Alameda,001,1643700,90608,89918,2098,92016,1253
2021-07-06,Alpine,003,1148,89,89,0,89,0
2021-07-06,Amador,005,37829,3778,3768,34,3802,47
2021-07-06,Butte,007,227075,12836,12744,1963,14707,201
2021-07-06,Calaveras,009,45235,2225,2211,15,2226,55
2021-07-06,Colusa,011,21464,1970,1967,335,2302,16
2021-07-06,Contra Costa,013,1133247,71840,71262,1394,72656,820
2021-07-06,Del Norte,015,27424,1481,1445,14,1459,8
2021-07-06,El Dorado,017,186661,10572,10484,797,11281,113
2021-07-06,Fresno,019,978130,103435,102616,9074,111690,1727
2021-07-06,Glenn,021,27897,2453,2438,588,3026,20
2021-07-06,Humboldt,023,135768,4600,4565,53,4618,49
2021-07-06,Imperial,025,180216,28803,28693,2884,31577,739
2021-07-06,Inyo,027,18085,1414,1412,4,1416,36
2021-07-06,Kern,029,883053,97944,97491,11567,109058,1346
2021-07-06,Kings,031,150075,23220,23077,1196,24273,245
2021-07-06,Lake,033,64148,3700,3659,13,3672,63
2021-07-06,Lassen,035,31185,5300,5288,121,5409,21
2021-07-06,Los Angeles,037,10098052,1216639,1210965,43695,1254660,24525
2021-07-06,Madera,039,155013,16853,16730,975,17705,241
2021-07-06,Marin,041,260295,14270,14181,276,14457,233
2021-07-06,Mariposa,043,17540,440,442,11,453,5
2021-07-06,Mendocino,045,87422,4229,4143,82,4225,49
2021-07-06,Merced,047,269075,31402,31317,1017,32334,470
2021-07-06,Modoc,049,8938,420,411,148,559,4
2021-07-06,Mono,051,14174,1258,1274,14,1288,3
2021-07-06,Monterey,053,433212,43359,43224,1946,45170,494
2021-07-06,Napa,055,140530,10103,10081,37,10118,81
2021-07-06,Nevada,057,99092,5066,4988,203,5191,72
2021-07-06,Orange,059,3164182,258043,256227,11878,268105,5129
2021-07-06,Placer,061,380077,24076,23876,1642,25518,302
2021-07-06,Plumas,063,18699,725,708,15,723,4
2021-07-06,Riverside,065,2383286,294753,293227,14562,307789,4539
2021-07-06,Sacramento,067,1510023,109660,108850,1922,110772,1679
2021-07-06,San Benito,069,59416,6158,6137,119,6256,63
2021-07-06,San Bernardino,071,2135413,295631,294712,9370,304082,5056
2021-07-06,San Diego,073,3302833,284839,283278,15592,298870,3782
2021-07-06,San Francisco,075,870044,37598,37251,1390,38641,558
2021-07-06,San Joaquin,077,732212,74492,74019,3812,77831,1410
2021-07-06,San Luis Obispo,079,281455,21500,21354,786,22140,257
2021-07-06,San Mateo,081,765935,43126,42895,507,43402,541
2021-07-06,Santa Barbara,083,443738,35093,34572,1236,35808,460
2021-07-06,Santa Clara,085,1922200,119836,119194,811,120005,2095
2021-07-06,Santa Cruz,087,273765,16352,16274,862,17136,207
2021-07-06,Shasta,089,179085,12665,12606,1712,14318,205
2021-07-06,Sierra,091,2930,63,60,14,74,0
2021-07-06,Siskiyou,093,43540,1971,1905,395,2300,29
2021-07-06,Solano,095,438530,33841,33619,590,34209,268
2021-07-06,Sonoma,097,501317,31343,31130,377,31507,316
2021-07-06,Stanislaus,099,539301,57406,57120,6260,63380,1029
2021-07-06,Sutter,101,95872,9745,9674,96,9770,114
2021-07-06,Tehama,103,63373,5144,5126,616,5742,63
2021-07-06,Trinity,105,12862,434,341,84,425,3
2021-07-06,Tulare,107,460477,50124,49826,9628,59454,853
2021-07-06,Tuolumne,109,53932,4164,4113,37,4150,64
2021-07-06,Ventura,111,848112,82081,81534,3186,84720,1033
2021-07-06,Yolo,113,214977,14295,14227,394,14621,213
2021-07-06,Yuba,115,75493,6275,6231,134,6365,51
2021-07-05,Alameda,001,1643700,90432,89892,2092,91984,1253
2021-07-05,Alpine,003,1148,89,89,0,89,0
2021-07-05,Amador,005,37829,3776,3768,34,3802,47
2021-07-05,Butte,007,227075,12828,12740,1953,14693,201
2021-07-05,Calaveras,009,45235,2223,2211,15,2226,55
2021-07-05,Colusa,011,21464,1968,1966,334,2300,16
2021-07-05,Contra Costa,013,1133247,71713,71235,1394,72629,820
2021-07-05,Del Norte,015,27424,1477,1446,14,1460,8
2021-07-05,El Dorado,017,186661,10547,10481,797,11278,113
2021-07-05,Fresno,019,978130,103377,102592,9056,111648,1727
2021-07-05,Glenn,021,27897,2450,2438,587,3025,20
2021-07-05,Humboldt,023,135768,4586,4563,53,4616,49
2021-07-05,Imperial,025,180216,28785,28689,2884,31573,739
2021-07-05,Inyo,027,18085,1414,1412,4,1416,36
2021-07-05,Kern,029,883053,97896,97479,11546,109025,1346
2021-07-05,Kings,031,150075,23212,23065,1193,24258,245
2021-07-05,Lake,033,64148,3682,3645,13,3658,63
2021-07-05,Lassen,035,31185,5297,5288,120,5408,21
2021-07-05,Los Angeles,037,10098052,1215455,1210653,43591,1254244,24522
2021-07-05,Madera,039,155013,16842,16722,974,17696,241
2021-07-05,Marin,041,260295,14249,14178,276,14454,233
2021-07-05,Mariposa,043,17540,440,441,11,452,5
2021-07-05,Mendocino,045,87422,4224,4139,82,4221,49
2021-07-05,Merced,047,269075,31382,31312,1017,32329,470
2021-07-05,Modoc,049,8938,420,410,148,558,4
2021-07-05,Mono,051,14174,1258,1273,14,1287,3
2021-07-05,Monterey,053,433212,43339,43218,1941,45159,494
2021-07-05,Napa,055,140530,10097,10074,37,10111,81
2021-07-05,Nevada,057,99092,5048,4980,202,5182,72
2021-07-05,Orange,059,3164182,257843,256173,11859,268032,5129
2021-07-05,Placer,061,380077,24029,23867,1634,25501,302
2021-07-05,Plumas,063,18699,724,708,15,723,4
2021-07-05,Riverside,065,2383286,294560,293193,14549,307742,4539
2021-07-05,Sacramento,067,1510023,109478,108758,1913,110671,1679
2021-07-05,San Benito,069,59416,6151,6137,119,6256,63
2021-07-05,San Bernardino,071,2135413,295469,294647,9363,304010,5037
2021-07-05,San Diego,073,3302833,284477,282834,15547,298381,3782
2021-07-05,San Francisco,075,870044,37511,37237,1385,38622,558
2021-07-05,San Joaquin,077,732212,74423,73999,3806,77805,1410
2021-07-05,San Luis Obispo,079,281455,21487,21351,785,22136,257
2021-07-05,San Mateo,081,765935,43074,42876,504,43380,541
2021-07-05,Santa Barbara,083,443738,35073,34569,1236,35805,460
2021-07-05,Santa Clara,085,1922200,119731,119184,809,119993,2095
2021-07-05,Santa Cruz,087,273765,16343,16273,861,17134,208
2021-07-05,Shasta,089,179085,12656,12603,1710,14313,205
2021-07-05,Sierra,091,2930,63,60,14,74,0
2021-07-05,Siskiyou,093,43540,1970,1904,393,2297,29
2021-07-05,Solano,095,438530,33773,33612,584,34196,268
2021-07-05,Sonoma,097,501317,31290,31116,377,31493,316
2021-07-05,Stanislaus,099,539301,57370,57109,6250,63359,1029
2021-07-05,Sutter,101,95872,9733,9667,96,9763,114
2021-07-05,Tehama,103,63373,5143,5125,616,5741,63
2021-07-05,Trinity,105,12862,433,341,83,424,3
2021-07-05,Tulare,107,460477,50106,49818,9625,59443,853
2021-07-05,Tuolumne,109,53932,4160,4112,37,4149,64
2021-07-05,Ventura,111,848112,82031,81519,3166,84685,1033
2021-07-05,Yolo,113,214977,14277,14225,385,14610,213
2021-07-05,Yuba,115,75493,6267,6223,134,6357,51
2021-07-04,Alameda,001,1643700,90266,89683,2088,91771,1253
2021-07-04,Alpine,003,1148,89,89,0,89,0
2021-07-04,Amador,005,37829,3775,3758,34,3792,46
2021-07-04,Butte,007,227075,12818,12684,1953,14637,201
2021-07-04,Calaveras,009,45235,2223,2200,15,2215,55
2021-07-04,Colusa,011,21464,1968,1969,334,2303,15
2021-07-04,Contra Costa,013,1133247,71607,70941,1389,72330,818
2021-07-04,Del Norte,015,27424,1474,1439,14,1453,8
2021-07-04,El Dorado,017,186661,10538,10433,796,11229,113
2021-07-04,Fresno,019,978130,103331,102512,9037,111549,1727
2021-07-04,Glenn,021,27897,2448,2442,586,3028,20
2021-07-04,Humboldt,023,135768,4578,4530,53,4583,49
2021-07-04,Imperial,025,180216,28779,28661,2884,31545,739
2021-07-04,Inyo,027,18085,1414,1412,4,1416,35
2021-07-04,Kern,029,883053,97878,97421,11536,108957,1347
2021-07-04,Kings,031,150075,23204,23051,1193,24244,245
2021-07-04,Lake,033,64148,3672,3623,13,3636,62
2021-07-04,Lassen,035,31185,5296,5277,120,5397,20
2021-07-04,Los Angeles,037,10098052,1214603,1208705,43501,1252206,24506
2021-07-04,Madera,039,155013,16830,16696,972,17668,240
2021-07-04,Marin,041,260295,14234,14143,276,14419,233
2021-07-04,Mariposa,043,17540,440,441,11,452,5
2021-07-04,Mendocino,045,87422,4214,4122,82,4204,49
2021-07-04,Merced,047,269075,31371,31297,1017,32314,469
2021-07-04,Modoc,049,8938,420,410,148,558,4
2021-07-04,Mono,051,14174,1258,1275,14,1289,3
2021-07-04,Monterey,053,433212,43323,43212,1940,45152,492
2021-07-04,Napa,055,140530,10089,10045,36,10081,81
2021-07-04,Nevada,057,99092,5039,4966,202,5168,72
2021-07-04,Orange,059,3164182,257668,255823,11838,267661,5126
2021-07-04,Placer,061,380077,23992,23764,1627,25391,299
2021-07-04,Plumas,063,18699,724,707,15,722,4
2021-07-04,Riverside,065,2383286,294401,293260,14542,307802,4536
2021-07-04,Sacramento,067,1510023,109309,108257,1907,110164,1676
2021-07-04,San Benito,069,59416,6144,6108,119,6227,63
2021-07-04,San Bernardino,071,2135413,295302,294294,9356,303650,5003
2021-07-04,San Diego,073,3302833,284253,282692,15509,298201,3780
2021-07-04,San Francisco,075,870044,37454,37107,1379,38486,558
2021-07-04,San Joaquin,077,732212,74357,73841,3798,77639,1409
2021-07-04,San Luis Obispo,079,281455,21481,21330,784,22114,256
2021-07-04,San Mateo,081,765935,43040,42691,504,43195,541
2021-07-04,Santa Barbara,083,443738,35051,34526,1235,35761,456
2021-07-04,Santa Clara,085,1922200,119641,118966,808,119774,2090
2021-07-04,Santa Cruz,087,273765,16332,16254,861,17115,208
2021-07-04,Shasta,089,179085,12652,12582,1709,14291,204
2021-07-04,Sierra,091,2930,62,60,14,74,0
2021-07-04,Siskiyou,093,43540,1966,1899,392,2291,29
2021-07-04,Solano,095,438530,33732,33486,582,34068,268
2021-07-04,Sonoma,097,501317,31260,31000,376,31376,316
2021-07-04,Stanislaus,099,539301,57347,57018,6244,63262,1018
2021-07-04,Sutter,101,95872,9722,9644,96,9740,114
2021-07-04,Tehama,103,63373,5139,5124,616,5740,63
2021-07-04,Trinity,105,12862,432,341,83,424,3
2021-07-04,Tulare,107,460477,50096,49789,9622,59411,853
2021-07-04,Tuolumne,109,53932,4152,4113,37,4150,64
2021-07-04,Ventura,111,848112,81974,81425,3155,84580,1033
2021-07-04,Yolo,113,214977,14257,14188,382,14570,213
2021-07-04,Yuba,115,75493,6259,6197,134,6331,51
2021-07-03,Alameda,001,1643700,90182,89683,2080,91763,1253
2021-07-03,Alpine,003,1148,89,89,0,89,0
2021-07-03,Amador,005,37829,3775,3758,34,3792,46
2021-07-03,Butte,007,227075,12814,12684,1952,14636,201
2021-07-03,Calaveras,009,45235,2222,2200,15,2215,55
2021-07-03,Colusa,011,21464,1967,1969,334,2303,15
2021-07-03,Contra Costa,013,1133247,71548,70941,1386,72327,818
2021-07-03,Del Norte,015,27424,1471,1439,14,1453,8
2021-07-03,El Dorado,017,186661,10531,10433,794,11227,113
2021-07-03,Fresno,019,978130,103306,102512,9028,111540,1727
2021-07-03,Glenn,021,27897,2448,2442,586,3028,20
2021-07-03,Humboldt,023,135768,4573,4530,53,4583,49
2021-07-03,Imperial,025,180216,28769,28661,2884,31545,739
2021-07-03,Inyo,027,18085,1414,1412,4,1416,35
2021-07-03,Kern,029,883053,97858,97421,11528,108949,1347
2021-07-03,Kings,031,150075,23204,23051,1192,24243,245
2021-07-03,Lake,033,64148,3662,3623,13,3636,62
2021-07-03,Lassen,035,31185,5295,5277,120,5397,20
2021-07-03,Los Angeles,037,10098052,1214177,1208705,43471,1252176,24506
2021-07-03,Madera,039,155013,16821,16696,969,17665,240
2021-07-03,Marin,041,260295,14230,14143,276,14419,233
2021-07-03,Mariposa,043,17540,440,441,11,452,5
2021-07-03,Mendocino,045,87422,4213,4122,82,4204,49
2021-07-03,Merced,047,269075,31358,31297,1016,32313,469
2021-07-03,Modoc,049,8938,419,410,148,558,4
2021-07-03,Mono,051,14174,1257,1275,14,1289,3
2021-07-03,Monterey,053,433212,43311,43212,1937,45149,492
2021-07-03,Napa,055,140530,10084,10045,36,10081,81
2021-07-03,Nevada,057,99092,5025,4966,202,5168,72
2021-07-03,Orange,059,3164182,257584,255823,11831,267654,5126
2021-07-03,Placer,061,380077,23973,23764,1624,25388,299
2021-07-03,Plumas,063,18699,724,707,15,722,4
2021-07-03,Riverside,065,2383286,294309,293260,14538,307798,4536
2021-07-03,Sacramento,067,1510023,109235,108257,1904,110161,1676
2021-07-03,San Benito,069,59416,6137,6108,119,6227,63
2021-07-03,San Bernardino,071,2135413,295212,294294,9353,303647,5003
2021-07-03,San Diego,073,3302833,284122,282692,15490,298182,3780
2021-07-03,San Francisco,075,870044,37413,37107,1376,38483,558
2021-07-03,San Joaquin,077,732212,74321,73841,3792,77633,1409
2021-07-03,San Luis Obispo,079,281455,21469,21330,784,22114,256
2021-07-03,San Mateo,081,765935,43015,42691,503,43194,541
2021-07-03,Santa Barbara,083,443738,35042,34526,1234,35760,456
2021-07-03,Santa Clara,085,1922200,119594,118966,808,119774,2090
2021-07-03,Santa Cruz,087,273765,16325,16254,861,17115,208
2021-07-03,Shasta,089,179085,12648,12582,1707,14289,204
2021-07-03,Sierra,091,2930,62,60,14,74,0
2021-07-03,Siskiyou,093,43540,1965,1899,391,2290,29
2021-07-03,Solano,095,438530,33689,33486,582,34068,268
2021-07-03,Sonoma,097,501317,31226,31000,376,31376,316
2021-07-03,Stanislaus,099,539301,57333,57018,6236,63254,1018
2021-07-03,Sutter,101,95872,9712,9644,96,9740,114
2021-07-03,Tehama,103,63373,5137,5124,616,5740,63
2021-07-03,Trinity,105,12862,432,341,83,424,3
2021-07-03,Tulare,107,460477,50090,49789,9616,59405,853
2021-07-03,Tuolumne,109,53932,4151,4113,37,4150,64
2021-07-03,Ventura,111,848112,81944,81425,3147,84572,1033
2021-07-03,Yolo,113,214977,14247,14188,379,14567,213
2021-07-03,Yuba,115,75493,6253,6197,134,6331,51
2021-07-02,Alameda,001,1643700,90100,89683,2079,91762,1253
2021-07-02,Alpine,003,1148,89,89,0,89,0
2021-07-02,Amador,005,37829,3773,3758,34,3792,46
2021-07-02,Butte,007,227075,12807,12684,1952,14636,201
2021-07-02,Calaveras,009,45235,2221,2200,15,2215,55
2021-07-02,Colusa,011,21464,1966,1969,333,2302,15
2021-07-02,Contra Costa,013,1133247,71479,70941,1382,72323,818
2021-07-02,Del Norte,015,27424,1471,1439,14,1453,8
2021-07-02,El Dorado,017,186661,10523,10433,794,11227,113
2021-07-02,Fresno,019,978130,103277,102512,9022,111534,1727
2021-07-02,Glenn,021,27897,2447,2442,585,3027,20
2021-07-02,Humboldt,023,135768,4570,4530,52,4582,49
2021-07-02,Imperial,025,180216,28763,28661,2883,31544,739
2021-07-02,Inyo,027,18085,1414,1412,4,1416,35
2021-07-02,Kern,029,883053,97840,97421,11519,108940,1347
2021-07-02,Kings,031,150075,23194,23051,1192,24243,245
2021-07-02,Lake,033,64148,3656,3623,13,3636,62
2021-07-02,Lassen,035,31185,5295,5277,120,5397,20
2021-07-02,Los Angeles,037,10098052,1213703,1208705,43432,1252137,24506
2021-07-02,Madera,039,155013,16812,16696,968,17664,240
2021-07-02,Marin,041,260295,14225,14143,276,14419,233
2021-07-02,Mariposa,043,17540,440,441,11,452,5
2021-07-02,Mendocino,045,87422,4209,4122,81,4203,49
2021-07-02,Merced,047,269075,31349,31297,1016,32313,469
2021-07-02,Modoc,049,8938,419,410,148,558,4
2021-07-02,Mono,051,14174,1256,1275,14,1289,3
2021-07-02,Monterey,053,433212,43303,43212,1936,45148,492
2021-07-02,Napa,055,140530,10079,10045,36,10081,81
2021-07-02,Nevada,057,99092,5016,4966,202,5168,72
2021-07-02,Orange,059,3164182,257471,255823,11824,267647,5126
2021-07-02,Placer,061,380077,23956,23764,1617,25381,299
2021-07-02,Plumas,063,18699,724,707,15,722,4
2021-07-02,Riverside,065,2383286,294212,293260,14533,307793,4536
2021-07-02,Sacramento,067,1510023,109157,108257,1903,110160,1676
2021-07-02,San Benito,069,59416,6134,6108,119,6227,63
2021-07-02,San Bernardino,071,2135413,295125,294294,9351,303645,5003
2021-07-02,San Diego,073,3302833,283976,282692,15465,298157,3780
2021-07-02,San Francisco,075,870044,37365,37107,1374,38481,558
2021-07-02,San Joaquin,077,732212,74289,73841,3786,77627,1409
2021-07-02,San Luis Obispo,079,281455,21463,21330,783,22113,256
2021-07-02,San Mateo,081,765935,42979,42691,503,43194,541
2021-07-02,Santa Barbara,083,443738,35033,34526,1234,35760,456
2021-07-02,Santa Clara,085,1922200,119516,118966,808,119774,2090
2021-07-02,Santa Cruz,087,273765,16321,16254,861,17115,208
2021-07-02,Shasta,089,179085,12644,12582,1707,14289,204
2021-07-02,Sierra,091,2930,61,60,14,74,0
2021-07-02,Siskiyou,093,43540,1962,1899,390,2289,29
2021-07-02,Solano,095,438530,33664,33486,582,34068,268
2021-07-02,Sonoma,097,501317,31203,31000,376,31376,316
2021-07-02,Stanislaus,099,539301,57311,57018,6235,63253,1018
2021-07-02,Sutter,101,95872,9707,9644,96,9740,114
2021-07-02,Tehama,103,63373,5135,5124,614,5738,63
2021-07-02,Trinity,105,12862,432,341,83,424,3
2021-07-02,Tulare,107,460477,50080,49789,9608,59397,853
2021-07-02,Tuolumne,109,53932,4148,4113,37,4150,64
2021-07-02,Ventura,111,848112,81901,81425,3139,84564,1033
2021-07-02,Yolo,113,214977,14232,14188,377,14565,213
2021-07-02,Yuba,115,75493,6245,6197,134,6331,51
2021-07-01,Alameda,001,1643700,89996,89683,2077,91760,1253
2021-07-01,Alpine,003,1148,89,89,0,89,0
2021-07-01,Amador,005,37829,3772,3758,34,3792,46
2021-07-01,Butte,007,227075,12795,12684,1950,14634,201
2021-07-01,Calaveras,009,45235,2219,2200,15,2215,55
2021-07-01,Colusa,011,21464,1966,1969,331,2300,15
2021-07-01,Contra Costa,013,1133247,71408,70941,1381,72322,818
2021-07-01,Del Norte,015,27424,1470,1439,14,1453,8
2021-07-01,El Dorado,017,186661,10511,10433,794,11227,113
2021-07-01,Fresno,019,978130,103238,102512,9017,111529,1727
2021-07-01,Glenn,021,27897,2447,2442,585,3027,20
2021-07-01,Humboldt,023,135768,4568,4530,52,4582,49
2021-07-01,Imperial,025,180216,28746,28661,2883,31544,739
2021-07-01,Inyo,027,18085,1414,1412,4,1416,35
2021-07-01,Kern,029,883053,97814,97421,11508,108929,1347
2021-07-01,Kings,031,150075,23180,23051,1192,24243,245
2021-07-01,Lake,033,64148,3653,3623,13,3636,62
2021-07-01,Lassen,035,31185,5293,5277,120,5397,20
2021-07-01,Los Angeles,037,10098052,1213106,1208705,43376,1252081,24506
2021-07-01,Madera,039,155013,16803,16696,967,17663,240
2021-07-01,Marin,041,260295,14221,14143,276,14419,233
2021-07-01,Mariposa,043,17540,440,441,11,452,5
2021-07-01,Mendocino,045,87422,4205,4122,80,4202,49
2021-07-01,Merced,047,269075,31343,31297,1016,32313,469
2021-07-01,Modoc,049,8938,419,410,148,558,4
2021-07-01,Mono,051,14174,1255,1275,14,1289,3
2021-07-01,Monterey,053,433212,43295,43212,1932,45144,492
2021-07-01,Napa,055,140530,10072,10045,36,10081,81
2021-07-01,Nevada,057,99092,5011,4966,202,5168,72
2021-07-01,Orange,059,3164182,257350,255823,11805,267628,5126
2021-07-01,Placer,061,380077,23938,23764,1614,25378,299
2021-07-01,Plumas,063,18699,721,707,13,720,4
2021-07-01,Riverside,065,2383286,294103,293260,14525,307785,4536
2021-07-01,Sacramento,067,1510023,109032,108257,1896,110153,1676
2021-07-01,San Benito,069,59416,6130,6108,119,6227,63
2021-07-01,San Bernardino,071,2135413,295005,294294,9345,303639,5003
2021-07-01,San Diego,073,3302833,283798,282692,15428,298120,3780
2021-07-01,San Francisco,075,870044,37329,37107,1372,38479,558
2021-07-01,San Joaquin,077,732212,74238,73841,3782,77623,1409
2021-07-01,San Luis Obispo,079,281455,21448,21330,782,22112,256
2021-07-01,San Mateo,081,765935,42951,42691,502,43193,541
2021-07-01,Santa Barbara,083,443738,35021,34526,1234,35760,456
2021-07-01,Santa Clara,085,1922200,119467,118966,808,119774,2090
2021-07-01,Santa Cruz,087,273765,16316,16254,861,17115,208
2021-07-01,Shasta,089,179085,12636,12582,1706,14288,204
2021-07-01,Sierra,091,2930,61,60,14,74,0
2021-07-01,Siskiyou,093,43540,1962,1899,390,2289,29
2021-07-01,Solano,095,438530,33623,33486,581,34067,268
2021-07-01,Sonoma,097,501317,31159,31000,376,31376,316
2021-07-01,Stanislaus,099,539301,57288,57018,6231,63249,1018
2021-07-01,Sutter,101,95872,9698,9644,96,9740,114
2021-07-01,Tehama,103,63373,5135,5124,613,5737,63
2021-07-01,Trinity,105,12862,432,341,83,424,3
2021-07-01,Tulare,107,460477,50071,49789,9601,59390,853
2021-07-01,Tuolumne,109,53932,4141,4113,37,4150,64
2021-07-01,Ventura,111,848112,81870,81425,3128,84553,1033
2021-07-01,Yolo,113,214977,14217,14188,375,14563,213
2021-07-01,Yuba,115,75493,6238,6197,134,6331,51
2021-06-30,Alameda,001,1643700,89911,89597,2073,91670,1256
2021-06-30,Alpine,003,1148,89,89,0,89,0
2021-06-30,Amador,005,37829,3770,3756,34,3790,46
2021-06-30,Butte,007,227075,12788,12676,1941,14617,201
2021-06-30,Calaveras,009,45235,2214,2198,15,2213,55
2021-06-30,Colusa,011,21464,1964,1967,328,2295,15
2021-06-30,Contra Costa,013,1133247,71344,70869,1378,72247,818
2021-06-30,Del Norte,015,27424,1465,1435,14,1449,8
2021-06-30,El Dorado,017,186661,10492,10420,794,11214,113
2021-06-30,Fresno,019,978130,103202,102490,9014,111504,1727
2021-06-30,Glenn,021,27897,2445,2440,585,3025,20
2021-06-30,Humboldt,023,135768,4552,4522,50,4572,49
2021-06-30,Imperial,025,180216,28738,28651,2883,31534,739
2021-06-30,Inyo,027,18085,1414,1409,4,1413,35
2021-06-30,Kern,029,883053,97773,97267,11496,108763,1348
2021-06-30,Kings,031,150075,23175,23038,1191,24229,245
2021-06-30,Lake,033,64148,3640,3601,13,3614,56
2021-06-30,Lassen,035,31185,5288,5269,120,5389,20
2021-06-30,Los Angeles,037,10098052,1212437,1208246,43332,1251578,24499
2021-06-30,Madera,039,155013,16795,16688,965,17653,240
2021-06-30,Marin,041,260295,14213,14133,274,14407,232
2021-06-30,Mariposa,043,17540,439,441,11,452,5
2021-06-30,Mendocino,045,87422,4195,4115,80,4195,49
2021-06-30,Merced,047,269075,31333,31286,1016,32302,469
2021-06-30,Modoc,049,8938,419,410,148,558,4
2021-06-30,Mono,051,14174,1255,1275,14,1289,3
2021-06-30,Monterey,053,433212,43290,43209,1930,45139,492
2021-06-30,Napa,055,140530,10064,10039,36,10075,81
2021-06-30,Nevada,057,99092,5000,4958,202,5160,72
2021-06-30,Orange,059,3164182,257221,255764,11795,267559,5125
2021-06-30,Placer,061,380077,23915,23721,1610,25331,299
2021-06-30,Plumas,063,18699,721,705,13,718,4
2021-06-30,Riverside,065,2383286,293991,293280,14513,307793,4535
2021-06-30,Sacramento,067,1510023,108893,108137,1892,110029,1676
2021-06-30,San Benito,069,59416,6126,6105,119,6224,63
2021-06-30,San Bernardino,071,2135413,294846,294211,9340,303551,4975
2021-06-30,San Diego,073,3302833,283661,282583,15400,297983,3780
2021-06-30,San Francisco,075,870044,37280,37065,1367,38432,558
2021-06-30,San Joaquin,077,732212,74176,73777,3781,77558,1409
2021-06-30,San Luis Obispo,079,281455,21435,21326,781,22107,256
2021-06-30,San Mateo,081,765935,42914,42599,501,43100,537
2021-06-30,Santa Barbara,083,443738,35005,34521,1234,35755,456
2021-06-30,Santa Clara,085,1922200,119420,118930,805,119735,2090
2021-06-30,Santa Cruz,087,273765,16310,16250,861,17111,208
2021-06-30,Shasta,089,179085,12630,12564,1706,14270,204
2021-06-30,Sierra,091,2930,61,60,14,74,0
2021-06-30,Siskiyou,093,43540,1960,1900,387,2287,29
2021-06-30,Solano,095,438530,33585,33453,579,34032,268
2021-06-30,Sonoma,097,501317,31129,30947,376,31323,316
2021-06-30,Stanislaus,099,539301,57266,56997,6230,63227,1018
2021-06-30,Sutter,101,95872,9688,9638,96,9734,114
2021-06-30,Tehama,103,63373,5133,5124,613,5737,63
2021-06-30,Trinity,105,12862,432,341,83,424,3
2021-06-30,Tulare,107,460477,50060,49764,9590,59354,853
2021-06-30,Tuolumne,109,53932,4138,4112,37,4149,64
2021-06-30,Ventura,111,848112,81827,81392,3123,84515,1032
2021-06-30,Yolo,113,214977,14211,14178,372,14550,213
2021-06-30,Yuba,115,75493,6231,6191,134,6325,51
2021-06-29,Alameda,001,1643700,89807,89519,2072,91591,1257
2021-06-29,Alpine,003,1148,89,89,0,89,0
2021-06-29,Amador,005,37829,3766,3754,34,3788,46
2021-06-29,Butte,007,227075,12780,12669,1941,14610,201
2021-06-29,Calaveras,009,45235,2208,2198,15,2213,55
2021-06-29,Colusa,011,21464,1962,1967,328,2295,15
2021-06-29,Contra Costa,013,1133247,71270,70775,1378,72153,817
2021-06-29,Del Norte,015,27424,1464,1435,14,1449,8
2021-06-29,El Dorado,017,186661,10479,10403,790,11193,113
2021-06-29,Fresno,019,978130,103169,102464,9011,111475,1725
2021-06-29,Glenn,021,27897,2444,2439,585,3024,20
2021-06-29,Humboldt,023,135768,4548,4514,49,4563,49
2021-06-29,Imperial,025,180216,28729,28645,2882,31527,737
2021-06-29,Inyo,027,18085,1414,1408,4,1412,35
2021-06-29,Kern,029,883053,97752,97173,11490,108663,1347
2021-06-29,Kings,031,150075,23166,23035,1190,24225,245
2021-06-29,Lake,033,64148,3634,3594,13,3607,56
2021-06-29,Lassen,035,31185,5281,5268,120,5388,20
2021-06-29,Los Angeles,037,10098052,1211830,1207895,43301,1251196,24498
2021-06-29,Madera,039,155013,16791,16680,964,17644,240
2021-06-29,Marin,041,260295,14201,14127,274,14401,232
2021-06-29,Mariposa,043,17540,439,441,11,452,5
2021-06-29,Mendocino,045,87422,4192,4107,79,4186,49
2021-06-29,Merced,047,269075,31321,31277,1016,32293,469
2021-06-29,Modoc,049,8938,418,408,148,556,3
2021-06-29,Mono,051,14174,1255,1275,14,1289,3
2021-06-29,Monterey,053,433212,43280,43196,1928,45124,471
2021-06-29,Napa,055,140530,10058,10033,36,10069,81
2021-06-29,Nevada,057,99092,4993,4952,202,5154,72
2021-06-29,Orange,059,3164182,257123,255686,11780,267466,5124
2021-06-29,Placer,061,380077,23895,23693,1608,25301,299
2021-06-29,Plumas,063,18699,721,704,13,717,4
2021-06-29,Riverside,065,2383286,293892,292962,14506,307468,4524
2021-06-29,Sacramento,067,1510023,108741,108067,1889,109956,1677
2021-06-29,San Benito,069,59416,6115,6099,119,6218,63
2021-06-29,San Bernardino,071,2135413,294734,294118,9338,303456,4940
2021-06-29,San Diego,073,3302833,283506,282499,15373,297872,3780
2021-06-29,San Francisco,075,870044,37242,37041,1364,38405,558
2021-06-29,San Joaquin,077,732212,74128,73724,3778,77502,1409
2021-06-29,San Luis Obispo,079,281455,21425,21324,780,22104,256
2021-06-29,San Mateo,081,765935,42882,42540,499,43039,540
2021-06-29,Santa Barbara,083,443738,34995,34507,1233,35740,455
2021-06-29,Santa Clara,085,1922200,119365,118893,804,119697,2090
2021-06-29,Santa Cruz,087,273765,16304,16249,861,17110,208
2021-06-29,Shasta,089,179085,12618,12564,1705,14269,204
2021-06-29,Sierra,091,2930,61,59,14,73,0
2021-06-29,Siskiyou,093,43540,1957,1897,383,2280,29
2021-06-29,Solano,095,438530,33552,33440,577,34017,268
2021-06-29,Sonoma,097,501317,31087,30950,374,31324,316
2021-06-29,Stanislaus,099,539301,57238,56980,6223,63203,1018
2021-06-29,Sutter,101,95872,9677,9634,96,9730,114
2021-06-29,Tehama,103,63373,5133,5124,613,5737,63
2021-06-29,Trinity,105,12862,432,341,83,424,3
2021-06-29,Tulare,107,460477,50047,49751,9585,59336,852
2021-06-29,Tuolumne,109,53932,4136,4111,37,4148,64
2021-06-29,Ventura,111,848112,81789,81363,3117,84480,1032
2021-06-29,Yolo,113,214977,14199,14171,371,14542,213
2021-06-29,Yuba,115,75493,6221,6188,134,6322,51
2021-06-28,Alameda,001,1643700,89715,89638,2070,91708,1259
2021-06-28,Alpine,003,1148,89,89,0,89,0
2021-06-28,Amador,005,37829,3765,3753,34,3787,46
2021-06-28,Butte,007,227075,12771,12697,1939,14636,198
2021-06-28,Calaveras,009,45235,2205,2203,15,2218,55
2021-06-28,Colusa,011,21464,1960,1974,328,2302,15
2021-06-28,Contra Costa,013,1133247,71196,70807,1376,72183,816
2021-06-28,Del Norte,015,27424,1464,1436,14,1450,8
2021-06-28,El Dorado,017,186661,10469,10422,786,11208,115
2021-06-28,Fresno,019,978130,103139,103121,9009,112130,1727
2021-06-28,Glenn,021,27897,2444,2439,585,3024,20
2021-06-28,Humboldt,023,135768,4541,4520,48,4568,49
2021-06-28,Imperial,025,180216,28721,28981,2881,31862,741
2021-06-28,Inyo,027,18085,1411,1407,4,1411,35
2021-06-28,Kern,029,883053,97733,97252,11485,108737,1348
2021-06-28,Kings,031,150075,23160,23134,1190,24324,246
2021-06-28,Lake,033,64148,3626,3591,13,3604,56
2021-06-28,Lassen,035,31185,5279,5268,120,5388,20
2021-06-28,Los Angeles,037,10098052,1211315,1207714,43264,1250978,24496
2021-06-28,Madera,039,155013,16781,16683,963,17646,240
2021-06-28,Marin,041,260295,14186,14186,274,14460,232
2021-06-28,Mariposa,043,17540,439,440,11,451,5
2021-06-28,Mendocino,045,87422,4183,4102,78,4180,49
2021-06-28,Merced,047,269075,31309,31277,1016,32293,469
2021-06-28,Modoc,049,8938,418,411,147,558,3
2021-06-28,Mono,051,14174,1255,1276,14,1290,3
2021-06-28,Monterey,053,433212,43276,43202,1927,45129,462
2021-06-28,Napa,055,140530,10049,10050,35,10085,81
2021-06-28,Nevada,057,99092,4989,4951,202,5153,72
2021-06-28,Orange,059,3164182,257033,255755,11766,267521,5123
2021-06-28,Placer,061,380077,23875,23756,1603,25359,299
2021-06-28,Plumas,063,18699,719,704,13,717,4
2021-06-28,Riverside,065,2383286,293767,292647,14493,307140,4507
2021-06-28,Sacramento,067,1510023,108609,108342,1884,110226,1675
2021-06-28,San Benito,069,59416,6113,6101,119,6220,63
2021-06-28,San Bernardino,071,2135413,294633,294151,9333,303484,4928
2021-06-28,San Diego,073,3302833,283343,282417,15344,297761,3780
2021-06-28,San Francisco,075,870044,37206,37372,1362,38734,559
2021-06-28,San Joaquin,077,732212,74079,73973,3773,77746,1411
2021-06-28,San Luis Obispo,079,281455,21421,21340,779,22119,256
2021-06-28,San Mateo,081,765935,42848,42927,498,43425,540
2021-06-28,Santa Barbara,083,443738,34988,34534,1231,35765,455
2021-06-28,Santa Clara,085,1922200,119301,120377,803,121180,2103
2021-06-28,Santa Cruz,087,273765,16299,16245,861,17106,208
2021-06-28,Shasta,089,179085,12614,12642,1703,14345,203
2021-06-28,Sierra,091,2930,61,58,14,72,0
2021-06-28,Siskiyou,093,43540,1956,1896,383,2279,29
2021-06-28,Solano,095,438530,33516,33524,575,34099,267
2021-06-28,Sonoma,097,501317,31050,31137,373,31510,315
2021-06-28,Stanislaus,099,539301,57219,57047,6219,63266,1018
2021-06-28,Sutter,101,95872,9673,9682,96,9778,114
2021-06-28,Tehama,103,63373,5131,5122,613,5735,63
2021-06-28,Trinity,105,12862,432,341,83,424,3
2021-06-28,Tulare,107,460477,50037,49751,9581,59332,850
2021-06-28,Tuolumne,109,53932,4129,4121,37,4158,64
2021-06-28,Ventura,111,848112,81732,81393,3112,84505,1032
2021-06-28,Yolo,113,214977,14190,14199,368,14567,213
2021-06-28,Yuba,115,75493,6216,6207,134,6341,51
2021-06-27,Alameda,001,1643700,89629,89611,2066,91677,1259
2021-06-27,Alpine,003,1148,89,89,0,89,0
2021-06-27,Amador,005,37829,3764,3752,34,3786,46
2021-06-27,Butte,007,227075,12762,12696,1938,14634,198
2021-06-27,Calaveras,009,45235,2204,2203,15,2218,55
2021-06-27,Colusa,011,21464,1960,1974,328,2302,15
2021-06-27,Contra Costa,013,1133247,71110,70762,1372,72134,816
2021-06-27,Del Norte,015,27424,1461,1436,14,1450,8
2021-06-27,El Dorado,017,186661,10457,10418,783,11201,115
2021-06-27,Fresno,019,978130,103110,103110,9007,112117,1727
2021-06-27,Glenn,021,27897,2443,2439,584,3023,20
2021-06-27,Humboldt,023,135768,4529,4513,45,4558,49
2021-06-27,Imperial,025,180216,28707,28987,2881,31868,741
2021-06-27,Inyo,027,18085,1411,1407,4,1411,35
2021-06-27,Kern,029,883053,97707,97249,11478,108727,1348
2021-06-27,Kings,031,150075,23150,23132,1190,24322,246
2021-06-27,Lake,033,64148,3619,3581,13,3594,56
2021-06-27,Lassen,035,31185,5278,5265,120,5385,20
2021-06-27,Los Angeles,037,10098052,1210771,1207461,43224,1250685,24493
2021-06-27,Madera,039,155013,16773,16680,963,17643,240
2021-06-27,Marin,041,260295,14177,14182,274,14456,232
2021-06-27,Mariposa,043,17540,439,440,11,451,5
2021-06-27,Mendocino,045,87422,4176,4100,78,4178,49
2021-06-27,Merced,047,269075,31297,31266,1016,32282,469
2021-06-27,Modoc,049,8938,418,411,147,558,3
2021-06-27,Mono,051,14174,1255,1279,14,1293,3
2021-06-27,Monterey,053,433212,43263,43199,1927,45126,462
2021-06-27,Napa,055,140530,10043,10046,35,10081,81
2021-06-27,Nevada,057,99092,4983,4946,202,5148,72
2021-06-27,Orange,059,3164182,256919,255710,11755,267465,5123
2021-06-27,Placer,061,380077,23842,23731,1600,25331,299
2021-06-27,Plumas,063,18699,719,704,13,717,4
2021-06-27,Riverside,065,2383286,293664,292641,14487,307128,4507
2021-06-27,Sacramento,067,1510023,108475,108279,1880,110159,1675
2021-06-27,San Benito,069,59416,6107,6101,119,6220,63
2021-06-27,San Bernardino,071,2135413,294520,294115,9331,303446,4927
2021-06-27,San Diego,073,3302833,283203,282359,15318,297677,3780
2021-06-27,San Francisco,075,870044,37169,37360,1361,38721,559
2021-06-27,San Joaquin,077,732212,74043,73960,3771,77731,1411
2021-06-27,San Luis Obispo,079,281455,21414,21340,778,22118,256
2021-06-27,San Mateo,081,765935,42819,42925,495,43420,539
2021-06-27,Santa Barbara,083,443738,34973,34533,1229,35762,455
2021-06-27,Santa Clara,085,1922200,119250,120352,801,121153,2103
2021-06-27,Santa Cruz,087,273765,16290,16241,861,17102,208
2021-06-27,Shasta,089,179085,12608,12640,1702,14342,203
2021-06-27,Sierra,091,2930,61,58,14,72,0
2021-06-27,Siskiyou,093,43540,1954,1896,382,2278,29
2021-06-27,Solano,095,438530,33488,33516,575,34091,267
2021-06-27,Sonoma,097,501317,31012,31129,373,31502,315
2021-06-27,Stanislaus,099,539301,57172,57021,6216,63237,1018
2021-06-27,Sutter,101,95872,9667,9678,96,9774,114
2021-06-27,Tehama,103,63373,5127,5122,613,5735,63
2021-06-27,Trinity,105,12862,432,341,82,423,3
2021-06-27,Tulare,107,460477,50024,49749,9574,59323,850
2021-06-27,Tuolumne,109,53932,4127,4121,37,4158,64
2021-06-27,Ventura,111,848112,81698,81361,3103,84464,1032
2021-06-27,Yolo,113,214977,14175,14194,364,14558,213
2021-06-27,Yuba,115,75493,6210,6205,134,6339,51
2021-06-26,Alameda,001,1643700,89571,89560,2064,91624,1259
2021-06-26,Alpine,003,1148,89,89,0,89,0
2021-06-26,Amador,005,37829,3764,3748,34,3782,46
2021-06-26,Butte,007,227075,12758,12693,1935,14628,198
2021-06-26,Calaveras,009,45235,2202,2202,15,2217,55
2021-06-26,Colusa,011,21464,1960,1973,328,2301,15
2021-06-26,Contra Costa,013,1133247,71067,70712,1371,72083,816
2021-06-26,Del Norte,015,27424,1460,1432,14,1446,8
2021-06-26,El Dorado,017,186661,10449,10414,782,11196,115
2021-06-26,Fresno,019,978130,103090,103091,9005,112096,1727
2021-06-26,Glenn,021,27897,2441,2441,584,3025,20
2021-06-26,Humboldt,023,135768,4526,4509,45,4554,49
2021-06-26,Imperial,025,180216,28703,28970,2881,31851,741
2021-06-26,Inyo,027,18085,1411,1407,4,1411,35
2021-06-26,Kern,029,883053,97681,97239,11469,108708,1348
2021-06-26,Kings,031,150075,23146,23128,1189,24317,246
2021-06-26,Lake,033,64148,3608,3576,13,3589,56
2021-06-26,Lassen,035,31185,5275,5263,120,5383,20
2021-06-26,Los Angeles,037,10098052,1210469,1207198,43188,1250386,24490
2021-06-26,Madera,039,155013,16766,16679,962,17641,240
2021-06-26,Marin,041,260295,14168,14180,274,14454,232
2021-06-26,Mariposa,043,17540,439,440,11,451,5
2021-06-26,Mendocino,045,87422,4174,4096,78,4174,49
2021-06-26,Merced,047,269075,31291,31259,1015,32274,469
2021-06-26,Modoc,049,8938,418,411,147,558,3
2021-06-26,Mono,051,14174,1255,1279,14,1293,3
2021-06-26,Monterey,053,433212,43260,43192,1927,45119,462
2021-06-26,Napa,055,140530,10037,10043,35,10078,81
2021-06-26,Nevada,057,99092,4978,4939,202,5141,72
2021-06-26,Orange,059,3164182,256841,255640,11748,267388,5123
2021-06-26,Placer,061,380077,23828,23702,1598,25300,299
2021-06-26,Plumas,063,18699,719,704,13,717,4
2021-06-26,Riverside,065,2383286,293607,292480,14481,306961,4505
2021-06-26,Sacramento,067,1510023,108404,108179,1878,110057,1675
2021-06-26,San Benito,069,59416,6103,6100,119,6219,63
2021-06-26,San Bernardino,071,2135413,294426,294034,9326,303360,4928
2021-06-26,San Diego,073,3302833,283118,282263,15300,297563,3780
2021-06-26,San Francisco,075,870044,37137,37348,1360,38708,559
2021-06-26,San Joaquin,077,732212,74014,73928,3770,77698,1411
2021-06-26,San Luis Obispo,079,281455,21413,21330,777,22107,256
2021-06-26,San Mateo,081,765935,42799,42898,495,43393,539
2021-06-26,Santa Barbara,083,443738,34964,34525,1229,35754,455
2021-06-26,Santa Clara,085,1922200,119217,120321,801,121122,2103
2021-06-26,Santa Cruz,087,273765,16287,16239,861,17100,208
2021-06-26,Shasta,089,179085,12604,12635,1698,14333,203
2021-06-26,Sierra,091,2930,61,58,14,72,0
2021-06-26,Siskiyou,093,43540,1953,1896,381,2277,29
2021-06-26,Solano,095,438530,33470,33489,573,34062,267
2021-06-26,Sonoma,097,501317,30986,31088,373,31461,315
2021-06-26,Stanislaus,099,539301,57152,57006,6214,63220,1018
2021-06-26,Sutter,101,95872,9666,9669,96,9765,114
2021-06-26,Tehama,103,63373,5127,5119,613,5732,63
2021-06-26,Trinity,105,12862,432,341,82,423,3
2021-06-26,Tulare,107,460477,50018,49745,9574,59319,850
2021-06-26,Tuolumne,109,53932,4127,4121,37,4158,64
2021-06-26,Ventura,111,848112,81674,81352,3102,84454,1032
2021-06-26,Yolo,113,214977,14167,14184,364,14548,213
2021-06-26,Yuba,115,75493,6207,6200,134,6334,51
2021-06-25,Alameda,001,1643700,89505,89453,2061,91514,1271
2021-06-25,Alpine,003,1148,89,89,0,89,0
2021-06-25,Amador,005,37829,3763,3746,34,3780,46
2021-06-25,Butte,007,227075,12753,12682,1932,14614,198
2021-06-25,Calaveras,009,45235,2201,2201,15,2216,55
2021-06-25,Colusa,011,21464,1960,1972,328,2300,15
2021-06-25,Contra Costa,013,1133247,71031,70659,1371,72030,815
2021-06-25,Del Norte,015,27424,1460,1426,14,1440,8
2021-06-25,El Dorado,017,186661,10441,10406,779,11185,115
2021-06-25,Fresno,019,978130,103073,103073,9001,112074,1727
2021-06-25,Glenn,021,27897,2441,2441,584,3025,20
2021-06-25,Humboldt,023,135768,4520,4503,43,4546,49
2021-06-25,Imperial,025,180216,28700,28968,2881,31849,740
2021-06-25,Inyo,027,18085,1410,1406,4,1410,35
2021-06-25,Kern,029,883053,97662,97182,11465,108647,1347
2021-06-25,Kings,031,150075,23140,23118,1189,24307,246
2021-06-25,Lake,033,64148,3602,3571,13,3584,56
2021-06-25,Lassen,035,31185,5274,5259,120,5379,20
2021-06-25,Los Angeles,037,10098052,1210193,1206909,43170,1250079,24483
2021-06-25,Madera,039,155013,16763,16670,962,17632,240
2021-06-25,Marin,041,260295,14165,14179,274,14453,232
2021-06-25,Mariposa,043,17540,439,440,11,451,5
2021-06-25,Mendocino,045,87422,4171,4089,78,4167,49
2021-06-25,Merced,047,269075,31283,31256,1015,32271,467
2021-06-25,Modoc,049,8938,418,411,147,558,3
2021-06-25,Mono,051,14174,1255,1279,14,1293,3
2021-06-25,Monterey,053,433212,43255,43184,1926,45110,462
2021-06-25,Napa,055,140530,10032,10037,35,10072,81
2021-06-25,Nevada,057,99092,4975,4932,202,5134,72
2021-06-25,Orange,059,3164182,256770,255574,11746,267320,5119
2021-06-25,Placer,061,380077,23809,23672,1597,25269,299
2021-06-25,Plumas,063,18699,719,702,12,714,4
2021-06-25,Riverside,065,2383286,293540,291663,14475,306138,4490
2021-06-25,Sacramento,067,1510023,108332,108034,1875,109909,1673
2021-06-25,San Benito,069,59416,6099,6098,119,6217,63
2021-06-25,San Bernardino,071,2135413,294371,293941,9324,303265,4911
2021-06-25,San Diego,073,3302833,283058,282157,15287,297444,3779
2021-06-25,San Francisco,075,870044,37114,37338,1359,38697,559
2021-06-25,San Joaquin,077,732212,73981,73860,3768,77628,1410
2021-06-25,San Luis Obispo,079,281455,21410,21325,776,22101,256
2021-06-25,San Mateo,081,765935,42781,42849,495,43344,537
2021-06-25,Santa Barbara,083,443738,34956,34518,1228,35746,454
2021-06-25,Santa Clara,085,1922200,119197,120272,801,121073,2103
2021-06-25,Santa Cruz,087,273765,16284,16230,859,17089,208
2021-06-25,Shasta,089,179085,12594,12633,1697,14330,202
2021-06-25,Sierra,091,2930,61,58,14,72,0
2021-06-25,Siskiyou,093,43540,1952,1894,381,2275,29
2021-06-25,Solano,095,438530,33450,33449,573,34022,267
2021-06-25,Sonoma,097,501317,30964,31043,373,31416,314
2021-06-25,Stanislaus,099,539301,57133,56973,6207,63180,1018
2021-06-25,Sutter,101,95872,9659,9664,96,9760,114
2021-06-25,Tehama,103,63373,5126,5119,613,5732,63
2021-06-25,Trinity,105,12862,432,338,82,420,3
2021-06-25,Tulare,107,460477,50012,49731,9570,59301,850
2021-06-25,Tuolumne,109,53932,4126,4121,37,4158,64
2021-06-25,Ventura,111,848112,81645,81342,3096,84438,1032
2021-06-25,Yolo,113,214977,14161,14172,364,14536,213
2021-06-25,Yuba,115,75493,6203,6195,134,6329,51
2021-06-24,Alameda,001,1643700,89434,89358,2057,91415,1268
2021-06-24,Alpine,003,1148,89,89,0,89,0
2021-06-24,Amador,005,37829,3759,3745,34,3779,46
2021-06-24,Butte,007,227075,12747,12673,1930,14603,198
2021-06-24,Calaveras,009,45235,2198,2202,15,2217,55
2021-06-24,Colusa,011,21464,1959,1972,328,2300,15
2021-06-24,Contra Costa,013,1133247,70972,70590,1371,71961,813
2021-06-24,Del Norte,015,27424,1459,1421,14,1435,8
2021-06-24,El Dorado,017,186661,10434,10402,779,11181,115
2021-06-24,Fresno,019,978130,103053,103061,8998,112059,1727
2021-06-24,Glenn,021,27897,2440,2439,584,3023,20
2021-06-24,Humboldt,023,135768,4515,4493,43,4536,49
2021-06-24,Imperial,025,180216,28697,28981,2881,31862,740
2021-06-24,Inyo,027,18085,1409,1406,4,1410,35
2021-06-24,Kern,029,883053,97643,97129,11452,108581,1346
2021-06-24,Kings,031,150075,23136,23114,1187,24301,246
2021-06-24,Lake,033,64148,3596,3571,13,3584,56
2021-06-24,Lassen,035,31185,5273,5258,120,5378,20
2021-06-24,Los Angeles,037,10098052,1209869,1206590,43146,1249736,24480
2021-06-24,Madera,039,155013,16752,16662,961,17623,240
2021-06-24,Marin,041,260295,14161,14180,274,14454,232
2021-06-24,Mariposa,043,17540,439,440,11,451,5
2021-06-24,Mendocino,045,87422,4163,4085,78,4163,49
2021-06-24,Merced,047,269075,31273,31248,1014,32262,466
2021-06-24,Modoc,049,8938,418,411,147,558,3
2021-06-24,Mono,051,14174,1255,1276,14,1290,3
2021-06-24,Monterey,053,433212,43248,43180,1926,45106,451
2021-06-24,Napa,055,140530,10030,10036,35,10071,80
2021-06-24,Nevada,057,99092,4973,4927,202,5129,72
2021-06-24,Orange,059,3164182,256706,255520,11738,267258,5117
2021-06-24,Placer,061,380077,23784,23659,1595,25254,299
2021-06-24,Plumas,063,18699,718,702,12,714,4
2021-06-24,Riverside,065,2383286,293460,291067,14464,305531,4473
2021-06-24,Sacramento,067,1510023,108244,107965,1873,109838,1672
2021-06-24,San Benito,069,59416,6096,6098,119,6217,63
2021-06-24,San Bernardino,071,2135413,294303,293895,9319,303214,4898
2021-06-24,San Diego,073,3302833,282953,282053,15275,297328,3778
2021-06-24,San Francisco,075,870044,37092,37320,1357,38677,559
2021-06-24,San Joaquin,077,732212,73933,73814,3768,77582,1408
2021-06-24,San Luis Obispo,079,281455,21404,21326,776,22102,256
2021-06-24,San Mateo,081,765935,42755,42814,494,43308,542
2021-06-24,Santa Barbara,083,443738,34950,34512,1227,35739,454
2021-06-24,Santa Clara,085,1922200,119167,120274,800,121074,2103
2021-06-24,Santa Cruz,087,273765,16283,16227,859,17086,208
2021-06-24,Shasta,089,179085,12589,12629,1693,14322,202
2021-06-24,Sierra,091,2930,61,58,14,72,0
2021-06-24,Siskiyou,093,43540,1952,1892,381,2273,28
2021-06-24,Solano,095,438530,33428,33432,571,34003,267
2021-06-24,Sonoma,097,501317,30935,31020,373,31393,314
2021-06-24,Stanislaus,099,539301,57101,56946,6207,63153,1018
2021-06-24,Sutter,101,95872,9652,9660,96,9756,113
2021-06-24,Tehama,103,63373,5123,5115,613,5728,63
2021-06-24,Trinity,105,12862,431,338,82,420,3
2021-06-24,Tulare,107,460477,50001,49730,9567,59297,850
2021-06-24,Tuolumne,109,53932,4124,4120,37,4157,64
2021-06-24,Ventura,111,848112,81617,81332,3095,84427,1032
2021-06-24,Yolo,113,214977,14152,14169,361,14530,213
2021-06-24,Yuba,115,75493,6198,6195,134,6329,51
2021-06-23,Alameda,001,1643700,89362,89338,2056,91394,1266
2021-06-23,Alpine,003,1148,89,88,0,88,0
2021-06-23,Amador,005,37829,3757,3743,34,3777,46
2021-06-23,Butte,007,227075,12740,12666,1930,14596,198
2021-06-23,Calaveras,009,45235,2197,2199,15,2214,55
2021-06-23,Colusa,011,21464,1958,1972,328,2300,15
2021-06-23,Contra Costa,013,1133247,70907,70526,1370,71896,813
2021-06-23,Del Norte,015,27424,1455,1418,14,1432,8
2021-06-23,El Dorado,017,186661,10425,10395,776,11171,115
2021-06-23,Fresno,019,978130,103024,103020,8996,112016,1724
2021-06-23,Glenn,021,27897,2440,2437,583,3020,20
2021-06-23,Humboldt,023,135768,4506,4490,43,4533,48
2021-06-23,Imperial,025,180216,28690,28908,2881,31789,740
2021-06-23,Inyo,027,18085,1409,1406,4,1410,35
2021-06-23,Kern,029,883053,97616,97078,11438,108516,1345
2021-06-23,Kings,031,150075,23129,23105,1185,24290,245
2021-06-23,Lake,033,64148,3587,3566,13,3579,53
2021-06-23,Lassen,035,31185,5270,5257,120,5377,20
2021-06-23,Los Angeles,037,10098052,1209532,1206358,43136,1249494,24472
2021-06-23,Madera,039,155013,16746,16660,961,17621,240
2021-06-23,Marin,041,260295,14155,14177,274,14451,230
2021-06-23,Mariposa,043,17540,439,439,11,450,5
2021-06-23,Mendocino,045,87422,4159,4078,78,4156,49
2021-06-23,Merced,047,269075,31264,31260,1014,32274,465
2021-06-23,Modoc,049,8938,416,407,147,554,3
2021-06-23,Mono,051,14174,1255,1279,14,1293,3
2021-06-23,Monterey,053,433212,43239,43166,1926,45092,439
2021-06-23,Napa,055,140530,10021,10032,35,10067,80
2021-06-23,Nevada,057,99092,4970,4924,202,5126,72
2021-06-23,Orange,059,3164182,256640,255479,11730,267209,5116
2021-06-23,Placer,061,380077,23755,23630,1589,25219,299
2021-06-23,Plumas,063,18699,717,701,12,713,4
2021-06-23,Riverside,065,2383286,293377,290343,14462,304805,4462
2021-06-23,Sacramento,067,1510023,108152,107868,1868,109736,1671
2021-06-23,San Benito,069,59416,6092,6097,119,6216,63
2021-06-23,San Bernardino,071,2135413,294224,293816,9314,303130,4886
2021-06-23,San Diego,073,3302833,282853,281937,15254,297191,3777
2021-06-23,San Francisco,075,870044,37068,37304,1356,38660,559
2021-06-23,San Joaquin,077,732212,73894,73764,3766,77530,1405
2021-06-23,San Luis Obispo,079,281455,21400,21323,775,22098,257
2021-06-23,San Mateo,081,765935,42739,42756,494,43250,542
2021-06-23,Santa Barbara,083,443738,34940,34505,1227,35732,454
2021-06-23,Santa Clara,085,1922200,119138,120233,800,121033,2098
2021-06-23,Santa Cruz,087,273765,16279,16215,859,17074,209
2021-06-23,Shasta,089,179085,12582,12604,1691,14295,202
2021-06-23,Sierra,091,2930,61,57,14,71,0
2021-06-23,Siskiyou,093,43540,1950,1892,381,2273,28
2021-06-23,Solano,095,438530,33384,33408,571,33979,267
2021-06-23,Sonoma,097,501317,30895,30959,371,31330,314
2021-06-23,Stanislaus,099,539301,57068,56926,6206,63132,1017
2021-06-23,Sutter,101,95872,9646,9653,96,9749,113
2021-06-23,Tehama,103,63373,5123,5119,612,5731,63
2021-06-23,Trinity,105,12862,431,338,82,420,3
2021-06-23,Tulare,107,460477,49994,49711,9562,59273,850
2021-06-23,Tuolumne,109,53932,4121,4120,37,4157,64
2021-06-23,Ventura,111,848112,81594,81312,3092,84404,1032
2021-06-23,Yolo,113,214977,14142,14161,361,14522,212
2021-06-23,Yuba,115,75493,6195,6190,134,6324,51
2021-06-22,Alameda,001,1643700,89294,89308,2056,91364,1263
2021-06-22,Alpine,003,1148,89,88,0,88,0
2021-06-22,Amador,005,37829,3754,3743,34,3777,46
2021-06-22,Butte,007,227075,12736,12662,1927,14589,198
2021-06-22,Calaveras,009,45235,2196,2198,15,2213,55
2021-06-22,Colusa,011,21464,1957,1971,328,2299,15
2021-06-22,Contra Costa,013,1133247,70851,70480,1369,71849,813
2021-06-22,Del Norte,015,27424,1452,1417,14,1431,8
2021-06-22,El Dorado,017,186661,10420,10380,775,11155,113
2021-06-22,Fresno,019,978130,103005,102996,8992,111988,1724
2021-06-22,Glenn,021,27897,2439,2435,581,3016,19
2021-06-22,Humboldt,023,135768,4496,4483,43,4526,42
2021-06-22,Imperial,025,180216,28685,28880,2881,31761,740
2021-06-22,Inyo,027,18085,1409,1405,4,1409,35
2021-06-22,Kern,029,883053,97603,97013,11434,108447,1342
2021-06-22,Kings,031,150075,23121,23098,1184,24282,245
2021-06-22,Lake,033,64148,3585,3564,13,3577,45
2021-06-22,Lassen,035,31185,5265,5254,120,5374,20
2021-06-22,Los Angeles,037,10098052,1209219,1206146,43124,1249270,24461
2021-06-22,Madera,039,155013,16741,16652,961,17613,240
2021-06-22,Marin,041,260295,14153,14174,274,14448,230
2021-06-22,Mariposa,043,17540,439,439,11,450,5
2021-06-22,Mendocino,045,87422,4153,4072,78,4150,49
2021-06-22,Merced,047,269075,31253,31267,1014,32281,464
2021-06-22,Modoc,049,8938,414,405,146,551,3
2021-06-22,Mono,051,14174,1255,1277,14,1291,3
2021-06-22,Monterey,053,433212,43236,43162,1925,45087,427
2021-06-22,Napa,055,140530,10016,10029,35,10064,80
2021-06-22,Nevada,057,99092,4964,4923,202,5125,72
2021-06-22,Orange,059,3164182,256571,255452,11719,267171,5114
2021-06-22,Placer,061,380077,23733,23603,1589,25192,299
2021-06-22,Plumas,063,18699,717,697,12,709,4
2021-06-22,Riverside,065,2383286,293316,289839,14458,304297,4456
2021-06-22,Sacramento,067,1510023,108051,107801,1863,109664,1670
2021-06-22,San Benito,069,59416,6091,6098,119,6217,63
2021-06-22,San Bernardino,071,2135413,294148,293770,9308,303078,4873
2021-06-22,San Diego,073,3302833,282748,281867,15232,297099,3771
2021-06-22,San Francisco,075,870044,37054,37287,1356,38643,556
2021-06-22,San Joaquin,077,732212,73864,73723,3765,77488,1405
2021-06-22,San Luis Obispo,079,281455,21397,21321,774,22095,257
2021-06-22,San Mateo,081,765935,42725,42725,488,43213,542
2021-06-22,Santa Barbara,083,443738,34929,34500,1226,35726,454
2021-06-22,Santa Clara,085,1922200,119106,120194,800,120994,2095
2021-06-22,Santa Cruz,087,273765,16274,16218,859,17077,209
2021-06-22,Shasta,089,179085,12571,12616,1686,14302,202
2021-06-22,Sierra,091,2930,60,57,14,71,0
2021-06-22,Siskiyou,093,43540,1950,1892,381,2273,28
2021-06-22,Solano,095,438530,33366,33397,570,33967,267
2021-06-22,Sonoma,097,501317,30855,30933,371,31304,314
2021-06-22,Stanislaus,099,539301,57048,56915,6204,63119,1017
2021-06-22,Sutter,101,95872,9639,9649,96,9745,113
2021-06-22,Tehama,103,63373,5121,5118,611,5729,63
2021-06-22,Trinity,105,12862,429,337,82,419,3
2021-06-22,Tulare,107,460477,49986,49706,9557,59263,850
2021-06-22,Tuolumne,109,53932,4119,4119,37,4156,64
2021-06-22,Ventura,111,848112,81580,81300,3091,84391,1032
2021-06-22,Yolo,113,214977,14137,14157,359,14516,212
2021-06-22,Yuba,115,75493,6191,6181,134,6315,51
2021-06-21,Alameda,001,1643700,89234,89281,2055,91336,1262
2021-06-21,Alpine,003,1148,89,88,0,88,0
2021-06-21,Amador,005,37829,3748,3742,34,3776,46
2021-06-21,Butte,007,227075,12730,12668,1925,14593,195
2021-06-21,Calaveras,009,45235,2195,2194,15,2209,55
2021-06-21,Colusa,011,21464,1956,1970,327,2297,15
2021-06-21,Contra Costa,013,1133247,70780,70439,1367,71806,813
2021-06-21,Del Norte,015,27424,1448,1416,14,1430,8
2021-06-21,El Dorado,017,186661,10414,10375,774,11149,113
2021-06-21,Fresno,019,978130,102986,102971,8989,111960,1724
2021-06-21,Glenn,021,27897,2438,2433,581,3014,19
2021-06-21,Humboldt,023,135768,4487,4478,42,4520,42
2021-06-21,Imperial,025,180216,28681,28855,2881,31736,740
2021-06-21,Inyo,027,18085,1408,1405,4,1409,35
2021-06-21,Kern,029,883053,97574,96995,11425,108420,1342
2021-06-21,Kings,031,150075,23114,23091,1181,24272,245
2021-06-21,Lake,033,64148,3579,3563,13,3576,45
2021-06-21,Lassen,035,31185,5263,5233,120,5353,19
2021-06-21,Los Angeles,037,10098052,1208928,1205994,43102,1249096,24459
2021-06-21,Madera,039,155013,16732,16647,960,17607,240
2021-06-21,Marin,041,260295,14149,14173,274,14447,230
2021-06-21,Mariposa,043,17540,439,439,11,450,5
2021-06-21,Mendocino,045,87422,4150,4085,78,4163,49
2021-06-21,Merced,047,269075,31243,31264,1013,32277,465
2021-06-21,Modoc,049,8938,414,405,146,551,3
2021-06-21,Mono,051,14174,1255,1277,14,1291,3
2021-06-21,Monterey,053,433212,43233,43157,1925,45082,427
2021-06-21,Napa,055,140530,10012,10028,35,10063,80
2021-06-21,Nevada,057,99092,4960,4921,202,5123,72
2021-06-21,Orange,059,3164182,256499,255400,11712,267112,5113
2021-06-21,Placer,061,380077,23708,23577,1589,25166,298
2021-06-21,Plumas,063,18699,715,697,12,709,4
2021-06-21,Riverside,065,2383286,293240,289797,14453,304250,4456
2021-06-21,Sacramento,067,1510023,107940,107757,1862,109619,1669
2021-06-21,San Benito,069,59416,6087,6098,119,6217,63
2021-06-21,San Bernardino,071,2135413,294061,293736,9303,303039,4850
2021-06-21,San Diego,073,3302833,282642,281811,15212,297023,3771
2021-06-21,San Francisco,075,870044,37038,37275,1355,38630,556
2021-06-21,San Joaquin,077,732212,73823,73687,3764,77451,1405
2021-06-21,San Luis Obispo,079,281455,21388,21316,774,22090,257
2021-06-21,San Mateo,081,765935,42708,42685,487,43172,542
2021-06-21,Santa Barbara,083,443738,34924,34492,1226,35718,455
2021-06-21,Santa Clara,085,1922200,119073,120192,799,120991,2093
2021-06-21,Santa Cruz,087,273765,16272,16212,859,17071,208
2021-06-21,Shasta,089,179085,12558,12617,1683,14300,201
2021-06-21,Sierra,091,2930,60,57,14,71,0
2021-06-21,Siskiyou,093,43540,1950,1892,381,2273,27
2021-06-21,Solano,095,438530,33343,33383,568,33951,266
2021-06-21,Sonoma,097,501317,30834,30912,371,31283,314
2021-06-21,Stanislaus,099,539301,57018,56891,6199,63090,1017
2021-06-21,Sutter,101,95872,9638,9649,96,9745,113
2021-06-21,Tehama,103,63373,5121,5115,610,5725,63
2021-06-21,Trinity,105,12862,429,337,82,419,3
2021-06-21,Tulare,107,460477,49975,49689,9553,59242,849
2021-06-21,Tuolumne,109,53932,4115,4119,37,4156,63
2021-06-21,Ventura,111,848112,81552,81291,3087,84378,1031
2021-06-21,Yolo,113,214977,14131,14165,359,14524,212
2021-06-21,Yuba,115,75493,6190,6172,134,6306,51
2021-06-20,Alameda,001,1643700,89171,89255,2055,91310,1263
2021-06-20,Alpine,003,1148,89,88,0,88,0
2021-06-20,Amador,005,37829,3745,3740,34,3774,46
2021-06-20,Butte,007,227075,12723,12668,1924,14592,194
2021-06-20,Calaveras,009,45235,2193,2193,15,2208,55
2021-06-20,Colusa,011,21464,1956,1970,327,2297,15
2021-06-20,Contra Costa,013,1133247,70724,70401,1365,71766,813
2021-06-20,Del Norte,015,27424,1444,1416,14,1430,8
2021-06-20,El Dorado,017,186661,10400,10372,772,11144,113
2021-06-20,Fresno,019,978130,102945,102947,8985,111932,1724
2021-06-20,Glenn,021,27897,2438,2434,581,3015,19
2021-06-20,Humboldt,023,135768,4481,4472,42,4514,42
2021-06-20,Imperial,025,180216,28672,28855,2881,31736,740
2021-06-20,Inyo,027,18085,1407,1405,4,1409,35
2021-06-20,Kern,029,883053,97553,96985,11414,108399,1342
2021-06-20,Kings,031,150075,23109,23088,1179,24267,245
2021-06-20,Lake,033,64148,3577,3563,13,3576,45
2021-06-20,Lassen,035,31185,5260,5230,120,5350,19
2021-06-20,Los Angeles,037,10098052,1208631,1205874,43093,1248967,24456
2021-06-20,Madera,039,155013,16724,16638,958,17596,240
2021-06-20,Marin,041,260295,14146,14166,274,14440,230
2021-06-20,Mariposa,043,17540,437,439,11,450,5
2021-06-20,Mendocino,045,87422,4143,4080,78,4158,49
2021-06-20,Merced,047,269075,31230,31265,1013,32278,465
2021-06-20,Modoc,049,8938,414,405,146,551,3
2021-06-20,Mono,051,14174,1255,1275,14,1289,3
2021-06-20,Monterey,053,433212,43224,43156,1924,45080,427
2021-06-20,Napa,055,140530,10005,10026,34,10060,80
2021-06-20,Nevada,057,99092,4953,4919,202,5121,72
2021-06-20,Orange,059,3164182,256435,255377,11701,267078,5113
2021-06-20,Placer,061,380077,23675,23562,1585,25147,298
2021-06-20,Plumas,063,18699,714,697,12,709,4
2021-06-20,Riverside,065,2383286,293164,289770,14443,304213,4456
2021-06-20,Sacramento,067,1510023,107829,107700,1859,109559,1669
2021-06-20,San Benito,069,59416,6087,6098,119,6217,63
2021-06-20,San Bernardino,071,2135413,293961,293713,9299,303012,4845
2021-06-20,San Diego,073,3302833,282536,281750,15190,296940,3771
2021-06-20,San Francisco,075,870044,37016,37269,1355,38624,556
2021-06-20,San Joaquin,077,732212,73778,73676,3755,77431,1405
2021-06-20,San Luis Obispo,079,281455,21386,21313,774,22087,257
2021-06-20,San Mateo,081,765935,42679,42681,487,43168,542
2021-06-20,Santa Barbara,083,443738,34915,34487,1226,35713,455
2021-06-20,Santa Clara,085,1922200,119038,120163,799,120962,2093
2021-06-20,Santa Cruz,087,273765,16267,16210,859,17069,208
2021-06-20,Shasta,089,179085,12553,12617,1681,14298,201
2021-06-20,Sierra,091,2930,60,57,14,71,0
2021-06-20,Siskiyou,093,43540,1949,1891,381,2272,27
2021-06-20,Solano,095,438530,33321,33361,566,33927,266
2021-06-20,Sonoma,097,501317,30787,30884,368,31252,314
2021-06-20,Stanislaus,099,539301,56984,56868,6198,63066,1017
2021-06-20,Sutter,101,95872,9635,9645,96,9741,113
2021-06-20,Tehama,103,63373,5117,5115,610,5725,63
2021-06-20,Trinity,105,12862,429,337,82,419,3
2021-06-20,Tulare,107,460477,49966,49685,9551,59236,849
2021-06-20,Tuolumne,109,53932,4112,4117,37,4154,63
2021-06-20,Ventura,111,848112,81536,81282,3085,84367,1031
2021-06-20,Yolo,113,214977,14124,14160,359,14519,212
2021-06-20,Yuba,115,75493,6183,6167,134,6301,51
2021-06-19,Alameda,001,1643700,89138,89202,2055,91257,1263
2021-06-19,Alpine,003,1148,89,88,0,88,0
2021-06-19,Amador,005,37829,3743,3739,34,3773,46
2021-06-19,Butte,007,227075,12719,12659,1924,14583,194
2021-06-19,Calaveras,009,45235,2193,2192,15,2207,55
2021-06-19,Colusa,011,21464,1956,1969,327,2296,15
2021-06-19,Contra Costa,013,1133247,70693,70334,1364,71698,813
2021-06-19,Del Norte,015,27424,1443,1416,14,1430,8
2021-06-19,El Dorado,017,186661,10399,10363,771,11134,113
2021-06-19,Fresno,019,978130,102932,102922,8982,111904,1724
2021-06-19,Glenn,021,27897,2437,2434,580,3014,19
2021-06-19,Humboldt,023,135768,4470,4463,42,4505,42
2021-06-19,Imperial,025,180216,28671,28813,2881,31694,740
2021-06-19,Inyo,027,18085,1407,1405,4,1409,35
2021-06-19,Kern,029,883053,97537,96966,11410,108376,1342
2021-06-19,Kings,031,150075,23106,23086,1179,24265,245
2021-06-19,Lake,033,64148,3573,3563,13,3576,45
2021-06-19,Lassen,035,31185,5259,5225,120,5345,19
2021-06-19,Los Angeles,037,10098052,1208433,1205602,43079,1248681,24454
2021-06-19,Madera,039,155013,16722,16632,958,17590,240
2021-06-19,Marin,041,260295,14138,14152,274,14426,230
2021-06-19,Mariposa,043,17540,437,439,11,450,5
2021-06-19,Mendocino,045,87422,4137,4077,78,4155,49
2021-06-19,Merced,047,269075,31228,31256,1013,32269,465
2021-06-19,Modoc,049,8938,413,402,146,548,3
2021-06-19,Mono,051,14174,1255,1275,14,1289,3
2021-06-19,Monterey,053,433212,43218,43153,1924,45077,427
2021-06-19,Napa,055,140530,10001,10025,34,10059,80
2021-06-19,Nevada,057,99092,4948,4910,202,5112,72
2021-06-19,Orange,059,3164182,256388,255329,11697,267026,5112
2021-06-19,Placer,061,380077,23659,23537,1582,25119,298
2021-06-19,Plumas,063,18699,713,697,12,709,4
2021-06-19,Riverside,065,2383286,293118,289720,14443,304163,4456
2021-06-19,Sacramento,067,1510023,107783,107631,1856,109487,1669
2021-06-19,San Benito,069,59416,6086,6098,119,6217,63
2021-06-19,San Bernardino,071,2135413,293917,293673,9296,302969,4844
2021-06-19,San Diego,073,3302833,282476,281682,15176,296858,3771
2021-06-19,San Francisco,075,870044,37003,37256,1354,38610,556
2021-06-19,San Joaquin,077,732212,73762,73652,3751,77403,1405
2021-06-19,San Luis Obispo,079,281455,21384,21308,774,22082,257
2021-06-19,San Mateo,081,765935,42661,42646,485,43131,542
2021-06-19,Santa Barbara,083,443738,34913,34472,1226,35698,455
2021-06-19,Santa Clara,085,1922200,119015,120110,798,120908,2093
2021-06-19,Santa Cruz,087,273765,16262,16206,859,17065,208
2021-06-19,Shasta,089,179085,12551,12615,1680,14295,201
2021-06-19,Sierra,091,2930,60,57,14,71,0
2021-06-19,Siskiyou,093,43540,1949,1891,380,2271,27
2021-06-19,Solano,095,438530,33311,33341,565,33906,266
2021-06-19,Sonoma,097,501317,30746,30841,367,31208,314
2021-06-19,Stanislaus,099,539301,56965,56847,6195,63042,1017
2021-06-19,Sutter,101,95872,9632,9645,96,9741,113
2021-06-19,Tehama,103,63373,5116,5115,610,5725,63
2021-06-19,Trinity,105,12862,429,337,82,419,3
2021-06-19,Tulare,107,460477,49959,49681,9546,59227,849
2021-06-19,Tuolumne,109,53932,4112,4117,37,4154,63
2021-06-19,Ventura,111,848112,81523,81270,3084,84354,1031
2021-06-19,Yolo,113,214977,14120,14156,358,14514,212
2021-06-19,Yuba,115,75493,6182,6157,134,6291,51
2021-06-18,Alameda,001,1643700,89101,89123,2055,91178,1263
2021-06-18,Alpine,003,1148,89,88,0,88,0
2021-06-18,Amador,005,37829,3743,3739,34,3773,46
2021-06-18,Butte,007,227075,12716,12653,1921,14574,194
2021-06-18,Calaveras,009,45235,2193,2191,15,2206,55
2021-06-18,Colusa,011,21464,1955,1969,327,2296,15
2021-06-18,Contra Costa,013,1133247,70651,70271,1362,71633,813
2021-06-18,Del Norte,015,27424,1443,1415,14,1429,8
2021-06-18,El Dorado,017,186661,10396,10348,769,11117,113
2021-06-18,Fresno,019,978130,102915,102894,8980,111874,1722
2021-06-18,Glenn,021,27897,2436,2430,580,3010,19
2021-06-18,Humboldt,023,135768,4462,4450,42,4492,42
2021-06-18,Imperial,025,180216,28669,28809,2881,31690,740
2021-06-18,Inyo,027,18085,1407,1405,4,1409,35
2021-06-18,Kern,029,883053,97526,96948,11404,108352,1341
2021-06-18,Kings,031,150075,23101,23082,1179,24261,245
2021-06-18,Lake,033,64148,3569,3563,13,3576,45
2021-06-18,Lassen,035,31185,5258,5224,120,5344,19
2021-06-18,Los Angeles,037,10098052,1208277,1205472,43062,1248534,24451
2021-06-18,Madera,039,155013,16716,16625,958,17583,241
2021-06-18,Marin,041,260295,14135,14147,274,14421,230
2021-06-18,Mariposa,043,17540,437,439,11,450,5
2021-06-18,Mendocino,045,87422,4132,4068,78,4146,49
2021-06-18,Merced,047,269075,31226,31262,1013,32275,464
2021-06-18,Modoc,049,8938,413,402,146,548,3
2021-06-18,Mono,051,14174,1254,1275,13,1288,3
2021-06-18,Monterey,053,433212,43215,43148,1924,45072,427
2021-06-18,Napa,055,140530,9997,10021,34,10055,80
2021-06-18,Nevada,057,99092,4940,4903,202,5105,72
2021-06-18,Orange,059,3164182,256351,255274,11694,266968,5108
2021-06-18,Placer,061,380077,23651,23500,1579,25079,298
2021-06-18,Plumas,063,18699,713,697,12,709,4
2021-06-18,Riverside,065,2383286,293070,289676,14442,304118,4457
2021-06-18,Sacramento,067,1510023,107735,107570,1856,109426,1669
2021-06-18,San Benito,069,59416,6085,6097,119,6216,63
2021-06-18,San Bernardino,071,2135413,293873,293629,9291,302920,4826
2021-06-18,San Diego,073,3302833,282400,281608,15165,296773,3771
2021-06-18,San Francisco,075,870044,36994,37246,1354,38600,556
2021-06-18,San Joaquin,077,732212,73744,73623,3749,77372,1403
2021-06-18,San Luis Obispo,079,281455,21380,21301,773,22074,257
2021-06-18,San Mateo,081,765935,42650,42630,484,43114,542
2021-06-18,Santa Barbara,083,443738,34902,34469,1226,35695,455
2021-06-18,Santa Clara,085,1922200,118994,120081,797,120878,2093
2021-06-18,Santa Cruz,087,273765,16258,16202,859,17061,208
2021-06-18,Shasta,089,179085,12547,12607,1678,14285,201
2021-06-18,Sierra,091,2930,59,57,14,71,0
2021-06-18,Siskiyou,093,43540,1949,1890,380,2270,27
2021-06-18,Solano,095,438530,33297,33323,565,33888,266
2021-06-18,Sonoma,097,501317,30729,30816,365,31181,313
2021-06-18,Stanislaus,099,539301,56950,56803,6193,62996,1012
2021-06-18,Sutter,101,95872,9629,9643,96,9739,113
2021-06-18,Tehama,103,63373,5114,5114,610,5724,63
2021-06-18,Trinity,105,12862,429,337,81,418,3
2021-06-18,Tulare,107,460477,49957,49664,9539,59203,849
2021-06-18,Tuolumne,109,53932,4110,4116,37,4153,63
2021-06-18,Ventura,111,848112,81513,81256,3079,84335,1031
2021-06-18,Yolo,113,214977,14117,14148,356,14504,212
2021-06-18,Yuba,115,75493,6176,6150,134,6284,51
2021-06-17,Alameda,001,1643700,89055,89087,2055,91142,1262
2021-06-17,Alpine,003,1148,89,88,0,88,0
2021-06-17,Amador,005,37829,3741,3731,34,3765,46
2021-06-17,Butte,007,227075,12706,12644,1920,14564,194
2021-06-17,Calaveras,009,45235,2192,2189,15,2204,55
2021-06-17,Colusa,011,21464,1954,1969,327,2296,15
2021-06-17,Contra Costa,013,1133247,70612,70190,1359,71549,810
2021-06-17,Del Norte,015,27424,1441,1413,14,1427,8
2021-06-17,El Dorado,017,186661,10386,10341,769,11110,113
2021-06-17,Fresno,019,978130,102889,102867,8976,111843,1722
2021-06-17,Glenn,021,27897,2436,2430,580,3010,19
2021-06-17,Humboldt,023,135768,4453,4438,42,4480,42
2021-06-17,Imperial,025,180216,28661,28801,2881,31682,741
2021-06-17,Inyo,027,18085,1407,1405,4,1409,35
2021-06-17,Kern,029,883053,97512,96840,11397,108237,1340
2021-06-17,Kings,031,150075,23097,23078,1178,24256,245
2021-06-17,Lake,033,64148,3566,3563,9,3572,45
2021-06-17,Lassen,035,31185,5254,5223,120,5343,19
2021-06-17,Los Angeles,037,10098052,1208066,1205301,43033,1248334,24444
2021-06-17,Madera,039,155013,16711,16618,958,17576,241
2021-06-17,Marin,041,260295,14135,14141,274,14415,229
2021-06-17,Mariposa,043,17540,437,439,11,450,5
2021-06-17,Mendocino,045,87422,4125,4054,78,4132,49
2021-06-17,Merced,047,269075,31221,31262,1013,32275,464
2021-06-17,Modoc,049,8938,412,401,146,547,3
2021-06-17,Mono,051,14174,1253,1275,13,1288,3
2021-06-17,Monterey,053,433212,43207,43140,1924,45064,416
2021-06-17,Napa,055,140530,9997,10014,34,10048,80
2021-06-17,Nevada,057,99092,4936,4898,202,5100,72
2021-06-17,Orange,059,3164182,256305,255240,11683,266923,5109
2021-06-17,Placer,061,380077,23635,23461,1577,25038,298
2021-06-17,Plumas,063,18699,712,697,12,709,4
2021-06-17,Riverside,065,2383286,293017,289627,14439,304066,4458
2021-06-17,Sacramento,067,1510023,107671,107492,1854,109346,1666
2021-06-17,San Benito,069,59416,6085,6097,119,6216,63
2021-06-17,San Bernardino,071,2135413,293833,293560,9291,302851,4811
2021-06-17,San Diego,073,3302833,282324,281531,15151,296682,3771
2021-06-17,San Francisco,075,870044,36983,37243,1353,38596,556
2021-06-17,San Joaquin,077,732212,73720,73560,3744,77304,1403
2021-06-17,San Luis Obispo,079,281455,21378,21297,773,22070,257
2021-06-17,San Mateo,081,765935,42644,42615,484,43099,542
2021-06-17,Santa Barbara,083,443738,34896,34466,1226,35692,453
2021-06-17,Santa Clara,085,1922200,118969,120032,796,120828,2093
2021-06-17,Santa Cruz,087,273765,16254,16197,859,17056,208
2021-06-17,Shasta,089,179085,12539,12597,1678,14275,201
2021-06-17,Sierra,091,2930,59,56,14,70,0
2021-06-17,Siskiyou,093,43540,1948,1889,380,2269,27
2021-06-17,Solano,095,438530,33276,33296,564,33860,266
2021-06-17,Sonoma,097,501317,30698,30793,365,31158,323
2021-06-17,Stanislaus,099,539301,56919,56752,6187,62939,1012
2021-06-17,Sutter,101,95872,9626,9629,96,9725,113
2021-06-17,Tehama,103,63373,5113,5112,608,5720,63
2021-06-17,Trinity,105,12862,428,337,81,418,3
2021-06-17,Tulare,107,460477,49952,49649,9531,59180,849
2021-06-17,Tuolumne,109,53932,4109,4116,37,4153,63
2021-06-17,Ventura,111,848112,81504,81248,3076,84324,1030
2021-06-17,Yolo,113,214977,14109,14141,356,14497,212
2021-06-17,Yuba,115,75493,6167,6140,134,6274,51
2021-06-16,Alameda,001,1643700,89004,89045,2051,91096,1265
2021-06-16,Alpine,003,1148,89,88,0,88,0
2021-06-16,Amador,005,37829,3740,3730,34,3764,46
2021-06-16,Butte,007,227075,12704,12635,1918,14553,194
2021-06-16,Calaveras,009,45235,2190,2188,15,2203,55
2021-06-16,Colusa,011,21464,1954,1967,327,2294,15
2021-06-16,Contra Costa,013,1133247,70560,70136,1358,71494,810
2021-06-16,Del Norte,015,27424,1438,1413,14,1427,8
2021-06-16,El Dorado,017,186661,10380,10334,768,11102,113
2021-06-16,Fresno,019,978130,102859,102842,8972,111814,1722
2021-06-16,Glenn,021,27897,2436,2430,580,3010,19
2021-06-16,Humboldt,023,135768,4444,4427,41,4468,42
2021-06-16,Imperial,025,180216,28658,28796,2881,31677,741
2021-06-16,Inyo,027,18085,1406,1405,4,1409,35
2021-06-16,Kern,029,883053,97490,96789,11388,108177,1339
2021-06-16,Kings,031,150075,23096,23072,1177,24249,245
2021-06-16,Lake,033,64148,3566,3562,9,3571,45
2021-06-16,Lassen,035,31185,5251,5216,120,5336,19
2021-06-16,Los Angeles,037,10098052,1207843,1205102,43022,1248124,24439
2021-06-16,Madera,039,155013,16707,16603,958,17561,240
2021-06-16,Marin,041,260295,14133,14137,274,14411,229
2021-06-16,Mariposa,043,17540,437,437,11,448,5
2021-06-16,Mendocino,045,87422,4117,4041,78,4119,49
2021-06-16,Merced,047,269075,31213,31250,1013,32263,463
2021-06-16,Modoc,049,8938,411,383,145,528,3
2021-06-16,Mono,051,14174,1253,1275,13,1288,3
2021-06-16,Monterey,053,433212,43204,43122,1924,45046,416
2021-06-16,Napa,055,140530,9993,10011,34,10045,80
2021-06-16,Nevada,057,99092,4931,4894,202,5096,72
2021-06-16,Orange,059,3164182,256254,255188,11676,266864,5109
2021-06-16,Placer,061,380077,23626,23425,1573,24998,298
2021-06-16,Plumas,063,18699,712,697,12,709,4
2021-06-16,Riverside,065,2383286,292956,289539,14437,303976,4457
2021-06-16,Sacramento,067,1510023,107601,107422,1850,109272,1665
2021-06-16,San Benito,069,59416,6085,6090,119,6209,63
2021-06-16,San Bernardino,071,2135413,293784,293499,9289,302788,4797
2021-06-16,San Diego,073,3302833,282246,281423,15138,296561,3770
2021-06-16,San Francisco,075,870044,36970,37222,1351,38573,555
2021-06-16,San Joaquin,077,732212,73683,73530,3740,77270,1399
2021-06-16,San Luis Obispo,079,281455,21373,21294,773,22067,257
2021-06-16,San Mateo,081,765935,42628,42601,484,43085,542
2021-06-16,Santa Barbara,083,443738,34890,34459,1226,35685,460
2021-06-16,Santa Clara,085,1922200,118937,119982,796,120778,2087
2021-06-16,Santa Cruz,087,273765,16251,16187,859,17046,208
2021-06-16,Shasta,089,179085,12534,12592,1677,14269,200
2021-06-16,Sierra,091,2930,59,56,14,70,0
2021-06-16,Siskiyou,093,43540,1947,1886,380,2266,26
2021-06-16,Solano,095,438530,33248,33276,564,33840,266
2021-06-16,Sonoma,097,501317,30662,30741,365,31106,323
2021-06-16,Stanislaus,099,539301,56888,56738,6185,62923,984
2021-06-16,Sutter,101,95872,9622,9620,96,9716,113
2021-06-16,Tehama,103,63373,5111,5106,608,5714,63
2021-06-16,Trinity,105,12862,427,332,81,413,3
2021-06-16,Tulare,107,460477,49947,49578,9527,59105,849
2021-06-16,Tuolumne,109,53932,4109,4110,37,4147,63
2021-06-16,Ventura,111,848112,81490,81229,3074,84303,1029
2021-06-16,Yolo,113,214977,14100,14135,355,14490,212
2021-06-16,Yuba,115,75493,6157,6134,134,6268,51
2021-06-15,Alameda,001,1643700,88962,89008,2051,91059,1262
2021-06-15,Alpine,003,1148,89,88,0,88,0
2021-06-15,Amador,005,37829,3737,3723,34,3757,46
2021-06-15,Butte,007,227075,12696,12620,1917,14537,194
2021-06-15,Calaveras,009,45235,2188,2188,15,2203,55
2021-06-15,Colusa,011,21464,1954,1967,325,2292,15
2021-06-15,Contra Costa,013,1133247,70498,70101,1358,71459,810
2021-06-15,Del Norte,015,27424,1437,1411,14,1425,8
2021-06-15,El Dorado,017,186661,10371,10330,768,11098,113
2021-06-15,Fresno,019,978130,102828,102828,8971,111799,1722
2021-06-15,Glenn,021,27897,2435,2426,580,3006,19
2021-06-15,Humboldt,023,135768,4435,4414,40,4454,42
2021-06-15,Imperial,025,180216,28652,28789,2881,31670,741
2021-06-15,Inyo,027,18085,1406,1405,4,1409,35
2021-06-15,Kern,029,883053,97462,96782,11379,108161,1338
2021-06-15,Kings,031,150075,23090,23070,1175,24245,245
2021-06-15,Lake,033,64148,3565,3559,9,3568,45
2021-06-15,Lassen,035,31185,5250,5211,120,5331,19
2021-06-15,Los Angeles,037,10098052,1207615,1204926,43013,1247939,24435
2021-06-15,Madera,039,155013,16700,16600,957,17557,240
2021-06-15,Marin,041,260295,14125,14135,274,14409,229
2021-06-15,Mariposa,043,17540,437,437,11,448,5
2021-06-15,Mendocino,045,87422,4110,4034,78,4112,49
2021-06-15,Merced,047,269075,31207,31244,1013,32257,461
2021-06-15,Modoc,049,8938,410,383,145,528,3
2021-06-15,Mono,051,14174,1253,1275,13,1288,3
2021-06-15,Monterey,053,433212,43198,43118,1924,45042,416
2021-06-15,Napa,055,140530,9991,10010,34,10044,80
2021-06-15,Nevada,057,99092,4928,4888,202,5090,72
2021-06-15,Orange,059,3164182,256215,255127,11667,266794,5105
2021-06-15,Placer,061,380077,23604,23396,1572,24968,298
2021-06-15,Plumas,063,18699,711,697,12,709,4
2021-06-15,Riverside,065,2383286,292898,289508,14433,303941,4455
2021-06-15,Sacramento,067,1510023,107526,107370,1844,109214,1662
2021-06-15,San Benito,069,59416,6084,6089,119,6208,63
2021-06-15,San Bernardino,071,2135413,293734,293463,9284,302747,4790
2021-06-15,San Diego,073,3302833,282161,281375,15124,296499,3770
2021-06-15,San Francisco,075,870044,36961,37210,1350,38560,555
2021-06-15,San Joaquin,077,732212,73643,73494,3735,77229,1399
2021-06-15,San Luis Obispo,079,281455,21368,21293,772,22065,257
2021-06-15,San Mateo,081,765935,42615,42593,484,43077,543
2021-06-15,Santa Barbara,083,443738,34885,34451,1226,35677,460
2021-06-15,Santa Clara,085,1922200,118899,119963,796,120759,2086
2021-06-15,Santa Cruz,087,273765,16244,16180,859,17039,208
2021-06-15,Shasta,089,179085,12528,12583,1677,14260,201
2021-06-15,Sierra,091,2930,58,55,14,69,0
2021-06-15,Siskiyou,093,43540,1946,1887,380,2267,26
2021-06-15,Solano,095,438530,33229,33264,564,33828,266
2021-06-15,Sonoma,097,501317,30623,30707,364,31071,323
2021-06-15,Stanislaus,099,539301,56859,56724,6181,62905,979
2021-06-15,Sutter,101,95872,9613,9616,96,9712,113
2021-06-15,Tehama,103,63373,5109,5102,608,5710,63
2021-06-15,Trinity,105,12862,426,332,81,413,3
2021-06-15,Tulare,107,460477,49940,49561,9524,59085,848
2021-06-15,Tuolumne,109,53932,4109,4111,37,4148,63
2021-06-15,Ventura,111,848112,81479,81215,3071,84286,1029
2021-06-15,Yolo,113,214977,14096,14127,353,14480,212
2021-06-15,Yuba,115,75493,6146,6130,134,6264,51
2021-06-14,Alameda,001,1643700,88912,88966,2050,91016,1264
2021-06-14,Alpine,003,1148,89,88,0,88,0
2021-06-14,Amador,005,37829,3736,3722,34,3756,46
2021-06-14,Butte,007,227075,12685,12613,1913,14526,194
2021-06-14,Calaveras,009,45235,2186,2190,15,2205,55
2021-06-14,Colusa,011,21464,1953,1966,325,2291,15
2021-06-14,Contra Costa,013,1133247,70445,70069,1356,71425,810
2021-06-14,Del Norte,015,27424,1437,1411,14,1425,8
2021-06-14,El Dorado,017,186661,10362,10327,767,11094,113
2021-06-14,Fresno,019,978130,102806,102812,8970,111782,1719
2021-06-14,Glenn,021,27897,2435,2426,580,3006,19
2021-06-14,Humboldt,023,135768,4427,4407,39,4446,42
2021-06-14,Imperial,025,180216,28640,28836,2881,31717,741
2021-06-14,Inyo,027,18085,1405,1405,4,1409,35
2021-06-14,Kern,029,883053,97442,96760,11369,108129,1337
2021-06-14,Kings,031,150075,23087,23071,1173,24244,245
2021-06-14,Lake,033,64148,3564,3557,9,3566,45
2021-06-14,Lassen,035,31185,5247,5209,119,5328,19
2021-06-14,Los Angeles,037,10098052,1207381,1204748,43003,1247751,24434
2021-06-14,Madera,039,155013,16694,16597,956,17553,240
2021-06-14,Marin,041,260295,14123,14133,274,14407,229
2021-06-14,Mariposa,043,17540,436,437,11,448,5
2021-06-14,Mendocino,045,87422,4104,4028,78,4106,49
2021-06-14,Merced,047,269075,31198,31241,1012,32253,461
2021-06-14,Modoc,049,8938,401,382,143,525,3
2021-06-14,Mono,051,14174,1253,1275,13,1288,3
2021-06-14,Monterey,053,433212,43195,43110,1924,45034,415
2021-06-14,Napa,055,140530,9987,10000,34,10034,80
2021-06-14,Nevada,057,99092,4921,4885,202,5087,72
2021-06-14,Orange,059,3164182,256177,255069,11663,266732,5103
2021-06-14,Placer,061,380077,23579,23379,1571,24950,298
2021-06-14,Plumas,063,18699,711,696,12,708,4
2021-06-14,Riverside,065,2383286,292846,289476,14431,303907,4453
2021-06-14,Sacramento,067,1510023,107472,107334,1839,109173,1661
2021-06-14,San Benito,069,59416,6084,6087,119,6206,63
2021-06-14,San Bernardino,071,2135413,293678,293446,9280,302726,4790
2021-06-14,San Diego,073,3302833,282055,281314,15104,296418,3770
2021-06-14,San Francisco,075,870044,36948,37206,1350,38556,555
2021-06-14,San Joaquin,077,732212,73614,73453,3735,77188,1398
2021-06-14,San Luis Obispo,079,281455,21366,21302,772,22074,256
2021-06-14,San Mateo,081,765935,42601,42619,483,43102,543
2021-06-14,Santa Barbara,083,443738,34882,34449,1226,35675,460
2021-06-14,Santa Clara,085,1922200,118868,119957,795,120752,2085
2021-06-14,Santa Cruz,087,273765,16242,16175,859,17034,208
2021-06-14,Shasta,089,179085,12517,12561,1674,14235,201
2021-06-14,Sierra,091,2930,57,55,14,69,0
2021-06-14,Siskiyou,093,43540,1946,1886,380,2266,26
2021-06-14,Solano,095,438530,33212,33243,563,33806,266
2021-06-14,Sonoma,097,501317,30591,30679,363,31042,323
2021-06-14,Stanislaus,099,539301,56822,56689,6178,62867,975
2021-06-14,Sutter,101,95872,9610,9607,96,9703,112
2021-06-14,Tehama,103,63373,5107,5102,608,5710,63
2021-06-14,Trinity,105,12862,426,332,81,413,3
2021-06-14,Tulare,107,460477,49935,49538,9520,59058,848
2021-06-14,Tuolumne,109,53932,4106,4108,37,4145,63
2021-06-14,Ventura,111,848112,81469,81209,3071,84280,1028
2021-06-14,Yolo,113,214977,14088,14123,353,14476,212
2021-06-14,Yuba,115,75493,6139,6127,134,6261,50
2021-06-13,Alameda,001,1643700,88856,88947,2048,90995,1264
2021-06-13,Alpine,003,1148,88,88,0,88,0
2021-06-13,Amador,005,37829,3732,3721,34,3755,46
2021-06-13,Butte,007,227075,12674,12586,1910,14496,194
2021-06-13,Calaveras,009,45235,2186,2189,15,2204,55
2021-06-13,Colusa,011,21464,1953,1965,324,2289,15
2021-06-13,Contra Costa,013,1133247,70391,70040,1354,71394,810
2021-06-13,Del Norte,015,27424,1435,1412,14,1426,8
2021-06-13,El Dorado,017,186661,10353,10324,767,11091,113
2021-06-13,Fresno,019,978130,102776,102795,8965,111760,1719
2021-06-13,Glenn,021,27897,2434,2425,578,3003,19
2021-06-13,Humboldt,023,135768,4414,4401,39,4440,42
2021-06-13,Imperial,025,180216,28631,28800,2881,31681,741
2021-06-13,Inyo,027,18085,1405,1405,4,1409,35
2021-06-13,Kern,029,883053,97418,96743,11356,108099,1337
2021-06-13,Kings,031,150075,23082,23069,1172,24241,245
2021-06-13,Lake,033,64148,3564,3556,9,3565,45
2021-06-13,Lassen,035,31185,5242,5209,119,5328,19
2021-06-13,Los Angeles,037,10098052,1207121,1204614,42990,1247604,24433
2021-06-13,Madera,039,155013,16680,16590,956,17546,240
2021-06-13,Marin,041,260295,14117,14126,274,14400,229
2021-06-13,Mariposa,043,17540,436,434,11,445,5
2021-06-13,Mendocino,045,87422,4097,4026,78,4104,49
2021-06-13,Merced,047,269075,31192,31240,1011,32251,461
2021-06-13,Modoc,049,8938,399,382,141,523,3
2021-06-13,Mono,051,14174,1253,1275,13,1288,3
2021-06-13,Monterey,053,433212,43187,43108,1924,45032,415
2021-06-13,Napa,055,140530,9981,9995,34,10029,80
2021-06-13,Nevada,057,99092,4916,4883,202,5085,72
2021-06-13,Orange,059,3164182,256122,255043,11661,266704,5103
2021-06-13,Placer,061,380077,23553,23365,1569,24934,295
2021-06-13,Plumas,063,18699,710,696,12,708,4
2021-06-13,Riverside,065,2383286,292779,289447,14428,303875,4453
2021-06-13,Sacramento,067,1510023,107396,107289,1836,109125,1658
2021-06-13,San Benito,069,59416,6084,6086,119,6205,63
2021-06-13,San Bernardino,071,2135413,293627,293416,9275,302691,4788
2021-06-13,San Diego,073,3302833,281976,281268,15088,296356,3770
2021-06-13,San Francisco,075,870044,36937,37197,1350,38547,555
2021-06-13,San Joaquin,077,732212,73581,73438,3733,77171,1398
2021-06-13,San Luis Obispo,079,281455,21360,21298,771,22069,256
2021-06-13,San Mateo,081,765935,42588,42611,483,43094,542
2021-06-13,Santa Barbara,083,443738,34871,34449,1225,35674,460
2021-06-13,Santa Clara,085,1922200,118844,119946,795,120741,2085
2021-06-13,Santa Cruz,087,273765,16235,16172,859,17031,208
2021-06-13,Shasta,089,179085,12508,12560,1673,14233,201
2021-06-13,Sierra,091,2930,57,55,14,69,0
2021-06-13,Siskiyou,093,43540,1945,1885,380,2265,26
2021-06-13,Solano,095,438530,33190,33234,563,33797,266
2021-06-13,Sonoma,097,501317,30556,30663,361,31024,323
2021-06-13,Stanislaus,099,539301,56795,56671,6177,62848,975
2021-06-13,Sutter,101,95872,9603,9603,96,9699,112
2021-06-13,Tehama,103,63373,5105,5100,608,5708,63
2021-06-13,Trinity,105,12862,425,332,81,413,3
2021-06-13,Tulare,107,460477,49926,49537,9515,59052,848
2021-06-13,Tuolumne,109,53932,4104,4107,36,4143,63
2021-06-13,Ventura,111,848112,81455,81201,3071,84272,1028
2021-06-13,Yolo,113,214977,14081,14120,351,14471,212
2021-06-13,Yuba,115,75493,6132,6125,134,6259,50
2021-06-12,Alameda,001,1643700,88827,88901,2048,90949,1271
2021-06-12,Alpine,003,1148,88,88,0,88,0
2021-06-12,Amador,005,37829,3731,3721,34,3755,46
2021-06-12,Butte,007,227075,12670,12576,1910,14486,194
2021-06-12,Calaveras,009,45235,2186,2189,15,2204,55
2021-06-12,Colusa,011,21464,1953,1965,324,2289,15
2021-06-12,Contra Costa,013,1133247,70360,69989,1351,71340,810
2021-06-12,Del Norte,015,27424,1435,1412,14,1426,8
2021-06-12,El Dorado,017,186661,10348,10320,766,11086,113
2021-06-12,Fresno,019,978130,102766,102783,8964,111747,1720
2021-06-12,Glenn,021,27897,2432,2425,578,3003,19
2021-06-12,Humboldt,023,135768,4406,4396,39,4435,42
2021-06-12,Imperial,025,180216,28628,28799,2881,31680,741
2021-06-12,Inyo,027,18085,1405,1405,4,1409,35
2021-06-12,Kern,029,883053,97403,96731,11352,108083,1337
2021-06-12,Kings,031,150075,23080,23067,1172,24239,245
2021-06-12,Lake,033,64148,3563,3552,9,3561,45
2021-06-12,Lassen,035,31185,5242,5208,119,5327,19
2021-06-12,Los Angeles,037,10098052,1206984,1204439,42983,1247422,24434
2021-06-12,Madera,039,155013,16676,16586,956,17542,240
2021-06-12,Marin,041,260295,14114,14121,274,14395,229
2021-06-12,Mariposa,043,17540,436,434,11,445,5
2021-06-12,Mendocino,045,87422,4094,4024,78,4102,49
2021-06-12,Merced,047,269075,31189,31236,1011,32247,461
2021-06-12,Modoc,049,8938,398,382,141,523,3
2021-06-12,Mono,051,14174,1253,1275,13,1288,3
2021-06-12,Monterey,053,433212,43182,43103,1924,45027,415
2021-06-12,Napa,055,140530,9977,9986,34,10020,80
2021-06-12,Nevada,057,99092,4910,4878,202,5080,72
2021-06-12,Orange,059,3164182,256089,255004,11659,266663,5103
2021-06-12,Placer,061,380077,23534,23345,1569,24914,295
2021-06-12,Plumas,063,18699,710,696,12,708,4
2021-06-12,Riverside,065,2383286,292737,289413,14425,303838,4453
2021-06-12,Sacramento,067,1510023,107335,107199,1833,109032,1658
2021-06-12,San Benito,069,59416,6082,6083,119,6202,63
2021-06-12,San Bernardino,071,2135413,293593,293375,9273,302648,4788
2021-06-12,San Diego,073,3302833,281919,281203,15079,296282,3770
2021-06-12,San Francisco,075,870044,36927,37189,1350,38539,555
2021-06-12,San Joaquin,077,732212,73562,73413,3732,77145,1398
2021-06-12,San Luis Obispo,079,281455,21357,21293,771,22064,256
2021-06-12,San Mateo,081,765935,42583,42604,483,43087,542
2021-06-12,Santa Barbara,083,443738,34867,34450,1225,35675,460
2021-06-12,Santa Clara,085,1922200,118804,119894,795,120689,2085
2021-06-12,Santa Cruz,087,273765,16227,16170,859,17029,208
2021-06-12,Shasta,089,179085,12505,12556,1672,14228,201
2021-06-12,Sierra,091,2930,57,55,14,69,0
2021-06-12,Siskiyou,093,43540,1944,1884,380,2264,25
2021-06-12,Solano,095,438530,33181,33219,563,33782,266
2021-06-12,Sonoma,097,501317,30528,30647,360,31007,323
2021-06-12,Stanislaus,099,539301,56778,56649,6176,62825,974
2021-06-12,Sutter,101,95872,9599,9603,96,9699,112
2021-06-12,Tehama,103,63373,5105,5099,607,5706,63
2021-06-12,Trinity,105,12862,425,332,81,413,3
2021-06-12,Tulare,107,460477,49921,49533,9508,59041,848
2021-06-12,Tuolumne,109,53932,4103,4105,36,4141,63
2021-06-12,Ventura,111,848112,81443,81197,3071,84268,1028
2021-06-12,Yolo,113,214977,14078,14118,349,14467,212
2021-06-12,Yuba,115,75493,6127,6120,134,6254,50
2021-06-11,Alameda,001,1643700,88799,88844,2048,90892,1278
2021-06-11,Alpine,003,1148,88,88,0,88,0
2021-06-11,Amador,005,37829,3731,3710,34,3744,46
2021-06-11,Butte,007,227075,12666,12576,1908,14484,194
2021-06-11,Calaveras,009,45235,2186,2188,15,2203,55
2021-06-11,Colusa,011,21464,1952,1964,324,2288,15
2021-06-11,Contra Costa,013,1133247,70327,69940,1349,71289,808
2021-06-11,Del Norte,015,27424,1435,1409,14,1423,8
2021-06-11,El Dorado,017,186661,10345,10316,766,11082,113
2021-06-11,Fresno,019,978130,102748,102770,8963,111733,1720
2021-06-11,Glenn,021,27897,2432,2425,578,3003,19
2021-06-11,Humboldt,023,135768,4402,4389,39,4428,42
2021-06-11,Imperial,025,180216,28623,28793,2881,31674,741
2021-06-11,Inyo,027,18085,1405,1405,4,1409,35
2021-06-11,Kern,029,883053,97391,96718,11348,108066,1340
2021-06-11,Kings,031,150075,23076,23069,1171,24240,245
2021-06-11,Lake,033,64148,3562,3550,9,3559,45
2021-06-11,Lassen,035,31185,5241,5204,119,5323,18
2021-06-11,Los Angeles,037,10098052,1206838,1204259,42969,1247228,24434
2021-06-11,Madera,039,155013,16673,16582,956,17538,240
2021-06-11,Marin,041,260295,14111,14116,274,14390,229
2021-06-11,Mariposa,043,17540,436,434,11,445,5
2021-06-11,Mendocino,045,87422,4091,4022,78,4100,49
2021-06-11,Merced,047,269075,31184,31231,1011,32242,461
2021-06-11,Modoc,049,8938,398,382,140,522,3
2021-06-11,Mono,051,14174,1253,1274,13,1287,3
2021-06-11,Monterey,053,433212,43178,43097,1924,45021,415
2021-06-11,Napa,055,140530,9974,9977,34,10011,80
2021-06-11,Nevada,057,99092,4908,4873,202,5075,72
2021-06-11,Orange,059,3164182,256057,254975,11656,266631,5101
2021-06-11,Placer,061,380077,23529,23330,1569,24899,294
2021-06-11,Plumas,063,18699,710,696,12,708,4
2021-06-11,Riverside,065,2383286,292699,289376,14422,303798,4451
2021-06-11,Sacramento,067,1510023,107275,107119,1832,108951,1659
2021-06-11,San Benito,069,59416,6081,6082,119,6201,63
2021-06-11,San Bernardino,071,2135413,293557,293335,9269,302604,4788
2021-06-11,San Diego,073,3302833,281879,281144,15072,296216,3768
2021-06-11,San Francisco,075,870044,36922,37177,1350,38527,555
2021-06-11,San Joaquin,077,732212,73545,73347,3729,77076,1397
2021-06-11,San Luis Obispo,079,281455,21356,21288,771,22059,256
2021-06-11,San Mateo,081,765935,42569,42585,483,43068,542
2021-06-11,Santa Barbara,083,443738,34864,34438,1225,35663,460
2021-06-11,Santa Clara,085,1922200,118785,119860,795,120655,2083
2021-06-11,Santa Cruz,087,273765,16219,16164,859,17023,208
2021-06-11,Shasta,089,179085,12497,12550,1670,14220,201
2021-06-11,Sierra,091,2930,57,55,14,69,0
2021-06-11,Siskiyou,093,43540,1943,1882,380,2262,25
2021-06-11,Solano,095,438530,33161,33179,562,33741,266
2021-06-11,Sonoma,097,501317,30510,30624,360,30984,323
2021-06-11,Stanislaus,099,539301,56752,56617,6172,62789,974
2021-06-11,Sutter,101,95872,9596,9600,95,9695,112
2021-06-11,Tehama,103,63373,5104,5099,607,5706,63
2021-06-11,Trinity,105,12862,425,331,81,412,3
2021-06-11,Tulare,107,460477,49915,49516,9507,59023,848
2021-06-11,Tuolumne,109,53932,4100,4104,36,4140,63
2021-06-11,Ventura,111,848112,81433,81189,3071,84260,1026
2021-06-11,Yolo,113,214977,14071,14111,345,14456,212
2021-06-11,Yuba,115,75493,6123,6113,134,6247,50
2021-06-10,Alameda,001,1643700,88753,88806,2047,90853,1275
2021-06-10,Alpine,003,1148,88,88,0,88,0
2021-06-10,Amador,005,37829,3727,3709,34,3743,46
2021-06-10,Butte,007,227075,12649,12565,1908,14473,194
2021-06-10,Calaveras,009,45235,2185,2188,15,2203,55
2021-06-10,Colusa,011,21464,1950,1964,324,2288,15
2021-06-10,Contra Costa,013,1133247,70273,69876,1349,71225,807
2021-06-10,Del Norte,015,27424,1435,1405,14,1419,8
2021-06-10,El Dorado,017,186661,10338,10314,762,11076,113
2021-06-10,Fresno,019,978130,102723,102724,8962,111686,1717
2021-06-10,Glenn,021,27897,2432,2425,578,3003,19
2021-06-10,Humboldt,023,135768,4394,4384,39,4423,42
2021-06-10,Imperial,025,180216,28617,28779,2881,31660,739
2021-06-10,Inyo,027,18085,1405,1405,4,1409,35
2021-06-10,Kern,029,883053,97377,96706,11343,108049,1336
2021-06-10,Kings,031,150075,23075,23067,1171,24238,245
2021-06-10,Lake,033,64148,3557,3550,9,3559,45
2021-06-10,Lassen,035,31185,5239,5201,119,5320,18
2021-06-10,Los Angeles,037,10098052,1206675,1204110,42952,1247062,24440
2021-06-10,Madera,039,155013,16666,16581,956,17537,240
2021-06-10,Marin,041,260295,14108,14118,274,14392,229
2021-06-10,Mariposa,043,17540,434,434,11,445,5
2021-06-10,Mendocino,045,87422,4086,4016,78,4094,48
2021-06-10,Merced,047,269075,31176,31231,1008,32239,461
2021-06-10,Modoc,049,8938,397,381,140,521,3
2021-06-10,Mono,051,14174,1252,1274,13,1287,3
2021-06-10,Monterey,053,433212,43172,43090,1924,45014,415
2021-06-10,Napa,055,140530,9973,9974,34,10008,80
2021-06-10,Nevada,057,99092,4903,4866,202,5068,72
2021-06-10,Orange,059,3164182,256027,254950,11649,266599,5097
2021-06-10,Placer,061,380077,23516,23296,1569,24865,293
2021-06-10,Plumas,063,18699,710,696,12,708,4
2021-06-10,Riverside,065,2383286,292658,289335,14417,303752,4450
2021-06-10,Sacramento,067,1510023,107213,107049,1832,108881,1658
2021-06-10,San Benito,069,59416,6081,6079,119,6198,63
2021-06-10,San Bernardino,071,2135413,293516,293281,9266,302547,4782
2021-06-10,San Diego,073,3302833,281821,281052,15055,296107,3766
2021-06-10,San Francisco,075,870044,36912,37159,1348,38507,552
2021-06-10,San Joaquin,077,732212,73511,73276,3728,77004,1393
2021-06-10,San Luis Obispo,079,281455,21353,21280,771,22051,256
2021-06-10,San Mateo,081,765935,42562,42562,483,43045,666
2021-06-10,Santa Barbara,083,443738,34860,34434,1225,35659,460
2021-06-10,Santa Clara,085,1922200,118750,119832,794,120626,2075
2021-06-10,Santa Cruz,087,273765,16218,16159,859,17018,208
2021-06-10,Shasta,089,179085,12486,12536,1669,14205,201
2021-06-10,Sierra,091,2930,56,55,14,69,0
2021-06-10,Siskiyou,093,43540,1943,1881,380,2261,25
2021-06-10,Solano,095,438530,33144,33150,561,33711,265
2021-06-10,Sonoma,097,501317,30475,30571,358,30929,323
2021-06-10,Stanislaus,099,539301,56731,56588,6168,62756,974
2021-06-10,Sutter,101,95872,9589,9594,95,9689,112
2021-06-10,Tehama,103,63373,5104,5096,607,5703,63
2021-06-10,Trinity,105,12862,425,331,81,412,3
2021-06-10,Tulare,107,460477,49907,49503,9507,59010,848
2021-06-10,Tuolumne,109,53932,4100,4100,36,4136,63
2021-06-10,Ventura,111,848112,81422,81172,3070,84242,1026
2021-06-10,Yolo,113,214977,14068,14107,345,14452,212
2021-06-10,Yuba,115,75493,6119,6112,134,6246,50
2021-06-09,Alameda,001,1643700,88707,88762,2045,90807,1271
2021-06-09,Alpine,003,1148,88,88,0,88,0
2021-06-09,Amador,005,37829,3723,3706,34,3740,46
2021-06-09,Butte,007,227075,12643,12555,1906,14461,194
2021-06-09,Calaveras,009,45235,2183,2184,15,2199,55
2021-06-09,Colusa,011,21464,1950,1962,323,2285,15
2021-06-09,Contra Costa,013,1133247,70236,69829,1348,71177,803
2021-06-09,Del Norte,015,27424,1431,1403,14,1417,8
2021-06-09,El Dorado,017,186661,10335,10312,761,11073,113
2021-06-09,Fresno,019,978130,102703,102690,8958,111648,1717
2021-06-09,Glenn,021,27897,2431,2424,578,3002,19
2021-06-09,Humboldt,023,135768,4389,4379,38,4417,42
2021-06-09,Imperial,025,180216,28614,28754,2881,31635,739
2021-06-09,Inyo,027,18085,1405,1405,4,1409,35
2021-06-09,Kern,029,883053,97363,96697,11334,108031,1328
2021-06-09,Kings,031,150075,23073,23061,1171,24232,245
2021-06-09,Lake,033,64148,3554,3541,9,3550,45
2021-06-09,Lassen,035,31185,5238,5200,119,5319,18
2021-06-09,Los Angeles,037,10098052,1206491,1203955,42941,1246896,24432
2021-06-09,Madera,039,155013,16661,16580,956,17536,240
2021-06-09,Marin,041,260295,14103,14114,274,14388,229
2021-06-09,Mariposa,043,17540,434,434,11,445,5
2021-06-09,Mendocino,045,87422,4080,4008,78,4086,47
2021-06-09,Merced,047,269075,31172,31225,1008,32233,461
2021-06-09,Modoc,049,8938,395,377,139,516,3
2021-06-09,Mono,051,14174,1252,1274,13,1287,3
2021-06-09,Monterey,053,433212,43165,43082,1924,45006,415
2021-06-09,Napa,055,140530,9967,9971,34,10005,80
2021-06-09,Nevada,057,99092,4893,4863,201,5064,72
2021-06-09,Orange,059,3164182,255982,254893,11645,266538,5080
2021-06-09,Placer,061,380077,23497,23237,1569,24806,293
2021-06-09,Plumas,063,18699,709,697,12,709,4
2021-06-09,Riverside,065,2383286,292613,289299,14415,303714,4450
2021-06-09,Sacramento,067,1510023,107151,106971,1829,108800,1657
2021-06-09,San Benito,069,59416,6078,6078,119,6197,63
2021-06-09,San Bernardino,071,2135413,293474,293222,9266,302488,4782
2021-06-09,San Diego,073,3302833,281756,280941,15043,295984,3765
2021-06-09,San Francisco,075,870044,36899,37143,1347,38490,552
2021-06-09,San Joaquin,077,732212,73485,73232,3727,76959,1392
2021-06-09,San Luis Obispo,079,281455,21352,21259,771,22030,256
2021-06-09,San Mateo,081,765935,42546,42502,482,42984,666
2021-06-09,Santa Barbara,083,443738,34849,34422,1225,35647,460
2021-06-09,Santa Clara,085,1922200,118712,119793,793,120586,2068
2021-06-09,Santa Cruz,087,273765,16215,16155,859,17014,208
2021-06-09,Shasta,089,179085,12476,12521,1667,14188,201
2021-06-09,Sierra,091,2930,55,55,14,69,0
2021-06-09,Siskiyou,093,43540,1942,1871,380,2251,25
2021-06-09,Solano,095,438530,33128,33137,560,33697,264
2021-06-09,Sonoma,097,501317,30453,30540,358,30898,323
2021-06-09,Stanislaus,099,539301,56711,56560,6165,62725,974
2021-06-09,Sutter,101,95872,9580,9586,94,9680,111
2021-06-09,Tehama,103,63373,5103,5093,607,5700,63
2021-06-09,Trinity,105,12862,424,331,81,412,3
2021-06-09,Tulare,107,460477,49903,49496,9505,59001,847
2021-06-09,Tuolumne,109,53932,4097,4100,36,4136,63
2021-06-09,Ventura,111,848112,81412,81154,3069,84223,1026
2021-06-09,Yolo,113,214977,14066,14102,344,14446,212
2021-06-09,Yuba,115,75493,6115,6109,134,6243,50
2021-06-08,Alameda,001,1643700,88659,88731,2045,90776,1267
2021-06-08,Alpine,003,1148,88,88,0,88,0
2021-06-08,Amador,005,37829,3722,3704,34,3738,46
2021-06-08,Butte,007,227075,12637,12540,1903,14443,194
2021-06-08,Calaveras,009,45235,2182,2181,15,2196,55
2021-06-08,Colusa,011,21464,1950,1961,323,2284,15
2021-06-08,Contra Costa,013,1133247,70188,69762,1347,71109,803
2021-06-08,Del Norte,015,27424,1429,1402,14,1416,8
2021-06-08,El Dorado,017,186661,10330,10306,759,11065,113
2021-06-08,Fresno,019,978130,102678,102680,8956,111636,1717
2021-06-08,Glenn,021,27897,2430,2423,578,3001,19
2021-06-08,Humboldt,023,135768,4384,4363,38,4401,42
2021-06-08,Imperial,025,180216,28605,28752,2881,31633,738
2021-06-08,Inyo,027,18085,1405,1405,4,1409,35
2021-06-08,Kern,029,883053,97344,96671,11327,107998,1325
2021-06-08,Kings,031,150075,23072,23036,1171,24207,245
2021-06-08,Lake,033,64148,3553,3540,9,3549,45
2021-06-08,Lassen,035,31185,5238,5200,119,5319,18
2021-06-08,Los Angeles,037,10098052,1206297,1203794,42930,1246724,24426
2021-06-08,Madera,039,155013,16655,16579,955,17534,240
2021-06-08,Marin,041,260295,14101,14111,273,14384,229
2021-06-08,Mariposa,043,17540,434,434,11,445,5
2021-06-08,Mendocino,045,87422,4073,4002,78,4080,47
2021-06-08,Merced,047,269075,31164,31225,1008,32233,461
2021-06-08,Modoc,049,8938,389,377,138,515,3
2021-06-08,Mono,051,14174,1252,1274,13,1287,3
2021-06-08,Monterey,053,433212,43159,43078,1923,45001,415
2021-06-08,Napa,055,140530,9963,9962,34,9996,80
2021-06-08,Nevada,057,99092,4888,4861,201,5062,72
2021-06-08,Orange,059,3164182,255940,254852,11638,266490,5078
2021-06-08,Placer,061,380077,23479,23209,1565,24774,293
2021-06-08,Plumas,063,18699,709,692,12,704,4
2021-06-08,Riverside,065,2383286,292578,289268,14406,303674,4452
2021-06-08,Sacramento,067,1510023,107089,106901,1826,108727,1654
2021-06-08,San Benito,069,59416,6076,6076,119,6195,63
2021-06-08,San Bernardino,071,2135413,293426,293186,9262,302448,4778
2021-06-08,San Diego,073,3302833,281694,280879,15034,295913,3764
2021-06-08,San Francisco,075,870044,36884,37134,1346,38480,552
2021-06-08,San Joaquin,077,732212,73441,73186,3722,76908,1390
2021-06-08,San Luis Obispo,079,281455,21346,21251,770,22021,255
2021-06-08,San Mateo,081,765935,42533,42488,482,42970,663
2021-06-08,Santa Barbara,083,443738,34845,34418,1225,35643,459
2021-06-08,Santa Clara,085,1922200,118693,119770,792,120562,2068
2021-06-08,Santa Cruz,087,273765,16212,16160,859,17019,208
2021-06-08,Shasta,089,179085,12461,12498,1667,14165,201
2021-06-08,Sierra,091,2930,55,55,14,69,0
2021-06-08,Siskiyou,093,43540,1940,1870,378,2248,21
2021-06-08,Solano,095,438530,33107,33130,560,33690,259
2021-06-08,Sonoma,097,501317,30426,30523,356,30879,323
2021-06-08,Stanislaus,099,539301,56684,56548,6163,62711,973
2021-06-08,Sutter,101,95872,9577,9581,94,9675,111
2021-06-08,Tehama,103,63373,5100,5093,607,5700,63
2021-06-08,Trinity,105,12862,424,330,80,410,3
2021-06-08,Tulare,107,460477,49891,49485,9500,58985,847
2021-06-08,Tuolumne,109,53932,4094,4099,36,4135,63
2021-06-08,Ventura,111,848112,81396,81142,3068,84210,1026
2021-06-08,Yolo,113,214977,14061,14099,343,14442,212
2021-06-08,Yuba,115,75493,6113,6103,134,6237,50
2021-06-07,Alameda,001,1643700,88601,88688,2045,90733,1267
2021-06-07,Alpine,003,1148,88,88,0,88,0
2021-06-07,Amador,005,37829,3712,3697,34,3731,46
2021-06-07,Butte,007,227075,12630,12533,1902,14435,194
2021-06-07,Calaveras,009,45235,2181,2181,15,2196,55
2021-06-07,Colusa,011,21464,1949,1960,323,2283,15
2021-06-07,Contra Costa,013,1133247,70131,69718,1346,71064,817
2021-06-07,Del Norte,015,27424,1429,1401,14,1415,8
2021-06-07,El Dorado,017,186661,10325,10305,759,11064,113
2021-06-07,Fresno,019,978130,102649,102659,8949,111608,1717
2021-06-07,Glenn,021,27897,2430,2423,578,3001,19
2021-06-07,Humboldt,023,135768,4376,4354,38,4392,42
2021-06-07,Imperial,025,180216,28603,28754,2881,31635,738
2021-06-07,Inyo,027,18085,1405,1404,4,1408,35
2021-06-07,Kern,029,883053,97328,96645,11320,107965,1324
2021-06-07,Kings,031,150075,23068,23023,1171,24194,244
2021-06-07,Lake,033,64148,3551,3540,9,3549,45
2021-06-07,Lassen,035,31185,5233,5198,119,5317,18
2021-06-07,Los Angeles,037,10098052,1206075,1203664,42916,1246580,24413
2021-06-07,Madera,039,155013,16648,16572,955,17527,240
2021-06-07,Marin,041,260295,14097,14108,272,14380,229
2021-06-07,Mariposa,043,17540,434,434,11,445,5
2021-06-07,Mendocino,045,87422,4067,3998,78,4076,47
2021-06-07,Merced,047,269075,31152,31212,1007,32219,459
2021-06-07,Modoc,049,8938,388,375,135,510,3
2021-06-07,Mono,051,14174,1252,1275,13,1288,3
2021-06-07,Monterey,053,433212,43152,43077,1923,45000,415
2021-06-07,Napa,055,140530,9955,9962,34,9996,80
2021-06-07,Nevada,057,99092,4886,4860,201,5061,72
2021-06-07,Orange,059,3164182,255900,254808,11631,266439,5073
2021-06-07,Placer,061,380077,23460,23176,1563,24739,293
2021-06-07,Plumas,063,18699,709,692,12,704,4
2021-06-07,Riverside,065,2383286,292535,289232,14403,303635,4451
2021-06-07,Sacramento,067,1510023,107013,106841,1823,108664,1655
2021-06-07,San Benito,069,59416,6075,6074,119,6193,63
2021-06-07,San Bernardino,071,2135413,293388,293129,9261,302390,4775
2021-06-07,San Diego,073,3302833,281612,280808,15021,295829,3764
2021-06-07,San Francisco,075,870044,36868,37122,1346,38468,552
2021-06-07,San Joaquin,077,732212,73396,73130,3715,76845,1388
2021-06-07,San Luis Obispo,079,281455,21333,21252,770,22022,255
2021-06-07,San Mateo,081,765935,42517,42479,482,42961,664
2021-06-07,Santa Barbara,083,443738,34839,34407,1225,35632,459
2021-06-07,Santa Clara,085,1922200,118663,119743,792,120535,2066
2021-06-07,Santa Cruz,087,273765,16210,16159,859,17018,208
2021-06-07,Shasta,089,179085,12447,12483,1662,14145,200
2021-06-07,Sierra,091,2930,55,55,14,69,0
2021-06-07,Siskiyou,093,43540,1940,1869,378,2247,21
2021-06-07,Solano,095,438530,33085,33124,559,33683,258
2021-06-07,Sonoma,097,501317,30390,30504,355,30859,323
2021-06-07,Stanislaus,099,539301,56650,56521,6161,62682,972
2021-06-07,Sutter,101,95872,9573,9571,94,9665,111
2021-06-07,Tehama,103,63373,5096,5092,607,5699,63
2021-06-07,Trinity,105,12862,424,329,80,409,3
2021-06-07,Tulare,107,460477,49885,49471,9500,58971,847
2021-06-07,Tuolumne,109,53932,4093,4098,36,4134,63
2021-06-07,Ventura,111,848112,81379,81137,3067,84204,1025
2021-06-07,Yolo,113,214977,14056,14097,342,14439,211
2021-06-07,Yuba,115,75493,6111,6099,131,6230,49
2021-06-06,Alameda,001,1643700,88562,88636,2044,90680,1267
2021-06-06,Alpine,003,1148,88,88,0,88,0
2021-06-06,Amador,005,37829,3709,3696,34,3730,46
2021-06-06,Butte,007,227075,12619,12527,1901,14428,194
2021-06-06,Calaveras,009,45235,2180,2181,15,2196,55
2021-06-06,Colusa,011,21464,1947,1959,323,2282,15
2021-06-06,Contra Costa,013,1133247,70066,69659,1344,71003,817
2021-06-06,Del Norte,015,27424,1424,1401,13,1414,8
2021-06-06,El Dorado,017,186661,10318,10294,759,11053,113
2021-06-06,Fresno,019,978130,102616,102642,8946,111588,1717
2021-06-06,Glenn,021,27897,2429,2423,578,3001,19
2021-06-06,Humboldt,023,135768,4365,4353,38,4391,42
2021-06-06,Imperial,025,180216,28597,28762,2881,31643,738
2021-06-06,Inyo,027,18085,1404,1404,4,1408,35
2021-06-06,Kern,029,883053,97310,96623,11313,107936,1324
2021-06-06,Kings,031,150075,23062,23021,1171,24192,244
2021-06-06,Lake,033,64148,3551,3535,9,3544,45
2021-06-06,Lassen,035,31185,5231,5191,119,5310,18
2021-06-06,Los Angeles,037,10098052,1205876,1203539,42904,1246443,24410
2021-06-06,Madera,039,155013,16642,16567,955,17522,240
2021-06-06,Marin,041,260295,14091,14106,271,14377,229
2021-06-06,Mariposa,043,17540,433,435,11,446,5
2021-06-06,Mendocino,045,87422,4063,3993,78,4071,47
2021-06-06,Merced,047,269075,31146,31215,1006,32221,459
2021-06-06,Modoc,049,8938,388,375,134,509,3
2021-06-06,Mono,051,14174,1252,1275,13,1288,3
2021-06-06,Monterey,053,433212,43147,43078,1923,45001,415
2021-06-06,Napa,055,140530,9949,9963,34,9997,80
2021-06-06,Nevada,057,99092,4879,4854,200,5054,72
2021-06-06,Orange,059,3164182,255864,254782,11626,266408,5073
2021-06-06,Placer,061,380077,23435,23156,1560,24716,293
2021-06-06,Plumas,063,18699,709,692,12,704,4
2021-06-06,Riverside,065,2383286,292501,289201,14397,303598,4451
2021-06-06,Sacramento,067,1510023,106927,106749,1822,108571,1655
2021-06-06,San Benito,069,59416,6069,6074,119,6193,63
2021-06-06,San Bernardino,071,2135413,293334,293117,9253,302370,4773
2021-06-06,San Diego,073,3302833,281532,280743,15004,295747,3764
2021-06-06,San Francisco,075,870044,36856,37118,1345,38463,552
2021-06-06,San Joaquin,077,732212,73364,73105,3711,76816,1388
2021-06-06,San Luis Obispo,079,281455,21330,21246,770,22016,255
2021-06-06,San Mateo,081,765935,42500,42457,482,42939,664
2021-06-06,Santa Barbara,083,443738,34835,34403,1224,35627,459
2021-06-06,Santa Clara,085,1922200,118641,119711,792,120503,2066
2021-06-06,Santa Cruz,087,273765,16209,16158,859,17017,208
2021-06-06,Shasta,089,179085,12432,12478,1658,14136,200
2021-06-06,Sierra,091,2930,55,55,14,69,0
2021-06-06,Siskiyou,093,43540,1937,1869,378,2247,21
2021-06-06,Solano,095,438530,33058,33093,559,33652,258
2021-06-06,Sonoma,097,501317,30359,30478,354,30832,323
2021-06-06,Stanislaus,099,539301,56608,56486,6158,62644,972
2021-06-06,Sutter,101,95872,9566,9567,94,9661,111
2021-06-06,Tehama,103,63373,5092,5092,606,5698,63
2021-06-06,Trinity,105,12862,424,328,80,408,3
2021-06-06,Tulare,107,460477,49877,49466,9494,58960,847
2021-06-06,Tuolumne,109,53932,4091,4097,36,4133,63
2021-06-06,Ventura,111,848112,81368,81130,3064,84194,1025
2021-06-06,Yolo,113,214977,14048,14089,341,14430,210
2021-06-06,Yuba,115,75493,6103,6096,131,6227,49
2021-06-05,Alameda,001,1643700,88531,88612,2043,90655,1268
2021-06-05,Alpine,003,1148,88,88,0,88,0
2021-06-05,Amador,005,37829,3709,3694,34,3728,46
2021-06-05,Butte,007,227075,12613,12514,1900,14414,194
2021-06-05,Calaveras,009,45235,2180,2181,15,2196,55
2021-06-05,Colusa,011,21464,1947,1959,323,2282,15
2021-06-05,Contra Costa,013,1133247,70037,69601,1344,70945,817
2021-06-05,Del Norte,015,27424,1424,1400,13,1413,8
2021-06-05,El Dorado,017,186661,10316,10288,758,11046,113
2021-06-05,Fresno,019,978130,102607,102626,8946,111572,1717
2021-06-05,Glenn,021,27897,2428,2423,578,3001,19
2021-06-05,Humboldt,023,135768,4360,4346,38,4384,42
2021-06-05,Imperial,025,180216,28594,28764,2881,31645,738
2021-06-05,Inyo,027,18085,1404,1405,4,1409,35
2021-06-05,Kern,029,883053,97298,96597,11308,107905,1324
2021-06-05,Kings,031,150075,23059,23017,1171,24188,244
2021-06-05,Lake,033,64148,3548,3534,9,3543,45
2021-06-05,Lassen,035,31185,5230,5191,119,5310,18
2021-06-05,Los Angeles,037,10098052,1205749,1203338,42895,1246233,24411
2021-06-05,Madera,039,155013,16638,16563,955,17518,240
2021-06-05,Marin,041,260295,14089,14101,271,14372,229
2021-06-05,Mariposa,043,17540,433,435,11,446,5
2021-06-05,Mendocino,045,87422,4060,3989,78,4067,47
2021-06-05,Merced,047,269075,31144,31212,1005,32217,459
2021-06-05,Modoc,049,8938,388,375,133,508,3
2021-06-05,Mono,051,14174,1252,1274,13,1287,3
2021-06-05,Monterey,053,433212,43143,43071,1922,44993,415
2021-06-05,Napa,055,140530,9944,9960,34,9994,80
2021-06-05,Nevada,057,99092,4877,4849,200,5049,72
2021-06-05,Orange,059,3164182,255840,254752,11623,266375,5069
2021-06-05,Placer,061,380077,23420,23133,1559,24692,293
2021-06-05,Plumas,063,18699,709,692,12,704,4
2021-06-05,Riverside,065,2383286,292466,289157,14393,303550,4451
2021-06-05,Sacramento,067,1510023,106875,106688,1819,108507,1655
2021-06-05,San Benito,069,59416,6067,6074,119,6193,63
2021-06-05,San Bernardino,071,2135413,293301,293081,9251,302332,4772
2021-06-05,San Diego,073,3302833,281491,280676,14991,295667,3764
2021-06-05,San Francisco,075,870044,36847,37111,1345,38456,552
2021-06-05,San Joaquin,077,732212,73347,73078,3705,76783,1388
2021-06-05,San Luis Obispo,079,281455,21327,21236,770,22006,255
2021-06-05,San Mateo,081,765935,42490,42433,482,42915,664
2021-06-05,Santa Barbara,083,443738,34832,34399,1223,35622,459
2021-06-05,Santa Clara,085,1922200,118619,119676,790,120466,2066
2021-06-05,Santa Cruz,087,273765,16209,16154,859,17013,208
2021-06-05,Shasta,089,179085,12423,12472,1657,14129,200
2021-06-05,Sierra,091,2930,55,55,14,69,0
2021-06-05,Siskiyou,093,43540,1937,1867,378,2245,21
2021-06-05,Solano,095,438530,33043,33074,559,33633,257
2021-06-05,Sonoma,097,501317,30332,30450,352,30802,323
2021-06-05,Stanislaus,099,539301,56587,56463,6156,62619,973
2021-06-05,Sutter,101,95872,9563,9559,94,9653,111
2021-06-05,Tehama,103,63373,5091,5092,605,5697,63
2021-06-05,Trinity,105,12862,424,328,80,408,3
2021-06-05,Tulare,107,460477,49871,49463,9494,58957,847
2021-06-05,Tuolumne,109,53932,4089,4098,36,4134,63
2021-06-05,Ventura,111,848112,81359,81119,3062,84181,1025
2021-06-05,Yolo,113,214977,14046,14088,341,14429,210
2021-06-05,Yuba,115,75493,6102,6087,131,6218,49
2021-06-04,Alameda,001,1643700,88504,88585,2041,90626,1263
2021-06-04,Alpine,003,1148,88,88,0,88,0
2021-06-04,Amador,005,37829,3709,3690,34,3724,46
2021-06-04,Butte,007,227075,12602,12494,1897,14391,193
2021-06-04,Calaveras,009,45235,2180,2179,15,2194,55
2021-06-04,Colusa,011,21464,1947,1959,323,2282,15
2021-06-04,Contra Costa,013,1133247,70002,69540,1341,70881,816
2021-06-04,Del Norte,015,27424,1424,1398,13,1411,8
2021-06-04,El Dorado,017,186661,10312,10284,756,11040,112
2021-06-04,Fresno,019,978130,102591,102601,8946,111547,1712
2021-06-04,Glenn,021,27897,2428,2423,577,3000,19
2021-06-04,Humboldt,023,135768,4355,4327,38,4365,42
2021-06-04,Imperial,025,180216,28590,28753,2881,31634,738
2021-06-04,Inyo,027,18085,1404,1404,4,1408,35
2021-06-04,Kern,029,883053,97280,96573,11306,107879,1327
2021-06-04,Kings,031,150075,23058,23002,1171,24173,244
2021-06-04,Lake,033,64148,3546,3528,9,3537,45
2021-06-04,Lassen,035,31185,5230,5180,119,5299,18
2021-06-04,Los Angeles,037,10098052,1205627,1203106,42886,1245992,24400
2021-06-04,Madera,039,155013,16636,16557,955,17512,240
2021-06-04,Marin,041,260295,14088,14099,270,14369,229
2021-06-04,Mariposa,043,17540,433,435,11,446,5
2021-06-04,Mendocino,045,87422,4051,3983,78,4061,47
2021-06-04,Merced,047,269075,31139,31204,1004,32208,459
2021-06-04,Modoc,049,8938,386,375,133,508,3
2021-06-04,Mono,051,14174,1252,1275,13,1288,3
2021-06-04,Monterey,053,433212,43139,43068,1922,44990,415
2021-06-04,Napa,055,140530,9940,9958,34,9992,80
2021-06-04,Nevada,057,99092,4873,4844,200,5044,72
2021-06-04,Orange,059,3164182,255803,254730,11620,266350,5059
2021-06-04,Placer,061,380077,23404,23110,1558,24668,293
2021-06-04,Plumas,063,18699,709,691,12,703,4
2021-06-04,Riverside,065,2383286,292440,289098,14389,303487,4452
2021-06-04,Sacramento,067,1510023,106821,106616,1818,108434,1654
2021-06-04,San Benito,069,59416,6065,6073,119,6192,63
2021-06-04,San Bernardino,071,2135413,293278,293056,9249,302305,4768
2021-06-04,San Diego,073,3302833,281448,280556,14984,295540,3763
2021-06-04,San Francisco,075,870044,36842,37079,1344,38423,551
2021-06-04,San Joaquin,077,732212,73328,73039,3703,76742,1388
2021-06-04,San Luis Obispo,079,281455,21324,21234,769,22003,255
2021-06-04,San Mateo,081,765935,42478,42413,482,42895,478
2021-06-04,Santa Barbara,083,443738,34826,34402,1222,35624,459
2021-06-04,Santa Clara,085,1922200,118590,119619,790,120409,2065
2021-06-04,Santa Cruz,087,273765,16207,16150,859,17009,207
2021-06-04,Shasta,089,179085,12417,12458,1652,14110,200
2021-06-04,Sierra,091,2930,55,55,14,69,0
2021-06-04,Siskiyou,093,43540,1936,1865,378,2243,21
2021-06-04,Solano,095,438530,33032,33058,559,33617,256
2021-06-04,Sonoma,097,501317,30311,30411,352,30763,323
2021-06-04,Stanislaus,099,539301,56564,56442,6153,62595,973
2021-06-04,Sutter,101,95872,9558,9554,94,9648,111
2021-06-04,Tehama,103,63373,5086,5090,605,5695,63
2021-06-04,Trinity,105,12862,424,328,80,408,3
2021-06-04,Tulare,107,460477,49862,49452,9492,58944,847
2021-06-04,Tuolumne,109,53932,4088,4095,36,4131,63
2021-06-04,Ventura,111,848112,81352,81104,3060,84164,1023
2021-06-04,Yolo,113,214977,14044,14083,341,14424,210
2021-06-04,Yuba,115,75493,6099,6084,131,6215,49
2021-06-03,Alameda,001,1643700,88466,88555,2038,90593,1257
2021-06-03,Alpine,003,1148,88,88,0,88,0
2021-06-03,Amador,005,37829,3701,3688,34,3722,46
2021-06-03,Butte,007,227075,12598,12478,1896,14374,193
2021-06-03,Calaveras,009,45235,2180,2179,15,2194,55
2021-06-03,Colusa,011,21464,1947,1957,323,2280,15
2021-06-03,Contra Costa,013,1133247,69948,69500,1336,70836,816
2021-06-03,Del Norte,015,27424,1422,1397,13,1410,8
2021-06-03,El Dorado,017,186661,10306,10284,753,11037,112
2021-06-03,Fresno,019,978130,102574,102566,8946,111512,1709
2021-06-03,Glenn,021,27897,2428,2421,577,2998,19
2021-06-03,Humboldt,023,135768,4347,4314,38,4352,42
2021-06-03,Imperial,025,180216,28578,28737,2881,31618,738
2021-06-03,Inyo,027,18085,1404,1404,4,1408,35
2021-06-03,Kern,029,883053,97253,96507,11292,107799,1326
2021-06-03,Kings,031,150075,23054,22982,1171,24153,244
2021-06-03,Lake,033,64148,3544,3526,9,3535,45
2021-06-03,Lassen,035,31185,5221,5177,119,5296,12
2021-06-03,Los Angeles,037,10098052,1205453,1202923,42878,1245801,24386
2021-06-03,Madera,039,155013,16629,16554,955,17509,240
2021-06-03,Marin,041,260295,14083,14095,270,14365,230
2021-06-03,Mariposa,043,17540,433,435,11,446,5
2021-06-03,Mendocino,045,87422,4044,3978,78,4056,47
2021-06-03,Merced,047,269075,31136,31199,1004,32203,459
2021-06-03,Modoc,049,8938,385,376,132,508,3
2021-06-03,Mono,051,14174,1252,1275,13,1288,3
2021-06-03,Monterey,053,433212,43136,43063,1922,44985,415
2021-06-03,Napa,055,140530,9933,9957,34,9991,81
2021-06-03,Nevada,057,99092,4869,4837,200,5037,72
2021-06-03,Orange,059,3164182,255775,254676,11610,266286,5056
2021-06-03,Placer,061,380077,23395,23100,1557,24657,293
2021-06-03,Plumas,063,18699,709,691,12,703,4
2021-06-03,Riverside,065,2383286,292385,289035,14385,303420,4447
2021-06-03,Sacramento,067,1510023,106743,106526,1816,108342,1654
2021-06-03,San Benito,069,59416,6065,6073,119,6192,63
2021-06-03,San Bernardino,071,2135413,293247,293021,9249,302270,4762
2021-06-03,San Diego,073,3302833,281385,280430,14974,295404,3761
2021-06-03,San Francisco,075,870044,36836,37072,1344,38416,551
2021-06-03,San Joaquin,077,732212,73300,72989,3699,76688,1388
2021-06-03,San Luis Obispo,079,281455,21319,21224,769,21993,255
2021-06-03,San Mateo,081,765935,42465,42396,482,42878,467
2021-06-03,Santa Barbara,083,443738,34823,34391,1222,35613,459
2021-06-03,Santa Clara,085,1922200,118568,119592,788,120380,2058
2021-06-03,Santa Cruz,087,273765,16205,16144,859,17003,207
2021-06-03,Shasta,089,179085,12402,12441,1649,14090,199
2021-06-03,Sierra,091,2930,55,55,14,69,0
2021-06-03,Siskiyou,093,43540,1936,1862,377,2239,21
2021-06-03,Solano,095,438530,33018,33019,559,33578,256
2021-06-03,Sonoma,097,501317,30289,30383,351,30734,322
2021-06-03,Stanislaus,099,539301,56532,56401,6146,62547,973
2021-06-03,Sutter,101,95872,9549,9539,94,9633,111
2021-06-03,Tehama,103,63373,5086,5087,605,5692,63
2021-06-03,Trinity,105,12862,424,328,80,408,3
2021-06-03,Tulare,107,460477,49859,49442,9488,58930,848
2021-06-03,Tuolumne,109,53932,4086,4095,36,4131,63
2021-06-03,Ventura,111,848112,81340,81078,3058,84136,1023
2021-06-03,Yolo,113,214977,14040,14078,338,14416,210
2021-06-03,Yuba,115,75493,6092,6077,131,6208,49
2021-06-02,Alameda,001,1643700,88421,88525,2036,90561,1254
2021-06-02,Alpine,003,1148,88,88,0,88,0
2021-06-02,Amador,005,37829,3699,3687,34,3721,46
2021-06-02,Butte,007,227075,12578,12432,1893,14325,193
2021-06-02,Calaveras,009,45235,2177,2174,14,2188,55
2021-06-02,Colusa,011,21464,1946,1957,323,2280,15
2021-06-02,Contra Costa,013,1133247,69897,69455,1334,70789,814
2021-06-02,Del Norte,015,27424,1420,1395,13,1408,8
2021-06-02,El Dorado,017,186661,10302,10275,753,11028,110
2021-06-02,Fresno,019,978130,102550,102547,8943,111490,1707
2021-06-02,Glenn,021,27897,2428,2421,577,2998,19
2021-06-02,Humboldt,023,135768,4332,4302,38,4340,42
2021-06-02,Imperial,025,180216,28572,28737,2880,31617,738
2021-06-02,Inyo,027,18085,1403,1403,4,1407,35
2021-06-02,Kern,029,883053,97226,96481,11283,107764,1326
2021-06-02,Kings,031,150075,23052,22981,1171,24152,244
2021-06-02,Lake,033,64148,3539,3522,9,3531,45
2021-06-02,Lassen,035,31185,5220,5177,119,5296,6
2021-06-02,Los Angeles,037,10098052,1205251,1202760,42869,1245629,24375
2021-06-02,Madera,039,155013,16621,16550,955,17505,240
2021-06-02,Marin,041,260295,14081,14091,270,14361,229
2021-06-02,Mariposa,043,17540,433,434,11,445,5
2021-06-02,Mendocino,045,87422,4038,3970,78,4048,47
2021-06-02,Merced,047,269075,31123,31195,1003,32198,458
2021-06-02,Modoc,049,8938,384,375,131,506,3
2021-06-02,Mono,051,14174,1252,1275,13,1288,3
2021-06-02,Monterey,053,433212,43134,43056,1922,44978,380
2021-06-02,Napa,055,140530,9932,9953,34,9987,82
2021-06-02,Nevada,057,99092,4866,4833,200,5033,72
2021-06-02,Orange,059,3164182,255728,254637,11605,266242,5055
2021-06-02,Placer,061,380077,23374,23058,1555,24613,293
2021-06-02,Plumas,063,18699,709,690,12,702,4
2021-06-02,Riverside,065,2383286,292330,289012,14375,303387,4445
2021-06-02,Sacramento,067,1510023,106679,106435,1809,108244,1649
2021-06-02,San Benito,069,59416,6064,6073,119,6192,63
2021-06-02,San Bernardino,071,2135413,293199,293004,9244,302248,4760
2021-06-02,San Diego,073,3302833,281305,280347,14953,295300,3760
2021-06-02,San Francisco,075,870044,36816,37050,1343,38393,550
2021-06-02,San Joaquin,077,732212,73269,72893,3696,76589,1387
2021-06-02,San Luis Obispo,079,281455,21312,21214,768,21982,255
2021-06-02,San Mateo,081,765935,42455,42383,481,42864,464
2021-06-02,Santa Barbara,083,443738,34817,34381,1222,35603,456
2021-06-02,Santa Clara,085,1922200,118540,119553,787,120340,2058
2021-06-02,Santa Cruz,087,273765,16202,16144,859,17003,207
2021-06-02,Shasta,089,179085,12384,12426,1644,14070,199
2021-06-02,Sierra,091,2930,55,55,14,69,0
2021-06-02,Siskiyou,093,43540,1936,1861,375,2236,21
2021-06-02,Solano,095,438530,33006,33007,558,33565,256
2021-06-02,Sonoma,097,501317,30270,30359,346,30705,322
2021-06-02,Stanislaus,099,539301,56503,56377,6141,62518,973
2021-06-02,Sutter,101,95872,9546,9533,94,9627,111
2021-06-02,Tehama,103,63373,5083,5081,605,5686,63
2021-06-02,Trinity,105,12862,422,328,80,408,3
2021-06-02,Tulare,107,460477,49851,49434,9484,58918,846
2021-06-02,Tuolumne,109,53932,4086,4095,36,4131,63
2021-06-02,Ventura,111,848112,81315,81033,3058,84091,1020
2021-06-02,Yolo,113,214977,14037,14074,337,14411,210
2021-06-02,Yuba,115,75493,6086,6072,131,6203,48
2021-06-01,Alameda,001,1643700,88388,88472,2034,90506,1253
2021-06-01,Alpine,003,1148,88,88,0,88,0
2021-06-01,Amador,005,37829,3697,3687,34,3721,46
2021-06-01,Butte,007,227075,12564,12427,1892,14319,193
2021-06-01,Calaveras,009,45235,2175,2173,14,2187,55
2021-06-01,Colusa,011,21464,1945,1955,322,2277,15
2021-06-01,Contra Costa,013,1133247,69840,69404,1334,70738,813
2021-06-01,Del Norte,015,27424,1419,1394,13,1407,8
2021-06-01,El Dorado,017,186661,10296,10271,753,11024,110
2021-06-01,Fresno,019,978130,102527,102534,8940,111474,1706
2021-06-01,Glenn,021,27897,2428,2422,577,2999,18
2021-06-01,Humboldt,023,135768,4322,4299,38,4337,42
2021-06-01,Imperial,025,180216,28568,28722,2879,31601,736
2021-06-01,Inyo,027,18085,1403,1403,4,1407,35
2021-06-01,Kern,029,883053,97199,96477,11275,107752,1319
2021-06-01,Kings,031,150075,23048,22977,1171,24148,244
2021-06-01,Lake,033,64148,3538,3523,9,3532,45
2021-06-01,Lassen,035,31185,5213,5172,119,5291,6
2021-06-01,Los Angeles,037,10098052,1205018,1202673,42856,1245529,24367
2021-06-01,Madera,039,155013,16612,16549,954,17503,240
2021-06-01,Marin,041,260295,14079,14081,270,14351,229
2021-06-01,Mariposa,043,17540,433,431,11,442,5
2021-06-01,Mendocino,045,87422,4031,3966,78,4044,47
2021-06-01,Merced,047,269075,31113,31195,1003,32198,456
2021-06-01,Modoc,049,8938,382,375,131,506,3
2021-06-01,Mono,051,14174,1252,1275,13,1288,3
2021-06-01,Monterey,053,433212,43128,43051,1922,44973,379
2021-06-01,Napa,055,140530,9930,9949,34,9983,82
2021-06-01,Nevada,057,99092,4861,4825,200,5025,72
2021-06-01,Orange,059,3164182,255693,254603,11597,266200,5051
2021-06-01,Placer,061,380077,23344,23021,1553,24574,293
2021-06-01,Plumas,063,18699,708,690,12,702,4
2021-06-01,Riverside,065,2383286,292279,288996,14369,303365,4442
2021-06-01,Sacramento,067,1510023,106607,106330,1807,108137,1644
2021-06-01,San Benito,069,59416,6063,6073,118,6191,63
2021-06-01,San Bernardino,071,2135413,293175,292990,9243,302233,4758
2021-06-01,San Diego,073,3302833,281200,280305,14937,295242,3756
2021-06-01,San Francisco,075,870044,36800,37031,1343,38374,550
2021-06-01,San Joaquin,077,732212,73237,72858,3694,76552,1383
2021-06-01,San Luis Obispo,079,281455,21307,21217,768,21985,256
2021-06-01,San Mateo,081,765935,42438,42383,480,42863,462
2021-06-01,Santa Barbara,083,443738,34813,34374,1222,35596,456
2021-06-01,Santa Clara,085,1922200,118512,119528,787,120315,2057
2021-06-01,Santa Cruz,087,273765,16198,16143,858,17001,207
2021-06-01,Shasta,089,179085,12375,12409,1639,14048,199
2021-06-01,Sierra,091,2930,55,55,14,69,0
2021-06-01,Siskiyou,093,43540,1929,1860,374,2234,21
2021-06-01,Solano,095,438530,32981,32974,557,33531,256
2021-06-01,Sonoma,097,501317,30231,30324,345,30669,322
2021-06-01,Stanislaus,099,539301,56478,56348,6139,62487,973
2021-06-01,Sutter,101,95872,9539,9528,94,9622,111
2021-06-01,Tehama,103,63373,5081,5079,605,5684,63
2021-06-01,Trinity,105,12862,421,328,79,407,3
2021-06-01,Tulare,107,460477,49843,49419,9480,58899,845
2021-06-01,Tuolumne,109,53932,4086,4094,36,4130,63
2021-06-01,Ventura,111,848112,81299,81018,3057,84075,1021
2021-06-01,Yolo,113,214977,14031,14067,337,14404,210
2021-06-01,Yuba,115,75493,6082,6067,131,6198,48
2021-05-31,Alameda,001,1643700,88351,88458,2030,90488,1253
2021-05-31,Alpine,003,1148,88,88,0,88,0
2021-05-31,Amador,005,37829,3691,3687,34,3721,46
2021-05-31,Butte,007,227075,12551,12429,1892,14321,193
2021-05-31,Calaveras,009,45235,2174,2171,14,2185,55
2021-05-31,Colusa,011,21464,1945,1956,321,2277,15
2021-05-31,Contra Costa,013,1133247,69803,69390,1332,70722,813
2021-05-31,Del Norte,015,27424,1416,1394,13,1407,8
2021-05-31,El Dorado,017,186661,10290,10271,751,11022,110
2021-05-31,Fresno,019,978130,102491,102507,8939,111446,1706
2021-05-31,Glenn,021,27897,2427,2422,576,2998,18
2021-05-31,Humboldt,023,135768,4310,4295,38,4333,42
2021-05-31,Imperial,025,180216,28562,28732,2876,31608,736
2021-05-31,Inyo,027,18085,1402,1403,4,1407,35
2021-05-31,Kern,029,883053,97163,96457,11266,107723,1319
2021-05-31,Kings,031,150075,23044,22977,1171,24148,244
2021-05-31,Lake,033,64148,3533,3523,9,3532,45
2021-05-31,Lassen,035,31185,5211,5172,118,5290,6
2021-05-31,Los Angeles,037,10098052,1204777,1202567,42848,1245415,24364
2021-05-31,Madera,039,155013,16611,16543,953,17496,240
2021-05-31,Marin,041,260295,14077,14080,269,14349,229
2021-05-31,Mariposa,043,17540,433,430,11,441,5
2021-05-31,Mendocino,045,87422,4021,3961,78,4039,47
2021-05-31,Merced,047,269075,31108,31194,1003,32197,456
2021-05-31,Modoc,049,8938,381,374,131,505,3
2021-05-31,Mono,051,14174,1252,1275,13,1288,3
2021-05-31,Monterey,053,433212,43124,43051,1922,44973,379
2021-05-31,Napa,055,140530,9923,9948,34,9982,82
2021-05-31,Nevada,057,99092,4851,4823,199,5022,72
2021-05-31,Orange,059,3164182,255666,254572,11590,266162,5051
2021-05-31,Placer,061,380077,23318,23019,1548,24567,293
2021-05-31,Plumas,063,18699,707,690,12,702,4
2021-05-31,Riverside,065,2383286,292222,288970,14357,303327,4442
2021-05-31,Sacramento,067,1510023,106511,106278,1801,108079,1644
2021-05-31,San Benito,069,59416,6063,6072,118,6190,63
2021-05-31,San Bernardino,071,2135413,293127,292973,9242,302215,4758
2021-05-31,San Diego,073,3302833,281096,280254,14925,295179,3756
2021-05-31,San Francisco,075,870044,36785,37022,1342,38364,550
2021-05-31,San Joaquin,077,732212,73189,72856,3688,76544,1383
2021-05-31,San Luis Obispo,079,281455,21299,21215,768,21983,256
2021-05-31,San Mateo,081,765935,42422,42389,480,42869,442
2021-05-31,Santa Barbara,083,443738,34800,34369,1220,35589,456
2021-05-31,Santa Clara,085,1922200,118468,119515,787,120302,2057
2021-05-31,Santa Cruz,087,273765,16195,16139,858,16997,207
2021-05-31,Shasta,089,179085,12359,12408,1636,14044,199
2021-05-31,Sierra,091,2930,55,55,14,69,0
2021-05-31,Siskiyou,093,43540,1928,1856,373,2229,21
2021-05-31,Solano,095,438530,32930,32973,557,33530,256
2021-05-31,Sonoma,097,501317,30188,30314,345,30659,322
2021-05-31,Stanislaus,099,539301,56428,56335,6136,62471,973
2021-05-31,Sutter,101,95872,9520,9523,94,9617,111
2021-05-31,Tehama,103,63373,5079,5076,604,5680,63
2021-05-31,Trinity,105,12862,421,328,79,407,3
2021-05-31,Tulare,107,460477,49832,49404,9475,58879,845
2021-05-31,Tuolumne,109,53932,4084,4095,36,4131,63
2021-05-31,Ventura,111,848112,81284,81017,3054,84071,1021
2021-05-31,Yolo,113,214977,14027,14064,337,14401,210
2021-05-31,Yuba,115,75493,6076,6063,128,6191,48
2021-05-30,Alameda,001,1643700,88326,88429,2030,90459,1253
2021-05-30,Alpine,003,1148,88,88,0,88,0
2021-05-30,Amador,005,37829,3687,3685,34,3719,46
2021-05-30,Butte,007,227075,12541,12427,1890,14317,190
2021-05-30,Calaveras,009,45235,2170,2166,14,2180,55
2021-05-30,Colusa,011,21464,1945,1954,321,2275,15
2021-05-30,Contra Costa,013,1133247,69769,69381,1330,70711,813
2021-05-30,Del Norte,015,27424,1415,1393,13,1406,8
2021-05-30,El Dorado,017,186661,10287,10271,751,11022,110
2021-05-30,Fresno,019,978130,102474,102499,8935,111434,1706
2021-05-30,Glenn,021,27897,2427,2422,575,2997,18
2021-05-30,Humboldt,023,135768,4301,4291,38,4329,42
2021-05-30,Imperial,025,180216,28557,28732,2875,31607,736
2021-05-30,Inyo,027,18085,1402,1403,4,1407,35
2021-05-30,Kern,029,883053,97147,96443,11263,107706,1319
2021-05-30,Kings,031,150075,23043,22974,1170,24144,244
2021-05-30,Lake,033,64148,3533,3517,9,3526,45
2021-05-30,Lassen,035,31185,5209,5171,118,5289,6
2021-05-30,Los Angeles,037,10098052,1204673,1202425,42841,1245266,24360
2021-05-30,Madera,039,155013,16607,16538,953,17491,240
2021-05-30,Marin,041,260295,14073,14083,268,14351,229
2021-05-30,Mariposa,043,17540,433,430,11,441,5
2021-05-30,Mendocino,045,87422,4014,3955,78,4033,47
2021-05-30,Merced,047,269075,31104,31189,1002,32191,456
2021-05-30,Modoc,049,8938,381,374,131,505,3
2021-05-30,Mono,051,14174,1252,1275,13,1288,3
2021-05-30,Monterey,053,433212,43121,43049,1922,44971,379
2021-05-30,Napa,055,140530,9922,9948,34,9982,82
2021-05-30,Nevada,057,99092,4845,4818,199,5017,72
2021-05-30,Orange,059,3164182,255643,254559,11589,266148,5051
2021-05-30,Placer,061,380077,23312,23016,1548,24564,293
2021-05-30,Plumas,063,18699,705,690,12,702,4
2021-05-30,Riverside,065,2383286,292201,288961,14355,303316,4442
2021-05-30,Sacramento,067,1510023,106466,106252,1799,108051,1644
2021-05-30,San Benito,069,59416,6063,6072,118,6190,63
2021-05-30,San Bernardino,071,2135413,293101,292981,9241,302222,4758
2021-05-30,San Diego,073,3302833,281040,280209,14920,295129,3756
2021-05-30,San Francisco,075,870044,36766,37016,1342,38358,550
2021-05-30,San Joaquin,077,732212,73172,72853,3687,76540,1383
2021-05-30,San Luis Obispo,079,281455,21290,21211,767,21978,256
2021-05-30,San Mateo,081,765935,42414,42386,480,42866,439
2021-05-30,Santa Barbara,083,443738,34796,34369,1219,35588,456
2021-05-30,Santa Clara,085,1922200,118446,119510,783,120293,2057
2021-05-30,Santa Cruz,087,273765,16193,16140,858,16998,207
2021-05-30,Shasta,089,179085,12357,12408,1633,14041,199
2021-05-30,Sierra,091,2930,55,55,14,69,0
2021-05-30,Siskiyou,093,43540,1928,1856,373,2229,21
2021-05-30,Solano,095,438530,32919,32952,556,33508,256
2021-05-30,Sonoma,097,501317,30171,30310,343,30653,322
2021-05-30,Stanislaus,099,539301,56409,56323,6135,62458,973
2021-05-30,Sutter,101,95872,9519,9519,93,9612,111
2021-05-30,Tehama,103,63373,5079,5073,604,5677,63
2021-05-30,Trinity,105,12862,421,328,79,407,3
2021-05-30,Tulare,107,460477,49825,49397,9466,58863,845
2021-05-30,Tuolumne,109,53932,4084,4094,36,4130,63
2021-05-30,Ventura,111,848112,81280,81012,3052,84064,1021
2021-05-30,Yolo,113,214977,14022,14059,336,14395,210
2021-05-30,Yuba,115,75493,6069,6063,127,6190,48
2021-05-29,Alameda,001,1643700,88303,88433,2028,90461,1253
2021-05-29,Alpine,003,1148,88,88,0,88,0
2021-05-29,Amador,005,37829,3686,3683,34,3717,46
2021-05-29,Butte,007,227075,12535,12425,1890,14315,190
2021-05-29,Calaveras,009,45235,2169,2166,14,2180,55
2021-05-29,Colusa,011,21464,1942,1954,321,2275,15
2021-05-29,Contra Costa,013,1133247,69736,69351,1330,70681,813
2021-05-29,Del Norte,015,27424,1415,1391,13,1404,8
2021-05-29,El Dorado,017,186661,10286,10269,749,11018,110
2021-05-29,Fresno,019,978130,102462,102470,8932,111402,1706
2021-05-29,Glenn,021,27897,2427,2422,574,2996,18
2021-05-29,Humboldt,023,135768,4295,4283,38,4321,42
2021-05-29,Imperial,025,180216,28554,28729,2874,31603,736
2021-05-29,Inyo,027,18085,1402,1404,4,1408,35
2021-05-29,Kern,029,883053,97136,96424,11250,107674,1319
2021-05-29,Kings,031,150075,23042,22970,1169,24139,244
2021-05-29,Lake,033,64148,3533,3515,9,3524,45
2021-05-29,Lassen,035,31185,5209,5171,118,5289,6
2021-05-29,Los Angeles,037,10098052,1204550,1202264,42838,1245102,24359
2021-05-29,Madera,039,155013,16605,16535,953,17488,240
2021-05-29,Marin,041,260295,14069,14071,267,14338,229
2021-05-29,Mariposa,043,17540,432,428,11,439,5
2021-05-29,Mendocino,045,87422,4008,3952,78,4030,47
2021-05-29,Merced,047,269075,31092,31187,1002,32189,456
2021-05-29,Modoc,049,8938,381,374,131,505,3
2021-05-29,Mono,051,14174,1252,1275,13,1288,3
2021-05-29,Monterey,053,433212,43119,43042,1922,44964,379
2021-05-29,Napa,055,140530,9919,9948,34,9982,82
2021-05-29,Nevada,057,99092,4844,4816,199,5015,72
2021-05-29,Orange,059,3164182,255621,254537,11579,266116,5049
2021-05-29,Placer,061,380077,23297,23009,1547,24556,293
2021-05-29,Plumas,063,18699,705,689,12,701,4
2021-05-29,Riverside,065,2383286,292181,288908,14354,303262,4442
2021-05-29,Sacramento,067,1510023,106436,106218,1798,108016,1643
2021-05-29,San Benito,069,59416,6062,6072,118,6190,63
2021-05-29,San Bernardino,071,2135413,293069,292961,9240,302201,4757
2021-05-29,San Diego,073,3302833,280981,280151,14915,295066,3756
2021-05-29,San Francisco,075,870044,36757,37008,1342,38350,550
2021-05-29,San Joaquin,077,732212,73156,72827,3685,76512,1383
2021-05-29,San Luis Obispo,079,281455,21288,21201,767,21968,256
2021-05-29,San Mateo,081,765935,42407,42375,479,42854,439
2021-05-29,Santa Barbara,083,443738,34792,34367,1219,35586,456
2021-05-29,Santa Clara,085,1922200,118422,119498,782,120280,2056
2021-05-29,Santa Cruz,087,273765,16192,16137,858,16995,207
2021-05-29,Shasta,089,179085,12349,12401,1632,14033,199
2021-05-29,Sierra,091,2930,55,55,14,69,0
2021-05-29,Siskiyou,093,43540,1923,1856,373,2229,21
2021-05-29,Solano,095,438530,32910,32917,556,33473,256
2021-05-29,Sonoma,097,501317,30148,30298,342,30640,322
2021-05-29,Stanislaus,099,539301,56389,56305,6133,62438,974
2021-05-29,Sutter,101,95872,9515,9516,93,9609,111
2021-05-29,Tehama,103,63373,5078,5070,604,5674,63
2021-05-29,Trinity,105,12862,421,328,79,407,3
2021-05-29,Tulare,107,460477,49815,49392,9462,58854,845
2021-05-29,Tuolumne,109,53932,4084,4093,36,4129,63
2021-05-29,Ventura,111,848112,81272,81008,3052,84060,1021
2021-05-29,Yolo,113,214977,14021,14055,336,14391,210
2021-05-29,Yuba,115,75493,6069,6059,127,6186,48
2021-05-28,Alameda,001,1643700,88279,88391,2024,90415,1261
2021-05-28,Alpine,003,1148,88,88,0,88,0
2021-05-28,Amador,005,37829,3686,3680,34,3714,46
2021-05-28,Butte,007,227075,12532,12407,1889,14296,190
2021-05-28,Calaveras,009,45235,2168,2165,14,2179,55
2021-05-28,Colusa,011,21464,1942,1954,319,2273,15
2021-05-28,Contra Costa,013,1133247,69700,69290,1329,70619,813
2021-05-28,Del Norte,015,27424,1414,1390,13,1403,8
2021-05-28,El Dorado,017,186661,10283,10265,749,11014,110
2021-05-28,Fresno,019,978130,102447,102437,8932,111369,1705
2021-05-28,Glenn,021,27897,2427,2419,574,2993,18
2021-05-28,Humboldt,023,135768,4289,4265,38,4303,42
2021-05-28,Imperial,025,180216,28551,28722,2874,31596,736
2021-05-28,Inyo,027,18085,1402,1404,4,1408,35
2021-05-28,Kern,029,883053,97119,96396,11242,107638,1320
2021-05-28,Kings,031,150075,23040,22962,1169,24131,244
2021-05-28,Lake,033,64148,3531,3515,9,3524,45
2021-05-28,Lassen,035,31185,5209,5169,118,5287,6
2021-05-28,Los Angeles,037,10098052,1204441,1202103,42827,1244930,24357
2021-05-28,Madera,039,155013,16603,16530,953,17483,240
2021-05-28,Marin,041,260295,14068,14063,266,14329,229
2021-05-28,Mariposa,043,17540,432,428,11,439,5
2021-05-28,Mendocino,045,87422,4003,3947,78,4025,47
2021-05-28,Merced,047,269075,31089,31176,1002,32178,455
2021-05-28,Modoc,049,8938,381,374,131,505,3
2021-05-28,Mono,051,14174,1252,1274,13,1287,3
2021-05-28,Monterey,053,433212,43118,43036,1922,44958,379
2021-05-28,Napa,055,140530,9919,9941,34,9975,82
2021-05-28,Nevada,057,99092,4842,4813,199,5012,71
2021-05-28,Orange,059,3164182,255602,254494,11577,266071,5047
2021-05-28,Placer,061,380077,23287,22987,1545,24532,293
2021-05-28,Plumas,063,18699,703,688,12,700,4
2021-05-28,Riverside,065,2383286,292159,288872,14352,303224,4442
2021-05-28,Sacramento,067,1510023,106380,106131,1797,107928,1642
2021-05-28,San Benito,069,59416,6062,6074,118,6192,63
2021-05-28,San Bernardino,071,2135413,293046,292905,9240,302145,4757
2021-05-28,San Diego,073,3302833,280917,280043,14905,294948,3756
2021-05-28,San Francisco,075,870044,36751,36987,1342,38329,546
2021-05-28,San Joaquin,077,732212,73126,72793,3683,76476,1383
2021-05-28,San Luis Obispo,079,281455,21284,21190,765,21955,256
2021-05-28,San Mateo,081,765935,42401,42364,479,42843,439
2021-05-28,Santa Barbara,083,443738,34790,34371,1219,35590,455
2021-05-28,Santa Clara,085,1922200,118398,119462,782,120244,2056
2021-05-28,Santa Cruz,087,273765,16191,16129,858,16987,207
2021-05-28,Shasta,089,179085,12340,12383,1630,14013,198
2021-05-28,Sierra,091,2930,55,54,14,68,0
2021-05-28,Siskiyou,093,43540,1921,1850,373,2223,19
2021-05-28,Solano,095,438530,32895,32892,556,33448,256
2021-05-28,Sonoma,097,501317,30129,30270,342,30612,321
2021-05-28,Stanislaus,099,539301,56366,56278,6130,62408,974
2021-05-28,Sutter,101,95872,9511,9511,93,9604,111
2021-05-28,Tehama,103,63373,5072,5064,604,5668,63
2021-05-28,Trinity,105,12862,421,328,79,407,3
2021-05-28,Tulare,107,460477,49810,49375,9452,58827,846
2021-05-28,Tuolumne,109,53932,4084,4090,36,4126,63
2021-05-28,Ventura,111,848112,81261,80985,3051,84036,1021
2021-05-28,Yolo,113,214977,14017,14050,335,14385,210
2021-05-28,Yuba,115,75493,6067,6050,126,6176,48
2021-05-27,Alameda,001,1643700,88243,88342,2023,90365,1274
2021-05-27,Alpine,003,1148,88,88,0,88,0
2021-05-27,Amador,005,37829,3683,3680,34,3714,46
2021-05-27,Butte,007,227075,12526,12401,1888,14289,190
2021-05-27,Calaveras,009,45235,2167,2163,14,2177,55
2021-05-27,Colusa,011,21464,1939,1952,319,2271,15
2021-05-27,Contra Costa,013,1133247,69658,69245,1327,70572,813
2021-05-27,Del Norte,015,27424,1414,1388,13,1401,8
2021-05-27,El Dorado,017,186661,10282,10248,749,10997,112
2021-05-27,Fresno,019,978130,102431,102413,8929,111342,1704
2021-05-27,Glenn,021,27897,2427,2415,574,2989,18
2021-05-27,Humboldt,023,135768,4281,4260,38,4298,42
2021-05-27,Imperial,025,180216,28540,28728,2874,31602,736
2021-05-27,Inyo,027,18085,1402,1404,4,1408,35
2021-05-27,Kern,029,883053,97103,96364,11234,107598,1322
2021-05-27,Kings,031,150075,23037,22953,1169,24122,245
2021-05-27,Lake,033,64148,3526,3509,9,3518,45
2021-05-27,Lassen,035,31185,5208,5170,117,5287,6
2021-05-27,Los Angeles,037,10098052,1204280,1201927,42811,1244738,24348
2021-05-27,Madera,039,155013,16594,16527,953,17480,240
2021-05-27,Marin,041,260295,14064,14061,266,14327,229
2021-05-27,Mariposa,043,17540,430,427,11,438,5
2021-05-27,Mendocino,045,87422,3997,3945,78,4023,47
2021-05-27,Merced,047,269075,31077,31161,1002,32163,455
2021-05-27,Modoc,049,8938,380,374,131,505,3
2021-05-27,Mono,051,14174,1252,1276,13,1289,3
2021-05-27,Monterey,053,433212,43112,43032,1922,44954,379
2021-05-27,Napa,055,140530,9918,9934,34,9968,82
2021-05-27,Nevada,057,99092,4838,4807,197,5004,71
2021-05-27,Orange,059,3164182,255565,254438,11573,266011,5059
2021-05-27,Placer,061,380077,23278,22966,1545,24511,293
2021-05-27,Plumas,063,18699,703,687,12,699,4
2021-05-27,Riverside,065,2383286,292124,288835,14347,303182,4443
2021-05-27,Sacramento,067,1510023,106304,106015,1795,107810,1642
2021-05-27,San Benito,069,59416,6061,6074,118,6192,63
2021-05-27,San Bernardino,071,2135413,293010,292755,9238,301993,4756
2021-05-27,San Diego,073,3302833,280843,279960,14891,294851,3756
2021-05-27,San Francisco,075,870044,36745,36980,1338,38318,546
2021-05-27,San Joaquin,077,732212,73094,72714,3679,76393,1388
2021-05-27,San Luis Obispo,079,281455,21281,21171,765,21936,256
2021-05-27,San Mateo,081,765935,42392,42345,479,42824,436
2021-05-27,Santa Barbara,083,443738,34786,34355,1219,35574,456
2021-05-27,Santa Clara,085,1922200,118378,119452,782,120234,2053
2021-05-27,Santa Cruz,087,273765,16188,16134,858,16992,207
2021-05-27,Shasta,089,179085,12329,12380,1630,14010,202
2021-05-27,Sierra,091,2930,55,54,14,68,0
2021-05-27,Siskiyou,093,43540,1918,1846,373,2219,18
2021-05-27,Solano,095,438530,32854,32855,555,33410,257
2021-05-27,Sonoma,097,501317,30102,30253,338,30591,321
2021-05-27,Stanislaus,099,539301,56338,56207,6129,62336,974
2021-05-27,Sutter,101,95872,9507,9501,93,9594,111
2021-05-27,Tehama,103,63373,5069,5064,603,5667,63
2021-05-27,Trinity,105,12862,421,328,79,407,3
2021-05-27,Tulare,107,460477,49796,49366,9443,58809,840
2021-05-27,Tuolumne,109,53932,4083,4090,36,4126,66
2021-05-27,Ventura,111,848112,81248,80965,3048,84013,1023
2021-05-27,Yolo,113,214977,14014,14036,334,14370,213
2021-05-27,Yuba,115,75493,6062,6040,125,6165,48
2021-05-26,Alameda,001,1643700,88214,88297,2023,90320,1266
2021-05-26,Alpine,003,1148,88,88,0,88,0
2021-05-26,Amador,005,37829,3683,3679,34,3713,46
2021-05-26,Butte,007,227075,12517,12332,1887,14219,190
2021-05-26,Calaveras,009,45235,2165,2154,14,2168,55
2021-05-26,Colusa,011,21464,1938,1952,319,2271,15
2021-05-26,Contra Costa,013,1133247,69621,69210,1327,70537,812
2021-05-26,Del Norte,015,27424,1414,1386,12,1398,8
2021-05-26,El Dorado,017,186661,10278,10242,748,10990,112
2021-05-26,Fresno,019,978130,102399,102374,8924,111298,1702
2021-05-26,Glenn,021,27897,2426,2415,574,2989,18
2021-05-26,Humboldt,023,135768,4276,4246,38,4284,42
2021-05-26,Imperial,025,180216,28535,28712,2872,31584,734
2021-05-26,Inyo,027,18085,1402,1403,4,1407,36
2021-05-26,Kern,029,883053,97078,96343,11227,107570,1320
2021-05-26,Kings,031,150075,23033,22950,1168,24118,245
2021-05-26,Lake,033,64148,3525,3508,9,3517,45
2021-05-26,Lassen,035,31185,5207,5164,117,5281,6
2021-05-26,Los Angeles,037,10098052,1204116,1198100,42793,1240893,24221
2021-05-26,Madera,039,155013,16591,16520,953,17473,240
2021-05-26,Marin,041,260295,14061,14061,265,14326,227
2021-05-26,Mariposa,043,17540,430,427,11,438,5
2021-05-26,Mendocino,045,87422,3991,3938,78,4016,47
2021-05-26,Merced,047,269075,31068,31139,1002,32141,455
2021-05-26,Modoc,049,8938,380,371,130,501,3
2021-05-26,Mono,051,14174,1252,1274,13,1287,3
2021-05-26,Monterey,053,433212,43106,43018,1921,44939,379
2021-05-26,Napa,055,140530,9911,9932,32,9964,82
2021-05-26,Nevada,057,99092,4833,4803,197,5000,70
2021-05-26,Orange,059,3164182,255527,254368,11570,265938,5058
2021-05-26,Placer,061,380077,23254,22940,1545,24485,293
2021-05-26,Plumas,063,18699,702,685,12,697,4
2021-05-26,Riverside,065,2383286,292078,288782,14340,303122,4443
2021-05-26,Sacramento,067,1510023,106218,105919,1791,107710,1637
2021-05-26,San Benito,069,59416,6061,6074,118,6192,63
2021-05-26,San Bernardino,071,2135413,292974,292662,9237,301899,4755
2021-05-26,San Diego,073,3302833,280768,279859,14881,294740,3755
2021-05-26,San Francisco,075,870044,36733,36954,1338,38292,546
2021-05-26,San Joaquin,077,732212,73053,72681,3676,76357,1388
2021-05-26,San Luis Obispo,079,281455,21276,21163,765,21928,256
2021-05-26,San Mateo,081,765935,42383,42331,478,42809,436
2021-05-26,Santa Barbara,083,443738,34777,34348,1219,35567,459
2021-05-26,Santa Clara,085,1922200,118351,119421,781,120202,2031
2021-05-26,Santa Cruz,087,273765,16187,16139,858,16997,207
2021-05-26,Shasta,089,179085,12315,12357,1627,13984,202
2021-05-26,Sierra,091,2930,55,54,14,68,0
2021-05-26,Siskiyou,093,43540,1916,1847,371,2218,18
2021-05-26,Solano,095,438530,32818,32831,555,33386,257
2021-05-26,Sonoma,097,501317,30076,30230,338,30568,321
2021-05-26,Stanislaus,099,539301,56315,56193,6126,62319,974
2021-05-26,Sutter,101,95872,9502,9495,93,9588,112
2021-05-26,Tehama,103,63373,5068,5054,600,5654,63
2021-05-26,Trinity,105,12862,421,328,79,407,3
2021-05-26,Tulare,107,460477,49789,49352,9439,58791,839
2021-05-26,Tuolumne,109,53932,4079,4088,35,4123,66
2021-05-26,Ventura,111,848112,81225,80944,3046,83990,1023
2021-05-26,Yolo,113,214977,14011,14025,334,14359,213
2021-05-26,Yuba,115,75493,6057,6036,125,6161,49
2021-05-25,Alameda,001,1643700,88185,88237,2023,90260,1263
2021-05-25,Alpine,003,1148,88,88,0,88,0
2021-05-25,Amador,005,37829,3678,3676,34,3710,46
2021-05-25,Butte,007,227075,12506,12295,1886,14181,189
2021-05-25,Calaveras,009,45235,2163,2148,14,2162,55
2021-05-25,Colusa,011,21464,1937,1949,319,2268,15
2021-05-25,Contra Costa,013,1133247,69568,69167,1322,70489,809
2021-05-25,Del Norte,015,27424,1414,1385,12,1397,8
2021-05-25,El Dorado,017,186661,10271,10240,747,10987,112
2021-05-25,Fresno,019,978130,102377,102329,8924,111253,1701
2021-05-25,Glenn,021,27897,2425,2414,573,2987,17
2021-05-25,Humboldt,023,135768,4269,4231,36,4267,42
2021-05-25,Imperial,025,180216,28528,28586,2872,31458,735
2021-05-25,Inyo,027,18085,1402,1402,4,1406,36
2021-05-25,Kern,029,883053,97047,96319,11213,107532,1319
2021-05-25,Kings,031,150075,23026,22944,1167,24111,245
2021-05-25,Lake,033,64148,3524,3508,9,3517,44
2021-05-25,Lassen,035,31185,5203,5164,117,5281,6
2021-05-25,Los Angeles,037,10098052,1203940,1197940,42774,1240714,24212
2021-05-25,Madera,039,155013,16586,16519,952,17471,240
2021-05-25,Marin,041,260295,14055,14053,265,14318,227
2021-05-25,Mariposa,043,17540,429,427,11,438,5
2021-05-25,Mendocino,045,87422,3986,3928,78,4006,47
2021-05-25,Merced,047,269075,31047,31132,1002,32134,455
2021-05-25,Modoc,049,8938,379,367,130,497,3
2021-05-25,Mono,051,14174,1252,1274,13,1287,3
2021-05-25,Monterey,053,433212,43102,43012,1920,44932,379
2021-05-25,Napa,055,140530,9909,9926,32,9958,82
2021-05-25,Nevada,057,99092,4827,4795,197,4992,70
2021-05-25,Orange,059,3164182,255498,254321,11569,265890,5057
2021-05-25,Placer,061,380077,23243,22920,1543,24463,292
2021-05-25,Plumas,063,18699,702,684,12,696,4
2021-05-25,Riverside,065,2383286,292039,288725,14337,303062,4443
2021-05-25,Sacramento,067,1510023,106137,105828,1787,107615,1633
2021-05-25,San Benito,069,59416,6061,6073,118,6191,63
2021-05-25,San Bernardino,071,2135413,292914,292485,9236,301721,4755
2021-05-25,San Diego,073,3302833,280688,279786,14876,294662,3753
2021-05-25,San Francisco,075,870044,36710,36939,1338,38277,546
2021-05-25,San Joaquin,077,732212,73012,72628,3673,76301,1387
2021-05-25,San Luis Obispo,079,281455,21273,21153,765,21918,256
2021-05-25,San Mateo,081,765935,42373,42268,478,42746,435
2021-05-25,Santa Barbara,083,443738,34774,34337,1219,35556,459
2021-05-25,Santa Clara,085,1922200,118327,119393,780,120173,2032
2021-05-25,Santa Cruz,087,273765,16182,16141,858,16999,207
2021-05-25,Shasta,089,179085,12305,12328,1624,13952,202
2021-05-25,Sierra,091,2930,54,54,14,68,0
2021-05-25,Siskiyou,093,43540,1915,1845,370,2215,18
2021-05-25,Solano,095,438530,32800,32817,554,33371,256
2021-05-25,Sonoma,097,501317,30047,30207,337,30544,321
2021-05-25,Stanislaus,099,539301,56278,56168,6124,62292,974
2021-05-25,Sutter,101,95872,9498,9495,93,9588,112
2021-05-25,Tehama,103,63373,5066,5048,599,5647,63
2021-05-25,Trinity,105,12862,421,328,78,406,3
2021-05-25,Tulare,107,460477,49779,49326,9431,58757,838
2021-05-25,Tuolumne,109,53932,4079,4084,35,4119,66
2021-05-25,Ventura,111,848112,81207,80905,3046,83951,1022
2021-05-25,Yolo,113,214977,14004,14018,332,14350,213
2021-05-25,Yuba,115,75493,6050,6028,125,6153,49
2021-05-24,Alameda,001,1643700,88123,88182,2022,90204,1263
2021-05-24,Alpine,003,1148,88,88,0,88,0
2021-05-24,Amador,005,37829,3676,3675,34,3709,46
2021-05-24,Butte,007,227075,12493,12279,1883,14162,189
2021-05-24,Calaveras,009,45235,2162,2146,14,2160,54
2021-05-24,Colusa,011,21464,1937,1949,319,2268,15
2021-05-24,Contra Costa,013,1133247,69529,69107,1318,70425,809
2021-05-24,Del Norte,015,27424,1413,1384,12,1396,8
2021-05-24,El Dorado,017,186661,10261,10227,746,10973,112
2021-05-24,Fresno,019,978130,102335,102289,8923,111212,1698
2021-05-24,Glenn,021,27897,2425,2413,573,2986,17
2021-05-24,Humboldt,023,135768,4262,4225,36,4261,42
2021-05-24,Imperial,025,180216,28526,28575,2872,31447,735
2021-05-24,Inyo,027,18085,1402,1402,4,1406,36
2021-05-24,Kern,029,883053,97020,96296,11208,107504,1319
2021-05-24,Kings,031,150075,23022,22940,1167,24107,246
2021-05-24,Lake,033,64148,3522,3506,9,3515,43
2021-05-24,Lassen,035,31185,5199,5163,117,5280,6
2021-05-24,Los Angeles,037,10098052,1203767,1197782,42759,1240541,24201
2021-05-24,Madera,039,155013,16583,16513,951,17464,239
2021-05-24,Marin,041,260295,14053,14051,265,14316,227
2021-05-24,Mariposa,043,17540,428,427,11,438,5
2021-05-24,Mendocino,045,87422,3984,3919,78,3997,47
2021-05-24,Merced,047,269075,31037,31128,1001,32129,455
2021-05-24,Modoc,049,8938,379,366,129,495,3
2021-05-24,Mono,051,14174,1252,1270,13,1283,3
2021-05-24,Monterey,053,433212,43097,43005,1919,44924,379
2021-05-24,Napa,055,140530,9909,9924,32,9956,82
2021-05-24,Nevada,057,99092,4824,4790,197,4987,70
2021-05-24,Orange,059,3164182,255462,254287,11559,265846,5056
2021-05-24,Placer,061,380077,23224,22895,1542,24437,292
2021-05-24,Plumas,063,18699,701,683,12,695,4
2021-05-24,Riverside,065,2383286,291986,288669,14326,302995,4442
2021-05-24,Sacramento,067,1510023,106022,105716,1786,107502,1632
2021-05-24,San Benito,069,59416,6061,6072,118,6190,63
2021-05-24,San Bernardino,071,2135413,292876,292343,9235,301578,4747
2021-05-24,San Diego,073,3302833,280579,279715,14866,294581,3749
2021-05-24,San Francisco,075,870044,36691,36934,1337,38271,547
2021-05-24,San Joaquin,077,732212,72980,72586,3672,76258,1371
2021-05-24,San Luis Obispo,079,281455,21255,21146,764,21910,256
2021-05-24,San Mateo,081,765935,42363,42249,478,42727,433
2021-05-24,Santa Barbara,083,443738,34769,34322,1219,35541,459
2021-05-24,Santa Clara,085,1922200,118295,119358,780,120138,2030
2021-05-24,Santa Cruz,087,273765,16177,16135,858,16993,207
2021-05-24,Shasta,089,179085,12288,12315,1621,13936,201
2021-05-24,Sierra,091,2930,54,54,14,68,0
2021-05-24,Siskiyou,093,43540,1912,1840,370,2210,17
2021-05-24,Solano,095,438530,32775,32792,553,33345,254
2021-05-24,Sonoma,097,501317,30032,30187,337,30524,321
2021-05-24,Stanislaus,099,539301,56244,56128,6120,62248,974
2021-05-24,Sutter,101,95872,9492,9486,93,9579,113
2021-05-24,Tehama,103,63373,5063,5043,597,5640,63
2021-05-24,Trinity,105,12862,421,328,78,406,3
2021-05-24,Tulare,107,460477,49772,49318,9427,58745,838
2021-05-24,Tuolumne,109,53932,4079,4083,35,4118,65
2021-05-24,Ventura,111,848112,81194,80876,3044,83920,1022
2021-05-24,Yolo,113,214977,13987,14012,329,14341,213
2021-05-24,Yuba,115,75493,6041,6022,125,6147,49
2021-05-23,Alameda,001,1643700,88052,88157,2019,90176,1263
2021-05-23,Alpine,003,1148,88,88,0,88,0
2021-05-23,Amador,005,37829,3675,3673,34,3707,46
2021-05-23,Butte,007,227075,12479,12271,1882,14153,189
2021-05-23,Calaveras,009,45235,2153,2144,14,2158,54
2021-05-23,Colusa,011,21464,1937,1949,317,2266,15
2021-05-23,Contra Costa,013,1133247,69484,69075,1316,70391,809
2021-05-23,Del Norte,015,27424,1409,1383,12,1395,8
2021-05-23,El Dorado,017,186661,10255,10222,746,10968,112
2021-05-23,Fresno,019,978130,102290,102270,8918,111188,1698
2021-05-23,Glenn,021,27897,2423,2413,573,2986,17
2021-05-23,Humboldt,023,135768,4245,4216,36,4252,42
2021-05-23,Imperial,025,180216,28520,28569,2871,31440,735
2021-05-23,Inyo,027,18085,1402,1402,4,1406,36
2021-05-23,Kern,029,883053,96997,96282,11199,107481,1319
2021-05-23,Kings,031,150075,23009,22939,1165,24104,246
2021-05-23,Lake,033,64148,3519,3504,9,3513,43
2021-05-23,Lassen,035,31185,5195,5163,116,5279,6
2021-05-23,Los Angeles,037,10098052,1203582,1197633,42747,1240380,24197
2021-05-23,Madera,039,155013,16578,16504,950,17454,239
2021-05-23,Marin,041,260295,14044,14048,264,14312,227
2021-05-23,Mariposa,043,17540,428,427,11,438,5
2021-05-23,Mendocino,045,87422,3978,3913,77,3990,47
2021-05-23,Merced,047,269075,31027,31118,1001,32119,455
2021-05-23,Modoc,049,8938,375,366,129,495,3
2021-05-23,Mono,051,14174,1251,1270,13,1283,3
2021-05-23,Monterey,053,433212,43087,43003,1919,44922,379
2021-05-23,Napa,055,140530,9905,9923,32,9955,82
2021-05-23,Nevada,057,99092,4814,4790,197,4987,70
2021-05-23,Orange,059,3164182,255424,254277,11553,265830,5050
2021-05-23,Placer,061,380077,23204,22888,1542,24430,292
2021-05-23,Plumas,063,18699,700,683,12,695,4
2021-05-23,Riverside,065,2383286,291918,288641,14322,302963,4442
2021-05-23,Sacramento,067,1510023,105906,105663,1784,107447,1632
2021-05-23,San Benito,069,59416,6060,6072,118,6190,63
2021-05-23,San Bernardino,071,2135413,292825,292327,9234,301561,4747
2021-05-23,San Diego,073,3302833,280489,279690,14855,294545,3751
2021-05-23,San Francisco,075,870044,36680,36927,1336,38263,547
2021-05-23,San Joaquin,077,732212,72931,72571,3669,76240,1371
2021-05-23,San Luis Obispo,079,281455,21245,21141,763,21904,256
2021-05-23,San Mateo,081,765935,42346,42248,478,42726,433
2021-05-23,Santa Barbara,083,443738,34762,34319,1219,35538,459
2021-05-23,Santa Clara,085,1922200,118271,119333,780,120113,2030
2021-05-23,Santa Cruz,087,273765,16174,16130,858,16988,207
2021-05-23,Shasta,089,179085,12271,12313,1617,13930,201
2021-05-23,Sierra,091,2930,54,54,14,68,0
2021-05-23,Siskiyou,093,43540,1907,1826,363,2189,17
2021-05-23,Solano,095,438530,32757,32780,552,33332,254
2021-05-23,Sonoma,097,501317,30003,30168,336,30504,321
2021-05-23,Stanislaus,099,539301,56194,56104,6117,62221,974
2021-05-23,Sutter,101,95872,9483,9479,93,9572,113
2021-05-23,Tehama,103,63373,5056,5041,595,5636,63
2021-05-23,Trinity,105,12862,421,328,78,406,3
2021-05-23,Tulare,107,460477,49758,49310,9423,58733,838
2021-05-23,Tuolumne,109,53932,4076,4081,35,4116,65
2021-05-23,Ventura,111,848112,81164,80872,3043,83915,1022
2021-05-23,Yolo,113,214977,13975,14004,326,14330,213
2021-05-23,Yuba,115,75493,6036,6017,125,6142,49
2021-05-22,Alameda,001,1643700,88027,88101,2018,90119,1263
2021-05-22,Alpine,003,1148,88,88,0,88,0
2021-05-22,Amador,005,37829,3674,3672,34,3706,46
2021-05-22,Butte,007,227075,12467,12265,1881,14146,189
2021-05-22,Calaveras,009,45235,2150,2141,14,2155,54
2021-05-22,Colusa,011,21464,1933,1949,316,2265,15
2021-05-22,Contra Costa,013,1133247,69451,69004,1315,70319,809
2021-05-22,Del Norte,015,27424,1408,1381,12,1393,8
2021-05-22,El Dorado,017,186661,10250,10215,746,10961,112
2021-05-22,Fresno,019,978130,102276,102238,8916,111154,1698
2021-05-22,Glenn,021,27897,2423,2412,573,2985,17
2021-05-22,Humboldt,023,135768,4236,4194,35,4229,42
2021-05-22,Imperial,025,180216,28511,28574,2871,31445,735
2021-05-22,Inyo,027,18085,1402,1402,4,1406,36
2021-05-22,Kern,029,883053,96985,96260,11192,107452,1319
2021-05-22,Kings,031,150075,23009,22936,1165,24101,246
2021-05-22,Lake,033,64148,3516,3502,9,3511,43
2021-05-22,Lassen,035,31185,5195,5163,116,5279,6
2021-05-22,Los Angeles,037,10098052,1203476,1197454,42738,1240192,24192
2021-05-22,Madera,039,155013,16575,16503,950,17453,239
2021-05-22,Marin,041,260295,14041,14043,264,14307,227
2021-05-22,Mariposa,043,17540,428,427,11,438,5
2021-05-22,Mendocino,045,87422,3972,3908,77,3985,47
2021-05-22,Merced,047,269075,31017,31099,1001,32100,455
2021-05-22,Modoc,049,8938,375,366,129,495,3
2021-05-22,Mono,051,14174,1249,1270,13,1283,3
2021-05-22,Monterey,053,433212,43081,42998,1919,44917,379
2021-05-22,Napa,055,140530,9903,9918,32,9950,82
2021-05-22,Nevada,057,99092,4807,4787,196,4983,70
2021-05-22,Orange,059,3164182,255403,254238,11547,265785,5048
2021-05-22,Placer,061,380077,23190,22865,1541,24406,292
2021-05-22,Plumas,063,18699,699,683,12,695,4
2021-05-22,Riverside,065,2383286,291887,288580,14321,302901,4442
2021-05-22,Sacramento,067,1510023,105831,105551,1781,107332,1632
2021-05-22,San Benito,069,59416,6060,6071,118,6189,63
2021-05-22,San Bernardino,071,2135413,292800,292292,9234,301526,4747
2021-05-22,San Diego,073,3302833,280430,279614,14847,294461,3751
2021-05-22,San Francisco,075,870044,36670,36906,1334,38240,547
2021-05-22,San Joaquin,077,732212,72909,72528,3666,76194,1371
2021-05-22,San Luis Obispo,079,281455,21237,21134,762,21896,256
2021-05-22,San Mateo,081,765935,42336,42218,478,42696,433
2021-05-22,Santa Barbara,083,443738,34758,34313,1218,35531,459
2021-05-22,Santa Clara,085,1922200,118248,119292,780,120072,2030
2021-05-22,Santa Cruz,087,273765,16174,16125,858,16983,207
2021-05-22,Shasta,089,179085,12265,12307,1614,13921,201
2021-05-22,Sierra,091,2930,54,54,14,68,0
2021-05-22,Siskiyou,093,43540,1906,1824,362,2186,17
2021-05-22,Solano,095,438530,32744,32753,552,33305,254
2021-05-22,Sonoma,097,501317,29991,30154,336,30490,321
2021-05-22,Stanislaus,099,539301,56169,56069,6115,62184,974
2021-05-22,Sutter,101,95872,9478,9476,93,9569,113
2021-05-22,Tehama,103,63373,5055,5036,595,5631,63
2021-05-22,Trinity,105,12862,421,328,78,406,3
2021-05-22,Tulare,107,460477,49752,49299,9418,58717,838
2021-05-22,Tuolumne,109,53932,4076,4078,35,4113,65
2021-05-22,Ventura,111,848112,81160,80859,3043,83902,1022
2021-05-22,Yolo,113,214977,13973,13997,326,14323,213
2021-05-22,Yuba,115,75493,6033,6010,125,6135,49
2021-05-21,Alameda,001,1643700,88000,88041,2017,90058,1263
2021-05-21,Alpine,003,1148,88,88,0,88,0
2021-05-21,Amador,005,37829,3671,3672,34,3706,46
2021-05-21,Butte,007,227075,12460,12236,1879,14115,188
2021-05-21,Calaveras,009,45235,2148,2138,14,2152,54
2021-05-21,Colusa,011,21464,1933,1947,316,2263,15
2021-05-21,Contra Costa,013,1133247,69408,68965,1314,70279,810
2021-05-21,Del Norte,015,27424,1407,1376,12,1388,8
2021-05-21,El Dorado,017,186661,10246,10204,746,10950,112
2021-05-21,Fresno,019,978130,102248,102189,8914,111103,1698
2021-05-21,Glenn,021,27897,2423,2408,573,2981,17
2021-05-21,Humboldt,023,135768,4229,4175,35,4210,42
2021-05-21,Imperial,025,180216,28504,28572,2870,31442,732
2021-05-21,Inyo,027,18085,1402,1402,4,1406,36
2021-05-21,Kern,029,883053,96971,96233,11185,107418,1318
2021-05-21,Kings,031,150075,23009,22927,1165,24092,246
2021-05-21,Lake,033,64148,3514,3500,9,3509,43
2021-05-21,Lassen,035,31185,5194,5161,116,5277,6
2021-05-21,Los Angeles,037,10098052,1203366,1197263,42729,1239992,24180
2021-05-21,Madera,039,155013,16574,16500,949,17449,238
2021-05-21,Marin,041,260295,14036,14042,264,14306,227
2021-05-21,Mariposa,043,17540,427,427,11,438,5
2021-05-21,Mendocino,045,87422,3966,3897,77,3974,47
2021-05-21,Merced,047,269075,31009,31076,1001,32077,455
2021-05-21,Modoc,049,8938,375,365,129,494,3
2021-05-21,Mono,051,14174,1249,1269,13,1282,3
2021-05-21,Monterey,053,433212,43079,42995,1919,44914,379
2021-05-21,Napa,055,140530,9899,9913,32,9945,82
2021-05-21,Nevada,057,99092,4806,4779,196,4975,70
2021-05-21,Orange,059,3164182,255383,254171,11544,265715,5042
2021-05-21,Placer,061,380077,23182,22853,1541,24394,292
2021-05-21,Plumas,063,18699,699,683,11,694,4
2021-05-21,Riverside,065,2383286,291860,288499,14314,302813,4442
2021-05-21,Sacramento,067,1510023,105764,105476,1778,107254,1632
2021-05-21,San Benito,069,59416,6060,6068,118,6186,63
2021-05-21,San Bernardino,071,2135413,292769,292205,9231,301436,4744
2021-05-21,San Diego,073,3302833,280359,279554,14837,294391,3748
2021-05-21,San Francisco,075,870044,36664,36879,1334,38213,546
2021-05-21,San Joaquin,077,732212,72890,72467,3664,76131,1371
2021-05-21,San Luis Obispo,079,281455,21231,21128,759,21887,256
2021-05-21,San Mateo,081,765935,42323,42163,477,42640,432
2021-05-21,Santa Barbara,083,443738,34753,34302,1218,35520,459
2021-05-21,Santa Clara,085,1922200,118221,119247,780,120027,2029
2021-05-21,Santa Cruz,087,273765,16170,16120,858,16978,207
2021-05-21,Shasta,089,179085,12248,12289,1612,13901,201
2021-05-21,Sierra,091,2930,54,54,14,68,0
2021-05-21,Siskiyou,093,43540,1905,1815,362,2177,16
2021-05-21,Solano,095,438530,32729,32742,552,33294,254
2021-05-21,Sonoma,097,501317,29978,30126,336,30462,321
2021-05-21,Stanislaus,099,539301,56137,56036,6113,62149,975
2021-05-21,Sutter,101,95872,9476,9470,93,9563,113
2021-05-21,Tehama,103,63373,5049,5030,595,5625,63
2021-05-21,Trinity,105,12862,421,329,77,406,3
2021-05-21,Tulare,107,460477,49747,49271,9416,58687,838
2021-05-21,Tuolumne,109,53932,4074,4079,35,4114,65
2021-05-21,Ventura,111,848112,81152,80821,3040,83861,1021
2021-05-21,Yolo,113,214977,13966,13983,326,14309,213
2021-05-21,Yuba,115,75493,6027,6006,125,6131,49
2021-05-20,Alameda,001,1643700,87953,87975,2016,89991,1264
2021-05-20,Alpine,003,1148,88,88,0,88,0
2021-05-20,Amador,005,37829,3670,3671,34,3705,46
2021-05-20,Butte,007,227075,12453,12220,1876,14096,188
2021-05-20,Calaveras,009,45235,2144,2138,14,2152,54
2021-05-20,Colusa,011,21464,1932,1946,314,2260,15
2021-05-20,Contra Costa,013,1133247,69363,68913,1312,70225,809
2021-05-20,Del Norte,015,27424,1407,1373,12,1385,8
2021-05-20,El Dorado,017,186661,10237,10188,746,10934,112
2021-05-20,Fresno,019,978130,102227,102135,8912,111047,1696
2021-05-20,Glenn,021,27897,2419,2406,573,2979,17
2021-05-20,Humboldt,023,135768,4212,4162,34,4196,42
2021-05-20,Imperial,025,180216,28499,28551,2870,31421,732
2021-05-20,Inyo,027,18085,1402,1402,4,1406,36
2021-05-20,Kern,029,883053,96950,96204,11178,107382,1317
2021-05-20,Kings,031,150075,23007,22922,1165,24087,246
2021-05-20,Lake,033,64148,3511,3500,9,3509,43
2021-05-20,Lassen,035,31185,5192,5160,115,5275,6
2021-05-20,Los Angeles,037,10098052,1203210,1197073,42719,1239792,24168
2021-05-20,Madera,039,155013,16568,16499,947,17446,238
2021-05-20,Marin,041,260295,14032,14036,263,14299,227
2021-05-20,Mariposa,043,17540,427,426,11,437,5
2021-05-20,Mendocino,045,87422,3959,3897,77,3974,47
2021-05-20,Merced,047,269075,30996,31046,1000,32046,454
2021-05-20,Modoc,049,8938,375,365,129,494,3
2021-05-20,Mono,051,14174,1248,1269,13,1282,3
2021-05-20,Monterey,053,433212,43073,42984,1918,44902,379
2021-05-20,Napa,055,140530,9896,9913,32,9945,82
2021-05-20,Nevada,057,99092,4805,4775,196,4971,70
2021-05-20,Orange,059,3164182,255339,254127,11541,265668,5038
2021-05-20,Placer,061,380077,23169,22823,1540,24363,292
2021-05-20,Plumas,063,18699,697,682,11,693,4
2021-05-20,Riverside,065,2383286,291814,288453,14309,302762,4442
2021-05-20,Sacramento,067,1510023,105668,105414,1775,107189,1629
2021-05-20,San Benito,069,59416,6059,6067,118,6185,63
2021-05-20,San Bernardino,071,2135413,292723,292153,9230,301383,4728
2021-05-20,San Diego,073,3302833,280271,279490,14825,294315,3749
2021-05-20,San Francisco,075,870044,36655,36860,1334,38194,546
2021-05-20,San Joaquin,077,732212,72852,72388,3662,76050,1371
2021-05-20,San Luis Obispo,079,281455,21219,21095,757,21852,256
2021-05-20,San Mateo,081,765935,42309,42152,475,42627,432
2021-05-20,Santa Barbara,083,443738,34749,34293,1218,35511,459
2021-05-20,Santa Clara,085,1922200,118200,119222,780,120002,2029
2021-05-20,Santa Cruz,087,273765,16165,16119,858,16977,207
2021-05-20,Shasta,089,179085,12235,12266,1609,13875,200
2021-05-20,Sierra,091,2930,54,54,14,68,0
2021-05-20,Siskiyou,093,43540,1898,1811,361,2172,16
2021-05-20,Solano,095,438530,32714,32725,552,33277,253
2021-05-20,Sonoma,097,501317,29961,30107,335,30442,321
2021-05-20,Stanislaus,099,539301,56106,55979,6111,62090,970
2021-05-20,Sutter,101,95872,9472,9467,93,9560,113
2021-05-20,Tehama,103,63373,5047,5029,595,5624,63
2021-05-20,Trinity,105,12862,421,329,76,405,3
2021-05-20,Tulare,107,460477,49736,49217,9413,58630,837
2021-05-20,Tuolumne,109,53932,4073,4077,35,4112,65
2021-05-20,Ventura,111,848112,81141,80800,3040,83840,1019
2021-05-20,Yolo,113,214977,13961,13973,326,14299,211
2021-05-20,Yuba,115,75493,6018,6002,125,6127,49
2021-05-19,Alameda,001,1643700,87912,87889,2014,89903,1260
2021-05-19,Alpine,003,1148,88,88,0,88,0
2021-05-19,Amador,005,37829,3670,3669,34,3703,46
2021-05-19,Butte,007,227075,12443,12198,1876,14074,188
2021-05-19,Calaveras,009,45235,2140,2132,14,2146,54
2021-05-19,Colusa,011,21464,1932,1945,312,2257,15
2021-05-19,Contra Costa,013,1133247,69316,68836,1312,70148,808
2021-05-19,Del Norte,015,27424,1405,1371,12,1383,8
2021-05-19,El Dorado,017,186661,10232,10179,745,10924,112
2021-05-19,Fresno,019,978130,102196,102085,8909,110994,1693
2021-05-19,Glenn,021,27897,2419,2404,573,2977,17
2021-05-19,Humboldt,023,135768,4202,4143,34,4177,42
2021-05-19,Imperial,025,180216,28490,28550,2870,31420,732
2021-05-19,Inyo,027,18085,1402,1402,4,1406,36
2021-05-19,Kern,029,883053,96922,96173,11170,107343,1316
2021-05-19,Kings,031,150075,23001,22919,1165,24084,246
2021-05-19,Lake,033,64148,3511,3497,9,3506,43
2021-05-19,Lassen,035,31185,5191,5157,115,5272,6
2021-05-19,Los Angeles,037,10098052,1203017,1196856,42704,1239560,24143
2021-05-19,Madera,039,155013,16565,16496,947,17443,238
2021-05-19,Marin,041,260295,14028,14033,261,14294,227
2021-05-19,Mariposa,043,17540,427,425,11,436,5
2021-05-19,Mendocino,045,87422,3955,3886,77,3963,47
2021-05-19,Merced,047,269075,30980,31044,1000,32044,452
2021-05-19,Modoc,049,8938,375,364,127,491,3
2021-05-19,Mono,051,14174,1248,1266,13,1279,3
2021-05-19,Monterey,053,433212,43068,42973,1917,44890,379
2021-05-19,Napa,055,140530,9893,9906,32,9938,82
2021-05-19,Nevada,057,99092,4803,4769,196,4965,70
2021-05-19,Orange,059,3164182,255302,254087,11531,265618,5035
2021-05-19,Placer,061,380077,23151,22784,1534,24318,291
2021-05-19,Plumas,063,18699,697,682,11,693,4
2021-05-19,Riverside,065,2383286,291768,288398,14307,302705,4442
2021-05-19,Sacramento,067,1510023,105591,105225,1774,106999,1629
2021-05-19,San Benito,069,59416,6058,6064,118,6182,63
2021-05-19,San Bernardino,071,2135413,292679,292078,9227,301305,4725
2021-05-19,San Diego,073,3302833,280187,279345,14804,294149,3746
2021-05-19,San Francisco,075,870044,36642,36835,1333,38168,546
2021-05-19,San Joaquin,077,732212,72809,72338,3657,75995,1369
2021-05-19,San Luis Obispo,079,281455,21211,21085,756,21841,256
2021-05-19,San Mateo,081,765935,42302,42126,475,42601,429
2021-05-19,Santa Barbara,083,443738,34741,34292,1218,35510,459
2021-05-19,Santa Clara,085,1922200,118160,119176,779,119955,2015
2021-05-19,Santa Cruz,087,273765,16161,16121,857,16978,207
2021-05-19,Shasta,089,179085,12217,12233,1605,13838,200
2021-05-19,Sierra,091,2930,54,54,14,68,0
2021-05-19,Siskiyou,093,43540,1895,1803,360,2163,16
2021-05-19,Solano,095,438530,32687,32678,550,33228,253
2021-05-19,Sonoma,097,501317,29946,30080,335,30415,321
2021-05-19,Stanislaus,099,539301,56084,55912,6106,62018,967
2021-05-19,Sutter,101,95872,9465,9459,92,9551,113
2021-05-19,Tehama,103,63373,5039,5026,592,5618,63
2021-05-19,Trinity,105,12862,421,329,76,405,3
2021-05-19,Tulare,107,460477,49723,49163,9408,58571,837
2021-05-19,Tuolumne,109,53932,4073,4074,35,4109,64
2021-05-19,Ventura,111,848112,81125,80747,3039,83786,1019
2021-05-19,Yolo,113,214977,13955,13961,325,14286,211
2021-05-19,Yuba,115,75493,6014,5993,125,6118,49
2021-05-18,Alameda,001,1643700,87839,87816,2014,89830,1254
2021-05-18,Alpine,003,1148,88,88,0,88,0
2021-05-18,Amador,005,37829,3670,3669,34,3703,46
2021-05-18,Butte,007,227075,12431,12164,1873,14037,191
2021-05-18,Calaveras,009,45235,2136,2131,14,2145,54
2021-05-18,Colusa,011,21464,1932,1943,312,2255,14
2021-05-18,Contra Costa,013,1133247,69259,68750,1311,70061,808
2021-05-18,Del Norte,015,27424,1402,1371,12,1383,8
2021-05-18,El Dorado,017,186661,10221,10169,744,10913,112
2021-05-18,Fresno,019,978130,102159,102056,8906,110962,1690
2021-05-18,Glenn,021,27897,2413,2403,572,2975,17
2021-05-18,Humboldt,023,135768,4184,4132,34,4166,42
2021-05-18,Imperial,025,180216,28484,28538,2868,31406,730
2021-05-18,Inyo,027,18085,1402,1401,4,1405,36
2021-05-18,Kern,029,883053,96888,96128,11156,107284,1315
2021-05-18,Kings,031,150075,22995,22916,1165,24081,247
2021-05-18,Lake,033,64148,3509,3495,9,3504,43
2021-05-18,Lassen,035,31185,5190,5157,114,5271,6
2021-05-18,Los Angeles,037,10098052,1202839,1196668,42692,1239360,24133
2021-05-18,Madera,039,155013,16555,16491,947,17438,238
2021-05-18,Marin,041,260295,14025,14026,261,14287,227
2021-05-18,Mariposa,043,17540,427,424,11,435,5
2021-05-18,Mendocino,045,87422,3944,3877,76,3953,47
2021-05-18,Merced,047,269075,30961,31036,1000,32036,452
2021-05-18,Modoc,049,8938,374,364,126,490,3
2021-05-18,Mono,051,14174,1247,1265,13,1278,3
2021-05-18,Monterey,053,433212,43062,43001,1917,44918,379
2021-05-18,Napa,055,140530,9893,9905,32,9937,82
2021-05-18,Nevada,057,99092,4796,4762,196,4958,70
2021-05-18,Orange,059,3164182,255262,254041,11521,265562,5031
2021-05-18,Placer,061,380077,23118,22726,1530,24256,291
2021-05-18,Plumas,063,18699,697,682,11,693,4
2021-05-18,Riverside,065,2383286,291714,288354,14300,302654,4438
2021-05-18,Sacramento,067,1510023,105490,105083,1772,106855,1629
2021-05-18,San Benito,069,59416,6057,6065,118,6183,63
2021-05-18,San Bernardino,071,2135413,292625,292014,9222,301236,4722
2021-05-18,San Diego,073,3302833,280079,279254,14795,294049,3742
2021-05-18,San Francisco,075,870044,36622,36818,1333,38151,546
2021-05-18,San Joaquin,077,732212,72763,72282,3653,75935,1368
2021-05-18,San Luis Obispo,079,281455,21201,21080,754,21834,256
2021-05-18,San Mateo,081,765935,42290,42099,474,42573,428
2021-05-18,Santa Barbara,083,443738,34732,34278,1218,35496,459
2021-05-18,Santa Clara,085,1922200,118133,119171,779,119950,2014
2021-05-18,Santa Cruz,087,273765,16153,16137,857,16994,207
2021-05-18,Shasta,089,179085,12199,12197,1599,13796,200
2021-05-18,Sierra,091,2930,54,54,14,68,0
2021-05-18,Siskiyou,093,43540,1894,1799,360,2159,16
2021-05-18,Solano,095,438530,32662,32644,550,33194,253
2021-05-18,Sonoma,097,501317,29926,30054,334,30388,321
2021-05-18,Stanislaus,099,539301,56046,55860,6106,61966,959
2021-05-18,Sutter,101,95872,9457,9453,92,9545,113
2021-05-18,Tehama,103,63373,5035,5020,589,5609,63
2021-05-18,Trinity,105,12862,421,329,75,404,3
2021-05-18,Tulare,107,460477,49715,49142,9403,58545,836
2021-05-18,Tuolumne,109,53932,4071,4073,35,4108,64
2021-05-18,Ventura,111,848112,81110,80726,3036,83762,1017
2021-05-18,Yolo,113,214977,13948,13951,324,14275,211
2021-05-18,Yuba,115,75493,6010,5989,124,6113,49
2021-05-17,Alameda,001,1643700,87787,87766,2011,89777,1253
2021-05-17,Alpine,003,1148,88,88,0,88,0
2021-05-17,Amador,005,37829,3667,3668,34,3702,46
2021-05-17,Butte,007,227075,12423,12144,1873,14017,192
2021-05-17,Calaveras,009,45235,2136,2131,14,2145,53
2021-05-17,Colusa,011,21464,1932,1943,312,2255,14
2021-05-17,Contra Costa,013,1133247,69204,68720,1310,70030,805
2021-05-17,Del Norte,015,27424,1397,1369,12,1381,8
2021-05-17,El Dorado,017,186661,10204,10163,744,10907,112
2021-05-17,Fresno,019,978130,102116,102013,8899,110912,1690
2021-05-17,Glenn,021,27897,2413,2401,572,2973,17
2021-05-17,Humboldt,023,135768,4173,4112,34,4146,42
2021-05-17,Imperial,025,180216,28479,28533,2865,31398,729
2021-05-17,Inyo,027,18085,1402,1401,4,1405,36
2021-05-17,Kern,029,883053,96859,96095,11139,107234,1315
2021-05-17,Kings,031,150075,22992,22918,1165,24083,246
2021-05-17,Lake,033,64148,3504,3489,9,3498,43
2021-05-17,Lassen,035,31185,5187,5156,113,5269,6
2021-05-17,Los Angeles,037,10098052,1202665,1196556,42686,1239242,24123
2021-05-17,Madera,039,155013,16549,16486,947,17433,238
2021-05-17,Marin,041,260295,14019,14021,261,14282,227
2021-05-17,Mariposa,043,17540,426,423,11,434,5
2021-05-17,Mendocino,045,87422,3935,3868,76,3944,46
2021-05-17,Merced,047,269075,30946,31031,1000,32031,450
2021-05-17,Modoc,049,8938,373,362,126,488,3
2021-05-17,Mono,051,14174,1243,1265,13,1278,3
2021-05-17,Monterey,053,433212,43055,42995,1917,44912,379
2021-05-17,Napa,055,140530,9892,9894,32,9926,82
2021-05-17,Nevada,057,99092,4792,4761,195,4956,70
2021-05-17,Orange,059,3164182,255216,253993,11514,265507,5031
2021-05-17,Placer,061,380077,23092,22706,1523,24229,289
2021-05-17,Plumas,063,18699,697,682,11,693,4
2021-05-17,Riverside,065,2383286,291648,288304,14296,302600,4433
2021-05-17,Sacramento,067,1510023,105383,105035,1769,106804,1629
2021-05-17,San Benito,069,59416,6054,6067,118,6185,63
2021-05-17,San Bernardino,071,2135413,292576,291989,9215,301204,4724
2021-05-17,San Diego,073,3302833,279947,279146,14773,293919,3742
2021-05-17,San Francisco,075,870044,36610,36816,1331,38147,546
2021-05-17,San Joaquin,077,732212,72725,72234,3650,75884,1359
2021-05-17,San Luis Obispo,079,281455,21192,21079,752,21831,256
2021-05-17,San Mateo,081,765935,42262,42083,474,42557,428
2021-05-17,Santa Barbara,083,443738,34725,34275,1218,35493,459
2021-05-17,Santa Clara,085,1922200,118096,119116,777,119893,2015
2021-05-17,Santa Cruz,087,273765,16150,16151,857,17008,206
2021-05-17,Shasta,089,179085,12177,12163,1598,13761,200
2021-05-17,Sierra,091,2930,54,54,14,68,0
2021-05-17,Siskiyou,093,43540,1885,1795,357,2152,15
2021-05-17,Solano,095,438530,32644,32627,550,33177,253
2021-05-17,Sonoma,097,501317,29903,30043,333,30376,321
2021-05-17,Stanislaus,099,539301,55995,55839,6099,61938,951
2021-05-17,Sutter,101,95872,9450,9447,92,9539,113
2021-05-17,Tehama,103,63373,5032,5016,588,5604,63
2021-05-17,Trinity,105,12862,421,328,75,403,3
2021-05-17,Tulare,107,460477,49693,49107,9396,58503,836
2021-05-17,Tuolumne,109,53932,4071,4071,35,4106,64
2021-05-17,Ventura,111,848112,81090,80699,3036,83735,1017
2021-05-17,Yolo,113,214977,13942,13941,324,14265,211
2021-05-17,Yuba,115,75493,6002,5987,124,6111,49
2021-05-16,Alameda,001,1643700,87723,87743,2011,89754,1253
2021-05-16,Alpine,003,1148,88,88,0,88,0
2021-05-16,Amador,005,37829,3666,3667,34,3701,46
2021-05-16,Butte,007,227075,12409,12140,1873,14013,192
2021-05-16,Calaveras,009,45235,2134,2129,14,2143,53
2021-05-16,Colusa,011,21464,1930,1943,312,2255,14
2021-05-16,Contra Costa,013,1133247,69136,68694,1307,70001,805
2021-05-16,Del Norte,015,27424,1394,1365,12,1377,8
2021-05-16,El Dorado,017,186661,10188,10159,743,10902,112
2021-05-16,Fresno,019,978130,102072,101987,8893,110880,1690
2021-05-16,Glenn,021,27897,2413,2401,571,2972,17
2021-05-16,Humboldt,023,135768,4158,4104,34,4138,42
2021-05-16,Imperial,025,180216,28468,28516,2864,31380,729
2021-05-16,Inyo,027,18085,1402,1401,4,1405,36
2021-05-16,Kern,029,883053,96826,96083,11118,107201,1315
2021-05-16,Kings,031,150075,22988,22918,1162,24080,246
2021-05-16,Lake,033,64148,3501,3489,9,3498,43
2021-05-16,Lassen,035,31185,5186,5156,113,5269,6
2021-05-16,Los Angeles,037,10098052,1202445,1196397,42670,1239067,24120
2021-05-16,Madera,039,155013,16544,16483,944,17427,238
2021-05-16,Marin,041,260295,14016,14015,261,14276,227
2021-05-16,Mariposa,043,17540,426,423,11,434,5
2021-05-16,Mendocino,045,87422,3925,3863,76,3939,46
2021-05-16,Merced,047,269075,30925,31023,998,32021,450
2021-05-16,Modoc,049,8938,373,362,126,488,3
2021-05-16,Mono,051,14174,1243,1265,13,1278,3
2021-05-16,Monterey,053,433212,43050,42991,1917,44908,379
2021-05-16,Napa,055,140530,9889,9891,32,9923,82
2021-05-16,Nevada,057,99092,4787,4755,195,4950,70
2021-05-16,Orange,059,3164182,255183,253962,11511,265473,5031
2021-05-16,Placer,061,380077,23060,22696,1517,24213,289
2021-05-16,Plumas,063,18699,696,682,11,693,4
2021-05-16,Riverside,065,2383286,291576,288259,14286,302545,4433
2021-05-16,Sacramento,067,1510023,105269,105013,1767,106780,1628
2021-05-16,San Benito,069,59416,6053,6067,117,6184,63
2021-05-16,San Bernardino,071,2135413,292503,291940,9213,301153,4724
2021-05-16,San Diego,073,3302833,279829,279099,14760,293859,3742
2021-05-16,San Francisco,075,870044,36588,36808,1330,38138,546
2021-05-16,San Joaquin,077,732212,72677,72218,3645,75863,1359
2021-05-16,San Luis Obispo,079,281455,21185,21072,751,21823,256
2021-05-16,San Mateo,081,765935,42251,42063,473,42536,428
2021-05-16,Santa Barbara,083,443738,34718,34270,1218,35488,459
2021-05-16,Santa Clara,085,1922200,118067,119098,776,119874,2015
2021-05-16,Santa Cruz,087,273765,16148,16143,857,17000,206
2021-05-16,Shasta,089,179085,12161,12156,1594,13750,200
2021-05-16,Sierra,091,2930,54,54,14,68,0
2021-05-16,Siskiyou,093,43540,1881,1790,356,2146,15
2021-05-16,Solano,095,438530,32611,32619,548,33167,253
2021-05-16,Sonoma,097,501317,29884,30033,333,30366,321
2021-05-16,Stanislaus,099,539301,55940,55814,6087,61901,951
2021-05-16,Sutter,101,95872,9443,9445,92,9537,113
2021-05-16,Tehama,103,63373,5028,5013,587,5600,63
2021-05-16,Trinity,105,12862,421,328,75,403,3
2021-05-16,Tulare,107,460477,49676,49091,9393,58484,837
2021-05-16,Tuolumne,109,53932,4067,4070,35,4105,64
2021-05-16,Ventura,111,848112,81059,80689,3036,83725,1017
2021-05-16,Yolo,113,214977,13927,13938,324,14262,211
2021-05-16,Yuba,115,75493,5999,5987,124,6111,49
2021-05-15,Alameda,001,1643700,87697,87677,2010,89687,1252
2021-05-15,Alpine,003,1148,88,88,0,88,0
2021-05-15,Amador,005,37829,3666,3666,34,3700,46
2021-05-15,Butte,007,227075,12402,12095,1872,13967,192
2021-05-15,Calaveras,009,45235,2133,2126,14,2140,53
2021-05-15,Colusa,011,21464,1930,1941,310,2251,14
2021-05-15,Contra Costa,013,1133247,69090,68658,1307,69965,805
2021-05-15,Del Norte,015,27424,1389,1359,12,1371,8
2021-05-15,El Dorado,017,186661,10176,10156,742,10898,112
2021-05-15,Fresno,019,978130,102036,101957,8890,110847,1690
2021-05-15,Glenn,021,27897,2413,2400,571,2971,17
2021-05-15,Humboldt,023,135768,4148,4080,34,4114,42
2021-05-15,Imperial,025,180216,28465,28504,2863,31367,729
2021-05-15,Inyo,027,18085,1402,1402,4,1406,36
2021-05-15,Kern,029,883053,96813,96061,11102,107163,1315
2021-05-15,Kings,031,150075,22987,22913,1162,24075,246
2021-05-15,Lake,033,64148,3500,3485,9,3494,43
2021-05-15,Lassen,035,31185,5183,5156,112,5268,6
2021-05-15,Los Angeles,037,10098052,1202324,1196255,42656,1238911,24115
2021-05-15,Madera,039,155013,16541,16482,944,17426,238
2021-05-15,Marin,041,260295,14012,14012,261,14273,227
2021-05-15,Mariposa,043,17540,426,423,11,434,5
2021-05-15,Mendocino,045,87422,3922,3861,76,3937,46
2021-05-15,Merced,047,269075,30904,31012,998,32010,450
2021-05-15,Modoc,049,8938,373,362,126,488,3
2021-05-15,Mono,051,14174,1243,1265,13,1278,3
2021-05-15,Monterey,053,433212,43046,42982,1917,44899,379
2021-05-15,Napa,055,140530,9886,9887,32,9919,82
2021-05-15,Nevada,057,99092,4786,4755,195,4950,70
2021-05-15,Orange,059,3164182,255156,253919,11504,265423,5030
2021-05-15,Placer,061,380077,23039,22688,1517,24205,289
2021-05-15,Plumas,063,18699,696,681,11,692,4
2021-05-15,Riverside,065,2383286,291534,288203,14281,302484,4433
2021-05-15,Sacramento,067,1510023,105197,104929,1764,106693,1628
2021-05-15,San Benito,069,59416,6053,6066,117,6183,63
2021-05-15,San Bernardino,071,2135413,292461,291892,9211,301103,4724
2021-05-15,San Diego,073,3302833,279758,278991,14745,293736,3737
2021-05-15,San Francisco,075,870044,36572,36795,1328,38123,546
2021-05-15,San Joaquin,077,732212,72651,72197,3643,75840,1359
2021-05-15,San Luis Obispo,079,281455,21182,21061,750,21811,256
2021-05-15,San Mateo,081,765935,42235,42059,473,42532,428
2021-05-15,Santa Barbara,083,443738,34711,34259,1218,35477,459
2021-05-15,Santa Clara,085,1922200,118047,119060,776,119836,2016
2021-05-15,Santa Cruz,087,273765,16144,16137,857,16994,206
2021-05-15,Shasta,089,179085,12149,12152,1591,13743,200
2021-05-15,Sierra,091,2930,54,54,14,68,0
2021-05-15,Siskiyou,093,43540,1875,1788,354,2142,15
2021-05-15,Solano,095,438530,32602,32604,547,33151,253
2021-05-15,Sonoma,097,501317,29865,30020,333,30353,321
2021-05-15,Stanislaus,099,539301,55908,55795,6080,61875,952
2021-05-15,Sutter,101,95872,9441,9436,92,9528,113
2021-05-15,Tehama,103,63373,5024,5012,585,5597,63
2021-05-15,Trinity,105,12862,421,328,75,403,3
2021-05-15,Tulare,107,460477,49666,49080,9389,58469,837
2021-05-15,Tuolumne,109,53932,4065,4064,35,4099,63
2021-05-15,Ventura,111,848112,81048,80662,3036,83698,1017
2021-05-15,Yolo,113,214977,13920,13932,323,14255,211
2021-05-15,Yuba,115,75493,5996,5979,123,6102,49
2021-05-14,Alameda,001,1643700,87663,87621,2007,89628,1249
2021-05-14,Alpine,003,1148,88,88,0,88,0
2021-05-14,Amador,005,37829,3666,3665,34,3699,46
2021-05-14,Butte,007,227075,12393,12076,1869,13945,192
2021-05-14,Calaveras,009,45235,2129,2121,14,2135,53
2021-05-14,Colusa,011,21464,1929,1940,309,2249,14
2021-05-14,Contra Costa,013,1133247,69048,68589,1305,69894,806
2021-05-14,Del Norte,015,27424,1389,1355,12,1367,8
2021-05-14,El Dorado,017,186661,10169,10143,741,10884,113
2021-05-14,Fresno,019,978130,102007,101917,8884,110801,1688
2021-05-14,Glenn,021,27897,2412,2398,571,2969,17
2021-05-14,Humboldt,023,135768,4140,4050,34,4084,37
2021-05-14,Imperial,025,180216,28458,28485,2862,31347,728
2021-05-14,Inyo,027,18085,1402,1400,4,1404,36
2021-05-14,Kern,029,883053,96783,96033,11093,107126,1311
2021-05-14,Kings,031,150075,22986,22910,1162,24072,246
2021-05-14,Lake,033,64148,3496,3483,9,3492,43
2021-05-14,Lassen,035,31185,5183,5154,112,5266,6
2021-05-14,Los Angeles,037,10098052,1202190,1196038,42651,1238689,24101
2021-05-14,Madera,039,155013,16538,16474,944,17418,238
2021-05-14,Marin,041,260295,14008,14010,261,14271,227
2021-05-14,Mariposa,043,17540,426,422,11,433,5
2021-05-14,Mendocino,045,87422,3920,3855,76,3931,46
2021-05-14,Merced,047,269075,30894,31010,998,32008,450
2021-05-14,Modoc,049,8938,373,362,126,488,3
2021-05-14,Mono,051,14174,1242,1265,13,1278,3
2021-05-14,Monterey,053,433212,43041,42973,1917,44890,380
2021-05-14,Napa,055,140530,9883,9883,32,9915,82
2021-05-14,Nevada,057,99092,4781,4745,195,4940,70
2021-05-14,Orange,059,3164182,255123,253855,11497,265352,5028
2021-05-14,Placer,061,380077,23020,22660,1511,24171,287
2021-05-14,Plumas,063,18699,695,680,11,691,4
2021-05-14,Riverside,065,2383286,291484,288140,14278,302418,4433
2021-05-14,Sacramento,067,1510023,105108,104828,1763,106591,1627
2021-05-14,San Benito,069,59416,6053,6064,117,6181,63
2021-05-14,San Bernardino,071,2135413,292413,291834,9211,301045,4721
2021-05-14,San Diego,073,3302833,279685,278853,14734,293587,3732
2021-05-14,San Francisco,075,870044,36563,36771,1324,38095,545
2021-05-14,San Joaquin,077,732212,72619,72160,3636,75796,1359
2021-05-14,San Luis Obispo,079,281455,21179,21051,749,21800,256
2021-05-14,San Mateo,081,765935,42224,42041,473,42514,428
2021-05-14,Santa Barbara,083,443738,34701,34243,1218,35461,456
2021-05-14,Santa Clara,085,1922200,118018,119006,776,119782,2014
2021-05-14,Santa Cruz,087,273765,16139,16130,857,16987,207
2021-05-14,Shasta,089,179085,12143,12130,1586,13716,200
2021-05-14,Sierra,091,2930,54,54,14,68,0
2021-05-14,Siskiyou,093,43540,1868,1779,353,2132,14
2021-05-14,Solano,095,438530,32582,32585,546,33131,252
2021-05-14,Sonoma,097,501317,29847,30007,333,30340,321
2021-05-14,Stanislaus,099,539301,55872,55752,6074,61826,950
2021-05-14,Sutter,101,95872,9432,9433,90,9523,113
2021-05-14,Tehama,103,63373,5017,5005,585,5590,63
2021-05-14,Trinity,105,12862,421,328,75,403,3
2021-05-14,Tulare,107,460477,49649,49060,9383,58443,836
2021-05-14,Tuolumne,109,53932,4065,4060,35,4095,63
2021-05-14,Ventura,111,848112,81034,80628,3036,83664,1014
2021-05-14,Yolo,113,214977,13915,13922,319,14241,210
2021-05-14,Yuba,115,75493,5992,5970,123,6093,47
2021-05-13,Alameda,001,1643700,87618,87557,2006,89563,1250
2021-05-13,Alpine,003,1148,88,88,0,88,0
2021-05-13,Amador,005,37829,3666,3662,34,3696,46
2021-05-13,Butte,007,227075,12380,12051,1868,13919,196
2021-05-13,Calaveras,009,45235,2129,2120,14,2134,53
2021-05-13,Colusa,011,21464,1928,1939,305,2244,14
2021-05-13,Contra Costa,013,1133247,69000,68522,1304,69826,806
2021-05-13,Del Norte,015,27424,1387,1354,12,1366,8
2021-05-13,El Dorado,017,186661,10167,10133,741,10874,112
2021-05-13,Fresno,019,978130,101978,101862,8883,110745,1687
2021-05-13,Glenn,021,27897,2411,2395,571,2966,17
2021-05-13,Humboldt,023,135768,4122,4027,34,4061,37
2021-05-13,Imperial,025,180216,28443,28468,2860,31328,729
2021-05-13,Inyo,027,18085,1402,1400,4,1404,36
2021-05-13,Kern,029,883053,96760,95996,11074,107070,1311
2021-05-13,Kings,031,150075,22985,22904,1162,24066,246
2021-05-13,Lake,033,64148,3494,3479,9,3488,43
2021-05-13,Lassen,035,31185,5183,5152,111,5263,6
2021-05-13,Los Angeles,037,10098052,1202001,1195504,42638,1238142,24083
2021-05-13,Madera,039,155013,16530,16467,944,17411,238
2021-05-13,Marin,041,260295,14003,14004,259,14263,227
2021-05-13,Mariposa,043,17540,426,422,11,433,5
2021-05-13,Mendocino,045,87422,3916,3846,76,3922,46
2021-05-13,Merced,047,269075,30886,30989,998,31987,450
2021-05-13,Modoc,049,8938,373,362,126,488,3
2021-05-13,Mono,051,14174,1242,1265,13,1278,3
2021-05-13,Monterey,053,433212,43026,42966,1917,44883,380
2021-05-13,Napa,055,140530,9876,9877,32,9909,82
2021-05-13,Nevada,057,99092,4777,4743,194,4937,70
2021-05-13,Orange,059,3164182,255080,253778,11495,265273,5026
2021-05-13,Placer,061,380077,22996,22668,1504,24172,288
2021-05-13,Plumas,063,18699,695,680,11,691,4
2021-05-13,Riverside,065,2383286,291423,288067,14275,302342,4433
2021-05-13,Sacramento,067,1510023,105021,104711,1761,106472,1626
2021-05-13,San Benito,069,59416,6051,6062,117,6179,63
2021-05-13,San Bernardino,071,2135413,292347,291765,9211,300976,4722
2021-05-13,San Diego,073,3302833,279571,278592,14717,293309,3729
2021-05-13,San Francisco,075,870044,36539,36741,1322,38063,544
2021-05-13,San Joaquin,077,732212,72576,72096,3632,75728,1357
2021-05-13,San Luis Obispo,079,281455,21164,21043,748,21791,255
2021-05-13,San Mateo,081,765935,42207,42059,473,42532,426
2021-05-13,Santa Barbara,083,443738,34689,34242,1218,35460,456
2021-05-13,Santa Clara,085,1922200,117991,118952,776,119728,2013
2021-05-13,Santa Cruz,087,273765,16133,16129,857,16986,208
2021-05-13,Shasta,089,179085,12123,12111,1582,13693,200
2021-05-13,Sierra,091,2930,54,54,14,68,0
2021-05-13,Siskiyou,093,43540,1861,1769,350,2119,14
2021-05-13,Solano,095,438530,32569,32548,544,33092,252
2021-05-13,Sonoma,097,501317,29822,29991,333,30324,321
2021-05-13,Stanislaus,099,539301,55834,55678,6068,61746,949
2021-05-13,Sutter,101,95872,9428,9431,88,9519,112
2021-05-13,Tehama,103,63373,5012,4997,585,5582,63
2021-05-13,Trinity,105,12862,420,327,74,401,3
2021-05-13,Tulare,107,460477,49624,49032,9374,58406,837
2021-05-13,Tuolumne,109,53932,4064,4059,35,4094,63
2021-05-13,Ventura,111,848112,81004,80615,3035,83650,1012
2021-05-13,Yolo,113,214977,13906,13914,317,14231,210
2021-05-13,Yuba,115,75493,5983,5962,123,6085,47
2021-05-12,Alameda,001,1643700,87584,87482,2004,89486,1261
2021-05-12,Alpine,003,1148,88,88,0,88,0
2021-05-12,Amador,005,37829,3666,3658,34,3692,46
2021-05-12,Butte,007,227075,12370,12026,1868,13894,199
2021-05-12,Calaveras,009,45235,2126,2119,14,2133,53
2021-05-12,Colusa,011,21464,1926,1939,304,2243,14
2021-05-12,Contra Costa,013,1133247,68942,68462,1298,69760,805
2021-05-12,Del Norte,015,27424,1385,1352,12,1364,8
2021-05-12,El Dorado,017,186661,10158,10123,741,10864,112
2021-05-12,Fresno,019,978130,101929,101838,8872,110710,1688
2021-05-12,Glenn,021,27897,2408,2391,571,2962,17
2021-05-12,Humboldt,023,135768,4094,3982,34,4016,37
2021-05-12,Imperial,025,180216,28425,28443,2857,31300,726
2021-05-12,Inyo,027,18085,1402,1400,4,1404,36
2021-05-12,Kern,029,883053,96724,95955,11067,107022,1310
2021-05-12,Kings,031,150075,22983,22896,1162,24058,246
2021-05-12,Lake,033,64148,3492,3476,9,3485,43
2021-05-12,Lassen,035,31185,5181,5151,111,5262,6
2021-05-12,Los Angeles,037,10098052,1201821,1195318,42622,1237940,24067
2021-05-12,Madera,039,155013,16524,16462,943,17405,238
2021-05-12,Marin,041,260295,13998,13997,259,14256,227
2021-05-12,Mariposa,043,17540,426,422,11,433,5
2021-05-12,Mendocino,045,87422,3906,3836,76,3912,46
2021-05-12,Merced,047,269075,30870,30941,998,31939,450
2021-05-12,Modoc,049,8938,372,362,126,488,3
2021-05-12,Mono,051,14174,1242,1265,13,1278,3
2021-05-12,Monterey,053,433212,43014,42950,1916,44866,380
2021-05-12,Napa,055,140530,9870,9870,32,9902,82
2021-05-12,Nevada,057,99092,4773,4738,194,4932,70
2021-05-12,Orange,059,3164182,255028,253587,11492,265079,5024
2021-05-12,Placer,061,380077,22977,22652,1497,24149,288
2021-05-12,Plumas,063,18699,695,681,11,692,4
2021-05-12,Riverside,065,2383286,291354,287830,14270,302100,4431
2021-05-12,Sacramento,067,1510023,104925,104592,1760,106352,1621
2021-05-12,San Benito,069,59416,6051,6062,117,6179,63
2021-05-12,San Bernardino,071,2135413,292302,291505,9206,300711,4715
2021-05-12,San Diego,073,3302833,279467,278402,14696,293098,3729
2021-05-12,San Francisco,075,870044,36520,36720,1321,38041,544
2021-05-12,San Joaquin,077,732212,72522,72043,3628,75671,1356
2021-05-12,San Luis Obispo,079,281455,21154,21021,748,21769,255
2021-05-12,San Mateo,081,765935,42198,42038,471,42509,426
2021-05-12,Santa Barbara,083,443738,34682,34218,1218,35436,456
2021-05-12,Santa Clara,085,1922200,117948,118897,776,119673,2005
2021-05-12,Santa Cruz,087,273765,16127,16123,857,16980,207
2021-05-12,Shasta,089,179085,12103,12092,1580,13672,200
2021-05-12,Sierra,091,2930,54,54,14,68,0
2021-05-12,Siskiyou,093,43540,1857,1760,349,2109,13
2021-05-12,Solano,095,438530,32545,32519,544,33063,252
2021-05-12,Sonoma,097,501317,29810,29976,333,30309,320
2021-05-12,Stanislaus,099,539301,55794,55632,6059,61691,919
2021-05-12,Sutter,101,95872,9425,9427,88,9515,112
2021-05-12,Tehama,103,63373,5008,4989,585,5574,62
2021-05-12,Trinity,105,12862,420,327,74,401,3
2021-05-12,Tulare,107,460477,49608,49001,9366,58367,838
2021-05-12,Tuolumne,109,53932,4063,4056,35,4091,63
2021-05-12,Ventura,111,848112,80985,80577,3035,83612,1010
2021-05-12,Yolo,113,214977,13899,13910,316,14226,210
2021-05-12,Yuba,115,75493,5980,5956,123,6079,47
2021-05-11,Alameda,001,1643700,87520,87413,2000,89413,1290
2021-05-11,Alpine,003,1148,88,88,0,88,0
2021-05-11,Amador,005,37829,3664,3657,34,3691,46
2021-05-11,Butte,007,227075,12355,12008,1865,13873,199
2021-05-11,Calaveras,009,45235,2126,2118,14,2132,52
2021-05-11,Colusa,011,21464,1925,1939,304,2243,14
2021-05-11,Contra Costa,013,1133247,68882,68406,1297,69703,806
2021-05-11,Del Norte,015,27424,1383,1347,12,1359,8
2021-05-11,El Dorado,017,186661,10152,10108,740,10848,112
2021-05-11,Fresno,019,978130,101883,101792,8867,110659,1686
2021-05-11,Glenn,021,27897,2407,2387,570,2957,17
2021-05-11,Humboldt,023,135768,4073,3964,33,3997,37
2021-05-11,Imperial,025,180216,28417,28413,2853,31266,722
2021-05-11,Inyo,027,18085,1401,1402,4,1406,36
2021-05-11,Kern,029,883053,96696,95938,11053,106991,1310
2021-05-11,Kings,031,150075,22975,22887,1162,24049,246
2021-05-11,Lake,033,64148,3492,3473,9,3482,43
2021-05-11,Lassen,035,31185,5179,5148,111,5259,6
2021-05-11,Los Angeles,037,10098052,1201585,1195100,42609,1237709,24048
2021-05-11,Madera,039,155013,16520,16459,943,17402,238
2021-05-11,Marin,041,260295,13991,13987,259,14246,227
2021-05-11,Mariposa,043,17540,426,421,11,432,5
2021-05-11,Mendocino,045,87422,3898,3821,76,3897,46
2021-05-11,Merced,047,269075,30861,30893,998,31891,449
2021-05-11,Modoc,049,8938,372,362,125,487,3
2021-05-11,Mono,051,14174,1242,1265,13,1278,3
2021-05-11,Monterey,053,433212,43006,42934,1915,44849,380
2021-05-11,Napa,055,140530,9863,9870,32,9902,81
2021-05-11,Nevada,057,99092,4769,4737,194,4931,70
2021-05-11,Orange,059,3164182,254965,253545,11484,265029,5017
2021-05-11,Placer,061,380077,22955,22615,1493,24108,287
2021-05-11,Plumas,063,18699,693,679,11,690,4
2021-05-11,Riverside,065,2383286,291294,287757,14265,302022,4429
2021-05-11,Sacramento,067,1510023,104826,104496,1757,106253,1616
2021-05-11,San Benito,069,59416,6048,6058,117,6175,63
2021-05-11,San Bernardino,071,2135413,292242,291421,9204,300625,4707
2021-05-11,San Diego,073,3302833,279332,278308,14677,292985,3725
2021-05-11,San Francisco,075,870044,36500,36707,1321,38028,543
2021-05-11,San Joaquin,077,732212,72474,71999,3625,75624,1356
2021-05-11,San Luis Obispo,079,281455,21147,21008,746,21754,255
2021-05-11,San Mateo,081,765935,42179,41985,470,42455,425
2021-05-11,Santa Barbara,083,443738,34673,34207,1218,35425,456
2021-05-11,Santa Clara,085,1922200,117902,118857,775,119632,2005
2021-05-11,Santa Cruz,087,273765,16123,16113,857,16970,206
2021-05-11,Shasta,089,179085,12080,12050,1574,13624,200
2021-05-11,Sierra,091,2930,54,54,14,68,0
2021-05-11,Siskiyou,093,43540,1848,1756,347,2103,13
2021-05-11,Solano,095,438530,32527,32499,542,33041,250
2021-05-11,Sonoma,097,501317,29795,29966,333,30299,318
2021-05-11,Stanislaus,099,539301,55744,55589,6055,61644,909
2021-05-11,Sutter,101,95872,9418,9417,88,9505,112
2021-05-11,Tehama,103,63373,5004,4985,584,5569,62
2021-05-11,Trinity,105,12862,420,327,73,400,3
2021-05-11,Tulare,107,460477,49582,48974,9351,58325,837
2021-05-11,Tuolumne,109,53932,4062,4056,35,4091,63
2021-05-11,Ventura,111,848112,80961,80544,3032,83576,1008
2021-05-11,Yolo,113,214977,13886,13902,313,14215,210
2021-05-11,Yuba,115,75493,5971,5950,123,6073,46
2021-05-10,Alameda,001,1643700,87449,87366,1999,89365,1284
2021-05-10,Alpine,003,1148,88,88,0,88,0
2021-05-10,Amador,005,37829,3663,3657,34,3691,46
2021-05-10,Butte,007,227075,12340,11993,1860,13853,199
2021-05-10,Calaveras,009,45235,2119,2118,14,2132,52
2021-05-10,Colusa,011,21464,1925,1939,304,2243,14
2021-05-10,Contra Costa,013,1133247,68819,68357,1297,69654,806
2021-05-10,Del Norte,015,27424,1380,1339,12,1351,8
2021-05-10,El Dorado,017,186661,10138,10093,740,10833,113
2021-05-10,Fresno,019,978130,101852,101755,8861,110616,1682
2021-05-10,Glenn,021,27897,2406,2384,568,2952,17
2021-05-10,Humboldt,023,135768,4043,3961,33,3994,36
2021-05-10,Imperial,025,180216,28403,28397,2849,31246,722
2021-05-10,Inyo,027,18085,1401,1401,4,1405,36
2021-05-10,Kern,029,883053,96653,95920,11039,106959,1310
2021-05-10,Kings,031,150075,22964,22884,1161,24045,246
2021-05-10,Lake,033,64148,3484,3471,9,3480,43
2021-05-10,Lassen,035,31185,5175,5148,111,5259,5
2021-05-10,Los Angeles,037,10098052,1201330,1194976,42591,1237567,24030
2021-05-10,Madera,039,155013,16510,16450,943,17393,238
2021-05-10,Marin,041,260295,13988,13981,259,14240,228
2021-05-10,Mariposa,043,17540,425,420,11,431,5
2021-05-10,Mendocino,045,87422,3892,3818,76,3894,46
2021-05-10,Merced,047,269075,30850,30880,998,31878,448
2021-05-10,Modoc,049,8938,372,361,125,486,3
2021-05-10,Mono,051,14174,1242,1265,13,1278,3
2021-05-10,Monterey,053,433212,43000,42927,1910,44837,380
2021-05-10,Napa,055,140530,9861,9860,32,9892,81
2021-05-10,Nevada,057,99092,4762,4735,194,4929,70
2021-05-10,Orange,059,3164182,254912,253484,11478,264962,5008
2021-05-10,Placer,061,380077,22934,22590,1490,24080,286
2021-05-10,Plumas,063,18699,692,679,11,690,4
2021-05-10,Riverside,065,2383286,291227,287689,14259,301948,4427
2021-05-10,Sacramento,067,1510023,104714,104378,1752,106130,1613
2021-05-10,San Benito,069,59416,6047,6058,117,6175,63
2021-05-10,San Bernardino,071,2135413,292190,291360,9203,300563,4707
2021-05-10,San Diego,073,3302833,279166,278183,14651,292834,3725
2021-05-10,San Francisco,075,870044,36481,36683,1321,38004,543
2021-05-10,San Joaquin,077,732212,72437,71954,3610,75564,1356
2021-05-10,San Luis Obispo,079,281455,21129,20993,745,21738,256
2021-05-10,San Mateo,081,765935,42161,41926,470,42396,424
2021-05-10,Santa Barbara,083,443738,34666,34201,1218,35419,456
2021-05-10,Santa Clara,085,1922200,117843,118822,775,119597,2003
2021-05-10,Santa Cruz,087,273765,16117,16114,857,16971,206
2021-05-10,Shasta,089,179085,12066,12036,1570,13606,200
2021-05-10,Sierra,091,2930,54,54,14,68,0
2021-05-10,Siskiyou,093,43540,1838,1752,345,2097,13
2021-05-10,Solano,095,438530,32507,32466,540,33006,250
2021-05-10,Sonoma,097,501317,29780,29955,332,30287,318
2021-05-10,Stanislaus,099,539301,55670,55541,6049,61590,898
2021-05-10,Sutter,101,95872,9412,9412,88,9500,111
2021-05-10,Tehama,103,63373,5000,4980,584,5564,62
2021-05-10,Trinity,105,12862,420,327,71,398,3
2021-05-10,Tulare,107,460477,49558,48956,9345,58301,837
2021-05-10,Tuolumne,109,53932,4058,4054,35,4089,63
2021-05-10,Ventura,111,848112,80945,80501,3030,83531,1008
2021-05-10,Yolo,113,214977,13874,13898,311,14209,209
2021-05-10,Yuba,115,75493,5969,5942,123,6065,46
2021-05-09,Alameda,001,1643700,87378,87292,1996,89288,1284
2021-05-09,Alpine,003,1148,88,88,0,88,0
2021-05-09,Amador,005,37829,3661,3655,34,3689,46
2021-05-09,Butte,007,227075,12321,11985,1856,13841,199
2021-05-09,Calaveras,009,45235,2118,2116,14,2130,52
2021-05-09,Colusa,011,21464,1924,1940,304,2244,14
2021-05-09,Contra Costa,013,1133247,68755,68302,1295,69597,806
2021-05-09,Del Norte,015,27424,1373,1338,12,1350,8
2021-05-09,El Dorado,017,186661,10124,10089,737,10826,113
2021-05-09,Fresno,019,978130,101814,101729,8852,110581,1682
2021-05-09,Glenn,021,27897,2399,2382,565,2947,17
2021-05-09,Humboldt,023,135768,4023,3950,33,3983,36
2021-05-09,Imperial,025,180216,28380,28388,2841,31229,722
2021-05-09,Inyo,027,18085,1401,1401,3,1404,36
2021-05-09,Kern,029,883053,96625,95903,11028,106931,1310
2021-05-09,Kings,031,150075,22955,22878,1161,24039,246
2021-05-09,Lake,033,64148,3480,3471,9,3480,43
2021-05-09,Lassen,035,31185,5173,5147,111,5258,5
2021-05-09,Los Angeles,037,10098052,1201070,1194820,42577,1237397,24026
2021-05-09,Madera,039,155013,16501,16444,937,17381,238
2021-05-09,Marin,041,260295,13977,13979,258,14237,228
2021-05-09,Mariposa,043,17540,422,420,11,431,5
2021-05-09,Mendocino,045,87422,3882,3814,76,3890,46
2021-05-09,Merced,047,269075,30827,30883,998,31881,448
2021-05-09,Modoc,049,8938,372,360,125,485,3
2021-05-09,Mono,051,14174,1242,1264,13,1277,3
2021-05-09,Monterey,053,433212,42982,42918,1910,44828,380
2021-05-09,Napa,055,140530,9850,9857,32,9889,81
2021-05-09,Nevada,057,99092,4755,4727,194,4921,70
2021-05-09,Orange,059,3164182,254858,253451,11470,264921,5008
2021-05-09,Placer,061,380077,22908,22566,1487,24053,286
2021-05-09,Plumas,063,18699,691,679,11,690,4
2021-05-09,Riverside,065,2383286,291149,287644,14253,301897,4427
2021-05-09,Sacramento,067,1510023,104566,104309,1745,106054,1612
2021-05-09,San Benito,069,59416,6045,6056,117,6173,63
2021-05-09,San Bernardino,071,2135413,292107,291337,9197,300534,4707
2021-05-09,San Diego,073,3302833,278999,277950,14629,292579,3725
2021-05-09,San Francisco,075,870044,36455,36669,1319,37988,543
2021-05-09,San Joaquin,077,732212,72391,71927,3609,75536,1356
2021-05-09,San Luis Obispo,079,281455,21119,20999,745,21744,256
2021-05-09,San Mateo,081,765935,42132,41903,470,42373,424
2021-05-09,Santa Barbara,083,443738,34653,34196,1217,35413,456
2021-05-09,Santa Clara,085,1922200,117789,118798,774,119572,2003
2021-05-09,Santa Cruz,087,273765,16111,16094,857,16951,206
2021-05-09,Shasta,089,179085,12036,12034,1565,13599,200
2021-05-09,Sierra,091,2930,54,54,14,68,0
2021-05-09,Siskiyou,093,43540,1832,1741,342,2083,13
2021-05-09,Solano,095,438530,32468,32434,537,32971,250
2021-05-09,Sonoma,097,501317,29766,29953,331,30284,318
2021-05-09,Stanislaus,099,539301,55604,55511,6045,61556,898
2021-05-09,Sutter,101,95872,9406,9413,88,9501,111
2021-05-09,Tehama,103,63373,4995,4979,584,5563,62
2021-05-09,Trinity,105,12862,420,327,71,398,3
2021-05-09,Tulare,107,460477,49531,48948,9340,58288,837
2021-05-09,Tuolumne,109,53932,4057,4053,35,4088,63
2021-05-09,Ventura,111,848112,80930,80487,3029,83516,1008
2021-05-09,Yolo,113,214977,13863,13897,310,14207,209
2021-05-09,Yuba,115,75493,5963,5934,123,6057,46
2021-05-08,Alameda,001,1643700,87336,87213,1992,89205,1284
2021-05-08,Alpine,003,1148,88,88,0,88,0
2021-05-08,Amador,005,37829,3659,3652,34,3686,46
2021-05-08,Butte,007,227075,12309,11962,1855,13817,199
2021-05-08,Calaveras,009,45235,2117,2114,14,2128,52
2021-05-08,Colusa,011,21464,1924,1939,304,2243,14
2021-05-08,Contra Costa,013,1133247,68722,68223,1293,69516,803
2021-05-08,Del Norte,015,27424,1370,1335,12,1347,8
2021-05-08,El Dorado,017,186661,10110,10079,737,10816,113
2021-05-08,Fresno,019,978130,101779,101676,8847,110523,1682
2021-05-08,Glenn,021,27897,2397,2382,563,2945,17
2021-05-08,Humboldt,023,135768,4007,3939,33,3972,36
2021-05-08,Imperial,025,180216,28372,28373,2841,31214,721
2021-05-08,Inyo,027,18085,1401,1402,3,1405,36
2021-05-08,Kern,029,883053,96601,95880,11015,106895,1310
2021-05-08,Kings,031,150075,22952,22872,1160,24032,246
2021-05-08,Lake,033,64148,3479,3470,9,3479,43
2021-05-08,Lassen,035,31185,5172,5145,111,5256,5
2021-05-08,Los Angeles,037,10098052,1200923,1194584,42561,1237145,24022
2021-05-08,Madera,039,155013,16497,16442,937,17379,238
2021-05-08,Marin,041,260295,13974,13974,257,14231,228
2021-05-08,Mariposa,043,17540,422,420,11,431,5
2021-05-08,Mendocino,045,87422,3877,3810,75,3885,46
2021-05-08,Merced,047,269075,30818,30876,998,31874,448
2021-05-08,Modoc,049,8938,372,360,124,484,3
2021-05-08,Mono,051,14174,1242,1262,13,1275,3
2021-05-08,Monterey,053,433212,42977,42914,1909,44823,380
2021-05-08,Napa,055,140530,9843,9853,32,9885,81
2021-05-08,Nevada,057,99092,4752,4716,194,4910,70
2021-05-08,Orange,059,3164182,254822,253412,11467,264879,5006
2021-05-08,Placer,061,380077,22890,22547,1485,24032,286
2021-05-08,Plumas,063,18699,690,679,11,690,4
2021-05-08,Riverside,065,2383286,291107,287574,14251,301825,4427
2021-05-08,Sacramento,067,1510023,104481,104208,1741,105949,1610
2021-05-08,San Benito,069,59416,6044,6048,117,6165,63
2021-05-08,San Bernardino,071,2135413,292064,291296,9197,300493,4707
2021-05-08,San Diego,073,3302833,278914,277760,14612,292372,3725
2021-05-08,San Francisco,075,870044,36432,36642,1319,37961,543
2021-05-08,San Joaquin,077,732212,72362,71869,3600,75469,1356
2021-05-08,San Luis Obispo,079,281455,21108,20992,745,21737,256
2021-05-08,San Mateo,081,765935,42121,41871,470,42341,424
2021-05-08,Santa Barbara,083,443738,34640,34185,1217,35402,456
2021-05-08,Santa Clara,085,1922200,117758,118751,774,119525,2003
2021-05-08,Santa Cruz,087,273765,16108,16089,857,16946,206
2021-05-08,Shasta,089,179085,12026,12030,1561,13591,200
2021-05-08,Sierra,091,2930,54,54,14,68,0
2021-05-08,Siskiyou,093,43540,1831,1741,338,2079,13
2021-05-08,Solano,095,438530,32443,32395,535,32930,249
2021-05-08,Sonoma,097,501317,29753,29942,331,30273,318
2021-05-08,Stanislaus,099,539301,55571,55467,6041,61508,898
2021-05-08,Sutter,101,95872,9403,9413,88,9501,111
2021-05-08,Tehama,103,63373,4993,4977,584,5561,62
2021-05-08,Trinity,105,12862,420,327,71,398,3
2021-05-08,Tulare,107,460477,49517,48929,9330,58259,837
2021-05-08,Tuolumne,109,53932,4056,4050,35,4085,63
2021-05-08,Ventura,111,848112,80919,80481,3026,83507,1008
2021-05-08,Yolo,113,214977,13860,13894,309,14203,209
2021-05-08,Yuba,115,75493,5955,5928,123,6051,46
2021-05-07,Alameda,001,1643700,87285,87128,1991,89119,1280
2021-05-07,Alpine,003,1148,88,88,0,88,0
2021-05-07,Amador,005,37829,3656,3651,34,3685,46
2021-05-07,Butte,007,227075,12291,11943,1850,13793,199
2021-05-07,Calaveras,009,45235,2115,2114,14,2128,52
2021-05-07,Colusa,011,21464,1924,1937,304,2241,14
2021-05-07,Contra Costa,013,1133247,68676,68156,1291,69447,804
2021-05-07,Del Norte,015,27424,1365,1329,12,1341,8
2021-05-07,El Dorado,017,186661,10097,10065,735,10800,112
2021-05-07,Fresno,019,978130,101745,101625,8846,110471,1684
2021-05-07,Glenn,021,27897,2394,2381,562,2943,17
2021-05-07,Humboldt,023,135768,3992,3919,33,3952,36
2021-05-07,Imperial,025,180216,28364,28352,2840,31192,721
2021-05-07,Inyo,027,18085,1401,1402,3,1405,36
2021-05-07,Kern,029,883053,96588,95839,11003,106842,1308
2021-05-07,Kings,031,150075,22951,22857,1159,24016,246
2021-05-07,Lake,033,64148,3477,3467,9,3476,43
2021-05-07,Lassen,035,31185,5171,5144,110,5254,5
2021-05-07,Los Angeles,037,10098052,1200749,1194294,42552,1236846,24008
2021-05-07,Madera,039,155013,16492,16439,937,17376,238
2021-05-07,Marin,041,260295,13970,13968,257,14225,228
2021-05-07,Mariposa,043,17540,421,419,11,430,5
2021-05-07,Mendocino,045,87422,3871,3805,75,3880,46
2021-05-07,Merced,047,269075,30815,30862,998,31860,446
2021-05-07,Modoc,049,8938,372,360,124,484,3
2021-05-07,Mono,051,14174,1241,1261,13,1274,3
2021-05-07,Monterey,053,433212,42971,42909,1907,44816,380
2021-05-07,Napa,055,140530,9842,9849,32,9881,81
2021-05-07,Nevada,057,99092,4748,4704,194,4898,70
2021-05-07,Orange,059,3164182,254785,253338,11457,264795,5000
2021-05-07,Placer,061,380077,22871,22524,1482,24006,286
2021-05-07,Plumas,063,18699,690,678,11,689,4
2021-05-07,Riverside,065,2383286,291050,287479,14250,301729,4426
2021-05-07,Sacramento,067,1510023,104408,104068,1736,105804,1609
2021-05-07,San Benito,069,59416,6043,6048,117,6165,63
2021-05-07,San Bernardino,071,2135413,292022,291185,9192,300377,4697
2021-05-07,San Diego,073,3302833,278829,277534,14598,292132,3718
2021-05-07,San Francisco,075,870044,36419,36616,1318,37934,543
2021-05-07,San Joaquin,077,732212,72322,71804,3598,75402,1351
2021-05-07,San Luis Obispo,079,281455,21101,20979,745,21724,256
2021-05-07,San Mateo,081,765935,42105,41844,470,42314,424
2021-05-07,Santa Barbara,083,443738,34630,34166,1217,35383,453
2021-05-07,Santa Clara,085,1922200,117725,118691,773,119464,2002
2021-05-07,Santa Cruz,087,273765,16105,16074,857,16931,206
2021-05-07,Shasta,089,179085,12004,12005,1559,13564,200
2021-05-07,Sierra,091,2930,54,54,14,68,0
2021-05-07,Siskiyou,093,43540,1828,1723,338,2061,13
2021-05-07,Solano,095,438530,32416,32352,533,32885,249
2021-05-07,Sonoma,097,501317,29735,29925,329,30254,318
2021-05-07,Stanislaus,099,539301,55530,55407,6035,61442,896
2021-05-07,Sutter,101,95872,9403,9407,87,9494,111
2021-05-07,Tehama,103,63373,4986,4974,584,5558,57
2021-05-07,Trinity,105,12862,420,327,71,398,3
2021-05-07,Tulare,107,460477,49500,48913,9325,58238,837
2021-05-07,Tuolumne,109,53932,4054,4048,35,4083,63
2021-05-07,Ventura,111,848112,80895,80444,3026,83470,1008
2021-05-07,Yolo,113,214977,13855,13875,308,14183,209
2021-05-07,Yuba,115,75493,5945,5910,123,6033,46
2021-05-06,Alameda,001,1643700,87206,87028,1988,89016,1278
2021-05-06,Alpine,003,1148,88,88,0,88,0
2021-05-06,Amador,005,37829,3654,3650,34,3684,46
2021-05-06,Butte,007,227075,12271,11929,1845,13774,198
2021-05-06,Calaveras,009,45235,2114,2111,14,2125,52
2021-05-06,Colusa,011,21464,1924,1935,304,2239,14
2021-05-06,Contra Costa,013,1133247,68621,68076,1288,69364,802
2021-05-06,Del Norte,015,27424,1357,1324,12,1336,6
2021-05-06,El Dorado,017,186661,10090,10048,735,10783,112
2021-05-06,Fresno,019,978130,101704,101536,8840,110376,1680
2021-05-06,Glenn,021,27897,2393,2380,561,2941,17
2021-05-06,Humboldt,023,135768,3967,3898,33,3931,36
2021-05-06,Imperial,025,180216,28353,28311,2839,31150,720
2021-05-06,Inyo,027,18085,1401,1401,3,1404,36
2021-05-06,Kern,029,883053,96563,95801,10986,106787,1307
2021-05-06,Kings,031,150075,22944,22848,1158,24006,246
2021-05-06,Lake,033,64148,3476,3465,9,3474,43
2021-05-06,Lassen,035,31185,5170,5143,110,5253,1
2021-05-06,Los Angeles,037,10098052,1200510,1193954,42535,1236489,23991
2021-05-06,Madera,039,155013,16484,16430,937,17367,238
2021-05-06,Marin,041,260295,13966,13956,257,14213,228
2021-05-06,Mariposa,043,17540,420,419,11,430,5
2021-05-06,Mendocino,045,87422,3860,3802,75,3877,46
2021-05-06,Merced,047,269075,30799,30863,997,31860,444
2021-05-06,Modoc,049,8938,372,360,124,484,3
2021-05-06,Mono,051,14174,1239,1261,13,1274,3
2021-05-06,Monterey,053,433212,42956,42899,1907,44806,379
2021-05-06,Napa,055,140530,9836,9843,32,9875,81
2021-05-06,Nevada,057,99092,4747,4687,194,4881,70
2021-05-06,Orange,059,3164182,254717,253286,11450,264736,4991
2021-05-06,Placer,061,380077,22849,22493,1482,23975,286
2021-05-06,Plumas,063,18699,690,678,11,689,4
2021-05-06,Riverside,065,2383286,290977,287399,14245,301644,4422
2021-05-06,Sacramento,067,1510023,104292,103956,1733,105689,1609
2021-05-06,San Benito,069,59416,6042,6045,117,6162,63
2021-05-06,San Bernardino,071,2135413,291952,291085,9191,300276,4683
2021-05-06,San Diego,073,3302833,278705,277324,14575,291899,3716
2021-05-06,San Francisco,075,870044,36404,36599,1318,37917,543
2021-05-06,San Joaquin,077,732212,72267,71729,3595,75324,1350
2021-05-06,San Luis Obispo,079,281455,21089,20965,743,21708,256
2021-05-06,San Mateo,081,765935,42087,41802,469,42271,424
2021-05-06,Santa Barbara,083,443738,34617,34152,1217,35369,453
2021-05-06,Santa Clara,085,1922200,117684,118591,773,119364,2001
2021-05-06,Santa Cruz,087,273765,16098,16050,857,16907,206
2021-05-06,Shasta,089,179085,11982,11983,1553,13536,199
2021-05-06,Sierra,091,2930,54,54,14,68,0
2021-05-06,Siskiyou,093,43540,1819,1711,336,2047,12
2021-05-06,Solano,095,438530,32390,32320,525,32845,249
2021-05-06,Sonoma,097,501317,29727,29911,329,30240,318
2021-05-06,Stanislaus,099,539301,55473,55323,6032,61355,834
2021-05-06,Sutter,101,95872,9397,9396,87,9483,111
2021-05-06,Tehama,103,63373,4981,4970,584,5554,53
2021-05-06,Trinity,105,12862,420,327,71,398,3
2021-05-06,Tulare,107,460477,49476,48890,9310,58200,836
2021-05-06,Tuolumne,109,53932,4050,4047,35,4082,63
2021-05-06,Ventura,111,848112,80864,80411,3023,83434,1005
2021-05-06,Yolo,113,214977,13847,13871,304,14175,209
2021-05-06,Yuba,115,75493,5933,5901,123,6024,46
2021-05-05,Alameda,001,1643700,87145,86950,1986,88936,1278
2021-05-05,Alpine,003,1148,88,88,0,88,0
2021-05-05,Amador,005,37829,3651,3650,34,3684,46
2021-05-05,Butte,007,227075,12253,11907,1842,13749,198
2021-05-05,Calaveras,009,45235,2110,2103,14,2117,52
2021-05-05,Colusa,011,21464,1923,1933,304,2237,14
2021-05-05,Contra Costa,013,1133247,68556,67997,1283,69280,803
2021-05-05,Del Norte,015,27424,1354,1317,12,1329,6
2021-05-05,El Dorado,017,186661,10079,10020,734,10754,111
2021-05-05,Fresno,019,978130,101655,101491,8831,110322,1680
2021-05-05,Glenn,021,27897,2390,2380,560,2940,17
2021-05-05,Humboldt,023,135768,3948,3886,32,3918,36
2021-05-05,Imperial,025,180216,28312,28295,2832,31127,720
2021-05-05,Inyo,027,18085,1400,1401,3,1404,36
2021-05-05,Kern,029,883053,96519,95753,10982,106735,1304
2021-05-05,Kings,031,150075,22938,22840,1157,23997,246
2021-05-05,Lake,033,64148,3473,3458,9,3467,43
2021-05-05,Lassen,035,31185,5170,5143,109,5252,1
2021-05-05,Los Angeles,037,10098052,1200242,1193608,42522,1236130,23977
2021-05-05,Madera,039,155013,16482,16423,937,17360,235
2021-05-05,Marin,041,260295,13958,13950,256,14206,228
2021-05-05,Mariposa,043,17540,420,418,11,429,5
2021-05-05,Mendocino,045,87422,3856,3799,75,3874,46
2021-05-05,Merced,047,269075,30778,30844,997,31841,444
2021-05-05,Modoc,049,8938,371,361,123,484,3
2021-05-05,Mono,051,14174,1239,1260,13,1273,3
2021-05-05,Monterey,053,433212,42943,42870,1904,44774,379
2021-05-05,Napa,055,140530,9830,9833,32,9865,81
2021-05-05,Nevada,057,99092,4744,4666,194,4860,70
2021-05-05,Orange,059,3164182,254662,253237,11445,264682,4978
2021-05-05,Placer,061,380077,22817,22362,1478,23840,287
2021-05-05,Plumas,063,18699,690,677,11,688,4
2021-05-05,Riverside,065,2383286,290888,287353,14235,301588,4414
2021-05-05,Sacramento,067,1510023,104204,103476,1728,105204,1607
2021-05-05,San Benito,069,59416,6033,6046,117,6163,63
2021-05-05,San Bernardino,071,2135413,291878,291008,9187,300195,4677
2021-05-05,San Diego,073,3302833,278568,277098,14555,291653,3716
2021-05-05,San Francisco,075,870044,36389,36577,1317,37894,543
2021-05-05,San Joaquin,077,732212,72214,71638,3592,75230,1345
2021-05-05,San Luis Obispo,079,281455,21081,20958,743,21701,256
2021-05-05,San Mateo,081,765935,42056,41755,468,42223,415
2021-05-05,Santa Barbara,083,443738,34603,34139,1216,35355,453
2021-05-05,Santa Clara,085,1922200,117654,118482,769,119251,1992
2021-05-05,Santa Cruz,087,273765,16092,16013,857,16870,207
2021-05-05,Shasta,089,179085,11966,11939,1549,13488,200
2021-05-05,Sierra,091,2930,54,54,14,68,0
2021-05-05,Siskiyou,093,43540,1802,1706,328,2034,11
2021-05-05,Solano,095,438530,32355,32250,523,32773,249
2021-05-05,Sonoma,097,501317,29714,29879,329,30208,318
2021-05-05,Stanislaus,099,539301,55415,55231,6030,61261,807
2021-05-05,Sutter,101,95872,9391,9387,87,9474,111
2021-05-05,Tehama,103,63373,4978,4968,584,5552,53
2021-05-05,Trinity,105,12862,420,326,71,397,3
2021-05-05,Tulare,107,460477,49454,48875,9301,58176,835
2021-05-05,Tuolumne,109,53932,4047,4040,35,4075,63
2021-05-05,Ventura,111,848112,80835,80372,3019,83391,1005
2021-05-05,Yolo,113,214977,13843,13846,302,14148,209
2021-05-05,Yuba,115,75493,5923,5895,122,6017,44
2021-05-04,Alameda,001,1643700,87053,86894,1986,88880,1277
2021-05-04,Alpine,003,1148,88,88,0,88,0
2021-05-04,Amador,005,37829,3651,3650,34,3684,46
2021-05-04,Butte,007,227075,12229,11883,1840,13723,198
2021-05-04,Calaveras,009,45235,2105,2100,14,2114,52
2021-05-04,Colusa,011,21464,1922,1933,304,2237,14
2021-05-04,Contra Costa,013,1133247,68477,67931,1280,69211,799
2021-05-04,Del Norte,015,27424,1354,1314,12,1326,6
2021-05-04,El Dorado,017,186661,10068,10009,730,10739,110
2021-05-04,Fresno,019,978130,101600,101451,8824,110275,1677
2021-05-04,Glenn,021,27897,2387,2379,557,2936,17
2021-05-04,Humboldt,023,135768,3922,3877,32,3909,36
2021-05-04,Imperial,025,180216,28292,28276,2828,31104,720
2021-05-04,Inyo,027,18085,1400,1399,3,1402,36
2021-05-04,Kern,029,883053,96483,95720,10964,106684,1301
2021-05-04,Kings,031,150075,22924,22822,1154,23976,246
2021-05-04,Lake,033,64148,3472,3454,9,3463,43
2021-05-04,Lassen,035,31185,5169,5142,109,5251,1
2021-05-04,Los Angeles,037,10098052,1199954,1193453,42510,1235963,23957
2021-05-04,Madera,039,155013,16481,16418,937,17355,235
2021-05-04,Marin,041,260295,13950,13935,256,14191,228
2021-05-04,Mariposa,043,17540,420,418,11,429,5
2021-05-04,Mendocino,045,87422,3851,3794,75,3869,46
2021-05-04,Merced,047,269075,30761,30829,997,31826,444
2021-05-04,Modoc,049,8938,370,360,122,482,3
2021-05-04,Mono,051,14174,1239,1260,13,1273,3
2021-05-04,Monterey,053,433212,42931,42845,1903,44748,380
2021-05-04,Napa,055,140530,9821,9824,32,9856,81
2021-05-04,Nevada,057,99092,4737,4656,194,4850,70
2021-05-04,Orange,059,3164182,254595,253177,11435,264612,4977
2021-05-04,Placer,061,380077,22788,22326,1475,23801,287
2021-05-04,Plumas,063,18699,689,675,11,686,4
2021-05-04,Riverside,065,2383286,290805,287285,14228,301513,4411
2021-05-04,Sacramento,067,1510023,104075,103383,1723,105106,1604
2021-05-04,San Benito,069,59416,6032,6039,117,6156,63
2021-05-04,San Bernardino,071,2135413,291801,290934,9180,300114,4668
2021-05-04,San Diego,073,3302833,278402,276879,14538,291417,3713
2021-05-04,San Francisco,075,870044,36371,36550,1317,37867,541
2021-05-04,San Joaquin,077,732212,72153,71582,3587,75169,1342
2021-05-04,San Luis Obispo,079,281455,21075,20923,741,21664,255
2021-05-04,San Mateo,081,765935,42030,41708,468,42176,415
2021-05-04,Santa Barbara,083,443738,34587,34131,1215,35346,453
2021-05-04,Santa Clara,085,1922200,117591,118431,768,119199,1988
2021-05-04,Santa Cruz,087,273765,16086,16005,857,16862,207
2021-05-04,Shasta,089,179085,11946,11923,1543,13466,198
2021-05-04,Sierra,091,2930,54,54,14,68,0
2021-05-04,Siskiyou,093,43540,1795,1694,326,2020,11
2021-05-04,Solano,095,438530,32314,32220,521,32741,249
2021-05-04,Sonoma,097,501317,29694,29867,328,30195,318
2021-05-04,Stanislaus,099,539301,55359,55165,6026,61191,807
2021-05-04,Sutter,101,95872,9386,9375,87,9462,111
2021-05-04,Tehama,103,63373,4976,4959,583,5542,53
2021-05-04,Trinity,105,12862,420,326,71,397,3
2021-05-04,Tulare,107,460477,49427,48857,9292,58149,835
2021-05-04,Tuolumne,109,53932,4045,4041,35,4076,61
2021-05-04,Ventura,111,848112,80806,80351,3017,83368,1005
2021-05-04,Yolo,113,214977,13830,13820,300,14120,208
2021-05-04,Yuba,115,75493,5917,5891,122,6013,44
2021-05-03,Alameda,001,1643700,86975,86845,1980,88825,1272
2021-05-03,Alpine,003,1148,88,88,0,88,0
2021-05-03,Amador,005,37829,3651,3651,34,3685,46
2021-05-03,Butte,007,227075,12219,11864,1837,13701,198
2021-05-03,Calaveras,009,45235,2104,2099,14,2113,50
2021-05-03,Colusa,011,21464,1921,1931,302,2233,14
2021-05-03,Contra Costa,013,1133247,68418,67895,1276,69171,799
2021-05-03,Del Norte,015,27424,1349,1306,11,1317,6
2021-05-03,El Dorado,017,186661,10050,9984,725,10709,110
2021-05-03,Fresno,019,978130,101546,101405,8813,110218,1678
2021-05-03,Glenn,021,27897,2387,2375,556,2931,17
2021-05-03,Humboldt,023,135768,3907,3865,32,3897,36
2021-05-03,Imperial,025,180216,28270,28280,2825,31105,720
2021-05-03,Inyo,027,18085,1399,1398,3,1401,36
2021-05-03,Kern,029,883053,96447,95693,10951,106644,1299
2021-05-03,Kings,031,150075,22915,22821,1154,23975,246
2021-05-03,Lake,033,64148,3470,3446,9,3455,43
2021-05-03,Lassen,035,31185,5168,5142,109,5251,1
2021-05-03,Los Angeles,037,10098052,1199687,1193261,42481,1235742,23942
2021-05-03,Madera,039,155013,16477,16414,936,17350,235
2021-05-03,Marin,041,260295,13944,13927,256,14183,228
2021-05-03,Mariposa,043,17540,420,418,11,429,5
2021-05-03,Mendocino,045,87422,3844,3792,75,3867,46
2021-05-03,Merced,047,269075,30750,30814,995,31809,444
2021-05-03,Modoc,049,8938,370,360,122,482,3
2021-05-03,Mono,051,14174,1239,1259,13,1272,3
2021-05-03,Monterey,053,433212,42920,42837,1901,44738,380
2021-05-03,Napa,055,140530,9816,9815,32,9847,81
2021-05-03,Nevada,057,99092,4729,4650,194,4844,70
2021-05-03,Orange,059,3164182,254535,253107,11426,264533,4968
2021-05-03,Placer,061,380077,22757,22289,1469,23758,287
2021-05-03,Plumas,063,18699,688,675,11,686,4
2021-05-03,Riverside,065,2383286,290733,287233,14227,301460,4412
2021-05-03,Sacramento,067,1510023,103922,103303,1713,105016,1602
2021-05-03,San Benito,069,59416,6031,6038,117,6155,63
2021-05-03,San Bernardino,071,2135413,291733,290886,9177,300063,4659
2021-05-03,San Diego,073,3302833,278239,276693,14513,291206,3712
2021-05-03,San Francisco,075,870044,36345,36538,1317,37855,541
2021-05-03,San Joaquin,077,732212,72102,71504,3584,75088,1325
2021-05-03,San Luis Obispo,079,281455,21059,20915,738,21653,254
2021-05-03,San Mateo,081,765935,42007,41689,467,42156,413
2021-05-03,Santa Barbara,083,443738,34575,34119,1215,35334,453
2021-05-03,Santa Clara,085,1922200,117537,118373,767,119140,1988
2021-05-03,Santa Cruz,087,273765,16083,16000,857,16857,207
2021-05-03,Shasta,089,179085,11923,11890,1538,13428,197
2021-05-03,Sierra,091,2930,54,54,14,68,0
2021-05-03,Siskiyou,093,43540,1789,1683,320,2003,11
2021-05-03,Solano,095,438530,32273,32201,520,32721,249
2021-05-03,Sonoma,097,501317,29682,29855,325,30180,318
2021-05-03,Stanislaus,099,539301,55294,55116,6015,61131,774
2021-05-03,Sutter,101,95872,9374,9370,87,9457,111
2021-05-03,Tehama,103,63373,4967,4952,583,5535,53
2021-05-03,Trinity,105,12862,420,326,71,397,3
2021-05-03,Tulare,107,460477,49410,48844,9282,58126,835
2021-05-03,Tuolumne,109,53932,4044,4038,35,4073,61
2021-05-03,Ventura,111,848112,80784,80291,3017,83308,1005
2021-05-03,Yolo,113,214977,13817,13809,298,14107,208
2021-05-03,Yuba,115,75493,5912,5880,122,6002,44
2021-05-02,Alameda,001,1643700,86890,86784,1979,88763,1272
2021-05-02,Alpine,003,1148,88,88,0,88,0
2021-05-02,Amador,005,37829,3651,3650,34,3684,46
2021-05-02,Butte,007,227075,12195,11859,1834,13693,198
2021-05-02,Calaveras,009,45235,2100,2098,14,2112,50
2021-05-02,Colusa,011,21464,1920,1931,301,2232,14
2021-05-02,Contra Costa,013,1133247,68332,67843,1273,69116,800
2021-05-02,Del Norte,015,27424,1342,1305,11,1316,6
2021-05-02,El Dorado,017,186661,10035,9962,724,10686,110
2021-05-02,Fresno,019,978130,101475,101372,8803,110175,1678
2021-05-02,Glenn,021,27897,2386,2374,554,2928,17
2021-05-02,Humboldt,023,135768,3895,3858,31,3889,36
2021-05-02,Imperial,025,180216,28236,28275,2816,31091,721
2021-05-02,Inyo,027,18085,1397,1398,3,1401,36
2021-05-02,Kern,029,883053,96389,95668,10944,106612,1299
2021-05-02,Kings,031,150075,22897,22816,1153,23969,246
2021-05-02,Lake,033,64148,3468,3443,9,3452,43
2021-05-02,Lassen,035,31185,5167,5142,108,5250,1
2021-05-02,Los Angeles,037,10098052,1199341,1193056,42458,1235514,23943
2021-05-02,Madera,039,155013,16471,16410,936,17346,235
2021-05-02,Marin,041,260295,13934,13917,256,14173,228
2021-05-02,Mariposa,043,17540,420,419,11,430,5
2021-05-02,Mendocino,045,87422,3839,3787,75,3862,46
2021-05-02,Merced,047,269075,30728,30793,993,31786,444
2021-05-02,Modoc,049,8938,369,360,122,482,3
2021-05-02,Mono,051,14174,1238,1259,13,1272,3
2021-05-02,Monterey,053,433212,42907,42837,1899,44736,380
2021-05-02,Napa,055,140530,9812,9805,32,9837,81
2021-05-02,Nevada,057,99092,4713,4635,194,4829,70
2021-05-02,Orange,059,3164182,254460,253025,11413,264438,4968
2021-05-02,Placer,061,380077,22728,22264,1466,23730,287
2021-05-02,Plumas,063,18699,688,675,11,686,4
2021-05-02,Riverside,065,2383286,290634,287197,14217,301414,4412
2021-05-02,Sacramento,067,1510023,103783,103153,1706,104859,1602
2021-05-02,San Benito,069,59416,6026,6037,117,6154,63
2021-05-02,San Bernardino,071,2135413,291634,290859,9175,300034,4655
2021-05-02,San Diego,073,3302833,278042,276521,14486,291007,3712
2021-05-02,San Francisco,075,870044,36319,36522,1317,37839,541
2021-05-02,San Joaquin,077,732212,72038,71447,3577,75024,1325
2021-05-02,San Luis Obispo,079,281455,21039,20910,737,21647,254
2021-05-02,San Mateo,081,765935,41991,41656,466,42122,412
2021-05-02,Santa Barbara,083,443738,34561,34106,1215,35321,453
2021-05-02,Santa Clara,085,1922200,117463,118321,767,119088,1988
2021-05-02,Santa Cruz,087,273765,16078,15995,856,16851,207
2021-05-02,Shasta,089,179085,11907,11885,1530,13415,197
2021-05-02,Sierra,091,2930,54,54,14,68,0
2021-05-02,Siskiyou,093,43540,1778,1661,319,1980,11
2021-05-02,Solano,095,438530,32234,32151,516,32667,249
2021-05-02,Sonoma,097,501317,29660,29842,325,30167,318
2021-05-02,Stanislaus,099,539301,55221,55057,6008,61065,774
2021-05-02,Sutter,101,95872,9367,9363,87,9450,111
2021-05-02,Tehama,103,63373,4962,4950,581,5531,53
2021-05-02,Trinity,105,12862,420,326,71,397,3
2021-05-02,Tulare,107,460477,49392,48834,9274,58108,835
2021-05-02,Tuolumne,109,53932,4041,4038,35,4073,61
2021-05-02,Ventura,111,848112,80747,80284,3016,83300,1005
2021-05-02,Yolo,113,214977,13805,13799,297,14096,208
2021-05-02,Yuba,115,75493,5902,5879,122,6001,44
2021-05-01,Alameda,001,1643700,86846,86704,1976,88680,1270
2021-05-01,Alpine,003,1148,88,88,0,88,0
2021-05-01,Amador,005,37829,3651,3650,34,3684,46
2021-05-01,Butte,007,227075,12181,11845,1829,13674,198
2021-05-01,Calaveras,009,45235,2098,2096,14,2110,50
2021-05-01,Colusa,011,21464,1919,1931,301,2232,14
2021-05-01,Contra Costa,013,1133247,68280,67779,1270,69049,800
2021-05-01,Del Norte,015,27424,1341,1292,11,1303,6
2021-05-01,El Dorado,017,186661,10021,9944,722,10666,110
2021-05-01,Fresno,019,978130,101430,101326,8797,110123,1678
2021-05-01,Glenn,021,27897,2383,2369,553,2922,17
2021-05-01,Humboldt,023,135768,3881,3845,31,3876,36
2021-05-01,Imperial,025,180216,28229,28262,2816,31078,721
2021-05-01,Inyo,027,18085,1397,1397,3,1400,36
2021-05-01,Kern,029,883053,96362,95645,10932,106577,1299
2021-05-01,Kings,031,150075,22895,22797,1151,23948,246
2021-05-01,Lake,033,64148,3466,3441,9,3450,43
2021-05-01,Lassen,035,31185,5165,5142,108,5250,1
2021-05-01,Los Angeles,037,10098052,1199174,1192781,42443,1235224,23946
2021-05-01,Madera,039,155013,16467,16408,936,17344,235
2021-05-01,Marin,041,260295,13927,13902,256,14158,228
2021-05-01,Mariposa,043,17540,420,418,11,429,5
2021-05-01,Mendocino,045,87422,3837,3782,75,3857,46
2021-05-01,Merced,047,269075,30710,30771,993,31764,444
2021-05-01,Modoc,049,8938,369,361,122,483,3
2021-05-01,Mono,051,14174,1238,1258,13,1271,3
2021-05-01,Monterey,053,433212,42901,42828,1899,44727,379
2021-05-01,Napa,055,140530,9809,9800,32,9832,81
2021-05-01,Nevada,057,99092,4708,4625,194,4819,70
2021-05-01,Orange,059,3164182,254417,252969,11402,264371,4964
2021-05-01,Placer,061,380077,22702,22240,1464,23704,287
2021-05-01,Plumas,063,18699,687,675,11,686,4
2021-05-01,Riverside,065,2383286,290595,287129,14215,301344,4412
2021-05-01,Sacramento,067,1510023,103702,103043,1705,104748,1602
2021-05-01,San Benito,069,59416,6023,6030,117,6147,63
2021-05-01,San Bernardino,071,2135413,291591,290802,9173,299975,4652
2021-05-01,San Diego,073,3302833,277918,276367,14465,290832,3706
2021-05-01,San Francisco,075,870044,36304,36496,1317,37813,541
2021-05-01,San Joaquin,077,732212,71990,71389,3575,74964,1325
2021-05-01,San Luis Obispo,079,281455,21034,20896,737,21633,254
2021-05-01,San Mateo,081,765935,41962,41617,465,42082,411
2021-05-01,Santa Barbara,083,443738,34556,34085,1214,35299,453
2021-05-01,Santa Clara,085,1922200,117411,118265,765,119030,1988
2021-05-01,Santa Cruz,087,273765,16075,15984,856,16840,207
2021-05-01,Shasta,089,179085,11887,11878,1522,13400,197
2021-05-01,Sierra,091,2930,54,53,14,67,0
2021-05-01,Siskiyou,093,43540,1770,1653,318,1971,11
2021-05-01,Solano,095,438530,32204,32124,508,32632,249
2021-05-01,Sonoma,097,501317,29657,29835,325,30160,318
2021-05-01,Stanislaus,099,539301,55186,55005,6002,61007,774
2021-05-01,Sutter,101,95872,9364,9358,87,9445,110
2021-05-01,Tehama,103,63373,4961,4950,580,5530,53
2021-05-01,Trinity,105,12862,420,326,70,396,3
2021-05-01,Tulare,107,460477,49385,48818,9268,58086,835
2021-05-01,Tuolumne,109,53932,4035,4035,35,4070,61
2021-05-01,Ventura,111,848112,80729,80268,3016,83284,1005
2021-05-01,Yolo,113,214977,13798,13784,295,14079,208
2021-05-01,Yuba,115,75493,5900,5875,122,5997,44
2021-04-30,Alameda,001,1643700,86784,86602,1973,88575,1268
2021-04-30,Alpine,003,1148,88,88,0,88,0
2021-04-30,Amador,005,37829,3649,3650,34,3684,46
2021-04-30,Butte,007,227075,12162,11812,1825,13637,197
2021-04-30,Calaveras,009,45235,2097,2087,14,2101,50
2021-04-30,Colusa,011,21464,1919,1931,300,2231,14
2021-04-30,Contra Costa,013,1133247,68232,67684,1267,68951,800
2021-04-30,Del Norte,015,27424,1329,1276,11,1287,6
2021-04-30,El Dorado,017,186661,10007,9906,722,10628,110
2021-04-30,Fresno,019,978130,101384,101263,8793,110056,1670
2021-04-30,Glenn,021,27897,2382,2369,553,2922,17
2021-04-30,Humboldt,023,135768,3868,3834,31,3865,36
2021-04-30,Imperial,025,180216,28220,28244,2813,31057,721
2021-04-30,Inyo,027,18085,1397,1397,3,1400,36
2021-04-30,Kern,029,883053,96345,95605,10928,106533,1298
2021-04-30,Kings,031,150075,22892,22793,1150,23943,246
2021-04-30,Lake,033,64148,3462,3440,9,3449,43
2021-04-30,Lassen,035,31185,5164,5140,108,5248,1
2021-04-30,Los Angeles,037,10098052,1198967,1192393,42430,1234823,23919
2021-04-30,Madera,039,155013,16461,16395,936,17331,235
2021-04-30,Marin,041,260295,13919,13895,254,14149,228
2021-04-30,Mariposa,043,17540,420,417,11,428,5
2021-04-30,Mendocino,045,87422,3833,3777,75,3852,46
2021-04-30,Merced,047,269075,30697,30740,992,31732,444
2021-04-30,Modoc,049,8938,368,360,122,482,3
2021-04-30,Mono,051,14174,1238,1258,13,1271,3
2021-04-30,Monterey,053,433212,42887,42810,1898,44708,379
2021-04-30,Napa,055,140530,9805,9792,32,9824,81
2021-04-30,Nevada,057,99092,4700,4608,194,4802,70
2021-04-30,Orange,059,3164182,254361,252883,11396,264279,4956
2021-04-30,Placer,061,380077,22683,22190,1460,23650,287
2021-04-30,Plumas,063,18699,687,677,11,688,4
2021-04-30,Riverside,065,2383286,290541,287030,14208,301238,4412
2021-04-30,Sacramento,067,1510023,103601,102864,1701,104565,1596
2021-04-30,San Benito,069,59416,6019,6024,116,6140,63
2021-04-30,San Bernardino,071,2135413,291530,290704,9172,299876,4640
2021-04-30,San Diego,073,3302833,277824,276157,14454,290611,3702
2021-04-30,San Francisco,075,870044,36293,36453,1316,37769,538
2021-04-30,San Joaquin,077,732212,71939,71311,3572,74883,1306
2021-04-30,San Luis Obispo,079,281455,21028,20884,737,21621,255
2021-04-30,San Mateo,081,765935,41947,41583,464,42047,380
2021-04-30,Santa Barbara,083,443738,34543,34061,1214,35275,451
2021-04-30,Santa Clara,085,1922200,117353,118170,761,118931,1988
2021-04-30,Santa Cruz,087,273765,16070,15975,856,16831,207
2021-04-30,Shasta,089,179085,11866,11848,1519,13367,197
2021-04-30,Sierra,091,2930,54,53,14,67,0
2021-04-30,Siskiyou,093,43540,1759,1628,315,1943,11
2021-04-30,Solano,095,438530,32172,32050,505,32555,249
2021-04-30,Sonoma,097,501317,29647,29816,323,30139,318
2021-04-30,Stanislaus,099,539301,55135,54938,5999,60937,774
2021-04-30,Sutter,101,95872,9362,9353,87,9440,110
2021-04-30,Tehama,103,63373,4959,4944,580,5524,53
2021-04-30,Trinity,105,12862,420,326,70,396,3
2021-04-30,Tulare,107,460477,49376,48797,9251,58048,836
2021-04-30,Tuolumne,109,53932,4034,4033,35,4068,61
2021-04-30,Ventura,111,848112,80689,80232,3011,83243,1004
2021-04-30,Yolo,113,214977,13785,13756,295,14051,208
2021-04-30,Yuba,115,75493,5892,5870,122,5992,44
2021-04-29,Alameda,001,1643700,86719,86490,1970,88460,1263
2021-04-29,Alpine,003,1148,88,88,0,88,0
2021-04-29,Amador,005,37829,3649,3649,34,3683,46
2021-04-29,Butte,007,227075,12147,11787,1823,13610,196
2021-04-29,Calaveras,009,45235,2094,2082,14,2096,50
2021-04-29,Colusa,011,21464,1919,1929,300,2229,14
2021-04-29,Contra Costa,013,1133247,68177,67606,1264,68870,795
2021-04-29,Del Norte,015,27424,1325,1271,11,1282,6
2021-04-29,El Dorado,017,186661,9987,9884,719,10603,107
2021-04-29,Fresno,019,978130,101330,101189,8782,109971,1667
2021-04-29,Glenn,021,27897,2379,2369,553,2922,17
2021-04-29,Humboldt,023,135768,3854,3815,31,3846,36
2021-04-29,Imperial,025,180216,28208,28235,2812,31047,720
2021-04-29,Inyo,027,18085,1397,1396,3,1399,36
2021-04-29,Kern,029,883053,96312,95547,10924,106471,1295
2021-04-29,Kings,031,150075,22882,22777,1145,23922,245
2021-04-29,Lake,033,64148,3454,3438,9,3447,43
2021-04-29,Lassen,035,31185,5164,5140,108,5248,1
2021-04-29,Los Angeles,037,10098052,1198692,1192068,42409,1234477,23899
2021-04-29,Madera,039,155013,16456,16383,935,17318,235
2021-04-29,Marin,041,260295,13915,13884,246,14130,228
2021-04-29,Mariposa,043,17540,419,416,11,427,5
2021-04-29,Mendocino,045,87422,3827,3774,75,3849,46
2021-04-29,Merced,047,269075,30677,30706,992,31698,444
2021-04-29,Modoc,049,8938,368,360,122,482,3
2021-04-29,Mono,051,14174,1236,1259,13,1272,3
2021-04-29,Monterey,053,433212,42870,42797,1897,44694,379
2021-04-29,Napa,055,140530,9791,9789,32,9821,81
2021-04-29,Nevada,057,99092,4689,4590,194,4784,70
2021-04-29,Orange,059,3164182,254291,252823,11381,264204,4934
2021-04-29,Placer,061,380077,22658,22161,1458,23619,286
2021-04-29,Plumas,063,18699,686,676,11,687,4
2021-04-29,Riverside,065,2383286,290474,286947,14205,301152,4409
2021-04-29,Sacramento,067,1510023,103468,102686,1691,104377,1593
2021-04-29,San Benito,069,59416,6018,6023,116,6139,63
2021-04-29,San Bernardino,071,2135413,291458,290606,9167,299773,4609
2021-04-29,San Diego,073,3302833,277674,275961,14437,290398,3700
2021-04-29,San Francisco,075,870044,36267,36412,1316,37728,537
2021-04-29,San Joaquin,077,732212,71873,71225,3567,74792,1301
2021-04-29,San Luis Obispo,079,281455,21017,20876,737,21613,255
2021-04-29,San Mateo,081,765935,41919,41538,463,42001,358
2021-04-29,Santa Barbara,083,443738,34527,34039,1212,35251,448
2021-04-29,Santa Clara,085,1922200,117298,118082,759,118841,1984
2021-04-29,Santa Cruz,087,273765,16064,15961,856,16817,205
2021-04-29,Shasta,089,179085,11836,11836,1510,13346,193
2021-04-29,Sierra,091,2930,54,53,14,67,0
2021-04-29,Siskiyou,093,43540,1750,1615,312,1927,11
2021-04-29,Solano,095,438530,32132,32002,500,32502,248
2021-04-29,Sonoma,097,501317,29632,29785,320,30105,318
2021-04-29,Stanislaus,099,539301,55068,54836,5994,60830,774
2021-04-29,Sutter,101,95872,9355,9346,87,9433,110
2021-04-29,Tehama,103,63373,4951,4939,580,5519,53
2021-04-29,Trinity,105,12862,420,326,70,396,3
2021-04-29,Tulare,107,460477,49358,48785,9239,58024,832
2021-04-29,Tuolumne,109,53932,4033,4030,35,4065,58
2021-04-29,Ventura,111,848112,80655,80188,3009,83197,1002
2021-04-29,Yolo,113,214977,13765,13745,294,14039,205
2021-04-29,Yuba,115,75493,5882,5865,122,5987,44
2021-04-28,Alameda,001,1643700,86647,86390,1966,88356,1260
2021-04-28,Alpine,003,1148,88,88,0,88,0
2021-04-28,Amador,005,37829,3649,3646,34,3680,46
2021-04-28,Butte,007,227075,12127,11762,1818,13580,196
2021-04-28,Calaveras,009,45235,2090,2078,13,2091,50
2021-04-28,Colusa,011,21464,1916,1927,299,2226,14
2021-04-28,Contra Costa,013,1133247,68117,67539,1263,68802,795
2021-04-28,Del Norte,015,27424,1317,1267,11,1278,6
2021-04-28,El Dorado,017,186661,9963,9873,719,10592,107
2021-04-28,Fresno,019,978130,101283,101161,8771,109932,1666
2021-04-28,Glenn,021,27897,2376,2368,553,2921,17
2021-04-28,Humboldt,023,135768,3838,3796,31,3827,36
2021-04-28,Imperial,025,180216,28194,28177,2811,30988,720
2021-04-28,Inyo,027,18085,1397,1396,2,1398,36
2021-04-28,Kern,029,883053,96282,95494,10915,106409,1295
2021-04-28,Kings,031,150075,22871,22767,1142,23909,245
2021-04-28,Lake,033,64148,3451,3433,9,3442,43
2021-04-28,Lassen,035,31185,5164,5138,108,5246,1
2021-04-28,Los Angeles,037,10098052,1198396,1191729,42383,1234112,23858
2021-04-28,Madera,039,155013,16452,16372,935,17307,235
2021-04-28,Marin,041,260295,13904,13866,246,14112,227
2021-04-28,Mariposa,043,17540,416,415,11,426,5
2021-04-28,Mendocino,045,87422,3821,3770,73,3843,46
2021-04-28,Merced,047,269075,30658,30649,992,31641,443
2021-04-28,Modoc,049,8938,368,360,122,482,3
2021-04-28,Mono,051,14174,1236,1258,13,1271,3
2021-04-28,Monterey,053,433212,42865,42776,1897,44673,379
2021-04-28,Napa,055,140530,9780,9777,32,9809,81
2021-04-28,Nevada,057,99092,4669,4570,194,4764,70
2021-04-28,Orange,059,3164182,254212,252747,11367,264114,4931
2021-04-28,Placer,061,380077,22631,22115,1457,23572,285
2021-04-28,Plumas,063,18699,686,676,11,687,4
2021-04-28,Riverside,065,2383286,290418,286868,14200,301068,4407
2021-04-28,Sacramento,067,1510023,103346,102613,1687,104300,1591
2021-04-28,San Benito,069,59416,6016,6021,116,6137,63
2021-04-28,San Bernardino,071,2135413,291382,290548,9156,299704,4582
2021-04-28,San Diego,073,3302833,277518,275821,14424,290245,3698
2021-04-28,San Francisco,075,870044,36238,36382,1315,37697,534
2021-04-28,San Joaquin,077,732212,71793,71171,3559,74730,1301
2021-04-28,San Luis Obispo,079,281455,21009,20851,737,21588,255
2021-04-28,San Mateo,081,765935,41894,41498,461,41959,358
2021-04-28,Santa Barbara,083,443738,34513,34003,1212,35215,448
2021-04-28,Santa Clara,085,1922200,117229,117997,756,118753,1969
2021-04-28,Santa Cruz,087,273765,16060,15943,855,16798,205
2021-04-28,Shasta,089,179085,11820,11815,1503,13318,192
2021-04-28,Sierra,091,2930,54,51,14,65,0
2021-04-28,Siskiyou,093,43540,1737,1603,310,1913,11
2021-04-28,Solano,095,438530,32100,31982,496,32478,248
2021-04-28,Sonoma,097,501317,29618,29773,316,30089,318
2021-04-28,Stanislaus,099,539301,55013,54745,5990,60735,774
2021-04-28,Sutter,101,95872,9350,9343,87,9430,110
2021-04-28,Tehama,103,63373,4945,4930,579,5509,53
2021-04-28,Trinity,105,12862,420,326,70,396,3
2021-04-28,Tulare,107,460477,49341,48754,9223,57977,832
2021-04-28,Tuolumne,109,53932,4030,4029,35,4064,58
2021-04-28,Ventura,111,848112,80620,80172,3007,83179,1000
2021-04-28,Yolo,113,214977,13750,13721,293,14014,205
2021-04-28,Yuba,115,75493,5876,5857,122,5979,44
2021-04-27,Alameda,001,1643700,86548,86301,1961,88262,1260
2021-04-27,Alpine,003,1148,88,88,0,88,0
2021-04-27,Amador,005,37829,3649,3645,34,3679,46
2021-04-27,Butte,007,227075,12102,11738,1812,13550,196
2021-04-27,Calaveras,009,45235,2087,2076,13,2089,50
2021-04-27,Colusa,011,21464,1915,1926,299,2225,14
2021-04-27,Contra Costa,013,1133247,68048,67470,1259,68729,791
2021-04-27,Del Norte,015,27424,1305,1266,11,1277,6
2021-04-27,El Dorado,017,186661,9934,9866,716,10582,106
2021-04-27,Fresno,019,978130,101220,101138,8759,109897,1663
2021-04-27,Glenn,021,27897,2376,2368,553,2921,17
2021-04-27,Humboldt,023,135768,3826,3780,31,3811,35
2021-04-27,Imperial,025,180216,28178,28149,2805,30954,720
2021-04-27,Inyo,027,18085,1397,1396,2,1398,36
2021-04-27,Kern,029,883053,96226,95466,10903,106369,1295
2021-04-27,Kings,031,150075,22856,22759,1139,23898,244
2021-04-27,Lake,033,64148,3450,3431,9,3440,43
2021-04-27,Lassen,035,31185,5164,5137,108,5245,1
2021-04-27,Los Angeles,037,10098052,1198076,1191504,42352,1233856,23825
2021-04-27,Madera,039,155013,16445,16365,935,17300,235
2021-04-27,Marin,041,260295,13882,13855,246,14101,227
2021-04-27,Mariposa,043,17540,415,413,11,424,5
2021-04-27,Mendocino,045,87422,3817,3765,73,3838,46
2021-04-27,Merced,047,269075,30618,30620,992,31612,443
2021-04-27,Modoc,049,8938,367,360,122,482,3
2021-04-27,Mono,051,14174,1236,1257,13,1270,3
2021-04-27,Monterey,053,433212,42847,42752,1894,44646,379
2021-04-27,Napa,055,140530,9773,9774,32,9806,81
2021-04-27,Nevada,057,99092,4654,4557,194,4751,70
2021-04-27,Orange,059,3164182,254142,252667,11362,264029,4925
2021-04-27,Placer,061,380077,22600,22050,1454,23504,285
2021-04-27,Plumas,063,18699,685,675,11,686,4
2021-04-27,Riverside,065,2383286,290344,286820,14196,301016,4405
2021-04-27,Sacramento,067,1510023,103218,102595,1677,104272,1589
2021-04-27,San Benito,069,59416,6011,6016,116,6132,63
2021-04-27,San Bernardino,071,2135413,291314,290461,9151,299612,4575
2021-04-27,San Diego,073,3302833,277361,275685,14404,290089,3692
2021-04-27,San Francisco,075,870044,36210,36358,1314,37672,533
2021-04-27,San Joaquin,077,732212,71740,71104,3553,74657,1301
2021-04-27,San Luis Obispo,079,281455,21002,20841,737,21578,255
2021-04-27,San Mateo,081,765935,41859,41474,460,41934,358
2021-04-27,Santa Barbara,083,443738,34490,33973,1211,35184,448
2021-04-27,Santa Clara,085,1922200,117179,117945,755,118700,1969
2021-04-27,Santa Cruz,087,273765,16053,15905,854,16759,205
2021-04-27,Shasta,089,179085,11793,11802,1496,13298,192
2021-04-27,Sierra,091,2930,54,51,14,65,0
2021-04-27,Siskiyou,093,43540,1722,1597,309,1906,11
2021-04-27,Solano,095,438530,32052,31964,495,32459,248
2021-04-27,Sonoma,097,501317,29600,29761,315,30076,318
2021-04-27,Stanislaus,099,539301,54943,54695,5982,60677,752
2021-04-27,Sutter,101,95872,9345,9342,87,9429,110
2021-04-27,Tehama,103,63373,4942,4922,575,5497,53
2021-04-27,Trinity,105,12862,420,326,70,396,3
2021-04-27,Tulare,107,460477,49325,48744,9214,57958,832
2021-04-27,Tuolumne,109,53932,4027,4028,35,4063,58
2021-04-27,Ventura,111,848112,80591,80152,3005,83157,1000
2021-04-27,Yolo,113,214977,13737,13697,291,13988,205
2021-04-27,Yuba,115,75493,5876,5853,122,5975,44
2021-04-26,Alameda,001,1643700,86458,86230,1957,88187,1256
2021-04-26,Alpine,003,1148,88,88,0,88,0
2021-04-26,Amador,005,37829,3648,3645,34,3679,46
2021-04-26,Butte,007,227075,12078,11720,1808,13528,196
2021-04-26,Calaveras,009,45235,2078,2074,13,2087,50
2021-04-26,Colusa,011,21464,1915,1925,298,2223,14
2021-04-26,Contra Costa,013,1133247,67980,67392,1255,68647,789
2021-04-26,Del Norte,015,27424,1296,1263,11,1274,6
2021-04-26,El Dorado,017,186661,9913,9849,715,10564,106
2021-04-26,Fresno,019,978130,101165,101099,8746,109845,1662
2021-04-26,Glenn,021,27897,2374,2367,553,2920,17
2021-04-26,Humboldt,023,135768,3816,3764,30,3794,35
2021-04-26,Imperial,025,180216,28165,28148,2802,30950,720
2021-04-26,Inyo,027,18085,1396,1396,2,1398,36
2021-04-26,Kern,029,883053,96200,95429,10896,106325,1295
2021-04-26,Kings,031,150075,22853,22756,1136,23892,244
2021-04-26,Lake,033,64148,3445,3428,9,3437,43
2021-04-26,Lassen,035,31185,5164,5138,108,5246,1
2021-04-26,Los Angeles,037,10098052,1197751,1191253,42332,1233585,23802
2021-04-26,Madera,039,155013,16433,16353,934,17287,231
2021-04-26,Marin,041,260295,13867,13849,246,14095,227
2021-04-26,Mariposa,043,17540,414,410,11,421,5
2021-04-26,Mendocino,045,87422,3815,3757,73,3830,46
2021-04-26,Merced,047,269075,30601,30611,989,31600,443
2021-04-26,Modoc,049,8938,367,360,122,482,3
2021-04-26,Mono,051,14174,1236,1258,13,1271,3
2021-04-26,Monterey,053,433212,42831,42740,1893,44633,379
2021-04-26,Napa,055,140530,9761,9769,32,9801,79
2021-04-26,Nevada,057,99092,4633,4548,194,4742,70
2021-04-26,Orange,059,3164182,254057,252592,11351,263943,4919
2021-04-26,Placer,061,380077,22571,22032,1449,23481,285
2021-04-26,Plumas,063,18699,685,670,11,681,4
2021-04-26,Riverside,065,2383286,290283,286724,14188,300912,4401
2021-04-26,Sacramento,067,1510023,103047,102459,1663,104122,1587
2021-04-26,San Benito,069,59416,6009,6013,116,6129,63
2021-04-26,San Bernardino,071,2135413,291263,290394,9150,299544,4572
2021-04-26,San Diego,073,3302833,277187,275541,14376,289917,3692
2021-04-26,San Francisco,075,870044,36182,36330,1313,37643,532
2021-04-26,San Joaquin,077,732212,71674,71050,3545,74595,1301
2021-04-26,San Luis Obispo,079,281455,20994,20830,736,21566,255
2021-04-26,San Mateo,081,765935,41829,41457,460,41917,357
2021-04-26,Santa Barbara,083,443738,34459,33948,1211,35159,448
2021-04-26,Santa Clara,085,1922200,117080,117874,751,118625,1968
2021-04-26,Santa Cruz,087,273765,16044,15877,854,16731,205
2021-04-26,Shasta,089,179085,11776,11787,1489,13276,192
2021-04-26,Sierra,091,2930,53,51,14,65,0
2021-04-26,Siskiyou,093,43540,1712,1592,305,1897,11
2021-04-26,Solano,095,438530,32007,31913,493,32406,247
2021-04-26,Sonoma,097,501317,29577,29755,313,30068,318
2021-04-26,Stanislaus,099,539301,54853,54638,5976,60614,744
2021-04-26,Sutter,101,95872,9340,9328,87,9415,110
2021-04-26,Tehama,103,63373,4937,4920,572,5492,53
2021-04-26,Trinity,105,12862,420,326,70,396,3
2021-04-26,Tulare,107,460477,49305,48735,9205,57940,831
2021-04-26,Tuolumne,109,53932,4026,4024,35,4059,58
2021-04-26,Ventura,111,848112,80566,80137,3002,83139,999
2021-04-26,Yolo,113,214977,13717,13684,288,13972,205
2021-04-26,Yuba,115,75493,5874,5851,122,5973,44
2021-04-25,Alameda,001,1643700,86352,86162,1950,88112,1256
2021-04-25,Alpine,003,1148,88,87,0,87,0
2021-04-25,Amador,005,37829,3647,3643,34,3677,46
2021-04-25,Butte,007,227075,12049,11709,1801,13510,196
2021-04-25,Calaveras,009,45235,2072,2072,12,2084,50
2021-04-25,Colusa,011,21464,1914,1924,298,2222,14
2021-04-25,Contra Costa,013,1133247,67888,67316,1254,68570,789
2021-04-25,Del Norte,015,27424,1290,1259,11,1270,6
2021-04-25,El Dorado,017,186661,9897,9837,713,10550,106
2021-04-25,Fresno,019,978130,101106,101061,8734,109795,1662
2021-04-25,Glenn,021,27897,2374,2366,553,2919,17
2021-04-25,Humboldt,023,135768,3803,3751,30,3781,35
2021-04-25,Imperial,025,180216,28140,28136,2798,30934,720
2021-04-25,Inyo,027,18085,1396,1396,2,1398,36
2021-04-25,Kern,029,883053,96135,95398,10883,106281,1295
2021-04-25,Kings,031,150075,22839,22755,1134,23889,244
2021-04-25,Lake,033,64148,3443,3427,9,3436,43
2021-04-25,Lassen,035,31185,5162,5138,108,5246,1
2021-04-25,Los Angeles,037,10098052,1197419,1190970,42311,1233281,23799
2021-04-25,Madera,039,155013,16421,16346,934,17280,231
2021-04-25,Marin,041,260295,13858,13852,246,14098,227
2021-04-25,Mariposa,043,17540,414,410,11,421,5
2021-04-25,Mendocino,045,87422,3808,3757,73,3830,46
2021-04-25,Merced,047,269075,30566,30586,989,31575,443
2021-04-25,Modoc,049,8938,367,360,122,482,3
2021-04-25,Mono,051,14174,1236,1257,13,1270,3
2021-04-25,Monterey,053,433212,42818,42737,1891,44628,379
2021-04-25,Napa,055,140530,9756,9762,32,9794,79
2021-04-25,Nevada,057,99092,4621,4536,194,4730,70
2021-04-25,Orange,059,3164182,253980,252531,11344,263875,4919
2021-04-25,Placer,061,380077,22524,22011,1441,23452,285
2021-04-25,Plumas,063,18699,684,670,11,681,4
2021-04-25,Riverside,065,2383286,290189,286651,14182,300833,4401
2021-04-25,Sacramento,067,1510023,102879,102319,1653,103972,1587
2021-04-25,San Benito,069,59416,6007,6014,115,6129,63
2021-04-25,San Bernardino,071,2135413,291188,290357,9142,299499,4571
2021-04-25,San Diego,073,3302833,276974,275412,14343,289755,3692
2021-04-25,San Francisco,075,870044,36151,36310,1313,37623,532
2021-04-25,San Joaquin,077,732212,71579,70987,3535,74522,1301
2021-04-25,San Luis Obispo,079,281455,20975,20820,734,21554,255
2021-04-25,San Mateo,081,765935,41794,41465,459,41924,356
2021-04-25,Santa Barbara,083,443738,34433,33931,1211,35142,448
2021-04-25,Santa Clara,085,1922200,117001,117778,749,118527,1968
2021-04-25,Santa Cruz,087,273765,16038,15868,852,16720,205
2021-04-25,Shasta,089,179085,11753,11784,1484,13268,192
2021-04-25,Sierra,091,2930,53,51,14,65,0
2021-04-25,Siskiyou,093,43540,1701,1580,303,1883,11
2021-04-25,Solano,095,438530,31960,31864,485,32349,247
2021-04-25,Sonoma,097,501317,29559,29756,313,30069,318
2021-04-25,Stanislaus,099,539301,54757,54543,5968,60511,744
2021-04-25,Sutter,101,95872,9334,9326,87,9413,110
2021-04-25,Tehama,103,63373,4933,4916,570,5486,53
2021-04-25,Trinity,105,12862,420,326,70,396,3
2021-04-25,Tulare,107,460477,49290,48728,9191,57919,831
2021-04-25,Tuolumne,109,53932,4024,4022,35,4057,58
2021-04-25,Ventura,111,848112,80542,80110,3002,83112,999
2021-04-25,Yolo,113,214977,13695,13667,286,13953,205
2021-04-25,Yuba,115,75493,5871,5849,121,5970,44
2021-04-24,Alameda,001,1643700,86298,86016,1948,87964,1257
2021-04-24,Alpine,003,1148,88,86,0,86,0
2021-04-24,Amador,005,37829,3646,3640,34,3674,46
2021-04-24,Butte,007,227075,12033,11678,1799,13477,196
2021-04-24,Calaveras,009,45235,2069,2067,12,2079,50
2021-04-24,Colusa,011,21464,1913,1921,298,2219,14
2021-04-24,Contra Costa,013,1133247,67819,67222,1252,68474,789
2021-04-24,Del Norte,015,27424,1285,1255,11,1266,6
2021-04-24,El Dorado,017,186661,9886,9814,712,10526,106
2021-04-24,Fresno,019,978130,101075,100991,8728,109719,1662
2021-04-24,Glenn,021,27897,2374,2363,553,2916,17
2021-04-24,Humboldt,023,135768,3789,3722,30,3752,35
2021-04-24,Imperial,025,180216,28133,28124,2797,30921,720
2021-04-24,Inyo,027,18085,1395,1396,2,1398,36
2021-04-24,Kern,029,883053,96116,95365,10873,106238,1295
2021-04-24,Kings,031,150075,22836,22749,1134,23883,244
2021-04-24,Lake,033,64148,3442,3426,9,3435,43
2021-04-24,Lassen,035,31185,5161,5137,108,5245,1
2021-04-24,Los Angeles,037,10098052,1197195,1190603,42294,1232897,23802
2021-04-24,Madera,039,155013,16418,16338,934,17272,231
2021-04-24,Marin,041,260295,13850,13847,246,14093,227
2021-04-24,Mariposa,043,17540,414,409,11,420,5
2021-04-24,Mendocino,045,87422,3806,3754,72,3826,46
2021-04-24,Merced,047,269075,30546,30559,989,31548,443
2021-04-24,Modoc,049,8938,367,360,122,482,3
2021-04-24,Mono,051,14174,1236,1256,13,1269,3
2021-04-24,Monterey,053,433212,42806,42727,1890,44617,379
2021-04-24,Napa,055,140530,9750,9756,32,9788,79
2021-04-24,Nevada,057,99092,4614,4522,194,4716,70
2021-04-24,Orange,059,3164182,253936,252441,11338,263779,4910
2021-04-24,Placer,061,380077,22512,21983,1440,23423,285
2021-04-24,Plumas,063,18699,683,670,11,681,4
2021-04-24,Riverside,065,2383286,290121,286552,14178,300730,4400
2021-04-24,Sacramento,067,1510023,102796,102179,1646,103825,1587
2021-04-24,San Benito,069,59416,6005,6007,115,6122,63
2021-04-24,San Bernardino,071,2135413,291139,290264,9141,299405,4568
2021-04-24,San Diego,073,3302833,276870,275252,14323,289575,3688
2021-04-24,San Francisco,075,870044,36122,36285,1309,37594,532
2021-04-24,San Joaquin,077,732212,71536,70911,3531,74442,1301
2021-04-24,San Luis Obispo,079,281455,20965,20797,733,21530,255
2021-04-24,San Mateo,081,765935,41781,41424,457,41881,355
2021-04-24,Santa Barbara,083,443738,34418,33911,1210,35121,448
2021-04-24,Santa Clara,085,1922200,116946,117674,747,118421,1968
2021-04-24,Santa Cruz,087,273765,16030,15840,852,16692,205
2021-04-24,Shasta,089,179085,11735,11770,1481,13251,192
2021-04-24,Sierra,091,2930,53,51,14,65,0
2021-04-24,Siskiyou,093,43540,1691,1574,302,1876,11
2021-04-24,Solano,095,438530,31937,31821,483,32304,247
2021-04-24,Sonoma,097,501317,29557,29739,313,30052,318
2021-04-24,Stanislaus,099,539301,54708,54455,5965,60420,744
2021-04-24,Sutter,101,95872,9331,9316,87,9403,110
2021-04-24,Tehama,103,63373,4928,4907,570,5477,53
2021-04-24,Trinity,105,12862,420,326,70,396,3
2021-04-24,Tulare,107,460477,49279,48705,9181,57886,830
2021-04-24,Tuolumne,109,53932,4020,4020,35,4055,58
2021-04-24,Ventura,111,848112,80529,80097,3000,83097,999
2021-04-24,Yolo,113,214977,13684,13653,286,13939,205
2021-04-24,Yuba,115,75493,5869,5837,121,5958,44
2021-04-23,Alameda,001,1643700,86227,85935,1946,87881,1256
2021-04-23,Alpine,003,1148,87,86,0,86,0
2021-04-23,Amador,005,37829,3645,3637,34,3671,46
2021-04-23,Butte,007,227075,12012,11672,1794,13466,196
2021-04-23,Calaveras,009,45235,2067,2064,12,2076,50
2021-04-23,Colusa,011,21464,1912,1921,298,2219,14
2021-04-23,Contra Costa,013,1133247,67764,67164,1249,68413,785
2021-04-23,Del Norte,015,27424,1284,1254,11,1265,6
2021-04-23,El Dorado,017,186661,9869,9788,709,10497,106
2021-04-23,Fresno,019,978130,101034,100928,8721,109649,1662
2021-04-23,Glenn,021,27897,2374,2361,552,2913,17
2021-04-23,Humboldt,023,135768,3778,3698,30,3728,35
2021-04-23,Imperial,025,180216,28118,28108,2796,30904,720
2021-04-23,Inyo,027,18085,1395,1395,2,1397,36
2021-04-23,Kern,029,883053,96091,95330,10867,106197,1295
2021-04-23,Kings,031,150075,22833,22735,1134,23869,244
2021-04-23,Lake,033,64148,3440,3425,9,3434,43
2021-04-23,Lassen,035,31185,5161,5141,108,5249,1
2021-04-23,Los Angeles,037,10098052,1196933,1190264,42268,1232532,23785
2021-04-23,Madera,039,155013,16409,16328,934,17262,231
2021-04-23,Marin,041,260295,13845,13838,246,14084,227
2021-04-23,Mariposa,043,17540,413,405,11,416,5
2021-04-23,Mendocino,045,87422,3804,3745,71,3816,46
2021-04-23,Merced,047,269075,30528,30530,989,31519,443
2021-04-23,Modoc,049,8938,367,360,122,482,3
2021-04-23,Mono,051,14174,1234,1256,13,1269,3
2021-04-23,Monterey,053,433212,42800,42722,1890,44612,377
2021-04-23,Napa,055,140530,9744,9752,32,9784,79
2021-04-23,Nevada,057,99092,4605,4510,194,4704,70
2021-04-23,Orange,059,3164182,253892,252399,11331,263730,4904
2021-04-23,Placer,061,380077,22489,21959,1439,23398,282
2021-04-23,Plumas,063,18699,682,670,11,681,4
2021-04-23,Riverside,065,2383286,290063,286456,14173,300629,4399
2021-04-23,Sacramento,067,1510023,102709,102041,1643,103684,1586
2021-04-23,San Benito,069,59416,6003,6005,115,6120,63
2021-04-23,San Bernardino,071,2135413,291088,290189,9140,299329,4568
2021-04-23,San Diego,073,3302833,276732,275097,14300,289397,3684
2021-04-23,San Francisco,075,870044,36105,36252,1308,37560,532
2021-04-23,San Joaquin,077,732212,71480,70840,3528,74368,1295
2021-04-23,San Luis Obispo,079,281455,20956,20781,732,21513,255
2021-04-23,San Mateo,081,765935,41754,41386,457,41843,355
2021-04-23,Santa Barbara,083,443738,34408,33895,1208,35103,447
2021-04-23,Santa Clara,085,1922200,116885,117593,746,118339,1965
2021-04-23,Santa Cruz,087,273765,16023,15802,852,16654,205
2021-04-23,Shasta,089,179085,11728,11759,1480,13239,192
2021-04-23,Sierra,091,2930,53,51,14,65,0
2021-04-23,Siskiyou,093,43540,1679,1567,300,1867,11
2021-04-23,Solano,095,438530,31905,31784,479,32263,247
2021-04-23,Sonoma,097,501317,29544,29727,313,30040,318
2021-04-23,Stanislaus,099,539301,54645,54391,5957,60348,744
2021-04-23,Sutter,101,95872,9329,9312,87,9399,110
2021-04-23,Tehama,103,63373,4925,4906,570,5476,53
2021-04-23,Trinity,105,12862,420,326,70,396,3
2021-04-23,Tulare,107,460477,49262,48694,9173,57867,829
2021-04-23,Tuolumne,109,53932,4019,4020,35,4055,58
2021-04-23,Ventura,111,848112,80510,80095,3000,83095,996
2021-04-23,Yolo,113,214977,13673,13647,285,13932,205
2021-04-23,Yuba,115,75493,5866,5828,121,5949,44
2021-04-22,Alameda,001,1643700,86136,85829,1945,87774,1253
2021-04-22,Alpine,003,1148,87,86,0,86,0
2021-04-22,Amador,005,37829,3644,3633,34,3667,46
2021-04-22,Butte,007,227075,11998,11656,1791,13447,196
2021-04-22,Calaveras,009,45235,2065,2059,12,2071,50
2021-04-22,Colusa,011,21464,1910,1920,296,2216,14
2021-04-22,Contra Costa,013,1133247,67692,67029,1244,68273,782
2021-04-22,Del Norte,015,27424,1279,1252,11,1263,6
2021-04-22,El Dorado,017,186661,9858,9773,706,10479,106
2021-04-22,Fresno,019,978130,100990,100864,8710,109574,1657
2021-04-22,Glenn,021,27897,2373,2361,552,2913,17
2021-04-22,Humboldt,023,135768,3769,3680,30,3710,35
2021-04-22,Imperial,025,180216,28097,28096,2793,30889,720
2021-04-22,Inyo,027,18085,1394,1394,2,1396,36
2021-04-22,Kern,029,883053,96048,95292,10852,106144,1299
2021-04-22,Kings,031,150075,22823,22725,1134,23859,243
2021-04-22,Lake,033,64148,3438,3423,9,3432,43
2021-04-22,Lassen,035,31185,5161,5155,108,5263,1
2021-04-22,Los Angeles,037,10098052,1196616,1189878,42245,1232123,23762
2021-04-22,Madera,039,155013,16390,16316,934,17250,231
2021-04-22,Marin,041,260295,13837,13832,246,14078,227
2021-04-22,Mariposa,043,17540,412,403,11,414,5
2021-04-22,Mendocino,045,87422,3798,3729,71,3800,46
2021-04-22,Merced,047,269075,30493,30490,988,31478,443
2021-04-22,Modoc,049,8938,367,360,122,482,3
2021-04-22,Mono,051,14174,1234,1254,13,1267,3
2021-04-22,Monterey,053,433212,42793,42708,1888,44596,377
2021-04-22,Napa,055,140530,9734,9734,32,9766,79
2021-04-22,Nevada,057,99092,4595,4504,192,4696,70
2021-04-22,Orange,059,3164182,253820,252307,11319,263626,4898
2021-04-22,Placer,061,380077,22459,21916,1435,23351,282
2021-04-22,Plumas,063,18699,681,670,11,681,4
2021-04-22,Riverside,065,2383286,289970,286362,14164,300526,4398
2021-04-22,Sacramento,067,1510023,102560,101870,1634,103504,1585
2021-04-22,San Benito,069,59416,5999,5998,115,6113,63
2021-04-22,San Bernardino,071,2135413,291017,290125,9132,299257,4571
2021-04-22,San Diego,073,3302833,276566,275913,14278,290191,3684
2021-04-22,San Francisco,075,870044,36083,36218,1305,37523,532
2021-04-22,San Joaquin,077,732212,71421,70751,3521,74272,1295
2021-04-22,San Luis Obispo,079,281455,20942,20761,732,21493,255
2021-04-22,San Mateo,081,765935,41727,41345,455,41800,355
2021-04-22,Santa Barbara,083,443738,34385,33870,1207,35077,446
2021-04-22,Santa Clara,085,1922200,116797,117457,742,118199,1954
2021-04-22,Santa Cruz,087,273765,16020,15737,851,16588,205
2021-04-22,Shasta,089,179085,11713,11738,1477,13215,192
2021-04-22,Sierra,091,2930,53,51,14,65,0
2021-04-22,Siskiyou,093,43540,1675,1564,299,1863,11
2021-04-22,Solano,095,438530,31859,31731,476,32207,247
2021-04-22,Sonoma,097,501317,29529,29705,309,30014,318
2021-04-22,Stanislaus,099,539301,54572,54313,5951,60264,744
2021-04-22,Sutter,101,95872,9325,9302,87,9389,110
2021-04-22,Tehama,103,63373,4919,4896,566,5462,53
2021-04-22,Trinity,105,12862,420,326,70,396,3
2021-04-22,Tulare,107,460477,49243,48669,9163,57832,828
2021-04-22,Tuolumne,109,53932,4015,4020,35,4055,58
2021-04-22,Ventura,111,848112,80485,80073,2998,83071,996
2021-04-22,Yolo,113,214977,13652,13616,285,13901,205
2021-04-22,Yuba,115,75493,5856,5825,121,5946,44
2021-04-21,Alameda,001,1643700,86055,85762,1943,87705,1249
2021-04-21,Alpine,003,1148,87,86,0,86,0
2021-04-21,Amador,005,37829,3641,3632,34,3666,46
2021-04-21,Butte,007,227075,11978,11643,1789,13432,196
2021-04-21,Calaveras,009,45235,2055,2057,12,2069,50
2021-04-21,Colusa,011,21464,1908,1920,295,2215,14
2021-04-21,Contra Costa,013,1133247,67626,66981,1243,68224,782
2021-04-21,Del Norte,015,27424,1275,1252,11,1263,6
2021-04-21,El Dorado,017,186661,9841,9760,704,10464,106
2021-04-21,Fresno,019,978130,100934,100838,8704,109542,1654
2021-04-21,Glenn,021,27897,2372,2361,552,2913,17
2021-04-21,Humboldt,023,135768,3749,3642,30,3672,35
2021-04-21,Imperial,025,180216,28085,28052,2792,30844,719
2021-04-21,Inyo,027,18085,1394,1392,2,1394,36
2021-04-21,Kern,029,883053,96002,95257,10842,106099,1297
2021-04-21,Kings,031,150075,22816,22713,1133,23846,243
2021-04-21,Lake,033,64148,3435,3421,9,3430,43
2021-04-21,Lassen,035,31185,5160,5156,108,5264,1
2021-04-21,Los Angeles,037,10098052,1196278,1189530,42223,1231753,23729
2021-04-21,Madera,039,155013,16385,16309,934,17243,231
2021-04-21,Marin,041,260295,13822,13822,246,14068,227
2021-04-21,Mariposa,043,17540,411,402,11,413,5
2021-04-21,Mendocino,045,87422,3796,3729,71,3800,46
2021-04-21,Merced,047,269075,30472,30471,987,31458,442
2021-04-21,Modoc,049,8938,367,360,122,482,3
2021-04-21,Mono,051,14174,1234,1254,13,1267,3
2021-04-21,Monterey,053,433212,42778,42699,1886,44585,377
2021-04-21,Napa,055,140530,9728,9727,32,9759,79
2021-04-21,Nevada,057,99092,4581,4499,192,4691,70
2021-04-21,Orange,059,3164182,253745,252243,11306,263549,4889
2021-04-21,Placer,061,380077,22428,21896,1430,23326,282
2021-04-21,Plumas,063,18699,681,670,11,681,4
2021-04-21,Riverside,065,2383286,289878,286299,14157,300456,4388
2021-04-21,Sacramento,067,1510023,102433,101803,1628,103431,1579
2021-04-21,San Benito,069,59416,5996,5998,115,6113,63
2021-04-21,San Bernardino,071,2135413,290943,290049,9130,299179,4572
2021-04-21,San Diego,073,3302833,276357,275632,14240,289872,3681
2021-04-21,San Francisco,075,870044,36063,36194,1304,37498,529
2021-04-21,San Joaquin,077,732212,71366,70687,3511,74198,1295
2021-04-21,San Luis Obispo,079,281455,20927,20724,731,21455,255
2021-04-21,San Mateo,081,765935,41695,41318,454,41772,355
2021-04-21,Santa Barbara,083,443738,34366,33830,1206,35036,445
2021-04-21,Santa Clara,085,1922200,116721,117318,736,118054,1946
2021-04-21,Santa Cruz,087,273765,16011,15698,851,16549,204
2021-04-21,Shasta,089,179085,11694,11722,1475,13197,192
2021-04-21,Sierra,091,2930,53,51,14,65,0
2021-04-21,Siskiyou,093,43540,1668,1557,299,1856,11
2021-04-21,Solano,095,438530,31820,31712,475,32187,244
2021-04-21,Sonoma,097,501317,29517,29697,307,30004,318
2021-04-21,Stanislaus,099,539301,54511,54290,5945,60235,742
2021-04-21,Sutter,101,95872,9317,9297,87,9384,110
2021-04-21,Tehama,103,63373,4912,4893,565,5458,53
2021-04-21,Trinity,105,12862,420,326,70,396,3
2021-04-21,Tulare,107,460477,49228,48653,9150,57803,828
2021-04-21,Tuolumne,109,53932,4012,4019,35,4054,58
2021-04-21,Ventura,111,848112,80453,80039,2995,83034,996
2021-04-21,Yolo,113,214977,13632,13606,284,13890,200
2021-04-21,Yuba,115,75493,5849,5822,120,5942,44
2021-04-20,Alameda,001,1643700,85963,85652,1941,87593,1248
2021-04-20,Alpine,003,1148,86,85,0,85,0
2021-04-20,Amador,005,37829,3640,3631,34,3665,46
2021-04-20,Butte,007,227075,11959,11619,1787,13406,196
2021-04-20,Calaveras,009,45235,2053,2053,12,2065,50
2021-04-20,Colusa,011,21464,1908,1915,294,2209,14
2021-04-20,Contra Costa,013,1133247,67542,66889,1240,68129,782
2021-04-20,Del Norte,015,27424,1274,1250,11,1261,6
2021-04-20,El Dorado,017,186661,9813,9743,702,10445,106
2021-04-20,Fresno,019,978130,100876,100768,8694,109462,1650
2021-04-20,Glenn,021,27897,2370,2359,551,2910,17
2021-04-20,Humboldt,023,135768,3729,3612,30,3642,35
2021-04-20,Imperial,025,180216,28066,28024,2789,30813,719
2021-04-20,Inyo,027,18085,1394,1393,2,1395,36
2021-04-20,Kern,029,883053,95966,95223,10825,106048,1295
2021-04-20,Kings,031,150075,22810,22693,1130,23823,243
2021-04-20,Lake,033,64148,3433,3418,9,3427,43
2021-04-20,Lassen,035,31185,5160,5155,108,5263,1
2021-04-20,Los Angeles,037,10098052,1195935,1189256,42193,1231449,23694
2021-04-20,Madera,039,155013,16379,16301,934,17235,231
2021-04-20,Marin,041,260295,13808,13807,246,14053,227
2021-04-20,Mariposa,043,17540,410,402,11,413,5
2021-04-20,Mendocino,045,87422,3795,3726,71,3797,46
2021-04-20,Merced,047,269075,30444,30439,987,31426,441
2021-04-20,Modoc,049,8938,367,359,122,481,3
2021-04-20,Mono,051,14174,1233,1254,13,1267,3
2021-04-20,Monterey,053,433212,42767,42663,1883,44546,363
2021-04-20,Napa,055,140530,9724,9711,32,9743,79
2021-04-20,Nevada,057,99092,4564,4485,191,4676,70
2021-04-20,Orange,059,3164182,253655,252134,11294,263428,4887
2021-04-20,Placer,061,380077,22394,21846,1426,23272,282
2021-04-20,Plumas,063,18699,680,670,11,681,4
2021-04-20,Riverside,065,2383286,289784,286194,14152,300346,4388
2021-04-20,Sacramento,067,1510023,102295,101629,1619,103248,1574
2021-04-20,San Benito,069,59416,5993,5988,115,6103,63
2021-04-20,San Bernardino,071,2135413,290864,289905,9127,299032,4569
2021-04-20,San Diego,073,3302833,276127,275369,14207,289576,3674
2021-04-20,San Francisco,075,870044,36044,36117,1303,37420,529
2021-04-20,San Joaquin,077,732212,71293,70590,3502,74092,1289
2021-04-20,San Luis Obispo,079,281455,20904,20691,723,21414,254
2021-04-20,San Mateo,081,765935,41664,41251,454,41705,355
2021-04-20,Santa Barbara,083,443738,34348,33803,1206,35009,445
2021-04-20,Santa Clara,085,1922200,116622,117228,732,117960,1944
2021-04-20,Santa Cruz,087,273765,15999,15647,851,16498,204
2021-04-20,Shasta,089,179085,11678,11677,1472,13149,189
2021-04-20,Sierra,091,2930,53,51,14,65,0
2021-04-20,Siskiyou,093,43540,1660,1551,298,1849,10
2021-04-20,Solano,095,438530,31765,31673,471,32144,243
2021-04-20,Sonoma,097,501317,29508,29676,305,29981,311
2021-04-20,Stanislaus,099,539301,54446,54236,5932,60168,735
2021-04-20,Sutter,101,95872,9313,9279,87,9366,109
2021-04-20,Tehama,103,63373,4907,4887,564,5451,52
2021-04-20,Trinity,105,12862,420,326,70,396,3
2021-04-20,Tulare,107,460477,49207,48650,9139,57789,831
2021-04-20,Tuolumne,109,53932,4012,4014,35,4049,58
2021-04-20,Ventura,111,848112,80425,80018,2993,83011,995
2021-04-20,Yolo,113,214977,13613,13581,282,13863,200
2021-04-20,Yuba,115,75493,5839,5814,120,5934,44
2021-04-19,Alameda,001,1643700,85841,85583,1938,87521,1247
2021-04-19,Alpine,003,1148,86,85,0,85,0
2021-04-19,Amador,005,37829,3639,3629,34,3663,46
2021-04-19,Butte,007,227075,11940,11601,1782,13383,196
2021-04-19,Calaveras,009,45235,2050,2050,12,2062,50
2021-04-19,Colusa,011,21464,1908,1913,293,2206,14
2021-04-19,Contra Costa,013,1133247,67464,66833,1237,68070,782
2021-04-19,Del Norte,015,27424,1272,1247,11,1258,6
2021-04-19,El Dorado,017,186661,9797,9726,697,10423,106
2021-04-19,Fresno,019,978130,100808,100702,8682,109384,1646
2021-04-19,Glenn,021,27897,2370,2358,550,2908,17
2021-04-19,Humboldt,023,135768,3709,3602,28,3630,35
2021-04-19,Imperial,025,180216,28045,27995,2789,30784,719
2021-04-19,Inyo,027,18085,1394,1392,2,1394,36
2021-04-19,Kern,029,883053,95936,95162,10810,105972,1290
2021-04-19,Kings,031,150075,22794,22688,1130,23818,243
2021-04-19,Lake,033,64148,3432,3416,9,3425,43
2021-04-19,Lassen,035,31185,5159,5156,108,5264,1
2021-04-19,Los Angeles,037,10098052,1195558,1188945,42167,1231112,23666
2021-04-19,Madera,039,155013,16368,16289,933,17222,231
2021-04-19,Marin,041,260295,13797,13804,245,14049,226
2021-04-19,Mariposa,043,17540,409,401,11,412,5
2021-04-19,Mendocino,045,87422,3793,3722,71,3793,46
2021-04-19,Merced,047,269075,30415,30422,986,31408,441
2021-04-19,Modoc,049,8938,367,359,122,481,3
2021-04-19,Mono,051,14174,1232,1254,13,1267,3
2021-04-19,Monterey,053,433212,42754,42642,1878,44520,356
2021-04-19,Napa,055,140530,9716,9680,32,9712,79
2021-04-19,Nevada,057,99092,4548,4477,191,4668,70
2021-04-19,Orange,059,3164182,253537,252013,11280,263293,4883
2021-04-19,Placer,061,380077,22371,21814,1422,23236,282
2021-04-19,Plumas,063,18699,680,665,11,676,4
2021-04-19,Riverside,065,2383286,289691,286087,14143,300230,4371
2021-04-19,Sacramento,067,1510023,102160,101482,1608,103090,1572
2021-04-19,San Benito,069,59416,5985,5989,115,6104,63
2021-04-19,San Bernardino,071,2135413,290779,289738,9120,298858,4561
2021-04-19,San Diego,073,3302833,275879,275113,14174,289287,3674
2021-04-19,San Francisco,075,870044,36009,36094,1300,37394,529
2021-04-19,San Joaquin,077,732212,71214,70514,3494,74008,1289
2021-04-19,San Luis Obispo,079,281455,20878,20669,717,21386,254
2021-04-19,San Mateo,081,765935,41631,41226,453,41679,355
2021-04-19,Santa Barbara,083,443738,34333,33786,1206,34992,446
2021-04-19,Santa Clara,085,1922200,116511,117099,728,117827,1944
2021-04-19,Santa Cruz,087,273765,15987,15600,851,16451,204
2021-04-19,Shasta,089,179085,11663,11662,1464,13126,189
2021-04-19,Sierra,091,2930,53,51,14,65,0
2021-04-19,Siskiyou,093,43540,1650,1544,298,1842,10
2021-04-19,Solano,095,438530,31727,31643,466,32109,239
2021-04-19,Sonoma,097,501317,29489,29667,305,29972,311
2021-04-19,Stanislaus,099,539301,54370,54179,5928,60107,728
2021-04-19,Sutter,101,95872,9302,9269,87,9356,109
2021-04-19,Tehama,103,63373,4902,4878,564,5442,52
2021-04-19,Trinity,105,12862,420,326,70,396,3
2021-04-19,Tulare,107,460477,49191,48630,9126,57756,831
2021-04-19,Tuolumne,109,53932,4011,4010,35,4045,58
2021-04-19,Ventura,111,848112,80399,80000,2991,82991,996
2021-04-19,Yolo,113,214977,13601,13572,279,13851,200
2021-04-19,Yuba,115,75493,5832,5804,119,5923,44
2021-04-18,Alameda,001,1643700,85728,85481,1930,87411,1247
2021-04-18,Alpine,003,1148,86,85,0,85,0
2021-04-18,Amador,005,37829,3636,3627,34,3661,46
2021-04-18,Butte,007,227075,11922,11591,1777,13368,196
2021-04-18,Calaveras,009,45235,2046,2047,12,2059,50
2021-04-18,Colusa,011,21464,1904,1912,292,2204,14
2021-04-18,Contra Costa,013,1133247,67359,66750,1233,67983,782
2021-04-18,Del Norte,015,27424,1272,1240,11,1251,6
2021-04-18,El Dorado,017,186661,9774,9710,695,10405,106
2021-04-18,Fresno,019,978130,100751,100621,8676,109297,1646
2021-04-18,Glenn,021,27897,2365,2358,550,2908,17
2021-04-18,Humboldt,023,135768,3681,3590,28,3618,35
2021-04-18,Imperial,025,180216,28030,27991,2784,30775,719
2021-04-18,Inyo,027,18085,1393,1392,2,1394,36
2021-04-18,Kern,029,883053,95900,95129,10793,105922,1290
2021-04-18,Kings,031,150075,22785,22685,1130,23815,243
2021-04-18,Lake,033,64148,3431,3413,9,3422,43
2021-04-18,Lassen,035,31185,5156,5156,108,5264,1
2021-04-18,Los Angeles,037,10098052,1195102,1188620,42143,1230763,23648
2021-04-18,Madera,039,155013,16357,16277,932,17209,231
2021-04-18,Marin,041,260295,13790,13801,244,14045,226
2021-04-18,Mariposa,043,17540,408,400,10,410,5
2021-04-18,Mendocino,045,87422,3790,3722,71,3793,46
2021-04-18,Merced,047,269075,30378,30405,984,31389,441
2021-04-18,Modoc,049,8938,367,359,122,481,3
2021-04-18,Mono,051,14174,1232,1254,13,1267,3
2021-04-18,Monterey,053,433212,42742,42638,1877,44515,356
2021-04-18,Napa,055,140530,9700,9674,32,9706,79
2021-04-18,Nevada,057,99092,4533,4464,191,4655,70
2021-04-18,Orange,059,3164182,253422,251940,11272,263212,4883
2021-04-18,Placer,061,380077,22327,21783,1416,23199,282
2021-04-18,Plumas,063,18699,679,665,11,676,4
2021-04-18,Riverside,065,2383286,289601,286043,14139,300182,4371
2021-04-18,Sacramento,067,1510023,101984,101354,1602,102956,1572
2021-04-18,San Benito,069,59416,5983,5989,115,6104,63
2021-04-18,San Bernardino,071,2135413,290686,289691,9111,298802,4556
2021-04-18,San Diego,073,3302833,275600,274961,14139,289100,3674
2021-04-18,San Francisco,075,870044,35973,36073,1296,37369,525
2021-04-18,San Joaquin,077,732212,71133,70466,3485,73951,1289
2021-04-18,San Luis Obispo,079,281455,20856,20656,711,21367,254
2021-04-18,San Mateo,081,765935,41602,41201,452,41653,352
2021-04-18,Santa Barbara,083,443738,34299,33769,1205,34974,446
2021-04-18,Santa Clara,085,1922200,116363,116996,710,117706,1944
2021-04-18,Santa Cruz,087,273765,15977,15580,850,16430,204
2021-04-18,Shasta,089,179085,11642,11658,1461,13119,189
2021-04-18,Sierra,091,2930,53,51,14,65,0
2021-04-18,Siskiyou,093,43540,1639,1538,296,1834,10
2021-04-18,Solano,095,438530,31677,31606,465,32071,239
2021-04-18,Sonoma,097,501317,29473,29660,303,29963,311
2021-04-18,Stanislaus,099,539301,54288,54132,5921,60053,728
2021-04-18,Sutter,101,95872,9288,9261,87,9348,109
2021-04-18,Tehama,103,63373,4893,4877,563,5440,52
2021-04-18,Trinity,105,12862,420,326,70,396,3
2021-04-18,Tulare,107,460477,49179,48618,9120,57738,829
2021-04-18,Tuolumne,109,53932,4010,4008,34,4042,58
2021-04-18,Ventura,111,848112,80369,79984,2987,82971,996
2021-04-18,Yolo,113,214977,13589,13562,277,13839,200
2021-04-18,Yuba,115,75493,5825,5804,119,5923,44
2021-04-17,Alameda,001,1643700,85655,85367,1926,87293,1247
2021-04-17,Alpine,003,1148,86,85,0,85,0
2021-04-17,Amador,005,37829,3634,3625,34,3659,46
2021-04-17,Butte,007,227075,11902,11573,1773,13346,196
2021-04-17,Calaveras,009,45235,2044,2045,12,2057,50
2021-04-17,Colusa,011,21464,1904,1912,292,2204,14
2021-04-17,Contra Costa,013,1133247,67311,66657,1225,67882,782
2021-04-17,Del Norte,015,27424,1272,1238,11,1249,6
2021-04-17,El Dorado,017,186661,9759,9692,692,10384,106
2021-04-17,Fresno,019,978130,100718,100562,8670,109232,1646
2021-04-17,Glenn,021,27897,2365,2357,550,2907,17
2021-04-17,Humboldt,023,135768,3658,3579,28,3607,35
2021-04-17,Imperial,025,180216,28019,27987,2783,30770,719
2021-04-17,Inyo,027,18085,1390,1392,2,1394,36
2021-04-17,Kern,029,883053,95882,95102,10789,105891,1290
2021-04-17,Kings,031,150075,22780,22678,1129,23807,243
2021-04-17,Lake,033,64148,3430,3409,9,3418,43
2021-04-17,Lassen,035,31185,5156,5154,108,5262,1
2021-04-17,Los Angeles,037,10098052,1194847,1188262,42110,1230372,23653
2021-04-17,Madera,039,155013,16353,16260,931,17191,231
2021-04-17,Marin,041,260295,13786,13797,243,14040,226
2021-04-17,Mariposa,043,17540,407,398,10,408,5
2021-04-17,Mendocino,045,87422,3787,3721,71,3792,46
2021-04-17,Merced,047,269075,30363,30392,982,31374,441
2021-04-17,Modoc,049,8938,367,357,122,479,3
2021-04-17,Mono,051,14174,1232,1253,13,1266,3
2021-04-17,Monterey,053,433212,42733,42630,1875,44505,356
2021-04-17,Napa,055,140530,9696,9666,32,9698,79
2021-04-17,Nevada,057,99092,4525,4457,191,4648,70
2021-04-17,Orange,059,3164182,253353,251873,11260,263133,4878
2021-04-17,Placer,061,380077,22304,21736,1411,23147,282
2021-04-17,Plumas,063,18699,678,666,11,677,4
2021-04-17,Riverside,065,2383286,289532,285963,14131,300094,4371
2021-04-17,Sacramento,067,1510023,101874,101172,1590,102762,1572
2021-04-17,San Benito,069,59416,5977,5986,115,6101,63
2021-04-17,San Bernardino,071,2135413,290631,289624,9108,298732,4555
2021-04-17,San Diego,073,3302833,275453,274812,14105,288917,3674
2021-04-17,San Francisco,075,870044,35952,36032,1293,37325,523
2021-04-17,San Joaquin,077,732212,71093,70372,3475,73847,1288
2021-04-17,San Luis Obispo,079,281455,20843,20642,708,21350,254
2021-04-17,San Mateo,081,765935,41579,41157,452,41609,352
2021-04-17,Santa Barbara,083,443738,34268,33738,1203,34941,446
2021-04-17,Santa Clara,085,1922200,116271,116887,707,117594,1944
2021-04-17,Santa Cruz,087,273765,15971,15571,850,16421,204
2021-04-17,Shasta,089,179085,11627,11647,1460,13107,189
2021-04-17,Sierra,091,2930,53,51,14,65,0
2021-04-17,Siskiyou,093,43540,1634,1539,295,1834,10
2021-04-17,Solano,095,438530,31646,31541,462,32003,239
2021-04-17,Sonoma,097,501317,29466,29637,303,29940,311
2021-04-17,Stanislaus,099,539301,54251,54058,5916,59974,728
2021-04-17,Sutter,101,95872,9282,9252,87,9339,109
2021-04-17,Tehama,103,63373,4887,4875,562,5437,52
2021-04-17,Trinity,105,12862,420,326,70,396,3
2021-04-17,Tulare,107,460477,49167,48603,9116,57719,829
2021-04-17,Tuolumne,109,53932,4008,4005,34,4039,58
2021-04-17,Ventura,111,848112,80348,79964,2987,82951,996
2021-04-17,Yolo,113,214977,13579,13580,277,13857,200
2021-04-17,Yuba,115,75493,5820,5802,118,5920,44
2021-04-16,Alameda,001,1643700,85575,85243,1924,87167,1245
2021-04-16,Alpine,003,1148,86,85,0,85,0
2021-04-16,Amador,005,37829,3629,3621,34,3655,46
2021-04-16,Butte,007,227075,11890,11549,1771,13320,196
2021-04-16,Calaveras,009,45235,2043,2042,12,2054,50
2021-04-16,Colusa,011,21464,1902,1911,292,2203,14
2021-04-16,Contra Costa,013,1133247,67256,66569,1222,67791,782
2021-04-16,Del Norte,015,27424,1271,1237,11,1248,6
2021-04-16,El Dorado,017,186661,9739,9665,688,10353,106
2021-04-16,Fresno,019,978130,100669,100500,8663,109163,1643
2021-04-16,Glenn,021,27897,2365,2355,550,2905,17
2021-04-16,Humboldt,023,135768,3637,3570,27,3597,35
2021-04-16,Imperial,025,180216,28009,27962,2782,30744,719
2021-04-16,Inyo,027,18085,1390,1392,2,1394,36
2021-04-16,Kern,029,883053,95853,95066,10786,105852,1288
2021-04-16,Kings,031,150075,22776,22667,1127,23794,243
2021-04-16,Lake,033,64148,3424,3406,9,3415,43
2021-04-16,Lassen,035,31185,5155,5155,108,5263,1
2021-04-16,Los Angeles,037,10098052,1194548,1187818,42072,1229890,23627
2021-04-16,Madera,039,155013,16347,16250,929,17179,231
2021-04-16,Marin,041,260295,13783,13788,243,14031,226
2021-04-16,Mariposa,043,17540,406,396,9,405,5
2021-04-16,Mendocino,045,87422,3785,3719,71,3790,46
2021-04-16,Merced,047,269075,30348,30355,982,31337,438
2021-04-16,Modoc,049,8938,367,355,122,477,3
2021-04-16,Mono,051,14174,1232,1253,13,1266,3
2021-04-16,Monterey,053,433212,42722,42620,1873,44493,351
2021-04-16,Napa,055,140530,9688,9653,32,9685,79
2021-04-16,Nevada,057,99092,4516,4443,191,4634,70
2021-04-16,Orange,059,3164182,253289,251770,11251,263021,4873
2021-04-16,Placer,061,380077,22277,21680,1405,23085,282
2021-04-16,Plumas,063,18699,677,665,11,676,4
2021-04-16,Riverside,065,2383286,289456,285818,14129,299947,4369
2021-04-16,Sacramento,067,1510023,101777,100993,1585,102578,1572
2021-04-16,San Benito,069,59416,5975,5982,115,6097,63
2021-04-16,San Bernardino,071,2135413,290584,289424,9106,298530,4550
2021-04-16,San Diego,073,3302833,275299,274567,14087,288654,3662
2021-04-16,San Francisco,075,870044,35927,35993,1289,37282,517
2021-04-16,San Joaquin,077,732212,71026,70280,3467,73747,1288
2021-04-16,San Luis Obispo,079,281455,20831,20623,707,21330,253
2021-04-16,San Mateo,081,765935,41550,41107,451,41558,352
2021-04-16,Santa Barbara,083,443738,34250,33703,1203,34906,446
2021-04-16,Santa Clara,085,1922200,116171,116693,704,117397,1941
2021-04-16,Santa Cruz,087,273765,15969,15539,850,16389,204
2021-04-16,Shasta,089,179085,11615,11623,1458,13081,189
2021-04-16,Sierra,091,2930,53,51,14,65,0
2021-04-16,Siskiyou,093,43540,1630,1530,293,1823,10
2021-04-16,Solano,095,438530,31607,31470,459,31929,239
2021-04-16,Sonoma,097,501317,29455,29617,303,29920,311
2021-04-16,Stanislaus,099,539301,54203,53983,5914,59897,728
2021-04-16,Sutter,101,95872,9276,9247,87,9334,109
2021-04-16,Tehama,103,63373,4886,4866,562,5428,52
2021-04-16,Trinity,105,12862,420,326,70,396,3
2021-04-16,Tulare,107,460477,49156,48583,9113,57696,830
2021-04-16,Tuolumne,109,53932,4005,4005,34,4039,58
2021-04-16,Ventura,111,848112,80323,79942,2982,82924,994
2021-04-16,Yolo,113,214977,13566,13559,275,13834,198
2021-04-16,Yuba,115,75493,5817,5795,117,5912,44
2021-04-15,Alameda,001,1643700,85469,85089,1922,87011,1246
2021-04-15,Alpine,003,1148,86,85,0,85,0
2021-04-15,Amador,005,37829,3628,3616,34,3650,46
2021-04-15,Butte,007,227075,11875,11529,1767,13296,196
2021-04-15,Calaveras,009,45235,2043,2039,12,2051,50
2021-04-15,Colusa,011,21464,1900,1909,291,2200,14
2021-04-15,Contra Costa,013,1133247,67182,66480,1218,67698,781
2021-04-15,Del Norte,015,27424,1264,1235,11,1246,6
2021-04-15,El Dorado,017,186661,9726,9639,686,10325,106
2021-04-15,Fresno,019,978130,100608,100431,8657,109088,1642
2021-04-15,Glenn,021,27897,2365,2354,550,2904,17
2021-04-15,Humboldt,023,135768,3615,3561,27,3588,35
2021-04-15,Imperial,025,180216,27981,27920,2779,30699,718
2021-04-15,Inyo,027,18085,1390,1393,2,1395,36
2021-04-15,Kern,029,883053,95820,94989,10771,105760,1289
2021-04-15,Kings,031,150075,22762,22648,1127,23775,242
2021-04-15,Lake,033,64148,3423,3399,9,3408,43
2021-04-15,Lassen,035,31185,5154,5152,108,5260,1
2021-04-15,Los Angeles,037,10098052,1194152,1187274,42033,1229307,23598
2021-04-15,Madera,039,155013,16332,16234,929,17163,231
2021-04-15,Marin,041,260295,13779,13783,242,14025,226
2021-04-15,Mariposa,043,17540,404,395,9,404,5
2021-04-15,Mendocino,045,87422,3784,3714,71,3785,46
2021-04-15,Merced,047,269075,30322,30325,981,31306,437
2021-04-15,Modoc,049,8938,367,355,122,477,3
2021-04-15,Mono,051,14174,1231,1253,13,1266,3
2021-04-15,Monterey,053,433212,42712,42604,1871,44475,347
2021-04-15,Napa,055,140530,9680,9645,32,9677,79
2021-04-15,Nevada,057,99092,4504,4434,190,4624,70
2021-04-15,Orange,059,3164182,253194,251679,11238,262917,4857
2021-04-15,Placer,061,380077,22247,21614,1398,23012,281
2021-04-15,Plumas,063,18699,675,665,11,676,4
2021-04-15,Riverside,065,2383286,289357,285698,14122,299820,4363
2021-04-15,Sacramento,067,1510023,101647,100782,1571,102353,1570
2021-04-15,San Benito,069,59416,5972,5969,114,6083,63
2021-04-15,San Bernardino,071,2135413,290495,289288,9099,298387,4544
2021-04-15,San Diego,073,3302833,275053,274250,14028,288278,3653
2021-04-15,San Francisco,075,870044,35908,35947,1287,37234,510
2021-04-15,San Joaquin,077,732212,70945,70189,3459,73648,1288
2021-04-15,San Luis Obispo,079,281455,20815,20591,704,21295,253
2021-04-15,San Mateo,081,765935,41511,41050,450,41500,352
2021-04-15,Santa Barbara,083,443738,34232,33672,1199,34871,446
2021-04-15,Santa Clara,085,1922200,116065,116602,700,117302,1927
2021-04-15,Santa Cruz,087,273765,15959,15509,850,16359,203
2021-04-15,Shasta,089,179085,11601,11597,1454,13051,191
2021-04-15,Sierra,091,2930,53,51,14,65,0
2021-04-15,Siskiyou,093,43540,1624,1524,293,1817,10
2021-04-15,Solano,095,438530,31569,31394,458,31852,239
2021-04-15,Sonoma,097,501317,29441,29587,303,29890,311
2021-04-15,Stanislaus,099,539301,54149,53918,5906,59824,728
2021-04-15,Sutter,101,95872,9269,9237,87,9324,109
2021-04-15,Tehama,103,63373,4884,4854,561,5415,52
2021-04-15,Trinity,105,12862,420,326,70,396,3
2021-04-15,Tulare,107,460477,49135,48556,9113,57669,829
2021-04-15,Tuolumne,109,53932,4005,4003,34,4037,57
2021-04-15,Ventura,111,848112,80304,79917,2980,82897,989
2021-04-15,Yolo,113,214977,13547,13547,273,13820,198
2021-04-15,Yuba,115,75493,5814,5788,117,5905,44
2021-04-14,Alameda,001,1643700,85371,85009,1921,86930,1247
2021-04-14,Alpine,003,1148,86,85,0,85,0
2021-04-14,Amador,005,37829,3627,3613,34,3647,46
2021-04-14,Butte,007,227075,11862,11513,1766,13279,196
2021-04-14,Calaveras,009,45235,2043,2037,12,2049,50
2021-04-14,Colusa,011,21464,1900,1905,291,2196,14
2021-04-14,Contra Costa,013,1133247,67096,66400,1212,67612,781
2021-04-14,Del Norte,015,27424,1264,1228,11,1239,6
2021-04-14,El Dorado,017,186661,9711,9625,681,10306,106
2021-04-14,Fresno,019,978130,100551,100376,8644,109020,1640
2021-04-14,Glenn,021,27897,2365,2353,550,2903,17
2021-04-14,Humboldt,023,135768,3594,3551,26,3577,35
2021-04-14,Imperial,025,180216,27959,27907,2777,30684,718
2021-04-14,Inyo,027,18085,1390,1392,2,1394,36
2021-04-14,Kern,029,883053,95795,94947,10764,105711,1287
2021-04-14,Kings,031,150075,22753,22641,1125,23766,243
2021-04-14,Lake,033,64148,3418,3396,9,3405,43
2021-04-14,Lassen,035,31185,5153,5151,108,5259,1
2021-04-14,Los Angeles,037,10098052,1193757,1186821,41985,1228806,23579
2021-04-14,Madera,039,155013,16323,16218,929,17147,231
2021-04-14,Marin,041,260295,13777,13768,241,14009,226
2021-04-14,Mariposa,043,17540,403,394,9,403,5
2021-04-14,Mendocino,045,87422,3779,3711,71,3782,46
2021-04-14,Merced,047,269075,30304,30296,981,31277,436
2021-04-14,Modoc,049,8938,367,355,122,477,3
2021-04-14,Mono,051,14174,1231,1252,13,1265,3
2021-04-14,Monterey,053,433212,42696,42595,1867,44462,347
2021-04-14,Napa,055,140530,9669,9643,32,9675,79
2021-04-14,Nevada,057,99092,4497,4421,190,4611,70
2021-04-14,Orange,059,3164182,253088,251568,11218,262786,4849
2021-04-14,Placer,061,380077,22214,21575,1397,22972,280
2021-04-14,Plumas,063,18699,675,665,11,676,4
2021-04-14,Riverside,065,2383286,289249,285583,14116,299699,4358
2021-04-14,Sacramento,067,1510023,101472,100645,1557,102202,1570
2021-04-14,San Benito,069,59416,5970,5960,114,6074,62
2021-04-14,San Bernardino,071,2135413,290428,289078,9096,298174,4523
2021-04-14,San Diego,073,3302833,274842,273969,13999,287968,3648
2021-04-14,San Francisco,075,870044,35870,35898,1286,37184,510
2021-04-14,San Joaquin,077,732212,70875,70095,3453,73548,1288
2021-04-14,San Luis Obispo,079,281455,20792,20561,694,21255,253
2021-04-14,San Mateo,081,765935,41471,40982,447,41429,352
2021-04-14,Santa Barbara,083,443738,34203,33650,1199,34849,445
2021-04-14,Santa Clara,085,1922200,115947,116488,697,117185,1922
2021-04-14,Santa Cruz,087,273765,15949,15481,850,16331,203
2021-04-14,Shasta,089,179085,11575,11581,1452,13033,190
2021-04-14,Sierra,091,2930,53,51,14,65,0
2021-04-14,Siskiyou,093,43540,1616,1518,292,1810,10
2021-04-14,Solano,095,438530,31516,31357,451,31808,239
2021-04-14,Sonoma,097,501317,29433,29572,301,29873,311
2021-04-14,Stanislaus,099,539301,54078,53836,5897,59733,727
2021-04-14,Sutter,101,95872,9261,9230,87,9317,106
2021-04-14,Tehama,103,63373,4878,4853,559,5412,52
2021-04-14,Trinity,105,12862,420,326,70,396,3
2021-04-14,Tulare,107,460477,49109,48527,9110,57637,827
2021-04-14,Tuolumne,109,53932,4004,3997,34,4031,57
2021-04-14,Ventura,111,848112,80268,79891,2978,82869,986
2021-04-14,Yolo,113,214977,13531,13530,271,13801,198
2021-04-14,Yuba,115,75493,5812,5778,117,5895,44
2021-04-13,Alameda,001,1643700,85266,84921,1916,86837,1239
2021-04-13,Alpine,003,1148,86,85,0,85,0
2021-04-13,Amador,005,37829,3624,3609,34,3643,46
2021-04-13,Butte,007,227075,11844,11497,1763,13260,196
2021-04-13,Calaveras,009,45235,2041,2035,12,2047,50
2021-04-13,Colusa,011,21464,1898,1905,289,2194,14
2021-04-13,Contra Costa,013,1133247,67006,66304,1212,67516,778
2021-04-13,Del Norte,015,27424,1259,1221,11,1232,6
2021-04-13,El Dorado,017,186661,9685,9609,679,10288,106
2021-04-13,Fresno,019,978130,100470,100357,8638,108995,1636
2021-04-13,Glenn,021,27897,2364,2351,550,2901,17
2021-04-13,Humboldt,023,135768,3577,3540,26,3566,35
2021-04-13,Imperial,025,180216,27941,27887,2768,30655,718
2021-04-13,Inyo,027,18085,1390,1391,2,1393,36
2021-04-13,Kern,029,883053,95751,94908,10752,105660,1285
2021-04-13,Kings,031,150075,22737,22636,1124,23760,243
2021-04-13,Lake,033,64148,3415,3390,9,3399,43
2021-04-13,Lassen,035,31185,5152,5147,108,5255,1
2021-04-13,Los Angeles,037,10098052,1193306,1186482,41941,1228423,23526
2021-04-13,Madera,039,155013,16313,16207,927,17134,231
2021-04-13,Marin,041,260295,13769,13760,240,14000,224
2021-04-13,Mariposa,043,17540,402,394,6,400,5
2021-04-13,Mendocino,045,87422,3773,3702,71,3773,46
2021-04-13,Merced,047,269075,30273,30276,979,31255,435
2021-04-13,Modoc,049,8938,367,355,122,477,3
2021-04-13,Mono,051,14174,1231,1251,13,1264,3
2021-04-13,Monterey,053,433212,42685,42577,1867,44444,347
2021-04-13,Napa,055,140530,9659,9627,32,9659,79
2021-04-13,Nevada,057,99092,4485,4415,190,4605,69
2021-04-13,Orange,059,3164182,252992,251491,11199,262690,4836
2021-04-13,Placer,061,380077,22177,21534,1394,22928,280
2021-04-13,Plumas,063,18699,674,665,11,676,4
2021-04-13,Riverside,065,2383286,289131,285505,14109,299614,4348
2021-04-13,Sacramento,067,1510023,101297,100551,1552,102103,1569
2021-04-13,San Benito,069,59416,5967,5946,114,6060,62
2021-04-13,San Bernardino,071,2135413,290312,288929,9090,298019,4521
2021-04-13,San Diego,073,3302833,274587,273709,13965,287674,3623
2021-04-13,San Francisco,075,870044,35834,35869,1282,37151,506
2021-04-13,San Joaquin,077,732212,70767,70034,3445,73479,1288
2021-04-13,San Luis Obispo,079,281455,20765,20536,684,21220,253
2021-04-13,San Mateo,081,765935,41426,40955,447,41402,353
2021-04-13,Santa Barbara,083,443738,34181,33613,1196,34809,444
2021-04-13,Santa Clara,085,1922200,115818,116363,695,117058,1923
2021-04-13,Santa Cruz,087,273765,15942,15449,850,16299,203
2021-04-13,Shasta,089,179085,11555,11536,1449,12985,189
2021-04-13,Sierra,091,2930,53,51,14,65,0
2021-04-13,Siskiyou,093,43540,1608,1511,288,1799,10
2021-04-13,Solano,095,438530,31467,31335,447,31782,239
2021-04-13,Sonoma,097,501317,29425,29544,300,29844,311
2021-04-13,Stanislaus,099,539301,54006,53797,5887,59684,722
2021-04-13,Sutter,101,95872,9257,9226,87,9313,106
2021-04-13,Tehama,103,63373,4871,4850,556,5406,52
2021-04-13,Trinity,105,12862,420,326,70,396,3
2021-04-13,Tulare,107,460477,49096,48511,9106,57617,825
2021-04-13,Tuolumne,109,53932,4002,3995,34,4029,57
2021-04-13,Ventura,111,848112,80236,79854,2976,82830,986
2021-04-13,Yolo,113,214977,13519,13516,270,13786,198
2021-04-13,Yuba,115,75493,5803,5776,117,5893,44
2021-04-12,Alameda,001,1643700,85163,84817,1915,86732,1238
2021-04-12,Alpine,003,1148,86,85,0,85,0
2021-04-12,Amador,005,37829,3623,3607,34,3641,46
2021-04-12,Butte,007,227075,11829,11488,1759,13247,193
2021-04-12,Calaveras,009,45235,2041,2033,12,2045,50
2021-04-12,Colusa,011,21464,1896,1904,287,2191,14
2021-04-12,Contra Costa,013,1133247,66925,66176,1212,67388,777
2021-04-12,Del Norte,015,27424,1256,1216,11,1227,6
2021-04-12,El Dorado,017,186661,9668,9588,677,10265,106
2021-04-12,Fresno,019,978130,100409,100277,8614,108891,1633
2021-04-12,Glenn,021,27897,2363,2349,550,2899,17
2021-04-12,Humboldt,023,135768,3563,3533,25,3558,35
2021-04-12,Imperial,025,180216,27911,27851,2763,30614,717
2021-04-12,Inyo,027,18085,1390,1390,2,1392,36
2021-04-12,Kern,029,883053,95715,94861,10740,105601,1283
2021-04-12,Kings,031,150075,22729,22621,1123,23744,241
2021-04-12,Lake,033,64148,3411,3380,9,3389,43
2021-04-12,Lassen,035,31185,5151,5147,108,5255,1
2021-04-12,Los Angeles,037,10098052,1192808,1186145,41901,1228046,23505
2021-04-12,Madera,039,155013,16301,16174,925,17099,231
2021-04-12,Marin,041,260295,13757,13751,237,13988,224
2021-04-12,Mariposa,043,17540,401,394,6,400,5
2021-04-12,Mendocino,045,87422,3772,3699,71,3770,46
2021-04-12,Merced,047,269075,30241,30261,977,31238,435
2021-04-12,Modoc,049,8938,365,352,122,474,3
2021-04-12,Mono,051,14174,1231,1251,13,1264,3
2021-04-12,Monterey,053,433212,42671,42555,1865,44420,346
2021-04-12,Napa,055,140530,9645,9603,32,9635,80
2021-04-12,Nevada,057,99092,4474,4408,190,4598,69
2021-04-12,Orange,059,3164182,252906,251350,11178,262528,4826
2021-04-12,Placer,061,380077,22128,21475,1390,22865,278
2021-04-12,Plumas,063,18699,672,666,11,677,4
2021-04-12,Riverside,065,2383286,289024,285361,14103,299464,4336
2021-04-12,Sacramento,067,1510023,101122,100394,1547,101941,1566
2021-04-12,San Benito,069,59416,5959,5942,113,6055,62
2021-04-12,San Bernardino,071,2135413,290205,288736,9078,297814,4493
2021-04-12,San Diego,073,3302833,274327,273431,13937,287368,3621
2021-04-12,San Francisco,075,870044,35800,35841,1281,37122,506
2021-04-12,San Joaquin,077,732212,70695,69968,3437,73405,1288
2021-04-12,San Luis Obispo,079,281455,20720,20515,671,21186,253
2021-04-12,San Mateo,081,765935,41384,40920,443,41363,353
2021-04-12,Santa Barbara,083,443738,34150,33606,1196,34802,444
2021-04-12,Santa Clara,085,1922200,115690,116252,693,116945,1923
2021-04-12,Santa Cruz,087,273765,15923,15406,850,16256,203
2021-04-12,Shasta,089,179085,11538,11509,1445,12954,189
2021-04-12,Sierra,091,2930,53,51,14,65,0
2021-04-12,Siskiyou,093,43540,1597,1511,286,1797,7
2021-04-12,Solano,095,438530,31425,31305,444,31749,238
2021-04-12,Sonoma,097,501317,29397,29500,300,29800,310
2021-04-12,Stanislaus,099,539301,53941,53722,5880,59602,707
2021-04-12,Sutter,101,95872,9246,9221,87,9308,106
2021-04-12,Tehama,103,63373,4862,4834,552,5386,52
2021-04-12,Trinity,105,12862,420,324,70,394,3
2021-04-12,Tulare,107,460477,49076,48495,9096,57591,824
2021-04-12,Tuolumne,109,53932,3998,3993,34,4027,57
2021-04-12,Ventura,111,848112,80203,79818,2974,82792,985
2021-04-12,Yolo,113,214977,13505,13510,269,13779,198
2021-04-12,Yuba,115,75493,5797,5773,117,5890,43
2021-04-11,Alameda,001,1643700,85026,84756,1910,86666,1238
2021-04-11,Alpine,003,1148,86,85,0,85,0
2021-04-11,Amador,005,37829,3621,3605,34,3639,46
2021-04-11,Butte,007,227075,11794,11487,1756,13243,193
2021-04-11,Calaveras,009,45235,2039,2036,12,2048,50
2021-04-11,Colusa,011,21464,1895,1904,286,2190,14
2021-04-11,Contra Costa,013,1133247,66816,66107,1209,67316,777
2021-04-11,Del Norte,015,27424,1250,1214,11,1225,6
2021-04-11,El Dorado,017,186661,9654,9575,674,10249,106
2021-04-11,Fresno,019,978130,100343,100230,8602,108832,1633
2021-04-11,Glenn,021,27897,2359,2348,549,2897,17
2021-04-11,Humboldt,023,135768,3553,3523,25,3548,35
2021-04-11,Imperial,025,180216,27887,27841,2761,30602,717
2021-04-11,Inyo,027,18085,1390,1390,2,1392,36
2021-04-11,Kern,029,883053,95656,94830,10731,105561,1283
2021-04-11,Kings,031,150075,22720,22618,1120,23738,241
2021-04-11,Lake,033,64148,3407,3377,9,3386,43
2021-04-11,Lassen,035,31185,5147,5147,108,5255,1
2021-04-11,Los Angeles,037,10098052,1192297,1185757,41858,1227615,23503
2021-04-11,Madera,039,155013,16282,16166,924,17090,231
2021-04-11,Marin,041,260295,13751,13741,235,13976,226
2021-04-11,Mariposa,043,17540,401,394,6,400,5
2021-04-11,Mendocino,045,87422,3770,3696,71,3767,46
2021-04-11,Merced,047,269075,30203,30249,976,31225,435
2021-04-11,Modoc,049,8938,364,352,120,472,3
2021-04-11,Mono,051,14174,1230,1250,13,1263,3
2021-04-11,Monterey,053,433212,42664,42547,1858,44405,346
2021-04-11,Napa,055,140530,9634,9592,32,9624,80
2021-04-11,Nevada,057,99092,4460,4394,190,4584,69
2021-04-11,Orange,059,3164182,252781,251233,11165,262398,4826
2021-04-11,Placer,061,380077,22070,21458,1385,22843,278
2021-04-11,Plumas,063,18699,672,666,11,677,4
2021-04-11,Riverside,065,2383286,288894,285269,14093,299362,4336
2021-04-11,Sacramento,067,1510023,100952,100296,1535,101831,1566
2021-04-11,San Benito,069,59416,5951,5941,112,6053,62
2021-04-11,San Bernardino,071,2135413,290096,288686,9071,297757,4492
2021-04-11,San Diego,073,3302833,274030,273287,13878,287165,3621
2021-04-11,San Francisco,075,870044,35764,35815,1278,37093,498
2021-04-11,San Joaquin,077,732212,70608,69939,3426,73365,1288
2021-04-11,San Luis Obispo,079,281455,20694,20501,668,21169,253
2021-04-11,San Mateo,081,765935,41326,40901,442,41343,353
2021-04-11,Santa Barbara,083,443738,34114,33591,1195,34786,444
2021-04-11,Santa Clara,085,1922200,115554,116161,690,116851,1923
2021-04-11,Santa Cruz,087,273765,15911,15382,850,16232,203
2021-04-11,Shasta,089,179085,11494,11504,1444,12948,189
2021-04-11,Sierra,091,2930,53,51,14,65,0
2021-04-11,Siskiyou,093,43540,1590,1509,283,1792,7
2021-04-11,Solano,095,438530,31373,31268,440,31708,238
2021-04-11,Sonoma,097,501317,29371,29496,296,29792,310
2021-04-11,Stanislaus,099,539301,53858,53683,5870,59553,707
2021-04-11,Sutter,101,95872,9237,9222,87,9309,106
2021-04-11,Tehama,103,63373,4859,4832,550,5382,52
2021-04-11,Trinity,105,12862,420,324,70,394,3
2021-04-11,Tulare,107,460477,49062,48479,9089,57568,824
2021-04-11,Tuolumne,109,53932,3996,3993,34,4027,57
2021-04-11,Ventura,111,848112,80155,79800,2968,82768,985
2021-04-11,Yolo,113,214977,13484,13496,267,13763,198
2021-04-11,Yuba,115,75493,5787,5768,117,5885,43
2021-04-10,Alameda,001,1643700,84961,84626,1910,86536,1238
2021-04-10,Alpine,003,1148,86,85,0,85,0
2021-04-10,Amador,005,37829,3619,3603,34,3637,46
2021-04-10,Butte,007,227075,11783,11482,1755,13237,193
2021-04-10,Calaveras,009,45235,2037,2032,12,2044,50
2021-04-10,Colusa,011,21464,1895,1902,286,2188,14
2021-04-10,Contra Costa,013,1133247,66755,66001,1206,67207,778
2021-04-10,Del Norte,015,27424,1247,1212,11,1223,6
2021-04-10,El Dorado,017,186661,9642,9549,671,10220,106
2021-04-10,Fresno,019,978130,100310,100135,8595,108730,1633
2021-04-10,Glenn,021,27897,2359,2343,549,2892,17
2021-04-10,Humboldt,023,135768,3543,3508,25,3533,35
2021-04-10,Imperial,025,180216,27873,27816,2761,30577,717
2021-04-10,Inyo,027,18085,1390,1387,2,1389,36
2021-04-10,Kern,029,883053,95642,94802,10725,105527,1284
2021-04-10,Kings,031,150075,22716,22614,1118,23732,241
2021-04-10,Lake,033,64148,3402,3368,9,3377,43
2021-04-10,Lassen,035,31185,5147,5146,107,5253,1
2021-04-10,Los Angeles,037,10098052,1192025,1185246,41839,1227085,23493
2021-04-10,Madera,039,155013,16274,16143,923,17066,231
2021-04-10,Marin,041,260295,13746,13731,235,13966,226
2021-04-10,Mariposa,043,17540,398,393,6,399,5
2021-04-10,Mendocino,045,87422,3768,3696,71,3767,46
2021-04-10,Merced,047,269075,30183,30225,975,31200,435
2021-04-10,Modoc,049,8938,364,352,120,472,3
2021-04-10,Mono,051,14174,1230,1249,13,1262,3
2021-04-10,Monterey,053,433212,42653,42527,1857,44384,346
2021-04-10,Napa,055,140530,9627,9569,32,9601,79
2021-04-10,Nevada,057,99092,4453,4379,190,4569,69
2021-04-10,Orange,059,3164182,252688,251139,11158,262297,4818
2021-04-10,Placer,061,380077,22039,21402,1379,22781,278
2021-04-10,Plumas,063,18699,672,666,11,677,4
2021-04-10,Riverside,065,2383286,288815,285082,14085,299167,4336
2021-04-10,Sacramento,067,1510023,100849,100048,1533,101581,1566
2021-04-10,San Benito,069,59416,5940,5932,111,6043,62
2021-04-10,San Bernardino,071,2135413,290032,288590,9064,297654,4489
2021-04-10,San Diego,073,3302833,273814,273058,13859,286917,3613
2021-04-10,San Francisco,075,870044,35734,35774,1274,37048,498
2021-04-10,San Joaquin,077,732212,70573,69852,3416,73268,1288
2021-04-10,San Luis Obispo,079,281455,20678,20461,667,21128,253
2021-04-10,San Mateo,081,765935,41293,40878,442,41320,350
2021-04-10,Santa Barbara,083,443738,34086,33541,1193,34734,444
2021-04-10,Santa Clara,085,1922200,115458,116015,689,116704,1923
2021-04-10,Santa Cruz,087,273765,15905,15360,850,16210,203
2021-04-10,Shasta,089,179085,11486,11492,1440,12932,189
2021-04-10,Sierra,091,2930,53,51,14,65,0
2021-04-10,Siskiyou,093,43540,1587,1512,283,1795,7
2021-04-10,Solano,095,438530,31339,31218,436,31654,238
2021-04-10,Sonoma,097,501317,29356,29469,295,29764,310
2021-04-10,Stanislaus,099,539301,53824,53596,5863,59459,707
2021-04-10,Sutter,101,95872,9235,9214,87,9301,106
2021-04-10,Tehama,103,63373,4857,4820,548,5368,52
2021-04-10,Trinity,105,12862,420,324,70,394,3
2021-04-10,Tulare,107,460477,49053,48470,9083,57553,824
2021-04-10,Tuolumne,109,53932,3993,3991,34,4025,57
2021-04-10,Ventura,111,848112,80127,79758,2966,82724,985
2021-04-10,Yolo,113,214977,13476,13494,266,13760,198
2021-04-10,Yuba,115,75493,5784,5757,116,5873,43
2021-04-09,Alameda,001,1643700,84889,84404,1902,86306,1237
2021-04-09,Alpine,003,1148,86,85,0,85,0
2021-04-09,Amador,005,37829,3618,3600,34,3634,46
2021-04-09,Butte,007,227075,11773,11454,1754,13208,193
2021-04-09,Calaveras,009,45235,2036,2028,12,2040,50
2021-04-09,Colusa,011,21464,1895,1898,286,2184,14
2021-04-09,Contra Costa,013,1133247,66662,65857,1200,67057,777
2021-04-09,Del Norte,015,27424,1246,1207,11,1218,6
2021-04-09,El Dorado,017,186661,9619,9528,667,10195,106
2021-04-09,Fresno,019,978130,100276,100027,8590,108617,1630
2021-04-09,Glenn,021,27897,2359,2337,549,2886,17
2021-04-09,Humboldt,023,135768,3533,3496,25,3521,35
2021-04-09,Imperial,025,180216,27858,27764,2759,30523,717
2021-04-09,Inyo,027,18085,1389,1386,2,1388,36
2021-04-09,Kern,029,883053,95604,94675,10723,105398,1282
2021-04-09,Kings,031,150075,22707,22595,1115,23710,242
2021-04-09,Lake,033,64148,3398,3362,9,3371,43
2021-04-09,Lassen,035,31185,5147,5140,107,5247,1
2021-04-09,Los Angeles,037,10098052,1191656,1184501,41809,1226310,23458
2021-04-09,Madera,039,155013,16271,16118,923,17041,231
2021-04-09,Marin,041,260295,13739,13721,235,13956,226
2021-04-09,Mariposa,043,17540,398,393,6,399,5
2021-04-09,Mendocino,045,87422,3766,3693,71,3764,46
2021-04-09,Merced,047,269075,30154,30179,974,31153,435
2021-04-09,Modoc,049,8938,363,352,120,472,3
2021-04-09,Mono,051,14174,1230,1247,13,1260,3
2021-04-09,Monterey,053,433212,42644,42481,1853,44334,344
2021-04-09,Napa,055,140530,9608,9574,32,9606,80
2021-04-09,Nevada,057,99092,4445,4373,190,4563,69
2021-04-09,Orange,059,3164182,252614,250852,11153,262005,4813
2021-04-09,Placer,061,380077,22008,21327,1371,22698,278
2021-04-09,Plumas,063,18699,671,666,11,677,4
2021-04-09,Riverside,065,2383286,288732,284562,14079,298641,4325
2021-04-09,Sacramento,067,1510023,100694,99722,1526,101248,1564
2021-04-09,San Benito,069,59416,5935,5925,110,6035,62
2021-04-09,San Bernardino,071,2135413,289963,288000,9061,297061,4467
2021-04-09,San Diego,073,3302833,273616,272697,13817,286514,3600
2021-04-09,San Francisco,075,870044,35693,35716,1269,36985,497
2021-04-09,San Joaquin,077,732212,70510,69675,3404,73079,1281
2021-04-09,San Luis Obispo,079,281455,20664,20427,666,21093,252
2021-04-09,San Mateo,081,765935,41257,40800,441,41241,350
2021-04-09,Santa Barbara,083,443738,34063,33424,1190,34614,444
2021-04-09,Santa Clara,085,1922200,115374,115749,687,116436,1923
2021-04-09,Santa Cruz,087,273765,15900,15331,850,16181,203
2021-04-09,Shasta,089,179085,11476,11478,1437,12915,188
2021-04-09,Sierra,091,2930,53,51,14,65,0
2021-04-09,Siskiyou,093,43540,1584,1510,282,1792,7
2021-04-09,Solano,095,438530,31306,31166,431,31597,238
2021-04-09,Sonoma,097,501317,29343,29433,295,29728,310
2021-04-09,Stanislaus,099,539301,53769,53504,5854,59358,705
2021-04-09,Sutter,101,95872,9228,9201,87,9288,106
2021-04-09,Tehama,103,63373,4851,4806,548,5354,52
2021-04-09,Trinity,105,12862,419,324,70,394,3
2021-04-09,Tulare,107,460477,49049,48430,9077,57507,824
2021-04-09,Tuolumne,109,53932,3992,3986,34,4020,57
2021-04-09,Ventura,111,848112,80099,79698,2966,82664,987
2021-04-09,Yolo,113,214977,13465,13478,264,13742,198
2021-04-09,Yuba,115,75493,5777,5754,116,5870,43
2021-04-08,Alameda,001,1643700,84786,84213,1898,86111,1232
2021-04-08,Alpine,003,1148,86,85,0,85,0
2021-04-08,Amador,005,37829,3614,3595,34,3629,46
2021-04-08,Butte,007,227075,11762,11414,1753,13167,193
2021-04-08,Calaveras,009,45235,2035,2027,12,2039,50
2021-04-08,Colusa,011,21464,1894,1897,286,2183,14
2021-04-08,Contra Costa,013,1133247,66553,65706,1197,66903,775
2021-04-08,Del Norte,015,27424,1240,1201,11,1212,6
2021-04-08,El Dorado,017,186661,9603,9513,661,10174,106
2021-04-08,Fresno,019,978130,100213,99935,8583,108518,1627
2021-04-08,Glenn,021,27897,2357,2337,549,2886,17
2021-04-08,Humboldt,023,135768,3523,3486,25,3511,35
2021-04-08,Imperial,025,180216,27831,27744,2756,30500,713
2021-04-08,Inyo,027,18085,1388,1386,2,1388,36
2021-04-08,Kern,029,883053,95558,94493,10710,105203,1281
2021-04-08,Kings,031,150075,22701,22589,1112,23701,243
2021-04-08,Lake,033,64148,3391,3360,9,3369,43
2021-04-08,Lassen,035,31185,5146,5136,107,5243,1
2021-04-08,Los Angeles,037,10098052,1191158,1184443,41770,1226213,23416
2021-04-08,Madera,039,155013,16259,16103,923,17026,231
2021-04-08,Marin,041,260295,13732,13704,235,13939,226
2021-04-08,Mariposa,043,17540,397,393,6,399,5
2021-04-08,Mendocino,045,87422,3764,3690,71,3761,45
2021-04-08,Merced,047,269075,30132,30163,974,31137,430
2021-04-08,Modoc,049,8938,363,352,120,472,3
2021-04-08,Mono,051,14174,1228,1247,13,1260,3
2021-04-08,Monterey,053,433212,42623,42437,1848,44285,342
2021-04-08,Napa,055,140530,9591,9569,32,9601,80
2021-04-08,Nevada,057,99092,4434,4367,190,4557,69
2021-04-08,Orange,059,3164182,252503,250529,11138,261667,4797
2021-04-08,Placer,061,380077,21967,21258,1362,22620,277
2021-04-08,Plumas,063,18699,671,665,11,676,4
2021-04-08,Riverside,065,2383286,288621,283853,14074,297927,4296
2021-04-08,Sacramento,067,1510023,100554,99319,1515,100834,1561
2021-04-08,San Benito,069,59416,5932,5914,108,6022,62
2021-04-08,San Bernardino,071,2135413,289865,287190,9058,296248,4445
2021-04-08,San Diego,073,3302833,273386,272495,13781,286276,3592
2021-04-08,San Francisco,075,870044,35670,35657,1268,36925,494
2021-04-08,San Joaquin,077,732212,70438,69479,3398,72877,1279
2021-04-08,San Luis Obispo,079,281455,20644,20402,664,21066,252
2021-04-08,San Mateo,081,765935,41217,40749,441,41190,350
2021-04-08,Santa Barbara,083,443738,34039,33309,1189,34498,444
2021-04-08,Santa Clara,085,1922200,115268,115487,686,116173,1905
2021-04-08,Santa Cruz,087,273765,15894,15296,850,16146,203
2021-04-08,Shasta,089,179085,11466,11466,1433,12899,186
2021-04-08,Sierra,091,2930,53,51,14,65,0
2021-04-08,Siskiyou,093,43540,1581,1511,282,1793,7
2021-04-08,Solano,095,438530,31257,31120,431,31551,238
2021-04-08,Sonoma,097,501317,29323,29410,294,29704,310
2021-04-08,Stanislaus,099,539301,53691,53401,5844,59245,706
2021-04-08,Sutter,101,95872,9224,9195,87,9282,106
2021-04-08,Tehama,103,63373,4847,4802,548,5350,52
2021-04-08,Trinity,105,12862,419,324,70,394,3
2021-04-08,Tulare,107,460477,49036,48409,9066,57475,821
2021-04-08,Tuolumne,109,53932,3992,3986,34,4020,57
2021-04-08,Ventura,111,848112,80062,79626,2962,82588,986
2021-04-08,Yolo,113,214977,13456,13468,263,13731,198
2021-04-08,Yuba,115,75493,5773,5743,116,5859,43
2021-04-07,Alameda,001,1643700,84702,84130,1895,86025,1224
2021-04-07,Alpine,003,1148,86,85,0,85,0
2021-04-07,Amador,005,37829,3611,3590,34,3624,46
2021-04-07,Butte,007,227075,11758,11405,1750,13155,193
2021-04-07,Calaveras,009,45235,2032,2022,12,2034,50
2021-04-07,Colusa,011,21464,1890,1894,285,2179,14
2021-04-07,Contra Costa,013,1133247,66467,65619,1196,66815,775
2021-04-07,Del Norte,015,27424,1238,1198,11,1209,6
2021-04-07,El Dorado,017,186661,9582,9500,656,10156,106
2021-04-07,Fresno,019,978130,100148,99865,8573,108438,1627
2021-04-07,Glenn,021,27897,2354,2337,548,2885,17
2021-04-07,Humboldt,023,135768,3511,3484,25,3509,35
2021-04-07,Imperial,025,180216,27807,27704,2750,30454,713
2021-04-07,Inyo,027,18085,1387,1386,2,1388,36
2021-04-07,Kern,029,883053,95522,94456,10695,105151,1275
2021-04-07,Kings,031,150075,22699,22589,1112,23701,243
2021-04-07,Lake,033,64148,3389,3358,9,3367,43
2021-04-07,Lassen,035,31185,5146,5137,107,5244,1
2021-04-07,Los Angeles,037,10098052,1190724,1183862,41746,1225608,23372
2021-04-07,Madera,039,155013,16240,16090,922,17012,231
2021-04-07,Marin,041,260295,13721,13688,233,13921,225
2021-04-07,Mariposa,043,17540,396,391,6,397,5
2021-04-07,Mendocino,045,87422,3763,3691,71,3762,45
2021-04-07,Merced,047,269075,30108,30132,970,31102,430
2021-04-07,Modoc,049,8938,363,351,120,471,3
2021-04-07,Mono,051,14174,1228,1246,13,1259,3
2021-04-07,Monterey,053,433212,42605,42427,1847,44274,341
2021-04-07,Napa,055,140530,9577,9556,32,9588,80
2021-04-07,Nevada,057,99092,4428,4364,190,4554,69
2021-04-07,Orange,059,3164182,252381,250378,11114,261492,4778
2021-04-07,Placer,061,380077,21922,21227,1354,22581,276
2021-04-07,Plumas,063,18699,671,665,11,676,4
2021-04-07,Riverside,065,2383286,288511,283749,14064,297813,4285
2021-04-07,Sacramento,067,1510023,100386,99202,1509,100711,1544
2021-04-07,San Benito,069,59416,5927,5912,107,6019,62
2021-04-07,San Bernardino,071,2135413,289748,286978,9053,296031,4433
2021-04-07,San Diego,073,3302833,273161,272195,13752,285947,3588
2021-04-07,San Francisco,075,870044,35630,35618,1264,36882,493
2021-04-07,San Joaquin,077,732212,70369,69375,3393,72768,1278
2021-04-07,San Luis Obispo,079,281455,20618,20373,661,21034,252
2021-04-07,San Mateo,081,765935,41173,40693,441,41134,350
2021-04-07,Santa Barbara,083,443738,34014,33289,1186,34475,444
2021-04-07,Santa Clara,085,1922200,115138,115311,684,115995,1900
2021-04-07,Santa Cruz,087,273765,15884,15275,849,16124,203
2021-04-07,Shasta,089,179085,11454,11456,1428,12884,184
2021-04-07,Sierra,091,2930,53,51,14,65,0
2021-04-07,Siskiyou,093,43540,1575,1512,281,1793,7
2021-04-07,Solano,095,438530,31206,31097,430,31527,238
2021-04-07,Sonoma,097,501317,29305,29394,293,29687,310
2021-04-07,Stanislaus,099,539301,53623,53344,5834,59178,686
2021-04-07,Sutter,101,95872,9221,9188,87,9275,106
2021-04-07,Tehama,103,63373,4839,4802,546,5348,52
2021-04-07,Trinity,105,12862,419,322,70,392,3
2021-04-07,Tulare,107,460477,49023,48386,9054,57440,820
2021-04-07,Tuolumne,109,53932,3990,3982,34,4016,57
2021-04-07,Ventura,111,848112,80028,79595,2960,82555,986
2021-04-07,Yolo,113,214977,13441,13450,261,13711,198
2021-04-07,Yuba,115,75493,5769,5737,116,5853,43
2021-04-06,Alameda,001,1643700,84589,84091,1890,85981,1223
2021-04-06,Alpine,003,1148,86,85,0,85,0
2021-04-06,Amador,005,37829,3610,3587,34,3621,45
2021-04-06,Butte,007,227075,11743,11396,1748,13144,193
2021-04-06,Calaveras,009,45235,2029,2021,12,2033,50
2021-04-06,Colusa,011,21464,1888,1894,283,2177,14
2021-04-06,Contra Costa,013,1133247,66390,65575,1195,66770,774
2021-04-06,Del Norte,015,27424,1233,1197,11,1208,6
2021-04-06,El Dorado,017,186661,9552,9489,654,10143,106
2021-04-06,Fresno,019,978130,100084,99814,8567,108381,1626
2021-04-06,Glenn,021,27897,2353,2335,548,2883,17
2021-04-06,Humboldt,023,135768,3502,3477,25,3502,35
2021-04-06,Imperial,025,180216,27773,27661,2740,30401,713
2021-04-06,Inyo,027,18085,1387,1379,2,1381,36
2021-04-06,Kern,029,883053,95478,94422,10689,105111,1259
2021-04-06,Kings,031,150075,22693,22587,1112,23699,240
2021-04-06,Lake,033,64148,3386,3358,9,3367,43
2021-04-06,Lassen,035,31185,5144,5137,107,5244,1
2021-04-06,Los Angeles,037,10098052,1190219,1183499,41702,1225201,23323
2021-04-06,Madera,039,155013,16220,16085,917,17002,230
2021-04-06,Marin,041,260295,13712,13675,230,13905,224
2021-04-06,Mariposa,043,17540,396,390,6,396,5
2021-04-06,Mendocino,045,87422,3761,3686,71,3757,45
2021-04-06,Merced,047,269075,30079,30100,965,31065,430
2021-04-06,Modoc,049,8938,362,351,120,471,3
2021-04-06,Mono,051,14174,1228,1246,13,1259,3
2021-04-06,Monterey,053,433212,42596,42412,1846,44258,341
2021-04-06,Napa,055,140530,9558,9509,32,9541,78
2021-04-06,Nevada,057,99092,4418,4356,188,4544,69
2021-04-06,Orange,059,3164182,252273,250304,11099,261403,4771
2021-04-06,Placer,061,380077,21875,21184,1351,22535,276
2021-04-06,Plumas,063,18699,671,665,11,676,4
2021-04-06,Riverside,065,2383286,288333,283622,14054,297676,4264
2021-04-06,Sacramento,067,1510023,100177,99110,1501,100611,1537
2021-04-06,San Benito,069,59416,5918,5907,107,6014,62
2021-04-06,San Bernardino,071,2135413,289636,286792,9043,295835,4428
2021-04-06,San Diego,073,3302833,272899,271867,13724,285591,3585
2021-04-06,San Francisco,075,870044,35587,35572,1264,36836,488
2021-04-06,San Joaquin,077,732212,70286,69316,3381,72697,1278
2021-04-06,San Luis Obispo,079,281455,20596,20350,658,21008,252
2021-04-06,San Mateo,081,765935,41125,40649,440,41089,350
2021-04-06,Santa Barbara,083,443738,33996,33257,1185,34442,443
2021-04-06,Santa Clara,085,1922200,114967,115184,683,115867,1900
2021-04-06,Santa Cruz,087,273765,15874,15252,849,16101,203
2021-04-06,Shasta,089,179085,11433,11443,1426,12869,184
2021-04-06,Sierra,091,2930,53,51,14,65,0
2021-04-06,Siskiyou,093,43540,1571,1510,279,1789,7
2021-04-06,Solano,095,438530,31159,31078,429,31507,237
2021-04-06,Sonoma,097,501317,29280,29386,291,29677,311
2021-04-06,Stanislaus,099,539301,53566,53304,5828,59132,686
2021-04-06,Sutter,101,95872,9211,9179,87,9266,106
2021-04-06,Tehama,103,63373,4830,4798,546,5344,52
2021-04-06,Trinity,105,12862,419,321,70,391,3
2021-04-06,Tulare,107,460477,48980,48372,9050,57422,819
2021-04-06,Tuolumne,109,53932,3990,3981,34,4015,57
2021-04-06,Ventura,111,848112,79991,79556,2958,82514,983
2021-04-06,Yolo,113,214977,13428,13443,260,13703,198
2021-04-06,Yuba,115,75493,5765,5733,115,5848,43
2021-04-05,Alameda,001,1643700,84471,84007,1885,85892,1219
2021-04-05,Alpine,003,1148,86,85,0,85,0
2021-04-05,Amador,005,37829,3607,3584,34,3618,45
2021-04-05,Butte,007,227075,11728,11384,1746,13130,193
2021-04-05,Calaveras,009,45235,2027,2019,12,2031,50
2021-04-05,Colusa,011,21464,1888,1894,282,2176,14
2021-04-05,Contra Costa,013,1133247,66324,65457,1193,66650,774
2021-04-05,Del Norte,015,27424,1231,1189,11,1200,6
2021-04-05,El Dorado,017,186661,9537,9463,654,10117,106
2021-04-05,Fresno,019,978130,99996,99755,8559,108314,1622
2021-04-05,Glenn,021,27897,2352,2335,548,2883,17
2021-04-05,Humboldt,023,135768,3493,3475,25,3500,35
2021-04-05,Imperial,025,180216,27741,27604,2735,30339,710
2021-04-05,Inyo,027,18085,1384,1377,2,1379,36
2021-04-05,Kern,029,883053,95423,94401,10664,105065,1249
2021-04-05,Kings,031,150075,22689,22580,1112,23692,239
2021-04-05,Lake,033,64148,3378,3359,9,3368,43
2021-04-05,Lassen,035,31185,5144,5138,106,5244,1
2021-04-05,Los Angeles,037,10098052,1189685,1183200,41651,1224851,23302
2021-04-05,Madera,039,155013,16206,16065,916,16981,230
2021-04-05,Marin,041,260295,13698,13666,226,13892,221
2021-04-05,Mariposa,043,17540,396,390,6,396,5
2021-04-05,Mendocino,045,87422,3759,3687,71,3758,45
2021-04-05,Merced,047,269075,30052,30068,964,31032,427
2021-04-05,Modoc,049,8938,360,346,120,466,3
2021-04-05,Mono,051,14174,1228,1246,13,1259,3
2021-04-05,Monterey,053,433212,42583,42396,1842,44238,341
2021-04-05,Napa,055,140530,9535,9492,32,9524,78
2021-04-05,Nevada,057,99092,4407,4346,188,4534,69
2021-04-05,Orange,059,3164182,252159,250177,11075,261252,4759
2021-04-05,Placer,061,380077,21829,21133,1343,22476,276
2021-04-05,Plumas,063,18699,671,666,11,677,4
2021-04-05,Riverside,065,2383286,288201,283549,14042,297591,4237
2021-04-05,Sacramento,067,1510023,100015,98908,1493,100401,1533
2021-04-05,San Benito,069,59416,5912,5904,107,6011,61
2021-04-05,San Bernardino,071,2135413,289525,286597,9040,295637,4425
2021-04-05,San Diego,073,3302833,272650,271655,13683,285338,3583
2021-04-05,San Francisco,075,870044,35556,35538,1264,36802,488
2021-04-05,San Joaquin,077,732212,70197,69214,3371,72585,1268
2021-04-05,San Luis Obispo,079,281455,20559,20333,658,20991,252
2021-04-05,San Mateo,081,765935,41082,40609,439,41048,350
2021-04-05,Santa Barbara,083,443738,33963,33235,1185,34420,443
2021-04-05,Santa Clara,085,1922200,114799,115091,680,115771,1893
2021-04-05,Santa Cruz,087,273765,15867,15228,849,16077,201
2021-04-05,Shasta,089,179085,11414,11435,1421,12856,184
2021-04-05,Sierra,091,2930,53,50,14,64,0
2021-04-05,Siskiyou,093,43540,1568,1509,277,1786,7
2021-04-05,Solano,095,438530,31119,31026,427,31453,237
2021-04-05,Sonoma,097,501317,29248,29361,289,29650,311
2021-04-05,Stanislaus,099,539301,53486,53238,5825,59063,686
2021-04-05,Sutter,101,95872,9204,9169,87,9256,106
2021-04-05,Tehama,103,63373,4824,4794,546,5340,52
2021-04-05,Trinity,105,12862,418,321,70,391,3
2021-04-05,Tulare,107,460477,48968,48356,9043,57399,818
2021-04-05,Tuolumne,109,53932,3989,3980,34,4014,57
2021-04-05,Ventura,111,848112,79960,79549,2955,82504,983
2021-04-05,Yolo,113,214977,13414,13427,259,13686,198
2021-04-05,Yuba,115,75493,5760,5728,114,5842,43
2021-04-04,Alameda,001,1643700,84353,83951,1880,85831,1219
2021-04-04,Alpine,003,1148,86,85,0,85,0
2021-04-04,Amador,005,37829,3601,3582,34,3616,45
2021-04-04,Butte,007,227075,11713,11375,1745,13120,193
2021-04-04,Calaveras,009,45235,2023,2020,12,2032,50
2021-04-04,Colusa,011,21464,1887,1893,282,2175,14
2021-04-04,Contra Costa,013,1133247,66218,65408,1188,66596,774
2021-04-04,Del Norte,015,27424,1223,1186,11,1197,6
2021-04-04,El Dorado,017,186661,9518,9455,650,10105,106
2021-04-04,Fresno,019,978130,99922,99702,8546,108248,1622
2021-04-04,Glenn,021,27897,2349,2335,547,2882,17
2021-04-04,Humboldt,023,135768,3482,3472,25,3497,35
2021-04-04,Imperial,025,180216,27685,27588,2733,30321,710
2021-04-04,Inyo,027,18085,1380,1377,2,1379,36
2021-04-04,Kern,029,883053,95380,94388,10641,105029,1247
2021-04-04,Kings,031,150075,22687,22580,1111,23691,239
2021-04-04,Lake,033,64148,3372,3355,8,3363,43
2021-04-04,Lassen,035,31185,5143,5138,106,5244,1
2021-04-04,Los Angeles,037,10098052,1189144,1182872,41605,1224477,23301
2021-04-04,Madera,039,155013,16180,16052,912,16964,230
2021-04-04,Marin,041,260295,13685,13663,225,13888,221
2021-04-04,Mariposa,043,17540,396,390,6,396,5
2021-04-04,Mendocino,045,87422,3756,3684,71,3755,45
2021-04-04,Merced,047,269075,30009,30048,961,31009,427
2021-04-04,Modoc,049,8938,360,346,120,466,3
2021-04-04,Mono,051,14174,1227,1245,13,1258,3
2021-04-04,Monterey,053,433212,42566,42391,1841,44232,341
2021-04-04,Napa,055,140530,9523,9486,32,9518,78
2021-04-04,Nevada,057,99092,4395,4337,187,4524,69
2021-04-04,Orange,059,3164182,252023,250117,11059,261176,4759
2021-04-04,Placer,061,380077,21785,21104,1324,22428,276
2021-04-04,Plumas,063,18699,671,666,11,677,4
2021-04-04,Riverside,065,2383286,288077,283537,14038,297575,4237
2021-04-04,Sacramento,067,1510023,99816,98821,1484,100305,1531
2021-04-04,San Benito,069,59416,5902,5901,103,6004,61
2021-04-04,San Bernardino,071,2135413,289384,286561,9032,295593,4423
2021-04-04,San Diego,073,3302833,272339,271528,13641,285169,3583
2021-04-04,San Francisco,075,870044,35502,35525,1261,36786,488
2021-04-04,San Joaquin,077,732212,70096,69147,3359,72506,1268
2021-04-04,San Luis Obispo,079,281455,20527,20328,650,20978,252
2021-04-04,San Mateo,081,765935,41039,40587,436,41023,350
2021-04-04,Santa Barbara,083,443738,33927,33213,1185,34398,443
2021-04-04,Santa Clara,085,1922200,114633,114976,673,115649,1893
2021-04-04,Santa Cruz,087,273765,15858,15219,849,16068,201
2021-04-04,Shasta,089,179085,11388,11433,1420,12853,184
2021-04-04,Sierra,091,2930,53,50,14,64,0
2021-04-04,Siskiyou,093,43540,1565,1509,273,1782,7
2021-04-04,Solano,095,438530,31072,31002,425,31427,237
2021-04-04,Sonoma,097,501317,29216,29340,287,29627,311
2021-04-04,Stanislaus,099,539301,53393,53181,5817,58998,686
2021-04-04,Sutter,101,95872,9197,9164,87,9251,106
2021-04-04,Tehama,103,63373,4812,4792,545,5337,52
2021-04-04,Trinity,105,12862,416,321,70,391,3
2021-04-04,Tulare,107,460477,48953,48343,9035,57378,818
2021-04-04,Tuolumne,109,53932,3981,3980,34,4014,57
2021-04-04,Ventura,111,848112,79917,79526,2953,82479,983
2021-04-04,Yolo,113,214977,13393,13425,258,13683,198
2021-04-04,Yuba,115,75493,5753,5722,114,5836,43
2021-04-03,Alameda,001,1643700,84285,83861,1878,85739,1218
2021-04-03,Alpine,003,1148,86,85,0,85,0
2021-04-03,Amador,005,37829,3598,3577,34,3611,45
2021-04-03,Butte,007,227075,11709,11359,1741,13100,193
2021-04-03,Calaveras,009,45235,2020,2019,12,2031,50
2021-04-03,Colusa,011,21464,1887,1891,282,2173,14
2021-04-03,Contra Costa,013,1133247,66146,65338,1188,66526,774
2021-04-03,Del Norte,015,27424,1218,1183,11,1194,6
2021-04-03,El Dorado,017,186661,9509,9448,649,10097,106
2021-04-03,Fresno,019,978130,99865,99602,8541,108143,1622
2021-04-03,Glenn,021,27897,2349,2334,546,2880,17
2021-04-03,Humboldt,023,135768,3480,3467,25,3492,35
2021-04-03,Imperial,025,180216,27669,27572,2730,30302,710
2021-04-03,Inyo,027,18085,1379,1376,2,1378,36
2021-04-03,Kern,029,883053,95356,94369,10623,104992,1243
2021-04-03,Kings,031,150075,22685,22580,1111,23691,239
2021-04-03,Lake,033,64148,3371,3350,8,3358,43
2021-04-03,Lassen,035,31185,5142,5136,106,5242,1
2021-04-03,Los Angeles,037,10098052,1188846,1182402,41586,1223988,23301
2021-04-03,Madera,039,155013,16171,16051,910,16961,230
2021-04-03,Marin,041,260295,13677,13658,224,13882,221
2021-04-03,Mariposa,043,17540,396,390,5,395,5
2021-04-03,Mendocino,045,87422,3755,3684,71,3755,45
2021-04-03,Merced,047,269075,29994,30031,961,30992,427
2021-04-03,Modoc,049,8938,360,346,120,466,3
2021-04-03,Mono,051,14174,1227,1245,13,1258,3
2021-04-03,Monterey,053,433212,42553,42376,1839,44215,341
2021-04-03,Napa,055,140530,9514,9473,32,9505,78
2021-04-03,Nevada,057,99092,4391,4323,187,4510,69
2021-04-03,Orange,059,3164182,251943,249982,11041,261023,4755
2021-04-03,Placer,061,380077,21754,21060,1320,22380,276
2021-04-03,Plumas,063,18699,671,666,11,677,4
2021-04-03,Riverside,065,2383286,288000,283423,14035,297458,4237
2021-04-03,Sacramento,067,1510023,99708,98660,1478,100138,1531
2021-04-03,San Benito,069,59416,5899,5893,102,5995,61
2021-04-03,San Bernardino,071,2135413,289319,286473,9026,295499,4422
2021-04-03,San Diego,073,3302833,272170,271335,13624,284959,3571
2021-04-03,San Francisco,075,870044,35484,35488,1259,36747,489
2021-04-03,San Joaquin,077,732212,70055,69100,3343,72443,1268
2021-04-03,San Luis Obispo,079,281455,20508,20301,650,20951,252
2021-04-03,San Mateo,081,765935,41014,40560,436,40996,350
2021-04-03,Santa Barbara,083,443738,33901,33172,1184,34356,443
2021-04-03,Santa Clara,085,1922200,114524,114865,671,115536,1893
2021-04-03,Santa Cruz,087,273765,15851,15205,849,16054,201
2021-04-03,Shasta,089,179085,11380,11418,1420,12838,184
2021-04-03,Sierra,091,2930,53,50,14,64,0
2021-04-03,Siskiyou,093,43540,1564,1509,273,1782,7
2021-04-03,Solano,095,438530,31051,30970,422,31392,237
2021-04-03,Sonoma,097,501317,29200,29315,286,29601,311
2021-04-03,Stanislaus,099,539301,53358,53137,5811,58948,686
2021-04-03,Sutter,101,95872,9191,9158,87,9245,106
2021-04-03,Tehama,103,63373,4805,4788,545,5333,52
2021-04-03,Trinity,105,12862,416,321,70,391,3
2021-04-03,Tulare,107,460477,48943,48327,9031,57358,818
2021-04-03,Tuolumne,109,53932,3981,3980,34,4014,57
2021-04-03,Ventura,111,848112,79896,79489,2951,82440,983
2021-04-03,Yolo,113,214977,13387,13414,258,13672,198
2021-04-03,Yuba,115,75493,5747,5716,114,5830,43
2021-04-02,Alameda,001,1643700,84212,83776,1874,85650,1217
2021-04-02,Alpine,003,1148,86,85,0,85,0
2021-04-02,Amador,005,37829,3594,3573,33,3606,45
2021-04-02,Butte,007,227075,11701,11350,1741,13091,193
2021-04-02,Calaveras,009,45235,2016,2010,12,2022,50
2021-04-02,Colusa,011,21464,1887,1891,282,2173,14
2021-04-02,Contra Costa,013,1133247,66082,65299,1187,66486,774
2021-04-02,Del Norte,015,27424,1215,1174,11,1185,6
2021-04-02,El Dorado,017,186661,9496,9437,646,10083,106
2021-04-02,Fresno,019,978130,99811,99551,8530,108081,1620
2021-04-02,Glenn,021,27897,2349,2331,546,2877,17
2021-04-02,Humboldt,023,135768,3476,3465,25,3490,35
2021-04-02,Imperial,025,180216,27656,27553,2723,30276,710
2021-04-02,Inyo,027,18085,1379,1377,2,1379,36
2021-04-02,Kern,029,883053,95338,94348,10620,104968,1233
2021-04-02,Kings,031,150075,22685,22571,1108,23679,239
2021-04-02,Lake,033,64148,3369,3348,8,3356,43
2021-04-02,Lassen,035,31185,5142,5134,106,5240,1
2021-04-02,Los Angeles,037,10098052,1188537,1181682,41563,1223245,23264
2021-04-02,Madera,039,155013,16162,16036,909,16945,230
2021-04-02,Marin,041,260295,13669,13649,224,13873,221
2021-04-02,Mariposa,043,17540,394,390,5,395,5
2021-04-02,Mendocino,045,87422,3752,3682,71,3753,45
2021-04-02,Merced,047,269075,29970,29998,961,30959,426
2021-04-02,Modoc,049,8938,357,346,120,466,3
2021-04-02,Mono,051,14174,1227,1246,13,1259,3
2021-04-02,Monterey,053,433212,42543,42359,1836,44195,341
2021-04-02,Napa,055,140530,9499,9453,32,9485,78
2021-04-02,Nevada,057,99092,4387,4323,187,4510,69
2021-04-02,Orange,059,3164182,251846,249891,11028,260919,4748
2021-04-02,Placer,061,380077,21718,21035,1313,22348,275
2021-04-02,Plumas,063,18699,671,666,11,677,4
2021-04-02,Riverside,065,2383286,287916,283328,14027,297355,4213
2021-04-02,Sacramento,067,1510023,99601,98648,1471,100119,1527
2021-04-02,San Benito,069,59416,5897,5888,100,5988,61
2021-04-02,San Bernardino,071,2135413,289246,286308,9022,295330,4417
2021-04-02,San Diego,073,3302833,271984,271036,13598,284634,3568
2021-04-02,San Francisco,075,870044,35449,35451,1257,36708,488
2021-04-02,San Joaquin,077,732212,69990,68996,3328,72324,1268
2021-04-02,San Luis Obispo,079,281455,20491,20271,649,20920,252
2021-04-02,San Mateo,081,765935,40972,40514,436,40950,350
2021-04-02,Santa Barbara,083,443738,33873,33145,1184,34329,443
2021-04-02,Santa Clara,085,1922200,114413,114777,669,115446,1882
2021-04-02,Santa Cruz,087,273765,15843,15216,849,16065,202
2021-04-02,Shasta,089,179085,11375,11377,1412,12789,181
2021-04-02,Sierra,091,2930,53,50,14,64,0
2021-04-02,Siskiyou,093,43540,1564,1508,272,1780,7
2021-04-02,Solano,095,438530,31022,30951,419,31370,237
2021-04-02,Sonoma,097,501317,29179,29288,285,29573,311
2021-04-02,Stanislaus,099,539301,53313,53073,5804,58877,687
2021-04-02,Sutter,101,95872,9183,9131,87,9218,106
2021-04-02,Tehama,103,63373,4798,4775,544,5319,52
2021-04-02,Trinity,105,12862,416,320,70,390,3
2021-04-02,Tulare,107,460477,48937,48306,9025,57331,818
2021-04-02,Tuolumne,109,53932,3978,3980,34,4014,57
2021-04-02,Ventura,111,848112,79868,79434,2949,82383,982
2021-04-02,Yolo,113,214977,13377,13381,258,13639,197
2021-04-02,Yuba,115,75493,5744,5709,114,5823,44
2021-04-01,Alameda,001,1643700,84130,83574,1869,85443,1216
2021-04-01,Alpine,003,1148,86,85,0,85,0
2021-04-01,Amador,005,37829,3590,3558,33,3591,45
2021-04-01,Butte,007,227075,11683,11328,1739,13067,193
2021-04-01,Calaveras,009,45235,2012,2006,12,2018,50
2021-04-01,Colusa,011,21464,1884,1890,282,2172,14
2021-04-01,Contra Costa,013,1133247,66022,65176,1185,66361,771
2021-04-01,Del Norte,015,27424,1210,1138,11,1149,6
2021-04-01,El Dorado,017,186661,9487,9393,642,10035,106
2021-04-01,Fresno,019,978130,99758,99317,8522,107839,1616
2021-04-01,Glenn,021,27897,2349,2322,545,2867,17
2021-04-01,Humboldt,023,135768,3472,3464,25,3489,35
2021-04-01,Imperial,025,180216,27626,27520,2717,30237,710
2021-04-01,Inyo,027,18085,1378,1374,2,1376,36
2021-04-01,Kern,029,883053,95303,94244,10607,104851,1233
2021-04-01,Kings,031,150075,22678,22560,1107,23667,239
2021-04-01,Lake,033,64148,3364,3337,8,3345,43
2021-04-01,Lassen,035,31185,5141,5132,106,5238,1
2021-04-01,Los Angeles,037,10098052,1188050,1181101,41536,1222637,23220
2021-04-01,Madera,039,155013,16146,16023,909,16932,230
2021-04-01,Marin,041,260295,13659,13635,224,13859,221
2021-04-01,Mariposa,043,17540,392,389,5,394,5
2021-04-01,Mendocino,045,87422,3752,3680,71,3751,45
2021-04-01,Merced,047,269075,29936,29820,961,30781,425
2021-04-01,Modoc,049,8938,356,346,120,466,3
2021-04-01,Mono,051,14174,1227,1245,13,1258,3
2021-04-01,Monterey,053,433212,42535,42324,1834,44158,339
2021-04-01,Napa,055,140530,9487,9410,32,9442,78
2021-04-01,Nevada,057,99092,4377,4288,186,4474,68
2021-04-01,Orange,059,3164182,251726,249617,11010,260627,4742
2021-04-01,Placer,061,380077,21679,20909,1301,22210,274
2021-04-01,Plumas,063,18699,671,664,11,675,4
2021-04-01,Riverside,065,2383286,287813,283128,14025,297153,4193
2021-04-01,Sacramento,067,1510023,99456,97952,1457,99409,1521
2021-04-01,San Benito,069,59416,5889,5878,99,5977,61
2021-04-01,San Bernardino,071,2135413,289129,286086,9013,295099,4404
2021-04-01,San Diego,073,3302833,271759,270540,13568,284108,3555
2021-04-01,San Francisco,075,870044,35428,35386,1254,36640,488
2021-04-01,San Joaquin,077,732212,69908,68802,3320,72122,1262
2021-04-01,San Luis Obispo,079,281455,20462,20235,648,20883,252
2021-04-01,San Mateo,081,765935,40931,40454,436,40890,350
2021-04-01,Santa Barbara,083,443738,33828,33096,1179,34275,443
2021-04-01,Santa Clara,085,1922200,114300,114606,668,115274,1874
2021-04-01,Santa Cruz,087,273765,15828,15271,849,16120,202
2021-04-01,Shasta,089,179085,11360,11355,1406,12761,181
2021-04-01,Sierra,091,2930,53,50,14,64,0
2021-04-01,Siskiyou,093,43540,1562,1507,271,1778,7
2021-04-01,Solano,095,438530,30989,30850,416,31266,237
2021-04-01,Sonoma,097,501317,29148,29241,278,29519,311
2021-04-01,Stanislaus,099,539301,53250,52825,5798,58623,687
2021-04-01,Sutter,101,95872,9171,9105,87,9192,106
2021-04-01,Tehama,103,63373,4792,4764,541,5305,52
2021-04-01,Trinity,105,12862,416,319,70,389,3
2021-04-01,Tulare,107,460477,48914,48279,9015,57294,817
2021-04-01,Tuolumne,109,53932,3977,3978,34,4012,57
2021-04-01,Ventura,111,848112,79844,79369,2948,82317,977
2021-04-01,Yolo,113,214977,13364,13342,258,13600,197
2021-04-01,Yuba,115,75493,5739,5694,114,5808,44
2021-03-31,Alameda,001,1643700,84048,83475,1864,85339,1215
2021-03-31,Alpine,003,1148,86,85,0,85,0
2021-03-31,Amador,005,37829,3587,3556,33,3589,45
2021-03-31,Butte,007,227075,11673,11321,1736,13057,193
2021-03-31,Calaveras,009,45235,2010,2005,12,2017,50
2021-03-31,Colusa,011,21464,1884,1890,282,2172,14
2021-03-31,Contra Costa,013,1133247,65937,65109,1184,66293,769
2021-03-31,Del Norte,015,27424,1201,1129,11,1140,6
2021-03-31,El Dorado,017,186661,9470,9390,642,10032,106
2021-03-31,Fresno,019,978130,99667,99240,8506,107746,1616
2021-03-31,Glenn,021,27897,2344,2318,543,2861,17
2021-03-31,Humboldt,023,135768,3466,3460,25,3485,35
2021-03-31,Imperial,025,180216,27606,27506,2716,30222,710
2021-03-31,Inyo,027,18085,1375,1373,2,1375,35
2021-03-31,Kern,029,883053,95260,94205,10598,104803,1229
2021-03-31,Kings,031,150075,22675,22540,1107,23647,239
2021-03-31,Lake,033,64148,3360,3332,8,3340,43
2021-03-31,Lassen,035,31185,5137,5132,106,5238,1
2021-03-31,Los Angeles,037,10098052,1187587,1180538,41494,1222032,23171
2021-03-31,Madera,039,155013,16132,16015,908,16923,229
2021-03-31,Marin,041,260295,13648,13624,224,13848,221
2021-03-31,Mariposa,043,17540,392,389,5,394,5
2021-03-31,Mendocino,045,87422,3746,3675,71,3746,45
2021-03-31,Merced,047,269075,29907,29780,961,30741,423
2021-03-31,Modoc,049,8938,356,346,120,466,3
2021-03-31,Mono,051,14174,1227,1245,13,1258,3
2021-03-31,Monterey,053,433212,42518,42309,1832,44141,338
2021-03-31,Napa,055,140530,9469,9401,32,9433,78
2021-03-31,Nevada,057,99092,4371,4283,186,4469,68
2021-03-31,Orange,059,3164182,251614,249518,10995,260513,4731
2021-03-31,Placer,061,380077,21630,20885,1293,22178,271
2021-03-31,Plumas,063,18699,670,663,11,674,4
2021-03-31,Riverside,065,2383286,287713,283006,14014,297020,4171
2021-03-31,Sacramento,067,1510023,99280,97760,1450,99210,1519
2021-03-31,San Benito,069,59416,5879,5875,99,5974,61
2021-03-31,San Bernardino,071,2135413,289035,285916,9010,294926,4356
2021-03-31,San Diego,073,3302833,271528,270288,13533,283821,3555
2021-03-31,San Francisco,075,870044,35384,35347,1253,36600,474
2021-03-31,San Joaquin,077,732212,69820,68685,3303,71988,1259
2021-03-31,San Luis Obispo,079,281455,20441,20215,647,20862,251
2021-03-31,San Mateo,081,765935,40901,40423,436,40859,350
2021-03-31,Santa Barbara,083,443738,33797,33052,1177,34229,443
2021-03-31,Santa Clara,085,1922200,114173,114499,668,115167,1874
2021-03-31,Santa Cruz,087,273765,15815,15295,848,16143,201
2021-03-31,Shasta,089,179085,11348,11327,1398,12725,179
2021-03-31,Sierra,091,2930,53,50,14,64,0
2021-03-31,Siskiyou,093,43540,1561,1505,271,1776,7
2021-03-31,Solano,095,438530,30943,30824,415,31239,235
2021-03-31,Sonoma,097,501317,29121,29216,278,29494,311
2021-03-31,Stanislaus,099,539301,53182,52782,5786,58568,687
2021-03-31,Sutter,101,95872,9160,9111,87,9198,106
2021-03-31,Tehama,103,63373,4787,4762,538,5300,52
2021-03-31,Trinity,105,12862,416,319,70,389,3
2021-03-31,Tulare,107,460477,48894,48261,8998,57259,816
2021-03-31,Tuolumne,109,53932,3977,3976,34,4010,57
2021-03-31,Ventura,111,848112,79812,79326,2944,82270,969
2021-03-31,Yolo,113,214977,13347,13359,257,13616,197
2021-03-31,Yuba,115,75493,5732,5686,114,5800,44
2021-03-30,Alameda,001,1643700,83948,83395,1861,85256,1211
2021-03-30,Alpine,003,1148,86,85,0,85,0
2021-03-30,Amador,005,37829,3584,3551,33,3584,45
2021-03-30,Butte,007,227075,11661,11296,1733,13029,193
2021-03-30,Calaveras,009,45235,2004,1997,12,2009,50
2021-03-30,Colusa,011,21464,1883,1890,281,2171,14
2021-03-30,Contra Costa,013,1133247,65849,65041,1182,66223,767
2021-03-30,Del Norte,015,27424,1193,1118,10,1128,6
2021-03-30,El Dorado,017,186661,9451,9381,639,10020,105
2021-03-30,Fresno,019,978130,99604,99156,8494,107650,1609
2021-03-30,Glenn,021,27897,2343,2310,542,2852,17
2021-03-30,Humboldt,023,135768,3464,3461,25,3486,35
2021-03-30,Imperial,025,180216,27577,27471,2714,30185,706
2021-03-30,Inyo,027,18085,1375,1374,2,1376,35
2021-03-30,Kern,029,883053,95218,94151,10589,104740,1221
2021-03-30,Kings,031,150075,22671,22530,1105,23635,238
2021-03-30,Lake,033,64148,3354,3330,8,3338,43
2021-03-30,Lassen,035,31185,5137,5132,106,5238,1
2021-03-30,Los Angeles,037,10098052,1187094,1180044,41472,1221516,23136
2021-03-30,Madera,039,155013,16122,16003,904,16907,229
2021-03-30,Marin,041,260295,13639,13611,216,13827,221
2021-03-30,Mariposa,043,17540,392,388,5,393,5
2021-03-30,Mendocino,045,87422,3744,3670,71,3741,45
2021-03-30,Merced,047,269075,29871,29731,961,30692,423
2021-03-30,Modoc,049,8938,355,346,120,466,3
2021-03-30,Mono,051,14174,1226,1245,13,1258,3
2021-03-30,Monterey,053,433212,42492,42308,1829,44137,338
2021-03-30,Napa,055,140530,9454,9391,32,9423,78
2021-03-30,Nevada,057,99092,4359,4266,185,4451,68
2021-03-30,Orange,059,3164182,251486,249412,10967,260379,4727
2021-03-30,Placer,061,380077,21590,20866,1287,22153,271
2021-03-30,Plumas,063,18699,670,661,11,672,4
2021-03-30,Riverside,065,2383286,287594,282930,14005,296935,4154
2021-03-30,Sacramento,067,1510023,99143,97718,1446,99164,1516
2021-03-30,San Benito,069,59416,5873,5870,99,5969,61
2021-03-30,San Bernardino,071,2135413,288927,285758,9001,294759,4343
2021-03-30,San Diego,073,3302833,271291,269998,13495,283493,3555
2021-03-30,San Francisco,075,870044,35334,35325,1252,36577,474
2021-03-30,San Joaquin,077,732212,69733,68613,3292,71905,1232
2021-03-30,San Luis Obispo,079,281455,20421,20194,647,20841,251
2021-03-30,San Mateo,081,765935,40856,40377,436,40813,349
2021-03-30,Santa Barbara,083,443738,33772,33016,1177,34193,441
2021-03-30,Santa Clara,085,1922200,114051,114413,667,115080,1873
2021-03-30,Santa Cruz,087,273765,15809,15278,848,16126,201
2021-03-30,Shasta,089,179085,11340,11316,1397,12713,184
2021-03-30,Sierra,091,2930,53,50,14,64,0
2021-03-30,Siskiyou,093,43540,1560,1501,271,1772,7
2021-03-30,Solano,095,438530,30913,30802,414,31216,232
2021-03-30,Sonoma,097,501317,29090,29198,278,29476,311
2021-03-30,Stanislaus,099,539301,53104,52690,5778,58468,677
2021-03-30,Sutter,101,95872,9156,9107,86,9193,106
2021-03-30,Tehama,103,63373,4778,4748,537,5285,52
2021-03-30,Trinity,105,12862,416,316,70,386,3
2021-03-30,Tulare,107,460477,48880,48249,8989,57238,815
2021-03-30,Tuolumne,109,53932,3972,3972,34,4006,57
2021-03-30,Ventura,111,848112,79768,79282,2941,82223,958
2021-03-30,Yolo,113,214977,13335,13353,257,13610,195
2021-03-30,Yuba,115,75493,5721,5679,108,5787,42
2021-03-29,Alameda,001,1643700,83845,83338,1860,85198,1211
2021-03-29,Alpine,003,1148,86,85,0,85,0
2021-03-29,Amador,005,37829,3578,3549,33,3582,45
2021-03-29,Butte,007,227075,11652,11291,1730,13021,191
2021-03-29,Calaveras,009,45235,2003,1998,12,2010,50
2021-03-29,Colusa,011,21464,1883,1889,280,2169,14
2021-03-29,Contra Costa,013,1133247,65781,64971,1181,66152,767
2021-03-29,Del Norte,015,27424,1188,1116,9,1125,6
2021-03-29,El Dorado,017,186661,9431,9374,633,10007,105
2021-03-29,Fresno,019,978130,99521,99085,8481,107566,1606
2021-03-29,Glenn,021,27897,2337,2310,542,2852,17
2021-03-29,Humboldt,023,135768,3459,3459,25,3484,34
2021-03-29,Imperial,025,180216,27557,27442,2710,30152,704
2021-03-29,Inyo,027,18085,1375,1372,2,1374,35
2021-03-29,Kern,029,883053,95170,94098,10569,104667,1220
2021-03-29,Kings,031,150075,22659,22522,1104,23626,238
2021-03-29,Lake,033,64148,3351,3325,8,3333,43
2021-03-29,Lassen,035,31185,5137,5131,106,5237,1
2021-03-29,Los Angeles,037,10098052,1186603,1179736,41431,1221167,23108
2021-03-29,Madera,039,155013,16102,15987,902,16889,210
2021-03-29,Marin,041,260295,13627,13600,212,13812,220
2021-03-29,Mariposa,043,17540,391,388,5,393,5
2021-03-29,Mendocino,045,87422,3741,3667,71,3738,45
2021-03-29,Merced,047,269075,29847,29699,961,30660,422
2021-03-29,Modoc,049,8938,354,344,120,464,3
2021-03-29,Mono,051,14174,1225,1243,13,1256,3
2021-03-29,Monterey,053,433212,42476,42305,1824,44129,337
2021-03-29,Napa,055,140530,9438,9379,32,9411,78
2021-03-29,Nevada,057,99092,4352,4258,185,4443,68
2021-03-29,Orange,059,3164182,251374,249295,10954,260249,4713
2021-03-29,Placer,061,380077,21555,20827,1280,22107,267
2021-03-29,Plumas,063,18699,669,660,11,671,4
2021-03-29,Riverside,065,2383286,287505,282867,14003,296870,4133
2021-03-29,Sacramento,067,1510023,98949,97577,1438,99015,1514
2021-03-29,San Benito,069,59416,5866,5865,99,5964,61
2021-03-29,San Bernardino,071,2135413,288831,285615,8997,294612,4335
2021-03-29,San Diego,073,3302833,271024,269771,13470,283241,3547
2021-03-29,San Francisco,075,870044,35299,35291,1249,36540,474
2021-03-29,San Joaquin,077,732212,69648,68537,3278,71815,1211
2021-03-29,San Luis Obispo,079,281455,20387,20176,645,20821,250
2021-03-29,San Mateo,081,765935,40814,40357,435,40792,348
2021-03-29,Santa Barbara,083,443738,33738,32983,1176,34159,439
2021-03-29,Santa Clara,085,1922200,113945,114335,662,114997,1871
2021-03-29,Santa Cruz,087,273765,15798,15249,847,16096,201
2021-03-29,Shasta,089,179085,11322,11313,1395,12708,183
2021-03-29,Sierra,091,2930,53,50,14,64,0
2021-03-29,Siskiyou,093,43540,1559,1497,270,1767,6
2021-03-29,Solano,095,438530,30874,30762,412,31174,232
2021-03-29,Sonoma,097,501317,29067,29184,275,29459,310
2021-03-29,Stanislaus,099,539301,53020,52614,5770,58384,677
2021-03-29,Sutter,101,95872,9149,9105,86,9191,106
2021-03-29,Tehama,103,63373,4770,4742,536,5278,52
2021-03-29,Trinity,105,12862,416,314,70,384,3
2021-03-29,Tulare,107,460477,48853,48226,8978,57204,815
2021-03-29,Tuolumne,109,53932,3970,3969,34,4003,57
2021-03-29,Ventura,111,848112,79727,79252,2940,82192,956
2021-03-29,Yolo,113,214977,13317,13346,257,13603,195
2021-03-29,Yuba,115,75493,5714,5671,107,5778,42
2021-03-28,Alameda,001,1643700,83723,83239,1858,85097,1212
2021-03-28,Alpine,003,1148,86,85,0,85,0
2021-03-28,Amador,005,37829,3574,3541,33,3574,45
2021-03-28,Butte,007,227075,11639,11285,1728,13013,191
2021-03-28,Calaveras,009,45235,2001,1995,12,2007,50
2021-03-28,Colusa,011,21464,1882,1889,280,2169,14
2021-03-28,Contra Costa,013,1133247,65707,64878,1177,66055,767
2021-03-28,Del Norte,015,27424,1181,1107,7,1114,6
2021-03-28,El Dorado,017,186661,9416,9371,631,10002,105
2021-03-28,Fresno,019,978130,99439,99004,8469,107473,1606
2021-03-28,Glenn,021,27897,2334,2309,540,2849,17
2021-03-28,Humboldt,023,135768,3456,3452,24,3476,34
2021-03-28,Imperial,025,180216,27530,27426,2707,30133,704
2021-03-28,Inyo,027,18085,1374,1372,2,1374,35
2021-03-28,Kern,029,883053,95125,94084,10557,104641,1219
2021-03-28,Kings,031,150075,22655,22514,1100,23614,238
2021-03-28,Lake,033,64148,3346,3320,8,3328,43
2021-03-28,Lassen,035,31185,5137,5131,105,5236,1
2021-03-28,Los Angeles,037,10098052,1186054,1179316,41371,1220687,23101
2021-03-28,Madera,039,155013,16087,15973,901,16874,210
2021-03-28,Marin,041,260295,13614,13594,210,13804,221
2021-03-28,Mariposa,043,17540,391,388,5,393,5
2021-03-28,Mendocino,045,87422,3739,3666,71,3737,45
2021-03-28,Merced,047,269075,29790,29679,961,30640,422
2021-03-28,Modoc,049,8938,354,344,120,464,3
2021-03-28,Mono,051,14174,1224,1242,13,1255,3
2021-03-28,Monterey,053,433212,42453,42294,1820,44114,337
2021-03-28,Napa,055,140530,9424,9368,32,9400,78
2021-03-28,Nevada,057,99092,4338,4239,185,4424,68
2021-03-28,Orange,059,3164182,251220,249238,10944,260182,4713
2021-03-28,Placer,061,380077,21511,20796,1274,22070,267
2021-03-28,Plumas,063,18699,667,657,11,668,4
2021-03-28,Riverside,065,2383286,287402,282811,13995,296806,4132
2021-03-28,Sacramento,067,1510023,98774,97425,1432,98857,1514
2021-03-28,San Benito,069,59416,5861,5862,99,5961,61
2021-03-28,San Bernardino,071,2135413,288712,285570,8987,294557,4332
2021-03-28,San Diego,073,3302833,270750,269476,13442,282918,3547
2021-03-28,San Francisco,075,870044,35253,35286,1245,36531,474
2021-03-28,San Joaquin,077,732212,69523,68459,3258,71717,1211
2021-03-28,San Luis Obispo,079,281455,20352,20172,642,20814,250
2021-03-28,San Mateo,081,765935,40769,40305,435,40740,348
2021-03-28,Santa Barbara,083,443738,33696,32953,1176,34129,439
2021-03-28,Santa Clara,085,1922200,113845,114232,658,114890,1871
2021-03-28,Santa Cruz,087,273765,15784,15238,846,16084,201
2021-03-28,Shasta,089,179085,11296,11308,1384,12692,183
2021-03-28,Sierra,091,2930,53,50,14,64,0
2021-03-28,Siskiyou,093,43540,1559,1497,269,1766,6
2021-03-28,Solano,095,438530,30837,30719,410,31129,232
2021-03-28,Sonoma,097,501317,29031,29161,273,29434,310
2021-03-28,Stanislaus,099,539301,52932,52567,5755,58322,678
2021-03-28,Sutter,101,95872,9140,9094,86,9180,106
2021-03-28,Tehama,103,63373,4760,4740,532,5272,52
2021-03-28,Trinity,105,12862,414,314,69,383,3
2021-03-28,Tulare,107,460477,48824,48218,8972,57190,815
2021-03-28,Tuolumne,109,53932,3968,3969,33,4002,57
2021-03-28,Ventura,111,848112,79676,79222,2935,82157,956
2021-03-28,Yolo,113,214977,13299,13325,256,13581,194
2021-03-28,Yuba,115,75493,5710,5662,107,5769,42
2021-03-27,Alameda,001,1643700,83651,83169,1854,85023,1211
2021-03-27,Alpine,003,1148,86,85,0,85,0
2021-03-27,Amador,005,37829,3569,3538,33,3571,45
2021-03-27,Butte,007,227075,11632,11278,1727,13005,191
2021-03-27,Calaveras,009,45235,1998,1992,12,2004,50
2021-03-27,Colusa,011,21464,1882,1889,280,2169,14
2021-03-27,Contra Costa,013,1133247,65637,64804,1174,65978,767
2021-03-27,Del Norte,015,27424,1171,1104,7,1111,6
2021-03-27,El Dorado,017,186661,9402,9367,631,9998,105
2021-03-27,Fresno,019,978130,99387,98901,8464,107365,1606
2021-03-27,Glenn,021,27897,2333,2308,540,2848,17
2021-03-27,Humboldt,023,135768,3451,3442,24,3466,34
2021-03-27,Imperial,025,180216,27518,27406,2704,30110,704
2021-03-27,Inyo,027,18085,1372,1372,2,1374,35
2021-03-27,Kern,029,883053,95106,94041,10544,104585,1217
2021-03-27,Kings,031,150075,22652,22502,1100,23602,238
2021-03-27,Lake,033,64148,3344,3317,8,3325,43
2021-03-27,Lassen,035,31185,5137,5129,105,5234,1
2021-03-27,Los Angeles,037,10098052,1185742,1178831,41342,1220173,23103
2021-03-27,Madera,039,155013,16080,15968,899,16867,210
2021-03-27,Marin,041,260295,13609,13579,210,13789,222
2021-03-27,Mariposa,043,17540,391,386,5,391,5
2021-03-27,Mendocino,045,87422,3738,3666,71,3737,45
2021-03-27,Merced,047,269075,29757,29647,959,30606,422
2021-03-27,Modoc,049,8938,354,344,120,464,3
2021-03-27,Mono,051,14174,1222,1241,13,1254,3
2021-03-27,Monterey,053,433212,42443,42271,1820,44091,337
2021-03-27,Napa,055,140530,9412,9360,32,9392,78
2021-03-27,Nevada,057,99092,4328,4231,185,4416,68
2021-03-27,Orange,059,3164182,251126,249160,10928,260088,4698
2021-03-27,Placer,061,380077,21491,20717,1267,21984,267
2021-03-27,Plumas,063,18699,666,655,11,666,4
2021-03-27,Riverside,065,2383286,287340,282707,13987,296694,4132
2021-03-27,Sacramento,067,1510023,98684,97247,1430,98677,1513
2021-03-27,San Benito,069,59416,5859,5862,97,5959,61
2021-03-27,San Bernardino,071,2135413,288650,285480,8985,294465,4325
2021-03-27,San Diego,073,3302833,270580,269271,13420,282691,3540
2021-03-27,San Francisco,075,870044,35229,35244,1243,36487,474
2021-03-27,San Joaquin,077,732212,69463,68365,3249,71614,1211
2021-03-27,San Luis Obispo,079,281455,20341,20153,639,20792,250
2021-03-27,San Mateo,081,765935,40746,40264,435,40699,348
2021-03-27,Santa Barbara,083,443738,33673,32921,1176,34097,439
2021-03-27,Santa Clara,085,1922200,113749,114124,656,114780,1871
2021-03-27,Santa Cruz,087,273765,15778,15215,846,16061,201
2021-03-27,Shasta,089,179085,11285,11288,1382,12670,183
2021-03-27,Sierra,091,2930,53,50,14,64,0
2021-03-27,Siskiyou,093,43540,1559,1497,269,1766,6
2021-03-27,Solano,095,438530,30809,30669,409,31078,232
2021-03-27,Sonoma,097,501317,29016,29133,271,29404,310
2021-03-27,Stanislaus,099,539301,52868,52497,5747,58244,678
2021-03-27,Sutter,101,95872,9132,9093,86,9179,106
2021-03-27,Tehama,103,63373,4754,4738,530,5268,52
2021-03-27,Trinity,105,12862,414,313,69,382,3
2021-03-27,Tulare,107,460477,48808,48203,8964,57167,813
2021-03-27,Tuolumne,109,53932,3965,3968,33,4001,57
2021-03-27,Ventura,111,848112,79649,79184,2933,82117,956
2021-03-27,Yolo,113,214977,13294,13317,255,13572,194
2021-03-27,Yuba,115,75493,5708,5657,107,5764,42
2021-03-26,Alameda,001,1643700,83589,83043,1852,84895,1208
2021-03-26,Alpine,003,1148,86,85,0,85,0
2021-03-26,Amador,005,37829,3564,3532,33,3565,45
2021-03-26,Butte,007,227075,11622,11278,1727,13005,191
2021-03-26,Calaveras,009,45235,1997,1989,12,2001,50
2021-03-26,Colusa,011,21464,1882,1889,280,2169,14
2021-03-26,Contra Costa,013,1133247,65577,64699,1172,65871,761
2021-03-26,Del Norte,015,27424,1168,1101,7,1108,6
2021-03-26,El Dorado,017,186661,9397,9353,631,9984,105
2021-03-26,Fresno,019,978130,99327,98731,8452,107183,1601
2021-03-26,Glenn,021,27897,2333,2307,539,2846,17
2021-03-26,Humboldt,023,135768,3449,3431,24,3455,34
2021-03-26,Imperial,025,180216,27494,27374,2704,30078,701
2021-03-26,Inyo,027,18085,1371,1369,2,1371,35
2021-03-26,Kern,029,883053,95080,93949,10538,104487,1211
2021-03-26,Kings,031,150075,22644,22493,1098,23591,239
2021-03-26,Lake,033,64148,3343,3314,8,3322,43
2021-03-26,Lassen,035,31185,5136,5131,105,5236,1
2021-03-26,Los Angeles,037,10098052,1185407,1178213,41327,1219540,23080
2021-03-26,Madera,039,155013,16070,15952,899,16851,210
2021-03-26,Marin,041,260295,13603,13553,205,13758,221
2021-03-26,Mariposa,043,17540,391,386,5,391,5
2021-03-26,Mendocino,045,87422,3737,3664,71,3735,45
2021-03-26,Merced,047,269075,29734,29613,957,30570,419
2021-03-26,Modoc,049,8938,354,344,120,464,3
2021-03-26,Mono,051,14174,1221,1236,13,1249,3
2021-03-26,Monterey,053,433212,42430,42241,1816,44057,338
2021-03-26,Napa,055,140530,9402,9349,32,9381,78
2021-03-26,Nevada,057,99092,4308,4222,185,4407,83
2021-03-26,Orange,059,3164182,251063,248995,10914,259909,4671
2021-03-26,Placer,061,380077,21465,20679,1265,21944,259
2021-03-26,Plumas,063,18699,665,654,11,665,4
2021-03-26,Riverside,065,2383286,287262,282602,13981,296583,4109
2021-03-26,Sacramento,067,1510023,98584,97040,1425,98465,1509
2021-03-26,San Benito,069,59416,5856,5855,97,5952,61
2021-03-26,San Bernardino,071,2135413,288595,285313,8982,294295,4288
2021-03-26,San Diego,073,3302833,270402,269045,13394,282439,3525
2021-03-26,San Francisco,075,870044,35203,35186,1243,36429,472
2021-03-26,San Joaquin,077,732212,69400,68249,3244,71493,1202
2021-03-26,San Luis Obispo,079,281455,20328,20118,639,20757,250
2021-03-26,San Mateo,081,765935,40711,40199,435,40634,348
2021-03-26,Santa Barbara,083,443738,33643,32895,1176,34071,439
2021-03-26,Santa Clara,085,1922200,113651,113959,655,114614,1868
2021-03-26,Santa Cruz,087,273765,15763,15199,845,16044,201
2021-03-26,Shasta,089,179085,11276,11276,1376,12652,182
2021-03-26,Sierra,091,2930,53,50,14,64,0
2021-03-26,Siskiyou,093,43540,1559,1493,268,1761,6
2021-03-26,Solano,095,438530,30784,30640,409,31049,205
2021-03-26,Sonoma,097,501317,29000,29101,268,29369,310
2021-03-26,Stanislaus,099,539301,52800,52420,5743,58163,678
2021-03-26,Sutter,101,95872,9130,9082,86,9168,104
2021-03-26,Tehama,103,63373,4753,4722,529,5251,51
2021-03-26,Trinity,105,12862,414,311,69,380,3
2021-03-26,Tulare,107,460477,48794,48179,8955,57134,813
2021-03-26,Tuolumne,109,53932,3964,3965,33,3998,57
2021-03-26,Ventura,111,848112,79615,79122,2931,82053,953
2021-03-26,Yolo,113,214977,13287,13299,253,13552,194
2021-03-26,Yuba,115,75493,5698,5653,107,5760,42
2021-03-25,Alameda,001,1643700,83491,82945,1850,84795,1206
2021-03-25,Alpine,003,1148,86,84,0,84,0
2021-03-25,Amador,005,37829,3562,3530,33,3563,45
2021-03-25,Butte,007,227075,11612,11270,1727,12997,188
2021-03-25,Calaveras,009,45235,1996,1982,12,1994,50
2021-03-25,Colusa,011,21464,1882,1888,280,2168,14
2021-03-25,Contra Costa,013,1133247,65510,64606,1168,65774,757
2021-03-25,Del Norte,015,27424,1162,1095,7,1102,6
2021-03-25,El Dorado,017,186661,9387,9331,631,9962,105
2021-03-25,Fresno,019,978130,99207,98602,8438,107040,1593
2021-03-25,Glenn,021,27897,2332,2302,538,2840,17
2021-03-25,Humboldt,023,135768,3444,3423,24,3447,34
2021-03-25,Imperial,025,180216,27478,27352,2703,30055,699
2021-03-25,Inyo,027,18085,1371,1369,2,1371,35
2021-03-25,Kern,029,883053,95048,93857,10533,104390,1206
2021-03-25,Kings,031,150075,22634,22472,1098,23570,237
2021-03-25,Lake,033,64148,3338,3312,8,3320,43
2021-03-25,Lassen,035,31185,5136,5129,105,5234,1
2021-03-25,Los Angeles,037,10098052,1184979,1177490,41291,1218781,23051
2021-03-25,Madera,039,155013,16051,15937,897,16834,210
2021-03-25,Marin,041,260295,13594,13538,202,13740,219
2021-03-25,Mariposa,043,17540,391,386,5,391,5
2021-03-25,Mendocino,045,87422,3736,3664,71,3735,45
2021-03-25,Merced,047,269075,29699,29576,948,30524,416
2021-03-25,Modoc,049,8938,354,343,120,463,3
2021-03-25,Mono,051,14174,1221,1235,13,1248,3
2021-03-25,Monterey,053,433212,42409,42220,1811,44031,336
2021-03-25,Napa,055,140530,9383,9321,32,9353,78
2021-03-25,Nevada,057,99092,4290,4202,183,4385,84
2021-03-25,Orange,059,3164182,250950,248871,10893,259764,4655
2021-03-25,Placer,061,380077,21424,20639,1258,21897,252
2021-03-25,Plumas,063,18699,665,654,11,665,4
2021-03-25,Riverside,065,2383286,287165,282492,13970,296462,4078
2021-03-25,Sacramento,067,1510023,98439,96823,1422,98245,1505
2021-03-25,San Benito,069,59416,5853,5850,97,5947,61
2021-03-25,San Bernardino,071,2135413,288513,285134,8977,294111,4222
2021-03-25,San Diego,073,3302833,270175,268623,13363,281986,3520
2021-03-25,San Francisco,075,870044,35164,35154,1241,36395,468
2021-03-25,San Joaquin,077,732212,69302,68089,3205,71294,1196
2021-03-25,San Luis Obispo,079,281455,20310,20076,639,20715,250
2021-03-25,San Mateo,081,765935,40671,40147,435,40582,348
2021-03-25,Santa Barbara,083,443738,33613,32857,1176,34033,439
2021-03-25,Santa Clara,085,1922200,113548,113877,653,114530,1868
2021-03-25,Santa Cruz,087,273765,15742,15170,845,16015,201
2021-03-25,Shasta,089,179085,11259,11262,1374,12636,181
2021-03-25,Sierra,091,2930,53,50,14,64,0
2021-03-25,Siskiyou,093,43540,1557,1491,267,1758,6
2021-03-25,Solano,095,438530,30724,30583,407,30990,193
2021-03-25,Sonoma,097,501317,28965,29060,264,29324,310
2021-03-25,Stanislaus,099,539301,52733,52321,5736,58057,678
2021-03-25,Sutter,101,95872,9121,9069,86,9155,104
2021-03-25,Tehama,103,63373,4751,4719,528,5247,52
2021-03-25,Trinity,105,12862,414,310,69,379,3
2021-03-25,Tulare,107,460477,48768,48148,8942,57090,811
2021-03-25,Tuolumne,109,53932,3963,3962,33,3995,57
2021-03-25,Ventura,111,848112,79574,79045,2927,81972,952
2021-03-25,Yolo,113,214977,13281,13287,253,13540,194
2021-03-25,Yuba,115,75493,5692,5647,101,5748,42
2021-03-24,Alameda,001,1643700,83396,82871,1847,84718,1199
2021-03-24,Alpine,003,1148,86,84,0,84,0
2021-03-24,Amador,005,37829,3556,3529,33,3562,45
2021-03-24,Butte,007,227075,11602,11252,1723,12975,187
2021-03-24,Calaveras,009,45235,1993,1975,12,1987,50
2021-03-24,Colusa,011,21464,1882,1886,279,2165,14
2021-03-24,Contra Costa,013,1133247,65430,64539,1167,65706,755
2021-03-24,Del Norte,015,27424,1157,1087,7,1094,6
2021-03-24,El Dorado,017,186661,9381,9319,630,9949,105
2021-03-24,Fresno,019,978130,99116,98437,8423,106860,1585
2021-03-24,Glenn,021,27897,2331,2297,537,2834,17
2021-03-24,Humboldt,023,135768,3441,3414,24,3438,34
2021-03-24,Imperial,025,180216,27469,27325,2703,30028,699
2021-03-24,Inyo,027,18085,1371,1368,2,1370,35
2021-03-24,Kern,029,883053,95000,93800,10524,104324,1198
2021-03-24,Kings,031,150075,22619,22456,1096,23552,237
2021-03-24,Lake,033,64148,3334,3307,8,3315,43
2021-03-24,Lassen,035,31185,5134,5130,104,5234,1
2021-03-24,Los Angeles,037,10098052,1184506,1177015,41255,1218270,22993
2021-03-24,Madera,039,155013,16042,15918,896,16814,210
2021-03-24,Marin,041,260295,13581,13526,200,13726,219
2021-03-24,Mariposa,043,17540,391,384,5,389,5
2021-03-24,Mendocino,045,87422,3733,3660,71,3731,45
2021-03-24,Merced,047,269075,29658,29525,948,30473,415
2021-03-24,Modoc,049,8938,353,341,120,461,3
2021-03-24,Mono,051,14174,1220,1243,13,1256,3
2021-03-24,Monterey,053,433212,42387,42201,1808,44009,335
2021-03-24,Napa,055,140530,9363,9310,32,9342,78
2021-03-24,Nevada,057,99092,4276,4191,182,4373,85
2021-03-24,Orange,059,3164182,250833,248775,10875,259650,4638
2021-03-24,Placer,061,380077,21394,20606,1250,21856,250
2021-03-24,Plumas,063,18699,663,652,11,663,4
2021-03-24,Riverside,065,2383286,287082,282410,13968,296378,4058
2021-03-24,Sacramento,067,1510023,98266,96628,1410,98038,1500
2021-03-24,San Benito,069,59416,5852,5847,97,5944,61
2021-03-24,San Bernardino,071,2135413,288428,284983,8975,293958,4170
2021-03-24,San Diego,073,3302833,269960,268413,13335,281748,3509
2021-03-24,San Francisco,075,870044,35137,35103,1238,36341,462
2021-03-24,San Joaquin,077,732212,69231,67978,3193,71171,1196
2021-03-24,San Luis Obispo,079,281455,20280,20021,638,20659,250
2021-03-24,San Mateo,081,765935,40621,40083,435,40518,348
2021-03-24,Santa Barbara,083,443738,33585,32810,1176,33986,438
2021-03-24,Santa Clara,085,1922200,113433,113757,649,114406,1851
2021-03-24,Santa Cruz,087,273765,15729,15138,843,15981,202
2021-03-24,Shasta,089,179085,11240,11243,1372,12615,181
2021-03-24,Sierra,091,2930,53,50,14,64,0
2021-03-24,Siskiyou,093,43540,1555,1490,267,1757,6
2021-03-24,Solano,095,438530,30687,30552,406,30958,178
2021-03-24,Sonoma,097,501317,28946,29034,259,29293,310
2021-03-24,Stanislaus,099,539301,52657,52259,5727,57986,677
2021-03-24,Sutter,101,95872,9105,9049,86,9135,104
2021-03-24,Tehama,103,63373,4745,4719,527,5246,49
2021-03-24,Trinity,105,12862,413,310,69,379,3
2021-03-24,Tulare,107,460477,48758,48109,8929,57038,808
2021-03-24,Tuolumne,109,53932,3962,3961,33,3994,57
2021-03-24,Ventura,111,848112,79522,78993,2920,81913,944
2021-03-24,Yolo,113,214977,13270,13269,253,13522,194
2021-03-24,Yuba,115,75493,5686,5634,98,5732,42
2021-03-23,Alameda,001,1643700,83293,82799,1843,84642,1190
2021-03-23,Alpine,003,1148,86,84,0,84,0
2021-03-23,Amador,005,37829,3550,3524,33,3557,45
2021-03-23,Butte,007,227075,11590,11227,1722,12949,187
2021-03-23,Calaveras,009,45235,1991,1971,12,1983,50
2021-03-23,Colusa,011,21464,1880,1885,278,2163,14
2021-03-23,Contra Costa,013,1133247,65331,64491,1166,65657,750
2021-03-23,Del Norte,015,27424,1152,1082,7,1089,6
2021-03-23,El Dorado,017,186661,9371,9318,628,9946,105
2021-03-23,Fresno,019,978130,99003,98362,8398,106760,1575
2021-03-23,Glenn,021,27897,2326,2293,535,2828,17
2021-03-23,Humboldt,023,135768,3432,3405,24,3429,34
2021-03-23,Imperial,025,180216,27461,27320,2703,30023,699
2021-03-23,Inyo,027,18085,1369,1364,2,1366,35
2021-03-23,Kern,029,883053,94893,93728,10517,104245,1191
2021-03-23,Kings,031,150075,22608,22439,1094,23533,237
2021-03-23,Lake,033,64148,3332,3294,8,3302,43
2021-03-23,Lassen,035,31185,5134,5130,104,5234,1
2021-03-23,Los Angeles,037,10098052,1183993,1176572,41215,1217787,22904
2021-03-23,Madera,039,155013,16026,15908,895,16803,210
2021-03-23,Marin,041,260295,13558,13514,198,13712,221
2021-03-23,Mariposa,043,17540,390,384,5,389,5
2021-03-23,Mendocino,045,87422,3731,3652,71,3723,45
2021-03-23,Merced,047,269075,29626,29485,948,30433,415
2021-03-23,Modoc,049,8938,352,342,120,462,3
2021-03-23,Mono,051,14174,1219,1263,13,1276,3
2021-03-23,Monterey,053,433212,42376,42180,1806,43986,335
2021-03-23,Napa,055,140530,9338,9299,32,9331,78
2021-03-23,Nevada,057,99092,4257,4179,181,4360,89
2021-03-23,Orange,059,3164182,250708,248661,10857,259518,4626
2021-03-23,Placer,061,380077,21359,20567,1246,21813,248
2021-03-23,Plumas,063,18699,663,652,11,663,4
2021-03-23,Riverside,065,2383286,286986,282317,13961,296278,4035
2021-03-23,Sacramento,067,1510023,98075,96521,1405,97926,1496
2021-03-23,San Benito,069,59416,5847,5845,96,5941,61
2021-03-23,San Bernardino,071,2135413,288344,284875,8967,293842,4134
2021-03-23,San Diego,073,3302833,269715,268156,13303,281459,3498
2021-03-23,San Francisco,075,870044,35079,35071,1232,36303,462
2021-03-23,San Joaquin,077,732212,69135,67903,3175,71078,1182
2021-03-23,San Luis Obispo,079,281455,20240,20009,637,20646,250
2021-03-23,San Mateo,081,765935,40565,40032,434,40466,348
2021-03-23,Santa Barbara,083,443738,33547,32771,1175,33946,438
2021-03-23,Santa Clara,085,1922200,113316,113645,646,114291,1848
2021-03-23,Santa Cruz,087,273765,15714,15106,843,15949,201
2021-03-23,Shasta,089,179085,11227,11234,1371,12605,175
2021-03-23,Sierra,091,2930,53,50,14,64,0
2021-03-23,Siskiyou,093,43540,1550,1485,265,1750,6
2021-03-23,Solano,095,438530,30646,30524,405,30929,178
2021-03-23,Sonoma,097,501317,28910,29020,257,29277,310
2021-03-23,Stanislaus,099,539301,52557,52148,5719,57867,677
2021-03-23,Sutter,101,95872,9097,9039,86,9125,104
2021-03-23,Tehama,103,63373,4734,4707,526,5233,46
2021-03-23,Trinity,105,12862,413,310,69,379,3
2021-03-23,Tulare,107,460477,48731,48095,8912,57007,808
2021-03-23,Tuolumne,109,53932,3959,3957,33,3990,57
2021-03-23,Ventura,111,848112,79461,78930,2917,81847,932
2021-03-23,Yolo,113,214977,13259,13255,253,13508,194
2021-03-23,Yuba,115,75493,5681,5628,98,5726,42
2021-03-22,Alameda,001,1643700,83201,82748,1837,84585,1189
2021-03-22,Alpine,003,1148,85,83,0,83,0
2021-03-22,Amador,005,37829,3542,3522,33,3555,44
2021-03-22,Butte,007,227075,11581,11211,1720,12931,185
2021-03-22,Calaveras,009,45235,1987,1963,12,1975,49
2021-03-22,Colusa,011,21464,1878,1885,278,2163,13
2021-03-22,Contra Costa,013,1133247,65236,64432,1164,65596,740
2021-03-22,Del Norte,015,27424,1146,1082,7,1089,6
2021-03-22,El Dorado,017,186661,9355,9310,625,9935,105
2021-03-22,Fresno,019,978130,98907,98276,8384,106660,1556
2021-03-22,Glenn,021,27897,2318,2291,535,2826,17
2021-03-22,Humboldt,023,135768,3427,3403,24,3427,34
2021-03-22,Imperial,025,180216,27446,27302,2699,30001,699
2021-03-22,Inyo,027,18085,1366,1363,2,1365,35
2021-03-22,Kern,029,883053,94823,93675,10500,104175,1178
2021-03-22,Kings,031,150075,22595,22433,1089,23522,236
2021-03-22,Lake,033,64148,3331,3290,8,3298,43
2021-03-22,Lassen,035,31185,5132,5129,104,5233,1
2021-03-22,Los Angeles,037,10098052,1183486,1176205,41180,1217385,22843
2021-03-22,Madera,039,155013,16011,15904,895,16799,210
2021-03-22,Marin,041,260295,13549,13501,197,13698,221
2021-03-22,Mariposa,043,17540,389,381,5,386,5
2021-03-22,Mendocino,045,87422,3729,3653,71,3724,45
2021-03-22,Merced,047,269075,29583,29468,945,30413,413
2021-03-22,Modoc,049,8938,350,342,120,462,3
2021-03-22,Mono,051,14174,1214,1263,13,1276,3
2021-03-22,Monterey,053,433212,42359,42161,1804,43965,335
2021-03-22,Napa,055,140530,9327,9288,32,9320,77
2021-03-22,Nevada,057,99092,4247,4174,176,4350,89
2021-03-22,Orange,059,3164182,250557,248517,10822,259339,4599
2021-03-22,Placer,061,380077,21323,20543,1241,21784,242
2021-03-22,Plumas,063,18699,663,652,11,663,4
2021-03-22,Riverside,065,2383286,286893,282242,13950,296192,4009
2021-03-22,Sacramento,067,1510023,97897,96385,1395,97780,1493
2021-03-22,San Benito,069,59416,5844,5844,95,5939,61
2021-03-22,San Bernardino,071,2135413,288257,284771,8954,293725,4107
2021-03-22,San Diego,073,3302833,269503,267913,13283,281196,3494
2021-03-22,San Francisco,075,870044,35037,35040,1228,36268,462
2021-03-22,San Joaquin,077,732212,69043,67815,3157,70972,1182
2021-03-22,San Luis Obispo,079,281455,20216,20000,636,20636,250
2021-03-22,San Mateo,081,765935,40514,40024,432,40456,348
2021-03-22,Santa Barbara,083,443738,33500,32756,1173,33929,437
2021-03-22,Santa Clara,085,1922200,113197,113575,646,114221,1845
2021-03-22,Santa Cruz,087,273765,15702,15077,842,15919,201
2021-03-22,Shasta,089,179085,11213,11218,1370,12588,150
2021-03-22,Sierra,091,2930,53,50,14,64,0
2021-03-22,Siskiyou,093,43540,1549,1487,264,1751,5
2021-03-22,Solano,095,438530,30606,30490,401,30891,171
2021-03-22,Sonoma,097,501317,28881,29010,253,29263,310
2021-03-22,Stanislaus,099,539301,52473,52083,5714,57797,677
2021-03-22,Sutter,101,95872,9084,9024,86,9110,104
2021-03-22,Tehama,103,63373,4726,4704,526,5230,45
2021-03-22,Trinity,105,12862,413,310,69,379,3
2021-03-22,Tulare,107,460477,48716,48074,8891,56965,807
2021-03-22,Tuolumne,109,53932,3956,3954,33,3987,57
2021-03-22,Ventura,111,848112,79413,78890,2914,81804,927
2021-03-22,Yolo,113,214977,13247,13243,252,13495,190
2021-03-22,Yuba,115,75493,5670,5627,96,5723,42
2021-03-21,Alameda,001,1643700,83113,82684,1834,84518,1187
2021-03-21,Alpine,003,1148,85,83,0,83,0
2021-03-21,Amador,005,37829,3538,3519,33,3552,44
2021-03-21,Butte,007,227075,11565,11208,1714,12922,185
2021-03-21,Calaveras,009,45235,1982,1962,12,1974,49
2021-03-21,Colusa,011,21464,1878,1885,278,2163,13
2021-03-21,Contra Costa,013,1133247,65153,64382,1161,65543,740
2021-03-21,Del Norte,015,27424,1131,1076,7,1083,6
2021-03-21,El Dorado,017,186661,9345,9302,620,9922,105
2021-03-21,Fresno,019,978130,98794,98211,8360,106571,1556
2021-03-21,Glenn,021,27897,2315,2288,534,2822,17
2021-03-21,Humboldt,023,135768,3422,3402,24,3426,34
2021-03-21,Imperial,025,180216,27428,27267,2691,29958,699
2021-03-21,Inyo,027,18085,1366,1363,2,1365,35
2021-03-21,Kern,029,883053,94759,93649,10489,104138,1170
2021-03-21,Kings,031,150075,22578,22422,1088,23510,236
2021-03-21,Lake,033,64148,3327,3286,8,3294,43
2021-03-21,Lassen,035,31185,5132,5129,104,5233,1
2021-03-21,Los Angeles,037,10098052,1182959,1175684,41129,1216813,22834
2021-03-21,Madera,039,155013,15992,15895,893,16788,210
2021-03-21,Marin,041,260295,13533,13495,196,13691,220
2021-03-21,Mariposa,043,17540,389,381,5,386,5
2021-03-21,Mendocino,045,87422,3726,3651,71,3722,45
2021-03-21,Merced,047,269075,29523,29446,939,30385,413
2021-03-21,Modoc,049,8938,350,341,120,461,3
2021-03-21,Mono,051,14174,1209,1263,13,1276,3
2021-03-21,Monterey,053,433212,42334,42153,1801,43954,335
2021-03-21,Napa,055,140530,9307,9282,32,9314,77
2021-03-21,Nevada,057,99092,4234,4169,176,4345,89
2021-03-21,Orange,059,3164182,250424,248442,10794,259236,4598
2021-03-21,Placer,061,380077,21287,20520,1233,21753,242
2021-03-21,Plumas,063,18699,663,653,11,664,4
2021-03-21,Riverside,065,2383286,286787,282187,13939,296126,4009
2021-03-21,Sacramento,067,1510023,97703,96269,1387,97656,1489
2021-03-21,San Benito,069,59416,5838,5842,95,5937,61
2021-03-21,San Bernardino,071,2135413,288169,284732,8948,293680,4094
2021-03-21,San Diego,073,3302833,269243,267724,13257,280981,3494
2021-03-21,San Francisco,075,870044,34990,35012,1221,36233,460
2021-03-21,San Joaquin,077,732212,68921,67729,3139,70868,1182
2021-03-21,San Luis Obispo,079,281455,20184,19979,634,20613,250
2021-03-21,San Mateo,081,765935,40469,39988,431,40419,344
2021-03-21,Santa Barbara,083,443738,33460,32743,1172,33915,437
2021-03-21,Santa Clara,085,1922200,113068,113487,643,114130,1840
2021-03-21,Santa Cruz,087,273765,15695,15064,842,15906,199
2021-03-21,Shasta,089,179085,11193,11215,1369,12584,150
2021-03-21,Sierra,091,2930,53,50,14,64,0
2021-03-21,Siskiyou,093,43540,1549,1486,263,1749,5
2021-03-21,Solano,095,438530,30566,30474,398,30872,171
2021-03-21,Sonoma,097,501317,28852,28986,252,29238,310
2021-03-21,Stanislaus,099,539301,52383,52014,5713,57727,677
2021-03-21,Sutter,101,95872,9071,9021,86,9107,104
2021-03-21,Tehama,103,63373,4722,4701,526,5227,45
2021-03-21,Trinity,105,12862,411,310,69,379,3
2021-03-21,Tulare,107,460477,48700,48060,8879,56939,807
2021-03-21,Tuolumne,109,53932,3954,3953,33,3986,57
2021-03-21,Ventura,111,848112,79349,78863,2909,81772,927
2021-03-21,Yolo,113,214977,13226,13235,252,13487,190
2021-03-21,Yuba,115,75493,5660,5624,96,5720,42
2021-03-20,Alameda,001,1643700,83044,82614,1832,84446,1178
2021-03-20,Alpine,003,1148,85,83,0,83,0
2021-03-20,Amador,005,37829,3536,3518,33,3551,44
2021-03-20,Butte,007,227075,11559,11199,1712,12911,185
2021-03-20,Calaveras,009,45235,1978,1961,12,1973,49
2021-03-20,Colusa,011,21464,1878,1883,278,2161,12
2021-03-20,Contra Costa,013,1133247,65093,64313,1161,65474,713
2021-03-20,Del Norte,015,27424,1130,1075,7,1082,6
2021-03-20,El Dorado,017,186661,9339,9290,620,9910,105
2021-03-20,Fresno,019,978130,98734,98112,8353,106465,1532
2021-03-20,Glenn,021,27897,2314,2288,532,2820,17
2021-03-20,Humboldt,023,135768,3415,3399,24,3423,33
2021-03-20,Imperial,025,180216,27422,27239,2689,29928,695
2021-03-20,Inyo,027,18085,1366,1362,2,1364,35
2021-03-20,Kern,029,883053,94730,93606,10485,104091,1155
2021-03-20,Kings,031,150075,22573,22415,1087,23502,236
2021-03-20,Lake,033,64148,3323,3280,8,3288,43
2021-03-20,Lassen,035,31185,5132,5128,104,5232,1
2021-03-20,Los Angeles,037,10098052,1182661,1175290,41103,1216393,22810
2021-03-20,Madera,039,155013,15984,15891,892,16783,210
2021-03-20,Marin,041,260295,13521,13470,192,13662,220
2021-03-20,Mariposa,043,17540,388,381,5,386,5
2021-03-20,Mendocino,045,87422,3725,3639,71,3710,43
2021-03-20,Merced,047,269075,29492,29411,936,30347,412
2021-03-20,Modoc,049,8938,349,341,120,461,3
2021-03-20,Mono,051,14174,1209,1256,13,1269,3
2021-03-20,Monterey,053,433212,42325,42146,1800,43946,334
2021-03-20,Napa,055,140530,9299,9274,32,9306,77
2021-03-20,Nevada,057,99092,4223,4164,175,4339,89
2021-03-20,Orange,059,3164182,250342,248348,10781,259129,4522
2021-03-20,Placer,061,380077,21265,20505,1231,21736,242
2021-03-20,Plumas,063,18699,660,652,11,663,4
2021-03-20,Riverside,065,2383286,286714,282081,13935,296016,4000
2021-03-20,Sacramento,067,1510023,97593,96126,1383,97509,1488
2021-03-20,San Benito,069,59416,5834,5840,95,5935,61
2021-03-20,San Bernardino,071,2135413,288104,284690,8944,293634,3965
2021-03-20,San Diego,073,3302833,269072,267532,13250,280782,3493
2021-03-20,San Francisco,075,870044,34967,34968,1214,36182,453
2021-03-20,San Joaquin,077,732212,68880,67662,3132,70794,1161
2021-03-20,San Luis Obispo,079,281455,20168,19951,628,20579,250
2021-03-20,San Mateo,081,765935,40435,39958,430,40388,344
2021-03-20,Santa Barbara,083,443738,33436,32723,1171,33894,434
2021-03-20,Santa Clara,085,1922200,112976,113384,642,114026,1799
2021-03-20,Santa Cruz,087,273765,15679,15053,842,15895,199
2021-03-20,Shasta,089,179085,11187,11211,1369,12580,147
2021-03-20,Sierra,091,2930,53,50,14,64,0
2021-03-20,Siskiyou,093,43540,1549,1483,263,1746,5
2021-03-20,Solano,095,438530,30536,30439,398,30837,170
2021-03-20,Sonoma,097,501317,28837,28962,251,29213,309
2021-03-20,Stanislaus,099,539301,52328,51925,5705,57630,673
2021-03-20,Sutter,101,95872,9063,9014,86,9100,103
2021-03-20,Tehama,103,63373,4717,4696,524,5220,33
2021-03-20,Trinity,105,12862,410,310,69,379,3
2021-03-20,Tulare,107,460477,48685,48030,8862,56892,804
2021-03-20,Tuolumne,109,53932,3951,3950,33,3983,57
2021-03-20,Ventura,111,848112,79312,78818,2907,81725,922
2021-03-20,Yolo,113,214977,13222,13226,252,13478,190
2021-03-20,Yuba,115,75493,5657,5621,95,5716,42
2021-03-19,Alameda,001,1643700,82971,82499,1830,84329,1187
2021-03-19,Alpine,003,1148,84,82,0,82,0
2021-03-19,Amador,005,37829,3533,3515,33,3548,44
2021-03-19,Butte,007,227075,11551,11191,1709,12900,185
2021-03-19,Calaveras,009,45235,1977,1957,12,1969,49
2021-03-19,Colusa,011,21464,1877,1883,278,2161,12
2021-03-19,Contra Costa,013,1133247,65034,64195,1158,65353,737
2021-03-19,Del Norte,015,27424,1124,1071,5,1076,6
2021-03-19,El Dorado,017,186661,9330,9274,620,9894,105
2021-03-19,Fresno,019,978130,98651,97969,8339,106308,1527
2021-03-19,Glenn,021,27897,2314,2282,532,2814,17
2021-03-19,Humboldt,023,135768,3406,3388,24,3412,33
2021-03-19,Imperial,025,180216,27410,27218,2685,29903,695
2021-03-19,Inyo,027,18085,1364,1356,2,1358,35
2021-03-19,Kern,029,883053,94697,93534,10472,104006,1152
2021-03-19,Kings,031,150075,22564,22369,1084,23453,235
2021-03-19,Lake,033,64148,3317,3262,8,3270,43
2021-03-19,Lassen,035,31185,5132,5126,104,5230,1
2021-03-19,Los Angeles,037,10098052,1182326,1174818,41087,1215905,22752
2021-03-19,Madera,039,155013,15977,15877,891,16768,210
2021-03-19,Marin,041,260295,13509,13441,192,13633,220
2021-03-19,Mariposa,043,17540,387,380,5,385,5
2021-03-19,Mendocino,045,87422,3724,3639,71,3710,45
2021-03-19,Merced,047,269075,29463,29376,935,30311,412
2021-03-19,Modoc,049,8938,349,341,120,461,3
2021-03-19,Mono,051,14174,1207,1244,13,1257,3
2021-03-19,Monterey,053,433212,42316,42125,1798,43923,335
2021-03-19,Napa,055,140530,9287,9256,32,9288,77
2021-03-19,Nevada,057,99092,4212,4156,175,4331,88
2021-03-19,Orange,059,3164182,250241,248146,10770,258916,4501
2021-03-19,Placer,061,380077,21247,20451,1229,21680,242
2021-03-19,Plumas,063,18699,660,650,11,661,4
2021-03-19,Riverside,065,2383286,286632,281937,13930,295867,3989
2021-03-19,Sacramento,067,1510023,97491,95934,1380,97314,1486
2021-03-19,San Benito,069,59416,5834,5845,95,5940,61
2021-03-19,San Bernardino,071,2135413,288032,284501,8942,293443,4017
2021-03-19,San Diego,073,3302833,268937,267173,13240,280413,3491
2021-03-19,San Francisco,075,870044,34921,34936,1211,36147,461
2021-03-19,San Joaquin,077,732212,68810,67515,3118,70633,1180
2021-03-19,San Luis Obispo,079,281455,20148,19913,626,20539,249
2021-03-19,San Mateo,081,765935,40411,39893,430,40323,344
2021-03-19,Santa Barbara,083,443738,33407,32685,1170,33855,435
2021-03-19,Santa Clara,085,1922200,112901,113232,641,113873,1797
2021-03-19,Santa Cruz,087,273765,15672,15026,842,15868,199
2021-03-19,Shasta,089,179085,11180,11104,1367,12471,103
2021-03-19,Sierra,091,2930,52,49,14,63,0
2021-03-19,Siskiyou,093,43540,1549,1480,262,1742,5
2021-03-19,Solano,095,438530,30506,30395,396,30791,172
2021-03-19,Sonoma,097,501317,28816,28932,249,29181,292
2021-03-19,Stanislaus,099,539301,52270,51755,5702,57457,679
2021-03-19,Sutter,101,95872,9061,9005,86,9091,103
2021-03-19,Tehama,103,63373,4709,4685,524,5209,33
2021-03-19,Trinity,105,12862,410,310,69,379,3
2021-03-19,Tulare,107,460477,48662,47989,8839,56828,805
2021-03-19,Tuolumne,109,53932,3948,3946,33,3979,57
2021-03-19,Ventura,111,848112,79274,78753,2902,81655,920
2021-03-19,Yolo,113,214977,13214,13197,252,13449,189
2021-03-19,Yuba,115,75493,5654,5615,94,5709,42
2021-03-18,Alameda,001,1643700,82887,82419,1827,84246,1189
2021-03-18,Alpine,003,1148,84,82,0,82,0
2021-03-18,Amador,005,37829,3529,3513,33,3546,44
2021-03-18,Butte,007,227075,11540,11179,1707,12886,185
2021-03-18,Calaveras,009,45235,1975,1954,12,1966,49
2021-03-18,Colusa,011,21464,1877,1882,278,2160,12
2021-03-18,Contra Costa,013,1133247,64961,64103,1155,65258,739
2021-03-18,Del Norte,015,27424,1115,1059,5,1064,6
2021-03-18,El Dorado,017,186661,9317,9261,619,9880,105
2021-03-18,Fresno,019,978130,98554,97856,8324,106180,1527
2021-03-18,Glenn,021,27897,2310,2275,531,2806,17
2021-03-18,Humboldt,023,135768,3398,3381,24,3405,34
2021-03-18,Imperial,025,180216,27394,27190,2679,29869,695
2021-03-18,Inyo,027,18085,1361,1354,2,1356,35
2021-03-18,Kern,029,883053,94640,93458,10458,103916,1158
2021-03-18,Kings,031,150075,22557,22354,1083,23437,235
2021-03-18,Lake,033,64148,3314,3260,8,3268,43
2021-03-18,Lassen,035,31185,5131,5126,104,5230,1
2021-03-18,Los Angeles,037,10098052,1181896,1174205,41057,1215262,22689
2021-03-18,Madera,039,155013,15965,15860,889,16749,211
2021-03-18,Marin,041,260295,13491,13435,191,13626,219
2021-03-18,Mariposa,043,17540,385,380,5,385,5
2021-03-18,Mendocino,045,87422,3714,3630,71,3701,45
2021-03-18,Merced,047,269075,29428,29317,935,30252,410
2021-03-18,Modoc,049,8938,349,341,120,461,3
2021-03-18,Mono,051,14174,1203,1215,13,1228,3
2021-03-18,Monterey,053,433212,42303,42105,1798,43903,335
2021-03-18,Napa,055,140530,9278,9243,32,9275,77
2021-03-18,Nevada,057,99092,4205,4154,175,4329,74
2021-03-18,Orange,059,3164182,250138,248050,10757,258807,4514
2021-03-18,Placer,061,380077,21215,20421,1226,21647,243
2021-03-18,Plumas,063,18699,658,648,11,659,4
2021-03-18,Riverside,065,2383286,286553,281789,13923,295712,3957
2021-03-18,Sacramento,067,1510023,97343,95819,1376,97195,1481
2021-03-18,San Benito,069,59416,5832,5842,95,5937,61
2021-03-18,San Bernardino,071,2135413,287952,284294,8912,293206,4076
2021-03-18,San Diego,073,3302833,268785,266752,13230,279982,3478
2021-03-18,San Francisco,075,870044,34882,34904,1210,36114,461
2021-03-18,San Joaquin,077,732212,68710,67301,3106,70407,1169
2021-03-18,San Luis Obispo,079,281455,20119,19894,625,20519,249
2021-03-18,San Mateo,081,765935,40370,39874,430,40304,344
2021-03-18,Santa Barbara,083,443738,33365,32640,1170,33810,434
2021-03-18,Santa Clara,085,1922200,112784,113119,637,113756,1808
2021-03-18,Santa Cruz,087,273765,15662,14998,842,15840,198
2021-03-18,Shasta,089,179085,11166,11059,1365,12424,100
2021-03-18,Sierra,091,2930,52,49,14,63,0
2021-03-18,Siskiyou,093,43540,1546,1480,261,1741,5
2021-03-18,Solano,095,438530,30464,30352,393,30745,172
2021-03-18,Sonoma,097,501317,28794,28915,247,29162,292
2021-03-18,Stanislaus,099,539301,52198,51615,5698,57313,682
2021-03-18,Sutter,101,95872,9049,8999,86,9085,103
2021-03-18,Tehama,103,63373,4703,4683,523,5206,35
2021-03-18,Trinity,105,12862,410,310,69,379,3
2021-03-18,Tulare,107,460477,48643,47964,8824,56788,805
2021-03-18,Tuolumne,109,53932,3948,3942,33,3975,57
2021-03-18,Ventura,111,848112,79217,78697,2902,81599,918
2021-03-18,Yolo,113,214977,13201,13183,252,13435,191
2021-03-18,Yuba,115,75493,5650,5612,94,5706,42
2021-03-17,Alameda,001,1643700,82811,82353,1822,84175,1185
2021-03-17,Alpine,003,1148,84,82,0,82,0
2021-03-17,Amador,005,37829,3527,3511,33,3544,44
2021-03-17,Butte,007,227075,11531,11170,1705,12875,185
2021-03-17,Calaveras,009,45235,1972,1946,12,1958,49
2021-03-17,Colusa,011,21464,1876,1882,278,2160,12
2021-03-17,Contra Costa,013,1133247,64892,64026,1154,65180,737
2021-03-17,Del Norte,015,27424,1111,1053,5,1058,6
2021-03-17,El Dorado,017,186661,9307,9252,619,9871,105
2021-03-17,Fresno,019,978130,98443,97727,8306,106033,1507
2021-03-17,Glenn,021,27897,2303,2269,530,2799,17
2021-03-17,Humboldt,023,135768,3390,3365,24,3389,33
2021-03-17,Imperial,025,180216,27378,27168,2677,29845,691
2021-03-17,Inyo,027,18085,1359,1351,2,1353,35
2021-03-17,Kern,029,883053,94584,93392,10445,103837,1149
2021-03-17,Kings,031,150075,22541,22336,1082,23418,233
2021-03-17,Lake,033,64148,3307,3251,8,3259,43
2021-03-17,Lassen,035,31185,5130,5125,104,5229,1
2021-03-17,Los Angeles,037,10098052,1181443,1173416,41023,1214439,22602
2021-03-17,Madera,039,155013,15958,15835,888,16723,214
2021-03-17,Marin,041,260295,13473,13428,190,13618,218
2021-03-17,Mariposa,043,17540,385,379,5,384,5
2021-03-17,Mendocino,045,87422,3710,3625,71,3696,44
2021-03-17,Merced,047,269075,29400,29250,931,30181,408
2021-03-17,Modoc,049,8938,349,341,120,461,3
2021-03-17,Mono,051,14174,1201,1212,13,1225,3
2021-03-17,Monterey,053,433212,42284,42061,1795,43856,334
2021-03-17,Napa,055,140530,9263,9219,32,9251,76
2021-03-17,Nevada,057,99092,4195,4145,175,4320,74
2021-03-17,Orange,059,3164182,250020,247943,10729,258672,4502
2021-03-17,Placer,061,380077,21188,20369,1224,21593,243
2021-03-17,Plumas,063,18699,657,645,11,656,4
2021-03-17,Riverside,065,2383286,286442,281649,13915,295564,3925
2021-03-17,Sacramento,067,1510023,97215,95650,1371,97021,1477
2021-03-17,San Benito,069,59416,5829,5841,95,5936,61
2021-03-17,San Bernardino,071,2135413,287835,284170,8906,293076,4049
2021-03-17,San Diego,073,3302833,268574,266313,13212,279525,3470
2021-03-17,San Francisco,075,870044,34847,34873,1209,36082,457
2021-03-17,San Joaquin,077,732212,68625,67093,3090,70183,1164
2021-03-17,San Luis Obispo,079,281455,20096,19858,621,20479,249
2021-03-17,San Mateo,081,765935,40340,39838,429,40267,344
2021-03-17,Santa Barbara,083,443738,33345,32585,1169,33754,433
2021-03-17,Santa Clara,085,1922200,112691,112983,636,113619,1805
2021-03-17,Santa Cruz,087,273765,15654,14967,842,15809,199
2021-03-17,Shasta,089,179085,11161,11045,1362,12407,100
2021-03-17,Sierra,091,2930,52,49,14,63,0
2021-03-17,Siskiyou,093,43540,1545,1479,259,1738,5
2021-03-17,Solano,095,438530,30438,30320,391,30711,171
2021-03-17,Sonoma,097,501317,28770,28877,246,29123,292
2021-03-17,Stanislaus,099,539301,52125,51524,5691,57215,682
2021-03-17,Sutter,101,95872,9039,8982,86,9068,103
2021-03-17,Tehama,103,63373,4697,4670,523,5193,34
2021-03-17,Trinity,105,12862,410,308,69,377,3
2021-03-17,Tulare,107,460477,48623,47929,8814,56743,805
2021-03-17,Tuolumne,109,53932,3945,3938,33,3971,57
2021-03-17,Ventura,111,848112,79162,78648,2899,81547,916
2021-03-17,Yolo,113,214977,13185,13169,251,13420,190
2021-03-17,Yuba,115,75493,5647,5603,94,5697,42
2021-03-16,Alameda,001,1643700,82696,82259,1820,84079,1177
2021-03-16,Alpine,003,1148,84,82,0,82,0
2021-03-16,Amador,005,37829,3525,3510,33,3543,44
2021-03-16,Butte,007,227075,11519,11154,1704,12858,184
2021-03-16,Calaveras,009,45235,1967,1945,12,1957,49
2021-03-16,Colusa,011,21464,1875,1882,278,2160,12
2021-03-16,Contra Costa,013,1133247,64810,63951,1150,65101,736
2021-03-16,Del Norte,015,27424,1103,1048,5,1053,6
2021-03-16,El Dorado,017,186661,9291,9249,619,9868,105
2021-03-16,Fresno,019,978130,98310,97638,8281,105919,1498
2021-03-16,Glenn,021,27897,2295,2267,526,2793,17
2021-03-16,Humboldt,023,135768,3386,3351,24,3375,33
2021-03-16,Imperial,025,180216,27367,27143,2675,29818,689
2021-03-16,Inyo,027,18085,1358,1346,2,1348,35
2021-03-16,Kern,029,883053,94518,93340,10429,103769,1144
2021-03-16,Kings,031,150075,22505,22320,1081,23401,233
2021-03-16,Lake,033,64148,3299,3246,8,3254,43
2021-03-16,Lassen,035,31185,5129,5126,104,5230,1
2021-03-16,Los Angeles,037,10098052,1180912,1172676,40984,1213660,22527
2021-03-16,Madera,039,155013,15942,15822,886,16708,214
2021-03-16,Marin,041,260295,13455,13419,190,13609,218
2021-03-16,Mariposa,043,17540,382,379,5,384,5
2021-03-16,Mendocino,045,87422,3705,3623,71,3694,44
2021-03-16,Merced,047,269075,29347,29198,930,30128,407
2021-03-16,Modoc,049,8938,349,341,120,461,3
2021-03-16,Mono,051,14174,1200,1207,13,1220,3
2021-03-16,Monterey,053,433212,42265,42023,1795,43818,334
2021-03-16,Napa,055,140530,9253,9209,32,9241,75
2021-03-16,Nevada,057,99092,4186,4132,174,4306,67
2021-03-16,Orange,059,3164182,249881,247843,10710,258553,4479
2021-03-16,Placer,061,380077,21155,20339,1219,21558,240
2021-03-16,Plumas,063,18699,656,643,11,654,4
2021-03-16,Riverside,065,2383286,286336,281540,13902,295442,3893
2021-03-16,Sacramento,067,1510023,97072,95522,1367,96889,1466
2021-03-16,San Benito,069,59416,5824,5831,95,5926,61
2021-03-16,San Bernardino,071,2135413,287705,283980,8899,292879,4032
2021-03-16,San Diego,073,3302833,268342,265903,13199,279102,3462
2021-03-16,San Francisco,075,870044,34818,34833,1204,36037,456
2021-03-16,San Joaquin,077,732212,68523,66856,3077,69933,1163
2021-03-16,San Luis Obispo,079,281455,20067,19832,619,20451,248
2021-03-16,San Mateo,081,765935,40306,39806,427,40233,344
2021-03-16,Santa Barbara,083,443738,33313,32556,1168,33724,433
2021-03-16,Santa Clara,085,1922200,112573,112845,633,113478,1797
2021-03-16,Santa Cruz,087,273765,15648,14926,842,15768,199
2021-03-16,Shasta,089,179085,11145,11035,1359,12394,100
2021-03-16,Sierra,091,2930,51,49,14,63,0
2021-03-16,Siskiyou,093,43540,1541,1477,259,1736,5
2021-03-16,Solano,095,438530,30404,30298,390,30688,171
2021-03-16,Sonoma,097,501317,28738,28850,244,29094,291
2021-03-16,Stanislaus,099,539301,52045,51410,5684,57094,683
2021-03-16,Sutter,101,95872,9031,8970,86,9056,102
2021-03-16,Tehama,103,63373,4693,4660,522,5182,34
2021-03-16,Trinity,105,12862,410,308,68,376,3
2021-03-16,Tulare,107,460477,48576,47895,8806,56701,803
2021-03-16,Tuolumne,109,53932,3942,3938,33,3971,57
2021-03-16,Ventura,111,848112,79095,78671,2892,81563,916
2021-03-16,Yolo,113,214977,13170,13162,251,13413,190
2021-03-16,Yuba,115,75493,5644,5596,93,5689,42
2021-03-15,Alameda,001,1643700,82608,82159,1820,83979,1167
2021-03-15,Alpine,003,1148,84,82,0,82,0
2021-03-15,Amador,005,37829,3524,3506,33,3539,44
2021-03-15,Butte,007,227075,11506,11141,1700,12841,185
2021-03-15,Calaveras,009,45235,1966,1941,12,1953,49
2021-03-15,Colusa,011,21464,1875,1883,278,2161,12
2021-03-15,Contra Costa,013,1133247,64748,63847,1149,64996,732
2021-03-15,Del Norte,015,27424,1100,1048,5,1053,6
2021-03-15,El Dorado,017,186661,9285,9235,618,9853,103
2021-03-15,Fresno,019,978130,98183,97520,8265,105785,1496
2021-03-15,Glenn,021,27897,2290,2261,523,2784,15
2021-03-15,Humboldt,023,135768,3380,3337,24,3361,32
2021-03-15,Imperial,025,180216,27346,27122,2673,29795,684
2021-03-15,Inyo,027,18085,1358,1346,2,1348,35
2021-03-15,Kern,029,883053,94458,93266,10422,103688,1141
2021-03-15,Kings,031,150075,22488,22294,1076,23370,233
2021-03-15,Lake,033,64148,3287,3237,8,3245,43
2021-03-15,Lassen,035,31185,5129,5125,104,5229,1
2021-03-15,Los Angeles,037,10098052,1180348,1172445,40946,1213391,22477
2021-03-15,Madera,039,155013,15931,15806,884,16690,214
2021-03-15,Marin,041,260295,13449,13408,189,13597,218
2021-03-15,Mariposa,043,17540,382,376,5,381,5
2021-03-15,Mendocino,045,87422,3701,3615,71,3686,44
2021-03-15,Merced,047,269075,29307,29169,929,30098,407
2021-03-15,Modoc,049,8938,349,340,120,460,3
2021-03-15,Mono,051,14174,1199,1206,13,1219,3
2021-03-15,Monterey,053,433212,42237,42011,1792,43803,333
2021-03-15,Napa,055,140530,9242,9196,32,9228,75
2021-03-15,Nevada,057,99092,4181,4123,173,4296,66
2021-03-15,Orange,059,3164182,249768,247697,10689,258386,4481
2021-03-15,Placer,061,380077,21132,20308,1219,21527,238
2021-03-15,Plumas,063,18699,656,642,11,653,4
2021-03-15,Riverside,065,2383286,286191,281367,13891,295258,3856
2021-03-15,Sacramento,067,1510023,96919,95414,1361,96775,1463
2021-03-15,San Benito,069,59416,5821,5831,95,5926,61
2021-03-15,San Bernardino,071,2135413,287612,283815,8891,292706,4004
2021-03-15,San Diego,073,3302833,268092,265646,13183,278829,3452
2021-03-15,San Francisco,075,870044,34782,34820,1200,36020,456
2021-03-15,San Joaquin,077,732212,68419,66622,3064,69686,1140
2021-03-15,San Luis Obispo,079,281455,20036,19813,615,20428,247
2021-03-15,San Mateo,081,765935,40252,39765,427,40192,344
2021-03-15,Santa Barbara,083,443738,33291,32529,1165,33694,431
2021-03-15,Santa Clara,085,1922200,112470,112729,631,113360,1798
2021-03-15,Santa Cruz,087,273765,15642,14899,840,15739,200
2021-03-15,Shasta,089,179085,11129,11019,1354,12373,92
2021-03-15,Sierra,091,2930,51,49,14,63,0
2021-03-15,Siskiyou,093,43540,1541,1475,259,1734,5
2021-03-15,Solano,095,438530,30375,30258,389,30647,171
2021-03-15,Sonoma,097,501317,28720,28814,241,29055,285
2021-03-15,Stanislaus,099,539301,51967,51357,5677,57034,683
2021-03-15,Sutter,101,95872,9025,8962,86,9048,102
2021-03-15,Tehama,103,63373,4683,4650,521,5171,34
2021-03-15,Trinity,105,12862,410,308,68,376,3
2021-03-15,Tulare,107,460477,48546,47857,8791,56648,800
2021-03-15,Tuolumne,109,53932,3940,3937,32,3969,57
2021-03-15,Ventura,111,848112,79041,78626,2891,81517,910
2021-03-15,Yolo,113,214977,13151,13131,249,13380,190
2021-03-15,Yuba,115,75493,5639,5585,92,5677,42
2021-03-14,Alameda,001,1643700,82522,82116,1817,83933,1168
2021-03-14,Alpine,003,1148,84,82,0,82,0
2021-03-14,Amador,005,37829,3519,3504,33,3537,44
2021-03-14,Butte,007,227075,11493,11140,1696,12836,185
2021-03-14,Calaveras,009,45235,1962,1939,12,1951,49
2021-03-14,Colusa,011,21464,1875,1883,278,2161,12
2021-03-14,Contra Costa,013,1133247,64643,63808,1147,64955,731
2021-03-14,Del Norte,015,27424,1086,1048,5,1053,6
2021-03-14,El Dorado,017,186661,9275,9231,618,9849,103
2021-03-14,Fresno,019,978130,98076,97461,8246,105707,1496
2021-03-14,Glenn,021,27897,2285,2260,520,2780,15
2021-03-14,Humboldt,023,135768,3366,3335,24,3359,32
2021-03-14,Imperial,025,180216,27328,27122,2669,29791,685
2021-03-14,Inyo,027,18085,1354,1346,2,1348,35
2021-03-14,Kern,029,883053,94376,93252,10403,103655,1141
2021-03-14,Kings,031,150075,22470,22292,1073,23365,232
2021-03-14,Lake,033,64148,3282,3237,8,3245,43
2021-03-14,Lassen,035,31185,5127,5125,104,5229,1
2021-03-14,Los Angeles,037,10098052,1179779,1172100,40908,1213008,22476
2021-03-14,Madera,039,155013,15906,15804,884,16688,214
2021-03-14,Marin,041,260295,13433,13405,187,13592,218
2021-03-14,Mariposa,043,17540,380,376,5,381,5
2021-03-14,Mendocino,045,87422,3696,3613,71,3684,44
2021-03-14,Merced,047,269075,29239,29149,925,30074,407
2021-03-14,Modoc,049,8938,349,340,120,460,3
2021-03-14,Mono,051,14174,1193,1206,13,1219,3
2021-03-14,Monterey,053,433212,42215,42007,1788,43795,333
2021-03-14,Napa,055,140530,9224,9194,32,9226,75
2021-03-14,Nevada,057,99092,4175,4122,171,4293,66
2021-03-14,Orange,059,3164182,249633,247656,10667,258323,4460
2021-03-14,Placer,061,380077,21098,20288,1211,21499,238
2021-03-14,Plumas,063,18699,654,642,11,653,4
2021-03-14,Riverside,065,2383286,286038,281332,13883,295215,3845
2021-03-14,Sacramento,067,1510023,96741,95343,1356,96699,1462
2021-03-14,San Benito,069,59416,5812,5829,95,5924,61
2021-03-14,San Bernardino,071,2135413,287488,283791,8880,292671,3996
2021-03-14,San Diego,073,3302833,267857,265468,13170,278638,3452
2021-03-14,San Francisco,075,870044,34743,34810,1197,36007,455
2021-03-14,San Joaquin,077,732212,68291,66563,3047,69610,1140
2021-03-14,San Luis Obispo,079,281455,20007,19806,613,20419,247
2021-03-14,San Mateo,081,765935,40213,39744,427,40171,342
2021-03-14,Santa Barbara,083,443738,33247,32514,1163,33677,431
2021-03-14,Santa Clara,085,1922200,112342,112648,630,113278,1796
2021-03-14,Santa Cruz,087,273765,15625,14887,838,15725,200
2021-03-14,Shasta,089,179085,11113,11019,1347,12366,92
2021-03-14,Sierra,091,2930,51,49,14,63,0
2021-03-14,Siskiyou,093,43540,1537,1473,258,1731,5
2021-03-14,Solano,095,438530,30343,30230,384,30614,171
2021-03-14,Sonoma,097,501317,28686,28798,237,29035,284
2021-03-14,Stanislaus,099,539301,51846,51306,5668,56974,690
2021-03-14,Sutter,101,95872,9009,8958,86,9044,102
2021-03-14,Tehama,103,63373,4671,4650,520,5170,34
2021-03-14,Trinity,105,12862,409,308,67,375,3
2021-03-14,Tulare,107,460477,48513,47845,8770,56615,800
2021-03-14,Tuolumne,109,53932,3938,3937,32,3969,57
2021-03-14,Ventura,111,848112,78988,78611,2885,81496,910
2021-03-14,Yolo,113,214977,13129,13128,245,13373,189
2021-03-14,Yuba,115,75493,5629,5583,92,5675,42
2021-03-13,Alameda,001,1643700,82462,82010,1817,83827,1168
2021-03-13,Alpine,003,1148,84,82,0,82,0
2021-03-13,Amador,005,37829,3516,3504,33,3537,44
2021-03-13,Butte,007,227075,11484,11131,1695,12826,185
2021-03-13,Calaveras,009,45235,1962,1939,12,1951,49
2021-03-13,Colusa,011,21464,1875,1882,278,2160,12
2021-03-13,Contra Costa,013,1133247,64582,63689,1147,64836,731
2021-03-13,Del Norte,015,27424,1082,1041,5,1046,6
2021-03-13,El Dorado,017,186661,9267,9221,618,9839,103
2021-03-13,Fresno,019,978130,98017,97324,8226,105550,1495
2021-03-13,Glenn,021,27897,2284,2260,519,2779,15
2021-03-13,Humboldt,023,135768,3359,3325,24,3349,32
2021-03-13,Imperial,025,180216,27323,27099,2664,29763,677
2021-03-13,Inyo,027,18085,1353,1344,2,1346,35
2021-03-13,Kern,029,883053,94337,93197,10397,103594,1140
2021-03-13,Kings,031,150075,22454,22265,1072,23337,232
2021-03-13,Lake,033,64148,3275,3234,7,3241,43
2021-03-13,Lassen,035,31185,5127,5125,104,5229,1
2021-03-13,Los Angeles,037,10098052,1179463,1171505,40865,1212370,22451
2021-03-13,Madera,039,155013,15894,15780,884,16664,214
2021-03-13,Marin,041,260295,13427,13391,185,13576,218
2021-03-13,Mariposa,043,17540,379,376,5,381,5
2021-03-13,Mendocino,045,87422,3692,3611,71,3682,44
2021-03-13,Merced,047,269075,29208,29106,925,30031,406
2021-03-13,Modoc,049,8938,349,340,119,459,3
2021-03-13,Mono,051,14174,1193,1207,13,1220,3
2021-03-13,Monterey,053,433212,42205,41989,1786,43775,332
2021-03-13,Napa,055,140530,9218,9190,32,9222,75
2021-03-13,Nevada,057,99092,4168,4111,170,4281,66
2021-03-13,Orange,059,3164182,249553,247514,10651,258165,4423
2021-03-13,Placer,061,380077,21077,20238,1208,21446,239
2021-03-13,Plumas,063,18699,652,642,11,653,4
2021-03-13,Riverside,065,2383286,285950,281191,13875,295066,3848
2021-03-13,Sacramento,067,1510023,96655,95192,1354,96546,1461
2021-03-13,San Benito,069,59416,5809,5823,95,5918,61
2021-03-13,San Bernardino,071,2135413,287435,283727,8874,292601,3972
2021-03-13,San Diego,073,3302833,267702,265270,13156,278426,3444
2021-03-13,San Francisco,075,870044,34726,34784,1188,35972,455
2021-03-13,San Joaquin,077,732212,68235,66480,3025,69505,1141
2021-03-13,San Luis Obispo,079,281455,19989,19789,612,20401,247
2021-03-13,San Mateo,081,765935,40186,39689,426,40115,341
2021-03-13,Santa Barbara,083,443738,33222,32486,1162,33648,431
2021-03-13,Santa Clara,085,1922200,112257,112531,629,113160,1790
2021-03-13,Santa Cruz,087,273765,15618,14875,838,15713,199
2021-03-13,Shasta,089,179085,11105,11021,1344,12365,108
2021-03-13,Sierra,091,2930,50,49,14,63,0
2021-03-13,Siskiyou,093,43540,1536,1470,258,1728,5
2021-03-13,Solano,095,438530,30326,30198,384,30582,171
2021-03-13,Sonoma,097,501317,28666,28762,233,28995,285
2021-03-13,Stanislaus,099,539301,51796,51257,5663,56920,695
2021-03-13,Sutter,101,95872,9002,8948,86,9034,102
2021-03-13,Tehama,103,63373,4669,4647,520,5167,33
2021-03-13,Trinity,105,12862,409,306,67,373,3
2021-03-13,Tulare,107,460477,48488,47818,8761,56579,798
2021-03-13,Tuolumne,109,53932,3935,3937,32,3969,57
2021-03-13,Ventura,111,848112,78939,78693,2885,81578,906
2021-03-13,Yolo,113,214977,13121,13087,244,13331,189
2021-03-13,Yuba,115,75493,5628,5577,92,5669,42
2021-03-12,Alameda,001,1643700,82383,81898,1816,83714,1164
2021-03-12,Alpine,003,1148,84,82,0,82,0
2021-03-12,Amador,005,37829,3513,3503,33,3536,44
2021-03-12,Butte,007,227075,11474,11126,1693,12819,184
2021-03-12,Calaveras,009,45235,1960,1916,12,1928,49
2021-03-12,Colusa,011,21464,1875,1883,278,2161,12
2021-03-12,Contra Costa,013,1133247,64507,63583,1146,64729,728
2021-03-12,Del Norte,015,27424,1076,1033,5,1038,6
2021-03-12,El Dorado,017,186661,9258,9219,618,9837,103
2021-03-12,Fresno,019,978130,97921,97185,8214,105399,1489
2021-03-12,Glenn,021,27897,2283,2258,518,2776,15
2021-03-12,Humboldt,023,135768,3354,3315,24,3339,32
2021-03-12,Imperial,025,180216,27312,27071,2662,29733,677
2021-03-12,Inyo,027,18085,1351,1339,2,1341,35
2021-03-12,Kern,029,883053,94303,93142,10381,103523,1132
2021-03-12,Kings,031,150075,22435,22233,1072,23305,232
2021-03-12,Lake,033,64148,3269,3226,6,3232,43
2021-03-12,Lassen,035,31185,5127,5125,103,5228,1
2021-03-12,Los Angeles,037,10098052,1179066,1170860,40848,1211708,22409
2021-03-12,Madera,039,155013,15882,15761,881,16642,214
2021-03-12,Marin,041,260295,13420,13375,185,13560,218
2021-03-12,Mariposa,043,17540,377,376,5,381,5
2021-03-12,Mendocino,045,87422,3689,3605,71,3676,43
2021-03-12,Merced,047,269075,29177,29064,925,29989,403
2021-03-12,Modoc,049,8938,349,340,119,459,3
2021-03-12,Mono,051,14174,1192,1206,13,1219,3
2021-03-12,Monterey,053,433212,42191,41964,1781,43745,329
2021-03-12,Napa,055,140530,9209,9180,32,9212,75
2021-03-12,Nevada,057,99092,4158,4101,170,4271,66
2021-03-12,Orange,059,3164182,249461,247388,10640,258028,4401
2021-03-12,Placer,061,380077,21044,20210,1203,21413,239
2021-03-12,Plumas,063,18699,651,641,11,652,4
2021-03-12,Riverside,065,2383286,285851,281037,13867,294904,3854
2021-03-12,Sacramento,067,1510023,96531,95061,1347,96408,1460
2021-03-12,San Benito,069,59416,5806,5817,95,5912,61
2021-03-12,San Bernardino,071,2135413,287377,283558,8869,292427,3917
2021-03-12,San Diego,073,3302833,267539,264886,13148,278034,3434
2021-03-12,San Francisco,075,870044,34705,34758,1185,35943,452
2021-03-12,San Joaquin,077,732212,68164,66482,3016,69498,1144
2021-03-12,San Luis Obispo,079,281455,19975,19769,610,20379,247
2021-03-12,San Mateo,081,765935,40150,39638,424,40062,341
2021-03-12,Santa Barbara,083,443738,33199,32457,1159,33616,429
2021-03-12,Santa Clara,085,1922200,112163,112396,628,113024,1766
2021-03-12,Santa Cruz,087,273765,15606,14846,836,15682,195
2021-03-12,Shasta,089,179085,11097,11143,1342,12485,153
2021-03-12,Sierra,091,2930,50,49,14,63,0
2021-03-12,Siskiyou,093,43540,1536,1468,257,1725,5
2021-03-12,Solano,095,438530,30307,30180,383,30563,171
2021-03-12,Sonoma,097,501317,28639,28714,233,28947,285
2021-03-12,Stanislaus,099,539301,51738,51146,5656,56802,701
2021-03-12,Sutter,101,95872,8996,8940,86,9026,101
2021-03-12,Tehama,103,63373,4665,4638,519,5157,33
2021-03-12,Trinity,105,12862,408,306,66,372,3
2021-03-12,Tulare,107,460477,48463,47772,8755,56527,798
2021-03-12,Tuolumne,109,53932,3934,3936,32,3968,57
2021-03-12,Ventura,111,848112,78896,78698,2881,81579,899
2021-03-12,Yolo,113,214977,13111,13061,237,13298,189
2021-03-12,Yuba,115,75493,5621,5563,91,5654,42
2021-03-11,Alameda,001,1643700,82289,81809,1811,83620,1164
2021-03-11,Alpine,003,1148,84,78,0,78,0
2021-03-11,Amador,005,37829,3512,3498,33,3531,42
2021-03-11,Butte,007,227075,11463,11110,1691,12801,185
2021-03-11,Calaveras,009,45235,1957,1915,12,1927,49
2021-03-11,Colusa,011,21464,1875,1883,278,2161,12
2021-03-11,Contra Costa,013,1133247,64434,63469,1144,64613,728
2021-03-11,Del Norte,015,27424,1071,1027,5,1032,6
2021-03-11,El Dorado,017,186661,9244,9211,618,9829,101
2021-03-11,Fresno,019,978130,97806,97026,8186,105212,1481
2021-03-11,Glenn,021,27897,2280,2255,518,2773,15
2021-03-11,Humboldt,023,135768,3337,3302,24,3326,32
2021-03-11,Imperial,025,180216,27305,27045,2658,29703,675
2021-03-11,Inyo,027,18085,1346,1335,2,1337,35
2021-03-11,Kern,029,883053,94247,93052,10342,103394,1121
2021-03-11,Kings,031,150075,22420,22183,1069,23252,230
2021-03-11,Lake,033,64148,3265,3214,6,3220,42
2021-03-11,Lassen,035,31185,5126,5124,103,5227,1
2021-03-11,Los Angeles,037,10098052,1178535,1170111,40815,1210926,22316
2021-03-11,Madera,039,155013,15871,15725,879,16604,214
2021-03-11,Marin,041,260295,13408,13356,184,13540,217
2021-03-11,Mariposa,043,17540,377,376,5,381,5
2021-03-11,Mendocino,045,87422,3682,3604,71,3675,42
2021-03-11,Merced,047,269075,29128,29001,924,29925,401
2021-03-11,Modoc,049,8938,349,340,119,459,3
2021-03-11,Mono,051,14174,1191,1206,13,1219,3
2021-03-11,Monterey,053,433212,42168,41936,1775,43711,329
2021-03-11,Napa,055,140530,9196,9173,32,9205,75
2021-03-11,Nevada,057,99092,4146,4085,168,4253,66
2021-03-11,Orange,059,3164182,249323,247217,10622,257839,4373
2021-03-11,Placer,061,380077,21001,20178,1199,21377,239
2021-03-11,Plumas,063,18699,650,640,11,651,4
2021-03-11,Riverside,065,2383286,285686,280881,13854,294735,3842
2021-03-11,Sacramento,067,1510023,96391,94912,1344,96256,1455
2021-03-11,San Benito,069,59416,5803,5816,95,5911,61
2021-03-11,San Bernardino,071,2135413,287280,283312,8863,292175,3869
2021-03-11,San Diego,073,3302833,267375,264524,13132,277656,3422
2021-03-11,San Francisco,075,870044,34669,34722,1179,35901,452
2021-03-11,San Joaquin,077,732212,68051,66522,3008,69530,1157
2021-03-11,San Luis Obispo,079,281455,19951,19748,609,20357,247
2021-03-11,San Mateo,081,765935,40113,39590,423,40013,341
2021-03-11,Santa Barbara,083,443738,33172,32408,1156,33564,430
2021-03-11,Santa Clara,085,1922200,112032,112246,625,112871,1765
2021-03-11,Santa Cruz,087,273765,15594,14812,835,15647,193
2021-03-11,Shasta,089,179085,11087,11139,1337,12476,158
2021-03-11,Sierra,091,2930,50,48,14,62,0
2021-03-11,Siskiyou,093,43540,1533,1466,257,1723,5
2021-03-11,Solano,095,438530,30279,30138,382,30520,171
2021-03-11,Sonoma,097,501317,28610,28677,233,28910,285
2021-03-11,Stanislaus,099,539301,51654,51038,5648,56686,707
2021-03-11,Sutter,101,95872,8990,8933,86,9019,101
2021-03-11,Tehama,103,63373,4656,4632,518,5150,33
2021-03-11,Trinity,105,12862,407,304,65,369,3
2021-03-11,Tulare,107,460477,48426,47709,8744,56453,797
2021-03-11,Tuolumne,109,53932,3932,3934,32,3966,57
2021-03-11,Ventura,111,848112,78846,78697,2877,81574,889
2021-03-11,Yolo,113,214977,13094,13041,235,13276,190
2021-03-11,Yuba,115,75493,5617,5553,91,5644,42
2021-03-10,Alameda,001,1643700,82180,81701,1805,83506,1160
2021-03-10,Alpine,003,1148,83,78,0,78,0
2021-03-10,Amador,005,37829,3510,3496,33,3529,42
2021-03-10,Butte,007,227075,11453,11096,1691,12787,185
2021-03-10,Calaveras,009,45235,1951,1913,12,1925,48
2021-03-10,Colusa,011,21464,1875,1882,278,2160,12
2021-03-10,Contra Costa,013,1133247,64335,63372,1140,64512,725
2021-03-10,Del Norte,015,27424,1069,1020,5,1025,5
2021-03-10,El Dorado,017,186661,9232,9203,618,9821,100
2021-03-10,Fresno,019,978130,97700,96866,8169,105035,1471
2021-03-10,Glenn,021,27897,2277,2253,516,2769,15
2021-03-10,Humboldt,023,135768,3327,3296,23,3319,32
2021-03-10,Imperial,025,180216,27290,27051,2658,29709,675
2021-03-10,Inyo,027,18085,1346,1328,2,1330,35
2021-03-10,Kern,029,883053,94181,92965,10319,103284,1102
2021-03-10,Kings,031,150075,22401,22166,1067,23233,226
2021-03-10,Lake,033,64148,3255,3207,6,3213,42
2021-03-10,Lassen,035,31185,5126,5120,103,5223,1
2021-03-10,Los Angeles,037,10098052,1177989,1169079,40787,1209866,22199
2021-03-10,Madera,039,155013,15850,15705,876,16581,212
2021-03-10,Marin,041,260295,13398,13348,183,13531,216
2021-03-10,Mariposa,043,17540,377,376,5,381,5
2021-03-10,Mendocino,045,87422,3677,3602,71,3673,42
2021-03-10,Merced,047,269075,29091,28927,921,29848,401
2021-03-10,Modoc,049,8938,348,338,119,457,3
2021-03-10,Mono,051,14174,1188,1204,13,1217,3
2021-03-10,Monterey,053,433212,42146,41920,1771,43691,329
2021-03-10,Napa,055,140530,9187,9165,32,9197,75
2021-03-10,Nevada,057,99092,4142,4074,168,4242,66
2021-03-10,Orange,059,3164182,249175,247075,10605,257680,4342
2021-03-10,Placer,061,380077,20966,20144,1193,21337,239
2021-03-10,Plumas,063,18699,649,639,11,650,4
2021-03-10,Riverside,065,2383286,285549,280708,13840,294548,3822
2021-03-10,Sacramento,067,1510023,96261,94796,1338,96134,1452
2021-03-10,San Benito,069,59416,5794,5811,95,5906,61
2021-03-10,San Bernardino,071,2135413,287189,283140,8857,291997,3841
2021-03-10,San Diego,073,3302833,267154,264094,13120,277214,3413
2021-03-10,San Francisco,075,870044,34635,34688,1170,35858,450
2021-03-10,San Joaquin,077,732212,67950,66483,2990,69473,1156
2021-03-10,San Luis Obispo,079,281455,19927,19710,605,20315,247
2021-03-10,San Mateo,081,765935,40089,39571,423,39994,338
2021-03-10,Santa Barbara,083,443738,33145,32356,1153,33509,429
2021-03-10,Santa Clara,085,1922200,111925,112103,621,112724,1759
2021-03-10,Santa Cruz,087,273765,15579,14790,834,15624,192
2021-03-10,Shasta,089,179085,11077,11125,1334,12459,155
2021-03-10,Sierra,091,2930,50,48,14,62,0
2021-03-10,Siskiyou,093,43540,1531,1458,257,1715,5
2021-03-10,Solano,095,438530,30249,30111,381,30492,170
2021-03-10,Sonoma,097,501317,28575,28638,232,28870,286
2021-03-10,Stanislaus,099,539301,51565,50968,5630,56598,706
2021-03-10,Sutter,101,95872,8979,8918,86,9004,101
2021-03-10,Tehama,103,63373,4646,4623,518,5141,33
2021-03-10,Trinity,105,12862,407,304,65,369,3
2021-03-10,Tulare,107,460477,48378,47659,8725,56384,793
2021-03-10,Tuolumne,109,53932,3931,3931,32,3963,57
2021-03-10,Ventura,111,848112,78769,78609,2875,81484,878
2021-03-10,Yolo,113,214977,13071,13021,234,13255,189
2021-03-10,Yuba,115,75493,5603,5545,90,5635,42
2021-03-09,Alameda,001,1643700,82094,81618,1805,83423,1151
2021-03-09,Alpine,003,1148,83,78,0,78,0
2021-03-09,Amador,005,37829,3508,3494,33,3527,42
2021-03-09,Butte,007,227075,11440,11092,1689,12781,185
2021-03-09,Calaveras,009,45235,1949,1913,12,1925,48
2021-03-09,Colusa,011,21464,1875,1880,278,2158,11
2021-03-09,Contra Costa,013,1133247,64242,63314,1138,64452,723
2021-03-09,Del Norte,015,27424,1061,1017,5,1022,5
2021-03-09,El Dorado,017,186661,9225,9198,618,9816,98
2021-03-09,Fresno,019,978130,97581,96744,8143,104887,1463
2021-03-09,Glenn,021,27897,2273,2251,514,2765,15
2021-03-09,Humboldt,023,135768,3315,3288,22,3310,32
2021-03-09,Imperial,025,180216,27281,27045,2654,29699,675
2021-03-09,Inyo,027,18085,1344,1324,2,1326,35
2021-03-09,Kern,029,883053,94102,92924,10301,103225,1088
2021-03-09,Kings,031,150075,22376,22143,1065,23208,226
2021-03-09,Lake,033,64148,3249,3202,6,3208,42
2021-03-09,Lassen,035,31185,5126,5120,103,5223,1
2021-03-09,Los Angeles,037,10098052,1177393,1167967,40752,1208719,22080
2021-03-09,Madera,039,155013,15839,15701,874,16575,211
2021-03-09,Marin,041,260295,13380,13335,181,13516,214
2021-03-09,Mariposa,043,17540,377,376,5,381,5
2021-03-09,Mendocino,045,87422,3673,3595,71,3666,42
2021-03-09,Merced,047,269075,29029,28876,920,29796,399
2021-03-09,Modoc,049,8938,348,338,118,456,3
2021-03-09,Mono,051,14174,1187,1203,13,1216,3
2021-03-09,Monterey,053,433212,42128,41894,1762,43656,329
2021-03-09,Napa,055,140530,9173,9155,32,9187,75
2021-03-09,Nevada,057,99092,4134,4062,168,4230,66
2021-03-09,Orange,059,3164182,249033,246989,10584,257573,4310
2021-03-09,Placer,061,380077,20923,20122,1189,21311,239
2021-03-09,Plumas,063,18699,646,639,11,650,4
2021-03-09,Riverside,065,2383286,285419,280562,13834,294396,3821
2021-03-09,Sacramento,067,1510023,96094,94720,1332,96052,1442
2021-03-09,San Benito,069,59416,5790,5800,95,5895,61
2021-03-09,San Bernardino,071,2135413,287076,282971,8850,291821,3823
2021-03-09,San Diego,073,3302833,266922,263745,13099,276844,3405
2021-03-09,San Francisco,075,870044,34604,34654,1166,35820,450
2021-03-09,San Joaquin,077,732212,67822,66383,2980,69363,1150
2021-03-09,San Luis Obispo,079,281455,19909,19672,598,20270,245
2021-03-09,San Mateo,081,765935,40042,39535,421,39956,336
2021-03-09,Santa Barbara,083,443738,33104,32314,1151,33465,428
2021-03-09,Santa Clara,085,1922200,111814,111963,616,112579,1756
2021-03-09,Santa Cruz,087,273765,15557,14764,832,15596,188
2021-03-09,Shasta,089,179085,11071,11113,1328,12441,155
2021-03-09,Sierra,091,2930,50,48,14,62,0
2021-03-09,Siskiyou,093,43540,1527,1447,255,1702,5
2021-03-09,Solano,095,438530,30213,30090,379,30469,169
2021-03-09,Sonoma,097,501317,28525,28601,229,28830,284
2021-03-09,Stanislaus,099,539301,51470,50884,5620,56504,703
2021-03-09,Sutter,101,95872,8966,8914,86,9000,101
2021-03-09,Tehama,103,63373,4638,4620,517,5137,33
2021-03-09,Trinity,105,12862,407,304,65,369,3
2021-03-09,Tulare,107,460477,48352,47637,8702,56339,792
2021-03-09,Tuolumne,109,53932,3929,3929,32,3961,56
2021-03-09,Ventura,111,848112,78699,78526,2872,81398,863
2021-03-09,Yolo,113,214977,13060,13015,233,13248,189
2021-03-09,Yuba,115,75493,5596,5539,90,5629,42
2021-03-08,Alameda,001,1643700,81981,81543,1804,83347,1142
2021-03-08,Alpine,003,1148,83,78,0,78,0
2021-03-08,Amador,005,37829,3505,3490,33,3523,42
2021-03-08,Butte,007,227075,11425,11082,1688,12770,185
2021-03-08,Calaveras,009,45235,1945,1909,12,1921,48
2021-03-08,Colusa,011,21464,1875,1877,278,2155,11
2021-03-08,Contra Costa,013,1133247,64149,63240,1138,64378,719
2021-03-08,Del Norte,015,27424,1056,1012,5,1017,5
2021-03-08,El Dorado,017,186661,9222,9188,617,9805,97
2021-03-08,Fresno,019,978130,97485,96665,8120,104785,1442
2021-03-08,Glenn,021,27897,2272,2249,514,2763,15
2021-03-08,Humboldt,023,135768,3301,3278,22,3300,31
2021-03-08,Imperial,025,180216,27274,27033,2651,29684,663
2021-03-08,Inyo,027,18085,1342,1320,2,1322,35
2021-03-08,Kern,029,883053,94035,92857,10280,103137,1087
2021-03-08,Kings,031,150075,22355,22130,1063,23193,226
2021-03-08,Lake,033,64148,3237,3195,6,3201,42
2021-03-08,Lassen,035,31185,5126,5119,103,5222,1
2021-03-08,Los Angeles,037,10098052,1176776,1163409,40719,1204128,21868
2021-03-08,Madera,039,155013,15829,15691,872,16563,211
2021-03-08,Marin,041,260295,13360,13328,179,13507,214
2021-03-08,Mariposa,043,17540,377,376,5,381,5
2021-03-08,Mendocino,045,87422,3671,3590,70,3660,42
2021-03-08,Merced,047,269075,28969,28841,919,29760,398
2021-03-08,Modoc,049,8938,348,338,118,456,3
2021-03-08,Mono,051,14174,1186,1200,13,1213,3
2021-03-08,Monterey,053,433212,42107,41863,1761,43624,328
2021-03-08,Napa,055,140530,9170,9146,32,9178,75
2021-03-08,Nevada,057,99092,4126,4059,168,4227,66
2021-03-08,Orange,059,3164182,248861,246900,10552,257452,4243
2021-03-08,Placer,061,380077,20888,20102,1178,21280,239
2021-03-08,Plumas,063,18699,645,635,11,646,4
2021-03-08,Riverside,065,2383286,285279,280463,13825,294288,3783
2021-03-08,Sacramento,067,1510023,95924,94654,1327,95981,1438
2021-03-08,San Benito,069,59416,5787,5797,95,5892,61
2021-03-08,San Bernardino,071,2135413,286969,282894,8842,291736,3811
2021-03-08,San Diego,073,3302833,266681,263272,13084,276356,3390
2021-03-08,San Francisco,075,870044,34577,34634,1162,35796,446
2021-03-08,San Joaquin,077,732212,67707,66307,2971,69278,1139
2021-03-08,San Luis Obispo,079,281455,19867,19656,594,20250,245
2021-03-08,San Mateo,081,765935,39993,39492,419,39911,335
2021-03-08,Santa Barbara,083,443738,33072,32293,1151,33444,427
2021-03-08,Santa Clara,085,1922200,111686,111882,614,112496,1756
2021-03-08,Santa Cruz,087,273765,15537,14729,832,15561,188
2021-03-08,Shasta,089,179085,11063,11088,1323,12411,155
2021-03-08,Sierra,091,2930,50,48,14,62,0
2021-03-08,Siskiyou,093,43540,1526,1440,255,1695,5
2021-03-08,Solano,095,438530,30173,30068,377,30445,169
2021-03-08,Sonoma,097,501317,28481,28571,228,28799,284
2021-03-08,Stanislaus,099,539301,51390,50825,5615,56440,690
2021-03-08,Sutter,101,95872,8963,8905,86,8991,100
2021-03-08,Tehama,103,63373,4635,4615,516,5131,33
2021-03-08,Trinity,105,12862,406,302,65,367,3
2021-03-08,Tulare,107,460477,48313,47587,8675,56262,791
2021-03-08,Tuolumne,109,53932,3928,3921,32,3953,56
2021-03-08,Ventura,111,848112,78628,78526,2864,81390,852
2021-03-08,Yolo,113,214977,13037,13000,232,13232,189
2021-03-08,Yuba,115,75493,5586,5530,90,5620,42
2021-03-07,Alameda,001,1643700,81863,81413,1803,83216,1145
2021-03-07,Alpine,003,1148,83,78,0,78,0
2021-03-07,Amador,005,37829,3502,3489,33,3522,42
2021-03-07,Butte,007,227075,11410,11075,1687,12762,185
2021-03-07,Calaveras,009,45235,1941,1906,12,1918,48
2021-03-07,Colusa,011,21464,1874,1876,278,2154,11
2021-03-07,Contra Costa,013,1133247,64050,63148,1135,64283,719
2021-03-07,Del Norte,015,27424,1051,1010,5,1015,5
2021-03-07,El Dorado,017,186661,9220,9184,616,9800,97
2021-03-07,Fresno,019,978130,97311,96549,8095,104644,1442
2021-03-07,Glenn,021,27897,2270,2244,514,2758,15
2021-03-07,Humboldt,023,135768,3291,3274,22,3296,31
2021-03-07,Imperial,025,180216,27265,27019,2649,29668,658
2021-03-07,Inyo,027,18085,1339,1320,2,1322,35
2021-03-07,Kern,029,883053,93949,92746,10249,102995,1086
2021-03-07,Kings,031,150075,22335,22103,1061,23164,224
2021-03-07,Lake,033,64148,3231,3192,6,3198,42
2021-03-07,Lassen,035,31185,5125,5119,103,5222,1
2021-03-07,Los Angeles,037,10098052,1176053,1162749,40680,1203429,21857
2021-03-07,Madera,039,155013,15810,15675,872,16547,211
2021-03-07,Marin,041,260295,13352,13313,177,13490,214
2021-03-07,Mariposa,043,17540,376,376,5,381,5
2021-03-07,Mendocino,045,87422,3668,3581,70,3651,42
2021-03-07,Merced,047,269075,28897,28829,914,29743,399
2021-03-07,Modoc,049,8938,348,338,118,456,3
2021-03-07,Mono,051,14174,1184,1199,13,1212,3
2021-03-07,Monterey,053,433212,42086,41858,1758,43616,328
2021-03-07,Napa,055,140530,9160,9137,32,9169,75
2021-03-07,Nevada,057,99092,4112,4052,167,4219,66
2021-03-07,Orange,059,3164182,248670,246771,10524,257295,4218
2021-03-07,Placer,061,380077,20848,20070,1174,21244,239
2021-03-07,Plumas,063,18699,644,635,11,646,4
2021-03-07,Riverside,065,2383286,285132,280379,13815,294194,3779
2021-03-07,Sacramento,067,1510023,95747,94513,1319,95832,1437
2021-03-07,San Benito,069,59416,5780,5795,95,5890,61
2021-03-07,San Bernardino,071,2135413,286819,282860,8836,291696,3810
2021-03-07,San Diego,073,3302833,266399,262965,13060,276025,3390
2021-03-07,San Francisco,075,870044,34543,34594,1157,35751,445
2021-03-07,San Joaquin,077,732212,67572,66252,2957,69209,1139
2021-03-07,San Luis Obispo,079,281455,19830,19614,592,20206,245
2021-03-07,San Mateo,081,765935,39953,39436,416,39852,329
2021-03-07,Santa Barbara,083,443738,33025,32218,1150,33368,425
2021-03-07,Santa Clara,085,1922200,111540,111745,610,112355,1752
2021-03-07,Santa Cruz,087,273765,15515,14715,831,15546,189
2021-03-07,Shasta,089,179085,11050,11083,1315,12398,156
2021-03-07,Sierra,091,2930,49,48,14,62,0
2021-03-07,Siskiyou,093,43540,1523,1435,251,1686,5
2021-03-07,Solano,095,438530,30136,30027,377,30404,169
2021-03-07,Sonoma,097,501317,28432,28533,226,28759,284
2021-03-07,Stanislaus,099,539301,51258,50783,5597,56380,699
2021-03-07,Sutter,101,95872,8953,8900,86,8986,100
2021-03-07,Tehama,103,63373,4625,4614,513,5127,33
2021-03-07,Trinity,105,12862,406,302,65,367,3
2021-03-07,Tulare,107,460477,48256,47569,8642,56211,790
2021-03-07,Tuolumne,109,53932,3927,3922,32,3954,56
2021-03-07,Ventura,111,848112,78530,78487,2860,81347,851
2021-03-07,Yolo,113,214977,13018,12988,232,13220,189
2021-03-07,Yuba,115,75493,5582,5516,90,5606,42
2021-03-06,Alameda,001,1643700,81809,81310,1802,83112,1143
2021-03-06,Alpine,003,1148,83,78,0,78,0
2021-03-06,Amador,005,37829,3498,3487,33,3520,42
2021-03-06,Butte,007,227075,11407,11065,1686,12751,185
2021-03-06,Calaveras,009,45235,1938,1904,12,1916,48
2021-03-06,Colusa,011,21464,1872,1874,278,2152,11
2021-03-06,Contra Costa,013,1133247,63989,63040,1131,64171,719
2021-03-06,Del Norte,015,27424,1046,1000,5,1005,5
2021-03-06,El Dorado,017,186661,9216,9166,616,9782,97
2021-03-06,Fresno,019,978130,97220,96366,8080,104446,1440
2021-03-06,Glenn,021,27897,2270,2241,514,2755,15
2021-03-06,Humboldt,023,135768,3281,3260,22,3282,31
2021-03-06,Imperial,025,180216,27261,27009,2644,29653,658
2021-03-06,Inyo,027,18085,1336,1312,2,1314,35
2021-03-06,Kern,029,883053,93903,92684,10229,102913,1082
2021-03-06,Kings,031,150075,22318,22094,1061,23155,224
2021-03-06,Lake,033,64148,3229,3189,6,3195,42
2021-03-06,Lassen,035,31185,5125,5119,103,5222,1
2021-03-06,Los Angeles,037,10098052,1175618,1161745,40650,1202395,21843
2021-03-06,Madera,039,155013,15801,15646,870,16516,211
2021-03-06,Marin,041,260295,13343,13289,177,13466,213
2021-03-06,Mariposa,043,17540,376,376,5,381,5
2021-03-06,Mendocino,045,87422,3666,3579,70,3649,42
2021-03-06,Merced,047,269075,28855,28771,914,29685,399
2021-03-06,Modoc,049,8938,347,338,118,456,3
2021-03-06,Mono,051,14174,1183,1198,13,1211,3
2021-03-06,Monterey,053,433212,42081,41838,1755,43593,327
2021-03-06,Napa,055,140530,9152,9129,32,9161,75
2021-03-06,Nevada,057,99092,4106,4044,167,4211,66
2021-03-06,Orange,059,3164182,248579,246634,10510,257144,4165
2021-03-06,Placer,061,380077,20825,20030,1172,21202,239
2021-03-06,Plumas,063,18699,644,634,11,645,4
2021-03-06,Riverside,065,2383286,285041,280225,13806,294031,3781
2021-03-06,Sacramento,067,1510023,95658,94332,1310,95642,1436
2021-03-06,San Benito,069,59416,5775,5793,95,5888,61
2021-03-06,San Bernardino,071,2135413,286735,282737,8834,291571,3791
2021-03-06,San Diego,073,3302833,266211,262778,13044,275822,3385
2021-03-06,San Francisco,075,870044,34512,34560,1153,35713,435
2021-03-06,San Joaquin,077,732212,67497,66162,2947,69109,1138
2021-03-06,San Luis Obispo,079,281455,19810,19592,589,20181,245
2021-03-06,San Mateo,081,765935,39929,39384,416,39800,329
2021-03-06,Santa Barbara,083,443738,32994,32176,1149,33325,424
2021-03-06,Santa Clara,085,1922200,111444,111570,608,112178,1749
2021-03-06,Santa Cruz,087,273765,15504,14701,831,15532,188
2021-03-06,Shasta,089,179085,11041,11076,1313,12389,158
2021-03-06,Sierra,091,2930,49,48,14,62,0
2021-03-06,Siskiyou,093,43540,1521,1432,251,1683,5
2021-03-06,Solano,095,438530,30107,30000,376,30376,169
2021-03-06,Sonoma,097,501317,28409,28484,224,28708,284
2021-03-06,Stanislaus,099,539301,51189,50691,5590,56281,711
2021-03-06,Sutter,101,95872,8947,8887,86,8973,100
2021-03-06,Tehama,103,63373,4625,4610,511,5121,33
2021-03-06,Trinity,105,12862,406,302,65,367,3
2021-03-06,Tulare,107,460477,48224,47515,8613,56128,789
2021-03-06,Tuolumne,109,53932,3925,3920,32,3952,56
2021-03-06,Ventura,111,848112,78475,78439,2859,81298,848
2021-03-06,Yolo,113,214977,13012,12951,232,13183,189
2021-03-06,Yuba,115,75493,5573,5504,90,5594,42
2021-03-05,Alameda,001,1643700,81722,81215,1800,83015,1141
2021-03-05,Alpine,003,1148,83,78,0,78,0
2021-03-05,Amador,005,37829,3497,3484,33,3517,42
2021-03-05,Butte,007,227075,11396,11050,1685,12735,185
2021-03-05,Calaveras,009,45235,1934,1902,12,1914,48
2021-03-05,Colusa,011,21464,1872,1874,278,2152,11
2021-03-05,Contra Costa,013,1133247,63909,62886,1128,64014,711
2021-03-05,Del Norte,015,27424,1042,995,5,1000,5
2021-03-05,El Dorado,017,186661,9211,9150,615,9765,97
2021-03-05,Fresno,019,978130,97114,96184,8059,104243,1432
2021-03-05,Glenn,021,27897,2265,2241,514,2755,15
2021-03-05,Humboldt,023,135768,3274,3234,22,3256,31
2021-03-05,Imperial,025,180216,27251,26970,2635,29605,651
2021-03-05,Inyo,027,18085,1332,1309,2,1311,35
2021-03-05,Kern,029,883053,93864,92601,10215,102816,1076
2021-03-05,Kings,031,150075,22300,22063,1059,23122,224
2021-03-05,Lake,033,64148,3227,3185,6,3191,42
2021-03-05,Lassen,035,31185,5125,5117,101,5218,1
2021-03-05,Los Angeles,037,10098052,1175131,1160688,40617,1201305,21745
2021-03-05,Madera,039,155013,15791,15624,868,16492,211
2021-03-05,Marin,041,260295,13330,13275,176,13451,215
2021-03-05,Mariposa,043,17540,376,375,5,380,4
2021-03-05,Mendocino,045,87422,3663,3577,70,3647,42
2021-03-05,Merced,047,269075,28821,28734,913,29647,399
2021-03-05,Modoc,049,8938,347,337,118,455,3
2021-03-05,Mono,051,14174,1182,1197,13,1210,3
2021-03-05,Monterey,053,433212,42068,41802,1755,43557,325
2021-03-05,Napa,055,140530,9144,9109,32,9141,75
2021-03-05,Nevada,057,99092,4102,4033,167,4200,66
2021-03-05,Orange,059,3164182,248465,246489,10497,256986,4108
2021-03-05,Placer,061,380077,20799,19973,1168,21141,239
2021-03-05,Plumas,063,18699,644,635,11,646,4
2021-03-05,Riverside,065,2383286,284931,280075,13800,293875,3781
2021-03-05,Sacramento,067,1510023,95562,94182,1303,95485,1430
2021-03-05,San Benito,069,59416,5772,5790,95,5885,61
2021-03-05,San Bernardino,071,2135413,286641,282640,8830,291470,3774
2021-03-05,San Diego,073,3302833,265977,262357,13028,275385,3371
2021-03-05,San Francisco,075,870044,34472,34526,1149,35675,430
2021-03-05,San Joaquin,077,732212,67417,66041,2938,68979,1133
2021-03-05,San Luis Obispo,079,281455,19789,19557,587,20144,244
2021-03-05,San Mateo,081,765935,39897,39305,416,39721,326
2021-03-05,Santa Barbara,083,443738,32959,32139,1144,33283,424
2021-03-05,Santa Clara,085,1922200,111348,111384,608,111992,1745
2021-03-05,Santa Cruz,087,273765,15493,14694,831,15525,188
2021-03-05,Shasta,089,179085,11029,11062,1307,12369,148
2021-03-05,Sierra,091,2930,49,48,14,62,0
2021-03-05,Siskiyou,093,43540,1517,1429,250,1679,5
2021-03-05,Solano,095,438530,30090,29951,374,30325,168
2021-03-05,Sonoma,097,501317,28383,28417,224,28641,279
2021-03-05,Stanislaus,099,539301,51138,50606,5580,56186,721
2021-03-05,Sutter,101,95872,8940,8876,86,8962,100
2021-03-05,Tehama,103,63373,4616,4606,511,5117,33
2021-03-05,Trinity,105,12862,406,302,65,367,3
2021-03-05,Tulare,107,460477,48197,47469,8592,56061,789
2021-03-05,Tuolumne,109,53932,3923,3917,32,3949,56
2021-03-05,Ventura,111,848112,78408,78368,2857,81225,839
2021-03-05,Yolo,113,214977,13000,12920,231,13151,188
2021-03-05,Yuba,115,75493,5561,5496,90,5586,42
2021-03-04,Alameda,001,1643700,81610,81115,1800,82915,1136
2021-03-04,Alpine,003,1148,83,78,0,78,0
2021-03-04,Amador,005,37829,3496,3480,33,3513,42
2021-03-04,Butte,007,227075,11389,11033,1684,12717,185
2021-03-04,Calaveras,009,45235,1933,1896,12,1908,48
2021-03-04,Colusa,011,21464,1870,1873,273,2146,11
2021-03-04,Contra Costa,013,1133247,63811,62789,1125,63914,708
2021-03-04,Del Norte,015,27424,1034,989,5,994,5
2021-03-04,El Dorado,017,186661,9196,9133,615,9748,97
2021-03-04,Fresno,019,978130,96952,96023,8042,104065,1422
2021-03-04,Glenn,021,27897,2260,2236,511,2747,15
2021-03-04,Humboldt,023,135768,3261,3212,22,3234,31
2021-03-04,Imperial,025,180216,27240,26946,2631,29577,646
2021-03-04,Inyo,027,18085,1329,1300,2,1302,35
2021-03-04,Kern,029,883053,93776,92525,10195,102720,1070
2021-03-04,Kings,031,150075,22275,22025,1056,23081,224
2021-03-04,Lake,033,64148,3219,3181,6,3187,42
2021-03-04,Lassen,035,31185,5125,5116,101,5217,1
2021-03-04,Los Angeles,037,10098052,1174522,1159405,40568,1199973,21610
2021-03-04,Madera,039,155013,15756,15596,864,16460,208
2021-03-04,Marin,041,260295,13313,13240,173,13413,215
2021-03-04,Mariposa,043,17540,376,376,5,381,4
2021-03-04,Mendocino,045,87422,3660,3569,70,3639,42
2021-03-04,Merced,047,269075,28771,28671,911,29582,396
2021-03-04,Modoc,049,8938,346,336,118,454,3
2021-03-04,Mono,051,14174,1182,1197,13,1210,3
2021-03-04,Monterey,053,433212,42048,41771,1752,43523,325
2021-03-04,Napa,055,140530,9136,9094,32,9126,74
2021-03-04,Nevada,057,99092,4092,4020,167,4187,66
2021-03-04,Orange,059,3164182,248309,246354,10480,256834,4096
2021-03-04,Placer,061,380077,20767,19900,1162,21062,239
2021-03-04,Plumas,063,18699,644,634,11,645,4
2021-03-04,Riverside,065,2383286,284805,279871,13787,293658,3766
2021-03-04,Sacramento,067,1510023,95427,93982,1300,95282,1426
2021-03-04,San Benito,069,59416,5772,5781,95,5876,61
2021-03-04,San Bernardino,071,2135413,286511,282407,8826,291233,3757
2021-03-04,San Diego,073,3302833,265717,261858,12985,274843,3359
2021-03-04,San Francisco,075,870044,34438,34480,1146,35626,426
2021-03-04,San Joaquin,077,732212,67324,65931,2928,68859,1129
2021-03-04,San Luis Obispo,079,281455,19751,19520,585,20105,243
2021-03-04,San Mateo,081,765935,39853,39225,415,39640,322
2021-03-04,Santa Barbara,083,443738,32920,32090,1143,33233,423
2021-03-04,Santa Clara,085,1922200,111214,111194,605,111799,1723
2021-03-04,Santa Cruz,087,273765,15474,14669,831,15500,186
2021-03-04,Shasta,089,179085,11026,11050,1298,12348,150
2021-03-04,Sierra,091,2930,49,48,14,62,0
2021-03-04,Siskiyou,093,43540,1511,1427,250,1677,5
2021-03-04,Solano,095,438530,30063,29905,373,30278,168
2021-03-04,Sonoma,097,501317,28328,28379,223,28602,279
2021-03-04,Stanislaus,099,539301,51049,50521,5572,56093,731
2021-03-04,Sutter,101,95872,8928,8849,86,8935,100
2021-03-04,Tehama,103,63373,4610,4604,511,5115,33
2021-03-04,Trinity,105,12862,406,302,65,367,3
2021-03-04,Tulare,107,460477,48153,47398,8566,55964,784
2021-03-04,Tuolumne,109,53932,3917,3916,32,3948,56
2021-03-04,Ventura,111,848112,78321,78184,2855,81039,831
2021-03-04,Yolo,113,214977,12980,12895,231,13126,189
2021-03-04,Yuba,115,75493,5549,5483,90,5573,41
2021-03-03,Alameda,001,1643700,81490,80972,1798,82770,1127
2021-03-03,Alpine,003,1148,83,77,0,77,0
2021-03-03,Amador,005,37829,3494,3478,32,3510,42
2021-03-03,Butte,007,227075,11382,11014,1683,12697,184
2021-03-03,Calaveras,009,45235,1932,1893,12,1905,48
2021-03-03,Colusa,011,21464,1869,1873,273,2146,11
2021-03-03,Contra Costa,013,1133247,63713,62668,1122,63790,708
2021-03-03,Del Norte,015,27424,1031,988,5,993,5
2021-03-03,El Dorado,017,186661,9186,9121,615,9736,97
2021-03-03,Fresno,019,978130,96808,95893,8024,103917,1415
2021-03-03,Glenn,021,27897,2260,2233,511,2744,15
2021-03-03,Humboldt,023,135768,3250,3196,22,3218,30
2021-03-03,Imperial,025,180216,27223,26939,2626,29565,640
2021-03-03,Inyo,027,18085,1321,1294,2,1296,35
2021-03-03,Kern,029,883053,93701,92434,10177,102611,1063
2021-03-03,Kings,031,150075,22259,22009,1055,23064,223
2021-03-03,Lake,033,64148,3212,3175,6,3181,40
2021-03-03,Lassen,035,31185,5125,5115,101,5216,1
2021-03-03,Los Angeles,037,10098052,1173883,1157911,40527,1198438,21500
2021-03-03,Madera,039,155013,15737,15553,858,16411,203
2021-03-03,Marin,041,260295,13300,13216,173,13389,214
2021-03-03,Mariposa,043,17540,375,376,5,381,4
2021-03-03,Mendocino,045,87422,3652,3564,70,3634,42
2021-03-03,Merced,047,269075,28719,28625,911,29536,393
2021-03-03,Modoc,049,8938,346,333,117,450,3
2021-03-03,Mono,051,14174,1182,1191,13,1204,3
2021-03-03,Monterey,053,433212,42015,41731,1749,43480,325
2021-03-03,Napa,055,140530,9128,9090,32,9122,72
2021-03-03,Nevada,057,99092,4082,4009,167,4176,66
2021-03-03,Orange,059,3164182,248164,246120,10464,256584,4072
2021-03-03,Placer,061,380077,20741,19851,1159,21010,239
2021-03-03,Plumas,063,18699,643,631,11,642,4
2021-03-03,Riverside,065,2383286,284676,279626,13782,293408,3735
2021-03-03,Sacramento,067,1510023,95266,93819,1291,95110,1419
2021-03-03,San Benito,069,59416,5771,5774,95,5869,61
2021-03-03,San Bernardino,071,2135413,286370,282138,8819,290957,3664
2021-03-03,San Diego,073,3302833,265454,261350,12954,274304,3342
2021-03-03,San Francisco,075,870044,34407,34443,1143,35586,426
2021-03-03,San Joaquin,077,732212,67213,65855,2921,68776,1115
2021-03-03,San Luis Obispo,079,281455,19725,19479,582,20061,241
2021-03-03,San Mateo,081,765935,39807,39189,414,39603,319
2021-03-03,Santa Barbara,083,443738,32883,32027,1143,33170,421
2021-03-03,Santa Clara,085,1922200,111059,110991,603,111594,1720
2021-03-03,Santa Cruz,087,273765,15463,14645,831,15476,185
2021-03-03,Shasta,089,179085,11016,11023,1291,12314,150
2021-03-03,Sierra,091,2930,49,48,14,62,0
2021-03-03,Siskiyou,093,43540,1509,1424,250,1674,5
2021-03-03,Solano,095,438530,30027,29866,372,30238,167
2021-03-03,Sonoma,097,501317,28289,28307,222,28529,279
2021-03-03,Stanislaus,099,539301,50972,50438,5564,56002,730
2021-03-03,Sutter,101,95872,8919,8840,86,8926,99
2021-03-03,Tehama,103,63373,4607,4601,511,5112,32
2021-03-03,Trinity,105,12862,406,302,65,367,3
2021-03-03,Tulare,107,460477,48102,47348,8535,55883,778
2021-03-03,Tuolumne,109,53932,3915,3914,31,3945,56
2021-03-03,Ventura,111,848112,78238,78057,2849,80906,822
2021-03-03,Yolo,113,214977,12967,12890,231,13121,189
2021-03-03,Yuba,115,75493,5536,5479,90,5569,41
2021-03-02,Alameda,001,1643700,81372,80904,1796,82700,1116
2021-03-02,Alpine,003,1148,83,77,0,77,0
2021-03-02,Amador,005,37829,3492,3474,32,3506,42
2021-03-02,Butte,007,227075,11372,11007,1681,12688,182
2021-03-02,Calaveras,009,45235,1924,1890,12,1902,48
2021-03-02,Colusa,011,21464,1869,1872,272,2144,11
2021-03-02,Contra Costa,013,1133247,63602,62557,1117,63674,694
2021-03-02,Del Norte,015,27424,1024,983,5,988,5
2021-03-02,El Dorado,017,186661,9178,9116,615,9731,98
2021-03-02,Fresno,019,978130,96661,95785,7997,103782,1410
2021-03-02,Glenn,021,27897,2254,2232,510,2742,15
2021-03-02,Humboldt,023,135768,3231,3184,22,3206,30
2021-03-02,Imperial,025,180216,27213,26926,2624,29550,637
2021-03-02,Inyo,027,18085,1317,1292,2,1294,35
2021-03-02,Kern,029,883053,93596,92313,10148,102461,1046
2021-03-02,Kings,031,150075,22207,21999,1053,23052,217
2021-03-02,Lake,033,64148,3206,3169,6,3175,40
2021-03-02,Lassen,035,31185,5120,5115,100,5215,1
2021-03-02,Los Angeles,037,10098052,1173248,1156826,40480,1197306,21395
2021-03-02,Madera,039,155013,15717,15523,855,16378,194
2021-03-02,Marin,041,260295,13277,13186,172,13358,214
2021-03-02,Mariposa,043,17540,375,376,5,381,4
2021-03-02,Mendocino,045,87422,3649,3562,69,3631,41
2021-03-02,Merced,047,269075,28662,28598,911,29509,389
2021-03-02,Modoc,049,8938,346,332,117,449,3
2021-03-02,Mono,051,14174,1181,1191,13,1204,3
2021-03-02,Monterey,053,433212,41988,41716,1747,43463,325
2021-03-02,Napa,055,140530,9116,9080,32,9112,71
2021-03-02,Nevada,057,99092,4073,3983,165,4148,66
2021-03-02,Orange,059,3164182,248018,246004,10447,256451,4037
2021-03-02,Placer,061,380077,20687,19828,1156,20984,239
2021-03-02,Plumas,063,18699,641,628,11,639,4
2021-03-02,Riverside,065,2383286,284510,279486,13774,293260,3721
2021-03-02,Sacramento,067,1510023,95099,93690,1290,94980,1411
2021-03-02,San Benito,069,59416,5764,5770,95,5865,60
2021-03-02,San Bernardino,071,2135413,286237,281919,8813,290732,3604
2021-03-02,San Diego,073,3302833,265210,260998,12932,273930,3317
2021-03-02,San Francisco,075,870044,34366,34387,1139,35526,424
2021-03-02,San Joaquin,077,732212,67105,65769,2902,68671,1111
2021-03-02,San Luis Obispo,079,281455,19692,19452,581,20033,241
2021-03-02,San Mateo,081,765935,39755,39148,413,39561,317
2021-03-02,Santa Barbara,083,443738,32835,31964,1139,33103,416
2021-03-02,Santa Clara,085,1922200,110880,110832,602,111434,1706
2021-03-02,Santa Cruz,087,273765,15449,14611,829,15440,185
2021-03-02,Shasta,089,179085,11002,11012,1280,12292,149
2021-03-02,Sierra,091,2930,49,48,14,62,0
2021-03-02,Siskiyou,093,43540,1505,1412,248,1660,5
2021-03-02,Solano,095,438530,29994,29827,370,30197,167
2021-03-02,Sonoma,097,501317,28234,28261,222,28483,279
2021-03-02,Stanislaus,099,539301,50885,50359,5550,55909,724
2021-03-02,Sutter,101,95872,8910,8832,86,8918,99
2021-03-02,Tehama,103,63373,4605,4597,511,5108,32
2021-03-02,Trinity,105,12862,406,301,65,366,3
2021-03-02,Tulare,107,460477,48044,47326,8510,55836,783
2021-03-02,Tuolumne,109,53932,3911,3908,31,3939,53
2021-03-02,Ventura,111,848112,78147,77952,2845,80797,780
2021-03-02,Yolo,113,214977,12950,12867,231,13098,189
2021-03-02,Yuba,115,75493,5528,5475,90,5565,41
2021-03-01,Alameda,001,1643700,81245,80805,1794,82599,1105
2021-03-01,Alpine,003,1148,81,77,0,77,0
2021-03-01,Amador,005,37829,3489,3469,32,3501,42
2021-03-01,Butte,007,227075,11356,10981,1676,12657,180
2021-03-01,Calaveras,009,45235,1920,1885,12,1897,46
2021-03-01,Colusa,011,21464,1868,1871,272,2143,11
2021-03-01,Contra Costa,013,1133247,63493,62458,1116,63574,694
2021-03-01,Del Norte,015,27424,1019,982,5,987,5
2021-03-01,El Dorado,017,186661,9154,9085,615,9700,98
2021-03-01,Fresno,019,978130,96523,95677,7975,103652,1405
2021-03-01,Glenn,021,27897,2249,2232,509,2741,15
2021-03-01,Humboldt,023,135768,3212,3179,22,3201,30
2021-03-01,Imperial,025,180216,27203,26913,2616,29529,636
2021-03-01,Inyo,027,18085,1314,1285,2,1287,35
2021-03-01,Kern,029,883053,93507,92219,10122,102341,1041
2021-03-01,Kings,031,150075,22190,21988,1047,23035,217
2021-03-01,Lake,033,64148,3201,3164,6,3170,40
2021-03-01,Lassen,035,31185,5118,5111,100,5211,1
2021-03-01,Los Angeles,037,10098052,1172593,1155984,40438,1196422,21293
2021-03-01,Madera,039,155013,15688,15505,844,16349,194
2021-03-01,Marin,041,260295,13250,13161,171,13332,214
2021-03-01,Mariposa,043,17540,375,375,5,380,4
2021-03-01,Mendocino,045,87422,3642,3561,69,3630,41
2021-03-01,Merced,047,269075,28617,28575,907,29482,385
2021-03-01,Modoc,049,8938,343,331,116,447,3
2021-03-01,Mono,051,14174,1180,1192,13,1205,3
2021-03-01,Monterey,053,433212,41963,41697,1745,43442,324
2021-03-01,Napa,055,140530,9107,9056,32,9088,70
2021-03-01,Nevada,057,99092,4054,3979,165,4144,66
2021-03-01,Orange,059,3164182,247824,245852,10432,256284,3976
2021-03-01,Placer,061,380077,20649,19803,1153,20956,239
2021-03-01,Plumas,063,18699,641,628,11,639,4
2021-03-01,Riverside,065,2383286,284295,279323,13766,293089,3680
2021-03-01,Sacramento,067,1510023,94954,93546,1288,94834,1401
2021-03-01,San Benito,069,59416,5759,5772,95,5867,57
2021-03-01,San Bernardino,071,2135413,286093,281685,8809,290494,3603
2021-03-01,San Diego,073,3302833,264892,260622,12899,273521,3303
2021-03-01,San Francisco,075,870044,34322,34318,1131,35449,424
2021-03-01,San Joaquin,077,732212,66997,65699,2889,68588,1097
2021-03-01,San Luis Obispo,079,281455,19670,19429,579,20008,239
2021-03-01,San Mateo,081,765935,39703,39096,412,39508,314
2021-03-01,Santa Barbara,083,443738,32792,31909,1138,33047,413
2021-03-01,Santa Clara,085,1922200,110722,110684,599,111283,1704
2021-03-01,Santa Cruz,087,273765,15430,14575,828,15403,185
2021-03-01,Shasta,089,179085,10990,10990,1277,12267,149
2021-03-01,Sierra,091,2930,49,48,14,62,0
2021-03-01,Siskiyou,093,43540,1501,1408,246,1654,5
2021-03-01,Solano,095,438530,29951,29779,369,30148,166
2021-03-01,Sonoma,097,501317,28186,28222,220,28442,278
2021-03-01,Stanislaus,099,539301,50810,50293,5544,55837,722
2021-03-01,Sutter,101,95872,8898,8825,86,8911,99
2021-03-01,Tehama,103,63373,4601,4595,511,5106,32
2021-03-01,Trinity,105,12862,406,298,64,362,3
2021-03-01,Tulare,107,460477,48006,47275,8475,55750,781
2021-03-01,Tuolumne,109,53932,3908,3907,31,3938,53
2021-03-01,Ventura,111,848112,78065,77849,2844,80693,775
2021-03-01,Yolo,113,214977,12933,12854,229,13083,188
2021-03-01,Yuba,115,75493,5516,5466,90,5556,41
2021-02-28,Alameda,001,1643700,81122,80727,1792,82519,1105
2021-02-28,Alpine,003,1148,81,77,0,77,0
2021-02-28,Amador,005,37829,3484,3466,31,3497,42
2021-02-28,Butte,007,227075,11341,10970,1676,12646,180
2021-02-28,Calaveras,009,45235,1914,1881,12,1893,46
2021-02-28,Colusa,011,21464,1868,1871,271,2142,11
2021-02-28,Contra Costa,013,1133247,63366,62386,1111,63497,694
2021-02-28,Del Norte,015,27424,1017,981,5,986,5
2021-02-28,El Dorado,017,186661,9143,9082,615,9697,98
2021-02-28,Fresno,019,978130,96343,95548,7940,103488,1405
2021-02-28,Glenn,021,27897,2247,2230,507,2737,15
2021-02-28,Humboldt,023,135768,3189,3179,22,3201,30
2021-02-28,Imperial,025,180216,27176,26909,2609,29518,636
2021-02-28,Inyo,027,18085,1309,1282,2,1284,35
2021-02-28,Kern,029,883053,93392,92169,10101,102270,1012
2021-02-28,Kings,031,150075,22169,21967,1046,23013,217
2021-02-28,Lake,033,64148,3196,3164,6,3170,40
2021-02-28,Lassen,035,31185,5117,5106,100,5206,1
2021-02-28,Los Angeles,037,10098052,1171811,1155141,40374,1195515,21261
2021-02-28,Madera,039,155013,15646,15496,841,16337,199
2021-02-28,Marin,041,260295,13227,13152,169,13321,214
2021-02-28,Mariposa,043,17540,375,374,5,379,4
2021-02-28,Mendocino,045,87422,3636,3558,69,3627,41
2021-02-28,Merced,047,269075,28553,28546,906,29452,384
2021-02-28,Modoc,049,8938,343,331,116,447,3
2021-02-28,Mono,051,14174,1177,1192,13,1205,3
2021-02-28,Monterey,053,433212,41931,41683,1744,43427,323
2021-02-28,Napa,055,140530,9088,9053,32,9085,70
2021-02-28,Nevada,057,99092,4041,3972,165,4137,66
2021-02-28,Orange,059,3164182,247625,245706,10424,256130,3970
2021-02-28,Placer,061,380077,20602,19775,1151,20926,239
2021-02-28,Plumas,063,18699,641,628,11,639,4
2021-02-28,Riverside,065,2383286,284075,279214,13755,292969,3661
2021-02-28,Sacramento,067,1510023,94770,93463,1283,94746,1398
2021-02-28,San Benito,069,59416,5748,5772,95,5867,57
2021-02-28,San Bernardino,071,2135413,285955,281620,8796,290416,3595
2021-02-28,San Diego,073,3302833,264596,260353,12865,273218,3303
2021-02-28,San Francisco,075,870044,34281,34291,1124,35415,417
2021-02-28,San Joaquin,077,732212,66889,65662,2880,68542,1097
2021-02-28,San Luis Obispo,079,281455,19635,19422,576,19998,237
2021-02-28,San Mateo,081,765935,39650,39059,411,39470,314
2021-02-28,Santa Barbara,083,443738,32739,31877,1138,33015,413
2021-02-28,Santa Clara,085,1922200,110524,110556,596,111152,1704
2021-02-28,Santa Cruz,087,273765,15401,14571,825,15396,185
2021-02-28,Shasta,089,179085,10969,10990,1273,12263,149
2021-02-28,Sierra,091,2930,49,48,14,62,0
2021-02-28,Siskiyou,093,43540,1493,1408,245,1653,5
2021-02-28,Solano,095,438530,29895,29758,364,30122,166
2021-02-28,Sonoma,097,501317,28123,28193,219,28412,279
2021-02-28,Stanislaus,099,539301,50719,50228,5531,55759,728
2021-02-28,Sutter,101,95872,8883,8825,86,8911,99
2021-02-28,Tehama,103,63373,4594,4590,511,5101,32
2021-02-28,Trinity,105,12862,406,298,64,362,3
2021-02-28,Tulare,107,460477,47944,47258,8444,55702,780
2021-02-28,Tuolumne,109,53932,3903,3905,31,3936,53
2021-02-28,Ventura,111,848112,77954,77749,2841,80590,775
2021-02-28,Yolo,113,214977,12911,12851,229,13080,188
2021-02-28,Yuba,115,75493,5506,5461,90,5551,41
2021-02-27,Alameda,001,1643700,81050,80565,1790,82355,1108
2021-02-27,Alpine,003,1148,81,77,0,77,0
2021-02-27,Amador,005,37829,3482,3463,31,3494,42
2021-02-27,Butte,007,227075,11329,10962,1676,12638,180
2021-02-27,Calaveras,009,45235,1909,1875,12,1887,46
2021-02-27,Colusa,011,21464,1867,1869,271,2140,11
2021-02-27,Contra Costa,013,1133247,63295,62248,1108,63356,693
2021-02-27,Del Norte,015,27424,1015,978,5,983,5
2021-02-27,El Dorado,017,186661,9139,9072,615,9687,98
2021-02-27,Fresno,019,978130,96269,95393,7926,103319,1400
2021-02-27,Glenn,021,27897,2247,2225,506,2731,15
2021-02-27,Humboldt,023,135768,3183,3167,22,3189,30
2021-02-27,Imperial,025,180216,27168,26903,2608,29511,633
2021-02-27,Inyo,027,18085,1306,1275,2,1277,35
2021-02-27,Kern,029,883053,93331,92053,10086,102139,996
2021-02-27,Kings,031,150075,22159,21955,1043,22998,216
2021-02-27,Lake,033,64148,3193,3156,6,3162,40
2021-02-27,Lassen,035,31185,5117,5106,100,5206,1
2021-02-27,Los Angeles,037,10098052,1171317,1154275,40345,1194620,21158
2021-02-27,Madera,039,155013,15629,15467,840,16307,199
2021-02-27,Marin,041,260295,13203,13134,169,13303,214
2021-02-27,Mariposa,043,17540,375,374,5,379,4
2021-02-27,Mendocino,045,87422,3633,3555,69,3624,41
2021-02-27,Merced,047,269075,28512,28501,897,29398,384
2021-02-27,Modoc,049,8938,343,331,115,446,3
2021-02-27,Mono,051,14174,1175,1191,13,1204,3
2021-02-27,Monterey,053,433212,41922,41665,1744,43409,322
2021-02-27,Napa,055,140530,9077,9038,32,9070,71
2021-02-27,Nevada,057,99092,4035,3960,165,4125,66
2021-02-27,Orange,059,3164182,247498,245542,10413,255955,3960
2021-02-27,Placer,061,380077,20566,19726,1148,20874,239
2021-02-27,Plumas,063,18699,641,628,11,639,4
2021-02-27,Riverside,065,2383286,283965,279048,13745,292793,3663
2021-02-27,Sacramento,067,1510023,94687,93281,1272,94553,1396
2021-02-27,San Benito,069,59416,5747,5767,94,5861,57
2021-02-27,San Bernardino,071,2135413,285876,281471,8789,290260,3527
2021-02-27,San Diego,073,3302833,264406,260091,12827,272918,3284
2021-02-27,San Francisco,075,870044,34248,34260,1121,35381,413
2021-02-27,San Joaquin,077,732212,66843,65578,2878,68456,1100
2021-02-27,San Luis Obispo,079,281455,19614,19411,575,19986,237
2021-02-27,San Mateo,081,765935,39609,38998,410,39408,313
2021-02-27,Santa Barbara,083,443738,32704,31805,1137,32942,411
2021-02-27,Santa Clara,085,1922200,110376,110361,594,110955,1703
2021-02-27,Santa Cruz,087,273765,15392,14552,824,15376,185
2021-02-27,Shasta,089,179085,10963,10985,1269,12254,149
2021-02-27,Sierra,091,2930,49,48,14,62,0
2021-02-27,Siskiyou,093,43540,1491,1407,244,1651,5
2021-02-27,Solano,095,438530,29867,29718,363,30081,165
2021-02-27,Sonoma,097,501317,28079,28141,213,28354,281
2021-02-27,Stanislaus,099,539301,50664,50147,5521,55668,733
2021-02-27,Sutter,101,95872,8878,8820,86,8906,99
2021-02-27,Tehama,103,63373,4591,4584,511,5095,32
2021-02-27,Trinity,105,12862,406,298,64,362,3
2021-02-27,Tulare,107,460477,47907,47209,8418,55627,770
2021-02-27,Tuolumne,109,53932,3900,3899,31,3930,53
2021-02-27,Ventura,111,848112,77882,77623,2838,80461,771
2021-02-27,Yolo,113,214977,12899,12834,229,13063,188
2021-02-27,Yuba,115,75493,5503,5450,90,5540,39
2021-02-26,Alameda,001,1643700,80955,80387,1785,82172,1106
2021-02-26,Alpine,003,1148,81,77,0,77,0
2021-02-26,Amador,005,37829,3476,3457,31,3488,42
2021-02-26,Butte,007,227075,11318,10941,1675,12616,180
2021-02-26,Calaveras,009,45235,1906,1873,12,1885,46
2021-02-26,Colusa,011,21464,1867,1865,271,2136,11
2021-02-26,Contra Costa,013,1133247,63213,62114,1108,63222,685
2021-02-26,Del Norte,015,27424,1011,968,5,973,5
2021-02-26,El Dorado,017,186661,9134,9038,613,9651,98
2021-02-26,Fresno,019,978130,96164,95202,7918,103120,1391
2021-02-26,Glenn,021,27897,2244,2220,506,2726,15
2021-02-26,Humboldt,023,135768,3177,3152,22,3174,30
2021-02-26,Imperial,025,180216,27160,26888,2606,29494,631
2021-02-26,Inyo,027,18085,1304,1271,2,1273,34
2021-02-26,Kern,029,883053,93252,91884,10070,101954,997
2021-02-26,Kings,031,150075,22143,21917,1040,22957,216
2021-02-26,Lake,033,64148,3188,3153,6,3159,40
2021-02-26,Lassen,035,31185,5117,5102,100,5202,1
2021-02-26,Los Angeles,037,10098052,1170743,1153131,40284,1193415,21070
2021-02-26,Madera,039,155013,15613,15436,838,16274,199
2021-02-26,Marin,041,260295,13189,13091,169,13260,214
2021-02-26,Mariposa,043,17540,375,375,5,380,4
2021-02-26,Mendocino,045,87422,3628,3549,69,3618,41
2021-02-26,Merced,047,269075,28478,28455,896,29351,382
2021-02-26,Modoc,049,8938,342,330,115,445,3
2021-02-26,Mono,051,14174,1173,1191,13,1204,3
2021-02-26,Monterey,053,433212,41896,41607,1744,43351,322
2021-02-26,Napa,055,140530,9071,9014,32,9046,70
2021-02-26,Nevada,057,99092,4024,3952,165,4117,66
2021-02-26,Orange,059,3164182,247358,245278,10403,255681,3918
2021-02-26,Placer,061,380077,20540,19712,1142,20854,239
2021-02-26,Plumas,063,18699,641,628,11,639,4
2021-02-26,Riverside,065,2383286,283821,278772,13739,292511,3653
2021-02-26,Sacramento,067,1510023,94564,93180,1269,94449,1390
2021-02-26,San Benito,069,59416,5746,5759,94,5853,57
2021-02-26,San Bernardino,071,2135413,285777,281132,8787,289919,3461
2021-02-26,San Diego,073,3302833,264179,259641,12806,272447,3271
2021-02-26,San Francisco,075,870044,34218,34213,1116,35329,413
2021-02-26,San Joaquin,077,732212,66762,65492,2872,68364,1070
2021-02-26,San Luis Obispo,079,281455,19598,19359,573,19932,234
2021-02-26,San Mateo,081,765935,39563,38922,410,39332,313
2021-02-26,Santa Barbara,083,443738,32660,31724,1136,32860,410
2021-02-26,Santa Clara,085,1922200,110244,110168,592,110760,1700
2021-02-26,Santa Cruz,087,273765,15380,14528,823,15351,185
2021-02-26,Shasta,089,179085,10957,10972,1259,12231,149
2021-02-26,Sierra,091,2930,49,47,14,61,0
2021-02-26,Siskiyou,093,43540,1491,1401,244,1645,5
2021-02-26,Solano,095,438530,29833,29651,362,30013,165
2021-02-26,Sonoma,097,501317,28050,28063,212,28275,280
2021-02-26,Stanislaus,099,539301,50608,50054,5513,55567,737
2021-02-26,Sutter,101,95872,8869,8806,86,8892,99
2021-02-26,Tehama,103,63373,4589,4581,511,5092,32
2021-02-26,Trinity,105,12862,405,298,64,362,3
2021-02-26,Tulare,107,460477,47872,47135,8388,55523,770
2021-02-26,Tuolumne,109,53932,3899,3896,31,3927,53
2021-02-26,Ventura,111,848112,77782,77534,2836,80370,765
2021-02-26,Yolo,113,214977,12892,12816,229,13045,188
2021-02-26,Yuba,115,75493,5498,5438,90,5528,39
2021-02-25,Alameda,001,1643700,80833,80181,1784,81965,1093
2021-02-25,Alpine,003,1148,81,77,0,77,0
2021-02-25,Amador,005,37829,3473,3448,31,3479,41
2021-02-25,Butte,007,227075,11297,10922,1670,12592,178
2021-02-25,Calaveras,009,45235,1898,1868,12,1880,46
2021-02-25,Colusa,011,21464,1864,1863,270,2133,11
2021-02-25,Contra Costa,013,1133247,63111,61910,1108,63018,686
2021-02-25,Del Norte,015,27424,1001,966,5,971,5
2021-02-25,El Dorado,017,186661,9118,9012,613,9625,98
2021-02-25,Fresno,019,978130,96020,95015,7896,102911,1377
2021-02-25,Glenn,021,27897,2241,2219,505,2724,15
2021-02-25,Humboldt,023,135768,3170,3129,22,3151,30
2021-02-25,Imperial,025,180216,27154,26855,2602,29457,628
2021-02-25,Inyo,027,18085,1298,1264,2,1266,33
2021-02-25,Kern,029,883053,93137,91735,10044,101779,992
2021-02-25,Kings,031,150075,22134,21900,1037,22937,216
2021-02-25,Lake,033,64148,3179,3141,6,3147,40
2021-02-25,Lassen,035,31185,5116,5097,99,5196,1
2021-02-25,Los Angeles,037,10098052,1170005,1151846,40225,1192071,20931
2021-02-25,Madera,039,155013,15578,15414,834,16248,194
2021-02-25,Marin,041,260295,13165,13067,169,13236,214
2021-02-25,Mariposa,043,17540,375,375,5,380,4
2021-02-25,Mendocino,045,87422,3623,3542,69,3611,41
2021-02-25,Merced,047,269075,28428,28383,895,29278,382
2021-02-25,Modoc,049,8938,342,329,115,444,3
2021-02-25,Mono,051,14174,1172,1190,13,1203,3
2021-02-25,Monterey,053,433212,41871,41564,1739,43303,321
2021-02-25,Napa,055,140530,9045,8998,32,9030,70
2021-02-25,Nevada,057,99092,4007,3940,164,4104,66
2021-02-25,Orange,059,3164182,247184,245000,10393,255393,3882
2021-02-25,Placer,061,380077,20499,19661,1140,20801,239
2021-02-25,Plumas,063,18699,641,626,11,637,4
2021-02-25,Riverside,065,2383286,283635,278544,13715,292259,3646
2021-02-25,Sacramento,067,1510023,94406,92961,1256,94217,1386
2021-02-25,San Benito,069,59416,5741,5752,94,5846,58
2021-02-25,San Bernardino,071,2135413,285643,280946,8779,289725,3409
2021-02-25,San Diego,073,3302833,263884,258979,12776,271755,3260
2021-02-25,San Francisco,075,870044,34176,34138,1113,35251,408
2021-02-25,San Joaquin,077,732212,66678,65389,2860,68249,1047
2021-02-25,San Luis Obispo,079,281455,19577,19335,571,19906,234
2021-02-25,San Mateo,081,765935,39517,38872,410,39282,300
2021-02-25,Santa Barbara,083,443738,32584,31631,1135,32766,408
2021-02-25,Santa Clara,085,1922200,110080,109923,591,110514,1677
2021-02-25,Santa Cruz,087,273765,15361,14492,822,15314,185
2021-02-25,Shasta,089,179085,10945,10947,1254,12201,148
2021-02-25,Sierra,091,2930,49,47,14,61,0
2021-02-25,Siskiyou,093,43540,1487,1390,241,1631,4
2021-02-25,Solano,095,438530,29801,29616,362,29978,161
2021-02-25,Sonoma,097,501317,27996,28004,209,28213,278
2021-02-25,Stanislaus,099,539301,50518,49964,5502,55466,738
2021-02-25,Sutter,101,95872,8855,8789,85,8874,99
2021-02-25,Tehama,103,63373,4585,4578,509,5087,32
2021-02-25,Trinity,105,12862,405,297,64,361,3
2021-02-25,Tulare,107,460477,47823,47052,8360,55412,765
2021-02-25,Tuolumne,109,53932,3896,3894,31,3925,53
2021-02-25,Ventura,111,848112,77677,77395,2830,80225,751
2021-02-25,Yolo,113,214977,12875,12787,229,13016,188
2021-02-25,Yuba,115,75493,5490,5429,90,5519,39
2021-02-24,Alameda,001,1643700,80712,80070,1780,81850,1082
2021-02-24,Alpine,003,1148,80,77,0,77,0
2021-02-24,Amador,005,37829,3468,3444,31,3475,41
2021-02-24,Butte,007,227075,11285,10915,1666,12581,178
2021-02-24,Calaveras,009,45235,1896,1864,12,1876,31
2021-02-24,Colusa,011,21464,1862,1863,270,2133,11
2021-02-24,Contra Costa,013,1133247,63003,61776,1108,62884,663
2021-02-24,Del Norte,015,27424,1000,960,4,964,5
2021-02-24,El Dorado,017,186661,9106,8993,613,9606,98
2021-02-24,Fresno,019,978130,95874,94794,7879,102673,1369
2021-02-24,Glenn,021,27897,2239,2210,505,2715,14
2021-02-24,Humboldt,023,135768,3158,3123,22,3145,29
2021-02-24,Imperial,025,180216,27139,26843,2598,29441,596
2021-02-24,Inyo,027,18085,1293,1253,2,1255,32
2021-02-24,Kern,029,883053,93004,91525,10028,101553,992
2021-02-24,Kings,031,150075,22109,21871,1034,22905,216
2021-02-24,Lake,033,64148,3172,3134,6,3140,40
2021-02-24,Lassen,035,31185,5112,5095,98,5193,1
2021-02-24,Los Angeles,037,10098052,1169246,1150322,40179,1190501,20817
2021-02-24,Madera,039,155013,15551,15390,834,16224,194
2021-02-24,Marin,041,260295,13142,13044,168,13212,214
2021-02-24,Mariposa,043,17540,375,374,5,379,4
2021-02-24,Mendocino,045,87422,3616,3540,69,3609,41
2021-02-24,Merced,047,269075,28389,28295,892,29187,383
2021-02-24,Modoc,049,8938,341,329,115,444,3
2021-02-24,Mono,051,14174,1170,1189,13,1202,3
2021-02-24,Monterey,053,433212,41846,41495,1737,43232,320
2021-02-24,Napa,055,140530,9028,8976,31,9007,70
2021-02-24,Nevada,057,99092,3997,3927,164,4091,66
2021-02-24,Orange,059,3164182,246967,244743,10379,255122,3835
2021-02-24,Placer,061,380077,20461,19648,1134,20782,239
2021-02-24,Plumas,063,18699,639,626,11,637,4
2021-02-24,Riverside,065,2383286,283413,278293,13705,291998,3603
2021-02-24,Sacramento,067,1510023,94252,92742,1251,93993,1375
2021-02-24,San Benito,069,59416,5740,5743,94,5837,57
2021-02-24,San Bernardino,071,2135413,285492,280583,8775,289358,3360
2021-02-24,San Diego,073,3302833,263590,258460,12760,271220,3230
2021-02-24,San Francisco,075,870044,34131,34061,1109,35170,406
2021-02-24,San Joaquin,077,732212,66567,65274,2857,68131,1019
2021-02-24,San Luis Obispo,079,281455,19554,19309,569,19878,233
2021-02-24,San Mateo,081,765935,39480,38763,409,39172,300
2021-02-24,Santa Barbara,083,443738,32532,31563,1132,32695,405
2021-02-24,Santa Clara,085,1922200,109929,109671,590,110261,1674
2021-02-24,Santa Cruz,087,273765,15340,14458,822,15280,185
2021-02-24,Shasta,089,179085,10931,10922,1251,12173,148
2021-02-24,Sierra,091,2930,49,47,14,61,0
2021-02-24,Siskiyou,093,43540,1480,1385,237,1622,4
2021-02-24,Solano,095,438530,29762,29577,359,29936,158
2021-02-24,Sonoma,097,501317,27932,27954,205,28159,278
2021-02-24,Stanislaus,099,539301,50449,49851,5493,55344,732
2021-02-24,Sutter,101,95872,8845,8778,85,8863,99
2021-02-24,Tehama,103,63373,4581,4566,509,5075,31
2021-02-24,Trinity,105,12862,405,294,63,357,3
2021-02-24,Tulare,107,460477,47769,46976,8330,55306,759
2021-02-24,Tuolumne,109,53932,3893,3887,31,3918,53
2021-02-24,Ventura,111,848112,77569,77238,2829,80067,718
2021-02-24,Yolo,113,214977,12862,12760,225,12985,188
2021-02-24,Yuba,115,75493,5479,5425,88,5513,39
2021-02-23,Alameda,001,1643700,80573,79948,1777,81725,1070
2021-02-23,Alpine,003,1148,79,77,0,77,0
2021-02-23,Amador,005,37829,3466,3440,31,3471,41
2021-02-23,Butte,007,227075,11270,10887,1662,12549,176
2021-02-23,Calaveras,009,45235,1895,1863,12,1875,21
2021-02-23,Colusa,011,21464,1859,1862,270,2132,11
2021-02-23,Contra Costa,013,1133247,62869,61613,1106,62719,661
2021-02-23,Del Norte,015,27424,998,953,4,957,3
2021-02-23,El Dorado,017,186661,9093,8969,613,9582,96
2021-02-23,Fresno,019,978130,95713,94741,7865,102606,1356
2021-02-23,Glenn,021,27897,2237,2209,505,2714,14
2021-02-23,Humboldt,023,135768,3141,3108,22,3130,29
2021-02-23,Imperial,025,180216,27119,26816,2593,29409,591
2021-02-23,Inyo,027,18085,1289,1250,2,1252,32
2021-02-23,Kern,029,883053,92866,91390,9999,101389,982
2021-02-23,Kings,031,150075,22094,21839,1030,22869,216
2021-02-23,Lake,033,64148,3164,3121,6,3127,40
2021-02-23,Lassen,035,31185,5109,5092,98,5190,1
2021-02-23,Los Angeles,037,10098052,1168382,1148965,40122,1189087,19887
2021-02-23,Madera,039,155013,15537,15352,828,16180,193
2021-02-23,Marin,041,260295,13122,13015,167,13182,214
2021-02-23,Mariposa,043,17540,375,374,5,379,4
2021-02-23,Mendocino,045,87422,3614,3540,68,3608,41
2021-02-23,Merced,047,269075,28301,28209,891,29100,381
2021-02-23,Modoc,049,8938,340,328,114,442,3
2021-02-23,Mono,051,14174,1170,1189,13,1202,3
2021-02-23,Monterey,053,433212,41805,41439,1731,43170,317
2021-02-23,Napa,055,140530,9016,8967,31,8998,70
2021-02-23,Nevada,057,99092,3989,3912,164,4076,66
2021-02-23,Orange,059,3164182,246770,244566,10359,254925,3843
2021-02-23,Placer,061,380077,20435,19608,1130,20738,238
2021-02-23,Plumas,063,18699,638,626,11,637,4
2021-02-23,Riverside,065,2383286,283181,278075,13692,291767,3599
2021-02-23,Sacramento,067,1510023,94095,92632,1245,93877,1370
2021-02-23,San Benito,069,59416,5734,5731,93,5824,57
2021-02-23,San Bernardino,071,2135413,285303,280279,8769,289048,3283
2021-02-23,San Diego,073,3302833,263213,257802,12732,270534,3218
2021-02-23,San Francisco,075,870044,34082,33994,1108,35102,405
2021-02-23,San Joaquin,077,732212,66468,65141,2849,67990,1004
2021-02-23,San Luis Obispo,079,281455,19525,19233,568,19801,230
2021-02-23,San Mateo,081,765935,39419,38662,409,39071,299
2021-02-23,Santa Barbara,083,443738,32478,31483,1130,32613,402
2021-02-23,Santa Clara,085,1922200,109733,109449,586,110035,1661
2021-02-23,Santa Cruz,087,273765,15312,14435,818,15253,178
2021-02-23,Shasta,089,179085,10919,10903,1247,12150,146
2021-02-23,Sierra,091,2930,49,47,14,61,0
2021-02-23,Siskiyou,093,43540,1475,1380,235,1615,4
2021-02-23,Solano,095,438530,29722,29545,356,29901,154
2021-02-23,Sonoma,097,501317,27889,27882,202,28084,278
2021-02-23,Stanislaus,099,539301,50372,49749,5476,55225,722
2021-02-23,Sutter,101,95872,8832,8766,85,8851,98
2021-02-23,Tehama,103,63373,4577,4556,508,5064,30
2021-02-23,Trinity,105,12862,405,292,62,354,3
2021-02-23,Tulare,107,460477,47690,46937,8294,55231,757
2021-02-23,Tuolumne,109,53932,3889,3864,31,3895,53
2021-02-23,Ventura,111,848112,77453,77093,2820,79913,689
2021-02-23,Yolo,113,214977,12833,12729,225,12954,188
2021-02-23,Yuba,115,75493,5466,5417,87,5504,38
2021-02-22,Alameda,001,1643700,80423,79796,1774,81570,1062
2021-02-22,Alpine,003,1148,79,77,0,77,0
2021-02-22,Amador,005,37829,3461,3438,31,3469,39
2021-02-22,Butte,007,227075,11258,10855,1656,12511,176
2021-02-22,Calaveras,009,45235,1893,1862,12,1874,21
2021-02-22,Colusa,011,21464,1859,1860,270,2130,11
2021-02-22,Contra Costa,013,1133247,62734,61478,1104,62582,661
2021-02-22,Del Norte,015,27424,997,948,4,952,3
2021-02-22,El Dorado,017,186661,9076,8940,613,9553,96
2021-02-22,Fresno,019,978130,95552,94584,7848,102432,1351
2021-02-22,Glenn,021,27897,2231,2207,503,2710,14
2021-02-22,Humboldt,023,135768,3129,3095,22,3117,29
2021-02-22,Imperial,025,180216,27096,26778,2585,29363,590
2021-02-22,Inyo,027,18085,1284,1248,2,1250,32
2021-02-22,Kern,029,883053,92749,91201,9977,101178,982
2021-02-22,Kings,031,150075,22072,21801,1027,22828,214
2021-02-22,Lake,033,64148,3158,3107,6,3113,40
2021-02-22,Lassen,035,31185,5109,5088,97,5185,1
2021-02-22,Los Angeles,037,10098052,1167510,1147541,40066,1187607,19730
2021-02-22,Madera,039,155013,15512,15325,824,16149,193
2021-02-22,Marin,041,260295,13098,12991,164,13155,213
2021-02-22,Mariposa,043,17540,374,374,5,379,4
2021-02-22,Mendocino,045,87422,3608,3535,68,3603,41
2021-02-22,Merced,047,269075,28233,28166,889,29055,379
2021-02-22,Modoc,049,8938,340,329,114,443,3
2021-02-22,Mono,051,14174,1166,1189,13,1202,3
2021-02-22,Monterey,053,433212,41754,41397,1724,43121,311
2021-02-22,Napa,055,140530,8989,8950,31,8981,69
2021-02-22,Nevada,057,99092,3980,3900,162,4062,66
2021-02-22,Orange,059,3164182,246533,244118,10341,254459,3843
2021-02-22,Placer,061,380077,20399,19587,1122,20709,238
2021-02-22,Plumas,063,18699,638,625,11,636,4
2021-02-22,Riverside,065,2383286,282921,277730,13683,291413,3567
2021-02-22,Sacramento,067,1510023,93928,92476,1235,93711,1359
2021-02-22,San Benito,069,59416,5732,5723,93,5816,57
2021-02-22,San Bernardino,071,2135413,285121,279984,8756,288740,3259
2021-02-22,San Diego,073,3302833,262803,257348,12699,270047,3189
2021-02-22,San Francisco,075,870044,34022,33947,1103,35050,405
2021-02-22,San Joaquin,077,732212,66367,65060,2836,67896,1001
2021-02-22,San Luis Obispo,079,281455,19488,19198,566,19764,229
2021-02-22,San Mateo,081,765935,39362,38542,406,38948,282
2021-02-22,Santa Barbara,083,443738,32413,31421,1127,32548,399
2021-02-22,Santa Clara,085,1922200,109521,109213,575,109788,1655
2021-02-22,Santa Cruz,087,273765,15286,14417,818,15235,176
2021-02-22,Shasta,089,179085,10904,10872,1242,12114,145
2021-02-22,Sierra,091,2930,49,47,14,61,0
2021-02-22,Siskiyou,093,43540,1469,1373,234,1607,4
2021-02-22,Solano,095,438530,29683,29508,355,29863,150
2021-02-22,Sonoma,097,501317,27844,27845,201,28046,278
2021-02-22,Stanislaus,099,539301,50267,49630,5456,55086,722
2021-02-22,Sutter,101,95872,8824,8698,85,8783,98
2021-02-22,Tehama,103,63373,4568,4550,508,5058,30
2021-02-22,Trinity,105,12862,405,287,61,348,3
2021-02-22,Tulare,107,460477,47629,46879,8261,55140,751
2021-02-22,Tuolumne,109,53932,3885,3856,31,3887,53
2021-02-22,Ventura,111,848112,77325,76947,2815,79762,677
2021-02-22,Yolo,113,214977,12806,12689,225,12914,183
2021-02-22,Yuba,115,75493,5463,5404,86,5490,38
2021-02-21,Alameda,001,1643700,80229,79649,1769,81418,1061
2021-02-21,Alpine,003,1148,79,77,0,77,0
2021-02-21,Amador,005,37829,3453,3435,31,3466,39
2021-02-21,Butte,007,227075,11235,10855,1654,12509,176
2021-02-21,Calaveras,009,45235,1892,1860,12,1872,21
2021-02-21,Colusa,011,21464,1858,1860,266,2126,11
2021-02-21,Contra Costa,013,1133247,62569,61364,1101,62465,661
2021-02-21,Del Norte,015,27424,991,942,4,946,3
2021-02-21,El Dorado,017,186661,9058,8927,612,9539,96
2021-02-21,Fresno,019,978130,95410,94374,7829,102203,1349
2021-02-21,Glenn,021,27897,2229,2201,501,2702,14
2021-02-21,Humboldt,023,135768,3117,3096,22,3118,29
2021-02-21,Imperial,025,180216,27077,26779,2581,29360,590
2021-02-21,Inyo,027,18085,1278,1232,2,1234,32
2021-02-21,Kern,029,883053,92624,91141,9938,101079,980
2021-02-21,Kings,031,150075,22036,21784,1025,22809,213
2021-02-21,Lake,033,64148,3150,3100,6,3106,40
2021-02-21,Lassen,035,31185,5101,5077,97,5174,1
2021-02-21,Los Angeles,037,10098052,1166484,1146756,40014,1186770,19711
2021-02-21,Madera,039,155013,15479,15298,821,16119,192
2021-02-21,Marin,041,260295,13068,12968,164,13132,212
2021-02-21,Mariposa,043,17540,374,373,5,378,4
2021-02-21,Mendocino,045,87422,3603,3535,68,3603,41
2021-02-21,Merced,047,269075,28143,28106,877,28983,379
2021-02-21,Modoc,049,8938,337,329,114,443,3
2021-02-21,Mono,051,14174,1166,1189,13,1202,3
2021-02-21,Monterey,053,433212,41699,41373,1713,43086,309
2021-02-21,Napa,055,140530,8974,8929,31,8960,69
2021-02-21,Nevada,057,99092,3967,3895,162,4057,66
2021-02-21,Orange,059,3164182,246233,243985,10323,254308,3801
2021-02-21,Placer,061,380077,20363,19553,1118,20671,238
2021-02-21,Plumas,063,18699,638,625,11,636,4
2021-02-21,Riverside,065,2383286,282690,277555,13670,291225,3564
2021-02-21,Sacramento,067,1510023,93718,92288,1223,93511,1354
2021-02-21,San Benito,069,59416,5722,5716,90,5806,57
2021-02-21,San Bernardino,071,2135413,284874,279870,8742,288612,3247
2021-02-21,San Diego,073,3302833,262368,257027,12654,269681,3190
2021-02-21,San Francisco,075,870044,33957,33891,1099,34990,405
2021-02-21,San Joaquin,077,732212,66218,64997,2823,67820,1001
2021-02-21,San Luis Obispo,079,281455,19456,19178,564,19742,229
2021-02-21,San Mateo,081,765935,39302,38448,402,38850,282
2021-02-21,Santa Barbara,083,443738,32351,31374,1124,32498,399
2021-02-21,Santa Clara,085,1922200,109295,108992,566,109558,1654
2021-02-21,Santa Cruz,087,273765,15263,14401,817,15218,176
2021-02-21,Shasta,089,179085,10889,10867,1237,12104,145
2021-02-21,Sierra,091,2930,49,47,14,61,0
2021-02-21,Siskiyou,093,43540,1463,1371,234,1605,4
2021-02-21,Solano,095,438530,29626,29471,354,29825,150
2021-02-21,Sonoma,097,501317,27778,27793,194,27987,278
2021-02-21,Stanislaus,099,539301,50142,49527,5439,54966,726
2021-02-21,Sutter,101,95872,8806,8687,84,8771,97
2021-02-21,Tehama,103,63373,4556,4547,508,5055,30
2021-02-21,Trinity,105,12862,403,286,61,347,3
2021-02-21,Tulare,107,460477,47561,46830,8224,55054,749
2021-02-21,Tuolumne,109,53932,3871,3828,31,3859,53
2021-02-21,Ventura,111,848112,77177,76862,2801,79663,677
2021-02-21,Yolo,113,214977,12775,12670,225,12895,183
2021-02-21,Yuba,115,75493,5455,5396,85,5481,38
2021-02-20,Alameda,001,1643700,80139,79496,1765,81261,1055
2021-02-20,Alpine,003,1148,79,77,0,77,0
2021-02-20,Amador,005,37829,3451,3432,31,3463,39
2021-02-20,Butte,007,227075,11227,10838,1652,12490,176
2021-02-20,Calaveras,009,45235,1891,1858,12,1870,21
2021-02-20,Colusa,011,21464,1857,1858,266,2124,11
2021-02-20,Contra Costa,013,1133247,62480,61205,1099,62304,663
2021-02-20,Del Norte,015,27424,987,937,4,941,3
2021-02-20,El Dorado,017,186661,9048,8911,612,9523,96
2021-02-20,Fresno,019,978130,95327,94234,7810,102044,1341
2021-02-20,Glenn,021,27897,2226,2199,500,2699,14
2021-02-20,Humboldt,023,135768,3109,3073,22,3095,29
2021-02-20,Imperial,025,180216,27069,26771,2581,29352,590
2021-02-20,Inyo,027,18085,1274,1226,2,1228,32
2021-02-20,Kern,029,883053,92553,91025,9904,100929,968
2021-02-20,Kings,031,150075,22018,21773,1024,22797,212
2021-02-20,Lake,033,64148,3143,3089,6,3095,40
2021-02-20,Lassen,035,31185,5099,5067,97,5164,1
2021-02-20,Los Angeles,037,10098052,1165919,1145594,39971,1185565,19630
2021-02-20,Madera,039,155013,15459,15274,820,16094,191
2021-02-20,Marin,041,260295,13047,12945,162,13107,211
2021-02-20,Mariposa,043,17540,374,372,5,377,4
2021-02-20,Mendocino,045,87422,3601,3533,68,3601,40
2021-02-20,Merced,047,269075,28098,28066,875,28941,379
2021-02-20,Modoc,049,8938,337,328,114,442,3
2021-02-20,Mono,051,14174,1165,1187,13,1200,3
2021-02-20,Monterey,053,433212,41679,41313,1711,43024,309
2021-02-20,Napa,055,140530,8965,8910,31,8941,69
2021-02-20,Nevada,057,99092,3957,3887,161,4048,66
2021-02-20,Orange,059,3164182,246065,243761,10308,254069,3755
2021-02-20,Placer,061,380077,20323,19509,1114,20623,236
2021-02-20,Plumas,063,18699,638,626,11,637,4
2021-02-20,Riverside,065,2383286,282537,277267,13659,290926,3559
2021-02-20,Sacramento,067,1510023,93594,92057,1221,93278,1352
2021-02-20,San Benito,069,59416,5710,5709,90,5799,57
2021-02-20,San Bernardino,071,2135413,284773,279608,8737,288345,3203
2021-02-20,San Diego,073,3302833,262126,256510,12625,269135,3188
2021-02-20,San Francisco,075,870044,33915,33820,1090,34910,399
2021-02-20,San Joaquin,077,732212,66145,64916,2818,67734,1001
2021-02-20,San Luis Obispo,079,281455,19433,19138,562,19700,229
2021-02-20,San Mateo,081,765935,39258,38371,401,38772,282
2021-02-20,Santa Barbara,083,443738,32316,31289,1123,32412,396
2021-02-20,Santa Clara,085,1922200,109119,108728,563,109291,1649
2021-02-20,Santa Cruz,087,273765,15252,14378,815,15193,176
2021-02-20,Shasta,089,179085,10875,10850,1232,12082,146
2021-02-20,Sierra,091,2930,49,47,14,61,0
2021-02-20,Siskiyou,093,43540,1460,1366,234,1600,4
2021-02-20,Solano,095,438530,29611,29440,352,29792,150
2021-02-20,Sonoma,097,501317,27749,27703,192,27895,278
2021-02-20,Stanislaus,099,539301,50087,49445,5426,54871,733
2021-02-20,Sutter,101,95872,8800,8681,84,8765,97
2021-02-20,Tehama,103,63373,4555,4545,508,5053,30
2021-02-20,Trinity,105,12862,402,285,60,345,3
2021-02-20,Tulare,107,460477,47525,46769,8202,54971,739
2021-02-20,Tuolumne,109,53932,3866,3823,31,3854,53
2021-02-20,Ventura,111,848112,77081,76757,2798,79555,671
2021-02-20,Yolo,113,214977,12761,12639,224,12863,183
2021-02-20,Yuba,115,75493,5452,5386,85,5471,38
2021-02-19,Alameda,001,1643700,80035,79318,1761,81079,1047
2021-02-19,Alpine,003,1148,79,77,0,77,0
2021-02-19,Amador,005,37829,3447,3427,31,3458,39
2021-02-19,Butte,007,227075,11217,10823,1647,12470,176
2021-02-19,Calaveras,009,45235,1890,1856,12,1868,21
2021-02-19,Colusa,011,21464,1857,1858,266,2124,11
2021-02-19,Contra Costa,013,1133247,62372,61017,1097,62114,651
2021-02-19,Del Norte,015,27424,982,932,4,936,2
2021-02-19,El Dorado,017,186661,9039,8882,611,9493,96
2021-02-19,Fresno,019,978130,95197,93973,7791,101764,1330
2021-02-19,Glenn,021,27897,2221,2199,499,2698,14
2021-02-19,Humboldt,023,135768,3097,3037,22,3059,29
2021-02-19,Imperial,025,180216,27064,26751,2578,29329,589
2021-02-19,Inyo,027,18085,1269,1212,2,1214,32
2021-02-19,Kern,029,883053,92484,90807,9861,100668,963
2021-02-19,Kings,031,150075,22004,21724,1021,22745,211
2021-02-19,Lake,033,64148,3137,3078,6,3084,40
2021-02-19,Lassen,035,31185,5098,5057,97,5154,1
2021-02-19,Los Angeles,037,10098052,1165173,1143828,39929,1183757,19498
2021-02-19,Madera,039,155013,15442,15222,818,16040,188
2021-02-19,Marin,041,260295,13023,12919,160,13079,210
2021-02-19,Mariposa,043,17540,374,371,5,376,4
2021-02-19,Mendocino,045,87422,3599,3526,68,3594,39
2021-02-19,Merced,047,269075,28067,27985,872,28857,376
2021-02-19,Modoc,049,8938,337,328,114,442,3
2021-02-19,Mono,051,14174,1165,1186,13,1199,3
2021-02-19,Monterey,053,433212,41650,41209,1707,42916,309
2021-02-19,Napa,055,140530,8954,8899,31,8930,69
2021-02-19,Nevada,057,99092,3951,3863,161,4024,66
2021-02-19,Orange,059,3164182,245883,243397,10294,253691,3715
2021-02-19,Placer,061,380077,20301,19457,1114,20571,236
2021-02-19,Plumas,063,18699,636,624,11,635,4
2021-02-19,Riverside,065,2383286,282365,276941,13642,290583,3541
2021-02-19,Sacramento,067,1510023,93473,91815,1217,93032,1351
2021-02-19,San Benito,069,59416,5705,5699,90,5789,57
2021-02-19,San Bernardino,071,2135413,284647,279209,8731,287940,3117
2021-02-19,San Diego,073,3302833,261835,255799,12602,268401,3169
2021-02-19,San Francisco,075,870044,33867,33746,1084,34830,387
2021-02-19,San Joaquin,077,732212,66074,64774,2809,67583,988
2021-02-19,San Luis Obispo,079,281455,19403,19061,560,19621,230
2021-02-19,San Mateo,081,765935,39200,38256,399,38655,282
2021-02-19,Santa Barbara,083,443738,32252,31204,1122,32326,392
2021-02-19,Santa Clara,085,1922200,108906,108400,561,108961,1634
2021-02-19,Santa Cruz,087,273765,15237,14354,815,15169,176
2021-02-19,Shasta,089,179085,10863,10833,1229,12062,140
2021-02-19,Sierra,091,2930,49,47,14,61,0
2021-02-19,Siskiyou,093,43540,1456,1363,232,1595,4
2021-02-19,Solano,095,438530,29580,29383,351,29734,150
2021-02-19,Sonoma,097,501317,27701,27595,190,27785,280
2021-02-19,Stanislaus,099,539301,50026,49282,5410,54692,739
2021-02-19,Sutter,101,95872,8790,8665,84,8749,96
2021-02-19,Tehama,103,63373,4553,4535,508,5043,30
2021-02-19,Trinity,105,12862,400,282,57,339,3
2021-02-19,Tulare,107,460477,47480,46662,8174,54836,736
2021-02-19,Tuolumne,109,53932,3859,3817,31,3848,52
2021-02-19,Ventura,111,848112,77001,76582,2795,79377,667
2021-02-19,Yolo,113,214977,12745,12606,224,12830,183
2021-02-19,Yuba,115,75493,5442,5376,85,5461,38
2021-02-18,Alameda,001,1643700,79888,79111,1754,80865,1012
2021-02-18,Alpine,003,1148,79,77,0,77,0
2021-02-18,Amador,005,37829,3443,3417,30,3447,38
2021-02-18,Butte,007,227075,11199,10791,1644,12435,175
2021-02-18,Calaveras,009,45235,1885,1873,12,1885,21
2021-02-18,Colusa,011,21464,1855,1856,264,2120,11
2021-02-18,Contra Costa,013,1133247,62261,60868,1096,61964,640
2021-02-18,Del Norte,015,27424,977,929,4,933,2
2021-02-18,El Dorado,017,186661,9025,8850,610,9460,94
2021-02-18,Fresno,019,978130,95029,93734,7764,101498,1323
2021-02-18,Glenn,021,27897,2215,2195,499,2694,14
2021-02-18,Humboldt,023,135768,3085,3023,22,3045,29
2021-02-18,Imperial,025,180216,27038,26731,2573,29304,591
2021-02-18,Inyo,027,18085,1265,1213,1,1214,32
2021-02-18,Kern,029,883053,92327,90655,9832,100487,961
2021-02-18,Kings,031,150075,21981,21648,1019,22667,211
2021-02-18,Lake,033,64148,3129,3066,6,3072,40
2021-02-18,Lassen,035,31185,5089,5052,97,5149,1
2021-02-18,Los Angeles,037,10098052,1164217,1141930,39861,1181791,19358
2021-02-18,Madera,039,155013,15420,15175,813,15988,188
2021-02-18,Marin,041,260295,13009,12895,160,13055,209
2021-02-18,Mariposa,043,17540,373,369,5,374,4
2021-02-18,Mendocino,045,87422,3596,3519,67,3586,39
2021-02-18,Merced,047,269075,28017,27870,866,28736,372
2021-02-18,Modoc,049,8938,335,327,113,440,3
2021-02-18,Mono,051,14174,1165,1182,13,1195,3
2021-02-18,Monterey,053,433212,41586,41091,1698,42789,307
2021-02-18,Napa,055,140530,8937,8877,31,8908,68
2021-02-18,Nevada,057,99092,3942,3836,160,3996,66
2021-02-18,Orange,059,3164182,245664,243098,10276,253374,3673
2021-02-18,Placer,061,380077,20274,19429,1113,20542,232
2021-02-18,Plumas,063,18699,636,624,11,635,4
2021-02-18,Riverside,065,2383286,282084,276595,13622,290217,3510
2021-02-18,Sacramento,067,1510023,93312,91476,1211,92687,1334
2021-02-18,San Benito,069,59416,5702,5697,89,5786,58
2021-02-18,San Bernardino,071,2135413,284437,278887,8717,287604,3066
2021-02-18,San Diego,073,3302833,261481,254987,12579,267566,3135
2021-02-18,San Francisco,075,870044,33809,33650,1081,34731,386
2021-02-18,San Joaquin,077,732212,65989,64634,2798,67432,982
2021-02-18,San Luis Obispo,079,281455,19361,18987,557,19544,230
2021-02-18,San Mateo,081,765935,39138,38185,395,38580,282
2021-02-18,Santa Barbara,083,443738,32173,31054,1114,32168,387
2021-02-18,Santa Clara,085,1922200,108680,108210,558,108768,1605
2021-02-18,Santa Cruz,087,273765,15211,14314,815,15129,176
2021-02-18,Shasta,089,179085,10843,10811,1226,12037,139
2021-02-18,Sierra,091,2930,48,47,14,61,0
2021-02-18,Siskiyou,093,43540,1451,1359,231,1590,4
2021-02-18,Solano,095,438530,29553,29349,350,29699,150
2021-02-18,Sonoma,097,501317,27633,27512,189,27701,281
2021-02-18,Stanislaus,099,539301,49929,49150,5395,54545,738
2021-02-18,Sutter,101,95872,8782,8654,84,8738,96
2021-02-18,Tehama,103,63373,4550,4528,507,5035,30
2021-02-18,Trinity,105,12862,399,282,57,339,3
2021-02-18,Tulare,107,460477,47420,46591,8133,54724,728
2021-02-18,Tuolumne,109,53932,3822,3811,31,3842,52
2021-02-18,Ventura,111,848112,76870,76442,2785,79227,659
2021-02-18,Yolo,113,214977,12718,12549,221,12770,183
2021-02-18,Yuba,115,75493,5425,5358,85,5443,38
2021-02-17,Alameda,001,1643700,79726,78895,1752,80647,1002
2021-02-17,Alpine,003,1148,79,77,0,77,0
2021-02-17,Amador,005,37829,3439,3415,30,3445,38
2021-02-17,Butte,007,227075,11181,10770,1641,12411,174
2021-02-17,Calaveras,009,45235,1885,1876,12,1888,21
2021-02-17,Colusa,011,21464,1852,1854,264,2118,10
2021-02-17,Contra Costa,013,1133247,62120,60723,1093,61816,635
2021-02-17,Del Norte,015,27424,971,920,4,924,2
2021-02-17,El Dorado,017,186661,9013,8847,610,9457,94
2021-02-17,Fresno,019,978130,94889,93555,7737,101292,1307
2021-02-17,Glenn,021,27897,2215,2189,498,2687,14
2021-02-17,Humboldt,023,135768,3070,3006,22,3028,29
2021-02-17,Imperial,025,180216,27023,26726,2571,29297,580
2021-02-17,Inyo,027,18085,1257,1197,1,1198,32
2021-02-17,Kern,029,883053,92209,90454,9785,100239,962
2021-02-17,Kings,031,150075,21943,21617,1015,22632,211
2021-02-17,Lake,033,64148,3118,3057,2,3059,38
2021-02-17,Lassen,035,31185,5084,5052,96,5148,1
2021-02-17,Los Angeles,037,10098052,1163168,1139786,39796,1179582,19213
2021-02-17,Madera,039,155013,15394,15135,804,15939,177
2021-02-17,Marin,041,260295,12983,12881,160,13041,207
2021-02-17,Mariposa,043,17540,373,368,4,372,4
2021-02-17,Mendocino,045,87422,3594,3494,66,3560,39
2021-02-17,Merced,047,269075,27963,27824,857,28681,372
2021-02-17,Modoc,049,8938,335,327,113,440,3
2021-02-17,Mono,051,14174,1165,1180,13,1193,3
2021-02-17,Monterey,053,433212,41532,41014,1686,42700,304
2021-02-17,Napa,055,140530,8923,8865,31,8896,68
2021-02-17,Nevada,057,99092,3923,3822,157,3979,52
2021-02-17,Orange,059,3164182,245397,242716,10242,252958,3626
2021-02-17,Placer,061,380077,20241,19405,1109,20514,230
2021-02-17,Plumas,063,18699,635,623,11,634,4
2021-02-17,Riverside,065,2383286,281808,276289,13599,289888,3491
2021-02-17,Sacramento,067,1510023,93154,91309,1204,92513,1326
2021-02-17,San Benito,069,59416,5696,5661,89,5750,57
2021-02-17,San Bernardino,071,2135413,284231,278461,8697,287158,3020
2021-02-17,San Diego,073,3302833,261104,254177,12558,266735,3099
2021-02-17,San Francisco,075,870044,33733,33558,1076,34634,379
2021-02-17,San Joaquin,077,732212,65889,64556,2791,67347,979
2021-02-17,San Luis Obispo,079,281455,19316,18964,557,19521,230
2021-02-17,San Mateo,081,765935,39072,38124,394,38518,282
2021-02-17,Santa Barbara,083,443738,32105,30927,1113,32040,384
2021-02-17,Santa Clara,085,1922200,108448,107949,556,108505,1592
2021-02-17,Santa Cruz,087,273765,15178,14268,812,15080,174
2021-02-17,Shasta,089,179085,10823,10770,1225,11995,139
2021-02-17,Sierra,091,2930,48,47,14,61,0
2021-02-17,Siskiyou,093,43540,1445,1352,228,1580,4
2021-02-17,Solano,095,438530,29496,29288,350,29638,149
2021-02-17,Sonoma,097,501317,27559,27408,184,27592,281
2021-02-17,Stanislaus,099,539301,49820,49050,5378,54428,730
2021-02-17,Sutter,101,95872,8772,8681,84,8765,95
2021-02-17,Tehama,103,63373,4546,4511,506,5017,30
2021-02-17,Trinity,105,12862,399,277,55,332,3
2021-02-17,Tulare,107,460477,47359,46495,8102,54597,726
2021-02-17,Tuolumne,109,53932,3813,3806,31,3837,49
2021-02-17,Ventura,111,848112,76745,76234,2778,79012,646
2021-02-17,Yolo,113,214977,12701,12506,219,12725,182
2021-02-17,Yuba,115,75493,5416,5345,85,5430,38
2021-02-16,Alameda,001,1643700,79553,78756,1749,80505,997
2021-02-16,Alpine,003,1148,79,76,0,76,0
2021-02-16,Amador,005,37829,3432,3413,30,3443,39
2021-02-16,Butte,007,227075,11154,10748,1638,12386,164
2021-02-16,Calaveras,009,45235,1883,1872,12,1884,21
2021-02-16,Colusa,011,21464,1849,1852,262,2114,10
2021-02-16,Contra Costa,013,1133247,61972,60564,1088,61652,631
2021-02-16,Del Norte,015,27424,963,913,4,917,2
2021-02-16,El Dorado,017,186661,9003,8836,609,9445,94
2021-02-16,Fresno,019,978130,94726,93363,7707,101070,1293
2021-02-16,Glenn,021,27897,2206,2189,493,2682,14
2021-02-16,Humboldt,023,135768,3047,2994,21,3015,29
2021-02-16,Imperial,025,180216,27010,26711,2567,29278,580
2021-02-16,Inyo,027,18085,1249,1191,1,1192,32
2021-02-16,Kern,029,883053,92077,90267,9752,100019,959
2021-02-16,Kings,031,150075,21897,21583,1011,22594,206
2021-02-16,Lake,033,64148,3109,3041,2,3043,38
2021-02-16,Lassen,035,31185,5072,5047,96,5143,1
2021-02-16,Los Angeles,037,10098052,1161921,1138262,39734,1177996,19044
2021-02-16,Madera,039,155013,15355,15120,800,15920,172
2021-02-16,Marin,041,260295,12959,12832,160,12992,205
2021-02-16,Mariposa,043,17540,373,367,4,371,4
2021-02-16,Mendocino,045,87422,3590,3489,66,3555,39
2021-02-16,Merced,047,269075,27890,27724,850,28574,368
2021-02-16,Modoc,049,8938,335,326,113,439,3
2021-02-16,Mono,051,14174,1165,1180,13,1193,3
2021-02-16,Monterey,053,433212,41458,40962,1677,42639,303
2021-02-16,Napa,055,140530,8910,8854,31,8885,66
2021-02-16,Nevada,057,99092,3910,3774,156,3930,47
2021-02-16,Orange,059,3164182,245074,242382,10226,252608,3612
2021-02-16,Placer,061,380077,20209,19367,1106,20473,230
2021-02-16,Plumas,063,18699,635,619,11,630,4
2021-02-16,Riverside,065,2383286,281505,275954,13576,289530,3471
2021-02-16,Sacramento,067,1510023,92900,91246,1198,92444,1305
2021-02-16,San Benito,069,59416,5688,5659,88,5747,56
2021-02-16,San Bernardino,071,2135413,284009,277947,8686,286633,2978
2021-02-16,San Diego,073,3302833,260642,253638,12520,266158,3042
2021-02-16,San Francisco,075,870044,33662,33491,1071,34562,373
2021-02-16,San Joaquin,077,732212,65767,64448,2787,67235,979
2021-02-16,San Luis Obispo,079,281455,19271,18925,554,19479,229
2021-02-16,San Mateo,081,765935,39013,38041,392,38433,277
2021-02-16,Santa Barbara,083,443738,32031,30865,1109,31974,378
2021-02-16,Santa Clara,085,1922200,108196,107754,553,108307,1591
2021-02-16,Santa Cruz,087,273765,15158,14256,811,15067,174
2021-02-16,Shasta,089,179085,10807,10736,1223,11959,139
2021-02-16,Sierra,091,2930,48,47,14,61,0
2021-02-16,Siskiyou,093,43540,1441,1351,228,1579,4
2021-02-16,Solano,095,438530,29456,29246,349,29595,148
2021-02-16,Sonoma,097,501317,27497,27380,178,27558,279
2021-02-16,Stanislaus,099,539301,49700,48927,5361,54288,716
2021-02-16,Sutter,101,95872,8749,8671,84,8755,95
2021-02-16,Tehama,103,63373,4537,4501,505,5006,30
2021-02-16,Trinity,105,12862,395,275,55,330,3
2021-02-16,Tulare,107,460477,47293,46444,8057,54501,716
2021-02-16,Tuolumne,109,53932,3811,3796,31,3827,49
2021-02-16,Ventura,111,848112,76600,76043,2774,78817,631
2021-02-16,Yolo,113,214977,12670,12457,219,12676,175
2021-02-16,Yuba,115,75493,5409,5332,84,5416,38
2021-02-15,Alameda,001,1643700,79355,78647,1738,80385,996
2021-02-15,Alpine,003,1148,79,76,0,76,0
2021-02-15,Amador,005,37829,3428,3409,30,3439,39
2021-02-15,Butte,007,227075,11136,10723,1634,12357,155
2021-02-15,Calaveras,009,45235,1879,1871,12,1883,21
2021-02-15,Colusa,011,21464,1849,1849,258,2107,10
2021-02-15,Contra Costa,013,1133247,61797,60444,1081,61525,631
2021-02-15,Del Norte,015,27424,959,913,4,917,2
2021-02-15,El Dorado,017,186661,8986,8816,609,9425,94
2021-02-15,Fresno,019,978130,94527,93231,7668,100899,1288
2021-02-15,Glenn,021,27897,2203,2185,490,2675,14
2021-02-15,Humboldt,023,135768,3040,2997,21,3018,29
2021-02-15,Imperial,025,180216,26992,26700,2562,29262,580
2021-02-15,Inyo,027,18085,1230,1184,1,1185,32
2021-02-15,Kern,029,883053,91933,90181,9719,99900,959
2021-02-15,Kings,031,150075,21852,21574,1007,22581,205
2021-02-15,Lake,033,64148,3095,3030,1,3031,38
2021-02-15,Lassen,035,31185,5070,5047,95,5142,1
2021-02-15,Los Angeles,037,10098052,1160532,1137164,39670,1176834,18925
2021-02-15,Madera,039,155013,15324,15108,799,15907,106
2021-02-15,Marin,041,260295,12939,12810,157,12967,203
2021-02-15,Mariposa,043,17540,371,367,4,371,4
2021-02-15,Mendocino,045,87422,3578,3481,66,3547,39
2021-02-15,Merced,047,269075,27815,27656,843,28499,368
2021-02-15,Modoc,049,8938,335,326,113,439,3
2021-02-15,Mono,051,14174,1162,1178,13,1191,3
2021-02-15,Monterey,053,433212,41397,40911,1663,42574,302
2021-02-15,Napa,055,140530,8896,8837,31,8868,57
2021-02-15,Nevada,057,99092,3893,3767,155,3922,47
2021-02-15,Orange,059,3164182,244756,242176,10198,252374,3586
2021-02-15,Placer,061,380077,20183,19361,1105,20466,230
2021-02-15,Plumas,063,18699,635,620,11,631,4
2021-02-15,Riverside,065,2383286,281159,275771,13561,289332,3468
2021-02-15,Sacramento,067,1510023,92573,91091,1193,92284,1304
2021-02-15,San Benito,069,59416,5679,5649,88,5737,56
2021-02-15,San Bernardino,071,2135413,283753,277869,8678,286547,2945
2021-02-15,San Diego,073,3302833,260128,252940,12489,265429,3037
2021-02-15,San Francisco,075,870044,33588,33454,1064,34518,373
2021-02-15,San Joaquin,077,732212,65602,64382,2780,67162,979
2021-02-15,San Luis Obispo,079,281455,19218,18891,552,19443,227
2021-02-15,San Mateo,081,765935,38936,37969,389,38358,277
2021-02-15,Santa Barbara,083,443738,31929,30810,1106,31916,378
2021-02-15,Santa Clara,085,1922200,107961,107630,551,108181,1588
2021-02-15,Santa Cruz,087,273765,15126,14239,808,15047,175
2021-02-15,Shasta,089,179085,10787,10730,1218,11948,139
2021-02-15,Sierra,091,2930,48,47,14,61,0
2021-02-15,Siskiyou,093,43540,1433,1345,227,1572,4
2021-02-15,Solano,095,438530,29401,29225,349,29574,148
2021-02-15,Sonoma,097,501317,27412,27359,174,27533,276
2021-02-15,Stanislaus,099,539301,49575,48808,5347,54155,716
2021-02-15,Sutter,101,95872,8734,8652,84,8736,95
2021-02-15,Tehama,103,63373,4526,4492,503,4995,30
2021-02-15,Trinity,105,12862,394,274,55,329,3
2021-02-15,Tulare,107,460477,47220,46344,8017,54361,715
2021-02-15,Tuolumne,109,53932,3801,3794,31,3825,49
2021-02-15,Ventura,111,848112,76444,75889,2771,78660,629
2021-02-15,Yolo,113,214977,12633,12412,212,12624,175
2021-02-15,Yuba,115,75493,5392,5320,83,5403,38
2021-02-14,Alameda,001,1643700,79199,78442,1737,80179,995
2021-02-14,Alpine,003,1148,79,76,0,76,0
2021-02-14,Amador,005,37829,3423,3398,30,3428,39
2021-02-14,Butte,007,227075,11112,10717,1629,12346,155
2021-02-14,Calaveras,009,45235,1876,1866,12,1878,21
2021-02-14,Colusa,011,21464,1845,1845,255,2100,10
2021-02-14,Contra Costa,013,1133247,61649,60272,1078,61350,631
2021-02-14,Del Norte,015,27424,955,911,4,915,2
2021-02-14,El Dorado,017,186661,8955,8790,608,9398,94
2021-02-14,Fresno,019,978130,94358,93065,7643,100708,1287
2021-02-14,Glenn,021,27897,2201,2184,490,2674,14
2021-02-14,Humboldt,023,135768,3027,2992,21,3013,29
2021-02-14,Imperial,025,180216,26984,26696,2561,29257,580
2021-02-14,Inyo,027,18085,1224,1177,1,1178,32
2021-02-14,Kern,029,883053,91775,90038,9664,99702,959
2021-02-14,Kings,031,150075,21826,21538,1005,22543,205
2021-02-14,Lake,033,64148,3086,3030,1,3031,38
2021-02-14,Lassen,035,31185,5066,5037,95,5132,1
2021-02-14,Los Angeles,037,10098052,1159194,1135450,39583,1175033,18898
2021-02-14,Madera,039,155013,15292,15089,795,15884,106
2021-02-14,Marin,041,260295,12915,12784,157,12941,201
2021-02-14,Mariposa,043,17540,371,365,4,369,4
2021-02-14,Mendocino,045,87422,3573,3475,66,3541,39
2021-02-14,Merced,047,269075,27738,27601,837,28438,368
2021-02-14,Modoc,049,8938,335,326,113,439,3
2021-02-14,Mono,051,14174,1161,1180,13,1193,3
2021-02-14,Monterey,053,433212,41347,40842,1659,42501,302
2021-02-14,Napa,055,140530,8876,8826,31,8857,57
2021-02-14,Nevada,057,99092,3877,3761,155,3916,47
2021-02-14,Orange,059,3164182,244446,241859,10178,252037,3564
2021-02-14,Placer,061,380077,20144,19313,1100,20413,230
2021-02-14,Plumas,063,18699,634,620,11,631,4
2021-02-14,Riverside,065,2383286,280843,275518,13541,289059,3471
2021-02-14,Sacramento,067,1510023,92366,90856,1189,92045,1304
2021-02-14,San Benito,069,59416,5671,5641,87,5728,56
2021-02-14,San Bernardino,071,2135413,283437,277664,8658,286322,2929
2021-02-14,San Diego,073,3302833,259636,252247,12441,264688,3037
2021-02-14,San Francisco,075,870044,33515,33374,1055,34429,372
2021-02-14,San Joaquin,077,732212,65503,64243,2766,67009,979
2021-02-14,San Luis Obispo,079,281455,19180,18868,549,19417,225
2021-02-14,San Mateo,081,765935,38852,37859,389,38248,277
2021-02-14,Santa Barbara,083,443738,31837,30744,1102,31846,377
2021-02-14,Santa Clara,085,1922200,107760,107412,547,107959,1582
2021-02-14,Santa Cruz,087,273765,15098,14225,803,15028,175
2021-02-14,Shasta,089,179085,10756,10720,1213,11933,139
2021-02-14,Sierra,091,2930,48,47,14,61,0
2021-02-14,Siskiyou,093,43540,1429,1340,227,1567,4
2021-02-14,Solano,095,438530,29363,29150,345,29495,148
2021-02-14,Sonoma,097,501317,27335,27266,172,27438,276
2021-02-14,Stanislaus,099,539301,49468,48672,5332,54004,716
2021-02-14,Sutter,101,95872,8711,8642,84,8726,95
2021-02-14,Tehama,103,63373,4518,4490,501,4991,30
2021-02-14,Trinity,105,12862,394,272,55,327,3
2021-02-14,Tulare,107,460477,47144,46263,7963,54226,715
2021-02-14,Tuolumne,109,53932,3800,3764,31,3795,49
2021-02-14,Ventura,111,848112,76269,75742,2760,78502,629
2021-02-14,Yolo,113,214977,12604,12399,211,12610,175
2021-02-14,Yuba,115,75493,5382,5314,83,5397,38
2021-02-13,Alameda,001,1643700,79084,78246,1734,79980,995
2021-02-13,Alpine,003,1148,79,76,0,76,0
2021-02-13,Amador,005,37829,3420,3387,30,3417,38
2021-02-13,Butte,007,227075,11096,10699,1628,12327,155
2021-02-13,Calaveras,009,45235,1872,1863,12,1875,21
2021-02-13,Colusa,011,21464,1845,1837,255,2092,10
2021-02-13,Contra Costa,013,1133247,61529,60100,1078,61178,629
2021-02-13,Del Norte,015,27424,953,908,4,912,2
2021-02-13,El Dorado,017,186661,8944,8758,607,9365,93
2021-02-13,Fresno,019,978130,94244,92807,7621,100428,1287
2021-02-13,Glenn,021,27897,2200,2182,490,2672,14
2021-02-13,Humboldt,023,135768,3014,2974,20,2994,29
2021-02-13,Imperial,025,180216,26977,26680,2559,29239,580
2021-02-13,Inyo,027,18085,1220,1168,1,1169,32
2021-02-13,Kern,029,883053,91686,89915,9639,99554,957
2021-02-13,Kings,031,150075,21811,21513,1003,22516,205
2021-02-13,Lake,033,64148,3080,3025,1,3026,37
2021-02-13,Lassen,035,31185,5063,5028,95,5123,1
2021-02-13,Los Angeles,037,10098052,1158335,1133752,39536,1173288,18822
2021-02-13,Madera,039,155013,15283,15053,790,15843,106
2021-02-13,Marin,041,260295,12894,12757,157,12914,201
2021-02-13,Mariposa,043,17540,371,365,4,369,4
2021-02-13,Mendocino,045,87422,3563,3466,66,3532,38
2021-02-13,Merced,047,269075,27694,27541,834,28375,368
2021-02-13,Modoc,049,8938,335,325,113,438,3
2021-02-13,Mono,051,14174,1161,1176,13,1189,3
2021-02-13,Monterey,053,433212,41316,40731,1657,42388,301
2021-02-13,Napa,055,140530,8867,8809,31,8840,57
2021-02-13,Nevada,057,99092,3868,3742,154,3896,47
2021-02-13,Orange,059,3164182,244241,241545,10157,251702,3520
2021-02-13,Placer,061,380077,20124,19214,1100,20314,230
2021-02-13,Plumas,063,18699,634,616,11,627,4
2021-02-13,Riverside,065,2383286,280613,275276,13532,288808,3462
2021-02-13,Sacramento,067,1510023,92199,90401,1186,91587,1302
2021-02-13,San Benito,069,59416,5657,5633,87,5720,56
2021-02-13,San Bernardino,071,2135413,283285,277405,8646,286051,2899
2021-02-13,San Diego,073,3302833,259305,251679,12429,264108,3009
2021-02-13,San Francisco,075,870044,33466,33291,1044,34335,364
2021-02-13,San Joaquin,077,732212,65435,64105,2756,66861,977
2021-02-13,San Luis Obispo,079,281455,19152,18803,543,19346,225
2021-02-13,San Mateo,081,765935,38799,37745,389,38134,277
2021-02-13,Santa Barbara,083,443738,31786,30594,1100,31694,374
2021-02-13,Santa Clara,085,1922200,107575,107125,543,107668,1570
2021-02-13,Santa Cruz,087,273765,15071,14198,802,15000,173
2021-02-13,Shasta,089,179085,10744,10713,1208,11921,139
2021-02-13,Sierra,091,2930,48,47,14,61,0
2021-02-13,Siskiyou,093,43540,1426,1336,227,1563,4
2021-02-13,Solano,095,438530,29326,29084,345,29429,148
2021-02-13,Sonoma,097,501317,27289,27157,170,27327,276
2021-02-13,Stanislaus,099,539301,49399,48568,5326,53894,697
2021-02-13,Sutter,101,95872,8699,8626,84,8710,94
2021-02-13,Tehama,103,63373,4509,4484,500,4984,30
2021-02-13,Trinity,105,12862,393,272,54,326,3
2021-02-13,Tulare,107,460477,47098,46162,7927,54089,709
2021-02-13,Tuolumne,109,53932,3799,3752,31,3783,49
2021-02-13,Ventura,111,848112,76131,75481,2754,78235,618
2021-02-13,Yolo,113,214977,12592,12374,210,12584,175
2021-02-13,Yuba,115,75493,5374,5289,83,5372,38
2021-02-12,Alameda,001,1643700,78949,77958,1728,79686,974
2021-02-12,Alpine,003,1148,79,76,0,76,0
2021-02-12,Amador,005,37829,3416,3381,30,3411,38
2021-02-12,Butte,007,227075,11081,10655,1621,12276,155
2021-02-12,Calaveras,009,45235,1869,1860,12,1872,21
2021-02-12,Colusa,011,21464,1845,1836,255,2091,10
2021-02-12,Contra Costa,013,1133247,61379,59878,1074,60952,620
2021-02-12,Del Norte,015,27424,943,901,4,905,2
2021-02-12,El Dorado,017,186661,8928,8725,604,9329,92
2021-02-12,Fresno,019,978130,94090,92520,7601,100121,1273
2021-02-12,Glenn,021,27897,2197,2175,490,2665,14
2021-02-12,Humboldt,023,135768,3006,2961,20,2981,29
2021-02-12,Imperial,025,180216,26968,26646,2557,29203,585
2021-02-12,Inyo,027,18085,1214,1156,1,1157,32
2021-02-12,Kern,029,883053,91576,89532,9603,99135,949
2021-02-12,Kings,031,150075,21780,21462,997,22459,202
2021-02-12,Lake,033,64148,3076,3012,1,3013,36
2021-02-12,Lassen,035,31185,5061,5015,95,5110,1
2021-02-12,Los Angeles,037,10098052,1157132,1131185,39467,1170652,18637
2021-02-12,Madera,039,155013,15256,15022,787,15809,106
2021-02-12,Marin,041,260295,12868,12720,157,12877,200
2021-02-12,Mariposa,043,17540,370,365,4,369,4
2021-02-12,Mendocino,045,87422,3561,3447,66,3513,38
2021-02-12,Merced,047,269075,27643,27453,831,28284,367
2021-02-12,Modoc,049,8938,335,324,113,437,3
2021-02-12,Mono,051,14174,1160,1172,13,1185,3
2021-02-12,Monterey,053,433212,41269,40633,1648,42281,297
2021-02-12,Napa,055,140530,8855,8785,31,8816,55
2021-02-12,Nevada,057,99092,3863,3728,154,3882,47
2021-02-12,Orange,059,3164182,244001,241075,10143,251218,3505
2021-02-12,Placer,061,380077,20082,19174,1095,20269,230
2021-02-12,Plumas,063,18699,633,614,11,625,4
2021-02-12,Riverside,065,2383286,280339,274792,13514,288306,3438
2021-02-12,Sacramento,067,1510023,91996,90252,1185,91437,1295
2021-02-12,San Benito,069,59416,5641,5622,86,5708,56
2021-02-12,San Bernardino,071,2135413,283092,276890,8635,285525,2827
2021-02-12,San Diego,073,3302833,258922,250788,12403,263191,2979
2021-02-12,San Francisco,075,870044,33407,33179,1040,34219,359
2021-02-12,San Joaquin,077,732212,65341,63966,2748,66714,975
2021-02-12,San Luis Obispo,079,281455,19111,18687,542,19229,224
2021-02-12,San Mateo,081,765935,38727,37560,389,37949,254
2021-02-12,Santa Barbara,083,443738,31715,30454,1095,31549,372
2021-02-12,Santa Clara,085,1922200,107406,106759,540,107299,1543
2021-02-12,Santa Cruz,087,273765,15051,14147,802,14949,170
2021-02-12,Shasta,089,179085,10726,10693,1198,11891,142
2021-02-12,Sierra,091,2930,47,45,14,59,0
2021-02-12,Siskiyou,093,43540,1422,1324,224,1548,4
2021-02-12,Solano,095,438530,29294,28996,342,29338,147
2021-02-12,Sonoma,097,501317,27235,27064,166,27230,275
2021-02-12,Stanislaus,099,539301,49315,48418,5302,53720,697
2021-02-12,Sutter,101,95872,8685,8609,84,8693,93
2021-02-12,Tehama,103,63373,4501,4470,499,4969,27
2021-02-12,Trinity,105,12862,393,269,54,323,3
2021-02-12,Tulare,107,460477,47020,46016,7900,53916,710
2021-02-12,Tuolumne,109,53932,3797,3736,30,3766,49
2021-02-12,Ventura,111,848112,75963,75210,2746,77956,605
2021-02-12,Yolo,113,214977,12572,12340,210,12550,175
2021-02-12,Yuba,115,75493,5366,5274,83,5357,38
2021-02-11,Alameda,001,1643700,78721,77564,1723,79287,960
2021-02-11,Alpine,003,1148,78,76,0,76,0
2021-02-11,Amador,005,37829,3412,3368,30,3398,35
2021-02-11,Butte,007,227075,11057,10624,1619,12243,155
2021-02-11,Calaveras,009,45235,1866,1856,12,1868,21
2021-02-11,Colusa,011,21464,1840,1823,253,2076,10
2021-02-11,Contra Costa,013,1133247,61212,59633,1070,60703,605
2021-02-11,Del Norte,015,27424,938,894,4,898,2
2021-02-11,El Dorado,017,186661,8907,8698,604,9302,92
2021-02-11,Fresno,019,978130,93936,92168,7575,99743,1255
2021-02-11,Glenn,021,27897,2195,2166,488,2654,14
2021-02-11,Humboldt,023,135768,2993,2954,19,2973,29
2021-02-11,Imperial,025,180216,26945,26545,2555,29100,578
2021-02-11,Inyo,027,18085,1205,1144,1,1145,32
2021-02-11,Kern,029,883053,91387,89224,9556,98780,941
2021-02-11,Kings,031,150075,21750,21373,994,22367,202
2021-02-11,Lake,033,64148,3066,3002,1,3003,36
2021-02-11,Lassen,035,31185,5050,5004,92,5096,1
2021-02-11,Los Angeles,037,10098052,1155504,1128437,39397,1167834,18500
2021-02-11,Madera,039,155013,15235,14984,785,15769,106
2021-02-11,Marin,041,260295,12831,12682,157,12839,200
2021-02-11,Mariposa,043,17540,370,361,4,365,4
2021-02-11,Mendocino,045,87422,3554,3420,66,3486,38
2021-02-11,Merced,047,269075,27578,27325,827,28152,363
2021-02-11,Modoc,049,8938,334,317,113,430,3
2021-02-11,Mono,051,14174,1156,1173,13,1186,3
2021-02-11,Monterey,053,433212,41161,40469,1642,42111,295
2021-02-11,Napa,055,140530,8834,8777,31,8808,55
2021-02-11,Nevada,057,99092,3847,3720,154,3874,47
2021-02-11,Orange,059,3164182,243634,240590,10119,250709,3476
2021-02-11,Placer,061,380077,20042,19118,1094,20212,224
2021-02-11,Plumas,063,18699,632,592,11,603,4
2021-02-11,Riverside,065,2383286,279974,274313,13499,287812,3394
2021-02-11,Sacramento,067,1510023,91754,89988,1179,91167,1286
2021-02-11,San Benito,069,59416,5632,5609,86,5695,56
2021-02-11,San Bernardino,071,2135413,282776,276349,8621,284970,2774
2021-02-11,San Diego,073,3302833,258371,249971,12369,262340,2955
2021-02-11,San Francisco,075,870044,33324,33076,1028,34104,356
2021-02-11,San Joaquin,077,732212,65171,63719,2738,66457,971
2021-02-11,San Luis Obispo,079,281455,19046,18615,538,19153,219
2021-02-11,San Mateo,081,765935,38637,37439,386,37825,253
2021-02-11,Santa Barbara,083,443738,31621,30375,1090,31465,370
2021-02-11,Santa Clara,085,1922200,107149,106392,534,106926,1507
2021-02-11,Santa Cruz,087,273765,15028,14088,797,14885,165
2021-02-11,Shasta,089,179085,10702,10672,1194,11866,140
2021-02-11,Sierra,091,2930,47,45,14,59,0
2021-02-11,Siskiyou,093,43540,1407,1320,224,1544,4
2021-02-11,Solano,095,438530,29242,28885,342,29227,138
2021-02-11,Sonoma,097,501317,27152,26971,163,27134,272
2021-02-11,Stanislaus,099,539301,49171,48205,5291,53496,697
2021-02-11,Sutter,101,95872,8671,8590,83,8673,93
2021-02-11,Tehama,103,63373,4495,4463,499,4962,26
2021-02-11,Trinity,105,12862,393,269,54,323,3
2021-02-11,Tulare,107,460477,46928,45897,7855,53752,706
2021-02-11,Tuolumne,109,53932,3760,3716,30,3746,48
2021-02-11,Ventura,111,848112,75762,74959,2737,77696,590
2021-02-11,Yolo,113,214977,12549,12303,208,12511,173
2021-02-11,Yuba,115,75493,5352,5261,81,5342,38
2021-02-10,Alameda,001,1643700,78517,77344,1721,79065,944
2021-02-10,Alpine,003,1148,78,76,0,76,0
2021-02-10,Amador,005,37829,3400,3348,30,3378,35
2021-02-10,Butte,007,227075,11031,10594,1618,12212,155
2021-02-10,Calaveras,009,45235,1864,1850,12,1862,21
2021-02-10,Colusa,011,21464,1833,1815,251,2066,10
2021-02-10,Contra Costa,013,1133247,61040,59488,1068,60556,590
2021-02-10,Del Norte,015,27424,932,888,4,892,2
2021-02-10,El Dorado,017,186661,8877,8682,600,9282,87
2021-02-10,Fresno,019,978130,93761,91876,7550,99426,1247
2021-02-10,Glenn,021,27897,2193,2160,486,2646,14
2021-02-10,Humboldt,023,135768,2985,2924,19,2943,29
2021-02-10,Imperial,025,180216,26905,26522,2552,29074,578
2021-02-10,Inyo,027,18085,1193,1138,1,1139,30
2021-02-10,Kern,029,883053,91181,88933,9500,98433,926
2021-02-10,Kings,031,150075,21707,21294,991,22285,197
2021-02-10,Lake,033,64148,3053,2975,1,2976,36
2021-02-10,Lassen,035,31185,5046,4993,92,5085,1
2021-02-10,Los Angeles,037,10098052,1153761,1125437,39264,1164701,18338
2021-02-10,Madera,039,155013,15197,14925,783,15708,105
2021-02-10,Marin,041,260295,12794,12651,157,12808,199
2021-02-10,Mariposa,043,17540,368,360,4,364,4
2021-02-10,Mendocino,045,87422,3539,3395,66,3461,38
2021-02-10,Merced,047,269075,27496,27246,816,28062,359
2021-02-10,Modoc,049,8938,333,315,111,426,3
2021-02-10,Mono,051,14174,1152,1170,13,1183,3
2021-02-10,Monterey,053,433212,41080,40366,1628,41994,288
2021-02-10,Napa,055,140530,8815,8769,31,8800,55
2021-02-10,Nevada,057,99092,3832,3693,152,3845,47
2021-02-10,Orange,059,3164182,243215,239974,10087,250061,3439
2021-02-10,Placer,061,380077,20003,19062,1089,20151,220
2021-02-10,Plumas,063,18699,629,589,11,600,2
2021-02-10,Riverside,065,2383286,279561,273721,13489,287210,3374
2021-02-10,Sacramento,067,1510023,91503,89653,1175,90828,1275
2021-02-10,San Benito,069,59416,5618,5591,86,5677,55
2021-02-10,San Bernardino,071,2135413,282415,275616,8603,284219,2696
2021-02-10,San Diego,073,3302833,257790,248858,12331,261189,2904
2021-02-10,San Francisco,075,870044,33242,32955,1025,33980,351
2021-02-10,San Joaquin,077,732212,65030,63484,2724,66208,954
2021-02-10,San Luis Obispo,079,281455,18967,18549,536,19085,216
2021-02-10,San Mateo,081,765935,38547,37323,386,37709,245
2021-02-10,Santa Barbara,083,443738,31531,30216,1085,31301,359
2021-02-10,Santa Clara,085,1922200,106911,106048,531,106579,1489
2021-02-10,Santa Cruz,087,273765,14992,14007,794,14801,165
2021-02-10,Shasta,089,179085,10679,10645,1191,11836,142
2021-02-10,Sierra,091,2930,47,45,14,59,0
2021-02-10,Siskiyou,093,43540,1402,1314,223,1537,4
2021-02-10,Solano,095,438530,29167,28835,340,29175,137
2021-02-10,Sonoma,097,501317,27060,26881,161,27042,271
2021-02-10,Stanislaus,099,539301,49056,48016,5273,53289,696
2021-02-10,Sutter,101,95872,8654,8571,83,8654,93
2021-02-10,Tehama,103,63373,4487,4445,499,4944,23
2021-02-10,Trinity,105,12862,390,268,54,322,3
2021-02-10,Tulare,107,460477,46812,45782,7816,53598,696
2021-02-10,Tuolumne,109,53932,3752,3691,30,3721,48
2021-02-10,Ventura,111,848112,75536,74651,2719,77370,580
2021-02-10,Yolo,113,214977,12525,12276,207,12483,174
2021-02-10,Yuba,115,75493,5334,5241,81,5322,38
2021-02-09,Alameda,001,1643700,78255,77018,1718,78736,936
2021-02-09,Alpine,003,1148,78,76,0,76,0
2021-02-09,Amador,005,37829,3392,3347,30,3377,35
2021-02-09,Butte,007,227075,11004,10563,1616,12179,153
2021-02-09,Calaveras,009,45235,1860,1847,12,1859,21
2021-02-09,Colusa,011,21464,1824,1812,246,2058,10
2021-02-09,Contra Costa,013,1133247,60852,59307,1062,60369,583
2021-02-09,Del Norte,015,27424,926,886,4,890,2
2021-02-09,El Dorado,017,186661,8850,8663,599,9262,87
2021-02-09,Fresno,019,978130,93523,91730,7519,99249,1211
2021-02-09,Glenn,021,27897,2189,2156,485,2641,14
2021-02-09,Humboldt,023,135768,2977,2904,19,2923,29
2021-02-09,Imperial,025,180216,26877,26509,2549,29058,568
2021-02-09,Inyo,027,18085,1185,1137,1,1138,30
2021-02-09,Kern,029,883053,90934,88684,9452,98136,920
2021-02-09,Kings,031,150075,21666,21275,989,22264,196
2021-02-09,Lake,033,64148,3042,2955,1,2956,36
2021-02-09,Lassen,035,31185,5039,4983,92,5075,1
2021-02-09,Los Angeles,037,10098052,1151794,1122745,39174,1161919,18198
2021-02-09,Madera,039,155013,15177,14912,780,15692,105
2021-02-09,Marin,041,260295,12761,12623,156,12779,197
2021-02-09,Mariposa,043,17540,366,355,4,359,4
2021-02-09,Mendocino,045,87422,3521,3369,66,3435,38
2021-02-09,Merced,047,269075,27398,27166,811,27977,354
2021-02-09,Modoc,049,8938,332,316,111,427,3
2021-02-09,Mono,051,14174,1151,1167,13,1180,3
2021-02-09,Monterey,053,433212,40972,40279,1617,41896,285
2021-02-09,Napa,055,140530,8802,8749,31,8780,55
2021-02-09,Nevada,057,99092,3816,3687,152,3839,44
2021-02-09,Orange,059,3164182,242798,239169,10056,249225,3406
2021-02-09,Placer,061,380077,19939,19008,1082,20090,220
2021-02-09,Plumas,063,18699,629,584,11,595,2
2021-02-09,Riverside,065,2383286,279074,273465,13474,286939,3334
2021-02-09,Sacramento,067,1510023,91192,89378,1173,90551,1265
2021-02-09,San Benito,069,59416,5606,5566,85,5651,54
2021-02-09,San Bernardino,071,2135413,282040,274998,8589,283587,2613
2021-02-09,San Diego,073,3302833,257133,248048,12288,260336,2853
2021-02-09,San Francisco,075,870044,33163,32782,1015,33797,349
2021-02-09,San Joaquin,077,732212,64856,63341,2719,66060,937
2021-02-09,San Luis Obispo,079,281455,18908,18489,535,19024,216
2021-02-09,San Mateo,081,765935,38416,37227,385,37612,235
2021-02-09,Santa Barbara,083,443738,31421,30118,1078,31196,351
2021-02-09,Santa Clara,085,1922200,106604,105762,528,106290,1463
2021-02-09,Santa Cruz,087,273765,14942,13958,789,14747,162
2021-02-09,Shasta,089,179085,10653,10595,1189,11784,139
2021-02-09,Sierra,091,2930,47,44,14,58,0
2021-02-09,Siskiyou,093,43540,1394,1306,221,1527,4
2021-02-09,Solano,095,438530,29090,28769,337,29106,131
2021-02-09,Sonoma,097,501317,26971,26826,159,26985,267
2021-02-09,Stanislaus,099,539301,48895,47906,5257,53163,679
2021-02-09,Sutter,101,95872,8637,8541,83,8624,92
2021-02-09,Tehama,103,63373,4480,4416,497,4913,22
2021-02-09,Trinity,105,12862,390,266,54,320,3
2021-02-09,Tulare,107,460477,46680,45704,7758,53462,686
2021-02-09,Tuolumne,109,53932,3732,3673,30,3703,48
2021-02-09,Ventura,111,848112,75286,74333,2711,77044,567
2021-02-09,Yolo,113,214977,12483,12220,206,12426,174
2021-02-09,Yuba,115,75493,5325,5235,81,5316,35
2021-02-08,Alameda,001,1643700,77989,76735,1713,78448,924
2021-02-08,Alpine,003,1148,78,73,0,73,0
2021-02-08,Amador,005,37829,3385,3344,29,3373,33
2021-02-08,Butte,007,227075,10982,10524,1613,12137,152
2021-02-08,Calaveras,009,45235,1859,1840,12,1852,21
2021-02-08,Colusa,011,21464,1816,1802,242,2044,10
2021-02-08,Contra Costa,013,1133247,60644,59039,1060,60099,567
2021-02-08,Del Norte,015,27424,923,885,4,889,2
2021-02-08,El Dorado,017,186661,8819,8627,597,9224,86
2021-02-08,Fresno,019,978130,93314,91430,7492,98922,1207
2021-02-08,Glenn,021,27897,2182,2148,483,2631,14
2021-02-08,Humboldt,023,135768,2969,2902,19,2921,29
2021-02-08,Imperial,025,180216,26858,26526,2547,29073,567
2021-02-08,Inyo,027,18085,1172,1126,1,1127,30
2021-02-08,Kern,029,883053,90719,88380,9394,97774,920
2021-02-08,Kings,031,150075,21604,21232,986,22218,195
2021-02-08,Lake,033,64148,3023,2949,1,2950,36
2021-02-08,Lassen,035,31185,5026,4976,92,5068,1
2021-02-08,Los Angeles,037,10098052,1149704,1120179,39053,1159232,17977
2021-02-08,Madera,039,155013,15140,14887,773,15660,93
2021-02-08,Marin,041,260295,12732,12591,156,12747,194
2021-02-08,Mariposa,043,17540,366,355,4,359,4
2021-02-08,Mendocino,045,87422,3507,3355,66,3421,38
2021-02-08,Merced,047,269075,27313,27082,806,27888,346
2021-02-08,Modoc,049,8938,330,318,111,429,3
2021-02-08,Mono,051,14174,1151,1165,13,1178,3
2021-02-08,Monterey,053,433212,40849,40186,1598,41784,283
2021-02-08,Napa,055,140530,8787,8719,31,8750,55
2021-02-08,Nevada,057,99092,3804,3671,152,3823,44
2021-02-08,Orange,059,3164182,242329,238715,10032,248747,3361
2021-02-08,Placer,061,380077,19896,18944,1075,20019,211
2021-02-08,Plumas,063,18699,628,584,11,595,2
2021-02-08,Riverside,065,2383286,278515,272904,13450,286354,3301
2021-02-08,Sacramento,067,1510023,90905,89267,1170,90437,1247
2021-02-08,San Benito,069,59416,5601,5553,84,5637,52
2021-02-08,San Bernardino,071,2135413,281638,274661,8583,283244,2587
2021-02-08,San Diego,073,3302833,256391,247259,12247,259506,2821
2021-02-08,San Francisco,075,870044,33069,32679,1007,33686,348
2021-02-08,San Joaquin,077,732212,64695,63148,2709,65857,929
2021-02-08,San Luis Obispo,079,281455,18851,18421,530,18951,214
2021-02-08,San Mateo,081,765935,38307,37084,385,37469,232
2021-02-08,Santa Barbara,083,443738,31308,29978,1071,31049,340
2021-02-08,Santa Clara,085,1922200,106279,105413,520,105933,1456
2021-02-08,Santa Cruz,087,273765,14903,13921,782,14703,161
2021-02-08,Shasta,089,179085,10627,10574,1183,11757,137
2021-02-08,Sierra,091,2930,47,44,14,58,0
2021-02-08,Siskiyou,093,43540,1391,1303,221,1524,4
2021-02-08,Solano,095,438530,29027,28644,335,28979,130
2021-02-08,Sonoma,097,501317,26880,26760,158,26918,259
2021-02-08,Stanislaus,099,539301,48742,47704,5229,52933,679
2021-02-08,Sutter,101,95872,8618,8526,83,8609,92
2021-02-08,Tehama,103,63373,4465,4403,495,4898,22
2021-02-08,Trinity,105,12862,388,266,54,320,3
2021-02-08,Tulare,107,460477,46574,45617,7717,53334,673
2021-02-08,Tuolumne,109,53932,3724,3647,30,3677,48
2021-02-08,Ventura,111,848112,75029,74068,2705,76773,565
2021-02-08,Yolo,113,214977,12451,12169,205,12374,162
2021-02-08,Yuba,115,75493,5309,5215,81,5296,35
2021-02-07,Alameda,001,1643700,77685,76500,1705,78205,924
2021-02-07,Alpine,003,1148,75,72,0,72,0
2021-02-07,Amador,005,37829,3364,3343,29,3372,33
2021-02-07,Butte,007,227075,10949,10513,1603,12116,152
2021-02-07,Calaveras,009,45235,1855,1837,12,1849,21
2021-02-07,Colusa,011,21464,1805,1795,240,2035,10
2021-02-07,Contra Costa,013,1133247,60408,58836,1054,59890,566
2021-02-07,Del Norte,015,27424,919,881,4,885,2
2021-02-07,El Dorado,017,186661,8790,8596,595,9191,86
2021-02-07,Fresno,019,978130,93086,91184,7452,98636,1207
2021-02-07,Glenn,021,27897,2179,2141,479,2620,14
2021-02-07,Humboldt,023,135768,2948,2895,19,2914,28
2021-02-07,Imperial,025,180216,26832,26518,2540,29058,567
2021-02-07,Inyo,027,18085,1161,1124,1,1125,27
2021-02-07,Kern,029,883053,90474,88146,9337,97483,920
2021-02-07,Kings,031,150075,21543,21180,983,22163,192
2021-02-07,Lake,033,64148,3007,2940,1,2941,36
2021-02-07,Lassen,035,31185,5015,4973,92,5065,1
2021-02-07,Los Angeles,037,10098052,1146955,1117551,38922,1156473,17889
2021-02-07,Madera,039,155013,15106,14850,769,15619,93
2021-02-07,Marin,041,260295,12698,12571,153,12724,194
2021-02-07,Mariposa,043,17540,365,355,4,359,4
2021-02-07,Mendocino,045,87422,3490,3348,66,3414,38
2021-02-07,Merced,047,269075,27202,26977,794,27771,346
2021-02-07,Modoc,049,8938,330,317,107,424,3
2021-02-07,Mono,051,14174,1148,1165,13,1178,3
2021-02-07,Monterey,053,433212,40713,40113,1577,41690,283
2021-02-07,Napa,055,140530,8764,8701,31,8732,55
2021-02-07,Nevada,057,99092,3793,3643,152,3795,44
2021-02-07,Orange,059,3164182,241731,238155,10000,248155,3336
2021-02-07,Placer,061,380077,19848,18903,1061,19964,211
2021-02-07,Plumas,063,18699,628,584,11,595,2
2021-02-07,Riverside,065,2383286,278001,272301,13429,285730,3267
2021-02-07,Sacramento,067,1510023,90573,88919,1163,90082,1246
2021-02-07,San Benito,069,59416,5582,5548,83,5631,52
2021-02-07,San Bernardino,071,2135413,281055,274316,8558,282874,2587
2021-02-07,San Diego,073,3302833,255604,246561,12184,258745,2821
2021-02-07,San Francisco,075,870044,32948,32609,995,33604,348
2021-02-07,San Joaquin,077,732212,64423,63051,2694,65745,929
2021-02-07,San Luis Obispo,079,281455,18779,18349,523,18872,214
2021-02-07,San Mateo,081,765935,38173,36984,383,37367,232
2021-02-07,Santa Barbara,083,443738,31171,29815,1060,30875,340
2021-02-07,Santa Clara,085,1922200,105939,105118,510,105628,1450
2021-02-07,Santa Cruz,087,273765,14849,13887,778,14665,161
2021-02-07,Shasta,089,179085,10607,10570,1175,11745,137
2021-02-07,Sierra,091,2930,47,43,14,57,0
2021-02-07,Siskiyou,093,43540,1384,1295,219,1514,4
2021-02-07,Solano,095,438530,28917,28567,334,28901,130
2021-02-07,Sonoma,097,501317,26773,26684,154,26838,257
2021-02-07,Stanislaus,099,539301,48552,47551,5197,52748,679
2021-02-07,Sutter,101,95872,8591,8515,83,8598,92
2021-02-07,Tehama,103,63373,4451,4396,493,4889,22
2021-02-07,Trinity,105,12862,385,264,52,316,3
2021-02-07,Tulare,107,460477,46452,45520,7637,53157,671
2021-02-07,Tuolumne,109,53932,3700,3619,29,3648,48
2021-02-07,Ventura,111,848112,74720,73759,2693,76452,561
2021-02-07,Yolo,113,214977,12406,12135,205,12340,162
2021-02-07,Yuba,115,75493,5294,5198,79,5277,35
2021-02-06,Alameda,001,1643700,77526,76170,1694,77864,922
2021-02-06,Alpine,003,1148,75,72,0,72,0
2021-02-06,Amador,005,37829,3358,3306,29,3335,33
2021-02-06,Butte,007,227075,10932,10480,1599,12079,150
2021-02-06,Calaveras,009,45235,1853,1832,12,1844,21
2021-02-06,Colusa,011,21464,1803,1791,239,2030,10
2021-02-06,Contra Costa,013,1133247,60262,58567,1048,59615,566
2021-02-06,Del Norte,015,27424,915,879,4,883,2
2021-02-06,El Dorado,017,186661,8783,8575,591,9166,86
2021-02-06,Fresno,019,978130,92974,90944,7430,98374,1207
2021-02-06,Glenn,021,27897,2178,2136,477,2613,14
2021-02-06,Humboldt,023,135768,2937,2880,19,2899,28
2021-02-06,Imperial,025,180216,26822,26514,2539,29053,567
2021-02-06,Inyo,027,18085,1158,1113,1,1114,27
2021-02-06,Kern,029,883053,90322,87919,9290,97209,912
2021-02-06,Kings,031,150075,21513,21156,983,22139,190
2021-02-06,Lake,033,64148,3002,2920,1,2921,34
2021-02-06,Lassen,035,31185,5011,4964,91,5055,1
2021-02-06,Los Angeles,037,10098052,1145604,1114718,38822,1153540,17793
2021-02-06,Madera,039,155013,15085,14807,767,15574,93
2021-02-06,Marin,041,260295,12678,12531,153,12684,194
2021-02-06,Mariposa,043,17540,364,355,3,358,4
2021-02-06,Mendocino,045,87422,3472,3316,65,3381,38
2021-02-06,Merced,047,269075,27117,26881,786,27667,346
2021-02-06,Modoc,049,8938,330,313,107,420,3
2021-02-06,Mono,051,14174,1147,1159,13,1172,3
2021-02-06,Monterey,053,433212,40657,39995,1569,41564,282
2021-02-06,Napa,055,140530,8751,8639,31,8670,55
2021-02-06,Nevada,057,99092,3781,3624,152,3776,43
2021-02-06,Orange,059,3164182,241367,237391,9966,247357,3293
2021-02-06,Placer,061,380077,19811,18836,1058,19894,211
2021-02-06,Plumas,063,18699,628,584,11,595,2
2021-02-06,Riverside,065,2383286,277641,271741,13409,285150,3243
2021-02-06,Sacramento,067,1510023,90356,88532,1154,89686,1237
2021-02-06,San Benito,069,59416,5564,5516,83,5599,52
2021-02-06,San Bernardino,071,2135413,280750,273718,8535,282253,2564
2021-02-06,San Diego,073,3302833,255108,245331,12149,257480,2812
2021-02-06,San Francisco,075,870044,32875,32437,984,33421,346
2021-02-06,San Joaquin,077,732212,64344,62840,2682,65522,906
2021-02-06,San Luis Obispo,079,281455,18737,18284,519,18803,214
2021-02-06,San Mateo,081,765935,38105,36824,380,37204,232
2021-02-06,Santa Barbara,083,443738,31096,29645,1058,30703,337
2021-02-06,Santa Clara,085,1922200,105718,104639,505,105144,1439
2021-02-06,Santa Cruz,087,273765,14818,13845,774,14619,161
2021-02-06,Shasta,089,179085,10596,10561,1173,11734,137
2021-02-06,Sierra,091,2930,47,43,14,57,0
2021-02-06,Siskiyou,093,43540,1381,1289,218,1507,4
2021-02-06,Solano,095,438530,28881,28446,333,28779,129
2021-02-06,Sonoma,097,501317,26737,26564,152,26716,257
2021-02-06,Stanislaus,099,539301,48454,47325,5181,52506,679
2021-02-06,Sutter,101,95872,8583,8485,83,8568,92
2021-02-06,Tehama,103,63373,4444,4380,491,4871,22
2021-02-06,Trinity,105,12862,385,263,52,315,3
2021-02-06,Tulare,107,460477,46384,45349,7588,52937,664
2021-02-06,Tuolumne,109,53932,3693,3612,29,3641,48
2021-02-06,Ventura,111,848112,74540,73431,2687,76118,552
2021-02-06,Yolo,113,214977,12383,12061,205,12266,161
2021-02-06,Yuba,115,75493,5284,5177,78,5255,35
2021-02-05,Alameda,001,1643700,77300,75716,1691,77407,916
2021-02-05,Alpine,003,1148,75,72,0,72,0
2021-02-05,Amador,005,37829,3353,3299,28,3327,33
2021-02-05,Butte,007,227075,10914,10421,1593,12014,150
2021-02-05,Calaveras,009,45235,1849,1818,12,1830,21
2021-02-05,Colusa,011,21464,1799,1785,239,2024,10
2021-02-05,Contra Costa,013,1133247,60101,58195,1046,59241,560
2021-02-05,Del Norte,015,27424,914,874,4,878,2
2021-02-05,El Dorado,017,186661,8763,8527,589,9116,86
2021-02-05,Fresno,019,978130,92772,90513,7409,97922,1194
2021-02-05,Glenn,021,27897,2172,2122,472,2594,14
2021-02-05,Humboldt,023,135768,2927,2857,19,2876,28
2021-02-05,Imperial,025,180216,26803,26474,2539,29013,557
2021-02-05,Inyo,027,18085,1154,1104,1,1105,27
2021-02-05,Kern,029,883053,90153,87470,9223,96693,906
2021-02-05,Kings,031,150075,21475,21021,980,22001,190
2021-02-05,Lake,033,64148,2990,2906,1,2907,33
2021-02-05,Lassen,035,31185,5007,4936,91,5027,1
2021-02-05,Los Angeles,037,10098052,1143515,1110384,38681,1149065,17608
2021-02-05,Madera,039,155013,15051,14752,762,15514,95
2021-02-05,Marin,041,260295,12643,12479,153,12632,193
2021-02-05,Mariposa,043,17540,364,352,3,355,4
2021-02-05,Mendocino,045,87422,3458,3272,65,3337,38
2021-02-05,Merced,047,269075,27057,26760,785,27545,345
2021-02-05,Modoc,049,8938,330,312,107,419,3
2021-02-05,Mono,051,14174,1146,1157,13,1170,3
2021-02-05,Monterey,053,433212,40593,39840,1558,41398,281
2021-02-05,Napa,055,140530,8737,8598,31,8629,55
2021-02-05,Nevada,057,99092,3778,3607,152,3759,43
2021-02-05,Orange,059,3164182,240941,236335,9938,246273,3260
2021-02-05,Placer,061,380077,19776,18756,1056,19812,211
2021-02-05,Plumas,063,18699,626,578,11,589,2
2021-02-05,Riverside,065,2383286,277235,270666,13390,284056,3235
2021-02-05,Sacramento,067,1510023,90176,87992,1147,89139,1231
2021-02-05,San Benito,069,59416,5553,5502,83,5585,51
2021-02-05,San Bernardino,071,2135413,280411,272938,8518,281456,2495
2021-02-05,San Diego,073,3302833,254532,244066,12114,256180,2777
2021-02-05,San Francisco,075,870044,32785,32229,973,33202,337
2021-02-05,San Joaquin,077,732212,64195,62565,2674,65239,902
2021-02-05,San Luis Obispo,079,281455,18676,18152,515,18667,213
2021-02-05,San Mateo,081,765935,38021,36582,379,36961,227
2021-02-05,Santa Barbara,083,443738,31002,29455,1044,30499,334
2021-02-05,Santa Clara,085,1922200,105470,104112,503,104615,1421
2021-02-05,Santa Cruz,087,273765,14797,13776,772,14548,161
2021-02-05,Shasta,089,179085,10580,10507,1166,11673,136
2021-02-05,Sierra,091,2930,47,42,14,56,0
2021-02-05,Siskiyou,093,43540,1374,1276,216,1492,4
2021-02-05,Solano,095,438530,28831,28283,333,28616,127
2021-02-05,Sonoma,097,501317,26668,26423,149,26572,252
2021-02-05,Stanislaus,099,539301,48312,47024,5163,52187,678
2021-02-05,Sutter,101,95872,8563,8443,83,8526,92
2021-02-05,Tehama,103,63373,4436,4355,491,4846,22
2021-02-05,Trinity,105,12862,384,260,52,312,3
2021-02-05,Tulare,107,460477,46308,45138,7537,52675,663
2021-02-05,Tuolumne,109,53932,3667,3595,29,3624,45
2021-02-05,Ventura,111,848112,74295,72953,2676,75629,546
2021-02-05,Yolo,113,214977,12364,12025,200,12225,162
2021-02-05,Yuba,115,75493,5267,5145,78,5223,35
2021-02-04,Alameda,001,1643700,77013,75422,1685,77107,899
2021-02-04,Alpine,003,1148,74,72,0,72,0
2021-02-04,Amador,005,37829,3350,3288,28,3316,33
2021-02-04,Butte,007,227075,10881,10386,1583,11969,147
2021-02-04,Calaveras,009,45235,1847,1808,12,1820,21
2021-02-04,Colusa,011,21464,1795,1777,237,2014,10
2021-02-04,Contra Costa,013,1133247,59912,57991,1042,59033,550
2021-02-04,Del Norte,015,27424,908,870,4,874,2
2021-02-04,El Dorado,017,186661,8737,8490,586,9076,86
2021-02-04,Fresno,019,978130,92557,90126,7382,97508,1114
2021-02-04,Glenn,021,27897,2168,2102,472,2574,14
2021-02-04,Humboldt,023,135768,2917,2827,19,2846,28
2021-02-04,Imperial,025,180216,26756,26411,2537,28948,556
2021-02-04,Inyo,027,18085,1142,1084,1,1085,27
2021-02-04,Kern,029,883053,89880,87156,9144,96300,898
2021-02-04,Kings,031,150075,21425,20918,972,21890,187
2021-02-04,Lake,033,64148,2978,2882,1,2883,34
2021-02-04,Lassen,035,31185,5004,4927,91,5018,1
2021-02-04,Los Angeles,037,10098052,1140726,1106323,38552,1144875,17396
2021-02-04,Madera,039,155013,15022,14706,758,15464,95
2021-02-04,Marin,041,260295,12607,12431,153,12584,192
2021-02-04,Mariposa,043,17540,364,348,3,351,4
2021-02-04,Mendocino,045,87422,3440,3240,63,3303,38
2021-02-04,Merced,047,269075,26964,26629,782,27411,345
2021-02-04,Modoc,049,8938,330,309,107,416,3
2021-02-04,Mono,051,14174,1144,1153,13,1166,3
2021-02-04,Monterey,053,433212,40484,39619,1541,41160,279
2021-02-04,Napa,055,140530,8708,8573,31,8604,55
2021-02-04,Nevada,057,99092,3758,3590,151,3741,37
2021-02-04,Orange,059,3164182,240298,235677,9896,245573,3238
2021-02-04,Placer,061,380077,19716,18711,1047,19758,210
2021-02-04,Plumas,063,18699,623,562,11,573,2
2021-02-04,Riverside,065,2383286,276495,269851,13350,283201,3230
2021-02-04,Sacramento,067,1510023,89875,87658,1137,88795,1222
2021-02-04,San Benito,069,59416,5539,5488,82,5570,51
2021-02-04,San Bernardino,071,2135413,279862,272223,8498,280721,2409
2021-02-04,San Diego,073,3302833,253742,242613,12050,254663,2738
2021-02-04,San Francisco,075,870044,32671,32116,964,33080,326
2021-02-04,San Joaquin,077,732212,63970,62374,2666,65040,883
2021-02-04,San Luis Obispo,079,281455,18609,18058,513,18571,211
2021-02-04,San Mateo,081,765935,37901,36437,376,36813,226
2021-02-04,Santa Barbara,083,443738,30870,29344,1026,30370,322
2021-02-04,Santa Clara,085,1922200,105121,103781,500,104281,1404
2021-02-04,Santa Cruz,087,273765,14764,13713,764,14477,156
2021-02-04,Shasta,089,179085,10554,10466,1161,11627,131
2021-02-04,Sierra,091,2930,47,42,14,56,0
2021-02-04,Siskiyou,093,43540,1365,1273,216,1489,4
2021-02-04,Solano,095,438530,28728,28192,332,28524,120
2021-02-04,Sonoma,097,501317,26586,26276,145,26421,249
2021-02-04,Stanislaus,099,539301,48149,46822,5142,51964,678
2021-02-04,Sutter,101,95872,8543,8401,83,8484,92
2021-02-04,Tehama,103,63373,4420,4327,491,4818,21
2021-02-04,Trinity,105,12862,383,260,51,311,3
2021-02-04,Tulare,107,460477,46183,44983,7471,52454,656
2021-02-04,Tuolumne,109,53932,3627,3585,29,3614,45
2021-02-04,Ventura,111,848112,73963,72595,2663,75258,537
2021-02-04,Yolo,113,214977,12330,11982,199,12181,161
2021-02-04,Yuba,115,75493,5241,5135,78,5213,34
2021-02-03,Alameda,001,1643700,76679,74968,1681,76649,880
2021-02-03,Alpine,003,1148,74,72,0,72,0
2021-02-03,Amador,005,37829,3346,3281,28,3309,33
2021-02-03,Butte,007,227075,10845,10355,1576,11931,144
2021-02-03,Calaveras,009,45235,1833,1799,11,1810,21
2021-02-03,Colusa,011,21464,1790,1773,236,2009,10
2021-02-03,Contra Costa,013,1133247,59673,57762,1030,58792,537
2021-02-03,Del Norte,015,27424,903,869,4,873,2
2021-02-03,El Dorado,017,186661,8717,8428,585,9013,86
2021-02-03,Fresno,019,978130,92336,89748,7342,97090,1015
2021-02-03,Glenn,021,27897,2159,2098,470,2568,14
2021-02-03,Humboldt,023,135768,2907,2800,19,2819,27
2021-02-03,Imperial,025,180216,26722,26363,2531,28894,547
2021-02-03,Inyo,027,18085,1132,1071,1,1072,27
2021-02-03,Kern,029,883053,89638,86771,9103,95874,877
2021-02-03,Kings,031,150075,21365,20831,968,21799,172
2021-02-03,Lake,033,64148,2961,2869,1,2870,33
2021-02-03,Lassen,035,31185,4993,4910,91,5001,1
2021-02-03,Los Angeles,037,10098052,1137655,1101890,38422,1140312,17163
2021-02-03,Madera,039,155013,14983,14605,756,15361,94
2021-02-03,Marin,041,260295,12573,12406,153,12559,190
2021-02-03,Mariposa,043,17540,363,347,3,350,4
2021-02-03,Mendocino,045,87422,3414,3236,62,3298,38
2021-02-03,Merced,047,269075,26848,26520,777,27297,343
2021-02-03,Modoc,049,8938,329,308,107,415,3
2021-02-03,Mono,051,14174,1137,1146,13,1159,3
2021-02-03,Monterey,053,433212,40356,39500,1523,41023,279
2021-02-03,Napa,055,140530,8673,8534,31,8565,54
2021-02-03,Nevada,057,99092,3744,3572,151,3723,35
2021-02-03,Orange,059,3164182,239555,234738,9864,244602,3189
2021-02-03,Placer,061,380077,19660,18646,1045,19691,210
2021-02-03,Plumas,063,18699,623,559,11,570,2
2021-02-03,Riverside,065,2383286,275770,269019,13319,282338,3195
2021-02-03,Sacramento,067,1510023,89552,87415,1133,88548,1212
2021-02-03,San Benito,069,59416,5521,5463,79,5542,51
2021-02-03,San Bernardino,071,2135413,279381,271477,8475,279952,2308
2021-02-03,San Diego,073,3302833,252841,241015,12003,253018,2683
2021-02-03,San Francisco,075,870044,32541,31983,959,32942,325
2021-02-03,San Joaquin,077,732212,63742,61976,2655,64631,880
2021-02-03,San Luis Obispo,079,281455,18532,17922,510,18432,206
2021-02-03,San Mateo,081,765935,37763,36227,372,36599,225
2021-02-03,Santa Barbara,083,443738,30723,29121,1016,30137,315
2021-02-03,Santa Clara,085,1922200,104804,103278,498,103776,1364
2021-02-03,Santa Cruz,087,273765,14709,13611,757,14368,154
2021-02-03,Shasta,089,179085,10511,10422,1156,11578,130
2021-02-03,Sierra,091,2930,47,42,14,56,0
2021-02-03,Siskiyou,093,43540,1354,1268,215,1483,4
2021-02-03,Solano,095,438530,28606,28057,332,28389,119
2021-02-03,Sonoma,097,501317,26502,26155,144,26299,248
2021-02-03,Stanislaus,099,539301,47975,46598,5122,51720,662
2021-02-03,Sutter,101,95872,8518,8379,83,8462,90
2021-02-03,Tehama,103,63373,4398,4309,488,4797,21
2021-02-03,Trinity,105,12862,383,260,50,310,3
2021-02-03,Tulare,107,460477,46016,44838,7411,52249,640
2021-02-03,Tuolumne,109,53932,3616,3568,29,3597,45
2021-02-03,Ventura,111,848112,73627,72124,2651,74775,526
2021-02-03,Yolo,113,214977,12306,11933,198,12131,161
2021-02-03,Yuba,115,75493,5223,5124,78,5202,34
2021-02-02,Alameda,001,1643700,76335,74642,1667,76309,869
2021-02-02,Alpine,003,1148,74,72,0,72,0
2021-02-02,Amador,005,37829,3315,3275,28,3303,33
2021-02-02,Butte,007,227075,10818,10307,1568,11875,141
2021-02-02,Calaveras,009,45235,1824,1786,11,1797,21
2021-02-02,Colusa,011,21464,1782,1769,231,2000,9
2021-02-02,Contra Costa,013,1133247,59393,57551,1025,58576,536
2021-02-02,Del Norte,015,27424,897,868,4,872,2
2021-02-02,El Dorado,017,186661,8677,8405,585,8990,84
2021-02-02,Fresno,019,978130,92033,89542,7307,96849,1009
2021-02-02,Glenn,021,27897,2147,2090,467,2557,14
2021-02-02,Humboldt,023,135768,2895,2784,19,2803,25
2021-02-02,Imperial,025,180216,26671,26317,2526,28843,535
2021-02-02,Inyo,027,18085,1129,1074,1,1075,27
2021-02-02,Kern,029,883053,89336,86485,9027,95512,867
2021-02-02,Kings,031,150075,21287,20785,960,21745,172
2021-02-02,Lake,033,64148,2941,2857,1,2858,33
2021-02-02,Lassen,035,31185,4986,4908,91,4999,1
2021-02-02,Los Angeles,037,10098052,1134284,1097573,38252,1135825,16913
2021-02-02,Madera,039,155013,14933,14595,751,15346,94
2021-02-02,Marin,041,260295,12544,12367,153,12520,189
2021-02-02,Mariposa,043,17540,360,345,3,348,4
2021-02-02,Mendocino,045,87422,3381,3210,62,3272,38
2021-02-02,Merced,047,269075,26751,26427,770,27197,340
2021-02-02,Modoc,049,8938,324,306,107,413,3
2021-02-02,Mono,051,14174,1135,1147,13,1160,3
2021-02-02,Monterey,053,433212,40221,39371,1509,40880,278
2021-02-02,Napa,055,140530,8644,8505,31,8536,53
2021-02-02,Nevada,057,99092,3729,3548,151,3699,20
2021-02-02,Orange,059,3164182,238753,233783,9829,243612,3152
2021-02-02,Placer,061,380077,19600,18615,1041,19656,205
2021-02-02,Plumas,063,18699,623,560,11,571,2
2021-02-02,Riverside,065,2383286,274934,267901,13285,281186,3169
2021-02-02,Sacramento,067,1510023,89263,87107,1122,88229,1202
2021-02-02,San Benito,069,59416,5507,5444,78,5522,50
2021-02-02,San Bernardino,071,2135413,278706,270486,8445,278931,2244
2021-02-02,San Diego,073,3302833,251802,240047,11916,251963,2629
2021-02-02,San Francisco,075,870044,32386,31788,948,32736,324
2021-02-02,San Joaquin,077,732212,63523,61708,2640,64348,878
2021-02-02,San Luis Obispo,079,281455,18438,17811,508,18319,201
2021-02-02,San Mateo,081,765935,37599,36004,366,36370,225
2021-02-02,Santa Barbara,083,443738,30554,28951,1009,29960,304
2021-02-02,Santa Clara,085,1922200,104341,102872,493,103365,1349
2021-02-02,Santa Cruz,087,273765,14650,13572,753,14325,150
2021-02-02,Shasta,089,179085,10486,10371,1145,11516,128
2021-02-02,Sierra,091,2930,47,42,14,56,0
2021-02-02,Siskiyou,093,43540,1347,1252,212,1464,4
2021-02-02,Solano,095,438530,28510,27963,328,28291,118
2021-02-02,Sonoma,097,501317,26384,26054,144,26198,247
2021-02-02,Stanislaus,099,539301,47756,46306,5089,51395,641
2021-02-02,Sutter,101,95872,8495,8340,83,8423,89
2021-02-02,Tehama,103,63373,4385,4289,486,4775,21
2021-02-02,Trinity,105,12862,383,260,50,310,3
2021-02-02,Tulare,107,460477,45861,44720,7344,52064,625
2021-02-02,Tuolumne,109,53932,3604,3548,29,3577,39
2021-02-02,Ventura,111,848112,73209,71557,2641,74198,514
2021-02-02,Yolo,113,214977,12261,11886,191,12077,158
2021-02-02,Yuba,115,75493,5205,5111,78,5189,34
2021-02-01,Alameda,001,1643700,75978,74374,1661,76035,858
2021-02-01,Alpine,003,1148,74,72,0,72,0
2021-02-01,Amador,005,37829,3304,3234,28,3262,32
2021-02-01,Butte,007,227075,10776,10263,1564,11827,141
2021-02-01,Calaveras,009,45235,1816,1785,11,1796,21
2021-02-01,Colusa,011,21464,1777,1763,222,1985,9
2021-02-01,Contra Costa,013,1133247,59148,57324,1024,58348,531
2021-02-01,Del Norte,015,27424,894,865,4,869,2
2021-02-01,El Dorado,017,186661,8638,8337,585,8922,83
2021-02-01,Fresno,019,978130,91704,89272,7269,96541,994
2021-02-01,Glenn,021,27897,2132,2086,459,2545,14
2021-02-01,Humboldt,023,135768,2873,2773,18,2791,25
2021-02-01,Imperial,025,180216,26628,26224,2524,28748,530
2021-02-01,Inyo,027,18085,1119,1072,1,1073,27
2021-02-01,Kern,029,883053,88940,86170,8956,95126,862
2021-02-01,Kings,031,150075,21197,20746,951,21697,172
2021-02-01,Lake,033,64148,2925,2843,1,2844,33
2021-02-01,Lassen,035,31185,4966,4907,91,4998,1
2021-02-01,Los Angeles,037,10098052,1130472,1094341,38077,1132418,16695
2021-02-01,Madera,039,155013,14898,14572,748,15320,94
2021-02-01,Marin,041,260295,12506,12341,152,12493,188
2021-02-01,Mariposa,043,17540,358,344,3,347,4
2021-02-01,Mendocino,045,87422,3348,3192,62,3254,37
2021-02-01,Merced,047,269075,26625,26282,761,27043,337
2021-02-01,Modoc,049,8938,318,303,103,406,1
2021-02-01,Mono,051,14174,1132,1145,13,1158,3
2021-02-01,Monterey,053,433212,40040,39196,1487,40683,278
2021-02-01,Napa,055,140530,8612,8449,31,8480,52
2021-02-01,Nevada,057,99092,3712,3535,150,3685,20
2021-02-01,Orange,059,3164182,237843,233155,9783,242938,3100
2021-02-01,Placer,061,380077,19531,18574,1034,19608,204
2021-02-01,Plumas,063,18699,621,554,11,565,2
2021-02-01,Riverside,065,2383286,274021,267025,13249,280274,3092
2021-02-01,Sacramento,067,1510023,88863,86856,1110,87966,1193
2021-02-01,San Benito,069,59416,5489,5432,78,5510,48
2021-02-01,San Bernardino,071,2135413,278011,270012,8404,278416,2172
2021-02-01,San Diego,073,3302833,250577,239121,11841,250962,2619
2021-02-01,San Francisco,075,870044,32252,31703,936,32639,324
2021-02-01,San Joaquin,077,732212,63319,61542,2629,64171,877
2021-02-01,San Luis Obispo,079,281455,18320,17690,500,18190,199
2021-02-01,San Mateo,081,765935,37450,35843,366,36209,220
2021-02-01,Santa Barbara,083,443738,30385,28837,1001,29838,297
2021-02-01,Santa Clara,085,1922200,103926,102462,492,102954,1343
2021-02-01,Santa Cruz,087,273765,14597,13524,751,14275,149
2021-02-01,Shasta,089,179085,10461,10329,1139,11468,112
2021-02-01,Sierra,091,2930,47,42,14,56,0
2021-02-01,Siskiyou,093,43540,1340,1238,209,1447,4
2021-02-01,Solano,095,438530,28405,27844,327,28171,117
2021-02-01,Sonoma,097,501317,26296,26011,143,26154,243
2021-02-01,Stanislaus,099,539301,47497,46112,5061,51173,642
2021-02-01,Sutter,101,95872,8455,8313,83,8396,89
2021-02-01,Tehama,103,63373,4361,4263,486,4749,21
2021-02-01,Trinity,105,12862,381,260,50,310,3
2021-02-01,Tulare,107,460477,45717,44569,7262,51831,618
2021-02-01,Tuolumne,109,53932,3596,3534,29,3563,39
2021-02-01,Ventura,111,848112,72802,71104,2625,73729,502
2021-02-01,Yolo,113,214977,12217,11824,183,12007,151
2021-02-01,Yuba,115,75493,5191,5084,77,5161,33
2021-01-31,Alameda,001,1643700,75550,73979,1653,75632,857
2021-01-31,Alpine,003,1148,74,72,0,72,0
2021-01-31,Amador,005,37829,3294,3212,26,3238,32
2021-01-31,Butte,007,227075,10734,10215,1553,11768,140
2021-01-31,Calaveras,009,45235,1793,1778,11,1789,21
2021-01-31,Colusa,011,21464,1770,1754,217,1971,9
2021-01-31,Contra Costa,013,1133247,58817,57079,1024,58103,531
2021-01-31,Del Norte,015,27424,892,865,4,869,2
2021-01-31,El Dorado,017,186661,8602,8317,582,8899,83
2021-01-31,Fresno,019,978130,91392,88852,7217,96069,994
2021-01-31,Glenn,021,27897,2121,2083,458,2541,14
2021-01-31,Humboldt,023,135768,2857,2767,18,2785,25
2021-01-31,Imperial,025,180216,26557,26206,2514,28720,530
2021-01-31,Inyo,027,18085,1106,1072,1,1073,27
2021-01-31,Kern,029,883053,88446,85872,8867,94739,861
2021-01-31,Kings,031,150075,21113,20709,939,21648,172
2021-01-31,Lake,033,64148,2904,2826,1,2827,33
2021-01-31,Lassen,035,31185,4950,4900,91,4991,1
2021-01-31,Los Angeles,037,10098052,1125864,1090304,37868,1128172,16609
2021-01-31,Madera,039,155013,14844,14496,740,15236,94
2021-01-31,Marin,041,260295,12459,12297,148,12445,185
2021-01-31,Mariposa,043,17540,356,344,3,347,4
2021-01-31,Mendocino,045,87422,3325,3181,61,3242,37
2021-01-31,Merced,047,269075,26481,26222,756,26978,337
2021-01-31,Modoc,049,8938,315,304,101,405,1
2021-01-31,Mono,051,14174,1129,1146,13,1159,3
2021-01-31,Monterey,053,433212,39861,39035,1459,40494,278
2021-01-31,Napa,055,140530,8570,8404,31,8435,52
2021-01-31,Nevada,057,99092,3690,3518,148,3666,20
2021-01-31,Orange,059,3164182,236824,232347,9742,242089,3053
2021-01-31,Placer,061,380077,19458,18506,1022,19528,204
2021-01-31,Plumas,063,18699,620,554,11,565,2
2021-01-31,Riverside,065,2383286,273049,266145,13201,279346,3074
2021-01-31,Sacramento,067,1510023,88423,86560,1095,87655,1186
2021-01-31,San Benito,069,59416,5467,5425,76,5501,48
2021-01-31,San Bernardino,071,2135413,276975,269533,8372,277905,2156
2021-01-31,San Diego,073,3302833,249264,238039,11727,249766,2619
2021-01-31,San Francisco,075,870044,32061,31563,925,32488,323
2021-01-31,San Joaquin,077,732212,62916,61379,2619,63998,877
2021-01-31,San Luis Obispo,079,281455,18186,17615,495,18110,199
2021-01-31,San Mateo,081,765935,37260,35659,363,36022,219
2021-01-31,Santa Barbara,083,443738,30146,28570,992,29562,297
2021-01-31,Santa Clara,085,1922200,103379,101986,483,102469,1330
2021-01-31,Santa Cruz,087,273765,14502,13469,737,14206,149
2021-01-31,Shasta,089,179085,10416,10313,1130,11443,112
2021-01-31,Sierra,091,2930,46,43,14,57,0
2021-01-31,Siskiyou,093,43540,1330,1238,209,1447,4
2021-01-31,Solano,095,438530,28275,27678,327,28005,118
2021-01-31,Sonoma,097,501317,26194,25925,142,26067,243
2021-01-31,Stanislaus,099,539301,47212,45971,5020,50991,642
2021-01-31,Sutter,101,95872,8410,8289,83,8372,89
2021-01-31,Tehama,103,63373,4341,4256,485,4741,21
2021-01-31,Trinity,105,12862,379,260,50,310,3
2021-01-31,Tulare,107,460477,45550,44440,7180,51620,618
2021-01-31,Tuolumne,109,53932,3557,3519,29,3548,39
2021-01-31,Ventura,111,848112,72207,70635,2612,73247,502
2021-01-31,Yolo,113,214977,12156,11771,177,11948,151
2021-01-31,Yuba,115,75493,5171,5071,76,5147,33
2021-01-30,Alameda,001,1643700,75345,73622,1648,75270,850
2021-01-30,Alpine,003,1148,74,72,0,72,0
2021-01-30,Amador,005,37829,3290,3181,26,3207,32
2021-01-30,Butte,007,227075,10699,10177,1544,11721,139
2021-01-30,Calaveras,009,45235,1780,1763,11,1774,21
2021-01-30,Colusa,011,21464,1768,1748,217,1965,9
2021-01-30,Contra Costa,013,1133247,58633,56763,1020,57783,531
2021-01-30,Del Norte,015,27424,891,865,4,869,2
2021-01-30,El Dorado,017,186661,8582,8299,581,8880,83
2021-01-30,Fresno,019,978130,91214,88476,7197,95673,964
2021-01-30,Glenn,021,27897,2118,2074,456,2530,14
2021-01-30,Humboldt,023,135768,2846,2742,18,2760,24
2021-01-30,Imperial,025,180216,26536,26160,2513,28673,530
2021-01-30,Inyo,027,18085,1102,1068,1,1069,27
2021-01-30,Kern,029,883053,88245,85572,8801,94373,848
2021-01-30,Kings,031,150075,21042,20605,934,21539,169
2021-01-30,Lake,033,64148,2898,2809,1,2810,33
2021-01-30,Lassen,035,31185,4946,4890,91,4981,1
2021-01-30,Los Angeles,037,10098052,1123495,1084763,37725,1122488,16484
2021-01-30,Madera,039,155013,14802,14443,735,15178,94
2021-01-30,Marin,041,260295,12431,12225,147,12372,185
2021-01-30,Mariposa,043,17540,354,344,3,347,4
2021-01-30,Mendocino,045,87422,3311,3153,60,3213,36
2021-01-30,Merced,047,269075,26406,26078,755,26833,335
2021-01-30,Modoc,049,8938,315,303,101,404,1
2021-01-30,Mono,051,14174,1129,1143,13,1156,3
2021-01-30,Monterey,053,433212,39800,38847,1456,40303,277
2021-01-30,Napa,055,140530,8554,8342,31,8373,52
2021-01-30,Nevada,057,99092,3671,3499,148,3647,20
2021-01-30,Orange,059,3164182,236278,231358,9703,241061,3013
2021-01-30,Placer,061,380077,19407,18430,1016,19446,205
2021-01-30,Plumas,063,18699,618,554,11,565,2
2021-01-30,Riverside,065,2383286,272459,265137,13169,278306,3061
2021-01-30,Sacramento,067,1510023,88231,86388,1089,87477,1184
2021-01-30,San Benito,069,59416,5449,5401,75,5476,48
2021-01-30,San Bernardino,071,2135413,276559,268660,8354,277014,2122
2021-01-30,San Diego,073,3302833,248506,236765,11682,248447,2603
2021-01-30,San Francisco,075,870044,31960,31427,922,32349,316
2021-01-30,San Joaquin,077,732212,62782,61120,2609,63729,864
2021-01-30,San Luis Obispo,079,281455,18107,17522,493,18015,198
2021-01-30,San Mateo,081,765935,37121,35451,362,35813,219
2021-01-30,Santa Barbara,083,443738,30003,28342,989,29331,296
2021-01-30,Santa Clara,085,1922200,103032,101471,480,101951,1307
2021-01-30,Santa Cruz,087,273765,14462,13383,736,14119,149
2021-01-30,Shasta,089,179085,10398,10283,1126,11409,112
2021-01-30,Sierra,091,2930,46,43,14,57,0
2021-01-30,Siskiyou,093,43540,1328,1236,207,1443,4
2021-01-30,Solano,095,438530,28192,27511,325,27836,118
2021-01-30,Sonoma,097,501317,26145,25810,139,25949,243
2021-01-30,Stanislaus,099,539301,47083,45697,4996,50693,642
2021-01-30,Sutter,101,95872,8394,8226,83,8309,87
2021-01-30,Tehama,103,63373,4327,4229,484,4713,21
2021-01-30,Trinity,105,12862,379,259,50,309,3
2021-01-30,Tulare,107,460477,45416,44203,7142,51345,615
2021-01-30,Tuolumne,109,53932,3553,3508,29,3537,36
2021-01-30,Ventura,111,848112,71895,69931,2595,72526,493
2021-01-30,Yolo,113,214977,12142,11698,176,11874,151
2021-01-30,Yuba,115,75493,5161,5042,75,5117,33
2021-01-29,Alameda,001,1643700,75079,73210,1641,74851,841
2021-01-29,Alpine,003,1148,74,72,0,72,0
2021-01-29,Amador,005,37829,3278,3134,25,3159,32
2021-01-29,Butte,007,227075,10668,10122,1534,11656,138
2021-01-29,Calaveras,009,45235,1773,1757,11,1768,21
2021-01-29,Colusa,011,21464,1764,1734,216,1950,8
2021-01-29,Contra Costa,013,1133247,58461,56318,1018,57336,529
2021-01-29,Del Norte,015,27424,890,865,4,869,2
2021-01-29,El Dorado,017,186661,8565,8231,580,8811,83
2021-01-29,Fresno,019,978130,91000,87936,7158,95094,962
2021-01-29,Glenn,021,27897,2113,2061,455,2516,14
2021-01-29,Humboldt,023,135768,2833,2707,18,2725,24
2021-01-29,Imperial,025,180216,26521,26045,2510,28555,521
2021-01-29,Inyo,027,18085,1090,1048,1,1049,27
2021-01-29,Kern,029,883053,88020,85044,8748,93792,836
2021-01-29,Kings,031,150075,21003,20466,929,21395,169
2021-01-29,Lake,033,64148,2889,2792,1,2793,32
2021-01-29,Lassen,035,31185,4943,4874,91,4965,1
2021-01-29,Los Angeles,037,10098052,1120029,1078329,37570,1115899,16190
2021-01-29,Madera,039,155013,14751,14377,735,15112,94
2021-01-29,Marin,041,260295,12388,12145,146,12291,185
2021-01-29,Mariposa,043,17540,353,342,3,345,4
2021-01-29,Mendocino,045,87422,3302,3131,59,3190,36
2021-01-29,Merced,047,269075,26331,25865,751,26616,334
2021-01-29,Modoc,049,8938,314,297,101,398,1
2021-01-29,Mono,051,14174,1127,1139,13,1152,3
2021-01-29,Monterey,053,433212,39680,38539,1448,39987,277
2021-01-29,Napa,055,140530,8522,8276,31,8307,52
2021-01-29,Nevada,057,99092,3662,3487,147,3634,20
2021-01-29,Orange,059,3164182,235598,229917,9664,239581,2967
2021-01-29,Placer,061,380077,19351,18367,1012,19379,203
2021-01-29,Plumas,063,18699,617,548,11,559,2
2021-01-29,Riverside,065,2383286,271665,263504,13134,276638,3008
2021-01-29,Sacramento,067,1510023,87976,86320,1085,87405,1169
2021-01-29,San Benito,069,59416,5441,5386,75,5461,48
2021-01-29,San Bernardino,071,2135413,276045,267490,8312,275802,2095
2021-01-29,San Diego,073,3302833,247564,234637,11604,246241,2571
2021-01-29,San Francisco,075,870044,31819,31294,913,32207,307
2021-01-29,San Joaquin,077,732212,62636,60899,2594,63493,858
2021-01-29,San Luis Obispo,079,281455,18047,17440,488,17928,193
2021-01-29,San Mateo,081,765935,36988,35223,359,35582,218
2021-01-29,Santa Barbara,083,443738,29873,28105,983,29088,291
2021-01-29,Santa Clara,085,1922200,102667,101010,478,101488,1273
2021-01-29,Santa Cruz,087,273765,14409,13311,733,14044,148
2021-01-29,Shasta,089,179085,10381,10220,1122,11342,112
2021-01-29,Sierra,091,2930,46,43,14,57,0
2021-01-29,Siskiyou,093,43540,1327,1227,207,1434,4
2021-01-29,Solano,095,438530,28106,27352,322,27674,116
2021-01-29,Sonoma,097,501317,26083,25710,138,25848,243
2021-01-29,Stanislaus,099,539301,46935,45466,4977,50443,642
2021-01-29,Sutter,101,95872,8375,8181,83,8264,87
2021-01-29,Tehama,103,63373,4314,4191,482,4673,20
2021-01-29,Trinity,105,12862,379,260,50,310,3
2021-01-29,Tulare,107,460477,45311,43925,7101,51026,606
2021-01-29,Tuolumne,109,53932,3543,3483,29,3512,36
2021-01-29,Ventura,111,848112,71471,69511,2581,72092,484
2021-01-29,Yolo,113,214977,12104,11612,175,11787,151
2021-01-29,Yuba,115,75493,5145,5018,75,5093,32
2021-01-28,Alameda,001,1643700,74650,72758,1633,74391,833
2021-01-28,Alpine,003,1148,74,72,0,72,0
2021-01-28,Amador,005,37829,3241,3124,25,3149,31
2021-01-28,Butte,007,227075,10628,10037,1523,11560,138
2021-01-28,Calaveras,009,45235,1758,1747,10,1757,21
2021-01-28,Colusa,011,21464,1757,1731,212,1943,8
2021-01-28,Contra Costa,013,1133247,58218,55999,1008,57007,525
2021-01-28,Del Norte,015,27424,889,862,4,866,2
2021-01-28,El Dorado,017,186661,8552,8198,575,8773,79
2021-01-28,Fresno,019,978130,90713,87401,7107,94508,949
2021-01-28,Glenn,021,27897,2108,2043,446,2489,14
2021-01-28,Humboldt,023,135768,2816,2686,18,2704,24
2021-01-28,Imperial,025,180216,26477,25984,2503,28487,517
2021-01-28,Inyo,027,18085,1085,1039,1,1040,27
2021-01-28,Kern,029,883053,87689,84708,8664,93372,817
2021-01-28,Kings,031,150075,20943,20328,924,21252,167
2021-01-28,Lake,033,64148,2874,2772,1,2773,32
2021-01-28,Lassen,035,31185,4937,4865,91,4956,1
2021-01-28,Los Angeles,037,10098052,1116145,1072412,37372,1109784,15967
2021-01-28,Madera,039,155013,14695,14301,731,15032,94
2021-01-28,Marin,041,260295,12335,12079,145,12224,183
2021-01-28,Mariposa,043,17540,353,334,3,337,4
2021-01-28,Mendocino,045,87422,3285,3110,59,3169,36
2021-01-28,Merced,047,269075,26206,25620,743,26363,328
2021-01-28,Modoc,049,8938,313,297,101,398,0
2021-01-28,Mono,051,14174,1125,1131,13,1144,3
2021-01-28,Monterey,053,433212,39478,38312,1430,39742,274
2021-01-28,Napa,055,140530,8474,8233,31,8264,50
2021-01-28,Nevada,057,99092,3647,3452,146,3598,19
2021-01-28,Orange,059,3164182,234618,228636,9633,238269,2860
2021-01-28,Placer,061,380077,19282,18246,1009,19255,198
2021-01-28,Plumas,063,18699,616,547,11,558,2
2021-01-28,Riverside,065,2383286,270902,262342,13085,275427,2981
2021-01-28,Sacramento,067,1510023,87613,85698,1074,86772,1149
2021-01-28,San Benito,069,59416,5423,5344,74,5418,47
2021-01-28,San Bernardino,071,2135413,275350,266456,8290,274746,2057
2021-01-28,San Diego,073,3302833,246413,232967,11515,244482,2534
2021-01-28,San Francisco,075,870044,31682,31193,897,32090,290
2021-01-28,San Joaquin,077,732212,62370,60627,2579,63206,854
2021-01-28,San Luis Obispo,079,281455,17947,17279,486,17765,189
2021-01-28,San Mateo,081,765935,36819,34931,343,35274,218
2021-01-28,Santa Barbara,083,443738,29654,27674,970,28644,284
2021-01-28,Santa Clara,085,1922200,102199,100470,475,100945,1219
2021-01-28,Santa Cruz,087,273765,14320,13188,727,13915,145
2021-01-28,Shasta,089,179085,10347,10176,1114,11290,110
2021-01-28,Sierra,091,2930,46,43,14,57,0
2021-01-28,Siskiyou,093,43540,1320,1218,205,1423,4
2021-01-28,Solano,095,438530,27946,27163,321,27484,114
2021-01-28,Sonoma,097,501317,25991,25564,138,25702,236
2021-01-28,Stanislaus,099,539301,46718,45162,4953,50115,640
2021-01-28,Sutter,101,95872,8327,8136,83,8219,85
2021-01-28,Tehama,103,63373,4295,4163,479,4642,20
2021-01-28,Trinity,105,12862,377,260,50,310,3
2021-01-28,Tulare,107,460477,45154,43742,7020,50762,595
2021-01-28,Tuolumne,109,53932,3529,3472,29,3501,32
2021-01-28,Ventura,111,848112,70959,68896,2562,71458,475
2021-01-28,Yolo,113,214977,12062,11500,170,11670,151
2021-01-28,Yuba,115,75493,5129,4994,74,5068,32
2021-01-27,Alameda,001,1643700,74223,72188,1625,73813,815
2021-01-27,Alpine,003,1148,74,72,0,72,0
2021-01-27,Amador,005,37829,3225,3116,25,3141,31
2021-01-27,Butte,007,227075,10589,9988,1511,11499,138
2021-01-27,Calaveras,009,45235,1749,1737,10,1747,21
2021-01-27,Colusa,011,21464,1751,1724,210,1934,8
2021-01-27,Contra Costa,013,1133247,57920,55578,1005,56583,507
2021-01-27,Del Norte,015,27424,888,859,4,863,2
2021-01-27,El Dorado,017,186661,8526,8141,574,8715,76
2021-01-27,Fresno,019,978130,90422,86886,7065,93951,938
2021-01-27,Glenn,021,27897,2104,2042,445,2487,14
2021-01-27,Humboldt,023,135768,2794,2630,18,2648,24
2021-01-27,Imperial,025,180216,26423,25861,2490,28351,504
2021-01-27,Inyo,027,18085,1081,1023,1,1024,27
2021-01-27,Kern,029,883053,87376,84244,8595,92839,809
2021-01-27,Kings,031,150075,20837,20211,916,21127,167
2021-01-27,Lake,033,64148,2854,2750,1,2751,32
2021-01-27,Lassen,035,31185,4931,4851,91,4942,1
2021-01-27,Los Angeles,037,10098052,1111376,1066569,37157,1103726,15757
2021-01-27,Madera,039,155013,14654,14194,726,14920,86
2021-01-27,Marin,041,260295,12298,12028,144,12172,180
2021-01-27,Mariposa,043,17540,353,333,3,336,4
2021-01-27,Mendocino,045,87422,3265,3095,59,3154,36
2021-01-27,Merced,047,269075,26047,25439,732,26171,315
2021-01-27,Modoc,049,8938,313,297,98,395,0
2021-01-27,Mono,051,14174,1123,1131,13,1144,3
2021-01-27,Monterey,053,433212,39274,38139,1411,39550,268
2021-01-27,Napa,055,140530,8402,8187,31,8218,46
2021-01-27,Nevada,057,99092,3625,3431,146,3577,18
2021-01-27,Orange,059,3164182,233497,227110,9578,236688,2832
2021-01-27,Placer,061,380077,19208,18106,998,19104,198
2021-01-27,Plumas,063,18699,616,544,11,555,2
2021-01-27,Riverside,065,2383286,269730,260796,13033,273829,2931
2021-01-27,Sacramento,067,1510023,87252,85428,1063,86491,1142
2021-01-27,San Benito,069,59416,5408,5284,74,5358,47
2021-01-27,San Bernardino,071,2135413,274500,265153,8259,273412,2019
2021-01-27,San Diego,073,3302833,245084,231478,11410,242888,2465
2021-01-27,San Francisco,075,870044,31539,31082,890,31972,287
2021-01-27,San Joaquin,077,732212,62101,60131,2555,62686,853
2021-01-27,San Luis Obispo,079,281455,17840,17119,482,17601,188
2021-01-27,San Mateo,081,765935,36664,34619,340,34959,216
2021-01-27,Santa Barbara,083,443738,29480,27435,964,28399,282
2021-01-27,Santa Clara,085,1922200,101795,99732,471,100203,1184
2021-01-27,Santa Cruz,087,273765,14250,13111,724,13835,143
2021-01-27,Shasta,089,179085,10313,10106,1108,11214,105
2021-01-27,Sierra,091,2930,46,44,14,58,0
2021-01-27,Siskiyou,093,43540,1314,1214,202,1416,4
2021-01-27,Solano,095,438530,27769,26982,314,27296,112
2021-01-27,Sonoma,097,501317,25893,25361,138,25499,237
2021-01-27,Stanislaus,099,539301,46533,44874,4924,49798,624
2021-01-27,Sutter,101,95872,8284,8093,82,8175,83
2021-01-27,Tehama,103,63373,4270,4133,475,4608,20
2021-01-27,Trinity,105,12862,377,260,50,310,3
2021-01-27,Tulare,107,460477,44969,43462,6945,50407,583
2021-01-27,Tuolumne,109,53932,3519,3464,29,3493,32
2021-01-27,Ventura,111,848112,70485,68291,2537,70828,468
2021-01-27,Yolo,113,214977,12015,11427,166,11593,151
2021-01-27,Yuba,115,75493,5113,4968,74,5042,32
2021-01-26,Alameda,001,1643700,73847,71851,1608,73459,789
2021-01-26,Alpine,003,1148,74,72,0,72,0
2021-01-26,Amador,005,37829,3214,3113,25,3138,31
2021-01-26,Butte,007,227075,10547,9943,1505,11448,136
2021-01-26,Calaveras,009,45235,1741,1723,10,1733,21
2021-01-26,Colusa,011,21464,1744,1719,207,1926,8
2021-01-26,Contra Costa,013,1133247,57639,55337,997,56334,491
2021-01-26,Del Norte,015,27424,887,856,4,860,2
2021-01-26,El Dorado,017,186661,8501,8115,571,8686,71
2021-01-26,Fresno,019,978130,90066,86673,7020,93693,923
2021-01-26,Glenn,021,27897,2094,2034,441,2475,13
2021-01-26,Humboldt,023,135768,2772,2612,17,2629,24
2021-01-26,Imperial,025,180216,26352,25812,2475,28287,498
2021-01-26,Inyo,027,18085,1074,1018,1,1019,27
2021-01-26,Kern,029,883053,86951,83868,8516,92384,790
2021-01-26,Kings,031,150075,20779,20156,911,21067,159
2021-01-26,Lake,033,64148,2845,2748,1,2749,32
2021-01-26,Lassen,035,31185,4925,4844,91,4935,1
2021-01-26,Los Angeles,037,10098052,1106122,1060492,36942,1097434,15458
2021-01-26,Madera,039,155013,14597,14130,720,14850,86
2021-01-26,Marin,041,260295,12253,11993,142,12135,179
2021-01-26,Mariposa,043,17540,351,332,3,335,3
2021-01-26,Mendocino,045,87422,3239,3076,58,3134,36
2021-01-26,Merced,047,269075,25907,25359,725,26084,309
2021-01-26,Modoc,049,8938,306,291,97,388,0
2021-01-26,Mono,051,14174,1122,1120,13,1133,3
2021-01-26,Monterey,053,433212,39079,37963,1390,39353,255
2021-01-26,Napa,055,140530,8345,8145,31,8176,43
2021-01-26,Nevada,057,99092,3618,3410,145,3555,18
2021-01-26,Orange,059,3164182,232371,225987,9533,235520,2760
2021-01-26,Placer,061,380077,19134,18016,996,19012,193
2021-01-26,Plumas,063,18699,614,536,11,547,2
2021-01-26,Riverside,065,2383286,268398,259399,12971,272370,2898
2021-01-26,Sacramento,067,1510023,86894,85062,1056,86118,1127
2021-01-26,San Benito,069,59416,5394,5251,73,5324,45
2021-01-26,San Bernardino,071,2135413,273508,263736,8215,271951,1970
2021-01-26,San Diego,073,3302833,243593,230063,11309,241372,2421
2021-01-26,San Francisco,075,870044,31409,30874,870,31744,286
2021-01-26,San Joaquin,077,732212,61850,59889,2539,62428,847
2021-01-26,San Luis Obispo,079,281455,17759,17016,479,17495,186
2021-01-26,San Mateo,081,765935,36469,34441,329,34770,213
2021-01-26,Santa Barbara,083,443738,29308,27321,952,28273,273
2021-01-26,Santa Clara,085,1922200,101317,99215,467,99682,1171
2021-01-26,Santa Cruz,087,273765,14185,13045,718,13763,134
2021-01-26,Shasta,089,179085,10278,10036,1100,11136,103
2021-01-26,Sierra,091,2930,46,43,14,57,0
2021-01-26,Siskiyou,093,43540,1300,1208,200,1408,4
2021-01-26,Solano,095,438530,27613,26858,308,27166,110
2021-01-26,Sonoma,097,501317,25771,25273,136,25409,236
2021-01-26,Stanislaus,099,539301,46350,44703,4881,49584,599
2021-01-26,Sutter,101,95872,8241,8067,82,8149,83
2021-01-26,Tehama,103,63373,4239,4115,475,4590,20
2021-01-26,Trinity,105,12862,377,260,50,310,3
2021-01-26,Tulare,107,460477,44767,43394,6873,50267,579
2021-01-26,Tuolumne,109,53932,3509,3451,29,3480,30
2021-01-26,Ventura,111,848112,69953,67526,2510,70036,448
2021-01-26,Yolo,113,214977,11970,11361,163,11524,148
2021-01-26,Yuba,115,75493,5088,4944,72,5016,31
2021-01-25,Alameda,001,1643700,73416,71255,1598,72853,780
2021-01-25,Alpine,003,1148,74,72,0,72,0
2021-01-25,Amador,005,37829,3174,3074,25,3099,30
2021-01-25,Butte,007,227075,10481,9865,1497,11362,133
2021-01-25,Calaveras,009,45235,1726,1713,10,1723,21
2021-01-25,Colusa,011,21464,1732,1709,203,1912,8
2021-01-25,Contra Costa,013,1133247,57281,54989,990,55979,488
2021-01-25,Del Norte,015,27424,886,855,4,859,2
2021-01-25,El Dorado,017,186661,8477,8060,571,8631,66
2021-01-25,Fresno,019,978130,89695,86336,6987,93323,913
2021-01-25,Glenn,021,27897,2083,2028,441,2469,13
2021-01-25,Humboldt,023,135768,2738,2587,17,2604,24
2021-01-25,Imperial,025,180216,26302,25745,2466,28211,491
2021-01-25,Inyo,027,18085,1068,1015,1,1016,27
2021-01-25,Kern,029,883053,86557,83401,8426,91827,787
2021-01-25,Kings,031,150075,20659,20067,907,20974,159
2021-01-25,Lake,033,64148,2826,2729,1,2730,32
2021-01-25,Lassen,035,31185,4899,4835,91,4926,1
2021-01-25,Los Angeles,037,10098052,1100194,1055181,36712,1091893,15163
2021-01-25,Madera,039,155013,14543,14068,715,14783,86
2021-01-25,Marin,041,260295,12200,11923,138,12061,177
2021-01-25,Mariposa,043,17540,348,331,3,334,3
2021-01-25,Mendocino,045,87422,3228,3054,58,3112,35
2021-01-25,Merced,047,269075,25768,25181,716,25897,305
2021-01-25,Modoc,049,8938,305,288,93,381,0
2021-01-25,Mono,051,14174,1119,1114,12,1126,3
2021-01-25,Monterey,053,433212,38825,37726,1370,39096,255
2021-01-25,Napa,055,140530,8311,8057,30,8087,43
2021-01-25,Nevada,057,99092,3604,3365,145,3510,18
2021-01-25,Orange,059,3164182,231167,225105,9492,234597,2696
2021-01-25,Placer,061,380077,19040,17936,981,18917,193
2021-01-25,Plumas,063,18699,611,533,11,544,2
2021-01-25,Riverside,065,2383286,266714,258082,12917,270999,2789
2021-01-25,Sacramento,067,1510023,86450,84653,1048,85701,1118
2021-01-25,San Benito,069,59416,5357,5238,72,5310,43
2021-01-25,San Bernardino,071,2135413,272558,263174,8179,271353,1947
2021-01-25,San Diego,073,3302833,241979,228630,11238,239868,2375
2021-01-25,San Francisco,075,870044,31261,30734,847,31581,288
2021-01-25,San Joaquin,077,732212,61556,59291,2510,61801,838
2021-01-25,San Luis Obispo,079,281455,17625,16868,474,17342,179
2021-01-25,San Mateo,081,765935,36234,34187,323,34510,213
2021-01-25,Santa Barbara,083,443738,29077,27065,942,28007,269
2021-01-25,Santa Clara,085,1922200,100747,98647,459,99106,1143
2021-01-25,Santa Cruz,087,273765,14098,12973,712,13685,133
2021-01-25,Shasta,089,179085,10237,9991,1089,11080,103
2021-01-25,Sierra,091,2930,46,42,14,56,0
2021-01-25,Siskiyou,093,43540,1292,1205,197,1402,4
2021-01-25,Solano,095,438530,27444,26648,307,26955,109
2021-01-25,Sonoma,097,501317,25660,25160,134,25294,233
2021-01-25,Stanislaus,099,539301,46104,44293,4839,49132,599
2021-01-25,Sutter,101,95872,8197,8023,82,8105,83
2021-01-25,Tehama,103,63373,4212,4082,471,4553,20
2021-01-25,Trinity,105,12862,377,262,50,312,3
2021-01-25,Tulare,107,460477,44552,43124,6767,49891,578
2021-01-25,Tuolumne,109,53932,3500,3422,29,3451,29
2021-01-25,Ventura,111,848112,69310,66910,2492,69402,439
2021-01-25,Yolo,113,214977,11884,11276,161,11437,140
2021-01-25,Yuba,115,75493,5064,4900,70,4970,31
2021-01-24,Alameda,001,1643700,72908,70823,1586,72409,780
2021-01-24,Alpine,003,1148,74,72,0,72,0
2021-01-24,Amador,005,37829,3141,3054,25,3079,30
2021-01-24,Butte,007,227075,10397,9820,1478,11298,133
2021-01-24,Calaveras,009,45235,1713,1704,10,1714,21
2021-01-24,Colusa,011,21464,1721,1689,197,1886,8
2021-01-24,Contra Costa,013,1133247,56891,54694,977,55671,488
2021-01-24,Del Norte,015,27424,882,855,4,859,2
2021-01-24,El Dorado,017,186661,8443,8003,567,8570,66
2021-01-24,Fresno,019,978130,89259,85808,6947,92755,911
2021-01-24,Glenn,021,27897,2077,2026,439,2465,13
2021-01-24,Humboldt,023,135768,2699,2562,17,2579,24
2021-01-24,Imperial,025,180216,26208,25707,2437,28144,488
2021-01-24,Inyo,027,18085,1052,1007,1,1008,27
2021-01-24,Kern,029,883053,86115,83125,8315,91440,785
2021-01-24,Kings,031,150075,20532,19988,890,20878,159
2021-01-24,Lake,033,64148,2808,2724,0,2724,32
2021-01-24,Lassen,035,31185,4888,4828,88,4916,1
2021-01-24,Los Angeles,037,10098052,1093825,1048757,36399,1085156,15119
2021-01-24,Madera,039,155013,14453,14000,709,14709,86
2021-01-24,Marin,041,260295,12134,11872,136,12008,177
2021-01-24,Mariposa,043,17540,344,322,3,325,3
2021-01-24,Mendocino,045,87422,3207,3037,57,3094,33
2021-01-24,Merced,047,269075,25555,25047,708,25755,305
2021-01-24,Modoc,049,8938,305,285,93,378,0
2021-01-24,Mono,051,14174,1112,1113,12,1125,3
2021-01-24,Monterey,053,433212,38548,37527,1337,38864,254
2021-01-24,Napa,055,140530,8269,8005,30,8035,43
2021-01-24,Nevada,057,99092,3562,3349,143,3492,18
2021-01-24,Orange,059,3164182,229737,223853,9424,233277,2632
2021-01-24,Placer,061,380077,18928,17839,960,18799,193
2021-01-24,Plumas,063,18699,608,532,11,543,2
2021-01-24,Riverside,065,2383286,265112,256767,12839,269606,2761
2021-01-24,Sacramento,067,1510023,85879,84110,1040,85150,1112
2021-01-24,San Benito,069,59416,5315,5223,69,5292,43
2021-01-24,San Bernardino,071,2135413,271234,262370,8122,270492,1935
2021-01-24,San Diego,073,3302833,240287,227193,11107,238300,2375
2021-01-24,San Francisco,075,870044,31074,30559,824,31383,275
2021-01-24,San Joaquin,077,732212,61129,59021,2494,61515,838
2021-01-24,San Luis Obispo,079,281455,17503,16758,472,17230,179
2021-01-24,San Mateo,081,765935,35990,33956,318,34274,213
2021-01-24,Santa Barbara,083,443738,28764,26735,932,27667,269
2021-01-24,Santa Clara,085,1922200,100100,98103,454,98557,1109
2021-01-24,Santa Cruz,087,273765,14012,12905,704,13609,133
2021-01-24,Shasta,089,179085,10166,9978,1080,11058,103
2021-01-24,Sierra,091,2930,45,42,14,56,0
2021-01-24,Siskiyou,093,43540,1285,1195,197,1392,4
2021-01-24,Solano,095,438530,27256,26515,303,26818,109
2021-01-24,Sonoma,097,501317,25476,25045,133,25178,233
2021-01-24,Stanislaus,099,539301,45794,44031,4780,48811,599
2021-01-24,Sutter,101,95872,8129,7980,81,8061,83
2021-01-24,Tehama,103,63373,4173,4062,463,4525,20
2021-01-24,Trinity,105,12862,377,262,50,312,3
2021-01-24,Tulare,107,460477,44336,43006,6672,49678,577
2021-01-24,Tuolumne,109,53932,3490,3416,29,3445,29
2021-01-24,Ventura,111,848112,68596,66347,2467,68814,439
2021-01-24,Yolo,113,214977,11799,11210,157,11367,140
2021-01-24,Yuba,115,75493,5024,4875,69,4944,31
2021-01-23,Alameda,001,1643700,72661,70080,1579,71659,780
2021-01-23,Alpine,003,1148,74,72,0,72,0
2021-01-23,Amador,005,37829,3138,3049,25,3074,30
2021-01-23,Butte,007,227075,10367,9757,1473,11230,133
2021-01-23,Calaveras,009,45235,1710,1695,10,1705,21
2021-01-23,Colusa,011,21464,1717,1672,196,1868,8
2021-01-23,Contra Costa,013,1133247,56678,54162,969,55131,487
2021-01-23,Del Norte,015,27424,881,855,4,859,2
2021-01-23,El Dorado,017,186661,8427,7984,565,8549,66
2021-01-23,Fresno,019,978130,89076,85274,6916,92190,910
2021-01-23,Glenn,021,27897,2074,2015,435,2450,13
2021-01-23,Humboldt,023,135768,2680,2493,16,2509,23
2021-01-23,Imperial,025,180216,26177,25581,2428,28009,487
2021-01-23,Inyo,027,18085,1043,987,1,988,27
2021-01-23,Kern,029,883053,85872,82602,8239,90841,783
2021-01-23,Kings,031,150075,20488,19904,888,20792,159
2021-01-23,Lake,033,64148,2800,2673,0,2673,32
2021-01-23,Lassen,035,31185,4887,4816,85,4901,1
2021-01-23,Los Angeles,037,10098052,1090618,1040961,36235,1077196,15034
2021-01-23,Madera,039,155013,14417,13858,707,14565,86
2021-01-23,Marin,041,260295,12078,11796,134,11930,177
2021-01-23,Mariposa,043,17540,344,323,3,326,3
2021-01-23,Mendocino,045,87422,3193,2991,57,3048,32
2021-01-23,Merced,047,269075,25463,24787,694,25481,303
2021-01-23,Modoc,049,8938,305,285,93,378,0
2021-01-23,Mono,051,14174,1110,1111,12,1123,3
2021-01-23,Monterey,053,433212,38465,37165,1332,38497,253
2021-01-23,Napa,055,140530,8244,7893,30,7923,43
2021-01-23,Nevada,057,99092,3551,3332,142,3474,18
2021-01-23,Orange,059,3164182,228968,221722,9382,231104,2618
2021-01-23,Placer,061,380077,18879,17617,955,18572,193
2021-01-23,Plumas,063,18699,607,528,11,539,2
2021-01-23,Riverside,065,2383286,264238,253636,12783,266419,2733
2021-01-23,Sacramento,067,1510023,85652,83408,1037,84445,1108
2021-01-23,San Benito,069,59416,5291,5166,68,5234,43
2021-01-23,San Bernardino,071,2135413,270692,260381,8088,268469,1922
2021-01-23,San Diego,073,3302833,239227,225556,11035,236591,2344
2021-01-23,San Francisco,075,870044,30968,30308,795,31103,268
2021-01-23,San Joaquin,077,732212,61004,58164,2483,60647,836
2021-01-23,San Luis Obispo,079,281455,17440,16652,469,17121,176
2021-01-23,San Mateo,081,765935,35814,33696,307,34003,213
2021-01-23,Santa Barbara,083,443738,28583,26234,923,27157,264
2021-01-23,Santa Clara,085,1922200,99745,97189,453,97642,1086
2021-01-23,Santa Cruz,087,273765,13954,12771,701,13472,127
2021-01-23,Shasta,089,179085,10136,9951,1079,11030,103
2021-01-23,Sierra,091,2930,45,41,14,55,0
2021-01-23,Siskiyou,093,43540,1275,1190,196,1386,4
2021-01-23,Solano,095,438530,27163,26261,301,26562,107
2021-01-23,Sonoma,097,501317,25402,24790,133,24923,232
2021-01-23,Stanislaus,099,539301,45630,43723,4750,48473,599
2021-01-23,Sutter,101,95872,8111,7943,80,8023,80
2021-01-23,Tehama,103,63373,4154,4006,462,4468,20
2021-01-23,Trinity,105,12862,377,262,50,312,3
2021-01-23,Tulare,107,460477,44185,42661,6607,49268,575
2021-01-23,Tuolumne,109,53932,3483,3407,29,3436,29
2021-01-23,Ventura,111,848112,68149,65581,2443,68024,438
2021-01-23,Yolo,113,214977,11757,11087,153,11240,141
2021-01-23,Yuba,115,75493,5012,4831,67,4898,30
2021-01-22,Alameda,001,1643700,72341,69693,1573,71266,751
2021-01-22,Alpine,003,1148,74,71,0,71,0
2021-01-22,Amador,005,37829,3133,3042,25,3067,30
2021-01-22,Butte,007,227075,10318,9711,1460,11171,133
2021-01-22,Calaveras,009,45235,1703,1672,10,1682,21
2021-01-22,Colusa,011,21464,1715,1668,196,1864,7
2021-01-22,Contra Costa,013,1133247,56440,53887,963,54850,485
2021-01-22,Del Norte,015,27424,880,852,4,856,2
2021-01-22,El Dorado,017,186661,8394,7877,562,8439,64
2021-01-22,Fresno,019,978130,88736,84744,6887,91631,892
2021-01-22,Glenn,021,27897,2070,1985,430,2415,13
2021-01-22,Humboldt,023,135768,2656,2452,16,2468,23
2021-01-22,Imperial,025,180216,26142,25562,2413,27975,474
2021-01-22,Inyo,027,18085,1032,961,1,962,26
2021-01-22,Kern,029,883053,85574,82101,8164,90265,771
2021-01-22,Kings,031,150075,20412,19760,884,20644,159
2021-01-22,Lake,033,64148,2788,2681,0,2681,32
2021-01-22,Lassen,035,31185,4879,4765,84,4849,1
2021-01-22,Los Angeles,037,10098052,1086180,1031177,36039,1067216,14777
2021-01-22,Madera,039,155013,14356,13781,706,14487,86
2021-01-22,Marin,041,260295,12041,11769,132,11901,177
2021-01-22,Mariposa,043,17540,344,323,3,326,3
2021-01-22,Mendocino,045,87422,3168,2994,56,3050,32
2021-01-22,Merced,047,269075,25340,24616,686,25302,290
2021-01-22,Modoc,049,8938,305,285,93,378,0
2021-01-22,Mono,051,14174,1110,1108,12,1120,3
2021-01-22,Monterey,053,433212,38311,36909,1327,38236,253
2021-01-22,Napa,055,140530,8198,7828,30,7858,40
2021-01-22,Nevada,057,99092,3526,3296,141,3437,18
2021-01-22,Orange,059,3164182,228017,220384,9334,229718,2542
2021-01-22,Placer,061,380077,18824,17636,940,18576,193
2021-01-22,Plumas,063,18699,605,522,11,533,2
2021-01-22,Riverside,065,2383286,263113,252440,12715,265155,2710
2021-01-22,Sacramento,067,1510023,85327,82861,1029,83890,1094
2021-01-22,San Benito,069,59416,5266,5143,68,5211,43
2021-01-22,San Bernardino,071,2135413,269870,259121,8054,267175,1849
2021-01-22,San Diego,073,3302833,237987,222576,10970,233546,2301
2021-01-22,San Francisco,075,870044,30855,30027,776,30803,266
2021-01-22,San Joaquin,077,732212,60822,58485,2470,60955,812
2021-01-22,San Luis Obispo,079,281455,17351,16336,466,16802,172
2021-01-22,San Mateo,081,765935,35594,33401,304,33705,211
2021-01-22,Santa Barbara,083,443738,28383,25989,912,26901,256
2021-01-22,Santa Clara,085,1922200,99304,96435,450,96885,1062
2021-01-22,Santa Cruz,087,273765,13897,12687,696,13383,123
2021-01-22,Shasta,089,179085,10117,9866,1077,10943,103
2021-01-22,Sierra,091,2930,45,40,14,54,0
2021-01-22,Siskiyou,093,43540,1271,1182,194,1376,4
2021-01-22,Solano,095,438530,27074,26048,299,26347,107
2021-01-22,Sonoma,097,501317,25328,24659,133,24792,232
2021-01-22,Stanislaus,099,539301,45475,43489,4713,48202,599
2021-01-22,Sutter,101,95872,8086,7878,80,7958,80
2021-01-22,Tehama,103,63373,4135,3993,461,4454,19
2021-01-22,Trinity,105,12862,376,263,50,313,3
2021-01-22,Tulare,107,460477,44007,42307,6534,48841,573
2021-01-22,Tuolumne,109,53932,3454,3379,29,3408,29
2021-01-22,Ventura,111,848112,67641,64404,2427,66831,426
2021-01-22,Yolo,113,214977,11723,11014,145,11159,141
2021-01-22,Yuba,115,75493,4988,4789,65,4854,29
2021-01-21,Alameda,001,1643700,71910,69314,1556,70870,739
2021-01-21,Alpine,003,1148,74,71,0,71,0
2021-01-21,Amador,005,37829,3111,3038,25,3063,29
2021-01-21,Butte,007,227075,10247,9643,1453,11096,130
2021-01-21,Calaveras,009,45235,1694,1647,10,1657,21
2021-01-21,Colusa,011,21464,1708,1662,193,1855,7
2021-01-21,Contra Costa,013,1133247,56024,53595,949,54544,478
2021-01-21,Del Norte,015,27424,878,850,3,853,2
2021-01-21,El Dorado,017,186661,8345,7823,559,8382,58
2021-01-21,Fresno,019,978130,88332,84137,6847,90984,889
2021-01-21,Glenn,021,27897,2061,1964,426,2390,13
2021-01-21,Humboldt,023,135768,2633,2423,16,2439,23
2021-01-21,Imperial,025,180216,26050,25509,2398,27907,463
2021-01-21,Inyo,027,18085,1023,946,1,947,26
2021-01-21,Kern,029,883053,85162,81328,8044,89372,769
2021-01-21,Kings,031,150075,20342,19633,865,20498,158
2021-01-21,Lake,033,64148,2772,2669,0,2669,32
2021-01-21,Lassen,035,31185,4873,4763,84,4847,1
2021-01-21,Los Angeles,037,10098052,1079535,1023055,35711,1058766,14537
2021-01-21,Madera,039,155013,14288,13664,698,14362,86
2021-01-21,Marin,041,260295,11985,11732,130,11862,173
2021-01-21,Mariposa,043,17540,340,322,3,325,3
2021-01-21,Mendocino,045,87422,3145,2967,54,3021,32
2021-01-21,Merced,047,269075,25185,24426,680,25106,245
2021-01-21,Modoc,049,8938,302,284,92,376,0
2021-01-21,Mono,051,14174,1105,1104,12,1116,3
2021-01-21,Monterey,053,433212,38034,36149,1316,37465,253
2021-01-21,Napa,055,140530,8134,7774,30,7804,40
2021-01-21,Nevada,057,99092,3497,3274,140,3414,18
2021-01-21,Orange,059,3164182,226638,218867,9279,228146,2540
2021-01-21,Placer,061,380077,18744,17553,936,18489,190
2021-01-21,Plumas,063,18699,601,518,11,529,2
2021-01-21,Riverside,065,2383286,261403,251007,12635,263642,2676
2021-01-21,Sacramento,067,1510023,84848,82303,1009,83312,1084
2021-01-21,San Benito,069,59416,5233,5100,62,5162,43
2021-01-21,San Bernardino,071,2135413,268520,257754,7985,265739,1832
2021-01-21,San Diego,073,3302833,236212,219729,10865,230594,2222
2021-01-21,San Francisco,075,870044,30680,29801,742,30543,266
2021-01-21,San Joaquin,077,732212,60514,58270,2449,60719,806
2021-01-21,San Luis Obispo,079,281455,17265,16153,458,16611,169
2021-01-21,San Mateo,081,765935,35348,33156,290,33446,210
2021-01-21,Santa Barbara,083,443738,28099,25654,898,26552,253
2021-01-21,Santa Clara,085,1922200,98678,96028,442,96470,1062
2021-01-21,Santa Cruz,087,273765,13813,12548,686,13234,119
2021-01-21,Shasta,089,179085,10075,9795,1060,10855,98
2021-01-21,Sierra,091,2930,45,40,14,54,0
2021-01-21,Siskiyou,093,43540,1268,1178,191,1369,4
2021-01-21,Solano,095,438530,26894,25885,295,26180,106
2021-01-21,Sonoma,097,501317,25194,24440,131,24571,230
2021-01-21,Stanislaus,099,539301,45172,43223,4667,47890,599
2021-01-21,Sutter,101,95872,8052,7822,80,7902,80
2021-01-21,Tehama,103,63373,4100,3938,461,4399,19
2021-01-21,Trinity,105,12862,376,261,50,311,3
2021-01-21,Tulare,107,460477,43800,42082,6452,48534,569
2021-01-21,Tuolumne,109,53932,3444,3365,29,3394,29
2021-01-21,Ventura,111,848112,66949,63995,2406,66401,420
2021-01-21,Yolo,113,214977,11632,10940,137,11077,141
2021-01-21,Yuba,115,75493,4957,4757,64,4821,29
2021-01-20,Alameda,001,1643700,71426,68785,1542,70327,702
2021-01-20,Alpine,003,1148,74,71,0,71,0
2021-01-20,Amador,005,37829,3080,3036,25,3061,29
2021-01-20,Butte,007,227075,10191,9582,1443,11025,130
2021-01-20,Calaveras,009,45235,1674,1637,9,1646,21
2021-01-20,Colusa,011,21464,1692,1630,188,1818,7
2021-01-20,Contra Costa,013,1133247,55570,53108,943,54051,461
2021-01-20,Del Norte,015,27424,877,848,3,851,2
2021-01-20,El Dorado,017,186661,8299,7785,555,8340,53
2021-01-20,Fresno,019,978130,87912,83591,6794,90385,872
2021-01-20,Glenn,021,27897,2043,1955,423,2378,13
2021-01-20,Humboldt,023,135768,2590,2390,16,2406,22
2021-01-20,Imperial,025,180216,25981,25380,2360,27740,461
2021-01-20,Inyo,027,18085,1013,901,1,902,26
2021-01-20,Kern,029,883053,84712,80701,7937,88638,754
2021-01-20,Kings,031,150075,20253,19522,856,20378,146
2021-01-20,Lake,033,64148,2750,2646,0,2646,31
2021-01-20,Lassen,035,31185,4865,4758,82,4840,1
2021-01-20,Los Angeles,037,10098052,1072064,1015608,35418,1051026,14299
2021-01-20,Madera,039,155013,14224,13585,693,14278,86
2021-01-20,Marin,041,260295,11931,11684,128,11812,171
2021-01-20,Mariposa,043,17540,338,322,3,325,3
2021-01-20,Mendocino,045,87422,3130,2957,54,3011,32
2021-01-20,Merced,047,269075,25011,24220,659,24879,243
2021-01-20,Modoc,049,8938,301,282,92,374,0
2021-01-20,Mono,051,14174,1098,1105,11,1116,3
2021-01-20,Monterey,053,433212,37717,35960,1293,37253,249
2021-01-20,Napa,055,140530,8065,7731,29,7760,40
2021-01-20,Nevada,057,99092,3465,3238,140,3378,18
2021-01-20,Orange,059,3164182,225099,216893,9215,226108,2500
2021-01-20,Placer,061,380077,18639,17455,918,18373,186
2021-01-20,Plumas,063,18699,599,512,11,523,2
2021-01-20,Riverside,065,2383286,259394,248686,12550,261236,2615
2021-01-20,Sacramento,067,1510023,84286,81687,998,82685,1072
2021-01-20,San Benito,069,59416,5203,5036,61,5097,35
2021-01-20,San Bernardino,071,2135413,267162,255921,7937,263858,1801
2021-01-20,San Diego,073,3302833,234357,218553,10763,229316,2174
2021-01-20,San Francisco,075,870044,30488,29665,722,30387,262
2021-01-20,San Joaquin,077,732212,60111,58025,2440,60465,783
2021-01-20,San Luis Obispo,079,281455,17084,15936,449,16385,164
2021-01-20,San Mateo,081,765935,35122,32929,289,33218,210
2021-01-20,Santa Barbara,083,443738,27784,25312,886,26198,248
2021-01-20,Santa Clara,085,1922200,98000,94995,440,95435,1040
2021-01-20,Santa Cruz,087,273765,13706,12460,673,13133,107
2021-01-20,Shasta,089,179085,10024,9697,1049,10746,98
2021-01-20,Sierra,091,2930,45,40,14,54,0
2021-01-20,Siskiyou,093,43540,1262,1163,190,1353,4
2021-01-20,Solano,095,438530,26700,25659,291,25950,106
2021-01-20,Sonoma,097,501317,25059,24262,129,24391,223
2021-01-20,Stanislaus,099,539301,44884,42955,4620,47575,585
2021-01-20,Sutter,101,95872,8000,7772,78,7850,80
2021-01-20,Tehama,103,63373,4075,3892,460,4352,19
2021-01-20,Trinity,105,12862,376,260,50,310,3
2021-01-20,Tulare,107,460477,43548,41799,6353,48152,559
2021-01-20,Tuolumne,109,53932,3430,3355,28,3383,29
2021-01-20,Ventura,111,848112,65992,63413,2378,65791,395
2021-01-20,Yolo,113,214977,11561,10852,134,10986,141
2021-01-20,Yuba,115,75493,4930,4729,64,4793,29
2021-01-19,Alameda,001,1643700,70768,68434,1532,69966,680
2021-01-19,Alpine,003,1148,74,71,0,71,0
2021-01-19,Amador,005,37829,3071,3024,25,3049,28
2021-01-19,Butte,007,227075,10125,9528,1429,10957,129
2021-01-19,Calaveras,009,45235,1658,1621,8,1629,21
2021-01-19,Colusa,011,21464,1670,1617,180,1797,7
2021-01-19,Contra Costa,013,1133247,55074,52730,930,53660,448
2021-01-19,Del Norte,015,27424,875,843,3,846,2
2021-01-19,El Dorado,017,186661,8239,7743,547,8290,47
2021-01-19,Fresno,019,978130,87392,83200,6741,89941,857
2021-01-19,Glenn,021,27897,2032,1948,417,2365,13
2021-01-19,Humboldt,023,135768,2566,2359,13,2372,22
2021-01-19,Imperial,025,180216,25901,25333,2341,27674,452
2021-01-19,Inyo,027,18085,1006,891,1,892,26
2021-01-19,Kern,029,883053,84126,80272,7830,88102,742
2021-01-19,Kings,031,150075,20114,19375,844,20219,143
2021-01-19,Lake,033,64148,2735,2625,0,2625,31
2021-01-19,Lassen,035,31185,4858,4753,82,4835,1
2021-01-19,Los Angeles,037,10098052,1063407,1010375,35142,1045517,14014
2021-01-19,Madera,039,155013,14106,13528,686,14214,86
2021-01-19,Marin,041,260295,11873,11654,124,11778,169
2021-01-19,Mariposa,043,17540,338,322,3,325,3
2021-01-19,Mendocino,045,87422,3113,2930,54,2984,32
2021-01-19,Merced,047,269075,24797,24108,653,24761,242
2021-01-19,Modoc,049,8938,300,281,92,373,0
2021-01-19,Mono,051,14174,1097,1106,11,1117,3
2021-01-19,Monterey,053,433212,37396,35840,1270,37110,248
2021-01-19,Napa,055,140530,8006,7672,29,7701,38
2021-01-19,Nevada,057,99092,3447,3216,138,3354,18
2021-01-19,Orange,059,3164182,223361,215244,9146,224390,2468
2021-01-19,Placer,061,380077,18536,17348,908,18256,182
2021-01-19,Plumas,063,18699,592,509,11,520,2
2021-01-19,Riverside,065,2383286,257339,246248,12472,258720,2585
2021-01-19,Sacramento,067,1510023,83748,81183,978,82161,1053
2021-01-19,San Benito,069,59416,5157,4988,60,5048,35
2021-01-19,San Bernardino,071,2135413,265418,253651,7877,261528,1777
2021-01-19,San Diego,073,3302833,231937,216833,10666,227499,2109
2021-01-19,San Francisco,075,870044,30269,29502,689,30191,261
2021-01-19,San Joaquin,077,732212,59730,57655,2426,60081,782
2021-01-19,San Luis Obispo,079,281455,16821,15855,446,16301,161
2021-01-19,San Mateo,081,765935,34837,32730,278,33008,208
2021-01-19,Santa Barbara,083,443738,27401,24991,870,25861,236
2021-01-19,Santa Clara,085,1922200,97221,94483,438,94921,1010
2021-01-19,Santa Cruz,087,273765,13590,12410,663,13073,106
2021-01-19,Shasta,089,179085,9988,9614,1039,10653,93
2021-01-19,Sierra,091,2930,45,40,12,52,0
2021-01-19,Siskiyou,093,43540,1254,1149,189,1338,4
2021-01-19,Solano,095,438530,26454,25520,291,25811,106
2021-01-19,Sonoma,097,501317,24880,24133,127,24260,223
2021-01-19,Stanislaus,099,539301,44534,42723,4562,47285,561
2021-01-19,Sutter,101,95872,7949,7709,72,7781,80
2021-01-19,Tehama,103,63373,4040,3876,458,4334,19
2021-01-19,Trinity,105,12862,375,260,50,310,3
2021-01-19,Tulare,107,460477,43271,41559,6252,47811,549
2021-01-19,Tuolumne,109,53932,3403,3328,28,3356,29
2021-01-19,Ventura,111,848112,65315,62656,2351,65007,383
2021-01-19,Yolo,113,214977,11478,10789,134,10923,134
2021-01-19,Yuba,115,75493,4896,4695,63,4758,29
2021-01-18,Alameda,001,1643700,70126,67938,1514,69452,680
2021-01-18,Alpine,003,1148,74,71,0,71,0
2021-01-18,Amador,005,37829,3057,3016,25,3041,28
2021-01-18,Butte,007,227075,10038,9474,1416,10890,129
2021-01-18,Calaveras,009,45235,1636,1617,7,1624,21
2021-01-18,Colusa,011,21464,1653,1608,175,1783,7
2021-01-18,Contra Costa,013,1133247,54558,52323,922,53245,448
2021-01-18,Del Norte,015,27424,874,840,3,843,2
2021-01-18,El Dorado,017,186661,8171,7707,545,8252,47
2021-01-18,Fresno,019,978130,86782,82485,6673,89158,857
2021-01-18,Glenn,021,27897,2015,1935,413,2348,13
2021-01-18,Humboldt,023,135768,2528,2343,13,2356,22
2021-01-18,Imperial,025,180216,25832,25317,2315,27632,452
2021-01-18,Inyo,027,18085,994,872,1,873,26
2021-01-18,Kern,029,883053,83486,79930,7737,87667,740
2021-01-18,Kings,031,150075,19945,19267,831,20098,141
2021-01-18,Lake,033,64148,2718,2591,0,2591,30
2021-01-18,Lassen,035,31185,4822,4749,81,4830,1
2021-01-18,Los Angeles,037,10098052,1053930,1002614,34845,1037459,13828
2021-01-18,Madera,039,155013,13993,13443,678,14121,85
2021-01-18,Marin,041,260295,11825,11607,122,11729,165
2021-01-18,Mariposa,043,17540,335,320,2,322,3
2021-01-18,Mendocino,045,87422,3090,2919,54,2973,31
2021-01-18,Merced,047,269075,24553,23927,636,24563,242
2021-01-18,Modoc,049,8938,297,281,89,370,0
2021-01-18,Mono,051,14174,1094,1101,11,1112,3
2021-01-18,Monterey,053,433212,36943,35549,1252,36801,247
2021-01-18,Napa,055,140530,7932,7601,29,7630,38
2021-01-18,Nevada,057,99092,3409,3199,137,3336,17
2021-01-18,Orange,059,3164182,221454,213866,9089,222955,2405
2021-01-18,Placer,061,380077,18416,17263,898,18161,182
2021-01-18,Plumas,063,18699,588,506,11,517,2
2021-01-18,Riverside,065,2383286,255063,244151,12381,256532,2568
2021-01-18,Sacramento,067,1510023,83067,80546,962,81508,1046
2021-01-18,San Benito,069,59416,5106,4963,58,5021,35
2021-01-18,San Bernardino,071,2135413,263642,252808,7818,260626,1775
2021-01-18,San Diego,073,3302833,229293,214335,10537,224872,2103
2021-01-18,San Francisco,075,870044,30063,29321,665,29986,259
2021-01-18,San Joaquin,077,732212,59212,57405,2404,59809,782
2021-01-18,San Luis Obispo,079,281455,16634,15742,436,16178,158
2021-01-18,San Mateo,081,765935,34522,32515,259,32774,208
2021-01-18,Santa Barbara,083,443738,27029,24638,856,25494,235
2021-01-18,Santa Clara,085,1922200,96326,93688,434,94122,992
2021-01-18,Santa Cruz,087,273765,13457,12298,650,12948,106
2021-01-18,Shasta,089,179085,9951,9600,1027,10627,92
2021-01-18,Sierra,091,2930,44,40,12,52,0
2021-01-18,Siskiyou,093,43540,1242,1144,187,1331,4
2021-01-18,Solano,095,438530,26175,25344,286,25630,105
2021-01-18,Sonoma,097,501317,24610,24068,126,24194,223
2021-01-18,Stanislaus,099,539301,44177,42413,4512,46925,562
2021-01-18,Sutter,101,95872,7893,7680,69,7749,78
2021-01-18,Tehama,103,63373,3996,3854,451,4305,19
2021-01-18,Trinity,105,12862,375,260,50,310,3
2021-01-18,Tulare,107,460477,42984,41196,6135,47331,549
2021-01-18,Tuolumne,109,53932,3380,3318,27,3345,28
2021-01-18,Ventura,111,848112,64885,61859,2328,64187,379
2021-01-18,Yolo,113,214977,11347,10620,131,10751,134
2021-01-18,Yuba,115,75493,4868,4671,61,4732,29
2021-01-17,Alameda,001,1643700,69549,67375,1495,68870,676
2021-01-17,Alpine,003,1148,74,71,0,71,0
2021-01-17,Amador,005,37829,3050,3001,25,3026,28
2021-01-17,Butte,007,227075,9966,9411,1394,10805,129
2021-01-17,Calaveras,009,45235,1623,1608,7,1615,21
2021-01-17,Colusa,011,21464,1639,1588,169,1757,7
2021-01-17,Contra Costa,013,1133247,54069,51932,915,52847,447
2021-01-17,Del Norte,015,27424,874,838,3,841,2
2021-01-17,El Dorado,017,186661,8115,7659,533,8192,47
2021-01-17,Fresno,019,978130,86232,82039,6595,88634,857
2021-01-17,Glenn,021,27897,2004,1924,408,2332,9
2021-01-17,Humboldt,023,135768,2490,2322,11,2333,22
2021-01-17,Imperial,025,180216,25761,25253,2271,27524,451
2021-01-17,Inyo,027,18085,988,864,1,865,26
2021-01-17,Kern,029,883053,82938,79489,7651,87140,738
2021-01-17,Kings,031,150075,19809,19201,817,20018,131
2021-01-17,Lake,033,64148,2702,2572,0,2572,30
2021-01-17,Lassen,035,31185,4814,4740,80,4820,1
2021-01-17,Los Angeles,037,10098052,1047311,993028,34430,1027458,13741
2021-01-17,Madera,039,155013,13901,13328,672,14000,85
2021-01-17,Marin,041,260295,11771,11552,120,11672,164
2021-01-17,Mariposa,043,17540,335,319,2,321,3
2021-01-17,Mendocino,045,87422,3062,2912,53,2965,31
2021-01-17,Merced,047,269075,24338,23800,619,24419,242
2021-01-17,Modoc,049,8938,296,279,89,368,0
2021-01-17,Mono,051,14174,1088,1091,10,1101,3
2021-01-17,Monterey,053,433212,36707,35340,1227,36567,244
2021-01-17,Napa,055,140530,7876,7521,29,7550,38
2021-01-17,Nevada,057,99092,3384,3176,135,3311,17
2021-01-17,Orange,059,3164182,219452,212389,9012,221401,2359
2021-01-17,Placer,061,380077,18301,17194,882,18076,181
2021-01-17,Plumas,063,18699,587,505,10,515,2
2021-01-17,Riverside,065,2383286,252967,242206,12260,254466,2534
2021-01-17,Sacramento,067,1510023,82462,80154,949,81103,1045
2021-01-17,San Benito,069,59416,5068,4941,58,4999,35
2021-01-17,San Bernardino,071,2135413,261515,251487,7728,259215,1775
2021-01-17,San Diego,073,3302833,227099,211785,10430,222215,2103
2021-01-17,San Francisco,075,870044,29878,29139,626,29765,255
2021-01-17,San Joaquin,077,732212,58851,57094,2389,59483,780
2021-01-17,San Luis Obispo,079,281455,16512,15658,427,16085,157
2021-01-17,San Mateo,081,765935,34269,32186,235,32421,208
2021-01-17,Santa Barbara,083,443738,26582,24401,840,25241,235
2021-01-17,Santa Clara,085,1922200,95577,92752,431,93183,976
2021-01-17,Santa Cruz,087,273765,13345,12196,647,12843,106
2021-01-17,Shasta,089,179085,9893,9588,1019,10607,92
2021-01-17,Sierra,091,2930,44,38,11,49,0
2021-01-17,Siskiyou,093,43540,1235,1136,184,1320,4
2021-01-17,Solano,095,438530,25945,25216,284,25500,105
2021-01-17,Sonoma,097,501317,24440,23871,126,23997,223
2021-01-17,Stanislaus,099,539301,43861,42221,4451,46672,562
2021-01-17,Sutter,101,95872,7829,7604,67,7671,77
2021-01-17,Tehama,103,63373,3966,3837,446,4283,18
2021-01-17,Trinity,105,12862,375,261,50,311,3
2021-01-17,Tulare,107,460477,42700,41016,6007,47023,549
2021-01-17,Tuolumne,109,53932,3363,3287,27,3314,27
2021-01-17,Ventura,111,848112,64041,61257,2281,63538,376
2021-01-17,Yolo,113,214977,11248,10519,130,10649,134
2021-01-17,Yuba,115,75493,4818,4640,59,4699,28
2021-01-16,Alameda,001,1643700,69225,66583,1481,68064,673
2021-01-16,Alpine,003,1148,74,71,0,71,0
2021-01-16,Amador,005,37829,3047,2986,25,3011,28
2021-01-16,Butte,007,227075,9936,9359,1374,10733,129
2021-01-16,Calaveras,009,45235,1609,1596,7,1603,21
2021-01-16,Colusa,011,21464,1627,1578,169,1747,7
2021-01-16,Contra Costa,013,1133247,53807,51363,906,52269,443
2021-01-16,Del Norte,015,27424,869,833,3,836,2
2021-01-16,El Dorado,017,186661,8093,7575,532,8107,47
2021-01-16,Fresno,019,978130,85961,81294,6542,87836,846
2021-01-16,Glenn,021,27897,2000,1894,404,2298,9
2021-01-16,Humboldt,023,135768,2470,2294,9,2303,22
2021-01-16,Imperial,025,180216,25728,25140,2263,27403,451
2021-01-16,Inyo,027,18085,984,845,1,846,25
2021-01-16,Kern,029,883053,82573,78865,7597,86462,733
2021-01-16,Kings,031,150075,19753,19072,814,19886,131
2021-01-16,Lake,033,64148,2692,2504,0,2504,30
2021-01-16,Lassen,035,31185,4804,4719,80,4799,1
2021-01-16,Los Angeles,037,10098052,1043242,982684,34185,1016869,13654
2021-01-16,Madera,039,155013,13835,13193,668,13861,85
2021-01-16,Marin,041,260295,11729,11482,120,11602,164
2021-01-16,Mariposa,043,17540,334,317,2,319,3
2021-01-16,Mendocino,045,87422,3048,2890,51,2941,31
2021-01-16,Merced,047,269075,24251,23478,605,24083,242
2021-01-16,Modoc,049,8938,296,278,89,367,0
2021-01-16,Mono,051,14174,1087,1079,10,1089,3
2021-01-16,Monterey,053,433212,36600,34972,1208,36180,243
2021-01-16,Napa,055,140530,7837,7356,29,7385,39
2021-01-16,Nevada,057,99092,3351,3144,135,3279,17
2021-01-16,Orange,059,3164182,218415,210111,8955,219066,2312
2021-01-16,Placer,061,380077,18241,16995,880,17875,177
2021-01-16,Plumas,063,18699,585,502,10,512,2
2021-01-16,Riverside,065,2383286,251615,239412,12139,251551,2506
2021-01-16,Sacramento,067,1510023,82085,79122,931,80053,1033
2021-01-16,San Benito,069,59416,5035,4875,58,4933,35
2021-01-16,San Bernardino,071,2135413,260736,249401,7662,257063,1755
2021-01-16,San Diego,073,3302833,225804,209895,10335,220230,2065
2021-01-16,San Francisco,075,870044,29751,28853,594,29447,244
2021-01-16,San Joaquin,077,732212,58608,56642,2356,58998,776
2021-01-16,San Luis Obispo,079,281455,16412,15466,425,15891,152
2021-01-16,San Mateo,081,765935,34104,31805,229,32034,208
2021-01-16,Santa Barbara,083,443738,26387,24088,832,24920,229
2021-01-16,Santa Clara,085,1922200,95110,91584,424,92008,954
2021-01-16,Santa Cruz,087,273765,13286,12026,645,12671,106
2021-01-16,Shasta,089,179085,9860,9547,1015,10562,92
2021-01-16,Sierra,091,2930,43,38,11,49,0
2021-01-16,Siskiyou,093,43540,1230,1124,184,1308,4
2021-01-16,Solano,095,438530,25837,24732,277,25009,103
2021-01-16,Sonoma,097,501317,24353,23607,125,23732,223
2021-01-16,Stanislaus,099,539301,43672,41809,4400,46209,562
2021-01-16,Sutter,101,95872,7797,7560,67,7627,76
2021-01-16,Tehama,103,63373,3952,3783,446,4229,18
2021-01-16,Trinity,105,12862,375,261,50,311,3
2021-01-16,Tulare,107,460477,42520,40655,5932,46587,542
2021-01-16,Tuolumne,109,53932,3356,3269,27,3296,27
2021-01-16,Ventura,111,848112,63489,60368,2251,62619,369
2021-01-16,Yolo,113,214977,11199,10406,129,10535,134
2021-01-16,Yuba,115,75493,4787,4602,59,4661,27
2021-01-15,Alameda,001,1643700,68784,65416,1471,66887,672
2021-01-15,Alpine,003,1148,74,71,0,71,0
2021-01-15,Amador,005,37829,3040,2953,25,2978,28
2021-01-15,Butte,007,227075,9898,9233,1356,10589,129
2021-01-15,Calaveras,009,45235,1602,1538,7,1545,21
2021-01-15,Colusa,011,21464,1616,1541,165,1706,7
2021-01-15,Contra Costa,013,1133247,53478,50408,899,51307,428
2021-01-15,Del Norte,015,27424,865,828,2,830,2
2021-01-15,El Dorado,017,186661,8044,7439,523,7962,47
2021-01-15,Fresno,019,978130,85423,79950,6508,86458,832
2021-01-15,Glenn,021,27897,1995,1824,402,2226,9
2021-01-15,Humboldt,023,135768,2443,2218,8,2226,22
2021-01-15,Imperial,025,180216,25694,24944,2257,27201,446
2021-01-15,Inyo,027,18085,966,814,1,815,25
2021-01-15,Kern,029,883053,82161,77873,7534,85407,719
2021-01-15,Kings,031,150075,19646,18661,806,19467,131
2021-01-15,Lake,033,64148,2666,2434,0,2434,28
2021-01-15,Lassen,035,31185,4793,4693,78,4771,1
2021-01-15,Los Angeles,037,10098052,1036213,968979,33887,1002866,13404
2021-01-15,Madera,039,155013,13749,12883,665,13548,85
2021-01-15,Marin,041,260295,11679,11310,120,11430,160
2021-01-15,Mariposa,043,17540,332,307,2,309,3
2021-01-15,Mendocino,045,87422,3037,2835,51,2886,31
2021-01-15,Merced,047,269075,24138,23060,601,23661,239
2021-01-15,Modoc,049,8938,296,278,87,365,0
2021-01-15,Mono,051,14174,1084,1057,10,1067,3
2021-01-15,Monterey,053,433212,36391,34460,1148,35608,243
2021-01-15,Napa,055,140530,7775,7231,29,7260,38
2021-01-15,Nevada,057,99092,3338,3099,131,3230,17
2021-01-15,Orange,059,3164182,217058,207129,8903,216032,2254
2021-01-15,Placer,061,380077,18140,16712,871,17583,173
2021-01-15,Plumas,063,18699,582,499,10,509,2
2021-01-15,Riverside,065,2383286,249778,235235,12060,247295,2458
2021-01-15,Sacramento,067,1510023,81668,80279,923,81202,1023
2021-01-15,San Benito,069,59416,4992,4766,56,4822,35
2021-01-15,San Bernardino,071,2135413,259578,246182,7603,253785,1726
2021-01-15,San Diego,073,3302833,224055,206868,10270,217138,2037
2021-01-15,San Francisco,075,870044,29578,28574,572,29146,242
2021-01-15,San Joaquin,077,732212,58375,55885,2341,58226,748
2021-01-15,San Luis Obispo,079,281455,16279,15129,420,15549,148
2021-01-15,San Mateo,081,765935,33859,31291,225,31516,208
2021-01-15,Santa Barbara,083,443738,26111,23487,821,24308,226
2021-01-15,Santa Clara,085,1922200,94460,90103,419,90522,942
2021-01-15,Santa Cruz,087,273765,13178,11776,630,12406,105
2021-01-15,Shasta,089,179085,9821,9459,1007,10466,91
2021-01-15,Sierra,091,2930,42,36,10,46,0
2021-01-15,Siskiyou,093,43540,1226,1119,183,1302,4
2021-01-15,Solano,095,438530,25688,24222,274,24496,103
2021-01-15,Sonoma,097,501317,24222,23204,124,23328,222
2021-01-15,Stanislaus,099,539301,43430,41178,4363,45541,562
2021-01-15,Sutter,101,95872,7750,7484,66,7550,75
2021-01-15,Tehama,103,63373,3931,3714,445,4159,17
2021-01-15,Trinity,105,12862,375,262,50,312,3
2021-01-15,Tulare,107,460477,42276,39951,5847,45798,535
2021-01-15,Tuolumne,109,53932,3340,3231,27,3258,27
2021-01-15,Ventura,111,848112,62745,59061,2217,61278,353
2021-01-15,Yolo,113,214977,11143,10240,128,10368,134
2021-01-15,Yuba,115,75493,4766,4549,59,4608,27
2021-01-14,Alameda,001,1643700,68132,64364,1456,65820,686
2021-01-14,Alpine,003,1148,74,71,0,71,0
2021-01-14,Amador,005,37829,3034,2940,25,2965,28
2021-01-14,Butte,007,227075,9814,9127,1334,10461,129
2021-01-14,Calaveras,009,45235,1585,1513,7,1520,21
2021-01-14,Colusa,011,21464,1601,1535,162,1697,7
2021-01-14,Contra Costa,013,1133247,52923,49545,884,50429,415
2021-01-14,Del Norte,015,27424,859,821,2,823,2
2021-01-14,El Dorado,017,186661,7970,7321,515,7836,45
2021-01-14,Fresno,019,978130,84789,79033,6433,85466,814
2021-01-14,Glenn,021,27897,1982,1798,397,2195,9
2021-01-14,Humboldt,023,135768,2400,2169,8,2177,22
2021-01-14,Imperial,025,180216,25584,24882,2220,27102,447
2021-01-14,Inyo,027,18085,959,790,1,791,25
2021-01-14,Kern,029,883053,81495,77070,7431,84501,705
2021-01-14,Kings,031,150075,19516,18405,802,19207,108
2021-01-14,Lake,033,64148,2623,2378,0,2378,27
2021-01-14,Lassen,035,31185,4783,4673,76,4749,1
2021-01-14,Los Angeles,037,10098052,1026226,954652,33497,988149,13147
2021-01-14,Madera,039,155013,13634,12742,654,13396,85
2021-01-14,Marin,041,260295,11605,11155,119,11274,159
2021-01-14,Mariposa,043,17540,329,302,2,304,3
2021-01-14,Mendocino,045,87422,3023,2801,49,2850,31
2021-01-14,Merced,047,269075,23909,22780,592,23372,239
2021-01-14,Modoc,049,8938,296,273,87,360,0
2021-01-14,Mono,051,14174,1076,1020,10,1030,3
2021-01-14,Monterey,053,433212,35976,34105,1128,35233,242
2021-01-14,Napa,055,140530,7690,7117,29,7146,38
2021-01-14,Nevada,057,99092,3311,3075,129,3204,17
2021-01-14,Orange,059,3164182,215131,204442,8815,213257,2162
2021-01-14,Placer,061,380077,17982,16488,863,17351,169
2021-01-14,Plumas,063,18699,574,496,10,506,2
2021-01-14,Riverside,065,2383286,247161,231684,11960,243644,2357
2021-01-14,Sacramento,067,1510023,81031,79137,898,80035,1007
2021-01-14,San Benito,069,59416,4958,4678,55,4733,35
2021-01-14,San Bernardino,071,2135413,257616,243379,7528,250907,1750
2021-01-14,San Diego,073,3302833,221660,204173,10150,214323,2005
2021-01-14,San Francisco,075,870044,29336,28200,519,28719,238
2021-01-14,San Joaquin,077,732212,57861,55058,2327,57385,739
2021-01-14,San Luis Obispo,079,281455,16120,14851,410,15261,146
2021-01-14,San Mateo,081,765935,33491,30694,216,30910,208
2021-01-14,Santa Barbara,083,443738,25704,23126,794,23920,219
2021-01-14,Santa Clara,085,1922200,93567,88505,412,88917,910
2021-01-14,Santa Cruz,087,273765,13031,11583,614,12197,109
2021-01-14,Shasta,089,179085,9772,9334,990,10324,90
2021-01-14,Sierra,091,2930,42,35,9,44,0
2021-01-14,Siskiyou,093,43540,1215,1108,180,1288,3
2021-01-14,Solano,095,438530,25427,23782,270,24052,103
2021-01-14,Sonoma,097,501317,23979,22910,124,23034,202
2021-01-14,Stanislaus,099,539301,43106,40597,4321,44918,574
2021-01-14,Sutter,101,95872,7691,7416,63,7479,74
2021-01-14,Tehama,103,63373,3902,3664,441,4105,17
2021-01-14,Trinity,105,12862,375,261,49,310,3
2021-01-14,Tulare,107,460477,41897,39565,5734,45299,533
2021-01-14,Tuolumne,109,53932,3319,3215,27,3242,28
2021-01-14,Ventura,111,848112,61873,57941,2179,60120,347
2021-01-14,Yolo,113,214977,11033,10097,122,10219,135
2021-01-14,Yuba,115,75493,4734,4496,59,4555,27
2021-01-13,Alameda,001,1643700,67379,63568,1438,65006,690
2021-01-13,Alpine,003,1148,74,71,0,71,0
2021-01-13,Amador,005,37829,3020,2914,25,2939,26
2021-01-13,Butte,007,227075,9735,9013,1319,10332,126
2021-01-13,Calaveras,009,45235,1563,1493,7,1500,21
2021-01-13,Colusa,011,21464,1589,1524,157,1681,7
2021-01-13,Contra Costa,013,1133247,52343,48877,870,49747,403
2021-01-13,Del Norte,015,27424,855,820,2,822,2
2021-01-13,El Dorado,017,186661,7877,7247,507,7754,43
2021-01-13,Fresno,019,978130,84078,78278,6381,84659,804
2021-01-13,Glenn,021,27897,1967,1792,389,2181,9
2021-01-13,Humboldt,023,135768,2368,2114,8,2122,22
2021-01-13,Imperial,025,180216,25460,24717,2187,26904,463
2021-01-13,Inyo,027,18085,947,785,1,786,25
2021-01-13,Kern,029,883053,80834,76049,7340,83389,704
2021-01-13,Kings,031,150075,19350,18121,776,18897,108
2021-01-13,Lake,033,64148,2578,2305,0,2305,27
2021-01-13,Lassen,035,31185,4776,4663,75,4738,1
2021-01-13,Los Angeles,037,10098052,1015464,937985,33080,971065,12873
2021-01-13,Madera,039,155013,13509,12570,648,13218,85
2021-01-13,Marin,041,260295,11548,11039,119,11158,161
2021-01-13,Mariposa,043,17540,327,304,2,306,3
2021-01-13,Mendocino,045,87422,3003,2790,49,2839,31
2021-01-13,Merced,047,269075,23669,22497,577,23074,241
2021-01-13,Modoc,049,8938,295,274,84,358,0
2021-01-13,Mono,051,14174,1072,1017,10,1027,3
2021-01-13,Monterey,053,433212,35558,33748,1103,34851,241
2021-01-13,Napa,055,140530,7576,7028,29,7057,36
2021-01-13,Nevada,057,99092,3288,3037,125,3162,17
2021-01-13,Orange,059,3164182,213043,201158,8746,209904,2172
2021-01-13,Placer,061,380077,17855,16272,848,17120,172
2021-01-13,Plumas,063,18699,572,490,10,500,2
2021-01-13,Riverside,065,2383286,244043,228192,11836,240028,2278
2021-01-13,Sacramento,067,1510023,80371,78268,891,79159,996
2021-01-13,San Benito,069,59416,4903,4583,54,4637,35
2021-01-13,San Bernardino,071,2135413,255240,240191,7454,247645,1759
2021-01-13,San Diego,073,3302833,219046,201578,10048,211626,1952
2021-01-13,San Francisco,075,870044,29095,27863,495,28358,238
2021-01-13,San Joaquin,077,732212,57235,54373,2296,56669,738
2021-01-13,San Luis Obispo,079,281455,15967,14625,399,15024,140
2021-01-13,San Mateo,081,765935,33150,30195,214,30409,207
2021-01-13,Santa Barbara,083,443738,25272,22714,768,23482,216
2021-01-13,Santa Clara,085,1922200,92596,87187,409,87596,911
2021-01-13,Santa Cruz,087,273765,12858,11423,600,12023,110
2021-01-13,Shasta,089,179085,9708,9180,975,10155,93
2021-01-13,Sierra,091,2930,42,33,9,42,0
2021-01-13,Siskiyou,093,43540,1209,1102,176,1278,3
2021-01-13,Solano,095,438530,25143,23503,269,23772,105
2021-01-13,Sonoma,097,501317,23729,22610,123,22733,206
2021-01-13,Stanislaus,099,539301,42706,40167,4265,44432,574
2021-01-13,Sutter,101,95872,7645,7350,62,7412,73
2021-01-13,Tehama,103,63373,3852,3589,436,4025,17
2021-01-13,Trinity,105,12862,375,260,49,309,3
2021-01-13,Tulare,107,460477,41490,39129,5629,44758,522
2021-01-13,Tuolumne,109,53932,3305,3196,27,3223,28
2021-01-13,Ventura,111,848112,60859,56453,2140,58593,338
2021-01-13,Yolo,113,214977,10932,9933,118,10051,135
2021-01-13,Yuba,115,75493,4692,4448,56,4504,27
2021-01-12,Alameda,001,1643700,66561,62642,1418,64060,677
2021-01-12,Alpine,003,1148,74,71,0,71,0
2021-01-12,Amador,005,37829,3003,2897,25,2922,26
2021-01-12,Butte,007,227075,9649,8883,1301,10184,124
2021-01-12,Calaveras,009,45235,1526,1475,7,1482,21
2021-01-12,Colusa,011,21464,1577,1510,153,1663,7
2021-01-12,Contra Costa,013,1133247,51696,48242,854,49096,399
2021-01-12,Del Norte,015,27424,850,816,2,818,2
2021-01-12,El Dorado,017,186661,7794,7156,496,7652,41
2021-01-12,Fresno,019,978130,83209,77651,6311,83962,796
2021-01-12,Glenn,021,27897,1939,1781,383,2164,9
2021-01-12,Humboldt,023,135768,2314,2077,7,2084,22
2021-01-12,Imperial,025,180216,25372,24566,2144,26710,457
2021-01-12,Inyo,027,18085,930,773,1,774,25
2021-01-12,Kern,029,883053,80131,75320,7239,82559,689
2021-01-12,Kings,031,150075,19140,18072,764,18836,108
2021-01-12,Lake,033,64148,2531,2260,0,2260,27
2021-01-12,Lassen,035,31185,4754,4659,73,4732,1
2021-01-12,Los Angeles,037,10098052,1003840,926295,32659,958954,12610
2021-01-12,Madera,039,155013,13369,12485,640,13125,85
2021-01-12,Marin,041,260295,11439,10960,119,11079,157
2021-01-12,Mariposa,043,17540,325,302,2,304,3
2021-01-12,Mendocino,045,87422,2983,2762,45,2807,31
2021-01-12,Merced,047,269075,23419,22172,554,22726,239
2021-01-12,Modoc,049,8938,293,274,84,358,0
2021-01-12,Mono,051,14174,1063,1008,10,1018,3
2021-01-12,Monterey,053,433212,35059,33381,1082,34463,240
2021-01-12,Napa,055,140530,7493,6936,29,6965,36
2021-01-12,Nevada,057,99092,3260,3014,123,3137,17
2021-01-12,Orange,059,3164182,210745,198260,8659,206919,2142
2021-01-12,Placer,061,380077,17676,16087,842,16929,163
2021-01-12,Plumas,063,18699,566,483,10,493,2
2021-01-12,Riverside,065,2383286,240930,225580,11694,237274,2266
2021-01-12,Sacramento,067,1510023,79632,77201,882,78083,985
2021-01-12,San Benito,069,59416,4836,4515,54,4569,35
2021-01-12,San Bernardino,071,2135413,252670,237008,7381,244389,1739
2021-01-12,San Diego,073,3302833,216134,198317,9931,208248,1898
2021-01-12,San Francisco,075,870044,28817,27531,462,27993,238
2021-01-12,San Joaquin,077,732212,56591,53630,2267,55897,725
2021-01-12,San Luis Obispo,079,281455,15720,14367,391,14758,132
2021-01-12,San Mateo,081,765935,32759,29747,202,29949,206
2021-01-12,Santa Barbara,083,443738,24863,22182,740,22922,209
2021-01-12,Santa Clara,085,1922200,91523,86075,400,86475,904
2021-01-12,Santa Cruz,087,273765,12644,11267,583,11850,110
2021-01-12,Shasta,089,179085,9635,9086,962,10048,84
2021-01-12,Sierra,091,2930,40,33,8,41,0
2021-01-12,Siskiyou,093,43540,1199,1091,170,1261,3
2021-01-12,Solano,095,438530,24840,23160,264,23424,102
2021-01-12,Sonoma,097,501317,23423,22403,123,22526,205
2021-01-12,Stanislaus,099,539301,42257,39615,4229,43844,571
2021-01-12,Sutter,101,95872,7582,7276,61,7337,73
2021-01-12,Tehama,103,63373,3816,3567,432,3999,17
2021-01-12,Trinity,105,12862,375,258,49,307,3
2021-01-12,Tulare,107,460477,41033,38797,5510,44307,509
2021-01-12,Tuolumne,109,53932,3271,3178,27,3205,28
2021-01-12,Ventura,111,848112,59887,55342,2107,57449,324
2021-01-12,Yolo,113,214977,10798,9857,107,9964,133
2021-01-12,Yuba,115,75493,4651,4389,56,4445,27
2021-01-11,Alameda,001,1643700,65701,61949,1401,63350,652
2021-01-11,Alpine,003,1148,74,70,0,70,0
2021-01-11,Amador,005,37829,2989,2867,25,2892,24
2021-01-11,Butte,007,227075,9535,8757,1283,10040,119
2021-01-11,Calaveras,009,45235,1508,1460,7,1467,21
2021-01-11,Colusa,011,21464,1559,1494,149,1643,7
2021-01-11,Contra Costa,013,1133247,51020,47728,844,48572,398
2021-01-11,Del Norte,015,27424,846,810,2,812,2
2021-01-11,El Dorado,017,186661,7700,6987,488,7475,36
2021-01-11,Fresno,019,978130,82331,76581,6233,82814,775
2021-01-11,Glenn,021,27897,1910,1763,374,2137,9
2021-01-11,Humboldt,023,135768,2275,2069,7,2076,22
2021-01-11,Imperial,025,180216,25257,24418,2109,26527,453
2021-01-11,Inyo,027,18085,912,763,1,764,25
2021-01-11,Kern,029,883053,79277,74489,7136,81625,682
2021-01-11,Kings,031,150075,18877,17909,756,18665,108
2021-01-11,Lake,033,64148,2479,2205,0,2205,26
2021-01-11,Lassen,035,31185,4731,4647,72,4719,1
2021-01-11,Los Angeles,037,10098052,990661,914434,32175,946609,12304
2021-01-11,Madera,039,155013,13239,12366,629,12995,85
2021-01-11,Marin,041,260295,11343,10814,116,10930,156
2021-01-11,Mariposa,043,17540,318,296,2,298,3
2021-01-11,Mendocino,045,87422,2956,2728,45,2773,31
2021-01-11,Merced,047,269075,23096,21884,540,22424,238
2021-01-11,Modoc,049,8938,292,271,83,354,0
2021-01-11,Mono,051,14174,1057,1006,10,1016,3
2021-01-11,Monterey,053,433212,34521,32858,1017,33875,239
2021-01-11,Napa,055,140530,7391,6822,29,6851,36
2021-01-11,Nevada,057,99092,3233,2980,123,3103,17
2021-01-11,Orange,059,3164182,208164,196340,8557,204897,2113
2021-01-11,Placer,061,380077,17493,15919,830,16749,163
2021-01-11,Plumas,063,18699,562,477,10,487,2
2021-01-11,Riverside,065,2383286,237440,222907,11539,234446,2222
2021-01-11,Sacramento,067,1510023,78704,76009,866,76875,974
2021-01-11,San Benito,069,59416,4759,4482,47,4529,34
2021-01-11,San Bernardino,071,2135413,249834,235543,7280,242823,1739
2021-01-11,San Diego,073,3302833,212863,194793,9773,204566,1857
2021-01-11,San Francisco,075,870044,28544,27264,439,27703,238
2021-01-11,San Joaquin,077,732212,55980,53002,2237,55239,725
2021-01-11,San Luis Obispo,079,281455,15350,14213,383,14596,126
2021-01-11,San Mateo,081,765935,32314,29355,190,29545,206
2021-01-11,Santa Barbara,083,443738,24426,21740,723,22463,200
2021-01-11,Santa Clara,085,1922200,90321,84851,391,85242,877
2021-01-11,Santa Cruz,087,273765,12466,11093,557,11650,106
2021-01-11,Shasta,089,179085,9537,8977,949,9926,81
2021-01-11,Sierra,091,2930,39,33,8,41,0
2021-01-11,Siskiyou,093,43540,1190,1087,168,1255,3
2021-01-11,Solano,095,438530,24519,22893,259,23152,101
2021-01-11,Sonoma,097,501317,23177,22191,123,22314,205
2021-01-11,Stanislaus,099,539301,41767,39149,4176,43325,571
2021-01-11,Sutter,101,95872,7523,7204,60,7264,71
2021-01-11,Tehama,103,63373,3752,3524,409,3933,17
2021-01-11,Trinity,105,12862,375,256,49,305,2
2021-01-11,Tulare,107,460477,40623,38380,5427,43807,497
2021-01-11,Tuolumne,109,53932,3260,3165,27,3192,27
2021-01-11,Ventura,111,848112,58751,54202,2083,56285,320
2021-01-11,Yolo,113,214977,10588,9699,105,9804,129
2021-01-11,Yuba,115,75493,4613,4349,49,4398,27
2021-01-10,Alameda,001,1643700,64713,61111,1372,62483,650
2021-01-10,Alpine,003,1148,74,70,0,70,0
2021-01-10,Amador,005,37829,2965,2861,25,2886,24
2021-01-10,Butte,007,227075,9418,8665,1256,9921,119
2021-01-10,Calaveras,009,45235,1483,1449,7,1456,21
2021-01-10,Colusa,011,21464,1535,1478,147,1625,7
2021-01-10,Contra Costa,013,1133247,50232,47109,826,47935,398
2021-01-10,Del Norte,015,27424,843,809,2,811,2
2021-01-10,El Dorado,017,186661,7613,6904,470,7374,36
2021-01-10,Fresno,019,978130,81520,75621,6111,81732,775
2021-01-10,Glenn,021,27897,1886,1746,366,2112,9
2021-01-10,Humboldt,023,135768,2214,2049,7,2056,22
2021-01-10,Imperial,025,180216,25096,24233,2055,26288,453
2021-01-10,Inyo,027,18085,884,748,1,749,25
2021-01-10,Kern,029,883053,78452,73712,7002,80714,679
2021-01-10,Kings,031,150075,18658,17812,749,18561,108
2021-01-10,Lake,033,64148,2427,2174,0,2174,26
2021-01-10,Lassen,035,31185,4709,4642,71,4713,1
2021-01-10,Los Angeles,037,10098052,976110,901783,31530,933313,12170
2021-01-10,Madera,039,155013,13051,12179,614,12793,85
2021-01-10,Marin,041,260295,11223,10737,114,10851,155
2021-01-10,Mariposa,043,17540,318,291,2,293,3
2021-01-10,Mendocino,045,87422,2925,2706,42,2748,31
2021-01-10,Merced,047,269075,22822,21691,530,22221,238
2021-01-10,Modoc,049,8938,292,271,81,352,0
2021-01-10,Mono,051,14174,1040,965,10,975,3
2021-01-10,Monterey,053,433212,34081,32571,985,33556,237
2021-01-10,Napa,055,140530,7287,6687,27,6714,36
2021-01-10,Nevada,057,99092,3214,2959,119,3078,17
2021-01-10,Orange,059,3164182,205403,193766,8434,202200,2104
2021-01-10,Placer,061,380077,17315,15779,808,16587,163
2021-01-10,Plumas,063,18699,552,477,10,487,2
2021-01-10,Riverside,065,2383286,234089,219486,11349,230835,2216
2021-01-10,Sacramento,067,1510023,77746,75394,836,76230,965
2021-01-10,San Benito,069,59416,4662,4434,46,4480,34
2021-01-10,San Bernardino,071,2135413,246241,232171,7177,239348,1736
2021-01-10,San Diego,073,3302833,209196,191886,9610,201496,1857
2021-01-10,San Francisco,075,870044,28161,27054,407,27461,238
2021-01-10,San Joaquin,077,732212,55120,52535,2203,54738,725
2021-01-10,San Luis Obispo,079,281455,15021,13968,369,14337,122
2021-01-10,San Mateo,081,765935,31823,28972,175,29147,206
2021-01-10,Santa Barbara,083,443738,23880,21290,699,21989,200
2021-01-10,Santa Clara,085,1922200,89145,83779,381,84160,858
2021-01-10,Santa Cruz,087,273765,12253,10951,535,11486,106
2021-01-10,Shasta,089,179085,9426,8936,932,9868,81
2021-01-10,Sierra,091,2930,38,32,8,40,0
2021-01-10,Siskiyou,093,43540,1184,1075,165,1240,3
2021-01-10,Solano,095,438530,24118,22621,256,22877,101
2021-01-10,Sonoma,097,501317,22904,21925,123,22048,204
2021-01-10,Stanislaus,099,539301,41202,38809,4096,42905,571
2021-01-10,Sutter,101,95872,7462,7133,57,7190,71
2021-01-10,Tehama,103,63373,3679,3504,396,3900,17
2021-01-10,Trinity,105,12862,375,253,48,301,2
2021-01-10,Tulare,107,460477,40206,38012,5302,43314,497
2021-01-10,Tuolumne,109,53932,3226,3143,26,3169,27
2021-01-10,Ventura,111,848112,57482,53095,2038,55133,319
2021-01-10,Yolo,113,214977,10436,9610,104,9714,129
2021-01-10,Yuba,115,75493,4561,4300,46,4346,27
2021-01-09,Alameda,001,1643700,64188,60125,1355,61480,649
2021-01-09,Alpine,003,1148,74,70,0,70,0
2021-01-09,Amador,005,37829,2958,2809,25,2834,24
2021-01-09,Butte,007,227075,9337,8552,1232,9784,118
2021-01-09,Calaveras,009,45235,1473,1425,7,1432,21
2021-01-09,Colusa,011,21464,1529,1468,146,1614,7
2021-01-09,Contra Costa,013,1133247,49884,46406,811,47217,393
2021-01-09,Del Norte,015,27424,841,802,2,804,2
2021-01-09,El Dorado,017,186661,7581,6800,467,7267,36
2021-01-09,Fresno,019,978130,81112,74816,6069,80885,773
2021-01-09,Glenn,021,27897,1871,1707,361,2068,9
2021-01-09,Humboldt,023,135768,2196,2026,7,2033,22
2021-01-09,Imperial,025,180216,25028,24028,2041,26069,448
2021-01-09,Inyo,027,18085,874,734,1,735,25
2021-01-09,Kern,029,883053,77990,73015,6923,79938,677
2021-01-09,Kings,031,150075,18563,17679,745,18424,108
2021-01-09,Lake,033,64148,2392,2144,0,2144,26
2021-01-09,Lassen,035,31185,4697,4613,70,4683,1
2021-01-09,Los Angeles,037,10098052,970561,887949,31078,919027,12011
2021-01-09,Madera,039,155013,12960,12063,609,12672,85
2021-01-09,Marin,041,260295,11160,10634,113,10747,154
2021-01-09,Mariposa,043,17540,315,287,2,289,3
2021-01-09,Mendocino,045,87422,2907,2664,42,2706,31
2021-01-09,Merced,047,269075,22681,21357,520,21877,237
2021-01-09,Modoc,049,8938,292,271,80,351,0
2021-01-09,Mono,051,14174,1035,964,10,974,3
2021-01-09,Monterey,053,433212,33934,31948,976,32924,235
2021-01-09,Napa,055,140530,7217,6594,24,6618,36
2021-01-09,Nevada,057,99092,3192,2932,116,3048,17
2021-01-09,Orange,059,3164182,203903,191004,8339,199343,2034
2021-01-09,Placer,061,380077,17218,15609,806,16415,162
2021-01-09,Plumas,063,18699,550,477,10,487,2
2021-01-09,Riverside,065,2383286,232373,216076,11205,227281,2201
2021-01-09,Sacramento,067,1510023,77221,74482,831,75313,953
2021-01-09,San Benito,069,59416,4613,4335,46,4381,34
2021-01-09,San Bernardino,071,2135413,245056,228857,7107,235964,1714
2021-01-09,San Diego,073,3302833,207501,188598,9492,198090,1824
2021-01-09,San Francisco,075,870044,27987,26708,362,27070,235
2021-01-09,San Joaquin,077,732212,54772,51927,2183,54110,724
2021-01-09,San Luis Obispo,079,281455,14898,13647,358,14005,121
2021-01-09,San Mateo,081,765935,31526,28512,168,28680,205
2021-01-09,Santa Barbara,083,443738,23672,20971,690,21661,197
2021-01-09,Santa Clara,085,1922200,88302,82269,369,82638,808
2021-01-09,Santa Cruz,087,273765,12157,10717,530,11247,107
2021-01-09,Shasta,089,179085,9393,8893,928,9821,81
2021-01-09,Sierra,091,2930,36,32,8,40,0
2021-01-09,Siskiyou,093,43540,1180,1062,161,1223,3
2021-01-09,Solano,095,438530,23962,22226,255,22481,101
2021-01-09,Sonoma,097,501317,22783,21393,123,21516,202
2021-01-09,Stanislaus,099,539301,40907,38403,4054,42457,567
2021-01-09,Sutter,101,95872,7426,7072,56,7128,69
2021-01-09,Tehama,103,63373,3649,3451,384,3835,15
2021-01-09,Trinity,105,12862,375,252,48,300,2
2021-01-09,Tulare,107,460477,39958,37684,5230,42914,496
2021-01-09,Tuolumne,109,53932,3218,3117,25,3142,26
2021-01-09,Ventura,111,848112,56654,51988,2011,53999,306
2021-01-09,Yolo,113,214977,10365,9524,101,9625,129
2021-01-09,Yuba,115,75493,4533,4265,46,4311,27
2021-01-08,Alameda,001,1643700,63636,59172,1344,60516,646
2021-01-08,Alpine,003,1148,74,70,0,70,0
2021-01-08,Amador,005,37829,2951,2792,25,2817,24
2021-01-08,Butte,007,227075,9277,8430,1217,9647,115
2021-01-08,Calaveras,009,45235,1460,1385,7,1392,21
2021-01-08,Colusa,011,21464,1516,1448,145,1593,7
2021-01-08,Contra Costa,013,1133247,49359,45667,807,46474,381
2021-01-08,Del Norte,015,27424,839,795,2,797,2
2021-01-08,El Dorado,017,186661,7511,6690,455,7145,36
2021-01-08,Fresno,019,978130,80298,73689,6006,79695,771
2021-01-08,Glenn,021,27897,1855,1680,357,2037,9
2021-01-08,Humboldt,023,135768,2172,1988,7,1995,22
2021-01-08,Imperial,025,180216,24962,23751,2026,25777,446
2021-01-08,Inyo,027,18085,860,682,1,683,24
2021-01-08,Kern,029,883053,77429,71978,6850,78828,674
2021-01-08,Kings,031,150075,18435,17441,740,18181,108
2021-01-08,Lake,033,64148,2367,2098,0,2098,26
2021-01-08,Lassen,035,31185,4689,4598,68,4666,1
2021-01-08,Los Angeles,037,10098052,959784,871188,30640,901828,11796
2021-01-08,Madera,039,155013,12809,11846,600,12446,85
2021-01-08,Marin,041,260295,11066,10531,112,10643,153
2021-01-08,Mariposa,043,17540,314,273,2,275,3
2021-01-08,Mendocino,045,87422,2888,2634,39,2673,31
2021-01-08,Merced,047,269075,22486,20862,514,21376,236
2021-01-08,Modoc,049,8938,292,266,80,346,0
2021-01-08,Mono,051,14174,1025,951,10,961,3
2021-01-08,Monterey,053,433212,33676,31543,963,32506,224
2021-01-08,Napa,055,140530,7147,6544,24,6568,32
2021-01-08,Nevada,057,99092,3170,2888,116,3004,17
2021-01-08,Orange,059,3164182,201910,186608,8252,194860,1991
2021-01-08,Placer,061,380077,17097,15401,799,16200,161
2021-01-08,Plumas,063,18699,544,465,10,475,2
2021-01-08,Riverside,065,2383286,230017,212122,11072,223194,2184
2021-01-08,Sacramento,067,1510023,76642,73245,825,74070,939
2021-01-08,San Benito,069,59416,4576,4225,45,4270,33
2021-01-08,San Bernardino,071,2135413,243171,224267,7035,231302,1703
2021-01-08,San Diego,073,3302833,204966,185060,9398,194458,1771
2021-01-08,San Francisco,075,870044,27738,26378,338,26716,207
2021-01-08,San Joaquin,077,732212,54439,50990,2152,53142,710
2021-01-08,San Luis Obispo,079,281455,14765,13286,345,13631,119
2021-01-08,San Mateo,081,765935,31177,28072,165,28237,204
2021-01-08,Santa Barbara,083,443738,23394,20461,681,21142,189
2021-01-08,Santa Clara,085,1922200,87280,80561,367,80928,789
2021-01-08,Santa Cruz,087,273765,12018,10486,520,11006,106
2021-01-08,Shasta,089,179085,9343,8772,913,9685,81
2021-01-08,Sierra,091,2930,36,31,8,39,0
2021-01-08,Siskiyou,093,43540,1177,1027,160,1187,3
2021-01-08,Solano,095,438530,23791,21832,255,22087,100
2021-01-08,Sonoma,097,501317,22643,21178,123,21301,201
2021-01-08,Stanislaus,099,539301,40610,37858,4017,41875,566
2021-01-08,Sutter,101,95872,7376,6982,56,7038,68
2021-01-08,Tehama,103,63373,3626,3406,379,3785,15
2021-01-08,Trinity,105,12862,375,247,48,295,2
2021-01-08,Tulare,107,460477,39690,36946,5122,42068,491
2021-01-08,Tuolumne,109,53932,3209,3099,25,3124,19
2021-01-08,Ventura,111,848112,55790,50553,1986,52539,294
2021-01-08,Yolo,113,214977,10276,9391,97,9488,129
2021-01-08,Yuba,115,75493,4491,4195,45,4240,26
2021-01-07,Alameda,001,1643700,62759,57921,1317,59238,632
2021-01-07,Alpine,003,1148,72,70,0,70,0
2021-01-07,Amador,005,37829,2938,2740,24,2764,24
2021-01-07,Butte,007,227075,9181,8278,1189,9467,112
2021-01-07,Calaveras,009,45235,1443,1342,6,1348,21
2021-01-07,Colusa,011,21464,1504,1420,138,1558,7
2021-01-07,Contra Costa,013,1133247,48580,44756,790,45546,376
2021-01-07,Del Norte,015,27424,837,791,2,793,2
2021-01-07,El Dorado,017,186661,7410,6545,442,6987,36
2021-01-07,Fresno,019,978130,79341,72557,5902,78459,765
2021-01-07,Glenn,021,27897,1839,1639,348,1987,9
2021-01-07,Humboldt,023,135768,2145,1954,7,1961,22
2021-01-07,Imperial,025,180216,24769,23608,1974,25582,431
2021-01-07,Inyo,027,18085,847,656,1,657,20
2021-01-07,Kern,029,883053,76574,70953,6697,77650,660
2021-01-07,Kings,031,150075,18307,17238,731,17969,108
2021-01-07,Lake,033,64148,2312,2054,0,2054,26
2021-01-07,Lassen,035,31185,4684,4581,66,4647,1
2021-01-07,Los Angeles,037,10098052,944917,853187,30084,883271,11480
2021-01-07,Madera,039,155013,12653,11644,588,12232,76
2021-01-07,Marin,041,260295,10974,10364,110,10474,153
2021-01-07,Mariposa,043,17540,312,264,2,266,3
2021-01-07,Mendocino,045,87422,2833,2585,35,2620,30
2021-01-07,Merced,047,269075,22165,20510,499,21009,234
2021-01-07,Modoc,049,8938,292,265,80,345,0
2021-01-07,Mono,051,14174,1014,905,10,915,3
2021-01-07,Monterey,053,433212,33152,30903,940,31843,222
2021-01-07,Napa,055,140530,7037,6408,24,6432,32
2021-01-07,Nevada,057,99092,3136,2847,111,2958,17
2021-01-07,Orange,059,3164182,199070,181922,8153,190075,1974
2021-01-07,Placer,061,380077,16924,15155,769,15924,144
2021-01-07,Plumas,063,18699,542,454,10,464,2
2021-01-07,Riverside,065,2383286,226671,208177,10911,219088,2156
2021-01-07,Sacramento,067,1510023,75738,72342,804,73146,919
2021-01-07,San Benito,069,59416,4514,4112,41,4153,33
2021-01-07,San Bernardino,071,2135413,239635,219691,6953,226644,1666
2021-01-07,San Diego,073,3302833,201660,180510,9220,189730,1738
2021-01-07,San Francisco,075,870044,27405,25885,323,26208,202
2021-01-07,San Joaquin,077,732212,53753,50156,2120,52276,689
2021-01-07,San Luis Obispo,079,281455,14526,12810,332,13142,118
2021-01-07,San Mateo,081,765935,30667,27494,161,27655,201
2021-01-07,Santa Barbara,083,443738,22976,19931,667,20598,187
2021-01-07,Santa Clara,085,1922200,86063,78808,363,79171,775
2021-01-07,Santa Cruz,087,273765,11809,10228,513,10741,104
2021-01-07,Shasta,089,179085,9256,8612,905,9517,81
2021-01-07,Sierra,091,2930,36,31,8,39,0
2021-01-07,Siskiyou,093,43540,1172,1010,158,1168,3
2021-01-07,Solano,095,438530,23399,21384,251,21635,100
2021-01-07,Sonoma,097,501317,22380,20857,122,20979,200
2021-01-07,Stanislaus,099,539301,40184,37296,3963,41259,553
2021-01-07,Sutter,101,95872,7317,6890,55,6945,65
2021-01-07,Tehama,103,63373,3602,3330,372,3702,15
2021-01-07,Trinity,105,12862,375,247,48,295,2
2021-01-07,Tulare,107,460477,39288,36397,4983,41380,482
2021-01-07,Tuolumne,109,53932,3189,3068,24,3092,14
2021-01-07,Ventura,111,848112,54629,49083,1958,51041,288
2021-01-07,Yolo,113,214977,10138,9207,95,9302,128
2021-01-07,Yuba,115,75493,4449,4128,45,4173,25
2021-01-06,Alameda,001,1643700,61911,57081,1287,58368,616
2021-01-06,Alpine,003,1148,72,70,0,70,0
2021-01-06,Amador,005,37829,2917,2717,23,2740,24
2021-01-06,Butte,007,227075,9069,8147,1170,9317,110
2021-01-06,Calaveras,009,45235,1419,1321,6,1327,21
2021-01-06,Colusa,011,21464,1484,1385,132,1517,7
2021-01-06,Contra Costa,013,1133247,47775,44054,773,44827,358
2021-01-06,Del Norte,015,27424,831,780,2,782,2
2021-01-06,El Dorado,017,186661,7298,6397,429,6826,35
2021-01-06,Fresno,019,978130,78500,71404,5799,77203,752
2021-01-06,Glenn,021,27897,1814,1622,342,1964,9
2021-01-06,Humboldt,023,135768,2119,1912,7,1919,22
2021-01-06,Imperial,025,180216,24519,23400,1933,25333,431
2021-01-06,Inyo,027,18085,831,630,1,631,20
2021-01-06,Kern,029,883053,75633,69893,6562,76455,646
2021-01-06,Kings,031,150075,18111,17019,710,17729,108
2021-01-06,Lake,033,64148,2274,2033,0,2033,26
2021-01-06,Lassen,035,31185,4672,4560,62,4622,1
2021-01-06,Los Angeles,037,10098052,929000,835052,29372,864424,11285
2021-01-06,Madera,039,155013,12517,11407,582,11989,67
2021-01-06,Marin,041,260295,10846,10282,109,10391,153
2021-01-06,Mariposa,043,17540,309,259,2,261,3
2021-01-06,Mendocino,045,87422,2803,2561,35,2596,30
2021-01-06,Merced,047,269075,21825,20258,483,20741,232
2021-01-06,Modoc,049,8938,292,263,80,343,0
2021-01-06,Mono,051,14174,983,905,10,915,3
2021-01-06,Monterey,053,433212,32559,30387,905,31292,222
2021-01-06,Napa,055,140530,6907,6342,24,6366,32
2021-01-06,Nevada,057,99092,3116,2805,110,2915,15
2021-01-06,Orange,059,3164182,195620,177686,8011,185697,1935
2021-01-06,Placer,061,380077,16739,14940,751,15691,134
2021-01-06,Plumas,063,18699,534,445,10,455,2
2021-01-06,Riverside,065,2383286,222707,203714,10716,214430,2121
2021-01-06,Sacramento,067,1510023,74716,71572,787,72359,909
2021-01-06,San Benito,069,59416,4437,4031,40,4071,32
2021-01-06,San Bernardino,071,2135413,235921,215286,6842,222128,1634
2021-01-06,San Diego,073,3302833,198162,176660,9051,185711,1691
2021-01-06,San Francisco,075,870044,27033,25424,313,25737,199
2021-01-06,San Joaquin,077,732212,52992,49286,2077,51363,673
2021-01-06,San Luis Obispo,079,281455,14133,12305,325,12630,115
2021-01-06,San Mateo,081,765935,30243,27050,158,27208,200
2021-01-06,Santa Barbara,083,443738,22494,19453,657,20110,177
2021-01-06,Santa Clara,085,1922200,84656,77485,356,77841,746
2021-01-06,Santa Cruz,087,273765,11591,9954,493,10447,97
2021-01-06,Shasta,089,179085,9185,8482,898,9380,78
2021-01-06,Sierra,091,2930,35,31,8,39,0
2021-01-06,Siskiyou,093,43540,1160,998,154,1152,3
2021-01-06,Solano,095,438530,23014,21102,248,21350,99
2021-01-06,Sonoma,097,501317,22075,20558,122,20680,196
2021-01-06,Stanislaus,099,539301,39588,36751,3900,40651,553
2021-01-06,Sutter,101,95872,7235,6839,54,6893,59
2021-01-06,Tehama,103,63373,3574,3306,366,3672,15
2021-01-06,Trinity,105,12862,375,246,48,294,2
2021-01-06,Tulare,107,460477,38732,35882,4882,40764,465
2021-01-06,Tuolumne,109,53932,3169,3008,24,3032,14
2021-01-06,Ventura,111,848112,53383,47428,1934,49362,280
2021-01-06,Yolo,113,214977,9976,9083,92,9175,127
2021-01-06,Yuba,115,75493,4400,4097,45,4142,25
2021-01-05,Alameda,001,1643700,60791,56432,1251,57683,602
2021-01-05,Alpine,003,1148,72,70,0,70,0
2021-01-05,Amador,005,37829,2877,2695,23,2718,24
2021-01-05,Butte,007,227075,8930,8008,1143,9151,107
2021-01-05,Calaveras,009,45235,1373,1292,6,1298,21
2021-01-05,Colusa,011,21464,1459,1376,126,1502,7
2021-01-05,Contra Costa,013,1133247,46894,43442,762,44204,353
2021-01-05,Del Norte,015,27424,824,770,2,772,2
2021-01-05,El Dorado,017,186661,7180,6270,408,6678,32
2021-01-05,Fresno,019,978130,77277,70971,5704,76675,741
2021-01-05,Glenn,021,27897,1789,1608,330,1938,9
2021-01-05,Humboldt,023,135768,2083,1884,7,1891,22
2021-01-05,Imperial,025,180216,24347,23165,1886,25051,421
2021-01-05,Inyo,027,18085,817,627,1,628,20
2021-01-05,Kern,029,883053,74560,68257,6417,74674,624
2021-01-05,Kings,031,150075,17913,16860,685,17545,108
2021-01-05,Lake,033,64148,2227,2015,0,2015,25
2021-01-05,Lassen,035,31185,4658,4554,58,4612,1
2021-01-05,Los Angeles,037,10098052,910309,823783,28688,852471,11028
2021-01-05,Madera,039,155013,12341,11359,569,11928,67
2021-01-05,Marin,041,260295,10693,10214,107,10321,151
2021-01-05,Mariposa,043,17540,303,257,2,259,3
2021-01-05,Mendocino,045,87422,2767,2501,35,2536,30
2021-01-05,Merced,047,269075,21474,20051,470,20521,230
2021-01-05,Modoc,049,8938,292,254,80,334,0
2021-01-05,Mono,051,14174,977,896,10,906,3
2021-01-05,Monterey,053,433212,31987,30045,870,30915,213
2021-01-05,Napa,055,140530,6820,6264,24,6288,29
2021-01-05,Nevada,057,99092,3088,2781,108,2889,15
2021-01-05,Orange,059,3164182,191979,174869,7814,182683,1918
2021-01-05,Placer,061,380077,16517,14723,727,15450,133
2021-01-05,Plumas,063,18699,527,428,10,438,2
2021-01-05,Riverside,065,2383286,218668,200439,10537,210976,2069
2021-01-05,Sacramento,067,1510023,73793,70677,759,71436,888
2021-01-05,San Benito,069,59416,4335,3961,38,3999,28
2021-01-05,San Bernardino,071,2135413,231988,212522,6725,219247,1615
2021-01-05,San Diego,073,3302833,194022,172845,8838,181683,1654
2021-01-05,San Francisco,075,870044,26669,24989,295,25284,196
2021-01-05,San Joaquin,077,732212,52117,48969,2025,50994,663
2021-01-05,San Luis Obispo,079,281455,13732,12027,315,12342,106
2021-01-05,San Mateo,081,765935,29759,26486,156,26642,198
2021-01-05,Santa Barbara,083,443738,22060,19063,646,19709,172
2021-01-05,Santa Clara,085,1922200,83117,76355,343,76698,729
2021-01-05,Santa Cruz,087,273765,11319,9753,468,10221,93
2021-01-05,Shasta,089,179085,9078,8345,878,9223,73
2021-01-05,Sierra,091,2930,35,31,8,39,0
2021-01-05,Siskiyou,093,43540,1148,985,152,1137,3
2021-01-05,Solano,095,438530,22608,20860,243,21103,97
2021-01-05,Sonoma,097,501317,21710,20247,121,20368,194
2021-01-05,Stanislaus,099,539301,39044,36363,3852,40215,553
2021-01-05,Sutter,101,95872,7137,6769,53,6822,59
2021-01-05,Tehama,103,63373,3516,3255,361,3616,9
2021-01-05,Trinity,105,12862,375,246,48,294,2
2021-01-05,Tulare,107,460477,38115,35585,4729,40314,455
2021-01-05,Tuolumne,109,53932,3145,2996,19,3015,13
2021-01-05,Ventura,111,848112,52135,46456,1912,48368,264
2021-01-05,Yolo,113,214977,9800,8980,91,9071,127
2021-01-05,Yuba,115,75493,4343,4053,44,4097,21
2021-01-04,Alameda,001,1643700,59552,55899,1218,57117,583
2021-01-04,Alpine,003,1148,72,68,0,68,0
2021-01-04,Amador,005,37829,2837,2596,23,2619,24
2021-01-04,Butte,007,227075,8771,7893,1119,9012,105
2021-01-04,Calaveras,009,45235,1332,1276,5,1281,21
2021-01-04,Colusa,011,21464,1434,1368,112,1480,7
2021-01-04,Contra Costa,013,1133247,46045,43019,736,43755,353
2021-01-04,Del Norte,015,27424,815,770,2,772,2
2021-01-04,El Dorado,017,186661,7046,6152,392,6544,27
2021-01-04,Fresno,019,978130,76013,69871,5604,75475,726
2021-01-04,Glenn,021,27897,1758,1590,322,1912,9
2021-01-04,Humboldt,023,135768,2047,1845,7,1852,22
2021-01-04,Imperial,025,180216,24196,23035,1830,24865,420
2021-01-04,Inyo,027,18085,790,623,1,624,20
2021-01-04,Kern,029,883053,73479,67418,6212,73630,623
2021-01-04,Kings,031,150075,17639,16801,657,17458,108
2021-01-04,Lake,033,64148,2185,1984,0,1984,25
2021-01-04,Lassen,035,31185,4636,4550,57,4607,1
2021-01-04,Los Angeles,037,10098052,890246,813022,27793,840815,10790
2021-01-04,Madera,039,155013,12120,11204,547,11751,67
2021-01-04,Marin,041,260295,10557,10115,104,10219,151
2021-01-04,Mariposa,043,17540,297,253,2,255,3
2021-01-04,Mendocino,045,87422,2727,2460,31,2491,28
2021-01-04,Merced,047,269075,21060,19804,451,20255,230
2021-01-04,Modoc,049,8938,276,250,78,328,0
2021-01-04,Mono,051,14174,966,895,10,905,3
2021-01-04,Monterey,053,433212,31342,29659,847,30506,212
2021-01-04,Napa,055,140530,6679,6187,24,6211,29
2021-01-04,Nevada,057,99092,3050,2765,103,2868,15
2021-01-04,Orange,059,3164182,188094,172458,7683,180141,1918
2021-01-04,Placer,061,380077,16262,14622,714,15336,133
2021-01-04,Plumas,063,18699,517,419,10,429,1
2021-01-04,Riverside,065,2383286,214201,196809,10342,207151,2066
2021-01-04,Sacramento,067,1510023,72731,70164,749,70913,870
2021-01-04,San Benito,069,59416,4223,3914,38,3952,28
2021-01-04,San Bernardino,071,2135413,227769,210868,6565,217433,1615
2021-01-04,San Diego,073,3302833,189449,171031,8643,179674,1598
2021-01-04,San Francisco,075,870044,26286,24753,289,25042,191
2021-01-04,San Joaquin,077,732212,51219,48644,1982,50626,661
2021-01-04,San Luis Obispo,079,281455,13245,11945,307,12252,96
2021-01-04,San Mateo,081,765935,29197,26150,151,26301,198
2021-01-04,Santa Barbara,083,443738,21544,18735,614,19349,165
2021-01-04,Santa Clara,085,1922200,81367,75297,336,75633,727
2021-01-04,Santa Cruz,087,273765,11032,9680,451,10131,85
2021-01-04,Shasta,089,179085,8973,8224,861,9085,72
2021-01-04,Sierra,091,2930,34,30,8,38,0
2021-01-04,Siskiyou,093,43540,1131,980,149,1129,3
2021-01-04,Solano,095,438530,22104,20588,236,20824,97
2021-01-04,Sonoma,097,501317,21366,20210,120,20330,194
2021-01-04,Stanislaus,099,539301,38481,36141,3795,39936,553
2021-01-04,Sutter,101,95872,7039,6712,52,6764,56
2021-01-04,Tehama,103,63373,3443,3190,355,3545,9
2021-01-04,Trinity,105,12862,372,245,48,293,2
2021-01-04,Tulare,107,460477,37557,35060,4624,39684,455
2021-01-04,Tuolumne,109,53932,3120,2987,19,3006,13
2021-01-04,Ventura,111,848112,50635,45014,1892,46906,255
2021-01-04,Yolo,113,214977,9603,8834,85,8919,121
2021-01-04,Yuba,115,75493,4285,4023,44,4067,21
2021-01-03,Alameda,001,1643700,58301,55082,1188,56270,580
2021-01-03,Alpine,003,1148,70,68,0,68,0
2021-01-03,Amador,005,37829,2773,2565,23,2588,24
2021-01-03,Butte,007,227075,8579,7837,1064,8901,105
2021-01-03,Calaveras,009,45235,1295,1249,3,1252,21
2021-01-03,Colusa,011,21464,1405,1337,106,1443,7
2021-01-03,Contra Costa,013,1133247,45154,42432,711,43143,352
2021-01-03,Del Norte,015,27424,802,768,2,770,2
2021-01-03,El Dorado,017,186661,6918,6034,375,6409,27
2021-01-03,Fresno,019,978130,74864,69326,5479,74805,719
2021-01-03,Glenn,021,27897,1732,1581,311,1892,9
2021-01-03,Humboldt,023,135768,2010,1833,7,1840,21
2021-01-03,Imperial,025,180216,23943,22951,1745,24696,419
2021-01-03,Inyo,027,18085,773,615,1,616,20
2021-01-03,Kern,029,883053,72224,66895,6027,72922,609
2021-01-03,Kings,031,150075,17366,16593,624,17217,108
2021-01-03,Lake,033,64148,2132,1976,0,1976,24
2021-01-03,Lassen,035,31185,4603,4531,56,4587,1
2021-01-03,Los Angeles,037,10098052,868304,792168,26704,818872,10633
2021-01-03,Madera,039,155013,11895,11152,524,11676,67
2021-01-03,Marin,041,260295,10408,10034,99,10133,150
2021-01-03,Mariposa,043,17540,290,248,2,250,3
2021-01-03,Mendocino,045,87422,2687,2445,30,2475,24
2021-01-03,Merced,047,269075,20592,19600,425,20025,230
2021-01-03,Modoc,049,8938,272,245,77,322,0
2021-01-03,Mono,051,14174,941,893,10,903,3
2021-01-03,Monterey,053,433212,30752,29357,810,30167,191
2021-01-03,Napa,055,140530,6578,6094,24,6118,29
2021-01-03,Nevada,057,99092,2988,2742,100,2842,15
2021-01-03,Orange,059,3164182,183913,169881,7486,177367,1919
2021-01-03,Placer,061,380077,16014,14319,690,15009,133
2021-01-03,Plumas,063,18699,504,416,10,426,1
2021-01-03,Riverside,065,2383286,209418,195048,10085,205133,2005
2021-01-03,Sacramento,067,1510023,71527,68558,727,69285,859
2021-01-03,San Benito,069,59416,4125,3882,37,3919,28
2021-01-03,San Bernardino,071,2135413,222507,208294,6388,214682,1592
2021-01-03,San Diego,073,3302833,184189,168018,8421,176439,1592
2021-01-03,San Francisco,075,870044,25789,24588,272,24860,193
2021-01-03,San Joaquin,077,732212,50098,47899,1922,49821,661
2021-01-03,San Luis Obispo,079,281455,12775,11636,298,11934,95
2021-01-03,San Mateo,081,765935,28604,25770,145,25915,196
2021-01-03,Santa Barbara,083,443738,20826,18267,597,18864,164
2021-01-03,Santa Clara,085,1922200,79816,74534,330,74864,720
2021-01-03,Santa Cruz,087,273765,10731,9528,432,9960,84
2021-01-03,Shasta,089,179085,8848,8192,819,9011,72
2021-01-03,Sierra,091,2930,34,30,8,38,0
2021-01-03,Siskiyou,093,43540,1098,976,140,1116,3
2021-01-03,Solano,095,438530,21572,20105,231,20336,97
2021-01-03,Sonoma,097,501317,20974,19982,116,20098,193
2021-01-03,Stanislaus,099,539301,37792,35762,3713,39475,553
2021-01-03,Sutter,101,95872,6942,6664,51,6715,53
2021-01-03,Tehama,103,63373,3385,3176,347,3523,9
2021-01-03,Trinity,105,12862,369,243,47,290,2
2021-01-03,Tulare,107,460477,36997,34747,4471,39218,455
2021-01-03,Tuolumne,109,53932,3059,2978,16,2994,13
2021-01-03,Ventura,111,848112,48811,43748,1874,45622,254
2021-01-03,Yolo,113,214977,9445,8674,81,8755,121
2021-01-03,Yuba,115,75493,4231,3966,43,4009,20
2021-01-02,Alameda,001,1643700,57674,54518,1159,55677,581
2021-01-02,Alpine,003,1148,70,68,0,68,0
2021-01-02,Amador,005,37829,2754,2540,23,2563,24
2021-01-02,Butte,007,227075,8473,7750,1043,8793,105
2021-01-02,Calaveras,009,45235,1275,1230,3,1233,21
2021-01-02,Colusa,011,21464,1395,1332,105,1437,7
2021-01-02,Contra Costa,013,1133247,44634,41993,699,42692,352
2021-01-02,Del Norte,015,27424,800,764,2,766,2
2021-01-02,El Dorado,017,186661,6863,5959,371,6330,27
2021-01-02,Fresno,019,978130,74323,68740,5367,74107,717
2021-01-02,Glenn,021,27897,1717,1546,309,1855,9
2021-01-02,Humboldt,023,135768,1983,1815,7,1822,21
2021-01-02,Imperial,025,180216,23863,22867,1706,24573,420
2021-01-02,Inyo,027,18085,760,609,1,610,20
2021-01-02,Kern,029,883053,71505,66457,5915,72372,610
2021-01-02,Kings,031,150075,17272,16515,620,17135,108
2021-01-02,Lake,033,64148,2095,1925,0,1925,24
2021-01-02,Lassen,035,31185,4592,4457,55,4512,1
2021-01-02,Los Angeles,037,10098052,859977,791892,25987,817879,10633
2021-01-02,Madera,039,155013,11785,11039,512,11551,67
2021-01-02,Marin,041,260295,10363,9924,95,10019,151
2021-01-02,Mariposa,043,17540,283,243,2,245,3
2021-01-02,Mendocino,045,87422,2644,2428,29,2457,24
2021-01-02,Merced,047,269075,20451,19395,409,19804,230
2021-01-02,Modoc,049,8938,271,245,77,322,0
2021-01-02,Mono,051,14174,931,884,10,894,3
2021-01-02,Monterey,053,433212,30547,28991,799,29790,191
2021-01-02,Napa,055,140530,6519,5994,24,6018,29
2021-01-02,Nevada,057,99092,2959,2706,96,2802,15
2021-01-02,Orange,059,3164182,181714,168457,7332,175789,1918
2021-01-02,Placer,061,380077,15841,14182,680,14862,133
2021-01-02,Plumas,063,18699,501,413,10,423,1
2021-01-02,Riverside,065,2383286,206825,192069,9858,201927,2008
2021-01-02,Sacramento,067,1510023,70887,67810,711,68521,858
2021-01-02,San Benito,069,59416,4043,3829,37,3866,28
2021-01-02,San Bernardino,071,2135413,220891,206939,6259,213198,1597
2021-01-02,San Diego,073,3302833,181590,164498,8228,172726,1592
2021-01-02,San Francisco,075,870044,25529,24414,265,24679,194
2021-01-02,San Joaquin,077,732212,49726,47310,1891,49201,662
2021-01-02,San Luis Obispo,079,281455,12639,11467,291,11758,95
2021-01-02,San Mateo,081,765935,28268,25483,137,25620,196
2021-01-02,Santa Barbara,083,443738,20541,18135,594,18729,164
2021-01-02,Santa Clara,085,1922200,78649,73662,323,73985,720
2021-01-02,Santa Cruz,087,273765,10576,9340,423,9763,85
2021-01-02,Shasta,089,179085,8781,8154,807,8961,72
2021-01-02,Sierra,091,2930,34,28,8,36,0
2021-01-02,Siskiyou,093,43540,1087,949,138,1087,3
2021-01-02,Solano,095,438530,21375,19805,221,20026,97
2021-01-02,Sonoma,097,501317,20808,19761,116,19877,194
2021-01-02,Stanislaus,099,539301,37476,35431,3646,39077,553
2021-01-02,Sutter,101,95872,6888,6621,51,6672,53
2021-01-02,Tehama,103,63373,3360,3146,343,3489,9
2021-01-02,Trinity,105,12862,366,243,47,290,2
2021-01-02,Tulare,107,460477,36682,34479,4394,38873,455
2021-01-02,Tuolumne,109,53932,3045,2942,14,2956,13
2021-01-02,Ventura,111,848112,47660,43397,1839,45236,254
2021-01-02,Yolo,113,214977,9350,8571,79,8650,122
2021-01-02,Yuba,115,75493,4194,3930,42,3972,21
2021-01-01,Alameda,001,1643700,57012,53518,1142,54660,579
2021-01-01,Alpine,003,1148,70,68,0,68,0
2021-01-01,Amador,005,37829,2728,2513,21,2534,24
2021-01-01,Butte,007,227075,8372,7589,1018,8607,105
2021-01-01,Calaveras,009,45235,1260,1186,3,1189,21
2021-01-01,Colusa,011,21464,1386,1314,103,1417,7
2021-01-01,Contra Costa,013,1133247,44155,41412,679,42091,351
2021-01-01,Del Norte,015,27424,794,758,2,760,2
2021-01-01,El Dorado,017,186661,6773,5832,361,6193,27
2021-01-01,Fresno,019,978130,73252,67484,5279,72763,717
2021-01-01,Glenn,021,27897,1701,1520,306,1826,9
2021-01-01,Humboldt,023,135768,1944,1783,7,1790,21
2021-01-01,Imperial,025,180216,23777,22715,1653,24368,418
2021-01-01,Inyo,027,18085,736,606,1,607,20
2021-01-01,Kern,029,883053,70681,65571,5803,71374,609
2021-01-01,Kings,031,150075,17089,16358,613,16971,108
2021-01-01,Lake,033,64148,2064,1888,0,1888,24
2021-01-01,Lassen,035,31185,4586,4377,55,4432,1
2021-01-01,Los Angeles,037,10098052,845829,775578,25275,800853,10515
2021-01-01,Madera,039,155013,11626,10752,503,11255,66
2021-01-01,Marin,041,260295,10256,9821,95,9916,148
2021-01-01,Mariposa,043,17540,275,236,2,238,3
2021-01-01,Mendocino,045,87422,2590,2400,29,2429,24
2021-01-01,Merced,047,269075,20267,19118,393,19511,229
2021-01-01,Modoc,049,8938,271,241,77,318,0
2021-01-01,Mono,051,14174,913,884,10,894,3
2021-01-01,Monterey,053,433212,30315,28465,791,29256,191
2021-01-01,Napa,055,140530,6433,5899,24,5923,28
2021-01-01,Nevada,057,99092,2935,2663,96,2759,15
2021-01-01,Orange,059,3164182,178924,165440,7185,172625,1893
2021-01-01,Placer,061,380077,15658,13987,662,14649,133
2021-01-01,Plumas,063,18699,496,412,10,422,1
2021-01-01,Riverside,065,2383286,203700,188674,9592,198266,1990
2021-01-01,Sacramento,067,1510023,70289,66956,694,67650,848
2021-01-01,San Benito,069,59416,4005,3773,37,3810,28
2021-01-01,San Bernardino,071,2135413,218078,203651,6120,209771,1590
2021-01-01,San Diego,073,3302833,178516,160071,8051,168122,1592
2021-01-01,San Francisco,075,870044,25254,24145,254,24399,187
2021-01-01,San Joaquin,077,732212,49442,46640,1844,48484,657
2021-01-01,San Luis Obispo,079,281455,12411,11160,283,11443,94
2021-01-01,San Mateo,081,765935,27820,25041,133,25174,194
2021-01-01,Santa Barbara,083,443738,20222,17759,584,18343,164
2021-01-01,Santa Clara,085,1922200,77384,71904,318,72222,680
2021-01-01,Santa Cruz,087,273765,10396,9146,413,9559,84
2021-01-01,Shasta,089,179085,8700,8102,790,8892,72
2021-01-01,Sierra,091,2930,34,26,8,34,0
2021-01-01,Siskiyou,093,43540,1073,944,133,1077,3
2021-01-01,Solano,095,438530,21163,19393,219,19612,97
2021-01-01,Sonoma,097,501317,20618,19513,116,19629,189
2021-01-01,Stanislaus,099,539301,37199,34978,3577,38555,553
2021-01-01,Sutter,101,95872,6831,6553,50,6603,52
2021-01-01,Tehama,103,63373,3303,3079,335,3414,9
2021-01-01,Trinity,105,12862,366,243,47,290,2
2021-01-01,Tulare,107,460477,36277,33994,4297,38291,454
2021-01-01,Tuolumne,109,53932,3029,2909,14,2923,13
2021-01-01,Ventura,111,848112,46167,42026,1811,43837,253
2021-01-01,Yolo,113,214977,9240,8461,76,8537,120
2021-01-01,Yuba,115,75493,4140,3845,41,3886,19
2020-12-31,Alameda,001,1643700,56472,52475,1110,53585,579
2020-12-31,Alpine,003,1148,70,66,0,66,0
2020-12-31,Amador,005,37829,2714,2493,21,2514,24
2020-12-31,Butte,007,227075,8298,7405,999,8404,105
2020-12-31,Calaveras,009,45235,1249,1161,3,1164,21
2020-12-31,Colusa,011,21464,1378,1301,100,1401,7
2020-12-31,Contra Costa,013,1133247,43778,40512,664,41176,336
2020-12-31,Del Norte,015,27424,793,748,2,750,2
2020-12-31,El Dorado,017,186661,6721,5662,352,6014,26
2020-12-31,Fresno,019,978130,72822,66442,5215,71657,711
2020-12-31,Glenn,021,27897,1681,1484,301,1785,9
2020-12-31,Humboldt,023,135768,1927,1713,7,1720,21
2020-12-31,Imperial,025,180216,23713,22494,1637,24131,417
2020-12-31,Inyo,027,18085,728,591,1,592,20
2020-12-31,Kern,029,883053,70213,64904,5709,70613,609
2020-12-31,Kings,031,150075,17014,16077,605,16682,108
2020-12-31,Lake,033,64148,2052,1848,0,1848,23
2020-12-31,Lassen,035,31185,4580,4340,54,4394,1
2020-12-31,Los Angeles,037,10098052,840527,755844,24795,780639,10320
2020-12-31,Madera,039,155013,11555,10609,492,11101,64
2020-12-31,Marin,041,260295,10214,9731,94,9825,148
2020-12-31,Mariposa,043,17540,273,217,2,219,3
2020-12-31,Mendocino,045,87422,2575,2367,25,2392,24
2020-12-31,Merced,047,269075,20177,18808,384,19192,226
2020-12-31,Modoc,049,8938,271,238,77,315,0
2020-12-31,Mono,051,14174,906,868,10,878,3
2020-12-31,Monterey,053,433212,30113,27720,779,28499,188
2020-12-31,Napa,055,140530,6370,5801,24,5825,28
2020-12-31,Nevada,057,99092,2912,2619,94,2713,15
2020-12-31,Orange,059,3164182,177042,161586,7051,168637,1866
2020-12-31,Placer,061,380077,15502,13708,659,14367,126
2020-12-31,Plumas,063,18699,491,401,9,410,1
2020-12-31,Riverside,065,2383286,202068,184193,9456,193649,1958
2020-12-31,Sacramento,067,1510023,69769,65817,683,66500,830
2020-12-31,San Benito,069,59416,3982,3673,37,3710,28
2020-12-31,San Bernardino,071,2135413,216499,199115,6049,205164,1586
2020-12-31,San Diego,073,3302833,176752,155593,7953,163546,1534
2020-12-31,San Francisco,075,870044,25026,23740,246,23986,183
2020-12-31,San Joaquin,077,732212,49133,45764,1805,47569,646
2020-12-31,San Luis Obispo,079,281455,12297,10846,283,11129,89
2020-12-31,San Mateo,081,765935,27490,24570,127,24697,192
2020-12-31,Santa Barbara,083,443738,19979,17434,577,18011,161
2020-12-31,Santa Clara,085,1922200,76611,70032,313,70345,665
2020-12-31,Santa Cruz,087,273765,10279,8909,401,9310,84
2020-12-31,Shasta,089,179085,8634,7996,779,8775,69
2020-12-31,Sierra,091,2930,34,26,8,34,0
2020-12-31,Siskiyou,093,43540,1057,940,130,1070,3
2020-12-31,Solano,095,438530,20934,18942,218,19160,97
2020-12-31,Sonoma,097,501317,20502,19129,115,19244,188
2020-12-31,Stanislaus,099,539301,36901,34398,3522,37920,552
2020-12-31,Sutter,101,95872,6801,6432,50,6482,51
2020-12-31,Tehama,103,63373,3271,3036,334,3370,9
2020-12-31,Trinity,105,12862,365,241,47,288,2
2020-12-31,Tulare,107,460477,36111,33412,4233,37645,446
2020-12-31,Tuolumne,109,53932,3020,2902,14,2916,12
2020-12-31,Ventura,111,848112,45658,40854,1794,42648,251
2020-12-31,Yolo,113,214977,9155,8295,75,8370,117
2020-12-31,Yuba,115,75493,4099,3799,40,3839,18
2020-12-30,Alameda,001,1643700,55710,50158,1059,51217,573
2020-12-30,Alpine,003,1148,70,66,0,66,0
2020-12-30,Amador,005,37829,2694,2418,20,2438,24
2020-12-30,Butte,007,227075,8138,7140,982,8122,103
2020-12-30,Calaveras,009,45235,1224,1135,3,1138,21
2020-12-30,Colusa,011,21464,1362,1289,94,1383,7
2020-12-30,Contra Costa,013,1133247,43195,39601,652,40253,337
2020-12-30,Del Norte,015,27424,788,726,2,728,2
2020-12-30,El Dorado,017,186661,6622,5595,340,5935,27
2020-12-30,Fresno,019,978130,71978,65566,5053,70619,711
2020-12-30,Glenn,021,27897,1652,1471,288,1759,9
2020-12-30,Humboldt,023,135768,1893,1654,7,1661,22
2020-12-30,Imperial,025,180216,23547,22098,1559,23657,412
2020-12-30,Inyo,027,18085,721,572,1,573,20
2020-12-30,Kern,029,883053,69487,63292,5560,68852,604
2020-12-30,Kings,031,150075,16895,15862,597,16459,108
2020-12-30,Lake,033,64148,2029,1731,0,1731,23
2020-12-30,Lassen,035,31185,4571,4300,54,4354,1
2020-12-30,Los Angeles,037,10098052,829662,741907,24084,765991,10046
2020-12-30,Madera,039,155013,11445,10249,481,10730,65
2020-12-30,Marin,041,260295,10125,9569,87,9656,148
2020-12-30,Mariposa,043,17540,269,214,2,216,3
2020-12-30,Mendocino,045,87422,2557,2291,22,2313,24
2020-12-30,Merced,047,269075,19885,18519,374,18893,225
2020-12-30,Modoc,049,8938,268,234,77,311,0
2020-12-30,Mono,051,14174,903,868,10,878,3
2020-12-30,Monterey,053,433212,29495,26977,757,27734,186
2020-12-30,Napa,055,140530,6264,5754,24,5778,28
2020-12-30,Nevada,057,99092,2877,2595,92,2687,15
2020-12-30,Orange,059,3164182,174380,153951,6860,160811,1863
2020-12-30,Placer,061,380077,15274,13540,647,14187,127
2020-12-30,Plumas,063,18699,486,397,9,406,1
2020-12-30,Riverside,065,2383286,199123,176402,9266,185668,1919
2020-12-30,Sacramento,067,1510023,68905,64119,665,64784,847
2020-12-30,San Benito,069,59416,3901,3464,33,3497,29
2020-12-30,San Bernardino,071,2135413,213932,192648,5962,198610,1591
2020-12-30,San Diego,073,3302833,173116,152510,7781,160291,1472
2020-12-30,San Francisco,075,870044,24734,23099,241,23340,182
2020-12-30,San Joaquin,077,732212,48443,44465,1763,46228,634
2020-12-30,San Luis Obispo,079,281455,12029,10542,275,10817,89
2020-12-30,San Mateo,081,765935,27060,24150,123,24273,190
2020-12-30,Santa Barbara,083,443738,19588,16895,553,17448,161
2020-12-30,Santa Clara,085,1922200,75348,67218,309,67527,661
2020-12-30,Santa Cruz,087,273765,10082,8787,392,9179,86
2020-12-30,Shasta,089,179085,8521,7818,765,8583,69
2020-12-30,Sierra,091,2930,34,25,8,33,0
2020-12-30,Siskiyou,093,43540,1050,913,121,1034,3
2020-12-30,Solano,095,438530,20542,18300,215,18515,96
2020-12-30,Sonoma,097,501317,20244,18947,115,19062,191
2020-12-30,Stanislaus,099,539301,36424,33730,3447,37177,526
2020-12-30,Sutter,101,95872,6738,6328,48,6376,51
2020-12-30,Tehama,103,63373,3227,2969,330,3299,9
2020-12-30,Trinity,105,12862,364,231,46,277,2
2020-12-30,Tulare,107,460477,35560,32413,4166,36579,430
2020-12-30,Tuolumne,109,53932,3009,2772,12,2784,12
2020-12-30,Ventura,111,848112,44371,39039,1769,40808,251
2020-12-30,Yolo,113,214977,9047,8067,73,8140,117
2020-12-30,Yuba,115,75493,4029,3612,40,3652,18
2020-12-29,Alameda,001,1643700,54648,50946,1022,51968,552
2020-12-29,Alpine,003,1148,70,65,0,65,0
2020-12-29,Amador,005,37829,2642,2388,19,2407,23
2020-12-29,Butte,007,227075,7965,7178,960,8138,98
2020-12-29,Calaveras,009,45235,1179,1111,2,1113,21
2020-12-29,Colusa,011,21464,1341,1272,89,1361,7
2020-12-29,Contra Costa,013,1133247,42391,39225,621,39846,325
2020-12-29,Del Norte,015,27424,781,724,2,726,2
2020-12-29,El Dorado,017,186661,6493,5551,326,5877,22
2020-12-29,Fresno,019,978130,70605,65149,4895,70044,688
2020-12-29,Glenn,021,27897,1618,1454,281,1735,9
2020-12-29,Humboldt,023,135768,1847,1616,7,1623,19
2020-12-29,Imperial,025,180216,23340,22105,1469,23574,407
2020-12-29,Inyo,027,18085,704,571,1,572,19
2020-12-29,Kern,029,883053,68327,63096,5382,68478,589
2020-12-29,Kings,031,150075,16726,15777,585,16362,108
2020-12-29,Lake,033,64148,1997,1805,0,1805,22
2020-12-29,Lassen,035,31185,4556,4288,54,4342,1
2020-12-29,Los Angeles,037,10098052,809507,731907,23195,755102,9786
2020-12-29,Madera,039,155013,11130,10251,466,10717,64
2020-12-29,Marin,041,260295,9974,9595,84,9679,146
2020-12-29,Mariposa,043,17540,261,212,2,214,3
2020-12-29,Mendocino,045,87422,2514,2249,21,2270,24
2020-12-29,Merced,047,269075,19535,18464,359,18823,221
2020-12-29,Modoc,049,8938,265,232,77,309,0
2020-12-29,Mono,051,14174,894,868,10,878,3
2020-12-29,Monterey,053,433212,28858,26894,729,27623,185
2020-12-29,Napa,055,140530,6144,5663,24,5687,28
2020-12-29,Nevada,057,99092,2829,2550,91,2641,15
2020-12-29,Orange,059,3164182,170590,154411,6690,161101,1839
2020-12-29,Placer,061,380077,15063,13392,625,14017,126
2020-12-29,Plumas,063,18699,477,395,9,404,1
2020-12-29,Riverside,065,2383286,194529,177624,9007,186631,1904
2020-12-29,Sacramento,067,1510023,67859,65078,651,65729,820
2020-12-29,San Benito,069,59416,3782,3474,32,3506,25
2020-12-29,San Bernardino,071,2135413,209114,190476,5824,196300,1557
2020-12-29,San Diego,073,3302833,168892,150062,7551,157613,1435
2020-12-29,San Francisco,075,870044,24394,22996,233,23229,178
2020-12-29,San Joaquin,077,732212,47522,44699,1706,46405,622
2020-12-29,San Luis Obispo,079,281455,11734,10387,267,10654,80
2020-12-29,San Mateo,081,765935,26517,23773,111,23884,189
2020-12-29,Santa Barbara,083,443738,19126,16797,527,17324,155
2020-12-29,Santa Clara,085,1922200,73798,67581,306,67887,621
2020-12-29,Santa Cruz,087,273765,9812,8492,383,8875,84
2020-12-29,Shasta,089,179085,8416,7782,750,8532,65
2020-12-29,Sierra,091,2930,32,24,7,31,0
2020-12-29,Siskiyou,093,43540,1035,926,119,1045,3
2020-12-29,Solano,095,438530,20159,18412,210,18622,96
2020-12-29,Sonoma,097,501317,19908,18790,113,18903,187
2020-12-29,Stanislaus,099,539301,35923,33775,3383,37158,508
2020-12-29,Sutter,101,95872,6670,6302,48,6350,50
2020-12-29,Tehama,103,63373,3159,2962,315,3277,9
2020-12-29,Trinity,105,12862,363,241,46,287,2
2020-12-29,Tulare,107,460477,34899,32545,4025,36570,419
2020-12-29,Tuolumne,109,53932,2968,2797,12,2809,12
2020-12-29,Ventura,111,848112,43117,38669,1743,40412,235
2020-12-29,Yolo,113,214977,8918,8124,71,8195,111
2020-12-29,Yuba,115,75493,3947,3723,40,3763,18
2020-12-28,Alameda,001,1643700,53613,50405,1000,51405,551
2020-12-28,Alpine,003,1148,69,65,0,65,0
2020-12-28,Amador,005,37829,2572,2255,19,2274,23
2020-12-28,Butte,007,227075,7799,7053,930,7983,86
2020-12-28,Calaveras,009,45235,1156,1102,2,1104,21
2020-12-28,Colusa,011,21464,1316,1255,74,1329,7
2020-12-28,Contra Costa,013,1133247,41456,38872,594,39466,324
2020-12-28,Del Norte,015,27424,771,718,2,720,2
2020-12-28,El Dorado,017,186661,6337,5441,314,5755,18
2020-12-28,Fresno,019,978130,69333,64274,4740,69014,679
2020-12-28,Glenn,021,27897,1584,1435,269,1704,9
2020-12-28,Humboldt,023,135768,1812,1579,7,1586,19
2020-12-28,Imperial,025,180216,23082,22003,1392,23395,405
2020-12-28,Inyo,027,18085,697,569,1,570,19
2020-12-28,Kern,029,883053,67263,62392,5175,67567,579
2020-12-28,Kings,031,150075,16509,15733,567,16300,108
2020-12-28,Lake,033,64148,1956,1785,0,1785,22
2020-12-28,Lassen,035,31185,4449,4284,53,4337,1
2020-12-28,Los Angeles,037,10098052,787198,720699,22359,743058,9544
2020-12-28,Madera,039,155013,10957,10123,443,10566,64
2020-12-28,Marin,041,260295,9866,9546,78,9624,145
2020-12-28,Mariposa,043,17540,237,211,2,213,3
2020-12-28,Mendocino,045,87422,2479,2214,21,2235,23
2020-12-28,Merced,047,269075,19213,18245,341,18586,213
2020-12-28,Modoc,049,8938,260,220,76,296,0
2020-12-28,Mono,051,14174,890,848,10,858,3
2020-12-28,Monterey,053,433212,28019,26529,716,27245,182
2020-12-28,Napa,055,140530,6035,5576,24,5600,26
2020-12-28,Nevada,057,99092,2781,2532,87,2619,15
2020-12-28,Orange,059,3164182,166485,152089,6511,158600,1839
2020-12-28,Placer,061,380077,14724,13234,597,13831,126
2020-12-28,Plumas,063,18699,473,391,9,400,0
2020-12-28,Riverside,065,2383286,189645,174029,8703,182732,1855
2020-12-28,Sacramento,067,1510023,66627,64322,626,64948,813
2020-12-28,San Benito,069,59416,3713,3429,31,3460,24
2020-12-28,San Bernardino,071,2135413,204013,188919,5707,194626,1552
2020-12-28,San Diego,073,3302833,164147,147528,7369,154897,1404
2020-12-28,San Francisco,075,870044,24034,22726,227,22953,178
2020-12-28,San Joaquin,077,732212,46589,44172,1674,45846,618
2020-12-28,San Luis Obispo,079,281455,11383,10260,262,10522,76
2020-12-28,San Mateo,081,765935,26043,23467,108,23575,189
2020-12-28,Santa Barbara,083,443738,18666,16579,515,17094,155
2020-12-28,Santa Clara,085,1922200,72312,66418,299,66717,619
2020-12-28,Santa Cruz,087,273765,9544,8310,373,8683,81
2020-12-28,Shasta,089,179085,8297,7688,737,8425,65
2020-12-28,Sierra,091,2930,29,24,7,31,0
2020-12-28,Siskiyou,093,43540,1020,915,113,1028,3
2020-12-28,Solano,095,438530,19587,18171,204,18375,96
2020-12-28,Sonoma,097,501317,19562,18667,111,18778,185
2020-12-28,Stanislaus,099,539301,35377,33473,3317,36790,507
2020-12-28,Sutter,101,95872,6587,6253,48,6301,49
2020-12-28,Tehama,103,63373,3106,2934,306,3240,9
2020-12-28,Trinity,105,12862,361,240,46,286,2
2020-12-28,Tulare,107,460477,34217,32010,3912,35922,404
2020-12-28,Tuolumne,109,53932,2951,2777,12,2789,12
2020-12-28,Ventura,111,848112,41448,37151,1696,38847,230
2020-12-28,Yolo,113,214977,8763,8031,70,8101,111
2020-12-28,Yuba,115,75493,3887,3679,39,3718,18
2020-12-27,Alameda,001,1643700,52371,49764,972,50736,551
2020-12-27,Alpine,003,1148,67,65,0,65,0
2020-12-27,Amador,005,37829,2451,2218,19,2237,23
2020-12-27,Butte,007,227075,7645,7016,893,7909,86
2020-12-27,Calaveras,009,45235,1109,1097,2,1099,21
2020-12-27,Colusa,011,21464,1291,1253,71,1324,7
2020-12-27,Contra Costa,013,1133247,40528,38428,564,38992,324
2020-12-27,Del Norte,015,27424,748,712,2,714,2
2020-12-27,El Dorado,017,186661,6125,5388,288,5676,18
2020-12-27,Fresno,019,978130,68087,63811,4527,68338,679
2020-12-27,Glenn,021,27897,1558,1434,254,1688,9
2020-12-27,Humboldt,023,135768,1768,1575,7,1582,17
2020-12-27,Imperial,025,180216,22791,21934,1274,23208,405
2020-12-27,Inyo,027,18085,675,565,1,566,18
2020-12-27,Kern,029,883053,65989,61914,5005,66919,568
2020-12-27,Kings,031,150075,16273,15593,531,16124,108
2020-12-27,Lake,033,64148,1900,1769,0,1769,22
2020-12-27,Lassen,035,31185,4372,4230,46,4276,1
2020-12-27,Los Angeles,037,10098052,765756,707260,21433,728693,9476
2020-12-27,Madera,039,155013,10699,10005,433,10438,64
2020-12-27,Marin,041,260295,9743,9477,72,9549,144
2020-12-27,Mariposa,043,17540,230,208,2,210,3
2020-12-27,Mendocino,045,87422,2432,2209,21,2230,23
2020-12-27,Merced,047,269075,18846,18075,325,18400,213
2020-12-27,Modoc,049,8938,251,221,72,293,0
2020-12-27,Mono,051,14174,871,849,10,859,3
2020-12-27,Monterey,053,433212,27471,26322,699,27021,181
2020-12-27,Napa,055,140530,5901,5496,24,5520,26
2020-12-27,Nevada,057,99092,2745,2519,87,2606,15
2020-12-27,Orange,059,3164182,162095,149276,6321,155597,1839
2020-12-27,Placer,061,380077,14427,13017,565,13582,126
2020-12-27,Plumas,063,18699,467,390,9,399,0
2020-12-27,Riverside,065,2383286,184742,171995,8387,180382,1836
2020-12-27,Sacramento,067,1510023,65422,63416,602,64018,811
2020-12-27,San Benito,069,59416,3627,3394,31,3425,24
2020-12-27,San Bernardino,071,2135413,198944,186776,5564,192340,1551
2020-12-27,San Diego,073,3302833,159740,145777,7182,152959,1402
2020-12-27,San Francisco,075,870044,23687,22514,218,22732,178
2020-12-27,San Joaquin,077,732212,45552,43529,1623,45152,618
2020-12-27,San Luis Obispo,079,281455,10976,10154,257,10411,76
2020-12-27,San Mateo,081,765935,25477,23136,104,23240,187
2020-12-27,Santa Barbara,083,443738,18147,16364,487,16851,155
2020-12-27,Santa Clara,085,1922200,70694,65288,294,65582,619
2020-12-27,Santa Cruz,087,273765,9278,8234,364,8598,81
2020-12-27,Shasta,089,179085,8174,7671,713,8384,65
2020-12-27,Sierra,091,2930,29,24,6,30,0
2020-12-27,Siskiyou,093,43540,1010,914,108,1022,3
2020-12-27,Solano,095,438530,19094,17840,198,18038,96
2020-12-27,Sonoma,097,501317,19273,18487,110,18597,185
2020-12-27,Stanislaus,099,539301,34775,33076,3221,36297,506
2020-12-27,Sutter,101,95872,6505,6218,46,6264,48
2020-12-27,Tehama,103,63373,3038,2922,289,3211,9
2020-12-27,Trinity,105,12862,355,240,44,284,2
2020-12-27,Tulare,107,460477,33621,31864,3790,35654,400
2020-12-27,Tuolumne,109,53932,2844,2750,10,2760,12
2020-12-27,Ventura,111,848112,40387,36661,1641,38302,230
2020-12-27,Yolo,113,214977,8573,7919,64,7983,111
2020-12-27,Yuba,115,75493,3823,3665,37,3702,18
2020-12-26,Alameda,001,1643700,51761,49084,959,50043,551
2020-12-26,Alpine,003,1148,67,65,0,65,0
2020-12-26,Amador,005,37829,2437,2189,19,2208,23
2020-12-26,Butte,007,227075,7550,6968,871,7839,86
2020-12-26,Calaveras,009,45235,1103,1084,2,1086,21
2020-12-26,Colusa,011,21464,1281,1240,71,1311,7
2020-12-26,Contra Costa,013,1133247,40065,38008,550,38558,324
2020-12-26,Del Norte,015,27424,742,709,2,711,2
2020-12-26,El Dorado,017,186661,6070,5279,284,5563,18
2020-12-26,Fresno,019,978130,67617,63080,4463,67543,679
2020-12-26,Glenn,021,27897,1537,1413,248,1661,9
2020-12-26,Humboldt,023,135768,1730,1545,7,1552,17
2020-12-26,Imperial,025,180216,22701,21734,1221,22955,405
2020-12-26,Inyo,027,18085,662,554,1,555,18
2020-12-26,Kern,029,883053,65321,61174,4846,66020,564
2020-12-26,Kings,031,150075,16155,15517,526,16043,108
2020-12-26,Lake,033,64148,1857,1710,0,1710,22
2020-12-26,Lassen,035,31185,4351,3981,46,4027,1
2020-12-26,Los Angeles,037,10098052,757241,694149,20909,715058,9424
2020-12-26,Madera,039,155013,10622,9908,421,10329,64
2020-12-26,Marin,041,260295,9708,9413,71,9484,143
2020-12-26,Mariposa,043,17540,229,206,2,208,3
2020-12-26,Mendocino,045,87422,2386,2194,21,2215,23
2020-12-26,Merced,047,269075,18688,17890,320,18210,213
2020-12-26,Modoc,049,8938,248,222,72,294,0
2020-12-26,Mono,051,14174,865,850,10,860,3
2020-12-26,Monterey,053,433212,27338,26010,690,26700,182
2020-12-26,Napa,055,140530,5843,5427,24,5451,26
2020-12-26,Nevada,057,99092,2717,2480,87,2567,15
2020-12-26,Orange,059,3164182,159900,147304,6225,153529,1838
2020-12-26,Placer,061,380077,14258,12816,550,13366,122
2020-12-26,Plumas,063,18699,464,381,9,390,0
2020-12-26,Riverside,065,2383286,182262,169360,8223,177583,1834
2020-12-26,Sacramento,067,1510023,64799,62435,592,63027,807
2020-12-26,San Benito,069,59416,3554,3330,31,3361,24
2020-12-26,San Bernardino,071,2135413,197283,185111,5478,190589,1551
2020-12-26,San Diego,073,3302833,157215,142644,7035,149679,1402
2020-12-26,San Francisco,075,870044,23453,22319,217,22536,177
2020-12-26,San Joaquin,077,732212,45166,42887,1574,44461,618
2020-12-26,San Luis Obispo,079,281455,10889,9945,252,10197,76
2020-12-26,San Mateo,081,765935,25138,22908,99,23007,187
2020-12-26,Santa Barbara,083,443738,17910,16159,481,16640,155
2020-12-26,Santa Clara,085,1922200,69626,64185,291,64476,618
2020-12-26,Santa Cruz,087,273765,9152,8113,354,8467,81
2020-12-26,Shasta,089,179085,8115,7641,700,8341,65
2020-12-26,Sierra,091,2930,29,24,6,30,0
2020-12-26,Siskiyou,093,43540,1003,909,104,1013,2
2020-12-26,Solano,095,438530,18850,17528,198,17726,96
2020-12-26,Sonoma,097,501317,19073,18261,108,18369,184
2020-12-26,Stanislaus,099,539301,34485,32678,3170,35848,505
2020-12-26,Sutter,101,95872,6446,6121,46,6167,48
2020-12-26,Tehama,103,63373,3011,2884,284,3168,9
2020-12-26,Trinity,105,12862,353,237,43,280,2
2020-12-26,Tulare,107,460477,33321,31665,3736,35401,398
2020-12-26,Tuolumne,109,53932,2833,2703,10,2713,12
2020-12-26,Ventura,111,848112,39420,36064,1610,37674,230
2020-12-26,Yolo,113,214977,8472,7785,61,7846,111
2020-12-26,Yuba,115,75493,3795,3599,37,3636,18
2020-12-25,Alameda,001,1643700,51198,48365,944,49309,542
2020-12-25,Alpine,003,1148,67,64,0,64,0
2020-12-25,Amador,005,37829,2394,2172,19,2191,23
2020-12-25,Butte,007,227075,7452,6873,851,7724,85
2020-12-25,Calaveras,009,45235,1100,1062,2,1064,21
2020-12-25,Colusa,011,21464,1269,1219,70,1289,7
2020-12-25,Contra Costa,013,1133247,39597,37480,524,38004,324
2020-12-25,Del Norte,015,27424,739,692,2,694,2
2020-12-25,El Dorado,017,186661,6005,5170,271,5441,16
2020-12-25,Fresno,019,978130,66755,62251,4377,66628,679
2020-12-25,Glenn,021,27897,1522,1390,240,1630,9
2020-12-25,Humboldt,023,135768,1690,1532,7,1539,16
2020-12-25,Imperial,025,180216,22609,21646,1208,22854,405
2020-12-25,Inyo,027,18085,653,546,1,547,18
2020-12-25,Kern,029,883053,64594,60417,4695,65112,562
2020-12-25,Kings,031,150075,16044,15460,522,15982,108
2020-12-25,Lake,033,64148,1837,1669,0,1669,20
2020-12-25,Lassen,035,31185,4336,3926,46,3972,1
2020-12-25,Los Angeles,037,10098052,743622,665600,20212,685812,9292
2020-12-25,Madera,039,155013,10454,9770,413,10183,64
2020-12-25,Marin,041,260295,9658,9375,68,9443,143
2020-12-25,Mariposa,043,17540,223,203,2,205,3
2020-12-25,Mendocino,045,87422,2344,2176,21,2197,23
2020-12-25,Merced,047,269075,18527,17726,313,18039,213
2020-12-25,Modoc,049,8938,247,221,72,293,0
2020-12-25,Mono,051,14174,863,843,10,853,3
2020-12-25,Monterey,053,433212,27064,25788,681,26469,182
2020-12-25,Napa,055,140530,5763,5351,24,5375,26
2020-12-25,Nevada,057,99092,2691,2458,85,2543,15
2020-12-25,Orange,059,3164182,157216,144542,6030,150572,1814
2020-12-25,Placer,061,380077,14073,12660,527,13187,122
2020-12-25,Plumas,063,18699,457,381,9,390,0
2020-12-25,Riverside,065,2383286,178976,166690,7904,174594,1825
2020-12-25,Sacramento,067,1510023,64107,61630,565,62195,796
2020-12-25,San Benito,069,59416,3515,3281,29,3310,24
2020-12-25,San Bernardino,071,2135413,194642,181812,5360,187172,1546
2020-12-25,San Diego,073,3302833,154734,139958,6858,146816,1402
2020-12-25,San Francisco,075,870044,23177,22130,212,22342,175
2020-12-25,San Joaquin,077,732212,44861,42089,1517,43606,614
2020-12-25,San Luis Obispo,079,281455,10706,9749,245,9994,76
2020-12-25,San Mateo,081,765935,24815,22568,96,22664,187
2020-12-25,Santa Barbara,083,443738,17685,15936,474,16410,155
2020-12-25,Santa Clara,085,1922200,68513,63173,282,63455,612
2020-12-25,Santa Cruz,087,273765,9012,8018,330,8348,81
2020-12-25,Shasta,089,179085,8042,7612,677,8289,65
2020-12-25,Sierra,091,2930,29,24,5,29,0
2020-12-25,Siskiyou,093,43540,997,905,101,1006,2
2020-12-25,Solano,095,438530,18678,17280,196,17476,96
2020-12-25,Sonoma,097,501317,18897,18035,106,18141,184
2020-12-25,Stanislaus,099,539301,34193,32290,3123,35413,498
2020-12-25,Sutter,101,95872,6387,6051,45,6096,47
2020-12-25,Tehama,103,63373,2963,2839,270,3109,9
2020-12-25,Trinity,105,12862,350,236,43,279,2
2020-12-25,Tulare,107,460477,32934,31323,3667,34990,398
2020-12-25,Tuolumne,109,53932,2814,2674,10,2684,12
2020-12-25,Ventura,111,848112,38266,35514,1560,37074,230
2020-12-25,Yolo,113,214977,8375,7700,59,7759,111
2020-12-25,Yuba,115,75493,3759,3549,36,3585,17
2020-12-24,Alameda,001,1643700,50859,47527,924,48451,541
2020-12-24,Alpine,003,1148,67,64,0,64,0
2020-12-24,Amador,005,37829,2382,2145,19,2164,23
2020-12-24,Butte,007,227075,7413,6716,837,7553,84
2020-12-24,Calaveras,009,45235,1097,1032,2,1034,21
2020-12-24,Colusa,011,21464,1264,1188,69,1257,7
2020-12-24,Contra Costa,013,1133247,39352,36623,513,37136,311
2020-12-24,Del Norte,015,27424,739,678,2,680,2
2020-12-24,El Dorado,017,186661,5979,5042,263,5305,16
2020-12-24,Fresno,019,978130,66531,61435,4363,65798,663
2020-12-24,Glenn,021,27897,1511,1363,232,1595,9
2020-12-24,Humboldt,023,135768,1667,1516,7,1523,16
2020-12-24,Imperial,025,180216,22560,21545,1199,22744,402
2020-12-24,Inyo,027,18085,651,532,1,533,17
2020-12-24,Kern,029,883053,64307,59601,4682,64283,556
2020-12-24,Kings,031,150075,16004,15211,521,15732,108
2020-12-24,Lake,033,64148,1822,1629,0,1629,20
2020-12-24,Lassen,035,31185,4323,3894,46,3940,1
2020-12-24,Los Angeles,037,10098052,739470,664840,19949,684789,9288
2020-12-24,Madera,039,155013,10416,9547,406,9953,63
2020-12-24,Marin,041,260295,9624,9287,68,9355,143
2020-12-24,Mariposa,043,17540,219,197,2,199,3
2020-12-24,Mendocino,045,87422,2334,2150,21,2171,23
2020-12-24,Merced,047,269075,18456,17485,309,17794,212
2020-12-24,Modoc,049,8938,247,220,71,291,0
2020-12-24,Mono,051,14174,861,817,10,827,3
2020-12-24,Monterey,053,433212,26956,25131,674,25805,180
2020-12-24,Napa,055,140530,5708,5265,24,5289,26
2020-12-24,Nevada,057,99092,2667,2429,85,2514,15
2020-12-24,Orange,059,3164182,155737,141205,5978,147183,1775
2020-12-24,Placer,061,380077,13984,12457,520,12977,121
2020-12-24,Plumas,063,18699,454,376,9,385,0
2020-12-24,Riverside,065,2383286,178044,162435,7865,170300,1816
2020-12-24,Sacramento,067,1510023,63833,60596,563,61159,788
2020-12-24,San Benito,069,59416,3484,3183,29,3212,24
2020-12-24,San Bernardino,071,2135413,193616,176866,5326,182192,1533
2020-12-24,San Diego,073,3302833,153650,136952,6826,143778,1382
2020-12-24,San Francisco,075,870044,23010,21830,209,22039,175
2020-12-24,San Joaquin,077,732212,44699,41324,1499,42823,611
2020-12-24,San Luis Obispo,079,281455,10638,9504,243,9747,77
2020-12-24,San Mateo,081,765935,24618,22093,96,22189,186
2020-12-24,Santa Barbara,083,443738,17580,15644,466,16110,153
2020-12-24,Santa Clara,085,1922200,67908,61742,275,62017,591
2020-12-24,Santa Cruz,087,273765,8941,7856,318,8174,82
2020-12-24,Shasta,089,179085,8002,7540,659,8199,65
2020-12-24,Sierra,091,2930,27,23,2,25,0
2020-12-24,Siskiyou,093,43540,992,900,94,994,2
2020-12-24,Solano,095,438530,18537,16872,191,17063,96
2020-12-24,Sonoma,097,501317,18799,17710,106,17816,183
2020-12-24,Stanislaus,099,539301,33998,31848,3098,34946,498
2020-12-24,Sutter,101,95872,6346,5960,44,6004,47
2020-12-24,Tehama,103,63373,2947,2779,269,3048,9
2020-12-24,Trinity,105,12862,349,235,43,278,2
2020-12-24,Tulare,107,460477,32817,30827,3640,34467,390
2020-12-24,Tuolumne,109,53932,2805,2653,10,2663,12
2020-12-24,Ventura,111,848112,37987,34400,1553,35953,224
2020-12-24,Yolo,113,214977,8333,7566,59,7625,113
2020-12-24,Yuba,115,75493,3734,3483,36,3519,16
2020-12-23,Alameda,001,1643700,50290,46753,896,47649,537
2020-12-23,Alpine,003,1148,67,64,0,64,0
2020-12-23,Amador,005,37829,2313,2108,18,2126,23
2020-12-23,Butte,007,227075,7327,6588,809,7397,84
2020-12-23,Calaveras,009,45235,1089,1002,1,1003,21
2020-12-23,Colusa,011,21464,1253,1167,69,1236,7
2020-12-23,Contra Costa,013,1133247,38954,36190,500,36690,311
2020-12-23,Del Norte,015,27424,732,670,2,672,2
2020-12-23,El Dorado,017,186661,5905,4967,254,5221,14
2020-12-23,Fresno,019,978130,65923,60488,4296,64784,654
2020-12-23,Glenn,021,27897,1497,1349,228,1577,9
2020-12-23,Humboldt,023,135768,1642,1458,7,1465,16
2020-12-23,Imperial,025,180216,22465,21323,1169,22492,399
2020-12-23,Inyo,027,18085,639,517,1,518,17
2020-12-23,Kern,029,883053,63791,58656,4584,63240,549
2020-12-23,Kings,031,150075,15926,14923,518,15441,105
2020-12-23,Lake,033,64148,1808,1595,0,1595,20
2020-12-23,Lassen,035,31185,4313,3865,43,3908,1
2020-12-23,Los Angeles,037,10098052,730449,651958,19395,671353,9146
2020-12-23,Madera,039,155013,10257,9371,392,9763,63
2020-12-23,Marin,041,260295,9566,9199,65,9264,142
2020-12-23,Mariposa,043,17540,217,194,2,196,3
2020-12-23,Mendocino,045,87422,2322,2121,21,2142,23
2020-12-23,Merced,047,269075,18300,17250,302,17552,203
2020-12-23,Modoc,049,8938,243,197,70,267,0
2020-12-23,Mono,051,14174,859,814,10,824,3
2020-12-23,Monterey,053,433212,26658,24856,668,25524,176
2020-12-23,Napa,055,140530,5640,5172,24,5196,25
2020-12-23,Nevada,057,99092,2622,2406,84,2490,15
2020-12-23,Orange,059,3164182,153284,138050,5811,143861,1771
2020-12-23,Placer,061,380077,13776,12213,512,12725,111
2020-12-23,Plumas,063,18699,447,369,9,378,0
2020-12-23,Riverside,065,2383286,175776,158110,7703,165813,1790
2020-12-23,Sacramento,067,1510023,63186,59661,548,60209,779
2020-12-23,San Benito,069,59416,3430,3073,27,3100,24
2020-12-23,San Bernardino,071,2135413,191580,172888,5257,178145,1509
2020-12-23,San Diego,073,3302833,151224,134695,6690,141385,1350
2020-12-23,San Francisco,075,870044,22787,21498,206,21704,174
2020-12-23,San Joaquin,077,732212,44174,35664,1456,37120,602
2020-12-23,San Luis Obispo,079,281455,10496,9267,238,9505,74
2020-12-23,San Mateo,081,765935,24316,21780,94,21874,186
2020-12-23,Santa Barbara,083,443738,17372,15399,437,15836,152
2020-12-23,Santa Clara,085,1922200,67000,60455,270,60725,579
2020-12-23,Santa Cruz,087,273765,8781,7637,300,7937,75
2020-12-23,Shasta,089,179085,7929,7487,652,8139,66
2020-12-23,Sierra,091,2930,27,23,0,23,0
2020-12-23,Siskiyou,093,43540,971,891,91,982,2
2020-12-23,Solano,095,438530,18329,16626,186,16812,95
2020-12-23,Sonoma,097,501317,18595,17397,106,17503,182
2020-12-23,Stanislaus,099,539301,33656,31492,3043,34535,499
2020-12-23,Sutter,101,95872,6280,5871,44,5915,46
2020-12-23,Tehama,103,63373,2930,2737,265,3002,9
2020-12-23,Trinity,105,12862,349,234,42,276,2
2020-12-23,Tulare,107,460477,32527,30315,3600,33915,385
2020-12-23,Tuolumne,109,53932,2765,2540,10,2550,12
2020-12-23,Ventura,111,848112,37594,33377,1522,34899,216
2020-12-23,Yolo,113,214977,8255,7508,58,7566,112
2020-12-23,Yuba,115,75493,3682,3438,36,3474,14
2020-12-22,Alameda,001,1643700,49406,45751,864,46615,534
2020-12-22,Alpine,003,1148,67,64,0,64,0
2020-12-22,Amador,005,37829,2302,1839,18,1857,23
2020-12-22,Butte,007,227075,7199,6467,793,7260,85
2020-12-22,Calaveras,009,45235,1062,988,0,988,21
2020-12-22,Colusa,011,21464,1230,1150,65,1215,7
2020-12-22,Contra Costa,013,1133247,38327,35681,487,36168,301
2020-12-22,Del Norte,015,27424,726,666,2,668,2
2020-12-22,El Dorado,017,186661,5783,4885,241,5126,12
2020-12-22,Fresno,019,978130,64892,59640,4188,63828,640
2020-12-22,Glenn,021,27897,1474,1337,217,1554,9
2020-12-22,Humboldt,023,135768,1608,1440,7,1447,16
2020-12-22,Imperial,025,180216,22276,21128,1126,22254,398
2020-12-22,Inyo,027,18085,619,506,1,507,17
2020-12-22,Kern,029,883053,62844,57816,4440,62256,547
2020-12-22,Kings,031,150075,15786,14855,512,15367,102
2020-12-22,Lake,033,64148,1785,1569,0,1569,20
2020-12-22,Lassen,035,31185,4171,3848,41,3889,1
2020-12-22,Los Angeles,037,10098052,713224,635931,18688,654619,9013
2020-12-22,Madera,039,155013,10140,9187,376,9563,63
2020-12-22,Marin,041,260295,9502,9115,64,9179,142
2020-12-22,Mariposa,043,17540,214,194,2,196,3
2020-12-22,Mendocino,045,87422,2289,2092,21,2113,23
2020-12-22,Merced,047,269075,18055,17012,297,17309,201
2020-12-22,Modoc,049,8938,235,182,69,251,0
2020-12-22,Mono,051,14174,849,786,10,796,3
2020-12-22,Monterey,053,433212,25992,24152,647,24799,176
2020-12-22,Napa,055,140530,5553,5059,24,5083,23
2020-12-22,Nevada,057,99092,2595,2367,83,2450,14
2020-12-22,Orange,059,3164182,149941,134850,5638,140488,1774
2020-12-22,Placer,061,380077,13534,11943,492,12435,105
2020-12-22,Plumas,063,18699,441,360,9,369,0
2020-12-22,Riverside,065,2383286,171971,155059,7427,162486,1777
2020-12-22,Sacramento,067,1510023,62258,57966,529,58495,772
2020-12-22,San Benito,069,59416,3352,2998,27,3025,24
2020-12-22,San Bernardino,071,2135413,187011,169266,5106,174372,1500
2020-12-22,San Diego,073,3302833,147865,132097,6528,138625,1311
2020-12-22,San Francisco,075,870044,22518,21232,202,21434,174
2020-12-22,San Joaquin,077,732212,43418,39423,1408,40831,592
2020-12-22,San Luis Obispo,079,281455,10151,9174,233,9407,69
2020-12-22,San Mateo,081,765935,23989,21382,78,21460,186
2020-12-22,Santa Barbara,083,443738,17111,15189,427,15616,150
2020-12-22,Santa Clara,085,1922200,65834,59192,263,59455,569
2020-12-22,Santa Cruz,087,273765,8602,7471,274,7745,72
2020-12-22,Shasta,089,179085,7850,7371,635,8006,64
2020-12-22,Sierra,091,2930,27,23,0,23,0
2020-12-22,Siskiyou,093,43540,965,880,89,969,2
2020-12-22,Solano,095,438530,17925,16229,183,16412,95
2020-12-22,Sonoma,097,501317,18277,17216,106,17322,180
2020-12-22,Stanislaus,099,539301,33277,30914,2969,33883,499
2020-12-22,Sutter,101,95872,6219,5791,43,5834,46
2020-12-22,Tehama,103,63373,2881,2688,257,2945,9
2020-12-22,Trinity,105,12862,349,231,42,273,2
2020-12-22,Tulare,107,460477,32063,30025,3529,33554,377
2020-12-22,Tuolumne,109,53932,2710,2526,10,2536,12
2020-12-22,Ventura,111,848112,36830,32488,1478,33966,213
2020-12-22,Yolo,113,214977,8142,7388,57,7445,113
2020-12-22,Yuba,115,75493,3631,3379,36,3415,14
2020-12-21,Alameda,001,1643700,48506,44756,836,45592,518
2020-12-21,Alpine,003,1148,66,64,0,64,0
2020-12-21,Amador,005,37829,2225,1815,18,1833,23
2020-12-21,Butte,007,227075,7044,6335,769,7104,81
2020-12-21,Calaveras,009,45235,1032,963,0,963,21
2020-12-21,Colusa,011,21464,1203,1135,60,1195,7
2020-12-21,Contra Costa,013,1133247,37576,35207,450,35657,300
2020-12-21,Del Norte,015,27424,711,660,2,662,2
2020-12-21,El Dorado,017,186661,5636,4805,228,5033,10
2020-12-21,Fresno,019,978130,63740,58568,4041,62609,634
2020-12-21,Glenn,021,27897,1442,1323,209,1532,9
2020-12-21,Humboldt,023,135768,1584,1419,7,1426,16
2020-12-21,Imperial,025,180216,22007,20994,1082,22076,395
2020-12-21,Inyo,027,18085,598,482,1,483,17
2020-12-21,Kern,029,883053,61956,56836,4301,61137,541
2020-12-21,Kings,031,150075,15537,14760,496,15256,100
2020-12-21,Lake,033,64148,1730,1538,0,1538,20
2020-12-21,Lassen,035,31185,4011,3798,39,3837,1
2020-12-21,Los Angeles,037,10098052,694179,624129,17985,642114,8918
2020-12-21,Madera,039,155013,9946,9069,356,9425,63
2020-12-21,Marin,041,260295,9433,9035,64,9099,142
2020-12-21,Mariposa,043,17540,209,186,2,188,3
2020-12-21,Mendocino,045,87422,2258,2066,20,2086,23
2020-12-21,Merced,047,269075,17806,16710,280,16990,198
2020-12-21,Modoc,049,8938,221,181,68,249,0
2020-12-21,Mono,051,14174,838,781,10,791,3
2020-12-21,Monterey,053,433212,25460,23673,633,24306,174
2020-12-21,Napa,055,140530,5465,4952,24,4976,23
2020-12-21,Nevada,057,99092,2562,2337,83,2420,13
2020-12-21,Orange,059,3164182,146533,130444,5482,135926,1772
2020-12-21,Placer,061,380077,13301,11715,472,12187,105
2020-12-21,Plumas,063,18699,437,353,9,362,0
2020-12-21,Riverside,065,2383286,167756,151713,7088,158801,1743
2020-12-21,Sacramento,067,1510023,61237,57064,512,57576,759
2020-12-21,San Benito,069,59416,3284,2921,27,2948,22
2020-12-21,San Bernardino,071,2135413,182232,165086,4939,170025,1476
2020-12-21,San Diego,073,3302833,144413,129716,6365,136081,1284
2020-12-21,San Francisco,075,870044,22232,21086,200,21286,174
2020-12-21,San Joaquin,077,732212,42625,38811,1355,40166,586
2020-12-21,San Luis Obispo,079,281455,9963,9006,228,9234,64
2020-12-21,San Mateo,081,765935,23584,21035,75,21110,185
2020-12-21,Santa Barbara,083,443738,16840,14988,422,15410,149
2020-12-21,Santa Clara,085,1922200,64641,57699,251,57950,570
2020-12-21,Santa Cruz,087,273765,8390,7315,261,7576,69
2020-12-21,Shasta,089,179085,7785,7299,625,7924,64
2020-12-21,Sierra,091,2930,24,23,0,23,0
2020-12-21,Siskiyou,093,43540,957,878,88,966,2
2020-12-21,Solano,095,438530,17455,15878,178,16056,95
2020-12-21,Sonoma,097,501317,18003,17075,102,17177,176
2020-12-21,Stanislaus,099,539301,32819,30437,2895,33332,499
2020-12-21,Sutter,101,95872,6123,5708,43,5751,46
2020-12-21,Tehama,103,63373,2813,2656,249,2905,9
2020-12-21,Trinity,105,12862,347,226,41,267,2
2020-12-21,Tulare,107,460477,31567,29482,3435,32917,373
2020-12-21,Tuolumne,109,53932,2685,2423,8,2431,12
2020-12-21,Ventura,111,848112,35750,31759,1441,33200,212
2020-12-21,Yolo,113,214977,7996,7266,53,7319,109
2020-12-21,Yuba,115,75493,3572,3329,36,3365,14
2020-12-20,Alameda,001,1643700,47626,44004,813,44817,516
2020-12-20,Alpine,003,1148,66,64,0,64,0
2020-12-20,Amador,005,37829,2167,1771,17,1788,23
2020-12-20,Butte,007,227075,6902,6228,732,6960,81
2020-12-20,Calaveras,009,45235,1008,926,0,926,21
2020-12-20,Colusa,011,21464,1176,1121,52,1173,7
2020-12-20,Contra Costa,013,1133247,36989,34798,432,35230,301
2020-12-20,Del Norte,015,27424,689,652,2,654,2
2020-12-20,El Dorado,017,186661,5510,4697,219,4916,10
2020-12-20,Fresno,019,978130,62753,57616,3898,61514,634
2020-12-20,Glenn,021,27897,1433,1295,202,1497,9
2020-12-20,Humboldt,023,135768,1547,1386,6,1392,15
2020-12-20,Imperial,025,180216,21766,20882,975,21857,395
2020-12-20,Inyo,027,18085,583,476,1,477,17
2020-12-20,Kern,029,883053,60859,55983,4143,60126,540
2020-12-20,Kings,031,150075,15318,14629,476,15105,100
2020-12-20,Lake,033,64148,1684,1463,0,1463,20
2020-12-20,Lassen,035,31185,3957,3669,37,3706,1
2020-12-20,Los Angeles,037,10098052,676139,612975,17222,630197,8862
2020-12-20,Madera,039,155013,9736,8871,347,9218,63
2020-12-20,Marin,041,260295,9335,8948,60,9008,142
2020-12-20,Mariposa,043,17540,208,179,2,181,3
2020-12-20,Mendocino,045,87422,2233,2033,20,2053,23
2020-12-20,Merced,047,269075,17489,16435,273,16708,198
2020-12-20,Modoc,049,8938,221,181,66,247,0
2020-12-20,Mono,051,14174,820,774,10,784,3
2020-12-20,Monterey,053,433212,24983,23250,590,23840,173
2020-12-20,Napa,055,140530,5343,4865,22,4887,23
2020-12-20,Nevada,057,99092,2516,2289,77,2366,13
2020-12-20,Orange,059,3164182,143040,128780,5331,134111,1763
2020-12-20,Placer,061,380077,13076,11496,453,11949,105
2020-12-20,Plumas,063,18699,429,347,9,356,0
2020-12-20,Riverside,065,2383286,163559,148714,6790,155504,1742
2020-12-20,Sacramento,067,1510023,60237,56017,492,56509,755
2020-12-20,San Benito,069,59416,3212,2885,26,2911,21
2020-12-20,San Bernardino,071,2135413,177258,162810,4777,167587,1458
2020-12-20,San Diego,073,3302833,140693,126465,6196,132661,1280
2020-12-20,San Francisco,075,870044,21918,20937,196,21133,174
2020-12-20,San Joaquin,077,732212,41788,38268,1292,39560,587
2020-12-20,San Luis Obispo,079,281455,9670,8881,221,9102,63
2020-12-20,San Mateo,081,765935,23150,20764,71,20835,185
2020-12-20,Santa Barbara,083,443738,16525,14817,401,15218,148
2020-12-20,Santa Clara,085,1922200,63235,56860,245,57105,566
2020-12-20,Santa Cruz,087,273765,8182,7178,248,7426,69
2020-12-20,Shasta,089,179085,7670,7256,611,7867,64
2020-12-20,Sierra,091,2930,24,22,0,22,0
2020-12-20,Siskiyou,093,43540,947,870,87,957,2
2020-12-20,Solano,095,438530,17077,15533,167,15700,95
2020-12-20,Sonoma,097,501317,17728,16802,101,16903,175
2020-12-20,Stanislaus,099,539301,32297,29995,2792,32787,498
2020-12-20,Sutter,101,95872,6036,5601,43,5644,43
2020-12-20,Tehama,103,63373,2763,2602,229,2831,9
2020-12-20,Trinity,105,12862,341,221,40,261,2
2020-12-20,Tulare,107,460477,31053,29078,3334,32412,373
2020-12-20,Tuolumne,109,53932,2573,2152,7,2159,12
2020-12-20,Ventura,111,848112,35048,31335,1407,32742,210
2020-12-20,Yolo,113,214977,7845,7121,50,7171,109
2020-12-20,Yuba,115,75493,3525,3254,34,3288,12
2020-12-19,Alameda,001,1643700,47182,43109,806,43915,516
2020-12-19,Alpine,003,1148,66,64,0,64,0
2020-12-19,Amador,005,37829,2143,1754,17,1771,23
2020-12-19,Butte,007,227075,6802,6118,708,6826,81
2020-12-19,Calaveras,009,45235,991,900,0,900,21
2020-12-19,Colusa,011,21464,1168,1096,50,1146,7
2020-12-19,Contra Costa,013,1133247,36675,34321,417,34738,301
2020-12-19,Del Norte,015,27424,687,641,1,642,2
2020-12-19,El Dorado,017,186661,5443,4588,211,4799,10
2020-12-19,Fresno,019,978130,62430,55428,3829,59257,634
2020-12-19,Glenn,021,27897,1398,1286,201,1487,9
2020-12-19,Humboldt,023,135768,1530,1357,6,1363,15
2020-12-19,Imperial,025,180216,21678,20711,926,21637,395
2020-12-19,Inyo,027,18085,576,475,1,476,17
2020-12-19,Kern,029,883053,60375,55118,4032,59150,540
2020-12-19,Kings,031,150075,15239,14474,474,14948,100
2020-12-19,Lake,033,64148,1650,1438,0,1438,20
2020-12-19,Lassen,035,31185,3929,3595,37,3632,1
2020-12-19,Los Angeles,037,10098052,669078,599888,16677,616565,8804
2020-12-19,Madera,039,155013,9645,8717,335,9052,63
2020-12-19,Marin,041,260295,9296,8864,60,8924,142
2020-12-19,Mariposa,043,17540,206,177,2,179,3
2020-12-19,Mendocino,045,87422,2208,2008,20,2028,23
2020-12-19,Merced,047,269075,17350,16230,265,16495,198
2020-12-19,Modoc,049,8938,218,181,66,247,0
2020-12-19,Mono,051,14174,816,766,10,776,3
2020-12-19,Monterey,053,433212,24872,22799,584,23383,172
2020-12-19,Napa,055,140530,5281,4772,22,4794,23
2020-12-19,Nevada,057,99092,2494,2260,77,2337,13
2020-12-19,Orange,059,3164182,141120,125574,5176,130750,1733
2020-12-19,Placer,061,380077,12921,11246,447,11693,105
2020-12-19,Plumas,063,18699,426,343,9,352,0
2020-12-19,Riverside,065,2383286,161581,146703,6553,153256,1737
2020-12-19,Sacramento,067,1510023,59705,55169,478,55647,746
2020-12-19,San Benito,069,59416,3166,2820,25,2845,21
2020-12-19,San Bernardino,071,2135413,175696,159883,4669,164552,1433
2020-12-19,San Diego,073,3302833,138926,122972,6057,129029,1280
2020-12-19,San Francisco,075,870044,21767,20643,196,20839,174
2020-12-19,San Joaquin,077,732212,41387,37340,1239,38579,586
2020-12-19,San Luis Obispo,079,281455,9599,8788,218,9006,63
2020-12-19,San Mateo,081,765935,22940,20393,64,20457,182
2020-12-19,Santa Barbara,083,443738,16369,14667,394,15061,148
2020-12-19,Santa Clara,085,1922200,62426,55540,240,55780,558
2020-12-19,Santa Cruz,087,273765,8079,7054,242,7296,68
2020-12-19,Shasta,089,179085,7617,7221,599,7820,63
2020-12-19,Sierra,091,2930,24,23,0,23,0
2020-12-19,Siskiyou,093,43540,943,853,86,939,2
2020-12-19,Solano,095,438530,16911,15204,163,15367,95
2020-12-19,Sonoma,097,501317,17620,16553,101,16654,175
2020-12-19,Stanislaus,099,539301,31979,29555,2719,32274,498
2020-12-19,Sutter,101,95872,5978,5506,43,5549,41
2020-12-19,Tehama,103,63373,2712,2574,226,2800,9
2020-12-19,Trinity,105,12862,341,219,40,259,2
2020-12-19,Tulare,107,460477,30832,28734,3266,32000,375
2020-12-19,Tuolumne,109,53932,2560,2107,7,2114,12
2020-12-19,Ventura,111,848112,34767,30843,1377,32220,209
2020-12-19,Yolo,113,214977,7776,7025,49,7074,109
2020-12-19,Yuba,115,75493,3493,3168,34,3202,11
2020-12-18,Alameda,001,1643700,46645,42196,790,42986,515
2020-12-18,Alpine,003,1148,66,64,0,64,0
2020-12-18,Amador,005,37829,2126,1727,15,1742,20
2020-12-18,Butte,007,227075,6717,5891,681,6572,81
2020-12-18,Calaveras,009,45235,981,870,0,870,21
2020-12-18,Colusa,011,21464,1159,1068,50,1118,7
2020-12-18,Contra Costa,013,1133247,36391,33610,404,34014,300
2020-12-18,Del Norte,015,27424,682,627,0,627,2
2020-12-18,El Dorado,017,186661,5381,4494,201,4695,10
2020-12-18,Fresno,019,978130,61602,52643,3765,56408,613
2020-12-18,Glenn,021,27897,1381,1264,195,1459,9
2020-12-18,Humboldt,023,135768,1515,1331,6,1337,15
2020-12-18,Imperial,025,180216,21600,20430,879,21309,393
2020-12-18,Inyo,027,18085,556,454,1,455,17
2020-12-18,Kern,029,883053,59716,54220,3947,58167,533
2020-12-18,Kings,031,150075,15113,14284,468,14752,98
2020-12-18,Lake,033,64148,1639,1397,0,1397,20
2020-12-18,Lassen,035,31185,3921,3486,37,3523,1
2020-12-18,Los Angeles,037,10098052,656962,586413,16166,602579,8744
2020-12-18,Madera,039,155013,9543,8609,330,8939,63
2020-12-18,Marin,041,260295,9212,8799,60,8859,142
2020-12-18,Mariposa,043,17540,203,176,2,178,3
2020-12-18,Mendocino,045,87422,2190,1977,20,1997,24
2020-12-18,Merced,047,269075,17269,15956,262,16218,195
2020-12-18,Modoc,049,8938,218,179,66,245,0
2020-12-18,Mono,051,14174,809,731,10,741,3
2020-12-18,Monterey,053,433212,24580,22336,578,22914,165
2020-12-18,Napa,055,140530,5233,4688,22,4710,23
2020-12-18,Nevada,057,99092,2477,2220,76,2296,13
2020-12-18,Orange,059,3164182,138683,121681,5023,126704,1725
2020-12-18,Placer,061,380077,12750,10995,438,11433,104
2020-12-18,Plumas,063,18699,420,336,9,345,0
2020-12-18,Riverside,065,2383286,158749,142375,6280,148655,1733
2020-12-18,Sacramento,067,1510023,59080,53980,461,54441,736
2020-12-18,San Benito,069,59416,3117,2744,25,2769,21
2020-12-18,San Bernardino,071,2135413,173397,154272,4534,158806,1430
2020-12-18,San Diego,073,3302833,136747,120463,5919,126382,1253
2020-12-18,San Francisco,075,870044,21600,20315,190,20505,173
2020-12-18,San Joaquin,077,732212,41030,36484,1206,37690,559
2020-12-18,San Luis Obispo,079,281455,9500,8598,213,8811,62
2020-12-18,San Mateo,081,765935,22626,19971,60,20031,182
2020-12-18,Santa Barbara,083,443738,16229,14361,381,14742,148
2020-12-18,Santa Clara,085,1922200,61557,53992,229,54221,539
2020-12-18,Santa Cruz,087,273765,7964,6838,234,7072,68
2020-12-18,Shasta,089,179085,7581,7114,587,7701,62
2020-12-18,Sierra,091,2930,24,23,0,23,0
2020-12-18,Siskiyou,093,43540,941,840,86,926,2
2020-12-18,Solano,095,438530,16758,14667,159,14826,95
2020-12-18,Sonoma,097,501317,17500,16261,101,16362,173
2020-12-18,Stanislaus,099,539301,31707,28967,2681,31648,490
2020-12-18,Sutter,101,95872,5894,5399,43,5442,39
2020-12-18,Tehama,103,63373,2696,2523,217,2740,9
2020-12-18,Trinity,105,12862,340,215,40,255,2
2020-12-18,Tulare,107,460477,30559,28322,3181,31503,370
2020-12-18,Tuolumne,109,53932,2549,2067,7,2074,12
2020-12-18,Ventura,111,848112,34263,29907,1334,31241,209
2020-12-18,Yolo,113,214977,7708,6901,48,6949,109
2020-12-18,Yuba,115,75493,3435,3097,34,3131,11
2020-12-17,Alameda,001,1643700,45839,41548,756,42304,508
2020-12-17,Alpine,003,1148,66,64,0,64,0
2020-12-17,Amador,005,37829,2078,1703,13,1716,19
2020-12-17,Butte,007,227075,6591,5746,662,6408,78
2020-12-17,Calaveras,009,45235,958,848,0,848,21
2020-12-17,Colusa,011,21464,1148,1053,48,1101,7
2020-12-17,Contra Costa,013,1133247,35869,33006,370,33376,293
2020-12-17,Del Norte,015,27424,677,583,0,583,1
2020-12-17,El Dorado,017,186661,5236,4327,189,4516,9
2020-12-17,Fresno,019,978130,60742,49918,3639,53557,597
2020-12-17,Glenn,021,27897,1357,1244,188,1432,9
2020-12-17,Humboldt,023,135768,1482,1322,6,1328,14
2020-12-17,Imperial,025,180216,21438,20208,804,21012,391
2020-12-17,Inyo,027,18085,538,450,1,451,16
2020-12-17,Kern,029,883053,58763,53683,3809,57492,526
2020-12-17,Kings,031,150075,15014,14057,452,14509,98
2020-12-17,Lake,033,64148,1614,1374,0,1374,20
2020-12-17,Lassen,035,31185,3885,3417,37,3454,1
2020-12-17,Los Angeles,037,10098052,641341,571093,15594,586687,8657
2020-12-17,Madera,039,155013,9427,8465,325,8790,62
2020-12-17,Marin,041,260295,9154,8721,57,8778,142
2020-12-17,Mariposa,043,17540,199,172,2,174,3
2020-12-17,Mendocino,045,87422,2156,1942,20,1962,23
2020-12-17,Merced,047,269075,17006,15648,254,15902,192
2020-12-17,Modoc,049,8938,215,179,66,245,0
2020-12-17,Mono,051,14174,799,718,10,728,3
2020-12-17,Monterey,053,433212,24061,21951,563,22514,163
2020-12-17,Napa,055,140530,5121,4612,22,4634,23
2020-12-17,Nevada,057,99092,2436,2173,73,2246,13
2020-12-17,Orange,059,3164182,135299,118367,4887,123254,1725
2020-12-17,Placer,061,380077,12475,10756,424,11180,99
2020-12-17,Plumas,063,18699,411,324,9,333,0
2020-12-17,Riverside,065,2383286,154882,139325,6060,145385,1696
2020-12-17,Sacramento,067,1510023,58175,53189,438,53627,721
2020-12-17,San Benito,069,59416,3048,2645,24,2669,20
2020-12-17,San Bernardino,071,2135413,169466,149838,4413,154251,1425
2020-12-17,San Diego,073,3302833,133947,116852,5763,122615,1239
2020-12-17,San Francisco,075,870044,21313,19939,185,20124,170
2020-12-17,San Joaquin,077,732212,40302,35894,1168,37062,554
2020-12-17,San Luis Obispo,079,281455,9380,8365,211,8576,59
2020-12-17,San Mateo,081,765935,22254,19647,60,19707,181
2020-12-17,Santa Barbara,083,443738,15995,14207,374,14581,147
2020-12-17,Santa Clara,085,1922200,60388,52559,222,52781,527
2020-12-17,Santa Cruz,087,273765,7809,6687,219,6906,64
2020-12-17,Shasta,089,179085,7504,7000,568,7568,62
2020-12-17,Sierra,091,2930,23,23,0,23,0
2020-12-17,Siskiyou,093,43540,934,827,85,912,2
2020-12-17,Solano,095,438530,16451,14361,157,14518,96
2020-12-17,Sonoma,097,501317,17228,15993,100,16093,171
2020-12-17,Stanislaus,099,539301,31283,28582,2621,31203,489
2020-12-17,Sutter,101,95872,5795,5309,42,5351,39
2020-12-17,Tehama,103,63373,2648,2480,211,2691,9
2020-12-17,Trinity,105,12862,336,213,40,253,2
2020-12-17,Tulare,107,460477,30165,27852,3102,30954,358
2020-12-17,Tuolumne,109,53932,2238,1992,7,1999,11
2020-12-17,Ventura,111,848112,33653,29404,1296,30700,208
2020-12-17,Yolo,113,214977,7584,6800,47,6847,105
2020-12-17,Yuba,115,75493,3376,3035,32,3067,12
2020-12-16,Alameda,001,1643700,44983,40751,728,41479,497
2020-12-16,Alpine,003,1148,66,64,0,64,0
2020-12-16,Amador,005,37829,2031,1693,12,1705,19
2020-12-16,Butte,007,227075,6402,5659,632,6291,76
2020-12-16,Calaveras,009,45235,923,821,0,821,21
2020-12-16,Colusa,011,21464,1135,1038,43,1081,7
2020-12-16,Contra Costa,013,1133247,35312,32429,348,32777,293
2020-12-16,Del Norte,015,27424,675,575,0,575,1
2020-12-16,El Dorado,017,186661,5114,4237,179,4416,9
2020-12-16,Fresno,019,978130,59785,49173,3537,52710,584
2020-12-16,Glenn,021,27897,1339,1236,177,1413,9
2020-12-16,Humboldt,023,135768,1450,1308,5,1313,12
2020-12-16,Imperial,025,180216,21255,19980,734,20714,388
2020-12-16,Inyo,027,18085,525,444,1,445,16
2020-12-16,Kern,029,883053,57887,52896,3675,56571,522
2020-12-16,Kings,031,150075,14834,13734,435,14169,99
2020-12-16,Lake,033,64148,1574,1363,0,1363,20
2020-12-16,Lassen,035,31185,3852,3396,36,3432,1
2020-12-16,Los Angeles,037,10098052,624842,557907,14901,572808,8561
2020-12-16,Madera,039,155013,9302,8278,317,8595,62
2020-12-16,Marin,041,260295,9084,8641,57,8698,142
2020-12-16,Mariposa,043,17540,196,175,2,177,3
2020-12-16,Mendocino,045,87422,2121,1929,20,1949,23
2020-12-16,Merced,047,269075,16720,15443,250,15693,190
2020-12-16,Modoc,049,8938,212,178,66,244,0
2020-12-16,Mono,051,14174,781,702,10,712,3
2020-12-16,Monterey,053,433212,23504,21107,552,21659,163
2020-12-16,Napa,055,140530,5024,4544,22,4566,23
2020-12-16,Nevada,057,99092,2400,2149,71,2220,13
2020-12-16,Orange,059,3164182,131826,115260,4710,119970,1712
2020-12-16,Placer,061,380077,12237,10554,403,10957,96
2020-12-16,Plumas,063,18699,402,319,9,328,0
2020-12-16,Riverside,065,2383286,150762,135751,5808,141559,1664
2020-12-16,Sacramento,067,1510023,57203,52166,412,52578,715
2020-12-16,San Benito,069,59416,2957,2582,24,2606,20
2020-12-16,San Bernardino,071,2135413,164863,143565,4276,147841,1403
2020-12-16,San Diego,073,3302833,130843,114248,5609,119857,1217
2020-12-16,San Francisco,075,870044,21055,19624,184,19808,170
2020-12-16,San Joaquin,077,732212,39478,35010,1127,36137,547
2020-12-16,San Luis Obispo,079,281455,9185,8252,202,8454,58
2020-12-16,San Mateo,081,765935,21929,19292,56,19348,179
2020-12-16,Santa Barbara,083,443738,15752,13966,361,14327,144
2020-12-16,Santa Clara,085,1922200,59147,51502,219,51721,523
2020-12-16,Santa Cruz,087,273765,7624,6536,207,6743,63
2020-12-16,Shasta,089,179085,7431,6914,547,7461,62
2020-12-16,Sierra,091,2930,23,23,0,23,0
2020-12-16,Siskiyou,093,43540,926,818,85,903,2
2020-12-16,Solano,095,438530,15986,14157,152,14309,96
2020-12-16,Sonoma,097,501317,16972,15768,100,15868,170
2020-12-16,Stanislaus,099,539301,30779,28279,2548,30827,489
2020-12-16,Sutter,101,95872,5715,5223,42,5265,39
2020-12-16,Tehama,103,63373,2617,2441,185,2626,9
2020-12-16,Trinity,105,12862,330,212,40,252,2
2020-12-16,Tulare,107,460477,29748,27500,2998,30498,352
2020-12-16,Tuolumne,109,53932,2192,1941,7,1948,11
2020-12-16,Ventura,111,848112,32880,28566,1252,29818,203
2020-12-16,Yolo,113,214977,7455,6649,46,6695,103
2020-12-16,Yuba,115,75493,3289,2980,31,3011,11
2020-12-15,Alameda,001,1643700,44127,40026,705,40731,492
2020-12-15,Alpine,003,1148,66,64,0,64,0
2020-12-15,Amador,005,37829,1918,1669,10,1679,19
2020-12-15,Butte,007,227075,6265,5565,602,6167,75
2020-12-15,Calaveras,009,45235,891,799,0,799,21
2020-12-15,Colusa,011,21464,1122,1026,42,1068,7
2020-12-15,Contra Costa,013,1133247,34658,31423,332,31755,281
2020-12-15,Del Norte,015,27424,664,564,0,564,1
2020-12-15,El Dorado,017,186661,5007,4113,164,4277,9
2020-12-15,Fresno,019,978130,58415,47316,3400,50716,574
2020-12-15,Glenn,021,27897,1326,1207,160,1367,9
2020-12-15,Humboldt,023,135768,1430,1276,5,1281,12
2020-12-15,Imperial,025,180216,21037,19756,653,20409,380
2020-12-15,Inyo,027,18085,512,394,1,395,16
2020-12-15,Kern,029,883053,56875,52002,3570,55572,511
2020-12-15,Kings,031,150075,14670,13652,416,14068,97
2020-12-15,Lake,033,64148,1549,1341,0,1341,21
2020-12-15,Lassen,035,31185,3680,3378,35,3413,1
2020-12-15,Los Angeles,037,10098052,608497,536258,14245,550503,8429
2020-12-15,Madera,039,155013,9148,8118,308,8426,60
2020-12-15,Marin,041,260295,8978,8528,55,8583,141
2020-12-15,Mariposa,043,17540,192,171,2,173,3
2020-12-15,Mendocino,045,87422,2094,1883,20,1903,24
2020-12-15,Merced,047,269075,16425,15120,246,15366,190
2020-12-15,Modoc,049,8938,210,179,66,245,0
2020-12-15,Mono,051,14174,765,702,10,712,3
2020-12-15,Monterey,053,433212,22904,19905,490,20395,161
2020-12-15,Napa,055,140530,4920,4440,22,4462,23
2020-12-15,Nevada,057,99092,2367,2117,69,2186,11
2020-12-15,Orange,059,3164182,128166,112893,4553,117446,1689
2020-12-15,Placer,061,380077,12003,10301,381,10682,95
2020-12-15,Plumas,063,18699,397,313,9,322,0
2020-12-15,Riverside,065,2383286,146708,131822,5525,137347,1624
2020-12-15,Sacramento,067,1510023,56188,51076,399,51475,703
2020-12-15,San Benito,069,59416,2877,2520,23,2543,19
2020-12-15,San Bernardino,071,2135413,160412,137548,4117,141665,1351
2020-12-15,San Diego,073,3302833,127276,111441,5447,116888,1194
2020-12-15,San Francisco,075,870044,20746,19283,181,19464,171
2020-12-15,San Joaquin,077,732212,38555,33849,1090,34939,537
2020-12-15,San Luis Obispo,079,281455,9076,8074,199,8273,55
2020-12-15,San Mateo,081,765935,21519,18907,54,18961,178
2020-12-15,Santa Barbara,083,443738,15532,13782,352,14134,144
2020-12-15,Santa Clara,085,1922200,57709,50311,216,50527,505
2020-12-15,Santa Cruz,087,273765,7440,6361,191,6552,59
2020-12-15,Shasta,089,179085,7373,6794,522,7316,54
2020-12-15,Sierra,091,2930,23,23,0,23,0
2020-12-15,Siskiyou,093,43540,917,812,84,896,2
2020-12-15,Solano,095,438530,15637,13796,152,13948,95
2020-12-15,Sonoma,097,501317,16751,15406,100,15506,167
2020-12-15,Stanislaus,099,539301,30267,27823,2463,30286,485
2020-12-15,Sutter,101,95872,5618,5080,41,5121,36
2020-12-15,Tehama,103,63373,2580,2392,180,2572,9
2020-12-15,Trinity,105,12862,324,213,38,251,1
2020-12-15,Tulare,107,460477,29259,27026,2908,29934,342
2020-12-15,Tuolumne,109,53932,2161,1874,7,1881,8
2020-12-15,Ventura,111,848112,32259,27936,1204,29140,201
2020-12-15,Yolo,113,214977,7332,6531,44,6575,104
2020-12-15,Yuba,115,75493,3195,2891,30,2921,11
2020-12-14,Alameda,001,1643700,43233,39252,685,39937,487
2020-12-14,Alpine,003,1148,66,63,0,63,0
2020-12-14,Amador,005,37829,1846,1609,10,1619,19
2020-12-14,Butte,007,227075,6097,5202,585,5787,75
2020-12-14,Calaveras,009,45235,853,718,0,718,21
2020-12-14,Colusa,011,21464,1098,949,41,990,7
2020-12-14,Contra Costa,013,1133247,33960,30594,318,30912,281
2020-12-14,Del Norte,015,27424,658,560,0,560,1
2020-12-14,El Dorado,017,186661,4851,4018,148,4166,9
2020-12-14,Fresno,019,978130,57393,44726,3216,47942,560
2020-12-14,Glenn,021,27897,1300,1186,152,1338,9
2020-12-14,Humboldt,023,135768,1417,1256,5,1261,9
2020-12-14,Imperial,025,180216,20799,19608,572,20180,379
2020-12-14,Inyo,027,18085,498,382,1,383,16
2020-12-14,Kern,029,883053,55840,50538,3448,53986,510
2020-12-14,Kings,031,150075,14487,13491,387,13878,97
2020-12-14,Lake,033,64148,1499,1301,0,1301,21
2020-12-14,Lassen,035,31185,3581,2905,32,2937,1
2020-12-14,Los Angeles,037,10098052,590903,524668,13593,538261,8340
2020-12-14,Madera,039,155013,8880,8011,299,8310,60
2020-12-14,Marin,041,260295,8896,8475,53,8528,141
2020-12-14,Mariposa,043,17540,191,171,2,173,3
2020-12-14,Mendocino,045,87422,2073,1845,20,1865,24
2020-12-14,Merced,047,269075,16020,14572,232,14804,189
2020-12-14,Modoc,049,8938,204,180,64,244,0
2020-12-14,Mono,051,14174,757,685,10,695,3
2020-12-14,Monterey,053,433212,22384,19154,484,19638,155
2020-12-14,Napa,055,140530,4827,4289,22,4311,22
2020-12-14,Nevada,057,99092,2328,2070,66,2136,11
2020-12-14,Orange,059,3164182,124291,108602,4412,113014,1688
2020-12-14,Placer,061,380077,11723,9551,370,9921,95
2020-12-14,Plumas,063,18699,385,309,9,318,0
2020-12-14,Riverside,065,2383286,142585,123715,5257,128972,1588
2020-12-14,Sacramento,067,1510023,55080,50304,374,50678,691
2020-12-14,San Benito,069,59416,2811,2467,22,2489,19
2020-12-14,San Bernardino,071,2135413,155973,129151,3984,133135,1347
2020-12-14,San Diego,073,3302833,123540,109578,5262,114840,1162
2020-12-14,San Francisco,075,870044,20370,18904,179,19083,171
2020-12-14,San Joaquin,077,732212,37713,32522,1041,33563,534
2020-12-14,San Luis Obispo,079,281455,8829,7791,194,7985,52
2020-12-14,San Mateo,081,765935,21020,18361,51,18412,178
2020-12-14,Santa Barbara,083,443738,15263,13587,344,13931,144
2020-12-14,Santa Clara,085,1922200,56149,49180,204,49384,502
2020-12-14,Santa Cruz,087,273765,7254,6049,175,6224,54
2020-12-14,Shasta,089,179085,7284,6665,504,7169,54
2020-12-14,Sierra,091,2930,23,21,0,21,0
2020-12-14,Siskiyou,093,43540,894,764,78,842,2
2020-12-14,Solano,095,438530,15274,13352,150,13502,93
2020-12-14,Sonoma,097,501317,16444,14807,99,14906,167
2020-12-14,Stanislaus,099,539301,29735,27311,2413,29724,485
2020-12-14,Sutter,101,95872,5512,5001,34,5035,35
2020-12-14,Tehama,103,63373,2536,2344,177,2521,9
2020-12-14,Trinity,105,12862,321,205,36,241,1
2020-12-14,Tulare,107,460477,28786,25735,2812,28547,341
2020-12-14,Tuolumne,109,53932,2104,1647,7,1654,8
2020-12-14,Ventura,111,848112,31336,27436,1144,28580,202
2020-12-14,Yolo,113,214977,7172,6389,43,6432,95
2020-12-14,Yuba,115,75493,3133,2851,30,2881,11
2020-12-13,Alameda,001,1643700,42042,38064,658,38722,486
2020-12-13,Alpine,003,1148,66,63,0,63,0
2020-12-13,Amador,005,37829,1790,1457,9,1466,19
2020-12-13,Butte,007,227075,5949,5103,541,5644,75
2020-12-13,Calaveras,009,45235,817,710,0,710,21
2020-12-13,Colusa,011,21464,1082,945,37,982,7
2020-12-13,Contra Costa,013,1133247,33231,29667,310,29977,281
2020-12-13,Del Norte,015,27424,605,542,0,542,1
2020-12-13,El Dorado,017,186661,4752,3770,136,3906,9
2020-12-13,Fresno,019,978130,56292,44114,3050,47164,559
2020-12-13,Glenn,021,27897,1287,1171,141,1312,9
2020-12-13,Humboldt,023,135768,1394,1238,4,1242,9
2020-12-13,Imperial,025,180216,20512,19472,437,19909,379
2020-12-13,Inyo,027,18085,477,380,1,381,16
2020-12-13,Kern,029,883053,54818,49051,3289,52340,510
2020-12-13,Kings,031,150075,14208,13357,368,13725,97
2020-12-13,Lake,033,64148,1456,1271,0,1271,21
2020-12-13,Lassen,035,31185,3474,2867,27,2894,1
2020-12-13,Los Angeles,037,10098052,573324,517472,12870,530342,8294
2020-12-13,Madera,039,155013,8699,7909,284,8193,60
2020-12-13,Marin,041,260295,8776,8409,53,8462,141
2020-12-13,Mariposa,043,17540,187,167,2,169,3
2020-12-13,Mendocino,045,87422,2039,1793,20,1813,24
2020-12-13,Merced,047,269075,15670,14384,229,14613,189
2020-12-13,Modoc,049,8938,192,179,58,237,0
2020-12-13,Mono,051,14174,741,675,10,685,3
2020-12-13,Monterey,053,433212,21962,18913,468,19381,153
2020-12-13,Napa,055,140530,4721,4194,22,4216,22
2020-12-13,Nevada,057,99092,2280,2030,64,2094,11
2020-12-13,Orange,059,3164182,120366,104768,4230,108998,1688
2020-12-13,Placer,061,380077,11410,9405,352,9757,95
2020-12-13,Plumas,063,18699,379,291,9,300,0
2020-12-13,Riverside,065,2383286,138465,119691,4984,124675,1581
2020-12-13,Sacramento,067,1510023,53808,49480,343,49823,682
2020-12-13,San Benito,069,59416,2741,2408,21,2429,19
2020-12-13,San Bernardino,071,2135413,151082,126718,3818,130536,1333
2020-12-13,San Diego,073,3302833,119940,107372,5093,112465,1162
2020-12-13,San Francisco,075,870044,20026,18686,170,18856,167
2020-12-13,San Joaquin,077,732212,36910,32170,999,33169,534
2020-12-13,San Luis Obispo,079,281455,8637,7625,186,7811,52
2020-12-13,San Mateo,081,765935,20529,18090,45,18135,177
2020-12-13,Santa Barbara,083,443738,14996,13249,328,13577,144
2020-12-13,Santa Clara,085,1922200,54722,47920,195,48115,499
2020-12-13,Santa Cruz,087,273765,7005,5986,164,6150,54
2020-12-13,Shasta,089,179085,7210,6647,478,7125,54
2020-12-13,Sierra,091,2930,23,21,0,21,0
2020-12-13,Siskiyou,093,43540,882,762,73,835,2
2020-12-13,Solano,095,438530,14835,13276,147,13423,93
2020-12-13,Sonoma,097,501317,16129,14495,98,14593,167
2020-12-13,Stanislaus,099,539301,29173,26569,2346,28915,485
2020-12-13,Sutter,101,95872,5386,4798,29,4827,34
2020-12-13,Tehama,103,63373,2490,2325,162,2487,9
2020-12-13,Trinity,105,12862,315,204,35,239,1
2020-12-13,Tulare,107,460477,28296,25496,2723,28219,340
2020-12-13,Tuolumne,109,53932,2042,1611,7,1618,8
2020-12-13,Ventura,111,848112,30334,26588,1080,27668,202
2020-12-13,Yolo,113,214977,6990,6265,36,6301,95
2020-12-13,Yuba,115,75493,3068,2754,27,2781,11
2020-12-12,Alameda,001,1643700,41606,37027,637,37664,486
2020-12-12,Alpine,003,1148,66,63,0,63,0
2020-12-12,Amador,005,37829,1762,1236,8,1244,19
2020-12-12,Butte,007,227075,5877,4972,527,5499,73
2020-12-12,Calaveras,009,45235,807,708,0,708,21
2020-12-12,Colusa,011,21464,1062,945,35,980,7
2020-12-12,Contra Costa,013,1133247,32888,29506,300,29806,281
2020-12-12,Del Norte,015,27424,597,529,0,529,1
2020-12-12,El Dorado,017,186661,4677,3706,118,3824,9
2020-12-12,Fresno,019,978130,55939,43756,2990,46746,559
2020-12-12,Glenn,021,27897,1279,1143,137,1280,8
2020-12-12,Humboldt,023,135768,1375,1208,4,1212,9
2020-12-12,Imperial,025,180216,20430,18947,377,19324,379
2020-12-12,Inyo,027,18085,473,380,1,381,16
2020-12-12,Kern,029,883053,54300,48194,3199,51393,507
2020-12-12,Kings,031,150075,14120,13205,363,13568,96
2020-12-12,Lake,033,64148,1440,1232,0,1232,21
2020-12-12,Lassen,035,31185,3451,2866,23,2889,1
2020-12-12,Los Angeles,037,10098052,566545,504317,12344,516661,8269
2020-12-12,Madera,039,155013,8572,7765,281,8046,59
2020-12-12,Marin,041,260295,8722,8363,52,8415,141
2020-12-12,Mariposa,043,17540,186,164,2,166,3
2020-12-12,Mendocino,045,87422,2003,1771,20,1791,24
2020-12-12,Merced,047,269075,15580,14181,225,14406,188
2020-12-12,Modoc,049,8938,191,169,55,224,0
2020-12-12,Mono,051,14174,734,640,10,650,3
2020-12-12,Monterey,053,433212,21852,18596,439,19035,151
2020-12-12,Napa,055,140530,4676,4113,22,4135,22
2020-12-12,Nevada,057,99092,2262,1981,62,2043,10
2020-12-12,Orange,059,3164182,118489,100468,4076,104544,1674
2020-12-12,Placer,061,380077,11246,9390,346,9736,95
2020-12-12,Plumas,063,18699,373,291,9,300,0
2020-12-12,Riverside,065,2383286,136413,118335,4770,123105,1579
2020-12-12,Sacramento,067,1510023,53225,48319,329,48648,673
2020-12-12,San Benito,069,59416,2685,2355,21,2376,19
2020-12-12,San Bernardino,071,2135413,149454,125741,3715,129456,1321
2020-12-12,San Diego,073,3302833,118318,104958,4997,109955,1151
2020-12-12,San Francisco,075,870044,19836,18413,166,18579,167
2020-12-12,San Joaquin,077,732212,36584,32200,966,33166,534
2020-12-12,San Luis Obispo,079,281455,8541,7462,177,7639,50
2020-12-12,San Mateo,081,765935,20308,17574,44,17618,177
2020-12-12,Santa Barbara,083,443738,14844,13174,320,13494,144
2020-12-12,Santa Clara,085,1922200,53769,45892,192,46084,498
2020-12-12,Santa Cruz,087,273765,6907,5905,155,6060,54
2020-12-12,Shasta,089,179085,7175,6551,460,7011,54
2020-12-12,Sierra,091,2930,23,21,0,21,0
2020-12-12,Siskiyou,093,43540,880,762,70,832,2
2020-12-12,Solano,095,438530,14638,12748,140,12888,93
2020-12-12,Sonoma,097,501317,16009,14466,98,14564,166
2020-12-12,Stanislaus,099,539301,28871,26246,2291,28537,483
2020-12-12,Sutter,101,95872,5324,4717,29,4746,32
2020-12-12,Tehama,103,63373,2472,2252,157,2409,9
2020-12-12,Trinity,105,12862,313,204,33,237,1
2020-12-12,Tulare,107,460477,28039,25333,2665,27998,341
2020-12-12,Tuolumne,109,53932,1999,1536,7,1543,8
2020-12-12,Ventura,111,848112,29890,25955,1047,27002,202
2020-12-12,Yolo,113,214977,6908,6116,34,6150,95
2020-12-12,Yuba,115,75493,3041,2692,26,2718,10
2020-12-11,Alameda,001,1643700,41038,36281,625,36906,482
2020-12-11,Alpine,003,1148,66,63,0,63,0
2020-12-11,Amador,005,37829,1746,1213,8,1221,19
2020-12-11,Butte,007,227075,5805,4941,507,5448,73
2020-12-11,Calaveras,009,45235,791,697,0,697,21
2020-12-11,Colusa,011,21464,1052,923,33,956,7
2020-12-11,Contra Costa,013,1133247,32464,29036,296,29332,282
2020-12-11,Del Norte,015,27424,591,505,0,505,1
2020-12-11,El Dorado,017,186661,4596,3669,103,3772,9
2020-12-11,Fresno,019,978130,54928,43071,2922,45993,550
2020-12-11,Glenn,021,27897,1263,1135,132,1267,8
2020-12-11,Humboldt,023,135768,1357,1190,4,1194,9
2020-12-11,Imperial,025,180216,20340,18599,332,18931,377
2020-12-11,Inyo,027,18085,461,372,1,373,16
2020-12-11,Kern,029,883053,53623,47664,3133,50797,502
2020-12-11,Kings,031,150075,13977,13118,357,13475,94
2020-12-11,Lake,033,64148,1428,1205,0,1205,21
2020-12-11,Lassen,035,31185,3439,2790,22,2812,1
2020-12-11,Los Angeles,037,10098052,554755,493592,11926,505518,8198
2020-12-11,Madera,039,155013,8481,7648,271,7919,59
2020-12-11,Marin,041,260295,8629,8317,51,8368,141
2020-12-11,Mariposa,043,17540,185,164,2,166,3
2020-12-11,Mendocino,045,87422,1980,1769,20,1789,24
2020-12-11,Merced,047,269075,15459,14038,217,14255,186
2020-12-11,Modoc,049,8938,191,168,54,222,0
2020-12-11,Mono,051,14174,724,631,10,641,3
2020-12-11,Monterey,053,433212,21551,18421,434,18855,150
2020-12-11,Napa,055,140530,4620,4054,22,4076,22
2020-12-11,Nevada,057,99092,2245,1959,59,2018,10
2020-12-11,Orange,059,3164182,116184,98357,3972,102329,1656
2020-12-11,Placer,061,380077,11084,8904,330,9234,93
2020-12-11,Plumas,063,18699,365,286,9,295,0
2020-12-11,Riverside,065,2383286,133353,115329,4541,119870,1573
2020-12-11,Sacramento,067,1510023,52565,47468,320,47788,669
2020-12-11,San Benito,069,59416,2634,2319,21,2340,19
2020-12-11,San Bernardino,071,2135413,146766,123092,3595,126687,1313
2020-12-11,San Diego,073,3302833,116357,102468,4915,107383,1137
2020-12-11,San Francisco,075,870044,19606,18246,165,18411,165
2020-12-11,San Joaquin,077,732212,36240,32044,937,32981,534
2020-12-11,San Luis Obispo,079,281455,8380,7415,174,7589,49
2020-12-11,San Mateo,081,765935,20037,17240,33,17273,177
2020-12-11,Santa Barbara,083,443738,14700,12997,312,13309,144
2020-12-11,Santa Clara,085,1922200,52765,45101,182,45283,494
2020-12-11,Santa Cruz,087,273765,6794,5764,144,5908,50
2020-12-11,Shasta,089,179085,7130,6459,453,6912,54
2020-12-11,Sierra,091,2930,23,19,0,19,0
2020-12-11,Siskiyou,093,43540,873,753,67,820,2
2020-12-11,Solano,095,438530,14453,12554,136,12690,92
2020-12-11,Sonoma,097,501317,15843,14298,95,14393,166
2020-12-11,Stanislaus,099,539301,28606,25928,2247,28175,464
2020-12-11,Sutter,101,95872,5261,4600,28,4628,30
2020-12-11,Tehama,103,63373,2442,2232,153,2385,9
2020-12-11,Trinity,105,12862,311,204,32,236,1
2020-12-11,Tulare,107,460477,27682,24953,2615,27568,338
2020-12-11,Tuolumne,109,53932,1985,1510,7,1517,8
2020-12-11,Ventura,111,848112,29284,24999,1025,26024,202
2020-12-11,Yolo,113,214977,6803,6006,32,6038,95
2020-12-11,Yuba,115,75493,2981,2649,25,2674,10
2020-12-10,Alameda,001,1643700,40267,35686,603,36289,477
2020-12-10,Alpine,003,1148,66,63,0,63,0
2020-12-10,Amador,005,37829,1689,1191,8,1199,18
2020-12-10,Butte,007,227075,5689,4863,480,5343,72
2020-12-10,Calaveras,009,45235,773,684,0,684,21
2020-12-10,Colusa,011,21464,1029,909,28,937,7
2020-12-10,Contra Costa,013,1133247,31782,28413,290,28703,276
2020-12-10,Del Norte,015,27424,582,501,0,501,1
2020-12-10,El Dorado,017,186661,4478,3557,98,3655,9
2020-12-10,Fresno,019,978130,53948,42461,2776,45237,540
2020-12-10,Glenn,021,27897,1243,1126,123,1249,8
2020-12-10,Humboldt,023,135768,1337,1140,4,1144,9
2020-12-10,Imperial,025,180216,20124,18333,253,18586,370
2020-12-10,Inyo,027,18085,440,365,1,366,15
2020-12-10,Kern,029,883053,52639,47176,2966,50142,499
2020-12-10,Kings,031,150075,13825,12993,351,13344,92
2020-12-10,Lake,033,64148,1387,1167,0,1167,21
2020-12-10,Lassen,035,31185,3417,2764,18,2782,0
2020-12-10,Los Angeles,037,10098052,540818,480354,11383,491737,8149
2020-12-10,Madera,039,155013,8376,7445,256,7701,59
2020-12-10,Marin,041,260295,8582,8245,50,8295,140
2020-12-10,Mariposa,043,17540,184,160,2,162,3
2020-12-10,Mendocino,045,87422,1954,1748,17,1765,24
2020-12-10,Merced,047,269075,15214,13756,214,13970,186
2020-12-10,Modoc,049,8938,186,165,52,217,0
2020-12-10,Mono,051,14174,719,601,10,611,3
2020-12-10,Monterey,053,433212,21071,18266,424,18690,145
2020-12-10,Napa,055,140530,4534,3974,21,3995,22
2020-12-10,Nevada,057,99092,2208,1919,59,1978,10
2020-12-10,Orange,059,3164182,113083,95297,3802,99099,1651
2020-12-10,Placer,061,380077,10831,8906,311,9217,90
2020-12-10,Plumas,063,18699,354,281,9,290,0
2020-12-10,Riverside,065,2383286,129673,112794,4266,117060,1552
2020-12-10,Sacramento,067,1510023,51667,46471,299,46770,664
2020-12-10,San Benito,069,59416,2574,2268,20,2288,19
2020-12-10,San Bernardino,071,2135413,142544,120186,3412,123598,1306
2020-12-10,San Diego,073,3302833,113832,99601,4766,104367,1114
2020-12-10,San Francisco,075,870044,19292,17945,157,18102,164
2020-12-10,San Joaquin,077,732212,35607,31228,906,32134,534
2020-12-10,San Luis Obispo,079,281455,8218,7245,163,7408,49
2020-12-10,San Mateo,081,765935,19592,16701,23,16724,177
2020-12-10,Santa Barbara,083,443738,14522,12788,303,13091,143
2020-12-10,Santa Clara,085,1922200,51628,43939,166,44105,491
2020-12-10,Santa Cruz,087,273765,6627,5645,130,5775,48
2020-12-10,Shasta,089,179085,7062,6312,427,6739,53
2020-12-10,Sierra,091,2930,23,18,0,18,0
2020-12-10,Siskiyou,093,43540,863,712,66,778,2
2020-12-10,Solano,095,438530,14086,12017,130,12147,90
2020-12-10,Sonoma,097,501317,15588,14282,94,14376,167
2020-12-10,Stanislaus,099,539301,28144,25582,2176,27758,464
2020-12-10,Sutter,101,95872,5131,4528,26,4554,27
2020-12-10,Tehama,103,63373,2399,2190,143,2333,9
2020-12-10,Trinity,105,12862,308,202,31,233,1
2020-12-10,Tulare,107,460477,27227,24506,2548,27054,337
2020-12-10,Tuolumne,109,53932,1725,1451,7,1458,8
2020-12-10,Ventura,111,848112,28431,24075,981,25056,202
2020-12-10,Yolo,113,214977,6683,5896,31,5927,95
2020-12-10,Yuba,115,75493,2917,2604,24,2628,10
2020-12-09,Alameda,001,1643700,39425,35047,581,35628,470
2020-12-09,Alpine,003,1148,66,58,0,58,0
2020-12-09,Amador,005,37829,1646,1121,8,1129,19
2020-12-09,Butte,007,227075,5547,4733,458,5191,70
2020-12-09,Calaveras,009,45235,745,670,0,670,21
2020-12-09,Colusa,011,21464,1014,896,27,923,7
2020-12-09,Contra Costa,013,1133247,31078,28308,278,28586,273
2020-12-09,Del Norte,015,27424,568,481,0,481,2
2020-12-09,El Dorado,017,186661,4343,3449,90,3539,8
2020-12-09,Fresno,019,978130,52950,41954,2618,44572,533
2020-12-09,Glenn,021,27897,1229,1107,117,1224,8
2020-12-09,Humboldt,023,135768,1305,1086,4,1090,10
2020-12-09,Imperial,025,180216,19869,17757,216,17973,368
2020-12-09,Inyo,027,18085,427,356,1,357,15
2020-12-09,Kern,029,883053,51481,46379,2820,49199,494
2020-12-09,Kings,031,150075,13680,12716,342,13058,92
2020-12-09,Lake,033,64148,1360,1158,0,1158,20
2020-12-09,Lassen,035,31185,3348,2331,16,2347,0
2020-12-09,Los Angeles,037,10098052,527364,467971,10817,478788,8075
2020-12-09,Madera,039,155013,8266,7216,251,7467,59
2020-12-09,Marin,041,260295,8520,8182,49,8231,138
2020-12-09,Mariposa,043,17540,182,154,2,156,3
2020-12-09,Mendocino,045,87422,1928,1703,16,1719,24
2020-12-09,Merced,047,269075,14975,13588,207,13795,183
2020-12-09,Modoc,049,8938,181,146,43,189,0
2020-12-09,Mono,051,14174,707,601,10,611,3
2020-12-09,Monterey,053,433212,20676,17891,415,18306,143
2020-12-09,Napa,055,140530,4449,3858,20,3878,21
2020-12-09,Nevada,057,99092,2155,1864,59,1923,10
2020-12-09,Orange,059,3164182,109991,93763,3628,97391,1629
2020-12-09,Placer,061,380077,10570,8588,297,8885,85
2020-12-09,Plumas,063,18699,346,271,9,280,0
2020-12-09,Riverside,065,2383286,125988,110376,4055,114431,1543
2020-12-09,Sacramento,067,1510023,50605,45284,272,45556,659
2020-12-09,San Benito,069,59416,2500,2217,17,2234,19
2020-12-09,San Bernardino,071,2135413,138271,114516,3209,117725,1305
2020-12-09,San Diego,073,3302833,110852,97551,4627,102178,1103
2020-12-09,San Francisco,075,870044,18991,17628,156,17784,163
2020-12-09,San Joaquin,077,732212,34788,30539,881,31420,531
2020-12-09,San Luis Obispo,079,281455,7999,7105,155,7260,47
2020-12-09,San Mateo,081,765935,19141,16422,22,16444,175
2020-12-09,Santa Barbara,083,443738,14320,12630,293,12923,142
2020-12-09,Santa Clara,085,1922200,50485,42912,150,43062,489
2020-12-09,Santa Cruz,087,273765,6470,5527,114,5641,47
2020-12-09,Shasta,089,179085,6997,6105,412,6517,52
2020-12-09,Sierra,091,2930,23,18,0,18,0
2020-12-09,Siskiyou,093,43540,852,713,65,778,2
2020-12-09,Solano,095,438530,13738,11862,122,11984,90
2020-12-09,Sonoma,097,501317,15332,13994,91,14085,164
2020-12-09,Stanislaus,099,539301,27647,25157,2114,27271,463
2020-12-09,Sutter,101,95872,5013,4418,22,4440,24
2020-12-09,Tehama,103,63373,2363,2102,139,2241,9
2020-12-09,Trinity,105,12862,300,199,30,229,0
2020-12-09,Tulare,107,460477,26634,24124,2467,26591,334
2020-12-09,Tuolumne,109,53932,1691,1319,7,1326,8
2020-12-09,Ventura,111,848112,27570,23830,937,24767,201
2020-12-09,Yolo,113,214977,6558,5760,29,5789,95
2020-12-09,Yuba,115,75493,2849,2513,23,2536,10
2020-12-08,Alameda,001,1643700,38530,34373,564,34937,469
2020-12-08,Alpine,003,1148,65,53,0,53,0
2020-12-08,Amador,005,37829,1360,1043,8,1051,17
2020-12-08,Butte,007,227075,5389,4651,415,5066,70
2020-12-08,Calaveras,009,45235,720,657,0,657,21
2020-12-08,Colusa,011,21464,998,875,26,901,6
2020-12-08,Contra Costa,013,1133247,30375,27926,261,28187,270
2020-12-08,Del Norte,015,27424,553,465,0,465,2
2020-12-08,El Dorado,017,186661,4219,3296,77,3373,8
2020-12-08,Fresno,019,978130,51693,41574,2450,44024,529
2020-12-08,Glenn,021,27897,1209,1094,109,1203,8
2020-12-08,Humboldt,023,135768,1279,1059,4,1063,10
2020-12-08,Imperial,025,180216,19352,17568,208,17776,363
2020-12-08,Inyo,027,18085,404,333,1,334,15
2020-12-08,Kern,029,883053,50189,45116,2662,47778,487
2020-12-08,Kings,031,150075,13527,12623,332,12955,90
2020-12-08,Lake,033,64148,1319,1127,0,1127,20
2020-12-08,Lassen,035,31185,3192,2165,16,2181,0
2020-12-08,Los Angeles,037,10098052,514698,459738,10323,470061,8004
2020-12-08,Madera,039,155013,8135,7082,237,7319,59
2020-12-08,Marin,041,260295,8440,8099,48,8147,137
2020-12-08,Mariposa,043,17540,178,150,2,152,2
2020-12-08,Mendocino,045,87422,1886,1666,16,1682,23
2020-12-08,Merced,047,269075,14666,13380,206,13586,181
2020-12-08,Modoc,049,8938,173,138,40,178,0
2020-12-08,Mono,051,14174,693,597,10,607,3
2020-12-08,Monterey,053,433212,20109,17752,408,18160,134
2020-12-08,Napa,055,140530,4361,3778,19,3797,22
2020-12-08,Nevada,057,99092,2101,1809,56,1865,11
2020-12-08,Orange,059,3164182,106772,91406,3457,94863,1629
2020-12-08,Placer,061,380077,10303,8224,291,8515,82
2020-12-08,Plumas,063,18699,336,258,9,267,0
2020-12-08,Riverside,065,2383286,122633,107620,3871,111491,1514
2020-12-08,Sacramento,067,1510023,49543,44635,255,44890,649
2020-12-08,San Benito,069,59416,2447,2180,17,2197,18
2020-12-08,San Bernardino,071,2135413,133926,110676,3078,113754,1301
2020-12-08,San Diego,073,3302833,107481,95447,4470,99917,1088
2020-12-08,San Francisco,075,870044,18680,17384,152,17536,162
2020-12-08,San Joaquin,077,732212,33897,30225,848,31073,530
2020-12-08,San Luis Obispo,079,281455,7870,6903,144,7047,45
2020-12-08,San Mateo,081,765935,18741,16305,22,16327,175
2020-12-08,Santa Barbara,083,443738,14136,12516,283,12799,141
2020-12-08,Santa Clara,085,1922200,49177,41309,140,41449,484
2020-12-08,Santa Cruz,087,273765,6294,5374,111,5485,45
2020-12-08,Shasta,089,179085,6888,5946,404,6350,50
2020-12-08,Sierra,091,2930,22,18,0,18,0
2020-12-08,Siskiyou,093,43540,838,704,63,767,2
2020-12-08,Solano,095,438530,13336,11669,120,11789,89
2020-12-08,Sonoma,097,501317,15073,13601,90,13691,164
2020-12-08,Stanislaus,099,539301,27159,24793,2049,26842,461
2020-12-08,Sutter,101,95872,4917,4342,21,4363,24
2020-12-08,Tehama,103,63373,2283,2057,131,2188,9
2020-12-08,Trinity,105,12862,292,198,29,227,0
2020-12-08,Tulare,107,460477,26033,23607,2401,26008,330
2020-12-08,Tuolumne,109,53932,1667,1264,7,1271,7
2020-12-08,Ventura,111,848112,26909,23665,893,24558,195
2020-12-08,Yolo,113,214977,6426,5560,29,5589,90
2020-12-08,Yuba,115,75493,2772,2477,23,2500,10
2020-12-07,Alameda,001,1643700,37663,33887,529,34416,466
2020-12-07,Alpine,003,1148,64,53,0,53,0
2020-12-07,Amador,005,37829,1285,993,7,1000,17
2020-12-07,Butte,007,227075,5253,4604,392,4996,67
2020-12-07,Calaveras,009,45235,688,606,0,606,21
2020-12-07,Colusa,011,21464,973,825,24,849,6
2020-12-07,Contra Costa,013,1133247,29761,27307,248,27555,270
2020-12-07,Del Norte,015,27424,541,424,0,424,2
2020-12-07,El Dorado,017,186661,4039,3275,70,3345,8
2020-12-07,Fresno,019,978130,50226,41098,2323,43421,526
2020-12-07,Glenn,021,27897,1190,1085,103,1188,8
2020-12-07,Humboldt,023,135768,1244,1023,4,1027,9
2020-12-07,Imperial,025,180216,18930,17234,196,17430,364
2020-12-07,Inyo,027,18085,389,333,1,334,15
2020-12-07,Kern,029,883053,49167,44409,2520,46929,486
2020-12-07,Kings,031,150075,13385,12412,321,12733,90
2020-12-07,Lake,033,64148,1290,1090,0,1090,20
2020-12-07,Lassen,035,31185,3095,2167,16,2183,0
2020-12-07,Los Angeles,037,10098052,501054,451052,9869,460921,7937
2020-12-07,Madera,039,155013,7870,6935,231,7166,59
2020-12-07,Marin,041,260295,8382,8049,47,8096,136
2020-12-07,Mariposa,043,17540,175,146,2,148,2
2020-12-07,Mendocino,045,87422,1850,1638,14,1652,23
2020-12-07,Merced,047,269075,14306,13250,196,13446,179
2020-12-07,Modoc,049,8938,166,128,37,165,0
2020-12-07,Mono,051,14174,680,590,10,600,3
2020-12-07,Monterey,053,433212,19628,17746,396,18142,132
2020-12-07,Napa,055,140530,4270,3684,19,3703,21
2020-12-07,Nevada,057,99092,2052,1777,55,1832,11
2020-12-07,Orange,059,3164182,103509,89793,3339,93132,1628
2020-12-07,Placer,061,380077,9976,7911,277,8188,82
2020-12-07,Plumas,063,18699,325,256,5,261,0
2020-12-07,Riverside,065,2383286,119438,102363,3686,106049,1491
2020-12-07,Sacramento,067,1510023,48447,43419,237,43656,638
2020-12-07,San Benito,069,59416,2396,2165,16,2181,18
2020-12-07,San Bernardino,071,2135413,129980,108161,2955,111116,1295
2020-12-07,San Diego,073,3302833,104691,94171,4290,98461,1062
2020-12-07,San Francisco,075,870044,18389,17220,144,17364,161
2020-12-07,San Joaquin,077,732212,33022,28188,821,29009,530
2020-12-07,San Luis Obispo,079,281455,7688,6782,137,6919,45
2020-12-07,San Mateo,081,765935,18300,16029,21,16050,175
2020-12-07,Santa Barbara,083,443738,13893,12362,272,12634,141
2020-12-07,Santa Clara,085,1922200,47789,40621,131,40752,484
2020-12-07,Santa Cruz,087,273765,6129,5152,104,5256,41
2020-12-07,Shasta,089,179085,6764,5742,389,6131,50
2020-12-07,Sierra,091,2930,20,18,0,18,0
2020-12-07,Siskiyou,093,43540,812,652,62,714,2
2020-12-07,Solano,095,438530,12995,11354,116,11470,89
2020-12-07,Sonoma,097,501317,14788,13376,90,13466,164
2020-12-07,Stanislaus,099,539301,26600,24479,1996,26475,454
2020-12-07,Sutter,101,95872,4776,4106,21,4127,24
2020-12-07,Tehama,103,63373,2230,2030,125,2155,9
2020-12-07,Trinity,105,12862,288,194,29,223,0
2020-12-07,Tulare,107,460477,25504,22760,2340,25100,328
2020-12-07,Tuolumne,109,53932,1581,1256,6,1262,7
2020-12-07,Ventura,111,848112,26324,23354,856,24210,191
2020-12-07,Yolo,113,214977,6262,5537,28,5565,90
2020-12-07,Yuba,115,75493,2704,2428,21,2449,10
2020-12-06,Alameda,001,1643700,36689,33477,507,33984,465
2020-12-06,Alpine,003,1148,60,53,0,53,0
2020-12-06,Amador,005,37829,1222,952,6,958,17
2020-12-06,Butte,007,227075,5101,4527,357,4884,67
2020-12-06,Calaveras,009,45235,669,606,0,606,21
2020-12-06,Colusa,011,21464,956,824,21,845,6
2020-12-06,Contra Costa,013,1133247,29156,26566,240,26806,270
2020-12-06,Del Norte,015,27424,487,414,0,414,2
2020-12-06,El Dorado,017,186661,3902,3086,65,3151,8
2020-12-06,Fresno,019,978130,49277,40869,2204,43073,526
2020-12-06,Glenn,021,27897,1180,1067,99,1166,8
2020-12-06,Humboldt,023,135768,1219,1004,4,1008,9
2020-12-06,Imperial,025,180216,18621,16922,186,17108,364
2020-12-06,Inyo,027,18085,376,333,1,334,15
2020-12-06,Kern,029,883053,48179,43899,2344,46243,486
2020-12-06,Kings,031,150075,13116,12056,303,12359,90
2020-12-06,Lake,033,64148,1252,1075,0,1075,20
2020-12-06,Lassen,035,31185,2991,2168,14,2182,0
2020-12-06,Los Angeles,037,10098052,487483,443230,9413,452643,7910
2020-12-06,Madera,039,155013,7699,6826,223,7049,59
2020-12-06,Marin,041,260295,8302,8013,45,8058,136
2020-12-06,Mariposa,043,17540,174,144,2,146,2
2020-12-06,Mendocino,045,87422,1810,1614,14,1628,23
2020-12-06,Merced,047,269075,13971,12928,187,13115,179
2020-12-06,Modoc,049,8938,153,125,29,154,0
2020-12-06,Mono,051,14174,658,586,8,594,3
2020-12-06,Monterey,053,433212,19010,17426,386,17812,130
2020-12-06,Napa,055,140530,4158,3644,19,3663,21
2020-12-06,Nevada,057,99092,1993,1710,52,1762,10
2020-12-06,Orange,059,3164182,100443,87737,3207,90944,1627
2020-12-06,Placer,061,380077,9695,7837,256,8093,82
2020-12-06,Plumas,063,18699,312,254,4,258,0
2020-12-06,Riverside,065,2383286,116358,100088,3453,103541,1482
2020-12-06,Sacramento,067,1510023,47206,42808,222,43030,638
2020-12-06,San Benito,069,59416,2359,2135,16,2151,18
2020-12-06,San Bernardino,071,2135413,125839,106927,2796,109723,1286
2020-12-06,San Diego,073,3302833,101659,92173,4136,96309,1062
2020-12-06,San Francisco,075,870044,18067,17107,136,17243,161
2020-12-06,San Joaquin,077,732212,32188,28188,792,28980,530
2020-12-06,San Luis Obispo,079,281455,7522,6723,133,6856,45
2020-12-06,San Mateo,081,765935,17795,15855,18,15873,175
2020-12-06,Santa Barbara,083,443738,13661,12252,263,12515,141
2020-12-06,Santa Clara,085,1922200,46414,39112,125,39237,482
2020-12-06,Santa Cruz,087,273765,5955,5069,98,5167,40
2020-12-06,Shasta,089,179085,6623,5743,367,6110,49
2020-12-06,Sierra,091,2930,20,17,0,17,0
2020-12-06,Siskiyou,093,43540,794,652,60,712,2
2020-12-06,Solano,095,438530,12708,11354,106,11460,88
2020-12-06,Sonoma,097,501317,14499,13238,89,13327,164
2020-12-06,Stanislaus,099,539301,26047,24036,1931,25967,454
2020-12-06,Sutter,101,95872,4661,4009,20,4029,21
2020-12-06,Tehama,103,63373,2171,1982,115,2097,9
2020-12-06,Trinity,105,12862,281,181,27,208,0
2020-12-06,Tulare,107,460477,24979,22756,2270,25026,327
2020-12-06,Tuolumne,109,53932,1478,1210,6,1216,7
2020-12-06,Ventura,111,848112,25781,23035,829,23864,191
2020-12-06,Yolo,113,214977,6102,5465,23,5488,90
2020-12-06,Yuba,115,75493,2660,2340,20,2360,10
2020-12-05,Alameda,001,1643700,36331,32781,496,33277,465
2020-12-05,Alpine,003,1148,59,53,0,53,0
2020-12-05,Amador,005,37829,1198,847,6,853,17
2020-12-05,Butte,007,227075,5033,4455,338,4793,66
2020-12-05,Calaveras,009,45235,658,606,0,606,21
2020-12-05,Colusa,011,21464,938,825,18,843,6
2020-12-05,Contra Costa,013,1133247,28864,26217,233,26450,270
2020-12-05,Del Norte,015,27424,481,408,0,408,2
2020-12-05,El Dorado,017,186661,3837,3061,60,3121,8
2020-12-05,Fresno,019,978130,48957,40568,2148,42716,525
2020-12-05,Glenn,021,27897,1167,1056,93,1149,8
2020-12-05,Humboldt,023,135768,1186,979,4,983,9
2020-12-05,Imperial,025,180216,18456,16544,184,16728,362
2020-12-05,Inyo,027,18085,371,332,1,333,15
2020-12-05,Kern,029,883053,47718,43332,2255,45587,484
2020-12-05,Kings,031,150075,13037,11898,300,12198,90
2020-12-05,Lake,033,64148,1227,1069,0,1069,20
2020-12-05,Lassen,035,31185,2800,2168,12,2180,0
2020-12-05,Los Angeles,037,10098052,481697,433120,9081,442201,7888
2020-12-05,Madera,039,155013,7606,6619,216,6835,59
2020-12-05,Marin,041,260295,8275,7961,45,8006,136
2020-12-05,Mariposa,043,17540,169,143,2,145,2
2020-12-05,Mendocino,045,87422,1771,1585,14,1599,23
2020-12-05,Merced,047,269075,13864,12747,176,12923,180
2020-12-05,Modoc,049,8938,153,118,28,146,0
2020-12-05,Mono,051,14174,653,554,8,562,3
2020-12-05,Monterey,053,433212,18864,17077,382,17459,127
2020-12-05,Napa,055,140530,4088,3565,19,3584,21
2020-12-05,Nevada,057,99092,1978,1642,50,1692,10
2020-12-05,Orange,059,3164182,98986,85735,3111,88846,1612
2020-12-05,Placer,061,380077,9575,7811,247,8058,78
2020-12-05,Plumas,063,18699,305,246,1,247,0
2020-12-05,Riverside,065,2383286,114749,98612,3270,101882,1477
2020-12-05,Sacramento,067,1510023,46538,41878,207,42085,625
2020-12-05,San Benito,069,59416,2315,2073,16,2089,18
2020-12-05,San Bernardino,071,2135413,124317,105382,2664,108046,1283
2020-12-05,San Diego,073,3302833,100307,90470,4056,94526,1055
2020-12-05,San Francisco,075,870044,17883,16786,132,16918,161
2020-12-05,San Joaquin,077,732212,31925,28105,757,28862,523
2020-12-05,San Luis Obispo,079,281455,7455,6623,130,6753,44
2020-12-05,San Mateo,081,765935,17537,15512,18,15530,175
2020-12-05,Santa Barbara,083,443738,13561,12107,257,12364,141
2020-12-05,Santa Clara,085,1922200,45676,38339,120,38459,474
2020-12-05,Santa Cruz,087,273765,5881,4997,96,5093,40
2020-12-05,Shasta,089,179085,6562,5653,356,6009,49
2020-12-05,Sierra,091,2930,20,17,0,17,0
2020-12-05,Siskiyou,093,43540,786,649,59,708,2
2020-12-05,Solano,095,438530,12539,11351,104,11455,87
2020-12-05,Sonoma,097,501317,14403,13137,89,13226,164
2020-12-05,Stanislaus,099,539301,25738,23662,1895,25557,454
2020-12-05,Sutter,101,95872,4594,3937,20,3957,20
2020-12-05,Tehama,103,63373,2155,1926,113,2039,9
2020-12-05,Trinity,105,12862,280,177,27,204,0
2020-12-05,Tulare,107,460477,24765,22660,2208,24868,324
2020-12-05,Tuolumne,109,53932,1419,1180,6,1186,7
2020-12-05,Ventura,111,848112,25412,22710,814,23524,191
2020-12-05,Yolo,113,214977,6025,5351,22,5373,90
2020-12-05,Yuba,115,75493,2623,2275,20,2295,10
2020-12-04,Alameda,001,1643700,35781,31871,483,32354,465
2020-12-04,Alpine,003,1148,59,53,0,53,0
2020-12-04,Amador,005,37829,1184,766,3,769,16
2020-12-04,Butte,007,227075,4962,4336,316,4652,65
2020-12-04,Calaveras,009,45235,653,585,0,585,21
2020-12-04,Colusa,011,21464,924,790,17,807,6
2020-12-04,Contra Costa,013,1133247,28521,25705,221,25926,264
2020-12-04,Del Norte,015,27424,470,401,0,401,2
2020-12-04,El Dorado,017,186661,3749,2933,57,2990,7
2020-12-04,Fresno,019,978130,48249,40108,2080,42188,522
2020-12-04,Glenn,021,27897,1161,1017,85,1102,8
2020-12-04,Humboldt,023,135768,1168,960,4,964,9
2020-12-04,Imperial,025,180216,18213,16484,184,16668,362
2020-12-04,Inyo,027,18085,363,324,1,325,15
2020-12-04,Kern,029,883053,47168,42497,2149,44646,485
2020-12-04,Kings,031,150075,12944,11767,294,12061,88
2020-12-04,Lake,033,64148,1199,1018,0,1018,20
2020-12-04,Lassen,035,31185,2793,2167,10,2177,0
2020-12-04,Los Angeles,037,10098052,473094,424164,8775,432939,7845
2020-12-04,Madera,039,155013,7515,6479,213,6692,58
2020-12-04,Marin,041,260295,8224,7896,43,7939,136
2020-12-04,Mariposa,043,17540,169,136,2,138,2
2020-12-04,Mendocino,045,87422,1752,1563,13,1576,23
2020-12-04,Merced,047,269075,13749,12474,168,12642,177
2020-12-04,Modoc,049,8938,153,115,28,143,0
2020-12-04,Mono,051,14174,648,549,8,557,3
2020-12-04,Monterey,053,433212,18659,16737,373,17110,127
2020-12-04,Napa,055,140530,4035,3432,19,3451,19
2020-12-04,Nevada,057,99092,1953,1560,47,1607,10
2020-12-04,Orange,059,3164182,97066,83738,3045,86783,1597
2020-12-04,Placer,061,380077,9449,7461,233,7694,76
2020-12-04,Plumas,063,18699,298,232,0,232,0
2020-12-04,Riverside,065,2383286,112554,95255,3110,98365,1475
2020-12-04,Sacramento,067,1510023,45773,41061,190,41251,618
2020-12-04,San Benito,069,59416,2284,2006,16,2022,17
2020-12-04,San Bernardino,071,2135413,122047,102418,2555,104973,1290
2020-12-04,San Diego,073,3302833,98824,88183,3969,92152,1047
2020-12-04,San Francisco,075,870044,17693,16499,132,16631,161
2020-12-04,San Joaquin,077,732212,31488,27806,719,28525,522
2020-12-04,San Luis Obispo,079,281455,7370,6473,127,6600,42
2020-12-04,San Mateo,081,765935,17249,15112,17,15129,173
2020-12-04,Santa Barbara,083,443738,13455,11947,249,12196,141
2020-12-04,Santa Clara,085,1922200,44757,37465,114,37579,468
2020-12-04,Santa Cruz,087,273765,5795,4985,94,5079,32
2020-12-04,Shasta,089,179085,6474,5439,346,5785,49
2020-12-04,Sierra,091,2930,19,17,0,17,0
2020-12-04,Siskiyou,093,43540,779,639,56,695,2
2020-12-04,Solano,095,438530,12393,11037,101,11138,87
2020-12-04,Sonoma,097,501317,14255,12962,88,13050,164
2020-12-04,Stanislaus,099,539301,25469,23206,1849,25055,448
2020-12-04,Sutter,101,95872,4520,3791,15,3806,20
2020-12-04,Tehama,103,63373,2115,1876,108,1984,9
2020-12-04,Trinity,105,12862,278,172,27,199,0
2020-12-04,Tulare,107,460477,24483,22273,2133,24406,322
2020-12-04,Tuolumne,109,53932,1388,1134,6,1140,7
2020-12-04,Ventura,111,848112,25035,22024,796,22820,189
2020-12-04,Yolo,113,214977,5951,5294,21,5315,87
2020-12-04,Yuba,115,75493,2580,2225,19,2244,10
2020-12-03,Alameda,001,1643700,35021,31184,464,31648,465
2020-12-03,Alpine,003,1148,58,53,0,53,0
2020-12-03,Amador,005,37829,1133,653,3,656,16
2020-12-03,Butte,007,227075,4867,4305,296,4601,65
2020-12-03,Calaveras,009,45235,634,572,0,572,21
2020-12-03,Colusa,011,21464,911,774,17,791,6
2020-12-03,Contra Costa,013,1133247,28020,25464,214,25678,265
2020-12-03,Del Norte,015,27424,466,388,0,388,2
2020-12-03,El Dorado,017,186661,3623,2740,55,2795,6
2020-12-03,Fresno,019,978130,47499,39680,2006,41686,516
2020-12-03,Glenn,021,27897,1143,997,77,1074,8
2020-12-03,Humboldt,023,135768,1138,923,4,927,9
2020-12-03,Imperial,025,180216,18008,16436,173,16609,359
2020-12-03,Inyo,027,18085,360,321,1,322,15
2020-12-03,Kern,029,883053,46324,42062,2044,44106,483
2020-12-03,Kings,031,150075,12844,11658,282,11940,87
2020-12-03,Lake,033,64148,1184,991,0,991,20
2020-12-03,Lassen,035,31185,2753,2128,9,2137,0
2020-12-03,Los Angeles,037,10098052,463006,415805,8399,424204,7787
2020-12-03,Madera,039,155013,7392,6398,209,6607,58
2020-12-03,Marin,041,260295,8164,7861,39,7900,136
2020-12-03,Mariposa,043,17540,165,132,2,134,2
2020-12-03,Mendocino,045,87422,1736,1547,9,1556,23
2020-12-03,Merced,047,269075,13504,12310,160,12470,177
2020-12-03,Modoc,049,8938,151,114,28,142,0
2020-12-03,Mono,051,14174,626,527,8,535,3
2020-12-03,Monterey,053,433212,18197,16218,362,16580,125
2020-12-03,Napa,055,140530,3922,3360,19,3379,19
2020-12-03,Nevada,057,99092,1875,1472,46,1518,10
2020-12-03,Orange,059,3164182,94532,82187,2973,85160,1591
2020-12-03,Placer,061,380077,9249,7270,217,7487,73
2020-12-03,Plumas,063,18699,284,223,0,223,0
2020-12-03,Riverside,065,2383286,109802,92489,2938,95427,1461
2020-12-03,Sacramento,067,1510023,44716,40280,177,40457,614
2020-12-03,San Benito,069,59416,2238,1967,16,1983,16
2020-12-03,San Bernardino,071,2135413,118726,100787,2467,103254,1283
2020-12-03,San Diego,073,3302833,97009,86144,3851,89995,1040
2020-12-03,San Francisco,075,870044,17471,16236,131,16367,161
2020-12-03,San Joaquin,077,732212,30767,27239,671,27910,522
2020-12-03,San Luis Obispo,079,281455,7202,6388,126,6514,42
2020-12-03,San Mateo,081,765935,16897,14909,17,14926,173
2020-12-03,Santa Barbara,083,443738,13327,11829,243,12072,141
2020-12-03,Santa Clara,085,1922200,43561,36621,108,36729,465
2020-12-03,Santa Cruz,087,273765,5652,4850,90,4940,28
2020-12-03,Shasta,089,179085,6365,5330,339,5669,48
2020-12-03,Sierra,091,2930,19,17,0,17,0
2020-12-03,Siskiyou,093,43540,764,629,53,682,2
2020-12-03,Solano,095,438530,12179,10857,98,10955,87
2020-12-03,Sonoma,097,501317,14012,12772,87,12859,164
2020-12-03,Stanislaus,099,539301,25064,22821,1796,24617,447
2020-12-03,Sutter,101,95872,4438,3727,14,3741,20
2020-12-03,Tehama,103,63373,2063,1832,98,1930,9
2020-12-03,Trinity,105,12862,276,166,27,193,0
2020-12-03,Tulare,107,460477,24084,21993,2038,24031,321
2020-12-03,Tuolumne,109,53932,1347,1105,6,1111,7
2020-12-03,Ventura,111,848112,24332,21555,782,22337,187
2020-12-03,Yolo,113,214977,5813,5069,21,5090,87
2020-12-03,Yuba,115,75493,2511,2182,17,2199,10
2020-12-02,Alameda,001,1643700,34397,30697,452,31149,463
2020-12-02,Alpine,003,1148,57,52,0,52,0
2020-12-02,Amador,005,37829,1061,585,3,588,16
2020-12-02,Butte,007,227075,4745,4243,286,4529,65
2020-12-02,Calaveras,009,45235,618,553,0,553,21
2020-12-02,Colusa,011,21464,895,756,16,772,6
2020-12-02,Contra Costa,013,1133247,27560,25147,202,25349,264
2020-12-02,Del Norte,015,27424,452,384,0,384,2
2020-12-02,El Dorado,017,186661,3523,2638,49,2687,5
2020-12-02,Fresno,019,978130,46746,39324,1902,41226,507
2020-12-02,Glenn,021,27897,1126,995,69,1064,7
2020-12-02,Humboldt,023,135768,1112,899,4,903,9
2020-12-02,Imperial,025,180216,17583,16360,164,16524,356
2020-12-02,Inyo,027,18085,353,314,1,315,15
2020-12-02,Kern,029,883053,45430,41660,1940,43600,479
2020-12-02,Kings,031,150075,12491,11531,268,11799,86
2020-12-02,Lake,033,64148,1154,971,0,971,20
2020-12-02,Lassen,035,31185,2694,2115,9,2124,0
2020-12-02,Los Angeles,037,10098052,452968,408289,8048,416337,7739
2020-12-02,Madera,039,155013,7268,6370,202,6572,57
2020-12-02,Marin,041,260295,8117,7819,37,7856,136
2020-12-02,Mariposa,043,17540,162,131,2,133,2
2020-12-02,Mendocino,045,87422,1703,1524,9,1533,23
2020-12-02,Merced,047,269075,13261,12168,153,12321,173
2020-12-02,Modoc,049,8938,148,113,28,141,0
2020-12-02,Mono,051,14174,617,520,8,528,3
2020-12-02,Monterey,053,433212,17719,16064,323,16387,121
2020-12-02,Napa,055,140530,3819,3298,18,3316,19
2020-12-02,Nevada,057,99092,1813,1430,45,1475,9
2020-12-02,Orange,059,3164182,92336,81046,2893,83939,1569
2020-12-02,Placer,061,380077,9017,6941,202,7143,73
2020-12-02,Plumas,063,18699,271,218,0,218,0
2020-12-02,Riverside,065,2383286,107085,90089,2752,92841,1451
2020-12-02,Sacramento,067,1510023,43680,39334,166,39500,597
2020-12-02,San Benito,069,59416,2173,1921,16,1937,16
2020-12-02,San Bernardino,071,2135413,115166,98567,2353,100920,1240
2020-12-02,San Diego,073,3302833,95093,84640,3736,88376,1035
2020-12-02,San Francisco,075,870044,17234,16058,129,16187,157
2020-12-02,San Joaquin,077,732212,30145,26740,647,27387,519
2020-12-02,San Luis Obispo,079,281455,7104,6324,123,6447,42
2020-12-02,San Mateo,081,765935,16534,14757,16,14773,170
2020-12-02,Santa Barbara,083,443738,13175,11705,231,11936,140
2020-12-02,Santa Clara,085,1922200,42447,35878,108,35986,458
2020-12-02,Santa Cruz,087,273765,5520,4766,87,4853,27
2020-12-02,Shasta,089,179085,6241,5188,322,5510,47
2020-12-02,Sierra,091,2930,19,17,0,17,0
2020-12-02,Siskiyou,093,43540,748,624,51,675,1
2020-12-02,Solano,095,438530,11933,10701,94,10795,87
2020-12-02,Sonoma,097,501317,13772,12635,86,12721,163
2020-12-02,Stanislaus,099,539301,24568,22615,1737,24352,448
2020-12-02,Sutter,101,95872,4277,3604,14,3618,18
2020-12-02,Tehama,103,63373,2020,1800,83,1883,9
2020-12-02,Trinity,105,12862,269,165,27,192,0
2020-12-02,Tulare,107,460477,23705,21789,1954,23743,321
2020-12-02,Tuolumne,109,53932,1306,1076,6,1082,7
2020-12-02,Ventura,111,848112,23922,21208,765,21973,186
2020-12-02,Yolo,113,214977,5702,5053,20,5073,87
2020-12-02,Yuba,115,75493,2434,2119,16,2135,10
2020-12-01,Alameda,001,1643700,33711,30252,440,30692,460
2020-12-01,Alpine,003,1148,57,41,0,41,0
2020-12-01,Amador,005,37829,914,575,2,577,16
2020-12-01,Butte,007,227075,4640,4177,271,4448,65
2020-12-01,Calaveras,009,45235,600,544,0,544,21
2020-12-01,Colusa,011,21464,878,747,16,763,6
2020-12-01,Contra Costa,013,1133247,26987,24788,194,24982,264
2020-12-01,Del Norte,015,27424,424,357,0,357,2
2020-12-01,El Dorado,017,186661,3378,2542,44,2586,4
2020-12-01,Fresno,019,978130,45846,39004,1820,40824,505
2020-12-01,Glenn,021,27897,1105,989,65,1054,7
2020-12-01,Humboldt,023,135768,1081,886,4,890,9
2020-12-01,Imperial,025,180216,17270,16278,161,16439,356
2020-12-01,Inyo,027,18085,346,304,1,305,15
2020-12-01,Kern,029,883053,44628,41345,1806,43151,478
2020-12-01,Kings,031,150075,12177,11415,252,11667,86
2020-12-01,Lake,033,64148,1136,969,0,969,19
2020-12-01,Lassen,035,31185,2528,2047,8,2055,0
2020-12-01,Los Angeles,037,10098052,442620,403266,7712,410978,7704
2020-12-01,Madera,039,155013,7151,6270,193,6463,57
2020-12-01,Marin,041,260295,8047,7787,36,7823,136
2020-12-01,Mariposa,043,17540,157,128,2,130,2
2020-12-01,Mendocino,045,87422,1669,1497,9,1506,23
2020-12-01,Merced,047,269075,13018,12032,144,12176,172
2020-12-01,Modoc,049,8938,143,113,24,137,0
2020-12-01,Mono,051,14174,604,520,8,528,3
2020-12-01,Monterey,053,433212,17212,15835,313,16148,121
2020-12-01,Napa,055,140530,3735,3124,17,3141,19
2020-12-01,Nevada,057,99092,1751,1411,44,1455,9
2020-12-01,Orange,059,3164182,90240,79468,2802,82270,1567
2020-12-01,Placer,061,380077,8693,6794,195,6989,72
2020-12-01,Plumas,063,18699,259,201,0,201,0
2020-12-01,Riverside,065,2383286,104283,88530,2586,91116,1448
2020-12-01,Sacramento,067,1510023,42632,38966,161,39127,589
2020-12-01,San Benito,069,59416,2118,1888,16,1904,15
2020-12-01,San Bernardino,071,2135413,111697,95854,2226,98080,1220
2020-12-01,San Diego,073,3302833,92836,83423,3626,87049,1019
2020-12-01,San Francisco,075,870044,16953,15797,125,15922,157
2020-12-01,San Joaquin,077,732212,29344,26432,625,27057,514
2020-12-01,San Luis Obispo,079,281455,6964,6264,118,6382,40
2020-12-01,San Mateo,081,765935,16209,14495,16,14511,170
2020-12-01,Santa Barbara,083,443738,13035,11611,221,11832,140
2020-12-01,Santa Clara,085,1922200,41190,35397,103,35500,452
2020-12-01,Santa Cruz,087,273765,5362,4638,79,4717,27
2020-12-01,Shasta,089,179085,6114,5077,301,5378,47
2020-12-01,Sierra,091,2930,19,17,0,17,0
2020-12-01,Siskiyou,093,43540,734,608,47,655,1
2020-12-01,Solano,095,438530,11675,10604,88,10692,87
2020-12-01,Sonoma,097,501317,13567,12491,83,12574,163
2020-12-01,Stanislaus,099,539301,24113,22351,1679,24030,447
2020-12-01,Sutter,101,95872,4136,3538,14,3552,17
2020-12-01,Tehama,103,63373,1959,1773,72,1845,9
2020-12-01,Trinity,105,12862,257,165,22,187,0
2020-12-01,Tulare,107,460477,23251,21645,1881,23526,319
2020-12-01,Tuolumne,109,53932,1271,1052,3,1055,7
2020-12-01,Ventura,111,848112,23309,20604,743,21347,186
2020-12-01,Yolo,113,214977,5562,4928,20,4948,86
2020-12-01,Yuba,115,75493,2368,2088,15,2103,10
2020-11-30,Alameda,001,1643700,32895,29972,422,30394,457
2020-11-30,Alpine,003,1148,55,41,0,41,0
2020-11-30,Amador,005,37829,873,559,2,561,16
2020-11-30,Butte,007,227075,4523,4148,255,4403,65
2020-11-30,Calaveras,009,45235,577,478,0,478,21
2020-11-30,Colusa,011,21464,851,737,12,749,6
2020-11-30,Contra Costa,013,1133247,26409,24365,190,24555,264
2020-11-30,Del Norte,015,27424,401,339,0,339,2
2020-11-30,El Dorado,017,186661,3204,2488,39,2527,4
2020-11-30,Fresno,019,978130,44739,38712,1700,40412,500
2020-11-30,Glenn,021,27897,1082,954,60,1014,5
2020-11-30,Humboldt,023,135768,1034,870,4,874,9
2020-11-30,Imperial,025,180216,17018,16212,136,16348,356
2020-11-30,Inyo,027,18085,341,304,1,305,15
2020-11-30,Kern,029,883053,43867,40941,1668,42609,473
2020-11-30,Kings,031,150075,12031,11346,235,11581,85
2020-11-30,Lake,033,64148,1105,939,0,939,18
2020-11-30,Lassen,035,31185,2435,1793,8,1801,0
2020-11-30,Los Angeles,037,10098052,431967,396202,7372,403574,7658
2020-11-30,Madera,039,155013,6985,6210,179,6389,57
2020-11-30,Marin,041,260295,8004,7764,35,7799,136
2020-11-30,Mariposa,043,17540,150,123,2,125,2
2020-11-30,Mendocino,045,87422,1641,1482,9,1491,23
2020-11-30,Merced,047,269075,12744,11913,133,12046,172
2020-11-30,Modoc,049,8938,133,113,24,137,0
2020-11-30,Mono,051,14174,582,519,8,527,3
2020-11-30,Monterey,053,433212,16783,15837,305,16142,119
2020-11-30,Napa,055,140530,3635,3091,17,3108,18
2020-11-30,Nevada,057,99092,1665,1347,41,1388,9
2020-11-30,Orange,059,3164182,88129,78711,2706,81417,1568
2020-11-30,Placer,061,380077,8400,6575,182,6757,72
2020-11-30,Plumas,063,18699,248,192,0,192,0
2020-11-30,Riverside,065,2383286,101288,87722,2435,90157,1446
2020-11-30,Sacramento,067,1510023,41553,37834,153,37987,586
2020-11-30,San Benito,069,59416,2071,1875,15,1890,15
2020-11-30,San Bernardino,071,2135413,107971,92704,2108,94812,1220
2020-11-30,San Diego,073,3302833,90474,82045,3499,85544,997
2020-11-30,San Francisco,075,870044,16653,15638,122,15760,157
2020-11-30,San Joaquin,077,732212,28638,25742,599,26341,509
2020-11-30,San Luis Obispo,079,281455,6829,6224,116,6340,36
2020-11-30,San Mateo,081,765935,15849,14276,16,14292,170
2020-11-30,Santa Barbara,083,443738,12857,11572,214,11786,140
2020-11-30,Santa Clara,085,1922200,39982,35019,102,35121,451
2020-11-30,Santa Cruz,087,273765,5224,4558,75,4633,26
2020-11-30,Shasta,089,179085,5972,4933,267,5200,44
2020-11-30,Sierra,091,2930,19,16,0,16,0
2020-11-30,Siskiyou,093,43540,725,605,43,648,1
2020-11-30,Solano,095,438530,11413,10392,83,10475,87
2020-11-30,Sonoma,097,501317,13322,12232,79,12311,163
2020-11-30,Stanislaus,099,539301,23653,22110,1633,23743,446
2020-11-30,Sutter,101,95872,3979,3430,13,3443,16
2020-11-30,Tehama,103,63373,1911,1724,66,1790,9
2020-11-30,Trinity,105,12862,251,162,22,184,0
2020-11-30,Tulare,107,460477,22866,20833,1784,22617,319
2020-11-30,Tuolumne,109,53932,1226,1027,3,1030,7
2020-11-30,Ventura,111,848112,22551,20308,727,21035,180
2020-11-30,Yolo,113,214977,5450,4894,20,4914,81
2020-11-30,Yuba,115,75493,2307,2028,13,2041,10
2020-11-29,Alameda,001,1643700,32110,29918,400,30318,457
2020-11-29,Alpine,003,1148,52,41,0,41,0
2020-11-29,Amador,005,37829,722,548,2,550,16
2020-11-29,Butte,007,227075,4423,4008,235,4243,65
2020-11-29,Calaveras,009,45235,545,478,0,478,21
2020-11-29,Colusa,011,21464,822,723,8,731,6
2020-11-29,Contra Costa,013,1133247,25906,24165,184,24349,264
2020-11-29,Del Norte,015,27424,395,339,0,339,2
2020-11-29,El Dorado,017,186661,3074,2447,38,2485,4
2020-11-29,Fresno,019,978130,43789,38568,1626,40194,500
2020-11-29,Glenn,021,27897,1059,951,58,1009,4
2020-11-29,Humboldt,023,135768,1005,856,4,860,9
2020-11-29,Imperial,025,180216,16790,16138,108,16246,356
2020-11-29,Inyo,027,18085,326,289,1,290,15
2020-11-29,Kern,029,883053,43107,40596,1519,42115,473
2020-11-29,Kings,031,150075,11883,11247,215,11462,85
2020-11-29,Lake,033,64148,1081,927,0,927,18
2020-11-29,Lassen,035,31185,2332,1793,8,1801,0
2020-11-29,Los Angeles,037,10098052,421584,391162,7061,398223,7642
2020-11-29,Madera,039,155013,6842,6184,173,6357,57
2020-11-29,Marin,041,260295,7938,7739,33,7772,135
2020-11-29,Mariposa,043,17540,146,123,2,125,2
2020-11-29,Mendocino,045,87422,1607,1473,9,1482,23
2020-11-29,Merced,047,269075,12505,11773,124,11897,172
2020-11-29,Modoc,049,8938,129,105,22,127,0
2020-11-29,Mono,051,14174,559,515,8,523,3
2020-11-29,Monterey,053,433212,16472,15621,298,15919,119
2020-11-29,Napa,055,140530,3530,3090,16,3106,18
2020-11-29,Nevada,057,99092,1584,1311,39,1350,9
2020-11-29,Orange,059,3164182,86108,78057,2659,80716,1567
2020-11-29,Placer,061,380077,8104,6535,168,6703,72
2020-11-29,Plumas,063,18699,243,191,0,191,0
2020-11-29,Riverside,065,2383286,98902,87383,2276,89659,1442
2020-11-29,Sacramento,067,1510023,40476,37415,145,37560,585
2020-11-29,San Benito,069,59416,2027,1860,15,1875,15
2020-11-29,San Bernardino,071,2135413,104627,92052,1987,94039,1223
2020-11-29,San Diego,073,3302833,88062,81086,3347,84433,997
2020-11-29,San Francisco,075,870044,16372,15571,115,15686,153
2020-11-29,San Joaquin,077,732212,27897,25740,593,26333,509
2020-11-29,San Luis Obispo,079,281455,6707,6145,116,6261,36
2020-11-29,San Mateo,081,765935,15515,14177,16,14193,169
2020-11-29,Santa Barbara,083,443738,12701,11520,210,11730,140
2020-11-29,Santa Clara,085,1922200,38776,34234,96,34330,451
2020-11-29,Santa Cruz,087,273765,5065,4490,73,4563,26
2020-11-29,Shasta,089,179085,5800,4935,236,5171,43
2020-11-29,Sierra,091,2930,19,16,0,16,0
2020-11-29,Siskiyou,093,43540,702,590,41,631,1
2020-11-29,Solano,095,438530,11181,10393,79,10472,87
2020-11-29,Sonoma,097,501317,13070,12052,75,12127,163
2020-11-29,Stanislaus,099,539301,23158,21701,1596,23297,446
2020-11-29,Sutter,101,95872,3861,3297,13,3310,16
2020-11-29,Tehama,103,63373,1860,1710,50,1760,9
2020-11-29,Trinity,105,12862,248,159,21,180,0
2020-11-29,Tulare,107,460477,22502,20793,1701,22494,319
2020-11-29,Tuolumne,109,53932,1190,988,3,991,7
2020-11-29,Ventura,111,848112,21866,19952,714,20666,179
2020-11-29,Yolo,113,214977,5312,4830,19,4849,80
2020-11-29,Yuba,115,75493,2251,1959,13,1972,10
2020-11-28,Alameda,001,1643700,31801,29368,395,29763,456
2020-11-28,Alpine,003,1148,52,41,0,41,0
2020-11-28,Amador,005,37829,645,536,2,538,16
2020-11-28,Butte,007,227075,4365,3894,231,4125,65
2020-11-28,Calaveras,009,45235,541,478,0,478,21
2020-11-28,Colusa,011,21464,813,711,6,717,6
2020-11-28,Contra Costa,013,1133247,25573,23798,180,23978,264
2020-11-28,Del Norte,015,27424,385,328,0,328,2
2020-11-28,El Dorado,017,186661,3006,2415,32,2447,4
2020-11-28,Fresno,019,978130,43443,38288,1585,39873,500
2020-11-28,Glenn,021,27897,1048,925,54,979,4
2020-11-28,Humboldt,023,135768,970,844,4,848,9
2020-11-28,Imperial,025,180216,16726,16019,106,16125,356
2020-11-28,Inyo,027,18085,318,289,1,290,15
2020-11-28,Kern,029,883053,42746,40255,1430,41685,473
2020-11-28,Kings,031,150075,11818,11070,207,11277,85
2020-11-28,Lake,033,64148,1066,920,0,920,18
2020-11-28,Lassen,035,31185,2265,1714,8,1722,0
2020-11-28,Los Angeles,037,10098052,416671,386194,6902,393096,7625
2020-11-28,Madera,039,155013,6740,6119,166,6285,57
2020-11-28,Marin,041,260295,7908,7696,29,7725,135
2020-11-28,Mariposa,043,17540,143,120,2,122,2
2020-11-28,Mendocino,045,87422,1576,1458,9,1467,22
2020-11-28,Merced,047,269075,12407,11688,118,11806,172
2020-11-28,Modoc,049,8938,126,103,22,125,0
2020-11-28,Mono,051,14174,553,505,8,513,3
2020-11-28,Monterey,053,433212,16306,15328,294,15622,118
2020-11-28,Napa,055,140530,3478,3033,15,3048,18
2020-11-28,Nevada,057,99092,1556,1272,37,1309,9
2020-11-28,Orange,059,3164182,85012,76882,2611,79493,1568
2020-11-28,Placer,061,380077,7945,6497,165,6662,70
2020-11-28,Plumas,063,18699,236,188,0,188,0
2020-11-28,Riverside,065,2383286,97492,86854,2173,89027,1440
2020-11-28,Sacramento,067,1510023,39897,36905,141,37046,580
2020-11-28,San Benito,069,59416,1980,1835,15,1850,15
2020-11-28,San Bernardino,071,2135413,103229,91183,1888,93071,1224
2020-11-28,San Diego,073,3302833,86808,80020,3263,83283,997
2020-11-28,San Francisco,075,870044,16195,15450,107,15557,153
2020-11-28,San Joaquin,077,732212,27700,25742,578,26320,509
2020-11-28,San Luis Obispo,079,281455,6637,6106,112,6218,36
2020-11-28,San Mateo,081,765935,15325,14040,16,14056,169
2020-11-28,Santa Barbara,083,443738,12599,11481,205,11686,140
2020-11-28,Santa Clara,085,1922200,38030,33701,94,33795,449
2020-11-28,Santa Cruz,087,273765,4988,4426,73,4499,26
2020-11-28,Shasta,089,179085,5722,4882,229,5111,43
2020-11-28,Sierra,091,2930,19,16,0,16,0
2020-11-28,Siskiyou,093,43540,692,558,38,596,1
2020-11-28,Solano,095,438530,11062,10252,77,10329,87
2020-11-28,Sonoma,097,501317,12967,12008,65,12073,162
2020-11-28,Stanislaus,099,539301,22920,21574,1560,23134,446
2020-11-28,Sutter,101,95872,3777,3244,13,3257,15
2020-11-28,Tehama,103,63373,1844,1678,46,1724,9
2020-11-28,Trinity,105,12862,245,157,19,176,0
2020-11-28,Tulare,107,460477,22313,20701,1653,22354,319
2020-11-28,Tuolumne,109,53932,1168,976,3,979,7
2020-11-28,Ventura,111,848112,21568,19510,704,20214,179
2020-11-28,Yolo,113,214977,5238,4739,17,4756,80
2020-11-28,Yuba,115,75493,2198,1912,13,1925,10
2020-11-27,Alameda,001,1643700,31363,29064,384,29448,450
2020-11-27,Alpine,003,1148,52,41,0,41,0
2020-11-27,Amador,005,37829,598,498,1,499,16
2020-11-27,Butte,007,227075,4324,3894,225,4119,65
2020-11-27,Calaveras,009,45235,532,478,0,478,21
2020-11-27,Colusa,011,21464,796,694,4,698,6
2020-11-27,Contra Costa,013,1133247,25313,23463,174,23637,264
2020-11-27,Del Norte,015,27424,379,307,0,307,2
2020-11-27,El Dorado,017,186661,2935,2238,29,2267,4
2020-11-27,Fresno,019,978130,43037,37994,1525,39519,500
2020-11-27,Glenn,021,27897,1035,891,49,940,4
2020-11-27,Humboldt,023,135768,951,795,3,798,9
2020-11-27,Imperial,025,180216,16658,15960,97,16057,356
2020-11-27,Inyo,027,18085,312,289,1,290,15
2020-11-27,Kern,029,883053,42324,39707,1355,41062,473
2020-11-27,Kings,031,150075,11732,10667,189,10856,85
2020-11-27,Lake,033,64148,1030,909,0,909,18
2020-11-27,Lassen,035,31185,2253,1714,8,1722,0
2020-11-27,Los Angeles,037,10098052,410168,382740,6742,389482,7606
2020-11-27,Madera,039,155013,6668,6050,160,6210,57
2020-11-27,Marin,041,260295,7865,7660,29,7689,135
2020-11-27,Mariposa,043,17540,141,118,2,120,2
2020-11-27,Mendocino,045,87422,1562,1387,8,1395,22
2020-11-27,Merced,047,269075,12301,11550,111,11661,172
2020-11-27,Modoc,049,8938,125,100,22,122,0
2020-11-27,Mono,051,14174,549,498,8,506,3
2020-11-27,Monterey,053,433212,16139,14753,294,15047,113
2020-11-27,Napa,055,140530,3438,2988,15,3003,18
2020-11-27,Nevada,057,99092,1526,1184,35,1219,9
2020-11-27,Orange,059,3164182,83724,75151,2573,77724,1568
2020-11-27,Placer,061,380077,7783,6283,155,6438,68
2020-11-27,Plumas,063,18699,233,188,0,188,0
2020-11-27,Riverside,065,2383286,95888,85769,2015,87784,1440
2020-11-27,Sacramento,067,1510023,39274,36579,137,36716,579
2020-11-27,San Benito,069,59416,1946,1805,14,1819,15
2020-11-27,San Bernardino,071,2135413,101718,90254,1806,92060,1224
2020-11-27,San Diego,073,3302833,85613,78161,3175,81336,996
2020-11-27,San Francisco,075,870044,16039,15377,105,15482,153
2020-11-27,San Joaquin,077,732212,27480,25741,557,26298,509
2020-11-27,San Luis Obispo,079,281455,6554,6039,109,6148,36
2020-11-27,San Mateo,081,765935,15123,13872,15,13887,169
2020-11-27,Santa Barbara,083,443738,12506,11340,202,11542,140
2020-11-27,Santa Clara,085,1922200,37355,32935,87,33022,449
2020-11-27,Santa Cruz,087,273765,4917,4358,71,4429,26
2020-11-27,Shasta,089,179085,5645,4710,216,4926,43
2020-11-27,Sierra,091,2930,18,16,0,16,0
2020-11-27,Siskiyou,093,43540,677,554,35,589,1
2020-11-27,Solano,095,438530,10943,10044,74,10118,87
2020-11-27,Sonoma,097,501317,12835,11924,63,11987,162
2020-11-27,Stanislaus,099,539301,22692,21185,1529,22714,446
2020-11-27,Sutter,101,95872,3711,3101,12,3113,15
2020-11-27,Tehama,103,63373,1816,1649,42,1691,9
2020-11-27,Trinity,105,12862,241,151,19,170,0
2020-11-27,Tulare,107,460477,22127,20634,1594,22228,319
2020-11-27,Tuolumne,109,53932,1136,881,3,884,7
2020-11-27,Ventura,111,848112,21245,19379,682,20061,179
2020-11-27,Yolo,113,214977,5189,4737,17,4754,79
2020-11-27,Yuba,115,75493,2169,1864,12,1876,10
2020-11-26,Alameda,001,1643700,30951,28797,365,29162,447
2020-11-26,Alpine,003,1148,52,41,0,41,0
2020-11-26,Amador,005,37829,590,488,1,489,16
2020-11-26,Butte,007,227075,4261,3894,219,4113,65
2020-11-26,Calaveras,009,45235,504,478,0,478,21
2020-11-26,Colusa,011,21464,782,694,4,698,6
2020-11-26,Contra Costa,013,1133247,24978,23468,168,23636,264
2020-11-26,Del Norte,015,27424,368,307,0,307,2
2020-11-26,El Dorado,017,186661,2854,2217,27,2244,4
2020-11-26,Fresno,019,978130,42634,37724,1479,39203,500
2020-11-26,Glenn,021,27897,1020,892,46,938,4
2020-11-26,Humboldt,023,135768,929,795,2,797,9
2020-11-26,Imperial,025,180216,16550,15722,92,15814,355
2020-11-26,Inyo,027,18085,311,289,1,290,15
2020-11-26,Kern,029,883053,41880,39123,1285,40408,471
2020-11-26,Kings,031,150075,11677,10475,176,10651,85
2020-11-26,Lake,033,64148,1017,890,0,890,18
2020-11-26,Lassen,035,31185,2238,1714,8,1722,0
2020-11-26,Los Angeles,037,10098052,405025,378340,6500,384840,7581
2020-11-26,Madera,039,155013,6593,6003,154,6157,57
2020-11-26,Marin,041,260295,7828,7610,29,7639,135
2020-11-26,Mariposa,043,17540,136,116,2,118,2
2020-11-26,Mendocino,045,87422,1548,1387,6,1393,22
2020-11-26,Merced,047,269075,12153,11440,109,11549,172
2020-11-26,Modoc,049,8938,123,100,22,122,0
2020-11-26,Mono,051,14174,541,485,8,493,2
2020-11-26,Monterey,053,433212,15903,14750,286,15036,113
2020-11-26,Napa,055,140530,3374,2988,15,3003,18
2020-11-26,Nevada,057,99092,1480,1184,35,1219,9
2020-11-26,Orange,059,3164182,82340,74264,2509,76773,1563
2020-11-26,Placer,061,380077,7619,6278,146,6424,68
2020-11-26,Plumas,063,18699,225,188,0,188,0
2020-11-26,Riverside,065,2383286,94293,85774,1885,87659,1440
2020-11-26,Sacramento,067,1510023,38632,35854,129,35983,580
2020-11-26,San Benito,069,59416,1919,1769,14,1783,15
2020-11-26,San Bernardino,071,2135413,100070,89727,1712,91439,1223
2020-11-26,San Diego,073,3302833,84003,76359,3071,79430,996
2020-11-26,San Francisco,075,870044,15902,15156,102,15258,153
2020-11-26,San Joaquin,077,732212,27226,25738,544,26282,509
2020-11-26,San Luis Obispo,079,281455,6461,5964,106,6070,36
2020-11-26,San Mateo,081,765935,14935,13715,13,13728,169
2020-11-26,Santa Barbara,083,443738,12425,11277,201,11478,139
2020-11-26,Santa Clara,085,1922200,36713,32411,79,32490,446
2020-11-26,Santa Cruz,087,273765,4786,4269,65,4334,26
2020-11-26,Shasta,089,179085,5564,4712,204,4916,43
2020-11-26,Sierra,091,2930,18,15,0,15,0
2020-11-26,Siskiyou,093,43540,667,526,34,560,1
2020-11-26,Solano,095,438530,10800,9941,72,10013,87
2020-11-26,Sonoma,097,501317,12687,11922,61,11983,162
2020-11-26,Stanislaus,099,539301,22462,21186,1486,22672,445
2020-11-26,Sutter,101,95872,3617,3101,11,3112,15
2020-11-26,Tehama,103,63373,1775,1612,38,1650,9
2020-11-26,Trinity,105,12862,237,139,19,158,0
2020-11-26,Tulare,107,460477,21891,20649,1525,22174,319
2020-11-26,Tuolumne,109,53932,1108,871,3,874,7
2020-11-26,Ventura,111,848112,20749,19058,668,19726,179
2020-11-26,Yolo,113,214977,5102,4566,17,4583,76
2020-11-26,Yuba,115,75493,2109,1865,10,1875,10
2020-11-25,Alameda,001,1643700,30735,28378,357,28735,447
2020-11-25,Alpine,003,1148,52,41,0,41,0
2020-11-25,Amador,005,37829,580,484,1,485,16
2020-11-25,Butte,007,227075,4230,3848,216,4064,64
2020-11-25,Calaveras,009,45235,501,475,0,475,21
2020-11-25,Colusa,011,21464,765,693,4,697,6
2020-11-25,Contra Costa,013,1133247,24823,23307,167,23474,263
2020-11-25,Del Norte,015,27424,367,304,0,304,2
2020-11-25,El Dorado,017,186661,2818,2154,27,2181,4
2020-11-25,Fresno,019,978130,42402,37349,1457,38806,494
2020-11-25,Glenn,021,27897,1003,891,44,935,4
2020-11-25,Humboldt,023,135768,921,777,2,779,9
2020-11-25,Imperial,025,180216,16480,15640,90,15730,355
2020-11-25,Inyo,027,18085,309,289,1,290,15
2020-11-25,Kern,029,883053,41724,38878,1266,40144,467
2020-11-25,Kings,031,150075,11642,10417,172,10589,85
2020-11-25,Lake,033,64148,1000,878,0,878,18
2020-11-25,Lassen,035,31185,2195,1701,8,1709,0
2020-11-25,Los Angeles,037,10098052,401998,373919,6394,380313,7545
2020-11-25,Madera,039,155013,6571,5989,151,6140,57
2020-11-25,Marin,041,260295,7801,7601,28,7629,135
2020-11-25,Mariposa,043,17540,135,114,2,116,2
2020-11-25,Mendocino,045,87422,1529,1373,6,1379,22
2020-11-25,Merced,047,269075,12095,11346,109,11455,172
2020-11-25,Modoc,049,8938,123,96,22,118,0
2020-11-25,Mono,051,14174,536,487,8,495,2
2020-11-25,Monterey,053,433212,15786,14695,284,14979,113
2020-11-25,Napa,055,140530,3341,2945,15,2960,17
2020-11-25,Nevada,057,99092,1462,1170,33,1203,9
2020-11-25,Orange,059,3164182,81588,73014,2489,75503,1551
2020-11-25,Placer,061,380077,7543,6221,145,6366,68
2020-11-25,Plumas,063,18699,220,183,0,183,0
2020-11-25,Riverside,065,2383286,93750,85077,1867,86944,1438
2020-11-25,Sacramento,067,1510023,38296,35687,126,35813,574
2020-11-25,San Benito,069,59416,1896,1764,14,1778,15
2020-11-25,San Bernardino,071,2135413,99230,88469,1684,90153,1225
2020-11-25,San Diego,073,3302833,83346,75307,3035,78342,988
2020-11-25,San Francisco,075,870044,15797,15053,100,15153,153
2020-11-25,San Joaquin,077,732212,27099,25556,532,26088,515
2020-11-25,San Luis Obispo,079,281455,6418,5913,105,6018,34
2020-11-25,San Mateo,081,765935,14820,13614,13,13627,170
2020-11-25,Santa Barbara,083,443738,12375,11183,201,11384,138
2020-11-25,Santa Clara,085,1922200,36266,32032,78,32110,442
2020-11-25,Santa Cruz,087,273765,4735,4202,63,4265,25
2020-11-25,Shasta,089,179085,5518,4588,196,4784,43
2020-11-25,Sierra,091,2930,18,15,0,15,0
2020-11-25,Siskiyou,093,43540,660,499,34,533,1
2020-11-25,Solano,095,438530,10695,9832,71,9903,87
2020-11-25,Sonoma,097,501317,12624,11775,60,11835,162
2020-11-25,Stanislaus,099,539301,22332,21022,1458,22480,445
2020-11-25,Sutter,101,95872,3573,3064,11,3075,14
2020-11-25,Tehama,103,63373,1763,1587,33,1620,9
2020-11-25,Trinity,105,12862,235,135,19,154,0
2020-11-25,Tulare,107,460477,21801,20528,1493,22021,318
2020-11-25,Tuolumne,109,53932,1091,842,3,845,7
2020-11-25,Ventura,111,848112,20656,18914,662,19576,179
2020-11-25,Yolo,113,214977,5066,4527,17,4544,76
2020-11-25,Yuba,115,75493,2083,1840,10,1850,10
2020-11-24,Alameda,001,1643700,30257,28030,346,28376,444
2020-11-24,Alpine,003,1148,52,41,0,41,0
2020-11-24,Amador,005,37829,555,470,1,471,16
2020-11-24,Butte,007,227075,4145,3798,208,4006,63
2020-11-24,Calaveras,009,45235,494,466,0,466,21
2020-11-24,Colusa,011,21464,747,682,4,686,6
2020-11-24,Contra Costa,013,1133247,24470,23072,161,23233,259
2020-11-24,Del Norte,015,27424,357,298,0,298,2
2020-11-24,El Dorado,017,186661,2713,2005,26,2031,4
2020-11-24,Fresno,019,978130,41999,37021,1379,38400,493
2020-11-24,Glenn,021,27897,985,883,40,923,4
2020-11-24,Humboldt,023,135768,902,774,2,776,9
2020-11-24,Imperial,025,180216,16378,15600,83,15683,355
2020-11-24,Inyo,027,18085,308,282,1,283,15
2020-11-24,Kern,029,883053,41251,38551,1188,39739,465
2020-11-24,Kings,031,150075,11375,10338,159,10497,85
2020-11-24,Lake,033,64148,984,872,0,872,18
2020-11-24,Lassen,035,31185,2172,1657,8,1665,0
2020-11-24,Los Angeles,037,10098052,395691,370008,6156,376164,7501
2020-11-24,Madera,039,155013,6487,5881,144,6025,57
2020-11-24,Marin,041,260295,7754,7591,28,7619,135
2020-11-24,Mariposa,043,17540,125,114,1,115,2
2020-11-24,Mendocino,045,87422,1507,1346,5,1351,22
2020-11-24,Merced,047,269075,11906,11268,104,11372,171
2020-11-24,Modoc,049,8938,119,91,22,113,0
2020-11-24,Mono,051,14174,532,483,8,491,2
2020-11-24,Monterey,053,433212,15528,14354,272,14626,113
2020-11-24,Napa,055,140530,3275,2904,15,2919,17
2020-11-24,Nevada,057,99092,1398,1156,30,1186,9
2020-11-24,Orange,059,3164182,80141,71975,2407,74382,1547
2020-11-24,Placer,061,380077,7361,6147,138,6285,67
2020-11-24,Plumas,063,18699,217,180,0,180,0
2020-11-24,Riverside,065,2383286,91993,83685,1737,85422,1420
2020-11-24,Sacramento,067,1510023,37616,35097,119,35216,568
2020-11-24,San Benito,069,59416,1864,1740,13,1753,15
2020-11-24,San Bernardino,071,2135413,96896,86645,1580,88225,1226
2020-11-24,San Diego,073,3302833,81936,74363,2964,77327,984
2020-11-24,San Francisco,075,870044,15601,14874,97,14971,153
2020-11-24,San Joaquin,077,732212,26783,25318,502,25820,517
2020-11-24,San Luis Obispo,079,281455,6355,5805,104,5909,34
2020-11-24,San Mateo,081,765935,14611,13558,12,13570,170
2020-11-24,Santa Barbara,083,443738,12269,11154,199,11353,138
2020-11-24,Santa Clara,085,1922200,35478,31564,74,31638,438
2020-11-24,Santa Cruz,087,273765,4622,4132,62,4194,25
2020-11-24,Shasta,089,179085,5418,4410,177,4587,43
2020-11-24,Sierra,091,2930,18,15,0,15,0
2020-11-24,Siskiyou,093,43540,642,473,31,504,1
2020-11-24,Solano,095,438530,10524,9716,70,9786,86
2020-11-24,Sonoma,097,501317,12444,11644,57,11701,162
2020-11-24,Stanislaus,099,539301,22091,20830,1414,22244,438
2020-11-24,Sutter,101,95872,3468,2974,11,2985,14
2020-11-24,Tehama,103,63373,1712,1565,28,1593,9
2020-11-24,Trinity,105,12862,229,129,18,147,0
2020-11-24,Tulare,107,460477,21554,20319,1427,21746,315
2020-11-24,Tuolumne,109,53932,1062,832,3,835,7
2020-11-24,Ventura,111,848112,20274,18637,650,19287,179
2020-11-24,Yolo,113,214977,4982,4420,17,4437,76
2020-11-24,Yuba,115,75493,2032,1804,8,1812,10
2020-11-23,Alameda,001,1643700,29843,27718,334,28052,444
2020-11-23,Alpine,003,1148,50,41,0,41,0
2020-11-23,Amador,005,37829,514,457,1,458,16
2020-11-23,Butte,007,227075,4081,3765,202,3967,61
2020-11-23,Calaveras,009,45235,477,434,0,434,21
2020-11-23,Colusa,011,21464,733,662,4,666,6
2020-11-23,Contra Costa,013,1133247,24198,22674,156,22830,260
2020-11-23,Del Norte,015,27424,335,296,0,296,2
2020-11-23,El Dorado,017,186661,2593,2005,25,2030,4
2020-11-23,Fresno,019,978130,41551,36688,1317,38005,488
2020-11-23,Glenn,021,27897,959,853,40,893,4
2020-11-23,Humboldt,023,135768,889,746,2,748,9
2020-11-23,Imperial,025,180216,16208,15104,77,15181,355
2020-11-23,Inyo,027,18085,301,279,1,280,15
2020-11-23,Kern,029,883053,40738,38245,1124,39369,463
2020-11-23,Kings,031,150075,10955,10204,151,10355,85
2020-11-23,Lake,033,64148,961,840,0,840,18
2020-11-23,Lassen,035,31185,2092,1271,7,1278,0
2020-11-23,Los Angeles,037,10098052,389606,366374,5899,372273,7447
2020-11-23,Madera,039,155013,6361,5787,139,5926,56
2020-11-23,Marin,041,260295,7712,7543,28,7571,135
2020-11-23,Mariposa,043,17540,124,97,1,98,2
2020-11-23,Mendocino,045,87422,1477,1330,5,1335,22
2020-11-23,Merced,047,269075,11718,11148,101,11249,169
2020-11-23,Modoc,049,8938,105,91,21,112,0
2020-11-23,Mono,051,14174,519,480,8,488,2
2020-11-23,Monterey,053,433212,15250,14265,265,14530,112
2020-11-23,Napa,055,140530,3209,2811,14,2825,17
2020-11-23,Nevada,057,99092,1309,1087,30,1117,9
2020-11-23,Orange,059,3164182,78733,71074,2361,73435,1546
2020-11-23,Placer,061,380077,7159,5999,137,6136,66
2020-11-23,Plumas,063,18699,213,172,0,172,0
2020-11-23,Riverside,065,2383286,90214,82175,1675,83850,1415
2020-11-23,Sacramento,067,1510023,37048,34141,112,34253,556
2020-11-23,San Benito,069,59416,1836,1729,12,1741,15
2020-11-23,San Bernardino,071,2135413,94790,84387,1516,85903,1224
2020-11-23,San Diego,073,3302833,80474,72817,2876,75693,968
2020-11-23,San Francisco,075,870044,15442,14646,95,14741,153
2020-11-23,San Joaquin,077,732212,26434,24622,498,25120,517
2020-11-23,San Luis Obispo,079,281455,6273,5772,102,5874,34
2020-11-23,San Mateo,081,765935,14419,13364,12,13376,170
2020-11-23,Santa Barbara,083,443738,12160,10944,195,11139,137
2020-11-23,Santa Clara,085,1922200,34827,31064,71,31135,435
2020-11-23,Santa Cruz,087,273765,4513,4003,57,4060,25
2020-11-23,Shasta,089,179085,5301,4100,164,4264,43
2020-11-23,Sierra,091,2930,17,15,0,15,0
2020-11-23,Siskiyou,093,43540,615,460,30,490,0
2020-11-23,Solano,095,438530,10367,9394,67,9461,86
2020-11-23,Sonoma,097,501317,12271,11507,53,11560,160
2020-11-23,Stanislaus,099,539301,21799,20487,1381,21868,436
2020-11-23,Sutter,101,95872,3330,2840,10,2850,14
2020-11-23,Tehama,103,63373,1664,1526,25,1551,9
2020-11-23,Trinity,105,12862,223,120,16,136,0
2020-11-23,Tulare,107,460477,21266,19818,1354,21172,315
2020-11-23,Tuolumne,109,53932,1022,774,3,777,7
2020-11-23,Ventura,111,848112,19898,18480,638,19118,179
2020-11-23,Yolo,113,214977,4902,4265,16,4281,75
2020-11-23,Yuba,115,75493,1965,1702,8,1710,10
2020-11-22,Alameda,001,1643700,29408,27472,323,27795,444
2020-11-22,Alpine,003,1148,47,41,0,41,0
2020-11-22,Amador,005,37829,502,450,1,451,16
2020-11-22,Butte,007,227075,4031,3712,194,3906,61
2020-11-22,Calaveras,009,45235,465,434,0,434,21
2020-11-22,Colusa,011,21464,715,642,3,645,6
2020-11-22,Contra Costa,013,1133247,23893,22407,151,22558,260
2020-11-22,Del Norte,015,27424,311,271,0,271,2
2020-11-22,El Dorado,017,186661,2483,1917,22,1939,4
2020-11-22,Fresno,019,978130,41069,36315,1259,37574,488
2020-11-22,Glenn,021,27897,938,832,34,866,4
2020-11-22,Humboldt,023,135768,873,729,2,731,9
2020-11-22,Imperial,025,180216,16003,15109,31,15140,355
2020-11-22,Inyo,027,18085,294,279,1,280,15
2020-11-22,Kern,029,883053,40160,37904,1087,38991,463
2020-11-22,Kings,031,150075,10854,10035,142,10177,85
2020-11-22,Lake,033,64148,939,834,0,834,18
2020-11-22,Lassen,035,31185,1927,1211,6,1217,0
2020-11-22,Los Angeles,037,10098052,383329,360341,5647,365988,7438
2020-11-22,Madera,039,155013,6281,5745,128,5873,56
2020-11-22,Marin,041,260295,7677,7506,27,7533,135
2020-11-22,Mariposa,043,17540,123,95,1,96,2
2020-11-22,Mendocino,045,87422,1453,1285,3,1288,22
2020-11-22,Merced,047,269075,11569,10939,101,11040,169
2020-11-22,Modoc,049,8938,104,87,19,106,0
2020-11-22,Mono,051,14174,504,481,8,489,2
2020-11-22,Monterey,053,433212,15009,13887,259,14146,111
2020-11-22,Napa,055,140530,3128,2778,14,2792,17
2020-11-22,Nevada,057,99092,1251,1052,30,1082,9
2020-11-22,Orange,059,3164182,77320,69913,2321,72234,1546
2020-11-22,Placer,061,380077,6936,5880,126,6006,66
2020-11-22,Plumas,063,18699,200,172,0,172,0
2020-11-22,Riverside,065,2383286,88625,81565,1613,83178,1409
2020-11-22,Sacramento,067,1510023,36317,33421,99,33520,555
2020-11-22,San Benito,069,59416,1807,1704,12,1716,15
2020-11-22,San Bernardino,071,2135413,92447,83505,1442,84947,1224
2020-11-22,San Diego,073,3302833,78736,71649,2801,74450,968
2020-11-22,San Francisco,075,870044,15271,14515,94,14609,153
2020-11-22,San Joaquin,077,732212,26136,24619,485,25104,517
2020-11-22,San Luis Obispo,079,281455,6171,5664,101,5765,34
2020-11-22,San Mateo,081,765935,14214,13228,12,13240,170
2020-11-22,Santa Barbara,083,443738,12023,10946,190,11136,137
2020-11-22,Santa Clara,085,1922200,34149,30633,69,30702,434
2020-11-22,Santa Cruz,087,273765,4431,3896,50,3946,25
2020-11-22,Shasta,089,179085,5144,4100,145,4245,43
2020-11-22,Sierra,091,2930,17,13,0,13,0
2020-11-22,Siskiyou,093,43540,583,411,30,441,0
2020-11-22,Solano,095,438530,10197,9363,63,9426,86
2020-11-22,Sonoma,097,501317,12113,11415,51,11466,159
2020-11-22,Stanislaus,099,539301,21473,20223,1349,21572,436
2020-11-22,Sutter,101,95872,3212,2677,10,2687,13
2020-11-22,Tehama,103,63373,1630,1457,20,1477,9
2020-11-22,Trinity,105,12862,218,114,16,130,0
2020-11-22,Tulare,107,460477,21017,19818,1281,21099,314
2020-11-22,Tuolumne,109,53932,996,689,3,692,7
2020-11-22,Ventura,111,848112,19537,18105,626,18731,179
2020-11-22,Yolo,113,214977,4801,4206,16,4222,75
2020-11-22,Yuba,115,75493,1912,1672,8,1680,10
2020-11-21,Alameda,001,1643700,29222,27424,321,27745,444
2020-11-21,Alpine,003,1148,47,41,0,41,0
2020-11-21,Amador,005,37829,488,450,1,451,16
2020-11-21,Butte,007,227075,3983,3664,191,3855,61
2020-11-21,Calaveras,009,45235,459,434,0,434,21
2020-11-21,Colusa,011,21464,706,642,3,645,6
2020-11-21,Contra Costa,013,1133247,23740,22338,149,22487,260
2020-11-21,Del Norte,015,27424,306,271,0,271,2
2020-11-21,El Dorado,017,186661,2434,1900,21,1921,4
2020-11-21,Fresno,019,978130,40813,35973,1226,37199,482
2020-11-21,Glenn,021,27897,933,829,32,861,4
2020-11-21,Humboldt,023,135768,863,728,2,730,9
2020-11-21,Imperial,025,180216,15926,15053,31,15084,355
2020-11-21,Inyo,027,18085,292,283,1,284,15
2020-11-21,Kern,029,883053,39906,37403,1050,38453,463
2020-11-21,Kings,031,150075,10806,10019,138,10157,85
2020-11-21,Lake,033,64148,926,832,0,832,18
2020-11-21,Lassen,035,31185,1859,1211,6,1217,0
2020-11-21,Los Angeles,037,10098052,380157,357754,5497,363251,7428
2020-11-21,Madera,039,155013,6244,5706,128,5834,56
2020-11-21,Marin,041,260295,7654,7488,26,7514,134
2020-11-21,Mariposa,043,17540,123,92,1,93,2
2020-11-21,Mendocino,045,87422,1422,1282,3,1285,22
2020-11-21,Merced,047,269075,11508,10849,100,10949,169
2020-11-21,Modoc,049,8938,100,87,18,105,0
2020-11-21,Mono,051,14174,499,469,8,477,2
2020-11-21,Monterey,053,433212,14911,13886,253,14139,110
2020-11-21,Napa,055,140530,3094,2757,14,2771,17
2020-11-21,Nevada,057,99092,1239,1018,29,1047,9
2020-11-21,Orange,059,3164182,76516,69021,2291,71312,1543
2020-11-21,Placer,061,380077,6825,5778,123,5901,65
2020-11-21,Plumas,063,18699,195,172,0,172,0
2020-11-21,Riverside,065,2383286,87852,80676,1565,82241,1407
2020-11-21,Sacramento,067,1510023,35922,33133,91,33224,548
2020-11-21,San Benito,069,59416,1788,1691,12,1703,15
2020-11-21,San Bernardino,071,2135413,91571,83206,1365,84571,1222
2020-11-21,San Diego,073,3302833,77957,70711,2746,73457,966
2020-11-21,San Francisco,075,870044,15168,14445,93,14538,153
2020-11-21,San Joaquin,077,732212,26003,24620,470,25090,517
2020-11-21,San Luis Obispo,079,281455,6119,5618,98,5716,34
2020-11-21,San Mateo,081,765935,14112,13138,12,13150,170
2020-11-21,Santa Barbara,083,443738,11972,10922,187,11109,137
2020-11-21,Santa Clara,085,1922200,33766,30377,66,30443,433
2020-11-21,Santa Cruz,087,273765,4374,3898,50,3948,25
2020-11-21,Shasta,089,179085,5071,4095,142,4237,42
2020-11-21,Sierra,091,2930,17,13,0,13,0
2020-11-21,Siskiyou,093,43540,567,403,30,433,0
2020-11-21,Solano,095,438530,10108,9290,59,9349,86
2020-11-21,Sonoma,097,501317,12038,11394,49,11443,158
2020-11-21,Stanislaus,099,539301,21330,20111,1324,21435,435
2020-11-21,Sutter,101,95872,3152,2615,9,2624,13
2020-11-21,Tehama,103,63373,1610,1435,19,1454,9
2020-11-21,Trinity,105,12862,215,110,15,125,0
2020-11-21,Tulare,107,460477,20891,19752,1247,20999,313
2020-11-21,Tuolumne,109,53932,977,690,3,693,7
2020-11-21,Ventura,111,848112,19374,18040,616,18656,177
2020-11-21,Yolo,113,214977,4726,4147,15,4162,75
2020-11-21,Yuba,115,75493,1880,1643,8,1651,10
2020-11-20,Alameda,001,1643700,29010,27221,313,27534,444
2020-11-20,Alpine,003,1148,47,20,0,20,0
2020-11-20,Amador,005,37829,484,446,1,447,16
2020-11-20,Butte,007,227075,3951,3618,187,3805,60
2020-11-20,Calaveras,009,45235,447,424,0,424,21
2020-11-20,Colusa,011,21464,698,631,2,633,6
2020-11-20,Contra Costa,013,1133247,23554,22116,145,22261,260
2020-11-20,Del Norte,015,27424,302,264,0,264,2
2020-11-20,El Dorado,017,186661,2338,1868,19,1887,4
2020-11-20,Fresno,019,978130,40521,35635,1194,36829,480
2020-11-20,Glenn,021,27897,921,826,30,856,4
2020-11-20,Humboldt,023,135768,854,714,1,715,9
2020-11-20,Imperial,025,180216,15864,14864,27,14891,353
2020-11-20,Inyo,027,18085,290,262,1,263,15
2020-11-20,Kern,029,883053,39613,37143,1024,38167,462
2020-11-20,Kings,031,150075,10759,9903,136,10039,85
2020-11-20,Lake,033,64148,917,820,0,820,18
2020-11-20,Lassen,035,31185,1774,1212,5,1217,0
2020-11-20,Los Angeles,037,10098052,376277,353554,5332,358886,7398
2020-11-20,Madera,039,155013,6151,5635,127,5762,54
2020-11-20,Marin,041,260295,7630,7467,25,7492,134
2020-11-20,Mariposa,043,17540,115,89,1,90,2
2020-11-20,Mendocino,045,87422,1402,1269,3,1272,22
2020-11-20,Merced,047,269075,11422,10729,100,10829,167
2020-11-20,Modoc,049,8938,100,83,18,101,0
2020-11-20,Mono,051,14174,497,469,8,477,2
2020-11-20,Monterey,053,433212,14786,13738,244,13982,110
2020-11-20,Napa,055,140530,3064,2718,14,2732,17
2020-11-20,Nevada,057,99092,1221,990,28,1018,9
2020-11-20,Orange,059,3164182,75679,68212,2252,70464,1532
2020-11-20,Placer,061,380077,6690,5687,108,5795,66
2020-11-20,Plumas,063,18699,193,163,0,163,0
2020-11-20,Riverside,065,2383286,86841,79613,1500,81113,1405
2020-11-20,Sacramento,067,1510023,35546,32832,82,32914,549
2020-11-20,San Benito,069,59416,1776,1668,12,1680,15
2020-11-20,San Bernardino,071,2135413,90207,81203,1282,82485,1220
2020-11-20,San Diego,073,3302833,76958,69233,2665,71898,960
2020-11-20,San Francisco,075,870044,15064,14327,92,14419,153
2020-11-20,San Joaquin,077,732212,25851,24460,456,24916,515
2020-11-20,San Luis Obispo,079,281455,6064,5524,95,5619,34
2020-11-20,San Mateo,081,765935,13979,12980,11,12991,169
2020-11-20,Santa Barbara,083,443738,11915,10825,181,11006,136
2020-11-20,Santa Clara,085,1922200,33344,30002,61,30063,431
2020-11-20,Santa Cruz,087,273765,4307,3815,50,3865,25
2020-11-20,Shasta,089,179085,4997,3861,137,3998,42
2020-11-20,Sierra,091,2930,17,12,0,12,0
2020-11-20,Siskiyou,093,43540,554,387,29,416,0
2020-11-20,Solano,095,438530,10016,9216,57,9273,85
2020-11-20,Sonoma,097,501317,11954,11316,48,11364,158
2020-11-20,Stanislaus,099,539301,21175,19889,1298,21187,433
2020-11-20,Sutter,101,95872,3102,2580,9,2589,13
2020-11-20,Tehama,103,63373,1595,1410,15,1425,9
2020-11-20,Trinity,105,12862,214,102,15,117,0
2020-11-20,Tulare,107,460477,20759,19568,1207,20775,311
2020-11-20,Tuolumne,109,53932,938,662,3,665,7
2020-11-20,Ventura,111,848112,19206,17741,589,18330,175
2020-11-20,Yolo,113,214977,4648,4081,14,4095,74
2020-11-20,Yuba,115,75493,1852,1611,8,1619,10
2020-11-19,Alameda,001,1643700,28664,26971,304,27275,441
2020-11-19,Alpine,003,1148,44,20,0,20,0
2020-11-19,Amador,005,37829,480,436,1,437,16
2020-11-19,Butte,007,227075,3902,3576,180,3756,60
2020-11-19,Calaveras,009,45235,437,417,0,417,21
2020-11-19,Colusa,011,21464,680,621,2,623,6
2020-11-19,Contra Costa,013,1133247,23281,21886,142,22028,259
2020-11-19,Del Norte,015,27424,294,251,0,251,2
2020-11-19,El Dorado,017,186661,2264,1825,18,1843,4
2020-11-19,Fresno,019,978130,40074,35278,1134,36412,478
2020-11-19,Glenn,021,27897,899,806,29,835,4
2020-11-19,Humboldt,023,135768,834,693,1,694,9
2020-11-19,Imperial,025,180216,15655,14507,27,14534,349
2020-11-19,Inyo,027,18085,288,262,1,263,15
2020-11-19,Kern,029,883053,39194,36779,980,37759,459
2020-11-19,Kings,031,150075,10612,9763,128,9891,85
2020-11-19,Lake,033,64148,903,809,0,809,18
2020-11-19,Lassen,035,31185,1657,1201,3,1204,0
2020-11-19,Los Angeles,037,10098052,371262,349493,5156,354649,7365
2020-11-19,Madera,039,155013,6079,5540,119,5659,54
2020-11-19,Marin,041,260295,7599,7451,25,7476,134
2020-11-19,Mariposa,043,17540,108,88,0,88,2
2020-11-19,Mendocino,045,87422,1381,1237,3,1240,23
2020-11-19,Merced,047,269075,11281,10634,94,10728,167
2020-11-19,Modoc,049,8938,97,82,18,100,0
2020-11-19,Mono,051,14174,489,468,8,476,2
2020-11-19,Monterey,053,433212,14571,13369,232,13601,108
2020-11-19,Napa,055,140530,3010,2641,14,2655,17
2020-11-19,Nevada,057,99092,1180,945,27,972,9
2020-11-19,Orange,059,3164182,74412,66998,2206,69204,1530
2020-11-19,Placer,061,380077,6500,5612,107,5719,65
2020-11-19,Plumas,063,18699,188,158,0,158,0
2020-11-19,Riverside,065,2383286,85364,78535,1429,79964,1402
2020-11-19,Sacramento,067,1510023,35033,32367,80,32447,546
2020-11-19,San Benito,069,59416,1753,1643,12,1655,15
2020-11-19,San Bernardino,071,2135413,88313,79244,1201,80445,1215
2020-11-19,San Diego,073,3302833,75708,68142,2561,70703,952
2020-11-19,San Francisco,075,870044,14907,14178,86,14264,153
2020-11-19,San Joaquin,077,732212,25531,24270,445,24715,516
2020-11-19,San Luis Obispo,079,281455,5987,5410,92,5502,34
2020-11-19,San Mateo,081,765935,13841,12714,11,12725,169
2020-11-19,Santa Barbara,083,443738,11834,10741,178,10919,136
2020-11-19,Santa Clara,085,1922200,32785,29630,60,29690,424
2020-11-19,Santa Cruz,087,273765,4216,3679,48,3727,25
2020-11-19,Shasta,089,179085,4860,3685,126,3811,42
2020-11-19,Sierra,091,2930,17,11,0,11,0
2020-11-19,Siskiyou,093,43540,529,360,28,388,0
2020-11-19,Solano,095,438530,9879,9093,53,9146,84
2020-11-19,Sonoma,097,501317,11784,11205,46,11251,156
2020-11-19,Stanislaus,099,539301,20934,19736,1256,20992,433
2020-11-19,Sutter,101,95872,3003,2509,9,2518,13
2020-11-19,Tehama,103,63373,1562,1373,12,1385,9
2020-11-19,Trinity,105,12862,208,97,15,112,0
2020-11-19,Tulare,107,460477,20537,19384,1140,20524,304
2020-11-19,Tuolumne,109,53932,905,602,3,605,7
2020-11-19,Ventura,111,848112,18853,17300,576,17876,174
2020-11-19,Yolo,113,214977,4553,3973,14,3987,72
2020-11-19,Yuba,115,75493,1812,1568,8,1576,10
2020-11-18,Alameda,001,1643700,28402,26610,299,26909,440
2020-11-18,Alpine,003,1148,43,16,0,16,0
2020-11-18,Amador,005,37829,475,430,1,431,16
2020-11-18,Butte,007,227075,3849,3537,167,3704,59
2020-11-18,Calaveras,009,45235,432,409,0,409,21
2020-11-18,Colusa,011,21464,667,611,2,613,6
2020-11-18,Contra Costa,013,1133247,23014,21685,138,21823,258
2020-11-18,Del Norte,015,27424,281,240,0,240,2
2020-11-18,El Dorado,017,186661,2176,1799,17,1816,4
2020-11-18,Fresno,019,978130,39633,34997,1082,36079,474
2020-11-18,Glenn,021,27897,883,803,27,830,4
2020-11-18,Humboldt,023,135768,820,690,1,691,9
2020-11-18,Imperial,025,180216,15433,14428,27,14455,348
2020-11-18,Inyo,027,18085,286,262,1,263,15
2020-11-18,Kern,029,883053,38806,36537,929,37466,456
2020-11-18,Kings,031,150075,10464,9696,125,9821,85
2020-11-18,Lake,033,64148,890,802,0,802,18
2020-11-18,Lassen,035,31185,1557,1124,3,1127,0
2020-11-18,Los Angeles,037,10098052,366400,344675,4966,349641,7338
2020-11-18,Madera,039,155013,5992,5519,107,5626,54
2020-11-18,Marin,041,260295,7575,7435,25,7460,134
2020-11-18,Mariposa,043,17540,105,88,0,88,2
2020-11-18,Mendocino,045,87422,1361,1237,3,1240,23
2020-11-18,Merced,047,269075,11166,10536,92,10628,166
2020-11-18,Modoc,049,8938,94,77,18,95,0
2020-11-18,Mono,051,14174,484,468,8,476,2
2020-11-18,Monterey,053,433212,14377,13340,217,13557,108
2020-11-18,Napa,055,140530,2963,2607,14,2621,17
2020-11-18,Nevada,057,99092,1140,933,25,958,9
2020-11-18,Orange,059,3164182,73316,66381,2181,68562,1521
2020-11-18,Placer,061,380077,6322,5543,102,5645,64
2020-11-18,Plumas,063,18699,183,143,0,143,0
2020-11-18,Riverside,065,2383286,83898,77739,1327,79066,1387
2020-11-18,Sacramento,067,1510023,34408,31816,72,31888,541
2020-11-18,San Benito,069,59416,1728,1632,11,1643,15
2020-11-18,San Bernardino,071,2135413,86554,77400,1120,78520,1206
2020-11-18,San Diego,073,3302833,74414,67243,2501,69744,945
2020-11-18,San Francisco,075,870044,14763,14057,84,14141,153
2020-11-18,San Joaquin,077,732212,25265,24146,430,24576,517
2020-11-18,San Luis Obispo,079,281455,5912,5322,91,5413,34
2020-11-18,San Mateo,081,765935,13687,12631,10,12641,169
2020-11-18,Santa Barbara,083,443738,11755,10684,171,10855,136
2020-11-18,Santa Clara,085,1922200,32320,29285,55,29340,421
2020-11-18,Santa Cruz,087,273765,4124,3618,46,3664,25
2020-11-18,Shasta,089,179085,4724,3547,122,3669,42
2020-11-18,Sierra,091,2930,17,11,0,11,0
2020-11-18,Siskiyou,093,43540,497,351,27,378,0
2020-11-18,Solano,095,438530,9747,8994,51,9045,84
2020-11-18,Sonoma,097,501317,11677,11129,43,11172,155
2020-11-18,Stanislaus,099,539301,20691,19609,1231,20840,431
2020-11-18,Sutter,101,95872,2885,2442,9,2451,13
2020-11-18,Tehama,103,63373,1523,1338,12,1350,8
2020-11-18,Trinity,105,12862,195,95,15,110,0
2020-11-18,Tulare,107,460477,20330,19286,1086,20372,306
2020-11-18,Tuolumne,109,53932,869,590,3,593,7
2020-11-18,Ventura,111,848112,18528,17169,561,17730,173
2020-11-18,Yolo,113,214977,4479,3929,14,3943,71
2020-11-18,Yuba,115,75493,1758,1540,8,1548,10
2020-11-17,Alameda,001,1643700,28078,26425,289,26714,439
2020-11-17,Alpine,003,1148,41,12,0,12,0
2020-11-17,Amador,005,37829,464,423,1,424,16
2020-11-17,Butte,007,227075,3806,3500,157,3657,59
2020-11-17,Calaveras,009,45235,417,405,0,405,21
2020-11-17,Colusa,011,21464,656,606,1,607,6
2020-11-17,Contra Costa,013,1133247,22741,21557,133,21690,256
2020-11-17,Del Norte,015,27424,275,233,0,233,2
2020-11-17,El Dorado,017,186661,2117,1758,17,1775,4
2020-11-17,Fresno,019,978130,39036,34765,1021,35786,472
2020-11-17,Glenn,021,27897,872,795,26,821,4
2020-11-17,Humboldt,023,135768,798,685,1,686,9
2020-11-17,Imperial,025,180216,15197,14204,26,14230,346
2020-11-17,Inyo,027,18085,285,263,1,264,15
2020-11-17,Kern,029,883053,38356,36164,876,37040,455
2020-11-17,Kings,031,150075,10391,9653,118,9771,85
2020-11-17,Lake,033,64148,870,792,0,792,18
2020-11-17,Lassen,035,31185,1478,1124,3,1127,0
2020-11-17,Los Angeles,037,10098052,361450,340933,4804,345737,7302
2020-11-17,Madera,039,155013,5903,5485,100,5585,54
2020-11-17,Marin,041,260295,7543,7404,24,7428,134
2020-11-17,Mariposa,043,17540,102,87,0,87,2
2020-11-17,Mendocino,045,87422,1340,1216,3,1219,23
2020-11-17,Merced,047,269075,11022,10457,85,10542,162
2020-11-17,Modoc,049,8938,88,71,17,88,0
2020-11-17,Mono,051,14174,479,459,8,467,2
2020-11-17,Monterey,053,433212,14149,13220,207,13427,108
2020-11-17,Napa,055,140530,2909,2568,14,2582,17
2020-11-17,Nevada,057,99092,1099,918,24,942,9
2020-11-17,Orange,059,3164182,72166,65757,2152,67909,1519
2020-11-17,Placer,061,380077,6160,5435,96,5531,63
2020-11-17,Plumas,063,18699,175,142,0,142,0
2020-11-17,Riverside,065,2383286,82516,77079,1235,78314,1379
2020-11-17,Sacramento,067,1510023,33808,31341,68,31409,538
2020-11-17,San Benito,069,59416,1713,1611,4,1615,15
2020-11-17,San Bernardino,071,2135413,84742,76134,1029,77163,1188
2020-11-17,San Diego,073,3302833,73160,66321,2446,68767,933
2020-11-17,San Francisco,075,870044,14597,13952,83,14035,153
2020-11-17,San Joaquin,077,732212,24993,23997,411,24408,516
2020-11-17,San Luis Obispo,079,281455,5816,5235,91,5326,34
2020-11-17,San Mateo,081,765935,13525,12491,9,12500,169
2020-11-17,Santa Barbara,083,443738,11666,10597,165,10762,136
2020-11-17,Santa Clara,085,1922200,31773,29013,54,29067,419
2020-11-17,Santa Cruz,087,273765,4040,3548,43,3591,25
2020-11-17,Shasta,089,179085,4564,3457,109,3566,40
2020-11-17,Sierra,091,2930,15,11,0,11,0
2020-11-17,Siskiyou,093,43540,449,333,26,359,0
2020-11-17,Solano,095,438530,9602,8905,50,8955,84
2020-11-17,Sonoma,097,501317,11543,11084,41,11125,155
2020-11-17,Stanislaus,099,539301,20467,19466,1202,20668,425
2020-11-17,Sutter,101,95872,2802,2370,8,2378,12
2020-11-17,Tehama,103,63373,1473,1290,12,1302,7
2020-11-17,Trinity,105,12862,179,83,15,98,0
2020-11-17,Tulare,107,460477,20109,19176,1023,20199,305
2020-11-17,Tuolumne,109,53932,831,568,3,571,7
2020-11-17,Ventura,111,848112,18256,16797,542,17339,173
2020-11-17,Yolo,113,214977,4303,3887,13,3900,70
2020-11-17,Yuba,115,75493,1710,1519,8,1527,10
2020-11-16,Alameda,001,1643700,27731,26063,284,26347,436
2020-11-16,Alpine,003,1148,38,12,0,12,0
2020-11-16,Amador,005,37829,456,414,1,415,16
2020-11-16,Butte,007,227075,3767,3490,148,3638,58
2020-11-16,Calaveras,009,45235,409,402,0,402,21
2020-11-16,Colusa,011,21464,647,601,1,602,6
2020-11-16,Contra Costa,013,1133247,22474,21386,128,21514,256
2020-11-16,Del Norte,015,27424,268,225,0,225,2
2020-11-16,El Dorado,017,186661,2056,1694,15,1709,4
2020-11-16,Fresno,019,978130,38547,34593,964,35557,471
2020-11-16,Glenn,021,27897,860,786,25,811,4
2020-11-16,Humboldt,023,135768,781,660,1,661,9
2020-11-16,Imperial,025,180216,14949,14111,26,14137,346
2020-11-16,Inyo,027,18085,282,263,1,264,15
2020-11-16,Kern,029,883053,37963,36049,832,36881,455
2020-11-16,Kings,031,150075,10124,9569,114,9683,85
2020-11-16,Lake,033,64148,858,784,0,784,18
2020-11-16,Lassen,035,31185,1297,1124,3,1127,0
2020-11-16,Los Angeles,037,10098052,356711,338778,4624,343402,7277
2020-11-16,Madera,039,155013,5816,5433,94,5527,54
2020-11-16,Marin,041,260295,7514,7359,24,7383,134
2020-11-16,Mariposa,043,17540,99,86,0,86,2
2020-11-16,Mendocino,045,87422,1315,1209,3,1212,23
2020-11-16,Merced,047,269075,10884,10399,82,10481,162
2020-11-16,Modoc,049,8938,86,71,17,88,0
2020-11-16,Mono,051,14174,477,453,8,461,2
2020-11-16,Monterey,053,433212,13905,13089,194,13283,107
2020-11-16,Napa,055,140530,2833,2536,14,2550,17
2020-11-16,Nevada,057,99092,1056,889,22,911,9
2020-11-16,Orange,059,3164182,71067,65396,2138,67534,1519
2020-11-16,Placer,061,380077,6040,5387,87,5474,63
2020-11-16,Plumas,063,18699,168,127,0,127,0
2020-11-16,Riverside,065,2383286,81146,76449,1169,77618,1379
2020-11-16,Sacramento,067,1510023,33171,30954,61,31015,534
2020-11-16,San Benito,069,59416,1695,1603,3,1606,15
2020-11-16,San Bernardino,071,2135413,82915,74401,959,75360,1186
2020-11-16,San Diego,073,3302833,71850,65603,2374,67977,926
2020-11-16,San Francisco,075,870044,14438,13847,80,13927,153
2020-11-16,San Joaquin,077,732212,24706,23515,401,23916,513
2020-11-16,San Luis Obispo,079,281455,5712,5161,86,5247,34
2020-11-16,San Mateo,081,765935,13365,12398,9,12407,169
2020-11-16,Santa Barbara,083,443738,11601,10565,161,10726,135
2020-11-16,Santa Clara,085,1922200,31208,28673,52,28725,419
2020-11-16,Santa Cruz,087,273765,3967,3520,43,3563,25
2020-11-16,Shasta,089,179085,4414,3284,104,3388,37
2020-11-16,Sierra,091,2930,15,11,0,11,0
2020-11-16,Siskiyou,093,43540,422,294,26,320,0
2020-11-16,Solano,095,438530,9403,8827,50,8877,84
2020-11-16,Sonoma,097,501317,11452,10961,40,11001,155
2020-11-16,Stanislaus,099,539301,20231,19333,1174,20507,425
2020-11-16,Sutter,101,95872,2696,2322,8,2330,12
2020-11-16,Tehama,103,63373,1428,1261,8,1269,7
2020-11-16,Trinity,105,12862,171,67,15,82,0
2020-11-16,Tulare,107,460477,19931,18891,967,19858,305
2020-11-16,Tuolumne,109,53932,795,543,3,546,7
2020-11-16,Ventura,111,848112,17918,16691,534,17225,172
2020-11-16,Yolo,113,214977,4207,3858,13,3871,70
2020-11-16,Yuba,115,75493,1674,1500,7,1507,10
2020-11-15,Alameda,001,1643700,27411,25879,278,26157,436
2020-11-15,Alpine,003,1148,36,12,0,12,0
2020-11-15,Amador,005,37829,444,409,1,410,16
2020-11-15,Butte,007,227075,3713,3452,139,3591,58
2020-11-15,Calaveras,009,45235,396,386,0,386,21
2020-11-15,Colusa,011,21464,638,601,1,602,6
2020-11-15,Contra Costa,013,1133247,22175,21179,127,21306,256
2020-11-15,Del Norte,015,27424,252,224,0,224,2
2020-11-15,El Dorado,017,186661,1994,1683,14,1697,4
2020-11-15,Fresno,019,978130,38036,34297,924,35221,471
2020-11-15,Glenn,021,27897,848,783,24,807,4
2020-11-15,Humboldt,023,135768,753,653,1,654,9
2020-11-15,Imperial,025,180216,14712,13940,26,13966,346
2020-11-15,Inyo,027,18085,272,263,1,264,15
2020-11-15,Kern,029,883053,37559,35911,796,36707,455
2020-11-15,Kings,031,150075,9931,9533,110,9643,85
2020-11-15,Lake,033,64148,849,777,0,777,17
2020-11-15,Lassen,035,31185,1250,1124,3,1127,0
2020-11-15,Los Angeles,037,10098052,351673,336035,4448,340483,7271
2020-11-15,Madera,039,155013,5719,5391,88,5479,54
2020-11-15,Marin,041,260295,7488,7347,24,7371,133
2020-11-15,Mariposa,043,17540,96,86,0,86,2
2020-11-15,Mendocino,045,87422,1296,1197,3,1200,22
2020-11-15,Merced,047,269075,10751,10350,82,10432,162
2020-11-15,Modoc,049,8938,85,68,17,85,0
2020-11-15,Mono,051,14174,475,453,8,461,2
2020-11-15,Monterey,053,433212,13708,12999,181,13180,107
2020-11-15,Napa,055,140530,2774,2509,12,2521,17
2020-11-15,Nevada,057,99092,1001,859,22,881,9
2020-11-15,Orange,059,3164182,70027,65008,2120,67128,1519
2020-11-15,Placer,061,380077,5885,5330,79,5409,63
2020-11-15,Plumas,063,18699,162,127,0,127,0
2020-11-15,Riverside,065,2383286,79826,75531,1109,76640,1374
2020-11-15,Sacramento,067,1510023,32545,30601,57,30658,534
2020-11-15,San Benito,069,59416,1670,1589,2,1591,15
2020-11-15,San Bernardino,071,2135413,80768,73769,879,74648,1185
2020-11-15,San Diego,073,3302833,70350,64770,2317,67087,926
2020-11-15,San Francisco,075,870044,14261,13757,79,13836,153
2020-11-15,San Joaquin,077,732212,24498,23516,385,23901,513
2020-11-15,San Luis Obispo,079,281455,5588,5120,84,5204,34
2020-11-15,San Mateo,081,765935,13188,12348,9,12357,169
2020-11-15,Santa Barbara,083,443738,11506,10516,159,10675,135
2020-11-15,Santa Clara,085,1922200,30754,28289,51,28340,418
2020-11-15,Santa Cruz,087,273765,3829,3439,42,3481,25
2020-11-15,Shasta,089,179085,4240,3290,95,3385,37
2020-11-15,Sierra,091,2930,15,11,0,11,0
2020-11-15,Siskiyou,093,43540,403,294,26,320,0
2020-11-15,Solano,095,438530,9242,8713,47,8760,84
2020-11-15,Sonoma,097,501317,11332,10833,39,10872,154
2020-11-15,Stanislaus,099,539301,19959,19228,1148,20376,425
2020-11-15,Sutter,101,95872,2606,2230,8,2238,12
2020-11-15,Tehama,103,63373,1377,1222,7,1229,7
2020-11-15,Trinity,105,12862,162,67,13,80,0
2020-11-15,Tulare,107,460477,19714,18891,913,19804,305
2020-11-15,Tuolumne,109,53932,754,486,3,489,7
2020-11-15,Ventura,111,848112,17644,16564,526,17090,172
2020-11-15,Yolo,113,214977,4104,3819,12,3831,67
2020-11-15,Yuba,115,75493,1633,1470,6,1476,10
2020-11-14,Alameda,001,1643700,27144,25714,276,25990,435
2020-11-14,Alpine,003,1148,36,12,0,12,0
2020-11-14,Amador,005,37829,435,404,0,404,16
2020-11-14,Butte,007,227075,3677,3434,125,3559,58
2020-11-14,Calaveras,009,45235,395,386,0,386,21
2020-11-14,Colusa,011,21464,626,601,1,602,6
2020-11-14,Contra Costa,013,1133247,22036,20975,120,21095,256
2020-11-14,Del Norte,015,27424,246,219,0,219,2
2020-11-14,El Dorado,017,186661,1950,1648,14,1662,4
2020-11-14,Fresno,019,978130,37785,33969,888,34857,471
2020-11-14,Glenn,021,27897,839,772,21,793,3
2020-11-14,Humboldt,023,135768,738,643,1,644,9
2020-11-14,Imperial,025,180216,14619,13932,25,13957,346
2020-11-14,Inyo,027,18085,271,263,1,264,15
2020-11-14,Kern,029,883053,37349,35626,777,36403,454
2020-11-14,Kings,031,150075,9896,9490,107,9597,85
2020-11-14,Lake,033,64148,840,773,0,773,17
2020-11-14,Lassen,035,31185,1236,833,3,836,0
2020-11-14,Los Angeles,037,10098052,348968,333021,4338,337359,7269
2020-11-14,Madera,039,155013,5689,5371,86,5457,54
2020-11-14,Marin,041,260295,7472,7325,24,7349,133
2020-11-14,Mariposa,043,17540,95,86,0,86,2
2020-11-14,Mendocino,045,87422,1280,1181,3,1184,22
2020-11-14,Merced,047,269075,10695,10286,80,10366,161
2020-11-14,Modoc,049,8938,84,64,16,80,0
2020-11-14,Mono,051,14174,475,453,8,461,2
2020-11-14,Monterey,053,433212,13612,12854,171,13025,105
2020-11-14,Napa,055,140530,2740,2473,12,2485,17
2020-11-14,Nevada,057,99092,985,835,22,857,9
2020-11-14,Orange,059,3164182,69407,64340,2107,66447,1517
2020-11-14,Placer,061,380077,5809,5215,73,5288,63
2020-11-14,Plumas,063,18699,157,128,0,128,0
2020-11-14,Riverside,065,2383286,79087,74910,1067,75977,1373
2020-11-14,Sacramento,067,1510023,32219,30298,57,30355,532
2020-11-14,San Benito,069,59416,1655,1573,2,1575,15
2020-11-14,San Bernardino,071,2135413,79835,72868,847,73715,1184
2020-11-14,San Diego,073,3302833,69585,63715,2265,65980,926
2020-11-14,San Francisco,075,870044,14174,13661,78,13739,153
2020-11-14,San Joaquin,077,732212,24407,23516,377,23893,511
2020-11-14,San Luis Obispo,079,281455,5525,5073,78,5151,34
2020-11-14,San Mateo,081,765935,13080,12293,9,12302,169
2020-11-14,Santa Barbara,083,443738,11452,10482,157,10639,135
2020-11-14,Santa Clara,085,1922200,30470,27962,49,28011,416
2020-11-14,Santa Cruz,087,273765,3774,3402,42,3444,25
2020-11-14,Shasta,089,179085,4156,3195,93,3288,37
2020-11-14,Sierra,091,2930,15,11,0,11,0
2020-11-14,Siskiyou,093,43540,390,292,26,318,0
2020-11-14,Solano,095,438530,9162,8655,46,8701,84
2020-11-14,Sonoma,097,501317,11279,10769,39,10808,154
2020-11-14,Stanislaus,099,539301,19817,19068,1126,20194,424
2020-11-14,Sutter,101,95872,2562,2182,8,2190,12
2020-11-14,Tehama,103,63373,1356,1206,6,1212,7
2020-11-14,Trinity,105,12862,157,67,13,80,0
2020-11-14,Tulare,107,460477,19620,18853,884,19737,305
2020-11-14,Tuolumne,109,53932,726,448,3,451,7
2020-11-14,Ventura,111,848112,17498,16297,515,16812,172
2020-11-14,Yolo,113,214977,4061,3765,10,3775,65
2020-11-14,Yuba,115,75493,1604,1453,6,1459,10
2020-11-13,Alameda,001,1643700,26928,25515,271,25786,434
2020-11-13,Alpine,003,1148,36,12,0,12,0
2020-11-13,Amador,005,37829,432,397,0,397,16
2020-11-13,Butte,007,227075,3653,3402,116,3518,58
2020-11-13,Calaveras,009,45235,391,378,0,378,21
2020-11-13,Colusa,011,21464,618,598,1,599,6
2020-11-13,Contra Costa,013,1133247,21864,20799,120,20919,256
2020-11-13,Del Norte,015,27424,244,208,0,208,2
2020-11-13,El Dorado,017,186661,1905,1611,13,1624,4
2020-11-13,Fresno,019,978130,37538,33693,874,34567,470
2020-11-13,Glenn,021,27897,825,755,17,772,3
2020-11-13,Humboldt,023,135768,723,638,1,639,9
2020-11-13,Imperial,025,180216,14549,13790,24,13814,341
2020-11-13,Inyo,027,18085,270,262,1,263,15
2020-11-13,Kern,029,883053,37147,35431,760,36191,453
2020-11-13,Kings,031,150075,9837,9428,106,9534,85
2020-11-13,Lake,033,64148,834,770,0,770,17
2020-11-13,Lassen,035,31185,1227,832,3,835,0
2020-11-13,Los Angeles,037,10098052,345844,329364,4227,333591,7248
2020-11-13,Madera,039,155013,5649,5340,85,5425,54
2020-11-13,Marin,041,260295,7459,7307,23,7330,133
2020-11-13,Mariposa,043,17540,93,86,0,86,2
2020-11-13,Mendocino,045,87422,1268,1173,3,1176,22
2020-11-13,Merced,047,269075,10639,10185,77,10262,159
2020-11-13,Modoc,049,8938,84,63,14,77,0
2020-11-13,Mono,051,14174,475,448,7,455,2
2020-11-13,Monterey,053,433212,13417,12681,159,12840,104
2020-11-13,Napa,055,140530,2701,2440,12,2452,17
2020-11-13,Nevada,057,99092,966,798,22,820,9
2020-11-13,Orange,059,3164182,68806,63804,2087,65891,1514
2020-11-13,Placer,061,380077,5704,5122,67,5189,63
2020-11-13,Plumas,063,18699,151,125,0,125,0
2020-11-13,Riverside,065,2383286,78350,74138,1038,75176,1372
2020-11-13,Sacramento,067,1510023,31901,29787,52,29839,524
2020-11-13,San Benito,069,59416,1643,1553,1,1554,15
2020-11-13,San Bernardino,071,2135413,78788,71895,826,72721,1184
2020-11-13,San Diego,073,3302833,68738,62978,2227,65205,921
2020-11-13,San Francisco,075,870044,14081,13516,76,13592,146
2020-11-13,San Joaquin,077,732212,24312,23314,370,23684,510
2020-11-13,San Luis Obispo,079,281455,5458,4960,75,5035,34
2020-11-13,San Mateo,081,765935,12986,12182,9,12191,169
2020-11-13,Santa Barbara,083,443738,11400,10405,155,10560,134
2020-11-13,Santa Clara,085,1922200,30143,27609,47,27656,415
2020-11-13,Santa Cruz,087,273765,3701,3343,42,3385,25
2020-11-13,Shasta,089,179085,4071,2983,89,3072,37
2020-11-13,Sierra,091,2930,15,11,0,11,0
2020-11-13,Siskiyou,093,43540,385,280,25,305,0
2020-11-13,Solano,095,438530,9071,8525,46,8571,84
2020-11-13,Sonoma,097,501317,11218,10685,37,10722,151
2020-11-13,Stanislaus,099,539301,19692,18936,1097,20033,422
2020-11-13,Sutter,101,95872,2516,2121,7,2128,12
2020-11-13,Tehama,103,63373,1328,1167,6,1173,7
2020-11-13,Trinity,105,12862,155,64,13,77,0
2020-11-13,Tulare,107,460477,19497,18714,841,19555,305
2020-11-13,Tuolumne,109,53932,693,427,3,430,7
2020-11-13,Ventura,111,848112,17352,16172,501,16673,171
2020-11-13,Yolo,113,214977,4010,3716,10,3726,65
2020-11-13,Yuba,115,75493,1577,1435,6,1441,10
2020-11-12,Alameda,001,1643700,26661,25345,271,25616,432
2020-11-12,Alpine,003,1148,35,12,0,12,0
2020-11-12,Amador,005,37829,431,392,0,392,16
2020-11-12,Butte,007,227075,3604,3347,113,3460,58
2020-11-12,Calaveras,009,45235,386,373,0,373,21
2020-11-12,Colusa,011,21464,613,591,1,592,6
2020-11-12,Contra Costa,013,1133247,21657,20619,118,20737,255
2020-11-12,Del Norte,015,27424,237,203,0,203,2
2020-11-12,El Dorado,017,186661,1859,1573,9,1582,4
2020-11-12,Fresno,019,978130,37192,33459,832,34291,468
2020-11-12,Glenn,021,27897,806,727,17,744,3
2020-11-12,Humboldt,023,135768,710,625,1,626,9
2020-11-12,Imperial,025,180216,14384,13619,24,13643,341
2020-11-12,Inyo,027,18085,269,255,1,256,15
2020-11-12,Kern,029,883053,36883,35207,744,35951,451
2020-11-12,Kings,031,150075,9771,9335,104,9439,85
2020-11-12,Lake,033,64148,825,764,0,764,17
2020-11-12,Lassen,035,31185,1158,832,2,834,0
2020-11-12,Los Angeles,037,10098052,342104,327001,4126,331127,7223
2020-11-12,Madera,039,155013,5614,5273,80,5353,54
2020-11-12,Marin,041,260295,7430,7268,23,7291,133
2020-11-12,Mariposa,043,17540,91,84,0,84,2
2020-11-12,Mendocino,045,87422,1249,1142,3,1145,22
2020-11-12,Merced,047,269075,10525,10107,74,10181,158
2020-11-12,Modoc,049,8938,84,63,14,77,0
2020-11-12,Mono,051,14174,474,442,7,449,2
2020-11-12,Monterey,053,433212,13296,12489,145,12634,100
2020-11-12,Napa,055,140530,2639,2398,12,2410,16
2020-11-12,Nevada,057,99092,943,780,21,801,9
2020-11-12,Orange,059,3164182,68061,63232,2067,65299,1514
2020-11-12,Placer,061,380077,5594,5044,57,5101,62
2020-11-12,Plumas,063,18699,147,121,0,121,0
2020-11-12,Riverside,065,2383286,77422,73381,994,74375,1362
2020-11-12,Sacramento,067,1510023,31410,29459,45,29504,520
2020-11-12,San Benito,069,59416,1623,1525,1,1526,15
2020-11-12,San Bernardino,071,2135413,77423,70758,787,71545,1183
2020-11-12,San Diego,073,3302833,67758,62336,2176,64512,918
2020-11-12,San Francisco,075,870044,13982,13289,75,13364,146
2020-11-12,San Joaquin,077,732212,24118,23002,349,23351,509
2020-11-12,San Luis Obispo,079,281455,5394,4898,74,4972,33
2020-11-12,San Mateo,081,765935,12863,12086,8,12094,169
2020-11-12,Santa Barbara,083,443738,11337,10325,149,10474,134
2020-11-12,Santa Clara,085,1922200,29767,27261,46,27307,414
2020-11-12,Santa Cruz,087,273765,3618,3317,40,3357,25
2020-11-12,Shasta,089,179085,3933,2825,78,2903,37
2020-11-12,Sierra,091,2930,15,11,0,11,0
2020-11-12,Siskiyou,093,43540,368,275,20,295,0
2020-11-12,Solano,095,438530,8971,8417,45,8462,85
2020-11-12,Sonoma,097,501317,11116,10602,36,10638,151
2020-11-12,Stanislaus,099,539301,19525,18787,1066,19853,422
2020-11-12,Sutter,101,95872,2432,2075,7,2082,12
2020-11-12,Tehama,103,63373,1301,1117,6,1123,7
2020-11-12,Trinity,105,12862,147,62,13,75,0
2020-11-12,Tulare,107,460477,19385,18545,803,19348,305
2020-11-12,Tuolumne,109,53932,654,353,3,356,7
2020-11-12,Ventura,111,848112,17102,16013,495,16508,158
2020-11-12,Yolo,113,214977,3966,3646,10,3656,63
2020-11-12,Yuba,115,75493,1542,1410,6,1416,10
2020-11-11,Alameda,001,1643700,26419,25140,269,25409,429
2020-11-11,Alpine,003,1148,30,12,0,12,0
2020-11-11,Amador,005,37829,424,389,0,389,16
2020-11-11,Butte,007,227075,3578,3348,100,3448,58
2020-11-11,Calaveras,009,45235,376,373,0,373,21
2020-11-11,Colusa,011,21464,607,591,1,592,6
2020-11-11,Contra Costa,013,1133247,21438,20452,116,20568,255
2020-11-11,Del Norte,015,27424,230,203,0,203,2
2020-11-11,El Dorado,017,186661,1813,1564,8,1572,4
2020-11-11,Fresno,019,978130,36872,33287,798,34085,468
2020-11-11,Glenn,021,27897,790,722,16,738,3
2020-11-11,Humboldt,023,135768,696,623,1,624,9
2020-11-11,Imperial,025,180216,14213,13623,22,13645,340
2020-11-11,Inyo,027,18085,267,255,1,256,15
2020-11-11,Kern,029,883053,36610,35014,726,35740,449
2020-11-11,Kings,031,150075,9665,9263,101,9364,85
2020-11-11,Lake,033,64148,815,763,0,763,17
2020-11-11,Lassen,035,31185,1133,831,2,833,0
2020-11-11,Los Angeles,037,10098052,338744,324567,4036,328603,7220
2020-11-11,Madera,039,155013,5580,5248,77,5325,54
2020-11-11,Marin,041,260295,7407,7268,23,7291,133
2020-11-11,Mariposa,043,17540,91,84,0,84,2
2020-11-11,Mendocino,045,87422,1237,1142,3,1145,22
2020-11-11,Merced,047,269075,10454,10074,72,10146,157
2020-11-11,Modoc,049,8938,80,62,13,75,0
2020-11-11,Mono,051,14174,472,443,7,450,2
2020-11-11,Monterey,053,433212,13153,12417,141,12558,100
2020-11-11,Napa,055,140530,2590,2365,9,2374,15
2020-11-11,Nevada,057,99092,901,741,21,762,9
2020-11-11,Orange,059,3164182,67424,62929,2044,64973,1506
2020-11-11,Placer,061,380077,5510,4981,49,5030,60
2020-11-11,Plumas,063,18699,145,111,0,111,0
2020-11-11,Riverside,065,2383286,76517,72953,947,73900,1361
2020-11-11,Sacramento,067,1510023,30953,28968,43,29011,520
2020-11-11,San Benito,069,59416,1609,1512,1,1513,15
2020-11-11,San Bernardino,071,2135413,76136,70374,760,71134,1182
2020-11-11,San Diego,073,3302833,66823,61746,2115,63861,918
2020-11-11,San Francisco,075,870044,13873,13287,73,13360,146
2020-11-11,San Joaquin,077,732212,23959,23001,343,23344,509
2020-11-11,San Luis Obispo,079,281455,5319,4832,71,4903,33
2020-11-11,San Mateo,081,765935,12748,12008,8,12016,169
2020-11-11,Santa Barbara,083,443738,11272,10278,149,10427,134
2020-11-11,Santa Clara,085,1922200,29414,27075,45,27120,413
2020-11-11,Santa Cruz,087,273765,3550,3247,40,3287,25
2020-11-11,Shasta,089,179085,3810,2766,68,2834,36
2020-11-11,Sierra,091,2930,13,11,0,11,0
2020-11-11,Siskiyou,093,43540,337,261,17,278,0
2020-11-11,Solano,095,438530,8853,8353,43,8396,85
2020-11-11,Sonoma,097,501317,11042,10498,36,10534,150
2020-11-11,Stanislaus,099,539301,19388,18671,1034,19705,422
2020-11-11,Sutter,101,95872,2384,2049,6,2055,12
2020-11-11,Tehama,103,63373,1259,1105,5,1110,7
2020-11-11,Trinity,105,12862,137,62,13,75,0
2020-11-11,Tulare,107,460477,19255,18500,772,19272,305
2020-11-11,Tuolumne,109,53932,598,354,3,357,7
2020-11-11,Ventura,111,848112,16887,15801,481,16282,158
2020-11-11,Yolo,113,214977,3915,3606,10,3616,63
2020-11-11,Yuba,115,75493,1527,1400,6,1406,10
2020-11-10,Alameda,001,1643700,26189,25008,266,25274,424
2020-11-10,Alpine,003,1148,30,9,0,9,0
2020-11-10,Amador,005,37829,418,384,0,384,16
2020-11-10,Butte,007,227075,3542,3327,96,3423,58
2020-11-10,Calaveras,009,45235,371,367,0,367,21
2020-11-10,Colusa,011,21464,599,590,1,591,6
2020-11-10,Contra Costa,013,1133247,21232,20326,113,20439,255
2020-11-10,Del Norte,015,27424,224,196,0,196,2
2020-11-10,El Dorado,017,186661,1752,1551,8,1559,4
2020-11-10,Fresno,019,978130,36602,33024,760,33784,465
2020-11-10,Glenn,021,27897,782,719,12,731,3
2020-11-10,Humboldt,023,135768,679,610,1,611,9
2020-11-10,Imperial,025,180216,14083,13570,22,13592,338
2020-11-10,Inyo,027,18085,266,252,1,253,14
2020-11-10,Kern,029,883053,36333,34858,707,35565,448
2020-11-10,Kings,031,150075,9618,9236,94,9330,85
2020-11-10,Lake,033,64148,805,762,0,762,16
2020-11-10,Lassen,035,31185,1118,830,2,832,0
2020-11-10,Los Angeles,037,10098052,335496,322569,3919,326488,7205
2020-11-10,Madera,039,155013,5538,5229,71,5300,54
2020-11-10,Marin,041,260295,7388,7259,23,7282,133
2020-11-10,Mariposa,043,17540,89,84,0,84,2
2020-11-10,Mendocino,045,87422,1229,1137,3,1140,22
2020-11-10,Merced,047,269075,10392,9992,66,10058,157
2020-11-10,Modoc,049,8938,78,61,13,74,0
2020-11-10,Mono,051,14174,470,443,7,450,2
2020-11-10,Monterey,053,433212,13015,12335,133,12468,100
2020-11-10,Napa,055,140530,2552,2341,7,2348,15
2020-11-10,Nevada,057,99092,885,734,21,755,9
2020-11-10,Orange,059,3164182,66875,62597,2033,64630,1504
2020-11-10,Placer,061,380077,5430,4902,48,4950,60
2020-11-10,Plumas,063,18699,141,108,0,108,0
2020-11-10,Riverside,065,2383286,75876,72316,920,73236,1359
2020-11-10,Sacramento,067,1510023,30546,28677,40,28717,519
2020-11-10,San Benito,069,59416,1594,1508,1,1509,15
2020-11-10,San Bernardino,071,2135413,74967,69666,725,70391,1182
2020-11-10,San Diego,073,3302833,65933,61085,2078,63163,915
2020-11-10,San Francisco,075,870044,13756,13210,73,13283,146
2020-11-10,San Joaquin,077,732212,23794,22865,336,23201,508
2020-11-10,San Luis Obispo,079,281455,5256,4780,67,4847,33
2020-11-10,San Mateo,081,765935,12647,11939,8,11947,169
2020-11-10,Santa Barbara,083,443738,11205,10252,145,10397,134
2020-11-10,Santa Clara,085,1922200,29071,26917,43,26960,409
2020-11-10,Santa Cruz,087,273765,3486,3221,40,3261,25
2020-11-10,Shasta,089,179085,3668,2686,60,2746,36
2020-11-10,Sierra,091,2930,12,10,0,10,0
2020-11-10,Siskiyou,093,43540,321,263,16,279,0
2020-11-10,Solano,095,438530,8755,8299,43,8342,85
2020-11-10,Sonoma,097,501317,10955,10414,36,10450,150
2020-11-10,Stanislaus,099,539301,19254,18592,1010,19602,420
2020-11-10,Sutter,101,95872,2289,2035,5,2040,12
2020-11-10,Tehama,103,63373,1233,1099,4,1103,7
2020-11-10,Trinity,105,12862,128,62,12,74,0
2020-11-10,Tulare,107,460477,19141,18430,748,19178,305
2020-11-10,Tuolumne,109,53932,550,353,3,356,7
2020-11-10,Ventura,111,848112,16704,15625,479,16104,158
2020-11-10,Yolo,113,214977,3854,3573,10,3583,63
2020-11-10,Yuba,115,75493,1504,1392,6,1398,10
2020-11-09,Alameda,001,1643700,25940,24899,262,25161,424
2020-11-09,Alpine,003,1148,28,6,0,6,0
2020-11-09,Amador,005,37829,409,380,0,380,16
2020-11-09,Butte,007,227075,3497,3301,87,3388,57
2020-11-09,Calaveras,009,45235,367,360,0,360,21
2020-11-09,Colusa,011,21464,593,583,1,584,6
2020-11-09,Contra Costa,013,1133247,21059,20193,111,20304,255
2020-11-09,Del Norte,015,27424,218,195,0,195,2
2020-11-09,El Dorado,017,186661,1711,1515,8,1523,4
2020-11-09,Fresno,019,978130,36292,32755,717,33472,465
2020-11-09,Glenn,021,27897,776,714,9,723,3
2020-11-09,Humboldt,023,135768,666,607,1,608,9
2020-11-09,Imperial,025,180216,13966,13508,21,13529,338
2020-11-09,Inyo,027,18085,266,252,1,253,14
2020-11-09,Kern,029,883053,36103,34764,670,35434,448
2020-11-09,Kings,031,150075,9548,9141,92,9233,84
2020-11-09,Lake,033,64148,796,755,0,755,16
2020-11-09,Lassen,035,31185,1022,799,2,801,0
2020-11-09,Los Angeles,037,10098052,332401,320370,3841,324211,7180
2020-11-09,Madera,039,155013,5492,5209,68,5277,54
2020-11-09,Marin,041,260295,7362,7237,22,7259,131
2020-11-09,Mariposa,043,17540,89,84,0,84,2
2020-11-09,Mendocino,045,87422,1217,1132,3,1135,22
2020-11-09,Merced,047,269075,10289,9922,63,9985,157
2020-11-09,Modoc,049,8938,74,54,12,66,0
2020-11-09,Mono,051,14174,467,352,7,359,2
2020-11-09,Monterey,053,433212,12868,12148,125,12273,98
2020-11-09,Napa,055,140530,2509,2309,7,2316,15
2020-11-09,Nevada,057,99092,848,729,20,749,9
2020-11-09,Orange,059,3164182,66234,62335,2021,64356,1501
2020-11-09,Placer,061,380077,5345,4843,36,4879,60
2020-11-09,Plumas,063,18699,134,102,0,102,0
2020-11-09,Riverside,065,2383286,75094,72059,887,72946,1346
2020-11-09,Sacramento,067,1510023,30074,28200,40,28240,516
2020-11-09,San Benito,069,59416,1585,1506,1,1507,15
2020-11-09,San Bernardino,071,2135413,73913,69015,681,69696,1182
2020-11-09,San Diego,073,3302833,65077,60572,2039,62611,908
2020-11-09,San Francisco,075,870044,13637,12984,70,13054,146
2020-11-09,San Joaquin,077,732212,23629,22512,331,22843,505
2020-11-09,San Luis Obispo,079,281455,5170,4746,64,4810,32
2020-11-09,San Mateo,081,765935,12540,11857,8,11865,169
2020-11-09,Santa Barbara,083,443738,11148,10214,139,10353,134
2020-11-09,Santa Clara,085,1922200,28676,26693,43,26736,409
2020-11-09,Santa Cruz,087,273765,3428,3194,40,3234,25
2020-11-09,Shasta,089,179085,3513,2581,51,2632,36
2020-11-09,Sierra,091,2930,10,10,0,10,0
2020-11-09,Siskiyou,093,43540,310,257,14,271,0
2020-11-09,Solano,095,438530,8639,8254,42,8296,85
2020-11-09,Sonoma,097,501317,10847,10310,36,10346,150
2020-11-09,Stanislaus,099,539301,19101,18482,992,19474,418
2020-11-09,Sutter,101,95872,2222,2010,4,2014,12
2020-11-09,Tehama,103,63373,1197,1071,3,1074,7
2020-11-09,Trinity,105,12862,122,46,12,58,0
2020-11-09,Tulare,107,460477,19021,18272,716,18988,304
2020-11-09,Tuolumne,109,53932,496,346,3,349,7
2020-11-09,Ventura,111,848112,16502,15568,476,16044,156
2020-11-09,Yolo,113,214977,3794,3522,9,3531,62
2020-11-09,Yuba,115,75493,1471,1380,6,1386,10
2020-11-08,Alameda,001,1643700,25712,24731,262,24993,424
2020-11-08,Alpine,003,1148,25,6,0,6,0
2020-11-08,Amador,005,37829,402,376,0,376,16
2020-11-08,Butte,007,227075,3459,3285,81,3366,57
2020-11-08,Calaveras,009,45235,365,360,0,360,21
2020-11-08,Colusa,011,21464,590,583,1,584,6
2020-11-08,Contra Costa,013,1133247,20889,20031,109,20140,254
2020-11-08,Del Norte,015,27424,210,195,0,195,2
2020-11-08,El Dorado,017,186661,1673,1502,8,1510,4
2020-11-08,Fresno,019,978130,35958,32619,678,33297,465
2020-11-08,Glenn,021,27897,770,707,8,715,3
2020-11-08,Humboldt,023,135768,650,605,1,606,9
2020-11-08,Imperial,025,180216,13850,13428,21,13449,338
2020-11-08,Inyo,027,18085,262,252,1,253,14
2020-11-08,Kern,029,883053,35885,34644,652,35296,448
2020-11-08,Kings,031,150075,9415,9026,89,9115,84
2020-11-08,Lake,033,64148,788,754,0,754,16
2020-11-08,Lassen,035,31185,874,799,2,801,0
2020-11-08,Los Angeles,037,10098052,329279,318960,3769,322729,7176
2020-11-08,Madera,039,155013,5424,5196,65,5261,54
2020-11-08,Marin,041,260295,7342,7227,22,7249,131
2020-11-08,Mariposa,043,17540,89,83,0,83,2
2020-11-08,Mendocino,045,87422,1208,1129,3,1132,22
2020-11-08,Merced,047,269075,10214,9885,61,9946,157
2020-11-08,Modoc,049,8938,70,54,12,66,0
2020-11-08,Mono,051,14174,461,352,7,359,2
2020-11-08,Monterey,053,433212,12724,12122,113,12235,98
2020-11-08,Napa,055,140530,2469,2274,7,2281,15
2020-11-08,Nevada,057,99092,832,715,20,735,9
2020-11-08,Orange,059,3164182,65646,62034,2008,64042,1501
2020-11-08,Placer,061,380077,5242,4800,31,4831,60
2020-11-08,Plumas,063,18699,129,102,0,102,0
2020-11-08,Riverside,065,2383286,74441,71442,844,72286,1345
2020-11-08,Sacramento,067,1510023,29514,28059,37,28096,515
2020-11-08,San Benito,069,59416,1570,1496,1,1497,15
2020-11-08,San Bernardino,071,2135413,72666,68412,639,69051,1182
2020-11-08,San Diego,073,3302833,64232,60199,1995,62194,908
2020-11-08,San Francisco,075,870044,13506,12985,65,13050,146
2020-11-08,San Joaquin,077,732212,23436,22514,327,22841,505
2020-11-08,San Luis Obispo,079,281455,5104,4698,59,4757,32
2020-11-08,San Mateo,081,765935,12421,11783,8,11791,169
2020-11-08,Santa Barbara,083,443738,11078,10180,137,10317,134
2020-11-08,Santa Clara,085,1922200,28302,26442,42,26484,410
2020-11-08,Santa Cruz,087,273765,3371,3134,40,3174,25
2020-11-08,Shasta,089,179085,3377,2582,45,2627,36
2020-11-08,Sierra,091,2930,10,7,0,7,0
2020-11-08,Siskiyou,093,43540,298,246,13,259,0
2020-11-08,Solano,095,438530,8518,8132,41,8173,85
2020-11-08,Sonoma,097,501317,10740,10229,36,10265,149
2020-11-08,Stanislaus,099,539301,18929,18413,969,19382,418
2020-11-08,Sutter,101,95872,2164,1980,4,1984,12
2020-11-08,Tehama,103,63373,1173,1054,3,1057,7
2020-11-08,Trinity,105,12862,119,46,12,58,0
2020-11-08,Tulare,107,460477,18878,18272,684,18956,304
2020-11-08,Tuolumne,109,53932,469,341,3,344,7
2020-11-08,Ventura,111,848112,16307,15504,468,15972,156
2020-11-08,Yolo,113,214977,3733,3492,9,3501,61
2020-11-08,Yuba,115,75493,1450,1369,6,1375,10
2020-11-07,Alameda,001,1643700,25602,24578,260,24838,424
2020-11-07,Alpine,003,1148,25,6,0,6,0
2020-11-07,Amador,005,37829,399,375,0,375,16
2020-11-07,Butte,007,227075,3447,3277,76,3353,57
2020-11-07,Calaveras,009,45235,363,360,0,360,21
2020-11-07,Colusa,011,21464,590,583,1,584,6
2020-11-07,Contra Costa,013,1133247,20788,19943,108,20051,254
2020-11-07,Del Norte,015,27424,206,194,0,194,2
2020-11-07,El Dorado,017,186661,1648,1495,7,1502,4
2020-11-07,Fresno,019,978130,35805,32497,656,33153,465
2020-11-07,Glenn,021,27897,762,707,8,715,3
2020-11-07,Humboldt,023,135768,639,590,1,591,9
2020-11-07,Imperial,025,180216,13792,13388,20,13408,338
2020-11-07,Inyo,027,18085,260,252,1,253,14
2020-11-07,Kern,029,883053,35730,34513,642,35155,448
2020-11-07,Kings,031,150075,9382,9005,83,9088,84
2020-11-07,Lake,033,64148,784,751,0,751,16
2020-11-07,Lassen,035,31185,858,799,2,801,0
2020-11-07,Los Angeles,037,10098052,327774,316756,3699,320455,7174
2020-11-07,Madera,039,155013,5402,5177,63,5240,54
2020-11-07,Marin,041,260295,7331,7215,22,7237,131
2020-11-07,Mariposa,043,17540,89,81,0,81,2
2020-11-07,Mendocino,045,87422,1198,1118,3,1121,22
2020-11-07,Merced,047,269075,10182,9855,57,9912,157
2020-11-07,Modoc,049,8938,70,51,12,63,0
2020-11-07,Mono,051,14174,458,352,7,359,2
2020-11-07,Monterey,053,433212,12655,12030,109,12139,98
2020-11-07,Napa,055,140530,2439,2260,6,2266,15
2020-11-07,Nevada,057,99092,815,710,20,730,9
2020-11-07,Orange,059,3164182,65360,62038,2001,64039,1505
2020-11-07,Placer,061,380077,5179,4745,31,4776,60
2020-11-07,Plumas,063,18699,127,94,0,94,0
2020-11-07,Riverside,065,2383286,74047,71153,815,71968,1345
2020-11-07,Sacramento,067,1510023,29263,27773,37,27810,515
2020-11-07,San Benito,069,59416,1558,1489,1,1490,15
2020-11-07,San Bernardino,071,2135413,72151,67935,628,68563,1182
2020-11-07,San Diego,073,3302833,63720,59682,1963,61645,909
2020-11-07,San Francisco,075,870044,13445,12980,64,13044,146
2020-11-07,San Joaquin,077,732212,23327,22517,320,22837,505
2020-11-07,San Luis Obispo,079,281455,5055,4668,56,4724,32
2020-11-07,San Mateo,081,765935,12358,11711,8,11719,169
2020-11-07,Santa Barbara,083,443738,11036,10157,135,10292,134
2020-11-07,Santa Clara,085,1922200,28097,26244,41,26285,410
2020-11-07,Santa Cruz,087,273765,3333,3130,40,3170,25
2020-11-07,Shasta,089,179085,3308,2547,43,2590,36
2020-11-07,Sierra,091,2930,10,7,0,7,0
2020-11-07,Siskiyou,093,43540,294,241,13,254,0
2020-11-07,Solano,095,438530,8466,8066,41,8107,85
2020-11-07,Sonoma,097,501317,10694,10200,36,10236,149
2020-11-07,Stanislaus,099,539301,18819,18386,953,19339,418
2020-11-07,Sutter,101,95872,2124,1973,4,1977,12
2020-11-07,Tehama,103,63373,1149,1043,3,1046,7
2020-11-07,Trinity,105,12862,119,42,11,53,0
2020-11-07,Tulare,107,460477,18822,18229,666,18895,304
2020-11-07,Tuolumne,109,53932,458,327,3,330,7
2020-11-07,Ventura,111,848112,16247,15364,463,15827,156
2020-11-07,Yolo,113,214977,3702,3486,9,3495,61
2020-11-07,Yuba,115,75493,1435,1349,6,1355,10
2020-11-06,Alameda,001,1643700,25470,24389,258,24647,420
2020-11-06,Alpine,003,1148,25,6,0,6,0
2020-11-06,Amador,005,37829,397,369,0,369,16
2020-11-06,Butte,007,227075,3422,3254,68,3322,57
2020-11-06,Calaveras,009,45235,362,359,0,359,21
2020-11-06,Colusa,011,21464,588,580,1,581,6
2020-11-06,Contra Costa,013,1133247,20639,19744,108,19852,252
2020-11-06,Del Norte,015,27424,203,194,0,194,2
2020-11-06,El Dorado,017,186661,1622,1475,7,1482,4
2020-11-06,Fresno,019,978130,35617,32278,639,32917,460
2020-11-06,Glenn,021,27897,756,707,7,714,3
2020-11-06,Humboldt,023,135768,636,587,1,588,9
2020-11-06,Imperial,025,180216,13739,13230,20,13250,338
2020-11-06,Inyo,027,18085,258,246,1,247,14
2020-11-06,Kern,029,883053,35565,34360,624,34984,443
2020-11-06,Kings,031,150075,9358,8883,81,8964,83
2020-11-06,Lake,033,64148,783,741,0,741,16
2020-11-06,Lassen,035,31185,850,794,2,796,0
2020-11-06,Los Angeles,037,10098052,325804,314356,3644,318000,7160
2020-11-06,Madera,039,155013,5386,5136,62,5198,54
2020-11-06,Marin,041,260295,7310,7184,22,7206,131
2020-11-06,Mariposa,043,17540,88,79,0,79,2
2020-11-06,Mendocino,045,87422,1193,1113,3,1116,22
2020-11-06,Merced,047,269075,10142,9778,54,9832,157
2020-11-06,Modoc,049,8938,70,48,12,60,0
2020-11-06,Mono,051,14174,452,308,7,315,1
2020-11-06,Monterey,053,433212,12538,11914,108,12022,96
2020-11-06,Napa,055,140530,2414,2189,6,2195,15
2020-11-06,Nevada,057,99092,802,692,19,711,9
2020-11-06,Orange,059,3164182,65057,61049,1991,63040,1494
2020-11-06,Placer,061,380077,5106,4680,31,4711,60
2020-11-06,Plumas,063,18699,122,90,0,90,0
2020-11-06,Riverside,065,2383286,73598,70409,772,71181,1341
2020-11-06,Sacramento,067,1510023,28971,27489,35,27524,514
2020-11-06,San Benito,069,59416,1549,1479,1,1480,15
2020-11-06,San Bernardino,071,2135413,71555,66740,607,67347,1179
2020-11-06,San Diego,073,3302833,63195,59143,1932,61075,907
2020-11-06,San Francisco,075,870044,13375,12825,63,12888,146
2020-11-06,San Joaquin,077,732212,23241,22424,310,22734,502
2020-11-06,San Luis Obispo,079,281455,4990,4531,50,4581,32
2020-11-06,San Mateo,081,765935,12283,11587,8,11595,168
2020-11-06,Santa Barbara,083,443738,11000,10118,130,10248,133
2020-11-06,Santa Clara,085,1922200,27855,25831,41,25872,402
2020-11-06,Santa Cruz,087,273765,3296,3063,40,3103,25
2020-11-06,Shasta,089,179085,3236,2475,41,2516,35
2020-11-06,Sierra,091,2930,9,7,0,7,0
2020-11-06,Siskiyou,093,43540,281,237,12,249,0
2020-11-06,Solano,095,438530,8401,7959,41,8000,85
2020-11-06,Sonoma,097,501317,10644,10142,36,10178,149
2020-11-06,Stanislaus,099,539301,18731,18250,944,19194,417
2020-11-06,Sutter,101,95872,2097,1937,2,1939,12
2020-11-06,Tehama,103,63373,1128,1024,3,1027,6
2020-11-06,Trinity,105,12862,116,41,11,52,0
2020-11-06,Tulare,107,460477,18758,18136,640,18776,300
2020-11-06,Tuolumne,109,53932,437,316,3,319,5
2020-11-06,Ventura,111,848112,16161,15222,460,15682,154
2020-11-06,Yolo,113,214977,3673,3420,9,3429,62
2020-11-06,Yuba,115,75493,1422,1335,6,1341,10
2020-11-05,Alameda,001,1643700,25292,24270,258,24528,420
2020-11-05,Alpine,003,1148,25,6,0,6,0
2020-11-05,Amador,005,37829,394,363,0,363,16
2020-11-05,Butte,007,227075,3399,3239,61,3300,57
2020-11-05,Calaveras,009,45235,355,333,0,333,19
2020-11-05,Colusa,011,21464,584,574,1,575,6
2020-11-05,Contra Costa,013,1133247,20457,19656,106,19762,252
2020-11-05,Del Norte,015,27424,201,192,0,192,2
2020-11-05,El Dorado,017,186661,1598,1466,7,1473,4
2020-11-05,Fresno,019,978130,35376,32056,615,32671,460
2020-11-05,Glenn,021,27897,736,702,7,709,3
2020-11-05,Humboldt,023,135768,625,581,1,582,9
2020-11-05,Imperial,025,180216,13647,13178,19,13197,337
2020-11-05,Inyo,027,18085,258,247,1,248,14
2020-11-05,Kern,029,883053,35363,34232,610,34842,443
2020-11-05,Kings,031,150075,9203,8846,78,8924,83
2020-11-05,Lake,033,64148,779,739,0,739,16
2020-11-05,Lassen,035,31185,819,782,2,784,0
2020-11-05,Los Angeles,037,10098052,323450,312381,3589,315970,7146
2020-11-05,Madera,039,155013,5347,5129,59,5188,54
2020-11-05,Marin,041,260295,7288,7171,22,7193,131
2020-11-05,Mariposa,043,17540,87,79,0,79,2
2020-11-05,Mendocino,045,87422,1181,1112,3,1115,22
2020-11-05,Merced,047,269075,10083,9753,49,9802,155
2020-11-05,Modoc,049,8938,69,47,11,58,0
2020-11-05,Mono,051,14174,450,307,7,314,1
2020-11-05,Monterey,053,433212,12430,11784,104,11888,96
2020-11-05,Napa,055,140530,2387,2158,6,2164,15
2020-11-05,Nevada,057,99092,780,687,18,705,9
2020-11-05,Orange,059,3164182,64611,60740,1981,62721,1484
2020-11-05,Placer,061,380077,5037,4627,26,4653,60
2020-11-05,Plumas,063,18699,114,90,0,90,0
2020-11-05,Riverside,065,2383286,72888,70094,713,70807,1338
2020-11-05,Sacramento,067,1510023,28590,27232,34,27266,512
2020-11-05,San Benito,069,59416,1534,1477,1,1478,15
2020-11-05,San Bernardino,071,2135413,70728,66407,592,66999,1174
2020-11-05,San Diego,073,3302833,62569,58659,1906,60565,904
2020-11-05,San Francisco,075,870044,13263,12726,62,12788,146
2020-11-05,San Joaquin,077,732212,23077,22318,306,22624,502
2020-11-05,San Luis Obispo,079,281455,4923,4459,48,4507,32
2020-11-05,San Mateo,081,765935,12189,11535,8,11543,168
2020-11-05,Santa Barbara,083,443738,10955,10080,126,10206,133
2020-11-05,Santa Clara,085,1922200,27587,25651,41,25692,402
2020-11-05,Santa Cruz,087,273765,3258,3023,40,3063,25
2020-11-05,Shasta,089,179085,3146,2401,40,2441,34
2020-11-05,Sierra,091,2930,9,6,0,6,0
2020-11-05,Siskiyou,093,43540,270,228,12,240,0
2020-11-05,Solano,095,438530,8318,7842,41,7883,85
2020-11-05,Sonoma,097,501317,10532,10064,35,10099,145
2020-11-05,Stanislaus,099,539301,18617,18194,931,19125,417
2020-11-05,Sutter,101,95872,2065,1925,2,1927,12
2020-11-05,Tehama,103,63373,1106,1015,2,1017,6
2020-11-05,Trinity,105,12862,100,41,11,52,0
2020-11-05,Tulare,107,460477,18673,18049,609,18658,301
2020-11-05,Tuolumne,109,53932,408,312,3,315,5
2020-11-05,Ventura,111,848112,15995,15113,449,15562,155
2020-11-05,Yolo,113,214977,3623,3391,9,3400,61
2020-11-05,Yuba,115,75493,1404,1322,6,1328,10
2020-11-04,Alameda,001,1643700,25114,24172,256,24428,418
2020-11-04,Alpine,003,1148,21,5,0,5,0
2020-11-04,Amador,005,37829,391,362,0,362,16
2020-11-04,Butte,007,227075,3373,3218,58,3276,57
2020-11-04,Calaveras,009,45235,352,290,0,290,19
2020-11-04,Colusa,011,21464,582,571,1,572,6
2020-11-04,Contra Costa,013,1133247,20290,19472,102,19574,251
2020-11-04,Del Norte,015,27424,197,188,0,188,2
2020-11-04,El Dorado,017,186661,1583,1448,4,1452,4
2020-11-04,Fresno,019,978130,35143,31952,586,32538,457
2020-11-04,Glenn,021,27897,732,701,6,707,3
2020-11-04,Humboldt,023,135768,616,571,1,572,9
2020-11-04,Imperial,025,180216,13549,13087,19,13106,335
2020-11-04,Inyo,027,18085,257,247,1,248,14
2020-11-04,Kern,029,883053,35209,34027,598,34625,439
2020-11-04,Kings,031,150075,9169,8817,76,8893,83
2020-11-04,Lake,033,64148,772,735,0,735,16
2020-11-04,Lassen,035,31185,814,781,2,783,0
2020-11-04,Los Angeles,037,10098052,321141,310456,3508,313964,7124
2020-11-04,Madera,039,155013,5327,5083,55,5138,54
2020-11-04,Marin,041,260295,7276,7157,22,7179,131
2020-11-04,Mariposa,043,17540,87,79,0,79,2
2020-11-04,Mendocino,045,87422,1163,1089,3,1092,22
2020-11-04,Merced,047,269075,10033,9717,47,9764,153
2020-11-04,Modoc,049,8938,59,47,11,58,0
2020-11-04,Mono,051,14174,447,237,6,243,1
2020-11-04,Monterey,053,433212,12225,11743,98,11841,96
2020-11-04,Napa,055,140530,2333,2133,6,2139,15
2020-11-04,Nevada,057,99092,761,675,18,693,9
2020-11-04,Orange,059,3164182,64177,60463,1957,62420,1483
2020-11-04,Placer,061,380077,4958,4526,23,4549,60
2020-11-04,Plumas,063,18699,112,88,0,88,0
2020-11-04,Riverside,065,2383286,72272,69562,653,70215,1335
2020-11-04,Sacramento,067,1510023,28239,27005,33,27038,510
2020-11-04,San Benito,069,59416,1519,1464,1,1465,15
2020-11-04,San Bernardino,071,2135413,69932,65891,567,66458,1169
2020-11-04,San Diego,073,3302833,61923,58126,1880,60006,904
2020-11-04,San Francisco,075,870044,13179,12649,59,12708,146
2020-11-04,San Joaquin,077,732212,22940,22197,293,22490,500
2020-11-04,San Luis Obispo,079,281455,4856,4389,46,4435,32
2020-11-04,San Mateo,081,765935,12094,11456,8,11464,168
2020-11-04,Santa Barbara,083,443738,10916,10026,125,10151,132
2020-11-04,Santa Clara,085,1922200,27324,25487,41,25528,393
2020-11-04,Santa Cruz,087,273765,3221,2997,40,3037,25
2020-11-04,Shasta,089,179085,3015,2321,35,2356,34
2020-11-04,Sierra,091,2930,9,6,0,6,0
2020-11-04,Siskiyou,093,43540,261,222,12,234,0
2020-11-04,Solano,095,438530,8219,7733,41,7774,85
2020-11-04,Sonoma,097,501317,10438,9965,35,10000,142
2020-11-04,Stanislaus,099,539301,18501,18114,915,19029,416
2020-11-04,Sutter,101,95872,2031,1916,2,1918,12
2020-11-04,Tehama,103,63373,1082,997,2,999,6
2020-11-04,Trinity,105,12862,97,37,11,48,0
2020-11-04,Tulare,107,460477,18565,17952,581,18533,298
2020-11-04,Tuolumne,109,53932,386,310,3,313,5
2020-11-04,Ventura,111,848112,15854,14936,446,15382,155
2020-11-04,Yolo,113,214977,3582,3361,9,3370,62
2020-11-04,Yuba,115,75493,1383,1312,6,1318,10
2020-11-03,Alameda,001,1643700,24930,24055,254,24309,418
2020-11-03,Alpine,003,1148,20,4,0,4,0
2020-11-03,Amador,005,37829,386,361,0,361,16
2020-11-03,Butte,007,227075,3349,3211,53,3264,57
2020-11-03,Calaveras,009,45235,348,287,0,287,19
2020-11-03,Colusa,011,21464,577,572,1,573,6
2020-11-03,Contra Costa,013,1133247,20135,19416,102,19518,250
2020-11-03,Del Norte,015,27424,196,187,0,187,2
2020-11-03,El Dorado,017,186661,1561,1445,3,1448,4
2020-11-03,Fresno,019,978130,34875,31856,560,32416,457
2020-11-03,Glenn,021,27897,726,698,6,704,3
2020-11-03,Humboldt,023,135768,610,570,1,571,8
2020-11-03,Imperial,025,180216,13460,13044,18,13062,335
2020-11-03,Inyo,027,18085,256,244,1,245,14
2020-11-03,Kern,029,883053,35018,33957,586,34543,439
2020-11-03,Kings,031,150075,9006,8783,71,8854,83
2020-11-03,Lake,033,64148,762,732,0,732,16
2020-11-03,Lassen,035,31185,805,782,2,784,0
2020-11-03,Los Angeles,037,10098052,318685,308812,3438,312250,7104
2020-11-03,Madera,039,155013,5290,5058,54,5112,54
2020-11-03,Marin,041,260295,7256,7147,21,7168,131
2020-11-03,Mariposa,043,17540,86,79,0,79,2
2020-11-03,Mendocino,045,87422,1148,1084,3,1087,22
2020-11-03,Merced,047,269075,9980,9713,46,9759,153
2020-11-03,Modoc,049,8938,57,47,9,56,0
2020-11-03,Mono,051,14174,443,210,6,216,1
2020-11-03,Monterey,053,433212,12156,11703,91,11794,94
2020-11-03,Napa,055,140530,2297,2130,6,2136,15
2020-11-03,Nevada,057,99092,741,670,17,687,9
2020-11-03,Orange,059,3164182,63748,60283,1946,62229,1477
2020-11-03,Placer,061,380077,4884,4514,23,4537,60
2020-11-03,Plumas,063,18699,109,86,0,86,0
2020-11-03,Riverside,065,2383286,71656,69300,626,69926,1325
2020-11-03,Sacramento,067,1510023,27859,26841,32,26873,510
2020-11-03,San Benito,069,59416,1509,1463,1,1464,15
2020-11-03,San Bernardino,071,2135413,69123,65320,558,65878,1159
2020-11-03,San Diego,073,3302833,61247,57722,1836,59558,901
2020-11-03,San Francisco,075,870044,13056,12585,58,12643,146
2020-11-03,San Joaquin,077,732212,22806,22109,287,22396,500
2020-11-03,San Luis Obispo,079,281455,4774,4371,44,4415,32
2020-11-03,San Mateo,081,765935,11999,11406,8,11414,162
2020-11-03,Santa Barbara,083,443738,10861,10008,120,10128,132
2020-11-03,Santa Clara,085,1922200,27050,25386,40,25426,393
2020-11-03,Santa Cruz,087,273765,3171,2980,39,3019,25
2020-11-03,Shasta,089,179085,2920,2288,28,2316,33
2020-11-03,Sierra,091,2930,7,6,0,6,0
2020-11-03,Siskiyou,093,43540,257,219,11,230,0
2020-11-03,Solano,095,438530,8136,7691,41,7732,85
2020-11-03,Sonoma,097,501317,10336,9906,35,9941,142
2020-11-03,Stanislaus,099,539301,18380,18080,904,18984,416
2020-11-03,Sutter,101,95872,1998,1914,2,1916,12
2020-11-03,Tehama,103,63373,1061,988,2,990,6
2020-11-03,Trinity,105,12862,90,36,10,46,0
2020-11-03,Tulare,107,460477,18462,17890,553,18443,297
2020-11-03,Tuolumne,109,53932,363,302,3,305,5
2020-11-03,Ventura,111,848112,15727,14816,439,15255,155
2020-11-03,Yolo,113,214977,3531,3343,9,3352,61
2020-11-03,Yuba,115,75493,1370,1295,6,1301,10
2020-11-02,Alameda,001,1643700,24734,23991,251,24242,419
2020-11-02,Alpine,003,1148,17,4,0,4,0
2020-11-02,Amador,005,37829,378,357,0,357,16
2020-11-02,Butte,007,227075,3329,3198,50,3248,57
2020-11-02,Calaveras,009,45235,348,282,0,282,18
2020-11-02,Colusa,011,21464,572,571,1,572,6
2020-11-02,Contra Costa,013,1133247,19981,19339,101,19440,250
2020-11-02,Del Norte,015,27424,193,175,0,175,2
2020-11-02,El Dorado,017,186661,1537,1405,3,1408,4
2020-11-02,Fresno,019,978130,34606,31738,543,32281,451
2020-11-02,Glenn,021,27897,720,692,5,697,3
2020-11-02,Humboldt,023,135768,601,569,1,570,8
2020-11-02,Imperial,025,180216,13380,13004,17,13021,334
2020-11-02,Inyo,027,18085,253,243,1,244,14
2020-11-02,Kern,029,883053,34861,33834,576,34410,437
2020-11-02,Kings,031,150075,8976,8654,68,8722,82
2020-11-02,Lake,033,64148,756,728,0,728,17
2020-11-02,Lassen,035,31185,797,782,2,784,0
2020-11-02,Los Angeles,037,10098052,316339,307620,3359,310979,7079
2020-11-02,Madera,039,155013,5260,5033,53,5086,54
2020-11-02,Marin,041,260295,7238,7132,20,7152,125
2020-11-02,Mariposa,043,17540,86,79,0,79,2
2020-11-02,Mendocino,045,87422,1134,1076,3,1079,21
2020-11-02,Merced,047,269075,9918,9664,40,9704,152
2020-11-02,Modoc,049,8938,54,45,5,50,0
2020-11-02,Mono,051,14174,441,211,6,217,1
2020-11-02,Monterey,053,433212,12049,11602,88,11690,93
2020-11-02,Napa,055,140530,2255,2081,6,2087,15
2020-11-02,Nevada,057,99092,725,656,17,673,9
2020-11-02,Orange,059,3164182,63342,59996,1930,61926,1474
2020-11-02,Placer,061,380077,4816,4461,21,4482,60
2020-11-02,Plumas,063,18699,101,86,0,86,0
2020-11-02,Riverside,065,2383286,71024,68833,585,69418,1321
2020-11-02,Sacramento,067,1510023,27517,26676,30,26706,508
2020-11-02,San Benito,069,59416,1497,1459,1,1460,15
2020-11-02,San Bernardino,071,2135413,68269,64629,547,65176,1157
2020-11-02,San Diego,073,3302833,60524,57429,1791,59220,891
2020-11-02,San Francisco,075,870044,12959,12436,57,12493,145
2020-11-02,San Joaquin,077,732212,22667,21919,278,22197,500
2020-11-02,San Luis Obispo,079,281455,4674,4303,41,4344,31
2020-11-02,San Mateo,081,765935,11890,11328,8,11336,161
2020-11-02,Santa Barbara,083,443738,10820,9985,115,10100,130
2020-11-02,Santa Clara,085,1922200,26762,25222,40,25262,387
2020-11-02,Santa Cruz,087,273765,3129,2943,39,2982,25
2020-11-02,Shasta,089,179085,2815,2174,24,2198,33
2020-11-02,Sierra,091,2930,7,6,0,6,0
2020-11-02,Siskiyou,093,43540,247,216,11,227,0
2020-11-02,Solano,095,438530,8018,7665,41,7706,84
2020-11-02,Sonoma,097,501317,10253,9796,34,9830,140
2020-11-02,Stanislaus,099,539301,18284,18005,895,18900,412
2020-11-02,Sutter,101,95872,1974,1895,2,1897,12
2020-11-02,Tehama,103,63373,1038,971,2,973,6
2020-11-02,Trinity,105,12862,85,30,10,40,0
2020-11-02,Tulare,107,460477,18370,17774,531,18305,299
2020-11-02,Tuolumne,109,53932,343,302,3,305,5
2020-11-02,Ventura,111,848112,15589,14767,421,15188,156
2020-11-02,Yolo,113,214977,3482,3318,9,3327,61
2020-11-02,Yuba,115,75493,1357,1280,6,1286,10
2020-11-01,Alameda,001,1643700,24571,23892,249,24141,419
2020-11-01,Alpine,003,1148,11,4,0,4,0
2020-11-01,Amador,005,37829,375,352,0,352,16
2020-11-01,Butte,007,227075,3306,3185,48,3233,57
2020-11-01,Calaveras,009,45235,347,282,0,282,18
2020-11-01,Colusa,011,21464,570,567,1,568,6
2020-11-01,Contra Costa,013,1133247,19807,19246,100,19346,250
2020-11-01,Del Norte,015,27424,189,175,0,175,2
2020-11-01,El Dorado,017,186661,1521,1394,3,1397,4
2020-11-01,Fresno,019,978130,34351,31613,524,32137,451
2020-11-01,Glenn,021,27897,711,688,3,691,3
2020-11-01,Humboldt,023,135768,593,568,1,569,8
2020-11-01,Imperial,025,180216,13289,12969,15,12984,334
2020-11-01,Inyo,027,18085,251,241,1,242,14
2020-11-01,Kern,029,883053,34680,33760,471,34231,437
2020-11-01,Kings,031,150075,8938,8641,67,8708,82
2020-11-01,Lake,033,64148,750,727,0,727,17
2020-11-01,Lassen,035,31185,797,782,2,784,0
2020-11-01,Los Angeles,037,10098052,313774,306217,3262,309479,7077
2020-11-01,Madera,039,155013,5212,5019,51,5070,54
2020-11-01,Marin,041,260295,7221,7124,20,7144,125
2020-11-01,Mariposa,043,17540,82,79,0,79,2
2020-11-01,Mendocino,045,87422,1121,1074,3,1077,21
2020-11-01,Merced,047,269075,9857,9626,40,9666,152
2020-11-01,Modoc,049,8938,53,45,5,50,0
2020-11-01,Mono,051,14174,412,211,5,216,1
2020-11-01,Monterey,053,433212,11941,11587,85,11672,93
2020-11-01,Napa,055,140530,2221,2067,6,2073,15
2020-11-01,Nevada,057,99092,709,646,16,662,9
2020-11-01,Orange,059,3164182,62940,59733,1902,61635,1475
2020-11-01,Placer,061,380077,4750,4422,20,4442,58
2020-11-01,Plumas,063,18699,96,86,0,86,0
2020-11-01,Riverside,065,2383286,70394,68493,550,69043,1319
2020-11-01,Sacramento,067,1510023,27195,26442,30,26472,508
2020-11-01,San Benito,069,59416,1482,1451,1,1452,15
2020-11-01,San Bernardino,071,2135413,67427,64339,526,64865,1157
2020-11-01,San Diego,073,3302833,59836,57122,1751,58873,891
2020-11-01,San Francisco,075,870044,12836,12436,52,12488,145
2020-11-01,San Joaquin,077,732212,22539,21919,272,22191,500
2020-11-01,San Luis Obispo,079,281455,4594,4303,40,4343,31
2020-11-01,San Mateo,081,765935,11810,11280,8,11288,160
2020-11-01,Santa Barbara,083,443738,10769,9969,99,10068,130
2020-11-01,Santa Clara,085,1922200,26483,25090,40,25130,386
2020-11-01,Santa Cruz,087,273765,3076,2921,39,2960,25
2020-11-01,Shasta,089,179085,2680,2172,23,2195,33
2020-11-01,Sierra,091,2930,7,6,0,6,0
2020-11-01,Siskiyou,093,43540,242,205,11,216,0
2020-11-01,Solano,095,438530,7928,7591,41,7632,84
2020-11-01,Sonoma,097,501317,10161,9688,34,9722,140
2020-11-01,Stanislaus,099,539301,18183,17961,875,18836,412
2020-11-01,Sutter,101,95872,1948,1888,1,1889,12
2020-11-01,Tehama,103,63373,1021,965,2,967,5
2020-11-01,Trinity,105,12862,83,30,9,39,0
2020-11-01,Tulare,107,460477,18258,17774,500,18274,299
2020-11-01,Tuolumne,109,53932,321,295,3,298,5
2020-11-01,Ventura,111,848112,15441,14686,388,15074,156
2020-11-01,Yolo,113,214977,3434,3303,9,3312,60
2020-11-01,Yuba,115,75493,1340,1273,6,1279,10
2020-10-31,Alameda,001,1643700,24456,23780,245,24025,416
2020-10-31,Alpine,003,1148,11,4,0,4,0
2020-10-31,Amador,005,37829,371,347,0,347,16
2020-10-31,Butte,007,227075,3293,3172,46,3218,57
2020-10-31,Calaveras,009,45235,347,280,0,280,18
2020-10-31,Colusa,011,21464,568,555,1,556,6
2020-10-31,Contra Costa,013,1133247,19701,19161,100,19261,249
2020-10-31,Del Norte,015,27424,188,175,0,175,2
2020-10-31,El Dorado,017,186661,1512,1390,3,1393,4
2020-10-31,Fresno,019,978130,34214,31558,521,32079,451
2020-10-31,Glenn,021,27897,709,678,3,681,3
2020-10-31,Humboldt,023,135768,590,561,1,562,8
2020-10-31,Imperial,025,180216,13247,12912,15,12927,334
2020-10-31,Inyo,027,18085,250,241,1,242,14
2020-10-31,Kern,029,883053,34577,33666,461,34127,437
2020-10-31,Kings,031,150075,8917,8612,65,8677,82
2020-10-31,Lake,033,64148,746,724,0,724,16
2020-10-31,Lassen,035,31185,792,782,2,784,0
2020-10-31,Los Angeles,037,10098052,312404,304704,3217,307921,7073
2020-10-31,Madera,039,155013,5194,5013,48,5061,54
2020-10-31,Marin,041,260295,7205,7112,20,7132,125
2020-10-31,Mariposa,043,17540,82,79,0,79,2
2020-10-31,Mendocino,045,87422,1113,1066,3,1069,21
2020-10-31,Merced,047,269075,9824,9597,39,9636,151
2020-10-31,Modoc,049,8938,52,34,4,38,0
2020-10-31,Mono,051,14174,263,194,4,198,1
2020-10-31,Monterey,053,433212,11873,11539,81,11620,93
2020-10-31,Napa,055,140530,2202,2040,6,2046,15
2020-10-31,Nevada,057,99092,691,644,16,660,9
2020-10-31,Orange,059,3164182,62681,59488,1884,61372,1473
2020-10-31,Placer,061,380077,4700,4374,19,4393,58
2020-10-31,Plumas,063,18699,95,85,0,85,0
2020-10-31,Riverside,065,2383286,70038,68178,527,68705,1319
2020-10-31,Sacramento,067,1510023,26996,26316,28,26344,507
2020-10-31,San Benito,069,59416,1475,1448,1,1449,15
2020-10-31,San Bernardino,071,2135413,67002,64016,516,64532,1157
2020-10-31,San Diego,073,3302833,59383,56769,1723,58492,891
2020-10-31,San Francisco,075,870044,12762,12438,51,12489,145
2020-10-31,San Joaquin,077,732212,22464,21918,263,22181,500
2020-10-31,San Luis Obispo,079,281455,4525,4285,37,4322,31
2020-10-31,San Mateo,081,765935,11758,11253,8,11261,160
2020-10-31,Santa Barbara,083,443738,10741,9957,91,10048,130
2020-10-31,Santa Clara,085,1922200,26315,24957,40,24997,379
2020-10-31,Santa Cruz,087,273765,3041,2895,38,2933,25
2020-10-31,Shasta,089,179085,2630,2122,22,2144,33
2020-10-31,Sierra,091,2930,7,6,0,6,0
2020-10-31,Siskiyou,093,43540,240,200,11,211,0
2020-10-31,Solano,095,438530,7864,7545,41,7586,84
2020-10-31,Sonoma,097,501317,10108,9648,34,9682,140
2020-10-31,Stanislaus,099,539301,18121,17920,858,18778,412
2020-10-31,Sutter,101,95872,1939,1876,1,1877,12
2020-10-31,Tehama,103,63373,1011,953,2,955,5
2020-10-31,Trinity,105,12862,80,30,9,39,0
2020-10-31,Tulare,107,460477,18209,17758,492,18250,299
2020-10-31,Tuolumne,109,53932,314,290,3,293,5
2020-10-31,Ventura,111,848112,15358,14635,369,15004,155
2020-10-31,Yolo,113,214977,3399,3290,9,3299,60
2020-10-31,Yuba,115,75493,1324,1260,5,1265,10
2020-10-30,Alameda,001,1643700,24377,23676,242,23918,401
2020-10-30,Alpine,003,1148,11,4,0,4,0
2020-10-30,Amador,005,37829,371,344,0,344,16
2020-10-30,Butte,007,227075,3288,3160,46,3206,57
2020-10-30,Calaveras,009,45235,346,279,0,279,18
2020-10-30,Colusa,011,21464,566,554,1,555,6
2020-10-30,Contra Costa,013,1133247,19629,19074,100,19174,249
2020-10-30,Del Norte,015,27424,187,175,0,175,2
2020-10-30,El Dorado,017,186661,1499,1386,3,1389,4
2020-10-30,Fresno,019,978130,34093,31409,513,31922,446
2020-10-30,Glenn,021,27897,703,674,2,676,3
2020-10-30,Humboldt,023,135768,589,561,1,562,7
2020-10-30,Imperial,025,180216,13206,12853,15,12868,334
2020-10-30,Inyo,027,18085,249,241,1,242,14
2020-10-30,Kern,029,883053,34484,33583,460,34043,437
2020-10-30,Kings,031,150075,8907,8564,63,8627,82
2020-10-30,Lake,033,64148,746,720,0,720,16
2020-10-30,Lassen,035,31185,786,777,2,779,0
2020-10-30,Los Angeles,037,10098052,310969,303425,3181,306606,7060
2020-10-30,Madera,039,155013,5182,4991,46,5037,54
2020-10-30,Marin,041,260295,7185,7097,20,7117,125
2020-10-30,Mariposa,043,17540,82,78,0,78,2
2020-10-30,Mendocino,045,87422,1111,1062,3,1065,21
2020-10-30,Merced,047,269075,9792,9539,39,9578,150
2020-10-30,Modoc,049,8938,51,34,3,37,0
2020-10-30,Mono,051,14174,262,193,4,197,1
2020-10-30,Monterey,053,433212,11811,11491,75,11566,92
2020-10-30,Napa,055,140530,2184,2028,6,2034,15
2020-10-30,Nevada,057,99092,685,634,16,650,9
2020-10-30,Orange,059,3164182,62439,59334,1872,61206,1469
2020-10-30,Placer,061,380077,4653,4335,19,4354,58
2020-10-30,Plumas,063,18699,92,80,0,80,0
2020-10-30,Riverside,065,2383286,69697,67752,507,68259,1317
2020-10-30,Sacramento,067,1510023,26848,26147,28,26175,505
2020-10-30,San Benito,069,59416,1469,1440,1,1441,15
2020-10-30,San Bernardino,071,2135413,66587,63512,513,64025,1156
2020-10-30,San Diego,073,3302833,58977,56387,1702,58089,888
2020-10-30,San Francisco,075,870044,12707,12384,51,12435,145
2020-10-30,San Joaquin,077,732212,22398,21849,256,22105,500
2020-10-30,San Luis Obispo,079,281455,4482,4256,37,4293,31
2020-10-30,San Mateo,081,765935,11699,11207,8,11215,159
2020-10-30,Santa Barbara,083,443738,10718,9937,91,10028,128
2020-10-30,Santa Clara,085,1922200,26166,24811,40,24851,378
2020-10-30,Santa Cruz,087,273765,3023,2874,38,2912,25
2020-10-30,Shasta,089,179085,2586,2048,21,2069,32
2020-10-30,Sierra,091,2930,7,6,0,6,0
2020-10-30,Siskiyou,093,43540,240,192,11,203,0
2020-10-30,Solano,095,438530,7803,7497,41,7538,84
2020-10-30,Sonoma,097,501317,10033,9602,33,9635,140
2020-10-30,Stanislaus,099,539301,18073,17861,841,18702,410
2020-10-30,Sutter,101,95872,1926,1860,1,1861,12
2020-10-30,Tehama,103,63373,1007,932,2,934,5
2020-10-30,Trinity,105,12862,80,29,9,38,0
2020-10-30,Tulare,107,460477,18164,17682,474,18156,299
2020-10-30,Tuolumne,109,53932,307,286,3,289,4
2020-10-30,Ventura,111,848112,15285,14578,356,14934,154
2020-10-30,Yolo,113,214977,3382,3263,9,3272,60
2020-10-30,Yuba,115,75493,1316,1256,5,1261,10
2020-10-29,Alameda,001,1643700,24214,23530,241,23771,401
2020-10-29,Alpine,003,1148,8,4,0,4,0
2020-10-29,Amador,005,37829,367,338,0,338,16
2020-10-29,Butte,007,227075,3270,3143,45,3188,57
2020-10-29,Calaveras,009,45235,344,278,0,278,13
2020-10-29,Colusa,011,21464,562,552,1,553,6
2020-10-29,Contra Costa,013,1133247,19530,18933,99,19032,249
2020-10-29,Del Norte,015,27424,185,174,0,174,2
2020-10-29,El Dorado,017,186661,1477,1370,3,1373,4
2020-10-29,Fresno,019,978130,33937,31321,505,31826,445
2020-10-29,Glenn,021,27897,701,673,2,675,3
2020-10-29,Humboldt,023,135768,584,559,1,560,7
2020-10-29,Imperial,025,180216,13162,12769,15,12784,334
2020-10-29,Inyo,027,18085,247,238,1,239,14
2020-10-29,Kern,029,883053,34382,33460,455,33915,437
2020-10-29,Kings,031,150075,8753,8502,62,8564,82
2020-10-29,Lake,033,64148,743,702,0,702,16
2020-10-29,Lassen,035,31185,785,772,2,774,0
2020-10-29,Los Angeles,037,10098052,309343,302246,3129,305375,7046
2020-10-29,Madera,039,155013,5153,4970,44,5014,53
2020-10-29,Marin,041,260295,7171,7083,20,7103,125
2020-10-29,Mariposa,043,17540,80,78,0,78,2
2020-10-29,Mendocino,045,87422,1105,1058,3,1061,21
2020-10-29,Merced,047,269075,9739,9496,39,9535,150
2020-10-29,Modoc,049,8938,49,31,3,34,0
2020-10-29,Mono,051,14174,255,176,4,180,1
2020-10-29,Monterey,053,433212,11730,11425,73,11498,92
2020-10-29,Napa,055,140530,2160,2009,6,2015,15
2020-10-29,Nevada,057,99092,678,632,16,648,9
2020-10-29,Orange,059,3164182,62171,59046,1852,60898,1464
2020-10-29,Placer,061,380077,4608,4270,17,4287,58
2020-10-29,Plumas,063,18699,90,69,0,69,0
2020-10-29,Riverside,065,2383286,69320,67268,478,67746,1304
2020-10-29,Sacramento,067,1510023,26636,25978,27,26005,507
2020-10-29,San Benito,069,59416,1464,1431,1,1432,15
2020-10-29,San Bernardino,071,2135413,66018,62968,503,63471,1150
2020-10-29,San Diego,073,3302833,58511,55916,1673,57589,885
2020-10-29,San Francisco,075,870044,12628,12312,51,12363,145
2020-10-29,San Joaquin,077,732212,22314,21736,244,21980,498
2020-10-29,San Luis Obispo,079,281455,4452,4223,35,4258,31
2020-10-29,San Mateo,081,765935,11653,11145,8,11153,157
2020-10-29,Santa Barbara,083,443738,10685,9902,89,9991,128
2020-10-29,Santa Clara,085,1922200,26014,24614,40,24654,377
2020-10-29,Santa Cruz,087,273765,2998,2850,38,2888,24
2020-10-29,Shasta,089,179085,2523,2008,21,2029,32
2020-10-29,Sierra,091,2930,6,6,0,6,0
2020-10-29,Siskiyou,093,43540,224,185,11,196,0
2020-10-29,Solano,095,438530,7741,7453,41,7494,78
2020-10-29,Sonoma,097,501317,9969,9533,33,9566,140
2020-10-29,Stanislaus,099,539301,18020,17790,819,18609,410
2020-10-29,Sutter,101,95872,1918,1852,1,1853,12
2020-10-29,Tehama,103,63373,989,925,2,927,5
2020-10-29,Trinity,105,12862,75,28,8,36,0
2020-10-29,Tulare,107,460477,18086,17627,454,18081,299
2020-10-29,Tuolumne,109,53932,302,279,3,282,4
2020-10-29,Ventura,111,848112,15195,14486,351,14837,154
2020-10-29,Yolo,113,214977,3353,3246,9,3255,60
2020-10-29,Yuba,115,75493,1305,1248,5,1253,10
2020-10-28,Alameda,001,1643700,24114,23468,240,23708,400
2020-10-28,Alpine,003,1148,7,4,0,4,0
2020-10-28,Amador,005,37829,364,337,0,337,16
2020-10-28,Butte,007,227075,3254,3134,42,3176,56
2020-10-28,Calaveras,009,45235,343,278,0,278,13
2020-10-28,Colusa,011,21464,559,551,1,552,6
2020-10-28,Contra Costa,013,1133247,19443,18828,98,18926,246
2020-10-28,Del Norte,015,27424,182,173,0,173,2
2020-10-28,El Dorado,017,186661,1465,1363,3,1366,4
2020-10-28,Fresno,019,978130,33817,31195,499,31694,444
2020-10-28,Glenn,021,27897,697,673,2,675,3
2020-10-28,Humboldt,023,135768,580,559,1,560,7
2020-10-28,Imperial,025,180216,13113,12730,15,12745,333
2020-10-28,Inyo,027,18085,247,238,1,239,14
2020-10-28,Kern,029,883053,34280,33424,436,33860,436
2020-10-28,Kings,031,150075,8731,8486,61,8547,82
2020-10-28,Lake,033,64148,740,700,0,700,15
2020-10-28,Lassen,035,31185,781,771,2,773,0
2020-10-28,Los Angeles,037,10098052,307884,300726,3087,303813,7031
2020-10-28,Madera,039,155013,5137,4954,43,4997,53
2020-10-28,Marin,041,260295,7160,7079,20,7099,126
2020-10-28,Mariposa,043,17540,80,78,0,78,2
2020-10-28,Mendocino,045,87422,1104,1037,3,1040,20
2020-10-28,Merced,047,269075,9713,9480,38,9518,150
2020-10-28,Modoc,049,8938,48,31,2,33,0
2020-10-28,Mono,051,14174,237,176,4,180,1
2020-10-28,Monterey,053,433212,11672,11330,71,11401,89
2020-10-28,Napa,055,140530,2134,1998,5,2003,15
2020-10-28,Nevada,057,99092,670,629,16,645,9
2020-10-28,Orange,059,3164182,61907,58801,1836,60637,1459
2020-10-28,Placer,061,380077,4552,4236,17,4253,57
2020-10-28,Plumas,063,18699,89,67,0,67,0
2020-10-28,Riverside,065,2383286,68921,67003,455,67458,1302
2020-10-28,Sacramento,067,1510023,26440,25838,26,25864,506
2020-10-28,San Benito,069,59416,1456,1429,1,1430,15
2020-10-28,San Bernardino,071,2135413,65559,62778,493,63271,1154
2020-10-28,San Diego,073,3302833,58127,55556,1645,57201,881
2020-10-28,San Francisco,075,870044,12570,12261,50,12311,145
2020-10-28,San Joaquin,077,732212,22230,21707,233,21940,498
2020-10-28,San Luis Obispo,079,281455,4411,4197,32,4229,31
2020-10-28,San Mateo,081,765935,11589,11101,8,11109,157
2020-10-28,Santa Barbara,083,443738,10661,9872,87,9959,127
2020-10-28,Santa Clara,085,1922200,25870,24503,40,24543,375
2020-10-28,Santa Cruz,087,273765,2967,2836,38,2874,24
2020-10-28,Shasta,089,179085,2443,1996,20,2016,31
2020-10-28,Sierra,091,2930,6,6,0,6,0
2020-10-28,Siskiyou,093,43540,221,182,10,192,0
2020-10-28,Solano,095,438530,7682,7362,41,7403,77
2020-10-28,Sonoma,097,501317,9879,9457,28,9485,140
2020-10-28,Stanislaus,099,539301,17955,17765,810,18575,409
2020-10-28,Sutter,101,95872,1909,1840,1,1841,12
2020-10-28,Tehama,103,63373,978,921,2,923,5
2020-10-28,Trinity,105,12862,70,28,8,36,0
2020-10-28,Tulare,107,460477,18030,17569,436,18005,297
2020-10-28,Tuolumne,109,53932,299,277,3,280,4
2020-10-28,Ventura,111,848112,15122,14409,342,14751,153
2020-10-28,Yolo,113,214977,3329,3230,9,3239,60
2020-10-28,Yuba,115,75493,1293,1245,5,1250,10
2020-10-27,Alameda,001,1643700,24002,23365,237,23602,400
2020-10-27,Alpine,003,1148,7,3,0,3,0
2020-10-27,Amador,005,37829,361,335,0,335,16
2020-10-27,Butte,007,227075,3238,3107,39,3146,56
2020-10-27,Calaveras,009,45235,341,277,0,277,13
2020-10-27,Colusa,011,21464,554,549,1,550,6
2020-10-27,Contra Costa,013,1133247,19338,18766,98,18864,246
2020-10-27,Del Norte,015,27424,179,173,0,173,2
2020-10-27,El Dorado,017,186661,1452,1351,3,1354,4
2020-10-27,Fresno,019,978130,33698,31096,494,31590,442
2020-10-27,Glenn,021,27897,695,667,1,668,3
2020-10-27,Humboldt,023,135768,577,559,1,560,7
2020-10-27,Imperial,025,180216,13064,12680,15,12695,333
2020-10-27,Inyo,027,18085,247,231,1,232,14
2020-10-27,Kern,029,883053,34163,33328,432,33760,436
2020-10-27,Kings,031,150075,8700,8411,61,8472,83
2020-10-27,Lake,033,64148,737,700,0,700,15
2020-10-27,Lassen,035,31185,779,764,2,766,0
2020-10-27,Los Angeles,037,10098052,306500,299438,3057,302495,7008
2020-10-27,Madera,039,155013,5107,4942,42,4984,53
2020-10-27,Marin,041,260295,7144,7070,20,7090,126
2020-10-27,Mariposa,043,17540,79,78,0,78,2
2020-10-27,Mendocino,045,87422,1098,1033,2,1035,20
2020-10-27,Merced,047,269075,9673,9449,38,9487,150
2020-10-27,Modoc,049,8938,46,31,2,33,0
2020-10-27,Mono,051,14174,223,169,4,173,1
2020-10-27,Monterey,053,433212,11616,11261,69,11330,88
2020-10-27,Napa,055,140530,2118,1979,5,1984,15
2020-10-27,Nevada,057,99092,664,622,16,638,8
2020-10-27,Orange,059,3164182,61636,58550,1820,60370,1448
2020-10-27,Placer,061,380077,4503,4197,15,4212,57
2020-10-27,Plumas,063,18699,86,63,0,63,0
2020-10-27,Riverside,065,2383286,68566,66699,412,67111,1299
2020-10-27,Sacramento,067,1510023,26253,25701,25,25726,501
2020-10-27,San Benito,069,59416,1451,1428,1,1429,15
2020-10-27,San Bernardino,071,2135413,65096,62357,480,62837,1154
2020-10-27,San Diego,073,3302833,57654,55226,1622,56848,877
2020-10-27,San Francisco,075,870044,12496,12218,49,12267,140
2020-10-27,San Joaquin,077,732212,22139,21637,224,21861,496
2020-10-27,San Luis Obispo,079,281455,4383,4148,28,4176,31
2020-10-27,San Mateo,081,765935,11540,11074,8,11082,156
2020-10-27,Santa Barbara,083,443738,10632,9874,86,9960,125
2020-10-27,Santa Clara,085,1922200,25728,24368,40,24408,367
2020-10-27,Santa Cruz,087,273765,2937,2815,37,2852,24
2020-10-27,Shasta,089,179085,2356,1962,20,1982,29
2020-10-27,Sierra,091,2930,6,6,0,6,0
2020-10-27,Siskiyou,093,43540,212,181,10,191,0
2020-10-27,Solano,095,438530,7613,7298,41,7339,77
2020-10-27,Sonoma,097,501317,9812,9389,28,9417,140
2020-10-27,Stanislaus,099,539301,17888,17720,802,18522,408
2020-10-27,Sutter,101,95872,1896,1832,1,1833,12
2020-10-27,Tehama,103,63373,964,913,2,915,5
2020-10-27,Trinity,105,12862,67,28,8,36,0
2020-10-27,Tulare,107,460477,17967,17520,413,17933,296
2020-10-27,Tuolumne,109,53932,295,275,3,278,4
2020-10-27,Ventura,111,848112,15039,14347,335,14682,153
2020-10-27,Yolo,113,214977,3315,3216,9,3225,58
2020-10-27,Yuba,115,75493,1280,1235,5,1240,10
2020-10-26,Alameda,001,1643700,23890,23284,236,23520,398
2020-10-26,Alpine,003,1148,5,3,0,3,0
2020-10-26,Amador,005,37829,357,331,0,331,16
2020-10-26,Butte,007,227075,3226,3095,37,3132,56
2020-10-26,Calaveras,009,45235,337,274,0,274,13
2020-10-26,Colusa,011,21464,552,548,1,549,6
2020-10-26,Contra Costa,013,1133247,19242,18718,97,18815,245
2020-10-26,Del Norte,015,27424,179,171,0,171,2
2020-10-26,El Dorado,017,186661,1438,1336,3,1339,4
2020-10-26,Fresno,019,978130,33584,30969,486,31455,441
2020-10-26,Glenn,021,27897,688,660,1,661,3
2020-10-26,Humboldt,023,135768,569,554,1,555,7
2020-10-26,Imperial,025,180216,13010,12654,12,12666,333
2020-10-26,Inyo,027,18085,247,226,1,227,14
2020-10-26,Kern,029,883053,34079,33233,427,33660,432
2020-10-26,Kings,031,150075,8678,8264,59,8323,82
2020-10-26,Lake,033,64148,735,697,0,697,15
2020-10-26,Lassen,035,31185,776,764,2,766,0
2020-10-26,Los Angeles,037,10098052,305072,297961,3015,300976,6979
2020-10-26,Madera,039,155013,5086,4922,41,4963,53
2020-10-26,Marin,041,260295,7138,7064,19,7083,104
2020-10-26,Mariposa,043,17540,79,77,0,77,2
2020-10-26,Mendocino,045,87422,1090,1026,2,1028,20
2020-10-26,Merced,047,269075,9626,9375,37,9412,150
2020-10-26,Modoc,049,8938,44,28,0,28,0
2020-10-26,Mono,051,14174,217,167,4,171,1
2020-10-26,Monterey,053,433212,11566,11207,65,11272,87
2020-10-26,Napa,055,140530,2086,1966,5,1971,14
2020-10-26,Nevada,057,99092,657,618,16,634,8
2020-10-26,Orange,059,3164182,61432,58377,1801,60178,1442
2020-10-26,Placer,061,380077,4461,4161,14,4175,57
2020-10-26,Plumas,063,18699,84,63,0,63,0
2020-10-26,Riverside,065,2383286,68112,66475,388,66863,1294
2020-10-26,Sacramento,067,1510023,26071,25555,23,25578,496
2020-10-26,San Benito,069,59416,1443,1424,1,1425,15
2020-10-26,San Bernardino,071,2135413,64625,61871,477,62348,1153
2020-10-26,San Diego,073,3302833,57260,54957,1585,56542,870
2020-10-26,San Francisco,075,870044,12436,12072,49,12121,138
2020-10-26,San Joaquin,077,732212,22056,21459,218,21677,495
2020-10-26,San Luis Obispo,079,281455,4358,4133,28,4161,31
2020-10-26,San Mateo,081,765935,11496,11037,8,11045,156
2020-10-26,Santa Barbara,083,443738,10609,9827,86,9913,122
2020-10-26,Santa Clara,085,1922200,25538,24258,39,24297,365
2020-10-26,Santa Cruz,087,273765,2911,2808,37,2845,24
2020-10-26,Shasta,089,179085,2303,1889,20,1909,29
2020-10-26,Sierra,091,2930,6,6,0,6,0
2020-10-26,Siskiyou,093,43540,204,179,10,189,0
2020-10-26,Solano,095,438530,7533,7271,41,7312,62
2020-10-26,Sonoma,097,501317,9732,9315,28,9343,140
2020-10-26,Stanislaus,099,539301,17838,17666,792,18458,400
2020-10-26,Sutter,101,95872,1888,1817,1,1818,12
2020-10-26,Tehama,103,63373,944,892,2,894,5
2020-10-26,Trinity,105,12862,66,26,8,34,0
2020-10-26,Tulare,107,460477,17890,17432,390,17822,296
2020-10-26,Tuolumne,109,53932,286,271,3,274,4
2020-10-26,Ventura,111,848112,14969,14330,332,14662,154
2020-10-26,Yolo,113,214977,3296,3206,9,3215,58
2020-10-26,Yuba,115,75493,1264,1226,5,1231,10
2020-10-25,Alameda,001,1643700,23784,23192,236,23428,398
2020-10-25,Alpine,003,1148,4,3,0,3,0
2020-10-25,Amador,005,37829,346,330,0,330,16
2020-10-25,Butte,007,227075,3207,3087,37,3124,56
2020-10-25,Calaveras,009,45235,336,274,0,274,13
2020-10-25,Colusa,011,21464,548,548,1,549,6
2020-10-25,Contra Costa,013,1133247,19141,18640,97,18737,245
2020-10-25,Del Norte,015,27424,175,171,0,171,2
2020-10-25,El Dorado,017,186661,1423,1328,3,1331,4
2020-10-25,Fresno,019,978130,33453,30858,473,31331,441
2020-10-25,Glenn,021,27897,685,652,1,653,3
2020-10-25,Humboldt,023,135768,566,554,1,555,7
2020-10-25,Imperial,025,180216,12960,12572,12,12584,333
2020-10-25,Inyo,027,18085,244,226,1,227,14
2020-10-25,Kern,029,883053,33972,33185,423,33608,432
2020-10-25,Kings,031,150075,8645,8246,57,8303,82
2020-10-25,Lake,033,64148,718,695,0,695,15
2020-10-25,Lassen,035,31185,773,764,2,766,0
2020-10-25,Los Angeles,037,10098052,303512,297110,2975,300085,6973
2020-10-25,Madera,039,155013,5056,4909,36,4945,53
2020-10-25,Marin,041,260295,7128,7052,19,7071,102
2020-10-25,Mariposa,043,17540,79,77,0,77,2
2020-10-25,Mendocino,045,87422,1083,1024,2,1026,20
2020-10-25,Merced,047,269075,9561,9352,35,9387,150
2020-10-25,Modoc,049,8938,39,28,0,28,0
2020-10-25,Mono,051,14174,209,167,4,171,1
2020-10-25,Monterey,053,433212,11483,11182,60,11242,87
2020-10-25,Napa,055,140530,2056,1962,5,1967,14
2020-10-25,Nevada,057,99092,649,616,16,632,8
2020-10-25,Orange,059,3164182,61143,58185,1791,59976,1443
2020-10-25,Placer,061,380077,4409,4140,14,4154,57
2020-10-25,Plumas,063,18699,84,63,0,63,0
2020-10-25,Riverside,065,2383286,67660,66192,372,66564,1289
2020-10-25,Sacramento,067,1510023,25855,25445,20,25465,496
2020-10-25,San Benito,069,59416,1436,1423,1,1424,15
2020-10-25,San Bernardino,071,2135413,64085,61551,465,62016,1153
2020-10-25,San Diego,073,3302833,56797,54599,1553,56152,870
2020-10-25,San Francisco,075,870044,12363,12072,49,12121,137
2020-10-25,San Joaquin,077,732212,21948,21459,210,21669,495
2020-10-25,San Luis Obispo,079,281455,4316,4126,26,4152,31
2020-10-25,San Mateo,081,765935,11451,10987,8,10995,156
2020-10-25,Santa Barbara,083,443738,10589,9814,86,9900,122
2020-10-25,Santa Clara,085,1922200,25350,24087,39,24126,365
2020-10-25,Santa Cruz,087,273765,2884,2789,37,2826,24
2020-10-25,Shasta,089,179085,2239,1889,20,1909,29
2020-10-25,Sierra,091,2930,6,6,0,6,0
2020-10-25,Siskiyou,093,43540,201,176,10,186,0
2020-10-25,Solano,095,438530,7455,7197,41,7238,60
2020-10-25,Sonoma,097,501317,9639,9235,27,9262,140
2020-10-25,Stanislaus,099,539301,17781,17641,782,18423,400
2020-10-25,Sutter,101,95872,1870,1811,1,1812,12
2020-10-25,Tehama,103,63373,927,880,2,882,5
2020-10-25,Trinity,105,12862,62,26,8,34,0
2020-10-25,Tulare,107,460477,17817,17431,380,17811,296
2020-10-25,Tuolumne,109,53932,281,271,3,274,4
2020-10-25,Ventura,111,848112,14876,14300,326,14626,154
2020-10-25,Yolo,113,214977,3275,3190,9,3199,58
2020-10-25,Yuba,115,75493,1256,1219,5,1224,10
2020-10-24,Alameda,001,1643700,23714,23099,233,23332,398
2020-10-24,Alpine,003,1148,4,3,0,3,0
2020-10-24,Amador,005,37829,345,328,0,328,16
2020-10-24,Butte,007,227075,3198,3078,37,3115,56
2020-10-24,Calaveras,009,45235,334,274,0,274,13
2020-10-24,Colusa,011,21464,543,548,1,549,6
2020-10-24,Contra Costa,013,1133247,19074,18567,97,18664,244
2020-10-24,Del Norte,015,27424,174,171,0,171,2
2020-10-24,El Dorado,017,186661,1407,1317,3,1320,4
2020-10-24,Fresno,019,978130,33392,30752,469,31221,441
2020-10-24,Glenn,021,27897,682,650,1,651,3
2020-10-24,Humboldt,023,135768,564,553,1,554,7
2020-10-24,Imperial,025,180216,12933,12469,12,12481,333
2020-10-24,Inyo,027,18085,244,226,1,227,14
2020-10-24,Kern,029,883053,33914,33105,418,33523,432
2020-10-24,Kings,031,150075,8635,8228,56,8284,82
2020-10-24,Lake,033,64148,713,696,0,696,15
2020-10-24,Lassen,035,31185,772,764,2,766,0
2020-10-24,Los Angeles,037,10098052,302693,296323,2952,299275,6969
2020-10-24,Madera,039,155013,5043,4898,35,4933,53
2020-10-24,Marin,041,260295,7119,7042,19,7061,102
2020-10-24,Mariposa,043,17540,79,77,0,77,2
2020-10-24,Mendocino,045,87422,1071,1022,2,1024,20
2020-10-24,Merced,047,269075,9537,9351,35,9386,150
2020-10-24,Modoc,049,8938,38,28,0,28,0
2020-10-24,Mono,051,14174,195,167,4,171,1
2020-10-24,Monterey,053,433212,11415,11153,59,11212,87
2020-10-24,Napa,055,140530,2039,1957,5,1962,14
2020-10-24,Nevada,057,99092,645,608,16,624,8
2020-10-24,Orange,059,3164182,60989,57928,1780,59708,1441
2020-10-24,Placer,061,380077,4378,4093,14,4107,57
2020-10-24,Plumas,063,18699,78,63,0,63,0
2020-10-24,Riverside,065,2383286,67450,65902,358,66260,1288
2020-10-24,Sacramento,067,1510023,25774,25372,20,25392,496
2020-10-24,San Benito,069,59416,1431,1417,1,1418,15
2020-10-24,San Bernardino,071,2135413,63845,61351,456,61807,1153
2020-10-24,San Diego,073,3302833,56519,54330,1541,55871,868
2020-10-24,San Francisco,075,870044,12305,12073,48,12121,137
2020-10-24,San Joaquin,077,732212,21896,21458,205,21663,495
2020-10-24,San Luis Obispo,079,281455,4291,4119,25,4144,31
2020-10-24,San Mateo,081,765935,11412,10942,8,10950,155
2020-10-24,Santa Barbara,083,443738,10572,9781,86,9867,122
2020-10-24,Santa Clara,085,1922200,25263,23978,39,24017,365
2020-10-24,Santa Cruz,087,273765,2865,2775,37,2812,24
2020-10-24,Shasta,089,179085,2194,1878,20,1898,29
2020-10-24,Sierra,091,2930,6,6,0,6,0
2020-10-24,Siskiyou,093,43540,200,174,10,184,0
2020-10-24,Solano,095,438530,7402,7189,41,7230,60
2020-10-24,Sonoma,097,501317,9605,9179,27,9206,140
2020-10-24,Stanislaus,099,539301,17737,17574,766,18340,400
2020-10-24,Sutter,101,95872,1861,1804,1,1805,12
2020-10-24,Tehama,103,63373,919,872,2,874,5
2020-10-24,Trinity,105,12862,62,25,8,33,0
2020-10-24,Tulare,107,460477,17794,17406,368,17774,295
2020-10-24,Tuolumne,109,53932,278,269,3,272,4
2020-10-24,Ventura,111,848112,14823,14240,325,14565,154
2020-10-24,Yolo,113,214977,3263,3164,9,3173,57
2020-10-24,Yuba,115,75493,1253,1210,5,1215,10
2020-10-23,Alameda,001,1643700,23642,23047,231,23278,393
2020-10-23,Alpine,003,1148,4,3,0,3,0
2020-10-23,Amador,005,37829,344,324,0,324,16
2020-10-23,Butte,007,227075,3189,3059,37,3096,55
2020-10-23,Calaveras,009,45235,333,273,0,273,13
2020-10-23,Colusa,011,21464,543,547,1,548,6
2020-10-23,Contra Costa,013,1133247,19003,18483,96,18579,244
2020-10-23,Del Norte,015,27424,174,171,0,171,2
2020-10-23,El Dorado,017,186661,1398,1310,3,1313,4
2020-10-23,Fresno,019,978130,33325,30590,465,31055,441
2020-10-23,Glenn,021,27897,679,644,1,645,3
2020-10-23,Humboldt,023,135768,562,553,1,554,7
2020-10-23,Imperial,025,180216,12902,12398,12,12410,333
2020-10-23,Inyo,027,18085,243,226,1,227,14
2020-10-23,Kern,029,883053,33846,33077,413,33490,431
2020-10-23,Kings,031,150075,8626,8218,56,8274,82
2020-10-23,Lake,033,64148,711,689,0,689,15
2020-10-23,Lassen,035,31185,771,764,2,766,0
2020-10-23,Los Angeles,037,10098052,301613,294287,2922,297209,6956
2020-10-23,Madera,039,155013,5038,4888,35,4923,53
2020-10-23,Marin,041,260295,7106,7029,19,7048,102
2020-10-23,Mariposa,043,17540,79,77,0,77,2
2020-10-23,Mendocino,045,87422,1068,1019,2,1021,20
2020-10-23,Merced,047,269075,9523,9327,35,9362,149
2020-10-23,Modoc,049,8938,38,28,0,28,0
2020-10-23,Mono,051,14174,194,159,4,163,1
2020-10-23,Monterey,053,433212,11368,11099,55,11154,86
2020-10-23,Napa,055,140530,2031,1942,5,1947,14
2020-10-23,Nevada,057,99092,642,604,16,620,8
2020-10-23,Orange,059,3164182,60818,57595,1765,59360,1430
2020-10-23,Placer,061,380077,4332,4073,14,4087,57
2020-10-23,Plumas,063,18699,75,63,0,63,0
2020-10-23,Riverside,065,2383286,67211,65512,350,65862,1279
2020-10-23,Sacramento,067,1510023,25669,25224,20,25244,496
2020-10-23,San Benito,069,59416,1429,1412,1,1413,15
2020-10-23,San Bernardino,071,2135413,63561,60854,442,61296,1150
2020-10-23,San Diego,073,3302833,56213,53944,1514,55458,867
2020-10-23,San Francisco,075,870044,12274,12015,48,12063,137
2020-10-23,San Joaquin,077,732212,21840,21361,199,21560,495
2020-10-23,San Luis Obispo,079,281455,4265,4102,25,4127,31
2020-10-23,San Mateo,081,765935,11363,10872,8,10880,155
2020-10-23,Santa Barbara,083,443738,10556,9751,86,9837,121
2020-10-23,Santa Clara,085,1922200,25161,23822,39,23861,364
2020-10-23,Santa Cruz,087,273765,2851,2757,37,2794,24
2020-10-23,Shasta,089,179085,2158,1846,19,1865,29
2020-10-23,Sierra,091,2930,6,6,0,6,0
2020-10-23,Siskiyou,093,43540,196,172,10,182,0
2020-10-23,Solano,095,438530,7371,7174,41,7215,59
2020-10-23,Sonoma,097,501317,9549,9112,27,9139,139
2020-10-23,Stanislaus,099,539301,17700,17496,758,18254,395
2020-10-23,Sutter,101,95872,1854,1797,1,1798,12
2020-10-23,Tehama,103,63373,910,862,2,864,5
2020-10-23,Trinity,105,12862,62,26,8,34,0
2020-10-23,Tulare,107,460477,17749,17334,356,17690,295
2020-10-23,Tuolumne,109,53932,276,254,3,257,4
2020-10-23,Ventura,111,848112,14794,14192,325,14517,155
2020-10-23,Yolo,113,214977,3250,3140,9,3149,57
2020-10-23,Yuba,115,75493,1249,1206,5,1211,10
2020-10-22,Alameda,001,1643700,23539,22915,231,23146,393
2020-10-22,Alpine,003,1148,4,3,0,3,0
2020-10-22,Amador,005,37829,340,317,0,317,16
2020-10-22,Butte,007,227075,3179,3046,35,3081,55
2020-10-22,Calaveras,009,45235,330,273,0,273,13
2020-10-22,Colusa,011,21464,543,547,1,548,6
2020-10-22,Contra Costa,013,1133247,18931,18393,96,18489,243
2020-10-22,Del Norte,015,27424,173,168,0,168,2
2020-10-22,El Dorado,017,186661,1388,1308,3,1311,4
2020-10-22,Fresno,019,978130,33214,30471,456,30927,438
2020-10-22,Glenn,021,27897,672,643,1,644,3
2020-10-22,Humboldt,023,135768,561,548,1,549,7
2020-10-22,Imperial,025,180216,12849,12311,12,12323,333
2020-10-22,Inyo,027,18085,240,220,1,221,14
2020-10-22,Kern,029,883053,33765,32991,410,33401,431
2020-10-22,Kings,031,150075,8375,8201,56,8257,82
2020-10-22,Lake,033,64148,707,678,0,678,15
2020-10-22,Lassen,035,31185,768,764,2,766,0
2020-10-22,Los Angeles,037,10098052,300238,291599,2862,294461,6935
2020-10-22,Madera,039,155013,5017,4847,35,4882,52
2020-10-22,Marin,041,260295,7099,7014,19,7033,102
2020-10-22,Mariposa,043,17540,79,77,0,77,2
2020-10-22,Mendocino,045,87422,1063,1016,2,1018,20
2020-10-22,Merced,047,269075,9495,9323,35,9358,149
2020-10-22,Modoc,049,8938,34,26,0,26,0
2020-10-22,Mono,051,14174,189,156,4,160,1
2020-10-22,Monterey,053,433212,11309,11059,52,11111,84
2020-10-22,Napa,055,140530,2016,1928,5,1933,14
2020-10-22,Nevada,057,99092,636,600,16,616,8
2020-10-22,Orange,059,3164182,60604,57418,1748,59166,1422
2020-10-22,Placer,061,380077,4283,4036,14,4050,57
2020-10-22,Plumas,063,18699,72,62,0,62,0
2020-10-22,Riverside,065,2383286,66877,65104,330,65434,1279
2020-10-22,Sacramento,067,1510023,25529,25054,20,25074,492
2020-10-22,San Benito,069,59416,1425,1403,1,1404,15
2020-10-22,San Bernardino,071,2135413,63159,60402,427,60829,1149
2020-10-22,San Diego,073,3302833,55826,53514,1495,55009,866
2020-10-22,San Francisco,075,870044,12216,11991,46,12037,137
2020-10-22,San Joaquin,077,732212,21767,21282,193,21475,495
2020-10-22,San Luis Obispo,079,281455,4249,4081,25,4106,31
2020-10-22,San Mateo,081,765935,11307,10796,8,10804,155
2020-10-22,Santa Barbara,083,443738,10522,9710,84,9794,120
2020-10-22,Santa Clara,085,1922200,25007,23621,39,23660,363
2020-10-22,Santa Cruz,087,273765,2833,2738,36,2774,24
2020-10-22,Shasta,089,179085,2112,1799,19,1818,29
2020-10-22,Sierra,091,2930,6,6,0,6,0
2020-10-22,Siskiyou,093,43540,196,169,10,179,0
2020-10-22,Solano,095,438530,7325,7116,41,7157,59
2020-10-22,Sonoma,097,501317,9483,9052,26,9078,139
2020-10-22,Stanislaus,099,539301,17647,17440,745,18185,395
2020-10-22,Sutter,101,95872,1840,1794,1,1795,12
2020-10-22,Tehama,103,63373,899,852,2,854,5
2020-10-22,Trinity,105,12862,61,26,8,34,0
2020-10-22,Tulare,107,460477,17683,17265,343,17608,293
2020-10-22,Tuolumne,109,53932,274,252,3,255,4
2020-10-22,Ventura,111,848112,14747,14124,323,14447,154
2020-10-22,Yolo,113,214977,3238,3116,9,3125,58
2020-10-22,Yuba,115,75493,1242,1199,5,1204,10
2020-10-21,Alameda,001,1643700,23451,22853,229,23082,392
2020-10-21,Alpine,003,1148,4,3,0,3,0
2020-10-21,Amador,005,37829,335,313,0,313,16
2020-10-21,Butte,007,227075,3167,3041,35,3076,55
2020-10-21,Calaveras,009,45235,329,272,0,272,13
2020-10-21,Colusa,011,21464,543,546,1,547,6
2020-10-21,Contra Costa,013,1133247,18857,18299,96,18395,243
2020-10-21,Del Norte,015,27424,173,169,0,169,2
2020-10-21,El Dorado,017,186661,1376,1305,2,1307,4
2020-10-21,Fresno,019,978130,33118,30328,453,30781,433
2020-10-21,Glenn,021,27897,667,640,1,641,3
2020-10-21,Humboldt,023,135768,560,548,1,549,7
2020-10-21,Imperial,025,180216,12792,12210,12,12222,331
2020-10-21,Inyo,027,18085,236,220,1,221,14
2020-10-21,Kern,029,883053,33690,32956,409,33365,430
2020-10-21,Kings,031,150075,8348,8186,56,8242,80
2020-10-21,Lake,033,64148,706,676,0,676,15
2020-10-21,Lassen,035,31185,767,764,2,766,0
2020-10-21,Los Angeles,037,10098052,298900,288096,2819,290915,6923
2020-10-21,Madera,039,155013,4992,4831,35,4866,52
2020-10-21,Marin,041,260295,7090,7002,19,7021,102
2020-10-21,Mariposa,043,17540,79,77,0,77,2
2020-10-21,Mendocino,045,87422,1061,1011,2,1013,21
2020-10-21,Merced,047,269075,9471,9319,33,9352,149
2020-10-21,Modoc,049,8938,33,26,0,26,0
2020-10-21,Mono,051,14174,187,156,4,160,1
2020-10-21,Monterey,053,433212,11270,11005,51,11056,83
2020-10-21,Napa,055,140530,2000,1918,5,1923,13
2020-10-21,Nevada,057,99092,630,597,16,613,8
2020-10-21,Orange,059,3164182,60390,57189,1739,58928,1409
2020-10-21,Placer,061,380077,4246,4007,14,4021,56
2020-10-21,Plumas,063,18699,69,58,0,58,0
2020-10-21,Riverside,065,2383286,66581,64778,305,65083,1278
2020-10-21,Sacramento,067,1510023,25335,24908,20,24928,490
2020-10-21,San Benito,069,59416,1424,1401,1,1402,14
2020-10-21,San Bernardino,071,2135413,62751,59948,420,60368,1141
2020-10-21,San Diego,073,3302833,55474,53279,1467,54746,863
2020-10-21,San Francisco,075,870044,12167,11976,45,12021,137
2020-10-21,San Joaquin,077,732212,21691,21201,187,21388,495
2020-10-21,San Luis Obispo,079,281455,4235,4055,23,4078,31
2020-10-21,San Mateo,081,765935,11258,10730,8,10738,155
2020-10-21,Santa Barbara,083,443738,10504,9681,83,9764,121
2020-10-21,Santa Clara,085,1922200,24881,23537,39,23576,361
2020-10-21,Santa Cruz,087,273765,2810,2729,36,2765,24
2020-10-21,Shasta,089,179085,2075,1777,19,1796,27
2020-10-21,Sierra,091,2930,6,6,0,6,0
2020-10-21,Siskiyou,093,43540,192,169,10,179,0
2020-10-21,Solano,095,438530,7279,7088,41,7129,59
2020-10-21,Sonoma,097,501317,9403,8987,26,9013,138
2020-10-21,Stanislaus,099,539301,17597,17419,737,18156,392
2020-10-21,Sutter,101,95872,1825,1786,1,1787,12
2020-10-21,Tehama,103,63373,883,824,2,826,5
2020-10-21,Trinity,105,12862,57,25,7,32,0
2020-10-21,Tulare,107,460477,17647,17204,329,17533,292
2020-10-21,Tuolumne,109,53932,273,251,3,254,4
2020-10-21,Ventura,111,848112,14684,14050,320,14370,153
2020-10-21,Yolo,113,214977,3219,3095,9,3104,58
2020-10-21,Yuba,115,75493,1233,1194,5,1199,10
2020-10-20,Alameda,001,1643700,23348,22750,225,22975,391
2020-10-20,Alpine,003,1148,4,3,0,3,0
2020-10-20,Amador,005,37829,334,313,0,313,16
2020-10-20,Butte,007,227075,3155,3027,35,3062,56
2020-10-20,Calaveras,009,45235,328,273,0,273,13
2020-10-20,Colusa,011,21464,540,546,1,547,6
2020-10-20,Contra Costa,013,1133247,18765,18246,96,18342,241
2020-10-20,Del Norte,015,27424,172,169,0,169,2
2020-10-20,El Dorado,017,186661,1370,1295,2,1297,4
2020-10-20,Fresno,019,978130,33015,30220,447,30667,431
2020-10-20,Glenn,021,27897,662,638,1,639,3
2020-10-20,Humboldt,023,135768,556,545,1,546,7
2020-10-20,Imperial,025,180216,12723,12114,12,12126,330
2020-10-20,Inyo,027,18085,236,218,1,219,14
2020-10-20,Kern,029,883053,33615,32889,396,33285,429
2020-10-20,Kings,031,150075,8330,8178,55,8233,80
2020-10-20,Lake,033,64148,704,675,0,675,15
2020-10-20,Lassen,035,31185,766,757,2,759,0
2020-10-20,Los Angeles,037,10098052,297409,287727,2768,290495,6891
2020-10-20,Madera,039,155013,4975,4823,35,4858,52
2020-10-20,Marin,041,260295,7075,6994,19,7013,101
2020-10-20,Mariposa,043,17540,78,77,0,77,2
2020-10-20,Mendocino,045,87422,1059,1004,2,1006,21
2020-10-20,Merced,047,269075,9449,9323,33,9356,149
2020-10-20,Modoc,049,8938,32,26,0,26,0
2020-10-20,Mono,051,14174,187,156,4,160,1
2020-10-20,Monterey,053,433212,11227,10942,48,10990,81
2020-10-20,Napa,055,140530,1981,1912,5,1917,13
2020-10-20,Nevada,057,99092,620,596,16,612,8
2020-10-20,Orange,059,3164182,60127,56914,1729,58643,1397
2020-10-20,Placer,061,380077,4208,3997,14,4011,56
2020-10-20,Plumas,063,18699,66,53,0,53,0
2020-10-20,Riverside,065,2383286,66200,64452,293,64745,1275
2020-10-20,Sacramento,067,1510023,25208,24767,19,24786,485
2020-10-20,San Benito,069,59416,1421,1398,1,1399,14
2020-10-20,San Bernardino,071,2135413,62369,59571,418,59989,1109
2020-10-20,San Diego,073,3302833,55138,53004,1447,54451,857
2020-10-20,San Francisco,075,870044,12120,12013,44,12057,126
2020-10-20,San Joaquin,077,732212,21613,21173,176,21349,490
2020-10-20,San Luis Obispo,079,281455,4217,4043,22,4065,31
2020-10-20,San Mateo,081,765935,11212,10659,8,10667,155
2020-10-20,Santa Barbara,083,443738,10475,9664,81,9745,121
2020-10-20,Santa Clara,085,1922200,24744,23406,39,23445,358
2020-10-20,Santa Cruz,087,273765,2787,2710,36,2746,23
2020-10-20,Shasta,089,179085,2052,1747,19,1766,20
2020-10-20,Sierra,091,2930,6,6,0,6,0
2020-10-20,Siskiyou,093,43540,184,168,10,178,0
2020-10-20,Solano,095,438530,7230,7044,41,7085,57
2020-10-20,Sonoma,097,501317,9340,8904,24,8928,135
2020-10-20,Stanislaus,099,539301,17543,17367,733,18100,393
2020-10-20,Sutter,101,95872,1816,1783,1,1784,12
2020-10-20,Tehama,103,63373,868,813,2,815,5
2020-10-20,Trinity,105,12862,56,25,7,32,0
2020-10-20,Tulare,107,460477,17581,17156,323,17479,289
2020-10-20,Tuolumne,109,53932,271,250,3,253,4
2020-10-20,Ventura,111,848112,14620,13980,318,14298,152
2020-10-20,Yolo,113,214977,3196,3083,9,3092,56
2020-10-20,Yuba,115,75493,1223,1191,5,1196,10
2020-10-19,Alameda,001,1643700,23237,22647,224,22871,392
2020-10-19,Alpine,003,1148,4,3,0,3,0
2020-10-19,Amador,005,37829,328,313,0,313,16
2020-10-19,Butte,007,227075,3144,3026,35,3061,55
2020-10-19,Calaveras,009,45235,327,268,0,268,13
2020-10-19,Colusa,011,21464,540,544,1,545,6
2020-10-19,Contra Costa,013,1133247,18667,18173,96,18269,239
2020-10-19,Del Norte,015,27424,169,167,0,167,2
2020-10-19,El Dorado,017,186661,1349,1287,2,1289,4
2020-10-19,Fresno,019,978130,32907,30152,441,30593,431
2020-10-19,Glenn,021,27897,657,635,0,635,3
2020-10-19,Humboldt,023,135768,556,543,1,544,7
2020-10-19,Imperial,025,180216,12669,12036,11,12047,330
2020-10-19,Inyo,027,18085,235,218,1,219,14
2020-10-19,Kern,029,883053,33539,32840,393,33233,428
2020-10-19,Kings,031,150075,8312,8173,55,8228,80
2020-10-19,Lake,033,64148,701,673,0,673,15
2020-10-19,Lassen,035,31185,765,757,2,759,0
2020-10-19,Los Angeles,037,10098052,295922,287119,2730,289849,6858
2020-10-19,Madera,039,155013,4960,4787,35,4822,52
2020-10-19,Marin,041,260295,7057,6981,19,7000,100
2020-10-19,Mariposa,043,17540,78,77,0,77,2
2020-10-19,Mendocino,045,87422,1054,1001,2,1003,21
2020-10-19,Merced,047,269075,9425,9305,28,9333,148
2020-10-19,Modoc,049,8938,31,26,0,26,0
2020-10-19,Mono,051,14174,182,156,4,160,1
2020-10-19,Monterey,053,433212,11166,10907,48,10955,80
2020-10-19,Napa,055,140530,1967,1892,5,1897,12
2020-10-19,Nevada,057,99092,617,590,16,606,8
2020-10-19,Orange,059,3164182,59841,56652,1715,58367,1396
2020-10-19,Placer,061,380077,4160,3962,14,3976,49
2020-10-19,Plumas,063,18699,64,52,0,52,0
2020-10-19,Riverside,065,2383286,65769,64016,277,64293,1272
2020-10-19,Sacramento,067,1510023,25069,24542,19,24561,483
2020-10-19,San Benito,069,59416,1414,1395,1,1396,14
2020-10-19,San Bernardino,071,2135413,61919,59265,406,59671,1100
2020-10-19,San Diego,073,3302833,54752,52739,1422,54161,853
2020-10-19,San Francisco,075,870044,12076,11879,44,11923,126
2020-10-19,San Joaquin,077,732212,21538,20930,168,21098,489
2020-10-19,San Luis Obispo,079,281455,4201,4016,22,4038,31
2020-10-19,San Mateo,081,765935,11166,10568,8,10576,154
2020-10-19,Santa Barbara,083,443738,10440,9632,81,9713,121
2020-10-19,Santa Clara,085,1922200,24593,23301,39,23340,352
2020-10-19,Santa Cruz,087,273765,2770,2705,36,2741,19
2020-10-19,Shasta,089,179085,2008,1709,18,1727,20
2020-10-19,Sierra,091,2930,6,6,0,6,0
2020-10-19,Siskiyou,093,43540,177,167,10,177,0
2020-10-19,Solano,095,438530,7189,7003,41,7044,57
2020-10-19,Sonoma,097,501317,9253,8830,24,8854,135
2020-10-19,Stanislaus,099,539301,17492,17342,723,18065,390
2020-10-19,Sutter,101,95872,1811,1773,1,1774,12
2020-10-19,Tehama,103,63373,865,793,2,795,5
2020-10-19,Trinity,105,12862,54,23,7,30,0
2020-10-19,Tulare,107,460477,17532,17047,315,17362,291
2020-10-19,Tuolumne,109,53932,269,247,3,250,4
2020-10-19,Ventura,111,848112,14554,13930,315,14245,152
2020-10-19,Yolo,113,214977,3183,3069,9,3078,56
2020-10-19,Yuba,115,75493,1216,1183,5,1188,10
2020-10-18,Alameda,001,1643700,23133,22546,223,22769,392
2020-10-18,Alpine,003,1148,4,3,0,3,0
2020-10-18,Amador,005,37829,316,313,0,313,16
2020-10-18,Butte,007,227075,3131,3019,35,3054,55
2020-10-18,Calaveras,009,45235,326,267,0,267,13
2020-10-18,Colusa,011,21464,538,544,1,545,6
2020-10-18,Contra Costa,013,1133247,18568,18120,96,18216,237
2020-10-18,Del Norte,015,27424,169,167,0,167,2
2020-10-18,El Dorado,017,186661,1340,1283,2,1285,4
2020-10-18,Fresno,019,978130,32780,30051,433,30484,430
2020-10-18,Glenn,021,27897,655,634,0,634,3
2020-10-18,Humboldt,023,135768,553,540,1,541,7
2020-10-18,Imperial,025,180216,12607,11987,10,11997,330
2020-10-18,Inyo,027,18085,232,215,1,216,14
2020-10-18,Kern,029,883053,33466,32799,386,33185,428
2020-10-18,Kings,031,150075,8297,8159,55,8214,80
2020-10-18,Lake,033,64148,694,670,0,670,15
2020-10-18,Lassen,035,31185,765,757,2,759,0
2020-10-18,Los Angeles,037,10098052,294216,286187,2685,288872,6857
2020-10-18,Madera,039,155013,4935,4770,34,4804,52
2020-10-18,Marin,041,260295,7036,6969,19,6988,99
2020-10-18,Mariposa,043,17540,78,77,0,77,2
2020-10-18,Mendocino,045,87422,1052,988,2,990,21
2020-10-18,Merced,047,269075,9390,9292,28,9320,148
2020-10-18,Modoc,049,8938,30,26,0,26,0
2020-10-18,Mono,051,14174,177,155,4,159,1
2020-10-18,Monterey,053,433212,11114,10872,47,10919,80
2020-10-18,Napa,055,140530,1954,1882,5,1887,12
2020-10-18,Nevada,057,99092,611,582,16,598,8
2020-10-18,Orange,059,3164182,59543,56394,1699,58093,1396
2020-10-18,Placer,061,380077,4112,3938,14,3952,49
2020-10-18,Plumas,063,18699,62,52,0,52,0
2020-10-18,Riverside,065,2383286,65457,63765,256,64021,1270
2020-10-18,Sacramento,067,1510023,24914,24425,19,24444,482
2020-10-18,San Benito,069,59416,1407,1395,1,1396,14
2020-10-18,San Bernardino,071,2135413,61420,58893,398,59291,1098
2020-10-18,San Diego,073,3302833,54363,52359,1401,53760,853
2020-10-18,San Francisco,075,870044,12037,11878,44,11922,126
2020-10-18,San Joaquin,077,732212,21456,20931,155,21086,489
2020-10-18,San Luis Obispo,079,281455,4170,4009,20,4029,31
2020-10-18,San Mateo,081,765935,11107,10503,8,10511,154
2020-10-18,Santa Barbara,083,443738,10401,9608,80,9688,121
2020-10-18,Santa Clara,085,1922200,24419,23169,39,23208,352
2020-10-18,Santa Cruz,087,273765,2756,2692,36,2728,19
2020-10-18,Shasta,089,179085,1983,1708,18,1726,20
2020-10-18,Sierra,091,2930,6,6,0,6,0
2020-10-18,Siskiyou,093,43540,177,167,10,177,0
2020-10-18,Solano,095,438530,7142,6962,41,7003,57
2020-10-18,Sonoma,097,501317,9177,8781,22,8803,134
2020-10-18,Stanislaus,099,539301,17436,17290,714,18004,390
2020-10-18,Sutter,101,95872,1802,1764,1,1765,12
2020-10-18,Tehama,103,63373,833,774,2,776,5
2020-10-18,Trinity,105,12862,54,20,7,27,0
2020-10-18,Tulare,107,460477,17439,17048,305,17353,290
2020-10-18,Tuolumne,109,53932,264,245,3,248,4
2020-10-18,Ventura,111,848112,14475,13901,314,14215,151
2020-10-18,Yolo,113,214977,3144,3059,9,3068,55
2020-10-18,Yuba,115,75493,1205,1176,5,1181,10
2020-10-17,Alameda,001,1643700,23087,22394,221,22615,398
2020-10-17,Alpine,003,1148,4,3,0,3,0
2020-10-17,Amador,005,37829,314,309,0,309,16
2020-10-17,Butte,007,227075,3123,3012,33,3045,55
2020-10-17,Calaveras,009,45235,326,267,0,267,13
2020-10-17,Colusa,011,21464,537,544,1,545,6
2020-10-17,Contra Costa,013,1133247,18515,18005,96,18101,237
2020-10-17,Del Norte,015,27424,169,167,0,167,2
2020-10-17,El Dorado,017,186661,1336,1277,2,1279,4
2020-10-17,Fresno,019,978130,32726,29911,431,30342,430
2020-10-17,Glenn,021,27897,652,633,0,633,3
2020-10-17,Humboldt,023,135768,550,535,1,536,7
2020-10-17,Imperial,025,180216,12579,11962,10,11972,330
2020-10-17,Inyo,027,18085,227,212,1,213,14
2020-10-17,Kern,029,883053,33415,32710,383,33093,428
2020-10-17,Kings,031,150075,8291,8151,54,8205,80
2020-10-17,Lake,033,64148,691,663,0,663,15
2020-10-17,Lassen,035,31185,765,757,2,759,0
2020-10-17,Los Angeles,037,10098052,293463,285858,2658,288516,6844
2020-10-17,Madera,039,155013,4929,4759,34,4793,53
2020-10-17,Marin,041,260295,7033,6958,19,6977,99
2020-10-17,Mariposa,043,17540,77,77,0,77,2
2020-10-17,Mendocino,045,87422,1045,977,2,979,21
2020-10-17,Merced,047,269075,9376,9275,28,9303,148
2020-10-17,Modoc,049,8938,30,26,0,26,0
2020-10-17,Mono,051,14174,176,155,4,159,1
2020-10-17,Monterey,053,433212,11074,10807,46,10853,80
2020-10-17,Napa,055,140530,1947,1866,5,1871,12
2020-10-17,Nevada,057,99092,610,580,16,596,8
2020-10-17,Orange,059,3164182,59401,56197,1691,57888,1396
2020-10-17,Placer,061,380077,4085,3898,14,3912,49
2020-10-17,Plumas,063,18699,62,52,0,52,0
2020-10-17,Riverside,065,2383286,65259,63171,246,63417,1270
2020-10-17,Sacramento,067,1510023,24830,24304,19,24323,482
2020-10-17,San Benito,069,59416,1403,1389,1,1390,14
2020-10-17,San Bernardino,071,2135413,61150,58415,391,58806,1097
2020-10-17,San Diego,073,3302833,54138,51986,1390,53376,853
2020-10-17,San Francisco,075,870044,12009,11877,43,11920,126
2020-10-17,San Joaquin,077,732212,21402,20932,149,21081,489
2020-10-17,San Luis Obispo,079,281455,4155,3979,20,3999,31
2020-10-17,San Mateo,081,765935,11079,10423,8,10431,153
2020-10-17,Santa Barbara,083,443738,10382,9588,78,9666,121
2020-10-17,Santa Clara,085,1922200,24330,22997,39,23036,349
2020-10-17,Santa Cruz,087,273765,2742,2680,36,2716,19
2020-10-17,Shasta,089,179085,1957,1679,18,1697,20
2020-10-17,Sierra,091,2930,6,6,0,6,0
2020-10-17,Siskiyou,093,43540,176,167,10,177,0
2020-10-17,Solano,095,438530,7116,6929,41,6970,57
2020-10-17,Sonoma,097,501317,9134,8725,22,8747,134
2020-10-17,Stanislaus,099,539301,17396,17232,704,17936,390
2020-10-17,Sutter,101,95872,1800,1762,1,1763,12
2020-10-17,Tehama,103,63373,817,764,2,766,5
2020-10-17,Trinity,105,12862,54,20,7,27,0
2020-10-17,Tulare,107,460477,17409,16995,296,17291,290
2020-10-17,Tuolumne,109,53932,264,241,3,244,4
2020-10-17,Ventura,111,848112,14430,13845,311,14156,151
2020-10-17,Yolo,113,214977,3129,3045,7,3052,55
2020-10-17,Yuba,115,75493,1200,1164,5,1169,10
2020-10-16,Alameda,001,1643700,23033,22315,221,22536,397
2020-10-16,Alpine,003,1148,4,3,0,3,0
2020-10-16,Amador,005,37829,314,309,0,309,16
2020-10-16,Butte,007,227075,3112,3004,33,3037,54
2020-10-16,Calaveras,009,45235,326,267,0,267,13
2020-10-16,Colusa,011,21464,536,544,1,545,6
2020-10-16,Contra Costa,013,1133247,18462,17956,96,18052,237
2020-10-16,Del Norte,015,27424,169,166,0,166,2
2020-10-16,El Dorado,017,186661,1330,1273,2,1275,4
2020-10-16,Fresno,019,978130,32651,29796,429,30225,427
2020-10-16,Glenn,021,27897,647,632,0,632,3
2020-10-16,Humboldt,023,135768,550,533,1,534,7
2020-10-16,Imperial,025,180216,12539,11885,10,11895,330
2020-10-16,Inyo,027,18085,223,212,1,213,14
2020-10-16,Kern,029,883053,33372,32660,381,33041,428
2020-10-16,Kings,031,150075,8282,8146,53,8199,80
2020-10-16,Lake,033,64148,689,644,0,644,14
2020-10-16,Lassen,035,31185,765,757,2,759,0
2020-10-16,Los Angeles,037,10098052,292401,284988,2636,287624,6835
2020-10-16,Madera,039,155013,4917,4736,33,4769,53
2020-10-16,Marin,041,260295,7023,6933,19,6952,99
2020-10-16,Mariposa,043,17540,77,76,0,76,2
2020-10-16,Mendocino,045,87422,1038,974,2,976,21
2020-10-16,Merced,047,269075,9359,9246,28,9274,148
2020-10-16,Modoc,049,8938,30,26,0,26,0
2020-10-16,Mono,051,14174,174,155,4,159,1
2020-10-16,Monterey,053,433212,11040,10727,46,10773,79
2020-10-16,Napa,055,140530,1938,1855,5,1860,12
2020-10-16,Nevada,057,99092,608,579,16,595,8
2020-10-16,Orange,059,3164182,59224,56091,1685,57776,1388
2020-10-16,Placer,061,380077,4065,3864,14,3878,49
2020-10-16,Plumas,063,18699,61,52,0,52,0
2020-10-16,Riverside,065,2383286,65034,62986,245,63231,1267
2020-10-16,Sacramento,067,1510023,24736,24144,19,24163,479
2020-10-16,San Benito,069,59416,1400,1388,1,1389,14
2020-10-16,San Bernardino,071,2135413,60881,58233,391,58624,1069
2020-10-16,San Diego,073,3302833,53896,51785,1376,53161,850
2020-10-16,San Francisco,075,870044,11987,11840,42,11882,126
2020-10-16,San Joaquin,077,732212,21357,20910,148,21058,489
2020-10-16,San Luis Obispo,079,281455,4141,3952,20,3972,32
2020-10-16,San Mateo,081,765935,11054,10405,8,10413,153
2020-10-16,Santa Barbara,083,443738,10364,9549,78,9627,119
2020-10-16,Santa Clara,085,1922200,24244,22920,39,22959,345
2020-10-16,Santa Cruz,087,273765,2729,2666,36,2702,20
2020-10-16,Shasta,089,179085,1935,1660,18,1678,20
2020-10-16,Sierra,091,2930,6,6,0,6,0
2020-10-16,Siskiyou,093,43540,174,167,10,177,0
2020-10-16,Solano,095,438530,7093,6879,41,6920,55
2020-10-16,Sonoma,097,501317,9078,8652,22,8674,133
2020-10-16,Stanislaus,099,539301,17363,17201,695,17896,366
2020-10-16,Sutter,101,95872,1792,1756,1,1757,12
2020-10-16,Tehama,103,63373,816,737,2,739,3
2020-10-16,Trinity,105,12862,54,20,7,27,0
2020-10-16,Tulare,107,460477,17377,16965,288,17253,290
2020-10-16,Tuolumne,109,53932,261,237,3,240,4
2020-10-16,Ventura,111,848112,14387,13805,306,14111,152
2020-10-16,Yolo,113,214977,3120,3030,7,3037,55
2020-10-16,Yuba,115,75493,1200,1155,5,1160,10
2020-10-15,Alameda,001,1643700,22965,22267,220,22487,390
2020-10-15,Alpine,003,1148,4,3,0,3,0
2020-10-15,Amador,005,37829,314,309,0,309,16
2020-10-15,Butte,007,227075,3100,3000,32,3032,54
2020-10-15,Calaveras,009,45235,325,267,0,267,13
2020-10-15,Colusa,011,21464,535,543,1,544,6
2020-10-15,Contra Costa,013,1133247,18395,17893,95,17988,237
2020-10-15,Del Norte,015,27424,169,164,0,164,2
2020-10-15,El Dorado,017,186661,1325,1265,2,1267,4
2020-10-15,Fresno,019,978130,32554,29727,426,30153,425
2020-10-15,Glenn,021,27897,642,632,0,632,3
2020-10-15,Humboldt,023,135768,546,531,1,532,7
2020-10-15,Imperial,025,180216,12498,11820,9,11829,330
2020-10-15,Inyo,027,18085,223,210,1,211,14
2020-10-15,Kern,029,883053,33291,32593,378,32971,427
2020-10-15,Kings,031,150075,8267,8134,53,8187,80
2020-10-15,Lake,033,64148,687,642,0,642,14
2020-10-15,Lassen,035,31185,764,752,2,754,0
2020-10-15,Los Angeles,037,10098052,291120,284019,2599,286618,6807
2020-10-15,Madera,039,155013,4905,4723,32,4755,50
2020-10-15,Marin,041,260295,7015,6912,19,6931,99
2020-10-15,Mariposa,043,17540,77,76,0,76,2
2020-10-15,Mendocino,045,87422,1033,963,2,965,21
2020-10-15,Merced,047,269075,9332,9213,28,9241,147
2020-10-15,Modoc,049,8938,30,26,0,26,0
2020-10-15,Mono,051,14174,174,155,4,159,1
2020-10-15,Monterey,053,433212,10973,10677,45,10722,79
2020-10-15,Napa,055,140530,1925,1842,5,1847,12
2020-10-15,Nevada,057,99092,604,575,16,591,8
2020-10-15,Orange,059,3164182,59008,55952,1673,57625,1379
2020-10-15,Placer,061,380077,4037,3848,14,3862,48
2020-10-15,Plumas,063,18699,58,52,0,52,0
2020-10-15,Riverside,065,2383286,64703,62819,242,63061,1266
2020-10-15,Sacramento,067,1510023,24620,24068,19,24087,474
2020-10-15,San Benito,069,59416,1397,1384,1,1385,14
2020-10-15,San Bernardino,071,2135413,60542,58068,388,58456,1067
2020-10-15,San Diego,073,3302833,53612,51472,1360,52832,847
2020-10-15,San Francisco,075,870044,11959,11808,39,11847,126
2020-10-15,San Joaquin,077,732212,21284,20880,142,21022,487
2020-10-15,San Luis Obispo,079,281455,4126,3934,20,3954,32
2020-10-15,San Mateo,081,765935,11014,10340,8,10348,152
2020-10-15,Santa Barbara,083,443738,10340,9526,77,9603,117
2020-10-15,Santa Clara,085,1922200,24128,22808,39,22847,343
2020-10-15,Santa Cruz,087,273765,2715,2656,36,2692,13
2020-10-15,Shasta,089,179085,1924,1635,18,1653,20
2020-10-15,Sierra,091,2930,6,6,0,6,0
2020-10-15,Siskiyou,093,43540,170,166,10,176,0
2020-10-15,Solano,095,438530,7054,6830,41,6871,55
2020-10-15,Sonoma,097,501317,8986,8571,22,8593,133
2020-10-15,Stanislaus,099,539301,17325,17151,681,17832,366
2020-10-15,Sutter,101,95872,1789,1752,1,1753,12
2020-10-15,Tehama,103,63373,789,726,2,728,3
2020-10-15,Trinity,105,12862,54,20,7,27,0
2020-10-15,Tulare,107,460477,17317,16918,272,17190,289
2020-10-15,Tuolumne,109,53932,259,236,3,239,4
2020-10-15,Ventura,111,848112,14331,13750,301,14051,152
2020-10-15,Yolo,113,214977,3100,3014,7,3021,55
2020-10-15,Yuba,115,75493,1193,1151,5,1156,10
2020-10-14,Alameda,001,1643700,22866,22227,219,22446,398
2020-10-14,Alpine,003,1148,4,3,0,3,0
2020-10-14,Amador,005,37829,312,308,0,308,16
2020-10-14,Butte,007,227075,3092,2995,32,3027,54
2020-10-14,Calaveras,009,45235,325,266,0,266,12
2020-10-14,Colusa,011,21464,535,543,1,544,6
2020-10-14,Contra Costa,013,1133247,18338,17820,93,17913,236
2020-10-14,Del Norte,015,27424,168,163,0,163,2
2020-10-14,El Dorado,017,186661,1319,1264,2,1266,4
2020-10-14,Fresno,019,978130,32441,29650,419,30069,424
2020-10-14,Glenn,021,27897,641,629,0,629,3
2020-10-14,Humboldt,023,135768,543,531,1,532,7
2020-10-14,Imperial,025,180216,12461,11765,8,11773,330
2020-10-14,Inyo,027,18085,222,209,1,210,14
2020-10-14,Kern,029,883053,33216,32528,376,32904,425
2020-10-14,Kings,031,150075,8250,8118,52,8170,80
2020-10-14,Lake,033,64148,686,642,0,642,14
2020-10-14,Lassen,035,31185,762,752,2,754,0
2020-10-14,Los Angeles,037,10098052,289807,282918,2555,285473,6786
2020-10-14,Madera,039,155013,4890,4713,31,4744,50
2020-10-14,Marin,041,260295,7009,6907,19,6926,99
2020-10-14,Mariposa,043,17540,76,76,0,76,2
2020-10-14,Mendocino,045,87422,1027,955,2,957,21
2020-10-14,Merced,047,269075,9307,9201,26,9227,147
2020-10-14,Modoc,049,8938,30,27,0,27,0
2020-10-14,Mono,051,14174,174,155,4,159,1
2020-10-14,Monterey,053,433212,10922,10616,45,10661,78
2020-10-14,Napa,055,140530,1908,1837,5,1842,12
2020-10-14,Nevada,057,99092,602,573,16,589,7
2020-10-14,Orange,059,3164182,58795,55756,1664,57420,1348
2020-10-14,Placer,061,380077,4014,3829,14,3843,48
2020-10-14,Plumas,063,18699,54,52,0,52,0
2020-10-14,Riverside,065,2383286,64420,62607,241,62848,1261
2020-10-14,Sacramento,067,1510023,24476,24013,19,24032,472
2020-10-14,San Benito,069,59416,1395,1381,0,1381,14
2020-10-14,San Bernardino,071,2135413,60216,57774,385,58159,1063
2020-10-14,San Diego,073,3302833,53293,51329,1336,52665,844
2020-10-14,San Francisco,075,870044,11927,11783,38,11821,123
2020-10-14,San Joaquin,077,732212,21205,20845,128,20973,487
2020-10-14,San Luis Obispo,079,281455,4103,3901,19,3920,32
2020-10-14,San Mateo,081,765935,10963,10309,8,10317,132
2020-10-14,Santa Barbara,083,443738,10305,9509,77,9586,117
2020-10-14,Santa Clara,085,1922200,23980,22735,39,22774,343
2020-10-14,Santa Cruz,087,273765,2705,2618,36,2654,13
2020-10-14,Shasta,089,179085,1886,1553,18,1571,20
2020-10-14,Sierra,091,2930,6,6,0,6,0
2020-10-14,Siskiyou,093,43540,170,166,10,176,0
2020-10-14,Solano,095,438530,6998,6786,41,6827,55
2020-10-14,Sonoma,097,501317,8933,8514,22,8536,133
2020-10-14,Stanislaus,099,539301,17280,17105,678,17783,365
2020-10-14,Sutter,101,95872,1780,1747,1,1748,12
2020-10-14,Tehama,103,63373,778,721,2,723,3
2020-10-14,Trinity,105,12862,53,20,7,27,0
2020-10-14,Tulare,107,460477,17255,16863,259,17122,287
2020-10-14,Tuolumne,109,53932,258,236,3,239,4
2020-10-14,Ventura,111,848112,14278,13697,297,13994,152
2020-10-14,Yolo,113,214977,3082,3007,7,3014,55
2020-10-14,Yuba,115,75493,1185,1147,5,1152,10
2020-10-13,Alameda,001,1643700,22762,22185,217,22402,389
2020-10-13,Alpine,003,1148,4,3,0,3,0
2020-10-13,Amador,005,37829,310,306,0,306,16
2020-10-13,Butte,007,227075,3083,2992,32,3024,54
2020-10-13,Calaveras,009,45235,321,262,0,262,12
2020-10-13,Colusa,011,21464,535,541,1,542,6
2020-10-13,Contra Costa,013,1133247,18280,17783,93,17876,234
2020-10-13,Del Norte,015,27424,168,163,0,163,2
2020-10-13,El Dorado,017,186661,1310,1262,2,1264,4
2020-10-13,Fresno,019,978130,32320,29579,415,29994,424
2020-10-13,Glenn,021,27897,640,629,0,629,3
2020-10-13,Humboldt,023,135768,541,523,1,524,7
2020-10-13,Imperial,025,180216,12426,11727,8,11735,327
2020-10-13,Inyo,027,18085,219,207,1,208,14
2020-10-13,Kern,029,883053,33141,32497,374,32871,419
2020-10-13,Kings,031,150075,8241,8111,52,8163,80
2020-10-13,Lake,033,64148,683,639,0,639,12
2020-10-13,Lassen,035,31185,760,752,2,754,0
2020-10-13,Los Angeles,037,10098052,288531,281716,2512,284228,6767
2020-10-13,Madera,039,155013,4872,4700,31,4731,50
2020-10-13,Marin,041,260295,6987,6900,18,6918,97
2020-10-13,Mariposa,043,17540,76,76,0,76,2
2020-10-13,Mendocino,045,87422,1018,950,2,952,21
2020-10-13,Merced,047,269075,9290,9181,26,9207,146
2020-10-13,Modoc,049,8938,29,28,0,28,0
2020-10-13,Mono,051,14174,174,155,3,158,1
2020-10-13,Monterey,053,433212,10861,10574,44,10618,78
2020-10-13,Napa,055,140530,1899,1825,5,1830,12
2020-10-13,Nevada,057,99092,596,572,16,588,7
2020-10-13,Orange,059,3164182,58583,55515,1650,57165,1326
2020-10-13,Placer,061,380077,3977,3825,14,3839,48
2020-10-13,Plumas,063,18699,52,51,0,51,0
2020-10-13,Riverside,065,2383286,64100,62279,239,62518,1254
2020-10-13,Sacramento,067,1510023,24399,23930,19,23949,466
2020-10-13,San Benito,069,59416,1387,1380,0,1380,14
2020-10-13,San Bernardino,071,2135413,59876,57411,383,57794,1061
2020-10-13,San Diego,073,3302833,53000,51026,1319,52345,840
2020-10-13,San Francisco,075,870044,11892,11659,38,11697,122
2020-10-13,San Joaquin,077,732212,21143,20822,124,20946,481
2020-10-13,San Luis Obispo,079,281455,4092,3892,18,3910,32
2020-10-13,San Mateo,081,765935,10920,10286,8,10294,130
2020-10-13,Santa Barbara,083,443738,10274,9489,77,9566,117
2020-10-13,Santa Clara,085,1922200,23853,22678,39,22717,343
2020-10-13,Santa Cruz,087,273765,2687,2603,36,2639,13
2020-10-13,Shasta,089,179085,1862,1606,18,1624,20
2020-10-13,Sierra,091,2930,6,6,0,6,0
2020-10-13,Siskiyou,093,43540,169,163,10,173,0
2020-10-13,Solano,095,438530,6963,6761,41,6802,55
2020-10-13,Sonoma,097,501317,8850,8456,22,8478,133
2020-10-13,Stanislaus,099,539301,17235,17082,673,17755,362
2020-10-13,Sutter,101,95872,1771,1748,1,1749,12
2020-10-13,Tehama,103,63373,770,717,2,719,3
2020-10-13,Trinity,105,12862,49,19,6,25,0
2020-10-13,Tulare,107,460477,17196,16822,251,17073,286
2020-10-13,Tuolumne,109,53932,256,235,3,238,4
2020-10-13,Ventura,111,848112,14224,13645,292,13937,151
2020-10-13,Yolo,113,214977,3074,2983,6,2989,55
2020-10-13,Yuba,115,75493,1180,1143,5,1148,10
2020-10-12,Alameda,001,1643700,22682,22126,216,22342,389
2020-10-12,Alpine,003,1148,4,3,0,3,0
2020-10-12,Amador,005,37829,309,305,0,305,16
2020-10-12,Butte,007,227075,3077,2975,32,3007,54
2020-10-12,Calaveras,009,45235,321,262,0,262,12
2020-10-12,Colusa,011,21464,535,541,1,542,6
2020-10-12,Contra Costa,013,1133247,18205,17728,93,17821,233
2020-10-12,Del Norte,015,27424,168,161,0,161,2
2020-10-12,El Dorado,017,186661,1307,1254,2,1256,4
2020-10-12,Fresno,019,978130,32188,29523,411,29934,421
2020-10-12,Glenn,021,27897,639,626,0,626,3
2020-10-12,Humboldt,023,135768,538,522,1,523,7
2020-10-12,Imperial,025,180216,12387,11689,8,11697,328
2020-10-12,Inyo,027,18085,216,201,1,202,14
2020-10-12,Kern,029,883053,33048,32425,371,32796,419
2020-10-12,Kings,031,150075,8235,8106,51,8157,80
2020-10-12,Lake,033,64148,677,633,0,633,12
2020-10-12,Lassen,035,31185,760,752,2,754,0
2020-10-12,Los Angeles,037,10098052,287315,280961,2483,283444,6747
2020-10-12,Madera,039,155013,4853,4689,31,4720,50
2020-10-12,Marin,041,260295,6970,6886,18,6904,97
2020-10-12,Mariposa,043,17540,76,76,0,76,2
2020-10-12,Mendocino,045,87422,1012,947,2,949,21
2020-10-12,Merced,047,269075,9269,9141,26,9167,146
2020-10-12,Modoc,049,8938,29,27,0,27,0
2020-10-12,Mono,051,14174,174,154,3,157,1
2020-10-12,Monterey,053,433212,10795,10473,44,10517,77
2020-10-12,Napa,055,140530,1891,1819,5,1824,11
2020-10-12,Nevada,057,99092,592,570,16,586,7
2020-10-12,Orange,059,3164182,58353,55373,1640,57013,1326
2020-10-12,Placer,061,380077,3945,3808,13,3821,48
2020-10-12,Plumas,063,18699,52,51,0,51,0
2020-10-12,Riverside,065,2383286,63788,62279,236,62515,1254
2020-10-12,Sacramento,067,1510023,24293,23807,19,23826,466
2020-10-12,San Benito,069,59416,1384,1376,0,1376,13
2020-10-12,San Bernardino,071,2135413,59502,57235,382,57617,1061
2020-10-12,San Diego,073,3302833,52710,50748,1292,52040,826
2020-10-12,San Francisco,075,870044,11860,11659,38,11697,122
2020-10-12,San Joaquin,077,732212,21080,20701,118,20819,480
2020-10-12,San Luis Obispo,079,281455,4068,3874,18,3892,32
2020-10-12,San Mateo,081,765935,10872,10262,8,10270,130
2020-10-12,Santa Barbara,083,443738,10237,9462,77,9539,117
2020-10-12,Santa Clara,085,1922200,23738,22578,39,22617,343
2020-10-12,Santa Cruz,087,273765,2670,2590,36,2626,13
2020-10-12,Shasta,089,179085,1837,1515,18,1533,20
2020-10-12,Sierra,091,2930,6,6,0,6,0
2020-10-12,Siskiyou,093,43540,168,162,10,172,0
2020-10-12,Solano,095,438530,6924,6742,41,6783,55
2020-10-12,Sonoma,097,501317,8779,8377,22,8399,133
2020-10-12,Stanislaus,099,539301,17186,17051,664,17715,361
2020-10-12,Sutter,101,95872,1763,1741,1,1742,12
2020-10-12,Tehama,103,63373,754,708,2,710,3
2020-10-12,Trinity,105,12862,48,19,6,25,0
2020-10-12,Tulare,107,460477,17144,16742,244,16986,286
2020-10-12,Tuolumne,109,53932,251,234,3,237,4
2020-10-12,Ventura,111,848112,14162,13617,288,13905,151
2020-10-12,Yolo,113,214977,3059,2964,6,2970,55
2020-10-12,Yuba,115,75493,1169,1141,5,1146,10
2020-10-11,Alameda,001,1643700,22592,22057,212,22269,392
2020-10-11,Alpine,003,1148,4,3,0,3,0
2020-10-11,Amador,005,37829,307,305,0,305,16
2020-10-11,Butte,007,227075,3069,2967,31,2998,54
2020-10-11,Calaveras,009,45235,319,262,0,262,12
2020-10-11,Colusa,011,21464,533,541,1,542,6
2020-10-11,Contra Costa,013,1133247,18123,17678,93,17771,233
2020-10-11,Del Norte,015,27424,166,161,0,161,2
2020-10-11,El Dorado,017,186661,1298,1242,2,1244,4
2020-10-11,Fresno,019,978130,32050,29419,403,29822,421
2020-10-11,Glenn,021,27897,637,625,0,625,3
2020-10-11,Humboldt,023,135768,537,521,1,522,7
2020-10-11,Imperial,025,180216,12327,11614,8,11622,328
2020-10-11,Inyo,027,18085,212,201,1,202,14
2020-10-11,Kern,029,883053,32961,32399,364,32763,418
2020-10-11,Kings,031,150075,8218,8094,50,8144,80
2020-10-11,Lake,033,64148,664,631,0,631,12
2020-10-11,Lassen,035,31185,759,752,2,754,0
2020-10-11,Los Angeles,037,10098052,285878,280190,2441,282631,6745
2020-10-11,Madera,039,155013,4825,4680,30,4710,50
2020-10-11,Marin,041,260295,6961,6870,18,6888,97
2020-10-11,Mariposa,043,17540,76,76,0,76,2
2020-10-11,Mendocino,045,87422,1005,944,2,946,21
2020-10-11,Merced,047,269075,9251,9124,26,9150,146
2020-10-11,Modoc,049,8938,29,27,0,27,0
2020-10-11,Mono,051,14174,174,154,3,157,1
2020-10-11,Monterey,053,433212,10744,10445,42,10487,77
2020-10-11,Napa,055,140530,1875,1811,5,1816,11
2020-10-11,Nevada,057,99092,590,569,16,585,7
2020-10-11,Orange,059,3164182,58122,55202,1633,56835,1326
2020-10-11,Placer,061,380077,3924,3787,13,3800,48
2020-10-11,Plumas,063,18699,52,51,0,51,0
2020-10-11,Riverside,065,2383286,63499,62112,232,62344,1254
2020-10-11,Sacramento,067,1510023,24151,23778,19,23797,466
2020-10-11,San Benito,069,59416,1383,1374,0,1374,13
2020-10-11,San Bernardino,071,2135413,59049,56997,378,57375,1061
2020-10-11,San Diego,073,3302833,52360,50553,1270,51823,826
2020-10-11,San Francisco,075,870044,11817,11659,38,11697,122
2020-10-11,San Joaquin,077,732212,21005,20700,108,20808,480
2020-10-11,San Luis Obispo,079,281455,4051,3874,17,3891,32
2020-10-11,San Mateo,081,765935,10841,10240,8,10248,130
2020-10-11,Santa Barbara,083,443738,10207,9440,76,9516,117
2020-10-11,Santa Clara,085,1922200,23595,22487,38,22525,336
2020-10-11,Santa Cruz,087,273765,2656,2578,36,2614,13
2020-10-11,Shasta,089,179085,1807,1515,17,1532,20
2020-10-11,Sierra,091,2930,6,6,0,6,0
2020-10-11,Siskiyou,093,43540,167,162,10,172,0
2020-10-11,Solano,095,438530,6870,6685,41,6726,53
2020-10-11,Sonoma,097,501317,8722,8319,22,8341,133
2020-10-11,Stanislaus,099,539301,17122,17007,648,17655,360
2020-10-11,Sutter,101,95872,1760,1742,1,1743,12
2020-10-11,Tehama,103,63373,730,702,2,704,3
2020-10-11,Trinity,105,12862,48,19,6,25,0
2020-10-11,Tulare,107,460477,17081,16741,236,16977,286
2020-10-11,Tuolumne,109,53932,247,234,3,237,4
2020-10-11,Ventura,111,848112,14101,13604,283,13887,151
2020-10-11,Yolo,113,214977,3029,2952,6,2958,55
2020-10-11,Yuba,115,75493,1157,1137,5,1142,10
2020-10-10,Alameda,001,1643700,22542,21979,211,22190,398
2020-10-10,Alpine,003,1148,4,3,0,3,0
2020-10-10,Amador,005,37829,306,304,0,304,16
2020-10-10,Butte,007,227075,3064,2962,30,2992,54
2020-10-10,Calaveras,009,45235,318,262,0,262,12
2020-10-10,Colusa,011,21464,533,541,1,542,6
2020-10-10,Contra Costa,013,1133247,18087,17566,92,17658,233
2020-10-10,Del Norte,015,27424,166,161,0,161,2
2020-10-10,El Dorado,017,186661,1296,1240,2,1242,4
2020-10-10,Fresno,019,978130,31987,29286,401,29687,421
2020-10-10,Glenn,021,27897,637,623,0,623,3
2020-10-10,Humboldt,023,135768,534,518,1,519,7
2020-10-10,Imperial,025,180216,12312,11591,8,11599,327
2020-10-10,Inyo,027,18085,209,201,1,202,14
2020-10-10,Kern,029,883053,32924,32338,364,32702,418
2020-10-10,Kings,031,150075,8214,8078,50,8128,80
2020-10-10,Lake,033,64148,663,630,0,630,11
2020-10-10,Lassen,035,31185,759,752,2,754,0
2020-10-10,Los Angeles,037,10098052,285158,279213,2407,281620,6743
2020-10-10,Madera,039,155013,4812,4662,30,4692,50
2020-10-10,Marin,041,260295,6952,6852,18,6870,97
2020-10-10,Mariposa,043,17540,76,76,0,76,2
2020-10-10,Mendocino,045,87422,998,935,2,937,21
2020-10-10,Merced,047,269075,9245,9105,25,9130,146
2020-10-10,Modoc,049,8938,29,27,0,27,0
2020-10-10,Mono,051,14174,174,154,3,157,1
2020-10-10,Monterey,053,433212,10711,10410,42,10452,75
2020-10-10,Napa,055,140530,1868,1804,5,1809,11
2020-10-10,Nevada,057,99092,587,564,16,580,6
2020-10-10,Orange,059,3164182,58001,54965,1628,56593,1324
2020-10-10,Placer,061,380077,3907,3757,13,3770,48
2020-10-10,Plumas,063,18699,52,51,0,51,0
2020-10-10,Riverside,065,2383286,63296,61845,229,62074,1254
2020-10-10,Sacramento,067,1510023,24084,23689,19,23708,466
2020-10-10,San Benito,069,59416,1381,1370,0,1370,13
2020-10-10,San Bernardino,071,2135413,58887,56683,376,57059,1061
2020-10-10,San Diego,073,3302833,52130,50145,1252,51397,825
2020-10-10,San Francisco,075,870044,11796,11663,38,11701,122
2020-10-10,San Joaquin,077,732212,20977,20700,104,20804,481
2020-10-10,San Luis Obispo,079,281455,4031,3832,17,3849,32
2020-10-10,San Mateo,081,765935,10804,10218,8,10226,130
2020-10-10,Santa Barbara,083,443738,10196,9417,76,9493,116
2020-10-10,Santa Clara,085,1922200,23503,22354,38,22392,330
2020-10-10,Santa Cruz,087,273765,2642,2572,36,2608,13
2020-10-10,Shasta,089,179085,1790,1473,17,1490,20
2020-10-10,Sierra,091,2930,6,6,0,6,0
2020-10-10,Siskiyou,093,43540,167,161,10,171,0
2020-10-10,Solano,095,438530,6844,6655,41,6696,53
2020-10-10,Sonoma,097,501317,8702,8235,22,8257,133
2020-10-10,Stanislaus,099,539301,17087,16960,640,17600,360
2020-10-10,Sutter,101,95872,1757,1735,1,1736,12
2020-10-10,Tehama,103,63373,723,693,2,695,3
2020-10-10,Trinity,105,12862,48,19,6,25,0
2020-10-10,Tulare,107,460477,17047,16709,231,16940,286
2020-10-10,Tuolumne,109,53932,247,233,3,236,4
2020-10-10,Ventura,111,848112,14076,13520,283,13803,151
2020-10-10,Yolo,113,214977,3020,2939,6,2945,55
2020-10-10,Yuba,115,75493,1155,1134,5,1139,10
2020-10-09,Alameda,001,1643700,22494,21924,211,22135,399
2020-10-09,Alpine,003,1148,4,3,0,3,0
2020-10-09,Amador,005,37829,306,303,0,303,16
2020-10-09,Butte,007,227075,3061,2956,30,2986,51
2020-10-09,Calaveras,009,45235,316,262,0,262,11
2020-10-09,Colusa,011,21464,533,541,1,542,6
2020-10-09,Contra Costa,013,1133247,18037,17487,92,17579,229
2020-10-09,Del Norte,015,27424,165,161,0,161,2
2020-10-09,El Dorado,017,186661,1292,1234,2,1236,4
2020-10-09,Fresno,019,978130,31914,29208,399,29607,417
2020-10-09,Glenn,021,27897,632,617,0,617,3
2020-10-09,Humboldt,023,135768,532,516,1,517,7
2020-10-09,Imperial,025,180216,12285,11516,8,11524,330
2020-10-09,Inyo,027,18085,206,200,1,201,14
2020-10-09,Kern,029,883053,32881,32237,362,32599,417
2020-10-09,Kings,031,150075,8207,7993,48,8041,80
2020-10-09,Lake,033,64148,653,610,0,610,11
2020-10-09,Lassen,035,31185,759,751,2,753,0
2020-10-09,Los Angeles,037,10098052,284024,278039,2382,280421,6715
2020-10-09,Madera,039,155013,4802,4646,30,4676,50
2020-10-09,Marin,041,260295,6938,6838,18,6856,96
2020-10-09,Mariposa,043,17540,76,76,0,76,2
2020-10-09,Mendocino,045,87422,988,933,2,935,20
2020-10-09,Merced,047,269075,9231,9095,25,9120,145
2020-10-09,Modoc,049,8938,29,27,0,27,0
2020-10-09,Mono,051,14174,174,154,3,157,1
2020-10-09,Monterey,053,433212,10677,10369,42,10411,75
2020-10-09,Napa,055,140530,1858,1795,5,1800,11
2020-10-09,Nevada,057,99092,582,561,16,577,6
2020-10-09,Orange,059,3164182,57831,54746,1623,56369,1305
2020-10-09,Placer,061,380077,3893,3737,13,3750,48
2020-10-09,Plumas,063,18699,52,50,0,50,0
2020-10-09,Riverside,065,2383286,63060,61529,228,61757,1252
2020-10-09,Sacramento,067,1510023,24014,23606,19,23625,457
2020-10-09,San Benito,069,59416,1376,1367,0,1367,13
2020-10-09,San Bernardino,071,2135413,58647,56434,374,56808,1057
2020-10-09,San Diego,073,3302833,51853,49825,1242,51067,821
2020-10-09,San Francisco,075,870044,11766,11620,38,11658,120
2020-10-09,San Joaquin,077,732212,20948,20648,94,20742,481
2020-10-09,San Luis Obispo,079,281455,4012,3810,17,3827,32
2020-10-09,San Mateo,081,765935,10776,10140,8,10148,130
2020-10-09,Santa Barbara,083,443738,10168,9396,76,9472,116
2020-10-09,Santa Clara,085,1922200,23401,22251,37,22288,328
2020-10-09,Santa Cruz,087,273765,2633,2555,36,2591,13
2020-10-09,Shasta,089,179085,1763,1353,16,1369,20
2020-10-09,Sierra,091,2930,6,6,0,6,0
2020-10-09,Siskiyou,093,43540,165,156,10,166,0
2020-10-09,Solano,095,438530,6805,6614,41,6655,53
2020-10-09,Sonoma,097,501317,8648,8133,22,8155,133
2020-10-09,Stanislaus,099,539301,17064,16904,631,17535,362
2020-10-09,Sutter,101,95872,1753,1732,1,1733,12
2020-10-09,Tehama,103,63373,717,682,2,684,3
2020-10-09,Trinity,105,12862,48,25,6,31,0
2020-10-09,Tulare,107,460477,17007,16644,222,16866,286
2020-10-09,Tuolumne,109,53932,244,230,3,233,4
2020-10-09,Ventura,111,848112,14040,13469,280,13749,151
2020-10-09,Yolo,113,214977,3013,2928,6,2934,55
2020-10-09,Yuba,115,75493,1154,1129,5,1134,10
2020-10-08,Alameda,001,1643700,22413,21826,210,22036,395
2020-10-08,Alpine,003,1148,4,3,0,3,0
2020-10-08,Amador,005,37829,305,302,0,302,16
2020-10-08,Butte,007,227075,3051,2935,30,2965,51
2020-10-08,Calaveras,009,45235,315,262,0,262,11
2020-10-08,Colusa,011,21464,533,539,1,540,6
2020-10-08,Contra Costa,013,1133247,17977,17418,91,17509,228
2020-10-08,Del Norte,015,27424,165,151,0,151,2
2020-10-08,El Dorado,017,186661,1291,1230,2,1232,4
2020-10-08,Fresno,019,978130,31809,29111,399,29510,416
2020-10-08,Glenn,021,27897,629,616,0,616,3
2020-10-08,Humboldt,023,135768,528,515,1,516,7
2020-10-08,Imperial,025,180216,12246,11405,8,11413,330
2020-10-08,Inyo,027,18085,203,199,1,200,14
2020-10-08,Kern,029,883053,32823,32169,357,32526,411
2020-10-08,Kings,031,150075,8201,7968,48,8016,80
2020-10-08,Lake,033,64148,648,604,0,604,11
2020-10-08,Lassen,035,31185,754,751,2,753,0
2020-10-08,Los Angeles,037,10098052,282826,276763,2341,279104,6699
2020-10-08,Madera,039,155013,4783,4637,30,4667,50
2020-10-08,Marin,041,260295,6924,6810,18,6828,96
2020-10-08,Mariposa,043,17540,76,76,0,76,2
2020-10-08,Mendocino,045,87422,983,930,2,932,20
2020-10-08,Merced,047,269075,9211,9069,25,9094,144
2020-10-08,Modoc,049,8938,29,27,0,27,0
2020-10-08,Mono,051,14174,174,153,3,156,1
2020-10-08,Monterey,053,433212,10610,10343,42,10385,75
2020-10-08,Napa,055,140530,1843,1779,5,1784,11
2020-10-08,Nevada,057,99092,579,556,16,572,6
2020-10-08,Orange,059,3164182,57638,54523,1611,56134,1293
2020-10-08,Placer,061,380077,3875,3715,13,3728,48
2020-10-08,Plumas,063,18699,52,50,0,50,0
2020-10-08,Riverside,065,2383286,62792,61105,226,61331,1244
2020-10-08,Sacramento,067,1510023,23906,23482,19,23501,454
2020-10-08,San Benito,069,59416,1371,1367,0,1367,13
2020-10-08,San Bernardino,071,2135413,58282,56152,373,56525,1048
2020-10-08,San Diego,073,3302833,51573,49468,1210,50678,819
2020-10-08,San Francisco,075,870044,11729,11608,38,11646,115
2020-10-08,San Joaquin,077,732212,20897,20576,89,20665,478
2020-10-08,San Luis Obispo,079,281455,3996,3785,17,3802,32
2020-10-08,San Mateo,081,765935,10744,10044,8,10052,130
2020-10-08,Santa Barbara,083,443738,10139,9374,76,9450,116
2020-10-08,Santa Clara,085,1922200,23299,22095,37,22132,323
2020-10-08,Santa Cruz,087,273765,2621,2535,36,2571,13
2020-10-08,Shasta,089,179085,1729,1305,16,1321,20
2020-10-08,Sierra,091,2930,6,6,0,6,0
2020-10-08,Siskiyou,093,43540,165,156,10,166,0
2020-10-08,Solano,095,438530,6781,6556,41,6597,53
2020-10-08,Sonoma,097,501317,8582,8063,22,8085,132
2020-10-08,Stanislaus,099,539301,17018,16821,623,17444,360
2020-10-08,Sutter,101,95872,1753,1725,1,1726,12
2020-10-08,Tehama,103,63373,708,676,2,678,3
2020-10-08,Trinity,105,12862,48,25,6,31,0
2020-10-08,Tulare,107,460477,16946,16573,213,16786,283
2020-10-08,Tuolumne,109,53932,243,230,3,233,4
2020-10-08,Ventura,111,848112,13993,13399,277,13676,151
2020-10-08,Yolo,113,214977,2996,2914,6,2920,55
2020-10-08,Yuba,115,75493,1149,1126,5,1131,10
2020-10-07,Alameda,001,1643700,22336,21736,210,21946,395
2020-10-07,Alpine,003,1148,4,3,0,3,0
2020-10-07,Amador,005,37829,305,302,0,302,16
2020-10-07,Butte,007,227075,3039,2927,30,2957,47
2020-10-07,Calaveras,009,45235,313,262,0,262,11
2020-10-07,Colusa,011,21464,532,539,0,539,6
2020-10-07,Contra Costa,013,1133247,17906,17346,90,17436,225
2020-10-07,Del Norte,015,27424,164,149,0,149,2
2020-10-07,El Dorado,017,186661,1283,1219,2,1221,4
2020-10-07,Fresno,019,978130,31688,29069,394,29463,413
2020-10-07,Glenn,021,27897,629,615,0,615,3
2020-10-07,Humboldt,023,135768,525,512,1,513,7
2020-10-07,Imperial,025,180216,12209,11289,8,11297,330
2020-10-07,Inyo,027,18085,203,199,1,200,14
2020-10-07,Kern,029,883053,32750,32068,356,32424,410
2020-10-07,Kings,031,150075,8186,7948,48,7996,80
2020-10-07,Lake,033,64148,647,599,0,599,11
2020-10-07,Lassen,035,31185,754,751,2,753,0
2020-10-07,Los Angeles,037,10098052,281649,275559,2305,277864,6681
2020-10-07,Madera,039,155013,4763,4618,30,4648,50
2020-10-07,Marin,041,260295,6897,6790,18,6808,95
2020-10-07,Mariposa,043,17540,76,75,0,75,2
2020-10-07,Mendocino,045,87422,977,927,2,929,19
2020-10-07,Merced,047,269075,9174,9045,24,9069,144
2020-10-07,Modoc,049,8938,29,27,0,27,0
2020-10-07,Mono,051,14174,173,153,2,155,1
2020-10-07,Monterey,053,433212,10551,10272,42,10314,75
2020-10-07,Napa,055,140530,1830,1774,5,1779,11
2020-10-07,Nevada,057,99092,575,552,16,568,6
2020-10-07,Orange,059,3164182,57419,54332,1601,55933,1277
2020-10-07,Placer,061,380077,3859,3693,13,3706,48
2020-10-07,Plumas,063,18699,52,50,0,50,0
2020-10-07,Riverside,065,2383286,62444,60857,222,61079,1241
2020-10-07,Sacramento,067,1510023,23809,23380,19,23399,452
2020-10-07,San Benito,069,59416,1368,1363,0,1363,13
2020-10-07,San Bernardino,071,2135413,57934,55738,372,56110,1043
2020-10-07,San Diego,073,3302833,51257,49177,1186,50363,813
2020-10-07,San Francisco,075,870044,11694,11551,38,11589,115
2020-10-07,San Joaquin,077,732212,20844,20527,81,20608,478
2020-10-07,San Luis Obispo,079,281455,3966,3749,17,3766,32
2020-10-07,San Mateo,081,765935,10702,9980,8,9988,130
2020-10-07,Santa Barbara,083,443738,10111,9350,75,9425,116
2020-10-07,Santa Clara,085,1922200,23171,21993,37,22030,320
2020-10-07,Santa Cruz,087,273765,2609,2518,36,2554,14
2020-10-07,Shasta,089,179085,1686,1268,16,1284,20
2020-10-07,Sierra,091,2930,6,6,0,6,0
2020-10-07,Siskiyou,093,43540,163,154,10,164,0
2020-10-07,Solano,095,438530,6746,6526,41,6567,53
2020-10-07,Sonoma,097,501317,8506,7993,21,8014,130
2020-10-07,Stanislaus,099,539301,16983,16786,617,17403,357
2020-10-07,Sutter,101,95872,1749,1723,1,1724,12
2020-10-07,Tehama,103,63373,699,666,2,668,3
2020-10-07,Trinity,105,12862,46,25,6,31,0
2020-10-07,Tulare,107,460477,16904,16483,204,16687,282
2020-10-07,Tuolumne,109,53932,243,227,3,230,3
2020-10-07,Ventura,111,848112,13943,13333,271,13604,150
2020-10-07,Yolo,113,214977,2970,2904,6,2910,55
2020-10-07,Yuba,115,75493,1143,1120,5,1125,10
2020-10-06,Alameda,001,1643700,22245,21698,208,21906,385
2020-10-06,Alpine,003,1148,4,3,0,3,0
2020-10-06,Amador,005,37829,303,301,0,301,16
2020-10-06,Butte,007,227075,3032,2925,30,2955,47
2020-10-06,Calaveras,009,45235,313,261,0,261,11
2020-10-06,Colusa,011,21464,531,538,0,538,6
2020-10-06,Contra Costa,013,1133247,17827,17295,90,17385,219
2020-10-06,Del Norte,015,27424,164,144,0,144,2
2020-10-06,El Dorado,017,186661,1279,1211,2,1213,4
2020-10-06,Fresno,019,978130,31546,29022,391,29413,412
2020-10-06,Glenn,021,27897,626,604,0,604,3
2020-10-06,Humboldt,023,135768,522,508,1,509,7
2020-10-06,Imperial,025,180216,12171,11196,8,11204,327
2020-10-06,Inyo,027,18085,201,198,1,199,14
2020-10-06,Kern,029,883053,32673,32006,354,32360,407
2020-10-06,Kings,031,150075,8170,7943,48,7991,81
2020-10-06,Lake,033,64148,641,596,0,596,11
2020-10-06,Lassen,035,31185,754,743,2,745,0
2020-10-06,Los Angeles,037,10098052,280412,274115,2253,276368,6657
2020-10-06,Madera,039,155013,4751,4608,30,4638,50
2020-10-06,Marin,041,260295,6883,6766,18,6784,91
2020-10-06,Mariposa,043,17540,76,75,0,75,2
2020-10-06,Mendocino,045,87422,970,920,2,922,19
2020-10-06,Merced,047,269075,9138,9034,23,9057,143
2020-10-06,Modoc,049,8938,29,26,0,26,0
2020-10-06,Mono,051,14174,173,153,2,155,1
2020-10-06,Monterey,053,433212,10495,10235,41,10276,72
2020-10-06,Napa,055,140530,1824,1770,5,1775,11
2020-10-06,Nevada,057,99092,573,551,16,567,6
2020-10-06,Orange,059,3164182,57204,54203,1592,55795,1273
2020-10-06,Placer,061,380077,3837,3680,13,3693,48
2020-10-06,Plumas,063,18699,52,49,0,49,0
2020-10-06,Riverside,065,2383286,62180,60593,219,60812,1238
2020-10-06,Sacramento,067,1510023,23722,23322,19,23341,442
2020-10-06,San Benito,069,59416,1367,1358,0,1358,12
2020-10-06,San Bernardino,071,2135413,57619,55416,369,55785,1040
2020-10-06,San Diego,073,3302833,50920,48823,1169,49992,806
2020-10-06,San Francisco,075,870044,11668,11513,37,11550,115
2020-10-06,San Joaquin,077,732212,20804,20481,78,20559,477
2020-10-06,San Luis Obispo,079,281455,3931,3723,17,3740,32
2020-10-06,San Mateo,081,765935,10669,9934,8,9942,129
2020-10-06,Santa Barbara,083,443738,10082,9331,74,9405,116
2020-10-06,Santa Clara,085,1922200,23076,21914,37,21951,320
2020-10-06,Santa Cruz,087,273765,2587,2510,36,2546,12
2020-10-06,Shasta,089,179085,1646,1242,16,1258,18
2020-10-06,Sierra,091,2930,6,6,0,6,0
2020-10-06,Siskiyou,093,43540,163,154,10,164,0
2020-10-06,Solano,095,438530,6700,6506,41,6547,52
2020-10-06,Sonoma,097,501317,8414,7895,21,7916,130
2020-10-06,Stanislaus,099,539301,16938,16759,611,17370,354
2020-10-06,Sutter,101,95872,1747,1722,1,1723,12
2020-10-06,Tehama,103,63373,690,660,2,662,3
2020-10-06,Trinity,105,12862,46,25,6,31,0
2020-10-06,Tulare,107,460477,16862,16456,196,16652,280
2020-10-06,Tuolumne,109,53932,242,227,3,230,2
2020-10-06,Ventura,111,848112,13876,13242,266,13508,150
2020-10-06,Yolo,113,214977,2956,2899,6,2905,56
2020-10-06,Yuba,115,75493,1142,1114,5,1119,10
2020-10-05,Alameda,001,1643700,22157,21637,205,21842,383
2020-10-05,Alpine,003,1148,4,2,0,2,0
2020-10-05,Amador,005,37829,303,299,0,299,16
2020-10-05,Butte,007,227075,3022,2910,30,2940,46
2020-10-05,Calaveras,009,45235,313,259,0,259,11
2020-10-05,Colusa,011,21464,531,537,0,537,6
2020-10-05,Contra Costa,013,1133247,17750,17250,90,17340,216
2020-10-05,Del Norte,015,27424,161,142,0,142,2
2020-10-05,El Dorado,017,186661,1275,1202,2,1204,4
2020-10-05,Fresno,019,978130,31429,29136,391,29527,408
2020-10-05,Glenn,021,27897,624,603,0,603,3
2020-10-05,Humboldt,023,135768,521,506,1,507,6
2020-10-05,Imperial,025,180216,12132,11169,8,11177,327
2020-10-05,Inyo,027,18085,201,197,1,198,14
2020-10-05,Kern,029,883053,32593,31933,350,32283,404
2020-10-05,Kings,031,150075,8073,7932,48,7980,80
2020-10-05,Lake,033,64148,637,592,0,592,10
2020-10-05,Lassen,035,31185,753,743,2,745,0
2020-10-05,Los Angeles,037,10098052,279328,273200,2210,275410,6632
2020-10-05,Madera,039,155013,4743,4598,28,4626,50
2020-10-05,Marin,041,260295,6866,6751,18,6769,91
2020-10-05,Mariposa,043,17540,76,75,0,75,2
2020-10-05,Mendocino,045,87422,962,913,2,915,19
2020-10-05,Merced,047,269075,9119,9021,22,9043,143
2020-10-05,Modoc,049,8938,29,26,0,26,0
2020-10-05,Mono,051,14174,173,152,2,154,1
2020-10-05,Monterey,053,433212,10448,10187,41,10228,72
2020-10-05,Napa,055,140530,1814,1760,5,1765,11
2020-10-05,Nevada,057,99092,570,550,15,565,6
2020-10-05,Orange,059,3164182,56988,54103,1579,55682,1271
2020-10-05,Placer,061,380077,3811,3670,13,3683,46
2020-10-05,Plumas,063,18699,51,49,0,49,0
2020-10-05,Riverside,065,2383286,61861,60454,215,60669,1232
2020-10-05,Sacramento,067,1510023,23618,23207,19,23226,438
2020-10-05,San Benito,069,59416,1364,1356,0,1356,12
2020-10-05,San Bernardino,071,2135413,57311,55100,369,55469,1031
2020-10-05,San Diego,073,3302833,50584,48662,1145,49807,803
2020-10-05,San Francisco,075,870044,11629,11476,34,11510,110
2020-10-05,San Joaquin,077,732212,20733,20319,75,20394,476
2020-10-05,San Luis Obispo,079,281455,3904,3710,17,3727,32
2020-10-05,San Mateo,081,765935,10642,9896,8,9904,128
2020-10-05,Santa Barbara,083,443738,10060,9309,74,9383,116
2020-10-05,Santa Clara,085,1922200,22961,21861,37,21898,319
2020-10-05,Santa Cruz,087,273765,2575,2492,36,2528,9
2020-10-05,Shasta,089,179085,1613,1158,16,1174,18
2020-10-05,Sierra,091,2930,6,6,0,6,0
2020-10-05,Siskiyou,093,43540,163,153,10,163,0
2020-10-05,Solano,095,438530,6661,6475,41,6516,52
2020-10-05,Sonoma,097,501317,8322,7817,21,7838,130
2020-10-05,Stanislaus,099,539301,16903,16730,604,17334,351
2020-10-05,Sutter,101,95872,1739,1719,1,1720,12
2020-10-05,Tehama,103,63373,682,642,2,644,3
2020-10-05,Trinity,105,12862,45,22,6,28,0
2020-10-05,Tulare,107,460477,16804,16343,192,16535,278
2020-10-05,Tuolumne,109,53932,239,226,3,229,2
2020-10-05,Ventura,111,848112,13807,13224,245,13469,149
2020-10-05,Yolo,113,214977,2937,2889,6,2895,56
2020-10-05,Yuba,115,75493,1129,1108,5,1113,9
2020-10-04,Alameda,001,1643700,22061,21597,205,21802,383
2020-10-04,Alpine,003,1148,4,2,0,2,0
2020-10-04,Amador,005,37829,301,297,0,297,16
2020-10-04,Butte,007,227075,3008,2903,30,2933,46
2020-10-04,Calaveras,009,45235,313,259,0,259,11
2020-10-04,Colusa,011,21464,530,537,0,537,6
2020-10-04,Contra Costa,013,1133247,17685,17192,90,17282,214
2020-10-04,Del Norte,015,27424,157,142,0,142,2
2020-10-04,El Dorado,017,186661,1271,1196,2,1198,4
2020-10-04,Fresno,019,978130,31306,29065,391,29456,408
2020-10-04,Glenn,021,27897,622,601,0,601,3
2020-10-04,Humboldt,023,135768,520,506,1,507,6
2020-10-04,Imperial,025,180216,12092,11127,8,11135,327
2020-10-04,Inyo,027,18085,198,195,1,196,14
2020-10-04,Kern,029,883053,32519,31906,348,32254,404
2020-10-04,Kings,031,150075,8058,7919,48,7967,80
2020-10-04,Lake,033,64148,623,589,0,589,10
2020-10-04,Lassen,035,31185,753,743,2,745,0
2020-10-04,Los Angeles,037,10098052,277941,272822,2161,274983,6625
2020-10-04,Madera,039,155013,4727,4587,28,4615,50
2020-10-04,Marin,041,260295,6846,6741,18,6759,91
2020-10-04,Mariposa,043,17540,76,75,0,75,2
2020-10-04,Mendocino,045,87422,949,905,2,907,18
2020-10-04,Merced,047,269075,9094,9006,22,9028,140
2020-10-04,Modoc,049,8938,29,26,0,26,0
2020-10-04,Mono,051,14174,172,152,1,153,1
2020-10-04,Monterey,053,433212,10407,10141,40,10181,72
2020-10-04,Napa,055,140530,1802,1759,5,1764,11
2020-10-04,Nevada,057,99092,566,547,14,561,6
2020-10-04,Orange,059,3164182,56752,53966,1570,55536,1270
2020-10-04,Placer,061,380077,3790,3664,13,3677,46
2020-10-04,Plumas,063,18699,51,49,0,49,0
2020-10-04,Riverside,065,2383286,61575,60251,210,60461,1226
2020-10-04,Sacramento,067,1510023,23505,23162,19,23181,438
2020-10-04,San Benito,069,59416,1364,1355,0,1355,12
2020-10-04,San Bernardino,071,2135413,56865,55100,367,55467,1031
2020-10-04,San Diego,073,3302833,50217,48438,1120,49558,803
2020-10-04,San Francisco,075,870044,11597,11474,32,11506,110
2020-10-04,San Joaquin,077,732212,20656,20320,69,20389,476
2020-10-04,San Luis Obispo,079,281455,3879,3688,17,3705,31
2020-10-04,San Mateo,081,765935,10581,9858,8,9866,128
2020-10-04,Santa Barbara,083,443738,10034,9276,72,9348,116
2020-10-04,Santa Clara,085,1922200,22825,21780,37,21817,316
2020-10-04,Santa Cruz,087,273765,2559,2483,36,2519,9
2020-10-04,Shasta,089,179085,1515,1158,15,1173,18
2020-10-04,Sierra,091,2930,6,6,0,6,0
2020-10-04,Siskiyou,093,43540,163,153,10,163,0
2020-10-04,Solano,095,438530,6610,6445,41,6486,52
2020-10-04,Sonoma,097,501317,8234,7794,21,7815,129
2020-10-04,Stanislaus,099,539301,16853,16711,595,17306,351
2020-10-04,Sutter,101,95872,1735,1711,1,1712,11
2020-10-04,Tehama,103,63373,667,637,2,639,3
2020-10-04,Trinity,105,12862,45,21,6,27,0
2020-10-04,Tulare,107,460477,16729,16343,179,16522,278
2020-10-04,Tuolumne,109,53932,237,226,3,229,2
2020-10-04,Ventura,111,848112,13725,13197,228,13425,149
2020-10-04,Yolo,113,214977,2926,2875,6,2881,56
2020-10-04,Yuba,115,75493,1125,1103,5,1108,9
2020-10-03,Alameda,001,1643700,22015,21510,204,21714,386
2020-10-03,Alpine,003,1148,4,2,0,2,0
2020-10-03,Amador,005,37829,300,296,0,296,16
2020-10-03,Butte,007,227075,3002,2894,30,2924,46
2020-10-03,Calaveras,009,45235,313,259,0,259,11
2020-10-03,Colusa,011,21464,529,537,0,537,6
2020-10-03,Contra Costa,013,1133247,17635,17087,88,17175,213
2020-10-03,Del Norte,015,27424,153,142,0,142,2
2020-10-03,El Dorado,017,186661,1264,1188,2,1190,4
2020-10-03,Fresno,019,978130,31246,28975,390,29365,408
2020-10-03,Glenn,021,27897,620,601,0,601,3
2020-10-03,Humboldt,023,135768,519,504,1,505,6
2020-10-03,Imperial,025,180216,12069,11090,8,11098,327
2020-10-03,Inyo,027,18085,198,194,1,195,14
2020-10-03,Kern,029,883053,32468,31864,345,32209,403
2020-10-03,Kings,031,150075,8054,7887,48,7935,80
2020-10-03,Lake,033,64148,613,588,0,588,10
2020-10-03,Lassen,035,31185,753,743,2,745,0
2020-10-03,Los Angeles,037,10098052,277235,271869,2131,274000,6620
2020-10-03,Madera,039,155013,4710,4565,28,4593,50
2020-10-03,Marin,041,260295,6840,6728,18,6746,91
2020-10-03,Mariposa,043,17540,76,75,0,75,2
2020-10-03,Mendocino,045,87422,947,898,2,900,18
2020-10-03,Merced,047,269075,9081,8986,22,9008,139
2020-10-03,Modoc,049,8938,29,26,0,26,0
2020-10-03,Mono,051,14174,171,152,1,153,1
2020-10-03,Monterey,053,433212,10373,10092,37,10129,72
2020-10-03,Napa,055,140530,1798,1752,5,1757,11
2020-10-03,Nevada,057,99092,564,544,14,558,6
2020-10-03,Orange,059,3164182,56635,53573,1565,55138,1268
2020-10-03,Placer,061,380077,3779,3648,13,3661,47
2020-10-03,Plumas,063,18699,51,48,0,48,0
2020-10-03,Riverside,065,2383286,61421,59991,209,60200,1226
2020-10-03,Sacramento,067,1510023,23454,23076,19,23095,437
2020-10-03,San Benito,069,59416,1364,1351,0,1351,12
2020-10-03,San Bernardino,071,2135413,56692,55004,364,55368,1031
2020-10-03,San Diego,073,3302833,49986,48202,1103,49305,798
2020-10-03,San Francisco,075,870044,11572,11475,30,11505,110
2020-10-03,San Joaquin,077,732212,20630,20322,69,20391,476
2020-10-03,San Luis Obispo,079,281455,3855,3670,17,3687,31
2020-10-03,San Mateo,081,765935,10555,9822,7,9829,128
2020-10-03,Santa Barbara,083,443738,10021,9256,72,9328,116
2020-10-03,Santa Clara,085,1922200,22745,21672,37,21709,309
2020-10-03,Santa Cruz,087,273765,2551,2476,36,2512,9
2020-10-03,Shasta,089,179085,1487,1117,14,1131,18
2020-10-03,Sierra,091,2930,6,6,0,6,0
2020-10-03,Siskiyou,093,43540,163,152,10,162,0
2020-10-03,Solano,095,438530,6584,6419,41,6460,52
2020-10-03,Sonoma,097,501317,8191,7747,21,7768,129
2020-10-03,Stanislaus,099,539301,16820,16645,591,17236,351
2020-10-03,Sutter,101,95872,1731,1705,1,1706,11
2020-10-03,Tehama,103,63373,661,630,2,632,3
2020-10-03,Trinity,105,12862,45,15,6,21,0
2020-10-03,Tulare,107,460477,16687,16322,174,16496,278
2020-10-03,Tuolumne,109,53932,236,224,3,227,2
2020-10-03,Ventura,111,848112,13686,13150,224,13374,148
2020-10-03,Yolo,113,214977,2919,2863,6,2869,56
2020-10-03,Yuba,115,75493,1117,1097,5,1102,8
2020-10-02,Alameda,001,1643700,21960,21404,203,21607,382
2020-10-02,Alpine,003,1148,4,2,0,2,0
2020-10-02,Amador,005,37829,299,296,0,296,16
2020-10-02,Butte,007,227075,2992,2879,30,2909,46
2020-10-02,Calaveras,009,45235,312,259,0,259,11
2020-10-02,Colusa,011,21464,528,537,0,537,6
2020-10-02,Contra Costa,013,1133247,17592,17002,87,17089,213
2020-10-02,Del Norte,015,27424,152,141,0,141,2
2020-10-02,El Dorado,017,186661,1257,1168,2,1170,4
2020-10-02,Fresno,019,978130,31163,28855,390,29245,403
2020-10-02,Glenn,021,27897,615,594,0,594,3
2020-10-02,Humboldt,023,135768,518,503,1,504,6
2020-10-02,Imperial,025,180216,12047,11024,8,11032,327
2020-10-02,Inyo,027,18085,196,191,1,192,14
2020-10-02,Kern,029,883053,32416,31790,343,32133,399
2020-10-02,Kings,031,150075,8045,7716,48,7764,79
2020-10-02,Lake,033,64148,607,579,0,579,10
2020-10-02,Lassen,035,31185,753,742,2,744,0
2020-10-02,Los Angeles,037,10098052,276334,270935,2103,273038,6602
2020-10-02,Madera,039,155013,4701,4537,28,4565,49
2020-10-02,Marin,041,260295,6823,6717,18,6735,91
2020-10-02,Mariposa,043,17540,76,75,0,75,2
2020-10-02,Mendocino,045,87422,943,883,2,885,18
2020-10-02,Merced,047,269075,9071,8961,22,8983,139
2020-10-02,Modoc,049,8938,29,26,0,26,0
2020-10-02,Mono,051,14174,171,150,1,151,1
2020-10-02,Monterey,053,433212,10339,9997,37,10034,71
2020-10-02,Napa,055,140530,1792,1737,5,1742,11
2020-10-02,Nevada,057,99092,561,543,14,557,6
2020-10-02,Orange,059,3164182,56504,53299,1558,54857,1262
2020-10-02,Placer,061,380077,3759,3612,13,3625,46
2020-10-02,Plumas,063,18699,51,48,0,48,0
2020-10-02,Riverside,065,2383286,61200,59673,206,59879,1223
2020-10-02,Sacramento,067,1510023,23389,22818,19,22837,436
2020-10-02,San Benito,069,59416,1360,1347,0,1347,12
2020-10-02,San Bernardino,071,2135413,56505,54613,364,54977,1028
2020-10-02,San Diego,073,3302833,49733,47793,1088,48881,794
2020-10-02,San Francisco,075,870044,11549,11398,30,11428,110
2020-10-02,San Joaquin,077,732212,20597,20235,67,20302,474
2020-10-02,San Luis Obispo,079,281455,3832,3654,17,3671,31
2020-10-02,San Mateo,081,765935,10514,9745,7,9752,128
2020-10-02,Santa Barbara,083,443738,9999,9234,72,9306,116
2020-10-02,Santa Clara,085,1922200,22662,21545,37,21582,305
2020-10-02,Santa Cruz,087,273765,2534,2463,36,2499,9
2020-10-02,Shasta,089,179085,1452,1046,14,1060,18
2020-10-02,Sierra,091,2930,6,6,0,6,0
2020-10-02,Siskiyou,093,43540,163,151,10,161,0
2020-10-02,Solano,095,438530,6554,6385,41,6426,52
2020-10-02,Sonoma,097,501317,8134,7662,21,7683,125
2020-10-02,Stanislaus,099,539301,16779,16609,582,17191,349
2020-10-02,Sutter,101,95872,1730,1693,1,1694,11
2020-10-02,Tehama,103,63373,656,619,2,621,3
2020-10-02,Trinity,105,12862,45,15,6,21,0
2020-10-02,Tulare,107,460477,16647,16245,167,16412,278
2020-10-02,Tuolumne,109,53932,234,225,3,228,2
2020-10-02,Ventura,111,848112,13647,13120,219,13339,146
2020-10-02,Yolo,113,214977,2914,2845,6,2851,55
2020-10-02,Yuba,115,75493,1115,1090,5,1095,8
2020-10-01,Alameda,001,1643700,21899,21349,199,21548,383
2020-10-01,Alpine,003,1148,4,2,0,2,0
2020-10-01,Amador,005,37829,299,294,0,294,16
2020-10-01,Butte,007,227075,2984,2865,30,2895,45
2020-10-01,Calaveras,009,45235,312,257,0,257,11
2020-10-01,Colusa,011,21464,528,536,0,536,6
2020-10-01,Contra Costa,013,1133247,17530,16898,87,16985,211
2020-10-01,Del Norte,015,27424,147,140,0,140,2
2020-10-01,El Dorado,017,186661,1253,1162,1,1163,4
2020-10-01,Fresno,019,978130,31083,28796,388,29184,397
2020-10-01,Glenn,021,27897,611,593,0,593,3
2020-10-01,Humboldt,023,135768,518,499,1,500,6
2020-10-01,Imperial,025,180216,12004,10928,8,10936,325
2020-10-01,Inyo,027,18085,196,191,1,192,14
2020-10-01,Kern,029,883053,32353,31678,338,32016,399
2020-10-01,Kings,031,150075,8034,7688,45,7733,79
2020-10-01,Lake,033,64148,601,572,0,572,11
2020-10-01,Lassen,035,31185,750,742,2,744,0
2020-10-01,Los Angeles,037,10098052,275290,271513,2069,273582,6621
2020-10-01,Madera,039,155013,4678,4508,28,4536,48
2020-10-01,Marin,041,260295,6809,6710,18,6728,92
2020-10-01,Mariposa,043,17540,76,76,0,76,2
2020-10-01,Mendocino,045,87422,938,874,2,876,19
2020-10-01,Merced,047,269075,9043,8942,22,8964,138
2020-10-01,Modoc,049,8938,29,26,0,26,0
2020-10-01,Mono,051,14174,169,150,1,151,1
2020-10-01,Monterey,053,433212,10263,9958,37,9995,71
2020-10-01,Napa,055,140530,1784,1729,5,1734,11
2020-10-01,Nevada,057,99092,560,543,14,557,6
2020-10-01,Orange,059,3164182,56338,53088,1545,54633,1257
2020-10-01,Placer,061,380077,3732,3599,13,3612,45
2020-10-01,Plumas,063,18699,51,48,0,48,0
2020-10-01,Riverside,065,2383286,60948,59293,200,59493,1223
2020-10-01,Sacramento,067,1510023,23277,22714,18,22732,433
2020-10-01,San Benito,069,59416,1358,1346,0,1346,12
2020-10-01,San Bernardino,071,2135413,56211,54350,361,54711,1021
2020-10-01,San Diego,073,3302833,49451,47487,1068,48555,792
2020-10-01,San Francisco,075,870044,11518,11284,28,11312,110
2020-10-01,San Joaquin,077,732212,20549,20204,64,20268,471
2020-10-01,San Luis Obispo,079,281455,3805,3625,17,3642,31
2020-10-01,San Mateo,081,765935,10469,9681,7,9688,128
2020-10-01,Santa Barbara,083,443738,9957,9215,72,9287,118
2020-10-01,Santa Clara,085,1922200,22561,21398,37,21435,305
2020-10-01,Santa Cruz,087,273765,2519,2418,36,2454,10
2020-10-01,Shasta,089,179085,1401,991,14,1005,18
2020-10-01,Sierra,091,2930,6,6,0,6,0
2020-10-01,Siskiyou,093,43540,160,150,10,160,0
2020-10-01,Solano,095,438530,6516,6352,41,6393,52
2020-10-01,Sonoma,097,501317,8067,7569,21,7590,125
2020-10-01,Stanislaus,099,539301,16746,16555,576,17131,346
2020-10-01,Sutter,101,95872,1725,1684,1,1685,11
2020-10-01,Tehama,103,63373,646,606,2,608,3
2020-10-01,Trinity,105,12862,45,15,6,21,0
2020-10-01,Tulare,107,460477,16573,16182,164,16346,275
2020-10-01,Tuolumne,109,53932,234,223,3,226,2
2020-10-01,Ventura,111,848112,13596,13057,203,13260,146
2020-10-01,Yolo,113,214977,2896,2833,6,2839,55
2020-10-01,Yuba,115,75493,1111,1082,5,1087,8
2020-09-30,Alameda,001,1643700,21821,21271,195,21466,380
2020-09-30,Alpine,003,1148,4,2,0,2,0
2020-09-30,Amador,005,37829,299,294,0,294,16
2020-09-30,Butte,007,227075,2976,2858,30,2888,44
2020-09-30,Calaveras,009,45235,311,258,0,258,11
2020-09-30,Colusa,011,21464,527,534,0,534,6
2020-09-30,Contra Costa,013,1133247,17461,16819,87,16906,211
2020-09-30,Del Norte,015,27424,146,140,0,140,2
2020-09-30,El Dorado,017,186661,1241,1157,1,1158,4
2020-09-30,Fresno,019,978130,30992,28706,385,29091,395
2020-09-30,Glenn,021,27897,606,592,0,592,3
2020-09-30,Humboldt,023,135768,516,497,1,498,6
2020-09-30,Imperial,025,180216,11979,10868,8,10876,287
2020-09-30,Inyo,027,18085,195,189,1,190,14
2020-09-30,Kern,029,883053,32278,31601,337,31938,398
2020-09-30,Kings,031,150075,8005,7685,45,7730,79
2020-09-30,Lake,033,64148,595,567,0,567,10
2020-09-30,Lassen,035,31185,747,742,2,744,0
2020-09-30,Los Angeles,037,10098052,274051,270260,2036,272296,6568
2020-09-30,Madera,039,155013,4669,4477,28,4505,47
2020-09-30,Marin,041,260295,6785,6700,17,6717,91
2020-09-30,Mariposa,043,17540,76,76,0,76,2
2020-09-30,Mendocino,045,87422,932,867,2,869,17
2020-09-30,Merced,047,269075,9023,8926,22,8948,136
2020-09-30,Modoc,049,8938,29,26,0,26,0
2020-09-30,Mono,051,14174,169,150,1,151,1
2020-09-30,Monterey,053,433212,10213,9898,36,9934,70
2020-09-30,Napa,055,140530,1770,1728,5,1733,11
2020-09-30,Nevada,057,99092,558,540,14,554,6
2020-09-30,Orange,059,3164182,56146,52916,1529,54445,1251
2020-09-30,Placer,061,380077,3711,3585,13,3598,43
2020-09-30,Plumas,063,18699,51,48,0,48,0
2020-09-30,Riverside,065,2383286,60593,59074,196,59270,1220
2020-09-30,Sacramento,067,1510023,23173,22613,18,22631,429
2020-09-30,San Benito,069,59416,1355,1342,0,1342,12
2020-09-30,San Bernardino,071,2135413,55933,53988,359,54347,1018
2020-09-30,San Diego,073,3302833,49147,47182,1047,48229,783
2020-09-30,San Francisco,075,870044,11488,11247,28,11275,106
2020-09-30,San Joaquin,077,732212,20466,20150,62,20212,461
2020-09-30,San Luis Obispo,079,281455,3780,3597,17,3614,31
2020-09-30,San Mateo,081,765935,10427,9634,7,9641,128
2020-09-30,Santa Barbara,083,443738,9932,9186,72,9258,115
2020-09-30,Santa Clara,085,1922200,22456,21318,37,21355,302
2020-09-30,Santa Cruz,087,273765,2506,2405,36,2441,10
2020-09-30,Shasta,089,179085,1345,976,13,989,17
2020-09-30,Sierra,091,2930,6,6,0,6,0
2020-09-30,Siskiyou,093,43540,158,150,10,160,0
2020-09-30,Solano,095,438530,6474,6315,41,6356,51
2020-09-30,Sonoma,097,501317,7978,7494,21,7515,125
2020-09-30,Stanislaus,099,539301,16699,16531,570,17101,343
2020-09-30,Sutter,101,95872,1709,1680,1,1681,10
2020-09-30,Tehama,103,63373,640,594,2,596,3
2020-09-30,Trinity,105,12862,42,15,6,21,0
2020-09-30,Tulare,107,460477,16507,16117,157,16274,274
2020-09-30,Tuolumne,109,53932,232,224,3,227,2
2020-09-30,Ventura,111,848112,13561,12968,187,13155,145
2020-09-30,Yolo,113,214977,2883,2822,6,2828,55
2020-09-30,Yuba,115,75493,1108,1075,5,1080,8
2020-09-29,Alameda,001,1643700,21744,21241,191,21432,374
2020-09-29,Alpine,003,1148,4,2,0,2,0
2020-09-29,Amador,005,37829,297,294,0,294,16
2020-09-29,Butte,007,227075,2962,2848,30,2878,44
2020-09-29,Calaveras,009,45235,309,261,0,261,11
2020-09-29,Colusa,011,21464,527,534,0,534,6
2020-09-29,Contra Costa,013,1133247,17406,16716,85,16801,209
2020-09-29,Del Norte,015,27424,142,142,0,142,2
2020-09-29,El Dorado,017,186661,1232,1151,1,1152,4
2020-09-29,Fresno,019,978130,30897,28621,384,29005,394
2020-09-29,Glenn,021,27897,602,589,0,589,3
2020-09-29,Humboldt,023,135768,514,497,1,498,6
2020-09-29,Imperial,025,180216,11945,10811,8,10819,283
2020-09-29,Inyo,027,18085,194,188,1,189,14
2020-09-29,Kern,029,883053,32223,31534,336,31870,397
2020-09-29,Kings,031,150075,7949,7681,45,7726,78
2020-09-29,Lake,033,64148,593,566,0,566,11
2020-09-29,Lassen,035,31185,747,741,2,743,0
2020-09-29,Los Angeles,037,10098052,272831,269246,2007,271253,6545
2020-09-29,Madera,039,155013,4645,4453,28,4481,47
2020-09-29,Marin,041,260295,6764,6692,17,6709,91
2020-09-29,Mariposa,043,17540,76,74,0,74,2
2020-09-29,Mendocino,045,87422,922,854,2,856,17
2020-09-29,Merced,047,269075,9010,8892,20,8912,136
2020-09-29,Modoc,049,8938,29,26,0,26,0
2020-09-29,Mono,051,14174,169,149,1,150,1
2020-09-29,Monterey,053,433212,10158,9826,34,9860,70
2020-09-29,Napa,055,140530,1767,1727,5,1732,11
2020-09-29,Nevada,057,99092,553,539,14,553,6
2020-09-29,Orange,059,3164182,55959,52755,1518,54273,1231
2020-09-29,Placer,061,380077,3689,3570,13,3583,42
2020-09-29,Plumas,063,18699,51,48,0,48,0
2020-09-29,Riverside,065,2383286,60265,58863,187,59050,1208
2020-09-29,Sacramento,067,1510023,23052,22547,18,22565,425
2020-09-29,San Benito,069,59416,1350,1341,0,1341,12
2020-09-29,San Bernardino,071,2135413,55625,53753,358,54111,1012
2020-09-29,San Diego,073,3302833,48870,46987,1024,48011,781
2020-09-29,San Francisco,075,870044,11452,11142,28,11170,104
2020-09-29,San Joaquin,077,732212,20400,20094,60,20154,454
2020-09-29,San Luis Obispo,079,281455,3760,3581,17,3598,31
2020-09-29,San Mateo,081,765935,10380,9619,7,9626,127
2020-09-29,Santa Barbara,083,443738,9912,9149,71,9220,114
2020-09-29,Santa Clara,085,1922200,22321,21233,36,21269,302
2020-09-29,Santa Cruz,087,273765,2491,2383,35,2418,10
2020-09-29,Shasta,089,179085,1284,943,13,956,17
2020-09-29,Sierra,091,2930,6,6,0,6,0
2020-09-29,Siskiyou,093,43540,152,150,10,160,0
2020-09-29,Solano,095,438530,6440,6303,41,6344,51
2020-09-29,Sonoma,097,501317,7906,7426,21,7447,125
2020-09-29,Stanislaus,099,539301,16669,16505,564,17069,341
2020-09-29,Sutter,101,95872,1703,1677,1,1678,10
2020-09-29,Tehama,103,63373,622,585,2,587,2
2020-09-29,Trinity,105,12862,41,16,6,22,0
2020-09-29,Tulare,107,460477,16444,16055,148,16203,270
2020-09-29,Tuolumne,109,53932,232,224,3,227,2
2020-09-29,Ventura,111,848112,13505,12875,184,13059,145
2020-09-29,Yolo,113,214977,2870,2818,6,2824,55
2020-09-29,Yuba,115,75493,1106,1071,5,1076,8
2020-09-28,Alameda,001,1643700,21657,21133,191,21324,370
2020-09-28,Alpine,003,1148,4,2,0,2,0
2020-09-28,Amador,005,37829,295,294,0,294,16
2020-09-28,Butte,007,227075,2947,2837,30,2867,44
2020-09-28,Calaveras,009,45235,309,257,0,257,11
2020-09-28,Colusa,011,21464,526,531,0,531,6
2020-09-28,Contra Costa,013,1133247,17341,16653,85,16738,195
2020-09-28,Del Norte,015,27424,142,138,0,138,2
2020-09-28,El Dorado,017,186661,1225,1144,1,1145,4
2020-09-28,Fresno,019,978130,30815,28517,376,28893,389
2020-09-28,Glenn,021,27897,600,585,0,585,3
2020-09-28,Humboldt,023,135768,508,495,1,496,6
2020-09-28,Imperial,025,180216,11910,10777,8,10785,283
2020-09-28,Inyo,027,18085,193,188,1,189,14
2020-09-28,Kern,029,883053,32158,31481,332,31813,395
2020-09-28,Kings,031,150075,7808,7661,43,7704,78
2020-09-28,Lake,033,64148,589,559,0,559,10
2020-09-28,Lassen,035,31185,746,737,2,739,0
2020-09-28,Los Angeles,037,10098052,271718,268404,1976,270380,6508
2020-09-28,Madera,039,155013,4624,4438,28,4466,47
2020-09-28,Marin,041,260295,6748,6676,17,6693,91
2020-09-28,Mariposa,043,17540,76,74,0,74,2
2020-09-28,Mendocino,045,87422,907,850,2,852,17
2020-09-28,Merced,047,269075,8982,8869,20,8889,136
2020-09-28,Modoc,049,8938,29,26,0,26,0
2020-09-28,Mono,051,14174,169,148,1,149,1
2020-09-28,Monterey,053,433212,10094,9780,32,9812,69
2020-09-28,Napa,055,140530,1755,1705,5,1710,11
2020-09-28,Nevada,057,99092,545,538,14,552,6
2020-09-28,Orange,059,3164182,55754,52633,1509,54142,1196
2020-09-28,Placer,061,380077,3668,3572,13,3585,42
2020-09-28,Plumas,063,18699,50,48,0,48,0
2020-09-28,Riverside,065,2383286,59967,58570,178,58748,1198
2020-09-28,Sacramento,067,1510023,22905,22392,18,22410,423
2020-09-28,San Benito,069,59416,1347,1336,0,1336,11
2020-09-28,San Bernardino,071,2135413,55278,53501,358,53859,988
2020-09-28,San Diego,073,3302833,48552,46736,1004,47740,776
2020-09-28,San Francisco,075,870044,11418,11114,28,11142,100
2020-09-28,San Joaquin,077,732212,20351,19982,59,20041,448
2020-09-28,San Luis Obispo,079,281455,3739,3567,17,3584,31
2020-09-28,San Mateo,081,765935,10329,9582,7,9589,127
2020-09-28,Santa Barbara,083,443738,9894,9121,71,9192,114
2020-09-28,Santa Clara,085,1922200,22205,21180,36,21216,271
2020-09-28,Santa Cruz,087,273765,2481,2359,35,2394,9
2020-09-28,Shasta,089,179085,1230,883,10,893,17
2020-09-28,Sierra,091,2930,6,6,0,6,0
2020-09-28,Siskiyou,093,43540,152,149,10,159,0
2020-09-28,Solano,095,438530,6404,6254,41,6295,51
2020-09-28,Sonoma,097,501317,7830,7369,21,7390,125
2020-09-28,Stanislaus,099,539301,16629,16467,557,17024,336
2020-09-28,Sutter,101,95872,1696,1676,1,1677,10
2020-09-28,Tehama,103,63373,614,579,2,581,2
2020-09-28,Trinity,105,12862,41,16,6,22,0
2020-09-28,Tulare,107,460477,16392,15918,142,16060,270
2020-09-28,Tuolumne,109,53932,232,225,3,228,2
2020-09-28,Ventura,111,848112,13427,12812,177,12989,139
2020-09-28,Yolo,113,214977,2853,2809,6,2815,55
2020-09-28,Yuba,115,75493,1103,1062,5,1067,7
2020-09-27,Alameda,001,1643700,21577,21077,186,21263,370
2020-09-27,Alpine,003,1148,4,2,0,2,0
2020-09-27,Amador,005,37829,295,291,0,291,16
2020-09-27,Butte,007,227075,2935,2833,29,2862,44
2020-09-27,Calaveras,009,45235,308,257,0,257,11
2020-09-27,Colusa,011,21464,525,531,0,531,6
2020-09-27,Contra Costa,013,1133247,17239,16596,84,16680,195
2020-09-27,Del Norte,015,27424,142,138,0,138,2
2020-09-27,El Dorado,017,186661,1210,1130,1,1131,4
2020-09-27,Fresno,019,978130,30710,28441,375,28816,389
2020-09-27,Glenn,021,27897,596,576,0,576,3
2020-09-27,Humboldt,023,135768,506,492,1,493,6
2020-09-27,Imperial,025,180216,11876,10743,8,10751,283
2020-09-27,Inyo,027,18085,191,188,1,189,14
2020-09-27,Kern,029,883053,32039,31462,329,31791,395
2020-09-27,Kings,031,150075,7788,7641,43,7684,78
2020-09-27,Lake,033,64148,585,555,0,555,10
2020-09-27,Lassen,035,31185,746,737,2,739,0
2020-09-27,Los Angeles,037,10098052,270543,267754,1954,269708,6507
2020-09-27,Madera,039,155013,4595,4416,28,4444,47
2020-09-27,Marin,041,260295,6738,6663,17,6680,91
2020-09-27,Mariposa,043,17540,76,74,0,74,2
2020-09-27,Mendocino,045,87422,901,846,2,848,17
2020-09-27,Merced,047,269075,8948,8853,20,8873,136
2020-09-27,Modoc,049,8938,29,26,0,26,0
2020-09-27,Mono,051,14174,169,148,1,149,1
2020-09-27,Monterey,053,433212,10034,9724,31,9755,69
2020-09-27,Napa,055,140530,1750,1690,5,1695,11
2020-09-27,Nevada,057,99092,544,537,14,551,6
2020-09-27,Orange,059,3164182,55480,52458,1500,53958,1195
2020-09-27,Placer,061,380077,3655,3562,13,3575,42
2020-09-27,Plumas,063,18699,50,48,0,48,0
2020-09-27,Riverside,065,2383286,59671,58509,170,58679,1191
2020-09-27,Sacramento,067,1510023,22807,22356,17,22373,422
2020-09-27,San Benito,069,59416,1347,1331,0,1331,11
2020-09-27,San Bernardino,071,2135413,54842,53127,358,53485,988
2020-09-27,San Diego,073,3302833,48208,46612,987,47599,776
2020-09-27,San Francisco,075,870044,11366,11114,28,11142,100
2020-09-27,San Joaquin,077,732212,20291,19981,59,20040,448
2020-09-27,San Luis Obispo,079,281455,3718,3562,17,3579,31
2020-09-27,San Mateo,081,765935,10261,9566,7,9573,127
2020-09-27,Santa Barbara,083,443738,9873,9090,70,9160,114
2020-09-27,Santa Clara,085,1922200,22096,21091,36,21127,271
2020-09-27,Santa Cruz,087,273765,2459,2359,35,2394,9
2020-09-27,Shasta,089,179085,1187,883,9,892,17
2020-09-27,Sierra,091,2930,6,6,0,6,0
2020-09-27,Siskiyou,093,43540,151,149,10,159,0
2020-09-27,Solano,095,438530,6369,6211,41,6252,51
2020-09-27,Sonoma,097,501317,7749,7336,21,7357,124
2020-09-27,Stanislaus,099,539301,16579,16448,550,16998,336
2020-09-27,Sutter,101,95872,1689,1672,1,1673,10
2020-09-27,Tehama,103,63373,597,573,2,575,2
2020-09-27,Trinity,105,12862,41,16,6,22,0
2020-09-27,Tulare,107,460477,16316,15918,132,16050,270
2020-09-27,Tuolumne,109,53932,231,224,3,227,2
2020-09-27,Ventura,111,848112,13338,12775,168,12943,139
2020-09-27,Yolo,113,214977,2839,2796,6,2802,55
2020-09-27,Yuba,115,75493,1093,1059,5,1064,7
2020-09-26,Alameda,001,1643700,21519,21019,185,21204,370
2020-09-26,Alpine,003,1148,4,2,0,2,0
2020-09-26,Amador,005,37829,294,291,0,291,16
2020-09-26,Butte,007,227075,2927,2827,29,2856,44
2020-09-26,Calaveras,009,45235,308,257,0,257,11
2020-09-26,Colusa,011,21464,525,529,0,529,6
2020-09-26,Contra Costa,013,1133247,17197,16508,84,16592,194
2020-09-26,Del Norte,015,27424,142,138,0,138,2
2020-09-26,El Dorado,017,186661,1205,1127,1,1128,4
2020-09-26,Fresno,019,978130,30643,28336,375,28711,389
2020-09-26,Glenn,021,27897,596,576,0,576,3
2020-09-26,Humboldt,023,135768,506,491,1,492,6
2020-09-26,Imperial,025,180216,11859,10721,8,10729,283
2020-09-26,Inyo,027,18085,190,187,1,188,14
2020-09-26,Kern,029,883053,31988,31410,329,31739,394
2020-09-26,Kings,031,150075,7776,7537,43,7580,78
2020-09-26,Lake,033,64148,582,549,0,549,10
2020-09-26,Lassen,035,31185,746,737,2,739,0
2020-09-26,Los Angeles,037,10098052,269908,266931,1938,268869,6497
2020-09-26,Madera,039,155013,4579,4410,28,4438,47
2020-09-26,Marin,041,260295,6725,6641,17,6658,91
2020-09-26,Mariposa,043,17540,75,74,0,74,2
2020-09-26,Mendocino,045,87422,896,836,2,838,17
2020-09-26,Merced,047,269075,8936,8841,19,8860,136
2020-09-26,Modoc,049,8938,29,26,0,26,0
2020-09-26,Mono,051,14174,169,148,1,149,1
2020-09-26,Monterey,053,433212,10007,9651,31,9682,68
2020-09-26,Napa,055,140530,1748,1681,5,1686,11
2020-09-26,Nevada,057,99092,544,534,14,548,6
2020-09-26,Orange,059,3164182,55340,52203,1494,53697,1194
2020-09-26,Placer,061,380077,3642,3551,13,3564,42
2020-09-26,Plumas,063,18699,49,48,0,48,0
2020-09-26,Riverside,065,2383286,59536,58076,168,58244,1190
2020-09-26,Sacramento,067,1510023,22751,22269,17,22286,421
2020-09-26,San Benito,069,59416,1345,1325,0,1325,11
2020-09-26,San Bernardino,071,2135413,54708,53122,358,53480,988
2020-09-26,San Diego,073,3302833,48003,46333,973,47306,775
2020-09-26,San Francisco,075,870044,11338,11113,28,11141,100
2020-09-26,San Joaquin,077,732212,20256,19982,57,20039,449
2020-09-26,San Luis Obispo,079,281455,3701,3546,17,3563,31
2020-09-26,San Mateo,081,765935,10227,9509,7,9516,127
2020-09-26,Santa Barbara,083,443738,9862,9061,70,9131,114
2020-09-26,Santa Clara,085,1922200,22025,20967,35,21002,270
2020-09-26,Santa Cruz,087,273765,2451,2336,35,2371,9
2020-09-26,Shasta,089,179085,1137,856,8,864,17
2020-09-26,Sierra,091,2930,6,6,0,6,0
2020-09-26,Siskiyou,093,43540,150,149,10,159,0
2020-09-26,Solano,095,438530,6350,6209,41,6250,51
2020-09-26,Sonoma,097,501317,7724,7285,20,7305,124
2020-09-26,Stanislaus,099,539301,16554,16421,541,16962,336
2020-09-26,Sutter,101,95872,1684,1662,1,1663,10
2020-09-26,Tehama,103,63373,585,560,2,562,2
2020-09-26,Trinity,105,12862,39,16,6,22,0
2020-09-26,Tulare,107,460477,16291,15881,130,16011,270
2020-09-26,Tuolumne,109,53932,231,223,3,226,2
2020-09-26,Ventura,111,848112,13305,12729,166,12895,137
2020-09-26,Yolo,113,214977,2837,2789,6,2795,55
2020-09-26,Yuba,115,75493,1089,1056,5,1061,7
2020-09-25,Alameda,001,1643700,21465,20911,185,21096,367
2020-09-25,Alpine,003,1148,4,2,0,2,0
2020-09-25,Amador,005,37829,294,289,0,289,16
2020-09-25,Butte,007,227075,2922,2819,29,2848,43
2020-09-25,Calaveras,009,45235,308,257,0,257,11
2020-09-25,Colusa,011,21464,525,528,0,528,6
2020-09-25,Contra Costa,013,1133247,17138,16401,84,16485,194
2020-09-25,Del Norte,015,27424,142,138,0,138,2
2020-09-25,El Dorado,017,186661,1201,1104,1,1105,4
2020-09-25,Fresno,019,978130,30584,28199,374,28573,385
2020-09-25,Glenn,021,27897,594,570,0,570,3
2020-09-25,Humboldt,023,135768,505,489,1,490,5
2020-09-25,Imperial,025,180216,11841,10681,8,10689,283
2020-09-25,Inyo,027,18085,188,187,1,188,14
2020-09-25,Kern,029,883053,31935,31333,327,31660,393
2020-09-25,Kings,031,150075,7771,7450,43,7493,77
2020-09-25,Lake,033,64148,581,539,0,539,9
2020-09-25,Lassen,035,31185,746,737,2,739,0
2020-09-25,Los Angeles,037,10098052,269120,265713,1924,267637,6483
2020-09-25,Madera,039,155013,4560,4369,28,4397,48
2020-09-25,Marin,041,260295,6722,6622,17,6639,90
2020-09-25,Mariposa,043,17540,75,74,0,74,2
2020-09-25,Mendocino,045,87422,881,819,2,821,17
2020-09-25,Merced,047,269075,8920,8830,19,8849,135
2020-09-25,Modoc,049,8938,29,26,0,26,0
2020-09-25,Mono,051,14174,169,149,1,150,1
2020-09-25,Monterey,053,433212,9955,9581,31,9612,68
2020-09-25,Napa,055,140530,1746,1669,5,1674,11
2020-09-25,Nevada,057,99092,542,529,14,543,6
2020-09-25,Orange,059,3164182,55213,52031,1485,53516,1184
2020-09-25,Placer,061,380077,3631,3527,13,3540,41
2020-09-25,Plumas,063,18699,49,48,0,48,0
2020-09-25,Riverside,065,2383286,59360,57783,163,57946,1183
2020-09-25,Sacramento,067,1510023,22674,22132,17,22149,418
2020-09-25,San Benito,069,59416,1344,1318,0,1318,11
2020-09-25,San Bernardino,071,2135413,54554,52814,358,53172,987
2020-09-25,San Diego,073,3302833,47801,46003,957,46960,775
2020-09-25,San Francisco,075,870044,11304,11066,27,11093,100
2020-09-25,San Joaquin,077,732212,20204,19909,57,19966,449
2020-09-25,San Luis Obispo,079,281455,3689,3512,17,3529,31
2020-09-25,San Mateo,081,765935,10191,9447,7,9454,127
2020-09-25,Santa Barbara,083,443738,9838,9026,70,9096,114
2020-09-25,Santa Clara,085,1922200,21962,20812,34,20846,265
2020-09-25,Santa Cruz,087,273765,2439,2309,34,2343,9
2020-09-25,Shasta,089,179085,1103,806,8,814,16
2020-09-25,Sierra,091,2930,6,6,0,6,0
2020-09-25,Siskiyou,093,43540,150,149,10,159,0
2020-09-25,Solano,095,438530,6334,6179,41,6220,50
2020-09-25,Sonoma,097,501317,7684,7202,20,7222,124
2020-09-25,Stanislaus,099,539301,16536,16381,539,16920,326
2020-09-25,Sutter,101,95872,1681,1655,1,1656,10
2020-09-25,Tehama,103,63373,577,546,2,548,2
2020-09-25,Trinity,105,12862,39,15,6,21,0
2020-09-25,Tulare,107,460477,16252,15815,127,15942,267
2020-09-25,Tuolumne,109,53932,231,223,3,226,2
2020-09-25,Ventura,111,848112,13263,12664,163,12827,137
2020-09-25,Yolo,113,214977,2829,2784,6,2790,55
2020-09-25,Yuba,115,75493,1084,1049,5,1054,5
2020-09-24,Alameda,001,1643700,21390,20838,182,21020,364
2020-09-24,Alpine,003,1148,4,2,0,2,0
2020-09-24,Amador,005,37829,294,288,0,288,16
2020-09-24,Butte,007,227075,2911,2803,29,2832,43
2020-09-24,Calaveras,009,45235,308,258,0,258,11
2020-09-24,Colusa,011,21464,525,523,0,523,6
2020-09-24,Contra Costa,013,1133247,17056,16252,84,16336,192
2020-09-24,Del Norte,015,27424,138,137,0,137,2
2020-09-24,El Dorado,017,186661,1192,1093,1,1094,4
2020-09-24,Fresno,019,978130,30479,28106,370,28476,375
2020-09-24,Glenn,021,27897,590,567,0,567,3
2020-09-24,Humboldt,023,135768,502,482,1,483,5
2020-09-24,Imperial,025,180216,11817,10622,8,10630,283
2020-09-24,Inyo,027,18085,188,187,1,188,13
2020-09-24,Kern,029,883053,31872,31273,325,31598,388
2020-09-24,Kings,031,150075,7755,7428,43,7471,76
2020-09-24,Lake,033,64148,572,531,0,531,9
2020-09-24,Lassen,035,31185,745,737,2,739,0
2020-09-24,Los Angeles,037,10098052,268074,264374,1906,266280,6452
2020-09-24,Madera,039,155013,4541,4344,28,4372,48
2020-09-24,Marin,041,260295,6694,6588,17,6605,85
2020-09-24,Mariposa,043,17540,75,74,0,74,2
2020-09-24,Mendocino,045,87422,877,810,2,812,17
2020-09-24,Merced,047,269075,8891,8813,18,8831,135
2020-09-24,Modoc,049,8938,29,24,0,24,0
2020-09-24,Mono,051,14174,169,149,1,150,1
2020-09-24,Monterey,053,433212,9889,9544,28,9572,67
2020-09-24,Napa,055,140530,1734,1661,5,1666,11
2020-09-24,Nevada,057,99092,541,527,14,541,6
2020-09-24,Orange,059,3164182,55005,51749,1467,53216,1164
2020-09-24,Placer,061,380077,3616,3514,13,3527,41
2020-09-24,Plumas,063,18699,49,48,0,48,0
2020-09-24,Riverside,065,2383286,59091,57491,157,57648,1172
2020-09-24,Sacramento,067,1510023,22547,21985,17,22002,417
2020-09-24,San Benito,069,59416,1342,1308,0,1308,11
2020-09-24,San Bernardino,071,2135413,54218,52455,357,52812,988
2020-09-24,San Diego,073,3302833,47532,45598,942,46540,773
2020-09-24,San Francisco,075,870044,11257,10992,27,11019,99
2020-09-24,San Joaquin,077,732212,20167,19851,56,19907,444
2020-09-24,San Luis Obispo,079,281455,3673,3480,17,3497,31
2020-09-24,San Mateo,081,765935,10143,9376,7,9383,127
2020-09-24,Santa Barbara,083,443738,9787,8988,69,9057,114
2020-09-24,Santa Clara,085,1922200,21874,20689,34,20723,262
2020-09-24,Santa Cruz,087,273765,2419,2300,32,2332,9
2020-09-24,Shasta,089,179085,1066,773,5,778,14
2020-09-24,Sierra,091,2930,6,6,0,6,0
2020-09-24,Siskiyou,093,43540,150,149,10,159,0
2020-09-24,Solano,095,438530,6301,6137,41,6178,49
2020-09-24,Sonoma,097,501317,7603,7163,20,7183,122
2020-09-24,Stanislaus,099,539301,16499,16326,534,16860,326
2020-09-24,Sutter,101,95872,1678,1646,1,1647,10
2020-09-24,Tehama,103,63373,574,540,2,542,2
2020-09-24,Trinity,105,12862,39,15,6,21,0
2020-09-24,Tulare,107,460477,16187,15754,126,15880,267
2020-09-24,Tuolumne,109,53932,231,224,3,227,2
2020-09-24,Ventura,111,848112,13181,12617,162,12779,138
2020-09-24,Yolo,113,214977,2822,2776,6,2782,55
2020-09-24,Yuba,115,75493,1079,1042,5,1047,5
2020-09-23,Alameda,001,1643700,21322,20718,180,20898,361
2020-09-23,Alpine,003,1148,4,2,0,2,0
2020-09-23,Amador,005,37829,293,288,0,288,16
2020-09-23,Butte,007,227075,2903,2790,29,2819,43
2020-09-23,Calaveras,009,45235,307,258,0,258,11
2020-09-23,Colusa,011,21464,524,521,0,521,6
2020-09-23,Contra Costa,013,1133247,16992,16167,83,16250,192
2020-09-23,Del Norte,015,27424,136,137,0,137,2
2020-09-23,El Dorado,017,186661,1178,1088,1,1089,4
2020-09-23,Fresno,019,978130,30384,28019,367,28386,371
2020-09-23,Glenn,021,27897,583,561,0,561,3
2020-09-23,Humboldt,023,135768,498,477,1,478,5
2020-09-23,Imperial,025,180216,11791,10587,8,10595,284
2020-09-23,Inyo,027,18085,187,177,1,178,13
2020-09-23,Kern,029,883053,31828,31172,323,31495,387
2020-09-23,Kings,031,150075,7733,7406,43,7449,76
2020-09-23,Lake,033,64148,567,519,0,519,9
2020-09-23,Lassen,035,31185,745,736,2,738,0
2020-09-23,Los Angeles,037,10098052,267033,263318,1876,265194,6421
2020-09-23,Madera,039,155013,4526,4311,28,4339,48
2020-09-23,Marin,041,260295,6675,6567,17,6584,85
2020-09-23,Mariposa,043,17540,75,74,0,74,2
2020-09-23,Mendocino,045,87422,876,801,1,802,17
2020-09-23,Merced,047,269075,8870,8785,17,8802,134
2020-09-23,Modoc,049,8938,29,24,0,24,0
2020-09-23,Mono,051,14174,169,149,1,150,1
2020-09-23,Monterey,053,433212,9820,9452,28,9480,67
2020-09-23,Napa,055,140530,1725,1653,5,1658,11
2020-09-23,Nevada,057,99092,540,523,14,537,6
2020-09-23,Orange,059,3164182,54778,51658,1459,53117,1155
2020-09-23,Placer,061,380077,3604,3506,13,3519,41
2020-09-23,Plumas,063,18699,49,48,0,48,0
2020-09-23,Riverside,065,2383286,58787,57257,154,57411,1165
2020-09-23,Sacramento,067,1510023,22470,21821,17,21838,415
2020-09-23,San Benito,069,59416,1336,1305,0,1305,10
2020-09-23,San Bernardino,071,2135413,53923,52132,355,52487,973
2020-09-23,San Diego,073,3302833,47256,45427,923,46350,767
2020-09-23,San Francisco,075,870044,11208,10926,27,10953,95
2020-09-23,San Joaquin,077,732212,20114,19785,56,19841,439
2020-09-23,San Luis Obispo,079,281455,3655,3447,17,3464,31
2020-09-23,San Mateo,081,765935,10103,9351,7,9358,127
2020-09-23,Santa Barbara,083,443738,9759,8952,69,9021,112
2020-09-23,Santa Clara,085,1922200,21763,20575,31,20606,260
2020-09-23,Santa Cruz,087,273765,2400,2283,32,2315,9
2020-09-23,Shasta,089,179085,1027,756,4,760,14
2020-09-23,Sierra,091,2930,6,6,0,6,0
2020-09-23,Siskiyou,093,43540,150,149,10,159,0
2020-09-23,Solano,095,438530,6276,6123,41,6164,50
2020-09-23,Sonoma,097,501317,7527,7091,20,7111,122
2020-09-23,Stanislaus,099,539301,16469,16271,531,16802,317
2020-09-23,Sutter,101,95872,1674,1646,1,1647,10
2020-09-23,Tehama,103,63373,568,533,2,535,2
2020-09-23,Trinity,105,12862,38,15,6,21,0
2020-09-23,Tulare,107,460477,16122,15664,125,15789,266
2020-09-23,Tuolumne,109,53932,231,223,3,226,2
2020-09-23,Ventura,111,848112,13126,12591,159,12750,137
2020-09-23,Yolo,113,214977,2804,2766,6,2772,55
2020-09-23,Yuba,115,75493,1077,1038,5,1043,5
2020-09-22,Alameda,001,1643700,21242,20607,178,20785,355
2020-09-22,Alpine,003,1148,3,2,0,2,0
2020-09-22,Amador,005,37829,292,287,0,287,16
2020-09-22,Butte,007,227075,2898,2776,29,2805,43
2020-09-22,Calaveras,009,45235,307,258,0,258,11
2020-09-22,Colusa,011,21464,522,518,0,518,6
2020-09-22,Contra Costa,013,1133247,16902,16090,83,16173,190
2020-09-22,Del Norte,015,27424,136,137,0,137,2
2020-09-22,El Dorado,017,186661,1159,1076,1,1077,4
2020-09-22,Fresno,019,978130,30290,27944,364,28308,369
2020-09-22,Glenn,021,27897,580,560,0,560,3
2020-09-22,Humboldt,023,135768,497,476,1,477,5
2020-09-22,Imperial,025,180216,11762,10529,8,10537,284
2020-09-22,Inyo,027,18085,187,177,1,178,13
2020-09-22,Kern,029,883053,31760,31110,316,31426,383
2020-09-22,Kings,031,150075,7676,7395,42,7437,76
2020-09-22,Lake,033,64148,559,516,0,516,9
2020-09-22,Lassen,035,31185,744,736,2,738,0
2020-09-22,Los Angeles,037,10098052,265957,262117,1847,263964,6394
2020-09-22,Madera,039,155013,4510,4303,28,4331,47
2020-09-22,Marin,041,260295,6661,6561,17,6578,84
2020-09-22,Mariposa,043,17540,75,74,0,74,2
2020-09-22,Mendocino,045,87422,856,794,1,795,18
2020-09-22,Merced,047,269075,8840,8769,17,8786,132
2020-09-22,Modoc,049,8938,29,24,0,24,0
2020-09-22,Mono,051,14174,168,149,1,150,1
2020-09-22,Monterey,053,433212,9762,9393,28,9421,67
2020-09-22,Napa,055,140530,1708,1652,5,1657,11
2020-09-22,Nevada,057,99092,540,523,14,537,6
2020-09-22,Orange,059,3164182,54527,51528,1451,52979,1132
2020-09-22,Placer,061,380077,3592,3492,13,3505,40
2020-09-22,Plumas,063,18699,49,48,0,48,0
2020-09-22,Riverside,065,2383286,58301,57066,150,57216,1162
2020-09-22,Sacramento,067,1510023,22350,21745,17,21762,410
2020-09-22,San Benito,069,59416,1331,1305,0,1305,10
2020-09-22,San Bernardino,071,2135413,53650,51899,355,52254,971
2020-09-22,San Diego,073,3302833,46949,45149,904,46053,765
2020-09-22,San Francisco,075,870044,11164,10893,26,10919,95
2020-09-22,San Joaquin,077,732212,20067,19755,55,19810,426
2020-09-22,San Luis Obispo,079,281455,3638,3420,17,3437,31
2020-09-22,San Mateo,081,765935,10065,9291,7,9298,127
2020-09-22,Santa Barbara,083,443738,9729,8927,68,8995,111
2020-09-22,Santa Clara,085,1922200,21645,20514,31,20545,253
2020-09-22,Santa Cruz,087,273765,2377,2264,32,2296,8
2020-09-22,Shasta,089,179085,992,723,4,727,14
2020-09-22,Sierra,091,2930,6,6,0,6,0
2020-09-22,Siskiyou,093,43540,150,149,10,159,0
2020-09-22,Solano,095,438530,6245,6107,41,6148,48
2020-09-22,Sonoma,097,501317,7448,7068,19,7087,117
2020-09-22,Stanislaus,099,539301,16446,16231,524,16755,316
2020-09-22,Sutter,101,95872,1668,1638,1,1639,10
2020-09-22,Tehama,103,63373,560,529,2,531,2
2020-09-22,Trinity,105,12862,38,15,6,21,0
2020-09-22,Tulare,107,460477,16056,15616,121,15737,263
2020-09-22,Tuolumne,109,53932,230,224,3,227,1
2020-09-22,Ventura,111,848112,13074,12507,155,12662,136
2020-09-22,Yolo,113,214977,2797,2763,6,2769,54
2020-09-22,Yuba,115,75493,1068,1035,5,1040,5
2020-09-21,Alameda,001,1643700,21163,20501,177,20678,343
2020-09-21,Alpine,003,1148,3,2,0,2,0
2020-09-21,Amador,005,37829,290,286,0,286,16
2020-09-21,Butte,007,227075,2884,2769,29,2798,41
2020-09-21,Calaveras,009,45235,305,256,0,256,10
2020-09-21,Colusa,011,21464,521,517,0,517,6
2020-09-21,Contra Costa,013,1133247,16815,16008,83,16091,189
2020-09-21,Del Norte,015,27424,136,132,0,132,2
2020-09-21,El Dorado,017,186661,1150,1074,1,1075,4
2020-09-21,Fresno,019,978130,30188,27843,357,28200,362
2020-09-21,Glenn,021,27897,576,556,0,556,3
2020-09-21,Humboldt,023,135768,493,473,1,474,5
2020-09-21,Imperial,025,180216,11731,10521,8,10529,284
2020-09-21,Inyo,027,18085,186,177,1,178,12
2020-09-21,Kern,029,883053,31688,31031,314,31345,379
2020-09-21,Kings,031,150075,7564,7297,40,7337,76
2020-09-21,Lake,033,64148,554,508,0,508,8
2020-09-21,Lassen,035,31185,742,735,2,737,0
2020-09-21,Los Angeles,037,10098052,264871,261418,1802,263220,6360
2020-09-21,Madera,039,155013,4499,4275,27,4302,47
2020-09-21,Marin,041,260295,6650,6538,16,6554,84
2020-09-21,Mariposa,043,17540,74,74,0,74,2
2020-09-21,Mendocino,045,87422,841,778,0,778,18
2020-09-21,Merced,047,269075,8821,8749,15,8764,128
2020-09-21,Modoc,049,8938,29,22,0,22,0
2020-09-21,Mono,051,14174,168,147,1,148,1
2020-09-21,Monterey,053,433212,9698,9331,25,9356,66
2020-09-21,Napa,055,140530,1697,1641,5,1646,11
2020-09-21,Nevada,057,99092,538,515,14,529,6
2020-09-21,Orange,059,3164182,54306,51363,1444,52807,1110
2020-09-21,Placer,061,380077,3582,3473,13,3486,40
2020-09-21,Plumas,063,18699,49,47,0,47,0
2020-09-21,Riverside,065,2383286,58027,57001,142,57143,1153
2020-09-21,Sacramento,067,1510023,22168,21568,17,21585,404
2020-09-21,San Benito,069,59416,1329,1298,0,1298,10
2020-09-21,San Bernardino,071,2135413,53364,51654,354,52008,970
2020-09-21,San Diego,073,3302833,46665,44927,883,45810,760
2020-09-21,San Francisco,075,870044,11116,10743,26,10769,95
2020-09-21,San Joaquin,077,732212,20009,19579,55,19634,423
2020-09-21,San Luis Obispo,079,281455,3612,3406,17,3423,27
2020-09-21,San Mateo,081,765935,10013,9239,7,9246,127
2020-09-21,Santa Barbara,083,443738,9701,8911,68,8979,110
2020-09-21,Santa Clara,085,1922200,21544,20432,31,20463,252
2020-09-21,Santa Cruz,087,273765,2360,2257,30,2287,8
2020-09-21,Shasta,089,179085,942,696,4,700,14
2020-09-21,Sierra,091,2930,6,6,0,6,0
2020-09-21,Siskiyou,093,43540,150,146,10,156,0
2020-09-21,Solano,095,438530,6221,6019,41,6060,46
2020-09-21,Sonoma,097,501317,7372,7017,19,7036,117
2020-09-21,Stanislaus,099,539301,16416,16186,524,16710,310
2020-09-21,Sutter,101,95872,1661,1634,1,1635,10
2020-09-21,Tehama,103,63373,541,513,2,515,2
2020-09-21,Trinity,105,12862,38,15,6,21,0
2020-09-21,Tulare,107,460477,15982,15528,112,15640,260
2020-09-21,Tuolumne,109,53932,230,221,3,224,1
2020-09-21,Ventura,111,848112,12990,12477,149,12626,133
2020-09-21,Yolo,113,214977,2791,2752,6,2758,54
2020-09-21,Yuba,115,75493,1064,1033,5,1038,1
2020-09-20,Alameda,001,1643700,21063,20425,174,20599,343
2020-09-20,Alpine,003,1148,3,2,0,2,0
2020-09-20,Amador,005,37829,289,286,0,286,16
2020-09-20,Butte,007,227075,2872,2764,29,2793,39
2020-09-20,Calaveras,009,45235,301,256,0,256,10
2020-09-20,Colusa,011,21464,519,510,0,510,6
2020-09-20,Contra Costa,013,1133247,16681,15917,82,15999,189
2020-09-20,Del Norte,015,27424,134,132,0,132,2
2020-09-20,El Dorado,017,186661,1135,1073,1,1074,4
2020-09-20,Fresno,019,978130,30073,27769,351,28120,362
2020-09-20,Glenn,021,27897,572,550,0,550,3
2020-09-20,Humboldt,023,135768,493,472,1,473,5
2020-09-20,Imperial,025,180216,11704,10496,7,10503,284
2020-09-20,Inyo,027,18085,186,177,1,178,12
2020-09-20,Kern,029,883053,31605,30992,310,31302,379
2020-09-20,Kings,031,150075,7517,7159,39,7198,76
2020-09-20,Lake,033,64148,542,492,0,492,8
2020-09-20,Lassen,035,31185,742,735,2,737,0
2020-09-20,Los Angeles,037,10098052,263637,260770,1775,262545,6347
2020-09-20,Madera,039,155013,4479,4257,27,4284,47
2020-09-20,Marin,041,260295,6624,6533,16,6549,83
2020-09-20,Mariposa,043,17540,74,74,0,74,2
2020-09-20,Mendocino,045,87422,829,765,0,765,18
2020-09-20,Merced,047,269075,8794,8745,15,8760,128
2020-09-20,Modoc,049,8938,27,22,0,22,0
2020-09-20,Mono,051,14174,167,147,1,148,1
2020-09-20,Monterey,053,433212,9620,9312,25,9337,65
2020-09-20,Napa,055,140530,1688,1626,5,1631,11
2020-09-20,Nevada,057,99092,535,511,14,525,6
2020-09-20,Orange,059,3164182,54066,51233,1432,52665,1110
2020-09-20,Placer,061,380077,3567,3452,13,3465,40
2020-09-20,Plumas,063,18699,49,47,0,47,0
2020-09-20,Riverside,065,2383286,57826,56783,136,56919,1147
2020-09-20,Sacramento,067,1510023,21981,21394,16,21410,401
2020-09-20,San Benito,069,59416,1318,1291,0,1291,9
2020-09-20,San Bernardino,071,2135413,53043,51559,352,51911,970
2020-09-20,San Diego,073,3302833,46292,44579,854,45433,760
2020-09-20,San Francisco,075,870044,11062,10743,26,10769,95
2020-09-20,San Joaquin,077,732212,19944,19578,48,19626,423
2020-09-20,San Luis Obispo,079,281455,3584,3393,17,3410,27
2020-09-20,San Mateo,081,765935,9946,9198,7,9205,127
2020-09-20,Santa Barbara,083,443738,9667,8880,67,8947,110
2020-09-20,Santa Clara,085,1922200,21424,20330,30,20360,252
2020-09-20,Santa Cruz,087,273765,2340,2199,30,2229,8
2020-09-20,Shasta,089,179085,901,696,3,699,14
2020-09-20,Sierra,091,2930,6,6,0,6,0
2020-09-20,Siskiyou,093,43540,150,146,10,156,0
2020-09-20,Solano,095,438530,6177,6020,41,6061,46
2020-09-20,Sonoma,097,501317,7268,6954,19,6973,117
2020-09-20,Stanislaus,099,539301,16385,16159,517,16676,310
2020-09-20,Sutter,101,95872,1655,1624,1,1625,10
2020-09-20,Tehama,103,63373,528,509,2,511,2
2020-09-20,Trinity,105,12862,38,15,6,21,0
2020-09-20,Tulare,107,460477,15896,15528,106,15634,260
2020-09-20,Tuolumne,109,53932,230,221,3,224,1
2020-09-20,Ventura,111,848112,12924,12406,145,12551,133
2020-09-20,Yolo,113,214977,2783,2745,6,2751,54
2020-09-20,Yuba,115,75493,1057,1029,5,1034,1
2020-09-19,Alameda,001,1643700,21012,20349,171,20520,343
2020-09-19,Alpine,003,1148,3,2,0,2,0
2020-09-19,Amador,005,37829,289,285,0,285,16
2020-09-19,Butte,007,227075,2866,2748,29,2777,38
2020-09-19,Calaveras,009,45235,301,256,0,256,10
2020-09-19,Colusa,011,21464,519,507,0,507,6
2020-09-19,Contra Costa,013,1133247,16618,15783,82,15865,186
2020-09-19,Del Norte,015,27424,133,132,0,132,2
2020-09-19,El Dorado,017,186661,1129,1068,0,1068,4
2020-09-19,Fresno,019,978130,30000,27668,351,28019,362
2020-09-19,Glenn,021,27897,569,547,0,547,3
2020-09-19,Humboldt,023,135768,492,471,1,472,5
2020-09-19,Imperial,025,180216,11689,10496,7,10503,284
2020-09-19,Inyo,027,18085,186,177,1,178,12
2020-09-19,Kern,029,883053,31551,30886,307,31193,379
2020-09-19,Kings,031,150075,7511,7130,39,7169,76
2020-09-19,Lake,033,64148,542,465,0,465,8
2020-09-19,Lassen,035,31185,742,731,2,733,0
2020-09-19,Los Angeles,037,10098052,263013,259801,1760,261561,6325
2020-09-19,Madera,039,155013,4456,4237,27,4264,47
2020-09-19,Marin,041,260295,6617,6513,15,6528,81
2020-09-19,Mariposa,043,17540,74,74,0,74,2
2020-09-19,Mendocino,045,87422,826,750,0,750,18
2020-09-19,Merced,047,269075,8783,8717,14,8731,128
2020-09-19,Modoc,049,8938,27,22,0,22,0
2020-09-19,Mono,051,14174,167,147,1,148,1
2020-09-19,Monterey,053,433212,9578,9237,25,9262,65
2020-09-19,Napa,055,140530,1680,1614,5,1619,11
2020-09-19,Nevada,057,99092,533,505,14,519,6
2020-09-19,Orange,059,3164182,53937,50999,1425,52424,1105
2020-09-19,Placer,061,380077,3558,3412,13,3425,40
2020-09-19,Plumas,063,18699,49,47,0,47,0
2020-09-19,Riverside,065,2383286,57702,56562,135,56697,1147
2020-09-19,Sacramento,067,1510023,21927,21297,16,21313,396
2020-09-19,San Benito,069,59416,1314,1276,0,1276,9
2020-09-19,San Bernardino,071,2135413,52887,51353,349,51702,971
2020-09-19,San Diego,073,3302833,46064,44295,831,45126,773
2020-09-19,San Francisco,075,870044,11029,10741,26,10767,95
2020-09-19,San Joaquin,077,732212,19907,19580,48,19628,424
2020-09-19,San Luis Obispo,079,281455,3563,3369,17,3386,27
2020-09-19,San Mateo,081,765935,9915,9158,7,9165,127
2020-09-19,Santa Barbara,083,443738,9646,8862,67,8929,106
2020-09-19,Santa Clara,085,1922200,21335,20170,30,20200,251
2020-09-19,Santa Cruz,087,273765,2326,2198,29,2227,8
2020-09-19,Shasta,089,179085,874,687,3,690,14
2020-09-19,Sierra,091,2930,6,6,0,6,0
2020-09-19,Siskiyou,093,43540,150,146,10,156,0
2020-09-19,Solano,095,438530,6161,5998,41,6039,46
2020-09-19,Sonoma,097,501317,7235,6905,19,6924,117
2020-09-19,Stanislaus,099,539301,16345,16109,510,16619,313
2020-09-19,Sutter,101,95872,1654,1602,1,1603,10
2020-09-19,Tehama,103,63373,523,498,2,500,2
2020-09-19,Trinity,105,12862,38,15,6,21,0
2020-09-19,Tulare,107,460477,15847,15485,103,15588,260
2020-09-19,Tuolumne,109,53932,230,217,3,220,1
2020-09-19,Ventura,111,848112,12892,12328,145,12473,133
2020-09-19,Yolo,113,214977,2775,2739,6,2745,54
2020-09-19,Yuba,115,75493,1050,1023,5,1028,1
2020-09-18,Alameda,001,1643700,20947,20222,165,20387,341
2020-09-18,Alpine,003,1148,3,2,0,2,0
2020-09-18,Amador,005,37829,289,285,0,285,16
2020-09-18,Butte,007,227075,2864,2738,29,2767,37
2020-09-18,Calaveras,009,45235,301,255,0,255,9
2020-09-18,Colusa,011,21464,519,504,0,504,6
2020-09-18,Contra Costa,013,1133247,16533,15667,82,15749,185
2020-09-18,Del Norte,015,27424,133,131,0,131,2
2020-09-18,El Dorado,017,186661,1116,1063,0,1063,4
2020-09-18,Fresno,019,978130,29935,27560,351,27911,359
2020-09-18,Glenn,021,27897,566,541,0,541,3
2020-09-18,Humboldt,023,135768,489,470,1,471,5
2020-09-18,Imperial,025,180216,11674,10460,7,10467,283
2020-09-18,Inyo,027,18085,186,177,1,178,12
2020-09-18,Kern,029,883053,31493,30742,304,31046,373
2020-09-18,Kings,031,150075,7501,7062,39,7101,74
2020-09-18,Lake,033,64148,536,458,0,458,8
2020-09-18,Lassen,035,31185,741,731,2,733,0
2020-09-18,Los Angeles,037,10098052,262238,258488,1741,260229,6324
2020-09-18,Madera,039,155013,4444,4211,27,4238,45
2020-09-18,Marin,041,260295,6602,6475,15,6490,81
2020-09-18,Mariposa,043,17540,74,74,0,74,2
2020-09-18,Mendocino,045,87422,818,739,0,739,18
2020-09-18,Merced,047,269075,8771,8691,13,8704,127
2020-09-18,Modoc,049,8938,27,22,0,22,0
2020-09-18,Mono,051,14174,165,147,1,148,1
2020-09-18,Monterey,053,433212,9536,9183,25,9208,64
2020-09-18,Napa,055,140530,1674,1604,5,1609,11
2020-09-18,Nevada,057,99092,530,504,14,518,6
2020-09-18,Orange,059,3164182,53790,50733,1413,52146,1107
2020-09-18,Placer,061,380077,3547,3389,13,3402,40
2020-09-18,Plumas,063,18699,49,45,0,45,0
2020-09-18,Riverside,065,2383286,57582,56248,131,56379,1143
2020-09-18,Sacramento,067,1510023,21844,21105,16,21121,391
2020-09-18,San Benito,069,59416,1306,1257,0,1257,8
2020-09-18,San Bernardino,071,2135413,52743,51106,346,51452,970
2020-09-18,San Diego,073,3302833,45814,44009,826,44835,757
2020-09-18,San Francisco,075,870044,10991,10644,25,10669,95
2020-09-18,San Joaquin,077,732212,19863,19531,46,19577,423
2020-09-18,San Luis Obispo,079,281455,3539,3328,17,3345,27
2020-09-18,San Mateo,081,765935,9875,9062,7,9069,127
2020-09-18,Santa Barbara,083,443738,9624,8824,67,8891,107
2020-09-18,Santa Clara,085,1922200,21237,20058,30,20088,252
2020-09-18,Santa Cruz,087,273765,2305,2180,28,2208,8
2020-09-18,Shasta,089,179085,839,668,3,671,14
2020-09-18,Sierra,091,2930,6,6,0,6,0
2020-09-18,Siskiyou,093,43540,149,146,10,156,0
2020-09-18,Solano,095,438530,6145,5961,41,6002,46
2020-09-18,Sonoma,097,501317,7187,6856,19,6875,114
2020-09-18,Stanislaus,099,539301,16317,16042,504,16546,277
2020-09-18,Sutter,101,95872,1646,1586,1,1587,10
2020-09-18,Tehama,103,63373,523,490,2,492,2
2020-09-18,Trinity,105,12862,38,15,5,20,0
2020-09-18,Tulare,107,460477,15814,15435,99,15534,259
2020-09-18,Tuolumne,109,53932,229,216,3,219,1
2020-09-18,Ventura,111,848112,12831,12236,141,12377,133
2020-09-18,Yolo,113,214977,2769,2732,6,2738,54
2020-09-18,Yuba,115,75493,1046,1020,5,1025,1
2020-09-17,Alameda,001,1643700,20848,20146,165,20311,339
2020-09-17,Alpine,003,1148,3,2,0,2,0
2020-09-17,Amador,005,37829,287,284,0,284,16
2020-09-17,Butte,007,227075,2846,2720,29,2749,38
2020-09-17,Calaveras,009,45235,301,254,0,254,9
2020-09-17,Colusa,011,21464,517,499,0,499,6
2020-09-17,Contra Costa,013,1133247,16443,15576,82,15658,184
2020-09-17,Del Norte,015,27424,133,131,0,131,2
2020-09-17,El Dorado,017,186661,1107,1057,0,1057,4
2020-09-17,Fresno,019,978130,29826,27487,346,27833,355
2020-09-17,Glenn,021,27897,565,541,0,541,3
2020-09-17,Humboldt,023,135768,483,466,1,467,5
2020-09-17,Imperial,025,180216,11657,10436,7,10443,281
2020-09-17,Inyo,027,18085,186,176,1,177,12
2020-09-17,Kern,029,883053,31432,30627,297,30924,372
2020-09-17,Kings,031,150075,7430,7015,39,7054,72
2020-09-17,Lake,033,64148,526,433,0,433,8
2020-09-17,Lassen,035,31185,739,731,2,733,0
2020-09-17,Los Angeles,037,10098052,261293,257246,1727,258973,6318
2020-09-17,Madera,039,155013,4410,4152,27,4179,45
2020-09-17,Marin,041,260295,6581,6457,15,6472,81
2020-09-17,Mariposa,043,17540,74,74,0,74,2
2020-09-17,Mendocino,045,87422,807,737,0,737,18
2020-09-17,Merced,047,269075,8752,8671,13,8684,119
2020-09-17,Modoc,049,8938,27,22,0,22,0
2020-09-17,Mono,051,14174,165,147,1,148,1
2020-09-17,Monterey,053,433212,9474,9113,24,9137,62
2020-09-17,Napa,055,140530,1663,1592,5,1597,11
2020-09-17,Nevada,057,99092,528,494,14,508,6
2020-09-17,Orange,059,3164182,53610,50537,1400,51937,1098
2020-09-17,Placer,061,380077,3526,3368,13,3381,40
2020-09-17,Plumas,063,18699,49,45,0,45,0
2020-09-17,Riverside,065,2383286,57356,56007,130,56137,1134
2020-09-17,Sacramento,067,1510023,21609,20895,16,20911,385
2020-09-17,San Benito,069,59416,1303,1252,0,1252,8
2020-09-17,San Bernardino,071,2135413,52542,50770,346,51116,904
2020-09-17,San Diego,073,3302833,45534,43621,814,44435,754
2020-09-17,San Francisco,075,870044,10896,10564,25,10589,95
2020-09-17,San Joaquin,077,732212,19804,19439,46,19485,416
2020-09-17,San Luis Obispo,079,281455,3511,3299,17,3316,27
2020-09-17,San Mateo,081,765935,9833,8984,7,8991,127
2020-09-17,Santa Barbara,083,443738,9600,8779,67,8846,107
2020-09-17,Santa Clara,085,1922200,21120,19825,30,19855,254
2020-09-17,Santa Cruz,087,273765,2289,2155,28,2183,7
2020-09-17,Shasta,089,179085,800,660,3,663,12
2020-09-17,Sierra,091,2930,6,6,0,6,0
2020-09-17,Siskiyou,093,43540,149,146,10,156,0
2020-09-17,Solano,095,438530,6122,5915,41,5956,44
2020-09-17,Sonoma,097,501317,7123,6754,19,6773,114
2020-09-17,Stanislaus,099,539301,16284,15984,500,16484,277
2020-09-17,Sutter,101,95872,1641,1572,1,1573,10
2020-09-17,Tehama,103,63373,509,487,2,489,2
2020-09-17,Trinity,105,12862,38,15,5,20,0
2020-09-17,Tulare,107,460477,15761,15344,97,15441,258
2020-09-17,Tuolumne,109,53932,228,214,3,217,1
2020-09-17,Ventura,111,848112,12745,12167,137,12304,130
2020-09-17,Yolo,113,214977,2760,2724,6,2730,53
2020-09-17,Yuba,115,75493,1042,1015,5,1020,1
2020-09-16,Alameda,001,1643700,20751,20009,163,20172,333
2020-09-16,Alpine,003,1148,3,2,0,2,0
2020-09-16,Amador,005,37829,287,284,0,284,16
2020-09-16,Butte,007,227075,2836,2704,29,2733,38
2020-09-16,Calaveras,009,45235,301,254,0,254,9
2020-09-16,Colusa,011,21464,515,497,0,497,6
2020-09-16,Contra Costa,013,1133247,16357,15473,82,15555,183
2020-09-16,Del Norte,015,27424,133,131,0,131,2
2020-09-16,El Dorado,017,186661,1099,1049,0,1049,4
2020-09-16,Fresno,019,978130,29720,27381,344,27725,343
2020-09-16,Glenn,021,27897,563,539,0,539,3
2020-09-16,Humboldt,023,135768,482,455,1,456,4
2020-09-16,Imperial,025,180216,11634,10401,7,10408,277
2020-09-16,Inyo,027,18085,185,176,1,177,12
2020-09-16,Kern,029,883053,31372,30570,296,30866,371
2020-09-16,Kings,031,150075,7405,7002,37,7039,71
2020-09-16,Lake,033,64148,515,417,0,417,6
2020-09-16,Lassen,035,31185,738,730,2,732,0
2020-09-16,Los Angeles,037,10098052,260295,256101,1709,257810,6299
2020-09-16,Madera,039,155013,4387,4138,27,4165,45
2020-09-16,Marin,041,260295,6553,6430,15,6445,77
2020-09-16,Mariposa,043,17540,74,74,0,74,2
2020-09-16,Mendocino,045,87422,798,727,0,727,18
2020-09-16,Merced,047,269075,8731,8646,13,8659,118
2020-09-16,Modoc,049,8938,27,22,0,22,0
2020-09-16,Mono,051,14174,165,147,1,148,1
2020-09-16,Monterey,053,433212,9420,8997,24,9021,62
2020-09-16,Napa,055,140530,1649,1587,5,1592,11
2020-09-16,Nevada,057,99092,523,495,13,508,6
2020-09-16,Orange,059,3164182,53410,50414,1391,51805,1096
2020-09-16,Placer,061,380077,3508,3351,13,3364,39
2020-09-16,Plumas,063,18699,49,45,0,45,0
2020-09-16,Riverside,065,2383286,57160,55811,122,55933,1127
2020-09-16,Sacramento,067,1510023,21514,20610,16,20626,377
2020-09-16,San Benito,069,59416,1295,1244,0,1244,8
2020-09-16,San Bernardino,071,2135413,52316,50509,345,50854,907
2020-09-16,San Diego,073,3302833,45242,43447,793,44240,748
2020-09-16,San Francisco,075,870044,10849,10502,25,10527,90
2020-09-16,San Joaquin,077,732212,19750,19377,45,19422,409
2020-09-16,San Luis Obispo,079,281455,3481,3285,17,3302,28
2020-09-16,San Mateo,081,765935,9768,8944,7,8951,127
2020-09-16,Santa Barbara,083,443738,9568,8764,67,8831,107
2020-09-16,Santa Clara,085,1922200,21000,19684,30,19714,253
2020-09-16,Santa Cruz,087,273765,2248,2089,27,2116,7
2020-09-16,Shasta,089,179085,774,635,3,638,11
2020-09-16,Sierra,091,2930,6,6,0,6,0
2020-09-16,Siskiyou,093,43540,148,145,10,155,0
2020-09-16,Solano,095,438530,6092,5899,41,5940,44
2020-09-16,Sonoma,097,501317,7062,6731,19,6750,104
2020-09-16,Stanislaus,099,539301,16236,15897,492,16389,263
2020-09-16,Sutter,101,95872,1628,1567,1,1568,10
2020-09-16,Tehama,103,63373,501,485,2,487,2
2020-09-16,Trinity,105,12862,38,15,5,20,0
2020-09-16,Tulare,107,460477,15718,15314,89,15403,258
2020-09-16,Tuolumne,109,53932,227,210,3,213,1
2020-09-16,Ventura,111,848112,12676,12073,135,12208,130
2020-09-16,Yolo,113,214977,2753,2709,6,2715,53
2020-09-16,Yuba,115,75493,1040,1000,5,1005,1
2020-09-15,Alameda,001,1643700,20644,19931,160,20091,327
2020-09-15,Alpine,003,1148,3,2,0,2,0
2020-09-15,Amador,005,37829,286,282,0,282,16
2020-09-15,Butte,007,227075,2823,2695,27,2722,38
2020-09-15,Calaveras,009,45235,301,248,0,248,5
2020-09-15,Colusa,011,21464,509,497,0,497,6
2020-09-15,Contra Costa,013,1133247,16254,15423,81,15504,180
2020-09-15,Del Norte,015,27424,133,129,0,129,2
2020-09-15,El Dorado,017,186661,1094,1046,0,1046,4
2020-09-15,Fresno,019,978130,29614,27312,339,27651,343
2020-09-15,Glenn,021,27897,562,531,0,531,3
2020-09-15,Humboldt,023,135768,480,456,1,457,4
2020-09-15,Imperial,025,180216,11609,10376,7,10383,277
2020-09-15,Inyo,027,18085,185,176,1,177,12
2020-09-15,Kern,029,883053,31259,30429,293,30722,368
2020-09-15,Kings,031,150075,7247,6977,37,7014,70
2020-09-15,Lake,033,64148,501,416,0,416,4
2020-09-15,Lassen,035,31185,734,719,2,721,0
2020-09-15,Los Angeles,037,10098052,259180,255048,1687,256735,6269
2020-09-15,Madera,039,155013,4368,4122,27,4149,45
2020-09-15,Marin,041,260295,6522,6423,15,6438,77
2020-09-15,Mariposa,043,17540,74,74,0,74,2
2020-09-15,Mendocino,045,87422,780,724,0,724,18
2020-09-15,Merced,047,269075,8701,8633,13,8646,114
2020-09-15,Modoc,049,8938,26,21,0,21,0
2020-09-15,Mono,051,14174,165,147,1,148,1
2020-09-15,Monterey,053,433212,9371,8943,24,8967,62
2020-09-15,Napa,055,140530,1635,1580,5,1585,11
2020-09-15,Nevada,057,99092,518,494,13,507,6
2020-09-15,Orange,059,3164182,53228,50294,1376,51670,1088
2020-09-15,Placer,061,380077,3484,3331,13,3344,38
2020-09-15,Plumas,063,18699,49,44,0,44,0
2020-09-15,Riverside,065,2383286,56866,55569,112,55681,1118
2020-09-15,Sacramento,067,1510023,21371,20487,16,20503,372
2020-09-15,San Benito,069,59416,1288,1237,0,1237,7
2020-09-15,San Bernardino,071,2135413,52100,50333,344,50677,904
2020-09-15,San Diego,073,3302833,44923,43183,773,43956,742
2020-09-15,San Francisco,075,870044,10791,10414,25,10439,90
2020-09-15,San Joaquin,077,732212,19698,19313,45,19358,401
2020-09-15,San Luis Obispo,079,281455,3461,3262,17,3279,28
2020-09-15,San Mateo,081,765935,9698,8895,7,8902,127
2020-09-15,Santa Barbara,083,443738,9543,8724,66,8790,104
2020-09-15,Santa Clara,085,1922200,20864,19610,30,19640,252
2020-09-15,Santa Cruz,087,273765,2222,2079,26,2105,7
2020-09-15,Shasta,089,179085,762,627,3,630,11
2020-09-15,Sierra,091,2930,6,6,0,6,0
2020-09-15,Siskiyou,093,43540,148,143,10,153,0
2020-09-15,Solano,095,438530,6058,5878,41,5919,45
2020-09-15,Sonoma,097,501317,7023,6701,19,6720,104
2020-09-15,Stanislaus,099,539301,16188,15880,490,16370,260
2020-09-15,Sutter,101,95872,1616,1556,1,1557,10
2020-09-15,Tehama,103,63373,489,484,2,486,2
2020-09-15,Trinity,105,12862,38,15,5,20,0
2020-09-15,Tulare,107,460477,15641,15203,87,15290,254
2020-09-15,Tuolumne,109,53932,227,209,3,212,1
2020-09-15,Ventura,111,848112,12624,11932,134,12066,128
2020-09-15,Yolo,113,214977,2749,2708,6,2714,53
2020-09-15,Yuba,115,75493,1034,991,4,995,1
2020-09-14,Alameda,001,1643700,20517,19851,159,20010,306
2020-09-14,Alpine,003,1148,3,2,0,2,0
2020-09-14,Amador,005,37829,284,281,0,281,16
2020-09-14,Butte,007,227075,2806,2642,27,2669,37
2020-09-14,Calaveras,009,45235,301,244,0,244,3
2020-09-14,Colusa,011,21464,508,486,0,486,6
2020-09-14,Contra Costa,013,1133247,16130,15354,80,15434,174
2020-09-14,Del Norte,015,27424,130,116,0,116,2
2020-09-14,El Dorado,017,186661,1090,1039,0,1039,3
2020-09-14,Fresno,019,978130,29529,27232,336,27568,344
2020-09-14,Glenn,021,27897,554,521,0,521,3
2020-09-14,Humboldt,023,135768,477,437,1,438,4
2020-09-14,Imperial,025,180216,11589,10340,7,10347,273
2020-09-14,Inyo,027,18085,185,176,1,177,12
2020-09-14,Kern,029,883053,31171,30344,291,30635,368
2020-09-14,Kings,031,150075,7165,6950,37,6987,70
2020-09-14,Lake,033,64148,481,407,0,407,4
2020-09-14,Lassen,035,31185,734,719,2,721,0
2020-09-14,Los Angeles,037,10098052,258147,254622,1659,256281,6226
2020-09-14,Madera,039,155013,4354,4104,27,4131,45
2020-09-14,Marin,041,260295,6501,6409,15,6424,70
2020-09-14,Mariposa,043,17540,74,74,0,74,2
2020-09-14,Mendocino,045,87422,763,710,0,710,17
2020-09-14,Merced,047,269075,8682,8593,13,8606,112
2020-09-14,Modoc,049,8938,26,21,0,21,0
2020-09-14,Mono,051,14174,165,147,1,148,1
2020-09-14,Monterey,053,433212,9300,8845,23,8868,61
2020-09-14,Napa,055,140530,1618,1576,5,1581,11
2020-09-14,Nevada,057,99092,513,489,13,502,6
2020-09-14,Orange,059,3164182,53068,50149,1359,51508,1079
2020-09-14,Placer,061,380077,3463,3302,13,3315,38
2020-09-14,Plumas,063,18699,48,42,0,42,0
2020-09-14,Riverside,065,2383286,56647,55488,106,55594,1113
2020-09-14,Sacramento,067,1510023,21176,20377,15,20392,367
2020-09-14,San Benito,069,59416,1273,1233,0,1233,7
2020-09-14,San Bernardino,071,2135413,51876,50163,343,50506,895
2020-09-14,San Diego,073,3302833,44612,42889,753,43642,734
2020-09-14,San Francisco,075,870044,10724,10255,23,10278,90
2020-09-14,San Joaquin,077,732212,19624,19111,44,19155,397
2020-09-14,San Luis Obispo,079,281455,3436,3248,17,3265,25
2020-09-14,San Mateo,081,765935,9636,8847,7,8854,127
2020-09-14,Santa Barbara,083,443738,9517,8692,66,8758,104
2020-09-14,Santa Clara,085,1922200,20675,19545,30,19575,247
2020-09-14,Santa Cruz,087,273765,2202,2016,23,2039,7
2020-09-14,Shasta,089,179085,739,584,3,587,10
2020-09-14,Sierra,091,2930,6,6,0,6,0
2020-09-14,Siskiyou,093,43540,147,143,10,153,0
2020-09-14,Solano,095,438530,6023,5834,41,5875,44
2020-09-14,Sonoma,097,501317,6960,6630,19,6649,102
2020-09-14,Stanislaus,099,539301,16143,15812,487,16299,253
2020-09-14,Sutter,101,95872,1605,1549,1,1550,10
2020-09-14,Tehama,103,63373,487,475,2,477,1
2020-09-14,Trinity,105,12862,37,14,5,19,0
2020-09-14,Tulare,107,460477,15571,15096,81,15177,254
2020-09-14,Tuolumne,109,53932,226,208,3,211,1
2020-09-14,Ventura,111,848112,12522,11903,131,12034,125
2020-09-14,Yolo,113,214977,2738,2687,6,2693,53
2020-09-14,Yuba,115,75493,1026,977,4,981,1
2020-09-13,Alameda,001,1643700,20411,19815,156,19971,306
2020-09-13,Alpine,003,1148,3,2,0,2,0
2020-09-13,Amador,005,37829,281,279,0,279,16
2020-09-13,Butte,007,227075,2784,2640,27,2667,37
2020-09-13,Calaveras,009,45235,300,246,0,246,3
2020-09-13,Colusa,011,21464,504,486,0,486,6
2020-09-13,Contra Costa,013,1133247,16023,15284,79,15363,172
2020-09-13,Del Norte,015,27424,127,116,0,116,1
2020-09-13,El Dorado,017,186661,1085,1035,0,1035,2
2020-09-13,Fresno,019,978130,29422,27196,327,27523,345
2020-09-13,Glenn,021,27897,550,517,0,517,3
2020-09-13,Humboldt,023,135768,477,434,1,435,4
2020-09-13,Imperial,025,180216,11552,10304,6,10310,273
2020-09-13,Inyo,027,18085,185,176,1,177,12
2020-09-13,Kern,029,883053,31078,30277,284,30561,368
2020-09-13,Kings,031,150075,7146,6937,37,6974,70
2020-09-13,Lake,033,64148,462,397,0,397,4
2020-09-13,Lassen,035,31185,731,719,2,721,0
2020-09-13,Los Angeles,037,10098052,256999,253950,1643,255593,6203
2020-09-13,Madera,039,155013,4297,4090,27,4117,45
2020-09-13,Marin,041,260295,6480,6395,15,6410,70
2020-09-13,Mariposa,043,17540,74,74,0,74,2
2020-09-13,Mendocino,045,87422,756,707,0,707,17
2020-09-13,Merced,047,269075,8648,8575,13,8588,112
2020-09-13,Modoc,049,8938,26,21,0,21,0
2020-09-13,Mono,051,14174,165,147,1,148,1
2020-09-13,Monterey,053,433212,9218,8826,22,8848,61
2020-09-13,Napa,055,140530,1611,1563,5,1568,11
2020-09-13,Nevada,057,99092,505,486,13,499,6
2020-09-13,Orange,059,3164182,52855,50061,1352,51413,1075
2020-09-13,Placer,061,380077,3433,3291,13,3304,38
2020-09-13,Plumas,063,18699,48,42,0,42,0
2020-09-13,Riverside,065,2383286,56438,55235,95,55330,1108
2020-09-13,Sacramento,067,1510023,20830,20279,15,20294,367
2020-09-13,San Benito,069,59416,1265,1217,0,1217,7
2020-09-13,San Bernardino,071,2135413,51591,49968,341,50309,895
2020-09-13,San Diego,073,3302833,44286,42681,719,43400,734
2020-09-13,San Francisco,075,870044,10646,10254,23,10277,90
2020-09-13,San Joaquin,077,732212,19552,19110,43,19153,396
2020-09-13,San Luis Obispo,079,281455,3400,3240,17,3257,24
2020-09-13,San Mateo,081,765935,9575,8811,7,8818,127
2020-09-13,Santa Barbara,083,443738,9480,8690,66,8756,104
2020-09-13,Santa Clara,085,1922200,20540,19456,29,19485,245
2020-09-13,Santa Cruz,087,273765,2169,2016,21,2037,7
2020-09-13,Shasta,089,179085,727,583,3,586,10
2020-09-13,Sierra,091,2930,6,6,0,6,0
2020-09-13,Siskiyou,093,43540,147,143,9,152,0
2020-09-13,Solano,095,438530,5977,5810,41,5851,43
2020-09-13,Sonoma,097,501317,6895,6592,19,6611,95
2020-09-13,Stanislaus,099,539301,16080,15759,475,16234,253
2020-09-13,Sutter,101,95872,1592,1539,1,1540,10
2020-09-13,Tehama,103,63373,483,476,2,478,1
2020-09-13,Trinity,105,12862,37,14,5,19,0
2020-09-13,Tulare,107,460477,15499,15098,80,15178,254
2020-09-13,Tuolumne,109,53932,223,208,3,211,1
2020-09-13,Ventura,111,848112,12415,11855,130,11985,123
2020-09-13,Yolo,113,214977,2726,2675,6,2681,53
2020-09-13,Yuba,115,75493,1021,967,4,971,1
2020-09-12,Alameda,001,1643700,20352,19758,156,19914,307
2020-09-12,Alpine,003,1148,3,2,0,2,0
2020-09-12,Amador,005,37829,280,278,0,278,16
2020-09-12,Butte,007,227075,2777,2629,26,2655,37
2020-09-12,Calaveras,009,45235,298,246,0,246,3
2020-09-12,Colusa,011,21464,500,486,0,486,6
2020-09-12,Contra Costa,013,1133247,15949,15135,78,15213,174
2020-09-12,Del Norte,015,27424,126,116,0,116,1
2020-09-12,El Dorado,017,186661,1078,1034,0,1034,2
2020-09-12,Fresno,019,978130,29351,27076,327,27403,345
2020-09-12,Glenn,021,27897,549,517,0,517,3
2020-09-12,Humboldt,023,135768,476,430,1,431,4
2020-09-12,Imperial,025,180216,11540,10305,6,10311,273
2020-09-12,Inyo,027,18085,185,177,1,178,12
2020-09-12,Kern,029,883053,31012,30202,284,30486,368
2020-09-12,Kings,031,150075,7136,6895,37,6932,70
2020-09-12,Lake,033,64148,456,393,0,393,4
2020-09-12,Lassen,035,31185,731,719,2,721,0
2020-09-12,Los Angeles,037,10098052,256440,253156,1622,254778,6193
2020-09-12,Madera,039,155013,4286,4058,27,4085,43
2020-09-12,Marin,041,260295,6471,6393,15,6408,69
2020-09-12,Mariposa,043,17540,74,72,0,72,2
2020-09-12,Mendocino,045,87422,753,700,0,700,17
2020-09-12,Merced,047,269075,8639,8533,13,8546,112
2020-09-12,Modoc,049,8938,25,21,0,21,0
2020-09-12,Mono,051,14174,165,147,1,148,1
2020-09-12,Monterey,053,433212,9182,8743,22,8765,61
2020-09-12,Napa,055,140530,1608,1556,5,1561,11
2020-09-12,Nevada,057,99092,504,482,13,495,6
2020-09-12,Orange,059,3164182,52741,49895,1349,51244,1078
2020-09-12,Placer,061,380077,3416,3280,13,3293,38
2020-09-12,Plumas,063,18699,48,42,0,42,0
2020-09-12,Riverside,065,2383286,56310,55058,91,55149,1108
2020-09-12,Sacramento,067,1510023,20761,20184,15,20199,367
2020-09-12,San Benito,069,59416,1262,1208,0,1208,7
2020-09-12,San Bernardino,071,2135413,51500,49945,339,50284,896
2020-09-12,San Diego,073,3302833,44092,42416,710,43126,747
2020-09-12,San Francisco,075,870044,10601,10257,23,10280,90
2020-09-12,San Joaquin,077,732212,19524,19108,43,19151,396
2020-09-12,San Luis Obispo,079,281455,3374,3220,17,3237,24
2020-09-12,San Mateo,081,765935,9530,8759,7,8766,127
2020-09-12,Santa Barbara,083,443738,9465,8642,66,8708,104
2020-09-12,Santa Clara,085,1922200,20456,19330,29,19359,237
2020-09-12,Santa Cruz,087,273765,2157,2016,21,2037,7
2020-09-12,Shasta,089,179085,715,569,3,572,10
2020-09-12,Sierra,091,2930,6,6,0,6,0
2020-09-12,Siskiyou,093,43540,147,141,9,150,0
2020-09-12,Solano,095,438530,5953,5772,41,5813,43
2020-09-12,Sonoma,097,501317,6871,6531,19,6550,95
2020-09-12,Stanislaus,099,539301,16048,15675,472,16147,253
2020-09-12,Sutter,101,95872,1586,1529,1,1530,10
2020-09-12,Tehama,103,63373,480,471,2,473,1
2020-09-12,Trinity,105,12862,37,15,5,20,0
2020-09-12,Tulare,107,460477,15454,15018,79,15097,254
2020-09-12,Tuolumne,109,53932,223,208,3,211,1
2020-09-12,Ventura,111,848112,12364,11759,128,11887,123
2020-09-12,Yolo,113,214977,2719,2646,6,2652,53
2020-09-12,Yuba,115,75493,1017,963,4,967,1
2020-09-11,Alameda,001,1643700,20297,19625,155,19780,298
2020-09-11,Alpine,003,1148,3,2,0,2,0
2020-09-11,Amador,005,37829,280,277,0,277,16
2020-09-11,Butte,007,227075,2766,2605,26,2631,37
2020-09-11,Calaveras,009,45235,297,242,0,242,1
2020-09-11,Colusa,011,21464,499,484,0,484,6
2020-09-11,Contra Costa,013,1133247,15897,15001,75,15076,173
2020-09-11,Del Norte,015,27424,126,115,0,115,1
2020-09-11,El Dorado,017,186661,1075,1024,0,1024,2
2020-09-11,Fresno,019,978130,29271,26917,326,27243,344
2020-09-11,Glenn,021,27897,544,515,0,515,3
2020-09-11,Humboldt,023,135768,474,426,1,427,4
2020-09-11,Imperial,025,180216,11522,10286,6,10292,273
2020-09-11,Inyo,027,18085,185,176,1,177,12
2020-09-11,Kern,029,883053,30944,30059,283,30342,365
2020-09-11,Kings,031,150075,7119,6770,37,6807,70
2020-09-11,Lake,033,64148,449,382,0,382,4
2020-09-11,Lassen,035,31185,731,719,2,721,0
2020-09-11,Los Angeles,037,10098052,255759,252057,1611,253668,6172
2020-09-11,Madera,039,155013,4267,4018,27,4045,43
2020-09-11,Marin,041,260295,6468,6364,15,6379,69
2020-09-11,Mariposa,043,17540,74,72,0,72,2
2020-09-11,Mendocino,045,87422,742,700,0,700,17
2020-09-11,Merced,047,269075,8618,8489,13,8502,109
2020-09-11,Modoc,049,8938,25,21,0,21,0
2020-09-11,Mono,051,14174,165,145,1,146,1
2020-09-11,Monterey,053,433212,9134,8595,22,8617,61
2020-09-11,Napa,055,140530,1597,1543,5,1548,11
2020-09-11,Nevada,057,99092,497,483,13,496,6
2020-09-11,Orange,059,3164182,52612,49755,1337,51092,1068
2020-09-11,Placer,061,380077,3401,3254,13,3267,37
2020-09-11,Plumas,063,18699,48,42,0,42,0
2020-09-11,Riverside,065,2383286,56177,54717,88,54805,1099
2020-09-11,Sacramento,067,1510023,20676,20012,15,20027,358
2020-09-11,San Benito,069,59416,1252,1202,0,1202,7
2020-09-11,San Bernardino,071,2135413,51400,49682,339,50021,871
2020-09-11,San Diego,073,3302833,43872,41971,704,42675,730
2020-09-11,San Francisco,075,870044,10553,10133,22,10155,89
2020-09-11,San Joaquin,077,732212,19477,19019,43,19062,391
2020-09-11,San Luis Obispo,079,281455,3356,3190,17,3207,24
2020-09-11,San Mateo,081,765935,9488,8611,7,8618,127
2020-09-11,Santa Barbara,083,443738,9431,8592,65,8657,103
2020-09-11,Santa Clara,085,1922200,20367,19065,29,19094,234
2020-09-11,Santa Cruz,087,273765,2140,1997,21,2018,7
2020-09-11,Shasta,089,179085,705,568,3,571,10
2020-09-11,Sierra,091,2930,6,6,0,6,0
2020-09-11,Siskiyou,093,43540,146,139,9,148,0
2020-09-11,Solano,095,438530,5936,5742,41,5783,42
2020-09-11,Sonoma,097,501317,6826,6469,19,6488,91
2020-09-11,Stanislaus,099,539301,16010,15613,469,16082,253
2020-09-11,Sutter,101,95872,1576,1505,1,1506,11
2020-09-11,Tehama,103,63373,477,466,2,468,1
2020-09-11,Trinity,105,12862,37,16,5,21,0
2020-09-11,Tulare,107,460477,15423,14932,77,15009,251
2020-09-11,Tuolumne,109,53932,223,208,3,211,1
2020-09-11,Ventura,111,848112,12310,11700,126,11826,123
2020-09-11,Yolo,113,214977,2708,2632,6,2638,53
2020-09-11,Yuba,115,75493,1009,946,4,950,1
2020-09-10,Alameda,001,1643700,20223,19509,155,19664,292
2020-09-10,Alpine,003,1148,3,2,0,2,0
2020-09-10,Amador,005,37829,279,277,0,277,16
2020-09-10,Butte,007,227075,2749,2590,26,2616,37
2020-09-10,Calaveras,009,45235,297,244,0,244,1
2020-09-10,Colusa,011,21464,497,482,0,482,6
2020-09-10,Contra Costa,013,1133247,15827,14909,75,14984,172
2020-09-10,Del Norte,015,27424,125,112,0,112,1
2020-09-10,El Dorado,017,186661,1072,1020,0,1020,2
2020-09-10,Fresno,019,978130,29150,26783,326,27109,338
2020-09-10,Glenn,021,27897,534,511,0,511,3
2020-09-10,Humboldt,023,135768,463,422,1,423,4
2020-09-10,Imperial,025,180216,11506,10251,6,10257,270
2020-09-10,Inyo,027,18085,184,176,1,177,11
2020-09-10,Kern,029,883053,30861,29988,279,30267,363
2020-09-10,Kings,031,150075,7089,6739,37,6776,70
2020-09-10,Lake,033,64148,442,377,0,377,4
2020-09-10,Lassen,035,31185,730,716,2,718,0
2020-09-10,Los Angeles,037,10098052,254779,251003,1589,252592,6132
2020-09-10,Madera,039,155013,4249,3979,27,4006,43
2020-09-10,Marin,041,260295,6457,6344,15,6359,68
2020-09-10,Mariposa,043,17540,74,72,0,72,2
2020-09-10,Mendocino,045,87422,732,697,0,697,16
2020-09-10,Merced,047,269075,8572,8461,13,8474,109
2020-09-10,Modoc,049,8938,25,21,0,21,0
2020-09-10,Mono,051,14174,165,145,1,146,1
2020-09-10,Monterey,053,433212,9064,8570,22,8592,59
2020-09-10,Napa,055,140530,1591,1536,5,1541,11
2020-09-10,Nevada,057,99092,493,478,13,491,6
2020-09-10,Orange,059,3164182,52448,49617,1331,50948,1057
2020-09-10,Placer,061,380077,3382,3233,13,3246,37
2020-09-10,Plumas,063,18699,48,42,0,42,0
2020-09-10,Riverside,065,2383286,55859,54417,85,54502,1091
2020-09-10,Sacramento,067,1510023,20554,19618,14,19632,354
2020-09-10,San Benito,069,59416,1246,1201,0,1201,5
2020-09-10,San Bernardino,071,2135413,51211,49467,337,49804,867
2020-09-10,San Diego,073,3302833,43606,41610,677,42287,725
2020-09-10,San Francisco,075,870044,10476,10082,22,10104,89
2020-09-10,San Joaquin,077,732212,19424,18854,43,18897,389
2020-09-10,San Luis Obispo,079,281455,3343,3161,17,3178,24
2020-09-10,San Mateo,081,765935,9442,8529,7,8536,125
2020-09-10,Santa Barbara,083,443738,9387,8552,65,8617,100
2020-09-10,Santa Clara,085,1922200,20253,18870,29,18899,231
2020-09-10,Santa Cruz,087,273765,2125,1986,19,2005,7
2020-09-10,Shasta,089,179085,694,566,3,569,10
2020-09-10,Sierra,091,2930,6,6,0,6,0
2020-09-10,Siskiyou,093,43540,146,137,9,146,0
2020-09-10,Solano,095,438530,5896,5696,41,5737,42
2020-09-10,Sonoma,097,501317,6777,6424,19,6443,91
2020-09-10,Stanislaus,099,539301,15956,15509,464,15973,243
2020-09-10,Sutter,101,95872,1564,1494,1,1495,11
2020-09-10,Tehama,103,63373,470,466,2,468,1
2020-09-10,Trinity,105,12862,37,15,5,20,0
2020-09-10,Tulare,107,460477,15368,14860,74,14934,250
2020-09-10,Tuolumne,109,53932,222,205,3,208,1
2020-09-10,Ventura,111,848112,12216,11600,119,11719,122
2020-09-10,Yolo,113,214977,2703,2612,6,2618,53
2020-09-10,Yuba,115,75493,1003,941,4,945,1
2020-09-09,Alameda,001,1643700,20144,19399,154,19553,289
2020-09-09,Alpine,003,1148,3,2,0,2,0
2020-09-09,Amador,005,37829,278,276,0,276,16
2020-09-09,Butte,007,227075,2732,2561,26,2587,37
2020-09-09,Calaveras,009,45235,297,242,0,242,1
2020-09-09,Colusa,011,21464,492,479,0,479,6
2020-09-09,Contra Costa,013,1133247,15741,14816,75,14891,171
2020-09-09,Del Norte,015,27424,121,109,0,109,1
2020-09-09,El Dorado,017,186661,1069,1020,0,1020,2
2020-09-09,Fresno,019,978130,29047,26724,321,27045,329
2020-09-09,Glenn,021,27897,531,508,0,508,3
2020-09-09,Humboldt,023,135768,461,420,1,421,4
2020-09-09,Imperial,025,180216,11485,10233,6,10239,268
2020-09-09,Inyo,027,18085,183,173,1,174,2
2020-09-09,Kern,029,883053,30762,29925,276,30201,355
2020-09-09,Kings,031,150075,7071,6721,37,6758,72
2020-09-09,Lake,033,64148,434,371,0,371,4
2020-09-09,Lassen,035,31185,729,714,2,716,0
2020-09-09,Los Angeles,037,10098052,253896,249876,1570,251446,6091
2020-09-09,Madera,039,155013,4223,3926,27,3953,43
2020-09-09,Marin,041,260295,6438,6321,15,6336,68
2020-09-09,Mariposa,043,17540,73,72,0,72,2
2020-09-09,Mendocino,045,87422,724,695,0,695,16
2020-09-09,Merced,047,269075,8546,8441,13,8454,107
2020-09-09,Modoc,049,8938,24,20,0,20,0
2020-09-09,Mono,051,14174,165,145,1,146,1
2020-09-09,Monterey,053,433212,8992,8527,22,8549,59
2020-09-09,Napa,055,140530,1581,1531,5,1536,11
2020-09-09,Nevada,057,99092,489,476,13,489,6
2020-09-09,Orange,059,3164182,52269,49394,1323,50717,1054
2020-09-09,Placer,061,380077,3362,3222,13,3235,36
2020-09-09,Plumas,063,18699,46,42,0,42,0
2020-09-09,Riverside,065,2383286,55630,54320,82,54402,1081
2020-09-09,Sacramento,067,1510023,20448,19474,14,19488,347
2020-09-09,San Benito,069,59416,1242,1199,0,1199,5
2020-09-09,San Bernardino,071,2135413,51013,49264,336,49600,866
2020-09-09,San Diego,073,3302833,43317,41326,665,41991,721
2020-09-09,San Francisco,075,870044,10426,9996,21,10017,86
2020-09-09,San Joaquin,077,732212,19360,18799,42,18841,388
2020-09-09,San Luis Obispo,079,281455,3325,3131,17,3148,24
2020-09-09,San Mateo,081,765935,9381,8478,7,8485,125
2020-09-09,Santa Barbara,083,443738,9344,8528,65,8593,97
2020-09-09,Santa Clara,085,1922200,20121,18759,29,18788,228
2020-09-09,Santa Cruz,087,273765,2102,1967,19,1986,7
2020-09-09,Shasta,089,179085,682,562,3,565,10
2020-09-09,Sierra,091,2930,6,6,0,6,0
2020-09-09,Siskiyou,093,43540,144,137,9,146,0
2020-09-09,Solano,095,438530,5864,5680,41,5721,36
2020-09-09,Sonoma,097,501317,6710,6397,19,6416,92
2020-09-09,Stanislaus,099,539301,15917,15469,451,15920,243
2020-09-09,Sutter,101,95872,1556,1487,1,1488,11
2020-09-09,Tehama,103,63373,467,462,2,464,1
2020-09-09,Trinity,105,12862,37,14,5,19,0
2020-09-09,Tulare,107,460477,15319,14787,69,14856,249
2020-09-09,Tuolumne,109,53932,221,204,3,207,1
2020-09-09,Ventura,111,848112,12128,11497,116,11613,121
2020-09-09,Yolo,113,214977,2692,2604,6,2610,53
2020-09-09,Yuba,115,75493,998,936,4,940,1
2020-09-08,Alameda,001,1643700,20036,19293,154,19447,288
2020-09-08,Alpine,003,1148,3,2,0,2,0
2020-09-08,Amador,005,37829,278,276,0,276,16
2020-09-08,Butte,007,227075,2714,2453,26,2479,36
2020-09-08,Calaveras,009,45235,295,233,0,233,1
2020-09-08,Colusa,011,21464,490,475,0,475,6
2020-09-08,Contra Costa,013,1133247,15613,14740,72,14812,171
2020-09-08,Del Norte,015,27424,121,109,0,109,2
2020-09-08,El Dorado,017,186661,1066,1011,0,1011,2
2020-09-08,Fresno,019,978130,28928,26640,317,26957,329
2020-09-08,Glenn,021,27897,527,492,0,492,3
2020-09-08,Humboldt,023,135768,459,420,1,421,4
2020-09-08,Imperial,025,180216,11469,10198,6,10204,267
2020-09-08,Inyo,027,18085,183,169,1,170,2
2020-09-08,Kern,029,883053,30676,29850,274,30124,351
2020-09-08,Kings,031,150075,7033,6658,37,6695,72
2020-09-08,Lake,033,64148,424,370,0,370,4
2020-09-08,Lassen,035,31185,729,710,2,712,0
2020-09-08,Los Angeles,037,10098052,252961,249217,1542,250759,6034
2020-09-08,Madera,039,155013,4199,3904,27,3931,43
2020-09-08,Marin,041,260295,6407,6313,15,6328,68
2020-09-08,Mariposa,043,17540,73,72,0,72,2
2020-09-08,Mendocino,045,87422,717,690,0,690,16
2020-09-08,Merced,047,269075,8523,8381,13,8394,104
2020-09-08,Modoc,049,8938,24,20,0,20,0
2020-09-08,Mono,051,14174,165,145,1,146,1
2020-09-08,Monterey,053,433212,8907,8491,22,8513,59
2020-09-08,Napa,055,140530,1577,1518,5,1523,11
2020-09-08,Nevada,057,99092,489,470,13,483,6
2020-09-08,Orange,059,3164182,52128,49214,1319,50533,1044
2020-09-08,Placer,061,380077,3348,3205,13,3218,36
2020-09-08,Plumas,063,18699,46,42,0,42,0
2020-09-08,Riverside,065,2383286,55417,54168,79,54247,1069
2020-09-08,Sacramento,067,1510023,20213,19411,14,19425,347
2020-09-08,San Benito,069,59416,1235,1188,0,1188,5
2020-09-08,San Bernardino,071,2135413,50824,49034,335,49369,856
2020-09-08,San Diego,073,3302833,43001,41079,653,41732,709
2020-09-08,San Francisco,075,870044,10353,9821,21,9842,86
2020-09-08,San Joaquin,077,732212,19282,18550,42,18592,388
2020-09-08,San Luis Obispo,079,281455,3311,3120,17,3137,23
2020-09-08,San Mateo,081,765935,9305,8460,7,8467,125
2020-09-08,Santa Barbara,083,443738,9310,8488,64,8552,96
2020-09-08,Santa Clara,085,1922200,19944,18645,29,18674,228
2020-09-08,Santa Cruz,087,273765,2074,1903,19,1922,7
2020-09-08,Shasta,089,179085,674,556,3,559,10
2020-09-08,Sierra,091,2930,6,6,0,6,0
2020-09-08,Siskiyou,093,43540,142,136,9,145,0
2020-09-08,Solano,095,438530,5827,5654,41,5695,36
2020-09-08,Sonoma,097,501317,6641,6356,19,6375,92
2020-09-08,Stanislaus,099,539301,15853,15415,439,15854,238
2020-09-08,Sutter,101,95872,1541,1473,1,1474,11
2020-09-08,Tehama,103,63373,463,458,2,460,1
2020-09-08,Trinity,105,12862,36,13,5,18,0
2020-09-08,Tulare,107,460477,15239,14635,68,14703,249
2020-09-08,Tuolumne,109,53932,220,197,3,200,1
2020-09-08,Ventura,111,848112,12060,11475,113,11588,118
2020-09-08,Yolo,113,214977,2682,2580,6,2586,53
2020-09-08,Yuba,115,75493,986,923,4,927,1
2020-09-07,Alameda,001,1643700,19914,19188,148,19336,281
2020-09-07,Alpine,003,1148,3,2,0,2,0
2020-09-07,Amador,005,37829,278,276,0,276,16
2020-09-07,Butte,007,227075,2681,2450,25,2475,30
2020-09-07,Calaveras,009,45235,285,234,0,234,1
2020-09-07,Colusa,011,21464,489,475,0,475,6
2020-09-07,Contra Costa,013,1133247,15500,14637,69,14706,172
2020-09-07,Del Norte,015,27424,121,109,0,109,2
2020-09-07,El Dorado,017,186661,1055,1011,0,1011,2
2020-09-07,Fresno,019,978130,28834,26565,314,26879,329
2020-09-07,Glenn,021,27897,522,488,0,488,3
2020-09-07,Humboldt,023,135768,450,416,1,417,4
2020-09-07,Imperial,025,180216,11438,10199,6,10205,267
2020-09-07,Inyo,027,18085,183,169,1,170,2
2020-09-07,Kern,029,883053,30555,29790,269,30059,348
2020-09-07,Kings,031,150075,6909,6630,37,6667,72
2020-09-07,Lake,033,64148,401,367,0,367,2
2020-09-07,Lassen,035,31185,729,709,2,711,0
2020-09-07,Los Angeles,037,10098052,251915,248804,1520,250324,6030
2020-09-07,Madera,039,155013,4168,3889,27,3916,43
2020-09-07,Marin,041,260295,6377,6296,15,6311,67
2020-09-07,Mariposa,043,17540,73,72,0,72,2
2020-09-07,Mendocino,045,87422,709,687,0,687,16
2020-09-07,Merced,047,269075,8476,8381,13,8394,104
2020-09-07,Modoc,049,8938,23,20,0,20,0
2020-09-07,Mono,051,14174,165,145,1,146,1
2020-09-07,Monterey,053,433212,8828,8463,22,8485,57
2020-09-07,Napa,055,140530,1565,1514,5,1519,11
2020-09-07,Nevada,057,99092,487,469,13,482,6
2020-09-07,Orange,059,3164182,51957,49132,1315,50447,1042
2020-09-07,Placer,061,380077,3317,3188,12,3200,36
2020-09-07,Plumas,063,18699,45,42,0,42,0
2020-09-07,Riverside,065,2383286,55141,54178,74,54252,1069
2020-09-07,Sacramento,067,1510023,19970,19292,14,19306,345
2020-09-07,San Benito,069,59416,1229,1180,0,1180,4
2020-09-07,San Bernardino,071,2135413,50597,49043,333,49376,821
2020-09-07,San Diego,073,3302833,42601,40868,626,41494,708
2020-09-07,San Francisco,075,870044,10303,9813,20,9833,85
2020-09-07,San Joaquin,077,732212,19201,18552,40,18592,386
2020-09-07,San Luis Obispo,079,281455,3274,3116,17,3133,23
2020-09-07,San Mateo,081,765935,9223,8409,7,8416,125
2020-09-07,Santa Barbara,083,443738,9268,8479,64,8543,95
2020-09-07,Santa Clara,085,1922200,19786,18596,28,18624,226
2020-09-07,Santa Cruz,087,273765,2046,1902,19,1921,7
2020-09-07,Shasta,089,179085,664,556,3,559,10
2020-09-07,Sierra,091,2930,6,6,0,6,0
2020-09-07,Siskiyou,093,43540,141,133,9,142,0
2020-09-07,Solano,095,438530,5762,5640,41,5681,36
2020-09-07,Sonoma,097,501317,6574,6268,19,6287,85
2020-09-07,Stanislaus,099,539301,15788,15343,426,15769,236
2020-09-07,Sutter,101,95872,1524,1468,1,1469,11
2020-09-07,Tehama,103,63373,460,453,2,455,1
2020-09-07,Trinity,105,12862,36,13,5,18,0
2020-09-07,Tulare,107,460477,15133,14637,66,14703,249
2020-09-07,Tuolumne,109,53932,219,196,3,199,1
2020-09-07,Ventura,111,848112,11965,11463,111,11574,118
2020-09-07,Yolo,113,214977,2665,2565,5,2570,53
2020-09-07,Yuba,115,75493,970,923,3,926,1
2020-09-06,Alameda,001,1643700,19856,19029,146,19175,281
2020-09-06,Alpine,003,1148,3,2,0,2,0
2020-09-06,Amador,005,37829,276,275,0,275,16
2020-09-06,Butte,007,227075,2672,2446,25,2471,30
2020-09-06,Calaveras,009,45235,285,235,0,235,1
2020-09-06,Colusa,011,21464,485,475,0,475,6
2020-09-06,Contra Costa,013,1133247,15420,14565,68,14633,171
2020-09-06,Del Norte,015,27424,121,109,0,109,2
2020-09-06,El Dorado,017,186661,1053,1008,0,1008,2
2020-09-06,Fresno,019,978130,28770,26471,312,26783,329
2020-09-06,Glenn,021,27897,516,474,0,474,3
2020-09-06,Humboldt,023,135768,447,404,1,405,4
2020-09-06,Imperial,025,180216,11421,10152,6,10158,267
2020-09-06,Inyo,027,18085,183,169,1,170,2
2020-09-06,Kern,029,883053,30500,29699,265,29964,348
2020-09-06,Kings,031,150075,6889,6561,36,6597,72
2020-09-06,Lake,033,64148,398,362,0,362,2
2020-09-06,Lassen,035,31185,729,709,2,711,0
2020-09-06,Los Angeles,037,10098052,251286,248316,1505,249821,6004
2020-09-06,Madera,039,155013,4124,3867,27,3894,42
2020-09-06,Marin,041,260295,6365,6276,15,6291,67
2020-09-06,Mariposa,043,17540,73,72,0,72,2
2020-09-06,Mendocino,045,87422,708,672,0,672,16
2020-09-06,Merced,047,269075,8456,8327,13,8340,104
2020-09-06,Modoc,049,8938,23,20,0,20,0
2020-09-06,Mono,051,14174,164,145,1,146,1
2020-09-06,Monterey,053,433212,8789,8403,21,8424,56
2020-09-06,Napa,055,140530,1561,1501,3,1504,11
2020-09-06,Nevada,057,99092,487,467,13,480,6
2020-09-06,Orange,059,3164182,51843,48931,1310,50241,1042
2020-09-06,Placer,061,380077,3300,3169,12,3181,36
2020-09-06,Plumas,063,18699,44,42,0,42,0
2020-09-06,Riverside,065,2383286,55025,53970,72,54042,1069
2020-09-06,Sacramento,067,1510023,19875,19128,14,19142,340
2020-09-06,San Benito,069,59416,1227,1178,0,1178,4
2020-09-06,San Bernardino,071,2135413,50488,48923,333,49256,823
2020-09-06,San Diego,073,3302833,42353,40652,620,41272,707
2020-09-06,San Francisco,075,870044,10229,9813,20,9833,85
2020-09-06,San Joaquin,077,732212,19152,18558,40,18598,386
2020-09-06,San Luis Obispo,079,281455,3263,3101,17,3118,23
2020-09-06,San Mateo,081,765935,9170,8387,7,8394,125
2020-09-06,Santa Barbara,083,443738,9238,8434,64,8498,95
2020-09-06,Santa Clara,085,1922200,19685,18495,28,18523,207
2020-09-06,Santa Cruz,087,273765,2039,1902,19,1921,7
2020-09-06,Shasta,089,179085,658,550,3,553,10
2020-09-06,Sierra,091,2930,6,6,0,6,0
2020-09-06,Siskiyou,093,43540,141,132,9,141,0
2020-09-06,Solano,095,438530,5736,5619,41,5660,37
2020-09-06,Sonoma,097,501317,6545,6212,19,6231,85
2020-09-06,Stanislaus,099,539301,15744,15288,422,15710,236
2020-09-06,Sutter,101,95872,1511,1451,1,1452,11
2020-09-06,Tehama,103,63373,459,455,2,457,1
2020-09-06,Trinity,105,12862,35,13,5,18,0
2020-09-06,Tulare,107,460477,15090,14636,65,14701,249
2020-09-06,Tuolumne,109,53932,216,194,3,197,1
2020-09-06,Ventura,111,848112,11920,11315,110,11425,118
2020-09-06,Yolo,113,214977,2651,2556,5,2561,53
2020-09-06,Yuba,115,75493,962,913,3,916,1
2020-09-05,Alameda,001,1643700,19809,18973,144,19117,279
2020-09-05,Alpine,003,1148,3,2,0,2,0
2020-09-05,Amador,005,37829,276,274,0,274,16
2020-09-05,Butte,007,227075,2656,2406,24,2430,30
2020-09-05,Calaveras,009,45235,285,237,0,237,1
2020-09-05,Colusa,011,21464,481,472,0,472,6
2020-09-05,Contra Costa,013,1133247,15343,14456,66,14522,173
2020-09-05,Del Norte,015,27424,121,109,0,109,2
2020-09-05,El Dorado,017,186661,1053,1007,0,1007,2
2020-09-05,Fresno,019,978130,28702,26325,312,26637,331
2020-09-05,Glenn,021,27897,515,474,0,474,3
2020-09-05,Humboldt,023,135768,445,402,1,403,4
2020-09-05,Imperial,025,180216,11404,10151,6,10157,268
2020-09-05,Inyo,027,18085,183,169,1,170,2
2020-09-05,Kern,029,883053,30440,29645,261,29906,347
2020-09-05,Kings,031,150075,6880,6518,36,6554,66
2020-09-05,Lake,033,64148,395,359,0,359,2
2020-09-05,Lassen,035,31185,729,709,2,711,0
2020-09-05,Los Angeles,037,10098052,250751,247572,1493,249065,6001
2020-09-05,Madera,039,155013,4083,3851,27,3878,42
2020-09-05,Marin,041,260295,6358,6259,15,6274,66
2020-09-05,Mariposa,043,17540,73,72,0,72,2
2020-09-05,Mendocino,045,87422,707,658,0,658,16
2020-09-05,Merced,047,269075,8424,8297,11,8308,104
2020-09-05,Modoc,049,8938,23,19,0,19,0
2020-09-05,Mono,051,14174,164,145,1,146,1
2020-09-05,Monterey,053,433212,8759,8301,21,8322,56
2020-09-05,Napa,055,140530,1555,1484,3,1487,11
2020-09-05,Nevada,057,99092,484,461,13,474,6
2020-09-05,Orange,059,3164182,51741,48726,1305,50031,1039
2020-09-05,Placer,061,380077,3290,3141,12,3153,35
2020-09-05,Plumas,063,18699,44,42,0,42,0
2020-09-05,Riverside,065,2383286,54920,53780,72,53852,1066
2020-09-05,Sacramento,067,1510023,19785,18955,14,18969,339
2020-09-05,San Benito,069,59416,1225,1153,0,1153,4
2020-09-05,San Bernardino,071,2135413,50413,48800,332,49132,825
2020-09-05,San Diego,073,3302833,42160,40344,608,40952,717
2020-09-05,San Francisco,075,870044,10196,9812,19,9831,85
2020-09-05,San Joaquin,077,732212,19124,18557,40,18597,386
2020-09-05,San Luis Obispo,079,281455,3253,3083,17,3100,23
2020-09-05,San Mateo,081,765935,9125,8352,7,8359,124
2020-09-05,Santa Barbara,083,443738,9221,8404,64,8468,96
2020-09-05,Santa Clara,085,1922200,19600,18311,28,18339,207
2020-09-05,Santa Cruz,087,273765,2031,1904,19,1923,7
2020-09-05,Shasta,089,179085,657,544,3,547,10
2020-09-05,Sierra,091,2930,6,6,0,6,0
2020-09-05,Siskiyou,093,43540,140,131,9,140,0
2020-09-05,Solano,095,438530,5724,5579,41,5620,37
2020-09-05,Sonoma,097,501317,6512,6149,19,6168,85
2020-09-05,Stanislaus,099,539301,15696,15198,418,15616,236
2020-09-05,Sutter,101,95872,1504,1445,1,1446,11
2020-09-05,Tehama,103,63373,458,447,2,449,1
2020-09-05,Trinity,105,12862,35,13,5,18,0
2020-09-05,Tulare,107,460477,15034,14576,63,14639,249
2020-09-05,Tuolumne,109,53932,216,194,3,197,1
2020-09-05,Ventura,111,848112,11877,11254,110,11364,118
2020-09-05,Yolo,113,214977,2641,2534,5,2539,53
2020-09-05,Yuba,115,75493,956,902,3,905,1
2020-09-04,Alameda,001,1643700,19741,18843,142,18985,276
2020-09-04,Alpine,003,1148,3,2,0,2,0
2020-09-04,Amador,005,37829,275,274,0,274,16
2020-09-04,Butte,007,227075,2633,2325,24,2349,28
2020-09-04,Calaveras,009,45235,283,237,0,237,1
2020-09-04,Colusa,011,21464,479,467,0,467,6
2020-09-04,Contra Costa,013,1133247,15263,14355,65,14420,164
2020-09-04,Del Norte,015,27424,121,109,0,109,2
2020-09-04,El Dorado,017,186661,1049,992,0,992,2
2020-09-04,Fresno,019,978130,28597,26147,311,26458,321
2020-09-04,Glenn,021,27897,507,463,0,463,3
2020-09-04,Humboldt,023,135768,440,390,1,391,4
2020-09-04,Imperial,025,180216,11395,10136,6,10142,267
2020-09-04,Inyo,027,18085,183,169,1,170,2
2020-09-04,Kern,029,883053,30372,29526,258,29784,345
2020-09-04,Kings,031,150075,6867,6259,36,6295,66
2020-09-04,Lake,033,64148,395,347,0,347,2
2020-09-04,Lassen,035,31185,729,708,2,710,0
2020-09-04,Los Angeles,037,10098052,250178,246396,1472,247868,5977
2020-09-04,Madera,039,155013,4070,3838,27,3865,42
2020-09-04,Marin,041,260295,6346,6251,15,6266,66
2020-09-04,Mariposa,043,17540,73,72,0,72,2
2020-09-04,Mendocino,045,87422,705,646,0,646,16
2020-09-04,Merced,047,269075,8404,8214,11,8225,104
2020-09-04,Modoc,049,8938,23,15,0,15,0
2020-09-04,Mono,051,14174,164,145,1,146,1
2020-09-04,Monterey,053,433212,8714,8208,21,8229,56
2020-09-04,Napa,055,140530,1546,1475,3,1478,11
2020-09-04,Nevada,057,99092,481,455,13,468,6
2020-09-04,Orange,059,3164182,51617,48488,1298,49786,1031
2020-09-04,Placer,061,380077,3278,3101,12,3113,35
2020-09-04,Plumas,063,18699,44,42,0,42,0
2020-09-04,Riverside,065,2383286,54807,53606,67,53673,1066
2020-09-04,Sacramento,067,1510023,19697,18765,14,18779,337
2020-09-04,San Benito,069,59416,1216,1137,0,1137,4
2020-09-04,San Bernardino,071,2135413,50320,48497,330,48827,800
2020-09-04,San Diego,073,3302833,41930,39901,599,40500,701
2020-09-04,San Francisco,075,870044,10156,9694,18,9712,85
2020-09-04,San Joaquin,077,732212,19070,18438,40,18478,376
2020-09-04,San Luis Obispo,079,281455,3238,3049,16,3065,21
2020-09-04,San Mateo,081,765935,9081,8275,7,8282,122
2020-09-04,Santa Barbara,083,443738,9190,8340,64,8404,96
2020-09-04,Santa Clara,085,1922200,19492,18074,28,18102,209
2020-09-04,Santa Cruz,087,273765,2014,1896,18,1914,7
2020-09-04,Shasta,089,179085,654,536,3,539,10
2020-09-04,Sierra,091,2930,6,6,0,6,0
2020-09-04,Siskiyou,093,43540,140,129,9,138,0
2020-09-04,Solano,095,438530,5711,5552,41,5593,37
2020-09-04,Sonoma,097,501317,6447,6050,19,6069,85
2020-09-04,Stanislaus,099,539301,15661,15074,409,15483,233
2020-09-04,Sutter,101,95872,1488,1425,1,1426,11
2020-09-04,Tehama,103,63373,454,442,2,444,1
2020-09-04,Trinity,105,12862,35,13,5,18,0
2020-09-04,Tulare,107,460477,15006,14501,59,14560,247
2020-09-04,Tuolumne,109,53932,216,193,3,196,1
2020-09-04,Ventura,111,848112,11835,11171,110,11281,114
2020-09-04,Yolo,113,214977,2627,2495,5,2500,53
2020-09-04,Yuba,115,75493,951,884,3,887,1
2020-09-03,Alameda,001,1643700,19638,18687,142,18829,275
2020-09-03,Alpine,003,1148,3,2,0,2,0
2020-09-03,Amador,005,37829,275,274,0,274,16
2020-09-03,Butte,007,227075,2588,2274,24,2298,27
2020-09-03,Calaveras,009,45235,282,238,0,238,1
2020-09-03,Colusa,011,21464,477,464,0,464,6
2020-09-03,Contra Costa,013,1133247,15156,14206,62,14268,159
2020-09-03,Del Norte,015,27424,118,109,0,109,2
2020-09-03,El Dorado,017,186661,1045,983,0,983,2
2020-09-03,Fresno,019,978130,28479,25978,305,26283,313
2020-09-03,Glenn,021,27897,503,460,0,460,3
2020-09-03,Humboldt,023,135768,435,390,1,391,4
2020-09-03,Imperial,025,180216,11375,10083,5,10088,255
2020-09-03,Inyo,027,18085,181,171,1,172,3
2020-09-03,Kern,029,883053,30280,29426,243,29669,340
2020-09-03,Kings,031,150075,6787,6200,36,6236,64
2020-09-03,Lake,033,64148,386,347,0,347,2
2020-09-03,Lassen,035,31185,729,707,2,709,0
2020-09-03,Los Angeles,037,10098052,249301,245026,1450,246476,5931
2020-09-03,Madera,039,155013,4051,3780,27,3807,43
2020-09-03,Marin,041,260295,6327,6175,15,6190,66
2020-09-03,Mariposa,043,17540,73,71,0,71,2
2020-09-03,Mendocino,045,87422,696,638,0,638,16
2020-09-03,Merced,047,269075,8362,8136,11,8147,105
2020-09-03,Modoc,049,8938,23,14,0,14,0
2020-09-03,Mono,051,14174,163,144,1,145,1
2020-09-03,Monterey,053,433212,8660,8128,21,8149,56
2020-09-03,Napa,055,140530,1539,1466,3,1469,10
2020-09-03,Nevada,057,99092,478,453,13,466,6
2020-09-03,Orange,059,3164182,51429,48226,1283,49509,1009
2020-09-03,Placer,061,380077,3260,3069,12,3081,34
2020-09-03,Plumas,063,18699,44,39,0,39,0
2020-09-03,Riverside,065,2383286,54627,53341,63,53404,1052
2020-09-03,Sacramento,067,1510023,19569,18553,13,18566,328
2020-09-03,San Benito,069,59416,1205,1121,0,1121,4
2020-09-03,San Bernardino,071,2135413,50155,48165,329,48494,800
2020-09-03,San Diego,073,3302833,41616,39448,583,40031,700
2020-09-03,San Francisco,075,870044,10090,9636,16,9652,84
2020-09-03,San Joaquin,077,732212,18993,18331,40,18371,371
2020-09-03,San Luis Obispo,079,281455,3221,3023,16,3039,21
2020-09-03,San Mateo,081,765935,9007,8211,7,8218,122
2020-09-03,Santa Barbara,083,443738,9143,8277,64,8341,96
2020-09-03,Santa Clara,085,1922200,19313,17879,28,17907,208
2020-09-03,Santa Cruz,087,273765,1999,1870,18,1888,7
2020-09-03,Shasta,089,179085,649,535,3,538,10
2020-09-03,Sierra,091,2930,6,6,0,6,0
2020-09-03,Siskiyou,093,43540,140,128,9,137,0
2020-09-03,Solano,095,438530,5691,5499,40,5539,36
2020-09-03,Sonoma,097,501317,6385,5997,19,6016,62
2020-09-03,Stanislaus,099,539301,15609,14985,405,15390,217
2020-09-03,Sutter,101,95872,1478,1412,1,1413,11
2020-09-03,Tehama,103,63373,450,436,2,438,1
2020-09-03,Trinity,105,12862,33,13,5,18,0
2020-09-03,Tulare,107,460477,14940,14408,58,14466,244
2020-09-03,Tuolumne,109,53932,216,193,3,196,1
2020-09-03,Ventura,111,848112,11717,11109,107,11216,112
2020-09-03,Yolo,113,214977,2611,2475,5,2480,53
2020-09-03,Yuba,115,75493,944,867,3,870,1
2020-09-02,Alameda,001,1643700,19518,18522,139,18661,260
2020-09-02,Alpine,003,1148,3,2,0,2,0
2020-09-02,Amador,005,37829,275,245,0,245,14
2020-09-02,Butte,007,227075,2542,2241,24,2265,27
2020-09-02,Calaveras,009,45235,281,235,0,235,1
2020-09-02,Colusa,011,21464,473,460,0,460,6
2020-09-02,Contra Costa,013,1133247,15068,14097,59,14156,159
2020-09-02,Del Norte,015,27424,117,109,0,109,2
2020-09-02,El Dorado,017,186661,1041,975,0,975,2
2020-09-02,Fresno,019,978130,28332,25785,302,26087,292
2020-09-02,Glenn,021,27897,498,457,0,457,3
2020-09-02,Humboldt,023,135768,432,381,1,382,4
2020-09-02,Imperial,025,180216,11359,9832,5,9837,255
2020-09-02,Inyo,027,18085,181,171,1,172,3
2020-09-02,Kern,029,883053,30188,29288,237,29525,335
2020-09-02,Kings,031,150075,6702,6142,36,6178,64
2020-09-02,Lake,033,64148,382,342,0,342,2
2020-09-02,Lassen,035,31185,727,706,2,708,0
2020-09-02,Los Angeles,037,10098052,248358,243999,1422,245421,5887
2020-09-02,Madera,039,155013,4031,3735,27,3762,41
2020-09-02,Marin,041,260295,6312,6131,15,6146,66
2020-09-02,Mariposa,043,17540,73,71,0,71,2
2020-09-02,Mendocino,045,87422,686,636,0,636,15
2020-09-02,Merced,047,269075,8331,8097,10,8107,103
2020-09-02,Modoc,049,8938,22,11,0,11,0
2020-09-02,Mono,051,14174,163,145,1,146,1
2020-09-02,Monterey,053,433212,8596,8070,21,8091,56
2020-09-02,Napa,055,140530,1527,1454,3,1457,10
2020-09-02,Nevada,057,99092,472,452,12,464,6
2020-09-02,Orange,059,3164182,51247,47871,1273,49144,994
2020-09-02,Placer,061,380077,3235,3047,11,3058,33
2020-09-02,Plumas,063,18699,44,39,0,39,0
2020-09-02,Riverside,065,2383286,54425,52923,60,52983,1032
2020-09-02,Sacramento,067,1510023,19336,18355,13,18368,316
2020-09-02,San Benito,069,59416,1192,1107,0,1107,4
2020-09-02,San Bernardino,071,2135413,49992,47766,326,48092,794
2020-09-02,San Diego,073,3302833,41296,39123,569,39692,695
2020-09-02,San Francisco,075,870044,10021,9587,16,9603,84
2020-09-02,San Joaquin,077,732212,18912,18194,39,18233,352
2020-09-02,San Luis Obispo,079,281455,3195,3002,15,3017,21
2020-09-02,San Mateo,081,765935,8950,8148,7,8155,122
2020-09-02,Santa Barbara,083,443738,9088,8206,63,8269,94
2020-09-02,Santa Clara,085,1922200,19160,17673,28,17701,206
2020-09-02,Santa Cruz,087,273765,1976,1850,18,1868,7
2020-09-02,Shasta,089,179085,648,531,3,534,10
2020-09-02,Sierra,091,2930,6,6,0,6,0
2020-09-02,Siskiyou,093,43540,139,127,9,136,0
2020-09-02,Solano,095,438530,5663,5463,40,5503,36
2020-09-02,Sonoma,097,501317,6323,5846,19,5865,62
2020-09-02,Stanislaus,099,539301,15539,14854,398,15252,220
2020-09-02,Sutter,101,95872,1463,1401,1,1402,10
2020-09-02,Tehama,103,63373,447,429,2,431,1
2020-09-02,Trinity,105,12862,33,13,5,18,0
2020-09-02,Tulare,107,460477,14873,14298,57,14355,244
2020-09-02,Tuolumne,109,53932,216,190,3,193,1
2020-09-02,Ventura,111,848112,11630,11031,106,11137,111
2020-09-02,Yolo,113,214977,2590,2449,5,2454,54
2020-09-02,Yuba,115,75493,937,856,3,859,1
2020-09-01,Alameda,001,1643700,19378,18382,136,18518,248
2020-09-01,Alpine,003,1148,3,2,0,2,0
2020-09-01,Amador,005,37829,274,244,0,244,13
2020-09-01,Butte,007,227075,2485,2146,24,2170,26
2020-09-01,Calaveras,009,45235,273,228,0,228,1
2020-09-01,Colusa,011,21464,469,454,0,454,6
2020-09-01,Contra Costa,013,1133247,14974,13998,57,14055,158
2020-09-01,Del Norte,015,27424,116,108,0,108,2
2020-09-01,El Dorado,017,186661,1033,972,0,972,2
2020-09-01,Fresno,019,978130,28187,25542,298,25840,290
2020-09-01,Glenn,021,27897,491,449,0,449,3
2020-09-01,Humboldt,023,135768,426,378,1,379,4
2020-09-01,Imperial,025,180216,11333,9782,5,9787,250
2020-09-01,Inyo,027,18085,181,171,1,172,3
2020-09-01,Kern,029,883053,30097,29162,232,29394,332
2020-09-01,Kings,031,150075,6671,6088,36,6124,62
2020-09-01,Lake,033,64148,379,341,0,341,2
2020-09-01,Lassen,035,31185,724,706,2,708,0
2020-09-01,Los Angeles,037,10098052,247252,242633,1396,244029,5832
2020-09-01,Madera,039,155013,4002,3703,26,3729,41
2020-09-01,Marin,041,260295,6297,6102,15,6117,67
2020-09-01,Mariposa,043,17540,72,72,0,72,2
2020-09-01,Mendocino,045,87422,671,626,0,626,15
2020-09-01,Merced,047,269075,8278,8046,9,8055,103
2020-09-01,Modoc,049,8938,20,10,0,10,0
2020-09-01,Mono,051,14174,163,145,1,146,1
2020-09-01,Monterey,053,433212,8488,7926,21,7947,56
2020-09-01,Napa,055,140530,1512,1446,3,1449,10
2020-09-01,Nevada,057,99092,466,450,12,462,6
2020-09-01,Orange,059,3164182,51081,47671,1254,48925,976
2020-09-01,Placer,061,380077,3213,3013,11,3024,33
2020-09-01,Plumas,063,18699,44,39,0,39,0
2020-09-01,Riverside,065,2383286,54206,52785,59,52844,1027
2020-09-01,Sacramento,067,1510023,19152,18217,12,18229,305
2020-09-01,San Benito,069,59416,1180,1089,0,1089,4
2020-09-01,San Bernardino,071,2135413,49785,47371,325,47696,786
2020-09-01,San Diego,073,3302833,40938,38873,531,39404,688
2020-09-01,San Francisco,075,870044,9952,9492,16,9508,83
2020-09-01,San Joaquin,077,732212,18830,17915,38,17953,341
2020-09-01,San Luis Obispo,079,281455,3169,2970,15,2985,21
2020-09-01,San Mateo,081,765935,8870,8132,7,8139,122
2020-09-01,Santa Barbara,083,443738,9038,8142,62,8204,93
2020-09-01,Santa Clara,085,1922200,18981,17319,28,17347,204
2020-09-01,Santa Cruz,087,273765,1952,1752,18,1770,7
2020-09-01,Shasta,089,179085,640,527,3,530,9
2020-09-01,Sierra,091,2930,6,6,0,6,0
2020-09-01,Siskiyou,093,43540,136,128,8,136,0
2020-09-01,Solano,095,438530,5637,5438,40,5478,34
2020-09-01,Sonoma,097,501317,6233,5733,19,5752,60
2020-09-01,Stanislaus,099,539301,15464,14784,388,15172,212
2020-09-01,Sutter,101,95872,1452,1389,1,1390,10
2020-09-01,Tehama,103,63373,443,422,2,424,1
2020-09-01,Trinity,105,12862,33,13,5,18,0
2020-09-01,Tulare,107,460477,14791,14156,57,14213,241
2020-09-01,Tuolumne,109,53932,210,183,3,186,1
2020-09-01,Ventura,111,848112,11555,10899,100,10999,108
2020-09-01,Yolo,113,214977,2574,2440,5,2445,51
2020-09-01,Yuba,115,75493,928,841,3,844,1
2020-08-31,Alameda,001,1643700,19234,18148,136,18284,248
2020-08-31,Alpine,003,1148,3,2,0,2,0
2020-08-31,Amador,005,37829,274,243,0,243,13
2020-08-31,Butte,007,227075,2421,2069,24,2093,26
2020-08-31,Calaveras,009,45235,268,212,0,212,1
2020-08-31,Colusa,011,21464,468,443,0,443,6
2020-08-31,Contra Costa,013,1133247,14847,13902,54,13956,153
2020-08-31,Del Norte,015,27424,116,108,0,108,2
2020-08-31,El Dorado,017,186661,1026,965,0,965,2
2020-08-31,Fresno,019,978130,27967,25185,292,25477,290
2020-08-31,Glenn,021,27897,479,437,0,437,3
2020-08-31,Humboldt,023,135768,424,374,1,375,4
2020-08-31,Imperial,025,180216,11302,9759,5,9764,250
2020-08-31,Inyo,027,18085,180,160,1,161,3
2020-08-31,Kern,029,883053,29999,29067,231,29298,318
2020-08-31,Kings,031,150075,6403,6037,36,6073,62
2020-08-31,Lake,033,64148,363,341,0,341,2
2020-08-31,Lassen,035,31185,721,706,2,708,0
2020-08-31,Los Angeles,037,10098052,246138,241793,1368,243161,5787
2020-08-31,Madera,039,155013,3979,3662,25,3687,35
2020-08-31,Marin,041,260295,6261,6074,15,6089,67
2020-08-31,Mariposa,043,17540,72,69,0,69,2
2020-08-31,Mendocino,045,87422,659,618,0,618,15
2020-08-31,Merced,047,269075,8216,7991,9,8000,79
2020-08-31,Modoc,049,8938,18,10,0,10,0
2020-08-31,Mono,051,14174,163,145,1,146,1
2020-08-31,Monterey,053,433212,8381,7839,21,7860,56
2020-08-31,Napa,055,140530,1504,1434,3,1437,10
2020-08-31,Nevada,057,99092,464,447,12,459,6
2020-08-31,Orange,059,3164182,50882,47392,1226,48618,965
2020-08-31,Placer,061,380077,3164,2989,11,3000,33
2020-08-31,Plumas,063,18699,43,39,0,39,0
2020-08-31,Riverside,065,2383286,53985,52508,57,52565,1020
2020-08-31,Sacramento,067,1510023,18915,17999,12,18011,303
2020-08-31,San Benito,069,59416,1164,1080,0,1080,4
2020-08-31,San Bernardino,071,2135413,49574,47370,324,47694,755
2020-08-31,San Diego,073,3302833,40571,38606,498,39104,682
2020-08-31,San Francisco,075,870044,9873,9293,13,9306,83
2020-08-31,San Joaquin,077,732212,18743,17807,37,17844,338
2020-08-31,San Luis Obispo,079,281455,3146,2951,14,2965,21
2020-08-31,San Mateo,081,765935,8800,8065,7,8072,122
2020-08-31,Santa Barbara,083,443738,8991,8124,62,8186,94
2020-08-31,Santa Clara,085,1922200,18792,17211,28,17239,202
2020-08-31,Santa Cruz,087,273765,1927,1742,18,1760,7
2020-08-31,Shasta,089,179085,635,528,3,531,9
2020-08-31,Sierra,091,2930,6,6,0,6,0
2020-08-31,Siskiyou,093,43540,135,127,8,135,0
2020-08-31,Solano,095,438530,5605,5302,39,5341,34
2020-08-31,Sonoma,097,501317,6158,5650,19,5669,60
2020-08-31,Stanislaus,099,539301,15391,14685,378,15063,213
2020-08-31,Sutter,101,95872,1437,1365,1,1366,10
2020-08-31,Tehama,103,63373,440,421,2,423,1
2020-08-31,Trinity,105,12862,33,13,5,18,0
2020-08-31,Tulare,107,460477,14704,13985,56,14041,237
2020-08-31,Tuolumne,109,53932,210,178,3,181,1
2020-08-31,Ventura,111,848112,11468,10866,99,10965,108
2020-08-31,Yolo,113,214977,2556,2423,5,2428,51
2020-08-31,Yuba,115,75493,914,830,3,833,1
2020-08-30,Alameda,001,1643700,19109,18099,134,18233,248
2020-08-30,Alpine,003,1148,3,2,0,2,0
2020-08-30,Amador,005,37829,273,240,0,240,13
2020-08-30,Butte,007,227075,2340,1988,24,2012,26
2020-08-30,Calaveras,009,45235,259,211,0,211,1
2020-08-30,Colusa,011,21464,467,440,0,440,6
2020-08-30,Contra Costa,013,1133247,14709,13780,54,13834,150
2020-08-30,Del Norte,015,27424,115,108,0,108,2
2020-08-30,El Dorado,017,186661,1016,962,0,962,2
2020-08-30,Fresno,019,978130,27842,24963,291,25254,291
2020-08-30,Glenn,021,27897,472,437,0,437,3
2020-08-30,Humboldt,023,135768,413,362,1,363,4
2020-08-30,Imperial,025,180216,11283,9703,5,9708,250
2020-08-30,Inyo,027,18085,180,160,1,161,3
2020-08-30,Kern,029,883053,29906,28987,231,29218,317
2020-08-30,Kings,031,150075,6357,6000,36,6036,62
2020-08-30,Lake,033,64148,358,334,0,334,2
2020-08-30,Lassen,035,31185,719,706,2,708,0
2020-08-30,Los Angeles,037,10098052,244983,240775,1335,242110,5772
2020-08-30,Madera,039,155013,3950,3626,25,3651,33
2020-08-30,Marin,041,260295,6231,6060,15,6075,66
2020-08-30,Mariposa,043,17540,72,69,0,69,2
2020-08-30,Mendocino,045,87422,653,611,0,611,13
2020-08-30,Merced,047,269075,8141,7960,9,7969,79
2020-08-30,Modoc,049,8938,13,10,0,10,0
2020-08-30,Mono,051,14174,163,145,1,146,1
2020-08-30,Monterey,053,433212,8297,7816,21,7837,54
2020-08-30,Napa,055,140530,1492,1423,3,1426,10
2020-08-30,Nevada,057,99092,461,445,12,457,6
2020-08-30,Orange,059,3164182,50687,47283,1210,48493,965
2020-08-30,Placer,061,380077,3131,2961,11,2972,32
2020-08-30,Plumas,063,18699,42,39,0,39,0
2020-08-30,Riverside,065,2383286,53806,52227,55,52282,1017
2020-08-30,Sacramento,067,1510023,18737,17751,12,17763,300
2020-08-30,San Benito,069,59416,1154,1071,0,1071,4
2020-08-30,San Bernardino,071,2135413,49317,47201,323,47524,755
2020-08-30,San Diego,073,3302833,40173,38302,477,38779,682
2020-08-30,San Francisco,075,870044,9775,9294,10,9304,83
2020-08-30,San Joaquin,077,732212,18626,17637,36,17673,338
2020-08-30,San Luis Obispo,079,281455,3121,2934,14,2948,21
2020-08-30,San Mateo,081,765935,8723,8013,6,8019,122
2020-08-30,Santa Barbara,083,443738,8931,8088,62,8150,93
2020-08-30,Santa Clara,085,1922200,18616,17045,28,17073,202
2020-08-30,Santa Cruz,087,273765,1901,1743,18,1761,7
2020-08-30,Shasta,089,179085,632,525,3,528,9
2020-08-30,Sierra,091,2930,6,6,0,6,0
2020-08-30,Siskiyou,093,43540,133,125,8,133,0
2020-08-30,Solano,095,438530,5561,5303,39,5342,34
2020-08-30,Sonoma,097,501317,6100,5590,19,5609,60
2020-08-30,Stanislaus,099,539301,15320,14580,369,14949,209
2020-08-30,Sutter,101,95872,1415,1351,1,1352,10
2020-08-30,Tehama,103,63373,431,419,2,421,1
2020-08-30,Trinity,105,12862,33,13,5,18,0
2020-08-30,Tulare,107,460477,14609,13985,55,14040,236
2020-08-30,Tuolumne,109,53932,206,178,3,181,1
2020-08-30,Ventura,111,848112,11356,10775,94,10869,108
2020-08-30,Yolo,113,214977,2528,2391,4,2395,51
2020-08-30,Yuba,115,75493,900,832,3,835,1
2020-08-29,Alameda,001,1643700,19042,17888,134,18022,250
2020-08-29,Alpine,003,1148,3,2,0,2,0
2020-08-29,Amador,005,37829,273,239,0,239,13
2020-08-29,Butte,007,227075,2309,1948,24,1972,26
2020-08-29,Calaveras,009,45235,255,211,0,211,1
2020-08-29,Colusa,011,21464,464,440,0,440,6
2020-08-29,Contra Costa,013,1133247,14636,13663,53,13716,159
2020-08-29,Del Norte,015,27424,115,108,0,108,1
2020-08-29,El Dorado,017,186661,1013,958,0,958,2
2020-08-29,Fresno,019,978130,27787,24821,291,25112,291
2020-08-29,Glenn,021,27897,466,437,0,437,3
2020-08-29,Humboldt,023,135768,410,363,1,364,4
2020-08-29,Imperial,025,180216,11268,9698,5,9703,250
2020-08-29,Inyo,027,18085,180,160,1,161,3
2020-08-29,Kern,029,883053,29865,28947,230,29177,317
2020-08-29,Kings,031,150075,6342,5906,36,5942,62
2020-08-29,Lake,033,64148,357,329,0,329,2
2020-08-29,Lassen,035,31185,719,706,2,708,0
2020-08-29,Los Angeles,037,10098052,244331,239815,1322,241137,5762
2020-08-29,Madera,039,155013,3941,3605,24,3629,33
2020-08-29,Marin,041,260295,6219,6007,15,6022,64
2020-08-29,Mariposa,043,17540,72,69,0,69,2
2020-08-29,Mendocino,045,87422,648,596,0,596,13
2020-08-29,Merced,047,269075,8111,7867,9,7876,79
2020-08-29,Modoc,049,8938,13,9,0,9,0
2020-08-29,Mono,051,14174,163,145,1,146,1
2020-08-29,Monterey,053,433212,8252,7680,21,7701,53
2020-08-29,Napa,055,140530,1489,1413,3,1416,10
2020-08-29,Nevada,057,99092,461,442,12,454,5
2020-08-29,Orange,059,3164182,50576,47007,1200,48207,960
2020-08-29,Placer,061,380077,3114,2935,11,2946,32
2020-08-29,Plumas,063,18699,41,39,0,39,0
2020-08-29,Riverside,065,2383286,53695,51918,53,51971,1016
2020-08-29,Sacramento,067,1510023,18665,17588,12,17600,291
2020-08-29,San Benito,069,59416,1145,1045,0,1045,4
2020-08-29,San Bernardino,071,2135413,49202,46849,323,47172,755
2020-08-29,San Diego,073,3302833,39907,38049,459,38508,694
2020-08-29,San Francisco,075,870044,9747,9291,9,9300,83
2020-08-29,San Joaquin,077,732212,18582,17493,36,17529,335
2020-08-29,San Luis Obispo,079,281455,3097,2917,14,2931,21
2020-08-29,San Mateo,081,765935,8681,7928,6,7934,122
2020-08-29,Santa Barbara,083,443738,8905,8052,61,8113,93
2020-08-29,Santa Clara,085,1922200,18519,16898,27,16925,202
2020-08-29,Santa Cruz,087,273765,1889,1746,18,1764,7
2020-08-29,Shasta,089,179085,624,522,3,525,9
2020-08-29,Sierra,091,2930,6,6,0,6,0
2020-08-29,Siskiyou,093,43540,133,121,8,129,0
2020-08-29,Solano,095,438530,5540,5303,39,5342,34
2020-08-29,Sonoma,097,501317,6066,5537,19,5556,60
2020-08-29,Stanislaus,099,539301,15271,14479,359,14838,208
2020-08-29,Sutter,101,95872,1410,1333,1,1334,9
2020-08-29,Tehama,103,63373,430,417,2,419,1
2020-08-29,Trinity,105,12862,33,11,5,16,0
2020-08-29,Tulare,107,460477,14571,13890,54,13944,236
2020-08-29,Tuolumne,109,53932,206,178,3,181,1
2020-08-29,Ventura,111,848112,11314,10705,94,10799,108
2020-08-29,Yolo,113,214977,2510,2357,4,2361,51
2020-08-29,Yuba,115,75493,891,822,3,825,1
2020-08-28,Alameda,001,1643700,18959,17729,133,17862,237
2020-08-28,Alpine,003,1148,3,2,0,2,0
2020-08-28,Amador,005,37829,273,234,0,234,13
2020-08-28,Butte,007,227075,2279,1886,24,1910,25
2020-08-28,Calaveras,009,45235,253,207,0,207,1
2020-08-28,Colusa,011,21464,463,441,0,441,6
2020-08-28,Contra Costa,013,1133247,14565,13522,52,13574,158
2020-08-28,Del Norte,015,27424,115,107,0,107,1
2020-08-28,El Dorado,017,186661,1007,949,0,949,2
2020-08-28,Fresno,019,978130,27652,24612,291,24903,282
2020-08-28,Glenn,021,27897,459,429,0,429,3
2020-08-28,Humboldt,023,135768,406,362,1,363,4
2020-08-28,Imperial,025,180216,11254,9656,5,9661,241
2020-08-28,Inyo,027,18085,179,160,0,160,2
2020-08-28,Kern,029,883053,29817,28744,230,28974,306
2020-08-28,Kings,031,150075,6335,5829,35,5864,62
2020-08-28,Lake,033,64148,352,320,0,320,2
2020-08-28,Lassen,035,31185,719,704,2,706,0
2020-08-28,Los Angeles,037,10098052,243522,238544,1298,239842,5740
2020-08-28,Madera,039,155013,3922,3552,24,3576,33
2020-08-28,Marin,041,260295,6197,5991,15,6006,63
2020-08-28,Mariposa,043,17540,72,67,0,67,2
2020-08-28,Mendocino,045,87422,643,588,0,588,11
2020-08-28,Merced,047,269075,8081,7803,9,7812,77
2020-08-28,Modoc,049,8938,13,6,0,6,0
2020-08-28,Mono,051,14174,163,145,1,146,1
2020-08-28,Monterey,053,433212,8195,7591,21,7612,53
2020-08-28,Napa,055,140530,1481,1403,3,1406,10
2020-08-28,Nevada,057,99092,460,438,12,450,5
2020-08-28,Orange,059,3164182,50476,46696,1185,47881,942
2020-08-28,Placer,061,380077,3103,2891,11,2902,32
2020-08-28,Plumas,063,18699,41,39,0,39,0
2020-08-28,Riverside,065,2383286,53564,51510,50,51560,1008
2020-08-28,Sacramento,067,1510023,18568,17119,12,17131,283
2020-08-28,San Benito,069,59416,1129,1016,0,1016,3
2020-08-28,San Bernardino,071,2135413,49085,46553,319,46872,754
2020-08-28,San Diego,073,3302833,39677,37786,444,38230,676
2020-08-28,San Francisco,075,870044,9693,9135,9,9144,83
2020-08-28,San Joaquin,077,732212,18529,17114,35,17149,314
2020-08-28,San Luis Obispo,079,281455,3080,2849,14,2863,20
2020-08-28,San Mateo,081,765935,8634,7783,6,7789,121
2020-08-28,Santa Barbara,083,443738,8871,8001,61,8062,92
2020-08-28,Santa Clara,085,1922200,18388,16696,27,16723,201
2020-08-28,Santa Cruz,087,273765,1877,1747,18,1765,7
2020-08-28,Shasta,089,179085,620,516,3,519,9
2020-08-28,Sierra,091,2930,6,6,0,6,0
2020-08-28,Siskiyou,093,43540,131,119,8,127,0
2020-08-28,Solano,095,438530,5521,5219,39,5258,34
2020-08-28,Sonoma,097,501317,6031,5425,18,5443,58
2020-08-28,Stanislaus,099,539301,15229,14176,355,14531,190
2020-08-28,Sutter,101,95872,1400,1308,1,1309,9
2020-08-28,Tehama,103,63373,425,410,2,412,1
2020-08-28,Trinity,105,12862,33,11,5,16,0
2020-08-28,Tulare,107,460477,14525,13776,54,13830,236
2020-08-28,Tuolumne,109,53932,206,176,3,179,1
2020-08-28,Ventura,111,848112,11278,10606,92,10698,103
2020-08-28,Yolo,113,214977,2501,2323,4,2327,51
2020-08-28,Yuba,115,75493,882,810,3,813,1
2020-08-27,Alameda,001,1643700,18814,17584,130,17714,234
2020-08-27,Alpine,003,1148,3,2,0,2,0
2020-08-27,Amador,005,37829,272,233,0,233,13
2020-08-27,Butte,007,227075,2213,1803,23,1826,25
2020-08-27,Calaveras,009,45235,247,204,0,204,1
2020-08-27,Colusa,011,21464,461,438,0,438,6
2020-08-27,Contra Costa,013,1133247,14465,13379,51,13430,158
2020-08-27,Del Norte,015,27424,115,107,0,107,1
2020-08-27,El Dorado,017,186661,1003,942,0,942,2
2020-08-27,Fresno,019,978130,27471,24367,287,24654,272
2020-08-27,Glenn,021,27897,451,429,0,429,3
2020-08-27,Humboldt,023,135768,398,358,1,359,4
2020-08-27,Imperial,025,180216,11227,9608,5,9613,235
2020-08-27,Inyo,027,18085,179,157,0,157,2
2020-08-27,Kern,029,883053,29745,28635,221,28856,294
2020-08-27,Kings,031,150075,6313,5759,35,5794,62
2020-08-27,Lake,033,64148,350,314,0,314,2
2020-08-27,Lassen,035,31185,719,703,2,705,0
2020-08-27,Los Angeles,037,10098052,242517,237103,1281,238384,5704
2020-08-27,Madera,039,155013,3896,3465,24,3489,33
2020-08-27,Marin,041,260295,6173,5929,15,5944,62
2020-08-27,Mariposa,043,17540,72,67,0,67,2
2020-08-27,Mendocino,045,87422,634,581,0,581,10
2020-08-27,Merced,047,269075,8037,7765,9,7774,75
2020-08-27,Modoc,049,8938,11,5,0,5,0
2020-08-27,Mono,051,14174,163,145,1,146,1
2020-08-27,Monterey,053,433212,8101,7501,21,7522,52
2020-08-27,Napa,055,140530,1475,1397,3,1400,10
2020-08-27,Nevada,057,99092,457,435,12,447,5
2020-08-27,Orange,059,3164182,50316,46449,1174,47623,935
2020-08-27,Placer,061,380077,3072,2869,11,2880,32
2020-08-27,Plumas,063,18699,40,39,0,39,0
2020-08-27,Riverside,065,2383286,53357,51306,47,51353,999
2020-08-27,Sacramento,067,1510023,18370,16875,12,16887,281
2020-08-27,San Benito,069,59416,1113,987,0,987,3
2020-08-27,San Bernardino,071,2135413,48859,46345,312,46657,751
2020-08-27,San Diego,073,3302833,39406,37501,424,37925,673
2020-08-27,San Francisco,075,870044,9627,9014,9,9023,83
2020-08-27,San Joaquin,077,732212,18449,16989,35,17024,314
2020-08-27,San Luis Obispo,079,281455,3055,2808,14,2822,20
2020-08-27,San Mateo,081,765935,8525,7728,6,7734,121
2020-08-27,Santa Barbara,083,443738,8833,7934,61,7995,92
2020-08-27,Santa Clara,085,1922200,18204,16495,27,16522,199
2020-08-27,Santa Cruz,087,273765,1860,1734,18,1752,7
2020-08-27,Shasta,089,179085,614,512,3,515,9
2020-08-27,Sierra,091,2930,6,6,0,6,0
2020-08-27,Siskiyou,093,43540,131,118,8,126,0
2020-08-27,Solano,095,438530,5483,5167,39,5206,34
2020-08-27,Sonoma,097,501317,5919,5357,18,5375,58
2020-08-27,Stanislaus,099,539301,15148,14080,351,14431,186
2020-08-27,Sutter,101,95872,1380,1296,1,1297,9
2020-08-27,Tehama,103,63373,421,398,2,400,1
2020-08-27,Trinity,105,12862,33,11,5,16,0
2020-08-27,Tulare,107,460477,14433,13666,53,13719,231
2020-08-27,Tuolumne,109,53932,201,174,3,177,1
2020-08-27,Ventura,111,848112,11215,10483,88,10571,102
2020-08-27,Yolo,113,214977,2477,2293,4,2297,51
2020-08-27,Yuba,115,75493,871,807,3,810,1
2020-08-26,Alameda,001,1643700,18652,17373,130,17503,233
2020-08-26,Alpine,003,1148,3,2,0,2,0
2020-08-26,Amador,005,37829,272,229,0,229,13
2020-08-26,Butte,007,227075,2146,1765,21,1786,25
2020-08-26,Calaveras,009,45235,239,201,0,201,1
2020-08-26,Colusa,011,21464,455,433,0,433,5
2020-08-26,Contra Costa,013,1133247,14327,13248,51,13299,157
2020-08-26,Del Norte,015,27424,114,86,0,86,1
2020-08-26,El Dorado,017,186661,1001,938,0,938,2
2020-08-26,Fresno,019,978130,27323,24071,285,24356,255
2020-08-26,Glenn,021,27897,449,429,0,429,3
2020-08-26,Humboldt,023,135768,386,357,1,358,4
2020-08-26,Imperial,025,180216,11205,9453,5,9458,227
2020-08-26,Inyo,027,18085,176,157,0,157,2
2020-08-26,Kern,029,883053,29607,28507,217,28724,286
2020-08-26,Kings,031,150075,6293,5720,35,5755,62
2020-08-26,Lake,033,64148,345,308,0,308,2
2020-08-26,Lassen,035,31185,719,702,2,704,0
2020-08-26,Los Angeles,037,10098052,241483,235499,1248,236747,5665
2020-08-26,Madera,039,155013,3867,3458,24,3482,32
2020-08-26,Marin,041,260295,6156,5887,15,5902,56
2020-08-26,Mariposa,043,17540,72,68,0,68,2
2020-08-26,Mendocino,045,87422,623,581,0,581,10
2020-08-26,Merced,047,269075,8004,7720,9,7729,74
2020-08-26,Modoc,049,8938,8,5,0,5,0
2020-08-26,Mono,051,14174,163,141,1,142,1
2020-08-26,Monterey,053,433212,8008,7439,21,7460,51
2020-08-26,Napa,055,140530,1462,1382,3,1385,10
2020-08-26,Nevada,057,99092,454,432,12,444,2
2020-08-26,Orange,059,3164182,50132,46157,1159,47316,905
2020-08-26,Placer,061,380077,3050,2846,9,2855,32
2020-08-26,Plumas,063,18699,39,39,0,39,0
2020-08-26,Riverside,065,2383286,53115,51138,47,51185,987
2020-08-26,Sacramento,067,1510023,18207,16708,12,16720,271
2020-08-26,San Benito,069,59416,1098,978,0,978,3
2020-08-26,San Bernardino,071,2135413,48650,45840,308,46148,743
2020-08-26,San Diego,073,3302833,39068,37224,397,37621,668
2020-08-26,San Francisco,075,870044,9551,8938,9,8947,81
2020-08-26,San Joaquin,077,732212,18360,16845,34,16879,309
2020-08-26,San Luis Obispo,079,281455,3027,2761,14,2775,20
2020-08-26,San Mateo,081,765935,8458,7655,6,7661,121
2020-08-26,Santa Barbara,083,443738,8799,7904,61,7965,90
2020-08-26,Santa Clara,085,1922200,18028,16283,27,16310,198
2020-08-26,Santa Cruz,087,273765,1849,1726,18,1744,7
2020-08-26,Shasta,089,179085,609,511,3,514,9
2020-08-26,Sierra,091,2930,6,6,0,6,0
2020-08-26,Siskiyou,093,43540,128,109,8,117,0
2020-08-26,Solano,095,438530,5459,5131,38,5169,34
2020-08-26,Sonoma,097,501317,5845,5283,18,5301,58
2020-08-26,Stanislaus,099,539301,15071,13964,345,14309,186
2020-08-26,Sutter,101,95872,1362,1275,1,1276,9
2020-08-26,Tehama,103,63373,418,396,2,398,1
2020-08-26,Trinity,105,12862,32,10,5,15,0
2020-08-26,Tulare,107,460477,14366,13568,53,13621,232
2020-08-26,Tuolumne,109,53932,200,172,3,175,1
2020-08-26,Ventura,111,848112,11143,10412,81,10493,100
2020-08-26,Yolo,113,214977,2455,2279,4,2283,49
2020-08-26,Yuba,115,75493,856,779,3,782,1
2020-08-25,Alameda,001,1643700,18495,17278,130,17408,232
2020-08-25,Alpine,003,1148,3,2,0,2,0
2020-08-25,Amador,005,37829,272,227,0,227,13
2020-08-25,Butte,007,227075,2079,1718,21,1739,24
2020-08-25,Calaveras,009,45235,237,196,0,196,1
2020-08-25,Colusa,011,21464,448,430,0,430,5
2020-08-25,Contra Costa,013,1133247,14189,13181,50,13231,156
2020-08-25,Del Norte,015,27424,113,83,0,83,1
2020-08-25,El Dorado,017,186661,998,928,0,928,2
2020-08-25,Fresno,019,978130,27134,23932,284,24216,250
2020-08-25,Glenn,021,27897,446,429,0,429,3
2020-08-25,Humboldt,023,135768,381,342,1,343,4
2020-08-25,Imperial,025,180216,11177,9381,5,9386,217
2020-08-25,Inyo,027,18085,174,144,0,144,1
2020-08-25,Kern,029,883053,29470,28416,217,28633,285
2020-08-25,Kings,031,150075,6136,5702,35,5737,59
2020-08-25,Lake,033,64148,340,304,0,304,2
2020-08-25,Lassen,035,31185,718,692,2,694,0
2020-08-25,Los Angeles,037,10098052,240157,233961,1196,235157,5612
2020-08-25,Madera,039,155013,3852,3446,23,3469,32
2020-08-25,Marin,041,260295,6118,5860,15,5875,56
2020-08-25,Mariposa,043,17540,72,67,0,67,2
2020-08-25,Mendocino,045,87422,615,571,0,571,10
2020-08-25,Merced,047,269075,7937,7693,8,7701,69
2020-08-25,Modoc,049,8938,8,5,0,5,0
2020-08-25,Mono,051,14174,163,129,1,130,1
2020-08-25,Monterey,053,433212,7928,7333,21,7354,51
2020-08-25,Napa,055,140530,1455,1374,3,1377,10
2020-08-25,Nevada,057,99092,451,430,12,442,2
2020-08-25,Orange,059,3164182,49937,45737,1142,46879,902
2020-08-25,Placer,061,380077,3031,2829,6,2835,31
2020-08-25,Plumas,063,18699,39,39,0,39,0
2020-08-25,Riverside,065,2383286,52884,50889,47,50936,981
2020-08-25,Sacramento,067,1510023,18054,16601,12,16613,265
2020-08-25,San Benito,069,59416,1082,973,0,973,3
2020-08-25,San Bernardino,071,2135413,48415,45544,305,45849,727
2020-08-25,San Diego,073,3302833,38789,36996,375,37371,665
2020-08-25,San Francisco,075,870044,9473,8848,9,8857,81
2020-08-25,San Joaquin,077,732212,18233,16795,34,16829,306
2020-08-25,San Luis Obispo,079,281455,2969,2731,13,2744,20
2020-08-25,San Mateo,081,765935,8398,7636,6,7642,120
2020-08-25,Santa Barbara,083,443738,8747,7854,61,7915,90
2020-08-25,Santa Clara,085,1922200,17856,16199,27,16226,194
2020-08-25,Santa Cruz,087,273765,1830,1708,18,1726,7
2020-08-25,Shasta,089,179085,605,511,3,514,9
2020-08-25,Sierra,091,2930,6,6,0,6,0
2020-08-25,Siskiyou,093,43540,127,109,8,117,0
2020-08-25,Solano,095,438530,5398,5114,38,5152,34
2020-08-25,Sonoma,097,501317,5760,5148,18,5166,56
2020-08-25,Stanislaus,099,539301,14963,13886,334,14220,182
2020-08-25,Sutter,101,95872,1345,1259,1,1260,9
2020-08-25,Tehama,103,63373,415,394,2,396,1
2020-08-25,Trinity,105,12862,30,10,5,15,0
2020-08-25,Tulare,107,460477,14263,13514,52,13566,224
2020-08-25,Tuolumne,109,53932,198,172,3,175,1
2020-08-25,Ventura,111,848112,11058,10313,76,10389,99
2020-08-25,Yolo,113,214977,2442,2254,4,2258,50
2020-08-25,Yuba,115,75493,846,775,3,778,1
2020-08-24,Alameda,001,1643700,18301,16913,129,17042,231
2020-08-24,Alpine,003,1148,3,2,0,2,0
2020-08-24,Amador,005,37829,270,227,0,227,13
2020-08-24,Butte,007,227075,1995,1649,21,1670,23
2020-08-24,Calaveras,009,45235,227,187,0,187,1
2020-08-24,Colusa,011,21464,444,425,0,425,5
2020-08-24,Contra Costa,013,1133247,14074,12906,48,12954,153
2020-08-24,Del Norte,015,27424,113,80,0,80,1
2020-08-24,El Dorado,017,186661,990,908,0,908,2
2020-08-24,Fresno,019,978130,26947,23618,277,23895,235
2020-08-24,Glenn,021,27897,444,421,0,421,2
2020-08-24,Humboldt,023,135768,377,340,1,341,4
2020-08-24,Imperial,025,180216,11143,9323,5,9328,210
2020-08-24,Inyo,027,18085,170,144,0,144,2
2020-08-24,Kern,029,883053,29373,28157,211,28368,277
2020-08-24,Kings,031,150075,6048,5652,35,5687,60
2020-08-24,Lake,033,64148,326,302,0,302,2
2020-08-24,Lassen,035,31185,718,693,2,695,0
2020-08-24,Los Angeles,037,10098052,238792,233036,1175,234211,5562
2020-08-24,Madera,039,155013,3825,3418,23,3441,32
2020-08-24,Marin,041,260295,6055,5834,15,5849,56
2020-08-24,Mariposa,043,17540,70,66,0,66,2
2020-08-24,Mendocino,045,87422,600,550,0,550,10
2020-08-24,Merced,047,269075,7859,7605,8,7613,69
2020-08-24,Modoc,049,8938,8,5,0,5,0
2020-08-24,Mono,051,14174,163,129,1,130,1
2020-08-24,Monterey,053,433212,7819,7212,20,7232,50
2020-08-24,Napa,055,140530,1442,1358,3,1361,10
2020-08-24,Nevada,057,99092,446,423,12,435,2
2020-08-24,Orange,059,3164182,49744,45536,1132,46668,887
2020-08-24,Placer,061,380077,2985,2793,6,2799,31
2020-08-24,Plumas,063,18699,39,37,0,37,0
2020-08-24,Riverside,065,2383286,52607,50496,47,50543,975
2020-08-24,Sacramento,067,1510023,17857,16318,12,16330,249
2020-08-24,San Benito,069,59416,1061,961,0,961,3
2020-08-24,San Bernardino,071,2135413,48152,45199,303,45502,720
2020-08-24,San Diego,073,3302833,38501,36729,347,37076,660
2020-08-24,San Francisco,075,870044,9390,8621,9,8630,81
2020-08-24,San Joaquin,077,732212,18092,16565,33,16598,305
2020-08-24,San Luis Obispo,079,281455,2941,2705,13,2718,20
2020-08-24,San Mateo,081,765935,8331,7502,6,7508,120
2020-08-24,Santa Barbara,083,443738,8705,7784,61,7845,90
2020-08-24,Santa Clara,085,1922200,17652,16049,27,16076,192
2020-08-24,Santa Cruz,087,273765,1810,1627,17,1644,6
2020-08-24,Shasta,089,179085,603,505,3,508,9
2020-08-24,Sierra,091,2930,6,6,0,6,0
2020-08-24,Siskiyou,093,43540,123,107,8,115,0
2020-08-24,Solano,095,438530,5349,4979,36,5015,32
2020-08-24,Sonoma,097,501317,5658,5071,18,5089,56
2020-08-24,Stanislaus,099,539301,14865,13521,319,13840,171
2020-08-24,Sutter,101,95872,1326,1219,1,1220,9
2020-08-24,Tehama,103,63373,410,388,2,390,1
2020-08-24,Trinity,105,12862,30,10,5,15,0
2020-08-24,Tulare,107,460477,14156,13360,51,13411,223
2020-08-24,Tuolumne,109,53932,197,170,3,173,1
2020-08-24,Ventura,111,848112,10978,10261,73,10334,99
2020-08-24,Yolo,113,214977,2407,2239,4,2243,47
2020-08-24,Yuba,115,75493,829,750,3,753,1
2020-08-23,Alameda,001,1643700,18078,16786,128,16914,231
2020-08-23,Alpine,003,1148,3,2,0,2,0
2020-08-23,Amador,005,37829,267,227,0,227,13
2020-08-23,Butte,007,227075,1881,1637,21,1658,23
2020-08-23,Calaveras,009,45235,217,187,0,187,1
2020-08-23,Colusa,011,21464,437,424,0,424,5
2020-08-23,Contra Costa,013,1133247,13914,12642,48,12690,153
2020-08-23,Del Norte,015,27424,113,80,0,80,1
2020-08-23,El Dorado,017,186661,977,901,0,901,2
2020-08-23,Fresno,019,978130,26744,23414,272,23686,235
2020-08-23,Glenn,021,27897,437,421,0,421,2
2020-08-23,Humboldt,023,135768,375,341,1,342,4
2020-08-23,Imperial,025,180216,11115,9243,5,9248,210
2020-08-23,Inyo,027,18085,167,144,0,144,2
2020-08-23,Kern,029,883053,29224,28028,206,28234,277
2020-08-23,Kings,031,150075,6006,5628,35,5663,60
2020-08-23,Lake,033,64148,322,299,0,299,2
2020-08-23,Lassen,035,31185,717,693,2,695,0
2020-08-23,Los Angeles,037,10098052,237190,231833,1099,232932,5549
2020-08-23,Madera,039,155013,3793,3401,22,3423,32
2020-08-23,Marin,041,260295,6016,5807,14,5821,50
2020-08-23,Mariposa,043,17540,70,66,0,66,2
2020-08-23,Mendocino,045,87422,596,550,0,550,10
2020-08-23,Merced,047,269075,7790,7574,7,7581,69
2020-08-23,Modoc,049,8938,7,5,0,5,0
2020-08-23,Mono,051,14174,163,129,1,130,1
2020-08-23,Monterey,053,433212,7729,7173,20,7193,50
2020-08-23,Napa,055,140530,1430,1348,3,1351,10
2020-08-23,Nevada,057,99092,441,421,12,433,2
2020-08-23,Orange,059,3164182,49506,45267,1119,46386,887
2020-08-23,Placer,061,380077,2946,2772,6,2778,31
2020-08-23,Plumas,063,18699,39,37,0,37,0
2020-08-23,Riverside,065,2383286,52338,50293,45,50338,955
2020-08-23,Sacramento,067,1510023,17633,16084,11,16095,243
2020-08-23,San Benito,069,59416,1048,938,0,938,3
2020-08-23,San Bernardino,071,2135413,47883,45010,293,45303,719
2020-08-23,San Diego,073,3302833,38180,36542,320,36862,660
2020-08-23,San Francisco,075,870044,9295,8564,8,8572,80
2020-08-23,San Joaquin,077,732212,17959,16069,32,16101,305
2020-08-23,San Luis Obispo,079,281455,2899,2679,13,2692,20
2020-08-23,San Mateo,081,765935,8236,7450,6,7456,120
2020-08-23,Santa Barbara,083,443738,8637,7725,61,7786,90
2020-08-23,Santa Clara,085,1922200,17458,15912,25,15937,191
2020-08-23,Santa Cruz,087,273765,1784,1627,17,1644,6
2020-08-23,Shasta,089,179085,598,501,3,504,9
2020-08-23,Sierra,091,2930,6,6,0,6,0
2020-08-23,Siskiyou,093,43540,118,107,8,115,0
2020-08-23,Solano,095,438530,5291,4977,34,5011,32
2020-08-23,Sonoma,097,501317,5570,5018,18,5036,56
2020-08-23,Stanislaus,099,539301,14731,13483,295,13778,171
2020-08-23,Sutter,101,95872,1304,1203,1,1204,9
2020-08-23,Tehama,103,63373,400,381,2,383,1
2020-08-23,Trinity,105,12862,30,10,5,15,0
2020-08-23,Tulare,107,460477,14026,13303,47,13350,223
2020-08-23,Tuolumne,109,53932,194,164,3,167,1
2020-08-23,Ventura,111,848112,10878,10126,68,10194,99
2020-08-23,Yolo,113,214977,2379,2210,4,2214,47
2020-08-23,Yuba,115,75493,808,750,3,753,1
2020-08-22,Alameda,001,1643700,17984,16648,127,16775,231
2020-08-22,Alpine,003,1148,3,2,0,2,0
2020-08-22,Amador,005,37829,266,224,0,224,13
2020-08-22,Butte,007,227075,1830,1618,21,1639,22
2020-08-22,Calaveras,009,45235,214,187,0,187,1
2020-08-22,Colusa,011,21464,433,419,0,419,5
2020-08-22,Contra Costa,013,1133247,13827,12522,48,12570,153
2020-08-22,Del Norte,015,27424,112,80,0,80,1
2020-08-22,El Dorado,017,186661,975,900,0,900,2
2020-08-22,Fresno,019,978130,26647,23197,271,23468,235
2020-08-22,Glenn,021,27897,436,421,0,421,2
2020-08-22,Humboldt,023,135768,365,334,1,335,4
2020-08-22,Imperial,025,180216,11107,9244,5,9249,210
2020-08-22,Inyo,027,18085,167,144,0,144,1
2020-08-22,Kern,029,883053,29170,27807,206,28013,277
2020-08-22,Kings,031,150075,5997,5447,35,5482,60
2020-08-22,Lake,033,64148,320,291,0,291,2
2020-08-22,Lassen,035,31185,717,693,2,695,0
2020-08-22,Los Angeles,037,10098052,236532,230858,1081,231939,5540
2020-08-22,Madera,039,155013,3774,3330,22,3352,32
2020-08-22,Marin,041,260295,6004,5789,14,5803,49
2020-08-22,Mariposa,043,17540,70,66,0,66,2
2020-08-22,Mendocino,045,87422,593,529,0,529,10
2020-08-22,Merced,047,269075,7762,7493,7,7500,69
2020-08-22,Modoc,049,8938,7,5,0,5,0
2020-08-22,Mono,051,14174,163,129,1,130,1
2020-08-22,Monterey,053,433212,7681,7081,20,7101,50
2020-08-22,Napa,055,140530,1425,1328,3,1331,11
2020-08-22,Nevada,057,99092,441,411,12,423,2
2020-08-22,Orange,059,3164182,49364,45131,1113,46244,885
2020-08-22,Placer,061,380077,2932,2734,6,2740,30
2020-08-22,Plumas,063,18699,39,37,0,37,0
2020-08-22,Riverside,065,2383286,52189,49944,44,49988,953
2020-08-22,Sacramento,067,1510023,17521,15516,11,15527,239
2020-08-22,San Benito,069,59416,1032,912,0,912,3
2020-08-22,San Bernardino,071,2135413,47754,44803,289,45092,719
2020-08-22,San Diego,073,3302833,37998,36205,309,36514,673
2020-08-22,San Francisco,075,870044,9235,8568,8,8576,80
2020-08-22,San Joaquin,077,732212,17903,16068,32,16100,305
2020-08-22,San Luis Obispo,079,281455,2874,2660,13,2673,20
2020-08-22,San Mateo,081,765935,8189,7361,6,7367,120
2020-08-22,Santa Barbara,083,443738,8611,7685,61,7746,90
2020-08-22,Santa Clara,085,1922200,17350,15590,25,15615,190
2020-08-22,Santa Cruz,087,273765,1768,1628,16,1644,6
2020-08-22,Shasta,089,179085,596,493,3,496,9
2020-08-22,Sierra,091,2930,6,6,0,6,0
2020-08-22,Siskiyou,093,43540,118,106,8,114,0
2020-08-22,Solano,095,438530,5261,4944,33,4977,32
2020-08-22,Sonoma,097,501317,5524,4891,18,4909,57
2020-08-22,Stanislaus,099,539301,14683,13380,276,13656,170
2020-08-22,Sutter,101,95872,1297,1189,1,1190,8
2020-08-22,Tehama,103,63373,399,368,2,370,1
2020-08-22,Trinity,105,12862,30,8,5,13,0
2020-08-22,Tulare,107,460477,13959,13196,47,13243,222
2020-08-22,Tuolumne,109,53932,192,162,3,165,1
2020-08-22,Ventura,111,848112,10823,9959,66,10025,99
2020-08-22,Yolo,113,214977,2363,2188,4,2192,47
2020-08-22,Yuba,115,75493,796,738,3,741,1
2020-08-21,Alameda,001,1643700,17893,16413,127,16540,232
2020-08-21,Alpine,003,1148,3,2,0,2,0
2020-08-21,Amador,005,37829,265,223,0,223,11
2020-08-21,Butte,007,227075,1791,1582,21,1603,19
2020-08-21,Calaveras,009,45235,214,182,0,182,1
2020-08-21,Colusa,011,21464,431,418,0,418,5
2020-08-21,Contra Costa,013,1133247,13737,12333,47,12380,149
2020-08-21,Del Norte,015,27424,112,78,0,78,1
2020-08-21,El Dorado,017,186661,971,885,0,885,2
2020-08-21,Fresno,019,978130,26477,22840,270,23110,232
2020-08-21,Glenn,021,27897,432,418,0,418,2
2020-08-21,Humboldt,023,135768,362,331,1,332,4
2020-08-21,Imperial,025,180216,11091,9166,5,9171,204
2020-08-21,Inyo,027,18085,167,144,0,144,1
2020-08-21,Kern,029,883053,29111,27567,204,27771,269
2020-08-21,Kings,031,150075,5975,5391,35,5426,60
2020-08-21,Lake,033,64148,318,281,0,281,2
2020-08-21,Lassen,035,31185,717,693,2,695,0
2020-08-21,Los Angeles,037,10098052,235655,229235,1059,230294,5494
2020-08-21,Madera,039,155013,3744,3271,22,3293,31
2020-08-21,Marin,041,260295,5984,5762,14,5776,49
2020-08-21,Mariposa,043,17540,70,66,0,66,2
2020-08-21,Mendocino,045,87422,583,505,0,505,10
2020-08-21,Merced,047,269075,7733,7357,7,7364,69
2020-08-21,Modoc,049,8938,7,5,0,5,0
2020-08-21,Mono,051,14174,163,128,1,129,1
2020-08-21,Monterey,053,433212,7609,6974,20,6994,49
2020-08-21,Napa,055,140530,1416,1317,3,1320,10
2020-08-21,Nevada,057,99092,440,406,12,418,2
2020-08-21,Orange,059,3164182,49223,44625,1104,45729,875
2020-08-21,Placer,061,380077,2916,2698,5,2703,30
2020-08-21,Plumas,063,18699,39,36,0,36,0
2020-08-21,Riverside,065,2383286,51995,49409,44,49453,932
2020-08-21,Sacramento,067,1510023,17398,15247,11,15258,237
2020-08-21,San Benito,069,59416,1022,891,0,891,3
2020-08-21,San Bernardino,071,2135413,47634,44249,285,44534,668
2020-08-21,San Diego,073,3302833,37794,35914,292,36206,652
2020-08-21,San Francisco,075,870044,9185,8375,8,8383,80
2020-08-21,San Joaquin,077,732212,17820,15888,30,15918,301
2020-08-21,San Luis Obispo,079,281455,2851,2640,13,2653,19
2020-08-21,San Mateo,081,765935,8130,7253,6,7259,120
2020-08-21,Santa Barbara,083,443738,8570,7645,61,7706,86
2020-08-21,Santa Clara,085,1922200,17198,15399,25,15424,190
2020-08-21,Santa Cruz,087,273765,1756,1617,16,1633,6
2020-08-21,Shasta,089,179085,596,486,3,489,9
2020-08-21,Sierra,091,2930,6,6,0,6,0
2020-08-21,Siskiyou,093,43540,118,103,6,109,0
2020-08-21,Solano,095,438530,5238,4891,32,4923,32
2020-08-21,Sonoma,097,501317,5454,4816,18,4834,57
2020-08-21,Stanislaus,099,539301,14614,13282,261,13543,161
2020-08-21,Sutter,101,95872,1284,1173,1,1174,8
2020-08-21,Tehama,103,63373,397,357,2,359,1
2020-08-21,Trinity,105,12862,30,8,5,13,0
2020-08-21,Tulare,107,460477,13887,13002,46,13048,217
2020-08-21,Tuolumne,109,53932,184,161,3,164,1
2020-08-21,Ventura,111,848112,10758,9865,64,9929,98
2020-08-21,Yolo,113,214977,2348,2164,4,2168,46
2020-08-21,Yuba,115,75493,792,717,3,720,1
2020-08-20,Alameda,001,1643700,17735,16174,127,16301,229
2020-08-20,Alpine,003,1148,3,2,0,2,0
2020-08-20,Amador,005,37829,263,222,0,222,11
2020-08-20,Butte,007,227075,1740,1549,21,1570,18
2020-08-20,Calaveras,009,45235,211,179,0,179,1
2020-08-20,Colusa,011,21464,429,415,0,415,5
2020-08-20,Contra Costa,013,1133247,13609,12108,46,12154,144
2020-08-20,Del Norte,015,27424,112,78,0,78,1
2020-08-20,El Dorado,017,186661,967,881,0,881,2
2020-08-20,Fresno,019,978130,26295,22535,265,22800,228
2020-08-20,Glenn,021,27897,427,414,0,414,2
2020-08-20,Humboldt,023,135768,357,318,1,319,4
2020-08-20,Imperial,025,180216,11072,9086,5,9091,196
2020-08-20,Inyo,027,18085,166,144,0,144,1
2020-08-20,Kern,029,883053,28943,27337,193,27530,267
2020-08-20,Kings,031,150075,5935,5347,34,5381,59
2020-08-20,Lake,033,64148,313,280,0,280,2
2020-08-20,Lassen,035,31185,716,693,2,695,0
2020-08-20,Los Angeles,037,10098052,234420,227492,1040,228532,5445
2020-08-20,Madera,039,155013,3718,3197,22,3219,31
2020-08-20,Marin,041,260295,5966,5745,14,5759,47
2020-08-20,Mariposa,043,17540,70,67,0,67,2
2020-08-20,Mendocino,045,87422,572,497,0,497,10
2020-08-20,Merced,047,269075,7658,7173,7,7180,68
2020-08-20,Modoc,049,8938,7,5,0,5,0
2020-08-20,Mono,051,14174,163,128,1,129,1
2020-08-20,Monterey,053,433212,7538,6892,20,6912,47
2020-08-20,Napa,055,140530,1408,1306,3,1309,10
2020-08-20,Nevada,057,99092,439,401,12,413,2
2020-08-20,Orange,059,3164182,48996,44299,1093,45392,849
2020-08-20,Placer,061,380077,2900,2681,5,2686,30
2020-08-20,Plumas,063,18699,39,36,0,36,0
2020-08-20,Riverside,065,2383286,51775,48953,43,48996,927
2020-08-20,Sacramento,067,1510023,17156,14992,11,15003,231
2020-08-20,San Benito,069,59416,1009,866,0,866,3
2020-08-20,San Bernardino,071,2135413,47378,43627,281,43908,665
2020-08-20,San Diego,073,3302833,37574,35610,274,35884,644
2020-08-20,San Francisco,075,870044,9099,8262,8,8270,72
2020-08-20,San Joaquin,077,732212,17727,15778,30,15808,297
2020-08-20,San Luis Obispo,079,281455,2831,2590,13,2603,19
2020-08-20,San Mateo,081,765935,8064,7188,6,7194,120
2020-08-20,Santa Barbara,083,443738,8532,7571,61,7632,81
2020-08-20,Santa Clara,085,1922200,17026,15162,25,15187,190
2020-08-20,Santa Cruz,087,273765,1743,1581,16,1597,6
2020-08-20,Shasta,089,179085,595,478,3,481,9
2020-08-20,Sierra,091,2930,6,6,0,6,0
2020-08-20,Siskiyou,093,43540,117,102,1,103,0
2020-08-20,Solano,095,438530,5194,4843,32,4875,31
2020-08-20,Sonoma,097,501317,5382,4737,18,4755,54
2020-08-20,Stanislaus,099,539301,14518,13120,252,13372,161
2020-08-20,Sutter,101,95872,1260,1158,1,1159,8
2020-08-20,Tehama,103,63373,391,350,2,352,1
2020-08-20,Trinity,105,12862,30,8,5,13,0
2020-08-20,Tulare,107,460477,13779,12907,45,12952,217
2020-08-20,Tuolumne,109,53932,180,159,3,162,1
2020-08-20,Ventura,111,848112,10645,9744,63,9807,93
2020-08-20,Yolo,113,214977,2326,2150,4,2154,47
2020-08-20,Yuba,115,75493,775,709,3,712,1
2020-08-19,Alameda,001,1643700,17576,15874,126,16000,226
2020-08-19,Alpine,003,1148,3,2,0,2,0
2020-08-19,Amador,005,37829,262,219,0,219,9
2020-08-19,Butte,007,227075,1697,1517,21,1538,16
2020-08-19,Calaveras,009,45235,208,177,0,177,1
2020-08-19,Colusa,011,21464,428,415,0,415,5
2020-08-19,Contra Costa,013,1133247,13497,11895,44,11939,142
2020-08-19,Del Norte,015,27424,112,78,0,78,1
2020-08-19,El Dorado,017,186661,961,870,0,870,2
2020-08-19,Fresno,019,978130,26105,22167,257,22424,221
2020-08-19,Glenn,021,27897,425,414,0,414,2
2020-08-19,Humboldt,023,135768,354,316,1,317,4
2020-08-19,Imperial,025,180216,11044,9041,5,9046,192
2020-08-19,Inyo,027,18085,164,140,0,140,1
2020-08-19,Kern,029,883053,28826,27142,189,27331,263
2020-08-19,Kings,031,150075,5763,5301,32,5333,59
2020-08-19,Lake,033,64148,310,277,0,277,2
2020-08-19,Lassen,035,31185,708,693,2,695,0
2020-08-19,Los Angeles,037,10098052,233138,226006,1000,227006,5399
2020-08-19,Madera,039,155013,3684,3158,20,3178,30
2020-08-19,Marin,041,260295,5942,5723,13,5736,46
2020-08-19,Mariposa,043,17540,70,64,0,64,2
2020-08-19,Mendocino,045,87422,556,495,0,495,8
2020-08-19,Merced,047,269075,7531,7082,4,7086,66
2020-08-19,Modoc,049,8938,7,5,0,5,0
2020-08-19,Mono,051,14174,163,128,1,129,1
2020-08-19,Monterey,053,433212,7436,6693,20,6713,45
2020-08-19,Napa,055,140530,1403,1293,3,1296,10
2020-08-19,Nevada,057,99092,432,398,12,410,2
2020-08-19,Orange,059,3164182,48790,43938,1090,45028,829
2020-08-19,Placer,061,380077,2878,2659,5,2664,28
2020-08-19,Plumas,063,18699,39,36,0,36,0
2020-08-19,Riverside,065,2383286,51527,48741,42,48783,922
2020-08-19,Sacramento,067,1510023,16975,14764,11,14775,229
2020-08-19,San Benito,069,59416,992,853,0,853,3
2020-08-19,San Bernardino,071,2135413,47079,43224,275,43499,661
2020-08-19,San Diego,073,3302833,37325,35378,259,35637,638
2020-08-19,San Francisco,075,870044,9034,8236,8,8244,72
2020-08-19,San Joaquin,077,732212,17601,15677,29,15706,296
2020-08-19,San Luis Obispo,079,281455,2792,2553,13,2566,19
2020-08-19,San Mateo,081,765935,7996,7146,6,7152,119
2020-08-19,Santa Barbara,083,443738,8483,7499,61,7560,80
2020-08-19,Santa Clara,085,1922200,16880,14994,25,15019,189
2020-08-19,Santa Cruz,087,273765,1717,1554,16,1570,6
2020-08-19,Shasta,089,179085,591,475,3,478,9
2020-08-19,Sierra,091,2930,6,6,0,6,0
2020-08-19,Siskiyou,093,43540,116,103,1,104,0
2020-08-19,Solano,095,438530,5153,4807,32,4839,31
2020-08-19,Sonoma,097,501317,5303,4614,18,4632,54
2020-08-19,Stanislaus,099,539301,14415,13084,230,13314,160
2020-08-19,Sutter,101,95872,1226,1146,1,1147,8
2020-08-19,Tehama,103,63373,385,342,2,344,1
2020-08-19,Trinity,105,12862,29,8,5,13,0
2020-08-19,Tulare,107,460477,13681,12756,45,12801,217
2020-08-19,Tuolumne,109,53932,177,159,3,162,1
2020-08-19,Ventura,111,848112,10553,9587,61,9648,91
2020-08-19,Yolo,113,214977,2303,2126,4,2130,47
2020-08-19,Yuba,115,75493,763,701,3,704,1
2020-08-18,Alameda,001,1643700,17400,15627,123,15750,223
2020-08-18,Alpine,003,1148,3,2,0,2,0
2020-08-18,Amador,005,37829,261,215,0,215,9
2020-08-18,Butte,007,227075,1664,1491,21,1512,16
2020-08-18,Calaveras,009,45235,204,174,0,174,1
2020-08-18,Colusa,011,21464,427,415,0,415,5
2020-08-18,Contra Costa,013,1133247,13377,11689,42,11731,141
2020-08-18,Del Norte,015,27424,111,78,0,78,0
2020-08-18,El Dorado,017,186661,956,866,0,866,2
2020-08-18,Fresno,019,978130,25886,21798,251,22049,212
2020-08-18,Glenn,021,27897,425,407,0,407,2
2020-08-18,Humboldt,023,135768,352,315,1,316,4
2020-08-18,Imperial,025,180216,11010,8968,5,8973,189
2020-08-18,Inyo,027,18085,163,140,0,140,1
2020-08-18,Kern,029,883053,28673,26978,184,27162,263
2020-08-18,Kings,031,150075,5732,5269,31,5300,58
2020-08-18,Lake,033,64148,307,274,0,274,2
2020-08-18,Lassen,035,31185,708,693,2,695,0
2020-08-18,Los Angeles,037,10098052,231857,224218,963,225181,5339
2020-08-18,Madera,039,155013,3656,3125,20,3145,28
2020-08-18,Marin,041,260295,5912,5708,13,5721,47
2020-08-18,Mariposa,043,17540,70,61,0,61,2
2020-08-18,Mendocino,045,87422,547,468,0,468,8
2020-08-18,Merced,047,269075,7483,6940,4,6944,66
2020-08-18,Modoc,049,8938,7,5,0,5,0
2020-08-18,Mono,051,14174,162,129,1,130,1
2020-08-18,Monterey,053,433212,7344,6691,19,6710,44
2020-08-18,Napa,055,140530,1400,1274,3,1277,10
2020-08-18,Nevada,057,99092,425,389,12,401,2
2020-08-18,Orange,059,3164182,48564,43659,1075,44734,809
2020-08-18,Placer,061,380077,2852,2644,4,2648,28
2020-08-18,Plumas,063,18699,39,34,0,34,0
2020-08-18,Riverside,065,2383286,51197,48447,42,48489,917
2020-08-18,Sacramento,067,1510023,16746,14610,10,14620,222
2020-08-18,San Benito,069,59416,972,836,0,836,3
2020-08-18,San Bernardino,071,2135413,46797,42827,268,43095,648
2020-08-18,San Diego,073,3302833,37032,35164,227,35391,633
2020-08-18,San Francisco,075,870044,8948,8016,8,8024,72
2020-08-18,San Joaquin,077,732212,17485,15509,28,15537,290
2020-08-18,San Luis Obispo,079,281455,2768,2535,12,2547,18
2020-08-18,San Mateo,081,765935,7934,7074,6,7080,119
2020-08-18,Santa Barbara,083,443738,8441,7472,61,7533,81
2020-08-18,Santa Clara,085,1922200,16707,14786,24,14810,184
2020-08-18,Santa Cruz,087,273765,1704,1509,16,1525,6
2020-08-18,Shasta,089,179085,587,468,3,471,9
2020-08-18,Sierra,091,2930,6,6,0,6,0
2020-08-18,Siskiyou,093,43540,115,103,1,104,0
2020-08-18,Solano,095,438530,5126,4700,32,4732,31
2020-08-18,Sonoma,097,501317,5234,4506,18,4524,48
2020-08-18,Stanislaus,099,539301,14317,12935,214,13149,149
2020-08-18,Sutter,101,95872,1207,1126,1,1127,8
2020-08-18,Tehama,103,63373,375,333,2,335,1
2020-08-18,Trinity,105,12862,28,8,5,13,0
2020-08-18,Tulare,107,460477,13550,12637,42,12679,212
2020-08-18,Tuolumne,109,53932,174,159,3,162,1
2020-08-18,Ventura,111,848112,10463,9536,56,9592,89
2020-08-18,Yolo,113,214977,2280,2102,4,2106,47
2020-08-18,Yuba,115,75493,755,679,3,682,1
2020-08-17,Alameda,001,1643700,17208,15454,121,15575,221
2020-08-17,Alpine,003,1148,3,2,0,2,0
2020-08-17,Amador,005,37829,261,215,0,215,9
2020-08-17,Butte,007,227075,1619,1463,21,1484,15
2020-08-17,Calaveras,009,45235,200,167,0,167,1
2020-08-17,Colusa,011,21464,424,408,0,408,5
2020-08-17,Contra Costa,013,1133247,13240,11442,42,11484,141
2020-08-17,Del Norte,015,27424,107,77,0,77,0
2020-08-17,El Dorado,017,186661,953,846,0,846,2
2020-08-17,Fresno,019,978130,25679,21316,244,21560,211
2020-08-17,Glenn,021,27897,424,402,0,402,2
2020-08-17,Humboldt,023,135768,348,302,1,303,4
2020-08-17,Imperial,025,180216,10969,8897,5,8902,188
2020-08-17,Inyo,027,18085,155,124,0,124,1
2020-08-17,Kern,029,883053,28525,26773,173,26946,249
2020-08-17,Kings,031,150075,5694,5249,31,5280,58
2020-08-17,Lake,033,64148,302,270,0,270,2
2020-08-17,Lassen,035,31185,708,666,2,668,0
2020-08-17,Los Angeles,037,10098052,230339,223418,914,224332,5282
2020-08-17,Madera,039,155013,3613,3050,19,3069,26
2020-08-17,Marin,041,260295,5889,5683,12,5695,46
2020-08-17,Mariposa,043,17540,70,61,0,61,2
2020-08-17,Mendocino,045,87422,529,454,0,454,8
2020-08-17,Merced,047,269075,7388,6814,4,6818,66
2020-08-17,Modoc,049,8938,7,5,0,5,0
2020-08-17,Mono,051,14174,162,126,1,127,1
2020-08-17,Monterey,053,433212,7244,6553,19,6572,44
2020-08-17,Napa,055,140530,1379,1255,3,1258,10
2020-08-17,Nevada,057,99092,420,383,12,395,2
2020-08-17,Orange,059,3164182,48353,43621,1063,44684,804
2020-08-17,Placer,061,380077,2827,2609,4,2613,28
2020-08-17,Plumas,063,18699,39,33,0,33,0
2020-08-17,Riverside,065,2383286,50866,48062,40,48102,916
2020-08-17,Sacramento,067,1510023,16526,14333,10,14343,219
2020-08-17,San Benito,069,59416,957,822,0,822,2
2020-08-17,San Bernardino,071,2135413,46453,42005,259,42264,604
2020-08-17,San Diego,073,3302833,36766,34962,213,35175,626
2020-08-17,San Francisco,075,870044,8877,7600,8,7608,72
2020-08-17,San Joaquin,077,732212,17322,15323,27,15350,280
2020-08-17,San Luis Obispo,079,281455,2735,2527,12,2539,18
2020-08-17,San Mateo,081,765935,7877,6987,5,6992,118
2020-08-17,Santa Barbara,083,443738,8399,7438,61,7499,80
2020-08-17,Santa Clara,085,1922200,16486,14546,24,14570,183
2020-08-17,Santa Cruz,087,273765,1688,1453,15,1468,6
2020-08-17,Shasta,089,179085,581,467,3,470,9
2020-08-17,Sierra,091,2930,6,6,0,6,0
2020-08-17,Siskiyou,093,43540,114,103,0,103,0
2020-08-17,Solano,095,438530,5069,4479,32,4511,31
2020-08-17,Sonoma,097,501317,5145,4402,16,4418,48
2020-08-17,Stanislaus,099,539301,14192,12745,207,12952,148
2020-08-17,Sutter,101,95872,1191,1071,1,1072,8
2020-08-17,Tehama,103,63373,366,324,2,326,1
2020-08-17,Trinity,105,12862,28,8,5,13,0
2020-08-17,Tulare,107,460477,13437,12487,41,12528,210
2020-08-17,Tuolumne,109,53932,171,157,3,160,1
2020-08-17,Ventura,111,848112,10341,9490,51,9541,89
2020-08-17,Yolo,113,214977,2253,2083,4,2087,47
2020-08-17,Yuba,115,75493,740,647,3,650,1
2020-08-16,Alameda,001,1643700,16917,15338,121,15459,221
2020-08-16,Alpine,003,1148,3,2,0,2,0
2020-08-16,Amador,005,37829,258,215,0,215,9
2020-08-16,Butte,007,227075,1581,1432,21,1453,15
2020-08-16,Calaveras,009,45235,193,167,0,167,1
2020-08-16,Colusa,011,21464,422,407,0,407,5
2020-08-16,Contra Costa,013,1133247,13054,11255,42,11297,140
2020-08-16,Del Norte,015,27424,103,77,0,77,0
2020-08-16,El Dorado,017,186661,941,843,0,843,2
2020-08-16,Fresno,019,978130,25459,21010,239,21249,211
2020-08-16,Glenn,021,27897,422,400,0,400,2
2020-08-16,Humboldt,023,135768,346,301,1,302,4
2020-08-16,Imperial,025,180216,10925,8883,5,8888,188
2020-08-16,Inyo,027,18085,148,125,0,125,1
2020-08-16,Kern,029,883053,28324,26520,165,26685,249
2020-08-16,Kings,031,150075,5663,5146,31,5177,58
2020-08-16,Lake,033,64148,298,269,0,269,2
2020-08-16,Lassen,035,31185,708,666,2,668,0
2020-08-16,Los Angeles,037,10098052,228772,222236,884,223120,5263
2020-08-16,Madera,039,155013,3568,3013,19,3032,26
2020-08-16,Marin,041,260295,5863,5664,12,5676,46
2020-08-16,Mariposa,043,17540,70,61,0,61,2
2020-08-16,Mendocino,045,87422,521,451,0,451,8
2020-08-16,Merced,047,269075,7306,6744,4,6748,66
2020-08-16,Modoc,049,8938,7,5,0,5,0
2020-08-16,Mono,051,14174,162,126,1,127,1
2020-08-16,Monterey,053,433212,7146,6516,18,6534,44
2020-08-16,Napa,055,140530,1361,1241,2,1243,10
2020-08-16,Nevada,057,99092,409,379,12,391,2
2020-08-16,Orange,059,3164182,48103,43303,1052,44355,803
2020-08-16,Placer,061,380077,2798,2583,3,2586,28
2020-08-16,Plumas,063,18699,39,33,0,33,0
2020-08-16,Riverside,065,2383286,50536,47669,40,47709,910
2020-08-16,Sacramento,067,1510023,16286,14210,10,14220,219
2020-08-16,San Benito,069,59416,928,815,0,815,2
2020-08-16,San Bernardino,071,2135413,46030,41724,250,41974,603
2020-08-16,San Diego,073,3302833,36502,34680,198,34878,626
2020-08-16,San Francisco,075,870044,8789,7602,8,7610,72
2020-08-16,San Joaquin,077,732212,17119,15288,27,15315,280
2020-08-16,San Luis Obispo,079,281455,2706,2494,12,2506,17
2020-08-16,San Mateo,081,765935,7802,6942,5,6947,118
2020-08-16,Santa Barbara,083,443738,8350,7368,61,7429,79
2020-08-16,Santa Clara,085,1922200,16288,14329,24,14353,183
2020-08-16,Santa Cruz,087,273765,1661,1449,14,1463,6
2020-08-16,Shasta,089,179085,574,465,3,468,9
2020-08-16,Sierra,091,2930,6,6,0,6,0
2020-08-16,Siskiyou,093,43540,113,102,0,102,0
2020-08-16,Solano,095,438530,5009,4479,32,4511,31
2020-08-16,Sonoma,097,501317,5041,4329,16,4345,46
2020-08-16,Stanislaus,099,539301,14036,12668,195,12863,148
2020-08-16,Sutter,101,95872,1173,1071,1,1072,8
2020-08-16,Tehama,103,63373,356,318,2,320,1
2020-08-16,Trinity,105,12862,26,8,5,13,0
2020-08-16,Tulare,107,460477,13305,12334,37,12371,211
2020-08-16,Tuolumne,109,53932,171,156,3,159,1
2020-08-16,Ventura,111,848112,10232,9408,46,9454,89
2020-08-16,Yolo,113,214977,2234,2057,4,2061,47
2020-08-16,Yuba,115,75493,731,647,2,649,1
2020-08-15,Alameda,001,1643700,16840,15165,121,15286,221
2020-08-15,Alpine,003,1148,3,2,0,2,0
2020-08-15,Amador,005,37829,258,210,0,210,9
2020-08-15,Butte,007,227075,1559,1409,21,1430,15
2020-08-15,Calaveras,009,45235,191,167,0,167,1
2020-08-15,Colusa,011,21464,421,401,0,401,5
2020-08-15,Contra Costa,013,1133247,12958,11106,42,11148,138
2020-08-15,Del Norte,015,27424,103,77,0,77,0
2020-08-15,El Dorado,017,186661,936,838,0,838,2
2020-08-15,Fresno,019,978130,25343,20603,237,20840,211
2020-08-15,Glenn,021,27897,422,398,0,398,2
2020-08-15,Humboldt,023,135768,345,301,1,302,4
2020-08-15,Imperial,025,180216,10905,8794,5,8799,188
2020-08-15,Inyo,027,18085,148,123,0,123,1
2020-08-15,Kern,029,883053,28236,26338,165,26503,249
2020-08-15,Kings,031,150075,5645,5039,31,5070,56
2020-08-15,Lake,033,64148,296,268,0,268,2
2020-08-15,Lassen,035,31185,708,666,2,668,0
2020-08-15,Los Angeles,037,10098052,228020,221043,875,221918,5252
2020-08-15,Madera,039,155013,3518,2950,19,2969,26
2020-08-15,Marin,041,260295,5856,5628,12,5640,46
2020-08-15,Mariposa,043,17540,70,61,0,61,2
2020-08-15,Mendocino,045,87422,517,444,0,444,8
2020-08-15,Merced,047,269075,7272,6656,4,6660,66
2020-08-15,Modoc,049,8938,7,5,0,5,0
2020-08-15,Mono,051,14174,162,126,1,127,1
2020-08-15,Monterey,053,433212,7101,6162,18,6180,44
2020-08-15,Napa,055,140530,1351,1232,2,1234,10
2020-08-15,Nevada,057,99092,409,376,12,388,2
2020-08-15,Orange,059,3164182,47989,42811,1041,43852,801
2020-08-15,Placer,061,380077,2777,2551,3,2554,27
2020-08-15,Plumas,063,18699,39,33,0,33,0
2020-08-15,Riverside,065,2383286,50385,46720,40,46760,910
2020-08-15,Sacramento,067,1510023,16176,14018,10,14028,219
2020-08-15,San Benito,069,59416,915,805,0,805,2
2020-08-15,San Bernardino,071,2135413,45878,41231,248,41479,602
2020-08-15,San Diego,073,3302833,36336,34346,184,34530,639
2020-08-15,San Francisco,075,870044,8725,7601,8,7609,69
2020-08-15,San Joaquin,077,732212,17046,15113,27,15140,280
2020-08-15,San Luis Obispo,079,281455,2689,2461,12,2473,17
2020-08-15,San Mateo,081,765935,7765,6860,5,6865,118
2020-08-15,Santa Barbara,083,443738,8322,7338,61,7399,79
2020-08-15,Santa Clara,085,1922200,16192,14105,24,14129,183
2020-08-15,Santa Cruz,087,273765,1640,1449,14,1463,6
2020-08-15,Shasta,089,179085,571,458,3,461,9
2020-08-15,Sierra,091,2930,6,6,0,6,0
2020-08-15,Siskiyou,093,43540,112,100,0,100,0
2020-08-15,Solano,095,438530,4987,4477,32,4509,31
2020-08-15,Sonoma,097,501317,4986,4134,16,4150,45
2020-08-15,Stanislaus,099,539301,13972,12541,194,12735,149
2020-08-15,Sutter,101,95872,1162,1046,1,1047,8
2020-08-15,Tehama,103,63373,355,312,2,314,1
2020-08-15,Trinity,105,12862,24,6,5,11,0
2020-08-15,Tulare,107,460477,13267,12262,37,12299,211
2020-08-15,Tuolumne,109,53932,171,155,3,158,1
2020-08-15,Ventura,111,848112,10173,9379,44,9423,89
2020-08-15,Yolo,113,214977,2222,2031,4,2035,46
2020-08-15,Yuba,115,75493,727,623,2,625,1
2020-08-14,Alameda,001,1643700,16701,14909,121,15030,221
2020-08-14,Alpine,003,1148,3,2,0,2,0
2020-08-14,Amador,005,37829,258,209,0,209,9
2020-08-14,Butte,007,227075,1550,1384,21,1405,15
2020-08-14,Calaveras,009,45235,187,165,0,165,1
2020-08-14,Colusa,011,21464,419,399,0,399,5
2020-08-14,Contra Costa,013,1133247,12846,10893,42,10935,137
2020-08-14,Del Norte,015,27424,103,76,0,76,0
2020-08-14,El Dorado,017,186661,928,827,0,827,2
2020-08-14,Fresno,019,978130,25209,19900,237,20137,208
2020-08-14,Glenn,021,27897,420,395,0,395,2
2020-08-14,Humboldt,023,135768,339,294,1,295,4
2020-08-14,Imperial,025,180216,10881,8756,5,8761,185
2020-08-14,Inyo,027,18085,147,115,0,115,1
2020-08-14,Kern,029,883053,28132,25893,164,26057,249
2020-08-14,Kings,031,150075,5631,4953,31,4984,56
2020-08-14,Lake,033,64148,287,267,0,267,2
2020-08-14,Lassen,035,31185,708,665,2,667,0
2020-08-14,Los Angeles,037,10098052,226854,219083,858,219941,5222
2020-08-14,Madera,039,155013,3488,2876,19,2895,26
2020-08-14,Marin,041,260295,5845,5601,12,5613,46
2020-08-14,Mariposa,043,17540,69,61,0,61,2
2020-08-14,Mendocino,045,87422,508,432,0,432,8
2020-08-14,Merced,047,269075,7242,6466,4,6470,67
2020-08-14,Modoc,049,8938,7,5,0,5,0
2020-08-14,Mono,051,14174,162,126,1,127,1
2020-08-14,Monterey,053,433212,7050,6121,18,6139,41
2020-08-14,Napa,055,140530,1341,1230,2,1232,10
2020-08-14,Nevada,057,99092,405,377,12,389,2
2020-08-14,Orange,059,3164182,47839,42399,1028,43427,798
2020-08-14,Placer,061,380077,2758,2546,3,2549,26
2020-08-14,Plumas,063,18699,38,33,0,33,0
2020-08-14,Riverside,065,2383286,50156,46456,40,46496,891
2020-08-14,Sacramento,067,1510023,16026,13645,10,13655,212
2020-08-14,San Benito,069,59416,898,783,0,783,2
2020-08-14,San Bernardino,071,2135413,45692,40442,244,40686,594
2020-08-14,San Diego,073,3302833,36142,34067,177,34244,622
2020-08-14,San Francisco,075,870044,8666,7467,8,7475,69
2020-08-14,San Joaquin,077,732212,16946,14925,27,14952,276
2020-08-14,San Luis Obispo,079,281455,2674,2422,12,2434,17
2020-08-14,San Mateo,081,765935,7706,6655,5,6660,118
2020-08-14,Santa Barbara,083,443738,8272,7302,61,7363,77
2020-08-14,Santa Clara,085,1922200,16026,13785,23,13808,183
2020-08-14,Santa Cruz,087,273765,1618,1418,13,1431,6
2020-08-14,Shasta,089,179085,566,446,3,449,9
2020-08-14,Sierra,091,2930,6,5,0,5,0
2020-08-14,Siskiyou,093,43540,112,98,0,98,0
2020-08-14,Solano,095,438530,4966,4421,32,4453,31
2020-08-14,Sonoma,097,501317,4927,4087,13,4100,45
2020-08-14,Stanislaus,099,539301,13895,12379,190,12569,140
2020-08-14,Sutter,101,95872,1154,1039,1,1040,8
2020-08-14,Tehama,103,63373,351,305,2,307,1
2020-08-14,Trinity,105,12862,24,6,5,11,0
2020-08-14,Tulare,107,460477,13190,12009,37,12046,211
2020-08-14,Tuolumne,109,53932,170,155,3,158,1
2020-08-14,Ventura,111,848112,10098,9313,44,9357,89
2020-08-14,Yolo,113,214977,2208,1991,4,1995,45
2020-08-14,Yuba,115,75493,711,606,2,608,1
2020-08-13,Alameda,001,1643700,16424,14385,121,14506,218
2020-08-13,Alpine,003,1148,3,2,0,2,0
2020-08-13,Amador,005,37829,258,198,0,198,8
2020-08-13,Butte,007,227075,1525,1345,21,1366,15
2020-08-13,Calaveras,009,45235,185,162,0,162,1
2020-08-13,Colusa,011,21464,419,395,0,395,5
2020-08-13,Contra Costa,013,1133247,12692,10545,41,10586,136
2020-08-13,Del Norte,015,27424,102,74,0,74,0
2020-08-13,El Dorado,017,186661,923,803,0,803,2
2020-08-13,Fresno,019,978130,24983,19157,231,19388,201
2020-08-13,Glenn,021,27897,416,392,0,392,1
2020-08-13,Humboldt,023,135768,331,281,1,282,4
2020-08-13,Imperial,025,180216,10850,8640,5,8645,170
2020-08-13,Inyo,027,18085,143,97,0,97,1
2020-08-13,Kern,029,883053,27965,25472,161,25633,242
2020-08-13,Kings,031,150075,5597,4824,31,4855,52
2020-08-13,Lake,033,64148,282,263,0,263,2
2020-08-13,Lassen,035,31185,708,652,2,654,0
2020-08-13,Los Angeles,037,10098052,225456,216497,836,217333,5179
2020-08-13,Madera,039,155013,3444,2675,18,2693,25
2020-08-13,Marin,041,260295,5829,5503,12,5515,44
2020-08-13,Mariposa,043,17540,68,61,0,61,2
2020-08-13,Mendocino,045,87422,503,401,0,401,8
2020-08-13,Merced,047,269075,7124,5945,3,5948,63
2020-08-13,Modoc,049,8938,7,5,0,5,0
2020-08-13,Mono,051,14174,162,124,1,125,1
2020-08-13,Monterey,053,433212,6967,5925,18,5943,38
2020-08-13,Napa,055,140530,1332,1179,2,1181,10
2020-08-13,Nevada,057,99092,401,362,12,374,1
2020-08-13,Orange,059,3164182,47600,42019,1016,43035,773
2020-08-13,Placer,061,380077,2736,2460,3,2463,26
2020-08-13,Plumas,063,18699,38,32,0,32,0
2020-08-13,Riverside,065,2383286,49862,45327,40,45367,885
2020-08-13,Sacramento,067,1510023,15824,13237,10,13247,197
2020-08-13,San Benito,069,59416,869,757,0,757,2
2020-08-13,San Bernardino,071,2135413,45298,39395,238,39633,591
2020-08-13,San Diego,073,3302833,35906,33661,159,33820,627
2020-08-13,San Francisco,075,870044,8572,7277,8,7285,69
2020-08-13,San Joaquin,077,732212,16792,14537,26,14563,261
2020-08-13,San Luis Obispo,079,281455,2653,2283,12,2295,16
2020-08-13,San Mateo,081,765935,7644,6503,5,6508,117
2020-08-13,Santa Barbara,083,443738,8227,7129,60,7189,74
2020-08-13,Santa Clara,085,1922200,15803,13257,23,13280,182
2020-08-13,Santa Cruz,087,273765,1593,1383,13,1396,6
2020-08-13,Shasta,089,179085,561,428,3,431,9
2020-08-13,Sierra,091,2930,6,5,0,5,0
2020-08-13,Siskiyou,093,43540,112,95,0,95,0
2020-08-13,Solano,095,438530,4929,4305,32,4337,31
2020-08-13,Sonoma,097,501317,4853,3902,13,3915,45
2020-08-13,Stanislaus,099,539301,13765,11953,174,12127,136
2020-08-13,Sutter,101,95872,1132,992,1,993,8
2020-08-13,Tehama,103,63373,342,302,2,304,1
2020-08-13,Trinity,105,12862,23,6,5,11,0
2020-08-13,Tulare,107,460477,13047,11692,34,11726,210
2020-08-13,Tuolumne,109,53932,169,152,3,155,1
2020-08-13,Ventura,111,848112,10009,9114,44,9158,90
2020-08-13,Yolo,113,214977,2181,1938,4,1942,44
2020-08-13,Yuba,115,75493,695,568,2,570,1
2020-08-12,Alameda,001,1643700,16211,14214,120,14334,215
2020-08-12,Alpine,003,1148,3,2,0,2,0
2020-08-12,Amador,005,37829,255,197,0,197,8
2020-08-12,Butte,007,227075,1497,1317,21,1338,15
2020-08-12,Calaveras,009,45235,182,157,0,157,1
2020-08-12,Colusa,011,21464,414,394,0,394,5
2020-08-12,Contra Costa,013,1133247,12548,10304,39,10343,134
2020-08-12,Del Norte,015,27424,101,74,0,74,0
2020-08-12,El Dorado,017,186661,905,794,0,794,2
2020-08-12,Fresno,019,978130,24754,18690,225,18915,194
2020-08-12,Glenn,021,27897,413,388,0,388,1
2020-08-12,Humboldt,023,135768,324,281,1,282,4
2020-08-12,Imperial,025,180216,10827,8566,5,8571,167
2020-08-12,Inyo,027,18085,126,97,0,97,1
2020-08-12,Kern,029,883053,27774,25191,159,25350,232
2020-08-12,Kings,031,150075,5558,4736,31,4767,50
2020-08-12,Lake,033,64148,280,253,0,253,2
2020-08-12,Lassen,035,31185,707,651,2,653,0
2020-08-12,Los Angeles,037,10098052,224001,214542,820,215362,5119
2020-08-12,Madera,039,155013,3410,2681,16,2697,23
2020-08-12,Marin,041,260295,5807,5423,12,5435,44
2020-08-12,Mariposa,043,17540,68,61,0,61,2
2020-08-12,Mendocino,045,87422,484,386,0,386,9
2020-08-12,Merced,047,269075,7062,5777,3,5780,66
2020-08-12,Modoc,049,8938,7,5,0,5,0
2020-08-12,Mono,051,14174,161,124,1,125,1
2020-08-12,Monterey,053,433212,6863,5919,18,5937,38
2020-08-12,Napa,055,140530,1322,1161,2,1163,10
2020-08-12,Nevada,057,99092,396,357,12,369,1
2020-08-12,Orange,059,3164182,47348,41576,992,42568,754
2020-08-12,Placer,061,380077,2704,2417,3,2420,25
2020-08-12,Plumas,063,18699,38,31,0,31,0
2020-08-12,Riverside,065,2383286,49514,44747,40,44787,867
2020-08-12,Sacramento,067,1510023,15612,12528,10,12538,189
2020-08-12,San Benito,069,59416,856,751,0,751,2
2020-08-12,San Bernardino,071,2135413,44955,38811,229,39040,589
2020-08-12,San Diego,073,3302833,35697,33395,139,33534,608
2020-08-12,San Francisco,075,870044,8488,7194,8,7202,66
2020-08-12,San Joaquin,077,732212,16648,14154,26,14180,253
2020-08-12,San Luis Obispo,079,281455,2628,2263,12,2275,15
2020-08-12,San Mateo,081,765935,7565,6427,5,6432,117
2020-08-12,Santa Barbara,083,443738,8167,7049,58,7107,74
2020-08-12,Santa Clara,085,1922200,15627,13002,23,13025,182
2020-08-12,Santa Cruz,087,273765,1564,1382,12,1394,6
2020-08-12,Shasta,089,179085,557,417,3,420,9
2020-08-12,Sierra,091,2930,5,4,0,4,0
2020-08-12,Siskiyou,093,43540,111,90,0,90,0
2020-08-12,Solano,095,438530,4884,4258,32,4290,31
2020-08-12,Sonoma,097,501317,4779,3847,13,3860,47
2020-08-12,Stanislaus,099,539301,13627,11682,165,11847,136
2020-08-12,Sutter,101,95872,1108,987,1,988,7
2020-08-12,Tehama,103,63373,332,289,2,291,1
2020-08-12,Trinity,105,12862,22,6,5,11,0
2020-08-12,Tulare,107,460477,12919,11460,34,11494,211
2020-08-12,Tuolumne,109,53932,168,150,3,153,1
2020-08-12,Ventura,111,848112,9923,9005,43,9048,87
2020-08-12,Yolo,113,214977,2157,1921,4,1925,44
2020-08-12,Yuba,115,75493,673,549,1,550,1
2020-08-11,Alameda,001,1643700,15952,13960,117,14077,204
2020-08-11,Alpine,003,1148,3,2,0,2,0
2020-08-11,Amador,005,37829,249,187,0,187,3
2020-08-11,Butte,007,227075,1470,1296,21,1317,15
2020-08-11,Calaveras,009,45235,180,161,0,161,1
2020-08-11,Colusa,011,21464,409,390,0,390,5
2020-08-11,Contra Costa,013,1133247,12359,10012,37,10049,131
2020-08-11,Del Norte,015,27424,100,73,0,73,0
2020-08-11,El Dorado,017,186661,898,786,0,786,2
2020-08-11,Fresno,019,978130,24433,18344,222,18566,187
2020-08-11,Glenn,021,27897,411,380,0,380,1
2020-08-11,Humboldt,023,135768,319,283,1,284,4
2020-08-11,Imperial,025,180216,10772,8518,5,8523,165
2020-08-11,Inyo,027,18085,121,97,0,97,1
2020-08-11,Kern,029,883053,27440,25042,156,25198,230
2020-08-11,Kings,031,150075,5371,4696,31,4727,50
2020-08-11,Lake,033,64148,277,243,0,243,2
2020-08-11,Lassen,035,31185,701,605,2,607,0
2020-08-11,Los Angeles,037,10098052,222496,212421,796,213217,5065
2020-08-11,Madera,039,155013,3356,2673,16,2689,22
2020-08-11,Marin,041,260295,5779,5287,11,5298,44
2020-08-11,Mariposa,043,17540,67,60,0,60,2
2020-08-11,Mendocino,045,87422,474,385,0,385,9
2020-08-11,Merced,047,269075,6967,5322,2,5324,65
2020-08-11,Modoc,049,8938,7,5,0,5,0
2020-08-11,Mono,051,14174,161,124,1,125,1
2020-08-11,Monterey,053,433212,6755,5624,18,5642,36
2020-08-11,Napa,055,140530,1311,1143,1,1144,11
2020-08-11,Nevada,057,99092,393,358,12,370,1
2020-08-11,Orange,059,3164182,47128,41205,969,42174,742
2020-08-11,Placer,061,380077,2672,2393,3,2396,24
2020-08-11,Plumas,063,18699,38,31,0,31,0
2020-08-11,Riverside,065,2383286,49155,44237,40,44277,836
2020-08-11,Sacramento,067,1510023,15321,12298,10,12308,182
2020-08-11,San Benito,069,59416,844,750,0,750,2
2020-08-11,San Bernardino,071,2135413,44614,38467,222,38689,584
2020-08-11,San Diego,073,3302833,35430,33159,120,33279,602
2020-08-11,San Francisco,075,870044,8392,6988,8,6996,66
2020-08-11,San Joaquin,077,732212,16471,13997,21,14018,251
2020-08-11,San Luis Obispo,079,281455,2571,2234,12,2246,15
2020-08-11,San Mateo,081,765935,7490,6339,5,6344,117
2020-08-11,Santa Barbara,083,443738,8117,6942,58,7000,70
2020-08-11,Santa Clara,085,1922200,15406,12920,23,12943,183
2020-08-11,Santa Cruz,087,273765,1541,1352,12,1364,4
2020-08-11,Shasta,089,179085,553,416,3,419,9
2020-08-11,Sierra,091,2930,5,4,0,4,0
2020-08-11,Siskiyou,093,43540,111,90,0,90,0
2020-08-11,Solano,095,438530,4836,4206,31,4237,31
2020-08-11,Sonoma,097,501317,4685,3752,13,3765,45
2020-08-11,Stanislaus,099,539301,13523,11592,153,11745,128
2020-08-11,Sutter,101,95872,1086,964,1,965,7
2020-08-11,Tehama,103,63373,328,289,2,291,1
2020-08-11,Trinity,105,12862,22,5,5,10,0
2020-08-11,Tulare,107,460477,12794,11392,33,11425,201
2020-08-11,Tuolumne,109,53932,163,146,3,149,1
2020-08-11,Ventura,111,848112,9855,8953,42,8995,88
2020-08-11,Yolo,113,214977,2135,1912,4,1916,44
2020-08-11,Yuba,115,75493,662,540,1,541,1
2020-08-10,Alameda,001,1643700,15710,13420,116,13536,203
2020-08-10,Alpine,003,1148,3,2,0,2,0
2020-08-10,Amador,005,37829,248,172,0,172,2
2020-08-10,Butte,007,227075,1446,1174,19,1193,15
2020-08-10,Calaveras,009,45235,170,121,0,121,1
2020-08-10,Colusa,011,21464,407,387,0,387,4
2020-08-10,Contra Costa,013,1133247,12206,9454,35,9489,130
2020-08-10,Del Norte,015,27424,98,69,0,69,0
2020-08-10,El Dorado,017,186661,886,771,0,771,2
2020-08-10,Fresno,019,978130,24152,17978,221,18199,183
2020-08-10,Glenn,021,27897,408,381,0,381,1
2020-08-10,Humboldt,023,135768,313,277,1,278,4
2020-08-10,Imperial,025,180216,10728,8465,5,8470,165
2020-08-10,Inyo,027,18085,121,97,0,97,1
2020-08-10,Kern,029,883053,27214,24499,155,24654,215
2020-08-10,Kings,031,150075,5265,4588,31,4619,50
2020-08-10,Lake,033,64148,270,239,0,239,2
2020-08-10,Lassen,035,31185,701,588,2,590,0
2020-08-10,Los Angeles,037,10098052,220910,211035,778,211813,5003
2020-08-10,Madera,039,155013,3323,2365,15,2380,22
2020-08-10,Marin,041,260295,5734,5242,10,5252,44
2020-08-10,Mariposa,043,17540,67,57,0,57,2
2020-08-10,Mendocino,045,87422,450,364,0,364,1
2020-08-10,Merced,047,269075,6886,4913,2,4915,51
2020-08-10,Modoc,049,8938,7,5,0,5,0
2020-08-10,Mono,051,14174,161,123,1,124,1
2020-08-10,Monterey,053,433212,6645,5358,18,5376,34
2020-08-10,Napa,055,140530,1293,1084,1,1085,8
2020-08-10,Nevada,057,99092,385,356,12,368,1
2020-08-10,Orange,059,3164182,46858,40445,951,41396,721
2020-08-10,Placer,061,380077,2633,2298,3,2301,21
2020-08-10,Plumas,063,18699,38,27,0,27,0
2020-08-10,Riverside,065,2383286,48769,43296,39,43335,830
2020-08-10,Sacramento,067,1510023,15010,12059,10,12069,168
2020-08-10,San Benito,069,59416,831,743,0,743,2
2020-08-10,San Bernardino,071,2135413,44237,37367,213,37580,579
2020-08-10,San Diego,073,3302833,35164,32977,104,33081,594
2020-08-10,San Francisco,075,870044,8302,6816,7,6823,66
2020-08-10,San Joaquin,077,732212,16289,13308,21,13329,240
2020-08-10,San Luis Obispo,079,281455,2472,2208,11,2219,15
2020-08-10,San Mateo,081,765935,7413,6222,5,6227,117
2020-08-10,Santa Barbara,083,443738,8062,6869,58,6927,66
2020-08-10,Santa Clara,085,1922200,15146,12615,22,12637,182
2020-08-10,Santa Cruz,087,273765,1521,1239,11,1250,4
2020-08-10,Shasta,089,179085,549,384,3,387,9
2020-08-10,Sierra,091,2930,5,3,0,3,0
2020-08-10,Siskiyou,093,43540,108,88,0,88,0
2020-08-10,Solano,095,438530,4776,4101,31,4132,31
2020-08-10,Sonoma,097,501317,4516,3640,9,3649,42
2020-08-10,Stanislaus,099,539301,13341,10855,136,10991,106
2020-08-10,Sutter,101,95872,1061,865,1,866,7
2020-08-10,Tehama,103,63373,321,282,2,284,1
2020-08-10,Trinity,105,12862,20,5,5,10,0
2020-08-10,Tulare,107,460477,12621,10750,31,10781,194
2020-08-10,Tuolumne,109,53932,163,143,2,145,1
2020-08-10,Ventura,111,848112,9771,8851,41,8892,85
2020-08-10,Yolo,113,214977,2112,1840,4,1844,45
2020-08-10,Yuba,115,75493,645,527,1,528,1
2020-08-09,Alameda,001,1643700,15430,13241,114,13355,203
2020-08-09,Alpine,003,1148,3,2,0,2,0
2020-08-09,Amador,005,37829,243,153,0,153,2
2020-08-09,Butte,007,227075,1402,1155,18,1173,15
2020-08-09,Calaveras,009,45235,165,122,0,122,1
2020-08-09,Colusa,011,21464,403,371,0,371,4
2020-08-09,Contra Costa,013,1133247,11979,9214,33,9247,130
2020-08-09,Del Norte,015,27424,98,69,0,69,0
2020-08-09,El Dorado,017,186661,878,748,0,748,2
2020-08-09,Fresno,019,978130,23844,17846,217,18063,183
2020-08-09,Glenn,021,27897,406,354,0,354,1
2020-08-09,Humboldt,023,135768,307,279,1,280,4
2020-08-09,Imperial,025,180216,10685,8310,4,8314,165
2020-08-09,Inyo,027,18085,116,86,0,86,1
2020-08-09,Kern,029,883053,26958,23680,155,23835,215
2020-08-09,Kings,031,150075,5222,4446,30,4476,50
2020-08-09,Lake,033,64148,263,225,0,225,2
2020-08-09,Lassen,035,31185,695,589,2,591,0
2020-08-09,Los Angeles,037,10098052,218843,208810,756,209566,4984
2020-08-09,Madera,039,155013,3264,2322,11,2333,22
2020-08-09,Marin,041,260295,5691,5204,10,5214,44
2020-08-09,Mariposa,043,17540,65,56,0,56,2
2020-08-09,Mendocino,045,87422,440,283,0,283,1
2020-08-09,Merced,047,269075,6788,4735,1,4736,51
2020-08-09,Modoc,049,8938,7,4,0,4,0
2020-08-09,Mono,051,14174,160,113,1,114,1
2020-08-09,Monterey,053,433212,6521,5199,18,5217,34
2020-08-09,Napa,055,140530,1274,1062,1,1063,8
2020-08-09,Nevada,057,99092,377,332,12,344,1
2020-08-09,Orange,059,3164182,46558,39244,936,40180,722
2020-08-09,Placer,061,380077,2604,2211,3,2214,20
2020-08-09,Plumas,063,18699,38,27,0,27,0
2020-08-09,Riverside,065,2383286,48423,41894,38,41932,828
2020-08-09,Sacramento,067,1510023,14730,11301,10,11311,167
2020-08-09,San Benito,069,59416,812,687,0,687,2
2020-08-09,San Bernardino,071,2135413,43762,36092,213,36305,579
2020-08-09,San Diego,073,3302833,34873,32749,93,32842,594
2020-08-09,San Francisco,075,870044,8187,6820,7,6827,66
2020-08-09,San Joaquin,077,732212,16084,12933,20,12953,240
2020-08-09,San Luis Obispo,079,281455,2436,2124,11,2135,15
2020-08-09,San Mateo,081,765935,7318,6094,5,6099,117
2020-08-09,Santa Barbara,083,443738,7975,6669,58,6727,66
2020-08-09,Santa Clara,085,1922200,14876,11878,22,11900,181
2020-08-09,Santa Cruz,087,273765,1497,1246,11,1257,4
2020-08-09,Shasta,089,179085,545,361,3,364,9
2020-08-09,Sierra,091,2930,5,3,0,3,0
2020-08-09,Siskiyou,093,43540,107,74,0,74,0
2020-08-09,Solano,095,438530,4723,3954,30,3984,31
2020-08-09,Sonoma,097,501317,4380,3531,7,3538,41
2020-08-09,Stanislaus,099,539301,13133,10264,123,10387,106
2020-08-09,Sutter,101,95872,1027,857,1,858,7
2020-08-09,Tehama,103,63373,313,265,2,267,1
2020-08-09,Trinity,105,12862,20,5,5,10,0
2020-08-09,Tulare,107,460477,12429,10630,28,10658,194
2020-08-09,Tuolumne,109,53932,160,143,2,145,1
2020-08-09,Ventura,111,848112,9623,8633,40,8673,85
2020-08-09,Yolo,113,214977,2081,1765,4,1769,44
2020-08-09,Yuba,115,75493,625,442,1,443,1
2020-08-08,Alameda,001,1643700,15320,13087,114,13201,204
2020-08-08,Alpine,003,1148,3,2,0,2,0
2020-08-08,Amador,005,37829,243,139,0,139,2
2020-08-08,Butte,007,227075,1384,1140,18,1158,15
2020-08-08,Calaveras,009,45235,164,122,0,122,1
2020-08-08,Colusa,011,21464,402,368,0,368,4
2020-08-08,Contra Costa,013,1133247,11870,9104,33,9137,129
2020-08-08,Del Norte,015,27424,97,69,0,69,0
2020-08-08,El Dorado,017,186661,871,734,0,734,2
2020-08-08,Fresno,019,978130,23708,17538,215,17753,183
2020-08-08,Glenn,021,27897,406,344,0,344,1
2020-08-08,Humboldt,023,135768,304,277,1,278,4
2020-08-08,Imperial,025,180216,10670,8213,4,8217,165
2020-08-08,Inyo,027,18085,112,86,0,86,1
2020-08-08,Kern,029,883053,26844,22803,155,22958,215
2020-08-08,Kings,031,150075,5208,4367,30,4397,49
2020-08-08,Lake,033,64148,261,221,0,221,2
2020-08-08,Lassen,035,31185,695,589,2,591,0
2020-08-08,Los Angeles,037,10098052,217956,206971,745,207716,4974
2020-08-08,Madera,039,155013,3233,2275,11,2286,22
2020-08-08,Marin,041,260295,5671,5118,10,5128,44
2020-08-08,Mariposa,043,17540,64,55,0,55,2
2020-08-08,Mendocino,045,87422,438,264,0,264,1
2020-08-08,Merced,047,269075,6748,4570,1,4571,51
2020-08-08,Modoc,049,8938,7,4,0,4,0
2020-08-08,Mono,051,14174,160,113,1,114,1
2020-08-08,Monterey,053,433212,6463,5101,18,5119,33
2020-08-08,Napa,055,140530,1266,1062,1,1063,8
2020-08-08,Nevada,057,99092,375,325,12,337,1
2020-08-08,Orange,059,3164182,46428,38688,927,39615,718
2020-08-08,Placer,061,380077,2587,2153,3,2156,20
2020-08-08,Plumas,063,18699,38,27,0,27,0
2020-08-08,Riverside,065,2383286,48219,41412,38,41450,823
2020-08-08,Sacramento,067,1510023,14601,11144,10,11154,166
2020-08-08,San Benito,069,59416,804,684,0,684,2
2020-08-08,San Bernardino,071,2135413,43566,35691,212,35903,531
2020-08-08,San Diego,073,3302833,34684,32332,84,32416,593
2020-08-08,San Francisco,075,870044,8121,6820,7,6827,66
2020-08-08,San Joaquin,077,732212,16003,12559,19,12578,240
2020-08-08,San Luis Obispo,079,281455,2413,2081,11,2092,15
2020-08-08,San Mateo,081,765935,7260,6021,5,6026,117
2020-08-08,Santa Barbara,083,443738,7937,6598,58,6656,66
2020-08-08,Santa Clara,085,1922200,14724,11615,22,11637,181
2020-08-08,Santa Cruz,087,273765,1483,1247,11,1258,4
2020-08-08,Shasta,089,179085,543,343,3,346,9
2020-08-08,Sierra,091,2930,5,3,0,3,0
2020-08-08,Siskiyou,093,43540,107,73,0,73,0
2020-08-08,Solano,095,438530,4702,3889,29,3918,31
2020-08-08,Sonoma,097,501317,4348,3399,7,3406,41
2020-08-08,Stanislaus,099,539301,13058,9963,117,10080,105
2020-08-08,Sutter,101,95872,1017,830,1,831,7
2020-08-08,Tehama,103,63373,312,251,2,253,1
2020-08-08,Trinity,105,12862,20,5,5,10,0
2020-08-08,Tulare,107,460477,12353,10505,28,10533,192
2020-08-08,Tuolumne,109,53932,160,143,2,145,1
2020-08-08,Ventura,111,848112,9568,8462,39,8501,85
2020-08-08,Yolo,113,214977,2068,1725,4,1729,44
2020-08-08,Yuba,115,75493,616,430,1,431,1
2020-08-07,Alameda,001,1643700,15211,12805,114,12919,204
2020-08-07,Alpine,003,1148,3,2,0,2,0
2020-08-07,Amador,005,37829,241,125,0,125,2
2020-08-07,Butte,007,227075,1366,1092,18,1110,13
2020-08-07,Calaveras,009,45235,164,119,0,119,1
2020-08-07,Colusa,011,21464,401,358,0,358,4
2020-08-07,Contra Costa,013,1133247,11721,8810,33,8843,126
2020-08-07,Del Norte,015,27424,97,69,0,69,0
2020-08-07,El Dorado,017,186661,866,724,0,724,2
2020-08-07,Fresno,019,978130,23548,17290,215,17505,171
2020-08-07,Glenn,021,27897,405,339,0,339,1
2020-08-07,Humboldt,023,135768,300,274,1,275,4
2020-08-07,Imperial,025,180216,10645,8085,4,8089,164
2020-08-07,Inyo,027,18085,111,81,0,81,1
2020-08-07,Kern,029,883053,26718,22143,152,22295,206
2020-08-07,Kings,031,150075,5191,4315,30,4345,48
2020-08-07,Lake,033,64148,259,215,0,215,1
2020-08-07,Lassen,035,31185,694,588,2,590,0
2020-08-07,Los Angeles,037,10098052,216498,204406,733,205139,4924
2020-08-07,Madera,039,155013,3201,2245,11,2256,20
2020-08-07,Marin,041,260295,5642,5094,10,5104,43
2020-08-07,Mariposa,043,17540,64,53,0,53,2
2020-08-07,Mendocino,045,87422,424,262,0,262,1
2020-08-07,Merced,047,269075,6705,4358,1,4359,30
2020-08-07,Modoc,049,8938,7,4,0,4,0
2020-08-07,Mono,051,14174,160,112,1,113,1
2020-08-07,Monterey,053,433212,6388,5041,18,5059,33
2020-08-07,Napa,055,140530,1261,1055,1,1056,8
2020-08-07,Nevada,057,99092,372,324,12,336,1
2020-08-07,Orange,059,3164182,46215,38459,910,39369,701
2020-08-07,Placer,061,380077,2570,2078,3,2081,20
2020-08-07,Plumas,063,18699,38,25,0,25,0
2020-08-07,Riverside,065,2383286,47956,40902,37,40939,810
2020-08-07,Sacramento,067,1510023,14455,10798,10,10808,160
2020-08-07,San Benito,069,59416,798,647,0,647,2
2020-08-07,San Bernardino,071,2135413,43319,35200,211,35411,524
2020-08-07,San Diego,073,3302833,34499,31781,81,31862,586
2020-08-07,San Francisco,075,870044,8043,6765,7,6772,66
2020-08-07,San Joaquin,077,732212,15918,12392,19,12411,223
2020-08-07,San Luis Obispo,079,281455,2382,2050,11,2061,14
2020-08-07,San Mateo,081,765935,7201,5948,5,5953,117
2020-08-07,Santa Barbara,083,443738,7886,6509,58,6567,66
2020-08-07,Santa Clara,085,1922200,14524,11409,22,11431,180
2020-08-07,Santa Cruz,087,273765,1465,1234,11,1245,5
2020-08-07,Shasta,089,179085,538,342,3,345,9
2020-08-07,Sierra,091,2930,5,3,0,3,0
2020-08-07,Siskiyou,093,43540,104,73,0,73,0
2020-08-07,Solano,095,438530,4670,3844,28,3872,31
2020-08-07,Sonoma,097,501317,4284,3329,7,3336,34
2020-08-07,Stanislaus,099,539301,12936,9665,106,9771,98
2020-08-07,Sutter,101,95872,1013,807,1,808,6
2020-08-07,Tehama,103,63373,308,246,2,248,1
2020-08-07,Trinity,105,12862,19,5,5,10,0
2020-08-07,Tulare,107,460477,12276,10292,28,10320,195
2020-08-07,Tuolumne,109,53932,159,136,2,138,1
2020-08-07,Ventura,111,848112,9508,8356,37,8393,84
2020-08-07,Yolo,113,214977,2041,1689,4,1693,37
2020-08-07,Yuba,115,75493,611,413,1,414,1
2020-08-06,Alameda,001,1643700,14989,12474,113,12587,200
2020-08-06,Alpine,003,1148,3,2,0,2,0
2020-08-06,Amador,005,37829,227,125,0,125,0
2020-08-06,Butte,007,227075,1347,1060,18,1078,13
2020-08-06,Calaveras,009,45235,162,117,0,117,1
2020-08-06,Colusa,011,21464,398,358,0,358,3
2020-08-06,Contra Costa,013,1133247,11527,8583,32,8615,124
2020-08-06,Del Norte,015,27424,97,69,0,69,0
2020-08-06,El Dorado,017,186661,855,703,0,703,1
2020-08-06,Fresno,019,978130,23252,17031,208,17239,161
2020-08-06,Glenn,021,27897,400,332,0,332,1
2020-08-06,Humboldt,023,135768,295,266,1,267,4
2020-08-06,Imperial,025,180216,10602,8064,4,8068,163
2020-08-06,Inyo,027,18085,103,83,0,83,1
2020-08-06,Kern,029,883053,26482,21843,151,21994,197
2020-08-06,Kings,031,150075,5131,4264,28,4292,47
2020-08-06,Lake,033,64148,256,209,0,209,1
2020-08-06,Lassen,035,31185,692,588,2,590,0
2020-08-06,Los Angeles,037,10098052,214417,201372,716,202088,4874
2020-08-06,Madera,039,155013,3153,2240,10,2250,19
2020-08-06,Marin,041,260295,5610,5058,10,5068,43
2020-08-06,Mariposa,043,17540,63,52,0,52,2
2020-08-06,Mendocino,045,87422,410,260,0,260,1
2020-08-06,Merced,047,269075,6604,4235,1,4236,30
2020-08-06,Modoc,049,8938,7,4,0,4,0
2020-08-06,Mono,051,14174,159,111,1,112,1
2020-08-06,Monterey,053,433212,6279,5001,17,5018,33
2020-08-06,Napa,055,140530,1247,1032,1,1033,8
2020-08-06,Nevada,057,99092,367,321,12,333,1
2020-08-06,Orange,059,3164182,45922,38399,905,39304,694
2020-08-06,Placer,061,380077,2544,2045,3,2048,20
2020-08-06,Plumas,063,18699,37,25,0,25,0
2020-08-06,Riverside,065,2383286,47561,40269,37,40306,781
2020-08-06,Sacramento,067,1510023,14226,10548,10,10558,153
2020-08-06,San Benito,069,59416,790,626,0,626,2
2020-08-06,San Bernardino,071,2135413,42915,34819,209,35028,516
2020-08-06,San Diego,073,3302833,34232,31129,74,31203,583
2020-08-06,San Francisco,075,870044,7950,6737,6,6743,60
2020-08-06,San Joaquin,077,732212,15759,12269,19,12288,203
2020-08-06,San Luis Obispo,079,281455,2358,2000,10,2010,13
2020-08-06,San Mateo,081,765935,7101,5885,5,5890,117
2020-08-06,Santa Barbara,083,443738,7826,6620,58,6678,65
2020-08-06,Santa Clara,085,1922200,14295,11280,22,11302,178
2020-08-06,Santa Cruz,087,273765,1444,1215,11,1226,4
2020-08-06,Shasta,089,179085,529,343,3,346,9
2020-08-06,Sierra,091,2930,5,3,0,3,0
2020-08-06,Siskiyou,093,43540,104,73,0,73,0
2020-08-06,Solano,095,438530,4627,3784,28,3812,29
2020-08-06,Sonoma,097,501317,4220,3259,7,3266,33
2020-08-06,Stanislaus,099,539301,12787,9566,89,9655,98
2020-08-06,Sutter,101,95872,982,797,1,798,6
2020-08-06,Tehama,103,63373,305,242,2,244,1
2020-08-06,Trinity,105,12862,17,5,5,10,0
2020-08-06,Tulare,107,460477,12117,10169,28,10197,195
2020-08-06,Tuolumne,109,53932,158,136,2,138,1
2020-08-06,Ventura,111,848112,9395,8245,34,8279,80
2020-08-06,Yolo,113,214977,2017,1662,4,1666,36
2020-08-06,Yuba,115,75493,602,407,0,407,1
2020-08-05,Alameda,001,1643700,14776,12140,112,12252,193
2020-08-05,Alpine,003,1148,3,2,0,2,0
2020-08-05,Amador,005,37829,217,123,0,123,0
2020-08-05,Butte,007,227075,1313,1038,17,1055,13
2020-08-05,Calaveras,009,45235,159,116,0,116,1
2020-08-05,Colusa,011,21464,394,354,0,354,3
2020-08-05,Contra Costa,013,1133247,11363,8362,32,8394,122
2020-08-05,Del Norte,015,27424,96,69,0,69,0
2020-08-05,El Dorado,017,186661,847,692,0,692,1
2020-08-05,Fresno,019,978130,23009,16625,201,16826,159
2020-08-05,Glenn,021,27897,397,330,0,330,1
2020-08-05,Humboldt,023,135768,293,249,1,250,4
2020-08-05,Imperial,025,180216,10567,8036,4,8040,163
2020-08-05,Inyo,027,18085,101,62,0,62,1
2020-08-05,Kern,029,883053,26294,21540,146,21686,194
2020-08-05,Kings,031,150075,5086,4192,26,4218,47
2020-08-05,Lake,033,64148,249,209,0,209,1
2020-08-05,Lassen,035,31185,645,557,2,559,0
2020-08-05,Los Angeles,037,10098052,212498,198355,695,199050,4832
2020-08-05,Madera,039,155013,3111,2172,10,2182,19
2020-08-05,Marin,041,260295,5578,5036,10,5046,43
2020-08-05,Mariposa,043,17540,63,52,0,52,2
2020-08-05,Mendocino,045,87422,398,248,0,248,1
2020-08-05,Merced,047,269075,6469,4119,1,4120,30
2020-08-05,Modoc,049,8938,7,3,0,3,0
2020-08-05,Mono,051,14174,159,104,1,105,1
2020-08-05,Monterey,053,433212,6164,4936,17,4953,32
2020-08-05,Napa,055,140530,1235,1020,1,1021,8
2020-08-05,Nevada,057,99092,358,327,12,339,2
2020-08-05,Orange,059,3164182,45613,37907,897,38804,663
2020-08-05,Placer,061,380077,2503,1989,3,1992,18
2020-08-05,Plumas,063,18699,36,25,0,25,0
2020-08-05,Riverside,065,2383286,47170,39454,35,39489,761
2020-08-05,Sacramento,067,1510023,14007,10261,9,10270,151
2020-08-05,San Benito,069,59416,781,613,0,613,2
2020-08-05,San Bernardino,071,2135413,42452,34442,204,34646,504
2020-08-05,San Diego,073,3302833,34008,30866,58,30924,578
2020-08-05,San Francisco,075,870044,7857,6701,6,6707,60
2020-08-05,San Joaquin,077,732212,15596,12148,19,12167,199
2020-08-05,San Luis Obispo,079,281455,2335,1928,10,1938,13
2020-08-05,San Mateo,081,765935,7005,5695,5,5700,116
2020-08-05,Santa Barbara,083,443738,7765,6597,58,6655,63
2020-08-05,Santa Clara,085,1922200,14061,11074,22,11096,176
2020-08-05,Santa Cruz,087,273765,1424,1192,9,1201,4
2020-08-05,Shasta,089,179085,523,338,3,341,9
2020-08-05,Sierra,091,2930,5,3,0,3,0
2020-08-05,Siskiyou,093,43540,100,72,0,72,0
2020-08-05,Solano,095,438530,4576,3750,27,3777,29
2020-08-05,Sonoma,097,501317,4138,3173,7,3180,33
2020-08-05,Stanislaus,099,539301,12628,9408,84,9492,97
2020-08-05,Sutter,101,95872,971,780,1,781,6
2020-08-05,Tehama,103,63373,302,231,2,233,1
2020-08-05,Trinity,105,12862,17,5,5,10,0
2020-08-05,Tulare,107,460477,11977,9924,28,9952,192
2020-08-05,Tuolumne,109,53932,158,137,2,139,0
2020-08-05,Ventura,111,848112,9283,8162,31,8193,75
2020-08-05,Yolo,113,214977,1989,1634,4,1638,36
2020-08-05,Yuba,115,75493,585,400,0,400,1
2020-08-04,Alameda,001,1643700,14559,11983,111,12094,192
2020-08-04,Alpine,003,1148,3,2,0,2,0
2020-08-04,Amador,005,37829,202,123,0,123,0
2020-08-04,Butte,007,227075,1289,1011,17,1028,10
2020-08-04,Calaveras,009,45235,155,116,0,116,1
2020-08-04,Colusa,011,21464,389,354,0,354,3
2020-08-04,Contra Costa,013,1133247,11196,8210,32,8242,122
2020-08-04,Del Norte,015,27424,94,69,0,69,0
2020-08-04,El Dorado,017,186661,837,668,0,668,1
2020-08-04,Fresno,019,978130,22725,16272,193,16465,154
2020-08-04,Glenn,021,27897,396,325,0,325,1
2020-08-04,Humboldt,023,135768,283,241,1,242,4
2020-08-04,Imperial,025,180216,10530,7974,4,7978,163
2020-08-04,Inyo,027,18085,87,59,0,59,1
2020-08-04,Kern,029,883053,26010,21403,146,21549,190
2020-08-04,Kings,031,150075,5022,4163,26,4189,47
2020-08-04,Lake,033,64148,249,206,0,206,1
2020-08-04,Lassen,035,31185,642,556,2,558,0
2020-08-04,Los Angeles,037,10098052,210538,196014,664,196678,4764
2020-08-04,Madera,039,155013,3068,2161,5,2166,19
2020-08-04,Marin,041,260295,5547,5020,9,5029,43
2020-08-04,Mariposa,043,17540,63,51,0,51,2
2020-08-04,Mendocino,045,87422,373,248,0,248,1
2020-08-04,Merced,047,269075,6355,4085,1,4086,30
2020-08-04,Modoc,049,8938,7,3,0,3,0
2020-08-04,Mono,051,14174,158,104,0,104,1
2020-08-04,Monterey,053,433212,6050,4892,17,4909,32
2020-08-04,Napa,055,140530,1222,994,0,994,8
2020-08-04,Nevada,057,99092,357,322,12,334,2
2020-08-04,Orange,059,3164182,45239,37844,890,38734,659
2020-08-04,Placer,061,380077,2466,1964,3,1967,17
2020-08-04,Plumas,063,18699,36,25,0,25,0
2020-08-04,Riverside,065,2383286,46785,38991,34,39025,743
2020-08-04,Sacramento,067,1510023,13790,10205,9,10214,146
2020-08-04,San Benito,069,59416,765,608,0,608,2
2020-08-04,San Bernardino,071,2135413,41904,34215,198,34413,495
2020-08-04,San Diego,073,3302833,33715,30518,46,30564,568
2020-08-04,San Francisco,075,870044,7769,6568,6,6574,60
2020-08-04,San Joaquin,077,732212,15467,12087,16,12103,189
2020-08-04,San Luis Obispo,079,281455,2305,1886,10,1896,13
2020-08-04,San Mateo,081,765935,6899,5690,5,5695,116
2020-08-04,Santa Barbara,083,443738,7705,6591,58,6649,61
2020-08-04,Santa Clara,085,1922200,13760,10986,21,11007,175
2020-08-04,Santa Cruz,087,273765,1405,1202,9,1211,4
2020-08-04,Shasta,089,179085,517,335,3,338,9
2020-08-04,Sierra,091,2930,5,1,0,1,0
2020-08-04,Siskiyou,093,43540,98,71,0,71,0
2020-08-04,Solano,095,438530,4505,3690,27,3717,29
2020-08-04,Sonoma,097,501317,4071,3108,7,3115,33
2020-08-04,Stanislaus,099,539301,12460,9359,76,9435,97
2020-08-04,Sutter,101,95872,957,761,1,762,6
2020-08-04,Tehama,103,63373,295,226,2,228,1
2020-08-04,Trinity,105,12862,17,5,5,10,0
2020-08-04,Tulare,107,460477,11797,9866,28,9894,192
2020-08-04,Tuolumne,109,53932,157,127,2,129,0
2020-08-04,Ventura,111,848112,9172,8134,29,8163,75
2020-08-04,Yolo,113,214977,1963,1626,4,1630,37
2020-08-04,Yuba,115,75493,570,398,0,398,1
2020-08-03,Alameda,001,1643700,14376,11817,107,11924,189
2020-08-03,Alpine,003,1148,3,2,0,2,0
2020-08-03,Amador,005,37829,198,119,0,119,0
2020-08-03,Butte,007,227075,1243,989,16,1005,9
2020-08-03,Calaveras,009,45235,152,117,0,117,1
2020-08-03,Colusa,011,21464,385,336,0,336,2
2020-08-03,Contra Costa,013,1133247,10999,8069,28,8097,120
2020-08-03,Del Norte,015,27424,90,68,0,68,0
2020-08-03,El Dorado,017,186661,826,645,0,645,1
2020-08-03,Fresno,019,978130,22431,15945,187,16132,151
2020-08-03,Glenn,021,27897,389,316,0,316,1
2020-08-03,Humboldt,023,135768,276,234,1,235,4
2020-08-03,Imperial,025,180216,10476,7953,4,7957,161
2020-08-03,Inyo,027,18085,84,57,0,57,1
2020-08-03,Kern,029,883053,25643,21285,139,21424,176
2020-08-03,Kings,031,150075,4910,4107,25,4132,47
2020-08-03,Lake,033,64148,242,201,0,201,1
2020-08-03,Lassen,035,31185,642,555,2,557,0
2020-08-03,Los Angeles,037,10098052,208496,194103,633,194736,4706
2020-08-03,Madera,039,155013,3019,2143,4,2147,18
2020-08-03,Marin,041,260295,5500,5001,9,5010,43
2020-08-03,Mariposa,043,17540,62,52,0,52,2
2020-08-03,Mendocino,045,87422,350,248,0,248,1
2020-08-03,Merced,047,269075,6233,4028,1,4029,29
2020-08-03,Modoc,049,8938,7,2,0,2,0
2020-08-03,Mono,051,14174,158,104,0,104,1
2020-08-03,Monterey,053,433212,5899,4806,14,4820,28
2020-08-03,Napa,055,140530,1207,973,0,973,8
2020-08-03,Nevada,057,99092,352,315,12,327,2
2020-08-03,Orange,059,3164182,44844,37705,881,38586,651
2020-08-03,Placer,061,380077,2411,1947,2,1949,16
2020-08-03,Plumas,063,18699,36,25,0,25,0
2020-08-03,Riverside,065,2383286,46317,38642,34,38676,740
2020-08-03,Sacramento,067,1510023,13595,10143,9,10152,142
2020-08-03,San Benito,069,59416,753,603,0,603,2
2020-08-03,San Bernardino,071,2135413,41377,33979,192,34171,444
2020-08-03,San Diego,073,3302833,33401,30228,36,30264,565
2020-08-03,San Francisco,075,870044,7675,6319,6,6325,60
2020-08-03,San Joaquin,077,732212,15270,12007,15,12022,189
2020-08-03,San Luis Obispo,079,281455,2263,1863,7,1870,14
2020-08-03,San Mateo,081,765935,6818,5661,5,5666,115
2020-08-03,Santa Barbara,083,443738,7660,6580,58,6638,59
2020-08-03,Santa Clara,085,1922200,13484,10747,21,10768,172
2020-08-03,Santa Cruz,087,273765,1385,1154,9,1163,4
2020-08-03,Shasta,089,179085,510,322,3,325,9
2020-08-03,Sierra,091,2930,5,1,0,1,0
2020-08-03,Siskiyou,093,43540,94,67,0,67,0
2020-08-03,Solano,095,438530,4436,3610,26,3636,29
2020-08-03,Sonoma,097,501317,3972,3079,6,3085,33
2020-08-03,Stanislaus,099,539301,12252,9308,68,9376,96
2020-08-03,Sutter,101,95872,933,713,1,714,6
2020-08-03,Tehama,103,63373,287,225,2,227,1
2020-08-03,Trinity,105,12862,17,5,5,10,0
2020-08-03,Tulare,107,460477,11613,9703,28,9731,188
2020-08-03,Tuolumne,109,53932,157,123,2,125,0
2020-08-03,Ventura,111,848112,9083,8084,27,8111,74
2020-08-03,Yolo,113,214977,1928,1598,3,1601,37
2020-08-03,Yuba,115,75493,546,393,0,393,1
2020-08-02,Alameda,001,1643700,14130,11696,94,11790,188
2020-08-02,Alpine,003,1148,3,2,0,2,0
2020-08-02,Amador,005,37829,193,117,0,117,0
2020-08-02,Butte,007,227075,1208,987,16,1003,9
2020-08-02,Calaveras,009,45235,149,116,0,116,1
2020-08-02,Colusa,011,21464,380,335,0,335,2
2020-08-02,Contra Costa,013,1133247,10760,7995,28,8023,118
2020-08-02,Del Norte,015,27424,89,68,0,68,0
2020-08-02,El Dorado,017,186661,816,643,0,643,1
2020-08-02,Fresno,019,978130,22157,15759,181,15940,151
2020-08-02,Glenn,021,27897,388,315,0,315,1
2020-08-02,Humboldt,023,135768,271,232,1,233,4
2020-08-02,Imperial,025,180216,10413,7919,4,7923,157
2020-08-02,Inyo,027,18085,83,45,0,45,1
2020-08-02,Kern,029,883053,25345,21162,137,21299,176
2020-08-02,Kings,031,150075,4848,3964,24,3988,47
2020-08-02,Lake,033,64148,237,201,0,201,1
2020-08-02,Lassen,035,31185,642,555,2,557,0
2020-08-02,Los Angeles,037,10098052,206401,192480,615,193095,4698
2020-08-02,Madera,039,155013,2953,2123,2,2125,18
2020-08-02,Marin,041,260295,5465,4985,9,4994,43
2020-08-02,Mariposa,043,17540,60,52,0,52,2
2020-08-02,Mendocino,045,87422,340,247,0,247,1
2020-08-02,Merced,047,269075,6092,4011,1,4012,29
2020-08-02,Modoc,049,8938,7,2,0,2,0
2020-08-02,Mono,051,14174,151,104,0,104,1
2020-08-02,Monterey,053,433212,5773,4698,14,4712,28
2020-08-02,Napa,055,140530,1192,956,0,956,8
2020-08-02,Nevada,057,99092,349,314,12,326,2
2020-08-02,Orange,059,3164182,44463,37266,870,38136,651
2020-08-02,Placer,061,380077,2372,1920,2,1922,15
2020-08-02,Plumas,063,18699,36,25,0,25,0
2020-08-02,Riverside,065,2383286,45884,38507,33,38540,735
2020-08-02,Sacramento,067,1510023,13316,10099,9,10108,142
2020-08-02,San Benito,069,59416,739,599,0,599,2
2020-08-02,San Bernardino,071,2135413,40776,33643,188,33831,443
2020-08-02,San Diego,073,3302833,33061,29885,27,29912,565
2020-08-02,San Francisco,075,870044,7557,6297,6,6303,60
2020-08-02,San Joaquin,077,732212,14984,11937,13,11950,189
2020-08-02,San Luis Obispo,079,281455,2200,1821,7,1828,14
2020-08-02,San Mateo,081,765935,6703,5618,5,5623,115
2020-08-02,Santa Barbara,083,443738,7569,6532,58,6590,59
2020-08-02,Santa Clara,085,1922200,13266,10577,21,10598,172
2020-08-02,Santa Cruz,087,273765,1365,1162,9,1171,4
2020-08-02,Shasta,089,179085,506,318,3,321,9
2020-08-02,Sierra,091,2930,4,1,0,1,0
2020-08-02,Siskiyou,093,43540,94,65,0,65,0
2020-08-02,Solano,095,438530,4377,3609,26,3635,29
2020-08-02,Sonoma,097,501317,3888,3005,6,3011,33
2020-08-02,Stanislaus,099,539301,12037,9277,62,9339,96
2020-08-02,Sutter,101,95872,898,714,1,715,6
2020-08-02,Tehama,103,63373,281,222,2,224,1
2020-08-02,Trinity,105,12862,17,5,5,10,0
2020-08-02,Tulare,107,460477,11404,9593,28,9621,188
2020-08-02,Tuolumne,109,53932,154,123,2,125,0
2020-08-02,Ventura,111,848112,8939,8014,27,8041,73
2020-08-02,Yolo,113,214977,1903,1588,3,1591,37
2020-08-02,Yuba,115,75493,526,393,0,393,1
2020-08-01,Alameda,001,1643700,14018,11590,94,11684,188
2020-08-01,Alpine,003,1148,3,2,0,2,0
2020-08-01,Amador,005,37829,189,109,0,109,0
2020-08-01,Butte,007,227075,1194,976,16,992,9
2020-08-01,Calaveras,009,45235,145,116,0,116,1
2020-08-01,Colusa,011,21464,379,327,0,327,2
2020-08-01,Contra Costa,013,1133247,10627,7867,27,7894,116
2020-08-01,Del Norte,015,27424,89,68,0,68,0
2020-08-01,El Dorado,017,186661,813,637,0,637,1
2020-08-01,Fresno,019,978130,22020,15448,181,15629,149
2020-08-01,Glenn,021,27897,387,311,0,311,1
2020-08-01,Humboldt,023,135768,270,232,1,233,4
2020-08-01,Imperial,025,180216,10377,7919,4,7923,156
2020-08-01,Inyo,027,18085,81,45,0,45,1
2020-08-01,Kern,029,883053,25185,20796,133,20929,176
2020-08-01,Kings,031,150075,4822,3948,24,3972,47
2020-08-01,Lake,033,64148,235,194,0,194,1
2020-08-01,Lassen,035,31185,641,555,2,557,0
2020-08-01,Los Angeles,037,10098052,205508,191023,587,191610,4674
2020-08-01,Madera,039,155013,2914,2103,2,2105,18
2020-08-01,Marin,041,260295,5450,4945,9,4954,43
2020-08-01,Mariposa,043,17540,60,50,0,50,2
2020-08-01,Mendocino,045,87422,333,243,0,243,1
2020-08-01,Merced,047,269075,6044,3972,1,3973,29
2020-08-01,Modoc,049,8938,7,2,0,2,0
2020-08-01,Mono,051,14174,150,104,0,104,1
2020-08-01,Monterey,053,433212,5706,4611,13,4624,28
2020-08-01,Napa,055,140530,1183,923,0,923,8
2020-08-01,Nevada,057,99092,345,305,12,317,2
2020-08-01,Orange,059,3164182,44236,36703,864,37567,648
2020-08-01,Placer,061,380077,2338,1891,2,1893,14
2020-08-01,Plumas,063,18699,35,25,0,25,0
2020-08-01,Riverside,065,2383286,45672,38216,31,38247,704
2020-08-01,Sacramento,067,1510023,13165,10044,9,10053,141
2020-08-01,San Benito,069,59416,728,579,0,579,2
2020-08-01,San Bernardino,071,2135413,40540,32947,187,33134,440
2020-08-01,San Diego,073,3302833,32844,29579,19,29598,565
2020-08-01,San Francisco,075,870044,7495,6296,6,6302,60
2020-08-01,San Joaquin,077,732212,14911,11807,12,11819,189
2020-08-01,San Luis Obispo,079,281455,2173,1798,7,1805,13
2020-08-01,San Mateo,081,765935,6649,5520,5,5525,115
2020-08-01,Santa Barbara,083,443738,7529,6465,58,6523,59
2020-08-01,Santa Clara,085,1922200,13115,10281,21,10302,171
2020-08-01,Santa Cruz,087,273765,1349,1164,9,1173,4
2020-08-01,Shasta,089,179085,501,312,3,315,9
2020-08-01,Sierra,091,2930,3,1,0,1,0
2020-08-01,Siskiyou,093,43540,94,64,0,64,0
2020-08-01,Solano,095,438530,4343,3591,25,3616,29
2020-08-01,Sonoma,097,501317,3842,2890,6,2896,29
2020-08-01,Stanislaus,099,539301,11919,9221,54,9275,96
2020-08-01,Sutter,101,95872,894,714,1,715,6
2020-08-01,Tehama,103,63373,278,220,2,222,1
2020-08-01,Trinity,105,12862,17,5,5,10,0
2020-08-01,Tulare,107,460477,11336,9520,28,9548,188
2020-08-01,Tuolumne,109,53932,154,123,2,125,0
2020-08-01,Ventura,111,848112,8893,7819,27,7846,73
2020-08-01,Yolo,113,214977,1893,1557,3,1560,37
2020-08-01,Yuba,115,75493,521,387,0,387,1
2020-07-31,Alameda,001,1643700,13887,11441,94,11535,187
2020-07-31,Alpine,003,1148,3,2,0,2,0
2020-07-31,Amador,005,37829,188,98,0,98,0
2020-07-31,Butte,007,227075,1171,925,16,941,7
2020-07-31,Calaveras,009,45235,145,112,0,112,1
2020-07-31,Colusa,011,21464,369,319,0,319,2
2020-07-31,Contra Costa,013,1133247,10479,7697,26,7723,113
2020-07-31,Del Norte,015,27424,88,68,0,68,0
2020-07-31,El Dorado,017,186661,802,616,0,616,1
2020-07-31,Fresno,019,978130,21801,15083,181,15264,133
2020-07-31,Glenn,021,27897,380,304,0,304,1
2020-07-31,Humboldt,023,135768,263,229,1,230,4
2020-07-31,Imperial,025,180216,10345,7886,4,7890,155
2020-07-31,Inyo,027,18085,71,45,0,45,1
2020-07-31,Kern,029,883053,24944,20061,128,20189,173
2020-07-31,Kings,031,150075,4794,3807,24,3831,45
2020-07-31,Lake,033,64148,234,191,0,191,1
2020-07-31,Lassen,035,31185,636,544,2,546,0
2020-07-31,Los Angeles,037,10098052,203899,188688,574,189262,4628
2020-07-31,Madera,039,155013,2867,2036,2,2038,19
2020-07-31,Marin,041,260295,5406,4885,6,4891,43
2020-07-31,Mariposa,043,17540,60,49,0,49,2
2020-07-31,Mendocino,045,87422,318,232,0,232,1
2020-07-31,Merced,047,269075,5961,3789,1,3790,30
2020-07-31,Modoc,049,8938,6,0,0,0,0
2020-07-31,Mono,051,14174,149,104,0,104,1
2020-07-31,Monterey,053,433212,5614,4493,13,4506,24
2020-07-31,Napa,055,140530,1171,897,0,897,7
2020-07-31,Nevada,057,99092,343,302,12,314,2
2020-07-31,Orange,059,3164182,43935,36196,849,37045,620
2020-07-31,Placer,061,380077,2313,1853,2,1855,14
2020-07-31,Plumas,063,18699,34,25,0,25,0
2020-07-31,Riverside,065,2383286,45282,37612,30,37642,694
2020-07-31,Sacramento,067,1510023,12987,9872,9,9881,132
2020-07-31,San Benito,069,59416,720,567,0,567,2
2020-07-31,San Bernardino,071,2135413,40210,32332,185,32517,434
2020-07-31,San Diego,073,3302833,32610,29050,11,29061,561
2020-07-31,San Francisco,075,870044,7396,6126,6,6132,60
2020-07-31,San Joaquin,077,732212,14773,11561,12,11573,177
2020-07-31,San Luis Obispo,079,281455,2104,1746,7,1753,12
2020-07-31,San Mateo,081,765935,6577,5416,5,5421,115
2020-07-31,Santa Barbara,083,443738,7462,6375,58,6433,58
2020-07-31,Santa Clara,085,1922200,12894,9863,21,9884,171
2020-07-31,Santa Cruz,087,273765,1326,1118,9,1127,4
2020-07-31,Shasta,089,179085,491,305,3,308,9
2020-07-31,Sierra,091,2930,3,1,0,1,0
2020-07-31,Siskiyou,093,43540,92,61,0,61,0
2020-07-31,Solano,095,438530,4296,3510,24,3534,29
2020-07-31,Sonoma,097,501317,3784,2745,6,2751,27
2020-07-31,Stanislaus,099,539301,11812,9061,49,9110,94
2020-07-31,Sutter,101,95872,889,714,1,715,6
2020-07-31,Tehama,103,63373,275,213,2,215,1
2020-07-31,Trinity,105,12862,17,5,5,10,0
2020-07-31,Tulare,107,460477,11215,9365,28,9393,184
2020-07-31,Tuolumne,109,53932,154,120,2,122,0
2020-07-31,Ventura,111,848112,8818,7521,27,7548,71
2020-07-31,Yolo,113,214977,1867,1522,3,1525,38
2020-07-31,Yuba,115,75493,512,369,0,369,1
2020-07-30,Alameda,001,1643700,13685,11303,53,11356,185
2020-07-30,Alpine,003,1148,3,2,0,2,0
2020-07-30,Amador,005,37829,170,97,0,97,0
2020-07-30,Butte,007,227075,1155,915,16,931,7
2020-07-30,Calaveras,009,45235,141,111,0,111,1
2020-07-30,Colusa,011,21464,366,315,0,315,2
2020-07-30,Contra Costa,013,1133247,10294,7615,25,7640,112
2020-07-30,Del Norte,015,27424,88,68,0,68,0
2020-07-30,El Dorado,017,186661,795,608,0,608,1
2020-07-30,Fresno,019,978130,21466,14793,175,14968,133
2020-07-30,Glenn,021,27897,373,297,0,297,1
2020-07-30,Humboldt,023,135768,261,228,1,229,4
2020-07-30,Imperial,025,180216,10286,7849,4,7853,151
2020-07-30,Inyo,027,18085,67,44,0,44,1
2020-07-30,Kern,029,883053,24651,19552,124,19676,171
2020-07-30,Kings,031,150075,4690,3785,24,3809,43
2020-07-30,Lake,033,64148,228,181,0,181,1
2020-07-30,Lassen,035,31185,633,544,2,546,0
2020-07-30,Los Angeles,037,10098052,201862,186177,542,186719,4564
2020-07-30,Madera,039,155013,2797,2007,2,2009,18
2020-07-30,Marin,041,260295,5364,4835,5,4840,39
2020-07-30,Mariposa,043,17540,60,49,0,49,1
2020-07-30,Mendocino,045,87422,311,232,0,232,1
2020-07-30,Merced,047,269075,5796,3695,1,3696,30
2020-07-30,Modoc,049,8938,6,0,0,0,0
2020-07-30,Mono,051,14174,148,104,0,104,1
2020-07-30,Monterey,053,433212,5502,4352,13,4365,24
2020-07-30,Napa,055,140530,1154,874,0,874,7
2020-07-30,Nevada,057,99092,338,292,12,304,2
2020-07-30,Orange,059,3164182,43520,36105,824,36929,607
2020-07-30,Placer,061,380077,2262,1821,2,1823,14
2020-07-30,Plumas,063,18699,33,25,0,25,0
2020-07-30,Riverside,065,2383286,44741,37308,30,37338,685
2020-07-30,Sacramento,067,1510023,12768,9704,9,9713,126
2020-07-30,San Benito,069,59416,707,558,0,558,2
2020-07-30,San Bernardino,071,2135413,39685,32010,185,32195,427
2020-07-30,San Diego,073,3302833,32263,28670,9,28679,558
2020-07-30,San Francisco,075,870044,7296,6107,6,6113,59
2020-07-30,San Joaquin,077,732212,14579,11435,12,11447,161
2020-07-30,San Luis Obispo,079,281455,2069,1703,7,1710,12
2020-07-30,San Mateo,081,765935,6482,5369,5,5374,115
2020-07-30,Santa Barbara,083,443738,7382,6273,58,6331,52
2020-07-30,Santa Clara,085,1922200,12656,9708,20,9728,170
2020-07-30,Santa Cruz,087,273765,1299,1087,9,1096,4
2020-07-30,Shasta,089,179085,487,306,3,309,8
2020-07-30,Sierra,091,2930,3,1,0,1,0
2020-07-30,Siskiyou,093,43540,91,60,0,60,0
2020-07-30,Solano,095,438530,4245,3463,24,3487,29
2020-07-30,Sonoma,097,501317,3712,2684,6,2690,25
2020-07-30,Stanislaus,099,539301,11599,8890,41,8931,94
2020-07-30,Sutter,101,95872,870,698,1,699,6
2020-07-30,Tehama,103,63373,272,208,2,210,1
2020-07-30,Trinity,105,12862,17,4,5,9,0
2020-07-30,Tulare,107,460477,11086,9167,28,9195,177
2020-07-30,Tuolumne,109,53932,153,119,2,121,0
2020-07-30,Ventura,111,848112,8706,7304,25,7329,69
2020-07-30,Yolo,113,214977,1847,1511,3,1514,37
2020-07-30,Yuba,115,75493,499,362,0,362,1
2020-07-29,Alameda,001,1643700,13466,11177,48,11225,180
2020-07-29,Alpine,003,1148,3,2,0,2,0
2020-07-29,Amador,005,37829,162,80,0,80,0
2020-07-29,Butte,007,227075,1129,889,14,903,7
2020-07-29,Calaveras,009,45235,135,107,0,107,1
2020-07-29,Colusa,011,21464,362,302,0,302,2
2020-07-29,Contra Costa,013,1133247,10091,7520,25,7545,108
2020-07-29,Del Norte,015,27424,88,68,0,68,0
2020-07-29,El Dorado,017,186661,785,588,0,588,1
2020-07-29,Fresno,019,978130,21175,14312,175,14487,125
2020-07-29,Glenn,021,27897,366,294,0,294,1
2020-07-29,Humboldt,023,135768,258,221,1,222,4
2020-07-29,Imperial,025,180216,10238,7825,4,7829,147
2020-07-29,Inyo,027,18085,62,44,0,44,1
2020-07-29,Kern,029,883053,24313,19073,121,19194,162
2020-07-29,Kings,031,150075,4642,3755,24,3779,43
2020-07-29,Lake,033,64148,226,179,0,179,1
2020-07-29,Lassen,035,31185,618,513,2,515,0
2020-07-29,Los Angeles,037,10098052,199826,183600,525,184125,4523
2020-07-29,Madera,039,155013,2743,1941,2,1943,18
2020-07-29,Marin,041,260295,5326,4747,5,4752,34
2020-07-29,Mariposa,043,17540,59,47,0,47,1
2020-07-29,Mendocino,045,87422,303,228,0,228,0
2020-07-29,Merced,047,269075,5656,3605,1,3606,25
2020-07-29,Modoc,049,8938,5,0,0,0,0
2020-07-29,Mono,051,14174,145,102,0,102,1
2020-07-29,Monterey,053,433212,5403,4252,13,4265,24
2020-07-29,Napa,055,140530,1126,866,0,866,7
2020-07-29,Nevada,057,99092,334,288,12,300,1
2020-07-29,Orange,059,3164182,43086,35339,812,36151,589
2020-07-29,Placer,061,380077,2230,1798,2,1800,14
2020-07-29,Plumas,063,18699,33,25,0,25,0
2020-07-29,Riverside,065,2383286,44150,36968,30,36998,678
2020-07-29,Sacramento,067,1510023,12522,9538,9,9547,122
2020-07-29,San Benito,069,59416,692,537,0,537,2
2020-07-29,San Bernardino,071,2135413,39196,31168,174,31342,417
2020-07-29,San Diego,073,3302833,31938,28289,8,28297,552
2020-07-29,San Francisco,075,870044,7202,6041,6,6047,56
2020-07-29,San Joaquin,077,732212,14331,11249,9,11258,154
2020-07-29,San Luis Obispo,079,281455,2049,1673,7,1680,11
2020-07-29,San Mateo,081,765935,6394,5305,5,5310,114
2020-07-29,Santa Barbara,083,443738,7312,6215,58,6273,31
2020-07-29,Santa Clara,085,1922200,12448,9567,20,9587,165
2020-07-29,Santa Cruz,087,273765,1275,1051,9,1060,4
2020-07-29,Shasta,089,179085,475,297,3,300,8
2020-07-29,Sierra,091,2930,2,1,0,1,0
2020-07-29,Siskiyou,093,43540,89,58,0,58,0
2020-07-29,Solano,095,438530,4191,3380,24,3404,29
2020-07-29,Sonoma,097,501317,3635,2598,6,2604,26
2020-07-29,Stanislaus,099,539301,11378,8745,35,8780,94
2020-07-29,Sutter,101,95872,842,678,1,679,6
2020-07-29,Tehama,103,63373,268,206,2,208,1
2020-07-29,Trinity,105,12862,17,4,5,9,0
2020-07-29,Tulare,107,460477,10915,9028,28,9056,156
2020-07-29,Tuolumne,109,53932,153,118,2,120,0
2020-07-29,Ventura,111,848112,8601,7161,25,7186,68
2020-07-29,Yolo,113,214977,1821,1488,3,1491,36
2020-07-29,Yuba,115,75493,483,350,0,350,1
2020-07-28,Alameda,001,1643700,13239,10875,47,10922,180
2020-07-28,Alpine,003,1148,3,2,0,2,0
2020-07-28,Amador,005,37829,152,77,0,77,0
2020-07-28,Butte,007,227075,1094,857,14,871,7
2020-07-28,Calaveras,009,45235,134,105,0,105,1
2020-07-28,Colusa,011,21464,356,290,0,290,2
2020-07-28,Contra Costa,013,1133247,9869,7426,25,7451,107
2020-07-28,Del Norte,015,27424,87,68,0,68,0
2020-07-28,El Dorado,017,186661,770,558,0,558,1
2020-07-28,Fresno,019,978130,20840,13933,169,14102,125
2020-07-28,Glenn,021,27897,364,289,0,289,1
2020-07-28,Humboldt,023,135768,257,218,1,219,4
2020-07-28,Imperial,025,180216,10202,7804,4,7808,145
2020-07-28,Inyo,027,18085,60,43,0,43,1
2020-07-28,Kern,029,883053,23950,18834,115,18949,155
2020-07-28,Kings,031,150075,4596,3721,24,3745,41
2020-07-28,Lake,033,64148,222,179,0,179,1
2020-07-28,Lassen,035,31185,612,508,2,510,0
2020-07-28,Los Angeles,037,10098052,197595,179107,502,179609,4435
2020-07-28,Madera,039,155013,2677,1889,2,1891,18
2020-07-28,Marin,041,260295,5257,4698,5,4703,23
2020-07-28,Mariposa,043,17540,57,45,0,45,1
2020-07-28,Mendocino,045,87422,292,222,0,222,0
2020-07-28,Merced,047,269075,5511,3446,1,3447,23
2020-07-28,Modoc,049,8938,4,0,0,0,0
2020-07-28,Mono,051,14174,144,102,0,102,1
2020-07-28,Monterey,053,433212,5282,4047,13,4060,22
2020-07-28,Napa,055,140530,1104,824,0,824,6
2020-07-28,Nevada,057,99092,329,278,12,290,1
2020-07-28,Orange,059,3164182,42628,34832,798,35630,582
2020-07-28,Placer,061,380077,2195,1759,2,1761,14
2020-07-28,Plumas,063,18699,33,22,0,22,0
2020-07-28,Riverside,065,2383286,43550,36458,30,36488,668
2020-07-28,Sacramento,067,1510023,12263,9429,9,9438,117
2020-07-28,San Benito,069,59416,682,503,0,503,2
2020-07-28,San Bernardino,071,2135413,38673,30493,170,30663,412
2020-07-28,San Diego,073,3302833,31588,28007,6,28013,547
2020-07-28,San Francisco,075,870044,7089,5888,6,5894,56
2020-07-28,San Joaquin,077,732212,14048,10958,7,10965,141
2020-07-28,San Luis Obispo,079,281455,2018,1636,7,1643,9
2020-07-28,San Mateo,081,765935,6320,5171,5,5176,114
2020-07-28,Santa Barbara,083,443738,7249,6110,56,6166,31
2020-07-28,Santa Clara,085,1922200,12213,9307,20,9327,165
2020-07-28,Santa Cruz,087,273765,1248,1018,9,1027,4
2020-07-28,Shasta,089,179085,463,275,3,278,8
2020-07-28,Sierra,091,2930,2,1,0,1,0
2020-07-28,Siskiyou,093,43540,85,57,0,57,0
2020-07-28,Solano,095,438530,4144,3292,23,3315,29
2020-07-28,Sonoma,097,501317,3562,2553,6,2559,20
2020-07-28,Stanislaus,099,539301,11156,8492,26,8518,92
2020-07-28,Sutter,101,95872,805,653,0,653,2
2020-07-28,Tehama,103,63373,263,199,2,201,1
2020-07-28,Trinity,105,12862,17,3,5,8,0
2020-07-28,Tulare,107,460477,10728,8787,28,8815,96
2020-07-28,Tuolumne,109,53932,152,116,2,118,0
2020-07-28,Ventura,111,848112,8475,7045,24,7069,68
2020-07-28,Yolo,113,214977,1793,1459,3,1462,36
2020-07-28,Yuba,115,75493,466,333,0,333,1
2020-07-27,Alameda,001,1643700,13012,10645,44,10689,176
2020-07-27,Alpine,003,1148,3,2,0,2,0
2020-07-27,Amador,005,37829,147,72,0,72,0
2020-07-27,Butte,007,227075,1067,843,14,857,7
2020-07-27,Calaveras,009,45235,130,103,0,103,1
2020-07-27,Colusa,011,21464,349,271,0,271,2
2020-07-27,Contra Costa,013,1133247,9647,7256,25,7281,104
2020-07-27,Del Norte,015,27424,86,67,0,67,0
2020-07-27,El Dorado,017,186661,758,548,0,548,1
2020-07-27,Fresno,019,978130,20492,13485,163,13648,117
2020-07-27,Glenn,021,27897,362,277,0,277,1
2020-07-27,Humboldt,023,135768,252,218,1,219,4
2020-07-27,Imperial,025,180216,10152,7789,4,7793,144
2020-07-27,Inyo,027,18085,60,43,0,43,1
2020-07-27,Kern,029,883053,23448,17994,109,18103,148
2020-07-27,Kings,031,150075,4347,3685,24,3709,39
2020-07-27,Lake,033,64148,218,176,0,176,1
2020-07-27,Lassen,035,31185,612,503,2,505,0
2020-07-27,Los Angeles,037,10098052,195142,176351,483,176834,4379
2020-07-27,Madera,039,155013,2612,1793,2,1795,17
2020-07-27,Marin,041,260295,5169,4669,5,4674,22
2020-07-27,Mariposa,043,17540,57,43,0,43,1
2020-07-27,Mendocino,045,87422,279,209,0,209,0
2020-07-27,Merced,047,269075,5371,3292,1,3293,23
2020-07-27,Modoc,049,8938,3,0,0,0,0
2020-07-27,Mono,051,14174,140,99,0,99,1
2020-07-27,Monterey,053,433212,5092,3960,13,3973,21
2020-07-27,Napa,055,140530,1089,769,0,769,6
2020-07-27,Nevada,057,99092,325,268,12,280,1
2020-07-27,Orange,059,3164182,42188,34649,782,35431,566
2020-07-27,Placer,061,380077,2145,1679,2,1681,12
2020-07-27,Plumas,063,18699,33,22,0,22,0
2020-07-27,Riverside,065,2383286,42872,35822,30,35852,667
2020-07-27,Sacramento,067,1510023,11971,9091,9,9100,114
2020-07-27,San Benito,069,59416,667,498,0,498,2
2020-07-27,San Bernardino,071,2135413,38081,29928,160,30088,401
2020-07-27,San Diego,073,3302833,31214,27509,5,27514,533
2020-07-27,San Francisco,075,870044,7002,5825,6,5831,55
2020-07-27,San Joaquin,077,732212,13756,10728,7,10735,129
2020-07-27,San Luis Obispo,079,281455,1973,1612,7,1619,9
2020-07-27,San Mateo,081,765935,6211,5108,5,5113,113
2020-07-27,Santa Barbara,083,443738,7167,6026,54,6080,30
2020-07-27,Santa Clara,085,1922200,11945,9157,19,9176,166
2020-07-27,Santa Cruz,087,273765,1226,984,9,993,4
2020-07-27,Shasta,089,179085,456,275,3,278,8
2020-07-27,Sierra,091,2930,2,1,0,1,0
2020-07-27,Siskiyou,093,43540,83,54,0,54,0
2020-07-27,Solano,095,438530,4077,3198,22,3220,29
2020-07-27,Sonoma,097,501317,3471,2504,6,2510,20
2020-07-27,Stanislaus,099,539301,10929,8288,18,8306,84
2020-07-27,Sutter,101,95872,779,620,0,620,2
2020-07-27,Tehama,103,63373,255,192,2,194,1
2020-07-27,Trinity,105,12862,17,3,5,8,0
2020-07-27,Tulare,107,460477,10510,8462,28,8490,172
2020-07-27,Tuolumne,109,53932,149,115,2,117,0
2020-07-27,Ventura,111,848112,8347,6998,23,7021,68
2020-07-27,Yolo,113,214977,1748,1439,3,1442,33
2020-07-27,Yuba,115,75493,446,328,0,328,1
2020-07-26,Alameda,001,1643700,12774,10489,44,10533,176
2020-07-26,Alpine,003,1148,3,2,0,2,0
2020-07-26,Amador,005,37829,141,67,0,67,0
2020-07-26,Butte,007,227075,1030,822,14,836,5
2020-07-26,Calaveras,009,45235,127,103,0,103,1
2020-07-26,Colusa,011,21464,340,270,0,270,2
2020-07-26,Contra Costa,013,1133247,9410,7095,25,7120,104
2020-07-26,Del Norte,015,27424,84,67,0,67,0
2020-07-26,El Dorado,017,186661,740,539,0,539,1
2020-07-26,Fresno,019,978130,20101,13209,155,13364,117
2020-07-26,Glenn,021,27897,354,265,0,265,1
2020-07-26,Humboldt,023,135768,246,214,1,215,4
2020-07-26,Imperial,025,180216,10079,7781,4,7785,144
2020-07-26,Inyo,027,18085,55,43,0,43,1
2020-07-26,Kern,029,883053,22924,17394,106,17500,148
2020-07-26,Kings,031,150075,4288,3591,24,3615,39
2020-07-26,Lake,033,64148,210,174,0,174,1
2020-07-26,Lassen,035,31185,571,503,2,505,0
2020-07-26,Los Angeles,037,10098052,192568,174322,465,174787,4364
2020-07-26,Madera,039,155013,2525,1744,2,1746,17
2020-07-26,Marin,041,260295,5123,4595,5,4600,22
2020-07-26,Mariposa,043,17540,55,43,0,43,1
2020-07-26,Mendocino,045,87422,270,206,0,206,0
2020-07-26,Merced,047,269075,5191,3251,1,3252,23
2020-07-26,Modoc,049,8938,3,0,0,0,0
2020-07-26,Mono,051,14174,136,82,0,82,1
2020-07-26,Monterey,053,433212,4926,3901,13,3914,21
2020-07-26,Napa,055,140530,1070,769,0,769,6
2020-07-26,Nevada,057,99092,322,261,12,273,1
2020-07-26,Orange,059,3164182,41662,34352,750,35102,564
2020-07-26,Placer,061,380077,2080,1628,2,1630,12
2020-07-26,Plumas,063,18699,33,22,0,22,0
2020-07-26,Riverside,065,2383286,42312,35636,30,35666,665
2020-07-26,Sacramento,067,1510023,11667,8972,9,8981,114
2020-07-26,San Benito,069,59416,655,495,0,495,2
2020-07-26,San Bernardino,071,2135413,37440,29545,151,29696,400
2020-07-26,San Diego,073,3302833,30818,26986,4,26990,533
2020-07-26,San Francisco,075,870044,6894,5823,6,5829,55
2020-07-26,San Joaquin,077,732212,13463,10637,7,10644,129
2020-07-26,San Luis Obispo,079,281455,1930,1565,7,1572,8
2020-07-26,San Mateo,081,765935,6105,5078,5,5083,113
2020-07-26,Santa Barbara,083,443738,7064,5939,54,5993,30
2020-07-26,Santa Clara,085,1922200,11716,8986,19,9005,166
2020-07-26,Santa Cruz,087,273765,1199,970,9,979,4
2020-07-26,Shasta,089,179085,449,265,3,268,8
2020-07-26,Sierra,091,2930,2,1,0,1,0
2020-07-26,Siskiyou,093,43540,81,54,0,54,0
2020-07-26,Solano,095,438530,3997,3197,20,3217,29
2020-07-26,Sonoma,097,501317,3382,2503,5,2508,20
2020-07-26,Stanislaus,099,539301,10668,8228,17,8245,84
2020-07-26,Sutter,101,95872,765,612,0,612,2
2020-07-26,Tehama,103,63373,248,175,2,177,1
2020-07-26,Trinity,105,12862,17,3,5,8,0
2020-07-26,Tulare,107,460477,10303,8392,28,8420,172
2020-07-26,Tuolumne,109,53932,144,113,2,115,0
2020-07-26,Ventura,111,848112,8141,6844,23,6867,67
2020-07-26,Yolo,113,214977,1717,1408,3,1411,33
2020-07-26,Yuba,115,75493,427,313,0,313,1
2020-07-25,Alameda,001,1643700,12677,10361,42,10403,176
2020-07-25,Alpine,003,1148,3,2,0,2,0
2020-07-25,Amador,005,37829,138,67,0,67,0
2020-07-25,Butte,007,227075,1021,810,14,824,5
2020-07-25,Calaveras,009,45235,123,103,0,103,1
2020-07-25,Colusa,011,21464,333,265,0,265,2
2020-07-25,Contra Costa,013,1133247,9265,6920,25,6945,104
2020-07-25,Del Norte,015,27424,84,67,0,67,0
2020-07-25,El Dorado,017,186661,729,528,0,528,1
2020-07-25,Fresno,019,978130,19915,12866,155,13021,117
2020-07-25,Glenn,021,27897,352,260,0,260,1
2020-07-25,Humboldt,023,135768,243,212,1,213,4
2020-07-25,Imperial,025,180216,10053,7727,4,7731,144
2020-07-25,Inyo,027,18085,54,43,0,43,1
2020-07-25,Kern,029,883053,22706,16910,105,17015,148
2020-07-25,Kings,031,150075,4271,3516,24,3540,39
2020-07-25,Lake,033,64148,208,173,0,173,1
2020-07-25,Lassen,035,31185,571,503,2,505,0
2020-07-25,Los Angeles,037,10098052,191436,172611,458,173069,4357
2020-07-25,Madera,039,155013,2493,1724,2,1726,17
2020-07-25,Marin,041,260295,5107,4562,5,4567,22
2020-07-25,Mariposa,043,17540,54,43,0,43,1
2020-07-25,Mendocino,045,87422,264,190,0,190,0
2020-07-25,Merced,047,269075,5112,3176,1,3177,23
2020-07-25,Modoc,049,8938,3,0,0,0,0
2020-07-25,Mono,051,14174,136,82,0,82,1
2020-07-25,Monterey,053,433212,4849,3805,13,3818,21
2020-07-25,Napa,055,140530,1057,746,0,746,6
2020-07-25,Nevada,057,99092,320,257,12,269,1
2020-07-25,Orange,059,3164182,41442,33978,728,34706,561
2020-07-25,Placer,061,380077,2064,1596,2,1598,12
2020-07-25,Plumas,063,18699,33,22,0,22,0
2020-07-25,Riverside,065,2383286,42044,34921,30,34951,655
2020-07-25,Sacramento,067,1510023,11521,8674,9,8683,113
2020-07-25,San Benito,069,59416,639,492,0,492,2
2020-07-25,San Bernardino,071,2135413,37161,29265,148,29413,394
2020-07-25,San Diego,073,3302833,30557,26703,3,26706,533
2020-07-25,San Francisco,075,870044,6836,5644,6,5650,55
2020-07-25,San Joaquin,077,732212,13337,10347,6,10353,129
2020-07-25,San Luis Obispo,079,281455,1910,1530,6,1536,8
2020-07-25,San Mateo,081,765935,6042,5023,5,5028,113
2020-07-25,Santa Barbara,083,443738,7029,5880,54,5934,30
2020-07-25,Santa Clara,085,1922200,11582,8767,19,8786,166
2020-07-25,Santa Cruz,087,273765,1182,939,9,948,4
2020-07-25,Shasta,089,179085,444,263,1,264,8
2020-07-25,Sierra,091,2930,2,1,0,1,0
2020-07-25,Siskiyou,093,43540,79,54,0,54,0
2020-07-25,Solano,095,438530,3957,3107,18,3125,29
2020-07-25,Sonoma,097,501317,3343,2412,5,2417,20
2020-07-25,Stanislaus,099,539301,10565,7994,14,8008,84
2020-07-25,Sutter,101,95872,746,603,0,603,2
2020-07-25,Tehama,103,63373,247,169,2,171,1
2020-07-25,Trinity,105,12862,17,3,5,8,0
2020-07-25,Tulare,107,460477,10203,8310,28,8338,172
2020-07-25,Tuolumne,109,53932,143,99,2,101,0
2020-07-25,Ventura,111,848112,8068,6662,23,6685,62
2020-07-25,Yolo,113,214977,1702,1357,3,1360,35
2020-07-25,Yuba,115,75493,421,312,0,312,1
2020-07-24,Alameda,001,1643700,12535,10216,39,10255,176
2020-07-24,Alpine,003,1148,3,2,0,2,0
2020-07-24,Amador,005,37829,136,66,0,66,0
2020-07-24,Butte,007,227075,1009,751,14,765,5
2020-07-24,Calaveras,009,45235,119,102,0,102,0
2020-07-24,Colusa,011,21464,330,255,0,255,2
2020-07-24,Contra Costa,013,1133247,9119,6814,25,6839,100
2020-07-24,Del Norte,015,27424,84,66,0,66,0
2020-07-24,El Dorado,017,186661,707,516,0,516,1
2020-07-24,Fresno,019,978130,19688,12564,155,12719,115
2020-07-24,Glenn,021,27897,349,251,0,251,1
2020-07-24,Humboldt,023,135768,240,210,1,211,4
2020-07-24,Imperial,025,180216,10031,7686,4,7690,141
2020-07-24,Inyo,027,18085,54,41,0,41,1
2020-07-24,Kern,029,883053,22465,16124,105,16229,143
2020-07-24,Kings,031,150075,4242,3471,24,3495,39
2020-07-24,Lake,033,64148,206,167,0,167,1
2020-07-24,Lassen,035,31185,571,503,2,505,0
2020-07-24,Los Angeles,037,10098052,189417,169078,446,169524,4302
2020-07-24,Madera,039,155013,2460,1679,2,1681,16
2020-07-24,Marin,041,260295,5080,4517,5,4522,22
2020-07-24,Mariposa,043,17540,54,41,0,41,1
2020-07-24,Mendocino,045,87422,257,188,0,188,0
2020-07-24,Merced,047,269075,5027,3100,1,3101,23
2020-07-24,Modoc,049,8938,3,0,0,0,0
2020-07-24,Mono,051,14174,135,82,0,82,1
2020-07-24,Monterey,053,433212,4777,3748,13,3761,21
2020-07-24,Napa,055,140530,1044,741,0,741,6
2020-07-24,Nevada,057,99092,317,255,12,267,1
2020-07-24,Orange,059,3164182,41154,33530,712,34242,557
2020-07-24,Placer,061,380077,2033,1551,2,1553,12
2020-07-24,Plumas,063,18699,33,22,0,22,0
2020-07-24,Riverside,065,2383286,41621,34513,29,34542,631
2020-07-24,Sacramento,067,1510023,11333,8570,9,8579,110
2020-07-24,San Benito,069,59416,632,485,0,485,2
2020-07-24,San Bernardino,071,2135413,36788,28990,142,29132,386
2020-07-24,San Diego,073,3302833,30257,26100,3,26103,524
2020-07-24,San Francisco,075,870044,6742,5611,6,5617,55
2020-07-24,San Joaquin,077,732212,13188,10190,6,10196,118
2020-07-24,San Luis Obispo,079,281455,1886,1476,6,1482,8
2020-07-24,San Mateo,081,765935,5979,4954,5,4959,112
2020-07-24,Santa Barbara,083,443738,6975,5776,52,5828,30
2020-07-24,Santa Clara,085,1922200,11418,8658,19,8677,165
2020-07-24,Santa Cruz,087,273765,1162,930,9,939,4
2020-07-24,Shasta,089,179085,436,262,1,263,8
2020-07-24,Sierra,091,2930,2,1,0,1,0
2020-07-24,Siskiyou,093,43540,79,53,0,53,0
2020-07-24,Solano,095,438530,3921,3062,15,3077,29
2020-07-24,Sonoma,097,501317,3290,2345,5,2350,20
2020-07-24,Stanislaus,099,539301,10393,7861,11,7872,82
2020-07-24,Sutter,101,95872,735,593,0,593,2
2020-07-24,Tehama,103,63373,239,170,2,172,1
2020-07-24,Trinity,105,12862,16,3,5,8,0
2020-07-24,Tulare,107,460477,10109,8167,26,8193,167
2020-07-24,Tuolumne,109,53932,137,99,2,101,0
2020-07-24,Ventura,111,848112,7983,6553,23,6576,60
2020-07-24,Yolo,113,214977,1688,1329,3,1332,35
2020-07-24,Yuba,115,75493,406,307,0,307,1
2020-07-23,Alameda,001,1643700,12295,9924,39,9963,171
2020-07-23,Alpine,003,1148,3,2,0,2,0
2020-07-23,Amador,005,37829,119,61,0,61,0
2020-07-23,Butte,007,227075,994,726,14,740,5
2020-07-23,Calaveras,009,45235,112,102,0,102,0
2020-07-23,Colusa,011,21464,322,242,0,242,2
2020-07-23,Contra Costa,013,1133247,8919,6619,23,6642,98
2020-07-23,Del Norte,015,27424,84,66,0,66,0
2020-07-23,El Dorado,017,186661,696,491,0,491,1
2020-07-23,Fresno,019,978130,19332,12164,152,12316,112
2020-07-23,Glenn,021,27897,344,246,0,246,1
2020-07-23,Humboldt,023,135768,239,208,1,209,4
2020-07-23,Imperial,025,180216,9981,7604,4,7608,138
2020-07-23,Inyo,027,18085,52,38,0,38,1
2020-07-23,Kern,029,883053,22058,14491,101,14592,128
2020-07-23,Kings,031,150075,4130,3371,24,3395,39
2020-07-23,Lake,033,64148,197,160,0,160,1
2020-07-23,Lassen,035,31185,568,503,2,505,0
2020-07-23,Los Angeles,037,10098052,186868,167198,419,167617,4265
2020-07-23,Madera,039,155013,2394,1659,2,1661,13
2020-07-23,Marin,041,260295,5028,4423,5,4428,22
2020-07-23,Mariposa,043,17540,54,40,0,40,1
2020-07-23,Mendocino,045,87422,247,178,0,178,0
2020-07-23,Merced,047,269075,4871,2972,1,2973,22
2020-07-23,Modoc,049,8938,3,0,0,0,0
2020-07-23,Mono,051,14174,131,82,0,82,1
2020-07-23,Monterey,053,433212,4659,3655,13,3668,21
2020-07-23,Napa,055,140530,1020,713,0,713,5
2020-07-23,Nevada,057,99092,314,247,12,259,1
2020-07-23,Orange,059,3164182,40657,32863,681,33544,544
2020-07-23,Placer,061,380077,1990,1519,2,1521,12
2020-07-23,Plumas,063,18699,32,21,0,21,0
2020-07-23,Riverside,065,2383286,41015,33833,29,33862,630
2020-07-23,Sacramento,067,1510023,11102,8222,9,8231,108
2020-07-23,San Benito,069,59416,617,478,0,478,2
2020-07-23,San Bernardino,071,2135413,36269,28121,136,28257,369
2020-07-23,San Diego,073,3302833,29883,25109,3,25112,505
2020-07-23,San Francisco,075,870044,6640,5543,6,5549,55
2020-07-23,San Joaquin,077,732212,12969,9861,6,9867,111
2020-07-23,San Luis Obispo,079,281455,1859,1438,6,1444,7
2020-07-23,San Mateo,081,765935,5874,4895,5,4900,113
2020-07-23,Santa Barbara,083,443738,6897,5628,52,5680,30
2020-07-23,Santa Clara,085,1922200,11199,8458,19,8477,165
2020-07-23,Santa Cruz,087,273765,1126,887,9,896,3
2020-07-23,Shasta,089,179085,425,254,1,255,9
2020-07-23,Sierra,091,2930,2,1,0,1,0
2020-07-23,Siskiyou,093,43540,77,53,0,53,0
2020-07-23,Solano,095,438530,3857,2962,13,2975,29
2020-07-23,Sonoma,097,501317,3214,2289,5,2294,18
2020-07-23,Stanislaus,099,539301,10151,7603,11,7614,71
2020-07-23,Sutter,101,95872,702,570,0,570,2
2020-07-23,Tehama,103,63373,233,158,2,160,1
2020-07-23,Trinity,105,12862,15,3,5,8,0
2020-07-23,Tulare,107,460477,9920,7898,26,7924,168
2020-07-23,Tuolumne,109,53932,137,93,2,95,0
2020-07-23,Ventura,111,848112,7859,6303,23,6326,56
2020-07-23,Yolo,113,214977,1670,1279,3,1282,35
2020-07-23,Yuba,115,75493,386,297,0,297,1
2020-07-22,Alameda,001,1643700,12077,9678,38,9716,169
2020-07-22,Alpine,003,1148,3,2,0,2,0
2020-07-22,Amador,005,37829,117,58,0,58,0
2020-07-22,Butte,007,227075,958,694,13,707,5
2020-07-22,Calaveras,009,45235,112,98,0,98,0
2020-07-22,Colusa,011,21464,315,236,0,236,0
2020-07-22,Contra Costa,013,1133247,8694,6401,23,6424,98
2020-07-22,Del Norte,015,27424,84,66,0,66,0
2020-07-22,El Dorado,017,186661,683,466,0,466,1
2020-07-22,Fresno,019,978130,18975,11756,147,11903,110
2020-07-22,Glenn,021,27897,338,236,0,236,1
2020-07-22,Humboldt,023,135768,237,201,1,202,4
2020-07-22,Imperial,025,180216,9921,7533,4,7537,134
2020-07-22,Inyo,027,18085,49,38,0,38,1
2020-07-22,Kern,029,883053,21627,13513,94,13607,127
2020-07-22,Kings,031,150075,4079,3271,24,3295,38
2020-07-22,Lake,033,64148,194,160,0,160,1
2020-07-22,Lassen,035,31185,565,500,2,502,0
2020-07-22,Los Angeles,037,10098052,184211,165242,396,165638,4218
2020-07-22,Madera,039,155013,2319,1578,2,1580,10
2020-07-22,Marin,041,260295,4972,4373,5,4378,23
2020-07-22,Mariposa,043,17540,54,38,0,38,1
2020-07-22,Mendocino,045,87422,240,166,0,166,0
2020-07-22,Merced,047,269075,4744,2828,1,2829,15
2020-07-22,Modoc,049,8938,3,0,0,0,0
2020-07-22,Mono,051,14174,128,82,0,82,1
2020-07-22,Monterey,053,433212,4558,3533,13,3546,20
2020-07-22,Napa,055,140530,998,687,0,687,5
2020-07-22,Nevada,057,99092,308,239,11,250,1
2020-07-22,Orange,059,3164182,40160,32047,672,32719,522
2020-07-22,Placer,061,380077,1934,1469,2,1471,12
2020-07-22,Plumas,063,18699,31,20,0,20,0
2020-07-22,Riverside,065,2383286,40390,33093,29,33122,612
2020-07-22,Sacramento,067,1510023,10839,8028,8,8036,106
2020-07-22,San Benito,069,59416,603,465,0,465,2
2020-07-22,San Bernardino,071,2135413,35750,26820,125,26945,348
2020-07-22,San Diego,073,3302833,29495,25109,2,25111,505
2020-07-22,San Francisco,075,870044,6536,5473,5,5478,53
2020-07-22,San Joaquin,077,732212,12693,9628,6,9634,102
2020-07-22,San Luis Obispo,079,281455,1814,1373,6,1379,7
2020-07-22,San Mateo,081,765935,5785,4796,5,4801,112
2020-07-22,Santa Barbara,083,443738,6808,5508,50,5558,29
2020-07-22,Santa Clara,085,1922200,10954,8266,19,8285,166
2020-07-22,Santa Cruz,087,273765,1103,866,9,875,3
2020-07-22,Shasta,089,179085,415,246,1,247,9
2020-07-22,Sierra,091,2930,1,1,0,1,0
2020-07-22,Siskiyou,093,43540,76,52,0,52,0
2020-07-22,Solano,095,438530,3796,2839,12,2851,29
2020-07-22,Sonoma,097,501317,3137,2255,5,2260,17
2020-07-22,Stanislaus,099,539301,9980,7401,11,7412,71
2020-07-22,Sutter,101,95872,678,551,0,551,2
2020-07-22,Tehama,103,63373,225,155,2,157,1
2020-07-22,Trinity,105,12862,15,3,5,8,0
2020-07-22,Tulare,107,460477,9688,7640,26,7666,167
2020-07-22,Tuolumne,109,53932,133,91,2,93,0
2020-07-22,Ventura,111,848112,7731,6223,21,6244,56
2020-07-22,Yolo,113,214977,1627,1233,3,1236,34
2020-07-22,Yuba,115,75493,371,288,0,288,1
2020-07-21,Alameda,001,1643700,11865,9390,38,9428,166
2020-07-21,Alpine,003,1148,3,2,0,2,0
2020-07-21,Amador,005,37829,112,55,0,55,0
2020-07-21,Butte,007,227075,913,659,12,671,5
2020-07-21,Calaveras,009,45235,106,96,0,96,0
2020-07-21,Colusa,011,21464,291,227,0,227,0
2020-07-21,Contra Costa,013,1133247,8453,6210,23,6233,98
2020-07-21,Del Norte,015,27424,84,66,0,66,0
2020-07-21,El Dorado,017,186661,675,440,0,440,1
2020-07-21,Fresno,019,978130,18578,11412,141,11553,107
2020-07-21,Glenn,021,27897,331,229,0,229,1
2020-07-21,Humboldt,023,135768,235,198,1,199,4
2020-07-21,Imperial,025,180216,9872,7458,4,7462,128
2020-07-21,Inyo,027,18085,48,38,0,38,1
2020-07-21,Kern,029,883053,21211,11998,88,12086,119
2020-07-21,Kings,031,150075,4014,3187,23,3210,38
2020-07-21,Lake,033,64148,194,157,0,157,1
2020-07-21,Lassen,035,31185,563,474,2,476,0
2020-07-21,Los Angeles,037,10098052,181210,162205,374,162579,4159
2020-07-21,Madera,039,155013,2254,1508,2,1510,10
2020-07-21,Marin,041,260295,4900,4318,5,4323,21
2020-07-21,Mariposa,043,17540,53,37,0,37,1
2020-07-21,Mendocino,045,87422,229,160,0,160,0
2020-07-21,Merced,047,269075,4565,2725,1,2726,15
2020-07-21,Modoc,049,8938,3,0,0,0,0
2020-07-21,Mono,051,14174,124,79,0,79,1
2020-07-21,Monterey,053,433212,4427,3404,12,3416,20
2020-07-21,Napa,055,140530,971,660,0,660,5
2020-07-21,Nevada,057,99092,306,228,9,237,1
2020-07-21,Orange,059,3164182,39663,31356,639,31995,515
2020-07-21,Placer,061,380077,1894,1413,2,1415,11
2020-07-21,Plumas,063,18699,31,19,0,19,0
2020-07-21,Riverside,065,2383286,39692,32231,29,32260,583
2020-07-21,Sacramento,067,1510023,10569,7789,7,7796,102
2020-07-21,San Benito,069,59416,592,444,0,444,2
2020-07-21,San Bernardino,071,2135413,35105,25323,117,25440,343
2020-07-21,San Diego,073,3302833,29046,24522,2,24524,487
2020-07-21,San Francisco,075,870044,6427,5377,5,5382,53
2020-07-21,San Joaquin,077,732212,12369,9150,6,9156,99
2020-07-21,San Luis Obispo,079,281455,1769,1338,6,1344,7
2020-07-21,San Mateo,081,765935,5693,4733,5,4738,111
2020-07-21,Santa Barbara,083,443738,6727,5422,49,5471,29
2020-07-21,Santa Clara,085,1922200,10695,7989,19,8008,164
2020-07-21,Santa Cruz,087,273765,1071,835,9,844,3
2020-07-21,Shasta,089,179085,407,241,1,242,9
2020-07-21,Sierra,091,2930,1,1,0,1,0
2020-07-21,Siskiyou,093,43540,76,48,0,48,0
2020-07-21,Solano,095,438530,3725,2727,12,2739,27
2020-07-21,Sonoma,097,501317,3080,2200,5,2205,17
2020-07-21,Stanislaus,099,539301,9717,6984,11,6995,69
2020-07-21,Sutter,101,95872,664,533,0,533,2
2020-07-21,Tehama,103,63373,215,150,2,152,1
2020-07-21,Trinity,105,12862,15,2,5,7,0
2020-07-21,Tulare,107,460477,9487,7447,26,7473,167
2020-07-21,Tuolumne,109,53932,131,75,2,77,0
2020-07-21,Ventura,111,848112,7599,6131,21,6152,55
2020-07-21,Yolo,113,214977,1576,1204,3,1207,34
2020-07-21,Yuba,115,75493,365,269,0,269,1
2020-07-20,Alameda,001,1643700,11611,9244,37,9281,162
2020-07-20,Alpine,003,1148,3,2,0,2,0
2020-07-20,Amador,005,37829,109,53,0,53,0
2020-07-20,Butte,007,227075,877,586,12,598,4
2020-07-20,Calaveras,009,45235,103,90,0,90,0
2020-07-20,Colusa,011,21464,280,217,0,217,0
2020-07-20,Contra Costa,013,1133247,8252,5823,23,5846,97
2020-07-20,Del Norte,015,27424,84,61,0,61,0
2020-07-20,El Dorado,017,186661,652,407,0,407,0
2020-07-20,Fresno,019,978130,18139,10891,140,11031,106
2020-07-20,Glenn,021,27897,323,225,0,225,1
2020-07-20,Humboldt,023,135768,228,194,1,195,4
2020-07-20,Imperial,025,180216,9833,7337,4,7341,124
2020-07-20,Inyo,027,18085,46,38,0,38,1
2020-07-20,Kern,029,883053,20718,10908,84,10992,118
2020-07-20,Kings,031,150075,3965,3093,23,3116,37
2020-07-20,Lake,033,64148,191,147,0,147,1
2020-07-20,Lassen,035,31185,561,474,2,476,0
2020-07-20,Los Angeles,037,10098052,178238,159202,347,159549,4108
2020-07-20,Madera,039,155013,2180,1433,2,1435,10
2020-07-20,Marin,041,260295,4819,4255,5,4260,21
2020-07-20,Mariposa,043,17540,52,36,0,36,1
2020-07-20,Mendocino,045,87422,216,153,0,153,0
2020-07-20,Merced,047,269075,4396,2584,1,2585,15
2020-07-20,Modoc,049,8938,3,0,0,0,0
2020-07-20,Mono,051,14174,118,78,0,78,1
2020-07-20,Monterey,053,433212,4321,3205,12,3217,19
2020-07-20,Napa,055,140530,934,632,0,632,5
2020-07-20,Nevada,057,99092,298,218,9,227,1
2020-07-20,Orange,059,3164182,39063,30337,609,30946,507
2020-07-20,Placer,061,380077,1842,1364,2,1366,11
2020-07-20,Plumas,063,18699,30,17,0,17,0
2020-07-20,Riverside,065,2383286,38869,31163,29,31192,581
2020-07-20,Sacramento,067,1510023,10241,7369,7,7376,99
2020-07-20,San Benito,069,59416,574,433,0,433,2
2020-07-20,San Bernardino,071,2135413,34310,24226,113,24339,338
2020-07-20,San Diego,073,3302833,28604,24137,2,24139,478
2020-07-20,San Francisco,075,870044,6307,5090,5,5095,53
2020-07-20,San Joaquin,077,732212,12019,8583,6,8589,97
2020-07-20,San Luis Obispo,079,281455,1731,1282,6,1288,6
2020-07-20,San Mateo,081,765935,5592,4609,5,4614,111
2020-07-20,Santa Barbara,083,443738,6608,5266,47,5313,29
2020-07-20,Santa Clara,085,1922200,10471,7711,18,7729,164
2020-07-20,Santa Cruz,087,273765,1039,758,9,767,3
2020-07-20,Shasta,089,179085,393,233,1,234,9
2020-07-20,Sierra,091,2930,1,1,0,1,0
2020-07-20,Siskiyou,093,43540,72,42,0,42,0
2020-07-20,Solano,095,438530,3644,2537,12,2549,26
2020-07-20,Sonoma,097,501317,2973,2148,5,2153,17
2020-07-20,Stanislaus,099,539301,9435,6835,11,6846,58
2020-07-20,Sutter,101,95872,631,507,0,507,2
2020-07-20,Tehama,103,63373,207,146,2,148,1
2020-07-20,Trinity,105,12862,15,2,5,7,0
2020-07-20,Tulare,107,460477,9259,6974,26,7000,166
2020-07-20,Tuolumne,109,53932,130,75,2,77,0
2020-07-20,Ventura,111,848112,7469,5912,21,5933,52
2020-07-20,Yolo,113,214977,1536,1155,3,1158,30
2020-07-20,Yuba,115,75493,345,258,0,258,1
2020-07-19,Alameda,001,1643700,11386,9227,31,9258,162
2020-07-19,Alpine,003,1148,3,2,0,2,0
2020-07-19,Amador,005,37829,102,51,0,51,0
2020-07-19,Butte,007,227075,852,555,12,567,4
2020-07-19,Calaveras,009,45235,101,89,0,89,0
2020-07-19,Colusa,011,21464,272,187,0,187,0
2020-07-19,Contra Costa,013,1133247,7963,5691,21,5712,95
2020-07-19,Del Norte,015,27424,83,61,0,61,0
2020-07-19,El Dorado,017,186661,634,385,0,385,0
2020-07-19,Fresno,019,978130,17629,10639,128,10767,106
2020-07-19,Glenn,021,27897,309,215,0,215,0
2020-07-19,Humboldt,023,135768,220,195,1,196,4
2020-07-19,Imperial,025,180216,9743,7280,4,7284,124
2020-07-19,Inyo,027,18085,42,38,0,38,1
2020-07-19,Kern,029,883053,20123,10094,77,10171,115
2020-07-19,Kings,031,150075,3881,3035,23,3058,37
2020-07-19,Lake,033,64148,186,144,0,144,1
2020-07-19,Lassen,035,31185,542,474,2,476,0
2020-07-19,Los Angeles,037,10098052,174803,156039,324,156363,4100
2020-07-19,Madera,039,155013,2103,1301,2,1303,10
2020-07-19,Marin,041,260295,4765,4172,5,4177,21
2020-07-19,Mariposa,043,17540,48,35,0,35,1
2020-07-19,Mendocino,045,87422,211,137,0,137,0
2020-07-19,Merced,047,269075,4192,2460,1,2461,15
2020-07-19,Modoc,049,8938,3,0,0,0,0
2020-07-19,Mono,051,14174,107,63,0,63,1
2020-07-19,Monterey,053,433212,4201,3079,12,3091,18
2020-07-19,Napa,055,140530,905,612,0,612,5
2020-07-19,Nevada,057,99092,292,210,9,219,1
2020-07-19,Orange,059,3164182,38509,29941,595,30536,505
2020-07-19,Placer,061,380077,1794,1246,2,1248,11
2020-07-19,Plumas,063,18699,30,17,0,17,0
2020-07-19,Riverside,065,2383286,38182,30340,29,30369,581
2020-07-19,Sacramento,067,1510023,9849,6985,7,6992,97
2020-07-19,San Benito,069,59416,558,412,0,412,2
2020-07-19,San Bernardino,071,2135413,33563,23928,103,24031,337
2020-07-19,San Diego,073,3302833,28103,23684,2,23686,478
2020-07-19,San Francisco,075,870044,6161,5094,5,5099,52
2020-07-19,San Joaquin,077,732212,11632,8308,6,8314,93
2020-07-19,San Luis Obispo,079,281455,1689,1262,5,1267,6
2020-07-19,San Mateo,081,765935,5485,4522,5,4527,110
2020-07-19,Santa Barbara,083,443738,6508,5145,44,5189,29
2020-07-19,Santa Clara,085,1922200,10229,7403,18,7421,164
2020-07-19,Santa Cruz,087,273765,996,753,9,762,3
2020-07-19,Shasta,089,179085,380,218,1,219,9
2020-07-19,Sierra,091,2930,1,1,0,1,0
2020-07-19,Siskiyou,093,43540,70,42,0,42,0
2020-07-19,Solano,095,438530,3540,2551,12,2563,26
2020-07-19,Sonoma,097,501317,2872,2074,5,2079,17
2020-07-19,Stanislaus,099,539301,9139,6508,11,6519,58
2020-07-19,Sutter,101,95872,600,480,0,480,2
2020-07-19,Tehama,103,63373,204,138,2,140,1
2020-07-19,Trinity,105,12862,15,2,5,7,0
2020-07-19,Tulare,107,460477,9017,6856,26,6882,166
2020-07-19,Tuolumne,109,53932,125,75,2,77,0
2020-07-19,Ventura,111,848112,7299,5706,21,5727,52
2020-07-19,Yolo,113,214977,1497,1127,3,1130,30
2020-07-19,Yuba,115,75493,325,240,0,240,1
2020-07-18,Alameda,001,1643700,11252,9089,29,9118,162
2020-07-18,Alpine,003,1148,3,2,0,2,0
2020-07-18,Amador,005,37829,98,49,0,49,0
2020-07-18,Butte,007,227075,843,551,12,563,4
2020-07-18,Calaveras,009,45235,97,89,0,89,0
2020-07-18,Colusa,011,21464,269,182,0,182,0
2020-07-18,Contra Costa,013,1133247,7829,5617,21,5638,95
2020-07-18,Del Norte,015,27424,83,61,0,61,0
2020-07-18,El Dorado,017,186661,631,385,0,385,0
2020-07-18,Fresno,019,978130,17388,10381,126,10507,106
2020-07-18,Glenn,021,27897,304,212,0,212,0
2020-07-18,Humboldt,023,135768,217,189,1,190,4
2020-07-18,Imperial,025,180216,9713,7268,4,7272,124
2020-07-18,Inyo,027,18085,42,38,0,38,1
2020-07-18,Kern,029,883053,19830,9250,74,9324,114
2020-07-18,Kings,031,150075,3841,2996,22,3018,37
2020-07-18,Lake,033,64148,184,142,0,142,1
2020-07-18,Lassen,035,31185,541,474,2,476,0
2020-07-18,Los Angeles,037,10098052,173354,153265,311,153576,4088
2020-07-18,Madera,039,155013,2060,1260,2,1262,9
2020-07-18,Marin,041,260295,4736,4089,5,4094,21
2020-07-18,Mariposa,043,17540,48,35,0,35,1
2020-07-18,Mendocino,045,87422,204,137,0,137,0
2020-07-18,Merced,047,269075,4073,2424,1,2425,15
2020-07-18,Modoc,049,8938,3,0,0,0,0
2020-07-18,Mono,051,14174,105,54,0,54,1
2020-07-18,Monterey,053,433212,4135,3020,12,3032,17
2020-07-18,Napa,055,140530,894,609,0,609,5
2020-07-18,Nevada,057,99092,288,204,8,212,1
2020-07-18,Orange,059,3164182,38189,29603,574,30177,493
2020-07-18,Placer,061,380077,1771,1233,2,1235,11
2020-07-18,Plumas,063,18699,30,17,0,17,0
2020-07-18,Riverside,065,2383286,37833,30245,28,30273,581
2020-07-18,Sacramento,067,1510023,9605,6739,7,6746,95
2020-07-18,San Benito,069,59416,543,407,0,407,2
2020-07-18,San Bernardino,071,2135413,33116,23680,97,23777,336
2020-07-18,San Diego,073,3302833,27800,23116,2,23118,478
2020-07-18,San Francisco,075,870044,6059,5051,5,5056,52
2020-07-18,San Joaquin,077,732212,11420,8118,6,8124,93
2020-07-18,San Luis Obispo,079,281455,1658,1234,5,1239,6
2020-07-18,San Mateo,081,765935,5426,4488,5,4493,110
2020-07-18,Santa Barbara,083,443738,6449,5110,42,5152,29
2020-07-18,Santa Clara,085,1922200,10082,7255,17,7272,164
2020-07-18,Santa Cruz,087,273765,980,751,9,760,3
2020-07-18,Shasta,089,179085,371,216,1,217,9
2020-07-18,Sierra,091,2930,1,1,0,1,0
2020-07-18,Siskiyou,093,43540,70,42,0,42,0
2020-07-18,Solano,095,438530,3499,2503,12,2515,26
2020-07-18,Sonoma,097,501317,2821,2019,5,2024,15
2020-07-18,Stanislaus,099,539301,9005,6344,11,6355,58
2020-07-18,Sutter,101,95872,594,473,0,473,2
2020-07-18,Tehama,103,63373,199,136,2,138,1
2020-07-18,Trinity,105,12862,15,2,5,7,0
2020-07-18,Tulare,107,460477,8929,6810,25,6835,167
2020-07-18,Tuolumne,109,53932,122,75,2,77,0
2020-07-18,Ventura,111,848112,7223,5630,21,5651,52
2020-07-18,Yolo,113,214977,1469,1077,3,1080,30
2020-07-18,Yuba,115,75493,314,237,0,237,1
2020-07-17,Alameda,001,1643700,11111,8893,28,8921,160
2020-07-17,Alpine,003,1148,3,1,0,1,0
2020-07-17,Amador,005,37829,96,48,0,48,0
2020-07-17,Butte,007,227075,829,497,12,509,4
2020-07-17,Calaveras,009,45235,95,86,0,86,0
2020-07-17,Colusa,011,21464,267,146,0,146,0
2020-07-17,Contra Costa,013,1133247,7681,5483,21,5504,93
2020-07-17,Del Norte,015,27424,82,60,0,60,0
2020-07-17,El Dorado,017,186661,615,368,0,368,0
2020-07-17,Fresno,019,978130,17094,9954,126,10080,104
2020-07-17,Glenn,021,27897,297,203,0,203,0
2020-07-17,Humboldt,023,135768,216,185,1,186,4
2020-07-17,Imperial,025,180216,9692,7193,4,7197,120
2020-07-17,Inyo,027,18085,42,38,0,38,1
2020-07-17,Kern,029,883053,19512,8291,73,8364,113
2020-07-17,Kings,031,150075,3805,2978,22,3000,37
2020-07-17,Lake,033,64148,182,139,0,139,1
2020-07-17,Lassen,035,31185,522,391,2,393,0
2020-07-17,Los Angeles,037,10098052,170983,150481,299,150780,4052
2020-07-17,Madera,039,155013,2018,1214,2,1216,9
2020-07-17,Marin,041,260295,4699,3839,5,3844,21
2020-07-17,Mariposa,043,17540,47,35,0,35,1
2020-07-17,Mendocino,045,87422,198,126,0,126,0
2020-07-17,Merced,047,269075,3997,2328,1,2329,12
2020-07-17,Modoc,049,8938,2,0,0,0,0
2020-07-17,Mono,051,14174,100,54,0,54,1
2020-07-17,Monterey,053,433212,4006,2922,12,2934,18
2020-07-17,Napa,055,140530,880,598,0,598,5
2020-07-17,Nevada,057,99092,281,200,8,208,1
2020-07-17,Orange,059,3164182,37734,28962,540,29502,485
2020-07-17,Placer,061,380077,1742,1207,2,1209,11
2020-07-17,Plumas,063,18699,27,16,0,16,0
2020-07-17,Riverside,065,2383286,37244,29639,28,29667,580
2020-07-17,Sacramento,067,1510023,9361,6563,7,6570,95
2020-07-17,San Benito,069,59416,528,399,0,399,2
2020-07-17,San Bernardino,071,2135413,32609,23057,94,23151,322
2020-07-17,San Diego,073,3302833,27411,22491,2,22493,472
2020-07-17,San Francisco,075,870044,5965,4967,5,4972,52
2020-07-17,San Joaquin,077,732212,11179,7925,6,7931,86
2020-07-17,San Luis Obispo,079,281455,1622,1190,5,1195,6
2020-07-17,San Mateo,081,765935,5330,4407,5,4412,110
2020-07-17,Santa Barbara,083,443738,6376,5001,41,5042,29
2020-07-17,Santa Clara,085,1922200,9865,7080,17,7097,164
2020-07-17,Santa Cruz,087,273765,958,716,9,725,3
2020-07-17,Shasta,089,179085,359,213,1,214,8
2020-07-17,Sierra,091,2930,1,1,0,1,0
2020-07-17,Siskiyou,093,43540,69,40,0,40,0
2020-07-17,Solano,095,438530,3450,2452,12,2464,26
2020-07-17,Sonoma,097,501317,2774,1982,5,1987,15
2020-07-17,Stanislaus,099,539301,8832,6220,11,6231,56
2020-07-17,Sutter,101,95872,582,458,0,458,2
2020-07-17,Tehama,103,63373,195,128,2,130,1
2020-07-17,Trinity,105,12862,15,2,5,7,0
2020-07-17,Tulare,107,460477,8795,6671,25,6696,166
2020-07-17,Tuolumne,109,53932,121,73,2,75,0
2020-07-17,Ventura,111,848112,7142,5451,21,5472,51
2020-07-17,Yolo,113,214977,1445,1055,3,1058,30
2020-07-17,Yuba,115,75493,305,231,0,231,1
2020-07-16,Alameda,001,1643700,10878,8719,23,8742,153
2020-07-16,Alpine,003,1148,3,1,0,1,0
2020-07-16,Amador,005,37829,93,46,0,46,0
2020-07-16,Butte,007,227075,794,465,11,476,4
2020-07-16,Calaveras,009,45235,94,82,0,82,0
2020-07-16,Colusa,011,21464,258,140,0,140,0
2020-07-16,Contra Costa,013,1133247,7470,5338,15,5353,91
2020-07-16,Del Norte,015,27424,82,60,0,60,0
2020-07-16,El Dorado,017,186661,598,357,0,357,0
2020-07-16,Fresno,019,978130,16588,9481,117,9598,101
2020-07-16,Glenn,021,27897,288,190,0,190,0
2020-07-16,Humboldt,023,135768,214,184,1,185,4
2020-07-16,Imperial,025,180216,9599,7148,4,7152,113
2020-07-16,Inyo,027,18085,42,38,0,38,1
2020-07-16,Kern,029,883053,18999,7435,71,7506,112
2020-07-16,Kings,031,150075,3652,2937,22,2959,37
2020-07-16,Lake,033,64148,178,128,0,128,1
2020-07-16,Lassen,035,31185,521,355,2,357,0
2020-07-16,Los Angeles,037,10098052,167735,147759,275,148034,3994
2020-07-16,Madera,039,155013,1954,1192,2,1194,8
2020-07-16,Marin,041,260295,4629,3546,5,3551,21
2020-07-16,Mariposa,043,17540,45,34,0,34,1
2020-07-16,Mendocino,045,87422,195,121,0,121,0
2020-07-16,Merced,047,269075,3835,2228,1,2229,12
2020-07-16,Modoc,049,8938,1,0,0,0,0
2020-07-16,Mono,051,14174,97,53,0,53,1
2020-07-16,Monterey,053,433212,3902,2857,11,2868,18
2020-07-16,Napa,055,140530,853,581,0,581,5
2020-07-16,Nevada,057,99092,278,191,8,199,1
2020-07-16,Orange,059,3164182,37037,28525,502,29027,471
2020-07-16,Placer,061,380077,1695,1168,2,1170,11
2020-07-16,Plumas,063,18699,25,16,0,16,0
2020-07-16,Riverside,065,2383286,36506,28904,26,28930,577
2020-07-16,Sacramento,067,1510023,9050,6440,7,6447,91
2020-07-16,San Benito,069,59416,511,389,0,389,2
2020-07-16,San Bernardino,071,2135413,31758,22355,76,22431,321
2020-07-16,San Diego,073,3302833,26924,21857,2,21859,465
2020-07-16,San Francisco,075,870044,5825,4838,5,4843,52
2020-07-16,San Joaquin,077,732212,10824,7713,6,7719,82
2020-07-16,San Luis Obispo,079,281455,1579,1146,5,1151,6
2020-07-16,San Mateo,081,765935,5226,4336,5,4341,110
2020-07-16,Santa Barbara,083,443738,6279,4872,40,4912,28
2020-07-16,Santa Clara,085,1922200,9591,6990,15,7005,164
2020-07-16,Santa Cruz,087,273765,918,698,9,707,3
2020-07-16,Shasta,089,179085,344,208,1,209,7
2020-07-16,Sierra,091,2930,1,1,0,1,0
2020-07-16,Siskiyou,093,43540,67,39,0,39,0
2020-07-16,Solano,095,438530,3364,2372,12,2384,25
2020-07-16,Sonoma,097,501317,2685,1954,5,1959,14
2020-07-16,Stanislaus,099,539301,8559,6077,10,6087,56
2020-07-16,Sutter,101,95872,567,444,0,444,2
2020-07-16,Tehama,103,63373,186,126,2,128,1
2020-07-16,Trinity,105,12862,15,2,4,6,0
2020-07-16,Tulare,107,460477,8582,6467,24,6491,163
2020-07-16,Tuolumne,109,53932,116,71,2,73,0
2020-07-16,Ventura,111,848112,6984,5231,21,5252,50
2020-07-16,Yolo,113,214977,1403,1034,3,1037,29
2020-07-16,Yuba,115,75493,288,221,0,221,1
2020-07-15,Alameda,001,1643700,10677,8615,17,8632,153
2020-07-15,Alpine,003,1148,3,1,0,1,0
2020-07-15,Amador,005,37829,72,44,0,44,0
2020-07-15,Butte,007,227075,752,420,11,431,4
2020-07-15,Calaveras,009,45235,94,75,0,75,0
2020-07-15,Colusa,011,21464,253,135,0,135,0
2020-07-15,Contra Costa,013,1133247,7239,5246,15,5261,90
2020-07-15,Del Norte,015,27424,81,60,0,60,0
2020-07-15,El Dorado,017,186661,574,339,0,339,0
2020-07-15,Fresno,019,978130,16120,9124,110,9234,101
2020-07-15,Glenn,021,27897,279,184,0,184,0
2020-07-15,Humboldt,023,135768,212,181,1,182,4
2020-07-15,Imperial,025,180216,9532,7110,4,7114,110
2020-07-15,Inyo,027,18085,42,36,0,36,1
2020-07-15,Kern,029,883053,18380,7155,68,7223,108
2020-07-15,Kings,031,150075,3593,2906,22,2928,37
2020-07-15,Lake,033,64148,176,122,0,122,1
2020-07-15,Lassen,035,31185,517,319,2,321,0
2020-07-15,Los Angeles,037,10098052,164268,143343,260,143603,3946
2020-07-15,Madera,039,155013,1886,1147,2,1149,4
2020-07-15,Marin,041,260295,4577,3458,5,3463,21
2020-07-15,Mariposa,043,17540,45,34,0,34,1
2020-07-15,Mendocino,045,87422,192,119,0,119,0
2020-07-15,Merced,047,269075,3686,2156,1,2157,12
2020-07-15,Modoc,049,8938,1,0,0,0,0
2020-07-15,Mono,051,14174,95,52,0,52,1
2020-07-15,Monterey,053,433212,3792,2780,11,2791,18
2020-07-15,Napa,055,140530,827,573,0,573,5
2020-07-15,Nevada,057,99092,274,185,6,191,1
2020-07-15,Orange,059,3164182,36240,27718,467,28185,454
2020-07-15,Placer,061,380077,1638,1145,2,1147,11
2020-07-15,Plumas,063,18699,25,16,0,16,0
2020-07-15,Riverside,065,2383286,35733,28492,24,28516,568
2020-07-15,Sacramento,067,1510023,8669,6217,7,6224,91
2020-07-15,San Benito,069,59416,502,388,0,388,2
2020-07-15,San Bernardino,071,2135413,30997,21508,59,21567,317
2020-07-15,San Diego,073,3302833,26457,21448,2,21450,448
2020-07-15,San Francisco,075,870044,5711,4757,5,4762,50
2020-07-15,San Joaquin,077,732212,10400,7381,5,7386,75
2020-07-15,San Luis Obispo,079,281455,1537,1097,5,1102,6
2020-07-15,San Mateo,081,765935,5113,4258,5,4263,109
2020-07-15,Santa Barbara,083,443738,6165,4733,40,4773,28
2020-07-15,Santa Clara,085,1922200,9289,6900,15,6915,164
2020-07-15,Santa Cruz,087,273765,883,660,8,668,3
2020-07-15,Shasta,089,179085,335,193,1,194,7
2020-07-15,Sierra,091,2930,1,1,0,1,0
2020-07-15,Siskiyou,093,43540,66,38,0,38,0
2020-07-15,Solano,095,438530,3269,2343,12,2355,25
2020-07-15,Sonoma,097,501317,2592,1920,5,1925,14
2020-07-15,Stanislaus,099,539301,8265,5777,10,5787,56
2020-07-15,Sutter,101,95872,541,433,0,433,2
2020-07-15,Tehama,103,63373,179,126,2,128,1
2020-07-15,Trinity,105,12862,14,2,4,6,0
2020-07-15,Tulare,107,460477,8373,6320,23,6343,156
2020-07-15,Tuolumne,109,53932,109,68,2,70,0
2020-07-15,Ventura,111,848112,6810,5087,21,5108,50
2020-07-15,Yolo,113,214977,1370,1002,3,1005,27
2020-07-15,Yuba,115,75493,277,221,0,221,1
2020-07-14,Alameda,001,1643700,10335,8388,11,8399,151
2020-07-14,Alpine,003,1148,3,1,0,1,0
2020-07-14,Amador,005,37829,68,44,0,44,0
2020-07-14,Butte,007,227075,710,382,11,393,4
2020-07-14,Calaveras,009,45235,92,74,0,74,0
2020-07-14,Colusa,011,21464,243,128,0,128,0
2020-07-14,Contra Costa,013,1133247,7004,5110,13,5123,90
2020-07-14,Del Norte,015,27424,80,60,0,60,0
2020-07-14,El Dorado,017,186661,559,324,0,324,0
2020-07-14,Fresno,019,978130,15704,8941,106,9047,98
2020-07-14,Glenn,021,27897,269,177,0,177,0
2020-07-14,Humboldt,023,135768,209,175,1,176,4
2020-07-14,Imperial,025,180216,9406,7095,4,7099,109
2020-07-14,Inyo,027,18085,42,35,0,35,1
2020-07-14,Kern,029,883053,17625,6979,55,7034,107
2020-07-14,Kings,031,150075,3530,2867,21,2888,37
2020-07-14,Lake,033,64148,170,120,0,120,1
2020-07-14,Lassen,035,31185,500,263,2,265,0
2020-07-14,Los Angeles,037,10098052,161133,140632,230,140862,3900
2020-07-14,Madera,039,155013,1812,1118,2,1120,4
2020-07-14,Marin,041,260295,4464,3451,5,3456,21
2020-07-14,Mariposa,043,17540,41,32,0,32,1
2020-07-14,Mendocino,045,87422,185,110,0,110,0
2020-07-14,Merced,047,269075,3508,2084,1,2085,12
2020-07-14,Modoc,049,8938,1,0,0,0,0
2020-07-14,Mono,051,14174,85,48,0,48,1
2020-07-14,Monterey,053,433212,3678,2724,11,2735,18
2020-07-14,Napa,055,140530,771,557,0,557,4
2020-07-14,Nevada,057,99092,257,180,5,185,1
2020-07-14,Orange,059,3164182,35360,26915,420,27335,432
2020-07-14,Placer,061,380077,1581,1122,2,1124,11
2020-07-14,Plumas,063,18699,24,14,0,14,0
2020-07-14,Riverside,065,2383286,34983,27850,23,27873,547
2020-07-14,Sacramento,067,1510023,8317,5978,7,5985,87
2020-07-14,San Benito,069,59416,483,360,0,360,2
2020-07-14,San Bernardino,071,2135413,30155,20489,48,20537,316
2020-07-14,San Diego,073,3302833,25838,20887,2,20889,436
2020-07-14,San Francisco,075,870044,5561,4659,4,4663,50
2020-07-14,San Joaquin,077,732212,9974,7143,5,7148,75
2020-07-14,San Luis Obispo,079,281455,1501,1060,5,1065,5
2020-07-14,San Mateo,081,765935,5020,4173,5,4178,108
2020-07-14,Santa Barbara,083,443738,6041,4641,38,4679,28
2020-07-14,Santa Clara,085,1922200,8966,6686,12,6698,164
2020-07-14,Santa Cruz,087,273765,845,639,8,647,3
2020-07-14,Shasta,089,179085,326,190,1,191,7
2020-07-14,Sierra,091,2930,1,1,0,1,0
2020-07-14,Siskiyou,093,43540,65,38,0,38,0
2020-07-14,Solano,095,438530,3170,2266,10,2276,25
2020-07-14,Sonoma,097,501317,2501,1866,5,1871,14
2020-07-14,Stanislaus,099,539301,7892,5631,9,5640,53
2020-07-14,Sutter,101,95872,522,405,0,405,2
2020-07-14,Tehama,103,63373,167,123,2,125,1
2020-07-14,Trinity,105,12862,13,2,4,6,0
2020-07-14,Tulare,107,460477,8132,6199,23,6222,156
2020-07-14,Tuolumne,109,53932,104,68,2,70,0
2020-07-14,Ventura,111,848112,6656,4950,21,4971,50
2020-07-14,Yolo,113,214977,1322,966,3,969,27
2020-07-14,Yuba,115,75493,260,210,0,210,1
2020-07-13,Alameda,001,1643700,10027,8115,11,8126,148
2020-07-13,Alpine,003,1148,3,1,0,1,0
2020-07-13,Amador,005,37829,64,42,0,42,0
2020-07-13,Butte,007,227075,674,354,11,365,4
2020-07-13,Calaveras,009,45235,83,63,0,63,0
2020-07-13,Colusa,011,21464,237,116,0,116,0
2020-07-13,Contra Costa,013,1133247,6732,4882,11,4893,88
2020-07-13,Del Norte,015,27424,74,59,0,59,0
2020-07-13,El Dorado,017,186661,528,298,0,298,0
2020-07-13,Fresno,019,978130,15279,8666,101,8767,95
2020-07-13,Glenn,021,27897,262,168,0,168,0
2020-07-13,Humboldt,023,135768,204,174,1,175,4
2020-07-13,Imperial,025,180216,9321,7052,4,7056,109
2020-07-13,Inyo,027,18085,41,35,0,35,1
2020-07-13,Kern,029,883053,16947,6808,51,6859,107
2020-07-13,Kings,031,150075,3482,2824,21,2845,37
2020-07-13,Lake,033,64148,165,118,0,118,1
2020-07-13,Lassen,035,31185,495,237,2,239,0
2020-07-13,Los Angeles,037,10098052,157898,136368,216,136584,3829
2020-07-13,Madera,039,155013,1743,1059,2,1061,4
2020-07-13,Marin,041,260295,4361,3402,5,3407,21
2020-07-13,Mariposa,043,17540,40,31,0,31,1
2020-07-13,Mendocino,045,87422,181,87,0,87,0
2020-07-13,Merced,047,269075,3359,2007,1,2008,12
2020-07-13,Modoc,049,8938,1,0,0,0,0
2020-07-13,Mono,051,14174,81,47,0,47,1
2020-07-13,Monterey,053,433212,3555,2613,8,2621,18
2020-07-13,Napa,055,140530,735,534,0,534,4
2020-07-13,Nevada,057,99092,243,172,5,177,1
2020-07-13,Orange,059,3164182,34497,25978,390,26368,423
2020-07-13,Placer,061,380077,1536,1096,2,1098,11
2020-07-13,Plumas,063,18699,22,14,0,14,0
2020-07-13,Riverside,065,2383286,34060,27136,21,27157,545
2020-07-13,Sacramento,067,1510023,8021,5747,7,5754,85
2020-07-13,San Benito,069,59416,470,343,0,343,2
2020-07-13,San Bernardino,071,2135413,29281,19610,42,19652,313
2020-07-13,San Diego,073,3302833,25271,20348,2,20350,422
2020-07-13,San Francisco,075,870044,5433,4534,3,4537,50
2020-07-13,San Joaquin,077,732212,9558,6927,5,6932,71
2020-07-13,San Luis Obispo,079,281455,1470,989,5,994,5
2020-07-13,San Mateo,081,765935,4889,4057,5,4062,108
2020-07-13,Santa Barbara,083,443738,5932,4441,37,4478,28
2020-07-13,Santa Clara,085,1922200,8643,6488,11,6499,164
2020-07-13,Santa Cruz,087,273765,808,574,8,582,3
2020-07-13,Shasta,089,179085,315,185,1,186,6
2020-07-13,Sierra,091,2930,1,1,0,1,0
2020-07-13,Siskiyou,093,43540,61,37,0,37,0
2020-07-13,Solano,095,438530,3059,2046,10,2056,23
2020-07-13,Sonoma,097,501317,2392,1818,5,1823,14
2020-07-13,Stanislaus,099,539301,7589,5324,7,5331,53
2020-07-13,Sutter,101,95872,484,379,0,379,2
2020-07-13,Tehama,103,63373,155,112,2,114,1
2020-07-13,Trinity,105,12862,13,2,4,6,0
2020-07-13,Tulare,107,460477,7871,5930,21,5951,147
2020-07-13,Tuolumne,109,53932,96,56,2,58,0
2020-07-13,Ventura,111,848112,6468,4800,18,4818,50
2020-07-13,Yolo,113,214977,1277,941,3,944,27
2020-07-13,Yuba,115,75493,245,194,0,194,1
2020-07-12,Alameda,001,1643700,9757,8056,11,8067,148
2020-07-12,Alpine,003,1148,3,1,0,1,0
2020-07-12,Amador,005,37829,54,40,0,40,0
2020-07-12,Butte,007,227075,624,341,8,349,4
2020-07-12,Calaveras,009,45235,83,62,0,62,0
2020-07-12,Colusa,011,21464,205,116,0,116,0
2020-07-12,Contra Costa,013,1133247,6462,4708,9,4717,88
2020-07-12,Del Norte,015,27424,63,59,0,59,0
2020-07-12,El Dorado,017,186661,506,290,0,290,0
2020-07-12,Fresno,019,978130,14860,8407,98,8505,95
2020-07-12,Glenn,021,27897,249,166,0,166,0
2020-07-12,Humboldt,023,135768,200,174,1,175,4
2020-07-12,Imperial,025,180216,9203,6999,4,7003,109
2020-07-12,Inyo,027,18085,39,35,0,35,1
2020-07-12,Kern,029,883053,16207,6662,48,6710,105
2020-07-12,Kings,031,150075,3423,2779,21,2800,34
2020-07-12,Lake,033,64148,156,114,0,114,1
2020-07-12,Lassen,035,31185,488,237,2,239,0
2020-07-12,Los Angeles,037,10098052,154477,133830,187,134017,3816
2020-07-12,Madera,039,155013,1689,1025,2,1027,4
2020-07-12,Marin,041,260295,4284,3358,5,3363,21
2020-07-12,Mariposa,043,17540,39,31,0,31,1
2020-07-12,Mendocino,045,87422,162,88,0,88,0
2020-07-12,Merced,047,269075,3230,1908,1,1909,12
2020-07-12,Modoc,049,8938,1,0,0,0,0
2020-07-12,Mono,051,14174,71,45,0,45,1
2020-07-12,Monterey,053,433212,3441,2521,8,2529,18
2020-07-12,Napa,055,140530,705,519,0,519,4
2020-07-12,Nevada,057,99092,233,166,5,171,1
2020-07-12,Orange,059,3164182,33626,25399,381,25780,422
2020-07-12,Placer,061,380077,1480,1058,2,1060,11
2020-07-12,Plumas,063,18699,21,14,0,14,0
2020-07-12,Riverside,065,2383286,33304,26404,21,26425,542
2020-07-12,Sacramento,067,1510023,7709,5515,5,5520,85
2020-07-12,San Benito,069,59416,455,324,0,324,2
2020-07-12,San Bernardino,071,2135413,28373,19042,37,19079,312
2020-07-12,San Diego,073,3302833,24642,19929,2,19931,422
2020-07-12,San Francisco,075,870044,5283,4535,3,4538,50
2020-07-12,San Joaquin,077,732212,9197,6703,5,6708,71
2020-07-12,San Luis Obispo,079,281455,1423,972,5,977,5
2020-07-12,San Mateo,081,765935,4772,3988,5,3993,108
2020-07-12,Santa Barbara,083,443738,5804,4353,36,4389,28
2020-07-12,Santa Clara,085,1922200,8406,6252,11,6263,164
2020-07-12,Santa Cruz,087,273765,766,573,6,579,3
2020-07-12,Shasta,089,179085,309,173,1,174,6
2020-07-12,Sierra,091,2930,1,1,0,1,0
2020-07-12,Siskiyou,093,43540,59,36,0,36,0
2020-07-12,Solano,095,438530,2935,2037,10,2047,23
2020-07-12,Sonoma,097,501317,2300,1743,5,1748,13
2020-07-12,Stanislaus,099,539301,7287,5177,7,5184,53
2020-07-12,Sutter,101,95872,466,362,0,362,2
2020-07-12,Tehama,103,63373,148,111,2,113,1
2020-07-12,Trinity,105,12862,13,2,4,6,0
2020-07-12,Tulare,107,460477,7619,5864,20,5884,146
2020-07-12,Tuolumne,109,53932,88,52,2,54,0
2020-07-12,Ventura,111,848112,6254,4724,17,4741,50
2020-07-12,Yolo,113,214977,1237,889,3,892,27
2020-07-12,Yuba,115,75493,234,188,0,188,1
2020-07-11,Alameda,001,1643700,9655,7845,11,7856,148
2020-07-11,Alpine,003,1148,3,1,0,1,0
2020-07-11,Amador,005,37829,50,37,0,37,0
2020-07-11,Butte,007,227075,608,325,8,333,4
2020-07-11,Calaveras,009,45235,80,62,0,62,0
2020-07-11,Colusa,011,21464,200,110,0,110,0
2020-07-11,Contra Costa,013,1133247,6345,4650,9,4659,87
2020-07-11,Del Norte,015,27424,63,59,0,59,0
2020-07-11,El Dorado,017,186661,495,283,0,283,0
2020-07-11,Fresno,019,978130,14603,8086,96,8182,95
2020-07-11,Glenn,021,27897,241,161,0,161,0
2020-07-11,Humboldt,023,135768,199,174,1,175,4
2020-07-11,Imperial,025,180216,9164,6884,4,6888,109
2020-07-11,Inyo,027,18085,39,35,0,35,1
2020-07-11,Kern,029,883053,15852,6509,47,6556,103
2020-07-11,Kings,031,150075,3397,2753,21,2774,33
2020-07-11,Lake,033,64148,156,110,0,110,1
2020-07-11,Lassen,035,31185,487,237,2,239,0
2020-07-11,Los Angeles,037,10098052,152761,130479,177,130656,3802
2020-07-11,Madera,039,155013,1648,988,2,990,4
2020-07-11,Marin,041,260295,4256,3191,5,3196,21
2020-07-11,Mariposa,043,17540,39,31,0,31,1
2020-07-11,Mendocino,045,87422,158,88,0,88,0
2020-07-11,Merced,047,269075,3149,1851,1,1852,12
2020-07-11,Modoc,049,8938,1,0,0,0,0
2020-07-11,Mono,051,14174,68,45,0,45,1
2020-07-11,Monterey,053,433212,3352,2376,7,2383,18
2020-07-11,Napa,055,140530,693,509,0,509,4
2020-07-11,Nevada,057,99092,224,163,4,167,1
2020-07-11,Orange,059,3164182,33250,24430,367,24797,422
2020-07-11,Placer,061,380077,1445,1029,2,1031,11
2020-07-11,Plumas,063,18699,21,12,0,12,0
2020-07-11,Riverside,065,2383286,32914,25994,21,26015,538
2020-07-11,Sacramento,067,1510023,7535,5367,5,5372,84
2020-07-11,San Benito,069,59416,440,314,0,314,2
2020-07-11,San Bernardino,071,2135413,27936,18907,35,18942,310
2020-07-11,San Diego,073,3302833,24257,19371,2,19373,422
2020-07-11,San Francisco,075,870044,5188,4430,2,4432,50
2020-07-11,San Joaquin,077,732212,9019,6518,5,6523,72
2020-07-11,San Luis Obispo,079,281455,1375,930,5,935,4
2020-07-11,San Mateo,081,765935,4704,3956,5,3961,108
2020-07-11,Santa Barbara,083,443738,5736,4283,35,4318,28
2020-07-11,Santa Clara,085,1922200,8249,5959,11,5970,164
2020-07-11,Santa Cruz,087,273765,735,571,6,577,3
2020-07-11,Shasta,089,179085,302,168,1,169,6
2020-07-11,Sierra,091,2930,1,1,0,1,0
2020-07-11,Siskiyou,093,43540,59,36,0,36,0
2020-07-11,Solano,095,438530,2894,2034,10,2044,23
2020-07-11,Sonoma,097,501317,2264,1690,5,1695,13
2020-07-11,Stanislaus,099,539301,7146,4911,7,4918,51
2020-07-11,Sutter,101,95872,450,352,0,352,2
2020-07-11,Tehama,103,63373,146,111,2,113,1
2020-07-11,Trinity,105,12862,13,2,4,6,0
2020-07-11,Tulare,107,460477,7515,5780,20,5800,149
2020-07-11,Tuolumne,109,53932,86,50,2,52,0
2020-07-11,Ventura,111,848112,6159,4545,16,4561,49
2020-07-11,Yolo,113,214977,1208,833,3,836,27
2020-07-11,Yuba,115,75493,224,175,0,175,1
2020-07-10,Alameda,001,1643700,9499,7551,11,7562,147
2020-07-10,Alpine,003,1148,3,1,0,1,0
2020-07-10,Amador,005,37829,46,37,0,37,0
2020-07-10,Butte,007,227075,597,318,8,326,4
2020-07-10,Calaveras,009,45235,80,61,0,61,0
2020-07-10,Colusa,011,21464,194,103,0,103,0
2020-07-10,Contra Costa,013,1133247,6204,4482,9,4491,86
2020-07-10,Del Norte,015,27424,63,57,0,57,0
2020-07-10,El Dorado,017,186661,477,266,0,266,0
2020-07-10,Fresno,019,978130,14275,7760,93,7853,93
2020-07-10,Glenn,021,27897,236,157,0,157,0
2020-07-10,Humboldt,023,135768,198,168,1,169,4
2020-07-10,Imperial,025,180216,9119,6878,4,6882,98
2020-07-10,Inyo,027,18085,39,35,0,35,1
2020-07-10,Kern,029,883053,15419,6344,46,6390,102
2020-07-10,Kings,031,150075,3364,2707,21,2728,33
2020-07-10,Lake,033,64148,149,104,0,104,1
2020-07-10,Lassen,035,31185,486,235,2,237,0
2020-07-10,Los Angeles,037,10098052,150343,127503,171,127674,3750
2020-07-10,Madera,039,155013,1602,914,2,916,4
2020-07-10,Marin,041,260295,4194,3101,5,3106,21
2020-07-10,Mariposa,043,17540,38,31,0,31,1
2020-07-10,Mendocino,045,87422,150,88,0,88,0
2020-07-10,Merced,047,269075,3070,1802,1,1803,12
2020-07-10,Modoc,049,8938,1,0,0,0,0
2020-07-10,Mono,051,14174,67,45,0,45,1
2020-07-10,Monterey,053,433212,3273,2285,7,2292,18
2020-07-10,Napa,055,140530,682,496,0,496,4
2020-07-10,Nevada,057,99092,219,161,4,165,1
2020-07-10,Orange,059,3164182,32662,23692,364,24056,416
2020-07-10,Placer,061,380077,1405,1002,2,1004,11
2020-07-10,Plumas,063,18699,19,12,0,12,0
2020-07-10,Riverside,065,2383286,32402,25481,21,25502,533
2020-07-10,Sacramento,067,1510023,7281,5181,5,5186,81
2020-07-10,San Benito,069,59416,431,302,0,302,2
2020-07-10,San Bernardino,071,2135413,27415,18242,32,18274,308
2020-07-10,San Diego,073,3302833,23876,18862,2,18864,420
2020-07-10,San Francisco,075,870044,5098,4305,2,4307,50
2020-07-10,San Joaquin,077,732212,8786,6225,5,6230,67
2020-07-10,San Luis Obispo,079,281455,1337,891,5,896,4
2020-07-10,San Mateo,081,765935,4639,3844,5,3849,107
2020-07-10,Santa Barbara,083,443738,5639,4177,34,4211,28
2020-07-10,Santa Clara,085,1922200,8027,5819,11,5830,164
2020-07-10,Santa Cruz,087,273765,708,540,6,546,3
2020-07-10,Shasta,089,179085,298,158,1,159,6
2020-07-10,Sierra,091,2930,1,1,0,1,0
2020-07-10,Siskiyou,093,43540,59,31,0,31,0
2020-07-10,Solano,095,438530,2848,1950,10,1960,23
2020-07-10,Sonoma,097,501317,2217,1606,4,1610,13
2020-07-10,Stanislaus,099,539301,6976,4781,7,4788,46
2020-07-10,Sutter,101,95872,443,338,0,338,2
2020-07-10,Tehama,103,63373,145,107,2,109,1
2020-07-10,Trinity,105,12862,13,2,4,6,0
2020-07-10,Tulare,107,460477,7380,5677,20,5697,150
2020-07-10,Tuolumne,109,53932,85,49,2,51,0
2020-07-10,Ventura,111,848112,6046,4416,16,4432,48
2020-07-10,Yolo,113,214977,1184,794,3,797,27
2020-07-10,Yuba,115,75493,210,164,0,164,1
2020-07-09,Alameda,001,1643700,9263,7433,11,7444,146
2020-07-09,Alpine,003,1148,3,1,0,1,0
2020-07-09,Amador,005,37829,43,36,0,36,0
2020-07-09,Butte,007,227075,565,295,8,303,4
2020-07-09,Calaveras,009,45235,79,59,0,59,0
2020-07-09,Colusa,011,21464,188,97,0,97,0
2020-07-09,Contra Costa,013,1133247,5961,4388,9,4397,86
2020-07-09,Del Norte,015,27424,63,57,0,57,0
2020-07-09,El Dorado,017,186661,453,255,0,255,0
2020-07-09,Fresno,019,978130,13821,7385,91,7476,90
2020-07-09,Glenn,021,27897,226,150,0,150,0
2020-07-09,Humboldt,023,135768,195,166,1,167,4
2020-07-09,Imperial,025,180216,9024,6778,4,6782,87
2020-07-09,Inyo,027,18085,37,35,0,35,1
2020-07-09,Kern,029,883053,14778,6100,44,6144,95
2020-07-09,Kings,031,150075,3303,2686,20,2706,33
2020-07-09,Lake,033,64148,146,99,0,99,1
2020-07-09,Lassen,035,31185,430,221,2,223,0
2020-07-09,Los Angeles,037,10098052,147077,125062,147,125209,3698
2020-07-09,Madera,039,155013,1526,850,2,852,4
2020-07-09,Marin,041,260295,4046,2975,4,2979,20
2020-07-09,Mariposa,043,17540,38,32,0,32,1
2020-07-09,Mendocino,045,87422,146,88,0,88,0
2020-07-09,Merced,047,269075,2938,1728,1,1729,11
2020-07-09,Modoc,049,8938,1,0,0,0,0
2020-07-09,Mono,051,14174,63,45,0,45,1
2020-07-09,Monterey,053,433212,3148,2223,7,2230,17
2020-07-09,Napa,055,140530,665,468,0,468,4
2020-07-09,Nevada,057,99092,213,156,4,160,1
2020-07-09,Orange,059,3164182,31691,22960,346,23306,407
2020-07-09,Placer,061,380077,1363,982,2,984,11
2020-07-09,Plumas,063,18699,19,12,0,12,0
2020-07-09,Riverside,065,2383286,31514,24980,20,25000,529
2020-07-09,Sacramento,067,1510023,6955,4950,5,4955,81
2020-07-09,San Benito,069,59416,415,295,0,295,2
2020-07-09,San Bernardino,071,2135413,26546,17339,27,17366,307
2020-07-09,San Diego,073,3302833,23284,18404,2,18406,415
2020-07-09,San Francisco,075,870044,4966,4143,2,4145,50
2020-07-09,San Joaquin,077,732212,8429,6004,5,6009,66
2020-07-09,San Luis Obispo,079,281455,1298,869,5,874,3
2020-07-09,San Mateo,081,765935,4512,3792,5,3797,106
2020-07-09,Santa Barbara,083,443738,5507,4068,34,4102,28
2020-07-09,Santa Clara,085,1922200,7773,5638,11,5649,164
2020-07-09,Santa Cruz,087,273765,681,526,6,532,3
2020-07-09,Shasta,089,179085,292,155,1,156,5
2020-07-09,Sierra,091,2930,1,1,0,1,0
2020-07-09,Siskiyou,093,43540,55,31,0,31,0
2020-07-09,Solano,095,438530,2751,1892,10,1902,23
2020-07-09,Sonoma,097,501317,2131,1584,4,1588,13
2020-07-09,Stanislaus,099,539301,6662,4633,6,4639,46
2020-07-09,Sutter,101,95872,426,321,0,321,2
2020-07-09,Tehama,103,63373,140,102,2,104,1
2020-07-09,Trinity,105,12862,13,2,4,6,0
2020-07-09,Tulare,107,460477,7166,5501,18,5519,146
2020-07-09,Tuolumne,109,53932,84,47,2,49,0
2020-07-09,Ventura,111,848112,5880,4278,16,4294,47
2020-07-09,Yolo,113,214977,1138,764,3,767,27
2020-07-09,Yuba,115,75493,193,152,0,152,1
2020-07-08,Alameda,001,1643700,8971,7335,11,7346,142
2020-07-08,Alpine,003,1148,3,1,0,1,0
2020-07-08,Amador,005,37829,40,35,0,35,0
2020-07-08,Butte,007,227075,528,281,8,289,3
2020-07-08,Calaveras,009,45235,74,58,0,58,0
2020-07-08,Colusa,011,21464,176,90,0,90,0
2020-07-08,Contra Costa,013,1133247,5715,4268,7,4275,84
2020-07-08,Del Norte,015,27424,61,57,0,57,0
2020-07-08,El Dorado,017,186661,432,248,0,248,0
2020-07-08,Fresno,019,978130,13406,7102,85,7187,86
2020-07-08,Glenn,021,27897,215,146,0,146,0
2020-07-08,Humboldt,023,135768,192,162,1,163,4
2020-07-08,Imperial,025,180216,8938,6727,4,6731,76
2020-07-08,Inyo,027,18085,37,35,0,35,1
2020-07-08,Kern,029,883053,14200,5873,42,5915,91
2020-07-08,Kings,031,150075,3243,2629,18,2647,33
2020-07-08,Lake,033,64148,139,97,0,97,1
2020-07-08,Lassen,035,31185,334,221,2,223,0
2020-07-08,Los Angeles,037,10098052,143859,123462,118,123580,3650
2020-07-08,Madera,039,155013,1456,828,2,830,4
2020-07-08,Marin,041,260295,3947,2756,4,2760,17
2020-07-08,Mariposa,043,17540,38,31,0,31,1
2020-07-08,Mendocino,045,87422,133,84,0,84,0
2020-07-08,Merced,047,269075,2821,1578,1,1579,11
2020-07-08,Modoc,049,8938,1,0,0,0,0
2020-07-08,Mono,051,14174,60,45,0,45,1
2020-07-08,Monterey,053,433212,3030,2182,6,2188,17
2020-07-08,Napa,055,140530,642,468,0,468,4
2020-07-08,Nevada,057,99092,204,156,4,160,1
2020-07-08,Orange,059,3164182,30739,22088,341,22429,378
2020-07-08,Placer,061,380077,1317,948,2,950,11
2020-07-08,Plumas,063,18699,19,12,0,12,0
2020-07-08,Riverside,065,2383286,30553,24042,18,24060,508
2020-07-08,Sacramento,067,1510023,6670,4799,5,4804,80
2020-07-08,San Benito,069,59416,399,282,0,282,2
2020-07-08,San Bernardino,071,2135413,25693,16510,23,16533,296
2020-07-08,San Diego,073,3302833,22717,17844,2,17846,406
2020-07-08,San Francisco,075,870044,4877,4093,2,4095,50
2020-07-08,San Joaquin,077,732212,8086,5759,5,5764,61
2020-07-08,San Luis Obispo,079,281455,1247,825,5,830,2
2020-07-08,San Mateo,081,765935,4391,3733,5,3738,106
2020-07-08,Santa Barbara,083,443738,5389,3985,34,4019,28
2020-07-08,Santa Clara,085,1922200,7540,5510,11,5521,164
2020-07-08,Santa Cruz,087,273765,648,509,5,514,3
2020-07-08,Shasta,089,179085,283,148,1,149,6
2020-07-08,Sierra,091,2930,1,1,0,1,0
2020-07-08,Siskiyou,093,43540,55,31,0,31,0
2020-07-08,Solano,095,438530,2635,1821,10,1831,23
2020-07-08,Sonoma,097,501317,2056,1495,4,1499,9
2020-07-08,Stanislaus,099,539301,6363,4344,6,4350,46
2020-07-08,Sutter,101,95872,401,298,0,298,2
2020-07-08,Tehama,103,63373,134,100,2,102,1
2020-07-08,Trinity,105,12862,12,2,4,6,0
2020-07-08,Tulare,107,460477,6974,5307,13,5320,138
2020-07-08,Tuolumne,109,53932,80,42,2,44,0
2020-07-08,Ventura,111,848112,5718,4139,16,4155,47
2020-07-08,Yolo,113,214977,1095,727,3,730,26
2020-07-08,Yuba,115,75493,180,145,0,145,1
2020-07-07,Alameda,001,1643700,8654,7097,10,7107,141
2020-07-07,Alpine,003,1148,3,1,0,1,0
2020-07-07,Amador,005,37829,40,33,0,33,0
2020-07-07,Butte,007,227075,485,269,8,277,3
2020-07-07,Calaveras,009,45235,72,58,0,58,0
2020-07-07,Colusa,011,21464,143,84,0,84,0
2020-07-07,Contra Costa,013,1133247,5478,4131,6,4137,84
2020-07-07,Del Norte,015,27424,61,57,0,57,0
2020-07-07,El Dorado,017,186661,412,244,0,244,0
2020-07-07,Fresno,019,978130,12954,6738,85,6823,84
2020-07-07,Glenn,021,27897,206,145,0,145,0
2020-07-07,Humboldt,023,135768,189,150,1,151,4
2020-07-07,Imperial,025,180216,8839,6678,4,6682,51
2020-07-07,Inyo,027,18085,36,32,0,32,1
2020-07-07,Kern,029,883053,13502,5645,38,5683,88
2020-07-07,Kings,031,150075,3181,2623,15,2638,33
2020-07-07,Lake,033,64148,129,94,0,94,1
2020-07-07,Lassen,035,31185,263,219,2,221,0
2020-07-07,Los Angeles,037,10098052,140290,121026,109,121135,3588
2020-07-07,Madera,039,155013,1412,794,2,796,4
2020-07-07,Marin,041,260295,3859,2627,4,2631,17
2020-07-07,Mariposa,043,17540,38,31,0,31,1
2020-07-07,Mendocino,045,87422,125,82,0,82,0
2020-07-07,Merced,047,269075,2647,1531,1,1532,10
2020-07-07,Modoc,049,8938,1,0,0,0,0
2020-07-07,Mono,051,14174,59,42,0,42,1
2020-07-07,Monterey,053,433212,2887,2166,6,2172,17
2020-07-07,Napa,055,140530,623,459,0,459,4
2020-07-07,Nevada,057,99092,198,150,4,154,1
2020-07-07,Orange,059,3164182,29728,21741,327,22068,373
2020-07-07,Placer,061,380077,1276,930,2,932,11
2020-07-07,Plumas,063,18699,17,12,0,12,0
2020-07-07,Riverside,065,2383286,29541,23279,18,23297,499
2020-07-07,Sacramento,067,1510023,6328,4592,5,4597,76
2020-07-07,San Benito,069,59416,381,274,0,274,2
2020-07-07,San Bernardino,071,2135413,24823,16004,20,16024,277
2020-07-07,San Diego,073,3302833,22002,17580,2,17582,399
2020-07-07,San Francisco,075,870044,4786,4045,1,4046,50
2020-07-07,San Joaquin,077,732212,7744,5547,5,5552,59
2020-07-07,San Luis Obispo,079,281455,1186,795,5,800,2
2020-07-07,San Mateo,081,765935,4276,3691,5,3696,106
2020-07-07,Santa Barbara,083,443738,5260,3866,33,3899,27
2020-07-07,Santa Clara,085,1922200,7273,5438,11,5449,164
2020-07-07,Santa Cruz,087,273765,614,502,4,506,2
2020-07-07,Shasta,089,179085,270,144,1,145,6
2020-07-07,Sierra,091,2930,1,1,0,1,0
2020-07-07,Siskiyou,093,43540,54,30,0,30,0
2020-07-07,Solano,095,438530,2525,1776,9,1785,22
2020-07-07,Sonoma,097,501317,1985,1473,4,1477,8
2020-07-07,Stanislaus,099,539301,6024,4101,6,4107,46
2020-07-07,Sutter,101,95872,375,273,0,273,2
2020-07-07,Tehama,103,63373,125,95,2,97,1
2020-07-07,Trinity,105,12862,12,2,4,6,0
2020-07-07,Tulare,107,460477,6797,5189,11,5200,137
2020-07-07,Tuolumne,109,53932,74,40,2,42,0
2020-07-07,Ventura,111,848112,5553,3992,14,4006,46
2020-07-07,Yolo,113,214977,1027,706,3,709,26
2020-07-07,Yuba,115,75493,160,138,0,138,1
2020-07-06,Alameda,001,1643700,8416,6970,10,6980,141
2020-07-06,Alpine,003,1148,2,1,0,1,0
2020-07-06,Amador,005,37829,38,33,0,33,0
2020-07-06,Butte,007,227075,429,257,8,265,2
2020-07-06,Calaveras,009,45235,69,45,0,45,0
2020-07-06,Colusa,011,21464,134,80,0,80,0
2020-07-06,Contra Costa,013,1133247,5249,3901,5,3906,83
2020-07-06,Del Norte,015,27424,60,57,0,57,0
2020-07-06,El Dorado,017,186661,397,232,0,232,0
2020-07-06,Fresno,019,978130,12487,6364,79,6443,82
2020-07-06,Glenn,021,27897,198,129,0,129,0
2020-07-06,Humboldt,023,135768,187,148,1,149,3
2020-07-06,Imperial,025,180216,8720,6443,4,6447,47
2020-07-06,Inyo,027,18085,36,32,0,32,1
2020-07-06,Kern,029,883053,12696,5491,36,5527,82
2020-07-06,Kings,031,150075,3132,2583,9,2592,33
2020-07-06,Lake,033,64148,122,93,0,93,1
2020-07-06,Lassen,035,31185,261,219,2,221,0
2020-07-06,Los Angeles,037,10098052,136679,116707,95,116802,3541
2020-07-06,Madera,039,155013,1342,734,2,736,4
2020-07-06,Marin,041,260295,3620,2136,4,2140,17
2020-07-06,Mariposa,043,17540,36,31,0,31,1
2020-07-06,Mendocino,045,87422,108,72,0,72,0
2020-07-06,Merced,047,269075,2496,1396,1,1397,10
2020-07-06,Modoc,049,8938,1,0,0,0,0
2020-07-06,Mono,051,14174,58,40,0,40,1
2020-07-06,Monterey,053,433212,2799,2078,6,2084,15
2020-07-06,Napa,055,140530,606,454,0,454,4
2020-07-06,Nevada,057,99092,192,146,4,150,1
2020-07-06,Orange,059,3164182,28670,20167,289,20456,372
2020-07-06,Placer,061,380077,1214,904,2,906,11
2020-07-06,Plumas,063,18699,17,11,0,11,0
2020-07-06,Riverside,065,2383286,28496,22485,17,22502,477
2020-07-06,Sacramento,067,1510023,5978,4420,5,4425,71
2020-07-06,San Benito,069,59416,366,264,0,264,2
2020-07-06,San Bernardino,071,2135413,23969,15346,17,15363,272
2020-07-06,San Diego,073,3302833,21288,17002,2,17004,387
2020-07-06,San Francisco,075,870044,4665,3861,1,3862,50
2020-07-06,San Joaquin,077,732212,7374,5104,5,5109,57
2020-07-06,San Luis Obispo,079,281455,1128,751,5,756,2
2020-07-06,San Mateo,081,765935,4184,3650,4,3654,106
2020-07-06,Santa Barbara,083,443738,5123,3763,32,3795,27
2020-07-06,Santa Clara,085,1922200,7002,5369,11,5380,165
2020-07-06,Santa Cruz,087,273765,592,466,3,469,2
2020-07-06,Shasta,089,179085,260,143,1,144,6
2020-07-06,Sierra,091,2930,1,1,0,1,0
2020-07-06,Siskiyou,093,43540,50,30,0,30,0
2020-07-06,Solano,095,438530,2392,1668,9,1677,22
2020-07-06,Sonoma,097,501317,1921,1369,4,1373,8
2020-07-06,Stanislaus,099,539301,5622,3983,6,3989,46
2020-07-06,Sutter,101,95872,348,250,0,250,2
2020-07-06,Tehama,103,63373,122,95,2,97,1
2020-07-06,Trinity,105,12862,11,2,4,6,0
2020-07-06,Tulare,107,460477,6593,5039,9,5048,136
2020-07-06,Tuolumne,109,53932,71,30,2,32,0
2020-07-06,Ventura,111,848112,5362,3912,14,3926,44
2020-07-06,Yolo,113,214977,971,685,3,688,26
2020-07-06,Yuba,115,75493,146,124,0,124,1
2020-07-05,Alameda,001,1643700,8165,6861,10,6871,141
2020-07-05,Alpine,003,1148,2,1,0,1,0
2020-07-05,Amador,005,37829,36,31,0,31,0
2020-07-05,Butte,007,227075,394,248,8,256,2
2020-07-05,Calaveras,009,45235,66,45,0,45,0
2020-07-05,Colusa,011,21464,124,79,0,79,0
2020-07-05,Contra Costa,013,1133247,5009,3665,4,3669,80
2020-07-05,Del Norte,015,27424,60,57,0,57,0
2020-07-05,El Dorado,017,186661,379,227,0,227,0
2020-07-05,Fresno,019,978130,11923,6186,77,6263,82
2020-07-05,Glenn,021,27897,195,129,0,129,0
2020-07-05,Humboldt,023,135768,183,147,1,148,3
2020-07-05,Imperial,025,180216,8586,6441,4,6445,47
2020-07-05,Inyo,027,18085,35,32,0,32,1
2020-07-05,Kern,029,883053,11986,5351,36,5387,82
2020-07-05,Kings,031,150075,3050,2546,8,2554,31
2020-07-05,Lake,033,64148,122,92,0,92,1
2020-07-05,Lassen,035,31185,255,219,2,221,0
2020-07-05,Los Angeles,037,10098052,133460,115133,89,115222,3495
2020-07-05,Madera,039,155013,1263,564,2,566,4
2020-07-05,Marin,041,260295,3437,2080,4,2084,17
2020-07-05,Mariposa,043,17540,36,31,0,31,1
2020-07-05,Mendocino,045,87422,105,72,0,72,0
2020-07-05,Merced,047,269075,2351,1340,1,1341,10
2020-07-05,Modoc,049,8938,1,0,0,0,0
2020-07-05,Mono,051,14174,54,39,0,39,1
2020-07-05,Monterey,053,433212,2696,1994,6,2000,15
2020-07-05,Napa,055,140530,576,450,0,450,4
2020-07-05,Nevada,057,99092,186,141,4,145,1
2020-07-05,Orange,059,3164182,27727,19430,276,19706,372
2020-07-05,Placer,061,380077,1158,855,2,857,11
2020-07-05,Plumas,063,18699,16,11,0,11,0
2020-07-05,Riverside,065,2383286,27642,21511,17,21528,474
2020-07-05,Sacramento,067,1510023,5663,4265,4,4269,71
2020-07-05,San Benito,069,59416,347,258,0,258,2
2020-07-05,San Bernardino,071,2135413,23093,15026,17,15043,270
2020-07-05,San Diego,073,3302833,20600,16728,2,16730,387
2020-07-05,San Francisco,075,870044,4547,3861,1,3862,50
2020-07-05,San Joaquin,077,732212,7056,5015,5,5020,57
2020-07-05,San Luis Obispo,079,281455,1049,730,5,735,2
2020-07-05,San Mateo,081,765935,4073,3575,4,3579,106
2020-07-05,Santa Barbara,083,443738,4977,3671,29,3700,27
2020-07-05,Santa Clara,085,1922200,6713,5237,11,5248,162
2020-07-05,Santa Cruz,087,273765,574,467,1,468,2
2020-07-05,Shasta,089,179085,254,138,1,139,6
2020-07-05,Sierra,091,2930,1,1,0,1,0
2020-07-05,Siskiyou,093,43540,46,30,0,30,0
2020-07-05,Solano,095,438530,2272,1547,9,1556,22
2020-07-05,Sonoma,097,501317,1840,1369,4,1373,8
2020-07-05,Stanislaus,099,539301,5291,3777,6,3783,45
2020-07-05,Sutter,101,95872,320,241,0,241,2
2020-07-05,Tehama,103,63373,120,95,2,97,1
2020-07-05,Trinity,105,12862,11,2,4,6,0
2020-07-05,Tulare,107,460477,6336,4981,7,4988,135
2020-07-05,Tuolumne,109,53932,66,30,2,32,0
2020-07-05,Ventura,111,848112,5159,3866,14,3880,44
2020-07-05,Yolo,113,214977,931,644,3,647,26
2020-07-05,Yuba,115,75493,136,115,0,115,1
2020-07-04,Alameda,001,1643700,8053,6737,10,6747,141
2020-07-04,Alpine,003,1148,2,1,0,1,0
2020-07-04,Amador,005,37829,35,31,0,31,0
2020-07-04,Butte,007,227075,376,224,8,232,2
2020-07-04,Calaveras,009,45235,66,45,0,45,0
2020-07-04,Colusa,011,21464,123,76,0,76,0
2020-07-04,Contra Costa,013,1133247,4862,3583,4,3587,80
2020-07-04,Del Norte,015,27424,60,50,0,50,0
2020-07-04,El Dorado,017,186661,359,211,0,211,0
2020-07-04,Fresno,019,978130,11608,5999,75,6074,82
2020-07-04,Glenn,021,27897,188,128,0,128,0
2020-07-04,Humboldt,023,135768,176,144,1,145,3
2020-07-04,Imperial,025,180216,8539,6441,4,6445,47
2020-07-04,Inyo,027,18085,35,32,0,32,1
2020-07-04,Kern,029,883053,11684,5231,36,5267,81
2020-07-04,Kings,031,150075,3007,2509,8,2517,31
2020-07-04,Lake,033,64148,115,86,0,86,1
2020-07-04,Lassen,035,31185,255,219,2,221,0
2020-07-04,Los Angeles,037,10098052,131644,107256,78,107334,3462
2020-07-04,Madera,039,155013,1217,568,2,570,4
2020-07-04,Marin,041,260295,3408,1962,4,1966,17
2020-07-04,Mariposa,043,17540,36,28,0,28,1
2020-07-04,Mendocino,045,87422,105,72,0,72,0
2020-07-04,Merced,047,269075,2248,1252,1,1253,10
2020-07-04,Modoc,049,8938,1,0,0,0,0
2020-07-04,Mono,051,14174,54,37,0,37,1
2020-07-04,Monterey,053,433212,2617,1878,6,1884,15
2020-07-04,Napa,055,140530,567,426,0,426,4
2020-07-04,Nevada,057,99092,183,125,4,129,1
2020-07-04,Orange,059,3164182,27292,19247,262,19509,372
2020-07-04,Placer,061,380077,1123,796,2,798,11
2020-07-04,Plumas,063,18699,16,11,0,11,0
2020-07-04,Riverside,065,2383286,27276,21508,17,21525,474
2020-07-04,Sacramento,067,1510023,5492,4039,4,4043,71
2020-07-04,San Benito,069,59416,334,255,0,255,2
2020-07-04,San Bernardino,071,2135413,22668,14636,15,14651,270
2020-07-04,San Diego,073,3302833,20140,16166,2,16168,387
2020-07-04,San Francisco,075,870044,4455,3861,1,3862,50
2020-07-04,San Joaquin,077,732212,6843,4807,5,4812,57
2020-07-04,San Luis Obispo,079,281455,1009,699,5,704,2
2020-07-04,San Mateo,081,765935,4010,3532,4,3536,106
2020-07-04,Santa Barbara,083,443738,4903,3520,27,3547,27
2020-07-04,Santa Clara,085,1922200,6521,5045,10,5055,161
2020-07-04,Santa Cruz,087,273765,564,466,1,467,2
2020-07-04,Shasta,089,179085,251,135,1,136,6
2020-07-04,Sierra,091,2930,1,1,0,1,0
2020-07-04,Siskiyou,093,43540,39,30,0,30,0
2020-07-04,Solano,095,438530,2236,1548,9,1557,22
2020-07-04,Sonoma,097,501317,1814,1370,4,1374,8
2020-07-04,Stanislaus,099,539301,5133,3572,6,3578,44
2020-07-04,Sutter,101,95872,301,225,0,225,2
2020-07-04,Tehama,103,63373,117,92,2,94,1
2020-07-04,Trinity,105,12862,11,2,4,6,0
2020-07-04,Tulare,107,460477,6224,4802,6,4808,135
2020-07-04,Tuolumne,109,53932,62,30,2,32,0
2020-07-04,Ventura,111,848112,5035,3687,14,3701,44
2020-07-04,Yolo,113,214977,906,615,3,618,26
2020-07-04,Yuba,115,75493,129,102,0,102,1
2020-07-03,Alameda,001,1643700,7932,6486,10,6496,141
2020-07-03,Alpine,003,1148,2,1,0,1,0
2020-07-03,Amador,005,37829,35,25,0,25,0
2020-07-03,Butte,007,227075,364,212,8,220,2
2020-07-03,Calaveras,009,45235,66,44,0,44,0
2020-07-03,Colusa,011,21464,117,70,0,70,0
2020-07-03,Contra Costa,013,1133247,4728,3447,4,3451,78
2020-07-03,Del Norte,015,27424,60,50,0,50,0
2020-07-03,El Dorado,017,186661,347,201,0,201,0
2020-07-03,Fresno,019,978130,11303,5783,73,5856,81
2020-07-03,Glenn,021,27897,183,122,0,122,0
2020-07-03,Humboldt,023,135768,172,143,1,144,3
2020-07-03,Imperial,025,180216,8491,6345,4,6349,47
2020-07-03,Inyo,027,18085,35,32,0,32,1
2020-07-03,Kern,029,883053,11423,5213,36,5249,81
2020-07-03,Kings,031,150075,2971,2492,8,2500,31
2020-07-03,Lake,033,64148,108,83,0,83,0
2020-07-03,Lassen,035,31185,255,219,2,221,0
2020-07-03,Los Angeles,037,10098052,130128,107236,74,107310,3461
2020-07-03,Madera,039,155013,1172,565,2,567,4
2020-07-03,Marin,041,260295,3380,1776,4,1780,17
2020-07-03,Mariposa,043,17540,36,28,0,28,1
2020-07-03,Mendocino,045,87422,104,72,0,72,0
2020-07-03,Merced,047,269075,2182,1188,1,1189,10
2020-07-03,Modoc,049,8938,1,0,0,0,0
2020-07-03,Mono,051,14174,54,37,0,37,1
2020-07-03,Monterey,053,433212,2546,1804,6,1810,15
2020-07-03,Napa,055,140530,550,388,0,388,4
2020-07-03,Nevada,057,99092,182,125,4,129,1
2020-07-03,Orange,059,3164182,26900,18819,254,19073,366
2020-07-03,Placer,061,380077,1096,745,2,747,11
2020-07-03,Plumas,063,18699,16,11,0,11,0
2020-07-03,Riverside,065,2383286,26970,21171,17,21188,472
2020-07-03,Sacramento,067,1510023,5358,3711,4,3715,71
2020-07-03,San Benito,069,59416,327,243,0,243,2
2020-07-03,San Bernardino,071,2135413,22279,14040,15,14055,269
2020-07-03,San Diego,073,3302833,19684,15698,2,15700,387
2020-07-03,San Francisco,075,870044,4408,3781,1,3782,50
2020-07-03,San Joaquin,077,732212,6705,4416,4,4420,56
2020-07-03,San Luis Obispo,079,281455,974,676,5,681,2
2020-07-03,San Mateo,081,765935,3953,3439,4,3443,106
2020-07-03,Santa Barbara,083,443738,4816,3406,26,3432,27
2020-07-03,Santa Clara,085,1922200,6410,4820,10,4830,161
2020-07-03,Santa Cruz,087,273765,551,436,1,437,2
2020-07-03,Shasta,089,179085,243,113,1,114,6
2020-07-03,Sierra,091,2930,1,1,0,1,0
2020-07-03,Siskiyou,093,43540,36,30,0,30,0
2020-07-03,Solano,095,438530,2192,1496,8,1504,22
2020-07-03,Sonoma,097,501317,1767,1282,4,1286,8
2020-07-03,Stanislaus,099,539301,5008,3021,6,3027,43
2020-07-03,Sutter,101,95872,291,205,0,205,2
2020-07-03,Tehama,103,63373,115,89,2,91,1
2020-07-03,Trinity,105,12862,11,2,4,6,0
2020-07-03,Tulare,107,460477,6109,4656,6,4662,134
2020-07-03,Tuolumne,109,53932,60,27,2,29,0
2020-07-03,Ventura,111,848112,4939,3536,14,3550,44
2020-07-03,Yolo,113,214977,872,586,3,589,25
2020-07-03,Yuba,115,75493,124,96,0,96,1
2020-07-02,Alameda,001,1643700,7806,6386,10,6396,139
2020-07-02,Alpine,003,1148,2,1,0,1,0
2020-07-02,Amador,005,37829,34,23,0,23,0
2020-07-02,Butte,007,227075,347,199,8,207,2
2020-07-02,Calaveras,009,45235,62,42,0,42,0
2020-07-02,Colusa,011,21464,109,60,0,60,0
2020-07-02,Contra Costa,013,1133247,4545,3347,4,3351,77
2020-07-02,Del Norte,015,27424,59,50,0,50,0
2020-07-02,El Dorado,017,186661,336,193,0,193,0
2020-07-02,Fresno,019,978130,10846,5402,72,5474,78
2020-07-02,Glenn,021,27897,177,114,0,114,0
2020-07-02,Humboldt,023,135768,168,138,1,139,3
2020-07-02,Imperial,025,180216,8389,6236,4,6240,47
2020-07-02,Inyo,027,18085,35,29,0,29,1
2020-07-02,Kern,029,883053,10888,5036,34,5070,78
2020-07-02,Kings,031,150075,2920,2419,8,2427,31
2020-07-02,Lake,033,64148,104,81,0,81,0
2020-07-02,Lassen,035,31185,253,218,2,220,0
2020-07-02,Los Angeles,037,10098052,128109,107144,51,107195,3458
2020-07-02,Madera,039,155013,1104,548,2,550,4
2020-07-02,Marin,041,260295,3295,1706,4,1710,17
2020-07-02,Mariposa,043,17540,35,28,0,28,1
2020-07-02,Mendocino,045,87422,100,71,0,71,0
2020-07-02,Merced,047,269075,2085,1122,1,1123,10
2020-07-02,Modoc,049,8938,1,0,0,0,0
2020-07-02,Mono,051,14174,54,37,0,37,1
2020-07-02,Monterey,053,433212,2486,1796,6,1802,15
2020-07-02,Napa,055,140530,533,352,0,352,4
2020-07-02,Nevada,057,99092,176,118,4,122,1
2020-07-02,Orange,059,3164182,26133,17056,241,17297,360
2020-07-02,Placer,061,380077,1072,740,2,742,11
2020-07-02,Plumas,063,18699,15,8,0,8,0
2020-07-02,Riverside,065,2383286,26399,20253,17,20270,458
2020-07-02,Sacramento,067,1510023,5132,3587,4,3591,70
2020-07-02,San Benito,069,59416,319,236,0,236,2
2020-07-02,San Bernardino,071,2135413,21746,13185,15,13200,260
2020-07-02,San Diego,073,3302833,19222,15208,2,15210,377
2020-07-02,San Francisco,075,870044,4313,3676,1,3677,50
2020-07-02,San Joaquin,077,732212,6358,4243,4,4247,56
2020-07-02,San Luis Obispo,079,281455,929,659,5,664,2
2020-07-02,San Mateo,081,765935,3872,3390,4,3394,107
2020-07-02,Santa Barbara,083,443738,4716,3385,24,3409,27
2020-07-02,Santa Clara,085,1922200,6284,4722,10,4732,160
2020-07-02,Santa Cruz,087,273765,528,414,1,415,2
2020-07-02,Shasta,089,179085,240,110,1,111,5
2020-07-02,Sierra,091,2930,1,1,0,1,0
2020-07-02,Siskiyou,093,43540,36,30,0,30,0
2020-07-02,Solano,095,438530,2110,1429,8,1437,21
2020-07-02,Sonoma,097,501317,1709,1244,4,1248,6
2020-07-02,Stanislaus,099,539301,4836,2850,6,2856,41
2020-07-02,Sutter,101,95872,279,195,0,195,2
2020-07-02,Tehama,103,63373,113,86,2,88,1
2020-07-02,Trinity,105,12862,11,2,4,6,0
2020-07-02,Tulare,107,460477,5945,4559,5,4564,132
2020-07-02,Tuolumne,109,53932,57,23,2,25,0
2020-07-02,Ventura,111,848112,4783,3394,14,3408,42
2020-07-02,Yolo,113,214977,841,554,3,557,24
2020-07-02,Yuba,115,75493,114,93,0,93,1
2020-07-01,Alameda,001,1643700,7584,6125,10,6135,137
2020-07-01,Alpine,003,1148,2,1,0,1,0
2020-07-01,Amador,005,37829,33,22,0,22,0
2020-07-01,Butte,007,227075,322,185,8,193,2
2020-07-01,Calaveras,009,45235,60,37,0,37,0
2020-07-01,Colusa,011,21464,103,53,0,53,0
2020-07-01,Contra Costa,013,1133247,4333,3259,4,3263,76
2020-07-01,Del Norte,015,27424,59,50,0,50,0
2020-07-01,El Dorado,017,186661,309,183,0,183,0
2020-07-01,Fresno,019,978130,10412,5111,68,5179,76
2020-07-01,Glenn,021,27897,170,110,0,110,0
2020-07-01,Humboldt,023,135768,163,134,0,134,3
2020-07-01,Imperial,025,180216,8292,6150,4,6154,46
2020-07-01,Inyo,027,18085,34,30,0,30,1
2020-07-01,Kern,029,883053,10255,4853,32,4885,78
2020-07-01,Kings,031,150075,2852,2360,8,2368,30
2020-07-01,Lake,033,64148,103,75,0,75,0
2020-07-01,Lassen,035,31185,252,217,2,219,0
2020-07-01,Los Angeles,037,10098052,124904,105325,41,105366,3408
2020-07-01,Madera,039,155013,1063,519,2,521,4
2020-07-01,Marin,041,260295,3138,1636,4,1640,17
2020-07-01,Mariposa,043,17540,35,29,0,29,1
2020-07-01,Mendocino,045,87422,96,70,0,70,0
2020-07-01,Merced,047,269075,1985,1052,1,1053,10
2020-07-01,Modoc,049,8938,1,0,0,0,0
2020-07-01,Mono,051,14174,51,37,0,37,1
2020-07-01,Monterey,053,433212,2378,1703,6,1709,15
2020-07-01,Napa,055,140530,510,347,0,347,4
2020-07-01,Nevada,057,99092,166,115,4,119,1
2020-07-01,Orange,059,3164182,25246,15662,220,15882,343
2020-07-01,Placer,061,380077,1025,713,2,715,11
2020-07-01,Plumas,063,18699,13,8,0,8,0
2020-07-01,Riverside,065,2383286,25558,19537,16,19553,457
2020-07-01,Sacramento,067,1510023,4877,3425,4,3429,64
2020-07-01,San Benito,069,59416,310,219,0,219,2
2020-07-01,San Bernardino,071,2135413,20849,12712,12,12724,253
2020-07-01,San Diego,073,3302833,18663,14624,2,14626,372
2020-07-01,San Francisco,075,870044,4220,3626,1,3627,50
2020-07-01,San Joaquin,077,732212,6000,3990,4,3994,54
2020-07-01,San Luis Obispo,079,281455,903,613,5,618,1
2020-07-01,San Mateo,081,765935,3810,3326,4,3330,84
2020-07-01,Santa Barbara,083,443738,4596,3268,23,3291,27
2020-07-01,Santa Clara,085,1922200,6098,4547,9,4556,159
2020-07-01,Santa Cruz,087,273765,507,398,0,398,2
2020-07-01,Shasta,089,179085,235,104,1,105,5
2020-07-01,Sierra,091,2930,1,1,0,1,0
2020-07-01,Siskiyou,093,43540,36,28,0,28,0
2020-07-01,Solano,095,438530,2021,1350,8,1358,21
2020-07-01,Sonoma,097,501317,1613,1178,4,1182,6
2020-07-01,Stanislaus,099,539301,4558,2619,6,2625,41
2020-07-01,Sutter,101,95872,266,188,0,188,2
2020-07-01,Tehama,103,63373,106,80,2,82,1
2020-07-01,Trinity,105,12862,11,2,3,5,0
2020-07-01,Tulare,107,460477,5766,4359,5,4364,128
2020-07-01,Tuolumne,109,53932,54,17,2,19,0
2020-07-01,Ventura,111,848112,4641,3224,12,3236,41
2020-07-01,Yolo,113,214977,791,526,3,529,24
2020-07-01,Yuba,115,75493,109,57,0,57,1
2020-06-30,Alameda,001,1643700,7335,5959,8,5967,137
2020-06-30,Alpine,003,1148,2,1,0,1,0
2020-06-30,Amador,005,37829,33,21,0,21,0
2020-06-30,Butte,007,227075,305,163,8,171,2
2020-06-30,Calaveras,009,45235,55,31,0,31,0
2020-06-30,Colusa,011,21464,94,33,0,33,0
2020-06-30,Contra Costa,013,1133247,4128,3140,4,3144,75
2020-06-30,Del Norte,015,27424,59,48,0,48,0
2020-06-30,El Dorado,017,186661,296,175,0,175,0
2020-06-30,Fresno,019,978130,9963,4826,64,4890,75
2020-06-30,Glenn,021,27897,165,96,0,96,0
2020-06-30,Humboldt,023,135768,159,132,0,132,3
2020-06-30,Imperial,025,180216,8195,5968,4,5972,45
2020-06-30,Inyo,027,18085,34,30,0,30,1
2020-06-30,Kern,029,883053,9607,4721,28,4749,75
2020-06-30,Kings,031,150075,2803,2315,5,2320,30
2020-06-30,Lake,033,64148,95,56,0,56,0
2020-06-30,Lassen,035,31185,245,215,2,217,0
2020-06-30,Los Angeles,037,10098052,121315,103640,38,103678,3378
2020-06-30,Madera,039,155013,1007,475,2,477,4
2020-06-30,Marin,041,260295,3067,1614,4,1618,17
2020-06-30,Mariposa,043,17540,34,27,0,27,1
2020-06-30,Mendocino,045,87422,91,65,0,65,0
2020-06-30,Merced,047,269075,1848,970,1,971,10
2020-06-30,Modoc,049,8938,1,0,0,0,0
2020-06-30,Mono,051,14174,49,36,0,36,1
2020-06-30,Monterey,053,433212,2281,1657,6,1663,15
2020-06-30,Napa,055,140530,485,342,0,342,4
2020-06-30,Nevada,057,99092,158,113,4,117,1
2020-06-30,Orange,059,3164182,24316,14354,210,14564,335
2020-06-30,Placer,061,380077,998,667,2,669,11
2020-06-30,Plumas,063,18699,12,8,0,8,0
2020-06-30,Riverside,065,2383286,24842,18656,15,18671,449
2020-06-30,Sacramento,067,1510023,4589,3246,4,3250,64
2020-06-30,San Benito,069,59416,299,200,0,200,2
2020-06-30,San Bernardino,071,2135413,19867,12375,12,12387,249
2020-06-30,San Diego,073,3302833,17959,14150,2,14152,365
2020-06-30,San Francisco,075,870044,4114,3555,1,3556,50
2020-06-30,San Joaquin,077,732212,5625,3744,4,3748,52
2020-06-30,San Luis Obispo,079,281455,866,583,5,588,1
2020-06-30,San Mateo,081,765935,3732,3268,4,3272,84
2020-06-30,Santa Barbara,083,443738,4479,3102,23,3125,25
2020-06-30,Santa Clara,085,1922200,5896,4346,9,4355,157
2020-06-30,Santa Cruz,087,273765,482,379,0,379,2
2020-06-30,Shasta,089,179085,219,100,1,101,5
2020-06-30,Sierra,091,2930,1,1,0,1,0
2020-06-30,Siskiyou,093,43540,35,26,0,26,0
2020-06-30,Solano,095,438530,1929,1256,8,1264,21
2020-06-30,Sonoma,097,501317,1548,1122,4,1126,6
2020-06-30,Stanislaus,099,539301,4260,2578,6,2584,41
2020-06-30,Sutter,101,95872,243,168,0,168,2
2020-06-30,Tehama,103,63373,104,75,2,77,1
2020-06-30,Trinity,105,12862,11,2,3,5,0
2020-06-30,Tulare,107,460477,5560,4207,5,4212,117
2020-06-30,Tuolumne,109,53932,50,16,2,18,0
2020-06-30,Ventura,111,848112,4507,3030,12,3042,40
2020-06-30,Yolo,113,214977,753,515,3,518,24
2020-06-30,Yuba,115,75493,105,55,0,55,1
2020-06-29,Alameda,001,1643700,7125,5766,8,5774,135
2020-06-29,Alpine,003,1148,2,1,0,1,0
2020-06-29,Amador,005,37829,30,20,0,20,0
2020-06-29,Butte,007,227075,284,157,8,165,2
2020-06-29,Calaveras,009,45235,53,30,0,30,0
2020-06-29,Colusa,011,21464,89,17,0,17,0
2020-06-29,Contra Costa,013,1133247,3965,2976,3,2979,75
2020-06-29,Del Norte,015,27424,59,47,0,47,0
2020-06-29,El Dorado,017,186661,282,163,0,163,0
2020-06-29,Fresno,019,978130,9615,4531,63,4594,74
2020-06-29,Glenn,021,27897,156,77,0,77,0
2020-06-29,Humboldt,023,135768,158,128,0,128,3
2020-06-29,Imperial,025,180216,8064,5512,4,5516,45
2020-06-29,Inyo,027,18085,33,29,0,29,1
2020-06-29,Kern,029,883053,8943,4613,26,4639,73
2020-06-29,Kings,031,150075,2740,2280,5,2285,20
2020-06-29,Lake,033,64148,88,53,0,53,0
2020-06-29,Lassen,035,31185,237,77,2,79,0
2020-06-29,Los Angeles,037,10098052,118268,100846,32,100878,3337
2020-06-29,Madera,039,155013,950,422,2,424,4
2020-06-29,Marin,041,260295,2991,1517,4,1521,17
2020-06-29,Mariposa,043,17540,32,25,0,25,1
2020-06-29,Mendocino,045,87422,88,63,0,63,0
2020-06-29,Merced,047,269075,1743,848,1,849,10
2020-06-29,Modoc,049,8938,1,0,0,0,0
2020-06-29,Mono,051,14174,47,35,0,35,1
2020-06-29,Monterey,053,433212,2209,1614,6,1620,14
2020-06-29,Napa,055,140530,464,317,0,317,4
2020-06-29,Nevada,057,99092,155,107,3,110,1
2020-06-29,Orange,059,3164182,23326,13682,194,13876,324
2020-06-29,Placer,061,380077,962,628,2,630,11
2020-06-29,Plumas,063,18699,12,6,0,6,0
2020-06-29,Riverside,065,2383286,23809,17683,15,17698,432
2020-06-29,Sacramento,067,1510023,4302,2985,4,2989,62
2020-06-29,San Benito,069,59416,284,193,0,193,2
2020-06-29,San Bernardino,071,2135413,18909,11643,12,11655,245
2020-06-29,San Diego,073,3302833,17383,13834,2,13836,361
2020-06-29,San Francisco,075,870044,4037,3389,1,3390,50
2020-06-29,San Joaquin,077,732212,5267,3202,4,3206,52
2020-06-29,San Luis Obispo,079,281455,832,544,5,549,1
2020-06-29,San Mateo,081,765935,3678,3170,4,3174,84
2020-06-29,Santa Barbara,083,443738,4369,2933,22,2955,25
2020-06-29,Santa Clara,085,1922200,5724,4231,9,4240,157
2020-06-29,Santa Cruz,087,273765,464,348,0,348,2
2020-06-29,Shasta,089,179085,211,94,1,95,5
2020-06-29,Sierra,091,2930,1,1,0,1,0
2020-06-29,Siskiyou,093,43540,35,25,0,25,0
2020-06-29,Solano,095,438530,1827,1077,8,1085,21
2020-06-29,Sonoma,097,501317,1476,1103,4,1107,5
2020-06-29,Stanislaus,099,539301,4054,2400,5,2405,36
2020-06-29,Sutter,101,95872,221,152,0,152,2
2020-06-29,Tehama,103,63373,100,63,2,65,1
2020-06-29,Trinity,105,12862,10,2,3,5,0
2020-06-29,Tulare,107,460477,5407,3906,4,3910,117
2020-06-29,Tuolumne,109,53932,46,16,2,18,0
2020-06-29,Ventura,111,848112,4360,2794,12,2806,40
2020-06-29,Yolo,113,214977,720,483,3,486,24
2020-06-29,Yuba,115,75493,92,55,0,55,1
2020-06-28,Alameda,001,1643700,6866,5698,8,5706,135
2020-06-28,Alpine,003,1148,2,1,0,1,0
2020-06-28,Amador,005,37829,28,20,0,20,0
2020-06-28,Butte,007,227075,264,150,8,158,2
2020-06-28,Calaveras,009,45235,48,30,0,30,0
2020-06-28,Colusa,011,21464,74,17,0,17,0
2020-06-28,Contra Costa,013,1133247,3775,2803,3,2806,73
2020-06-28,Del Norte,015,27424,58,47,0,47,0
2020-06-28,El Dorado,017,186661,270,162,0,162,0
2020-06-28,Fresno,019,978130,9254,4365,63,4428,74
2020-06-28,Glenn,021,27897,148,77,0,77,0
2020-06-28,Humboldt,023,135768,155,127,0,127,3
2020-06-28,Imperial,025,180216,7876,5513,4,5517,45
2020-06-28,Inyo,027,18085,33,29,0,29,1
2020-06-28,Kern,029,883053,8392,4541,24,4565,72
2020-06-28,Kings,031,150075,2681,2234,5,2239,18
2020-06-28,Lake,033,64148,84,53,0,53,0
2020-06-28,Lassen,035,31185,237,77,2,79,0
2020-06-28,Los Angeles,037,10098052,115063,98003,28,98031,3316
2020-06-28,Madera,039,155013,902,424,2,426,4
2020-06-28,Marin,041,260295,2646,1473,4,1477,17
2020-06-28,Mariposa,043,17540,32,24,0,24,1
2020-06-28,Mendocino,045,87422,86,63,0,63,0
2020-06-28,Merced,047,269075,1630,814,1,815,10
2020-06-28,Modoc,049,8938,1,0,0,0,0
2020-06-28,Mono,051,14174,47,35,0,35,1
2020-06-28,Monterey,053,433212,2127,1560,6,1566,13
2020-06-28,Napa,055,140530,430,307,0,307,4
2020-06-28,Nevada,057,99092,144,102,3,105,1
2020-06-28,Orange,059,3164182,22349,13213,175,13388,324
2020-06-28,Placer,061,380077,923,618,2,620,11
2020-06-28,Plumas,063,18699,11,6,0,6,0
2020-06-28,Riverside,065,2383286,22982,16848,14,16862,432
2020-06-28,Sacramento,067,1510023,4074,2803,4,2807,63
2020-06-28,San Benito,069,59416,273,190,0,190,2
2020-06-28,San Bernardino,071,2135413,18156,11344,11,11355,245
2020-06-28,San Diego,073,3302833,16838,13333,2,13335,361
2020-06-28,San Francisco,075,870044,3958,3388,1,3389,50
2020-06-28,San Joaquin,077,732212,4930,3201,4,3205,52
2020-06-28,San Luis Obispo,079,281455,793,531,4,535,1
2020-06-28,San Mateo,081,765935,3600,3124,4,3128,84
2020-06-28,Santa Barbara,083,443738,4224,2872,22,2894,25
2020-06-28,Santa Clara,085,1922200,5562,4131,9,4140,156
2020-06-28,Santa Cruz,087,273765,441,349,0,349,2
2020-06-28,Shasta,089,179085,198,89,0,89,5
2020-06-28,Sierra,091,2930,1,1,0,1,0
2020-06-28,Siskiyou,093,43540,35,25,0,25,0
2020-06-28,Solano,095,438530,1752,1077,8,1085,21
2020-06-28,Sonoma,097,501317,1422,1084,4,1088,5
2020-06-28,Stanislaus,099,539301,3848,2376,5,2381,36
2020-06-28,Sutter,101,95872,195,145,0,145,2
2020-06-28,Tehama,103,63373,93,63,2,65,1
2020-06-28,Trinity,105,12862,10,2,3,5,0
2020-06-28,Tulare,107,460477,5242,3812,4,3816,117
2020-06-28,Tuolumne,109,53932,41,14,2,16,0
2020-06-28,Ventura,111,848112,4202,2650,12,2662,40
2020-06-28,Yolo,113,214977,685,468,3,471,24
2020-06-28,Yuba,115,75493,88,39,0,39,1
2020-06-27,Alameda,001,1643700,6771,5581,8,5589,135
2020-06-27,Alpine,003,1148,2,1,0,1,0
2020-06-27,Amador,005,37829,26,20,0,20,0
2020-06-27,Butte,007,227075,256,137,8,145,2
2020-06-27,Calaveras,009,45235,46,30,0,30,0
2020-06-27,Colusa,011,21464,68,17,0,17,0
2020-06-27,Contra Costa,013,1133247,3680,2717,2,2719,72
2020-06-27,Del Norte,015,27424,58,47,0,47,0
2020-06-27,El Dorado,017,186661,264,159,0,159,0
2020-06-27,Fresno,019,978130,9008,4238,63,4301,74
2020-06-27,Glenn,021,27897,144,77,0,77,0
2020-06-27,Humboldt,023,135768,153,127,0,127,3
2020-06-27,Imperial,025,180216,7815,5513,4,5517,45
2020-06-27,Inyo,027,18085,33,29,0,29,1
2020-06-27,Kern,029,883053,8128,4411,23,4434,70
2020-06-27,Kings,031,150075,2655,2187,5,2192,18
2020-06-27,Lake,033,64148,81,42,0,42,0
2020-06-27,Lassen,035,31185,237,33,2,35,0
2020-06-27,Los Angeles,037,10098052,113322,95341,25,95366,3291
2020-06-27,Madera,039,155013,859,427,1,428,4
2020-06-27,Marin,041,260295,2601,1423,4,1427,17
2020-06-27,Mariposa,043,17540,31,22,0,22,1
2020-06-27,Mendocino,045,87422,86,63,0,63,0
2020-06-27,Merced,047,269075,1572,807,0,807,10
2020-06-27,Modoc,049,8938,1,0,0,0,0
2020-06-27,Mono,051,14174,46,35,0,35,1
2020-06-27,Monterey,053,433212,2063,1455,6,1461,12
2020-06-27,Napa,055,140530,420,282,0,282,3
2020-06-27,Nevada,057,99092,140,102,2,104,1
2020-06-27,Orange,059,3164182,21837,12951,170,13121,320
2020-06-27,Placer,061,380077,902,584,2,586,10
2020-06-27,Plumas,063,18699,11,6,0,6,0
2020-06-27,Riverside,065,2383286,22592,16209,14,16223,432
2020-06-27,Sacramento,067,1510023,3957,2685,4,2689,63
2020-06-27,San Benito,069,59416,266,182,0,182,2
2020-06-27,San Bernardino,071,2135413,17779,11238,11,11249,243
2020-06-27,San Diego,073,3302833,16473,12836,2,12838,360
2020-06-27,San Francisco,075,870044,3903,3332,1,3333,49
2020-06-27,San Joaquin,077,732212,4765,2995,4,2999,52
2020-06-27,San Luis Obispo,079,281455,769,505,4,509,1
2020-06-27,San Mateo,081,765935,3543,3083,4,3087,83
2020-06-27,Santa Barbara,083,443738,4152,2799,22,2821,25
2020-06-27,Santa Clara,085,1922200,5457,4006,9,4015,157
2020-06-27,Santa Cruz,087,273765,434,347,0,347,2
2020-06-27,Shasta,089,179085,193,87,0,87,5
2020-06-27,Sierra,091,2930,1,1,0,1,0
2020-06-27,Siskiyou,093,43540,35,25,0,25,0
2020-06-27,Solano,095,438530,1719,1076,8,1084,21
2020-06-27,Sonoma,097,501317,1391,1004,4,1008,5
2020-06-27,Stanislaus,099,539301,3748,2164,5,2169,36
2020-06-27,Sutter,101,95872,188,141,0,141,2
2020-06-27,Tehama,103,63373,90,63,2,65,1
2020-06-27,Trinity,105,12862,10,2,3,5,0
2020-06-27,Tulare,107,460477,5146,3810,4,3814,117
2020-06-27,Tuolumne,109,53932,40,13,2,15,0
2020-06-27,Ventura,111,848112,4103,2471,12,2483,40
2020-06-27,Yolo,113,214977,660,432,3,435,24
2020-06-27,Yuba,115,75493,80,39,0,39,1
2020-06-26,Alameda,001,1643700,6685,5502,7,5509,132
2020-06-26,Alpine,003,1148,2,1,0,1,0
2020-06-26,Amador,005,37829,25,20,0,20,0
2020-06-26,Butte,007,227075,241,135,8,143,2
2020-06-26,Calaveras,009,45235,44,30,0,30,0
2020-06-26,Colusa,011,21464,63,17,0,17,0
2020-06-26,Contra Costa,013,1133247,3567,2676,2,2678,72
2020-06-26,Del Norte,015,27424,57,47,0,47,0
2020-06-26,El Dorado,017,186661,256,159,0,159,0
2020-06-26,Fresno,019,978130,8782,4166,63,4229,74
2020-06-26,Glenn,021,27897,137,71,0,71,0
2020-06-26,Humboldt,023,135768,151,126,0,126,3
2020-06-26,Imperial,025,180216,7752,5400,4,5404,44
2020-06-26,Inyo,027,18085,32,29,0,29,1
2020-06-26,Kern,029,883053,7797,4366,23,4389,70
2020-06-26,Kings,031,150075,2623,2176,4,2180,18
2020-06-26,Lake,033,64148,80,42,0,42,0
2020-06-26,Lassen,035,31185,236,30,2,32,0
2020-06-26,Los Angeles,037,10098052,111157,93328,25,93353,3275
2020-06-26,Madera,039,155013,827,409,1,410,4
2020-06-26,Marin,041,260295,2565,1406,4,1410,17
2020-06-26,Mariposa,043,17540,30,21,0,21,1
2020-06-26,Mendocino,045,87422,83,63,0,63,0
2020-06-26,Merced,047,269075,1526,797,0,797,10
2020-06-26,Modoc,049,8938,1,0,0,0,0
2020-06-26,Mono,051,14174,45,35,0,35,1
2020-06-26,Monterey,053,433212,2011,1449,6,1455,12
2020-06-26,Napa,055,140530,410,277,0,277,3
2020-06-26,Nevada,057,99092,136,101,1,102,1
2020-06-26,Orange,059,3164182,21160,12659,168,12827,320
2020-06-26,Placer,061,380077,874,584,2,586,10
2020-06-26,Plumas,063,18699,11,6,0,6,0
2020-06-26,Riverside,065,2383286,22130,15858,14,15872,430
2020-06-26,Sacramento,067,1510023,3792,2687,4,2691,63
2020-06-26,San Benito,069,59416,262,176,0,176,2
2020-06-26,San Bernardino,071,2135413,17402,11111,11,11122,243
2020-06-26,San Diego,073,3302833,16108,12402,2,12404,358
2020-06-26,San Francisco,075,870044,3847,3330,1,3331,49
2020-06-26,San Joaquin,077,732212,4551,2943,4,2947,52
2020-06-26,San Luis Obispo,079,281455,754,498,4,502,1
2020-06-26,San Mateo,081,765935,3491,3055,4,3059,83
2020-06-26,Santa Barbara,083,443738,4062,2784,20,2804,25
2020-06-26,Santa Clara,085,1922200,5356,3968,9,3977,156
2020-06-26,Santa Cruz,087,273765,427,344,0,344,2
2020-06-26,Shasta,089,179085,186,86,0,86,5
2020-06-26,Sierra,091,2930,1,1,0,1,0
2020-06-26,Siskiyou,093,43540,34,24,0,24,0
2020-06-26,Solano,095,438530,1677,1068,8,1076,21
2020-06-26,Sonoma,097,501317,1359,977,4,981,5
2020-06-26,Stanislaus,099,539301,3635,2157,5,2162,36
2020-06-26,Sutter,101,95872,181,138,0,138,2
2020-06-26,Tehama,103,63373,87,63,2,65,1
2020-06-26,Trinity,105,12862,10,2,3,5,0
2020-06-26,Tulare,107,460477,5057,3720,4,3724,117
2020-06-26,Tuolumne,109,53932,38,10,2,12,0
2020-06-26,Ventura,111,848112,4017,2444,12,2456,40
2020-06-26,Yolo,113,214977,636,418,3,421,24
2020-06-26,Yuba,115,75493,74,38,0,38,1
2020-06-25,Alameda,001,1643700,6494,5398,7,5405,130
2020-06-25,Alpine,003,1148,2,1,0,1,0
2020-06-25,Amador,005,37829,24,18,0,18,0
2020-06-25,Butte,007,227075,236,127,8,135,1
2020-06-25,Calaveras,009,45235,39,26,0,26,0
2020-06-25,Colusa,011,21464,53,14,0,14,0
2020-06-25,Contra Costa,013,1133247,3382,2591,2,2593,71
2020-06-25,Del Norte,015,27424,55,47,0,47,0
2020-06-25,El Dorado,017,186661,248,150,0,150,0
2020-06-25,Fresno,019,978130,8470,3938,62,4000,71
2020-06-25,Glenn,021,27897,132,59,0,59,0
2020-06-25,Humboldt,023,135768,150,121,0,121,3
2020-06-25,Imperial,025,180216,7623,5192,4,5196,44
2020-06-25,Inyo,027,18085,29,27,0,27,1
2020-06-25,Kern,029,883053,7372,4236,20,4256,69
2020-06-25,Kings,031,150075,2571,2110,4,2114,17
2020-06-25,Lake,033,64148,79,42,0,42,0
2020-06-25,Lassen,035,31185,230,13,2,15,0
2020-06-25,Los Angeles,037,10098052,108389,91524,25,91549,3239
2020-06-25,Madera,039,155013,783,380,1,381,4
2020-06-25,Marin,041,260295,2463,1321,4,1325,17
2020-06-25,Mariposa,043,17540,29,20,0,20,1
2020-06-25,Mendocino,045,87422,80,61,0,61,0
2020-06-25,Merced,047,269075,1439,747,0,747,10
2020-06-25,Modoc,049,8938,1,0,0,0,0
2020-06-25,Mono,051,14174,44,35,0,35,1
2020-06-25,Monterey,053,433212,1923,1426,5,1431,12
2020-06-25,Napa,055,140530,392,260,0,260,3
2020-06-25,Nevada,057,99092,128,92,1,93,1
2020-06-25,Orange,059,3164182,20238,12221,166,12387,311
2020-06-25,Placer,061,380077,820,574,2,576,10
2020-06-25,Plumas,063,18699,10,6,0,6,0
2020-06-25,Riverside,065,2383286,21375,15224,14,15238,427
2020-06-25,Sacramento,067,1510023,3569,2519,4,2523,62
2020-06-25,San Benito,069,59416,254,174,0,174,2
2020-06-25,San Bernardino,071,2135413,16650,10590,11,10601,242
2020-06-25,San Diego,073,3302833,15569,11963,2,11965,352
2020-06-25,San Francisco,075,870044,3782,3252,1,3253,48
2020-06-25,San Joaquin,077,732212,4278,2803,4,2807,50
2020-06-25,San Luis Obispo,079,281455,722,473,4,477,1
2020-06-25,San Mateo,081,765935,3423,2996,4,3000,82
2020-06-25,Santa Barbara,083,443738,3956,2622,19,2641,25
2020-06-25,Santa Clara,085,1922200,5208,3871,9,3880,156
2020-06-25,Santa Cruz,087,273765,415,335,0,335,2
2020-06-25,Shasta,089,179085,176,84,0,84,5
2020-06-25,Sierra,091,2930,1,1,0,1,0
2020-06-25,Siskiyou,093,43540,33,24,0,24,0
2020-06-25,Solano,095,438530,1624,1034,8,1042,21
2020-06-25,Sonoma,097,501317,1312,953,3,956,5
2020-06-25,Stanislaus,099,539301,3423,2130,5,2135,36
2020-06-25,Sutter,101,95872,169,126,0,126,2
2020-06-25,Tehama,103,63373,83,59,2,61,1
2020-06-25,Trinity,105,12862,10,2,3,5,0
2020-06-25,Tulare,107,460477,4928,3656,4,3660,117
2020-06-25,Tuolumne,109,53932,37,10,2,12,0
2020-06-25,Ventura,111,848112,3835,2346,11,2357,40
2020-06-25,Yolo,113,214977,606,397,3,400,24
2020-06-25,Yuba,115,75493,63,38,0,38,1
2020-06-24,Alameda,001,1643700,6332,5242,7,5249,123
2020-06-24,Alpine,003,1148,2,1,0,1,0
2020-06-24,Amador,005,37829,22,16,0,16,0
2020-06-24,Butte,007,227075,220,119,8,127,1
2020-06-24,Calaveras,009,45235,37,26,0,26,0
2020-06-24,Colusa,011,21464,44,11,0,11,0
2020-06-24,Contra Costa,013,1133247,3227,2520,2,2522,66
2020-06-24,Del Norte,015,27424,49,47,0,47,0
2020-06-24,El Dorado,017,186661,232,149,0,149,0
2020-06-24,Fresno,019,978130,8140,3765,62,3827,71
2020-06-24,Glenn,021,27897,124,54,0,54,0
2020-06-24,Humboldt,023,135768,150,117,0,117,3
2020-06-24,Imperial,025,180216,7505,5138,4,5142,38
2020-06-24,Inyo,027,18085,29,28,0,28,1
2020-06-24,Kern,029,883053,6979,4155,18,4173,67
2020-06-24,Kings,031,150075,2509,2063,4,2067,16
2020-06-24,Lake,033,64148,66,40,0,40,0
2020-06-24,Lassen,035,31185,229,9,2,11,0
2020-06-24,Los Angeles,037,10098052,105630,89566,25,89591,3186
2020-06-24,Madera,039,155013,761,373,1,374,4
2020-06-24,Marin,041,260295,2235,1261,4,1265,17
2020-06-24,Mariposa,043,17540,28,19,0,19,1
2020-06-24,Mendocino,045,87422,80,60,0,60,0
2020-06-24,Merced,047,269075,1353,696,0,696,8
2020-06-24,Modoc,049,8938,1,0,0,0,0
2020-06-24,Mono,051,14174,42,35,0,35,1
2020-06-24,Monterey,053,433212,1846,1407,5,1412,12
2020-06-24,Napa,055,140530,374,258,0,258,3
2020-06-24,Nevada,057,99092,122,92,1,93,1
2020-06-24,Orange,059,3164182,19240,11804,147,11951,303
2020-06-24,Placer,061,380077,781,548,2,550,10
2020-06-24,Plumas,063,18699,10,6,0,6,0
2020-06-24,Riverside,065,2383286,20528,14946,14,14960,410
2020-06-24,Sacramento,067,1510023,3364,2446,4,2450,62
2020-06-24,San Benito,069,59416,250,171,0,171,2
2020-06-24,San Bernardino,071,2135413,15837,10211,10,10221,239
2020-06-24,San Diego,073,3302833,15066,11628,2,11630,347
2020-06-24,San Francisco,075,870044,3719,3216,1,3217,48
2020-06-24,San Joaquin,077,732212,4057,2680,4,2684,49
2020-06-24,San Luis Obispo,079,281455,690,461,3,464,1
2020-06-24,San Mateo,081,765935,3366,2964,4,2968,82
2020-06-24,Santa Barbara,083,443738,3836,2569,17,2586,22
2020-06-24,Santa Clara,085,1922200,5077,3812,9,3821,155
2020-06-24,Santa Cruz,087,273765,403,329,0,329,2
2020-06-24,Shasta,089,179085,167,83,0,83,5
2020-06-24,Sierra,091,2930,1,1,0,1,0
2020-06-24,Siskiyou,093,43540,32,24,0,24,0
2020-06-24,Solano,095,438530,1534,979,7,986,21
2020-06-24,Sonoma,097,501317,1263,933,3,936,4
2020-06-24,Stanislaus,099,539301,3244,2039,5,2044,36
2020-06-24,Sutter,101,95872,156,118,0,118,2
2020-06-24,Tehama,103,63373,81,55,2,57,1
2020-06-24,Trinity,105,12862,10,2,2,4,0
2020-06-24,Tulare,107,460477,4775,3541,4,3545,116
2020-06-24,Tuolumne,109,53932,32,9,2,11,0
2020-06-24,Ventura,111,848112,3494,2314,11,2325,42
2020-06-24,Yolo,113,214977,571,376,3,379,24
2020-06-24,Yuba,115,75493,57,37,0,37,1
2020-06-23,Alameda,001,1643700,6151,5159,7,5166,121
2020-06-23,Alpine,003,1148,2,1,0,1,0
2020-06-23,Amador,005,37829,21,13,0,13,0
2020-06-23,Butte,007,227075,202,111,8,119,1
2020-06-23,Calaveras,009,45235,37,26,0,26,0
2020-06-23,Colusa,011,21464,40,7,0,7,0
2020-06-23,Contra Costa,013,1133247,3101,2453,2,2455,60
2020-06-23,Del Norte,015,27424,48,46,0,46,0
2020-06-23,El Dorado,017,186661,223,142,0,142,0
2020-06-23,Fresno,019,978130,7489,3569,60,3629,67
2020-06-23,Glenn,021,27897,120,47,0,47,0
2020-06-23,Humboldt,023,135768,150,110,0,110,3
2020-06-23,Imperial,025,180216,7341,5025,4,5029,38
2020-06-23,Inyo,027,18085,29,26,0,26,1
2020-06-23,Kern,029,883053,6612,4087,15,4102,64
2020-06-23,Kings,031,150075,2444,1727,4,1731,16
2020-06-23,Lake,033,64148,60,40,0,40,0
2020-06-23,Lassen,035,31185,225,9,2,11,0
2020-06-23,Los Angeles,037,10098052,102691,88433,24,88457,3152
2020-06-23,Madera,039,155013,722,369,1,370,4
2020-06-23,Marin,041,260295,1968,1139,4,1143,17
2020-06-23,Mariposa,043,17540,26,18,0,18,1
2020-06-23,Mendocino,045,87422,79,61,0,61,0
2020-06-23,Merced,047,269075,1256,656,0,656,8
2020-06-23,Modoc,049,8938,1,0,0,0,0
2020-06-23,Mono,051,14174,42,35,0,35,1
2020-06-23,Monterey,053,433212,1776,1346,5,1351,12
2020-06-23,Napa,055,140530,359,230,0,230,3
2020-06-23,Nevada,057,99092,116,81,1,82,1
2020-06-23,Orange,059,3164182,18272,11071,144,11215,278
2020-06-23,Placer,061,380077,755,525,2,527,10
2020-06-23,Plumas,063,18699,9,6,0,6,0
2020-06-23,Riverside,065,2383286,19509,14469,14,14483,406
2020-06-23,Sacramento,067,1510023,3185,2374,4,2378,62
2020-06-23,San Benito,069,59416,236,167,0,167,2
2020-06-23,San Bernardino,071,2135413,15055,9771,10,9781,229
2020-06-23,San Diego,073,3302833,14546,11296,2,11298,341
2020-06-23,San Francisco,075,870044,3646,3177,1,3178,48
2020-06-23,San Joaquin,077,732212,3798,2502,4,2506,48
2020-06-23,San Luis Obispo,079,281455,659,445,3,448,1
2020-06-23,San Mateo,081,765935,3301,2907,4,2911,81
2020-06-23,Santa Barbara,083,443738,3740,2498,17,2515,22
2020-06-23,Santa Clara,085,1922200,4931,3700,9,3709,155
2020-06-23,Santa Cruz,087,273765,393,313,0,313,2
2020-06-23,Shasta,089,179085,158,81,0,81,5
2020-06-23,Sierra,091,2930,1,1,0,1,0
2020-06-23,Siskiyou,093,43540,30,24,0,24,0
2020-06-23,Solano,095,438530,1477,941,6,947,21
2020-06-23,Sonoma,097,501317,1210,912,3,915,4
2020-06-23,Stanislaus,099,539301,3067,1850,5,1855,35
2020-06-23,Sutter,101,95872,146,112,0,112,2
2020-06-23,Tehama,103,63373,79,50,2,52,1
2020-06-23,Trinity,105,12862,10,2,2,4,0
2020-06-23,Tulare,107,460477,4653,3456,4,3460,111
2020-06-23,Tuolumne,109,53932,27,9,1,10,0
2020-06-23,Ventura,111,848112,3334,2209,10,2219,40
2020-06-23,Yolo,113,214977,545,350,0,350,24
2020-06-23,Yuba,115,75493,54,35,0,35,1
2020-06-22,Alameda,001,1643700,6000,4944,7,4951,121
2020-06-22,Alpine,003,1148,2,1,0,1,0
2020-06-22,Amador,005,37829,18,12,0,12,0
2020-06-22,Butte,007,227075,183,104,8,112,1
2020-06-22,Calaveras,009,45235,35,20,0,20,0
2020-06-22,Colusa,011,21464,37,7,0,7,0
2020-06-22,Contra Costa,013,1133247,2959,2363,2,2365,60
2020-06-22,Del Norte,015,27424,48,46,0,46,0
2020-06-22,El Dorado,017,186661,214,137,0,137,0
2020-06-22,Fresno,019,978130,6956,3425,60,3485,67
2020-06-22,Glenn,021,27897,111,40,0,40,0
2020-06-22,Humboldt,023,135768,147,110,0,110,3
2020-06-22,Imperial,025,180216,7186,4700,4,4704,38
2020-06-22,Inyo,027,18085,29,26,0,26,1
2020-06-22,Kern,029,883053,6260,3982,13,3995,60
2020-06-22,Kings,031,150075,2396,1513,4,1517,13
2020-06-22,Lake,033,64148,54,37,0,37,0
2020-06-22,Lassen,035,31185,115,7,2,9,0
2020-06-22,Los Angeles,037,10098052,99794,85925,23,85948,3117
2020-06-22,Madera,039,155013,697,333,1,334,4
2020-06-22,Marin,041,260295,1711,1029,4,1033,17
2020-06-22,Mariposa,043,17540,25,18,0,18,1
2020-06-22,Mendocino,045,87422,74,48,0,48,0
2020-06-22,Merced,047,269075,1167,619,0,619,8
2020-06-22,Modoc,049,8938,1,0,0,0,0
2020-06-22,Mono,051,14174,42,34,0,34,1
2020-06-22,Monterey,053,433212,1715,1293,5,1298,12
2020-06-22,Napa,055,140530,335,222,0,222,3
2020-06-22,Nevada,057,99092,111,79,1,80,1
2020-06-22,Orange,059,3164182,17340,10711,141,10852,275
2020-06-22,Placer,061,380077,729,512,2,514,9
2020-06-22,Plumas,063,18699,7,6,0,6,0
2020-06-22,Riverside,065,2383286,18538,13948,14,13962,403
2020-06-22,Sacramento,067,1510023,2968,2243,4,2247,62
2020-06-22,San Benito,069,59416,227,164,0,164,2
2020-06-22,San Bernardino,071,2135413,14280,9133,10,9143,229
2020-06-22,San Diego,073,3302833,14054,11098,2,11100,338
2020-06-22,San Francisco,075,870044,3553,3000,1,3001,47
2020-06-22,San Joaquin,077,732212,3550,2332,4,2336,48
2020-06-22,San Luis Obispo,079,281455,626,422,3,425,1
2020-06-22,San Mateo,081,765935,3228,2813,4,2817,81
2020-06-22,Santa Barbara,083,443738,3648,2447,17,2464,21
2020-06-22,Santa Clara,085,1922200,4771,3580,9,3589,155
2020-06-22,Santa Cruz,087,273765,380,290,0,290,3
2020-06-22,Shasta,089,179085,155,77,0,77,5
2020-06-22,Sierra,091,2930,1,1,0,1,0
2020-06-22,Siskiyou,093,43540,30,23,0,23,0
2020-06-22,Solano,095,438530,1399,784,5,789,21
2020-06-22,Sonoma,097,501317,1165,860,1,861,4
2020-06-22,Stanislaus,099,539301,2882,1784,5,1789,35
2020-06-22,Sutter,101,95872,137,100,0,100,2
2020-06-22,Tehama,103,63373,75,38,2,40,1
2020-06-22,Trinity,105,12862,10,2,2,4,0
2020-06-22,Tulare,107,460477,4515,3185,4,3189,111
2020-06-22,Tuolumne,109,53932,18,8,1,9,0
2020-06-22,Ventura,111,848112,3185,2065,10,2075,39
2020-06-22,Yolo,113,214977,518,333,0,333,24
2020-06-22,Yuba,115,75493,49,36,0,36,1
2020-06-21,Alameda,001,1643700,5804,4835,7,4842,121
2020-06-21,Alpine,003,1148,2,1,0,1,0
2020-06-21,Amador,005,37829,13,12,0,12,0
2020-06-21,Butte,007,227075,169,97,8,105,1
2020-06-21,Calaveras,009,45235,35,20,0,20,0
2020-06-21,Colusa,011,21464,29,7,0,7,0
2020-06-21,Contra Costa,013,1133247,2833,2282,2,2284,60
2020-06-21,Del Norte,015,27424,47,46,0,46,0
2020-06-21,El Dorado,017,186661,205,132,0,132,0
2020-06-21,Fresno,019,978130,6385,3296,59,3355,67
2020-06-21,Glenn,021,27897,102,40,0,40,0
2020-06-21,Humboldt,023,135768,142,108,0,108,3
2020-06-21,Imperial,025,180216,7003,4701,4,4705,38
2020-06-21,Inyo,027,18085,27,26,0,26,1
2020-06-21,Kern,029,883053,5968,3918,12,3930,60
2020-06-21,Kings,031,150075,2332,1334,4,1338,11
2020-06-21,Lake,033,64148,49,36,0,36,0
2020-06-21,Lassen,035,31185,22,7,2,9,0
2020-06-21,Los Angeles,037,10098052,96913,83383,23,83406,3101
2020-06-21,Madera,039,155013,663,319,1,320,4
2020-06-21,Marin,041,260295,1554,907,4,911,17
2020-06-21,Mariposa,043,17540,22,18,0,18,1
2020-06-21,Mendocino,045,87422,71,48,0,48,0
2020-06-21,Merced,047,269075,1072,577,0,577,8
2020-06-21,Modoc,049,8938,1,0,0,0,0
2020-06-21,Mono,051,14174,42,34,0,34,1
2020-06-21,Monterey,053,433212,1642,1227,5,1232,12
2020-06-21,Napa,055,140530,320,218,0,218,3
2020-06-21,Nevada,057,99092,108,79,1,80,1
2020-06-21,Orange,059,3164182,16503,10563,137,10700,275
2020-06-21,Placer,061,380077,689,498,2,500,9
2020-06-21,Plumas,063,18699,7,6,0,6,0
2020-06-21,Riverside,065,2383286,17832,13528,13,13541,402
2020-06-21,Sacramento,067,1510023,2767,2156,4,2160,62
2020-06-21,San Benito,069,59416,213,151,0,151,2
2020-06-21,San Bernardino,071,2135413,13505,8925,9,8934,229
2020-06-21,San Diego,073,3302833,13508,10796,2,10798,338
2020-06-21,San Francisco,075,870044,3447,3000,1,3001,47
2020-06-21,San Joaquin,077,732212,3314,2188,4,2192,48
2020-06-21,San Luis Obispo,079,281455,601,418,3,421,1
2020-06-21,San Mateo,081,765935,3170,2781,4,2785,81
2020-06-21,Santa Barbara,083,443738,3541,2430,16,2446,21
2020-06-21,Santa Clara,085,1922200,4634,3514,9,3523,154
2020-06-21,Santa Cruz,087,273765,370,290,0,290,3
2020-06-21,Shasta,089,179085,145,75,0,75,5
2020-06-21,Sierra,091,2930,1,1,0,1,0
2020-06-21,Siskiyou,093,43540,30,23,0,23,0
2020-06-21,Solano,095,438530,1299,783,4,787,21
2020-06-21,Sonoma,097,501317,1115,836,1,837,4
2020-06-21,Stanislaus,099,539301,2696,1688,5,1693,35
2020-06-21,Sutter,101,95872,129,96,0,96,2
2020-06-21,Tehama,103,63373,64,35,2,37,1
2020-06-21,Trinity,105,12862,10,2,2,4,0
2020-06-21,Tulare,107,460477,4347,3173,4,3177,111
2020-06-21,Tuolumne,109,53932,16,8,1,9,0
2020-06-21,Ventura,111,848112,3007,2021,10,2031,39
2020-06-21,Yolo,113,214977,486,323,0,323,24
2020-06-21,Yuba,115,75493,45,35,0,35,1
2020-06-20,Alameda,001,1643700,5742,4758,7,4765,119
2020-06-20,Alpine,003,1148,2,1,0,1,0
2020-06-20,Amador,005,37829,13,12,0,12,0
2020-06-20,Butte,007,227075,162,94,8,102,1
2020-06-20,Calaveras,009,45235,35,20,0,20,0
2020-06-20,Colusa,011,21464,26,7,0,7,0
2020-06-20,Contra Costa,013,1133247,2774,2231,2,2233,54
2020-06-20,Del Norte,015,27424,47,46,0,46,0
2020-06-20,El Dorado,017,186661,200,130,0,130,0
2020-06-20,Fresno,019,978130,6260,3222,57,3279,67
2020-06-20,Glenn,021,27897,97,40,0,40,0
2020-06-20,Humboldt,023,135768,142,108,0,108,3
2020-06-20,Imperial,025,180216,6922,4616,4,4620,37
2020-06-20,Inyo,027,18085,27,26,0,26,1
2020-06-20,Kern,029,883053,5803,3836,12,3848,59
2020-06-20,Kings,031,150075,2308,1331,4,1335,9
2020-06-20,Lake,033,64148,49,37,0,37,0
2020-06-20,Lassen,035,31185,21,7,2,9,0
2020-06-20,Los Angeles,037,10098052,95340,81604,22,81626,3093
2020-06-20,Madera,039,155013,630,321,1,322,4
2020-06-20,Marin,041,260295,1534,879,4,883,17
2020-06-20,Mariposa,043,17540,22,18,0,18,1
2020-06-20,Mendocino,045,87422,70,48,0,48,0
2020-06-20,Merced,047,269075,1032,566,0,566,8
2020-06-20,Modoc,049,8938,1,0,0,0,0
2020-06-20,Mono,051,14174,42,34,0,34,1
2020-06-20,Monterey,053,433212,1606,1181,5,1186,12
2020-06-20,Napa,055,140530,311,212,0,212,3
2020-06-20,Nevada,057,99092,105,73,1,74,1
2020-06-20,Orange,059,3164182,16152,10284,133,10417,273
2020-06-20,Placer,061,380077,664,483,2,485,9
2020-06-20,Plumas,063,18699,6,6,0,6,0
2020-06-20,Riverside,065,2383286,17533,13021,13,13034,402
2020-06-20,Sacramento,067,1510023,2696,2069,4,2073,63
2020-06-20,San Benito,069,59416,209,139,0,139,2
2020-06-20,San Bernardino,071,2135413,13143,8718,9,8727,229
2020-06-20,San Diego,073,3302833,13185,10486,2,10488,338
2020-06-20,San Francisco,075,870044,3403,2999,1,3000,47
2020-06-20,San Joaquin,077,732212,3231,2046,4,2050,48
2020-06-20,San Luis Obispo,079,281455,588,405,3,408,1
2020-06-20,San Mateo,081,765935,3122,2755,4,2759,81
2020-06-20,Santa Barbara,083,443738,3485,2358,15,2373,21
2020-06-20,Santa Clara,085,1922200,4561,3435,9,3444,154
2020-06-20,Santa Cruz,087,273765,368,287,0,287,3
2020-06-20,Shasta,089,179085,139,66,0,66,5
2020-06-20,Sierra,091,2930,1,1,0,1,0
2020-06-20,Siskiyou,093,43540,29,22,0,22,0
2020-06-20,Solano,095,438530,1275,784,4,788,21
2020-06-20,Sonoma,097,501317,1079,806,1,807,4
2020-06-20,Stanislaus,099,539301,2588,1598,5,1603,35
2020-06-20,Sutter,101,95872,127,89,0,89,2
2020-06-20,Tehama,103,63373,62,35,2,37,1
2020-06-20,Trinity,105,12862,10,2,2,4,0
2020-06-20,Tulare,107,460477,4274,3172,4,3176,111
2020-06-20,Tuolumne,109,53932,13,8,1,9,0
2020-06-20,Ventura,111,848112,2942,1946,10,1956,37
2020-06-20,Yolo,113,214977,470,309,0,309,24
2020-06-20,Yuba,115,75493,43,34,0,34,1
2020-06-19,Alameda,001,1643700,5671,4646,7,4653,119
2020-06-19,Alpine,003,1148,2,1,0,1,0
2020-06-19,Amador,005,37829,13,12,0,12,0
2020-06-19,Butte,007,227075,157,91,8,99,1
2020-06-19,Calaveras,009,45235,34,20,0,20,0
2020-06-19,Colusa,011,21464,24,7,0,7,0
2020-06-19,Contra Costa,013,1133247,2694,2106,2,2108,54
2020-06-19,Del Norte,015,27424,47,46,0,46,0
2020-06-19,El Dorado,017,186661,191,124,0,124,0
2020-06-19,Fresno,019,978130,6098,3109,55,3164,61
2020-06-19,Glenn,021,27897,91,40,0,40,0
2020-06-19,Humboldt,023,135768,140,106,0,106,3
2020-06-19,Imperial,025,180216,6831,4504,4,4508,36
2020-06-19,Inyo,027,18085,27,26,0,26,1
2020-06-19,Kern,029,883053,5580,3742,11,3753,57
2020-06-19,Kings,031,150075,2287,1285,4,1289,9
2020-06-19,Lake,033,64148,46,36,0,36,0
2020-06-19,Lassen,035,31185,20,7,2,9,0
2020-06-19,Los Angeles,037,10098052,93360,79572,22,79594,3047
2020-06-19,Madera,039,155013,611,300,1,301,4
2020-06-19,Marin,041,260295,1505,829,4,833,17
2020-06-19,Mariposa,043,17540,21,18,0,18,1
2020-06-19,Mendocino,045,87422,69,48,0,48,0
2020-06-19,Merced,047,269075,987,529,0,529,8
2020-06-19,Modoc,049,8938,1,0,0,0,0
2020-06-19,Mono,051,14174,42,34,0,34,1
2020-06-19,Monterey,053,433212,1577,1159,5,1164,12
2020-06-19,Napa,055,140530,301,209,0,209,3
2020-06-19,Nevada,057,99092,102,71,1,72,1
2020-06-19,Orange,059,3164182,15617,9972,126,10098,260
2020-06-19,Placer,061,380077,646,464,2,466,9
2020-06-19,Plumas,063,18699,6,5,0,5,0
2020-06-19,Riverside,065,2383286,17128,12710,13,12723,398
2020-06-19,Sacramento,067,1510023,2613,1976,4,1980,64
2020-06-19,San Benito,069,59416,208,136,0,136,2
2020-06-19,San Bernardino,071,2135413,12737,8454,8,8462,226
2020-06-19,San Diego,073,3302833,12822,10352,2,10354,332
2020-06-19,San Francisco,075,870044,3348,2968,1,2969,47
2020-06-19,San Joaquin,077,732212,3108,1969,4,1973,48
2020-06-19,San Luis Obispo,079,281455,573,392,3,395,1
2020-06-19,San Mateo,081,765935,3083,2713,4,2717,81
2020-06-19,Santa Barbara,083,443738,3412,2284,13,2297,21
2020-06-19,Santa Clara,085,1922200,4487,3376,9,3385,154
2020-06-19,Santa Cruz,087,273765,358,283,0,283,3
2020-06-19,Shasta,089,179085,135,58,0,58,5
2020-06-19,Sierra,091,2930,1,1,0,1,0
2020-06-19,Siskiyou,093,43540,29,21,0,21,0
2020-06-19,Solano,095,438530,1237,755,4,759,21
2020-06-19,Sonoma,097,501317,1052,803,1,804,4
2020-06-19,Stanislaus,099,539301,2478,1549,5,1554,35
2020-06-19,Sutter,101,95872,126,89,0,89,2
2020-06-19,Tehama,103,63373,61,35,2,37,1
2020-06-19,Trinity,105,12862,10,2,2,4,0
2020-06-19,Tulare,107,460477,4203,3053,4,3057,107
2020-06-19,Tuolumne,109,53932,12,8,1,9,0
2020-06-19,Ventura,111,848112,2858,1865,10,1875,37
2020-06-19,Yolo,113,214977,451,303,0,303,24
2020-06-19,Yuba,115,75493,42,33,0,33,1
2020-06-18,Alameda,001,1643700,5542,4589,7,4596,118
2020-06-18,Alpine,003,1148,2,1,0,1,0
2020-06-18,Amador,005,37829,12,12,0,12,0
2020-06-18,Butte,007,227075,152,88,8,96,1
2020-06-18,Calaveras,009,45235,34,20,0,20,0
2020-06-18,Colusa,011,21464,20,7,0,7,0
2020-06-18,Contra Costa,013,1133247,2588,2072,2,2074,53
2020-06-18,Del Norte,015,27424,47,46,0,46,0
2020-06-18,El Dorado,017,186661,187,121,0,121,0
2020-06-18,Fresno,019,978130,5830,2947,54,3001,57
2020-06-18,Glenn,021,27897,82,35,0,35,0
2020-06-18,Humboldt,023,135768,139,106,0,106,3
2020-06-18,Imperial,025,180216,6682,4366,4,4370,36
2020-06-18,Inyo,027,18085,26,25,0,25,1
2020-06-18,Kern,029,883053,5362,3634,11,3645,57
2020-06-18,Kings,031,150075,2228,1141,4,1145,8
2020-06-18,Lake,033,64148,45,36,0,36,0
2020-06-18,Lassen,035,31185,19,5,2,7,0
2020-06-18,Los Angeles,037,10098052,91093,78244,22,78266,3009
2020-06-18,Madera,039,155013,576,288,1,289,4
2020-06-18,Marin,041,260295,1442,819,4,823,17
2020-06-18,Mariposa,043,17540,19,18,0,18,1
2020-06-18,Mendocino,045,87422,65,45,0,45,0
2020-06-18,Merced,047,269075,934,486,0,486,7
2020-06-18,Modoc,049,8938,1,0,0,0,0
2020-06-18,Mono,051,14174,42,34,0,34,1
2020-06-18,Monterey,053,433212,1509,1127,5,1132,12
2020-06-18,Napa,055,140530,286,205,0,205,3
2020-06-18,Nevada,057,99092,98,68,1,69,1
2020-06-18,Orange,059,3164182,14960,9597,108,9705,255
2020-06-18,Placer,061,380077,623,457,2,459,9
2020-06-18,Plumas,063,18699,6,5,0,5,0
2020-06-18,Riverside,065,2383286,16514,12410,13,12423,392
2020-06-18,Sacramento,067,1510023,2497,1938,4,1942,63
2020-06-18,San Benito,069,59416,202,134,0,134,2
2020-06-18,San Bernardino,071,2135413,12098,8141,8,8149,226
2020-06-18,San Diego,073,3302833,12400,10094,2,10096,331
2020-06-18,San Francisco,075,870044,3299,2951,1,2952,47
2020-06-18,San Joaquin,077,732212,2956,1908,4,1912,47
2020-06-18,San Luis Obispo,079,281455,554,378,3,381,1
2020-06-18,San Mateo,081,765935,3044,2674,4,2678,78
2020-06-18,Santa Barbara,083,443738,3338,2201,13,2214,19
2020-06-18,Santa Clara,085,1922200,4385,3338,9,3347,152
2020-06-18,Santa Cruz,087,273765,341,275,0,275,3
2020-06-18,Shasta,089,179085,124,51,0,51,4
2020-06-18,Sierra,091,2930,1,1,0,1,0
2020-06-18,Siskiyou,093,43540,29,18,0,18,0
2020-06-18,Solano,095,438530,1199,735,4,739,21
2020-06-18,Sonoma,097,501317,1010,789,1,790,4
2020-06-18,Stanislaus,099,539301,2344,1495,5,1500,35
2020-06-18,Sutter,101,95872,122,85,0,85,2
2020-06-18,Tehama,103,63373,56,31,2,33,1
2020-06-18,Trinity,105,12862,10,2,2,4,0
2020-06-18,Tulare,107,460477,4083,3005,4,3009,107
2020-06-18,Tuolumne,109,53932,11,8,1,9,0
2020-06-18,Ventura,111,848112,2732,1781,10,1791,37
2020-06-18,Yolo,113,214977,418,294,0,294,24
2020-06-18,Yuba,115,75493,41,32,0,32,1
2020-06-17,Alameda,001,1643700,5419,4485,7,4492,117
2020-06-17,Alpine,003,1148,2,1,0,1,0
2020-06-17,Amador,005,37829,11,10,0,10,0
2020-06-17,Butte,007,227075,143,81,8,89,1
2020-06-17,Calaveras,009,45235,34,20,0,20,0
2020-06-17,Colusa,011,21464,19,7,0,7,0
2020-06-17,Contra Costa,013,1133247,2491,2020,2,2022,45
2020-06-17,Del Norte,015,27424,47,45,0,45,0
2020-06-17,El Dorado,017,186661,180,116,0,116,0
2020-06-17,Fresno,019,978130,5605,2801,52,2853,56
2020-06-17,Glenn,021,27897,75,31,0,31,0
2020-06-17,Humboldt,023,135768,137,105,0,105,3
2020-06-17,Imperial,025,180216,6510,4108,4,4112,36
2020-06-17,Inyo,027,18085,25,25,0,25,1
2020-06-17,Kern,029,883053,5161,3547,11,3558,56
2020-06-17,Kings,031,150075,2198,1097,4,1101,7
2020-06-17,Lake,033,64148,44,32,0,32,0
2020-06-17,Lassen,035,31185,15,5,2,7,0
2020-06-17,Los Angeles,037,10098052,88786,77166,22,77188,2973
2020-06-17,Madera,039,155013,554,258,1,259,4
2020-06-17,Marin,041,260295,1250,771,3,774,17
2020-06-17,Mariposa,043,17540,18,18,0,18,1
2020-06-17,Mendocino,045,87422,63,42,0,42,0
2020-06-17,Merced,047,269075,862,460,0,460,7
2020-06-17,Modoc,049,8938,1,0,0,0,0
2020-06-17,Mono,051,14174,42,34,0,34,1
2020-06-17,Monterey,053,433212,1457,1077,5,1082,12
2020-06-17,Napa,055,140530,271,202,0,202,3
2020-06-17,Nevada,057,99092,94,57,1,58,1
2020-06-17,Orange,059,3164182,14354,9278,104,9382,230
2020-06-17,Placer,061,380077,603,427,2,429,9
2020-06-17,Plumas,063,18699,6,5,0,5,0
2020-06-17,Riverside,065,2383286,15878,11859,13,11872,370
2020-06-17,Sacramento,067,1510023,2390,1889,4,1893,63
2020-06-17,San Benito,069,59416,197,116,0,116,2
2020-06-17,San Bernardino,071,2135413,11547,7670,8,7678,225
2020-06-17,San Diego,073,3302833,12021,9856,2,9858,327
2020-06-17,San Francisco,075,870044,3260,2906,1,2907,46
2020-06-17,San Joaquin,077,732212,2783,1825,4,1829,46
2020-06-17,San Luis Obispo,079,281455,537,362,3,365,1
2020-06-17,San Mateo,081,765935,2997,2649,4,2653,78
2020-06-17,Santa Barbara,083,443738,3265,2147,11,2158,19
2020-06-17,Santa Clara,085,1922200,4292,3264,8,3272,148
2020-06-17,Santa Cruz,087,273765,335,265,0,265,2
2020-06-17,Shasta,089,179085,122,51,0,51,4
2020-06-17,Sierra,091,2930,1,1,0,1,0
2020-06-17,Siskiyou,093,43540,28,16,0,16,0
2020-06-17,Solano,095,438530,1149,722,4,726,21
2020-06-17,Sonoma,097,501317,985,748,1,749,4
2020-06-17,Stanislaus,099,539301,2221,1387,5,1392,35
2020-06-17,Sutter,101,95872,116,79,0,79,2
2020-06-17,Tehama,103,63373,41,24,2,26,1
2020-06-17,Trinity,105,12862,10,2,2,4,0
2020-06-17,Tulare,107,460477,3974,2882,4,2886,106
2020-06-17,Tuolumne,109,53932,11,7,1,8,0
2020-06-17,Ventura,111,848112,2632,1729,10,1739,37
2020-06-17,Yolo,113,214977,398,277,0,277,24
2020-06-17,Yuba,115,75493,40,30,0,30,1
2020-06-16,Alameda,001,1643700,5303,4428,7,4435,113
2020-06-16,Alpine,003,1148,2,1,0,1,0
2020-06-16,Amador,005,37829,11,10,0,10,0
2020-06-16,Butte,007,227075,139,79,8,87,1
2020-06-16,Calaveras,009,45235,31,19,0,19,0
2020-06-16,Colusa,011,21464,16,7,0,7,0
2020-06-16,Contra Costa,013,1133247,2400,1971,1,1972,45
2020-06-16,Del Norte,015,27424,47,45,0,45,0
2020-06-16,El Dorado,017,186661,174,115,0,115,0
2020-06-16,Fresno,019,978130,5368,2731,51,2782,50
2020-06-16,Glenn,021,27897,71,30,0,30,0
2020-06-16,Humboldt,023,135768,134,105,0,105,3
2020-06-16,Imperial,025,180216,6351,3939,4,3943,36
2020-06-16,Inyo,027,18085,25,24,0,24,1
2020-06-16,Kern,029,883053,4937,3496,11,3507,55
2020-06-16,Kings,031,150075,2152,1044,4,1048,6
2020-06-16,Lake,033,64148,44,31,0,31,0
2020-06-16,Lassen,035,31185,12,5,2,7,0
2020-06-16,Los Angeles,037,10098052,86464,75051,22,75073,2942
2020-06-16,Madera,039,155013,528,239,1,240,3
2020-06-16,Marin,041,260295,1197,725,3,728,17
2020-06-16,Mariposa,043,17540,18,17,0,17,1
2020-06-16,Mendocino,045,87422,62,35,0,35,0
2020-06-16,Merced,047,269075,814,436,0,436,7
2020-06-16,Modoc,049,8938,1,0,0,0,0
2020-06-16,Mono,051,14174,42,34,0,34,1
2020-06-16,Monterey,053,433212,1409,1019,5,1024,12
2020-06-16,Napa,055,140530,256,196,0,196,3
2020-06-16,Nevada,057,99092,91,53,1,54,1
2020-06-16,Orange,059,3164182,13769,9163,100,9263,223
2020-06-16,Placer,061,380077,571,392,2,394,9
2020-06-16,Plumas,063,18699,6,5,0,5,0
2020-06-16,Riverside,065,2383286,15203,11638,13,11651,364
2020-06-16,Sacramento,067,1510023,2281,1825,4,1829,60
2020-06-16,San Benito,069,59416,189,110,0,110,2
2020-06-16,San Bernardino,071,2135413,11004,7463,7,7470,225
2020-06-16,San Diego,073,3302833,11659,9732,1,9733,323
2020-06-16,San Francisco,075,870044,3209,2893,1,2894,46
2020-06-16,San Joaquin,077,732212,2631,1718,4,1722,47
2020-06-16,San Luis Obispo,079,281455,513,343,3,346,1
2020-06-16,San Mateo,081,765935,2943,2618,4,2622,77
2020-06-16,Santa Barbara,083,443738,3198,2090,11,2101,16
2020-06-16,Santa Clara,085,1922200,4182,3228,7,3235,148
2020-06-16,Santa Cruz,087,273765,319,257,0,257,2
2020-06-16,Shasta,089,179085,113,51,0,51,4
2020-06-16,Sierra,091,2930,1,1,0,1,0
2020-06-16,Siskiyou,093,43540,27,15,0,15,0
2020-06-16,Solano,095,438530,1059,694,4,698,19
2020-06-16,Sonoma,097,501317,953,739,1,740,4
2020-06-16,Stanislaus,099,539301,2068,1278,5,1283,36
2020-06-16,Sutter,101,95872,109,73,0,73,2
2020-06-16,Tehama,103,63373,37,24,2,26,1
2020-06-16,Trinity,105,12862,10,2,2,4,0
2020-06-16,Tulare,107,460477,3856,2802,4,2806,96
2020-06-16,Tuolumne,109,53932,11,7,1,8,0
2020-06-16,Ventura,111,848112,2531,1676,10,1686,37
2020-06-16,Yolo,113,214977,374,262,0,262,24
2020-06-16,Yuba,115,75493,39,29,0,29,1
2020-06-15,Alameda,001,1643700,5177,4323,7,4330,112
2020-06-15,Alpine,003,1148,2,1,0,1,0
2020-06-15,Amador,005,37829,11,10,0,10,0
2020-06-15,Butte,007,227075,131,78,8,86,1
2020-06-15,Calaveras,009,45235,31,18,0,18,0
2020-06-15,Colusa,011,21464,14,7,0,7,0
2020-06-15,Contra Costa,013,1133247,2323,1918,1,1919,43
2020-06-15,Del Norte,015,27424,47,45,0,45,0
2020-06-15,El Dorado,017,186661,164,114,0,114,0
2020-06-15,Fresno,019,978130,5155,2616,50,2666,48
2020-06-15,Glenn,021,27897,66,21,0,21,0
2020-06-15,Humboldt,023,135768,132,105,0,105,3
2020-06-15,Imperial,025,180216,6176,3726,4,3730,36
2020-06-15,Inyo,027,18085,25,23,0,23,1
2020-06-15,Kern,029,883053,4713,3417,11,3428,55
2020-06-15,Kings,031,150075,2075,1022,4,1026,6
2020-06-15,Lake,033,64148,44,31,0,31,0
2020-06-15,Lassen,035,31185,12,5,2,7,0
2020-06-15,Los Angeles,037,10098052,84275,73705,22,73727,2908
2020-06-15,Madera,039,155013,506,203,1,204,3
2020-06-15,Marin,041,260295,1030,708,3,711,17
2020-06-15,Mariposa,043,17540,18,17,0,17,1
2020-06-15,Mendocino,045,87422,53,33,0,33,0
2020-06-15,Merced,047,269075,768,414,0,414,7
2020-06-15,Modoc,049,8938,1,0,0,0,0
2020-06-15,Mono,051,14174,42,34,0,34,1
2020-06-15,Monterey,053,433212,1343,998,5,1003,12
2020-06-15,Napa,055,140530,248,187,0,187,3
2020-06-15,Nevada,057,99092,85,52,1,53,1
2020-06-15,Orange,059,3164182,13199,8944,91,9035,212
2020-06-15,Placer,061,380077,549,386,2,388,9
2020-06-15,Plumas,063,18699,6,4,0,4,0
2020-06-15,Riverside,065,2383286,14585,11376,13,11389,364
2020-06-15,Sacramento,067,1510023,2165,1791,4,1795,60
2020-06-15,San Benito,069,59416,183,108,0,108,2
2020-06-15,San Bernardino,071,2135413,10500,7189,7,7196,224
2020-06-15,San Diego,073,3302833,11319,9612,1,9613,320
2020-06-15,San Francisco,075,870044,3165,2833,1,2834,45
2020-06-15,San Joaquin,077,732212,2495,1667,4,1671,43
2020-06-15,San Luis Obispo,079,281455,498,332,3,335,1
2020-06-15,San Mateo,081,765935,2896,2591,4,2595,75
2020-06-15,Santa Barbara,083,443738,3130,2054,11,2065,16
2020-06-15,Santa Clara,085,1922200,4083,3204,7,3211,148
2020-06-15,Santa Cruz,087,273765,308,254,0,254,2
2020-06-15,Shasta,089,179085,107,50,0,50,4
2020-06-15,Sierra,091,2930,1,1,0,1,0
2020-06-15,Siskiyou,093,43540,26,14,0,14,0
2020-06-15,Solano,095,438530,999,638,4,642,19
2020-06-15,Sonoma,097,501317,924,726,1,727,4
2020-06-15,Stanislaus,099,539301,1951,1253,5,1258,35
2020-06-15,Sutter,101,95872,99,71,0,71,2
2020-06-15,Tehama,103,63373,37,17,2,19,1
2020-06-15,Trinity,105,12862,9,2,2,4,0
2020-06-15,Tulare,107,460477,3742,2662,4,2666,96
2020-06-15,Tuolumne,109,53932,10,7,1,8,0
2020-06-15,Ventura,111,848112,2450,1656,10,1666,37
2020-06-15,Yolo,113,214977,354,255,0,255,24
2020-06-15,Yuba,115,75493,39,28,0,28,1
2020-06-14,Alameda,001,1643700,5032,4271,7,4278,112
2020-06-14,Alpine,003,1148,2,1,0,1,0
2020-06-14,Amador,005,37829,11,10,0,10,0
2020-06-14,Butte,007,227075,123,78,8,86,1
2020-06-14,Calaveras,009,45235,30,18,0,18,0
2020-06-14,Colusa,011,21464,13,7,0,7,0
2020-06-14,Contra Costa,013,1133247,2254,1893,1,1894,43
2020-06-14,Del Norte,015,27424,47,45,0,45,0
2020-06-14,El Dorado,017,186661,160,110,0,110,0
2020-06-14,Fresno,019,978130,4970,2585,49,2634,48
2020-06-14,Glenn,021,27897,51,21,0,21,0
2020-06-14,Humboldt,023,135768,128,105,0,105,3
2020-06-14,Imperial,025,180216,5945,3730,4,3734,36
2020-06-14,Inyo,027,18085,24,23,0,23,1
2020-06-14,Kern,029,883053,4502,3328,11,3339,55
2020-06-14,Kings,031,150075,2024,1022,4,1026,6
2020-06-14,Lake,033,64148,41,31,0,31,0
2020-06-14,Lassen,035,31185,12,5,2,7,0
2020-06-14,Los Angeles,037,10098052,81948,72932,22,72954,2887
2020-06-14,Madera,039,155013,488,203,1,204,3
2020-06-14,Marin,041,260295,865,689,2,691,17
2020-06-14,Mariposa,043,17540,18,16,0,16,1
2020-06-14,Mendocino,045,87422,50,33,0,33,0
2020-06-14,Merced,047,269075,717,403,0,403,7
2020-06-14,Modoc,049,8938,1,0,0,0,0
2020-06-14,Mono,051,14174,42,34,0,34,1
2020-06-14,Monterey,053,433212,1282,949,5,954,12
2020-06-14,Napa,055,140530,226,181,0,181,3
2020-06-14,Nevada,057,99092,81,52,1,53,1
2020-06-14,Orange,059,3164182,12773,8744,87,8831,211
2020-06-14,Placer,061,380077,523,369,2,371,9
2020-06-14,Plumas,063,18699,5,4,0,4,0
2020-06-14,Riverside,065,2383286,14144,11218,13,11231,364
2020-06-14,Sacramento,067,1510023,2078,1750,4,1754,60
2020-06-14,San Benito,069,59416,172,104,0,104,2
2020-06-14,San Bernardino,071,2135413,9959,7015,7,7022,224
2020-06-14,San Diego,073,3302833,10944,9442,1,9443,319
2020-06-14,San Francisco,075,870044,3125,2834,1,2835,45
2020-06-14,San Joaquin,077,732212,2344,1603,4,1607,43
2020-06-14,San Luis Obispo,079,281455,483,330,3,333,1
2020-06-14,San Mateo,081,765935,2838,2571,4,2575,75
2020-06-14,Santa Barbara,083,443738,3052,2049,11,2060,17
2020-06-14,Santa Clara,085,1922200,3989,3178,7,3185,148
2020-06-14,Santa Cruz,087,273765,294,254,0,254,2
2020-06-14,Shasta,089,179085,101,48,0,48,4
2020-06-14,Sierra,091,2930,1,1,0,1,0
2020-06-14,Siskiyou,093,43540,25,13,0,13,0
2020-06-14,Solano,095,438530,950,638,4,642,19
2020-06-14,Sonoma,097,501317,896,724,1,725,4
2020-06-14,Stanislaus,099,539301,1803,1159,5,1164,35
2020-06-14,Sutter,101,95872,94,63,0,63,2
2020-06-14,Tehama,103,63373,34,17,2,19,1
2020-06-14,Trinity,105,12862,9,2,2,4,0
2020-06-14,Tulare,107,460477,3610,2646,4,2650,96
2020-06-14,Tuolumne,109,53932,10,7,1,8,0
2020-06-14,Ventura,111,848112,2352,1610,9,1619,37
2020-06-14,Yolo,113,214977,338,254,0,254,24
2020-06-14,Yuba,115,75493,38,28,0,28,1
2020-06-13,Alameda,001,1643700,4969,4196,7,4203,112
2020-06-13,Alpine,003,1148,2,1,0,1,0
2020-06-13,Amador,005,37829,10,10,0,10,0
2020-06-13,Butte,007,227075,114,72,8,80,1
2020-06-13,Calaveras,009,45235,28,18,0,18,0
2020-06-13,Colusa,011,21464,12,7,0,7,0
2020-06-13,Contra Costa,013,1133247,2218,1868,1,1869,43
2020-06-13,Del Norte,015,27424,47,45,0,45,0
2020-06-13,El Dorado,017,186661,156,110,0,110,0
2020-06-13,Fresno,019,978130,4872,2499,49,2548,48
2020-06-13,Glenn,021,27897,49,21,0,21,0
2020-06-13,Humboldt,023,135768,127,104,0,104,3
2020-06-13,Imperial,025,180216,5872,3646,4,3650,36
2020-06-13,Inyo,027,18085,24,23,0,23,1
2020-06-13,Kern,029,883053,4393,3239,11,3250,55
2020-06-13,Kings,031,150075,2004,1023,4,1027,6
2020-06-13,Lake,033,64148,40,29,0,29,0
2020-06-13,Lassen,035,31185,12,5,2,7,0
2020-06-13,Los Angeles,037,10098052,80910,71938,21,71959,2874
2020-06-13,Madera,039,155013,484,203,1,204,3
2020-06-13,Marin,041,260295,834,677,2,679,17
2020-06-13,Mariposa,043,17540,18,16,0,16,1
2020-06-13,Mendocino,045,87422,50,33,0,33,0
2020-06-13,Merced,047,269075,699,376,0,376,7
2020-06-13,Modoc,049,8938,1,0,0,0,0
2020-06-13,Mono,051,14174,42,35,0,35,1
2020-06-13,Monterey,053,433212,1244,900,5,905,11
2020-06-13,Napa,055,140530,223,171,0,171,3
2020-06-13,Nevada,057,99092,79,52,1,53,1
2020-06-13,Orange,059,3164182,12529,8581,83,8664,211
2020-06-13,Placer,061,380077,506,346,2,348,9
2020-06-13,Plumas,063,18699,5,4,0,4,0
2020-06-13,Riverside,065,2383286,13865,10931,13,10944,364
2020-06-13,Sacramento,067,1510023,2024,1713,4,1717,60
2020-06-13,San Benito,069,59416,165,99,0,99,2
2020-06-13,San Bernardino,071,2135413,9734,6885,7,6892,224
2020-06-13,San Diego,073,3302833,10772,9316,1,9317,319
2020-06-13,San Francisco,075,870044,3105,2834,1,2835,44
2020-06-13,San Joaquin,077,732212,2263,1461,4,1465,43
2020-06-13,San Luis Obispo,079,281455,472,326,3,329,1
2020-06-13,San Mateo,081,765935,2815,2551,4,2555,75
2020-06-13,Santa Barbara,083,443738,2994,1999,11,2010,15
2020-06-13,Santa Clara,085,1922200,3947,3141,7,3148,148
2020-06-13,Santa Cruz,087,273765,288,254,0,254,2
2020-06-13,Shasta,089,179085,99,48,0,48,4
2020-06-13,Sierra,091,2930,1,1,0,1,0
2020-06-13,Siskiyou,093,43540,25,13,0,13,0
2020-06-13,Solano,095,438530,922,637,4,641,19
2020-06-13,Sonoma,097,501317,881,711,1,712,4
2020-06-13,Stanislaus,099,539301,1746,1122,5,1127,33
2020-06-13,Sutter,101,95872,93,62,0,62,2
2020-06-13,Tehama,103,63373,33,17,2,19,1
2020-06-13,Trinity,105,12862,9,2,2,4,0
2020-06-13,Tulare,107,460477,3578,2626,4,2630,96
2020-06-13,Tuolumne,109,53932,9,7,1,8,0
2020-06-13,Ventura,111,848112,2306,1567,9,1576,37
2020-06-13,Yolo,113,214977,317,251,0,251,24
2020-06-13,Yuba,115,75493,38,28,0,28,1
2020-06-12,Alameda,001,1643700,4896,4167,7,4174,109
2020-06-12,Alpine,003,1148,2,1,0,1,0
2020-06-12,Amador,005,37829,10,10,0,10,0
2020-06-12,Butte,007,227075,110,71,8,79,1
2020-06-12,Calaveras,009,45235,25,18,0,18,0
2020-06-12,Colusa,011,21464,12,7,0,7,0
2020-06-12,Contra Costa,013,1133247,2181,1827,1,1828,43
2020-06-12,Del Norte,015,27424,47,45,0,45,0
2020-06-12,El Dorado,017,186661,156,110,0,110,0
2020-06-12,Fresno,019,978130,4736,2428,49,2477,47
2020-06-12,Glenn,021,27897,46,21,0,21,0
2020-06-12,Humboldt,023,135768,125,105,0,105,3
2020-06-12,Imperial,025,180216,5789,3543,4,3547,36
2020-06-12,Inyo,027,18085,24,23,0,23,1
2020-06-12,Kern,029,883053,4276,3152,11,3163,54
2020-06-12,Kings,031,150075,1991,987,4,991,6
2020-06-12,Lake,033,64148,39,29,0,29,0
2020-06-12,Lassen,035,31185,12,5,2,7,0
2020-06-12,Los Angeles,037,10098052,79504,70385,21,70406,2814
2020-06-12,Madera,039,155013,459,187,1,188,3
2020-06-12,Marin,041,260295,831,649,2,651,17
2020-06-12,Mariposa,043,17540,18,16,0,16,1
2020-06-12,Mendocino,045,87422,50,33,0,33,0
2020-06-12,Merced,047,269075,665,372,0,372,7
2020-06-12,Modoc,049,8938,1,0,0,0,0
2020-06-12,Mono,051,14174,39,35,0,35,1
2020-06-12,Monterey,053,433212,1203,864,4,868,11
2020-06-12,Napa,055,140530,220,162,0,162,3
2020-06-12,Nevada,057,99092,73,52,1,53,1
2020-06-12,Orange,059,3164182,12223,8440,82,8522,203
2020-06-12,Placer,061,380077,489,333,2,335,9
2020-06-12,Plumas,063,18699,5,4,0,4,0
2020-06-12,Riverside,065,2383286,13528,10616,13,10629,364
2020-06-12,Sacramento,067,1510023,1969,1702,4,1706,60
2020-06-12,San Benito,069,59416,158,96,0,96,2
2020-06-12,San Bernardino,071,2135413,9466,6707,7,6714,223
2020-06-12,San Diego,073,3302833,10602,9132,1,9133,313
2020-06-12,San Francisco,075,870044,3071,2823,1,2824,44
2020-06-12,San Joaquin,077,732212,2183,1406,4,1410,43
2020-06-12,San Luis Obispo,079,281455,456,321,3,324,1
2020-06-12,San Mateo,081,765935,2780,2533,4,2537,75
2020-06-12,Santa Barbara,083,443738,2939,1969,11,1980,14
2020-06-12,Santa Clara,085,1922200,3904,3099,7,3106,149
2020-06-12,Santa Cruz,087,273765,280,251,0,251,2
2020-06-12,Shasta,089,179085,92,48,0,48,5
2020-06-12,Sierra,091,2930,1,1,0,1,0
2020-06-12,Siskiyou,093,43540,25,13,0,13,0
2020-06-12,Solano,095,438530,908,620,4,624,19
2020-06-12,Sonoma,097,501317,862,696,1,697,4
2020-06-12,Stanislaus,099,539301,1687,1092,5,1097,33
2020-06-12,Sutter,101,95872,92,56,0,56,2
2020-06-12,Tehama,103,63373,32,13,2,15,1
2020-06-12,Trinity,105,12862,9,2,2,4,0
2020-06-12,Tulare,107,460477,3524,2552,4,2556,95
2020-06-12,Tuolumne,109,53932,9,7,1,8,0
2020-06-12,Ventura,111,848112,2254,1534,9,1543,35
2020-06-12,Yolo,113,214977,305,243,0,243,24
2020-06-12,Yuba,115,75493,36,27,0,27,1
2020-06-11,Alameda,001,1643700,4766,4073,6,4079,108
2020-06-11,Alpine,003,1148,2,1,0,1,0
2020-06-11,Amador,005,37829,9,10,0,10,0
2020-06-11,Butte,007,227075,104,72,8,80,1
2020-06-11,Calaveras,009,45235,24,16,0,16,0
2020-06-11,Colusa,011,21464,12,7,0,7,0
2020-06-11,Contra Costa,013,1133247,2128,1797,1,1798,43
2020-06-11,Del Norte,015,27424,47,45,0,45,0
2020-06-11,El Dorado,017,186661,148,109,0,109,0
2020-06-11,Fresno,019,978130,4581,2338,49,2387,45
2020-06-11,Glenn,021,27897,42,21,0,21,0
2020-06-11,Humboldt,023,135768,121,113,0,113,3
2020-06-11,Imperial,025,180216,5633,3463,4,3467,36
2020-06-11,Inyo,027,18085,22,23,0,23,1
2020-06-11,Kern,029,883053,4124,3047,9,3056,54
2020-06-11,Kings,031,150075,1958,963,4,967,6
2020-06-11,Lake,033,64148,39,28,0,28,0
2020-06-11,Lassen,035,31185,12,5,2,7,0
2020-06-11,Los Angeles,037,10098052,77837,68807,20,68827,2800
2020-06-11,Madera,039,155013,441,178,1,179,3
2020-06-11,Marin,041,260295,783,637,2,639,17
2020-06-11,Mariposa,043,17540,18,16,0,16,1
2020-06-11,Mendocino,045,87422,41,35,0,35,0
2020-06-11,Merced,047,269075,625,370,0,370,7
2020-06-11,Modoc,049,8938,1,0,0,0,0
2020-06-11,Mono,051,14174,39,35,0,35,1
2020-06-11,Monterey,053,433212,1156,813,4,817,11
2020-06-11,Napa,055,140530,211,162,0,162,3
2020-06-11,Nevada,057,99092,67,50,1,51,1
2020-06-11,Orange,059,3164182,11914,8304,81,8385,188
2020-06-11,Placer,061,380077,470,321,2,323,9
2020-06-11,Plumas,063,18699,5,4,0,4,0
2020-06-11,Riverside,065,2383286,13175,10014,13,10027,361
2020-06-11,Sacramento,067,1510023,1921,1669,4,1673,60
2020-06-11,San Benito,069,59416,152,94,0,94,2
2020-06-11,San Bernardino,071,2135413,9169,6509,7,6516,221
2020-06-11,San Diego,073,3302833,10372,9000,0,9000,308
2020-06-11,San Francisco,075,870044,3042,2766,1,2767,44
2020-06-11,San Joaquin,077,732212,2071,1351,4,1355,43
2020-06-11,San Luis Obispo,079,281455,442,307,3,310,1
2020-06-11,San Mateo,081,765935,2742,2499,4,2503,74
2020-06-11,Santa Barbara,083,443738,2874,1895,11,1906,14
2020-06-11,Santa Clara,085,1922200,3838,3049,7,3056,149
2020-06-11,Santa Cruz,087,273765,276,247,0,247,2
2020-06-11,Shasta,089,179085,85,47,0,47,5
2020-06-11,Sierra,091,2930,1,1,0,1,0
2020-06-11,Siskiyou,093,43540,25,14,0,14,0
2020-06-11,Solano,095,438530,882,616,4,620,19
2020-06-11,Sonoma,097,501317,839,682,1,683,4
2020-06-11,Stanislaus,099,539301,1596,1062,5,1067,30
2020-06-11,Sutter,101,95872,89,56,0,56,2
2020-06-11,Tehama,103,63373,27,10,2,12,1
2020-06-11,Trinity,105,12862,7,2,2,4,0
2020-06-11,Tulare,107,460477,3425,2473,4,2477,95
2020-06-11,Tuolumne,109,53932,9,7,1,8,0
2020-06-11,Ventura,111,848112,2177,1491,8,1499,34
2020-06-11,Yolo,113,214977,297,230,0,230,24
2020-06-11,Yuba,115,75493,36,27,0,27,1
2020-06-10,Alameda,001,1643700,4666,4027,5,4032,107
2020-06-10,Alpine,003,1148,2,1,0,1,0
2020-06-10,Amador,005,37829,9,10,0,10,0
2020-06-10,Butte,007,227075,101,71,8,79,1
2020-06-10,Calaveras,009,45235,24,16,0,16,0
2020-06-10,Colusa,011,21464,11,7,0,7,0
2020-06-10,Contra Costa,013,1133247,2084,1778,1,1779,43
2020-06-10,Del Norte,015,27424,47,45,0,45,0
2020-06-10,El Dorado,017,186661,145,109,0,109,0
2020-06-10,Fresno,019,978130,4405,2324,49,2373,45
2020-06-10,Glenn,021,27897,39,21,0,21,0
2020-06-10,Humboldt,023,135768,117,112,0,112,3
2020-06-10,Imperial,025,180216,5485,3454,4,3458,36
2020-06-10,Inyo,027,18085,22,23,0,23,1
2020-06-10,Kern,029,883053,3999,3000,8,3008,54
2020-06-10,Kings,031,150075,1911,952,3,955,6
2020-06-10,Lake,033,64148,39,28,0,28,0
2020-06-10,Lassen,035,31185,12,5,2,7,0
2020-06-10,Los Angeles,037,10098052,76316,67018,20,67038,2752
2020-06-10,Madera,039,155013,427,176,1,177,3
2020-06-10,Marin,041,260295,752,633,2,635,17
2020-06-10,Mariposa,043,17540,17,16,0,16,1
2020-06-10,Mendocino,045,87422,40,35,0,35,0
2020-06-10,Merced,047,269075,592,370,0,370,7
2020-06-10,Modoc,049,8938,1,0,0,0,0
2020-06-10,Mono,051,14174,39,35,0,35,1
2020-06-10,Monterey,053,433212,1102,791,4,795,11
2020-06-10,Napa,055,140530,208,159,0,159,3
2020-06-10,Nevada,057,99092,65,50,1,51,1
2020-06-10,Orange,059,3164182,11638,8222,78,8300,184
2020-06-10,Placer,061,380077,445,309,2,311,9
2020-06-10,Plumas,063,18699,5,4,0,4,0
2020-06-10,Riverside,065,2383286,12852,9857,13,9870,361
2020-06-10,Sacramento,067,1510023,1882,1643,2,1645,59
2020-06-10,San Benito,069,59416,143,94,0,94,2
2020-06-10,San Bernardino,071,2135413,8877,6438,7,6445,219
2020-06-10,San Diego,073,3302833,10208,8839,0,8839,305
2020-06-10,San Francisco,075,870044,3017,2774,1,2775,44
2020-06-10,San Joaquin,077,732212,1942,1282,4,1286,41
2020-06-10,San Luis Obispo,079,281455,423,306,3,309,1
2020-06-10,San Mateo,081,765935,2702,2492,4,2496,74
2020-06-10,Santa Barbara,083,443738,2818,1878,11,1889,13
2020-06-10,Santa Clara,085,1922200,3787,3032,7,3039,149
2020-06-10,Santa Cruz,087,273765,272,242,0,242,2
2020-06-10,Shasta,089,179085,80,45,0,45,5
2020-06-10,Sierra,091,2930,1,1,0,1,0
2020-06-10,Siskiyou,093,43540,25,14,0,14,0
2020-06-10,Solano,095,438530,846,608,4,612,19
2020-06-10,Sonoma,097,501317,821,673,1,674,4
2020-06-10,Stanislaus,099,539301,1506,1030,5,1035,29
2020-06-10,Sutter,101,95872,88,56,0,56,2
2020-06-10,Tehama,103,63373,25,10,2,12,1
2020-06-10,Trinity,105,12862,7,2,2,4,0
2020-06-10,Tulare,107,460477,3333,2455,4,2459,95
2020-06-10,Tuolumne,109,53932,9,7,1,8,0
2020-06-10,Ventura,111,848112,2131,1446,7,1453,34
2020-06-10,Yolo,113,214977,289,226,0,226,24
2020-06-10,Yuba,115,75493,35,27,0,27,1
2020-06-09,Alameda,001,1643700,4556,3963,5,3968,103
2020-06-09,Alpine,003,1148,2,1,0,1,0
2020-06-09,Amador,005,37829,9,10,0,10,0
2020-06-09,Butte,007,227075,100,70,7,77,1
2020-06-09,Calaveras,009,45235,24,16,0,16,0
2020-06-09,Colusa,011,21464,10,7,0,7,0
2020-06-09,Contra Costa,013,1133247,2043,1744,1,1745,42
2020-06-09,Del Norte,015,27424,47,45,0,45,0
2020-06-09,El Dorado,017,186661,137,108,0,108,0
2020-06-09,Fresno,019,978130,4253,2278,49,2327,43
2020-06-09,Glenn,021,27897,38,19,0,19,0
2020-06-09,Humboldt,023,135768,115,113,0,113,2
2020-06-09,Imperial,025,180216,5334,3067,4,3071,36
2020-06-09,Inyo,027,18085,22,22,0,22,1
2020-06-09,Kern,029,883053,3871,2920,8,2928,51
2020-06-09,Kings,031,150075,1879,934,3,937,6
2020-06-09,Lake,033,64148,39,28,0,28,0
2020-06-09,Lassen,035,31185,12,5,2,7,0
2020-06-09,Los Angeles,037,10098052,74658,65827,20,65847,2692
2020-06-09,Madera,039,155013,412,172,1,173,3
2020-06-09,Marin,041,260295,716,616,2,618,17
2020-06-09,Mariposa,043,17540,17,16,0,16,1
2020-06-09,Mendocino,045,87422,36,35,0,35,0
2020-06-09,Merced,047,269075,563,349,0,349,7
2020-06-09,Modoc,049,8938,1,0,0,0,0
2020-06-09,Mono,051,14174,39,35,0,35,1
2020-06-09,Monterey,053,433212,1061,772,4,776,11
2020-06-09,Napa,055,140530,198,156,0,156,3
2020-06-09,Nevada,057,99092,57,50,1,51,1
2020-06-09,Orange,059,3164182,11395,7991,76,8067,174
2020-06-09,Placer,061,380077,432,301,2,303,9
2020-06-09,Plumas,063,18699,5,4,0,4,0
2020-06-09,Riverside,065,2383286,12474,9511,13,9524,354
2020-06-09,Sacramento,067,1510023,1828,1625,2,1627,59
2020-06-09,San Benito,069,59416,137,95,0,95,2
2020-06-09,San Bernardino,071,2135413,8553,6268,6,6274,217
2020-06-09,San Diego,073,3302833,10023,8731,0,8731,301
2020-06-09,San Francisco,075,870044,2992,2749,1,2750,44
2020-06-09,San Joaquin,077,732212,1836,1240,4,1244,41
2020-06-09,San Luis Obispo,079,281455,410,301,2,303,1
2020-06-09,San Mateo,081,765935,2671,2463,4,2467,74
2020-06-09,Santa Barbara,083,443738,2754,1854,11,1865,13
2020-06-09,Santa Clara,085,1922200,3720,3006,7,3013,147
2020-06-09,Santa Cruz,087,273765,266,237,0,237,2
2020-06-09,Shasta,089,179085,76,44,0,44,4
2020-06-09,Sierra,091,2930,1,1,0,1,0
2020-06-09,Siskiyou,093,43540,20,10,0,10,0
2020-06-09,Solano,095,438530,811,596,4,600,18
2020-06-09,Sonoma,097,501317,798,661,1,662,4
2020-06-09,Stanislaus,099,539301,1405,993,5,998,25
2020-06-09,Sutter,101,95872,85,56,0,56,2
2020-06-09,Tehama,103,63373,25,9,2,11,1
2020-06-09,Trinity,105,12862,6,2,2,4,0
2020-06-09,Tulare,107,460477,3267,2393,4,2397,91
2020-06-09,Tuolumne,109,53932,9,8,1,9,0
2020-06-09,Ventura,111,848112,2065,1407,7,1414,34
2020-06-09,Yolo,113,214977,278,226,0,226,24
2020-06-09,Yuba,115,75493,34,27,0,27,1
2020-06-08,Alameda,001,1643700,4476,3937,5,3942,103
2020-06-08,Alpine,003,1148,2,1,0,1,0
2020-06-08,Amador,005,37829,9,10,0,10,0
2020-06-08,Butte,007,227075,96,68,7,75,1
2020-06-08,Calaveras,009,45235,24,16,0,16,0
2020-06-08,Colusa,011,21464,9,7,0,7,0
2020-06-08,Contra Costa,013,1133247,2000,1714,1,1715,41
2020-06-08,Del Norte,015,27424,47,45,0,45,0
2020-06-08,El Dorado,017,186661,133,107,0,107,0
2020-06-08,Fresno,019,978130,4129,2194,48,2242,42
2020-06-08,Glenn,021,27897,36,17,0,17,0
2020-06-08,Humboldt,023,135768,115,112,0,112,2
2020-06-08,Imperial,025,180216,5182,3051,4,3055,21
2020-06-08,Inyo,027,18085,22,22,0,22,1
2020-06-08,Kern,029,883053,3740,2853,8,2861,49
2020-06-08,Kings,031,150075,1803,892,3,895,6
2020-06-08,Lake,033,64148,39,28,0,28,0
2020-06-08,Lassen,035,31185,12,4,2,6,0
2020-06-08,Los Angeles,037,10098052,73196,64634,20,64654,2640
2020-06-08,Madera,039,155013,382,154,1,155,3
2020-06-08,Marin,041,260295,675,596,2,598,17
2020-06-08,Mariposa,043,17540,16,16,0,16,1
2020-06-08,Mendocino,045,87422,34,32,0,32,0
2020-06-08,Merced,047,269075,529,331,0,331,7
2020-06-08,Modoc,049,8938,1,0,0,0,0
2020-06-08,Mono,051,14174,39,35,0,35,1
2020-06-08,Monterey,053,433212,1010,751,3,754,10
2020-06-08,Napa,055,140530,182,151,0,151,3
2020-06-08,Nevada,057,99092,56,50,1,51,1
2020-06-08,Orange,059,3164182,11144,7786,74,7860,160
2020-06-08,Placer,061,380077,415,290,2,292,9
2020-06-08,Plumas,063,18699,5,4,0,4,0
2020-06-08,Riverside,065,2383286,12105,9246,13,9259,347
2020-06-08,Sacramento,067,1510023,1778,1591,2,1593,59
2020-06-08,San Benito,069,59416,130,93,0,93,2
2020-06-08,San Bernardino,071,2135413,8232,6122,6,6128,214
2020-06-08,San Diego,073,3302833,9866,8621,0,8621,296
2020-06-08,San Francisco,075,870044,2965,2715,1,2716,43
2020-06-08,San Joaquin,077,732212,1729,1198,4,1202,40
2020-06-08,San Luis Obispo,079,281455,404,300,2,302,1
2020-06-08,San Mateo,081,765935,2640,2431,3,2434,74
2020-06-08,Santa Barbara,083,443738,2687,1824,9,1833,13
2020-06-08,Santa Clara,085,1922200,3675,2971,7,2978,146
2020-06-08,Santa Cruz,087,273765,265,234,0,234,2
2020-06-08,Shasta,089,179085,72,43,0,43,4
2020-06-08,Sierra,091,2930,1,1,0,1,0
2020-06-08,Siskiyou,093,43540,20,8,0,8,0
2020-06-08,Solano,095,438530,784,560,4,564,19
2020-06-08,Sonoma,097,501317,782,654,1,655,4
2020-06-08,Stanislaus,099,539301,1323,956,5,961,28
2020-06-08,Sutter,101,95872,78,55,0,55,2
2020-06-08,Tehama,103,63373,19,8,2,10,1
2020-06-08,Trinity,105,12862,6,2,2,4,0
2020-06-08,Tulare,107,460477,3184,2301,4,2305,91
2020-06-08,Tuolumne,109,53932,8,8,1,9,0
2020-06-08,Ventura,111,848112,2007,1382,7,1389,30
2020-06-08,Yolo,113,214977,267,228,0,228,24
2020-06-08,Yuba,115,75493,32,27,0,27,1
2020-06-07,Alameda,001,1643700,4363,3866,5,3871,102
2020-06-07,Alpine,003,1148,2,1,0,1,0
2020-06-07,Amador,005,37829,9,10,0,10,0
2020-06-07,Butte,007,227075,94,64,5,69,1
2020-06-07,Calaveras,009,45235,22,16,0,16,0
2020-06-07,Colusa,011,21464,9,7,0,7,0
2020-06-07,Contra Costa,013,1133247,1949,1653,0,1653,38
2020-06-07,Del Norte,015,27424,45,45,0,45,0
2020-06-07,El Dorado,017,186661,133,104,0,104,0
2020-06-07,Fresno,019,978130,3999,2144,48,2192,41
2020-06-07,Glenn,021,27897,29,16,0,16,0
2020-06-07,Humboldt,023,135768,115,112,0,112,2
2020-06-07,Imperial,025,180216,5031,3048,4,3052,19
2020-06-07,Inyo,027,18085,22,21,0,21,1
2020-06-07,Kern,029,883053,3609,2771,8,2779,46
2020-06-07,Kings,031,150075,1754,882,3,885,6
2020-06-07,Lake,033,64148,36,28,0,28,0
2020-06-07,Lassen,035,31185,11,4,2,6,0
2020-06-07,Los Angeles,037,10098052,71493,63750,20,63770,2629
2020-06-07,Madera,039,155013,365,149,1,150,3
2020-06-07,Marin,041,260295,661,584,2,586,17
2020-06-07,Mariposa,043,17540,16,16,0,16,1
2020-06-07,Mendocino,045,87422,34,32,0,32,0
2020-06-07,Merced,047,269075,496,318,0,318,7
2020-06-07,Modoc,049,8938,1,0,0,0,0
2020-06-07,Mono,051,14174,39,35,0,35,1
2020-06-07,Monterey,053,433212,963,732,3,735,10
2020-06-07,Napa,055,140530,174,142,0,142,3
2020-06-07,Nevada,057,99092,55,50,1,51,1
2020-06-07,Orange,059,3164182,10886,7643,72,7715,158
2020-06-07,Placer,061,380077,394,273,1,274,9
2020-06-07,Plumas,063,18699,5,4,0,4,0
2020-06-07,Riverside,065,2383286,11809,9105,13,9118,344
2020-06-07,Sacramento,067,1510023,1730,1568,2,1570,59
2020-06-07,San Benito,069,59416,127,92,0,92,2
2020-06-07,San Bernardino,071,2135413,7947,6033,6,6039,214
2020-06-07,San Diego,073,3302833,9687,8478,0,8478,296
2020-06-07,San Francisco,075,870044,2921,2674,0,2674,43
2020-06-07,San Joaquin,077,732212,1628,1126,4,1130,37
2020-06-07,San Luis Obispo,079,281455,394,296,2,298,1
2020-06-07,San Mateo,081,765935,2613,2399,3,2402,73
2020-06-07,Santa Barbara,083,443738,2619,1818,9,1827,13
2020-06-07,Santa Clara,085,1922200,3624,2947,7,2954,146
2020-06-07,Santa Cruz,087,273765,257,230,0,230,2
2020-06-07,Shasta,089,179085,71,41,0,41,4
2020-06-07,Sierra,091,2930,1,1,0,1,0
2020-06-07,Siskiyou,093,43540,20,8,0,8,0
2020-06-07,Solano,095,438530,761,560,4,564,19
2020-06-07,Sonoma,097,501317,751,639,1,640,4
2020-06-07,Stanislaus,099,539301,1243,905,5,910,28
2020-06-07,Sutter,101,95872,70,55,0,55,2
2020-06-07,Tehama,103,63373,16,8,2,10,1
2020-06-07,Trinity,105,12862,5,2,2,4,0
2020-06-07,Tulare,107,460477,3062,2219,4,2223,90
2020-06-07,Tuolumne,109,53932,8,4,1,5,0
2020-06-07,Ventura,111,848112,1941,1337,7,1344,30
2020-06-07,Yolo,113,214977,257,224,0,224,24
2020-06-07,Yuba,115,75493,32,27,0,27,1
2020-06-06,Alameda,001,1643700,4318,3801,5,3806,102
2020-06-06,Alpine,003,1148,2,1,0,1,0
2020-06-06,Amador,005,37829,9,10,0,10,0
2020-06-06,Butte,007,227075,93,63,5,68,1
2020-06-06,Calaveras,009,45235,20,16,0,16,0
2020-06-06,Colusa,011,21464,9,7,0,7,0
2020-06-06,Contra Costa,013,1133247,1928,1619,0,1619,37
2020-06-06,Del Norte,015,27424,45,45,0,45,0
2020-06-06,El Dorado,017,186661,129,104,0,104,0
2020-06-06,Fresno,019,978130,3945,2117,48,2165,41
2020-06-06,Glenn,021,27897,27,16,0,16,0
2020-06-06,Humboldt,023,135768,115,112,0,112,2
2020-06-06,Imperial,025,180216,4955,3047,4,3051,19
2020-06-06,Inyo,027,18085,22,21,0,21,1
2020-06-06,Kern,029,883053,3539,2695,8,2703,46
2020-06-06,Kings,031,150075,1735,882,3,885,6
2020-06-06,Lake,033,64148,36,28,0,28,0
2020-06-06,Lassen,035,31185,11,4,2,6,0
2020-06-06,Los Angeles,037,10098052,70746,62269,20,62289,2607
2020-06-06,Madera,039,155013,356,149,1,150,3
2020-06-06,Marin,041,260295,656,556,2,558,17
2020-06-06,Mariposa,043,17540,16,16,0,16,1
2020-06-06,Mendocino,045,87422,34,32,0,32,0
2020-06-06,Merced,047,269075,494,315,0,315,7
2020-06-06,Modoc,049,8938,1,0,0,0,0
2020-06-06,Mono,051,14174,39,35,0,35,1
2020-06-06,Monterey,053,433212,939,679,3,682,10
2020-06-06,Napa,055,140530,168,136,0,136,3
2020-06-06,Nevada,057,99092,54,50,1,51,1
2020-06-06,Orange,059,3164182,10727,7576,71,7647,157
2020-06-06,Placer,061,380077,382,270,1,271,9
2020-06-06,Plumas,063,18699,5,4,0,4,0
2020-06-06,Riverside,065,2383286,11631,8935,13,8948,345
2020-06-06,Sacramento,067,1510023,1707,1533,2,1535,59
2020-06-06,San Benito,069,59416,117,92,0,92,2
2020-06-06,San Bernardino,071,2135413,7799,5946,6,5952,214
2020-06-06,San Diego,073,3302833,9566,8347,0,8347,296
2020-06-06,San Francisco,075,870044,2906,2674,0,2674,43
2020-06-06,San Joaquin,077,732212,1588,1076,4,1080,37
2020-06-06,San Luis Obispo,079,281455,388,295,2,297,1
2020-06-06,San Mateo,081,765935,2598,2342,3,2345,72
2020-06-06,Santa Barbara,083,443738,2576,1815,9,1824,13
2020-06-06,Santa Clara,085,1922200,3583,2934,7,2941,144
2020-06-06,Santa Cruz,087,273765,255,226,0,226,2
2020-06-06,Shasta,089,179085,71,40,0,40,4
2020-06-06,Sierra,091,2930,1,1,0,1,0
2020-06-06,Siskiyou,093,43540,18,8,0,8,0
2020-06-06,Solano,095,438530,746,560,4,564,19
2020-06-06,Sonoma,097,501317,739,622,1,623,4
2020-06-06,Stanislaus,099,539301,1209,858,5,863,27
2020-06-06,Sutter,101,95872,70,51,0,51,2
2020-06-06,Tehama,103,63373,15,8,2,10,1
2020-06-06,Trinity,105,12862,5,2,1,3,0
2020-06-06,Tulare,107,460477,3029,2213,4,2217,90
2020-06-06,Tuolumne,109,53932,8,4,1,5,0
2020-06-06,Ventura,111,848112,1917,1303,7,1310,30
2020-06-06,Yolo,113,214977,255,223,0,223,24
2020-06-06,Yuba,115,75493,32,27,0,27,1
2020-06-05,Alameda,001,1643700,4267,3734,5,3739,102
2020-06-05,Alpine,003,1148,2,1,0,1,0
2020-06-05,Amador,005,37829,9,10,0,10,0
2020-06-05,Butte,007,227075,90,61,5,66,1
2020-06-05,Calaveras,009,45235,19,16,0,16,0
2020-06-05,Colusa,011,21464,9,7,0,7,0
2020-06-05,Contra Costa,013,1133247,1913,1575,0,1575,37
2020-06-05,Del Norte,015,27424,45,45,0,45,0
2020-06-05,El Dorado,017,186661,128,101,0,101,0
2020-06-05,Fresno,019,978130,3881,2051,47,2098,38
2020-06-05,Glenn,021,27897,25,16,0,16,0
2020-06-05,Humboldt,023,135768,114,111,0,111,2
2020-06-05,Imperial,025,180216,4849,2778,4,2782,19
2020-06-05,Inyo,027,18085,22,21,0,21,1
2020-06-05,Kern,029,883053,3450,2624,8,2632,46
2020-06-05,Kings,031,150075,1720,865,3,868,6
2020-06-05,Lake,033,64148,35,28,0,28,0
2020-06-05,Lassen,035,31185,10,4,2,6,0
2020-06-05,Los Angeles,037,10098052,69599,60955,20,60975,2553
2020-06-05,Madera,039,155013,334,144,1,145,3
2020-06-05,Marin,041,260295,647,546,2,548,17
2020-06-05,Mariposa,043,17540,16,16,0,16,1
2020-06-05,Mendocino,045,87422,34,32,0,32,0
2020-06-05,Merced,047,269075,492,309,0,309,7
2020-06-05,Modoc,049,8938,1,0,0,0,0
2020-06-05,Mono,051,14174,39,35,0,35,1
2020-06-05,Monterey,053,433212,907,649,3,652,10
2020-06-05,Napa,055,140530,165,123,0,123,3
2020-06-05,Nevada,057,99092,54,50,1,51,1
2020-06-05,Orange,059,3164182,10530,7391,69,7460,153
2020-06-05,Placer,061,380077,372,265,1,266,9
2020-06-05,Plumas,063,18699,5,4,0,4,0
2020-06-05,Riverside,065,2383286,11372,8700,13,8713,345
2020-06-05,Sacramento,067,1510023,1685,1514,2,1516,59
2020-06-05,San Benito,069,59416,115,92,0,92,2
2020-06-05,San Bernardino,071,2135413,7617,5869,5,5874,212
2020-06-05,San Diego,073,3302833,9451,8182,0,8182,294
2020-06-05,San Francisco,075,870044,2888,2675,0,2675,43
2020-06-05,San Joaquin,077,732212,1509,1046,4,1050,36
2020-06-05,San Luis Obispo,079,281455,381,293,2,295,1
2020-06-05,San Mateo,081,765935,2573,2331,3,2334,72
2020-06-05,Santa Barbara,083,443738,2537,1795,9,1804,13
2020-06-05,Santa Clara,085,1922200,3554,2902,7,2909,144
2020-06-05,Santa Cruz,087,273765,252,222,0,222,2
2020-06-05,Shasta,089,179085,70,40,0,40,4
2020-06-05,Sierra,091,2930,1,1,0,1,0
2020-06-05,Siskiyou,093,43540,16,8,0,8,0
2020-06-05,Solano,095,438530,739,558,4,562,19
2020-06-05,Sonoma,097,501317,718,618,1,619,4
2020-06-05,Stanislaus,099,539301,1176,842,5,847,27
2020-06-05,Sutter,101,95872,70,49,0,49,2
2020-06-05,Tehama,103,63373,15,7,2,9,1
2020-06-05,Trinity,105,12862,5,1,1,2,0
2020-06-05,Tulare,107,460477,2980,2180,4,2184,90
2020-06-05,Tuolumne,109,53932,8,4,1,5,0
2020-06-05,Ventura,111,848112,1884,1274,7,1281,30
2020-06-05,Yolo,113,214977,254,216,0,216,24
2020-06-05,Yuba,115,75493,32,27,0,27,1
2020-06-04,Alameda,001,1643700,4168,3643,5,3648,99
2020-06-04,Alpine,003,1148,2,1,0,1,0
2020-06-04,Amador,005,37829,9,10,0,10,0
2020-06-04,Butte,007,227075,86,57,4,61,1
2020-06-04,Calaveras,009,45235,19,15,0,15,0
2020-06-04,Colusa,011,21464,9,7,0,7,0
2020-06-04,Contra Costa,013,1133247,1855,1551,0,1551,37
2020-06-04,Del Norte,015,27424,45,45,0,45,0
2020-06-04,El Dorado,017,186661,126,101,0,101,0
2020-06-04,Fresno,019,978130,3775,2007,47,2054,35
2020-06-04,Glenn,021,27897,22,16,0,16,0
2020-06-04,Humboldt,023,135768,114,109,0,109,2
2020-06-04,Imperial,025,180216,4666,2631,4,2635,19
2020-06-04,Inyo,027,18085,22,20,0,20,1
2020-06-04,Kern,029,883053,3334,2530,8,2538,46
2020-06-04,Kings,031,150075,1650,842,3,845,6
2020-06-04,Lake,033,64148,34,27,0,27,0
2020-06-04,Lassen,035,31185,8,4,2,6,0
2020-06-04,Los Angeles,037,10098052,68131,59596,20,59616,2515
2020-06-04,Madera,039,155013,326,127,1,128,3
2020-06-04,Marin,041,260295,625,533,2,535,14
2020-06-04,Mariposa,043,17540,16,16,0,16,1
2020-06-04,Mendocino,045,87422,34,29,0,29,0
2020-06-04,Merced,047,269075,472,304,0,304,7
2020-06-04,Modoc,049,8938,1,0,0,0,0
2020-06-04,Mono,051,14174,39,35,0,35,1
2020-06-04,Monterey,053,433212,872,621,2,623,10
2020-06-04,Napa,055,140530,161,117,0,117,3
2020-06-04,Nevada,057,99092,53,49,1,50,1
2020-06-04,Orange,059,3164182,10276,7192,68,7260,148
2020-06-04,Placer,061,380077,356,256,1,257,9
2020-06-04,Plumas,063,18699,4,4,0,4,0
2020-06-04,Riverside,065,2383286,11094,8473,13,8486,341
2020-06-04,Sacramento,067,1510023,1658,1492,2,1494,58
2020-06-04,San Benito,069,59416,113,88,0,88,2
2020-06-04,San Bernardino,071,2135413,7349,5726,5,5731,207
2020-06-04,San Diego,073,3302833,9288,7942,0,7942,288
2020-06-04,San Francisco,075,870044,2855,2636,0,2636,43
2020-06-04,San Joaquin,077,732212,1447,1016,4,1020,36
2020-06-04,San Luis Obispo,079,281455,372,288,2,290,1
2020-06-04,San Mateo,081,765935,2547,2284,3,2287,72
2020-06-04,Santa Barbara,083,443738,2486,1750,8,1758,13
2020-06-04,Santa Clara,085,1922200,3522,2871,7,2878,144
2020-06-04,Santa Cruz,087,273765,246,218,0,218,2
2020-06-04,Shasta,089,179085,64,40,0,40,4
2020-06-04,Sierra,091,2930,1,1,0,1,0
2020-06-04,Siskiyou,093,43540,15,8,0,8,0
2020-06-04,Solano,095,438530,722,551,4,555,19
2020-06-04,Sonoma,097,501317,699,591,1,592,4
2020-06-04,Stanislaus,099,539301,1100,806,5,811,28
2020-06-04,Sutter,101,95872,65,46,0,46,2
2020-06-04,Tehama,103,63373,14,6,1,7,1
2020-06-04,Trinity,105,12862,5,1,1,2,0
2020-06-04,Tulare,107,460477,2864,2086,4,2090,90
2020-06-04,Tuolumne,109,53932,7,4,1,5,0
2020-06-04,Ventura,111,848112,1840,1236,7,1243,30
2020-06-04,Yolo,113,214977,249,216,0,216,24
2020-06-04,Yuba,115,75493,31,27,0,27,1
2020-06-03,Alameda,001,1643700,4109,3589,4,3593,99
2020-06-03,Alpine,003,1148,2,1,0,1,0
2020-06-03,Amador,005,37829,9,10,0,10,0
2020-06-03,Butte,007,227075,84,53,4,57,1
2020-06-03,Calaveras,009,45235,18,15,0,15,0
2020-06-03,Colusa,011,21464,9,7,0,7,0
2020-06-03,Contra Costa,013,1133247,1807,1511,0,1511,37
2020-06-03,Del Norte,015,27424,45,39,0,39,0
2020-06-03,El Dorado,017,186661,123,90,0,90,0
2020-06-03,Fresno,019,978130,3678,1943,47,1990,35
2020-06-03,Glenn,021,27897,22,16,0,16,0
2020-06-03,Humboldt,023,135768,114,103,0,103,2
2020-06-03,Imperial,025,180216,4494,2540,4,2544,19
2020-06-03,Inyo,027,18085,22,20,0,20,1
2020-06-03,Kern,029,883053,3238,2452,8,2460,44
2020-06-03,Kings,031,150075,1585,744,3,747,6
2020-06-03,Lake,033,64148,32,26,0,26,0
2020-06-03,Lassen,035,31185,8,4,2,6,0
2020-06-03,Los Angeles,037,10098052,66525,58166,20,58186,2472
2020-06-03,Madera,039,155013,318,117,1,118,3
2020-06-03,Marin,041,260295,607,527,2,529,14
2020-06-03,Mariposa,043,17540,16,16,0,16,1
2020-06-03,Mendocino,045,87422,33,29,0,29,0
2020-06-03,Merced,047,269075,458,299,0,299,7
2020-06-03,Modoc,049,8938,1,0,0,0,0
2020-06-03,Mono,051,14174,39,35,0,35,1
2020-06-03,Monterey,053,433212,844,592,2,594,10
2020-06-03,Napa,055,140530,160,116,0,116,3
2020-06-03,Nevada,057,99092,52,43,1,44,1
2020-06-03,Orange,059,3164182,10047,6939,67,7006,145
2020-06-03,Placer,061,380077,336,243,1,244,9
2020-06-03,Plumas,063,18699,4,4,0,4,0
2020-06-03,Riverside,065,2383286,10819,8208,13,8221,335
2020-06-03,Sacramento,067,1510023,1628,1457,2,1459,58
2020-06-03,San Benito,069,59416,107,88,0,88,2
2020-06-03,San Bernardino,071,2135413,7126,5565,5,5570,203
2020-06-03,San Diego,073,3302833,9140,7800,0,7800,283
2020-06-03,San Francisco,075,870044,2824,2608,0,2608,43
2020-06-03,San Joaquin,077,732212,1383,1004,4,1008,35
2020-06-03,San Luis Obispo,079,281455,367,279,2,281,1
2020-06-03,San Mateo,081,765935,2519,2243,3,2246,71
2020-06-03,Santa Barbara,083,443738,2438,1722,8,1730,12
2020-06-03,Santa Clara,085,1922200,3482,2836,7,2843,144
2020-06-03,Santa Cruz,087,273765,240,217,0,217,2
2020-06-03,Shasta,089,179085,61,40,0,40,4
2020-06-03,Sierra,091,2930,1,1,0,1,0
2020-06-03,Siskiyou,093,43540,14,8,0,8,0
2020-06-03,Solano,095,438530,697,543,2,545,18
2020-06-03,Sonoma,097,501317,687,578,1,579,4
2020-06-03,Stanislaus,099,539301,1060,780,5,785,27
2020-06-03,Sutter,101,95872,57,45,0,45,2
2020-06-03,Tehama,103,63373,14,6,1,7,1
2020-06-03,Trinity,105,12862,5,1,1,2,0
2020-06-03,Tulare,107,460477,2795,2041,4,2045,88
2020-06-03,Tuolumne,109,53932,5,4,1,5,0
2020-06-03,Ventura,111,848112,1774,1202,7,1209,30
2020-06-03,Yolo,113,214977,245,213,0,213,24
2020-06-03,Yuba,115,75493,31,27,0,27,1
2020-06-02,Alameda,001,1643700,4033,3517,4,3521,99
2020-06-02,Alpine,003,1148,2,1,0,1,0
2020-06-02,Amador,005,37829,9,10,0,10,0
2020-06-02,Butte,007,227075,80,51,3,54,1
2020-06-02,Calaveras,009,45235,18,15,0,15,0
2020-06-02,Colusa,011,21464,9,7,0,7,0
2020-06-02,Contra Costa,013,1133247,1775,1505,0,1505,37
2020-06-02,Del Norte,015,27424,45,39,0,39,0
2020-06-02,El Dorado,017,186661,122,88,0,88,0
2020-06-02,Fresno,019,978130,3566,1917,47,1964,34
2020-06-02,Glenn,021,27897,21,16,0,16,0
2020-06-02,Humboldt,023,135768,114,101,0,101,2
2020-06-02,Imperial,025,180216,4301,2459,4,2463,19
2020-06-02,Inyo,027,18085,20,20,0,20,1
2020-06-02,Kern,029,883053,3139,2406,6,2412,41
2020-06-02,Kings,031,150075,1557,720,3,723,5
2020-06-02,Lake,033,64148,32,25,0,25,0
2020-06-02,Lassen,035,31185,7,4,2,6,0
2020-06-02,Los Angeles,037,10098052,65122,57144,20,57164,2430
2020-06-02,Madera,039,155013,297,110,1,111,2
2020-06-02,Marin,041,260295,580,509,2,511,14
2020-06-02,Mariposa,043,17540,16,16,0,16,1
2020-06-02,Mendocino,045,87422,33,29,0,29,0
2020-06-02,Merced,047,269075,442,297,0,297,6
2020-06-02,Modoc,049,8938,1,0,0,0,0
2020-06-02,Mono,051,14174,39,35,0,35,1
2020-06-02,Monterey,053,433212,814,582,2,584,10
2020-06-02,Napa,055,140530,151,116,0,116,3
2020-06-02,Nevada,057,99092,51,41,1,42,1
2020-06-02,Orange,059,3164182,9846,6790,66,6856,142
2020-06-02,Placer,061,380077,322,226,1,227,9
2020-06-02,Plumas,063,18699,4,4,0,4,0
2020-06-02,Riverside,065,2383286,10523,8091,12,8103,330
2020-06-02,Sacramento,067,1510023,1599,1428,2,1430,58
2020-06-02,San Benito,069,59416,106,86,0,86,2
2020-06-02,San Bernardino,071,2135413,6918,5438,5,5443,202
2020-06-02,San Diego,073,3302833,8994,7676,0,7676,276
2020-06-02,San Francisco,075,870044,2789,2554,0,2554,43
2020-06-02,San Joaquin,077,732212,1317,985,4,989,35
2020-06-02,San Luis Obispo,079,281455,362,275,2,277,1
2020-06-02,San Mateo,081,765935,2484,2203,3,2206,71
2020-06-02,Santa Barbara,083,443738,2388,1703,8,1711,12
2020-06-02,Santa Clara,085,1922200,3432,2819,7,2826,144
2020-06-02,Santa Cruz,087,273765,235,215,0,215,2
2020-06-02,Shasta,089,179085,60,38,0,38,4
2020-06-02,Sierra,091,2930,1,1,0,1,0
2020-06-02,Siskiyou,093,43540,13,8,0,8,0
2020-06-02,Solano,095,438530,682,537,1,538,18
2020-06-02,Sonoma,097,501317,676,571,1,572,4
2020-06-02,Stanislaus,099,539301,1001,772,5,777,27
2020-06-02,Sutter,101,95872,54,43,0,43,2
2020-06-02,Tehama,103,63373,14,6,1,7,1
2020-06-02,Trinity,105,12862,5,1,1,2,0
2020-06-02,Tulare,107,460477,2715,2012,4,2016,86
2020-06-02,Tuolumne,109,53932,5,4,1,5,0
2020-06-02,Ventura,111,848112,1722,1178,7,1185,30
2020-06-02,Yolo,113,214977,243,213,0,213,24
2020-06-02,Yuba,115,75493,31,27,0,27,1
2020-06-01,Alameda,001,1643700,3968,3460,4,3464,98
2020-06-01,Alpine,003,1148,2,1,0,1,0
2020-06-01,Amador,005,37829,9,10,0,10,0
2020-06-01,Butte,007,227075,79,50,2,52,1
2020-06-01,Calaveras,009,45235,18,15,0,15,0
2020-06-01,Colusa,011,21464,9,7,0,7,0
2020-06-01,Contra Costa,013,1133247,1739,1486,0,1486,37
2020-06-01,Del Norte,015,27424,45,38,0,38,0
2020-06-01,El Dorado,017,186661,120,88,0,88,0
2020-06-01,Fresno,019,978130,3471,1854,45,1899,33
2020-06-01,Glenn,021,27897,21,16,0,16,0
2020-06-01,Humboldt,023,135768,114,98,0,98,2
2020-06-01,Imperial,025,180216,4078,2366,4,2370,14
2020-06-01,Inyo,027,18085,20,20,0,20,1
2020-06-01,Kern,029,883053,3056,2366,6,2372,38
2020-06-01,Kings,031,150075,1289,703,3,706,4
2020-06-01,Lake,033,64148,32,22,0,22,0
2020-06-01,Lassen,035,31185,7,4,2,6,0
2020-06-01,Los Angeles,037,10098052,63656,55899,20,55919,2367
2020-06-01,Madera,039,155013,285,103,1,104,2
2020-06-01,Marin,041,260295,539,495,2,497,14
2020-06-01,Mariposa,043,17540,16,16,0,16,1
2020-06-01,Mendocino,045,87422,33,28,0,28,0
2020-06-01,Merced,047,269075,423,289,0,289,6
2020-06-01,Modoc,049,8938,1,0,0,0,0
2020-06-01,Mono,051,14174,39,35,0,35,1
2020-06-01,Monterey,053,433212,789,554,2,556,10
2020-06-01,Napa,055,140530,148,114,0,114,3
2020-06-01,Nevada,057,99092,51,41,1,42,1
2020-06-01,Orange,059,3164182,9649,6640,65,6705,135
2020-06-01,Placer,061,380077,310,218,1,219,9
2020-06-01,Plumas,063,18699,4,4,0,4,0
2020-06-01,Riverside,065,2383286,10072,7921,12,7933,322
2020-06-01,Sacramento,067,1510023,1560,1415,2,1417,58
2020-06-01,San Benito,069,59416,103,86,0,86,2
2020-06-01,San Bernardino,071,2135413,6712,5310,5,5315,202
2020-06-01,San Diego,073,3302833,8814,7556,0,7556,269
2020-06-01,San Francisco,075,870044,2752,2546,0,2546,43
2020-06-01,San Joaquin,077,732212,1252,957,4,961,35
2020-06-01,San Luis Obispo,079,281455,358,275,2,277,1
2020-06-01,San Mateo,081,765935,2454,2190,3,2193,71
2020-06-01,Santa Barbara,083,443738,2341,1671,7,1678,10
2020-06-01,Santa Clara,085,1922200,3394,2797,6,2803,142
2020-06-01,Santa Cruz,087,273765,231,215,0,215,2
2020-06-01,Shasta,089,179085,60,38,0,38,4
2020-06-01,Sierra,091,2930,1,1,0,1,0
2020-06-01,Siskiyou,093,43540,13,7,0,7,0
2020-06-01,Solano,095,438530,658,529,1,530,17
2020-06-01,Sonoma,097,501317,660,565,1,566,4
2020-06-01,Stanislaus,099,539301,964,758,5,763,27
2020-06-01,Sutter,101,95872,49,43,0,43,2
2020-06-01,Tehama,103,63373,11,5,1,6,1
2020-06-01,Trinity,105,12862,4,1,1,2,0
2020-06-01,Tulare,107,460477,2600,1976,4,1980,84
2020-06-01,Tuolumne,109,53932,4,4,1,5,0
2020-06-01,Ventura,111,848112,1672,1163,7,1170,29
2020-06-01,Yolo,113,214977,240,212,0,212,24
2020-06-01,Yuba,115,75493,30,26,0,26,1
2020-05-31,Alameda,001,1643700,3862,3362,4,3366,98
2020-05-31,Alpine,003,1148,2,1,0,1,0
2020-05-31,Amador,005,37829,9,10,0,10,0
2020-05-31,Butte,007,227075,77,51,2,53,0
2020-05-31,Calaveras,009,45235,15,15,0,15,0
2020-05-31,Colusa,011,21464,9,5,0,5,0
2020-05-31,Contra Costa,013,1133247,1705,1458,0,1458,37
2020-05-31,Del Norte,015,27424,45,37,0,37,0
2020-05-31,El Dorado,017,186661,116,88,0,88,0
2020-05-31,Fresno,019,978130,3308,1780,43,1823,31
2020-05-31,Glenn,021,27897,20,16,0,16,0
2020-05-31,Humboldt,023,135768,112,98,0,98,2
2020-05-31,Imperial,025,180216,3811,2197,4,2201,14
2020-05-31,Inyo,027,18085,20,20,0,20,1
2020-05-31,Kern,029,883053,2921,2300,6,2306,38
2020-05-31,Kings,031,150075,1252,703,3,706,3
2020-05-31,Lake,033,64148,32,19,0,19,0
2020-05-31,Lassen,035,31185,7,4,2,6,0
2020-05-31,Los Angeles,037,10098052,62366,54925,20,54945,2344
2020-05-31,Madera,039,155013,267,101,1,102,2
2020-05-31,Marin,041,260295,529,486,2,488,14
2020-05-31,Mariposa,043,17540,16,16,0,16,1
2020-05-31,Mendocino,045,87422,33,24,0,24,0
2020-05-31,Merced,047,269075,396,288,0,288,6
2020-05-31,Modoc,049,8938,0,0,0,0,0
2020-05-31,Mono,051,14174,39,34,0,34,1
2020-05-31,Monterey,053,433212,716,545,2,547,10
2020-05-31,Napa,055,140530,146,114,0,114,3
2020-05-31,Nevada,057,99092,50,41,1,42,1
2020-05-31,Orange,059,3164182,9437,6532,64,6596,135
2020-05-31,Placer,061,380077,288,215,1,216,9
2020-05-31,Plumas,063,18699,4,4,0,4,0
2020-05-31,Riverside,065,2383286,9816,7704,12,7716,321
2020-05-31,Sacramento,067,1510023,1529,1398,2,1400,57
2020-05-31,San Benito,069,59416,97,85,0,85,2
2020-05-31,San Bernardino,071,2135413,6444,5185,5,5190,198
2020-05-31,San Diego,073,3302833,8620,7483,0,7483,269
2020-05-31,San Francisco,075,870044,2716,2501,0,2501,43
2020-05-31,San Joaquin,077,732212,1187,888,4,892,34
2020-05-31,San Luis Obispo,079,281455,348,271,2,273,1
2020-05-31,San Mateo,081,765935,2408,2169,3,2172,71
2020-05-31,Santa Barbara,083,443738,2276,1662,6,1668,9
2020-05-31,Santa Clara,085,1922200,3350,2785,6,2791,142
2020-05-31,Santa Cruz,087,273765,228,210,0,210,2
2020-05-31,Shasta,089,179085,58,38,0,38,4
2020-05-31,Sierra,091,2930,1,1,0,1,0
2020-05-31,Siskiyou,093,43540,12,7,0,7,0
2020-05-31,Solano,095,438530,632,512,1,513,6
2020-05-31,Sonoma,097,501317,640,555,1,556,4
2020-05-31,Stanislaus,099,539301,910,738,5,743,27
2020-05-31,Sutter,101,95872,47,42,0,42,2
2020-05-31,Tehama,103,63373,10,4,1,5,1
2020-05-31,Trinity,105,12862,4,1,1,2,0
2020-05-31,Tulare,107,460477,2527,1884,4,1888,82
2020-05-31,Tuolumne,109,53932,4,4,1,5,0
2020-05-31,Ventura,111,848112,1612,1151,7,1158,30
2020-05-31,Yolo,113,214977,234,211,0,211,24
2020-05-31,Yuba,115,75493,30,26,0,26,1
2020-05-30,Alameda,001,1643700,3836,3304,4,3308,96
2020-05-30,Alpine,003,1148,2,1,0,1,0
2020-05-30,Amador,005,37829,9,10,0,10,0
2020-05-30,Butte,007,227075,76,44,2,46,0
2020-05-30,Calaveras,009,45235,14,15,0,15,0
2020-05-30,Colusa,011,21464,8,5,0,5,0
2020-05-30,Contra Costa,013,1133247,1690,1429,0,1429,37
2020-05-30,Del Norte,015,27424,45,37,0,37,0
2020-05-30,El Dorado,017,186661,115,86,0,86,0
2020-05-30,Fresno,019,978130,3247,1744,42,1786,31
2020-05-30,Glenn,021,27897,19,16,0,16,0
2020-05-30,Humboldt,023,135768,111,98,0,98,2
2020-05-30,Imperial,025,180216,3721,2091,4,2095,14
2020-05-30,Inyo,027,18085,20,20,0,20,1
2020-05-30,Kern,029,883053,2852,2217,6,2223,38
2020-05-30,Kings,031,150075,1238,703,3,706,3
2020-05-30,Lake,033,64148,31,18,0,18,0
2020-05-30,Lassen,035,31185,7,4,2,6,0
2020-05-30,Los Angeles,037,10098052,61830,53627,20,53647,2319
2020-05-30,Madera,039,155013,262,101,1,102,2
2020-05-30,Marin,041,260295,529,462,2,464,14
2020-05-30,Mariposa,043,17540,16,16,0,16,1
2020-05-30,Mendocino,045,87422,33,24,0,24,0
2020-05-30,Merced,047,269075,395,285,0,285,6
2020-05-30,Modoc,049,8938,0,0,0,0,0
2020-05-30,Mono,051,14174,39,34,0,34,1
2020-05-30,Monterey,053,433212,700,520,2,522,10
2020-05-30,Napa,055,140530,144,113,0,113,3
2020-05-30,Nevada,057,99092,50,41,1,42,1
2020-05-30,Orange,059,3164182,9279,6354,64,6418,134
2020-05-30,Placer,061,380077,280,199,0,199,9
2020-05-30,Plumas,063,18699,4,4,0,4,0
2020-05-30,Riverside,065,2383286,9672,7492,12,7504,316
2020-05-30,Sacramento,067,1510023,1518,1384,2,1386,57
2020-05-30,San Benito,069,59416,96,85,0,85,2
2020-05-30,San Bernardino,071,2135413,6335,5122,5,5127,198
2020-05-30,San Diego,073,3302833,8527,7387,0,7387,269
2020-05-30,San Francisco,075,870044,2691,2496,0,2496,41
2020-05-30,San Joaquin,077,732212,1149,888,4,892,34
2020-05-30,San Luis Obispo,079,281455,343,270,2,272,1
2020-05-30,San Mateo,081,765935,2384,2129,3,2132,71
2020-05-30,Santa Barbara,083,443738,2243,1660,6,1666,9
2020-05-30,Santa Clara,085,1922200,3334,2741,6,2747,141
2020-05-30,Santa Cruz,087,273765,228,206,0,206,2
2020-05-30,Shasta,089,179085,58,36,0,36,4
2020-05-30,Sierra,091,2930,1,1,0,1,0
2020-05-30,Siskiyou,093,43540,11,7,0,7,0
2020-05-30,Solano,095,438530,625,512,1,513,6
2020-05-30,Sonoma,097,501317,630,551,1,552,4
2020-05-30,Stanislaus,099,539301,893,712,5,717,27
2020-05-30,Sutter,101,95872,46,40,0,40,2
2020-05-30,Tehama,103,63373,10,4,1,5,1
2020-05-30,Trinity,105,12862,4,1,1,2,0
2020-05-30,Tulare,107,460477,2490,1879,4,1883,81
2020-05-30,Tuolumne,109,53932,4,4,1,5,0
2020-05-30,Ventura,111,848112,1595,1116,7,1123,30
2020-05-30,Yolo,113,214977,230,210,0,210,24
2020-05-30,Yuba,115,75493,30,25,0,25,1
2020-05-29,Alameda,001,1643700,3801,3209,4,3213,96
2020-05-29,Alpine,003,1148,2,1,0,1,0
2020-05-29,Amador,005,37829,9,10,0,10,0
2020-05-29,Butte,007,227075,71,41,2,43,0
2020-05-29,Calaveras,009,45235,14,15,0,15,0
2020-05-29,Colusa,011,21464,8,5,0,5,0
2020-05-29,Contra Costa,013,1133247,1674,1411,0,1411,37
2020-05-29,Del Norte,015,27424,45,37,0,37,0
2020-05-29,El Dorado,017,186661,114,85,0,85,0
2020-05-29,Fresno,019,978130,3198,1687,42,1729,31
2020-05-29,Glenn,021,27897,19,14,0,14,0
2020-05-29,Humboldt,023,135768,110,98,0,98,2
2020-05-29,Imperial,025,180216,3603,1607,4,1611,14
2020-05-29,Inyo,027,18085,20,20,0,20,1
2020-05-29,Kern,029,883053,2794,2128,6,2134,36
2020-05-29,Kings,031,150075,1227,693,3,696,3
2020-05-29,Lake,033,64148,30,17,0,17,0
2020-05-29,Lassen,035,31185,7,0,2,2,0
2020-05-29,Los Angeles,037,10098052,60875,51578,20,51598,2273
2020-05-29,Madera,039,155013,247,98,1,99,2
2020-05-29,Marin,041,260295,521,448,2,450,14
2020-05-29,Mariposa,043,17540,16,16,0,16,1
2020-05-29,Mendocino,045,87422,31,25,0,25,0
2020-05-29,Merced,047,269075,390,285,0,285,7
2020-05-29,Modoc,049,8938,0,0,0,0,0
2020-05-29,Mono,051,14174,38,34,0,34,1
2020-05-29,Monterey,053,433212,670,479,2,481,10
2020-05-29,Napa,055,140530,141,113,0,113,3
2020-05-29,Nevada,057,99092,50,41,1,42,1
2020-05-29,Orange,059,3164182,9080,6176,62,6238,133
2020-05-29,Placer,061,380077,258,199,0,199,9
2020-05-29,Plumas,063,18699,4,4,0,4,0
2020-05-29,Riverside,065,2383286,9486,7376,12,7388,313
2020-05-29,Sacramento,067,1510023,1495,1360,2,1362,57
2020-05-29,San Benito,069,59416,96,84,0,84,2
2020-05-29,San Bernardino,071,2135413,6227,4983,5,4988,196
2020-05-29,San Diego,073,3302833,8404,7242,0,7242,266
2020-05-29,San Francisco,075,870044,2667,2453,0,2453,41
2020-05-29,San Joaquin,077,732212,1112,855,4,859,34
2020-05-29,San Luis Obispo,079,281455,339,270,2,272,1
2020-05-29,San Mateo,081,765935,2368,2103,3,2106,71
2020-05-29,Santa Barbara,083,443738,2207,1656,6,1662,9
2020-05-29,Santa Clara,085,1922200,3306,2707,6,2713,141
2020-05-29,Santa Cruz,087,273765,225,203,0,203,2
2020-05-29,Shasta,089,179085,58,36,0,36,4
2020-05-29,Sierra,091,2930,1,1,0,1,0
2020-05-29,Siskiyou,093,43540,11,7,0,7,0
2020-05-29,Solano,095,438530,617,498,1,499,6
2020-05-29,Sonoma,097,501317,619,537,1,538,4
2020-05-29,Stanislaus,099,539301,863,698,5,703,27
2020-05-29,Sutter,101,95872,44,40,0,40,2
2020-05-29,Tehama,103,63373,9,4,1,5,1
2020-05-29,Trinity,105,12862,4,1,1,2,0
2020-05-29,Tulare,107,460477,2452,1852,4,1856,80
2020-05-29,Tuolumne,109,53932,4,4,1,5,0
2020-05-29,Ventura,111,848112,1571,1093,7,1100,29
2020-05-29,Yolo,113,214977,226,211,0,211,24
2020-05-29,Yuba,115,75493,29,25,0,25,1
2020-05-28,Alameda,001,1643700,3701,3083,4,3087,94
2020-05-28,Alpine,003,1148,2,1,0,1,0
2020-05-28,Amador,005,37829,9,10,0,10,0
2020-05-28,Butte,007,227075,70,40,2,42,0
2020-05-28,Calaveras,009,45235,13,15,0,15,0
2020-05-28,Colusa,011,21464,8,5,0,5,0
2020-05-28,Contra Costa,013,1133247,1635,1392,0,1392,37
2020-05-28,Del Norte,015,27424,45,37,0,37,0
2020-05-28,El Dorado,017,186661,111,82,0,82,0
2020-05-28,Fresno,019,978130,3117,1653,41,1694,31
2020-05-28,Glenn,021,27897,18,14,0,14,0
2020-05-28,Humboldt,023,135768,109,97,0,97,2
2020-05-28,Imperial,025,180216,3408,1430,4,1434,14
2020-05-28,Inyo,027,18085,20,20,0,20,1
2020-05-28,Kern,029,883053,2716,2069,6,2075,36
2020-05-28,Kings,031,150075,890,626,3,629,3
2020-05-28,Lake,033,64148,29,17,0,17,0
2020-05-28,Lassen,035,31185,7,0,2,2,0
2020-05-28,Los Angeles,037,10098052,59296,49861,20,49881,2222
2020-05-28,Madera,039,155013,229,93,1,94,2
2020-05-28,Marin,041,260295,496,443,2,445,14
2020-05-28,Mariposa,043,17540,16,16,0,16,1
2020-05-28,Mendocino,045,87422,29,24,0,24,0
2020-05-28,Merced,047,269075,381,283,0,283,7
2020-05-28,Modoc,049,8938,0,0,0,0,0
2020-05-28,Mono,051,14174,38,34,0,34,1
2020-05-28,Monterey,053,433212,638,471,2,473,10
2020-05-28,Napa,055,140530,138,113,0,113,3
2020-05-28,Nevada,057,99092,45,41,1,42,1
2020-05-28,Orange,059,3164182,8881,6045,62,6107,130
2020-05-28,Placer,061,380077,251,196,0,196,9
2020-05-28,Plumas,063,18699,4,4,0,4,0
2020-05-28,Riverside,065,2383286,9084,7240,11,7251,304
2020-05-28,Sacramento,067,1510023,1475,1339,2,1341,57
2020-05-28,San Benito,069,59416,95,82,0,82,2
2020-05-28,San Bernardino,071,2135413,6062,4831,5,4836,191
2020-05-28,San Diego,073,3302833,8247,7102,0,7102,260
2020-05-28,San Francisco,075,870044,2633,2417,0,2417,40
2020-05-28,San Joaquin,077,732212,1077,840,4,844,34
2020-05-28,San Luis Obispo,079,281455,336,267,2,269,1
2020-05-28,San Mateo,081,765935,2341,2070,3,2073,71
2020-05-28,Santa Barbara,083,443738,2148,1642,5,1647,9
2020-05-28,Santa Clara,085,1922200,3266,2698,6,2704,140
2020-05-28,Santa Cruz,087,273765,224,201,0,201,2
2020-05-28,Shasta,089,179085,56,36,0,36,4
2020-05-28,Sierra,091,2930,1,1,0,1,0
2020-05-28,Siskiyou,093,43540,9,6,0,6,0
2020-05-28,Solano,095,438530,600,489,1,490,6
2020-05-28,Sonoma,097,501317,597,529,1,530,4
2020-05-28,Stanislaus,099,539301,822,684,5,689,27
2020-05-28,Sutter,101,95872,44,40,0,40,2
2020-05-28,Tehama,103,63373,9,4,1,5,1
2020-05-28,Trinity,105,12862,4,1,1,2,0
2020-05-28,Tulare,107,460477,2416,1832,4,1836,79
2020-05-28,Tuolumne,109,53932,4,4,1,5,0
2020-05-28,Ventura,111,848112,1539,1083,7,1090,29
2020-05-28,Yolo,113,214977,223,206,0,206,22
2020-05-28,Yuba,115,75493,28,24,0,24,1
2020-05-27,Alameda,001,1643700,3618,3037,4,3041,94
2020-05-27,Alpine,003,1148,2,1,0,1,0
2020-05-27,Amador,005,37829,9,10,0,10,0
2020-05-27,Butte,007,227075,67,40,1,41,0
2020-05-27,Calaveras,009,45235,12,15,0,15,0
2020-05-27,Colusa,011,21464,8,5,0,5,0
2020-05-27,Contra Costa,013,1133247,1595,1373,0,1373,37
2020-05-27,Del Norte,015,27424,45,34,0,34,0
2020-05-27,El Dorado,017,186661,110,82,0,82,0
2020-05-27,Fresno,019,978130,3029,1620,41,1661,27
2020-05-27,Glenn,021,27897,18,14,0,14,0
2020-05-27,Humboldt,023,135768,109,86,0,86,2
2020-05-27,Imperial,025,180216,3228,1369,4,1373,14
2020-05-27,Inyo,027,18085,20,20,0,20,1
2020-05-27,Kern,029,883053,2651,1999,6,2005,37
2020-05-27,Kings,031,150075,863,586,3,589,3
2020-05-27,Lake,033,64148,29,13,0,13,0
2020-05-27,Lassen,035,31185,7,0,2,2,0
2020-05-27,Los Angeles,037,10098052,57919,48711,20,48731,2177
2020-05-27,Madera,039,155013,220,91,1,92,2
2020-05-27,Marin,041,260295,467,439,2,441,14
2020-05-27,Mariposa,043,17540,16,16,0,16,1
2020-05-27,Mendocino,045,87422,28,21,0,21,0
2020-05-27,Merced,047,269075,377,278,0,278,7
2020-05-27,Modoc,049,8938,0,0,0,0,0
2020-05-27,Mono,051,14174,38,34,0,34,1
2020-05-27,Monterey,053,433212,598,443,2,445,8
2020-05-27,Napa,055,140530,133,112,0,112,3
2020-05-27,Nevada,057,99092,44,41,1,42,1
2020-05-27,Orange,059,3164182,8725,5849,62,5911,121
2020-05-27,Placer,061,380077,232,196,0,196,9
2020-05-27,Plumas,063,18699,4,4,0,4,0
2020-05-27,Riverside,065,2383286,8705,7156,11,7167,299
2020-05-27,Sacramento,067,1510023,1447,1318,2,1320,50
2020-05-27,San Benito,069,59416,92,74,0,74,2
2020-05-27,San Bernardino,071,2135413,5878,4708,5,4713,183
2020-05-27,San Diego,073,3302833,8097,6985,0,6985,255
2020-05-27,San Francisco,075,870044,2604,2394,0,2394,40
2020-05-27,San Joaquin,077,732212,1036,825,4,829,34
2020-05-27,San Luis Obispo,079,281455,331,266,2,268,1
2020-05-27,San Mateo,081,765935,2301,2045,3,2048,71
2020-05-27,Santa Barbara,083,443738,2123,1629,5,1634,9
2020-05-27,Santa Clara,085,1922200,3233,2680,6,2686,140
2020-05-27,Santa Cruz,087,273765,220,202,0,202,2
2020-05-27,Shasta,089,179085,53,36,0,36,4
2020-05-27,Sierra,091,2930,1,1,0,1,0
2020-05-27,Siskiyou,093,43540,9,6,0,6,0
2020-05-27,Solano,095,438530,580,477,1,478,5
2020-05-27,Sonoma,097,501317,583,521,1,522,4
2020-05-27,Stanislaus,099,539301,797,675,5,680,27
2020-05-27,Sutter,101,95872,43,40,0,40,2
2020-05-27,Tehama,103,63373,9,3,1,4,1
2020-05-27,Trinity,105,12862,4,1,1,2,0
2020-05-27,Tulare,107,460477,2364,1817,4,1821,77
2020-05-27,Tuolumne,109,53932,4,4,1,5,0
2020-05-27,Ventura,111,848112,1515,1065,7,1072,28
2020-05-27,Yolo,113,214977,222,204,0,204,22
2020-05-27,Yuba,115,75493,28,24,0,24,1
2020-05-26,Alameda,001,1643700,3523,2956,4,2960,92
2020-05-26,Alpine,003,1148,2,1,0,1,0
2020-05-26,Amador,005,37829,9,10,0,10,0
2020-05-26,Butte,007,227075,65,37,1,38,0
2020-05-26,Calaveras,009,45235,12,13,0,13,0
2020-05-26,Colusa,011,21464,8,4,0,4,0
2020-05-26,Contra Costa,013,1133247,1560,1352,0,1352,37
2020-05-26,Del Norte,015,27424,44,30,0,30,0
2020-05-26,El Dorado,017,186661,106,79,0,79,0
2020-05-26,Fresno,019,978130,2942,1496,41,1537,22
2020-05-26,Glenn,021,27897,16,12,0,12,0
2020-05-26,Humboldt,023,135768,107,81,0,81,2
2020-05-26,Imperial,025,180216,3012,1369,4,1373,14
2020-05-26,Inyo,027,18085,20,20,0,20,1
2020-05-26,Kern,029,883053,2573,1890,6,1896,31
2020-05-26,Kings,031,150075,795,449,2,451,2
2020-05-26,Lake,033,64148,27,12,0,12,0
2020-05-26,Lassen,035,31185,6,0,2,2,0
2020-05-26,Los Angeles,037,10098052,56452,47760,20,47780,2121
2020-05-26,Madera,039,155013,204,83,1,84,2
2020-05-26,Marin,041,260295,455,424,2,426,14
2020-05-26,Mariposa,043,17540,16,16,0,16,1
2020-05-26,Mendocino,045,87422,26,20,0,20,0
2020-05-26,Merced,047,269075,363,266,0,266,7
2020-05-26,Modoc,049,8938,0,1,0,1,0
2020-05-26,Mono,051,14174,37,34,0,34,1
2020-05-26,Monterey,053,433212,570,424,1,425,8
2020-05-26,Napa,055,140530,128,109,0,109,3
2020-05-26,Nevada,057,99092,43,41,1,42,1
2020-05-26,Orange,059,3164182,8454,5651,61,5712,115
2020-05-26,Placer,061,380077,227,188,0,188,9
2020-05-26,Plumas,063,18699,4,4,0,4,0
2020-05-26,Riverside,065,2383286,8258,6917,11,6928,284
2020-05-26,Sacramento,067,1510023,1421,1298,2,1300,50
2020-05-26,San Benito,069,59416,87,69,0,69,2
2020-05-26,San Bernardino,071,2135413,5710,4430,5,4435,175
2020-05-26,San Diego,073,3302833,7954,6884,0,6884,249
2020-05-26,San Francisco,075,870044,2571,2363,0,2363,40
2020-05-26,San Joaquin,077,732212,989,760,4,764,33
2020-05-26,San Luis Obispo,079,281455,329,260,2,262,1
2020-05-26,San Mateo,081,765935,2263,1967,2,1969,71
2020-05-26,Santa Barbara,083,443738,2094,1590,5,1595,9
2020-05-26,Santa Clara,085,1922200,3200,2659,6,2665,139
2020-05-26,Santa Cruz,087,273765,218,197,0,197,2
2020-05-26,Shasta,089,179085,53,36,0,36,4
2020-05-26,Sierra,091,2930,1,1,0,1,0
2020-05-26,Siskiyou,093,43540,8,6,0,6,0
2020-05-26,Solano,095,438530,562,470,1,471,5
2020-05-26,Sonoma,097,501317,575,509,0,509,4
2020-05-26,Stanislaus,099,539301,776,663,5,668,27
2020-05-26,Sutter,101,95872,42,39,0,39,2
2020-05-26,Tehama,103,63373,8,2,1,3,1
2020-05-26,Trinity,105,12862,4,1,1,2,0
2020-05-26,Tulare,107,460477,2308,1768,4,1772,76
2020-05-26,Tuolumne,109,53932,4,2,1,3,0
2020-05-26,Ventura,111,848112,1479,1033,4,1037,27
2020-05-26,Yolo,113,214977,216,198,0,198,22
2020-05-26,Yuba,115,75493,27,24,0,24,1
2020-05-25,Alameda,001,1643700,3430,2900,3,2903,92
2020-05-25,Alpine,003,1148,2,1,0,1,0
2020-05-25,Amador,005,37829,9,10,0,10,0
2020-05-25,Butte,007,227075,62,37,1,38,0
2020-05-25,Calaveras,009,45235,12,13,0,13,0
2020-05-25,Colusa,011,21464,7,4,0,4,0
2020-05-25,Contra Costa,013,1133247,1527,1348,0,1348,37
2020-05-25,Del Norte,015,27424,44,20,0,20,0
2020-05-25,El Dorado,017,186661,98,78,0,78,0
2020-05-25,Fresno,019,978130,2839,1496,38,1534,22
2020-05-25,Glenn,021,27897,16,12,0,12,0
2020-05-25,Humboldt,023,135768,106,81,0,81,2
2020-05-25,Imperial,025,180216,2801,1369,4,1373,14
2020-05-25,Inyo,027,18085,19,20,0,20,1
2020-05-25,Kern,029,883053,2502,1890,6,1896,31
2020-05-25,Kings,031,150075,766,447,2,449,2
2020-05-25,Lake,033,64148,25,13,0,13,0
2020-05-25,Lassen,035,31185,6,0,2,2,0
2020-05-25,Los Angeles,037,10098052,54638,45952,20,45972,2094
2020-05-25,Madera,039,155013,191,83,1,84,2
2020-05-25,Marin,041,260295,437,415,2,417,14
2020-05-25,Mariposa,043,17540,16,15,0,15,1
2020-05-25,Mendocino,045,87422,23,19,0,19,0
2020-05-25,Merced,047,269075,356,262,0,262,6
2020-05-25,Modoc,049,8938,0,1,0,1,0
2020-05-25,Mono,051,14174,37,34,0,34,1
2020-05-25,Monterey,053,433212,540,418,1,419,8
2020-05-25,Napa,055,140530,128,107,0,107,3
2020-05-25,Nevada,057,99092,43,41,1,42,1
2020-05-25,Orange,059,3164182,8231,5601,60,5661,115
2020-05-25,Placer,061,380077,223,186,0,186,9
2020-05-25,Plumas,063,18699,4,4,0,4,0
2020-05-25,Riverside,065,2383286,8027,6900,11,6911,284
2020-05-25,Sacramento,067,1510023,1401,1290,1,1291,50
2020-05-25,San Benito,069,59416,86,70,0,70,2
2020-05-25,San Bernardino,071,2135413,5520,4393,4,4397,175
2020-05-25,San Diego,073,3302833,7778,6799,0,6799,249
2020-05-25,San Francisco,075,870044,2534,2358,0,2358,40
2020-05-25,San Joaquin,077,732212,963,760,4,764,33
2020-05-25,San Luis Obispo,079,281455,327,260,2,262,1
2020-05-25,San Mateo,081,765935,2227,1938,2,1940,71
2020-05-25,Santa Barbara,083,443738,2070,1590,5,1595,9
2020-05-25,Santa Clara,085,1922200,3168,2647,6,2653,139
2020-05-25,Santa Cruz,087,273765,216,191,0,191,2
2020-05-25,Shasta,089,179085,52,36,0,36,4
2020-05-25,Sierra,091,2930,1,1,0,1,0
2020-05-25,Siskiyou,093,43540,8,6,0,6,0
2020-05-25,Solano,095,438530,548,437,1,438,5
2020-05-25,Sonoma,097,501317,563,496,0,496,4
2020-05-25,Stanislaus,099,539301,746,651,5,656,27
2020-05-25,Sutter,101,95872,42,38,0,38,2
2020-05-25,Tehama,103,63373,7,2,1,3,1
2020-05-25,Trinity,105,12862,4,1,1,2,0
2020-05-25,Tulare,107,460477,2245,1747,4,1751,76
2020-05-25,Tuolumne,109,53932,4,2,1,3,0
2020-05-25,Ventura,111,848112,1438,1020,4,1024,27
2020-05-25,Yolo,113,214977,214,197,0,197,22
2020-05-25,Yuba,115,75493,26,24,0,24,1
2020-05-24,Alameda,001,1643700,3357,2830,3,2833,92
2020-05-24,Alpine,003,1148,2,1,0,1,0
2020-05-24,Amador,005,37829,9,9,0,9,0
2020-05-24,Butte,007,227075,60,35,1,36,0
2020-05-24,Calaveras,009,45235,12,13,0,13,0
2020-05-24,Colusa,011,21464,7,4,0,4,0
2020-05-24,Contra Costa,013,1133247,1499,1325,0,1325,37
2020-05-24,Del Norte,015,27424,43,16,0,16,0
2020-05-24,El Dorado,017,186661,97,76,0,76,0
2020-05-24,Fresno,019,978130,2773,1455,36,1491,22
2020-05-24,Glenn,021,27897,15,12,0,12,0
2020-05-24,Humboldt,023,135768,106,81,0,81,2
2020-05-24,Imperial,025,180216,2675,1369,4,1373,14
2020-05-24,Inyo,027,18085,19,20,0,20,1
2020-05-24,Kern,029,883053,2429,1861,5,1866,31
2020-05-24,Kings,031,150075,755,446,2,448,2
2020-05-24,Lake,033,64148,24,12,0,12,0
2020-05-24,Lassen,035,31185,5,0,2,2,0
2020-05-24,Los Angeles,037,10098052,53624,44954,20,44974,2085
2020-05-24,Madera,039,155013,185,83,1,84,2
2020-05-24,Marin,041,260295,435,401,2,403,14
2020-05-24,Mariposa,043,17540,16,15,0,15,1
2020-05-24,Mendocino,045,87422,22,19,0,19,0
2020-05-24,Merced,047,269075,355,258,0,258,6
2020-05-24,Modoc,049,8938,0,0,0,0,0
2020-05-24,Mono,051,14174,37,34,0,34,1
2020-05-24,Monterey,053,433212,512,405,1,406,8
2020-05-24,Napa,055,140530,126,104,0,104,3
2020-05-24,Nevada,057,99092,43,41,1,42,1
2020-05-24,Orange,059,3164182,8075,5439,59,5498,113
2020-05-24,Placer,061,380077,215,184,0,184,9
2020-05-24,Plumas,063,18699,4,4,0,4,0
2020-05-24,Riverside,065,2383286,7886,6571,11,6582,284
2020-05-24,Sacramento,067,1510023,1385,1283,1,1284,50
2020-05-24,San Benito,069,59416,85,67,0,67,2
2020-05-24,San Bernardino,071,2135413,5412,4262,4,4266,175
2020-05-24,San Diego,073,3302833,7635,6703,0,6703,249
2020-05-24,San Francisco,075,870044,2510,2318,0,2318,40
2020-05-24,San Joaquin,077,732212,944,760,4,764,33
2020-05-24,San Luis Obispo,079,281455,325,257,2,259,1
2020-05-24,San Mateo,081,765935,2192,1925,2,1927,71
2020-05-24,Santa Barbara,083,443738,2050,1573,5,1578,9
2020-05-24,Santa Clara,085,1922200,3148,2623,6,2629,139
2020-05-24,Santa Cruz,087,273765,213,185,0,185,2
2020-05-24,Shasta,089,179085,51,36,0,36,4
2020-05-24,Sierra,091,2930,1,1,0,1,0
2020-05-24,Siskiyou,093,43540,7,6,0,6,0
2020-05-24,Solano,095,438530,540,436,0,436,5
2020-05-24,Sonoma,097,501317,552,485,0,485,4
2020-05-24,Stanislaus,099,539301,726,634,5,639,27
2020-05-24,Sutter,101,95872,42,38,0,38,2
2020-05-24,Tehama,103,63373,5,2,1,3,1
2020-05-24,Trinity,105,12862,4,1,1,2,0
2020-05-24,Tulare,107,460477,2199,1684,4,1688,74
2020-05-24,Tuolumne,109,53932,4,2,0,2,0
2020-05-24,Ventura,111,848112,1426,982,4,986,27
2020-05-24,Yolo,113,214977,212,192,0,192,22
2020-05-24,Yuba,115,75493,26,24,0,24,1
2020-05-23,Alameda,001,1643700,3316,2783,3,2786,91
2020-05-23,Alpine,003,1148,2,1,0,1,0
2020-05-23,Amador,005,37829,9,9,0,9,0
2020-05-23,Butte,007,227075,59,34,1,35,0
2020-05-23,Calaveras,009,45235,12,13,0,13,0
2020-05-23,Colusa,011,21464,7,4,0,4,0
2020-05-23,Contra Costa,013,1133247,1488,1302,0,1302,36
2020-05-23,Del Norte,015,27424,43,10,0,10,0
2020-05-23,El Dorado,017,186661,97,74,0,74,0
2020-05-23,Fresno,019,978130,2753,1447,36,1483,21
2020-05-23,Glenn,021,27897,15,12,0,12,0
2020-05-23,Humboldt,023,135768,104,80,0,80,2
2020-05-23,Imperial,025,180216,2587,1283,4,1287,14
2020-05-23,Inyo,027,18085,19,20,0,20,1
2020-05-23,Kern,029,883053,2386,1806,5,1811,31
2020-05-23,Kings,031,150075,751,444,2,446,2
2020-05-23,Lake,033,64148,23,10,0,10,0
2020-05-23,Lassen,035,31185,5,0,2,2,0
2020-05-23,Los Angeles,037,10098052,53083,44029,20,44049,2069
2020-05-23,Madera,039,155013,181,83,1,84,2
2020-05-23,Marin,041,260295,435,393,1,394,14
2020-05-23,Mariposa,043,17540,16,15,0,15,1
2020-05-23,Mendocino,045,87422,22,13,0,13,0
2020-05-23,Merced,047,269075,352,247,0,247,6
2020-05-23,Modoc,049,8938,0,0,0,0,0
2020-05-23,Mono,051,14174,36,34,0,34,1
2020-05-23,Monterey,053,433212,498,397,1,398,8
2020-05-23,Napa,055,140530,122,101,0,101,3
2020-05-23,Nevada,057,99092,43,41,1,42,1
2020-05-23,Orange,059,3164182,7914,5313,58,5371,113
2020-05-23,Placer,061,380077,209,184,0,184,9
2020-05-23,Plumas,063,18699,4,4,0,4,0
2020-05-23,Riverside,065,2383286,7795,6460,11,6471,284
2020-05-23,Sacramento,067,1510023,1369,1275,1,1276,50
2020-05-23,San Benito,069,59416,80,67,0,67,2
2020-05-23,San Bernardino,071,2135413,5319,4172,4,4176,175
2020-05-23,San Diego,073,3302833,7544,6561,0,6561,249
2020-05-23,San Francisco,075,870044,2491,2312,0,2312,40
2020-05-23,San Joaquin,077,732212,929,759,4,763,33
2020-05-23,San Luis Obispo,079,281455,322,256,2,258,1
2020-05-23,San Mateo,081,765935,2164,1862,2,1864,71
2020-05-23,Santa Barbara,083,443738,2037,1566,5,1571,9
2020-05-23,Santa Clara,085,1922200,3135,2593,6,2599,139
2020-05-23,Santa Cruz,087,273765,211,177,0,177,2
2020-05-23,Shasta,089,179085,51,35,0,35,4
2020-05-23,Sierra,091,2930,1,1,0,1,0
2020-05-23,Siskiyou,093,43540,7,6,0,6,0
2020-05-23,Solano,095,438530,535,435,0,435,5
2020-05-23,Sonoma,097,501317,538,462,0,462,4
2020-05-23,Stanislaus,099,539301,718,625,5,630,27
2020-05-23,Sutter,101,95872,41,38,0,38,2
2020-05-23,Tehama,103,63373,5,2,1,3,1
2020-05-23,Trinity,105,12862,4,1,1,2,0
2020-05-23,Tulare,107,460477,2178,1682,4,1686,73
2020-05-23,Tuolumne,109,53932,4,2,0,2,0
2020-05-23,Ventura,111,848112,1406,961,4,965,27
2020-05-23,Yolo,113,214977,211,188,0,188,22
2020-05-23,Yuba,115,75493,26,24,0,24,1
2020-05-22,Alameda,001,1643700,3262,2722,3,2725,91
2020-05-22,Alpine,003,1148,2,1,0,1,0
2020-05-22,Amador,005,37829,9,9,0,9,0
2020-05-22,Butte,007,227075,57,34,1,35,0
2020-05-22,Calaveras,009,45235,12,13,0,13,0
2020-05-22,Colusa,011,21464,7,4,0,4,0
2020-05-22,Contra Costa,013,1133247,1476,1272,0,1272,36
2020-05-22,Del Norte,015,27424,41,9,0,9,0
2020-05-22,El Dorado,017,186661,94,74,0,74,0
2020-05-22,Fresno,019,978130,2694,1399,35,1434,20
2020-05-22,Glenn,021,27897,15,12,0,12,0
2020-05-22,Humboldt,023,135768,104,80,0,80,2
2020-05-22,Imperial,025,180216,2487,1214,4,1218,14
2020-05-22,Inyo,027,18085,19,20,0,20,1
2020-05-22,Kern,029,883053,2337,1749,5,1754,28
2020-05-22,Kings,031,150075,748,428,2,430,2
2020-05-22,Lake,033,64148,22,10,0,10,0
2020-05-22,Lassen,035,31185,3,0,2,2,0
2020-05-22,Los Angeles,037,10098052,52291,43025,20,43045,2027
2020-05-22,Madera,039,155013,177,82,1,83,2
2020-05-22,Marin,041,260295,431,372,1,373,14
2020-05-22,Mariposa,043,17540,16,15,0,15,1
2020-05-22,Mendocino,045,87422,21,13,0,13,0
2020-05-22,Merced,047,269075,352,233,0,233,6
2020-05-22,Modoc,049,8938,0,0,0,0,0
2020-05-22,Mono,051,14174,36,34,0,34,1
2020-05-22,Monterey,053,433212,487,372,1,373,8
2020-05-22,Napa,055,140530,120,97,0,97,3
2020-05-22,Nevada,057,99092,42,41,1,42,1
2020-05-22,Orange,059,3164182,7717,5144,56,5200,113
2020-05-22,Placer,061,380077,209,181,0,181,9
2020-05-22,Plumas,063,18699,4,4,0,4,0
2020-05-22,Riverside,065,2383286,7680,6351,11,6362,283
2020-05-22,Sacramento,067,1510023,1353,1262,1,1263,50
2020-05-22,San Benito,069,59416,79,64,0,64,2
2020-05-22,San Bernardino,071,2135413,5245,4107,4,4111,173
2020-05-22,San Diego,073,3302833,7458,6436,0,6436,242
2020-05-22,San Francisco,075,870044,2473,2251,0,2251,40
2020-05-22,San Joaquin,077,732212,916,747,4,751,33
2020-05-22,San Luis Obispo,079,281455,322,254,2,256,1
2020-05-22,San Mateo,081,765935,2145,1847,2,1849,71
2020-05-22,Santa Barbara,083,443738,2017,1554,5,1559,9
2020-05-22,Santa Clara,085,1922200,3115,2537,6,2543,139
2020-05-22,Santa Cruz,087,273765,208,171,0,171,2
2020-05-22,Shasta,089,179085,51,34,0,34,4
2020-05-22,Sierra,091,2930,1,0,0,0,0
2020-05-22,Siskiyou,093,43540,7,6,0,6,0
2020-05-22,Solano,095,438530,532,431,0,431,4
2020-05-22,Sonoma,097,501317,534,444,0,444,4
2020-05-22,Stanislaus,099,539301,708,616,5,621,27
2020-05-22,Sutter,101,95872,41,38,0,38,2
2020-05-22,Tehama,103,63373,5,2,0,2,1
2020-05-22,Trinity,105,12862,4,1,1,2,0
2020-05-22,Tulare,107,460477,2148,1662,4,1666,73
2020-05-22,Tuolumne,109,53932,4,2,0,2,0
2020-05-22,Ventura,111,848112,1388,937,4,941,27
2020-05-22,Yolo,113,214977,209,187,0,187,22
2020-05-22,Yuba,115,75493,26,24,0,24,1
2020-05-21,Alameda,001,1643700,3197,2606,3,2609,89
2020-05-21,Alpine,003,1148,2,1,0,1,0
2020-05-21,Amador,005,37829,9,9,0,9,0
2020-05-21,Butte,007,227075,56,31,1,32,0
2020-05-21,Calaveras,009,45235,11,13,0,13,0
2020-05-21,Colusa,011,21464,7,4,0,4,0
2020-05-21,Contra Costa,013,1133247,1440,1243,0,1243,36
2020-05-21,Del Norte,015,27424,38,9,0,9,0
2020-05-21,El Dorado,017,186661,92,67,0,67,0
2020-05-21,Fresno,019,978130,2603,1362,35,1397,20
2020-05-21,Glenn,021,27897,14,12,0,12,0
2020-05-21,Humboldt,023,135768,103,79,0,79,0
2020-05-21,Imperial,025,180216,2327,1096,4,1100,14
2020-05-21,Inyo,027,18085,19,20,0,20,1
2020-05-21,Kern,029,883053,2261,1684,4,1688,27
2020-05-21,Kings,031,150075,727,417,2,419,2
2020-05-21,Lake,033,64148,17,10,0,10,0
2020-05-21,Lassen,035,31185,3,0,2,2,0
2020-05-21,Los Angeles,037,10098052,51257,42063,20,42083,1996
2020-05-21,Madera,039,155013,174,82,1,83,2
2020-05-21,Marin,041,260295,420,359,1,360,14
2020-05-21,Mariposa,043,17540,16,15,0,15,1
2020-05-21,Mendocino,045,87422,21,12,0,12,0
2020-05-21,Merced,047,269075,341,226,0,226,6
2020-05-21,Modoc,049,8938,0,0,0,0,0
2020-05-21,Mono,051,14174,36,33,0,33,1
2020-05-21,Monterey,053,433212,476,363,1,364,8
2020-05-21,Napa,055,140530,118,96,0,96,3
2020-05-21,Nevada,057,99092,42,41,1,42,1
2020-05-21,Orange,059,3164182,7512,4975,55,5030,106
2020-05-21,Placer,061,380077,202,176,0,176,8
2020-05-21,Plumas,063,18699,4,4,0,4,0
2020-05-21,Riverside,065,2383286,7493,6245,11,6256,279
2020-05-21,Sacramento,067,1510023,1340,1258,1,1259,56
2020-05-21,San Benito,069,59416,76,61,0,61,2
2020-05-21,San Bernardino,071,2135413,5098,3950,4,3954,167
2020-05-21,San Diego,073,3302833,7322,6317,0,6317,241
2020-05-21,San Francisco,075,870044,2449,2248,0,2248,37
2020-05-21,San Joaquin,077,732212,880,730,4,734,33
2020-05-21,San Luis Obispo,079,281455,322,251,1,252,1
2020-05-21,San Mateo,081,765935,2108,1791,2,1793,74
2020-05-21,Santa Barbara,083,443738,1996,1541,5,1546,10
2020-05-21,Santa Clara,085,1922200,3094,2520,6,2526,138
2020-05-21,Santa Cruz,087,273765,200,164,0,164,3
2020-05-21,Shasta,089,179085,49,34,0,34,4
2020-05-21,Sierra,091,2930,1,0,0,0,0
2020-05-21,Siskiyou,093,43540,7,6,0,6,0
2020-05-21,Solano,095,438530,523,424,0,424,4
2020-05-21,Sonoma,097,501317,516,427,0,427,4
2020-05-21,Stanislaus,099,539301,697,602,5,607,27
2020-05-21,Sutter,101,95872,40,38,0,38,2
2020-05-21,Tehama,103,63373,4,2,0,2,1
2020-05-21,Trinity,105,12862,3,1,1,2,0
2020-05-21,Tulare,107,460477,2098,1606,4,1610,73
2020-05-21,Tuolumne,109,53932,2,2,0,2,0
2020-05-21,Ventura,111,848112,1340,907,4,911,30
2020-05-21,Yolo,113,214977,206,185,0,185,22
2020-05-21,Yuba,115,75493,26,24,0,24,1
2020-05-20,Alameda,001,1643700,3123,2554,3,2557,89
2020-05-20,Alpine,003,1148,2,1,0,1,0
2020-05-20,Amador,005,37829,9,9,0,9,0
2020-05-20,Butte,007,227075,53,30,1,31,0
2020-05-20,Calaveras,009,45235,11,13,0,13,0
2020-05-20,Colusa,011,21464,7,3,0,3,0
2020-05-20,Contra Costa,013,1133247,1410,1223,0,1223,33
2020-05-20,Del Norte,015,27424,31,9,0,9,0
2020-05-20,El Dorado,017,186661,91,67,0,67,0
2020-05-20,Fresno,019,978130,2531,1329,34,1363,17
2020-05-20,Glenn,021,27897,13,12,0,12,0
2020-05-20,Humboldt,023,135768,100,73,0,73,0
2020-05-20,Imperial,025,180216,2216,1047,4,1051,14
2020-05-20,Inyo,027,18085,19,20,0,20,1
2020-05-20,Kern,029,883053,2198,1639,3,1642,27
2020-05-20,Kings,031,150075,584,403,2,405,2
2020-05-20,Lake,033,64148,17,9,0,9,0
2020-05-20,Lassen,035,31185,2,0,2,2,0
2020-05-20,Los Angeles,037,10098052,50261,40932,20,40952,1955
2020-05-20,Madera,039,155013,172,82,1,83,2
2020-05-20,Marin,041,260295,393,348,1,349,14
2020-05-20,Mariposa,043,17540,16,15,0,15,1
2020-05-20,Mendocino,045,87422,21,12,0,12,0
2020-05-20,Merced,047,269075,334,225,0,225,6
2020-05-20,Modoc,049,8938,0,0,0,0,0
2020-05-20,Mono,051,14174,36,33,0,33,1
2020-05-20,Monterey,053,433212,462,356,1,357,8
2020-05-20,Napa,055,140530,111,93,0,93,3
2020-05-20,Nevada,057,99092,42,41,1,42,1
2020-05-20,Orange,059,3164182,7301,4866,53,4919,96
2020-05-20,Placer,061,380077,200,176,0,176,8
2020-05-20,Plumas,063,18699,4,4,0,4,0
2020-05-20,Riverside,065,2383286,7350,6090,11,6101,265
2020-05-20,Sacramento,067,1510023,1330,1244,1,1245,56
2020-05-20,San Benito,069,59416,75,61,0,61,2
2020-05-20,San Bernardino,071,2135413,4971,3771,4,3775,161
2020-05-20,San Diego,073,3302833,7205,6142,0,6142,230
2020-05-20,San Francisco,075,870044,2426,2199,0,2199,37
2020-05-20,San Joaquin,077,732212,843,713,4,717,33
2020-05-20,San Luis Obispo,079,281455,316,249,1,250,1
2020-05-20,San Mateo,081,765935,2055,1739,2,1741,74
2020-05-20,Santa Barbara,083,443738,1973,1524,5,1529,10
2020-05-20,Santa Clara,085,1922200,3073,2508,6,2514,138
2020-05-20,Santa Cruz,087,273765,197,163,0,163,3
2020-05-20,Shasta,089,179085,49,34,0,34,4
2020-05-20,Sierra,091,2930,1,0,0,0,0
2020-05-20,Siskiyou,093,43540,7,6,0,6,0
2020-05-20,Solano,095,438530,518,418,0,418,4
2020-05-20,Sonoma,097,501317,507,411,0,411,4
2020-05-20,Stanislaus,099,539301,681,584,4,588,25
2020-05-20,Sutter,101,95872,40,38,0,38,2
2020-05-20,Tehama,103,63373,4,2,0,2,1
2020-05-20,Trinity,105,12862,3,1,1,2,0
2020-05-20,Tulare,107,460477,2060,1585,4,1589,71
2020-05-20,Tuolumne,109,53932,2,2,0,2,0
2020-05-20,Ventura,111,848112,1304,879,4,883,29
2020-05-20,Yolo,113,214977,203,184,0,184,22
2020-05-20,Yuba,115,75493,26,23,0,23,1
2020-05-19,Alameda,001,1643700,3046,2493,1,2494,88
2020-05-19,Alpine,003,1148,2,1,0,1,0
2020-05-19,Amador,005,37829,9,9,0,9,0
2020-05-19,Butte,007,227075,51,25,1,26,0
2020-05-19,Calaveras,009,45235,11,13,0,13,0
2020-05-19,Colusa,011,21464,5,3,0,3,0
2020-05-19,Contra Costa,013,1133247,1387,1205,0,1205,33
2020-05-19,Del Norte,015,27424,28,8,0,8,0
2020-05-19,El Dorado,017,186661,88,67,0,67,0
2020-05-19,Fresno,019,978130,2422,1288,33,1321,15
2020-05-19,Glenn,021,27897,13,12,0,12,0
2020-05-19,Humboldt,023,135768,100,72,0,72,0
2020-05-19,Imperial,025,180216,2055,1012,4,1016,14
2020-05-19,Inyo,027,18085,19,20,0,20,1
2020-05-19,Kern,029,883053,2100,1601,3,1604,26
2020-05-19,Kings,031,150075,573,393,2,395,2
2020-05-19,Lake,033,64148,14,11,0,11,0
2020-05-19,Lassen,035,31185,2,0,2,2,0
2020-05-19,Los Angeles,037,10098052,49055,39670,20,39690,1906
2020-05-19,Madera,039,155013,168,80,1,81,2
2020-05-19,Marin,041,260295,369,340,1,341,14
2020-05-19,Mariposa,043,17540,16,15,0,15,1
2020-05-19,Mendocino,045,87422,21,12,0,12,0
2020-05-19,Merced,047,269075,326,222,0,222,5
2020-05-19,Modoc,049,8938,0,0,0,0,0
2020-05-19,Mono,051,14174,36,33,0,33,1
2020-05-19,Monterey,053,433212,450,350,1,351,8
2020-05-19,Napa,055,140530,110,93,0,93,3
2020-05-19,Nevada,057,99092,42,41,1,42,1
2020-05-19,Orange,059,3164182,7103,4746,51,4797,90
2020-05-19,Placer,061,380077,198,177,0,177,8
2020-05-19,Plumas,063,18699,4,5,0,5,0
2020-05-19,Riverside,065,2383286,7191,5963,11,5974,265
2020-05-19,Sacramento,067,1510023,1316,1239,1,1240,57
2020-05-19,San Benito,069,59416,73,59,0,59,2
2020-05-19,San Bernardino,071,2135413,4821,3656,4,3660,158
2020-05-19,San Diego,073,3302833,7061,6028,0,6028,222
2020-05-19,San Francisco,075,870044,2392,2186,0,2186,37
2020-05-19,San Joaquin,077,732212,821,705,4,709,33
2020-05-19,San Luis Obispo,079,281455,315,245,1,246,1
2020-05-19,San Mateo,081,765935,2014,1704,2,1706,71
2020-05-19,Santa Barbara,083,443738,1953,1521,5,1526,10
2020-05-19,Santa Clara,085,1922200,3024,2480,6,2486,138
2020-05-19,Santa Cruz,087,273765,186,161,0,161,3
2020-05-19,Shasta,089,179085,49,34,0,34,4
2020-05-19,Sierra,091,2930,0,0,0,0,0
2020-05-19,Siskiyou,093,43540,7,6,0,6,0
2020-05-19,Solano,095,438530,504,415,0,415,4
2020-05-19,Sonoma,097,501317,496,389,0,389,4
2020-05-19,Stanislaus,099,539301,667,582,4,586,25
2020-05-19,Sutter,101,95872,40,38,0,38,2
2020-05-19,Tehama,103,63373,4,2,0,2,1
2020-05-19,Trinity,105,12862,2,1,0,1,0
2020-05-19,Tulare,107,460477,2013,1551,4,1555,68
2020-05-19,Tuolumne,109,53932,2,2,0,2,0
2020-05-19,Ventura,111,848112,1263,861,3,864,28
2020-05-19,Yolo,113,214977,201,183,0,183,22
2020-05-19,Yuba,115,75493,26,23,0,23,1
2020-05-18,Alameda,001,1643700,2974,2442,1,2443,84
2020-05-18,Alpine,003,1148,1,1,0,1,0
2020-05-18,Amador,005,37829,9,8,0,8,0
2020-05-18,Butte,007,227075,49,24,1,25,0
2020-05-18,Calaveras,009,45235,11,13,0,13,0
2020-05-18,Colusa,011,21464,5,3,0,3,0
2020-05-18,Contra Costa,013,1133247,1356,1173,0,1173,33
2020-05-18,Del Norte,015,27424,23,8,0,8,0
2020-05-18,El Dorado,017,186661,86,67,0,67,0
2020-05-18,Fresno,019,978130,2344,1244,32,1276,14
2020-05-18,Glenn,021,27897,13,11,0,11,0
2020-05-18,Humboldt,023,135768,100,70,0,70,0
2020-05-18,Imperial,025,180216,1901,767,4,771,14
2020-05-18,Inyo,027,18085,19,20,0,20,1
2020-05-18,Kern,029,883053,2051,1566,3,1569,26
2020-05-18,Kings,031,150075,542,381,2,383,2
2020-05-18,Lake,033,64148,13,9,0,9,0
2020-05-18,Lassen,035,31185,2,0,2,2,0
2020-05-18,Los Angeles,037,10098052,48034,38477,20,38497,1825
2020-05-18,Madera,039,155013,162,74,1,75,2
2020-05-18,Marin,041,260295,356,329,1,330,14
2020-05-18,Mariposa,043,17540,16,15,0,15,1
2020-05-18,Mendocino,045,87422,16,12,0,12,0
2020-05-18,Merced,047,269075,316,217,0,217,5
2020-05-18,Modoc,049,8938,0,0,0,0,0
2020-05-18,Mono,051,14174,36,33,0,33,1
2020-05-18,Monterey,053,433212,439,345,1,346,8
2020-05-18,Napa,055,140530,106,92,0,92,3
2020-05-18,Nevada,057,99092,42,41,1,42,1
2020-05-18,Orange,059,3164182,6913,4558,48,4606,88
2020-05-18,Placer,061,380077,196,176,0,176,8
2020-05-18,Plumas,063,18699,4,5,0,5,0
2020-05-18,Riverside,065,2383286,6991,5873,11,5884,253
2020-05-18,Sacramento,067,1510023,1310,1233,0,1233,57
2020-05-18,San Benito,069,59416,71,59,0,59,2
2020-05-18,San Bernardino,071,2135413,4674,3558,4,3562,156
2020-05-18,San Diego,073,3302833,6928,5948,0,5948,211
2020-05-18,San Francisco,075,870044,2369,2183,0,2183,36
2020-05-18,San Joaquin,077,732212,809,697,4,701,33
2020-05-18,San Luis Obispo,079,281455,311,243,1,244,1
2020-05-18,San Mateo,081,765935,1976,1701,2,1703,68
2020-05-18,Santa Barbara,083,443738,1930,1501,5,1506,10
2020-05-18,Santa Clara,085,1922200,2992,2468,6,2474,137
2020-05-18,Santa Cruz,087,273765,184,160,0,160,3
2020-05-18,Shasta,089,179085,48,34,0,34,4
2020-05-18,Sierra,091,2930,0,0,0,0,0
2020-05-18,Siskiyou,093,43540,7,6,0,6,0
2020-05-18,Solano,095,438530,494,398,0,398,4
2020-05-18,Sonoma,097,501317,478,387,0,387,4
2020-05-18,Stanislaus,099,539301,655,572,4,576,25
2020-05-18,Sutter,101,95872,40,38,0,38,2
2020-05-18,Tehama,103,63373,4,2,0,2,1
2020-05-18,Trinity,105,12862,2,1,0,1,0
2020-05-18,Tulare,107,460477,1968,1491,4,1495,63
2020-05-18,Tuolumne,109,53932,2,2,0,2,0
2020-05-18,Ventura,111,848112,1241,850,2,852,27
2020-05-18,Yolo,113,214977,196,183,0,183,22
2020-05-18,Yuba,115,75493,26,23,0,23,1
2020-05-17,Alameda,001,1643700,2879,2389,1,2390,83
2020-05-17,Alpine,003,1148,1,1,0,1,0
2020-05-17,Amador,005,37829,9,8,0,8,0
2020-05-17,Butte,007,227075,48,23,1,24,0
2020-05-17,Calaveras,009,45235,11,13,0,13,0
2020-05-17,Colusa,011,21464,3,3,0,3,0
2020-05-17,Contra Costa,013,1133247,1317,1155,0,1155,33
2020-05-17,Del Norte,015,27424,23,7,0,7,0
2020-05-17,El Dorado,017,186661,86,65,0,65,0
2020-05-17,Fresno,019,978130,2243,1213,29,1242,14
2020-05-17,Glenn,021,27897,13,9,0,9,0
2020-05-17,Humboldt,023,135768,93,70,0,70,0
2020-05-17,Imperial,025,180216,1752,715,4,719,14
2020-05-17,Inyo,027,18085,19,20,0,20,1
2020-05-17,Kern,029,883053,1973,1546,3,1549,26
2020-05-17,Kings,031,150075,495,356,2,358,2
2020-05-17,Lake,033,64148,13,7,0,7,0
2020-05-17,Lassen,035,31185,2,0,2,2,0
2020-05-17,Los Angeles,037,10098052,46796,37996,20,38016,1807
2020-05-17,Madera,039,155013,160,69,1,70,2
2020-05-17,Marin,041,260295,345,315,1,316,14
2020-05-17,Mariposa,043,17540,15,15,0,15,1
2020-05-17,Mendocino,045,87422,15,10,0,10,0
2020-05-17,Merced,047,269075,305,214,0,214,5
2020-05-17,Modoc,049,8938,0,0,0,0,0
2020-05-17,Mono,051,14174,36,32,0,32,1
2020-05-17,Monterey,053,433212,419,342,1,343,8
2020-05-17,Napa,055,140530,102,89,0,89,3
2020-05-17,Nevada,057,99092,42,41,1,42,1
2020-05-17,Orange,059,3164182,6729,4466,47,4513,88
2020-05-17,Placer,061,380077,191,175,0,175,8
2020-05-17,Plumas,063,18699,4,4,0,4,0
2020-05-17,Riverside,065,2383286,6818,5776,11,5787,245
2020-05-17,Sacramento,067,1510023,1299,1224,0,1224,56
2020-05-17,San Benito,069,59416,70,59,0,59,2
2020-05-17,San Bernardino,071,2135413,4524,3467,4,3471,155
2020-05-17,San Diego,073,3302833,6796,5838,0,5838,209
2020-05-17,San Francisco,075,870044,2342,2132,0,2132,36
2020-05-17,San Joaquin,077,732212,779,688,4,692,32
2020-05-17,San Luis Obispo,079,281455,309,242,1,243,1
2020-05-17,San Mateo,081,765935,1939,1680,2,1682,68
2020-05-17,Santa Barbara,083,443738,1899,1457,5,1462,10
2020-05-17,Santa Clara,085,1922200,2954,2453,6,2459,135
2020-05-17,Santa Cruz,087,273765,173,155,0,155,3
2020-05-17,Shasta,089,179085,47,34,0,34,4
2020-05-17,Sierra,091,2930,0,0,0,0,0
2020-05-17,Siskiyou,093,43540,7,6,0,6,0
2020-05-17,Solano,095,438530,482,392,0,392,4
2020-05-17,Sonoma,097,501317,457,376,0,376,4
2020-05-17,Stanislaus,099,539301,644,566,4,570,25
2020-05-17,Sutter,101,95872,39,38,0,38,2
2020-05-17,Tehama,103,63373,3,2,0,2,1
2020-05-17,Trinity,105,12862,1,1,0,1,0
2020-05-17,Tulare,107,460477,1901,1430,3,1433,63
2020-05-17,Tuolumne,109,53932,2,2,0,2,0
2020-05-17,Ventura,111,848112,1196,838,2,840,27
2020-05-17,Yolo,113,214977,194,182,0,182,22
2020-05-17,Yuba,115,75493,26,21,0,21,1
2020-05-16,Alameda,001,1643700,2829,2327,1,2328,83
2020-05-16,Alpine,003,1148,1,1,0,1,0
2020-05-16,Amador,005,37829,9,8,0,8,0
2020-05-16,Butte,007,227075,43,22,1,23,0
2020-05-16,Calaveras,009,45235,11,13,0,13,0
2020-05-16,Colusa,011,21464,3,3,0,3,0
2020-05-16,Contra Costa,013,1133247,1299,1136,0,1136,33
2020-05-16,Del Norte,015,27424,19,4,0,4,0
2020-05-16,El Dorado,017,186661,86,65,0,65,0
2020-05-16,Fresno,019,978130,2188,1177,29,1206,14
2020-05-16,Glenn,021,27897,13,9,0,9,0
2020-05-16,Humboldt,023,135768,91,69,0,69,0
2020-05-16,Imperial,025,180216,1688,712,4,716,14
2020-05-16,Inyo,027,18085,19,20,0,20,1
2020-05-16,Kern,029,883053,1937,1509,3,1512,26
2020-05-16,Kings,031,150075,485,356,2,358,2
2020-05-16,Lake,033,64148,13,7,0,7,0
2020-05-16,Lassen,035,31185,1,0,2,2,0
2020-05-16,Los Angeles,037,10098052,46219,37352,20,37372,1778
2020-05-16,Madera,039,155013,158,70,1,71,2
2020-05-16,Marin,041,260295,341,297,1,298,14
2020-05-16,Mariposa,043,17540,15,15,0,15,1
2020-05-16,Mendocino,045,87422,15,10,0,10,0
2020-05-16,Merced,047,269075,303,201,0,201,5
2020-05-16,Modoc,049,8938,0,0,0,0,0
2020-05-16,Mono,051,14174,36,32,0,32,1
2020-05-16,Monterey,053,433212,404,329,1,330,8
2020-05-16,Napa,055,140530,102,86,0,86,3
2020-05-16,Nevada,057,99092,42,41,1,42,1
2020-05-16,Orange,059,3164182,6653,4396,47,4443,87
2020-05-16,Placer,061,380077,189,174,0,174,8
2020-05-16,Plumas,063,18699,4,4,0,4,0
2020-05-16,Riverside,065,2383286,6733,5633,11,5644,243
2020-05-16,Sacramento,067,1510023,1292,1209,0,1209,55
2020-05-16,San Benito,069,59416,65,58,0,58,2
2020-05-16,San Bernardino,071,2135413,4452,3362,4,3366,155
2020-05-16,San Diego,073,3302833,6710,5664,0,5664,209
2020-05-16,San Francisco,075,870044,2319,2094,0,2094,36
2020-05-16,San Joaquin,077,732212,771,668,4,672,32
2020-05-16,San Luis Obispo,079,281455,308,240,1,241,1
2020-05-16,San Mateo,081,765935,1924,1652,2,1654,68
2020-05-16,Santa Barbara,083,443738,1884,1422,4,1426,10
2020-05-16,Santa Clara,085,1922200,2938,2420,5,2425,135
2020-05-16,Santa Cruz,087,273765,170,154,0,154,3
2020-05-16,Shasta,089,179085,47,33,0,33,4
2020-05-16,Sierra,091,2930,0,0,0,0,0
2020-05-16,Siskiyou,093,43540,7,6,0,6,0
2020-05-16,Solano,095,438530,477,392,0,392,4
2020-05-16,Sonoma,097,501317,444,356,0,356,4
2020-05-16,Stanislaus,099,539301,635,546,4,550,24
2020-05-16,Sutter,101,95872,39,35,0,35,2
2020-05-16,Tehama,103,63373,3,2,0,2,1
2020-05-16,Trinity,105,12862,1,1,0,1,0
2020-05-16,Tulare,107,460477,1883,1426,3,1429,63
2020-05-16,Tuolumne,109,53932,2,2,0,2,0
2020-05-16,Ventura,111,848112,1171,813,2,815,25
2020-05-16,Yolo,113,214977,193,181,0,181,22
2020-05-16,Yuba,115,75493,26,21,0,21,1
2020-05-15,Alameda,001,1643700,2795,2289,1,2290,83
2020-05-15,Alpine,003,1148,1,1,0,1,0
2020-05-15,Amador,005,37829,9,8,0,8,0
2020-05-15,Butte,007,227075,41,22,1,23,0
2020-05-15,Calaveras,009,45235,11,13,0,13,0
2020-05-15,Colusa,011,21464,3,3,0,3,0
2020-05-15,Contra Costa,013,1133247,1281,1106,0,1106,33
2020-05-15,Del Norte,015,27424,14,4,0,4,0
2020-05-15,El Dorado,017,186661,86,64,0,64,0
2020-05-15,Fresno,019,978130,2120,1126,29,1155,14
2020-05-15,Glenn,021,27897,13,9,0,9,0
2020-05-15,Humboldt,023,135768,90,60,0,60,0
2020-05-15,Imperial,025,180216,1605,680,0,680,14
2020-05-15,Inyo,027,18085,19,20,0,20,1
2020-05-15,Kern,029,883053,1881,1472,3,1475,25
2020-05-15,Kings,031,150075,482,347,2,349,2
2020-05-15,Lake,033,64148,13,7,0,7,0
2020-05-15,Lassen,035,31185,1,0,2,2,0
2020-05-15,Los Angeles,037,10098052,45433,36317,20,36337,1734
2020-05-15,Madera,039,155013,157,71,1,72,2
2020-05-15,Marin,041,260295,333,295,1,296,14
2020-05-15,Mariposa,043,17540,15,15,0,15,1
2020-05-15,Mendocino,045,87422,15,10,0,10,0
2020-05-15,Merced,047,269075,300,191,0,191,5
2020-05-15,Modoc,049,8938,0,0,0,0,0
2020-05-15,Mono,051,14174,36,31,0,31,1
2020-05-15,Monterey,053,433212,398,321,1,322,8
2020-05-15,Napa,055,140530,102,83,0,83,3
2020-05-15,Nevada,057,99092,42,41,1,42,1
2020-05-15,Orange,059,3164182,6482,4281,47,4328,87
2020-05-15,Placer,061,380077,187,174,0,174,8
2020-05-15,Plumas,063,18699,4,4,0,4,0
2020-05-15,Riverside,065,2383286,6619,5496,11,5507,233
2020-05-15,Sacramento,067,1510023,1282,1203,0,1203,55
2020-05-15,San Benito,069,59416,62,57,0,57,2
2020-05-15,San Bernardino,071,2135413,4374,3225,4,3229,153
2020-05-15,San Diego,073,3302833,6603,5525,0,5525,208
2020-05-15,San Francisco,075,870044,2303,2062,0,2062,36
2020-05-15,San Joaquin,077,732212,765,656,4,660,32
2020-05-15,San Luis Obispo,079,281455,306,237,1,238,1
2020-05-15,San Mateo,081,765935,1902,1612,2,1614,68
2020-05-15,Santa Barbara,083,443738,1867,1409,4,1413,10
2020-05-15,Santa Clara,085,1922200,2903,2395,5,2400,135
2020-05-15,Santa Cruz,087,273765,169,146,0,146,3
2020-05-15,Shasta,089,179085,46,33,0,33,4
2020-05-15,Sierra,091,2930,0,0,0,0,0
2020-05-15,Siskiyou,093,43540,6,5,0,5,0
2020-05-15,Solano,095,438530,473,388,0,388,4
2020-05-15,Sonoma,097,501317,436,349,0,349,4
2020-05-15,Stanislaus,099,539301,628,540,4,544,23
2020-05-15,Sutter,101,95872,38,35,0,35,2
2020-05-15,Tehama,103,63373,3,1,0,1,1
2020-05-15,Trinity,105,12862,1,1,0,1,0
2020-05-15,Tulare,107,460477,1855,1356,3,1359,61
2020-05-15,Tuolumne,109,53932,2,2,0,2,0
2020-05-15,Ventura,111,848112,1154,789,1,790,25
2020-05-15,Yolo,113,214977,192,182,0,182,22
2020-05-15,Yuba,115,75493,26,21,0,21,1
2020-05-14,Alameda,001,1643700,2702,2255,1,2256,80
2020-05-14,Alpine,003,1148,1,1,0,1,0
2020-05-14,Amador,005,37829,9,8,0,8,0
2020-05-14,Butte,007,227075,39,22,1,23,0
2020-05-14,Calaveras,009,45235,11,13,0,13,0
2020-05-14,Colusa,011,21464,3,3,0,3,0
2020-05-14,Contra Costa,013,1133247,1255,1090,0,1090,32
2020-05-14,Del Norte,015,27424,14,4,0,4,0
2020-05-14,El Dorado,017,186661,77,59,0,59,0
2020-05-14,Fresno,019,978130,2062,1038,25,1063,12
2020-05-14,Glenn,021,27897,12,8,0,8,0
2020-05-14,Humboldt,023,135768,88,59,0,59,0
2020-05-14,Imperial,025,180216,1488,652,0,652,13
2020-05-14,Inyo,027,18085,19,20,0,20,1
2020-05-14,Kern,029,883053,1839,1430,3,1433,21
2020-05-14,Kings,031,150075,466,342,2,344,1
2020-05-14,Lake,033,64148,13,7,0,7,0
2020-05-14,Lassen,035,31185,1,0,2,2,0
2020-05-14,Los Angeles,037,10098052,44258,35427,20,35447,1693
2020-05-14,Madera,039,155013,148,69,1,70,2
2020-05-14,Marin,041,260295,315,283,1,284,14
2020-05-14,Mariposa,043,17540,15,15,0,15,0
2020-05-14,Mendocino,045,87422,14,10,0,10,0
2020-05-14,Merced,047,269075,290,182,0,182,3
2020-05-14,Modoc,049,8938,0,0,0,0,0
2020-05-14,Mono,051,14174,36,31,0,31,1
2020-05-14,Monterey,053,433212,388,317,1,318,7
2020-05-14,Napa,055,140530,100,83,0,83,3
2020-05-14,Nevada,057,99092,41,41,1,42,1
2020-05-14,Orange,059,3164182,6304,4163,45,4208,83
2020-05-14,Placer,061,380077,187,172,0,172,8
2020-05-14,Plumas,063,18699,4,4,0,4,0
2020-05-14,Riverside,065,2383286,6435,5339,11,5350,224
2020-05-14,Sacramento,067,1510023,1270,1181,0,1181,55
2020-05-14,San Benito,069,59416,60,56,0,56,2
2020-05-14,San Bernardino,071,2135413,4196,3149,4,3153,149
2020-05-14,San Diego,073,3302833,6468,5393,0,5393,200
2020-05-14,San Francisco,075,870044,2270,2029,0,2029,36
2020-05-14,San Joaquin,077,732212,750,643,4,647,31
2020-05-14,San Luis Obispo,079,281455,303,236,1,237,1
2020-05-14,San Mateo,081,765935,1870,1588,2,1590,67
2020-05-14,Santa Barbara,083,443738,1842,1395,4,1399,11
2020-05-14,Santa Clara,085,1922200,2881,2380,5,2385,134
2020-05-14,Santa Cruz,087,273765,167,145,0,145,3
2020-05-14,Shasta,089,179085,46,33,0,33,4
2020-05-14,Sierra,091,2930,0,0,0,0,0
2020-05-14,Siskiyou,093,43540,6,5,0,5,0
2020-05-14,Solano,095,438530,464,372,0,372,4
2020-05-14,Sonoma,097,501317,419,333,0,333,4
2020-05-14,Stanislaus,099,539301,609,533,4,537,23
2020-05-14,Sutter,101,95872,38,34,0,34,2
2020-05-14,Tehama,103,63373,3,1,0,1,1
2020-05-14,Trinity,105,12862,1,1,0,1,0
2020-05-14,Tulare,107,460477,1821,1317,3,1320,55
2020-05-14,Tuolumne,109,53932,2,2,0,2,0
2020-05-14,Ventura,111,848112,1124,760,1,761,25
2020-05-14,Yolo,113,214977,192,180,0,180,22
2020-05-14,Yuba,115,75493,26,21,0,21,1
2020-05-13,Alameda,001,1643700,2644,2181,1,2182,78
2020-05-13,Alpine,003,1148,1,1,0,1,0
2020-05-13,Amador,005,37829,9,8,0,8,0
2020-05-13,Butte,007,227075,39,21,1,22,0
2020-05-13,Calaveras,009,45235,11,13,0,13,0
2020-05-13,Colusa,011,21464,3,3,0,3,0
2020-05-13,Contra Costa,013,1133247,1233,1082,0,1082,32
2020-05-13,Del Norte,015,27424,13,4,0,4,0
2020-05-13,El Dorado,017,186661,76,58,0,58,0
2020-05-13,Fresno,019,978130,1970,993,25,1018,10
2020-05-13,Glenn,021,27897,11,6,0,6,0
2020-05-13,Humboldt,023,135768,82,58,0,58,0
2020-05-13,Imperial,025,180216,1418,610,0,610,11
2020-05-13,Inyo,027,18085,19,20,0,20,1
2020-05-13,Kern,029,883053,1793,1390,3,1393,19
2020-05-13,Kings,031,150075,452,314,2,316,1
2020-05-13,Lake,033,64148,13,7,0,7,0
2020-05-13,Lassen,035,31185,1,0,2,2,0
2020-05-13,Los Angeles,037,10098052,42952,34574,20,34594,1643
2020-05-13,Madera,039,155013,139,69,1,70,2
2020-05-13,Marin,041,260295,302,278,1,279,14
2020-05-13,Mariposa,043,17540,15,15,0,15,0
2020-05-13,Mendocino,045,87422,14,10,0,10,0
2020-05-13,Merced,047,269075,287,176,0,176,3
2020-05-13,Modoc,049,8938,0,0,0,0,0
2020-05-13,Mono,051,14174,35,31,0,31,1
2020-05-13,Monterey,053,433212,378,309,1,310,6
2020-05-13,Napa,055,140530,100,81,0,81,3
2020-05-13,Nevada,057,99092,41,41,1,42,1
2020-05-13,Orange,059,3164182,6055,4025,43,4068,79
2020-05-13,Placer,061,380077,186,170,0,170,8
2020-05-13,Plumas,063,18699,4,4,0,4,0
2020-05-13,Riverside,065,2383286,6312,5204,11,5215,216
2020-05-13,Sacramento,067,1510023,1255,1173,0,1173,53
2020-05-13,San Benito,069,59416,60,55,0,55,2
2020-05-13,San Bernardino,071,2135413,3940,3064,3,3067,140
2020-05-13,San Diego,073,3302833,6332,5280,0,5280,194
2020-05-13,San Francisco,075,870044,2242,2004,0,2004,35
2020-05-13,San Joaquin,077,732212,729,639,3,642,31
2020-05-13,San Luis Obispo,079,281455,301,231,1,232,1
2020-05-13,San Mateo,081,765935,1838,1550,2,1552,66
2020-05-13,Santa Barbara,083,443738,1820,1382,4,1386,10
2020-05-13,Santa Clara,085,1922200,2862,2370,5,2375,132
2020-05-13,Santa Cruz,087,273765,163,142,0,142,2
2020-05-13,Shasta,089,179085,46,32,0,32,4
2020-05-13,Sierra,091,2930,0,0,0,0,0
2020-05-13,Siskiyou,093,43540,6,5,0,5,0
2020-05-13,Solano,095,438530,451,368,0,368,4
2020-05-13,Sonoma,097,501317,409,330,0,330,4
2020-05-13,Stanislaus,099,539301,600,521,4,525,15
2020-05-13,Sutter,101,95872,38,33,0,33,2
2020-05-13,Tehama,103,63373,3,1,0,1,1
2020-05-13,Trinity,105,12862,1,2,0,2,0
2020-05-13,Tulare,107,460477,1788,1283,3,1286,54
2020-05-13,Tuolumne,109,53932,2,2,0,2,0
2020-05-13,Ventura,111,848112,1094,742,1,743,25
2020-05-13,Yolo,113,214977,190,178,0,178,22
2020-05-13,Yuba,115,75493,24,19,0,19,1
2020-05-12,Alameda,001,1643700,2580,2146,1,2147,74
2020-05-12,Alpine,003,1148,1,1,0,1,0
2020-05-12,Amador,005,37829,9,8,0,8,0
2020-05-12,Butte,007,227075,37,20,1,21,0
2020-05-12,Calaveras,009,45235,10,13,0,13,0
2020-05-12,Colusa,011,21464,3,3,0,3,0
2020-05-12,Contra Costa,013,1133247,1202,1067,0,1067,32
2020-05-12,Del Norte,015,27424,10,3,0,3,0
2020-05-12,El Dorado,017,186661,73,56,0,56,0
2020-05-12,Fresno,019,978130,1887,978,25,1003,9
2020-05-12,Glenn,021,27897,10,6,0,6,0
2020-05-12,Humboldt,023,135768,79,58,0,58,0
2020-05-12,Imperial,025,180216,1287,602,0,602,9
2020-05-12,Inyo,027,18085,19,20,0,20,1
2020-05-12,Kern,029,883053,1752,1363,3,1366,18
2020-05-12,Kings,031,150075,431,302,2,304,1
2020-05-12,Lake,033,64148,13,7,0,7,0
2020-05-12,Lassen,035,31185,1,0,2,2,0
2020-05-12,Los Angeles,037,10098052,41957,33281,19,33300,1601
2020-05-12,Madera,039,155013,135,69,1,70,2
2020-05-12,Marin,041,260295,297,274,1,275,14
2020-05-12,Mariposa,043,17540,15,15,0,15,0
2020-05-12,Mendocino,045,87422,14,10,0,10,0
2020-05-12,Merced,047,269075,276,175,0,175,3
2020-05-12,Modoc,049,8938,0,0,0,0,0
2020-05-12,Mono,051,14174,35,31,0,31,1
2020-05-12,Monterey,053,433212,371,298,1,299,6
2020-05-12,Napa,055,140530,98,80,0,80,3
2020-05-12,Nevada,057,99092,41,41,1,42,1
2020-05-12,Orange,059,3164182,5869,3843,41,3884,78
2020-05-12,Placer,061,380077,185,170,0,170,8
2020-05-12,Plumas,063,18699,4,4,0,4,0
2020-05-12,Riverside,065,2383286,6190,5134,11,5145,210
2020-05-12,Sacramento,067,1510023,1235,1166,0,1166,52
2020-05-12,San Benito,069,59416,60,55,0,55,2
2020-05-12,San Bernardino,071,2135413,3789,2997,3,3000,131
2020-05-12,San Diego,073,3302833,6188,3,0,3,0
2020-05-12,San Francisco,075,870044,2207,1981,0,1981,35
2020-05-12,San Joaquin,077,732212,714,625,3,628,30
2020-05-12,San Luis Obispo,079,281455,298,226,1,227,1
2020-05-12,San Mateo,081,765935,1812,1533,2,1535,66
2020-05-12,Santa Barbara,083,443738,1772,1377,4,1381,10
2020-05-12,Santa Clara,085,1922200,2832,2362,5,2367,131
2020-05-12,Santa Cruz,087,273765,161,141,0,141,2
2020-05-12,Shasta,089,179085,45,33,0,33,4
2020-05-12,Sierra,091,2930,0,0,0,0,0
2020-05-12,Siskiyou,093,43540,6,5,0,5,0
2020-05-12,Solano,095,438530,443,361,0,361,4
2020-05-12,Sonoma,097,501317,386,308,0,308,4
2020-05-12,Stanislaus,099,539301,593,515,4,519,15
2020-05-12,Sutter,101,95872,38,33,0,33,2
2020-05-12,Tehama,103,63373,3,1,0,1,1
2020-05-12,Trinity,105,12862,1,1,0,1,0
2020-05-12,Tulare,107,460477,1757,1261,3,1264,52
2020-05-12,Tuolumne,109,53932,2,2,0,2,0
2020-05-12,Ventura,111,848112,1042,718,1,719,20
2020-05-12,Yolo,113,214977,189,176,0,176,22
2020-05-12,Yuba,115,75493,24,19,0,19,1
2020-05-11,Alameda,001,1643700,2530,2103,1,2104,71
2020-05-11,Alpine,003,1148,1,1,0,1,0
2020-05-11,Amador,005,37829,9,8,0,8,0
2020-05-11,Butte,007,227075,36,19,1,20,0
2020-05-11,Calaveras,009,45235,10,13,0,13,0
2020-05-11,Colusa,011,21464,3,3,0,3,0
2020-05-11,Contra Costa,013,1133247,1188,1052,0,1052,32
2020-05-11,Del Norte,015,27424,8,3,0,3,0
2020-05-11,El Dorado,017,186661,73,55,0,55,0
2020-05-11,Fresno,019,978130,1799,937,23,960,8
2020-05-11,Glenn,021,27897,10,6,0,6,0
2020-05-11,Humboldt,023,135768,76,56,0,56,0
2020-05-11,Imperial,025,180216,1181,562,0,562,9
2020-05-11,Inyo,027,18085,19,20,0,20,1
2020-05-11,Kern,029,883053,1700,1331,3,1334,17
2020-05-11,Kings,031,150075,408,289,1,290,1
2020-05-11,Lake,033,64148,12,7,0,7,0
2020-05-11,Lassen,035,31185,1,0,2,2,0
2020-05-11,Los Angeles,037,10098052,40778,32279,19,32298,1553
2020-05-11,Madera,039,155013,126,68,1,69,2
2020-05-11,Marin,041,260295,288,271,1,272,14
2020-05-11,Mariposa,043,17540,15,15,0,15,0
2020-05-11,Mendocino,045,87422,14,10,0,10,0
2020-05-11,Merced,047,269075,261,158,0,158,3
2020-05-11,Modoc,049,8938,0,0,0,0,0
2020-05-11,Mono,051,14174,35,30,0,30,1
2020-05-11,Monterey,053,433212,368,286,1,287,6
2020-05-11,Napa,055,140530,92,79,0,79,2
2020-05-11,Nevada,057,99092,41,41,1,42,1
2020-05-11,Orange,059,3164182,5644,3699,36,3735,77
2020-05-11,Placer,061,380077,185,170,0,170,8
2020-05-11,Plumas,063,18699,4,4,0,4,0
2020-05-11,Riverside,065,2383286,6032,5082,11,5093,203
2020-05-11,Sacramento,067,1510023,1220,1160,0,1160,52
2020-05-11,San Benito,069,59416,58,52,0,52,2
2020-05-11,San Bernardino,071,2135413,3679,2945,3,2948,124
2020-05-11,San Diego,073,3302833,6035,5067,0,5067,175
2020-05-11,San Francisco,075,870044,2160,1974,0,1974,35
2020-05-11,San Joaquin,077,732212,704,620,3,623,30
2020-05-11,San Luis Obispo,079,281455,296,224,1,225,1
2020-05-11,San Mateo,081,765935,1786,1499,2,1501,66
2020-05-11,Santa Barbara,083,443738,1743,1372,4,1376,10
2020-05-11,Santa Clara,085,1922200,2816,2340,5,2345,129
2020-05-11,Santa Cruz,087,273765,158,140,0,140,2
2020-05-11,Shasta,089,179085,45,31,0,31,4
2020-05-11,Sierra,091,2930,0,0,0,0,0
2020-05-11,Siskiyou,093,43540,6,5,0,5,0
2020-05-11,Solano,095,438530,438,354,0,354,4
2020-05-11,Sonoma,097,501317,376,303,0,303,3
2020-05-11,Stanislaus,099,539301,583,507,4,511,14
2020-05-11,Sutter,101,95872,37,32,0,32,2
2020-05-11,Tehama,103,63373,3,1,0,1,1
2020-05-11,Trinity,105,12862,1,1,0,1,0
2020-05-11,Tulare,107,460477,1708,1203,3,1206,49
2020-05-11,Tuolumne,109,53932,2,2,0,2,0
2020-05-11,Ventura,111,848112,988,698,1,699,19
2020-05-11,Yolo,113,214977,189,174,0,174,20
2020-05-11,Yuba,115,75493,24,18,0,18,1
2020-05-10,Alameda,001,1643700,2453,2047,1,2048,71
2020-05-10,Alpine,003,1148,1,1,0,1,0
2020-05-10,Amador,005,37829,9,8,0,8,0
2020-05-10,Butte,007,227075,32,18,1,19,0
2020-05-10,Calaveras,009,45235,10,13,0,13,0
2020-05-10,Colusa,011,21464,3,3,0,3,0
2020-05-10,Contra Costa,013,1133247,1174,1046,0,1046,31
2020-05-10,Del Norte,015,27424,7,3,0,3,0
2020-05-10,El Dorado,017,186661,73,55,0,55,0
2020-05-10,Fresno,019,978130,1716,894,23,917,8
2020-05-10,Glenn,021,27897,10,6,0,6,0
2020-05-10,Humboldt,023,135768,72,56,0,56,0
2020-05-10,Imperial,025,180216,1084,509,0,509,7
2020-05-10,Inyo,027,18085,19,20,0,20,1
2020-05-10,Kern,029,883053,1649,1300,2,1302,16
2020-05-10,Kings,031,150075,395,266,1,267,1
2020-05-10,Lake,033,64148,12,7,0,7,0
2020-05-10,Lassen,035,31185,1,0,2,2,0
2020-05-10,Los Angeles,037,10098052,39519,31711,19,31730,1514
2020-05-10,Madera,039,155013,124,65,1,66,2
2020-05-10,Marin,041,260295,280,267,1,268,14
2020-05-10,Mariposa,043,17540,15,15,0,15,0
2020-05-10,Mendocino,045,87422,13,10,0,10,0
2020-05-10,Merced,047,269075,246,154,0,154,3
2020-05-10,Modoc,049,8938,0,0,0,0,0
2020-05-10,Mono,051,14174,35,27,0,27,1
2020-05-10,Monterey,053,433212,354,282,1,283,6
2020-05-10,Napa,055,140530,86,79,0,79,2
2020-05-10,Nevada,057,99092,41,41,1,42,1
2020-05-10,Orange,059,3164182,5499,3627,36,3663,76
2020-05-10,Placer,061,380077,184,168,0,168,8
2020-05-10,Plumas,063,18699,4,4,0,4,0
2020-05-10,Riverside,065,2383286,5910,4951,11,4962,193
2020-05-10,Sacramento,067,1510023,1204,1152,0,1152,52
2020-05-10,San Benito,069,59416,58,52,0,52,2
2020-05-10,San Bernardino,071,2135413,3581,2910,3,2913,121
2020-05-10,San Diego,073,3302833,5883,4928,0,4928,175
2020-05-10,San Francisco,075,870044,2142,1953,0,1953,35
2020-05-10,San Joaquin,077,732212,689,611,3,614,29
2020-05-10,San Luis Obispo,079,281455,293,218,1,219,1
2020-05-10,San Mateo,081,765935,1764,1463,2,1465,65
2020-05-10,Santa Barbara,083,443738,1716,1323,4,1327,10
2020-05-10,Santa Clara,085,1922200,2789,2331,5,2336,129
2020-05-10,Santa Cruz,087,273765,157,139,0,139,2
2020-05-10,Shasta,089,179085,45,31,0,31,4
2020-05-10,Sierra,091,2930,0,0,0,0,0
2020-05-10,Siskiyou,093,43540,5,5,0,5,0
2020-05-10,Solano,095,438530,428,322,0,322,4
2020-05-10,Sonoma,097,501317,366,290,0,290,3
2020-05-10,Stanislaus,099,539301,576,498,4,502,14
2020-05-10,Sutter,101,95872,34,31,0,31,2
2020-05-10,Tehama,103,63373,3,1,0,1,1
2020-05-10,Trinity,105,12862,1,1,0,1,0
2020-05-10,Tulare,107,460477,1639,1143,3,1146,47
2020-05-10,Tuolumne,109,53932,2,2,0,2,0
2020-05-10,Ventura,111,848112,935,690,1,691,19
2020-05-10,Yolo,113,214977,189,173,0,173,20
2020-05-10,Yuba,115,75493,23,17,0,17,1
2020-05-09,Alameda,001,1643700,2410,2011,1,2012,71
2020-05-09,Alpine,003,1148,1,1,0,1,0
2020-05-09,Amador,005,37829,8,8,0,8,0
2020-05-09,Butte,007,227075,31,18,1,19,0
2020-05-09,Calaveras,009,45235,10,13,0,13,0
2020-05-09,Colusa,011,21464,3,3,0,3,0
2020-05-09,Contra Costa,013,1133247,1160,1039,0,1039,31
2020-05-09,Del Norte,015,27424,7,3,0,3,0
2020-05-09,El Dorado,017,186661,70,54,0,54,0
2020-05-09,Fresno,019,978130,1678,861,22,883,8
2020-05-09,Glenn,021,27897,9,6,0,6,0
2020-05-09,Humboldt,023,135768,70,55,0,55,0
2020-05-09,Imperial,025,180216,1028,474,0,474,7
2020-05-09,Inyo,027,18085,19,20,0,20,1
2020-05-09,Kern,029,883053,1613,1262,1,1263,15
2020-05-09,Kings,031,150075,390,264,1,265,1
2020-05-09,Lake,033,64148,12,7,0,7,0
2020-05-09,Lassen,035,31185,1,0,2,2,0
2020-05-09,Los Angeles,037,10098052,38897,31268,19,31287,1499
2020-05-09,Madera,039,155013,123,61,1,62,2
2020-05-09,Marin,041,260295,279,261,1,262,14
2020-05-09,Mariposa,043,17540,15,15,0,15,0
2020-05-09,Mendocino,045,87422,13,10,0,10,0
2020-05-09,Merced,047,269075,242,153,0,153,3
2020-05-09,Modoc,049,8938,0,0,0,0,0
2020-05-09,Mono,051,14174,35,27,0,27,1
2020-05-09,Monterey,053,433212,347,273,1,274,6
2020-05-09,Napa,055,140530,85,78,0,78,2
2020-05-09,Nevada,057,99092,41,41,1,42,1
2020-05-09,Orange,059,3164182,5417,3506,35,3541,75
2020-05-09,Placer,061,380077,183,168,0,168,8
2020-05-09,Plumas,063,18699,4,4,0,4,0
2020-05-09,Riverside,065,2383286,5815,4871,11,4882,183
2020-05-09,Sacramento,067,1510023,1200,1150,0,1150,52
2020-05-09,San Benito,069,59416,57,52,0,52,2
2020-05-09,San Bernardino,071,2135413,3525,2825,3,2828,121
2020-05-09,San Diego,073,3302833,5771,4778,0,4778,175
2020-05-09,San Francisco,075,870044,2127,1944,0,1944,34
2020-05-09,San Joaquin,077,732212,680,605,3,608,28
2020-05-09,San Luis Obispo,079,281455,289,213,1,214,1
2020-05-09,San Mateo,081,765935,1745,1453,2,1455,65
2020-05-09,Santa Barbara,083,443738,1700,1245,4,1249,10
2020-05-09,Santa Clara,085,1922200,2776,2317,5,2322,128
2020-05-09,Santa Cruz,087,273765,156,138,0,138,2
2020-05-09,Shasta,089,179085,45,31,0,31,4
2020-05-09,Sierra,091,2930,0,0,0,0,0
2020-05-09,Siskiyou,093,43540,5,5,0,5,0
2020-05-09,Solano,095,438530,422,321,0,321,4
2020-05-09,Sonoma,097,501317,362,288,0,288,3
2020-05-09,Stanislaus,099,539301,568,491,4,495,12
2020-05-09,Sutter,101,95872,34,31,0,31,2
2020-05-09,Tehama,103,63373,2,1,0,1,1
2020-05-09,Trinity,105,12862,1,1,0,1,0
2020-05-09,Tulare,107,460477,1611,1083,3,1086,47
2020-05-09,Tuolumne,109,53932,2,2,0,2,0
2020-05-09,Ventura,111,848112,914,679,1,680,19
2020-05-09,Yolo,113,214977,189,172,0,172,18
2020-05-09,Yuba,115,75493,23,17,0,17,1
2020-05-08,Alameda,001,1643700,2367,1955,1,1956,70
2020-05-08,Alpine,003,1148,1,1,0,1,0
2020-05-08,Amador,005,37829,8,8,0,8,0
2020-05-08,Butte,007,227075,31,18,1,19,0
2020-05-08,Calaveras,009,45235,10,13,0,13,0
2020-05-08,Colusa,011,21464,3,3,0,3,0
2020-05-08,Contra Costa,013,1133247,1148,1024,0,1024,29
2020-05-08,Del Norte,015,27424,7,3,0,3,0
2020-05-08,El Dorado,017,186661,69,54,0,54,0
2020-05-08,Fresno,019,978130,1641,838,21,859,8
2020-05-08,Glenn,021,27897,8,6,0,6,0
2020-05-08,Humboldt,023,135768,67,54,0,54,0
2020-05-08,Imperial,025,180216,982,467,0,467,7
2020-05-08,Inyo,027,18085,19,20,0,20,1
2020-05-08,Kern,029,883053,1582,1214,1,1215,13
2020-05-08,Kings,031,150075,381,236,1,237,1
2020-05-08,Lake,033,64148,12,7,0,7,0
2020-05-08,Lassen,035,31185,1,0,2,2,0
2020-05-08,Los Angeles,037,10098052,38165,30357,19,30376,1447
2020-05-08,Madera,039,155013,120,57,1,58,2
2020-05-08,Marin,041,260295,279,257,1,258,14
2020-05-08,Mariposa,043,17540,15,15,0,15,0
2020-05-08,Mendocino,045,87422,13,10,0,10,0
2020-05-08,Merced,047,269075,241,151,0,151,3
2020-05-08,Modoc,049,8938,0,0,0,0,0
2020-05-08,Mono,051,14174,32,27,0,27,1
2020-05-08,Monterey,053,433212,339,265,1,266,6
2020-05-08,Napa,055,140530,84,78,0,78,2
2020-05-08,Nevada,057,99092,41,41,1,42,1
2020-05-08,Orange,059,3164182,5267,3395,35,3430,72
2020-05-08,Placer,061,380077,181,166,0,166,8
2020-05-08,Plumas,063,18699,4,4,0,4,0
2020-05-08,Riverside,065,2383286,5716,4672,10,4682,181
2020-05-08,Sacramento,067,1510023,1195,1145,0,1145,51
2020-05-08,San Benito,069,59416,57,51,0,51,2
2020-05-08,San Bernardino,071,2135413,3477,2631,3,2634,119
2020-05-08,San Diego,073,3302833,5664,4664,0,4664,169
2020-05-08,San Francisco,075,870044,2109,1890,0,1890,33
2020-05-08,San Joaquin,077,732212,673,595,3,598,28
2020-05-08,San Luis Obispo,079,281455,286,210,1,211,1
2020-05-08,San Mateo,081,765935,1660,1423,2,1425,62
2020-05-08,Santa Barbara,083,443738,1683,1054,3,1057,8
2020-05-08,Santa Clara,085,1922200,2753,2285,5,2290,128
2020-05-08,Santa Cruz,087,273765,152,137,0,137,2
2020-05-08,Shasta,089,179085,45,31,0,31,4
2020-05-08,Sierra,091,2930,0,0,0,0,0
2020-05-08,Siskiyou,093,43540,5,5,0,5,0
2020-05-08,Solano,095,438530,417,314,0,314,4
2020-05-08,Sonoma,097,501317,357,285,0,285,3
2020-05-08,Stanislaus,099,539301,554,487,4,491,12
2020-05-08,Sutter,101,95872,34,30,0,30,2
2020-05-08,Tehama,103,63373,2,1,0,1,1
2020-05-08,Trinity,105,12862,1,0,0,0,0
2020-05-08,Tulare,107,460477,1566,1050,3,1053,43
2020-05-08,Tuolumne,109,53932,2,2,0,2,0
2020-05-08,Ventura,111,848112,896,665,1,666,19
2020-05-08,Yolo,113,214977,188,172,0,172,18
2020-05-08,Yuba,115,75493,22,16,0,16,1
2020-05-07,Alameda,001,1643700,2307,1914,1,1915,68
2020-05-07,Alpine,003,1148,1,1,0,1,0
2020-05-07,Amador,005,37829,8,8,0,8,0
2020-05-07,Butte,007,227075,31,19,1,20,0
2020-05-07,Calaveras,009,45235,10,13,0,13,0
2020-05-07,Colusa,011,21464,3,3,0,3,0
2020-05-07,Contra Costa,013,1133247,1134,1005,0,1005,29
2020-05-07,Del Norte,015,27424,6,3,0,3,0
2020-05-07,El Dorado,017,186661,68,54,0,54,0
2020-05-07,Fresno,019,978130,1560,812,20,832,8
2020-05-07,Glenn,021,27897,8,5,0,5,0
2020-05-07,Humboldt,023,135768,66,54,0,54,0
2020-05-07,Imperial,025,180216,919,442,0,442,6
2020-05-07,Inyo,027,18085,19,20,0,20,1
2020-05-07,Kern,029,883053,1538,1176,1,1177,13
2020-05-07,Kings,031,150075,358,219,1,220,1
2020-05-07,Lake,033,64148,11,7,0,7,0
2020-05-07,Lassen,035,31185,1,0,2,2,0
2020-05-07,Los Angeles,037,10098052,37042,29544,19,29563,1399
2020-05-07,Madera,039,155013,116,54,1,55,2
2020-05-07,Marin,041,260295,272,252,1,253,14
2020-05-07,Mariposa,043,17540,15,15,0,15,0
2020-05-07,Mendocino,045,87422,13,10,0,10,0
2020-05-07,Merced,047,269075,233,146,0,146,3
2020-05-07,Modoc,049,8938,0,0,0,0,0
2020-05-07,Mono,051,14174,32,26,0,26,1
2020-05-07,Monterey,053,433212,331,249,1,250,6
2020-05-07,Napa,055,140530,84,78,0,78,2
2020-05-07,Nevada,057,99092,41,41,1,42,1
2020-05-07,Orange,059,3164182,5082,3283,34,3317,69
2020-05-07,Placer,061,380077,181,165,0,165,8
2020-05-07,Plumas,063,18699,4,4,0,4,0
2020-05-07,Riverside,065,2383286,5600,4608,10,4618,170
2020-05-07,Sacramento,067,1510023,1189,1139,0,1139,50
2020-05-07,San Benito,069,59416,57,50,0,50,2
2020-05-07,San Bernardino,071,2135413,3385,2522,3,2525,115
2020-05-07,San Diego,073,3302833,5507,4431,0,4431,165
2020-05-07,San Francisco,075,870044,2078,1852,0,1852,33
2020-05-07,San Joaquin,077,732212,660,583,3,586,28
2020-05-07,San Luis Obispo,079,281455,275,209,1,210,1
2020-05-07,San Mateo,081,765935,1638,1398,2,1400,58
2020-05-07,Santa Barbara,083,443738,1648,720,3,723,8
2020-05-07,Santa Clara,085,1922200,2716,2281,5,2286,127
2020-05-07,Santa Cruz,087,273765,149,136,0,136,2
2020-05-07,Shasta,089,179085,44,31,0,31,4
2020-05-07,Sierra,091,2930,0,0,0,0,0
2020-05-07,Siskiyou,093,43540,5,5,0,5,0
2020-05-07,Solano,095,438530,411,307,0,307,4
2020-05-07,Sonoma,097,501317,345,282,0,282,3
2020-05-07,Stanislaus,099,539301,545,466,4,470,10
2020-05-07,Sutter,101,95872,34,29,0,29,2
2020-05-07,Tehama,103,63373,2,1,0,1,1
2020-05-07,Trinity,105,12862,1,0,0,0,0
2020-05-07,Tulare,107,460477,1500,1001,3,1004,41
2020-05-07,Tuolumne,109,53932,2,2,0,2,0
2020-05-07,Ventura,111,848112,872,647,0,647,19
2020-05-07,Yolo,113,214977,187,172,0,172,18
2020-05-07,Yuba,115,75493,22,16,0,16,1
2020-05-06,Alameda,001,1643700,2269,1864,1,1865,67
2020-05-06,Alpine,003,1148,1,1,0,1,0
2020-05-06,Amador,005,37829,8,8,0,8,0
2020-05-06,Butte,007,227075,30,19,1,20,0
2020-05-06,Calaveras,009,45235,10,13,0,13,0
2020-05-06,Colusa,011,21464,3,3,0,3,0
2020-05-06,Contra Costa,013,1133247,1113,990,0,990,29
2020-05-06,Del Norte,015,27424,6,3,0,3,0
2020-05-06,El Dorado,017,186661,66,53,0,53,0
2020-05-06,Fresno,019,978130,1499,773,18,791,8
2020-05-06,Glenn,021,27897,8,3,0,3,0
2020-05-06,Humboldt,023,135768,65,54,0,54,0
2020-05-06,Imperial,025,180216,851,399,0,399,6
2020-05-06,Inyo,027,18085,19,20,0,20,1
2020-05-06,Kern,029,883053,1483,1112,1,1113,12
2020-05-06,Kings,031,150075,340,208,1,209,1
2020-05-06,Lake,033,64148,11,7,0,7,0
2020-05-06,Lassen,035,31185,1,0,2,2,0
2020-05-06,Los Angeles,037,10098052,36037,28687,19,28706,1347
2020-05-06,Madera,039,155013,114,55,1,56,2
2020-05-06,Marin,041,260295,265,244,1,245,14
2020-05-06,Mariposa,043,17540,15,14,0,14,0
2020-05-06,Mendocino,045,87422,13,10,0,10,0
2020-05-06,Merced,047,269075,226,140,0,140,3
2020-05-06,Modoc,049,8938,0,0,0,0,0
2020-05-06,Mono,051,14174,32,26,0,26,1
2020-05-06,Monterey,053,433212,323,246,1,247,6
2020-05-06,Napa,055,140530,83,78,0,78,2
2020-05-06,Nevada,057,99092,41,41,1,42,1
2020-05-06,Orange,059,3164182,4896,3156,33,3189,66
2020-05-06,Placer,061,380077,178,164,0,164,8
2020-05-06,Plumas,063,18699,4,4,0,4,0
2020-05-06,Riverside,065,2383286,5456,4535,10,4545,163
2020-05-06,Sacramento,067,1510023,1183,1135,0,1135,49
2020-05-06,San Benito,069,59416,56,50,0,50,2
2020-05-06,San Bernardino,071,2135413,3263,2426,2,2428,110
2020-05-06,San Diego,073,3302833,5374,4321,0,4321,158
2020-05-06,San Francisco,075,870044,2053,1804,0,1804,32
2020-05-06,San Joaquin,077,732212,647,581,3,584,28
2020-05-06,San Luis Obispo,079,281455,272,207,1,208,1
2020-05-06,San Mateo,081,765935,1607,1348,2,1350,57
2020-05-06,Santa Barbara,083,443738,1597,565,2,567,8
2020-05-06,Santa Clara,085,1922200,2700,2270,4,2274,127
2020-05-06,Santa Cruz,087,273765,145,135,0,135,2
2020-05-06,Shasta,089,179085,44,31,0,31,4
2020-05-06,Sierra,091,2930,0,0,0,0,0
2020-05-06,Siskiyou,093,43540,5,5,0,5,0
2020-05-06,Solano,095,438530,401,300,0,300,4
2020-05-06,Sonoma,097,501317,329,269,0,269,3
2020-05-06,Stanislaus,099,539301,529,434,4,438,9
2020-05-06,Sutter,101,95872,34,29,0,29,2
2020-05-06,Tehama,103,63373,2,1,0,1,1
2020-05-06,Trinity,105,12862,1,0,0,0,0
2020-05-06,Tulare,107,460477,1452,963,3,966,40
2020-05-06,Tuolumne,109,53932,2,2,0,2,0
2020-05-06,Ventura,111,848112,846,619,0,619,19
2020-05-06,Yolo,113,214977,186,172,0,172,18
2020-05-06,Yuba,115,75493,22,15,0,15,1
2020-05-05,Alameda,001,1643700,2226,1819,1,1820,67
2020-05-05,Alpine,003,1148,1,1,0,1,0
2020-05-05,Amador,005,37829,8,8,0,8,0
2020-05-05,Butte,007,227075,29,19,1,20,0
2020-05-05,Calaveras,009,45235,10,13,0,13,0
2020-05-05,Colusa,011,21464,3,3,0,3,0
2020-05-05,Contra Costa,013,1133247,1095,976,0,976,29
2020-05-05,Del Norte,015,27424,6,3,0,3,0
2020-05-05,El Dorado,017,186661,64,54,0,54,0
2020-05-05,Fresno,019,978130,1426,726,16,742,8
2020-05-05,Glenn,021,27897,8,3,0,3,0
2020-05-05,Humboldt,023,135768,62,54,0,54,0
2020-05-05,Imperial,025,180216,796,389,0,389,6
2020-05-05,Inyo,027,18085,19,20,0,20,1
2020-05-05,Kern,029,883053,1431,1084,1,1085,11
2020-05-05,Kings,031,150075,324,187,1,188,1
2020-05-05,Lake,033,64148,10,7,0,7,0
2020-05-05,Lassen,035,31185,1,0,2,2,0
2020-05-05,Los Angeles,037,10098052,34967,27867,19,27886,1289
2020-05-05,Madera,039,155013,111,53,1,54,2
2020-05-05,Marin,041,260295,259,244,1,245,14
2020-05-05,Mariposa,043,17540,15,14,0,14,0
2020-05-05,Mendocino,045,87422,13,10,0,10,0
2020-05-05,Merced,047,269075,221,141,0,141,3
2020-05-05,Modoc,049,8938,0,0,0,0,0
2020-05-05,Mono,051,14174,32,25,0,25,1
2020-05-05,Monterey,053,433212,309,240,1,241,6
2020-05-05,Napa,055,140530,83,74,0,74,2
2020-05-05,Nevada,057,99092,41,41,1,42,1
2020-05-05,Orange,059,3164182,4770,3041,33,3074,63
2020-05-05,Placer,061,380077,178,162,0,162,8
2020-05-05,Plumas,063,18699,4,4,0,4,0
2020-05-05,Riverside,065,2383286,5346,4309,10,4319,161
2020-05-05,Sacramento,067,1510023,1176,1125,0,1125,48
2020-05-05,San Benito,069,59416,55,50,0,50,2
2020-05-05,San Bernardino,071,2135413,3170,2345,2,2347,104
2020-05-05,San Diego,073,3302833,5231,4162,0,4162,150
2020-05-05,San Francisco,075,870044,2018,1779,0,1779,31
2020-05-05,San Joaquin,077,732212,638,577,3,580,26
2020-05-05,San Luis Obispo,079,281455,271,203,1,204,1
2020-05-05,San Mateo,081,765935,1575,1335,2,1337,56
2020-05-05,Santa Barbara,083,443738,1366,541,2,543,7
2020-05-05,Santa Clara,085,1922200,2655,2249,4,2253,124
2020-05-05,Santa Cruz,087,273765,142,134,0,134,2
2020-05-05,Shasta,089,179085,43,31,0,31,4
2020-05-05,Sierra,091,2930,0,0,0,0,0
2020-05-05,Siskiyou,093,43540,5,5,0,5,0
2020-05-05,Solano,095,438530,385,299,0,299,4
2020-05-05,Sonoma,097,501317,326,263,0,263,3
2020-05-05,Stanislaus,099,539301,517,430,4,434,9
2020-05-05,Sutter,101,95872,34,29,0,29,2
2020-05-05,Tehama,103,63373,2,1,0,1,1
2020-05-05,Trinity,105,12862,1,0,0,0,0
2020-05-05,Tulare,107,460477,1363,869,3,872,40
2020-05-05,Tuolumne,109,53932,2,2,0,2,0
2020-05-05,Ventura,111,848112,823,607,0,607,19
2020-05-05,Yolo,113,214977,184,171,0,171,18
2020-05-05,Yuba,115,75493,22,15,0,15,1
2020-05-04,Alameda,001,1643700,2167,1762,1,1763,65
2020-05-04,Alpine,003,1148,1,1,0,1,0
2020-05-04,Amador,005,37829,7,8,0,8,0
2020-05-04,Butte,007,227075,28,16,1,17,0
2020-05-04,Calaveras,009,45235,10,13,0,13,0
2020-05-04,Colusa,011,21464,3,3,0,3,0
2020-05-04,Contra Costa,013,1133247,1077,949,0,949,28
2020-05-04,Del Norte,015,27424,5,3,0,3,0
2020-05-04,El Dorado,017,186661,63,51,0,51,0
2020-05-04,Fresno,019,978130,1358,680,15,695,8
2020-05-04,Glenn,021,27897,8,4,0,4,0
2020-05-04,Humboldt,023,135768,60,54,0,54,0
2020-05-04,Imperial,025,180216,743,351,0,351,6
2020-05-04,Inyo,027,18085,19,20,0,20,1
2020-05-04,Kern,029,883053,1389,1047,1,1048,8
2020-05-04,Kings,031,150075,307,153,1,154,1
2020-05-04,Lake,033,64148,9,7,0,7,0
2020-05-04,Lassen,035,31185,1,0,2,2,0
2020-05-04,Los Angeles,037,10098052,33665,26243,18,26261,1235
2020-05-04,Madera,039,155013,110,52,1,53,2
2020-05-04,Marin,041,260295,254,244,1,245,13
2020-05-04,Mariposa,043,17540,15,13,0,13,0
2020-05-04,Mendocino,045,87422,13,10,0,10,0
2020-05-04,Merced,047,269075,221,138,0,138,3
2020-05-04,Modoc,049,8938,0,0,0,0,0
2020-05-04,Mono,051,14174,32,25,0,25,1
2020-05-04,Monterey,053,433212,298,237,1,238,6
2020-05-04,Napa,055,140530,83,72,0,72,2
2020-05-04,Nevada,057,99092,41,41,1,42,1
2020-05-04,Orange,059,3164182,4628,2931,30,2961,57
2020-05-04,Placer,061,380077,176,162,0,162,8
2020-05-04,Plumas,063,18699,4,4,0,4,0
2020-05-04,Riverside,065,2383286,5252,4221,10,4231,147
2020-05-04,Sacramento,067,1510023,1166,1119,0,1119,44
2020-05-04,San Benito,069,59416,53,49,0,49,2
2020-05-04,San Bernardino,071,2135413,3029,2184,2,2186,99
2020-05-04,San Diego,073,3302833,5090,4022,0,4022,144
2020-05-04,San Francisco,075,870044,1980,1760,0,1760,31
2020-05-04,San Joaquin,077,732212,624,574,3,577,26
2020-05-04,San Luis Obispo,079,281455,268,202,1,203,1
2020-05-04,San Mateo,081,765935,1550,1313,2,1315,53
2020-05-04,Santa Barbara,083,443738,1103,524,2,526,7
2020-05-04,Santa Clara,085,1922200,2642,2238,4,2242,119
2020-05-04,Santa Cruz,087,273765,141,133,0,133,2
2020-05-04,Shasta,089,179085,41,31,0,31,4
2020-05-04,Sierra,091,2930,0,0,0,0,0
2020-05-04,Siskiyou,093,43540,5,5,0,5,0
2020-05-04,Solano,095,438530,371,293,0,293,4
2020-05-04,Sonoma,097,501317,312,256,0,256,4
2020-05-04,Stanislaus,099,539301,511,422,4,426,8
2020-05-04,Sutter,101,95872,31,28,0,28,2
2020-05-04,Tehama,103,63373,2,1,0,1,1
2020-05-04,Trinity,105,12862,0,0,0,0,0
2020-05-04,Tulare,107,460477,1286,760,3,763,40
2020-05-04,Tuolumne,109,53932,2,3,0,3,0
2020-05-04,Ventura,111,848112,802,590,0,590,19
2020-05-04,Yolo,113,214977,183,171,0,171,18
2020-05-04,Yuba,115,75493,19,16,0,16,1
2020-05-03,Alameda,001,1643700,2111,1731,1,1732,64
2020-05-03,Alpine,003,1148,1,1,0,1,0
2020-05-03,Amador,005,37829,7,8,0,8,0
2020-05-03,Butte,007,227075,28,17,1,18,0
2020-05-03,Calaveras,009,45235,10,13,0,13,0
2020-05-03,Colusa,011,21464,3,3,0,3,0
2020-05-03,Contra Costa,013,1133247,1061,945,0,945,28
2020-05-03,Del Norte,015,27424,5,3,0,3,0
2020-05-03,El Dorado,017,186661,61,49,0,49,0
2020-05-03,Fresno,019,978130,1266,646,13,659,8
2020-05-03,Glenn,021,27897,7,5,0,5,0
2020-05-03,Humboldt,023,135768,59,54,0,54,0
2020-05-03,Imperial,025,180216,687,351,0,351,6
2020-05-03,Inyo,027,18085,19,20,0,20,1
2020-05-03,Kern,029,883053,1334,1025,1,1026,8
2020-05-03,Kings,031,150075,287,137,1,138,1
2020-05-03,Lake,033,64148,9,7,0,7,0
2020-05-03,Lassen,035,31185,1,0,2,2,0
2020-05-03,Los Angeles,037,10098052,32682,25708,18,25726,1210
2020-05-03,Madera,039,155013,103,46,1,47,2
2020-05-03,Marin,041,260295,249,243,1,244,13
2020-05-03,Mariposa,043,17540,15,13,0,13,0
2020-05-03,Mendocino,045,87422,13,10,0,10,0
2020-05-03,Merced,047,269075,213,134,0,134,3
2020-05-03,Modoc,049,8938,0,0,0,0,0
2020-05-03,Mono,051,14174,32,25,0,25,1
2020-05-03,Monterey,053,433212,289,235,1,236,6
2020-05-03,Napa,055,140530,83,72,0,72,2
2020-05-03,Nevada,057,99092,41,41,1,42,1
2020-05-03,Orange,059,3164182,4451,2859,29,2888,55
2020-05-03,Placer,061,380077,176,161,0,161,8
2020-05-03,Plumas,063,18699,4,4,0,4,0
2020-05-03,Riverside,065,2383286,5147,4034,10,4044,139
2020-05-03,Sacramento,067,1510023,1157,1109,0,1109,43
2020-05-03,San Benito,069,59416,53,49,0,49,2
2020-05-03,San Bernardino,071,2135413,2968,2123,2,2125,99
2020-05-03,San Diego,073,3302833,4953,3929,0,3929,142
2020-05-03,San Francisco,075,870044,1951,1692,0,1692,30
2020-05-03,San Joaquin,077,732212,617,570,3,573,26
2020-05-03,San Luis Obispo,079,281455,265,200,1,201,1
2020-05-03,San Mateo,081,765935,1522,1277,2,1279,53
2020-05-03,Santa Barbara,083,443738,728,512,2,514,7
2020-05-03,Santa Clara,085,1922200,2611,2235,4,2239,116
2020-05-03,Santa Cruz,087,273765,141,133,0,133,2
2020-05-03,Shasta,089,179085,39,31,0,31,4
2020-05-03,Sierra,091,2930,0,0,0,0,0
2020-05-03,Siskiyou,093,43540,5,5,0,5,0
2020-05-03,Solano,095,438530,361,266,0,266,4
2020-05-03,Sonoma,097,501317,303,254,0,254,4
2020-05-03,Stanislaus,099,539301,483,411,4,415,8
2020-05-03,Sutter,101,95872,30,28,0,28,2
2020-05-03,Tehama,103,63373,2,1,0,1,1
2020-05-03,Trinity,105,12862,0,0,0,0,0
2020-05-03,Tulare,107,460477,1208,736,3,739,40
2020-05-03,Tuolumne,109,53932,2,3,0,3,0
2020-05-03,Ventura,111,848112,770,583,0,583,19
2020-05-03,Yolo,113,214977,182,171,0,171,18
2020-05-03,Yuba,115,75493,19,16,0,16,1
2020-05-02,Alameda,001,1643700,2074,1678,1,1679,63
2020-05-02,Alpine,003,1148,1,1,0,1,0
2020-05-02,Amador,005,37829,7,8,0,8,0
2020-05-02,Butte,007,227075,28,17,1,18,0
2020-05-02,Calaveras,009,45235,10,13,0,13,0
2020-05-02,Colusa,011,21464,3,3,0,3,0
2020-05-02,Contra Costa,013,1133247,1044,929,0,929,28
2020-05-02,Del Norte,015,27424,5,3,0,3,0
2020-05-02,El Dorado,017,186661,61,47,0,47,0
2020-05-02,Fresno,019,978130,1242,629,12,641,8
2020-05-02,Glenn,021,27897,7,5,0,5,0
2020-05-02,Humboldt,023,135768,59,54,0,54,0
2020-05-02,Imperial,025,180216,660,345,0,345,6
2020-05-02,Inyo,027,18085,19,20,0,20,1
2020-05-02,Kern,029,883053,1308,1007,1,1008,8
2020-05-02,Kings,031,150075,284,120,1,121,1
2020-05-02,Lake,033,64148,9,7,0,7,0
2020-05-02,Lassen,035,31185,1,0,2,2,0
2020-05-02,Los Angeles,037,10098052,32153,24955,18,24973,1192
2020-05-02,Madera,039,155013,103,46,1,47,2
2020-05-02,Marin,041,260295,248,243,1,244,13
2020-05-02,Mariposa,043,17540,15,13,0,13,0
2020-05-02,Mendocino,045,87422,13,10,0,10,0
2020-05-02,Merced,047,269075,210,131,0,131,3
2020-05-02,Modoc,049,8938,0,0,0,0,0
2020-05-02,Mono,051,14174,32,25,0,25,1
2020-05-02,Monterey,053,433212,283,225,1,226,5
2020-05-02,Napa,055,140530,83,71,0,71,2
2020-05-02,Nevada,057,99092,41,41,1,42,1
2020-05-02,Orange,059,3164182,4336,2774,29,2803,52
2020-05-02,Placer,061,380077,174,150,0,150,8
2020-05-02,Plumas,063,18699,4,4,0,4,0
2020-05-02,Riverside,065,2383286,5081,3997,10,4007,137
2020-05-02,Sacramento,067,1510023,1154,1097,0,1097,43
2020-05-02,San Benito,069,59416,53,49,0,49,2
2020-05-02,San Bernardino,071,2135413,2929,2124,2,2126,99
2020-05-02,San Diego,073,3302833,4851,3844,0,3844,138
2020-05-02,San Francisco,075,870044,1928,1632,0,1632,29
2020-05-02,San Joaquin,077,732212,609,559,3,562,25
2020-05-02,San Luis Obispo,079,281455,259,193,1,194,1
2020-05-02,San Mateo,081,765935,1506,1272,2,1274,52
2020-05-02,Santa Barbara,083,443738,714,506,2,508,7
2020-05-02,Santa Clara,085,1922200,2601,2203,4,2207,115
2020-05-02,Santa Cruz,087,273765,140,131,0,131,2
2020-05-02,Shasta,089,179085,39,31,0,31,4
2020-05-02,Sierra,091,2930,0,0,0,0,0
2020-05-02,Siskiyou,093,43540,5,5,0,5,0
2020-05-02,Solano,095,438530,354,267,0,267,4
2020-05-02,Sonoma,097,501317,300,250,0,250,3
2020-05-02,Stanislaus,099,539301,475,388,4,392,8
2020-05-02,Sutter,101,95872,30,28,0,28,2
2020-05-02,Tehama,103,63373,2,1,0,1,1
2020-05-02,Trinity,105,12862,0,0,0,0,0
2020-05-02,Tulare,107,460477,1167,711,3,714,35
2020-05-02,Tuolumne,109,53932,2,3,0,3,0
2020-05-02,Ventura,111,848112,756,564,0,564,19
2020-05-02,Yolo,113,214977,182,169,0,169,17
2020-05-02,Yuba,115,75493,19,16,0,16,1
2020-05-01,Alameda,001,1643700,2036,1630,1,1631,63
2020-05-01,Alpine,003,1148,1,1,0,1,0
2020-05-01,Amador,005,37829,7,8,0,8,0
2020-05-01,Butte,007,227075,28,17,1,18,0
2020-05-01,Calaveras,009,45235,10,13,0,13,0
2020-05-01,Colusa,011,21464,3,3,0,3,0
2020-05-01,Contra Costa,013,1133247,1030,915,0,915,28
2020-05-01,Del Norte,015,27424,5,3,0,3,0
2020-05-01,El Dorado,017,186661,61,47,0,47,0
2020-05-01,Fresno,019,978130,1211,617,12,629,7
2020-05-01,Glenn,021,27897,7,4,0,4,0
2020-05-01,Humboldt,023,135768,59,54,0,54,0
2020-05-01,Imperial,025,180216,623,337,0,337,6
2020-05-01,Inyo,027,18085,19,20,0,20,1
2020-05-01,Kern,029,883053,1281,972,1,973,8
2020-05-01,Kings,031,150075,267,112,1,113,1
2020-05-01,Lake,033,64148,9,6,0,6,0
2020-05-01,Lassen,035,31185,1,0,2,2,0
2020-05-01,Los Angeles,037,10098052,31398,24306,18,24324,1155
2020-05-01,Madera,039,155013,99,46,1,47,2
2020-05-01,Marin,041,260295,248,242,1,243,13
2020-05-01,Mariposa,043,17540,15,10,0,10,0
2020-05-01,Mendocino,045,87422,13,11,0,11,0
2020-05-01,Merced,047,269075,207,131,0,131,3
2020-05-01,Modoc,049,8938,0,0,0,0,0
2020-05-01,Mono,051,14174,32,25,0,25,1
2020-05-01,Monterey,053,433212,279,222,1,223,5
2020-05-01,Napa,055,140530,83,69,0,69,2
2020-05-01,Nevada,057,99092,41,41,1,42,1
2020-05-01,Orange,059,3164182,4257,2660,28,2688,51
2020-05-01,Placer,061,380077,173,149,0,149,8
2020-05-01,Plumas,063,18699,4,4,0,4,0
2020-05-01,Riverside,065,2383286,5017,3893,10,3903,132
2020-05-01,Sacramento,067,1510023,1149,1081,0,1081,43
2020-05-01,San Benito,069,59416,53,49,0,49,2
2020-05-01,San Bernardino,071,2135413,2874,2084,2,2086,98
2020-05-01,San Diego,073,3302833,4760,3713,0,3713,134
2020-05-01,San Francisco,075,870044,1884,1552,0,1552,29
2020-05-01,San Joaquin,077,732212,605,554,3,557,25
2020-05-01,San Luis Obispo,079,281455,256,186,1,187,1
2020-05-01,San Mateo,081,765935,1484,1222,2,1224,52
2020-05-01,Santa Barbara,083,443738,702,499,2,501,7
2020-05-01,Santa Clara,085,1922200,2589,2176,4,2180,112
2020-05-01,Santa Cruz,087,273765,140,127,0,127,2
2020-05-01,Shasta,089,179085,39,31,0,31,4
2020-05-01,Sierra,091,2930,0,0,0,0,0
2020-05-01,Siskiyou,093,43540,5,5,0,5,0
2020-05-01,Solano,095,438530,346,266,0,266,4
2020-05-01,Sonoma,097,501317,297,242,0,242,3
2020-05-01,Stanislaus,099,539301,470,384,4,388,8
2020-05-01,Sutter,101,95872,30,28,0,28,2
2020-05-01,Tehama,103,63373,2,1,0,1,1
2020-05-01,Trinity,105,12862,0,0,0,0,0
2020-05-01,Tulare,107,460477,1123,685,3,688,32
2020-05-01,Tuolumne,109,53932,2,3,0,3,0
2020-05-01,Ventura,111,848112,743,556,0,556,18
2020-05-01,Yolo,113,214977,182,165,0,165,18
2020-05-01,Yuba,115,75493,19,16,0,16,1
2020-04-30,Alameda,001,1643700,1976,1599,1,1600,60
2020-04-30,Alpine,003,1148,1,1,0,1,0
2020-04-30,Amador,005,37829,7,8,0,8,0
2020-04-30,Butte,007,227075,28,16,1,17,0
2020-04-30,Calaveras,009,45235,10,13,0,13,0
2020-04-30,Colusa,011,21464,3,3,0,3,0
2020-04-30,Contra Costa,013,1133247,1008,900,0,900,25
2020-04-30,Del Norte,015,27424,4,3,0,3,0
2020-04-30,El Dorado,017,186661,61,44,0,44,0
2020-04-30,Fresno,019,978130,1147,562,9,571,7
2020-04-30,Glenn,021,27897,7,4,0,4,0
2020-04-30,Humboldt,023,135768,59,54,0,54,0
2020-04-30,Imperial,025,180216,577,322,0,322,6
2020-04-30,Inyo,027,18085,19,20,0,20,1
2020-04-30,Kern,029,883053,1249,941,1,942,8
2020-04-30,Kings,031,150075,255,87,1,88,1
2020-04-30,Lake,033,64148,9,6,0,6,0
2020-04-30,Lassen,035,31185,1,0,2,2,0
2020-04-30,Los Angeles,037,10098052,30391,23284,18,23302,1099
2020-04-30,Madera,039,155013,88,46,1,47,2
2020-04-30,Marin,041,260295,248,240,1,241,13
2020-04-30,Mariposa,043,17540,15,3,0,3,0
2020-04-30,Mendocino,045,87422,13,11,0,11,0
2020-04-30,Merced,047,269075,200,122,0,122,3
2020-04-30,Modoc,049,8938,0,0,0,0,0
2020-04-30,Mono,051,14174,31,25,0,25,1
2020-04-30,Monterey,053,433212,269,213,1,214,5
2020-04-30,Napa,055,140530,81,69,0,69,2
2020-04-30,Nevada,057,99092,41,41,1,42,1
2020-04-30,Orange,059,3164182,4033,2591,25,2616,46
2020-04-30,Placer,061,380077,172,148,0,148,8
2020-04-30,Plumas,063,18699,4,4,0,4,0
2020-04-30,Riverside,065,2383286,4917,3820,9,3829,124
2020-04-30,Sacramento,067,1510023,1143,1071,0,1071,43
2020-04-30,San Benito,069,59416,53,48,0,48,2
2020-04-30,San Bernardino,071,2135413,2673,2020,2,2022,96
2020-04-30,San Diego,073,3302833,4589,3566,0,3566,124
2020-04-30,San Francisco,075,870044,1850,1518,0,1518,26
2020-04-30,San Joaquin,077,732212,598,548,3,551,25
2020-04-30,San Luis Obispo,079,281455,253,182,1,183,1
2020-04-30,San Mateo,081,765935,1454,1194,2,1196,52
2020-04-30,Santa Barbara,083,443738,678,490,2,492,7
2020-04-30,Santa Clara,085,1922200,2552,2172,4,2176,111
2020-04-30,Santa Cruz,087,273765,139,126,0,126,2
2020-04-30,Shasta,089,179085,38,31,0,31,4
2020-04-30,Sierra,091,2930,0,0,0,0,0
2020-04-30,Siskiyou,093,43540,5,5,0,5,0
2020-04-30,Solano,095,438530,336,262,0,262,4
2020-04-30,Sonoma,097,501317,288,233,0,233,3
2020-04-30,Stanislaus,099,539301,463,378,4,382,7
2020-04-30,Sutter,101,95872,30,28,0,28,2
2020-04-30,Tehama,103,63373,1,1,0,1,1
2020-04-30,Trinity,105,12862,0,0,0,0,0
2020-04-30,Tulare,107,460477,1060,637,3,640,31
2020-04-30,Tuolumne,109,53932,2,3,0,3,0
2020-04-30,Ventura,111,848112,715,547,0,547,18
2020-04-30,Yolo,113,214977,181,164,0,164,16
2020-04-30,Yuba,115,75493,19,15,0,15,1
2020-04-29,Alameda,001,1643700,1918,1564,1,1565,60
2020-04-29,Alpine,003,1148,1,1,0,1,0
2020-04-29,Amador,005,37829,7,8,0,8,0
2020-04-29,Butte,007,227075,28,16,1,17,0
2020-04-29,Calaveras,009,45235,10,13,0,13,0
2020-04-29,Colusa,011,21464,3,3,0,3,0
2020-04-29,Contra Costa,013,1133247,989,885,0,885,25
2020-04-29,Del Norte,015,27424,4,3,0,3,0
2020-04-29,El Dorado,017,186661,59,44,0,44,0
2020-04-29,Fresno,019,978130,1095,544,9,553,7
2020-04-29,Glenn,021,27897,7,4,0,4,0
2020-04-29,Humboldt,023,135768,59,53,0,53,0
2020-04-29,Imperial,025,180216,548,300,0,300,6
2020-04-29,Inyo,027,18085,19,20,0,20,1
2020-04-29,Kern,029,883053,1206,910,1,911,6
2020-04-29,Kings,031,150075,236,80,1,81,1
2020-04-29,Lake,033,64148,9,6,0,6,0
2020-04-29,Lassen,035,31185,1,0,2,2,0
2020-04-29,Los Angeles,037,10098052,29413,22560,18,22578,1043
2020-04-29,Madera,039,155013,86,45,1,46,2
2020-04-29,Marin,041,260295,245,234,1,235,13
2020-04-29,Mariposa,043,17540,15,1,0,1,0
2020-04-29,Mendocino,045,87422,13,11,0,11,0
2020-04-29,Merced,047,269075,193,116,0,116,3
2020-04-29,Modoc,049,8938,0,0,0,0,0
2020-04-29,Mono,051,14174,31,25,0,25,1
2020-04-29,Monterey,053,433212,261,204,1,205,5
2020-04-29,Napa,055,140530,79,68,0,68,2
2020-04-29,Nevada,057,99092,41,41,1,42,1
2020-04-29,Orange,059,3164182,3897,2421,24,2445,43
2020-04-29,Placer,061,380077,170,145,0,145,8
2020-04-29,Plumas,063,18699,4,4,0,4,0
2020-04-29,Riverside,065,2383286,4841,3700,9,3709,116
2020-04-29,Sacramento,067,1510023,1121,1055,0,1055,41
2020-04-29,San Benito,069,59416,53,48,0,48,2
2020-04-29,San Bernardino,071,2135413,2586,1975,1,1976,91
2020-04-29,San Diego,073,3302833,4447,3434,0,3434,120
2020-04-29,San Francisco,075,870044,1822,1489,0,1489,23
2020-04-29,San Joaquin,077,732212,590,540,3,543,25
2020-04-29,San Luis Obispo,079,281455,251,181,1,182,1
2020-04-29,San Mateo,081,765935,1428,1170,2,1172,50
2020-04-29,Santa Barbara,083,443738,662,477,2,479,7
2020-04-29,Santa Clara,085,1922200,2529,2147,4,2151,108
2020-04-29,Santa Cruz,087,273765,138,124,0,124,2
2020-04-29,Shasta,089,179085,37,31,0,31,4
2020-04-29,Sierra,091,2930,0,0,0,0,0
2020-04-29,Siskiyou,093,43540,5,5,0,5,0
2020-04-29,Solano,095,438530,313,252,0,252,3
2020-04-29,Sonoma,097,501317,280,230,0,230,2
2020-04-29,Stanislaus,099,539301,450,374,4,378,5
2020-04-29,Sutter,101,95872,30,28,0,28,2
2020-04-29,Tehama,103,63373,1,1,0,1,1
2020-04-29,Trinity,105,12862,0,0,0,0,0
2020-04-29,Tulare,107,460477,990,615,3,618,30
2020-04-29,Tuolumne,109,53932,2,4,0,4,0
2020-04-29,Ventura,111,848112,692,530,0,530,18
2020-04-29,Yolo,113,214977,178,161,0,161,11
2020-04-29,Yuba,115,75493,19,15,0,15,1
2020-04-28,Alameda,001,1643700,1861,1525,1,1526,55
2020-04-28,Alpine,003,1148,1,1,0,1,0
2020-04-28,Amador,005,37829,7,8,0,8,0
2020-04-28,Butte,007,227075,28,16,1,17,0
2020-04-28,Calaveras,009,45235,10,13,0,13,0
2020-04-28,Colusa,011,21464,3,3,0,3,0
2020-04-28,Contra Costa,013,1133247,982,866,0,866,25
2020-04-28,Del Norte,015,27424,4,3,0,3,0
2020-04-28,El Dorado,017,186661,58,43,0,43,0
2020-04-28,Fresno,019,978130,1044,525,8,533,7
2020-04-28,Glenn,021,27897,5,4,0,4,0
2020-04-28,Humboldt,023,135768,58,53,0,53,0
2020-04-28,Imperial,025,180216,514,295,0,295,6
2020-04-28,Inyo,027,18085,19,20,0,20,1
2020-04-28,Kern,029,883053,1163,882,1,883,5
2020-04-28,Kings,031,150075,223,57,1,58,1
2020-04-28,Lake,033,64148,9,6,0,6,0
2020-04-28,Lassen,035,31185,1,0,2,2,0
2020-04-28,Los Angeles,037,10098052,28347,21029,18,21047,984
2020-04-28,Madera,039,155013,86,44,1,45,2
2020-04-28,Marin,041,260295,244,228,1,229,12
2020-04-28,Mariposa,043,17540,15,0,0,0,0
2020-04-28,Mendocino,045,87422,13,10,0,10,0
2020-04-28,Merced,047,269075,186,108,0,108,3
2020-04-28,Modoc,049,8938,0,0,0,0,0
2020-04-28,Mono,051,14174,31,25,0,25,1
2020-04-28,Monterey,053,433212,255,191,1,192,5
2020-04-28,Napa,055,140530,78,67,0,67,2
2020-04-28,Nevada,057,99092,41,41,1,42,1
2020-04-28,Orange,059,3164182,3729,2324,23,2347,42
2020-04-28,Placer,061,380077,160,143,0,143,8
2020-04-28,Plumas,063,18699,4,4,0,4,0
2020-04-28,Riverside,065,2383286,4746,3504,9,3513,113
2020-04-28,Sacramento,067,1510023,1106,1044,0,1044,41
2020-04-28,San Benito,069,59416,52,46,0,46,2
2020-04-28,San Bernardino,071,2135413,2509,1891,1,1892,89
2020-04-28,San Diego,073,3302833,4317,3316,0,3316,118
2020-04-28,San Francisco,075,870044,1787,1471,0,1471,23
2020-04-28,San Joaquin,077,732212,584,532,3,535,25
2020-04-28,San Luis Obispo,079,281455,244,172,1,173,1
2020-04-28,San Mateo,081,765935,1415,1129,2,1131,48
2020-04-28,Santa Barbara,083,443738,655,469,2,471,7
2020-04-28,Santa Clara,085,1922200,2497,2130,4,2134,106
2020-04-28,Santa Cruz,087,273765,138,123,0,123,2
2020-04-28,Shasta,089,179085,37,29,0,29,4
2020-04-28,Sierra,091,2930,0,0,0,0,0
2020-04-28,Siskiyou,093,43540,5,5,0,5,0
2020-04-28,Solano,095,438530,294,246,0,246,3
2020-04-28,Sonoma,097,501317,277,226,0,226,1
2020-04-28,Stanislaus,099,539301,434,330,4,334,5
2020-04-28,Sutter,101,95872,30,25,0,25,2
2020-04-28,Tehama,103,63373,1,1,0,1,1
2020-04-28,Trinity,105,12862,0,0,0,0,0
2020-04-28,Tulare,107,460477,896,579,3,582,30
2020-04-28,Tuolumne,109,53932,2,4,0,4,0
2020-04-28,Ventura,111,848112,672,517,0,517,17
2020-04-28,Yolo,113,214977,178,160,0,160,10
2020-04-28,Yuba,115,75493,19,15,0,15,1
2020-04-27,Alameda,001,1643700,1801,1494,1,1495,53
2020-04-27,Alpine,003,1148,1,1,0,1,0
2020-04-27,Amador,005,37829,7,8,0,8,0
2020-04-27,Butte,007,227075,27,16,1,17,0
2020-04-27,Calaveras,009,45235,10,13,0,13,0
2020-04-27,Colusa,011,21464,3,3,0,3,0
2020-04-27,Contra Costa,013,1133247,970,843,0,843,25
2020-04-27,Del Norte,015,27424,4,3,0,3,0
2020-04-27,El Dorado,017,186661,57,43,0,43,0
2020-04-27,Fresno,019,978130,941,504,7,511,7
2020-04-27,Glenn,021,27897,5,4,0,4,0
2020-04-27,Humboldt,023,135768,58,52,0,52,0
2020-04-27,Imperial,025,180216,484,290,0,290,6
2020-04-27,Inyo,027,18085,19,20,0,20,1
2020-04-27,Kern,029,883053,1124,865,1,866,4
2020-04-27,Kings,031,150075,200,48,1,49,1
2020-04-27,Lake,033,64148,8,6,0,6,0
2020-04-27,Lassen,035,31185,1,0,2,2,0
2020-04-27,Los Angeles,037,10098052,27330,20456,18,20474,931
2020-04-27,Madera,039,155013,84,42,1,43,2
2020-04-27,Marin,041,260295,239,227,1,228,12
2020-04-27,Mariposa,043,17540,14,0,0,0,0
2020-04-27,Mendocino,045,87422,13,10,0,10,0
2020-04-27,Merced,047,269075,183,108,0,108,3
2020-04-27,Modoc,049,8938,0,0,0,0,0
2020-04-27,Mono,051,14174,31,23,0,23,1
2020-04-27,Monterey,053,433212,248,185,1,186,4
2020-04-27,Napa,055,140530,75,64,0,64,2
2020-04-27,Nevada,057,99092,41,39,1,40,1
2020-04-27,Orange,059,3164182,3557,2198,22,2220,42
2020-04-27,Placer,061,380077,160,142,0,142,8
2020-04-27,Plumas,063,18699,4,4,0,4,0
2020-04-27,Riverside,065,2383286,4623,3381,9,3390,100
2020-04-27,Sacramento,067,1510023,1091,1035,0,1035,41
2020-04-27,San Benito,069,59416,50,45,0,45,2
2020-04-27,San Bernardino,071,2135413,2395,1742,1,1743,82
2020-04-27,San Diego,073,3302833,4191,3143,0,3143,113
2020-04-27,San Francisco,075,870044,1733,1453,0,1453,23
2020-04-27,San Joaquin,077,732212,578,522,3,525,25
2020-04-27,San Luis Obispo,079,281455,236,166,1,167,1
2020-04-27,San Mateo,081,765935,1393,1092,2,1094,46
2020-04-27,Santa Barbara,083,443738,640,466,2,468,7
2020-04-27,Santa Clara,085,1922200,2475,2104,3,2107,105
2020-04-27,Santa Cruz,087,273765,138,123,0,123,2
2020-04-27,Shasta,089,179085,37,29,0,29,4
2020-04-27,Sierra,091,2930,0,0,0,0,0
2020-04-27,Siskiyou,093,43540,5,5,0,5,0
2020-04-27,Solano,095,438530,294,222,0,222,3
2020-04-27,Sonoma,097,501317,268,220,0,220,1
2020-04-27,Stanislaus,099,539301,418,316,4,320,5
2020-04-27,Sutter,101,95872,29,26,0,26,2
2020-04-27,Tehama,103,63373,1,1,0,1,1
2020-04-27,Trinity,105,12862,0,0,0,0,0
2020-04-27,Tulare,107,460477,825,535,3,538,28
2020-04-27,Tuolumne,109,53932,2,3,0,3,0
2020-04-27,Ventura,111,848112,655,513,0,513,17
2020-04-27,Yolo,113,214977,175,160,0,160,9
2020-04-27,Yuba,115,75493,19,15,0,15,1
2020-04-26,Alameda,001,1643700,1740,1449,1,1450,52
2020-04-26,Alpine,003,1148,1,1,0,1,0
2020-04-26,Amador,005,37829,7,8,0,8,0
2020-04-26,Butte,007,227075,27,16,1,17,0
2020-04-26,Calaveras,009,45235,10,13,0,13,0
2020-04-26,Colusa,011,21464,3,3,0,3,0
2020-04-26,Contra Costa,013,1133247,954,830,0,830,25
2020-04-26,Del Norte,015,27424,3,3,0,3,0
2020-04-26,El Dorado,017,186661,55,41,0,41,0
2020-04-26,Fresno,019,978130,849,476,7,483,7
2020-04-26,Glenn,021,27897,5,4,0,4,0
2020-04-26,Humboldt,023,135768,58,53,0,53,0
2020-04-26,Imperial,025,180216,450,272,0,272,6
2020-04-26,Inyo,027,18085,19,20,0,20,1
2020-04-26,Kern,029,883053,1074,831,1,832,4
2020-04-26,Kings,031,150075,175,33,1,34,1
2020-04-26,Lake,033,64148,8,6,0,6,0
2020-04-26,Lassen,035,31185,1,0,2,2,0
2020-04-26,Los Angeles,037,10098052,26181,19570,18,19588,901
2020-04-26,Madera,039,155013,82,39,1,40,2
2020-04-26,Marin,041,260295,233,225,1,226,12
2020-04-26,Mariposa,043,17540,14,0,0,0,0
2020-04-26,Mendocino,045,87422,13,5,0,5,0
2020-04-26,Merced,047,269075,166,104,0,104,3
2020-04-26,Modoc,049,8938,0,0,0,0,0
2020-04-26,Mono,051,14174,31,23,0,23,1
2020-04-26,Monterey,053,433212,241,182,1,183,4
2020-04-26,Napa,055,140530,74,62,0,62,2
2020-04-26,Nevada,057,99092,41,37,1,38,1
2020-04-26,Orange,059,3164182,3390,2124,22,2146,40
2020-04-26,Placer,061,380077,160,141,0,141,8
2020-04-26,Plumas,063,18699,4,4,0,4,0
2020-04-26,Riverside,065,2383286,4480,3301,9,3310,95
2020-04-26,Sacramento,067,1510023,1082,1027,0,1027,41
2020-04-26,San Benito,069,59416,50,45,0,45,2
2020-04-26,San Bernardino,071,2135413,2298,1681,1,1682,82
2020-04-26,San Diego,073,3302833,4049,3045,0,3045,111
2020-04-26,San Francisco,075,870044,1694,1403,0,1403,23
2020-04-26,San Joaquin,077,732212,570,514,3,517,25
2020-04-26,San Luis Obispo,079,281455,233,165,1,166,1
2020-04-26,San Mateo,081,765935,1367,1070,2,1072,46
2020-04-26,Santa Barbara,083,443738,627,464,2,466,7
2020-04-26,Santa Clara,085,1922200,2455,2097,2,2099,102
2020-04-26,Santa Cruz,087,273765,138,116,0,116,2
2020-04-26,Shasta,089,179085,34,29,0,29,4
2020-04-26,Sierra,091,2930,0,0,0,0,0
2020-04-26,Siskiyou,093,43540,5,5,0,5,0
2020-04-26,Solano,095,438530,285,205,0,205,3
2020-04-26,Sonoma,097,501317,257,216,0,216,1
2020-04-26,Stanislaus,099,539301,403,294,4,298,4
2020-04-26,Sutter,101,95872,29,26,0,26,2
2020-04-26,Tehama,103,63373,1,1,0,1,1
2020-04-26,Trinity,105,12862,0,0,0,0,0
2020-04-26,Tulare,107,460477,767,497,3,500,28
2020-04-26,Tuolumne,109,53932,2,3,0,3,0
2020-04-26,Ventura,111,848112,638,509,0,509,17
2020-04-26,Yolo,113,214977,174,158,0,158,8
2020-04-26,Yuba,115,75493,18,15,0,15,1
2020-04-25,Alameda,001,1643700,1715,1396,1,1397,52
2020-04-25,Alpine,003,1148,1,1,0,1,0
2020-04-25,Amador,005,37829,7,8,0,8,0
2020-04-25,Butte,007,227075,26,16,1,17,0
2020-04-25,Calaveras,009,45235,10,12,0,12,0
2020-04-25,Colusa,011,21464,3,3,0,3,0
2020-04-25,Contra Costa,013,1133247,940,821,0,821,24
2020-04-25,Del Norte,015,27424,2,2,0,2,0
2020-04-25,El Dorado,017,186661,54,41,0,41,0
2020-04-25,Fresno,019,978130,818,459,6,465,7
2020-04-25,Glenn,021,27897,5,4,0,4,0
2020-04-25,Humboldt,023,135768,58,53,0,53,0
2020-04-25,Imperial,025,180216,433,232,0,232,6
2020-04-25,Inyo,027,18085,19,20,0,20,1
2020-04-25,Kern,029,883053,1043,802,1,803,4
2020-04-25,Kings,031,150075,163,33,1,34,1
2020-04-25,Lake,033,64148,6,6,0,6,0
2020-04-25,Lassen,035,31185,1,0,2,2,0
2020-04-25,Los Angeles,037,10098052,25547,19144,18,19162,881
2020-04-25,Madera,039,155013,79,39,1,40,2
2020-04-25,Marin,041,260295,233,215,1,216,12
2020-04-25,Mariposa,043,17540,14,0,0,0,0
2020-04-25,Mendocino,045,87422,12,5,0,5,0
2020-04-25,Merced,047,269075,166,103,0,103,3
2020-04-25,Modoc,049,8938,0,0,0,0,0
2020-04-25,Mono,051,14174,31,23,0,23,1
2020-04-25,Monterey,053,433212,239,173,1,174,4
2020-04-25,Napa,055,140530,74,60,0,60,2
2020-04-25,Nevada,057,99092,41,37,1,38,1
2020-04-25,Orange,059,3164182,3280,2047,22,2069,40
2020-04-25,Placer,061,380077,160,137,0,137,8
2020-04-25,Plumas,063,18699,4,4,0,4,0
2020-04-25,Riverside,065,2383286,4390,3037,9,3046,93
2020-04-25,Sacramento,067,1510023,1080,1015,0,1015,41
2020-04-25,San Benito,069,59416,50,45,0,45,2
2020-04-25,San Bernardino,071,2135413,2253,1675,1,1676,82
2020-04-25,San Diego,073,3302833,3949,2945,0,2945,111
2020-04-25,San Francisco,075,870044,1669,1341,0,1341,22
2020-04-25,San Joaquin,077,732212,563,497,3,500,24
2020-04-25,San Luis Obispo,079,281455,232,159,1,160,1
2020-04-25,San Mateo,081,765935,1349,1054,2,1056,46
2020-04-25,Santa Barbara,083,443738,619,457,2,459,7
2020-04-25,Santa Clara,085,1922200,2436,2045,2,2047,99
2020-04-25,Santa Cruz,087,273765,138,112,0,112,2
2020-04-25,Shasta,089,179085,34,29,0,29,4
2020-04-25,Sierra,091,2930,0,0,0,0,0
2020-04-25,Siskiyou,093,43540,5,5,0,5,0
2020-04-25,Solano,095,438530,281,203,0,203,3
2020-04-25,Sonoma,097,501317,253,199,0,199,1
2020-04-25,Stanislaus,099,539301,395,276,4,280,4
2020-04-25,Sutter,101,95872,29,24,0,24,2
2020-04-25,Tehama,103,63373,1,1,0,1,1
2020-04-25,Trinity,105,12862,0,0,0,0,0
2020-04-25,Tulare,107,460477,734,478,3,481,28
2020-04-25,Tuolumne,109,53932,2,2,0,2,0
2020-04-25,Ventura,111,848112,624,494,0,494,16
2020-04-25,Yolo,113,214977,174,157,0,157,8
2020-04-25,Yuba,115,75493,17,15,0,15,1
2020-04-24,Alameda,001,1643700,1684,1385,1,1386,50
2020-04-24,Alpine,003,1148,1,1,0,1,0
2020-04-24,Amador,005,37829,7,8,0,8,0
2020-04-24,Butte,007,227075,25,15,1,16,0
2020-04-24,Calaveras,009,45235,10,12,0,12,0
2020-04-24,Colusa,011,21464,3,3,0,3,0
2020-04-24,Contra Costa,013,1133247,931,806,0,806,23
2020-04-24,Del Norte,015,27424,2,2,0,2,0
2020-04-24,El Dorado,017,186661,53,41,0,41,0
2020-04-24,Fresno,019,978130,797,449,6,455,7
2020-04-24,Glenn,021,27897,5,4,0,4,0
2020-04-24,Humboldt,023,135768,58,53,0,53,0
2020-04-24,Imperial,025,180216,417,232,0,232,6
2020-04-24,Inyo,027,18085,19,20,0,20,0
2020-04-24,Kern,029,883053,1019,770,1,771,4
2020-04-24,Kings,031,150075,134,30,1,31,1
2020-04-24,Lake,033,64148,6,6,0,6,0
2020-04-24,Lassen,035,31185,1,0,2,2,0
2020-04-24,Los Angeles,037,10098052,24614,18553,18,18571,836
2020-04-24,Madera,039,155013,79,39,1,40,2
2020-04-24,Marin,041,260295,233,211,1,212,11
2020-04-24,Mariposa,043,17540,8,0,0,0,0
2020-04-24,Mendocino,045,87422,12,5,0,5,0
2020-04-24,Merced,047,269075,163,102,0,102,3
2020-04-24,Modoc,049,8938,0,0,0,0,0
2020-04-24,Mono,051,14174,30,23,0,23,1
2020-04-24,Monterey,053,433212,232,167,1,168,4
2020-04-24,Napa,055,140530,73,59,0,59,2
2020-04-24,Nevada,057,99092,41,36,1,37,1
2020-04-24,Orange,059,3164182,3166,1945,22,1967,39
2020-04-24,Placer,061,380077,158,137,0,137,8
2020-04-24,Plumas,063,18699,4,4,0,4,0
2020-04-24,Riverside,065,2383286,4309,3044,9,3053,87
2020-04-24,Sacramento,067,1510023,1074,1009,0,1009,41
2020-04-24,San Benito,069,59416,50,45,0,45,2
2020-04-24,San Bernardino,071,2135413,2218,1667,1,1668,80
2020-04-24,San Diego,073,3302833,3838,2828,0,2828,102
2020-04-24,San Francisco,075,870044,1611,1345,0,1345,22
2020-04-24,San Joaquin,077,732212,556,484,3,487,24
2020-04-24,San Luis Obispo,079,281455,229,151,1,152,1
2020-04-24,San Mateo,081,765935,1326,1004,2,1006,43
2020-04-24,Santa Barbara,083,443738,612,450,2,452,6
2020-04-24,Santa Clara,085,1922200,2403,2026,2,2028,98
2020-04-24,Santa Cruz,087,273765,134,111,0,111,2
2020-04-24,Shasta,089,179085,34,28,0,28,4
2020-04-24,Sierra,091,2930,0,0,0,0,0
2020-04-24,Siskiyou,093,43540,5,5,0,5,0
2020-04-24,Solano,095,438530,279,203,0,203,3
2020-04-24,Sonoma,097,501317,249,199,0,199,1
2020-04-24,Stanislaus,099,539301,392,273,4,277,4
2020-04-24,Sutter,101,95872,28,24,0,24,2
2020-04-24,Tehama,103,63373,1,1,0,1,1
2020-04-24,Trinity,105,12862,0,0,0,0,0
2020-04-24,Tulare,107,460477,706,459,3,462,27
2020-04-24,Tuolumne,109,53932,2,2,0,2,0
2020-04-24,Ventura,111,848112,614,489,0,489,16
2020-04-24,Yolo,113,214977,173,155,0,155,8
2020-04-24,Yuba,115,75493,16,15,0,15,1
2020-04-23,Alameda,001,1643700,1646,1336,1,1337,46
2020-04-23,Alpine,003,1148,1,1,0,1,0
2020-04-23,Amador,005,37829,7,8,0,8,0
2020-04-23,Butte,007,227075,25,15,1,16,0
2020-04-23,Calaveras,009,45235,10,12,0,12,0
2020-04-23,Colusa,011,21464,3,3,0,3,0
2020-04-23,Contra Costa,013,1133247,910,786,0,786,23
2020-04-23,Del Norte,015,27424,2,2,0,2,0
2020-04-23,El Dorado,017,186661,52,39,0,39,0
2020-04-23,Fresno,019,978130,759,426,6,432,7
2020-04-23,Glenn,021,27897,5,3,0,3,0
2020-04-23,Humboldt,023,135768,58,53,0,53,0
2020-04-23,Imperial,025,180216,397,181,0,181,4
2020-04-23,Inyo,027,18085,19,19,0,19,0
2020-04-23,Kern,029,883053,971,732,1,733,4
2020-04-23,Kings,031,150075,119,28,1,29,1
2020-04-23,Lake,033,64148,6,6,0,6,0
2020-04-23,Lassen,035,31185,1,0,2,2,0
2020-04-23,Los Angeles,037,10098052,23554,17548,17,17565,784
2020-04-23,Madera,039,155013,77,37,1,38,2
2020-04-23,Marin,041,260295,220,209,1,210,11
2020-04-23,Mariposa,043,17540,7,0,0,0,0
2020-04-23,Mendocino,045,87422,10,5,0,5,0
2020-04-23,Merced,047,269075,159,98,0,98,3
2020-04-23,Modoc,049,8938,0,0,0,0,0
2020-04-23,Mono,051,14174,30,23,0,23,1
2020-04-23,Monterey,053,433212,228,161,1,162,4
2020-04-23,Napa,055,140530,66,59,0,59,2
2020-04-23,Nevada,057,99092,41,36,1,37,1
2020-04-23,Orange,059,3164182,2988,1841,20,1861,37
2020-04-23,Placer,061,380077,155,136,0,136,8
2020-04-23,Plumas,063,18699,4,4,0,4,0
2020-04-23,Riverside,065,2383286,4195,2935,8,2943,78
2020-04-23,Sacramento,067,1510023,1062,978,0,978,41
2020-04-23,San Benito,069,59416,47,43,0,43,2
2020-04-23,San Bernardino,071,2135413,2153,1604,1,1605,79
2020-04-23,San Diego,073,3302833,3677,2645,0,2645,100
2020-04-23,San Francisco,075,870044,1586,1312,0,1312,21
2020-04-23,San Joaquin,077,732212,546,479,3,482,20
2020-04-23,San Luis Obispo,079,281455,225,146,1,147,1
2020-04-23,San Mateo,081,765935,1286,970,2,972,42
2020-04-23,Santa Barbara,083,443738,602,445,2,447,6
2020-04-23,Santa Clara,085,1922200,2372,1996,2,1998,95
2020-04-23,Santa Cruz,087,273765,133,110,0,110,2
2020-04-23,Shasta,089,179085,34,27,0,27,3
2020-04-23,Sierra,091,2930,0,0,0,0,0
2020-04-23,Siskiyou,093,43540,5,5,0,5,0
2020-04-23,Solano,095,438530,265,196,0,196,3
2020-04-23,Sonoma,097,501317,237,187,0,187,1
2020-04-23,Stanislaus,099,539301,388,254,4,258,4
2020-04-23,Sutter,101,95872,28,24,0,24,2
2020-04-23,Tehama,103,63373,1,1,0,1,1
2020-04-23,Trinity,105,12862,0,0,0,0,0
2020-04-23,Tulare,107,460477,677,440,3,443,25
2020-04-23,Tuolumne,109,53932,2,2,0,2,0
2020-04-23,Ventura,111,848112,600,479,0,479,16
2020-04-23,Yolo,113,214977,170,151,0,151,8
2020-04-23,Yuba,115,75493,16,15,0,15,1
2020-04-22,Alameda,001,1643700,1597,1275,1,1276,46
2020-04-22,Alpine,003,1148,1,1,0,1,0
2020-04-22,Amador,005,37829,7,7,0,7,0
2020-04-22,Butte,007,227075,24,15,1,16,0
2020-04-22,Calaveras,009,45235,10,12,0,12,0
2020-04-22,Colusa,011,21464,3,3,0,3,0
2020-04-22,Contra Costa,013,1133247,895,772,0,772,22
2020-04-22,Del Norte,015,27424,2,2,0,2,0
2020-04-22,El Dorado,017,186661,52,39,0,39,0
2020-04-22,Fresno,019,978130,720,388,6,394,7
2020-04-22,Glenn,021,27897,5,3,0,3,0
2020-04-22,Humboldt,023,135768,58,53,0,53,0
2020-04-22,Imperial,025,180216,386,170,0,170,3
2020-04-22,Inyo,027,18085,19,18,0,18,0
2020-04-22,Kern,029,883053,949,713,1,714,4
2020-04-22,Kings,031,150075,98,28,1,29,1
2020-04-22,Lake,033,64148,6,6,0,6,0
2020-04-22,Lassen,035,31185,1,0,2,2,0
2020-04-22,Los Angeles,037,10098052,22528,16400,17,16417,715
2020-04-22,Madera,039,155013,75,37,1,38,2
2020-04-22,Marin,041,260295,218,202,1,203,11
2020-04-22,Mariposa,043,17540,6,0,0,0,0
2020-04-22,Mendocino,045,87422,7,5,0,5,0
2020-04-22,Merced,047,269075,147,92,0,92,3
2020-04-22,Modoc,049,8938,0,0,0,0,0
2020-04-22,Mono,051,14174,29,23,0,23,1
2020-04-22,Monterey,053,433212,221,154,1,155,4
2020-04-22,Napa,055,140530,65,58,0,58,2
2020-04-22,Nevada,057,99092,41,36,1,37,1
2020-04-22,Orange,059,3164182,2893,1785,20,1805,36
2020-04-22,Placer,061,380077,153,133,0,133,8
2020-04-22,Plumas,063,18699,4,4,0,4,0
2020-04-22,Riverside,065,2383286,4091,2822,8,2830,76
2020-04-22,Sacramento,067,1510023,1057,959,0,959,36
2020-04-22,San Benito,069,59416,46,43,0,43,2
2020-04-22,San Bernardino,071,2135413,2090,1564,1,1565,74
2020-04-22,San Diego,073,3302833,3549,2493,0,2493,96
2020-04-22,San Francisco,075,870044,1549,1255,0,1255,21
2020-04-22,San Joaquin,077,732212,535,462,3,465,20
2020-04-22,San Luis Obispo,079,281455,216,142,1,143,1
2020-04-22,San Mateo,081,765935,1263,945,2,947,40
2020-04-22,Santa Barbara,083,443738,594,437,2,439,6
2020-04-22,Santa Clara,085,1922200,2359,1969,2,1971,95
2020-04-22,Santa Cruz,087,273765,129,106,0,106,2
2020-04-22,Shasta,089,179085,33,26,0,26,3
2020-04-22,Sierra,091,2930,0,0,0,0,0
2020-04-22,Siskiyou,093,43540,5,5,0,5,0
2020-04-22,Solano,095,438530,246,195,0,195,3
2020-04-22,Sonoma,097,501317,234,185,0,185,1
2020-04-22,Stanislaus,099,539301,331,247,4,251,4
2020-04-22,Sutter,101,95872,28,22,0,22,2
2020-04-22,Tehama,103,63373,1,1,0,1,1
2020-04-22,Trinity,105,12862,0,0,0,0,0
2020-04-22,Tulare,107,460477,644,425,3,428,23
2020-04-22,Tuolumne,109,53932,2,2,0,2,0
2020-04-22,Ventura,111,848112,590,465,0,465,15
2020-04-22,Yolo,113,214977,170,147,0,147,8
2020-04-22,Yuba,115,75493,16,15,0,15,1
2020-04-21,Alameda,001,1643700,1567,1234,1,1235,46
2020-04-21,Alpine,003,1148,1,1,0,1,0
2020-04-21,Amador,005,37829,7,7,0,7,0
2020-04-21,Butte,007,227075,23,15,1,16,0
2020-04-21,Calaveras,009,45235,9,12,0,12,0
2020-04-21,Colusa,011,21464,3,3,0,3,0
2020-04-21,Contra Costa,013,1133247,881,766,0,766,22
2020-04-21,Del Norte,015,27424,2,2,0,2,0
2020-04-21,El Dorado,017,186661,51,36,0,36,0
2020-04-21,Fresno,019,978130,686,372,6,378,7
2020-04-21,Glenn,021,27897,5,3,0,3,0
2020-04-21,Humboldt,023,135768,57,53,0,53,0
2020-04-21,Imperial,025,180216,366,165,0,165,2
2020-04-21,Inyo,027,18085,19,18,0,18,0
2020-04-21,Kern,029,883053,907,676,1,677,4
2020-04-21,Kings,031,150075,85,28,1,29,1
2020-04-21,Lake,033,64148,6,6,0,6,0
2020-04-21,Lassen,035,31185,1,0,2,2,0
2020-04-21,Los Angeles,037,10098052,21668,15096,17,15113,650
2020-04-21,Madera,039,155013,75,37,1,38,2
2020-04-21,Marin,041,260295,212,202,1,203,10
2020-04-21,Mariposa,043,17540,5,0,0,0,0
2020-04-21,Mendocino,045,87422,7,5,0,5,0
2020-04-21,Merced,047,269075,143,89,0,89,3
2020-04-21,Modoc,049,8938,0,0,0,0,0
2020-04-21,Mono,051,14174,29,23,0,23,1
2020-04-21,Monterey,053,433212,218,151,1,152,4
2020-04-21,Napa,055,140530,64,58,0,58,2
2020-04-21,Nevada,057,99092,41,36,1,37,1
2020-04-21,Orange,059,3164182,2769,1717,19,1736,36
2020-04-21,Placer,061,380077,151,133,0,133,8
2020-04-21,Plumas,063,18699,4,4,0,4,0
2020-04-21,Riverside,065,2383286,3960,2631,8,2639,68
2020-04-21,Sacramento,067,1510023,1047,941,0,941,33
2020-04-21,San Benito,069,59416,45,43,0,43,2
2020-04-21,San Bernardino,071,2135413,2029,1499,1,1500,71
2020-04-21,San Diego,073,3302833,3393,2436,0,2436,87
2020-04-21,San Francisco,075,870044,1519,1232,0,1232,20
2020-04-21,San Joaquin,077,732212,525,447,3,450,20
2020-04-21,San Luis Obispo,079,281455,211,134,1,135,1
2020-04-21,San Mateo,081,765935,1217,933,2,935,34
2020-04-21,Santa Barbara,083,443738,582,414,1,415,5
2020-04-21,Santa Clara,085,1922200,2313,1943,2,1945,91
2020-04-21,Santa Cruz,087,273765,127,104,0,104,2
2020-04-21,Shasta,089,179085,32,26,0,26,3
2020-04-21,Sierra,091,2930,0,0,0,0,0
2020-04-21,Siskiyou,093,43540,5,5,0,5,0
2020-04-21,Solano,095,438530,238,193,0,193,3
2020-04-21,Sonoma,097,501317,224,182,0,182,1
2020-04-21,Stanislaus,099,539301,312,235,4,239,4
2020-04-21,Sutter,101,95872,28,22,0,22,2
2020-04-21,Tehama,103,63373,1,1,0,1,1
2020-04-21,Trinity,105,12862,0,0,0,0,0
2020-04-21,Tulare,107,460477,608,410,3,413,23
2020-04-21,Tuolumne,109,53932,2,2,0,2,0
2020-04-21,Ventura,111,848112,578,455,0,455,14
2020-04-21,Yolo,113,214977,168,143,0,143,8
2020-04-21,Yuba,115,75493,16,15,0,15,1
2020-04-20,Alameda,001,1643700,1534,1181,1,1182,42
2020-04-20,Alpine,003,1148,1,1,0,1,0
2020-04-20,Amador,005,37829,7,7,0,7,0
2020-04-20,Butte,007,227075,23,15,1,16,0
2020-04-20,Calaveras,009,45235,9,12,0,12,0
2020-04-20,Colusa,011,21464,3,3,0,3,0
2020-04-20,Contra Costa,013,1133247,871,753,0,753,22
2020-04-20,Del Norte,015,27424,2,2,0,2,0
2020-04-20,El Dorado,017,186661,51,36,0,36,0
2020-04-20,Fresno,019,978130,668,356,6,362,7
2020-04-20,Glenn,021,27897,4,3,0,3,0
2020-04-20,Humboldt,023,135768,57,53,0,53,0
2020-04-20,Imperial,025,180216,346,149,0,149,2
2020-04-20,Inyo,027,18085,19,17,0,17,0
2020-04-20,Kern,029,883053,875,651,1,652,3
2020-04-20,Kings,031,150075,74,19,1,20,1
2020-04-20,Lake,033,64148,6,6,0,6,0
2020-04-20,Lassen,035,31185,1,0,2,2,0
2020-04-20,Los Angeles,037,10098052,20754,13787,17,13804,608
2020-04-20,Madera,039,155013,74,35,1,36,2
2020-04-20,Marin,041,260295,208,200,1,201,10
2020-04-20,Mariposa,043,17540,5,0,0,0,0
2020-04-20,Mendocino,045,87422,7,5,0,5,0
2020-04-20,Merced,047,269075,136,88,0,88,3
2020-04-20,Modoc,049,8938,0,0,0,0,0
2020-04-20,Mono,051,14174,29,23,0,23,1
2020-04-20,Monterey,053,433212,209,147,1,148,4
2020-04-20,Napa,055,140530,64,55,0,55,2
2020-04-20,Nevada,057,99092,41,34,1,35,1
2020-04-20,Orange,059,3164182,2685,1679,19,1698,33
2020-04-20,Placer,061,380077,150,132,0,132,8
2020-04-20,Plumas,063,18699,4,4,0,4,0
2020-04-20,Riverside,065,2383286,3835,2477,8,2485,61
2020-04-20,Sacramento,067,1510023,1037,924,0,924,32
2020-04-20,San Benito,069,59416,45,43,0,43,2
2020-04-20,San Bernardino,071,2135413,1942,1344,1,1345,63
2020-04-20,San Diego,073,3302833,3251,2327,0,2327,72
2020-04-20,San Francisco,075,870044,1487,1223,0,1223,19
2020-04-20,San Joaquin,077,732212,521,422,3,425,17
2020-04-20,San Luis Obispo,079,281455,197,132,1,133,1
2020-04-20,San Mateo,081,765935,1194,890,2,892,31
2020-04-20,Santa Barbara,083,443738,571,388,1,389,4
2020-04-20,Santa Clara,085,1922200,2288,1920,2,1922,84
2020-04-20,Santa Cruz,087,273765,125,102,0,102,2
2020-04-20,Shasta,089,179085,32,26,0,26,3
2020-04-20,Sierra,091,2930,0,0,0,0,0
2020-04-20,Siskiyou,093,43540,5,5,0,5,0
2020-04-20,Solano,095,438530,235,185,0,185,2
2020-04-20,Sonoma,097,501317,216,178,0,178,1
2020-04-20,Stanislaus,099,539301,298,228,4,232,3
2020-04-20,Sutter,101,95872,27,22,0,22,2
2020-04-20,Tehama,103,63373,1,1,0,1,1
2020-04-20,Trinity,105,12862,0,0,0,0,0
2020-04-20,Tulare,107,460477,598,401,3,404,20
2020-04-20,Tuolumne,109,53932,2,2,0,2,0
2020-04-20,Ventura,111,848112,564,426,0,426,13
2020-04-20,Yolo,113,214977,167,125,0,125,5
2020-04-20,Yuba,115,75493,16,15,0,15,1
2020-04-19,Alameda,001,1643700,1484,1134,1,1135,41
2020-04-19,Alpine,003,1148,1,1,0,1,0
2020-04-19,Amador,005,37829,6,7,0,7,0
2020-04-19,Butte,007,227075,22,15,1,16,0
2020-04-19,Calaveras,009,45235,9,12,0,12,0
2020-04-19,Colusa,011,21464,3,3,0,3,0
2020-04-19,Contra Costa,013,1133247,857,731,0,731,20
2020-04-19,Del Norte,015,27424,2,2,0,2,0
2020-04-19,El Dorado,017,186661,51,36,0,36,0
2020-04-19,Fresno,019,978130,632,326,6,332,7
2020-04-19,Glenn,021,27897,4,3,0,3,0
2020-04-19,Humboldt,023,135768,57,53,0,53,0
2020-04-19,Imperial,025,180216,320,144,0,144,2
2020-04-19,Inyo,027,18085,19,17,0,17,0
2020-04-19,Kern,029,883053,850,629,1,630,3
2020-04-19,Kings,031,150075,64,17,1,18,1
2020-04-19,Lake,033,64148,6,6,0,6,0
2020-04-19,Lassen,035,31185,1,0,2,2,0
2020-04-19,Los Angeles,037,10098052,19759,12299,17,12316,589
2020-04-19,Madera,039,155013,72,34,1,35,2
2020-04-19,Marin,041,260295,207,194,1,195,10
2020-04-19,Mariposa,043,17540,2,0,0,0,0
2020-04-19,Mendocino,045,87422,7,4,0,4,0
2020-04-19,Merced,047,269075,131,85,0,85,3
2020-04-19,Modoc,049,8938,0,0,0,0,0
2020-04-19,Mono,051,14174,29,23,0,23,1
2020-04-19,Monterey,053,433212,200,140,1,141,4
2020-04-19,Napa,055,140530,62,49,0,49,2
2020-04-19,Nevada,057,99092,40,34,1,35,1
2020-04-19,Orange,059,3164182,2585,1591,17,1608,32
2020-04-19,Placer,061,380077,149,131,0,131,8
2020-04-19,Plumas,063,18699,4,4,0,4,0
2020-04-19,Riverside,065,2383286,3692,2316,8,2324,56
2020-04-19,Sacramento,067,1510023,1010,912,0,912,32
2020-04-19,San Benito,069,59416,43,40,0,40,2
2020-04-19,San Bernardino,071,2135413,1879,1262,1,1263,58
2020-04-19,San Diego,073,3302833,3084,2270,0,2270,71
2020-04-19,San Francisco,075,870044,1454,1153,0,1153,19
2020-04-19,San Joaquin,077,732212,503,404,3,407,17
2020-04-19,San Luis Obispo,079,281455,192,132,1,133,1
2020-04-19,San Mateo,081,765935,1158,845,2,847,31
2020-04-19,Santa Barbara,083,443738,560,377,1,378,3
2020-04-19,Santa Clara,085,1922200,2249,1878,2,1880,81
2020-04-19,Santa Cruz,087,273765,122,98,0,98,2
2020-04-19,Shasta,089,179085,30,26,0,26,3
2020-04-19,Sierra,091,2930,0,0,0,0,0
2020-04-19,Siskiyou,093,43540,5,5,0,5,0
2020-04-19,Solano,095,438530,227,174,0,174,2
2020-04-19,Sonoma,097,501317,210,172,0,172,1
2020-04-19,Stanislaus,099,539301,290,221,4,225,3
2020-04-19,Sutter,101,95872,26,21,0,21,2
2020-04-19,Tehama,103,63373,1,1,0,1,1
2020-04-19,Trinity,105,12862,0,0,0,0,0
2020-04-19,Tulare,107,460477,554,391,3,394,17
2020-04-19,Tuolumne,109,53932,2,2,0,2,0
2020-04-19,Ventura,111,848112,556,418,0,418,13
2020-04-19,Yolo,113,214977,167,120,0,120,5
2020-04-19,Yuba,115,75493,16,15,0,15,1
2020-04-18,Alameda,001,1643700,1459,1085,1,1086,40
2020-04-18,Alpine,003,1148,1,1,0,1,0
2020-04-18,Amador,005,37829,6,7,0,7,0
2020-04-18,Butte,007,227075,21,15,1,16,0
2020-04-18,Calaveras,009,45235,9,12,0,12,0
2020-04-18,Colusa,011,21464,3,3,0,3,0
2020-04-18,Contra Costa,013,1133247,845,721,0,721,17
2020-04-18,Del Norte,015,27424,2,2,0,2,0
2020-04-18,El Dorado,017,186661,51,36,0,36,0
2020-04-18,Fresno,019,978130,612,319,6,325,7
2020-04-18,Glenn,021,27897,4,3,0,3,0
2020-04-18,Humboldt,023,135768,57,52,0,52,0
2020-04-18,Imperial,025,180216,311,137,0,137,2
2020-04-18,Inyo,027,18085,19,17,0,17,0
2020-04-18,Kern,029,883053,828,626,1,627,3
2020-04-18,Kings,031,150075,63,17,1,18,1
2020-04-18,Lake,033,64148,6,6,0,6,0
2020-04-18,Lassen,035,31185,1,0,2,2,0
2020-04-18,Los Angeles,037,10098052,19234,11984,16,12000,566
2020-04-18,Madera,039,155013,71,34,1,35,2
2020-04-18,Marin,041,260295,205,193,1,194,10
2020-04-18,Mariposa,043,17540,2,0,0,0,0
2020-04-18,Mendocino,045,87422,7,4,0,4,0
2020-04-18,Merced,047,269075,129,82,0,82,3
2020-04-18,Modoc,049,8938,0,0,0,0,0
2020-04-18,Mono,051,14174,29,22,0,22,1
2020-04-18,Monterey,053,433212,196,135,1,136,3
2020-04-18,Napa,055,140530,62,49,0,49,2
2020-04-18,Nevada,057,99092,39,34,1,35,1
2020-04-18,Orange,059,3164182,2521,1569,16,1585,32
2020-04-18,Placer,061,380077,147,130,0,130,8
2020-04-18,Plumas,063,18699,4,4,0,4,0
2020-04-18,Riverside,065,2383286,3618,2257,8,2265,56
2020-04-18,Sacramento,067,1510023,998,901,0,901,32
2020-04-18,San Benito,069,59416,43,40,0,40,2
2020-04-18,San Bernardino,071,2135413,1834,1255,1,1256,58
2020-04-18,San Diego,073,3302833,2982,2215,0,2215,71
2020-04-18,San Francisco,075,870044,1415,1144,0,1144,19
2020-04-18,San Joaquin,077,732212,494,392,3,395,17
2020-04-18,San Luis Obispo,079,281455,188,129,1,130,1
2020-04-18,San Mateo,081,765935,1136,821,2,823,31
2020-04-18,Santa Barbara,083,443738,554,372,1,373,3
2020-04-18,Santa Clara,085,1922200,2218,1862,2,1864,79
2020-04-18,Santa Cruz,087,273765,120,96,0,96,2
2020-04-18,Shasta,089,179085,30,26,0,26,3
2020-04-18,Sierra,091,2930,0,0,0,0,0
2020-04-18,Siskiyou,093,43540,5,5,0,5,0
2020-04-18,Solano,095,438530,224,175,0,175,2
2020-04-18,Sonoma,097,501317,206,168,0,168,1
2020-04-18,Stanislaus,099,539301,282,216,4,220,3
2020-04-18,Sutter,101,95872,26,21,0,21,2
2020-04-18,Tehama,103,63373,1,1,0,1,1
2020-04-18,Trinity,105,12862,0,0,0,0,0
2020-04-18,Tulare,107,460477,545,385,3,388,17
2020-04-18,Tuolumne,109,53932,2,2,0,2,0
2020-04-18,Ventura,111,848112,548,416,0,416,13
2020-04-18,Yolo,113,214977,165,118,0,118,5
2020-04-18,Yuba,115,75493,16,14,0,14,1
2020-04-17,Alameda,001,1643700,1404,1043,1,1044,40
2020-04-17,Alpine,003,1148,1,1,0,1,0
2020-04-17,Amador,005,37829,6,7,0,7,0
2020-04-17,Butte,007,227075,21,15,1,16,0
2020-04-17,Calaveras,009,45235,9,11,0,11,0
2020-04-17,Colusa,011,21464,3,3,0,3,0
2020-04-17,Contra Costa,013,1133247,835,687,0,687,15
2020-04-17,Del Norte,015,27424,2,2,0,2,0
2020-04-17,El Dorado,017,186661,51,35,0,35,0
2020-04-17,Fresno,019,978130,590,315,6,321,7
2020-04-17,Glenn,021,27897,4,3,0,3,0
2020-04-17,Humboldt,023,135768,56,52,0,52,0
2020-04-17,Imperial,025,180216,302,135,0,135,2
2020-04-17,Inyo,027,18085,19,17,0,17,0
2020-04-17,Kern,029,883053,808,612,1,613,3
2020-04-17,Kings,031,150075,61,15,1,16,1
2020-04-17,Lake,033,64148,6,6,0,6,0
2020-04-17,Lassen,035,31185,1,0,2,2,0
2020-04-17,Los Angeles,037,10098052,18591,11354,16,11370,489
2020-04-17,Madera,039,155013,71,34,1,35,2
2020-04-17,Marin,041,260295,202,189,1,190,10
2020-04-17,Mariposa,043,17540,1,0,0,0,0
2020-04-17,Mendocino,045,87422,7,4,0,4,0
2020-04-17,Merced,047,269075,128,80,0,80,3
2020-04-17,Modoc,049,8938,0,0,0,0,0
2020-04-17,Mono,051,14174,29,22,0,22,1
2020-04-17,Monterey,053,433212,191,119,1,120,3
2020-04-17,Napa,055,140530,60,46,0,46,2
2020-04-17,Nevada,057,99092,38,34,1,35,1
2020-04-17,Orange,059,3164182,2470,1496,16,1512,31
2020-04-17,Placer,061,380077,147,130,0,130,8
2020-04-17,Plumas,063,18699,4,4,0,4,0
2020-04-17,Riverside,065,2383286,3491,2080,8,2088,50
2020-04-17,Sacramento,067,1510023,991,882,0,882,32
2020-04-17,San Benito,069,59416,43,38,0,38,2
2020-04-17,San Bernardino,071,2135413,1795,1229,1,1230,57
2020-04-17,San Diego,073,3302833,2892,2160,0,2160,70
2020-04-17,San Francisco,075,870044,1389,1090,0,1090,19
2020-04-17,San Joaquin,077,732212,483,356,3,359,17
2020-04-17,San Luis Obispo,079,281455,181,116,1,117,1
2020-04-17,San Mateo,081,765935,1120,768,2,770,31
2020-04-17,Santa Barbara,083,443738,549,349,1,350,3
2020-04-17,Santa Clara,085,1922200,2188,1834,2,1836,74
2020-04-17,Santa Cruz,087,273765,119,94,0,94,2
2020-04-17,Shasta,089,179085,30,26,0,26,3
2020-04-17,Sierra,091,2930,0,0,0,0,0
2020-04-17,Siskiyou,093,43540,5,5,0,5,0
2020-04-17,Solano,095,438530,223,173,0,173,2
2020-04-17,Sonoma,097,501317,203,167,0,167,1
2020-04-17,Stanislaus,099,539301,280,201,4,205,3
2020-04-17,Sutter,101,95872,26,20,0,20,2
2020-04-17,Tehama,103,63373,1,1,0,1,1
2020-04-17,Trinity,105,12862,0,0,0,0,0
2020-04-17,Tulare,107,460477,538,370,3,373,17
2020-04-17,Tuolumne,109,53932,2,2,0,2,0
2020-04-17,Ventura,111,848112,543,398,0,398,13
2020-04-17,Yolo,113,214977,164,117,0,117,5
2020-04-17,Yuba,115,75493,16,14,0,14,1
2020-04-16,Alameda,001,1643700,1371,981,1,982,39
2020-04-16,Alpine,003,1148,1,1,0,1,0
2020-04-16,Amador,005,37829,6,7,0,7,0
2020-04-16,Butte,007,227075,20,15,1,16,0
2020-04-16,Calaveras,009,45235,9,10,0,10,0
2020-04-16,Colusa,011,21464,3,3,0,3,0
2020-04-16,Contra Costa,013,1133247,821,675,0,675,14
2020-04-16,Del Norte,015,27424,2,2,0,2,0
2020-04-16,El Dorado,017,186661,50,34,0,34,0
2020-04-16,Fresno,019,978130,561,289,6,295,7
2020-04-16,Glenn,021,27897,4,3,0,3,0
2020-04-16,Humboldt,023,135768,56,47,0,47,0
2020-04-16,Imperial,025,180216,288,132,0,132,2
2020-04-16,Inyo,027,18085,17,17,0,17,0
2020-04-16,Kern,029,883053,781,587,1,588,3
2020-04-16,Kings,031,150075,57,12,1,13,1
2020-04-16,Lake,033,64148,6,6,0,6,0
2020-04-16,Lassen,035,31185,1,0,2,2,0
2020-04-16,Los Angeles,037,10098052,17707,10786,16,10802,447
2020-04-16,Madera,039,155013,69,34,1,35,2
2020-04-16,Marin,041,260295,198,170,1,171,10
2020-04-16,Mariposa,043,17540,1,1,0,1,0
2020-04-16,Mendocino,045,87422,7,4,0,4,0
2020-04-16,Merced,047,269075,122,76,0,76,3
2020-04-16,Modoc,049,8938,0,0,0,0,0
2020-04-16,Mono,051,14174,29,22,0,22,1
2020-04-16,Monterey,053,433212,188,116,1,117,3
2020-04-16,Napa,055,140530,57,44,0,44,2
2020-04-16,Nevada,057,99092,38,34,1,35,1
2020-04-16,Orange,059,3164182,2405,1439,15,1454,28
2020-04-16,Placer,061,380077,145,129,0,129,7
2020-04-16,Plumas,063,18699,4,4,0,4,0
2020-04-16,Riverside,065,2383286,3372,1913,8,1921,45
2020-04-16,Sacramento,067,1510023,983,865,0,865,32
2020-04-16,San Benito,069,59416,43,36,0,36,2
2020-04-16,San Bernardino,071,2135413,1712,1143,0,1143,54
2020-04-16,San Diego,073,3302833,2784,2089,0,2089,63
2020-04-16,San Francisco,075,870044,1345,1039,0,1039,16
2020-04-16,San Joaquin,077,732212,468,345,3,348,17
2020-04-16,San Luis Obispo,079,281455,177,113,1,114,1
2020-04-16,San Mateo,081,765935,1091,745,2,747,29
2020-04-16,Santa Barbara,083,443738,536,331,1,332,3
2020-04-16,Santa Clara,085,1922200,2155,1789,2,1791,70
2020-04-16,Santa Cruz,087,273765,117,90,0,90,2
2020-04-16,Shasta,089,179085,30,25,0,25,3
2020-04-16,Sierra,091,2930,0,0,0,0,0
2020-04-16,Siskiyou,093,43540,5,5,0,5,0
2020-04-16,Solano,095,438530,220,162,0,162,2
2020-04-16,Sonoma,097,501317,198,145,0,145,1
2020-04-16,Stanislaus,099,539301,277,185,4,189,3
2020-04-16,Sutter,101,95872,25,21,0,21,2
2020-04-16,Tehama,103,63373,1,1,0,1,1
2020-04-16,Trinity,105,12862,0,0,0,0,0
2020-04-16,Tulare,107,460477,522,305,3,308,16
2020-04-16,Tuolumne,109,53932,2,1,0,1,0
2020-04-16,Ventura,111,848112,531,384,0,384,13
2020-04-16,Yolo,113,214977,162,98,0,98,4
2020-04-16,Yuba,115,75493,15,14,0,14,1
2020-04-15,Alameda,001,1643700,1321,915,1,916,38
2020-04-15,Alpine,003,1148,1,1,0,1,0
2020-04-15,Amador,005,37829,6,7,0,7,0
2020-04-15,Butte,007,227075,20,14,1,15,0
2020-04-15,Calaveras,009,45235,8,9,0,9,0
2020-04-15,Colusa,011,21464,3,3,0,3,0
2020-04-15,Contra Costa,013,1133247,799,645,0,645,14
2020-04-15,Del Norte,015,27424,2,2,0,2,0
2020-04-15,El Dorado,017,186661,48,33,0,33,0
2020-04-15,Fresno,019,978130,536,264,6,270,7
2020-04-15,Glenn,021,27897,4,3,0,3,0
2020-04-15,Humboldt,023,135768,56,47,0,47,0
2020-04-15,Imperial,025,180216,262,115,0,115,2
2020-04-15,Inyo,027,18085,17,12,0,12,0
2020-04-15,Kern,029,883053,759,500,1,501,3
2020-04-15,Kings,031,150075,53,12,1,13,1
2020-04-15,Lake,033,64148,6,4,0,4,0
2020-04-15,Lassen,035,31185,1,0,2,2,0
2020-04-15,Los Angeles,037,10098052,16887,10416,16,10432,394
2020-04-15,Madera,039,155013,69,30,1,31,2
2020-04-15,Marin,041,260295,195,162,1,163,10
2020-04-15,Mariposa,043,17540,0,0,0,0,0
2020-04-15,Mendocino,045,87422,6,4,0,4,0
2020-04-15,Merced,047,269075,120,74,0,74,3
2020-04-15,Modoc,049,8938,0,0,0,0,0
2020-04-15,Mono,051,14174,29,22,0,22,1
2020-04-15,Monterey,053,433212,180,106,1,107,3
2020-04-15,Napa,055,140530,55,34,0,34,2
2020-04-15,Nevada,057,99092,37,34,1,35,1
2020-04-15,Orange,059,3164182,2302,1377,15,1392,24
2020-04-15,Placer,061,380077,144,123,0,123,6
2020-04-15,Plumas,063,18699,4,4,0,4,0
2020-04-15,Riverside,065,2383286,3177,1723,8,1731,42
2020-04-15,Sacramento,067,1510023,974,839,0,839,32
2020-04-15,San Benito,069,59416,43,34,0,34,2
2020-04-15,San Bernardino,071,2135413,1642,1063,0,1063,45
2020-04-15,San Diego,073,3302833,2696,2014,0,2014,60
2020-04-15,San Francisco,075,870044,1309,1006,0,1006,16
2020-04-15,San Joaquin,077,732212,460,329,3,332,17
2020-04-15,San Luis Obispo,079,281455,170,112,1,113,1
2020-04-15,San Mateo,081,765935,1042,707,2,709,28
2020-04-15,Santa Barbara,083,443738,516,317,1,318,2
2020-04-15,Santa Clara,085,1922200,2119,1692,2,1694,69
2020-04-15,Santa Cruz,087,273765,113,92,0,92,2
2020-04-15,Shasta,089,179085,30,25,0,25,3
2020-04-15,Sierra,091,2930,0,0,0,0,0
2020-04-15,Siskiyou,093,43540,5,5,0,5,0
2020-04-15,Solano,095,438530,215,153,0,153,2
2020-04-15,Sonoma,097,501317,196,140,0,140,1
2020-04-15,Stanislaus,099,539301,270,174,4,178,3
2020-04-15,Sutter,101,95872,25,19,0,19,2
2020-04-15,Tehama,103,63373,1,1,0,1,1
2020-04-15,Trinity,105,12862,0,0,0,0,0
2020-04-15,Tulare,107,460477,505,289,3,292,14
2020-04-15,Tuolumne,109,53932,2,1,0,1,0
2020-04-15,Ventura,111,848112,516,365,0,365,13
2020-04-15,Yolo,113,214977,158,93,0,93,3
2020-04-15,Yuba,115,75493,15,15,0,15,1
2020-04-14,Alameda,001,1643700,1276,843,1,844,30
2020-04-14,Alpine,003,1148,1,1,0,1,0
2020-04-14,Amador,005,37829,6,6,0,6,0
2020-04-14,Butte,007,227075,20,13,1,14,0
2020-04-14,Calaveras,009,45235,8,5,0,5,0
2020-04-14,Colusa,011,21464,3,3,0,3,0
2020-04-14,Contra Costa,013,1133247,787,617,0,617,12
2020-04-14,Del Norte,015,27424,2,2,0,2,0
2020-04-14,El Dorado,017,186661,48,30,0,30,0
2020-04-14,Fresno,019,978130,513,244,6,250,6
2020-04-14,Glenn,021,27897,4,3,0,3,0
2020-04-14,Humboldt,023,135768,56,44,0,44,0
2020-04-14,Imperial,025,180216,242,86,0,86,2
2020-04-14,Inyo,027,18085,17,12,0,12,0
2020-04-14,Kern,029,883053,736,453,1,454,3
2020-04-14,Kings,031,150075,52,12,1,13,1
2020-04-14,Lake,033,64148,6,3,0,3,0
2020-04-14,Lassen,035,31185,1,0,2,2,0
2020-04-14,Los Angeles,037,10098052,15993,9948,15,9963,357
2020-04-14,Madera,039,155013,68,29,1,30,2
2020-04-14,Marin,041,260295,191,147,1,148,9
2020-04-14,Mariposa,043,17540,0,0,0,0,0
2020-04-14,Mendocino,045,87422,6,4,0,4,0
2020-04-14,Merced,047,269075,113,61,0,61,3
2020-04-14,Modoc,049,8938,0,0,0,0,0
2020-04-14,Mono,051,14174,29,22,0,22,1
2020-04-14,Monterey,053,433212,175,98,1,99,3
2020-04-14,Napa,055,140530,55,33,0,33,2
2020-04-14,Nevada,057,99092,37,34,1,35,1
2020-04-14,Orange,059,3164182,2197,1362,15,1377,24
2020-04-14,Placer,061,380077,143,117,0,117,5
2020-04-14,Plumas,063,18699,4,3,0,3,0
2020-04-14,Riverside,065,2383286,3042,1467,8,1475,40
2020-04-14,Sacramento,067,1510023,965,737,0,737,29
2020-04-14,San Benito,069,59416,40,34,0,34,2
2020-04-14,San Bernardino,071,2135413,1587,933,0,933,37
2020-04-14,San Diego,073,3302833,2601,1932,0,1932,53
2020-04-14,San Francisco,075,870044,1255,968,0,968,14
2020-04-14,San Joaquin,077,732212,450,280,3,283,17
2020-04-14,San Luis Obispo,079,281455,167,109,1,110,1
2020-04-14,San Mateo,081,765935,1008,681,2,683,28
2020-04-14,Santa Barbara,083,443738,491,292,1,293,2
2020-04-14,Santa Clara,085,1922200,2086,1561,2,1563,63
2020-04-14,Santa Cruz,087,273765,105,84,0,84,2
2020-04-14,Shasta,089,179085,30,24,0,24,3
2020-04-14,Sierra,091,2930,0,0,0,0,0
2020-04-14,Siskiyou,093,43540,5,5,0,5,0
2020-04-14,Solano,095,438530,212,140,0,140,2
2020-04-14,Sonoma,097,501317,192,133,0,133,1
2020-04-14,Stanislaus,099,539301,257,136,4,140,3
2020-04-14,Sutter,101,95872,24,19,0,19,2
2020-04-14,Tehama,103,63373,1,1,0,1,1
2020-04-14,Trinity,105,12862,0,0,0,0,0
2020-04-14,Tulare,107,460477,482,228,3,231,12
2020-04-14,Tuolumne,109,53932,2,0,0,0,0
2020-04-14,Ventura,111,848112,503,328,0,328,11
2020-04-14,Yolo,113,214977,154,81,0,81,3
2020-04-14,Yuba,115,75493,14,14,0,14,1
2020-04-13,Alameda,001,1643700,1237,821,1,822,23
2020-04-13,Alpine,003,1148,1,1,0,1,0
2020-04-13,Amador,005,37829,6,6,0,6,0
2020-04-13,Butte,007,227075,20,13,1,14,0
2020-04-13,Calaveras,009,45235,7,5,0,5,0
2020-04-13,Colusa,011,21464,3,3,0,3,0
2020-04-13,Contra Costa,013,1133247,771,569,0,569,12
2020-04-13,Del Norte,015,27424,2,2,0,2,0
2020-04-13,El Dorado,017,186661,46,29,0,29,0
2020-04-13,Fresno,019,978130,491,205,5,210,4
2020-04-13,Glenn,021,27897,4,3,0,3,0
2020-04-13,Humboldt,023,135768,56,44,0,44,0
2020-04-13,Imperial,025,180216,224,82,0,82,2
2020-04-13,Inyo,027,18085,17,12,0,12,0
2020-04-13,Kern,029,883053,711,346,1,347,3
2020-04-13,Kings,031,150075,48,9,1,10,0
2020-04-13,Lake,033,64148,6,3,0,3,0
2020-04-13,Lassen,035,31185,1,0,2,2,0
2020-04-13,Los Angeles,037,10098052,15279,9367,15,9382,317
2020-04-13,Madera,039,155013,66,29,1,30,2
2020-04-13,Marin,041,260295,187,144,1,145,6
2020-04-13,Mariposa,043,17540,0,0,0,0,0
2020-04-13,Mendocino,045,87422,6,4,0,4,0
2020-04-13,Merced,047,269075,112,60,0,60,3
2020-04-13,Modoc,049,8938,0,0,0,0,0
2020-04-13,Mono,051,14174,29,21,0,21,1
2020-04-13,Monterey,053,433212,168,86,1,87,3
2020-04-13,Napa,055,140530,54,30,0,30,2
2020-04-13,Nevada,057,99092,37,24,1,25,1
2020-04-13,Orange,059,3164182,2123,1313,15,1328,21
2020-04-13,Placer,061,380077,142,116,0,116,5
2020-04-13,Plumas,063,18699,4,3,0,3,0
2020-04-13,Riverside,065,2383286,2901,1460,7,1467,35
2020-04-13,Sacramento,067,1510023,953,723,0,723,25
2020-04-13,San Benito,069,59416,39,33,0,33,2
2020-04-13,San Bernardino,071,2135413,1512,920,0,920,30
2020-04-13,San Diego,073,3302833,2518,1849,0,1849,47
2020-04-13,San Francisco,075,870044,1217,948,0,948,12
2020-04-13,San Joaquin,077,732212,436,255,3,258,16
2020-04-13,San Luis Obispo,079,281455,162,106,1,107,1
2020-04-13,San Mateo,081,765935,968,679,2,681,25
2020-04-13,Santa Barbara,083,443738,470,271,0,271,2
2020-04-13,Santa Clara,085,1922200,2043,1540,2,1542,58
2020-04-13,Santa Cruz,087,273765,99,82,0,82,1
2020-04-13,Shasta,089,179085,29,24,0,24,3
2020-04-13,Sierra,091,2930,0,0,0,0,0
2020-04-13,Siskiyou,093,43540,5,5,0,5,0
2020-04-13,Solano,095,438530,209,136,0,136,2
2020-04-13,Sonoma,097,501317,185,133,0,133,1
2020-04-13,Stanislaus,099,539301,251,130,4,134,1
2020-04-13,Sutter,101,95872,24,18,0,18,2
2020-04-13,Tehama,103,63373,1,1,0,1,0
2020-04-13,Trinity,105,12862,0,0,0,0,0
2020-04-13,Tulare,107,460477,446,185,3,188,11
2020-04-13,Tuolumne,109,53932,2,0,0,0,0
2020-04-13,Ventura,111,848112,482,309,0,309,9
2020-04-13,Yolo,113,214977,148,81,0,81,3
2020-04-13,Yuba,115,75493,14,13,0,13,1
2020-04-12,Alameda,001,1643700,1194,774,1,775,23
2020-04-12,Alpine,003,1148,1,1,0,1,0
2020-04-12,Amador,005,37829,6,6,0,6,0
2020-04-12,Butte,007,227075,20,13,1,14,0
2020-04-12,Calaveras,009,45235,7,5,0,5,0
2020-04-12,Colusa,011,21464,3,3,0,3,0
2020-04-12,Contra Costa,013,1133247,759,553,0,553,12
2020-04-12,Del Norte,015,27424,2,2,0,2,0
2020-04-12,El Dorado,017,186661,46,28,0,28,0
2020-04-12,Fresno,019,978130,462,205,5,210,4
2020-04-12,Glenn,021,27897,4,3,0,3,0
2020-04-12,Humboldt,023,135768,56,43,0,43,0
2020-04-12,Imperial,025,180216,201,78,0,78,2
2020-04-12,Inyo,027,18085,15,12,0,12,0
2020-04-12,Kern,029,883053,679,319,0,319,3
2020-04-12,Kings,031,150075,46,9,1,10,0
2020-04-12,Lake,033,64148,6,3,0,3,0
2020-04-12,Lassen,035,31185,1,0,2,2,0
2020-04-12,Los Angeles,037,10098052,14566,9133,15,9148,294
2020-04-12,Madera,039,155013,65,29,1,30,2
2020-04-12,Marin,041,260295,176,138,1,139,6
2020-04-12,Mariposa,043,17540,0,0,0,0,0
2020-04-12,Mendocino,045,87422,6,4,0,4,0
2020-04-12,Merced,047,269075,106,58,0,58,3
2020-04-12,Modoc,049,8938,0,0,0,0,0
2020-04-12,Mono,051,14174,29,20,0,20,1
2020-04-12,Monterey,053,433212,154,85,1,86,3
2020-04-12,Napa,055,140530,52,29,0,29,2
2020-04-12,Nevada,057,99092,37,24,1,25,1
2020-04-12,Orange,059,3164182,2063,1283,14,1297,21
2020-04-12,Placer,061,380077,141,114,0,114,4
2020-04-12,Plumas,063,18699,4,3,0,3,0
2020-04-12,Riverside,065,2383286,2719,1330,7,1337,34
2020-04-12,Sacramento,067,1510023,916,689,0,689,25
2020-04-12,San Benito,069,59416,37,33,0,33,2
2020-04-12,San Bernardino,071,2135413,1436,827,0,827,30
2020-04-12,San Diego,073,3302833,2428,1806,0,1806,45
2020-04-12,San Francisco,075,870044,1190,886,0,886,11
2020-04-12,San Joaquin,077,732212,418,246,3,249,15
2020-04-12,San Luis Obispo,079,281455,159,102,1,103,1
2020-04-12,San Mateo,081,765935,942,664,2,666,25
2020-04-12,Santa Barbara,083,443738,444,261,0,261,2
2020-04-12,Santa Clara,085,1922200,2019,1461,2,1463,53
2020-04-12,Santa Cruz,087,273765,97,80,0,80,1
2020-04-12,Shasta,089,179085,29,24,0,24,3
2020-04-12,Sierra,091,2930,0,0,0,0,0
2020-04-12,Siskiyou,093,43540,5,5,0,5,0
2020-04-12,Solano,095,438530,203,136,0,136,2
2020-04-12,Sonoma,097,501317,182,131,0,131,1
2020-04-12,Stanislaus,099,539301,243,117,4,121,1
2020-04-12,Sutter,101,95872,23,18,0,18,2
2020-04-12,Tehama,103,63373,1,1,0,1,0
2020-04-12,Trinity,105,12862,0,0,0,0,0
2020-04-12,Tulare,107,460477,435,166,3,169,11
2020-04-12,Tuolumne,109,53932,2,0,0,0,0
2020-04-12,Ventura,111,848112,473,306,0,306,9
2020-04-12,Yolo,113,214977,135,67,0,67,3
2020-04-12,Yuba,115,75493,14,13,0,13,1
2020-04-11,Alameda,001,1643700,1153,751,1,752,23
2020-04-11,Alpine,003,1148,1,1,0,1,0
2020-04-11,Amador,005,37829,6,6,0,6,0
2020-04-11,Butte,007,227075,20,13,1,14,0
2020-04-11,Calaveras,009,45235,7,5,0,5,0
2020-04-11,Colusa,011,21464,3,3,0,3,0
2020-04-11,Contra Costa,013,1133247,750,550,0,550,12
2020-04-11,Del Norte,015,27424,2,2,0,2,0
2020-04-11,El Dorado,017,186661,45,29,0,29,0
2020-04-11,Fresno,019,978130,452,201,5,206,4
2020-04-11,Glenn,021,27897,4,3,0,3,0
2020-04-11,Humboldt,023,135768,56,38,0,38,0
2020-04-11,Imperial,025,180216,190,78,0,78,2
2020-04-11,Inyo,027,18085,15,12,0,12,0
2020-04-11,Kern,029,883053,651,304,0,304,3
2020-04-11,Kings,031,150075,43,9,1,10,0
2020-04-11,Lake,033,64148,6,3,0,3,0
2020-04-11,Lassen,035,31185,1,0,2,2,0
2020-04-11,Los Angeles,037,10098052,14096,8823,15,8838,262
2020-04-11,Madera,039,155013,64,29,1,30,2
2020-04-11,Marin,041,260295,173,136,1,137,6
2020-04-11,Mariposa,043,17540,0,0,0,0,0
2020-04-11,Mendocino,045,87422,6,4,0,4,0
2020-04-11,Merced,047,269075,103,59,0,59,3
2020-04-11,Modoc,049,8938,0,0,0,0,0
2020-04-11,Mono,051,14174,29,20,0,20,1
2020-04-11,Monterey,053,433212,148,78,1,79,3
2020-04-11,Napa,055,140530,52,29,0,29,2
2020-04-11,Nevada,057,99092,37,24,1,25,1
2020-04-11,Orange,059,3164182,2001,1267,14,1281,21
2020-04-11,Placer,061,380077,141,113,0,113,4
2020-04-11,Plumas,063,18699,4,3,0,3,0
2020-04-11,Riverside,065,2383286,2639,1260,7,1267,33
2020-04-11,Sacramento,067,1510023,905,685,0,685,25
2020-04-11,San Benito,069,59416,37,33,0,33,2
2020-04-11,San Bernardino,071,2135413,1400,826,0,826,28
2020-04-11,San Diego,073,3302833,2362,1763,0,1763,45
2020-04-11,San Francisco,075,870044,1168,860,0,860,11
2020-04-11,San Joaquin,077,732212,413,244,3,247,15
2020-04-11,San Luis Obispo,079,281455,159,100,0,100,1
2020-04-11,San Mateo,081,765935,930,662,2,664,25
2020-04-11,Santa Barbara,083,443738,436,258,0,258,2
2020-04-11,Santa Clara,085,1922200,1971,1441,2,1443,51
2020-04-11,Santa Cruz,087,273765,97,79,0,79,1
2020-04-11,Shasta,089,179085,29,24,0,24,3
2020-04-11,Sierra,091,2930,0,0,0,0,0
2020-04-11,Siskiyou,093,43540,5,5,0,5,0
2020-04-11,Solano,095,438530,199,138,0,138,2
2020-04-11,Sonoma,097,501317,180,131,0,131,1
2020-04-11,Stanislaus,099,539301,236,119,3,122,1
2020-04-11,Sutter,101,95872,23,18,0,18,2
2020-04-11,Tehama,103,63373,1,1,0,1,0
2020-04-11,Trinity,105,12862,0,0,0,0,0
2020-04-11,Tulare,107,460477,413,168,3,171,10
2020-04-11,Tuolumne,109,53932,2,0,0,0,0
2020-04-11,Ventura,111,848112,463,304,0,304,9
2020-04-11,Yolo,113,214977,132,67,0,67,3
2020-04-11,Yuba,115,75493,14,13,0,13,1
2020-04-10,Alameda,001,1643700,1112,706,1,707,21
2020-04-10,Alpine,003,1148,1,1,0,1,0
2020-04-10,Amador,005,37829,6,5,0,5,0
2020-04-10,Butte,007,227075,20,13,1,14,0
2020-04-10,Calaveras,009,45235,7,5,0,5,0
2020-04-10,Colusa,011,21464,3,3,0,3,0
2020-04-10,Contra Costa,013,1133247,737,537,0,537,10
2020-04-10,Del Norte,015,27424,2,2,0,2,0
2020-04-10,El Dorado,017,186661,45,26,0,26,0
2020-04-10,Fresno,019,978130,445,186,4,190,3
2020-04-10,Glenn,021,27897,4,3,0,3,0
2020-04-10,Humboldt,023,135768,56,36,0,36,0
2020-04-10,Imperial,025,180216,183,70,0,70,2
2020-04-10,Inyo,027,18085,13,11,0,11,0
2020-04-10,Kern,029,883053,627,272,0,272,3
2020-04-10,Kings,031,150075,40,7,1,8,0
2020-04-10,Lake,033,64148,6,3,0,3,0
2020-04-10,Lassen,035,31185,1,0,2,2,0
2020-04-10,Los Angeles,037,10098052,13583,8384,14,8398,239
2020-04-10,Madera,039,155013,63,29,1,30,2
2020-04-10,Marin,041,260295,168,128,1,129,6
2020-04-10,Mariposa,043,17540,0,0,0,0,0
2020-04-10,Mendocino,045,87422,6,4,0,4,0
2020-04-10,Merced,047,269075,100,56,0,56,3
2020-04-10,Modoc,049,8938,0,0,0,0,0
2020-04-10,Mono,051,14174,29,20,0,20,1
2020-04-10,Monterey,053,433212,137,78,1,79,3
2020-04-10,Napa,055,140530,49,28,0,28,2
2020-04-10,Nevada,057,99092,37,23,1,24,1
2020-04-10,Orange,059,3164182,1952,1167,14,1181,21
2020-04-10,Placer,061,380077,140,112,0,112,4
2020-04-10,Plumas,063,18699,4,3,0,3,0
2020-04-10,Riverside,065,2383286,2573,1162,7,1169,30
2020-04-10,Sacramento,067,1510023,896,642,0,642,24
2020-04-10,San Benito,069,59416,37,32,0,32,2
2020-04-10,San Bernardino,071,2135413,1352,779,0,779,27
2020-04-10,San Diego,073,3302833,2302,1695,0,1695,44
2020-04-10,San Francisco,075,870044,1137,797,0,797,10
2020-04-10,San Joaquin,077,732212,401,234,3,237,14
2020-04-10,San Luis Obispo,079,281455,159,97,0,97,1
2020-04-10,San Mateo,081,765935,914,642,2,644,24
2020-04-10,Santa Barbara,083,443738,424,254,0,254,2
2020-04-10,Santa Clara,085,1922200,1920,1351,2,1353,50
2020-04-10,Santa Cruz,087,273765,96,75,0,75,1
2020-04-10,Shasta,089,179085,29,24,0,24,3
2020-04-10,Sierra,091,2930,0,0,0,0,0
2020-04-10,Siskiyou,093,43540,5,5,0,5,0
2020-04-10,Solano,095,438530,196,129,0,129,2
2020-04-10,Sonoma,097,501317,179,129,0,129,1
2020-04-10,Stanislaus,099,539301,229,101,3,104,0
2020-04-10,Sutter,101,95872,23,18,0,18,2
2020-04-10,Tehama,103,63373,1,1,0,1,0
2020-04-10,Trinity,105,12862,0,0,0,0,0
2020-04-10,Tulare,107,460477,371,163,3,166,10
2020-04-10,Tuolumne,109,53932,2,0,0,0,0
2020-04-10,Ventura,111,848112,454,290,0,290,9
2020-04-10,Yolo,113,214977,130,62,0,62,3
2020-04-10,Yuba,115,75493,14,13,0,13,1
2020-04-09,Alameda,001,1643700,1062,641,1,642,17
2020-04-09,Alpine,003,1148,1,1,0,1,0
2020-04-09,Amador,005,37829,6,2,0,2,0
2020-04-09,Butte,007,227075,19,12,1,13,0
2020-04-09,Calaveras,009,45235,7,5,0,5,0
2020-04-09,Colusa,011,21464,3,3,0,3,0
2020-04-09,Contra Costa,013,1133247,694,505,0,505,7
2020-04-09,Del Norte,015,27424,2,2,0,2,0
2020-04-09,El Dorado,017,186661,44,25,0,25,0
2020-04-09,Fresno,019,978130,421,165,4,169,3
2020-04-09,Glenn,021,27897,4,2,0,2,0
2020-04-09,Humboldt,023,135768,56,36,0,36,0
2020-04-09,Imperial,025,180216,162,67,0,67,2
2020-04-09,Inyo,027,18085,12,11,0,11,0
2020-04-09,Kern,029,883053,591,241,0,241,2
2020-04-09,Kings,031,150075,37,5,1,6,0
2020-04-09,Lake,033,64148,5,1,0,1,0
2020-04-09,Lassen,035,31185,1,0,2,2,0
2020-04-09,Los Angeles,037,10098052,12956,7919,14,7933,220
2020-04-09,Madera,039,155013,63,28,1,29,2
2020-04-09,Marin,041,260295,166,126,1,127,7
2020-04-09,Mariposa,043,17540,0,0,0,0,0
2020-04-09,Mendocino,045,87422,6,4,0,4,0
2020-04-09,Merced,047,269075,97,41,0,41,3
2020-04-09,Modoc,049,8938,0,0,0,0,0
2020-04-09,Mono,051,14174,29,19,0,19,1
2020-04-09,Monterey,053,433212,119,70,1,71,3
2020-04-09,Napa,055,140530,45,27,0,27,2
2020-04-09,Nevada,057,99092,36,23,1,24,1
2020-04-09,Orange,059,3164182,1876,1105,13,1118,19
2020-04-09,Placer,061,380077,139,107,0,107,4
2020-04-09,Plumas,063,18699,4,3,0,3,0
2020-04-09,Riverside,065,2383286,2431,1083,7,1090,29
2020-04-09,Sacramento,067,1510023,873,601,0,601,21
2020-04-09,San Benito,069,59416,37,32,0,32,2
2020-04-09,San Bernardino,071,2135413,1283,717,0,717,27
2020-04-09,San Diego,073,3302833,2206,1630,0,1630,40
2020-04-09,San Francisco,075,870044,1117,748,0,748,8
2020-04-09,San Joaquin,077,732212,380,223,3,226,14
2020-04-09,San Luis Obispo,079,281455,151,93,0,93,1
2020-04-09,San Mateo,081,765935,898,630,2,632,23
2020-04-09,Santa Barbara,083,443738,413,232,0,232,2
2020-04-09,Santa Clara,085,1922200,1851,1301,2,1303,49
2020-04-09,Santa Cruz,087,273765,96,73,0,73,1
2020-04-09,Shasta,089,179085,29,22,0,22,3
2020-04-09,Sierra,091,2930,0,0,0,0,0
2020-04-09,Siskiyou,093,43540,5,4,0,4,0
2020-04-09,Solano,095,438530,187,118,0,118,2
2020-04-09,Sonoma,097,501317,175,113,0,113,1
2020-04-09,Stanislaus,099,539301,217,93,3,96,0
2020-04-09,Sutter,101,95872,23,17,0,17,2
2020-04-09,Tehama,103,63373,1,1,0,1,0
2020-04-09,Trinity,105,12862,0,0,0,0,0
2020-04-09,Tulare,107,460477,345,147,3,150,9
2020-04-09,Tuolumne,109,53932,2,0,0,0,0
2020-04-09,Ventura,111,848112,435,273,0,273,9
2020-04-09,Yolo,113,214977,121,59,0,59,3
2020-04-09,Yuba,115,75493,14,13,0,13,0
2020-04-08,Alameda,001,1643700,1021,594,1,595,15
2020-04-08,Alpine,003,1148,1,1,0,1,0
2020-04-08,Amador,005,37829,6,2,0,2,0
2020-04-08,Butte,007,227075,18,11,1,12,0
2020-04-08,Calaveras,009,45235,7,5,0,5,0
2020-04-08,Colusa,011,21464,3,3,0,3,0
2020-04-08,Contra Costa,013,1133247,681,481,0,481,7
2020-04-08,Del Norte,015,27424,2,2,0,2,0
2020-04-08,El Dorado,017,186661,44,25,0,25,0
2020-04-08,Fresno,019,978130,401,151,4,155,3
2020-04-08,Glenn,021,27897,4,2,0,2,0
2020-04-08,Humboldt,023,135768,56,40,0,40,0
2020-04-08,Imperial,025,180216,151,59,0,59,2
2020-04-08,Inyo,027,18085,12,11,0,11,0
2020-04-08,Kern,029,883053,550,198,0,198,2
2020-04-08,Kings,031,150075,37,5,1,6,0
2020-04-08,Lake,033,64148,5,1,0,1,0
2020-04-08,Lassen,035,31185,1,0,2,2,0
2020-04-08,Los Angeles,037,10098052,12355,7505,14,7519,196
2020-04-08,Madera,039,155013,62,28,1,29,2
2020-04-08,Marin,041,260295,160,125,1,126,7
2020-04-08,Mariposa,043,17540,0,0,0,0,0
2020-04-08,Mendocino,045,87422,6,4,0,4,0
2020-04-08,Merced,047,269075,82,35,0,35,1
2020-04-08,Modoc,049,8938,0,0,0,0,0
2020-04-08,Mono,051,14174,29,19,0,19,1
2020-04-08,Monterey,053,433212,110,68,1,69,3
2020-04-08,Napa,055,140530,43,21,0,21,2
2020-04-08,Nevada,057,99092,36,21,1,22,1
2020-04-08,Orange,059,3164182,1813,1034,13,1047,19
2020-04-08,Placer,061,380077,139,102,0,102,4
2020-04-08,Plumas,063,18699,4,3,0,3,0
2020-04-08,Riverside,065,2383286,2274,974,7,981,28
2020-04-08,Sacramento,067,1510023,839,565,0,565,21
2020-04-08,San Benito,069,59416,37,31,0,31,2
2020-04-08,San Bernardino,071,2135413,1226,635,0,635,22
2020-04-08,San Diego,073,3302833,2132,1532,0,1532,36
2020-04-08,San Francisco,075,870044,1049,687,0,687,7
2020-04-08,San Joaquin,077,732212,363,211,3,214,12
2020-04-08,San Luis Obispo,079,281455,149,90,0,90,1
2020-04-08,San Mateo,081,765935,883,608,2,610,22
2020-04-08,Santa Barbara,083,443738,394,221,0,221,2
2020-04-08,Santa Clara,085,1922200,1807,1257,2,1259,47
2020-04-08,Santa Cruz,087,273765,95,69,0,69,1
2020-04-08,Shasta,089,179085,29,18,0,18,3
2020-04-08,Sierra,091,2930,0,0,0,0,0
2020-04-08,Siskiyou,093,43540,5,4,0,4,0
2020-04-08,Solano,095,438530,174,111,0,111,2
2020-04-08,Sonoma,097,501317,170,107,0,107,1
2020-04-08,Stanislaus,099,539301,201,86,3,89,0
2020-04-08,Sutter,101,95872,22,17,0,17,2
2020-04-08,Tehama,103,63373,1,1,0,1,0
2020-04-08,Trinity,105,12862,0,0,0,0,0
2020-04-08,Tulare,107,460477,315,145,3,148,6
2020-04-08,Tuolumne,109,53932,2,0,0,0,0
2020-04-08,Ventura,111,848112,426,263,0,263,7
2020-04-08,Yolo,113,214977,104,56,0,56,3
2020-04-08,Yuba,115,75493,14,10,0,10,0
2020-04-07,Alameda,001,1643700,986,560,1,561,14
2020-04-07,Alpine,003,1148,1,1,0,1,0
2020-04-07,Amador,005,37829,6,2,0,2,0
2020-04-07,Butte,007,227075,17,11,1,12,0
2020-04-07,Calaveras,009,45235,6,5,0,5,0
2020-04-07,Colusa,011,21464,3,2,0,2,0
2020-04-07,Contra Costa,013,1133247,661,471,0,471,7
2020-04-07,Del Norte,015,27424,2,2,0,2,0
2020-04-07,El Dorado,017,186661,43,22,0,22,0
2020-04-07,Fresno,019,978130,385,138,4,142,3
2020-04-07,Glenn,021,27897,4,2,0,2,0
2020-04-07,Humboldt,023,135768,55,40,0,40,0
2020-04-07,Imperial,025,180216,133,53,0,53,2
2020-04-07,Inyo,027,18085,12,11,0,11,0
2020-04-07,Kern,029,883053,507,134,0,134,2
2020-04-07,Kings,031,150075,35,5,1,6,0
2020-04-07,Lake,033,64148,4,1,0,1,0
2020-04-07,Lassen,035,31185,1,0,2,2,0
2020-04-07,Los Angeles,037,10098052,11705,6885,14,6899,170
2020-04-07,Madera,039,155013,60,28,0,28,2
2020-04-07,Marin,041,260295,158,122,1,123,7
2020-04-07,Mariposa,043,17540,0,0,0,0,0
2020-04-07,Mendocino,045,87422,6,4,0,4,0
2020-04-07,Merced,047,269075,67,27,0,27,1
2020-04-07,Modoc,049,8938,0,0,0,0,0
2020-04-07,Mono,051,14174,28,18,0,18,1
2020-04-07,Monterey,053,433212,102,63,1,64,2
2020-04-07,Napa,055,140530,41,18,0,18,2
2020-04-07,Nevada,057,99092,36,20,1,21,1
2020-04-07,Orange,059,3164182,1766,971,12,983,19
2020-04-07,Placer,061,380077,134,94,0,94,3
2020-04-07,Plumas,063,18699,4,3,0,3,0
2020-04-07,Riverside,065,2383286,2117,905,7,912,25
2020-04-07,Sacramento,067,1510023,809,513,0,513,18
2020-04-07,San Benito,069,59416,37,26,0,26,2
2020-04-07,San Bernardino,071,2135413,1159,554,0,554,19
2020-04-07,San Diego,073,3302833,2055,1456,0,1456,31
2020-04-07,San Francisco,075,870044,989,636,0,636,6
2020-04-07,San Joaquin,077,732212,345,198,3,201,12
2020-04-07,San Luis Obispo,079,281455,143,87,0,87,1
2020-04-07,San Mateo,081,765935,862,573,2,575,22
2020-04-07,Santa Barbara,083,443738,376,209,0,209,2
2020-04-07,Santa Clara,085,1922200,1738,1193,1,1194,46
2020-04-07,Santa Cruz,087,273765,95,67,0,67,1
2020-04-07,Shasta,089,179085,28,16,0,16,3
2020-04-07,Sierra,091,2930,0,0,0,0,0
2020-04-07,Siskiyou,093,43540,5,4,0,4,0
2020-04-07,Solano,095,438530,169,99,0,99,1
2020-04-07,Sonoma,097,501317,167,102,0,102,1
2020-04-07,Stanislaus,099,539301,184,83,3,86,0
2020-04-07,Sutter,101,95872,22,16,0,16,2
2020-04-07,Tehama,103,63373,1,1,0,1,0
2020-04-07,Trinity,105,12862,0,0,0,0,0
2020-04-07,Tulare,107,460477,288,144,3,147,5
2020-04-07,Tuolumne,109,53932,2,1,0,1,0
2020-04-07,Ventura,111,848112,409,247,0,247,6
2020-04-07,Yolo,113,214977,97,51,0,51,2
2020-04-07,Yuba,115,75493,14,10,0,10,0
2020-04-06,Alameda,001,1643700,956,527,1,528,13
2020-04-06,Alpine,003,1148,1,1,0,1,0
2020-04-06,Amador,005,37829,5,2,0,2,0
2020-04-06,Butte,007,227075,16,11,1,12,0
2020-04-06,Calaveras,009,45235,6,4,0,4,0
2020-04-06,Colusa,011,21464,3,1,0,1,0
2020-04-06,Contra Costa,013,1133247,636,447,0,447,7
2020-04-06,Del Norte,015,27424,2,2,0,2,0
2020-04-06,El Dorado,017,186661,41,23,0,23,0
2020-04-06,Fresno,019,978130,364,122,4,126,1
2020-04-06,Glenn,021,27897,4,2,0,2,0
2020-04-06,Humboldt,023,135768,54,37,0,37,0
2020-04-06,Imperial,025,180216,126,47,0,47,1
2020-04-06,Inyo,027,18085,11,11,0,11,0
2020-04-06,Kern,029,883053,470,117,0,117,2
2020-04-06,Kings,031,150075,35,3,1,4,0
2020-04-06,Lake,033,64148,4,1,0,1,0
2020-04-06,Lassen,035,31185,1,0,2,2,0
2020-04-06,Los Angeles,037,10098052,10972,6346,14,6360,145
2020-04-06,Madera,039,155013,58,29,0,29,2
2020-04-06,Marin,041,260295,155,119,1,120,7
2020-04-06,Mariposa,043,17540,0,0,0,0,0
2020-04-06,Mendocino,045,87422,6,4,0,4,0
2020-04-06,Merced,047,269075,60,25,0,25,1
2020-04-06,Modoc,049,8938,0,0,0,0,0
2020-04-06,Mono,051,14174,28,18,0,18,1
2020-04-06,Monterey,053,433212,97,62,1,63,2
2020-04-06,Napa,055,140530,41,18,0,18,2
2020-04-06,Nevada,057,99092,36,19,1,20,1
2020-04-06,Orange,059,3164182,1721,910,10,920,17
2020-04-06,Placer,061,380077,134,90,0,90,3
2020-04-06,Plumas,063,18699,4,2,0,2,0
2020-04-06,Riverside,065,2383286,1991,854,7,861,17
2020-04-06,Sacramento,067,1510023,779,448,0,448,15
2020-04-06,San Benito,069,59416,35,25,0,25,1
2020-04-06,San Bernardino,071,2135413,1100,550,0,550,13
2020-04-06,San Diego,073,3302833,1973,1406,0,1406,19
2020-04-06,San Francisco,075,870044,949,586,0,586,6
2020-04-06,San Joaquin,077,732212,330,191,3,194,10
2020-04-06,San Luis Obispo,079,281455,141,85,0,85,1
2020-04-06,San Mateo,081,765935,844,569,2,571,20
2020-04-06,Santa Barbara,083,443738,364,189,0,189,2
2020-04-06,Santa Clara,085,1922200,1685,1128,1,1129,43
2020-04-06,Santa Cruz,087,273765,93,65,0,65,1
2020-04-06,Shasta,089,179085,28,16,0,16,3
2020-04-06,Sierra,091,2930,0,0,0,0,0
2020-04-06,Siskiyou,093,43540,4,4,0,4,0
2020-04-06,Solano,095,438530,162,95,0,95,1
2020-04-06,Sonoma,097,501317,166,102,0,102,1
2020-04-06,Stanislaus,099,539301,168,72,3,75,0
2020-04-06,Sutter,101,95872,22,14,0,14,2
2020-04-06,Tehama,103,63373,1,1,0,1,0
2020-04-06,Trinity,105,12862,0,0,0,0,0
2020-04-06,Tulare,107,460477,275,126,3,129,5
2020-04-06,Tuolumne,109,53932,2,1,0,1,0
2020-04-06,Ventura,111,848112,391,234,0,234,6
2020-04-06,Yolo,113,214977,93,43,0,43,1
2020-04-06,Yuba,115,75493,14,8,0,8,0
2020-04-05,Alameda,001,1643700,914,475,1,476,12
2020-04-05,Alpine,003,1148,1,1,0,1,0
2020-04-05,Amador,005,37829,5,2,0,2,0
2020-04-05,Butte,007,227075,16,10,1,11,0
2020-04-05,Calaveras,009,45235,6,3,0,3,0
2020-04-05,Colusa,011,21464,3,1,0,1,0
2020-04-05,Contra Costa,013,1133247,619,415,0,415,6
2020-04-05,Del Norte,015,27424,2,1,0,1,0
2020-04-05,El Dorado,017,186661,40,19,0,19,0
2020-04-05,Fresno,019,978130,330,102,4,106,1
2020-04-05,Glenn,021,27897,4,2,0,2,0
2020-04-05,Humboldt,023,135768,54,29,0,29,0
2020-04-05,Imperial,025,180216,118,42,0,42,1
2020-04-05,Inyo,027,18085,11,10,0,10,0
2020-04-05,Kern,029,883053,415,109,0,109,2
2020-04-05,Kings,031,150075,34,4,1,5,0
2020-04-05,Lake,033,64148,4,0,0,0,0
2020-04-05,Lassen,035,31185,1,0,2,2,0
2020-04-05,Los Angeles,037,10098052,10401,5892,14,5906,130
2020-04-05,Madera,039,155013,57,27,0,27,2
2020-04-05,Marin,041,260295,155,113,1,114,6
2020-04-05,Mariposa,043,17540,0,0,0,0,0
2020-04-05,Mendocino,045,87422,6,4,0,4,0
2020-04-05,Merced,047,269075,53,16,0,16,0
2020-04-05,Modoc,049,8938,0,0,0,0,0
2020-04-05,Mono,051,14174,28,18,0,18,1
2020-04-05,Monterey,053,433212,90,61,1,62,2
2020-04-05,Napa,055,140530,39,15,0,15,2
2020-04-05,Nevada,057,99092,36,19,1,20,1
2020-04-05,Orange,059,3164182,1662,820,10,830,15
2020-04-05,Placer,061,380077,131,86,0,86,3
2020-04-05,Plumas,063,18699,3,2,0,2,0
2020-04-05,Riverside,065,2383286,1862,669,7,676,17
2020-04-05,Sacramento,067,1510023,748,393,0,393,11
2020-04-05,San Benito,069,59416,35,22,0,22,1
2020-04-05,San Bernardino,071,2135413,1026,375,0,375,13
2020-04-05,San Diego,073,3302833,1891,1328,0,1328,19
2020-04-05,San Francisco,075,870044,902,559,0,559,6
2020-04-05,San Joaquin,077,732212,315,179,3,182,10
2020-04-05,San Luis Obispo,079,281455,139,83,0,83,1
2020-04-05,San Mateo,081,765935,824,528,2,530,19
2020-04-05,Santa Barbara,083,443738,343,171,0,171,1
2020-04-05,Santa Clara,085,1922200,1637,1052,1,1053,42
2020-04-05,Santa Cruz,087,273765,93,59,0,59,1
2020-04-05,Shasta,089,179085,27,11,0,11,2
2020-04-05,Sierra,091,2930,0,0,0,0,0
2020-04-05,Siskiyou,093,43540,4,3,0,3,0
2020-04-05,Solano,095,438530,158,78,0,78,1
2020-04-05,Sonoma,097,501317,164,88,0,88,1
2020-04-05,Stanislaus,099,539301,154,51,3,54,0
2020-04-05,Sutter,101,95872,22,14,0,14,1
2020-04-05,Tehama,103,63373,1,1,0,1,0
2020-04-05,Trinity,105,12862,0,0,0,0,0
2020-04-05,Tulare,107,460477,243,81,3,84,4
2020-04-05,Tuolumne,109,53932,2,1,0,1,0
2020-04-05,Ventura,111,848112,377,196,0,196,6
2020-04-05,Yolo,113,214977,75,37,0,37,2
2020-04-05,Yuba,115,75493,14,7,0,7,0
2020-04-04,Alameda,001,1643700,891,468,1,469,12
2020-04-04,Alpine,003,1148,1,1,0,1,0
2020-04-04,Amador,005,37829,4,2,0,2,0
2020-04-04,Butte,007,227075,16,10,1,11,0
2020-04-04,Calaveras,009,45235,6,3,0,3,0
2020-04-04,Colusa,011,21464,3,1,0,1,0
2020-04-04,Contra Costa,013,1133247,611,382,0,382,5
2020-04-04,Del Norte,015,27424,2,1,0,1,0
2020-04-04,El Dorado,017,186661,40,19,0,19,0
2020-04-04,Fresno,019,978130,320,102,4,106,1
2020-04-04,Glenn,021,27897,4,2,0,2,0
2020-04-04,Humboldt,023,135768,54,29,0,29,0
2020-04-04,Imperial,025,180216,117,42,0,42,1
2020-04-04,Inyo,027,18085,11,10,0,10,0
2020-04-04,Kern,029,883053,385,103,0,103,2
2020-04-04,Kings,031,150075,34,3,1,4,0
2020-04-04,Lake,033,64148,4,0,0,0,0
2020-04-04,Lassen,035,31185,1,0,2,2,0
2020-04-04,Los Angeles,037,10098052,9784,5275,14,5289,117
2020-04-04,Madera,039,155013,55,27,0,27,2
2020-04-04,Marin,041,260295,153,111,0,111,6
2020-04-04,Mariposa,043,17540,0,0,0,0,0
2020-04-04,Mendocino,045,87422,6,4,0,4,0
2020-04-04,Merced,047,269075,49,11,0,11,0
2020-04-04,Modoc,049,8938,0,0,0,0,0
2020-04-04,Mono,051,14174,28,18,0,18,1
2020-04-04,Monterey,053,433212,87,61,1,62,2
2020-04-04,Napa,055,140530,39,15,0,15,2
2020-04-04,Nevada,057,99092,36,19,1,20,1
2020-04-04,Orange,059,3164182,1620,781,9,790,15
2020-04-04,Placer,061,380077,130,87,0,87,2
2020-04-04,Plumas,063,18699,3,2,0,2,0
2020-04-04,Riverside,065,2383286,1761,652,7,659,15
2020-04-04,Sacramento,067,1510023,730,393,0,393,11
2020-04-04,San Benito,069,59416,35,22,0,22,1
2020-04-04,San Bernardino,071,2135413,978,373,0,373,13
2020-04-04,San Diego,073,3302833,1843,1211,0,1211,18
2020-04-04,San Francisco,075,870044,864,537,0,537,6
2020-04-04,San Joaquin,077,732212,292,171,3,174,10
2020-04-04,San Luis Obispo,079,281455,139,82,0,82,0
2020-04-04,San Mateo,081,765935,813,520,2,522,17
2020-04-04,Santa Barbara,083,443738,334,167,0,167,1
2020-04-04,Santa Clara,085,1922200,1585,1045,1,1046,39
2020-04-04,Santa Cruz,087,273765,93,56,0,56,1
2020-04-04,Shasta,089,179085,26,11,0,11,2
2020-04-04,Sierra,091,2930,0,0,0,0,0
2020-04-04,Siskiyou,093,43540,4,3,0,3,0
2020-04-04,Solano,095,438530,153,79,0,79,1
2020-04-04,Sonoma,097,501317,161,88,0,88,1
2020-04-04,Stanislaus,099,539301,143,51,3,54,0
2020-04-04,Sutter,101,95872,22,14,0,14,1
2020-04-04,Tehama,103,63373,1,1,0,1,0
2020-04-04,Trinity,105,12862,0,0,0,0,0
2020-04-04,Tulare,107,460477,229,79,3,82,4
2020-04-04,Tuolumne,109,53932,2,1,0,1,0
2020-04-04,Ventura,111,848112,364,194,0,194,6
2020-04-04,Yolo,113,214977,73,40,0,40,2
2020-04-04,Yuba,115,75493,13,7,0,7,0
2020-04-03,Alameda,001,1643700,855,395,1,396,11
2020-04-03,Alpine,003,1148,1,1,0,1,0
2020-04-03,Amador,005,37829,4,2,0,2,0
2020-04-03,Butte,007,227075,16,8,1,9,0
2020-04-03,Calaveras,009,45235,6,3,0,3,0
2020-04-03,Colusa,011,21464,3,1,0,1,0
2020-04-03,Contra Costa,013,1133247,588,327,0,327,5
2020-04-03,Del Norte,015,27424,2,1,0,1,0
2020-04-03,El Dorado,017,186661,38,16,0,16,0
2020-04-03,Fresno,019,978130,308,98,4,102,1
2020-04-03,Glenn,021,27897,4,2,0,2,0
2020-04-03,Humboldt,023,135768,54,34,0,34,0
2020-04-03,Imperial,025,180216,108,35,0,35,0
2020-04-03,Inyo,027,18085,11,10,0,10,0
2020-04-03,Kern,029,883053,359,87,0,87,1
2020-04-03,Kings,031,150075,32,3,1,4,0
2020-04-03,Lake,033,64148,3,0,0,0,0
2020-04-03,Lassen,035,31185,1,0,2,2,0
2020-04-03,Los Angeles,037,10098052,9168,4566,14,4580,91
2020-04-03,Madera,039,155013,54,28,0,28,2
2020-04-03,Marin,041,260295,151,106,0,106,6
2020-04-03,Mariposa,043,17540,0,0,0,0,0
2020-04-03,Mendocino,045,87422,6,4,0,4,0
2020-04-03,Merced,047,269075,46,9,0,9,0
2020-04-03,Modoc,049,8938,0,0,0,0,0
2020-04-03,Mono,051,14174,28,18,0,18,1
2020-04-03,Monterey,053,433212,84,58,1,59,2
2020-04-03,Napa,055,140530,38,13,0,13,1
2020-04-03,Nevada,057,99092,36,19,1,20,1
2020-04-03,Orange,059,3164182,1581,713,9,722,13
2020-04-03,Placer,061,380077,126,76,0,76,2
2020-04-03,Plumas,063,18699,3,2,0,2,0
2020-04-03,Riverside,065,2383286,1681,540,7,547,14
2020-04-03,Sacramento,067,1510023,709,363,0,363,11
2020-04-03,San Benito,069,59416,35,22,0,22,1
2020-04-03,San Bernardino,071,2135413,933,356,0,356,11
2020-04-03,San Diego,073,3302833,1783,1114,0,1114,17
2020-04-03,San Francisco,075,870044,839,506,0,506,6
2020-04-03,San Joaquin,077,732212,280,162,3,165,10
2020-04-03,San Luis Obispo,079,281455,139,82,0,82,0
2020-04-03,San Mateo,081,765935,796,474,2,476,13
2020-04-03,Santa Barbara,083,443738,322,154,0,154,1
2020-04-03,Santa Clara,085,1922200,1551,983,1,984,39
2020-04-03,Santa Cruz,087,273765,93,52,0,52,1
2020-04-03,Shasta,089,179085,26,10,0,10,1
2020-04-03,Sierra,091,2930,0,0,0,0,0
2020-04-03,Siskiyou,093,43540,4,3,0,3,0
2020-04-03,Solano,095,438530,145,72,0,72,1
2020-04-03,Sonoma,097,501317,161,84,0,84,1
2020-04-03,Stanislaus,099,539301,137,48,3,51,0
2020-04-03,Sutter,101,95872,22,12,0,12,1
2020-04-03,Tehama,103,63373,1,1,0,1,0
2020-04-03,Trinity,105,12862,0,0,0,0,0
2020-04-03,Tulare,107,460477,216,73,3,76,3
2020-04-03,Tuolumne,109,53932,2,1,0,1,0
2020-04-03,Ventura,111,848112,354,186,0,186,6
2020-04-03,Yolo,113,214977,72,33,0,33,1
2020-04-03,Yuba,115,75493,13,6,0,6,0
2020-04-02,Alameda,001,1643700,804,345,1,346,10
2020-04-02,Alpine,003,1148,1,1,0,1,0
2020-04-02,Amador,005,37829,4,2,0,2,0
2020-04-02,Butte,007,227075,16,7,0,7,0
2020-04-02,Calaveras,009,45235,4,3,0,3,0
2020-04-02,Colusa,011,21464,3,1,0,1,0
2020-04-02,Contra Costa,013,1133247,558,297,0,297,3
2020-04-02,Del Norte,015,27424,2,0,0,0,0
2020-04-02,El Dorado,017,186661,36,16,0,16,0
2020-04-02,Fresno,019,978130,292,92,4,96,0
2020-04-02,Glenn,021,27897,3,2,0,2,0
2020-04-02,Humboldt,023,135768,50,23,0,23,0
2020-04-02,Imperial,025,180216,104,24,0,24,0
2020-04-02,Inyo,027,18085,10,8,0,8,0
2020-04-02,Kern,029,883053,332,74,0,74,0
2020-04-02,Kings,031,150075,32,3,1,4,0
2020-04-02,Lake,033,64148,3,0,0,0,0
2020-04-02,Lassen,035,31185,1,0,2,2,0
2020-04-02,Los Angeles,037,10098052,8336,4040,14,4054,79
2020-04-02,Madera,039,155013,52,25,0,25,1
2020-04-02,Marin,041,260295,145,102,0,102,1
2020-04-02,Mariposa,043,17540,0,0,0,0,0
2020-04-02,Mendocino,045,87422,6,4,0,4,0
2020-04-02,Merced,047,269075,41,9,0,9,0
2020-04-02,Modoc,049,8938,0,0,0,0,0
2020-04-02,Mono,051,14174,28,16,0,16,1
2020-04-02,Monterey,053,433212,82,50,1,51,2
2020-04-02,Napa,055,140530,38,13,0,13,0
2020-04-02,Nevada,057,99092,35,17,1,18,0
2020-04-02,Orange,059,3164182,1527,640,9,649,12
2020-04-02,Placer,061,380077,125,72,0,72,2
2020-04-02,Plumas,063,18699,3,1,0,1,0
2020-04-02,Riverside,065,2383286,1565,438,7,445,13
2020-04-02,Sacramento,067,1510023,691,322,0,322,9
2020-04-02,San Benito,069,59416,33,18,0,18,1
2020-04-02,San Bernardino,071,2135413,878,335,0,335,8
2020-04-02,San Diego,073,3302833,1716,968,0,968,16
2020-04-02,San Francisco,075,870044,812,473,0,473,6
2020-04-02,San Joaquin,077,732212,261,148,3,151,9
2020-04-02,San Luis Obispo,079,281455,134,79,0,79,0
2020-04-02,San Mateo,081,765935,775,423,2,425,13
2020-04-02,Santa Barbara,083,443738,309,125,0,125,1
2020-04-02,Santa Clara,085,1922200,1500,908,1,909,38
2020-04-02,Santa Cruz,087,273765,91,49,0,49,1
2020-04-02,Shasta,089,179085,25,7,0,7,1
2020-04-02,Sierra,091,2930,0,0,0,0,0
2020-04-02,Siskiyou,093,43540,4,3,0,3,0
2020-04-02,Solano,095,438530,135,65,0,65,0
2020-04-02,Sonoma,097,501317,157,76,0,76,1
2020-04-02,Stanislaus,099,539301,126,40,3,43,0
2020-04-02,Sutter,101,95872,21,10,0,10,1
2020-04-02,Tehama,103,63373,1,1,0,1,0
2020-04-02,Trinity,105,12862,0,0,0,0,0
2020-04-02,Tulare,107,460477,188,64,3,67,1
2020-04-02,Tuolumne,109,53932,2,1,0,1,0
2020-04-02,Ventura,111,848112,336,178,0,178,5
2020-04-02,Yolo,113,214977,70,29,0,29,1
2020-04-02,Yuba,115,75493,10,5,0,5,0
2020-04-01,Alameda,001,1643700,778,287,1,288,8
2020-04-01,Alpine,003,1148,1,1,0,1,0
2020-04-01,Amador,005,37829,4,1,0,1,0
2020-04-01,Butte,007,227075,16,6,0,6,0
2020-04-01,Calaveras,009,45235,3,3,0,3,0
2020-04-01,Colusa,011,21464,3,1,0,1,0
2020-04-01,Contra Costa,013,1133247,514,267,0,267,3
2020-04-01,Del Norte,015,27424,2,0,0,0,0
2020-04-01,El Dorado,017,186661,35,14,0,14,0
2020-04-01,Fresno,019,978130,272,75,3,78,0
2020-04-01,Glenn,021,27897,3,2,0,2,0
2020-04-01,Humboldt,023,135768,50,19,0,19,0
2020-04-01,Imperial,025,180216,97,25,0,25,0
2020-04-01,Inyo,027,18085,10,8,0,8,0
2020-04-01,Kern,029,883053,305,53,0,53,0
2020-04-01,Kings,031,150075,30,3,1,4,0
2020-04-01,Lake,033,64148,3,0,0,0,0
2020-04-01,Lassen,035,31185,1,0,2,2,0
2020-04-01,Los Angeles,037,10098052,7686,3502,14,3516,66
2020-04-01,Madera,039,155013,50,17,0,17,1
2020-04-01,Marin,041,260295,141,87,0,87,1
2020-04-01,Mariposa,043,17540,0,0,0,0,0
2020-04-01,Mendocino,045,87422,6,4,0,4,0
2020-04-01,Merced,047,269075,38,7,0,7,0
2020-04-01,Modoc,049,8938,0,0,0,0,0
2020-04-01,Mono,051,14174,28,12,0,12,1
2020-04-01,Monterey,053,433212,81,47,1,48,2
2020-04-01,Napa,055,140530,36,11,0,11,0
2020-04-01,Nevada,057,99092,35,15,1,16,0
2020-04-01,Orange,059,3164182,1475,579,9,588,11
2020-04-01,Placer,061,380077,124,52,0,52,2
2020-04-01,Plumas,063,18699,3,1,0,1,0
2020-04-01,Riverside,065,2383286,1397,306,7,313,11
2020-04-01,Sacramento,067,1510023,658,299,0,299,8
2020-04-01,San Benito,069,59416,30,14,0,14,1
2020-04-01,San Bernardino,071,2135413,829,245,0,245,5
2020-04-01,San Diego,073,3302833,1646,851,0,851,11
2020-04-01,San Francisco,075,870044,784,432,0,432,6
2020-04-01,San Joaquin,077,732212,250,132,3,135,8
2020-04-01,San Luis Obispo,079,281455,128,69,0,69,0
2020-04-01,San Mateo,081,765935,757,354,2,356,13
2020-04-01,Santa Barbara,083,443738,289,103,0,103,0
2020-04-01,Santa Clara,085,1922200,1459,805,1,806,33
2020-04-01,Santa Cruz,087,273765,86,44,0,44,1
2020-04-01,Shasta,089,179085,24,5,0,5,1
2020-04-01,Sierra,091,2930,0,0,0,0,0
2020-04-01,Siskiyou,093,43540,4,3,0,3,0
2020-04-01,Solano,095,438530,130,57,0,57,0
2020-04-01,Sonoma,097,501317,153,60,0,60,1
2020-04-01,Stanislaus,099,539301,115,29,3,32,0
2020-04-01,Sutter,101,95872,21,9,0,9,1
2020-04-01,Tehama,103,63373,1,0,0,0,0
2020-04-01,Trinity,105,12862,0,0,0,0,0
2020-04-01,Tulare,107,460477,153,43,3,46,1
2020-04-01,Tuolumne,109,53932,2,1,0,1,0
2020-04-01,Ventura,111,848112,323,154,0,154,5
2020-04-01,Yolo,113,214977,65,22,0,22,1
2020-04-01,Yuba,115,75493,9,5,0,5,0
2020-03-31,Alameda,001,1643700,710,269,1,270,7
2020-03-31,Alpine,003,1148,1,1,0,1,0
2020-03-31,Amador,005,37829,4,1,0,1,0
2020-03-31,Butte,007,227075,16,6,0,6,0
2020-03-31,Calaveras,009,45235,3,3,0,3,0
2020-03-31,Colusa,011,21464,3,1,0,1,0
2020-03-31,Contra Costa,013,1133247,489,246,0,246,3
2020-03-31,Del Norte,015,27424,1,0,0,0,0
2020-03-31,El Dorado,017,186661,31,14,0,14,0
2020-03-31,Fresno,019,978130,247,59,3,62,0
2020-03-31,Glenn,021,27897,3,2,0,2,0
2020-03-31,Humboldt,023,135768,50,18,0,18,0
2020-03-31,Imperial,025,180216,92,17,0,17,0
2020-03-31,Inyo,027,18085,10,8,0,8,0
2020-03-31,Kern,029,883053,281,47,0,47,0
2020-03-31,Kings,031,150075,28,2,1,3,0
2020-03-31,Lake,033,64148,1,0,0,0,0
2020-03-31,Lassen,035,31185,1,0,2,2,0
2020-03-31,Los Angeles,037,10098052,7021,3001,14,3015,53
2020-03-31,Madera,039,155013,49,17,0,17,1
2020-03-31,Marin,041,260295,132,85,0,85,1
2020-03-31,Mariposa,043,17540,0,0,0,0,0
2020-03-31,Mendocino,045,87422,6,4,0,4,0
2020-03-31,Merced,047,269075,33,6,0,6,0
2020-03-31,Modoc,049,8938,0,0,0,0,0
2020-03-31,Mono,051,14174,26,12,0,12,0
2020-03-31,Monterey,053,433212,79,43,1,44,2
2020-03-31,Napa,055,140530,35,9,0,9,0
2020-03-31,Nevada,057,99092,35,15,1,16,0
2020-03-31,Orange,059,3164182,1401,506,9,515,7
2020-03-31,Placer,061,380077,117,49,0,49,2
2020-03-31,Plumas,063,18699,1,0,0,0,0
2020-03-31,Riverside,065,2383286,1251,284,7,291,8
2020-03-31,Sacramento,067,1510023,606,271,0,271,8
2020-03-31,San Benito,069,59416,30,14,0,14,1
2020-03-31,San Bernardino,071,2135413,745,193,0,193,5
2020-03-31,San Diego,073,3302833,1564,736,0,736,9
2020-03-31,San Francisco,075,870044,749,404,0,404,5
2020-03-31,San Joaquin,077,732212,234,122,3,125,7
2020-03-31,San Luis Obispo,079,281455,124,67,0,67,0
2020-03-31,San Mateo,081,765935,738,297,2,299,12
2020-03-31,Santa Barbara,083,443738,271,89,0,89,0
2020-03-31,Santa Clara,085,1922200,1410,777,1,778,30
2020-03-31,Santa Cruz,087,273765,80,40,0,40,1
2020-03-31,Shasta,089,179085,21,5,0,5,1
2020-03-31,Sierra,091,2930,0,0,0,0,0
2020-03-31,Siskiyou,093,43540,4,3,0,3,0
2020-03-31,Solano,095,438530,116,56,0,56,0
2020-03-31,Sonoma,097,501317,148,58,0,58,1
2020-03-31,Stanislaus,099,539301,100,28,3,31,0
2020-03-31,Sutter,101,95872,21,8,0,8,0
2020-03-31,Tehama,103,63373,1,0,0,0,0
2020-03-31,Trinity,105,12862,0,0,0,0,0
2020-03-31,Tulare,107,460477,131,42,2,44,1
2020-03-31,Tuolumne,109,53932,2,1,0,1,0
2020-03-31,Ventura,111,848112,312,143,0,143,4
2020-03-31,Yolo,113,214977,58,21,0,21,1
2020-03-31,Yuba,115,75493,9,5,0,5,0
2020-03-30,Alameda,001,1643700,670,250,1,251,7
2020-03-30,Alpine,003,1148,1,1,0,1,0
2020-03-30,Amador,005,37829,4,1,0,1,0
2020-03-30,Butte,007,227075,14,5,0,5,0
2020-03-30,Calaveras,009,45235,3,3,0,3,0
2020-03-30,Colusa,011,21464,3,1,0,1,0
2020-03-30,Contra Costa,013,1133247,463,212,0,212,3
2020-03-30,Del Norte,015,27424,0,0,0,0,0
2020-03-30,El Dorado,017,186661,31,11,0,11,0
2020-03-30,Fresno,019,978130,223,46,3,49,0
2020-03-30,Glenn,021,27897,3,2,0,2,0
2020-03-30,Humboldt,023,135768,48,11,0,11,0
2020-03-30,Imperial,025,180216,88,9,0,9,0
2020-03-30,Inyo,027,18085,10,5,0,5,0
2020-03-30,Kern,029,883053,248,30,0,30,0
2020-03-30,Kings,031,150075,28,1,1,2,0
2020-03-30,Lake,033,64148,1,0,0,0,0
2020-03-30,Lassen,035,31185,1,0,1,1,0
2020-03-30,Los Angeles,037,10098052,6366,2467,14,2481,44
2020-03-30,Madera,039,155013,48,14,0,14,1
2020-03-30,Marin,041,260295,125,78,0,78,0
2020-03-30,Mariposa,043,17540,0,0,0,0,0
2020-03-30,Mendocino,045,87422,5,2,0,2,0
2020-03-30,Merced,047,269075,29,6,0,6,0
2020-03-30,Modoc,049,8938,0,0,0,0,0
2020-03-30,Mono,051,14174,26,11,0,11,0
2020-03-30,Monterey,053,433212,74,41,1,42,1
2020-03-30,Napa,055,140530,34,9,0,9,0
2020-03-30,Nevada,057,99092,34,14,1,15,0
2020-03-30,Orange,059,3164182,1334,418,9,427,5
2020-03-30,Placer,061,380077,114,44,0,44,2
2020-03-30,Plumas,063,18699,1,0,0,0,0
2020-03-30,Riverside,065,2383286,1171,204,7,211,7
2020-03-30,Sacramento,067,1510023,582,238,0,238,8
2020-03-30,San Benito,069,59416,30,11,0,11,1
2020-03-30,San Bernardino,071,2135413,701,145,0,145,4
2020-03-30,San Diego,073,3302833,1494,605,0,605,7
2020-03-30,San Francisco,075,870044,709,368,0,368,5
2020-03-30,San Joaquin,077,732212,227,112,3,115,5
2020-03-30,San Luis Obispo,079,281455,122,62,0,62,0
2020-03-30,San Mateo,081,765935,714,257,2,259,11
2020-03-30,Santa Barbara,083,443738,261,79,0,79,0
2020-03-30,Santa Clara,085,1922200,1379,745,1,746,31
2020-03-30,Santa Cruz,087,273765,77,36,0,36,1
2020-03-30,Shasta,089,179085,20,4,0,4,1
2020-03-30,Sierra,091,2930,0,0,0,0,0
2020-03-30,Siskiyou,093,43540,4,2,0,2,0
2020-03-30,Solano,095,438530,110,50,0,50,0
2020-03-30,Sonoma,097,501317,145,57,0,57,1
2020-03-30,Stanislaus,099,539301,93,28,3,31,0
2020-03-30,Sutter,101,95872,20,6,0,6,0
2020-03-30,Tehama,103,63373,1,0,0,0,0
2020-03-30,Trinity,105,12862,0,0,0,0,0
2020-03-30,Tulare,107,460477,121,40,2,42,1
2020-03-30,Tuolumne,109,53932,2,1,0,1,0
2020-03-30,Ventura,111,848112,301,118,0,118,2
2020-03-30,Yolo,113,214977,56,17,0,17,1
2020-03-30,Yuba,115,75493,8,5,0,5,0
2020-03-29,Alameda,001,1643700,636,207,1,208,6
2020-03-29,Alpine,003,1148,1,0,0,0,0
2020-03-29,Amador,005,37829,4,1,0,1,0
2020-03-29,Butte,007,227075,14,4,0,4,0
2020-03-29,Calaveras,009,45235,3,2,0,2,0
2020-03-29,Colusa,011,21464,3,1,0,1,0
2020-03-29,Contra Costa,013,1133247,433,187,0,187,3
2020-03-29,Del Norte,015,27424,0,0,0,0,0
2020-03-29,El Dorado,017,186661,30,9,0,9,0
2020-03-29,Fresno,019,978130,199,31,3,34,0
2020-03-29,Glenn,021,27897,2,1,0,1,0
2020-03-29,Humboldt,023,135768,45,9,0,9,0
2020-03-29,Imperial,025,180216,82,9,0,9,0
2020-03-29,Inyo,027,18085,9,0,0,0,0
2020-03-29,Kern,029,883053,230,20,0,20,0
2020-03-29,Kings,031,150075,25,1,1,2,0
2020-03-29,Lake,033,64148,0,0,0,0,0
2020-03-29,Lassen,035,31185,1,0,1,1,0
2020-03-29,Los Angeles,037,10098052,5721,2119,14,2133,37
2020-03-29,Madera,039,155013,43,11,0,11,1
2020-03-29,Marin,041,260295,120,60,0,60,0
2020-03-29,Mariposa,043,17540,0,0,0,0,0
2020-03-29,Mendocino,045,87422,5,2,0,2,0
2020-03-29,Merced,047,269075,28,4,0,4,0
2020-03-29,Modoc,049,8938,0,0,0,0,0
2020-03-29,Mono,051,14174,26,8,0,8,0
2020-03-29,Monterey,053,433212,69,36,1,37,1
2020-03-29,Napa,055,140530,32,5,0,5,0
2020-03-29,Nevada,057,99092,32,13,1,14,0
2020-03-29,Orange,059,3164182,1258,343,9,352,2
2020-03-29,Placer,061,380077,113,35,0,35,2
2020-03-29,Plumas,063,18699,1,0,0,0,0
2020-03-29,Riverside,065,2383286,1047,122,7,129,7
2020-03-29,Sacramento,067,1510023,542,217,0,217,7
2020-03-29,San Benito,069,59416,29,10,0,10,1
2020-03-29,San Bernardino,071,2135413,649,94,0,94,2
2020-03-29,San Diego,073,3302833,1422,521,0,521,7
2020-03-29,San Francisco,075,870044,665,333,0,333,5
2020-03-29,San Joaquin,077,732212,218,86,3,89,4
2020-03-29,San Luis Obispo,079,281455,116,55,0,55,0
2020-03-29,San Mateo,081,765935,689,234,2,236,12
2020-03-29,Santa Barbara,083,443738,250,52,0,52,0
2020-03-29,Santa Clara,085,1922200,1323,591,1,592,30
2020-03-29,Santa Cruz,087,273765,77,33,0,33,1
2020-03-29,Shasta,089,179085,19,4,0,4,1
2020-03-29,Sierra,091,2930,0,0,0,0,0
2020-03-29,Siskiyou,093,43540,4,2,0,2,0
2020-03-29,Solano,095,438530,102,48,0,48,0
2020-03-29,Sonoma,097,501317,143,35,0,35,1
2020-03-29,Stanislaus,099,539301,88,19,3,22,0
2020-03-29,Sutter,101,95872,17,6,0,6,0
2020-03-29,Tehama,103,63373,1,0,0,0,0
2020-03-29,Trinity,105,12862,0,0,0,0,0
2020-03-29,Tulare,107,460477,101,24,2,26,1
2020-03-29,Tuolumne,109,53932,1,1,0,1,0
2020-03-29,Ventura,111,848112,274,92,0,92,2
2020-03-29,Yolo,113,214977,51,13,0,13,1
2020-03-29,Yuba,115,75493,8,3,0,3,0
2020-03-28,Alameda,001,1643700,609,410,1,411,12
2020-03-28,Alpine,003,1148,1,0,0,0,0
2020-03-28,Amador,005,37829,4,2,0,2,0
2020-03-28,Butte,007,227075,14,8,0,8,0
2020-03-28,Calaveras,009,45235,3,4,0,4,0
2020-03-28,Colusa,011,21464,3,2,0,2,0
2020-03-28,Contra Costa,013,1133247,410,350,0,350,4
2020-03-28,Del Norte,015,27424,0,0,0,0,0
2020-03-28,El Dorado,017,186661,29,18,0,18,0
2020-03-28,Fresno,019,978130,189,62,3,65,0
2020-03-28,Glenn,021,27897,2,2,0,2,0
2020-03-28,Humboldt,023,135768,45,18,0,18,0
2020-03-28,Imperial,025,180216,77,18,0,18,0
2020-03-28,Inyo,027,18085,9,0,0,0,0
2020-03-28,Kern,029,883053,213,40,0,40,0
2020-03-28,Kings,031,150075,24,2,1,3,0
2020-03-28,Lake,033,64148,0,0,0,0,0
2020-03-28,Lassen,035,31185,1,0,1,1,0
2020-03-28,Los Angeles,037,10098052,5335,3600,13,3613,64
2020-03-28,Madera,039,155013,43,22,0,22,2
2020-03-28,Marin,041,260295,115,116,0,116,0
2020-03-28,Mariposa,043,17540,0,0,0,0,0
2020-03-28,Mendocino,045,87422,5,4,0,4,0
2020-03-28,Merced,047,269075,27,8,0,8,0
2020-03-28,Modoc,049,8938,0,0,0,0,0
2020-03-28,Mono,051,14174,24,12,0,12,0
2020-03-28,Monterey,053,433212,68,64,1,65,2
2020-03-28,Napa,055,140530,27,10,0,10,0
2020-03-28,Nevada,057,99092,32,22,1,23,0
2020-03-28,Orange,059,3164182,1222,656,9,665,4
2020-03-28,Placer,061,380077,108,70,0,70,2
2020-03-28,Plumas,063,18699,1,0,0,0,0
2020-03-28,Riverside,065,2383286,979,242,7,249,14
2020-03-28,Sacramento,067,1510023,524,406,0,406,14
2020-03-28,San Benito,069,59416,29,20,0,20,2
2020-03-28,San Bernardino,071,2135413,601,162,0,162,4
2020-03-28,San Diego,073,3302833,1363,980,0,980,14
2020-03-28,San Francisco,075,870044,641,600,0,600,6
2020-03-28,San Joaquin,077,732212,210,166,3,169,8
2020-03-28,San Luis Obispo,079,281455,114,104,0,104,0
2020-03-28,San Mateo,081,765935,669,462,2,464,17
2020-03-28,Santa Barbara,083,443738,239,98,0,98,0
2020-03-28,Santa Clara,085,1922200,1304,1174,1,1175,54
2020-03-28,Santa Cruz,087,273765,76,62,0,62,0
2020-03-28,Shasta,089,179085,19,8,0,8,2
2020-03-28,Sierra,091,2930,0,0,0,0,0
2020-03-28,Siskiyou,093,43540,4,4,0,4,0
2020-03-28,Solano,095,438530,98,96,0,96,0
2020-03-28,Sonoma,097,501317,141,70,0,70,2
2020-03-28,Stanislaus,099,539301,83,34,3,37,0
2020-03-28,Sutter,101,95872,17,6,0,6,0
2020-03-28,Tehama,103,63373,1,0,0,0,0
2020-03-28,Trinity,105,12862,0,0,0,0,0
2020-03-28,Tulare,107,460477,95,46,2,48,0
2020-03-28,Tuolumne,109,53932,1,2,0,2,0
2020-03-28,Ventura,111,848112,270,178,0,178,4
2020-03-28,Yolo,113,214977,50,26,0,26,2
2020-03-28,Yuba,115,75493,8,6,0,6,0
2020-03-27,Alameda,001,1643700,591,185,1,186,4
2020-03-27,Alpine,003,1148,1,0,0,0,0
2020-03-27,Amador,005,37829,3,1,0,1,0
2020-03-27,Butte,007,227075,12,4,0,4,0
2020-03-27,Calaveras,009,45235,3,2,0,2,0
2020-03-27,Colusa,011,21464,3,0,0,0,0
2020-03-27,Contra Costa,013,1133247,389,161,0,161,2
2020-03-27,Del Norte,015,27424,0,0,0,0,0
2020-03-27,El Dorado,017,186661,27,9,0,9,0
2020-03-27,Fresno,019,978130,177,29,2,31,0
2020-03-27,Glenn,021,27897,2,0,0,0,0
2020-03-27,Humboldt,023,135768,41,9,0,9,0
2020-03-27,Imperial,025,180216,72,9,0,9,0
2020-03-27,Inyo,027,18085,9,0,0,0,0
2020-03-27,Kern,029,883053,200,20,0,20,0
2020-03-27,Kings,031,150075,23,0,1,1,0
2020-03-27,Lake,033,64148,0,0,0,0,0
2020-03-27,Lassen,035,31185,1,0,1,1,0
2020-03-27,Los Angeles,037,10098052,4923,1474,13,1487,26
2020-03-27,Madera,039,155013,41,10,0,10,1
2020-03-27,Marin,041,260295,110,58,0,58,0
2020-03-27,Mariposa,043,17540,0,0,0,0,0
2020-03-27,Mendocino,045,87422,5,2,0,2,0
2020-03-27,Merced,047,269075,26,3,0,3,0
2020-03-27,Modoc,049,8938,0,0,0,0,0
2020-03-27,Mono,051,14174,24,6,0,6,0
2020-03-27,Monterey,053,433212,65,26,1,27,1
2020-03-27,Napa,055,140530,27,5,0,5,0
2020-03-27,Nevada,057,99092,32,6,1,7,0
2020-03-27,Orange,059,3164182,1170,299,9,308,2
2020-03-27,Placer,061,380077,105,33,0,33,1
2020-03-27,Plumas,063,18699,0,0,0,0,0
2020-03-27,Riverside,065,2383286,923,121,7,128,7
2020-03-27,Sacramento,067,1510023,501,163,0,163,6
2020-03-27,San Benito,069,59416,28,9,0,9,1
2020-03-27,San Bernardino,071,2135413,511,77,0,77,2
2020-03-27,San Diego,073,3302833,1306,419,0,419,5
2020-03-27,San Francisco,075,870044,616,285,0,285,2
2020-03-27,San Joaquin,077,732212,199,73,3,76,3
2020-03-27,San Luis Obispo,079,281455,112,46,0,46,0
2020-03-27,San Mateo,081,765935,643,213,2,215,7
2020-03-27,Santa Barbara,083,443738,223,37,0,37,0
2020-03-27,Santa Clara,085,1922200,1266,557,1,558,25
2020-03-27,Santa Cruz,087,273765,75,31,0,31,0
2020-03-27,Shasta,089,179085,16,3,0,3,1
2020-03-27,Sierra,091,2930,0,0,0,0,0
2020-03-27,Siskiyou,093,43540,4,2,0,2,0
2020-03-27,Solano,095,438530,92,48,0,48,0
2020-03-27,Sonoma,097,501317,133,35,0,35,1
2020-03-27,Stanislaus,099,539301,81,16,3,19,0
2020-03-27,Sutter,101,95872,16,2,0,2,0
2020-03-27,Tehama,103,63373,1,0,0,0,0
2020-03-27,Trinity,105,12862,0,0,0,0,0
2020-03-27,Tulare,107,460477,87,15,2,17,0
2020-03-27,Tuolumne,109,53932,1,1,0,1,0
2020-03-27,Ventura,111,848112,261,80,0,80,2
2020-03-27,Yolo,113,214977,49,13,0,13,1
2020-03-27,Yuba,115,75493,7,3,0,3,0
2020-03-26,Alameda,001,1643700,551,172,1,173,4
2020-03-26,Alpine,003,1148,1,0,0,0,0
2020-03-26,Amador,005,37829,3,1,0,1,0
2020-03-26,Butte,007,227075,12,4,0,4,0
2020-03-26,Calaveras,009,45235,3,2,0,2,0
2020-03-26,Colusa,011,21464,3,0,0,0,0
2020-03-26,Contra Costa,013,1133247,379,147,0,147,2
2020-03-26,Del Norte,015,27424,0,0,0,0,0
2020-03-26,El Dorado,017,186661,25,7,0,7,0
2020-03-26,Fresno,019,978130,168,25,2,27,0
2020-03-26,Glenn,021,27897,2,0,0,0,0
2020-03-26,Humboldt,023,135768,37,8,0,8,0
2020-03-26,Imperial,025,180216,68,8,0,8,0
2020-03-26,Inyo,027,18085,8,0,0,0,0
2020-03-26,Kern,029,883053,184,20,0,20,0
2020-03-26,Kings,031,150075,23,0,1,1,0
2020-03-26,Lake,033,64148,0,0,0,0,0
2020-03-26,Lassen,035,31185,1,0,1,1,0
2020-03-26,Los Angeles,037,10098052,4520,1075,13,1088,19
2020-03-26,Madera,039,155013,39,8,0,8,0
2020-03-26,Marin,041,260295,101,56,0,56,0
2020-03-26,Mariposa,043,17540,0,0,0,0,0
2020-03-26,Mendocino,045,87422,4,1,0,1,0
2020-03-26,Merced,047,269075,23,1,0,1,0
2020-03-26,Modoc,049,8938,0,0,0,0,0
2020-03-26,Mono,051,14174,23,5,0,5,0
2020-03-26,Monterey,053,433212,62,25,1,26,1
2020-03-26,Napa,055,140530,26,5,0,5,0
2020-03-26,Nevada,057,99092,32,7,1,8,0
2020-03-26,Orange,059,3164182,1106,279,9,288,1
2020-03-26,Placer,061,380077,102,34,0,34,1
2020-03-26,Plumas,063,18699,0,0,0,0,0
2020-03-26,Riverside,065,2383286,852,118,7,125,7
2020-03-26,Sacramento,067,1510023,468,147,0,147,5
2020-03-26,San Benito,069,59416,28,8,0,8,1
2020-03-26,San Bernardino,071,2135413,445,57,0,57,1
2020-03-26,San Diego,073,3302833,1239,299,0,299,2
2020-03-26,San Francisco,075,870044,589,261,0,261,1
2020-03-26,San Joaquin,077,732212,188,69,3,72,3
2020-03-26,San Luis Obispo,079,281455,107,38,0,38,0
2020-03-26,San Mateo,081,765935,609,122,2,124,5
2020-03-26,Santa Barbara,083,443738,207,33,0,33,0
2020-03-26,Santa Clara,085,1922200,1222,487,1,488,20
2020-03-26,Santa Cruz,087,273765,71,30,0,30,0
2020-03-26,Shasta,089,179085,16,3,0,3,1
2020-03-26,Sierra,091,2930,0,0,0,0,0
2020-03-26,Siskiyou,093,43540,4,2,0,2,0
2020-03-26,Solano,095,438530,84,41,0,41,0
2020-03-26,Sonoma,097,501317,128,33,0,33,1
2020-03-26,Stanislaus,099,539301,79,15,3,18,0
2020-03-26,Sutter,101,95872,12,2,0,2,0
2020-03-26,Tehama,103,63373,1,0,0,0,0
2020-03-26,Trinity,105,12862,0,0,0,0,0
2020-03-26,Tulare,107,460477,80,15,2,17,0
2020-03-26,Tuolumne,109,53932,1,0,0,0,0
2020-03-26,Ventura,111,848112,245,70,0,70,1
2020-03-26,Yolo,113,214977,45,13,0,13,1
2020-03-26,Yuba,115,75493,7,3,0,3,0
2020-03-25,Alameda,001,1643700,530,134,1,135,3
2020-03-25,Alpine,003,1148,1,0,0,0,0
2020-03-25,Amador,005,37829,3,1,0,1,0
2020-03-25,Butte,007,227075,12,4,0,4,0
2020-03-25,Calaveras,009,45235,3,2,0,2,0
2020-03-25,Colusa,011,21464,2,0,0,0,0
2020-03-25,Contra Costa,013,1133247,365,131,0,131,1
2020-03-25,Del Norte,015,27424,0,0,0,0,0
2020-03-25,El Dorado,017,186661,25,5,0,5,0
2020-03-25,Fresno,019,978130,152,21,2,23,0
2020-03-25,Glenn,021,27897,2,0,0,0,0
2020-03-25,Humboldt,023,135768,34,3,0,3,0
2020-03-25,Imperial,025,180216,60,8,0,8,0
2020-03-25,Inyo,027,18085,5,0,0,0,0
2020-03-25,Kern,029,883053,164,13,0,13,0
2020-03-25,Kings,031,150075,21,0,1,1,0
2020-03-25,Lake,033,64148,0,0,0,0,0
2020-03-25,Lassen,035,31185,1,0,1,1,0
2020-03-25,Los Angeles,037,10098052,4125,725,13,738,10
2020-03-25,Madera,039,155013,37,6,0,6,0
2020-03-25,Marin,041,260295,95,47,0,47,0
2020-03-25,Mariposa,043,17540,0,0,0,0,0
2020-03-25,Mendocino,045,87422,3,1,0,1,0
2020-03-25,Merced,047,269075,19,0,0,0,0
2020-03-25,Modoc,049,8938,0,0,0,0,0
2020-03-25,Mono,051,14174,22,4,0,4,0
2020-03-25,Monterey,053,433212,59,23,1,24,1
2020-03-25,Napa,055,140530,26,5,0,5,0
2020-03-25,Nevada,057,99092,31,5,1,6,0
2020-03-25,Orange,059,3164182,1044,214,9,223,1
2020-03-25,Placer,061,380077,96,30,0,30,1
2020-03-25,Plumas,063,18699,0,1,0,1,0
2020-03-25,Riverside,065,2383286,781,87,7,94,5
2020-03-25,Sacramento,067,1510023,442,114,0,114,5
2020-03-25,San Benito,069,59416,27,4,0,4,1
2020-03-25,San Bernardino,071,2135413,406,46,0,46,1
2020-03-25,San Diego,073,3302833,1177,238,0,238,2
2020-03-25,San Francisco,075,870044,548,212,0,212,1
2020-03-25,San Joaquin,077,732212,175,64,3,67,2
2020-03-25,San Luis Obispo,079,281455,102,35,0,35,0
2020-03-25,San Mateo,081,765935,574,111,2,113,5
2020-03-25,Santa Barbara,083,443738,196,25,0,25,0
2020-03-25,Santa Clara,085,1922200,1178,452,1,453,20
2020-03-25,Santa Cruz,087,273765,68,26,0,26,0
2020-03-25,Shasta,089,179085,15,3,0,3,1
2020-03-25,Sierra,091,2930,0,0,0,0,0
2020-03-25,Siskiyou,093,43540,4,2,0,2,0
2020-03-25,Solano,095,438530,79,39,0,39,0
2020-03-25,Sonoma,097,501317,123,31,0,31,1
2020-03-25,Stanislaus,099,539301,72,14,3,17,0
2020-03-25,Sutter,101,95872,9,1,0,1,0
2020-03-25,Tehama,103,63373,1,0,0,0,0
2020-03-25,Trinity,105,12862,0,0,0,0,0
2020-03-25,Tulare,107,460477,70,11,2,13,0
2020-03-25,Tuolumne,109,53932,1,0,0,0,0
2020-03-25,Ventura,111,848112,229,53,0,53,1
2020-03-25,Yolo,113,214977,43,9,0,9,1
2020-03-25,Yuba,115,75493,7,2,0,2,0
2020-03-24,Alameda,001,1643700,498,96,1,97,2
2020-03-24,Alpine,003,1148,1,0,0,0,0
2020-03-24,Amador,005,37829,1,1,0,1,0
2020-03-24,Butte,007,227075,11,3,0,3,0
2020-03-24,Calaveras,009,45235,2,2,0,2,0
2020-03-24,Colusa,011,21464,2,0,0,0,0
2020-03-24,Contra Costa,013,1133247,351,108,0,108,1
2020-03-24,Del Norte,015,27424,0,0,0,0,0
2020-03-24,El Dorado,017,186661,25,3,0,3,0
2020-03-24,Fresno,019,978130,133,18,2,20,0
2020-03-24,Glenn,021,27897,2,0,0,0,0
2020-03-24,Humboldt,023,135768,32,2,0,2,0
2020-03-24,Imperial,025,180216,57,3,0,3,0
2020-03-24,Inyo,027,18085,5,0,0,0,0
2020-03-24,Kern,029,883053,144,5,0,5,0
2020-03-24,Kings,031,150075,20,0,1,1,0
2020-03-24,Lake,033,64148,0,0,0,0,0
2020-03-24,Lassen,035,31185,1,0,1,1,0
2020-03-24,Los Angeles,037,10098052,3673,633,13,646,7
2020-03-24,Madera,039,155013,36,6,0,6,0
2020-03-24,Marin,041,260295,84,44,0,44,0
2020-03-24,Mariposa,043,17540,0,0,0,0,0
2020-03-24,Mendocino,045,87422,3,1,0,1,0
2020-03-24,Merced,047,269075,17,0,0,0,0
2020-03-24,Modoc,049,8938,0,0,0,0,0
2020-03-24,Mono,051,14174,21,1,0,1,0
2020-03-24,Monterey,053,433212,55,23,1,24,1
2020-03-24,Napa,055,140530,23,2,0,2,0
2020-03-24,Nevada,057,99092,30,4,1,5,0
2020-03-24,Orange,059,3164182,979,166,9,175,0
2020-03-24,Placer,061,380077,89,22,0,22,1
2020-03-24,Plumas,063,18699,0,1,0,1,0
2020-03-24,Riverside,065,2383286,714,56,7,63,5
2020-03-24,Sacramento,067,1510023,423,93,0,93,4
2020-03-24,San Benito,069,59416,26,4,0,4,1
2020-03-24,San Bernardino,071,2135413,362,27,0,27,0
2020-03-24,San Diego,073,3302833,1110,231,0,231,2
2020-03-24,San Francisco,075,870044,516,181,0,181,1
2020-03-24,San Joaquin,077,732212,164,52,3,55,2
2020-03-24,San Luis Obispo,079,281455,99,32,0,32,0
2020-03-24,San Mateo,081,765935,533,100,2,102,2
2020-03-24,Santa Barbara,083,443738,190,20,0,20,0
2020-03-24,Santa Clara,085,1922200,1109,389,1,390,17
2020-03-24,Santa Cruz,087,273765,63,22,0,22,0
2020-03-24,Shasta,089,179085,14,3,0,3,0
2020-03-24,Sierra,091,2930,0,0,0,0,0
2020-03-24,Siskiyou,093,43540,4,2,0,2,0
2020-03-24,Solano,095,438530,77,34,0,34,0
2020-03-24,Sonoma,097,501317,116,27,0,27,1
2020-03-24,Stanislaus,099,539301,63,13,3,16,0
2020-03-24,Sutter,101,95872,9,0,0,0,0
2020-03-24,Tehama,103,63373,1,0,0,0,0
2020-03-24,Trinity,105,12862,0,0,0,0,0
2020-03-24,Tulare,107,460477,62,10,2,12,0
2020-03-24,Tuolumne,109,53932,1,0,0,0,0
2020-03-24,Ventura,111,848112,213,44,0,44,1
2020-03-24,Yolo,113,214977,39,8,0,8,0
2020-03-24,Yuba,115,75493,7,2,0,2,0
2020-03-23,Alameda,001,1643700,467,88,1,89,1
2020-03-23,Alpine,003,1148,1,0,0,0,0
2020-03-23,Amador,005,37829,1,1,0,1,0
2020-03-23,Butte,007,227075,11,2,0,2,0
2020-03-23,Calaveras,009,45235,2,2,0,2,0
2020-03-23,Colusa,011,21464,1,0,0,0,0
2020-03-23,Contra Costa,013,1133247,331,91,0,91,2
2020-03-23,Del Norte,015,27424,0,0,0,0,0
2020-03-23,El Dorado,017,186661,24,3,0,3,0
2020-03-23,Fresno,019,978130,123,10,2,12,0
2020-03-23,Glenn,021,27897,2,0,0,0,0
2020-03-23,Humboldt,023,135768,30,2,0,2,0
2020-03-23,Imperial,025,180216,53,2,0,2,0
2020-03-23,Inyo,027,18085,3,0,0,0,0
2020-03-23,Kern,029,883053,130,5,0,5,0
2020-03-23,Kings,031,150075,20,0,1,1,0
2020-03-23,Lake,033,64148,0,0,0,0,0
2020-03-23,Lassen,035,31185,1,0,1,1,0
2020-03-23,Los Angeles,037,10098052,3369,389,13,402,4
2020-03-23,Madera,039,155013,36,4,0,4,0
2020-03-23,Marin,041,260295,79,30,0,30,0
2020-03-23,Mariposa,043,17540,0,0,0,0,0
2020-03-23,Mendocino,045,87422,3,1,0,1,0
2020-03-23,Merced,047,269075,11,0,0,0,0
2020-03-23,Modoc,049,8938,0,0,0,0,0
2020-03-23,Mono,051,14174,19,1,0,1,0
2020-03-23,Monterey,053,433212,50,14,1,15,1
2020-03-23,Napa,055,140530,21,1,0,1,0
2020-03-23,Nevada,057,99092,27,2,1,3,0
2020-03-23,Orange,059,3164182,923,138,9,147,0
2020-03-23,Placer,061,380077,86,19,0,19,1
2020-03-23,Plumas,063,18699,0,0,0,0,0
2020-03-23,Riverside,065,2383286,671,39,7,46,5
2020-03-23,Sacramento,067,1510023,390,87,0,87,4
2020-03-23,San Benito,069,59416,25,4,0,4,1
2020-03-23,San Bernardino,071,2135413,332,17,0,17,0
2020-03-23,San Diego,073,3302833,1051,178,0,178,1
2020-03-23,San Francisco,075,870044,487,152,0,152,0
2020-03-23,San Joaquin,077,732212,153,37,3,40,2
2020-03-23,San Luis Obispo,079,281455,93,23,0,23,0
2020-03-23,San Mateo,081,765935,495,88,2,90,1
2020-03-23,Santa Barbara,083,443738,169,18,0,18,0
2020-03-23,Santa Clara,085,1922200,1061,336,1,337,13
2020-03-23,Santa Cruz,087,273765,61,21,0,21,0
2020-03-23,Shasta,089,179085,12,2,0,2,0
2020-03-23,Sierra,091,2930,0,0,0,0,0
2020-03-23,Siskiyou,093,43540,4,2,0,2,0
2020-03-23,Solano,095,438530,73,33,0,33,0
2020-03-23,Sonoma,097,501317,104,19,0,19,1
2020-03-23,Stanislaus,099,539301,55,10,3,13,0
2020-03-23,Sutter,101,95872,9,0,0,0,0
2020-03-23,Tehama,103,63373,1,0,0,0,0
2020-03-23,Trinity,105,12862,0,0,0,0,0
2020-03-23,Tulare,107,460477,56,9,2,11,0
2020-03-23,Tuolumne,109,53932,1,0,0,0,0
2020-03-23,Ventura,111,848112,196,30,0,30,0
2020-03-23,Yolo,113,214977,38,8,0,8,0
2020-03-23,Yuba,115,75493,7,2,0,2,0
2020-03-22,Alameda,001,1643700,428,72,1,73,1
2020-03-22,Alpine,003,1148,1,0,0,0,0
2020-03-22,Amador,005,37829,1,1,0,1,0
2020-03-22,Butte,007,227075,8,1,0,1,0
2020-03-22,Calaveras,009,45235,2,2,0,2,0
2020-03-22,Colusa,011,21464,1,0,0,0,0
2020-03-22,Contra Costa,013,1133247,304,79,0,79,1
2020-03-22,Del Norte,015,27424,0,0,0,0,0
2020-03-22,El Dorado,017,186661,22,1,0,1,0
2020-03-22,Fresno,019,978130,103,8,2,10,0
2020-03-22,Glenn,021,27897,2,0,0,0,0
2020-03-22,Humboldt,023,135768,27,1,0,1,0
2020-03-22,Imperial,025,180216,51,2,0,2,0
2020-03-22,Inyo,027,18085,1,0,0,0,0
2020-03-22,Kern,029,883053,114,3,0,3,0
2020-03-22,Kings,031,150075,18,0,1,1,0
2020-03-22,Lake,033,64148,0,0,0,0,0
2020-03-22,Lassen,035,31185,1,0,1,1,0
2020-03-22,Los Angeles,037,10098052,3048,384,13,397,3
2020-03-22,Madera,039,155013,33,4,0,4,0
2020-03-22,Marin,041,260295,69,30,0,30,0
2020-03-22,Mariposa,043,17540,0,0,0,0,0
2020-03-22,Mendocino,045,87422,3,1,0,1,0
2020-03-22,Merced,047,269075,7,0,0,0,0
2020-03-22,Modoc,049,8938,0,0,0,0,0
2020-03-22,Mono,051,14174,14,1,0,1,0
2020-03-22,Monterey,053,433212,47,14,1,15,1
2020-03-22,Napa,055,140530,17,1,0,1,0
2020-03-22,Nevada,057,99092,23,2,1,3,0
2020-03-22,Orange,059,3164182,840,102,8,110,0
2020-03-22,Placer,061,380077,83,18,0,18,1
2020-03-22,Plumas,063,18699,0,0,0,0,0
2020-03-22,Riverside,065,2383286,586,26,4,30,5
2020-03-22,Sacramento,067,1510023,358,82,0,82,4
2020-03-22,San Benito,069,59416,20,4,0,4,1
2020-03-22,San Bernardino,071,2135413,289,16,0,16,0
2020-03-22,San Diego,073,3302833,963,161,0,161,0
2020-03-22,San Francisco,075,870044,450,134,0,134,0
2020-03-22,San Joaquin,077,732212,139,30,3,33,2
2020-03-22,San Luis Obispo,079,281455,88,19,0,19,0
2020-03-22,San Mateo,081,765935,462,82,2,84,1
2020-03-22,Santa Barbara,083,443738,151,16,0,16,0
2020-03-22,Santa Clara,085,1922200,999,284,1,285,13
2020-03-22,Santa Cruz,087,273765,60,19,0,19,0
2020-03-22,Shasta,089,179085,12,1,0,1,0
2020-03-22,Sierra,091,2930,0,0,0,0,0
2020-03-22,Siskiyou,093,43540,4,2,0,2,0
2020-03-22,Solano,095,438530,64,30,0,30,0
2020-03-22,Sonoma,097,501317,99,18,0,18,1
2020-03-22,Stanislaus,099,539301,49,8,3,11,0
2020-03-22,Sutter,101,95872,8,0,0,0,0
2020-03-22,Tehama,103,63373,0,0,0,0,0
2020-03-22,Trinity,105,12862,0,0,0,0,0
2020-03-22,Tulare,107,460477,52,5,2,7,0
2020-03-22,Tuolumne,109,53932,1,0,0,0,0
2020-03-22,Ventura,111,848112,174,26,0,26,0
2020-03-22,Yolo,113,214977,32,6,0,6,0
2020-03-22,Yuba,115,75493,7,2,0,2,0
2020-03-21,Alameda,001,1643700,404,62,1,63,0
2020-03-21,Alpine,003,1148,1,0,0,0,0
2020-03-21,Amador,005,37829,1,1,0,1,0
2020-03-21,Butte,007,227075,7,1,0,1,0
2020-03-21,Calaveras,009,45235,2,2,0,2,0
2020-03-21,Colusa,011,21464,1,0,0,0,0
2020-03-21,Contra Costa,013,1133247,293,62,0,62,1
2020-03-21,Del Norte,015,27424,0,0,0,0,0
2020-03-21,El Dorado,017,186661,19,1,0,1,0
2020-03-21,Fresno,019,978130,99,8,2,10,0
2020-03-21,Glenn,021,27897,2,0,0,0,0
2020-03-21,Humboldt,023,135768,25,1,0,1,0
2020-03-21,Imperial,025,180216,47,2,0,2,0
2020-03-21,Inyo,027,18085,1,0,0,0,0
2020-03-21,Kern,029,883053,108,3,0,3,0
2020-03-21,Kings,031,150075,18,0,1,1,0
2020-03-21,Lake,033,64148,0,0,0,0,0
2020-03-21,Lassen,035,31185,1,0,1,1,0
2020-03-21,Los Angeles,037,10098052,2775,322,13,335,2
2020-03-21,Madera,039,155013,33,4,0,4,0
2020-03-21,Marin,041,260295,64,30,0,30,0
2020-03-21,Mariposa,043,17540,0,0,0,0,0
2020-03-21,Mendocino,045,87422,3,1,0,1,0
2020-03-21,Merced,047,269075,6,0,0,0,0
2020-03-21,Modoc,049,8938,0,0,0,0,0
2020-03-21,Mono,051,14174,14,1,0,1,0
2020-03-21,Monterey,053,433212,44,8,1,9,1
2020-03-21,Napa,055,140530,17,0,0,0,0
2020-03-21,Nevada,057,99092,23,2,1,3,0
2020-03-21,Orange,059,3164182,791,85,8,93,0
2020-03-21,Placer,061,380077,74,11,0,11,1
2020-03-21,Plumas,063,18699,0,0,0,0,0
2020-03-21,Riverside,065,2383286,541,20,4,24,3
2020-03-21,Sacramento,067,1510023,331,66,0,66,3
2020-03-21,San Benito,069,59416,18,4,0,4,1
2020-03-21,San Bernardino,071,2135413,269,13,0,13,0
2020-03-21,San Diego,073,3302833,886,121,0,121,0
2020-03-21,San Francisco,075,870044,414,106,0,106,0
2020-03-21,San Joaquin,077,732212,130,26,3,29,2
2020-03-21,San Luis Obispo,079,281455,84,16,0,16,0
2020-03-21,San Mateo,081,765935,424,78,2,80,1
2020-03-21,Santa Barbara,083,443738,136,8,0,8,0
2020-03-21,Santa Clara,085,1922200,939,269,1,270,10
2020-03-21,Santa Cruz,087,273765,58,17,0,17,0
2020-03-21,Shasta,089,179085,11,1,0,1,0
2020-03-21,Sierra,091,2930,0,0,0,0,0
2020-03-21,Siskiyou,093,43540,4,0,0,0,0
2020-03-21,Solano,095,438530,62,30,0,30,0
2020-03-21,Sonoma,097,501317,98,15,0,15,1
2020-03-21,Stanislaus,099,539301,43,7,3,10,0
2020-03-21,Sutter,101,95872,7,0,0,0,0
2020-03-21,Tehama,103,63373,0,0,0,0,0
2020-03-21,Trinity,105,12862,0,0,0,0,0
2020-03-21,Tulare,107,460477,47,5,2,7,0
2020-03-21,Tuolumne,109,53932,1,0,0,0,0
2020-03-21,Ventura,111,848112,166,22,0,22,0
2020-03-21,Yolo,113,214977,32,6,0,6,0
2020-03-21,Yuba,115,75493,7,1,0,1,0
2020-03-20,Alameda,001,1643700,383,42,1,43,0
2020-03-20,Alpine,003,1148,1,0,0,0,0
2020-03-20,Amador,005,37829,0,0,0,0,0
2020-03-20,Butte,007,227075,7,0,0,0,0
2020-03-20,Calaveras,009,45235,2,2,0,2,0
2020-03-20,Colusa,011,21464,1,0,0,0,0
2020-03-20,Contra Costa,013,1133247,264,52,0,52,1
2020-03-20,Del Norte,015,27424,0,0,0,0,0
2020-03-20,El Dorado,017,186661,18,1,0,1,0
2020-03-20,Fresno,019,978130,96,7,2,9,0
2020-03-20,Glenn,021,27897,1,0,0,0,0
2020-03-20,Humboldt,023,135768,25,1,0,1,0
2020-03-20,Imperial,025,180216,46,2,0,2,0
2020-03-20,Inyo,027,18085,0,0,0,0,0
2020-03-20,Kern,029,883053,93,3,0,3,0
2020-03-20,Kings,031,150075,17,0,1,1,0
2020-03-20,Lake,033,64148,0,0,0,0,0
2020-03-20,Lassen,035,31185,1,0,1,1,0
2020-03-20,Los Angeles,037,10098052,2550,267,12,279,1
2020-03-20,Madera,039,155013,32,4,0,4,0
2020-03-20,Marin,041,260295,61,30,0,30,0
2020-03-20,Mariposa,043,17540,0,0,0,0,0
2020-03-20,Mendocino,045,87422,3,1,0,1,0
2020-03-20,Merced,047,269075,6,0,0,0,0
2020-03-20,Modoc,049,8938,0,0,0,0,0
2020-03-20,Mono,051,14174,14,0,0,0,0
2020-03-20,Monterey,053,433212,43,4,1,5,0
2020-03-20,Napa,055,140530,16,0,0,0,0
2020-03-20,Nevada,057,99092,20,2,1,3,0
2020-03-20,Orange,059,3164182,743,71,8,79,2
2020-03-20,Placer,061,380077,68,9,0,9,1
2020-03-20,Plumas,063,18699,0,0,0,0,0
2020-03-20,Riverside,065,2383286,485,19,4,23,3
2020-03-20,Sacramento,067,1510023,310,56,0,56,4
2020-03-20,San Benito,069,59416,18,4,0,4,1
2020-03-20,San Bernardino,071,2135413,242,9,0,9,0
2020-03-20,San Diego,073,3302833,834,98,0,98,0
2020-03-20,San Francisco,075,870044,382,87,0,87,0
2020-03-20,San Joaquin,077,732212,115,18,3,21,2
2020-03-20,San Luis Obispo,079,281455,81,11,0,11,0
2020-03-20,San Mateo,081,765935,394,71,2,73,1
2020-03-20,Santa Barbara,083,443738,119,7,0,7,0
2020-03-20,Santa Clara,085,1922200,902,246,1,247,8
2020-03-20,Santa Cruz,087,273765,56,13,0,13,0
2020-03-20,Shasta,089,179085,10,1,0,1,0
2020-03-20,Sierra,091,2930,0,0,0,0,0
2020-03-20,Siskiyou,093,43540,4,0,0,0,0
2020-03-20,Solano,095,438530,58,29,0,29,0
2020-03-20,Sonoma,097,501317,90,7,0,7,0
2020-03-20,Stanislaus,099,539301,37,7,3,10,0
2020-03-20,Sutter,101,95872,7,0,0,0,0
2020-03-20,Tehama,103,63373,0,0,0,0,0
2020-03-20,Trinity,105,12862,0,0,0,0,0
2020-03-20,Tulare,107,460477,43,4,2,6,0
2020-03-20,Tuolumne,109,53932,1,0,0,0,0
2020-03-20,Ventura,111,848112,156,18,0,18,0
2020-03-20,Yolo,113,214977,30,5,0,5,0
2020-03-20,Yuba,115,75493,6,0,0,0,0
2020-03-19,Alameda,001,1643700,347,36,1,37,0
2020-03-19,Alpine,003,1148,1,0,0,0,0
2020-03-19,Amador,005,37829,0,0,0,0,0
2020-03-19,Butte,007,227075,5,0,0,0,0
2020-03-19,Calaveras,009,45235,2,2,0,2,0
2020-03-19,Colusa,011,21464,0,0,0,0,0
2020-03-19,Contra Costa,013,1133247,248,46,0,46,0
2020-03-19,Del Norte,015,27424,0,0,0,0,0
2020-03-19,El Dorado,017,186661,17,0,0,0,0
2020-03-19,Fresno,019,978130,87,6,2,8,0
2020-03-19,Glenn,021,27897,1,0,0,0,0
2020-03-19,Humboldt,023,135768,23,1,0,1,0
2020-03-19,Imperial,025,180216,39,2,0,2,0
2020-03-19,Inyo,027,18085,0,0,0,0,0
2020-03-19,Kern,029,883053,81,3,0,3,0
2020-03-19,Kings,031,150075,14,0,1,1,0
2020-03-19,Lake,033,64148,0,0,0,0,0
2020-03-19,Lassen,035,31185,0,0,1,1,0
2020-03-19,Los Angeles,037,10098052,2263,233,12,245,0
2020-03-19,Madera,039,155013,31,3,0,3,0
2020-03-19,Marin,041,260295,58,19,0,19,0
2020-03-19,Mariposa,043,17540,0,0,0,0,0
2020-03-19,Mendocino,045,87422,2,1,0,1,0
2020-03-19,Merced,047,269075,5,0,0,0,0
2020-03-19,Modoc,049,8938,0,0,0,0,0
2020-03-19,Mono,051,14174,12,0,0,0,0
2020-03-19,Monterey,053,433212,35,3,1,4,0
2020-03-19,Napa,055,140530,14,0,0,0,0
2020-03-19,Nevada,057,99092,18,2,1,3,0
2020-03-19,Orange,059,3164182,660,59,7,66,0
2020-03-19,Placer,061,380077,60,8,0,8,1
2020-03-19,Plumas,063,18699,0,0,0,0,0
2020-03-19,Riverside,065,2383286,380,14,3,17,3
2020-03-19,Sacramento,067,1510023,277,52,0,52,3
2020-03-19,San Benito,069,59416,15,3,0,3,0
2020-03-19,San Bernardino,071,2135413,212,7,0,7,0
2020-03-19,San Diego,073,3302833,751,68,0,68,0
2020-03-19,San Francisco,075,870044,346,80,0,80,0
2020-03-19,San Joaquin,077,732212,102,15,3,18,2
2020-03-19,San Luis Obispo,079,281455,78,6,0,6,0
2020-03-19,San Mateo,081,765935,359,58,2,60,1
2020-03-19,Santa Barbara,083,443738,103,5,0,5,0
2020-03-19,Santa Clara,085,1922200,836,183,1,184,8
2020-03-19,Santa Cruz,087,273765,53,13,0,13,0
2020-03-19,Shasta,089,179085,9,1,0,1,0
2020-03-19,Sierra,091,2930,0,0,0,0,0
2020-03-19,Siskiyou,093,43540,3,0,0,0,0
2020-03-19,Solano,095,438530,54,26,0,26,0
2020-03-19,Sonoma,097,501317,87,8,0,8,0
2020-03-19,Stanislaus,099,539301,36,7,3,10,0
2020-03-19,Sutter,101,95872,7,0,0,0,0
2020-03-19,Tehama,103,63373,0,0,0,0,0
2020-03-19,Trinity,105,12862,0,0,0,0,0
2020-03-19,Tulare,107,460477,38,3,2,5,0
2020-03-19,Tuolumne,109,53932,1,0,0,0,0
2020-03-19,Ventura,111,848112,134,15,0,15,0
2020-03-19,Yolo,113,214977,26,5,0,5,0
2020-03-19,Yuba,115,75493,5,0,0,0,0
2020-03-18,Alameda,001,1643700,319,29,1,30,0
2020-03-18,Alpine,003,1148,1,0,0,0,0
2020-03-18,Amador,005,37829,0,0,0,0,0
2020-03-18,Butte,007,227075,4,0,0,0,0
2020-03-18,Calaveras,009,45235,2,2,0,2,0
2020-03-18,Colusa,011,21464,0,0,0,0,0
2020-03-18,Contra Costa,013,1133247,227,44,0,44,0
2020-03-18,Del Norte,015,27424,0,0,0,0,0
2020-03-18,El Dorado,017,186661,16,0,0,0,0
2020-03-18,Fresno,019,978130,77,3,1,4,0
2020-03-18,Glenn,021,27897,1,0,0,0,0
2020-03-18,Humboldt,023,135768,19,1,0,1,0
2020-03-18,Imperial,025,180216,33,2,0,2,0
2020-03-18,Inyo,027,18085,0,0,0,0,0
2020-03-18,Kern,029,883053,66,1,0,1,0
2020-03-18,Kings,031,150075,12,0,1,1,0
2020-03-18,Lake,033,64148,0,0,0,0,0
2020-03-18,Lassen,035,31185,0,0,1,1,0
2020-03-18,Los Angeles,037,10098052,2024,47,12,59,0
2020-03-18,Madera,039,155013,30,2,0,2,0
2020-03-18,Marin,041,260295,53,10,0,10,0
2020-03-18,Mariposa,043,17540,0,0,0,0,0
2020-03-18,Mendocino,045,87422,2,0,0,0,0
2020-03-18,Merced,047,269075,5,0,0,0,0
2020-03-18,Modoc,049,8938,0,0,0,0,0
2020-03-18,Mono,051,14174,11,0,0,0,0
2020-03-18,Monterey,053,433212,28,1,1,2,0
2020-03-18,Napa,055,140530,11,0,0,0,0
2020-03-18,Nevada,057,99092,16,2,1,3,0
2020-03-18,Orange,059,3164182,597,38,7,45,0
2020-03-18,Placer,061,380077,53,8,0,8,1
2020-03-18,Plumas,063,18699,0,0,0,0,0
2020-03-18,Riverside,065,2383286,321,11,3,14,2
2020-03-18,Sacramento,067,1510023,254,46,0,46,3
2020-03-18,San Benito,069,59416,14,3,0,3,0
2020-03-18,San Bernardino,071,2135413,190,3,0,3,0
2020-03-18,San Diego,073,3302833,666,40,0,40,0
2020-03-18,San Francisco,075,870044,327,65,0,65,0
2020-03-18,San Joaquin,077,732212,90,14,3,17,2
2020-03-18,San Luis Obispo,079,281455,71,5,0,5,0
2020-03-18,San Mateo,081,765935,337,57,2,59,1
2020-03-18,Santa Barbara,083,443738,89,2,0,2,0
2020-03-18,Santa Clara,085,1922200,787,151,1,152,6
2020-03-18,Santa Cruz,087,273765,51,11,0,11,0
2020-03-18,Shasta,089,179085,8,1,0,1,0
2020-03-18,Sierra,091,2930,0,0,0,0,0
2020-03-18,Siskiyou,093,43540,3,0,0,0,0
2020-03-18,Solano,095,438530,50,26,0,26,0
2020-03-18,Sonoma,097,501317,78,6,0,6,0
2020-03-18,Stanislaus,099,539301,32,5,2,7,0
2020-03-18,Sutter,101,95872,5,0,0,0,0
2020-03-18,Tehama,103,63373,0,0,0,0,0
2020-03-18,Trinity,105,12862,0,0,0,0,0
2020-03-18,Tulare,107,460477,29,3,2,5,0
2020-03-18,Tuolumne,109,53932,1,0,0,0,0
2020-03-18,Ventura,111,848112,115,11,0,11,0
2020-03-18,Yolo,113,214977,23,4,0,4,0
2020-03-18,Yuba,115,75493,4,0,0,0,0
2020-03-17,Alameda,001,1643700,287,19,0,19,0
2020-03-17,Alpine,003,1148,0,0,0,0,0
2020-03-17,Amador,005,37829,0,0,0,0,0
2020-03-17,Butte,007,227075,4,0,0,0,0
2020-03-17,Calaveras,009,45235,2,2,0,2,0
2020-03-17,Colusa,011,21464,0,0,0,0,0
2020-03-17,Contra Costa,013,1133247,205,37,0,37,0
2020-03-17,Del Norte,015,27424,0,0,0,0,0
2020-03-17,El Dorado,017,186661,15,0,0,0,0
2020-03-17,Fresno,019,978130,67,2,1,3,0
2020-03-17,Glenn,021,27897,1,0,0,0,0
2020-03-17,Humboldt,023,135768,17,1,0,1,0
2020-03-17,Imperial,025,180216,27,2,0,2,0
2020-03-17,Inyo,027,18085,0,0,0,0,0
2020-03-17,Kern,029,883053,52,0,0,0,0
2020-03-17,Kings,031,150075,11,0,1,1,0
2020-03-17,Lake,033,64148,0,0,0,0,0
2020-03-17,Lassen,035,31185,0,0,1,1,0
2020-03-17,Los Angeles,037,10098052,1823,41,12,53,0
2020-03-17,Madera,039,155013,23,2,0,2,0
2020-03-17,Marin,041,260295,46,4,0,4,0
2020-03-17,Mariposa,043,17540,0,0,0,0,0
2020-03-17,Mendocino,045,87422,2,0,0,0,0
2020-03-17,Merced,047,269075,5,0,0,0,0
2020-03-17,Modoc,049,8938,0,0,0,0,0
2020-03-17,Mono,051,14174,9,0,0,0,0
2020-03-17,Monterey,053,433212,26,0,1,1,0
2020-03-17,Napa,055,140530,8,0,0,0,0
2020-03-17,Nevada,057,99092,15,1,1,2,0
2020-03-17,Orange,059,3164182,517,24,7,31,0
2020-03-17,Placer,061,380077,43,7,0,7,1
2020-03-17,Plumas,063,18699,0,0,0,0,0
2020-03-17,Riverside,065,2383286,260,11,3,14,0
2020-03-17,Sacramento,067,1510023,234,36,0,36,1
2020-03-17,San Benito,069,59416,12,2,0,2,0
2020-03-17,San Bernardino,071,2135413,162,2,0,2,0
2020-03-17,San Diego,073,3302833,599,17,0,17,0
2020-03-17,San Francisco,075,870044,300,46,0,46,0
2020-03-17,San Joaquin,077,732212,84,11,3,14,0
2020-03-17,San Luis Obispo,079,281455,63,1,0,1,0
2020-03-17,San Mateo,081,765935,305,46,2,48,1
2020-03-17,Santa Barbara,083,443738,76,0,0,0,0
2020-03-17,Santa Clara,085,1922200,729,121,1,122,4
2020-03-17,Santa Cruz,087,273765,48,10,0,10,0
2020-03-17,Shasta,089,179085,4,1,0,1,0
2020-03-17,Sierra,091,2930,0,0,0,0,0
2020-03-17,Siskiyou,093,43540,3,0,0,0,0
2020-03-17,Solano,095,438530,47,27,0,27,0
2020-03-17,Sonoma,097,501317,70,4,0,4,0
2020-03-17,Stanislaus,099,539301,29,4,2,6,0
2020-03-17,Sutter,101,95872,5,0,0,0,0
2020-03-17,Tehama,103,63373,0,0,0,0,0
2020-03-17,Trinity,105,12862,0,0,0,0,0
2020-03-17,Tulare,107,460477,26,2,2,4,0
2020-03-17,Tuolumne,109,53932,1,0,0,0,0
2020-03-17,Ventura,111,848112,98,7,0,7,0
2020-03-17,Yolo,113,214977,19,2,0,2,0
2020-03-17,Yuba,115,75493,4,0,0,0,0
2020-03-16,Alameda,001,1643700,259,17,0,17,0
2020-03-16,Alpine,003,1148,0,0,0,0,0
2020-03-16,Amador,005,37829,0,0,0,0,0
2020-03-16,Butte,007,227075,3,0,0,0,0
2020-03-16,Calaveras,009,45235,2,2,0,2,0
2020-03-16,Colusa,011,21464,0,0,0,0,0
2020-03-16,Contra Costa,013,1133247,183,36,0,36,0
2020-03-16,Del Norte,015,27424,0,0,0,0,0
2020-03-16,El Dorado,017,186661,14,0,0,0,0
2020-03-16,Fresno,019,978130,52,2,1,3,0
2020-03-16,Glenn,021,27897,0,0,0,0,0
2020-03-16,Humboldt,023,135768,13,1,0,1,0
2020-03-16,Imperial,025,180216,22,2,0,2,0
2020-03-16,Inyo,027,18085,0,0,0,0,0
2020-03-16,Kern,029,883053,43,0,0,0,0
2020-03-16,Kings,031,150075,10,0,1,1,0
2020-03-16,Lake,033,64148,0,0,0,0,0
2020-03-16,Lassen,035,31185,0,0,0,0,0
2020-03-16,Los Angeles,037,10098052,1588,43,12,55,0
2020-03-16,Madera,039,155013,22,2,0,2,0
2020-03-16,Marin,041,260295,43,4,0,4,0
2020-03-16,Mariposa,043,17540,0,0,0,0,0
2020-03-16,Mendocino,045,87422,2,0,0,0,0
2020-03-16,Merced,047,269075,5,0,0,0,0
2020-03-16,Modoc,049,8938,0,0,0,0,0
2020-03-16,Mono,051,14174,7,0,0,0,0
2020-03-16,Monterey,053,433212,25,0,1,1,0
2020-03-16,Napa,055,140530,7,0,0,0,0
2020-03-16,Nevada,057,99092,11,1,1,2,0
2020-03-16,Orange,059,3164182,433,18,7,25,0
2020-03-16,Placer,061,380077,36,7,0,7,1
2020-03-16,Plumas,063,18699,0,0,0,0,0
2020-03-16,Riverside,065,2383286,225,10,3,13,0
2020-03-16,Sacramento,067,1510023,207,34,0,34,1
2020-03-16,San Benito,069,59416,8,2,0,2,0
2020-03-16,San Bernardino,071,2135413,142,1,0,1,0
2020-03-16,San Diego,073,3302833,508,17,0,17,0
2020-03-16,San Francisco,075,870044,262,40,0,40,0
2020-03-16,San Joaquin,077,732212,74,9,3,12,0
2020-03-16,San Luis Obispo,079,281455,56,1,0,1,0
2020-03-16,San Mateo,081,765935,269,42,2,44,1
2020-03-16,Santa Barbara,083,443738,64,0,0,0,0
2020-03-16,Santa Clara,085,1922200,654,115,1,116,2
2020-03-16,Santa Cruz,087,273765,44,9,0,9,0
2020-03-16,Shasta,089,179085,4,1,0,1,0
2020-03-16,Sierra,091,2930,0,0,0,0,0
2020-03-16,Siskiyou,093,43540,2,0,0,0,0
2020-03-16,Solano,095,438530,43,27,0,27,0
2020-03-16,Sonoma,097,501317,63,4,0,4,0
2020-03-16,Stanislaus,099,539301,26,2,2,4,0
2020-03-16,Sutter,101,95872,3,0,0,0,0
2020-03-16,Tehama,103,63373,0,0,0,0,0
2020-03-16,Trinity,105,12862,0,0,0,0,0
2020-03-16,Tulare,107,460477,22,2,2,4,0
2020-03-16,Tuolumne,109,53932,1,0,0,0,0
2020-03-16,Ventura,111,848112,88,7,0,7,0
2020-03-16,Yolo,113,214977,18,2,0,2,0
2020-03-16,Yuba,115,75493,3,0,0,0,0
2020-03-15,Alameda,001,1643700,213,17,0,17,0
2020-03-15,Alpine,003,1148,0,0,0,0,0
2020-03-15,Amador,005,37829,0,0,0,0,0
2020-03-15,Butte,007,227075,3,0,0,0,0
2020-03-15,Calaveras,009,45235,2,2,0,2,0
2020-03-15,Colusa,011,21464,0,0,0,0,0
2020-03-15,Contra Costa,013,1133247,160,34,0,34,0
2020-03-15,Del Norte,015,27424,0,0,0,0,0
2020-03-15,El Dorado,017,186661,13,0,0,0,0
2020-03-15,Fresno,019,978130,32,1,1,2,0
2020-03-15,Glenn,021,27897,0,0,0,0,0
2020-03-15,Humboldt,023,135768,11,1,0,1,0
2020-03-15,Imperial,025,180216,17,2,0,2,0
2020-03-15,Inyo,027,18085,0,0,0,0,0
2020-03-15,Kern,029,883053,37,0,0,0,0
2020-03-15,Kings,031,150075,10,0,1,1,0
2020-03-15,Lake,033,64148,0,0,0,0,0
2020-03-15,Lassen,035,31185,0,0,0,0,0
2020-03-15,Los Angeles,037,10098052,1349,41,12,53,0
2020-03-15,Madera,039,155013,21,2,0,2,0
2020-03-15,Marin,041,260295,37,3,0,3,0
2020-03-15,Mariposa,043,17540,0,0,0,0,0
2020-03-15,Mendocino,045,87422,2,0,0,0,0
2020-03-15,Merced,047,269075,3,0,0,0,0
2020-03-15,Modoc,049,8938,0,0,0,0,0
2020-03-15,Mono,051,14174,6,0,0,0,0
2020-03-15,Monterey,053,433212,19,0,0,0,0
2020-03-15,Napa,055,140530,7,0,0,0,0
2020-03-15,Nevada,057,99092,11,0,1,1,0
2020-03-15,Orange,059,3164182,359,16,3,19,0
2020-03-15,Placer,061,380077,31,7,0,7,1
2020-03-15,Plumas,063,18699,0,0,0,0,0
2020-03-15,Riverside,065,2383286,177,10,3,13,0
2020-03-15,Sacramento,067,1510023,171,30,0,30,1
2020-03-15,San Benito,069,59416,8,2,0,2,0
2020-03-15,San Bernardino,071,2135413,120,0,0,0,0
2020-03-15,San Diego,073,3302833,421,16,0,16,0
2020-03-15,San Francisco,075,870044,206,31,0,31,0
2020-03-15,San Joaquin,077,732212,63,6,3,9,0
2020-03-15,San Luis Obispo,079,281455,46,1,0,1,0
2020-03-15,San Mateo,081,765935,236,29,1,30,1
2020-03-15,Santa Barbara,083,443738,54,0,0,0,0
2020-03-15,Santa Clara,085,1922200,583,79,1,80,2
2020-03-15,Santa Cruz,087,273765,38,8,0,8,0
2020-03-15,Shasta,089,179085,4,1,0,1,0
2020-03-15,Sierra,091,2930,0,0,0,0,0
2020-03-15,Siskiyou,093,43540,2,0,0,0,0
2020-03-15,Solano,095,438530,42,26,0,26,0
2020-03-15,Sonoma,097,501317,54,4,0,4,0
2020-03-15,Stanislaus,099,539301,26,2,2,4,0
2020-03-15,Sutter,101,95872,2,0,0,0,0
2020-03-15,Tehama,103,63373,0,0,0,0,0
2020-03-15,Trinity,105,12862,0,0,0,0,0
2020-03-15,Tulare,107,460477,17,2,2,4,0
2020-03-15,Tuolumne,109,53932,1,0,0,0,0
2020-03-15,Ventura,111,848112,77,5,0,5,0
2020-03-15,Yolo,113,214977,15,2,0,2,0
2020-03-15,Yuba,115,75493,2,0,0,0,0
2020-03-14,Alameda,001,1643700,194,11,0,11,0
2020-03-14,Alpine,003,1148,0,0,0,0,0
2020-03-14,Amador,005,37829,0,0,0,0,0
2020-03-14,Butte,007,227075,2,0,0,0,0
2020-03-14,Calaveras,009,45235,2,2,0,2,0
2020-03-14,Colusa,011,21464,0,0,0,0,0
2020-03-14,Contra Costa,013,1133247,138,30,0,30,0
2020-03-14,Del Norte,015,27424,0,0,0,0,0
2020-03-14,El Dorado,017,186661,11,0,0,0,0
2020-03-14,Fresno,019,978130,24,1,1,2,0
2020-03-14,Glenn,021,27897,0,0,0,0,0
2020-03-14,Humboldt,023,135768,7,1,0,1,0
2020-03-14,Imperial,025,180216,13,2,0,2,0
2020-03-14,Inyo,027,18085,0,0,0,0,0
2020-03-14,Kern,029,883053,32,0,0,0,0
2020-03-14,Kings,031,150075,10,0,1,1,0
2020-03-14,Lake,033,64148,0,0,0,0,0
2020-03-14,Lassen,035,31185,0,0,0,0,0
2020-03-14,Los Angeles,037,10098052,1171,35,12,47,0
2020-03-14,Madera,039,155013,20,2,0,2,0
2020-03-14,Marin,041,260295,36,3,0,3,0
2020-03-14,Mariposa,043,17540,0,0,0,0,0
2020-03-14,Mendocino,045,87422,2,0,0,0,0
2020-03-14,Merced,047,269075,3,0,0,0,0
2020-03-14,Modoc,049,8938,0,0,0,0,0
2020-03-14,Mono,051,14174,5,0,0,0,0
2020-03-14,Monterey,053,433212,13,0,0,0,0
2020-03-14,Napa,055,140530,5,0,0,0,0
2020-03-14,Nevada,057,99092,8,0,1,1,0
2020-03-14,Orange,059,3164182,317,14,2,16,0
2020-03-14,Placer,061,380077,28,6,0,6,1
2020-03-14,Plumas,063,18699,0,0,0,0,0
2020-03-14,Riverside,065,2383286,157,10,3,13,0
2020-03-14,Sacramento,067,1510023,150,31,0,31,1
2020-03-14,San Benito,069,59416,8,2,0,2,0
2020-03-14,San Bernardino,071,2135413,102,0,0,0,0
2020-03-14,San Diego,073,3302833,346,10,0,10,0
2020-03-14,San Francisco,075,870044,185,29,0,29,0
2020-03-14,San Joaquin,077,732212,54,6,3,9,0
2020-03-14,San Luis Obispo,079,281455,41,0,0,0,0
2020-03-14,San Mateo,081,765935,213,27,1,28,0
2020-03-14,Santa Barbara,083,443738,42,0,0,0,0
2020-03-14,Santa Clara,085,1922200,527,62,1,63,2
2020-03-14,Santa Cruz,087,273765,33,8,0,8,0
2020-03-14,Shasta,089,179085,4,1,0,1,0
2020-03-14,Sierra,091,2930,0,0,0,0,0
2020-03-14,Siskiyou,093,43540,1,0,0,0,0
2020-03-14,Solano,095,438530,40,26,0,26,0
2020-03-14,Sonoma,097,501317,41,2,0,2,0
2020-03-14,Stanislaus,099,539301,22,2,2,4,0
2020-03-14,Sutter,101,95872,2,0,0,0,0
2020-03-14,Tehama,103,63373,0,0,0,0,0
2020-03-14,Trinity,105,12862,0,0,0,0,0
2020-03-14,Tulare,107,460477,15,2,2,4,0
2020-03-14,Tuolumne,109,53932,1,0,0,0,0
2020-03-14,Ventura,111,848112,68,5,0,5,0
2020-03-14,Yolo,113,214977,15,2,0,2,0
2020-03-14,Yuba,115,75493,1,0,0,0,0
2020-03-13,Alameda,001,1643700,175,12,0,12,0
2020-03-13,Alpine,003,1148,0,0,0,0,0
2020-03-13,Amador,005,37829,0,0,0,0,0
2020-03-13,Butte,007,227075,0,0,0,0,0
2020-03-13,Calaveras,009,45235,2,2,0,2,0
2020-03-13,Colusa,011,21464,0,0,0,0,0
2020-03-13,Contra Costa,013,1133247,125,22,0,22,0
2020-03-13,Del Norte,015,27424,0,0,0,0,0
2020-03-13,El Dorado,017,186661,10,0,0,0,0
2020-03-13,Fresno,019,978130,19,1,1,2,0
2020-03-13,Glenn,021,27897,0,0,0,0,0
2020-03-13,Humboldt,023,135768,7,1,0,1,0
2020-03-13,Imperial,025,180216,12,2,0,2,0
2020-03-13,Inyo,027,18085,0,0,0,0,0
2020-03-13,Kern,029,883053,27,0,0,0,0
2020-03-13,Kings,031,150075,9,0,1,1,0
2020-03-13,Lake,033,64148,0,0,0,0,0
2020-03-13,Lassen,035,31185,0,0,0,0,0
2020-03-13,Los Angeles,037,10098052,1018,30,11,41,0
2020-03-13,Madera,039,155013,19,1,0,1,0
2020-03-13,Marin,041,260295,34,3,0,3,0
2020-03-13,Mariposa,043,17540,0,0,0,0,0
2020-03-13,Mendocino,045,87422,2,0,0,0,0
2020-03-13,Merced,047,269075,2,0,0,0,0
2020-03-13,Modoc,049,8938,0,0,0,0,0
2020-03-13,Mono,051,14174,3,0,0,0,0
2020-03-13,Monterey,053,433212,8,0,0,0,0
2020-03-13,Napa,055,140530,3,0,0,0,0
2020-03-13,Nevada,057,99092,7,0,1,1,0
2020-03-13,Orange,059,3164182,277,10,2,12,0
2020-03-13,Placer,061,380077,27,6,0,6,1
2020-03-13,Plumas,063,18699,0,0,0,0,0
2020-03-13,Riverside,065,2383286,128,5,2,7,0
2020-03-13,Sacramento,067,1510023,129,18,0,18,1
2020-03-13,San Benito,069,59416,6,2,0,2,0
2020-03-13,San Bernardino,071,2135413,95,0,0,0,0
2020-03-13,San Diego,073,3302833,296,8,0,8,0
2020-03-13,San Francisco,075,870044,171,28,0,28,0
2020-03-13,San Joaquin,077,732212,50,6,3,9,0
2020-03-13,San Luis Obispo,079,281455,33,0,0,0,0
2020-03-13,San Mateo,081,765935,192,24,1,25,0
2020-03-13,Santa Barbara,083,443738,38,0,0,0,0
2020-03-13,Santa Clara,085,1922200,465,59,1,60,1
2020-03-13,Santa Cruz,087,273765,32,7,0,7,0
2020-03-13,Shasta,089,179085,3,1,0,1,0
2020-03-13,Sierra,091,2930,0,0,0,0,0
2020-03-13,Siskiyou,093,43540,0,0,0,0,0
2020-03-13,Solano,095,438530,39,26,0,26,0
2020-03-13,Sonoma,097,501317,40,2,0,2,0
2020-03-13,Stanislaus,099,539301,17,2,2,4,0
2020-03-13,Sutter,101,95872,2,0,0,0,0
2020-03-13,Tehama,103,63373,0,0,0,0,0
2020-03-13,Trinity,105,12862,0,0,0,0,0
2020-03-13,Tulare,107,460477,12,2,2,4,0
2020-03-13,Tuolumne,109,53932,1,0,0,0,0
2020-03-13,Ventura,111,848112,54,5,0,5,0
2020-03-13,Yolo,113,214977,15,1,0,1,0
2020-03-13,Yuba,115,75493,1,0,0,0,0
2020-03-12,Alameda,001,1643700,150,9,0,9,0
2020-03-12,Alpine,003,1148,0,0,0,0,0
2020-03-12,Amador,005,37829,0,0,0,0,0
2020-03-12,Butte,007,227075,0,0,0,0,0
2020-03-12,Calaveras,009,45235,2,2,0,2,0
2020-03-12,Colusa,011,21464,0,0,0,0,0
2020-03-12,Contra Costa,013,1133247,108,18,0,18,0
2020-03-12,Del Norte,015,27424,0,0,0,0,0
2020-03-12,El Dorado,017,186661,8,0,0,0,0
2020-03-12,Fresno,019,978130,11,1,1,2,0
2020-03-12,Glenn,021,27897,0,0,0,0,0
2020-03-12,Humboldt,023,135768,6,1,0,1,0
2020-03-12,Imperial,025,180216,11,2,0,2,0
2020-03-12,Inyo,027,18085,0,0,0,0,0
2020-03-12,Kern,029,883053,18,0,0,0,0
2020-03-12,Kings,031,150075,6,0,1,1,0
2020-03-12,Lake,033,64148,0,0,0,0,0
2020-03-12,Lassen,035,31185,0,0,0,0,0
2020-03-12,Los Angeles,037,10098052,859,30,11,41,0
2020-03-12,Madera,039,155013,16,1,0,1,0
2020-03-12,Marin,041,260295,24,1,0,1,0
2020-03-12,Mariposa,043,17540,0,0,0,0,0
2020-03-12,Mendocino,045,87422,2,0,0,0,0
2020-03-12,Merced,047,269075,2,0,0,0,0
2020-03-12,Modoc,049,8938,0,0,0,0,0
2020-03-12,Mono,051,14174,3,0,0,0,0
2020-03-12,Monterey,053,433212,6,0,0,0,0
2020-03-12,Napa,055,140530,3,0,0,0,0
2020-03-12,Nevada,057,99092,4,0,1,1,0
2020-03-12,Orange,059,3164182,238,7,1,8,0
2020-03-12,Placer,061,380077,23,6,0,6,1
2020-03-12,Plumas,063,18699,0,0,0,0,0
2020-03-12,Riverside,065,2383286,103,5,1,6,0
2020-03-12,Sacramento,067,1510023,105,17,0,17,1
2020-03-12,San Benito,069,59416,5,2,0,2,0
2020-03-12,San Bernardino,071,2135413,79,0,0,0,0
2020-03-12,San Diego,073,3302833,241,9,0,9,0
2020-03-12,San Francisco,075,870044,147,20,0,20,0
2020-03-12,San Joaquin,077,732212,44,3,3,6,1
2020-03-12,San Luis Obispo,079,281455,26,0,0,0,0
2020-03-12,San Mateo,081,765935,158,21,1,22,0
2020-03-12,Santa Barbara,083,443738,26,0,0,0,0
2020-03-12,Santa Clara,085,1922200,407,51,1,52,1
2020-03-12,Santa Cruz,087,273765,29,5,0,5,0
2020-03-12,Shasta,089,179085,2,1,0,1,0
2020-03-12,Sierra,091,2930,0,0,0,0,0
2020-03-12,Siskiyou,093,43540,0,0,0,0,0
2020-03-12,Solano,095,438530,34,26,0,26,0
2020-03-12,Sonoma,097,501317,34,2,0,2,0
2020-03-12,Stanislaus,099,539301,15,2,2,4,0
2020-03-12,Sutter,101,95872,0,0,0,0,0
2020-03-12,Tehama,103,63373,0,0,0,0,0
2020-03-12,Trinity,105,12862,0,0,0,0,0
2020-03-12,Tulare,107,460477,12,1,1,2,0
2020-03-12,Tuolumne,109,53932,1,0,0,0,0
2020-03-12,Ventura,111,848112,45,3,0,3,0
2020-03-12,Yolo,113,214977,14,1,0,1,0
2020-03-12,Yuba,115,75493,1,0,0,0,0
2020-03-11,Alameda,001,1643700,119,5,0,5,0
2020-03-11,Alpine,003,1148,0,0,0,0,0
2020-03-11,Amador,005,37829,0,0,0,0,0
2020-03-11,Butte,007,227075,0,0,0,0,0
2020-03-11,Calaveras,009,45235,2,2,0,2,0
2020-03-11,Colusa,011,21464,0,0,0,0,0
2020-03-11,Contra Costa,013,1133247,93,16,0,16,0
2020-03-11,Del Norte,015,27424,0,0,0,0,0
2020-03-11,El Dorado,017,186661,7,0,0,0,0
2020-03-11,Fresno,019,978130,8,1,1,2,0
2020-03-11,Glenn,021,27897,0,0,0,0,0
2020-03-11,Humboldt,023,135768,6,1,0,1,0
2020-03-11,Imperial,025,180216,9,0,0,0,0
2020-03-11,Inyo,027,18085,0,0,0,0,0
2020-03-11,Kern,029,883053,16,0,0,0,0
2020-03-11,Kings,031,150075,4,0,1,1,0
2020-03-11,Lake,033,64148,0,0,0,0,0
2020-03-11,Lassen,035,31185,0,0,0,0,0
2020-03-11,Los Angeles,037,10098052,691,21,11,32,0
2020-03-11,Madera,039,155013,14,1,0,1,0
2020-03-11,Marin,041,260295,17,1,0,1,0
2020-03-11,Mariposa,043,17540,0,0,0,0,0
2020-03-11,Mendocino,045,87422,1,0,0,0,0
2020-03-11,Merced,047,269075,2,0,0,0,0
2020-03-11,Modoc,049,8938,0,0,0,0,0
2020-03-11,Mono,051,14174,3,0,0,0,0
2020-03-11,Monterey,053,433212,5,0,0,0,0
2020-03-11,Napa,055,140530,2,0,0,0,0
2020-03-11,Nevada,057,99092,4,0,1,1,0
2020-03-11,Orange,059,3164182,206,6,1,7,0
2020-03-11,Placer,061,380077,18,6,0,6,1
2020-03-11,Plumas,063,18699,0,0,0,0,0
2020-03-11,Riverside,065,2383286,78,4,1,5,0
2020-03-11,Sacramento,067,1510023,87,9,0,9,1
2020-03-11,San Benito,069,59416,5,2,0,2,0
2020-03-11,San Bernardino,071,2135413,72,0,0,0,0
2020-03-11,San Diego,073,3302833,191,4,0,4,0
2020-03-11,San Francisco,075,870044,124,17,0,17,0
2020-03-11,San Joaquin,077,732212,33,1,3,4,0
2020-03-11,San Luis Obispo,079,281455,23,0,0,0,0
2020-03-11,San Mateo,081,765935,140,16,0,16,0
2020-03-11,Santa Barbara,083,443738,16,0,0,0,0
2020-03-11,Santa Clara,085,1922200,367,48,1,49,1
2020-03-11,Santa Cruz,087,273765,26,2,0,2,0
2020-03-11,Shasta,089,179085,2,1,0,1,0
2020-03-11,Sierra,091,2930,0,0,0,0,0
2020-03-11,Siskiyou,093,43540,0,0,0,0,0
2020-03-11,Solano,095,438530,29,26,0,26,0
2020-03-11,Sonoma,097,501317,30,2,0,2,0
2020-03-11,Stanislaus,099,539301,15,2,2,4,0
2020-03-11,Sutter,101,95872,0,0,0,0,0
2020-03-11,Tehama,103,63373,0,0,0,0,0
2020-03-11,Trinity,105,12862,0,0,0,0,0
2020-03-11,Tulare,107,460477,10,0,1,1,0
2020-03-11,Tuolumne,109,53932,1,0,0,0,0
2020-03-11,Ventura,111,848112,37,3,0,3,0
2020-03-11,Yolo,113,214977,10,1,0,1,0
2020-03-11,Yuba,115,75493,1,0,0,0,0
2020-03-10,Alameda,001,1643700,98,4,0,4,0
2020-03-10,Alpine,003,1148,0,0,0,0,0
2020-03-10,Amador,005,37829,0,0,0,0,0
2020-03-10,Butte,007,227075,0,0,0,0,0
2020-03-10,Calaveras,009,45235,2,2,0,2,0
2020-03-10,Colusa,011,21464,0,0,0,0,0
2020-03-10,Contra Costa,013,1133247,84,11,0,11,0
2020-03-10,Del Norte,015,27424,0,0,0,0,0
2020-03-10,El Dorado,017,186661,6,0,0,0,0
2020-03-10,Fresno,019,978130,6,1,1,2,0
2020-03-10,Glenn,021,27897,0,0,0,0,0
2020-03-10,Humboldt,023,135768,6,1,0,1,0
2020-03-10,Imperial,025,180216,8,0,0,0,0
2020-03-10,Inyo,027,18085,0,0,0,0,0
2020-03-10,Kern,029,883053,11,0,0,0,0
2020-03-10,Kings,031,150075,4,0,1,1,0
2020-03-10,Lake,033,64148,0,0,0,0,0
2020-03-10,Lassen,035,31185,0,0,0,0,0
2020-03-10,Los Angeles,037,10098052,555,20,11,31,0
2020-03-10,Madera,039,155013,8,1,0,1,0
2020-03-10,Marin,041,260295,16,1,0,1,0
2020-03-10,Mariposa,043,17540,0,0,0,0,0
2020-03-10,Mendocino,045,87422,0,0,0,0,0
2020-03-10,Merced,047,269075,2,0,0,0,0
2020-03-10,Modoc,049,8938,0,0,0,0,0
2020-03-10,Mono,051,14174,3,0,0,0,0
2020-03-10,Monterey,053,433212,3,0,0,0,0
2020-03-10,Napa,055,140530,2,0,0,0,0
2020-03-10,Nevada,057,99092,3,0,1,1,0
2020-03-10,Orange,059,3164182,184,5,0,5,1
2020-03-10,Placer,061,380077,14,7,0,7,1
2020-03-10,Plumas,063,18699,0,0,0,0,0
2020-03-10,Riverside,065,2383286,57,4,1,5,0
2020-03-10,Sacramento,067,1510023,78,8,0,8,0
2020-03-10,San Benito,069,59416,5,2,0,2,0
2020-03-10,San Bernardino,071,2135413,64,0,0,0,0
2020-03-10,San Diego,073,3302833,149,3,0,3,0
2020-03-10,San Francisco,075,870044,92,16,0,16,0
2020-03-10,San Joaquin,077,732212,30,1,3,4,0
2020-03-10,San Luis Obispo,079,281455,15,0,0,0,0
2020-03-10,San Mateo,081,765935,124,11,0,11,0
2020-03-10,Santa Barbara,083,443738,11,0,0,0,0
2020-03-10,Santa Clara,085,1922200,319,45,1,46,1
2020-03-10,Santa Cruz,087,273765,22,2,0,2,0
2020-03-10,Shasta,089,179085,2,1,0,1,0
2020-03-10,Sierra,091,2930,0,0,0,0,0
2020-03-10,Siskiyou,093,43540,0,0,0,0,0
2020-03-10,Solano,095,438530,27,26,0,26,0
2020-03-10,Sonoma,097,501317,27,2,0,2,0
2020-03-10,Stanislaus,099,539301,11,0,2,2,0
2020-03-10,Sutter,101,95872,0,0,0,0,0
2020-03-10,Tehama,103,63373,0,0,0,0,0
2020-03-10,Trinity,105,12862,0,0,0,0,0
2020-03-10,Tulare,107,460477,9,0,1,1,0
2020-03-10,Tuolumne,109,53932,1,0,0,0,0
2020-03-10,Ventura,111,848112,29,1,0,1,0
2020-03-10,Yolo,113,214977,7,2,0,2,0
2020-03-10,Yuba,115,75493,1,0,0,0,0
2020-03-09,Alameda,001,1643700,70,4,0,4,0
2020-03-09,Alpine,003,1148,0,0,0,0,0
2020-03-09,Amador,005,37829,0,0,0,0,0
2020-03-09,Butte,007,227075,0,0,0,0,0
2020-03-09,Calaveras,009,45235,2,0,0,0,0
2020-03-09,Colusa,011,21464,0,0,0,0,0
2020-03-09,Contra Costa,013,1133247,72,9,0,9,0
2020-03-09,Del Norte,015,27424,0,0,0,0,0
2020-03-09,El Dorado,017,186661,4,0,0,0,0
2020-03-09,Fresno,019,978130,6,1,1,2,0
2020-03-09,Glenn,021,27897,0,0,0,0,0
2020-03-09,Humboldt,023,135768,5,1,0,1,0
2020-03-09,Imperial,025,180216,8,0,0,0,0
2020-03-09,Inyo,027,18085,0,0,0,0,0
2020-03-09,Kern,029,883053,8,0,0,0,0
2020-03-09,Kings,031,150075,3,0,1,1,0
2020-03-09,Lake,033,64148,0,0,0,0,0
2020-03-09,Lassen,035,31185,0,0,0,0,0
2020-03-09,Los Angeles,037,10098052,453,17,10,27,0
2020-03-09,Madera,039,155013,8,1,0,1,0
2020-03-09,Marin,041,260295,15,1,0,1,0
2020-03-09,Mariposa,043,17540,0,0,0,0,0
2020-03-09,Mendocino,045,87422,0,0,0,0,0
2020-03-09,Merced,047,269075,2,0,0,0,0
2020-03-09,Modoc,049,8938,0,0,0,0,0
2020-03-09,Mono,051,14174,3,0,0,0,0
2020-03-09,Monterey,053,433212,1,0,0,0,0
2020-03-09,Napa,055,140530,2,0,0,0,0
2020-03-09,Nevada,057,99092,2,0,1,1,0
2020-03-09,Orange,059,3164182,156,4,0,4,0
2020-03-09,Placer,061,380077,12,7,0,7,1
2020-03-09,Plumas,063,18699,0,0,0,0,0
2020-03-09,Riverside,065,2383286,48,4,1,5,0
2020-03-09,Sacramento,067,1510023,74,8,0,8,0
2020-03-09,San Benito,069,59416,3,2,0,2,0
2020-03-09,San Bernardino,071,2135413,53,0,0,0,0
2020-03-09,San Diego,073,3302833,110,2,0,2,0
2020-03-09,San Francisco,075,870044,72,14,0,14,0
2020-03-09,San Joaquin,077,732212,21,0,3,3,0
2020-03-09,San Luis Obispo,079,281455,15,0,0,0,0
2020-03-09,San Mateo,081,765935,110,6,0,6,0
2020-03-09,Santa Barbara,083,443738,9,0,0,0,0
2020-03-09,Santa Clara,085,1922200,275,42,1,43,1
2020-03-09,Santa Cruz,087,273765,19,2,0,2,0
2020-03-09,Shasta,089,179085,2,1,0,1,0
2020-03-09,Sierra,091,2930,0,0,0,0,0
2020-03-09,Siskiyou,093,43540,0,0,0,0,0
2020-03-09,Solano,095,438530,25,26,0,26,0
2020-03-09,Sonoma,097,501317,22,2,0,2,0
2020-03-09,Stanislaus,099,539301,11,0,2,2,0
2020-03-09,Sutter,101,95872,0,0,0,0,0
2020-03-09,Tehama,103,63373,0,0,0,0,0
2020-03-09,Trinity,105,12862,0,0,0,0,0
2020-03-09,Tulare,107,460477,9,0,1,1,0
2020-03-09,Tuolumne,109,53932,1,0,0,0,0
2020-03-09,Ventura,111,848112,25,1,0,1,0
2020-03-09,Yolo,113,214977,6,2,0,2,0
2020-03-09,Yuba,115,75493,0,0,0,0,0
2020-03-08,Alameda,001,1643700,45,4,0,4,0
2020-03-08,Alpine,003,1148,0,0,0,0,0
2020-03-08,Amador,005,37829,0,0,0,0,0
2020-03-08,Butte,007,227075,0,0,0,0,0
2020-03-08,Calaveras,009,45235,2,0,0,0,0
2020-03-08,Colusa,011,21464,0,0,0,0,0
2020-03-08,Contra Costa,013,1133247,58,9,0,9,0
2020-03-08,Del Norte,015,27424,0,0,0,0,0
2020-03-08,El Dorado,017,186661,4,0,0,0,0
2020-03-08,Fresno,019,978130,4,1,1,2,0
2020-03-08,Glenn,021,27897,0,0,0,0,0
2020-03-08,Humboldt,023,135768,5,1,0,1,0
2020-03-08,Imperial,025,180216,8,0,0,0,0
2020-03-08,Inyo,027,18085,0,0,0,0,0
2020-03-08,Kern,029,883053,8,0,0,0,0
2020-03-08,Kings,031,150075,2,0,1,1,0
2020-03-08,Lake,033,64148,0,0,0,0,0
2020-03-08,Lassen,035,31185,0,0,0,0,0
2020-03-08,Los Angeles,037,10098052,360,14,10,24,0
2020-03-08,Madera,039,155013,8,1,0,1,0
2020-03-08,Marin,041,260295,13,1,0,1,0
2020-03-08,Mariposa,043,17540,0,0,0,0,0
2020-03-08,Mendocino,045,87422,0,0,0,0,0
2020-03-08,Merced,047,269075,2,0,0,0,0
2020-03-08,Modoc,049,8938,0,0,0,0,0
2020-03-08,Mono,051,14174,3,0,0,0,0
2020-03-08,Monterey,053,433212,1,0,0,0,0
2020-03-08,Napa,055,140530,2,0,0,0,0
2020-03-08,Nevada,057,99092,1,0,1,1,0
2020-03-08,Orange,059,3164182,131,4,0,4,0
2020-03-08,Placer,061,380077,11,7,0,7,1
2020-03-08,Plumas,063,18699,0,0,0,0,0
2020-03-08,Riverside,065,2383286,40,1,1,2,0
2020-03-08,Sacramento,067,1510023,64,5,0,5,0
2020-03-08,San Benito,069,59416,3,2,0,2,0
2020-03-08,San Bernardino,071,2135413,42,0,0,0,0
2020-03-08,San Diego,073,3302833,81,2,0,2,0
2020-03-08,San Francisco,075,870044,53,9,0,9,0
2020-03-08,San Joaquin,077,732212,18,0,3,3,0
2020-03-08,San Luis Obispo,079,281455,9,0,0,0,0
2020-03-08,San Mateo,081,765935,97,4,0,4,0
2020-03-08,Santa Barbara,083,443738,6,0,0,0,0
2020-03-08,Santa Clara,085,1922200,233,36,1,37,0
2020-03-08,Santa Cruz,087,273765,17,1,0,1,0
2020-03-08,Shasta,089,179085,2,0,0,0,0
2020-03-08,Sierra,091,2930,0,0,0,0,0
2020-03-08,Siskiyou,093,43540,0,0,0,0,0
2020-03-08,Solano,095,438530,24,26,0,26,0
2020-03-08,Sonoma,097,501317,17,2,0,2,0
2020-03-08,Stanislaus,099,539301,10,0,2,2,0
2020-03-08,Sutter,101,95872,0,0,0,0,0
2020-03-08,Tehama,103,63373,0,0,0,0,0
2020-03-08,Trinity,105,12862,0,0,0,0,0
2020-03-08,Tulare,107,460477,9,0,0,0,0
2020-03-08,Tuolumne,109,53932,1,0,0,0,0
2020-03-08,Ventura,111,848112,21,1,0,1,0
2020-03-08,Yolo,113,214977,3,2,0,2,0
2020-03-08,Yuba,115,75493,0,0,0,0,0
2020-03-07,Alameda,001,1643700,40,3,0,3,0
2020-03-07,Alpine,003,1148,0,0,0,0,0
2020-03-07,Amador,005,37829,0,0,0,0,0
2020-03-07,Butte,007,227075,0,0,0,0,0
2020-03-07,Calaveras,009,45235,2,0,0,0,0
2020-03-07,Colusa,011,21464,0,0,0,0,0
2020-03-07,Contra Costa,013,1133247,55,4,0,4,0
2020-03-07,Del Norte,015,27424,0,0,0,0,0
2020-03-07,El Dorado,017,186661,3,0,0,0,0
2020-03-07,Fresno,019,978130,3,1,1,2,0
2020-03-07,Glenn,021,27897,0,0,0,0,0
2020-03-07,Humboldt,023,135768,5,1,0,1,0
2020-03-07,Imperial,025,180216,7,0,0,0,0
2020-03-07,Inyo,027,18085,0,0,0,0,0
2020-03-07,Kern,029,883053,7,0,0,0,0
2020-03-07,Kings,031,150075,2,0,1,1,0
2020-03-07,Lake,033,64148,0,0,0,0,0
2020-03-07,Lassen,035,31185,0,0,0,0,0
2020-03-07,Los Angeles,037,10098052,310,14,10,24,0
2020-03-07,Madera,039,155013,7,1,0,1,0
2020-03-07,Marin,041,260295,11,0,0,0,0
2020-03-07,Mariposa,043,17540,0,0,0,0,0
2020-03-07,Mendocino,045,87422,0,0,0,0,0
2020-03-07,Merced,047,269075,2,0,0,0,0
2020-03-07,Modoc,049,8938,0,0,0,0,0
2020-03-07,Mono,051,14174,3,0,0,0,0
2020-03-07,Monterey,053,433212,1,0,0,0,0
2020-03-07,Napa,055,140530,1,0,0,0,0
2020-03-07,Nevada,057,99092,1,0,1,1,0
2020-03-07,Orange,059,3164182,123,4,0,4,0
2020-03-07,Placer,061,380077,11,6,0,6,1
2020-03-07,Plumas,063,18699,0,0,0,0,0
2020-03-07,Riverside,065,2383286,30,0,1,1,0
2020-03-07,Sacramento,067,1510023,51,4,0,4,0
2020-03-07,San Benito,069,59416,3,2,0,2,0
2020-03-07,San Bernardino,071,2135413,40,0,0,0,0
2020-03-07,San Diego,073,3302833,65,2,0,2,0
2020-03-07,San Francisco,075,870044,47,9,0,9,0
2020-03-07,San Joaquin,077,732212,16,0,3,3,0
2020-03-07,San Luis Obispo,079,281455,6,0,0,0,0
2020-03-07,San Mateo,081,765935,87,1,0,1,0
2020-03-07,Santa Barbara,083,443738,5,0,0,0,0
2020-03-07,Santa Clara,085,1922200,203,31,1,32,0
2020-03-07,Santa Cruz,087,273765,17,1,0,1,0
2020-03-07,Shasta,089,179085,2,0,0,0,0
2020-03-07,Sierra,091,2930,0,0,0,0,0
2020-03-07,Siskiyou,093,43540,0,0,0,0,0
2020-03-07,Solano,095,438530,23,25,0,25,0
2020-03-07,Sonoma,097,501317,13,2,0,2,0
2020-03-07,Stanislaus,099,539301,9,0,2,2,0
2020-03-07,Sutter,101,95872,0,0,0,0,0
2020-03-07,Tehama,103,63373,0,0,0,0,0
2020-03-07,Trinity,105,12862,0,0,0,0,0
2020-03-07,Tulare,107,460477,6,0,0,0,0
2020-03-07,Tuolumne,109,53932,1,0,0,0,0
2020-03-07,Ventura,111,848112,18,1,0,1,0
2020-03-07,Yolo,113,214977,3,2,0,2,0
2020-03-07,Yuba,115,75493,0,0,0,0,0
2020-03-06,Alameda,001,1643700,38,3,0,3,0
2020-03-06,Alpine,003,1148,0,0,0,0,0
2020-03-06,Amador,005,37829,0,0,0,0,0
2020-03-06,Butte,007,227075,0,0,0,0,0
2020-03-06,Calaveras,009,45235,2,0,0,0,0
2020-03-06,Colusa,011,21464,0,0,0,0,0
2020-03-06,Contra Costa,013,1133247,46,4,0,4,0
2020-03-06,Del Norte,015,27424,0,0,0,0,0
2020-03-06,El Dorado,017,186661,3,0,0,0,0
2020-03-06,Fresno,019,978130,2,0,1,1,0
2020-03-06,Glenn,021,27897,0,0,0,0,0
2020-03-06,Humboldt,023,135768,4,1,0,1,0
2020-03-06,Imperial,025,180216,6,0,0,0,0
2020-03-06,Inyo,027,18085,0,0,0,0,0
2020-03-06,Kern,029,883053,6,0,0,0,0
2020-03-06,Kings,031,150075,2,0,1,1,0
2020-03-06,Lake,033,64148,0,0,0,0,0
2020-03-06,Lassen,035,31185,0,0,0,0,0
2020-03-06,Los Angeles,037,10098052,267,13,10,23,0
2020-03-06,Madera,039,155013,6,0,0,0,0
2020-03-06,Marin,041,260295,10,0,0,0,0
2020-03-06,Mariposa,043,17540,0,0,0,0,0
2020-03-06,Mendocino,045,87422,0,0,0,0,0
2020-03-06,Merced,047,269075,2,0,0,0,0
2020-03-06,Modoc,049,8938,0,0,0,0,0
2020-03-06,Mono,051,14174,1,0,0,0,0
2020-03-06,Monterey,053,433212,1,0,0,0,0
2020-03-06,Napa,055,140530,1,0,0,0,0
2020-03-06,Nevada,057,99092,1,0,1,1,0
2020-03-06,Orange,059,3164182,97,4,0,4,0
2020-03-06,Placer,061,380077,10,5,0,5,1
2020-03-06,Plumas,063,18699,0,0,0,0,0
2020-03-06,Riverside,065,2383286,30,0,1,1,0
2020-03-06,Sacramento,067,1510023,42,2,0,2,0
2020-03-06,San Benito,069,59416,3,2,0,2,0
2020-03-06,San Bernardino,071,2135413,38,0,0,0,0
2020-03-06,San Diego,073,3302833,54,2,0,2,0
2020-03-06,San Francisco,075,870044,41,2,0,2,0
2020-03-06,San Joaquin,077,732212,13,0,3,3,0
2020-03-06,San Luis Obispo,079,281455,4,0,0,0,0
2020-03-06,San Mateo,081,765935,79,1,0,1,0
2020-03-06,Santa Barbara,083,443738,3,0,0,0,0
2020-03-06,Santa Clara,085,1922200,185,20,1,21,0
2020-03-06,Santa Cruz,087,273765,15,0,0,0,0
2020-03-06,Shasta,089,179085,2,0,0,0,0
2020-03-06,Sierra,091,2930,0,0,0,0,0
2020-03-06,Siskiyou,093,43540,0,0,0,0,0
2020-03-06,Solano,095,438530,22,25,0,25,0
2020-03-06,Sonoma,097,501317,13,2,0,2,0
2020-03-06,Stanislaus,099,539301,5,0,2,2,0
2020-03-06,Sutter,101,95872,0,0,0,0,0
2020-03-06,Tehama,103,63373,0,0,0,0,0
2020-03-06,Trinity,105,12862,0,0,0,0,0
2020-03-06,Tulare,107,460477,6,0,0,0,0
2020-03-06,Tuolumne,109,53932,1,0,0,0,0
2020-03-06,Ventura,111,848112,15,1,0,1,0
2020-03-06,Yolo,113,214977,3,1,0,1,0
2020-03-06,Yuba,115,75493,0,0,0,0,0
2020-03-05,Alameda,001,1643700,33,2,0,2,0
2020-03-05,Alpine,003,1148,0,0,0,0,0
2020-03-05,Amador,005,37829,0,0,0,0,0
2020-03-05,Butte,007,227075,0,0,0,0,0
2020-03-05,Calaveras,009,45235,2,0,0,0,0
2020-03-05,Colusa,011,21464,0,0,0,0,0
2020-03-05,Contra Costa,013,1133247,39,1,0,1,0
2020-03-05,Del Norte,015,27424,0,0,0,0,0
2020-03-05,El Dorado,017,186661,1,0,0,0,0
2020-03-05,Fresno,019,978130,2,0,1,1,0
2020-03-05,Glenn,021,27897,0,0,0,0,0
2020-03-05,Humboldt,023,135768,4,1,0,1,0
2020-03-05,Imperial,025,180216,5,0,0,0,0
2020-03-05,Inyo,027,18085,0,0,0,0,0
2020-03-05,Kern,029,883053,6,0,0,0,0
2020-03-05,Kings,031,150075,2,0,1,1,0
2020-03-05,Lake,033,64148,0,0,0,0,0
2020-03-05,Lassen,035,31185,0,0,0,0,0
2020-03-05,Los Angeles,037,10098052,220,11,10,21,0
2020-03-05,Madera,039,155013,5,0,0,0,0
2020-03-05,Marin,041,260295,10,0,0,0,0
2020-03-05,Mariposa,043,17540,0,0,0,0,0
2020-03-05,Mendocino,045,87422,0,0,0,0,0
2020-03-05,Merced,047,269075,2,0,0,0,0
2020-03-05,Modoc,049,8938,0,0,0,0,0
2020-03-05,Mono,051,14174,1,0,0,0,0
2020-03-05,Monterey,053,433212,1,0,0,0,0
2020-03-05,Napa,055,140530,1,0,0,0,0
2020-03-05,Nevada,057,99092,0,0,1,1,0
2020-03-05,Orange,059,3164182,82,3,0,3,0
2020-03-05,Placer,061,380077,10,2,0,2,1
2020-03-05,Plumas,063,18699,0,0,0,0,0
2020-03-05,Riverside,065,2383286,27,0,1,1,0
2020-03-05,Sacramento,067,1510023,36,2,0,2,0
2020-03-05,San Benito,069,59416,1,2,0,2,0
2020-03-05,San Bernardino,071,2135413,33,0,0,0,0
2020-03-05,San Diego,073,3302833,48,2,0,2,0
2020-03-05,San Francisco,075,870044,31,2,0,2,0
2020-03-05,San Joaquin,077,732212,10,0,3,3,0
2020-03-05,San Luis Obispo,079,281455,4,0,0,0,0
2020-03-05,San Mateo,081,765935,65,1,0,1,0
2020-03-05,Santa Barbara,083,443738,2,0,0,0,0
2020-03-05,Santa Clara,085,1922200,162,14,1,15,0
2020-03-05,Santa Cruz,087,273765,13,0,0,0,0
2020-03-05,Shasta,089,179085,2,0,0,0,0
2020-03-05,Sierra,091,2930,0,0,0,0,0
2020-03-05,Siskiyou,093,43540,0,0,0,0,0
2020-03-05,Solano,095,438530,22,24,0,24,0
2020-03-05,Sonoma,097,501317,12,2,0,2,0
2020-03-05,Stanislaus,099,539301,4,0,2,2,0
2020-03-05,Sutter,101,95872,0,0,0,0,0
2020-03-05,Tehama,103,63373,0,0,0,0,0
2020-03-05,Trinity,105,12862,0,0,0,0,0
2020-03-05,Tulare,107,460477,6,0,0,0,0
2020-03-05,Tuolumne,109,53932,1,0,0,0,0
2020-03-05,Ventura,111,848112,13,0,0,0,0
2020-03-05,Yolo,113,214977,3,0,0,0,0
2020-03-05,Yuba,115,75493,0,0,0,0,0
2020-03-04,Alameda,001,1643700,29,2,0,2,0
2020-03-04,Alpine,003,1148,0,0,0,0,0
2020-03-04,Amador,005,37829,0,0,0,0,0
2020-03-04,Butte,007,227075,0,0,0,0,0
2020-03-04,Calaveras,009,45235,0,0,0,0,0
2020-03-04,Colusa,011,21464,0,0,0,0,0
2020-03-04,Contra Costa,013,1133247,34,1,0,1,0
2020-03-04,Del Norte,015,27424,0,0,0,0,0
2020-03-04,El Dorado,017,186661,1,0,0,0,0
2020-03-04,Fresno,019,978130,2,0,1,1,0
2020-03-04,Glenn,021,27897,0,0,0,0,0
2020-03-04,Humboldt,023,135768,1,1,0,1,0
2020-03-04,Imperial,025,180216,5,0,0,0,0
2020-03-04,Inyo,027,18085,0,0,0,0,0
2020-03-04,Kern,029,883053,6,0,0,0,0
2020-03-04,Kings,031,150075,2,0,1,1,0
2020-03-04,Lake,033,64148,0,0,0,0,0
2020-03-04,Lassen,035,31185,0,0,0,0,0
2020-03-04,Los Angeles,037,10098052,185,7,10,17,0
2020-03-04,Madera,039,155013,5,0,0,0,0
2020-03-04,Marin,041,260295,10,0,0,0,0
2020-03-04,Mariposa,043,17540,0,0,0,0,0
2020-03-04,Mendocino,045,87422,0,0,0,0,0
2020-03-04,Merced,047,269075,2,0,0,0,0
2020-03-04,Modoc,049,8938,0,0,0,0,0
2020-03-04,Mono,051,14174,1,0,0,0,0
2020-03-04,Monterey,053,433212,1,0,0,0,0
2020-03-04,Napa,055,140530,1,0,0,0,0
2020-03-04,Nevada,057,99092,0,0,1,1,0
2020-03-04,Orange,059,3164182,79,3,0,3,0
2020-03-04,Placer,061,380077,9,2,0,2,1
2020-03-04,Plumas,063,18699,0,0,0,0,0
2020-03-04,Riverside,065,2383286,23,0,1,1,0
2020-03-04,Sacramento,067,1510023,31,1,0,1,0
2020-03-04,San Benito,069,59416,1,2,0,2,0
2020-03-04,San Bernardino,071,2135413,30,0,0,0,0
2020-03-04,San Diego,073,3302833,37,2,0,2,0
2020-03-04,San Francisco,075,870044,26,0,0,0,0
2020-03-04,San Joaquin,077,732212,9,0,3,3,0
2020-03-04,San Luis Obispo,079,281455,4,0,0,0,0
2020-03-04,San Mateo,081,765935,60,1,0,1,0
2020-03-04,Santa Barbara,083,443738,2,0,0,0,0
2020-03-04,Santa Clara,085,1922200,145,12,1,13,0
2020-03-04,Santa Cruz,087,273765,13,0,0,0,0
2020-03-04,Shasta,089,179085,2,0,0,0,0
2020-03-04,Sierra,091,2930,0,0,0,0,0
2020-03-04,Siskiyou,093,43540,0,0,0,0,0
2020-03-04,Solano,095,438530,21,24,0,24,0
2020-03-04,Sonoma,097,501317,11,2,0,2,0
2020-03-04,Stanislaus,099,539301,4,0,2,2,0
2020-03-04,Sutter,101,95872,0,0,0,0,0
2020-03-04,Tehama,103,63373,0,0,0,0,0
2020-03-04,Trinity,105,12862,0,0,0,0,0
2020-03-04,Tulare,107,460477,6,0,0,0,0
2020-03-04,Tuolumne,109,53932,0,0,0,0,0
2020-03-04,Ventura,111,848112,12,0,0,0,0
2020-03-04,Yolo,113,214977,3,0,0,0,0
2020-03-04,Yuba,115,75493,0,0,0,0,0
2020-03-03,Alameda,001,1643700,24,2,0,2,0
2020-03-03,Alpine,003,1148,0,0,0,0,0
2020-03-03,Amador,005,37829,0,0,0,0,0
2020-03-03,Butte,007,227075,0,0,0,0,0
2020-03-03,Calaveras,009,45235,0,0,0,0,0
2020-03-03,Colusa,011,21464,0,0,0,0,0
2020-03-03,Contra Costa,013,1133247,30,0,0,0,0
2020-03-03,Del Norte,015,27424,0,0,0,0,0
2020-03-03,El Dorado,017,186661,1,0,0,0,0
2020-03-03,Fresno,019,978130,1,0,1,1,0
2020-03-03,Glenn,021,27897,0,0,0,0,0
2020-03-03,Humboldt,023,135768,1,1,0,1,0
2020-03-03,Imperial,025,180216,5,0,0,0,0
2020-03-03,Inyo,027,18085,0,0,0,0,0
2020-03-03,Kern,029,883053,4,0,0,0,0
2020-03-03,Kings,031,150075,2,0,1,1,0
2020-03-03,Lake,033,64148,0,0,0,0,0
2020-03-03,Lassen,035,31185,0,0,0,0,0
2020-03-03,Los Angeles,037,10098052,166,5,10,15,0
2020-03-03,Madera,039,155013,4,0,0,0,0
2020-03-03,Marin,041,260295,6,0,0,0,0
2020-03-03,Mariposa,043,17540,0,0,0,0,0
2020-03-03,Mendocino,045,87422,0,0,0,0,0
2020-03-03,Merced,047,269075,2,0,0,0,0
2020-03-03,Modoc,049,8938,0,0,0,0,0
2020-03-03,Mono,051,14174,1,0,0,0,0
2020-03-03,Monterey,053,433212,0,0,0,0,0
2020-03-03,Napa,055,140530,1,0,0,0,0
2020-03-03,Nevada,057,99092,0,0,1,1,0
2020-03-03,Orange,059,3164182,70,1,0,1,0
2020-03-03,Placer,061,380077,8,2,0,2,0
2020-03-03,Plumas,063,18699,0,0,0,0,0
2020-03-03,Riverside,065,2383286,20,0,1,1,0
2020-03-03,Sacramento,067,1510023,30,1,0,1,0
2020-03-03,San Benito,069,59416,1,2,0,2,0
2020-03-03,San Bernardino,071,2135413,27,0,0,0,0
2020-03-03,San Diego,073,3302833,31,2,0,2,0
2020-03-03,San Francisco,075,870044,24,0,0,0,0
2020-03-03,San Joaquin,077,732212,8,0,3,3,0
2020-03-03,San Luis Obispo,079,281455,2,0,0,0,0
2020-03-03,San Mateo,081,765935,53,1,0,1,0
2020-03-03,Santa Barbara,083,443738,1,0,0,0,0
2020-03-03,Santa Clara,085,1922200,130,11,1,12,0
2020-03-03,Santa Cruz,087,273765,10,0,0,0,0
2020-03-03,Shasta,089,179085,2,0,0,0,0
2020-03-03,Sierra,091,2930,0,0,0,0,0
2020-03-03,Siskiyou,093,43540,0,0,0,0,0
2020-03-03,Solano,095,438530,20,24,0,24,0
2020-03-03,Sonoma,097,501317,11,1,0,1,0
2020-03-03,Stanislaus,099,539301,4,0,2,2,0
2020-03-03,Sutter,101,95872,0,0,0,0,0
2020-03-03,Tehama,103,63373,0,0,0,0,0
2020-03-03,Trinity,105,12862,0,0,0,0,0
2020-03-03,Tulare,107,460477,6,0,0,0,0
2020-03-03,Tuolumne,109,53932,0,0,0,0,0
2020-03-03,Ventura,111,848112,11,0,0,0,0
2020-03-03,Yolo,113,214977,2,0,0,0,0
2020-03-03,Yuba,115,75493,0,0,0,0,0
2020-03-02,Alameda,001,1643700,21,1,0,1,0
2020-03-02,Alpine,003,1148,0,0,0,0,0
2020-03-02,Amador,005,37829,0,0,0,0,0
2020-03-02,Butte,007,227075,0,0,0,0,0
2020-03-02,Calaveras,009,45235,0,0,0,0,0
2020-03-02,Colusa,011,21464,0,0,0,0,0
2020-03-02,Contra Costa,013,1133247,27,0,0,0,0
2020-03-02,Del Norte,015,27424,0,0,0,0,0
2020-03-02,El Dorado,017,186661,1,0,0,0,0
2020-03-02,Fresno,019,978130,1,0,1,1,0
2020-03-02,Glenn,021,27897,0,0,0,0,0
2020-03-02,Humboldt,023,135768,1,1,0,1,0
2020-03-02,Imperial,025,180216,5,0,0,0,0
2020-03-02,Inyo,027,18085,0,0,0,0,0
2020-03-02,Kern,029,883053,4,0,0,0,0
2020-03-02,Kings,031,150075,2,0,1,1,0
2020-03-02,Lake,033,64148,0,0,0,0,0
2020-03-02,Lassen,035,31185,0,0,0,0,0
2020-03-02,Los Angeles,037,10098052,151,1,10,11,0
2020-03-02,Madera,039,155013,4,0,0,0,0
2020-03-02,Marin,041,260295,6,0,0,0,0
2020-03-02,Mariposa,043,17540,0,0,0,0,0
2020-03-02,Mendocino,045,87422,0,0,0,0,0
2020-03-02,Merced,047,269075,1,0,0,0,0
2020-03-02,Modoc,049,8938,0,0,0,0,0
2020-03-02,Mono,051,14174,1,0,0,0,0
2020-03-02,Monterey,053,433212,0,0,0,0,0
2020-03-02,Napa,055,140530,1,0,0,0,0
2020-03-02,Nevada,057,99092,0,0,1,1,0
2020-03-02,Orange,059,3164182,65,1,0,1,0
2020-03-02,Placer,061,380077,8,1,0,1,0
2020-03-02,Plumas,063,18699,0,0,0,0,0
2020-03-02,Riverside,065,2383286,19,0,1,1,0
2020-03-02,Sacramento,067,1510023,25,1,0,1,0
2020-03-02,San Benito,069,59416,1,2,0,2,0
2020-03-02,San Bernardino,071,2135413,27,0,0,0,0
2020-03-02,San Diego,073,3302833,25,2,0,2,0
2020-03-02,San Francisco,075,870044,17,0,0,0,0
2020-03-02,San Joaquin,077,732212,7,0,3,3,0
2020-03-02,San Luis Obispo,079,281455,2,0,0,0,0
2020-03-02,San Mateo,081,765935,44,1,0,1,0
2020-03-02,Santa Barbara,083,443738,1,0,0,0,0
2020-03-02,Santa Clara,085,1922200,108,7,1,8,0
2020-03-02,Santa Cruz,087,273765,9,0,0,0,0
2020-03-02,Shasta,089,179085,2,0,0,0,0
2020-03-02,Sierra,091,2930,0,0,0,0,0
2020-03-02,Siskiyou,093,43540,0,0,0,0,0
2020-03-02,Solano,095,438530,19,24,0,24,0
2020-03-02,Sonoma,097,501317,10,1,0,1,0
2020-03-02,Stanislaus,099,539301,2,0,2,2,0
2020-03-02,Sutter,101,95872,0,0,0,0,0
2020-03-02,Tehama,103,63373,0,0,0,0,0
2020-03-02,Trinity,105,12862,0,0,0,0,0
2020-03-02,Tulare,107,460477,6,0,0,0,0
2020-03-02,Tuolumne,109,53932,0,0,0,0,0
2020-03-02,Ventura,111,848112,10,0,0,0,0
2020-03-02,Yolo,113,214977,2,0,0,0,0
2020-03-02,Yuba,115,75493,0,0,0,0,0
2020-03-01,Alameda,001,1643700,20,1,0,1,0
2020-03-01,Alpine,003,1148,0,0,0,0,0
2020-03-01,Amador,005,37829,0,0,0,0,0
2020-03-01,Butte,007,227075,0,0,0,0,0
2020-03-01,Calaveras,009,45235,0,0,0,0,0
2020-03-01,Colusa,011,21464,0,0,0,0,0
2020-03-01,Contra Costa,013,1133247,24,0,0,0,0
2020-03-01,Del Norte,015,27424,0,0,0,0,0
2020-03-01,El Dorado,017,186661,1,0,0,0,0
2020-03-01,Fresno,019,978130,0,0,1,1,0
2020-03-01,Glenn,021,27897,0,0,0,0,0
2020-03-01,Humboldt,023,135768,1,1,0,1,0
2020-03-01,Imperial,025,180216,5,0,0,0,0
2020-03-01,Inyo,027,18085,0,0,0,0,0
2020-03-01,Kern,029,883053,2,0,0,0,0
2020-03-01,Kings,031,150075,2,0,1,1,0
2020-03-01,Lake,033,64148,0,0,0,0,0
2020-03-01,Lassen,035,31185,0,0,0,0,0
2020-03-01,Los Angeles,037,10098052,132,1,10,11,0
2020-03-01,Madera,039,155013,2,0,0,0,0
2020-03-01,Marin,041,260295,5,0,0,0,0
2020-03-01,Mariposa,043,17540,0,0,0,0,0
2020-03-01,Mendocino,045,87422,0,0,0,0,0
2020-03-01,Merced,047,269075,1,0,0,0,0
2020-03-01,Modoc,049,8938,0,0,0,0,0
2020-03-01,Mono,051,14174,1,0,0,0,0
2020-03-01,Monterey,053,433212,0,0,0,0,0
2020-03-01,Napa,055,140530,1,0,0,0,0
2020-03-01,Nevada,057,99092,0,0,1,1,0
2020-03-01,Orange,059,3164182,62,1,0,1,0
2020-03-01,Placer,061,380077,8,0,0,0,0
2020-03-01,Plumas,063,18699,0,0,0,0,0
2020-03-01,Riverside,065,2383286,18,0,1,1,0
2020-03-01,Sacramento,067,1510023,21,1,0,1,0
2020-03-01,San Benito,069,59416,0,2,0,2,0
2020-03-01,San Bernardino,071,2135413,25,0,0,0,0
2020-03-01,San Diego,073,3302833,18,2,0,2,0
2020-03-01,San Francisco,075,870044,13,0,0,0,0
2020-03-01,San Joaquin,077,732212,7,0,3,3,0
2020-03-01,San Luis Obispo,079,281455,2,0,0,0,0
2020-03-01,San Mateo,081,765935,36,0,0,0,0
2020-03-01,Santa Barbara,083,443738,1,0,0,0,0
2020-03-01,Santa Clara,085,1922200,95,6,1,7,0
2020-03-01,Santa Cruz,087,273765,8,0,0,0,0
2020-03-01,Shasta,089,179085,2,0,0,0,0
2020-03-01,Sierra,091,2930,0,0,0,0,0
2020-03-01,Siskiyou,093,43540,0,0,0,0,0
2020-03-01,Solano,095,438530,19,24,0,24,0
2020-03-01,Sonoma,097,501317,9,0,0,0,0
2020-03-01,Stanislaus,099,539301,2,0,2,2,0
2020-03-01,Sutter,101,95872,0,0,0,0,0
2020-03-01,Tehama,103,63373,0,0,0,0,0
2020-03-01,Trinity,105,12862,0,0,0,0,0
2020-03-01,Tulare,107,460477,6,0,0,0,0
2020-03-01,Tuolumne,109,53932,0,0,0,0,0
2020-03-01,Ventura,111,848112,8,0,0,0,0
2020-03-01,Yolo,113,214977,2,0,0,0,0
2020-03-01,Yuba,115,75493,0,0,0,0,0
2020-02-29,Alameda,001,1643700,16,0,0,0,0
2020-02-29,Alpine,003,1148,0,0,0,0,0
2020-02-29,Amador,005,37829,0,0,0,0,0
2020-02-29,Butte,007,227075,0,0,0,0,0
2020-02-29,Calaveras,009,45235,0,0,0,0,0
2020-02-29,Colusa,011,21464,0,0,0,0,0
2020-02-29,Contra Costa,013,1133247,20,0,0,0,0
2020-02-29,Del Norte,015,27424,0,0,0,0,0
2020-02-29,El Dorado,017,186661,1,0,0,0,0
2020-02-29,Fresno,019,978130,0,0,0,0,0
2020-02-29,Glenn,021,27897,0,0,0,0,0
2020-02-29,Humboldt,023,135768,1,1,0,1,0
2020-02-29,Imperial,025,180216,3,0,0,0,0
2020-02-29,Inyo,027,18085,0,0,0,0,0
2020-02-29,Kern,029,883053,2,0,0,0,0
2020-02-29,Kings,031,150075,2,0,1,1,0
2020-02-29,Lake,033,64148,0,0,0,0,0
2020-02-29,Lassen,035,31185,0,0,0,0,0
2020-02-29,Los Angeles,037,10098052,104,1,10,11,0
2020-02-29,Madera,039,155013,2,0,0,0,0
2020-02-29,Marin,041,260295,4,0,0,0,0
2020-02-29,Mariposa,043,17540,0,0,0,0,0
2020-02-29,Mendocino,045,87422,0,0,0,0,0
2020-02-29,Merced,047,269075,1,0,0,0,0
2020-02-29,Modoc,049,8938,0,0,0,0,0
2020-02-29,Mono,051,14174,1,0,0,0,0
2020-02-29,Monterey,053,433212,0,0,0,0,0
2020-02-29,Napa,055,140530,1,0,0,0,0
2020-02-29,Nevada,057,99092,0,0,1,1,0
2020-02-29,Orange,059,3164182,57,1,0,1,0
2020-02-29,Placer,061,380077,7,0,0,0,0
2020-02-29,Plumas,063,18699,0,0,0,0,0
2020-02-29,Riverside,065,2383286,15,0,1,1,0
2020-02-29,Sacramento,067,1510023,16,1,0,1,0
2020-02-29,San Benito,069,59416,0,2,0,2,0
2020-02-29,San Bernardino,071,2135413,23,0,0,0,0
2020-02-29,San Diego,073,3302833,14,2,0,2,0
2020-02-29,San Francisco,075,870044,12,0,0,0,0
2020-02-29,San Joaquin,077,732212,6,0,3,3,0
2020-02-29,San Luis Obispo,079,281455,2,0,0,0,0
2020-02-29,San Mateo,081,765935,29,0,0,0,0
2020-02-29,Santa Barbara,083,443738,0,0,0,0,0
2020-02-29,Santa Clara,085,1922200,73,3,1,4,0
2020-02-29,Santa Cruz,087,273765,8,0,0,0,0
2020-02-29,Shasta,089,179085,2,0,0,0,0
2020-02-29,Sierra,091,2930,0,0,0,0,0
2020-02-29,Siskiyou,093,43540,0,0,0,0,0
2020-02-29,Solano,095,438530,18,23,0,23,0
2020-02-29,Sonoma,097,501317,6,0,0,0,0
2020-02-29,Stanislaus,099,539301,2,0,2,2,0
2020-02-29,Sutter,101,95872,0,0,0,0,0
2020-02-29,Tehama,103,63373,0,0,0,0,0
2020-02-29,Trinity,105,12862,0,0,0,0,0
2020-02-29,Tulare,107,460477,4,0,0,0,0
2020-02-29,Tuolumne,109,53932,0,0,0,0,0
2020-02-29,Ventura,111,848112,6,0,0,0,0
2020-02-29,Yolo,113,214977,2,0,0,0,0
2020-02-29,Yuba,115,75493,0,0,0,0,0
2020-02-28,Alameda,001,1643700,14,0,0,0,0
2020-02-28,Alpine,003,1148,0,0,0,0,0
2020-02-28,Amador,005,37829,0,0,0,0,0
2020-02-28,Butte,007,227075,0,0,0,0,0
2020-02-28,Calaveras,009,45235,0,0,0,0,0
2020-02-28,Colusa,011,21464,0,0,0,0,0
2020-02-28,Contra Costa,013,1133247,20,0,0,0,0
2020-02-28,Del Norte,015,27424,0,0,0,0,0
2020-02-28,El Dorado,017,186661,0,0,0,0,0
2020-02-28,Fresno,019,978130,0,0,0,0,0
2020-02-28,Glenn,021,27897,0,0,0,0,0
2020-02-28,Humboldt,023,135768,1,1,0,1,0
2020-02-28,Imperial,025,180216,3,0,0,0,0
2020-02-28,Inyo,027,18085,0,0,0,0,0
2020-02-28,Kern,029,883053,2,0,0,0,0
2020-02-28,Kings,031,150075,2,0,1,1,0
2020-02-28,Lake,033,64148,0,0,0,0,0
2020-02-28,Lassen,035,31185,0,0,0,0,0
2020-02-28,Los Angeles,037,10098052,96,1,10,11,0
2020-02-28,Madera,039,155013,2,0,0,0,0
2020-02-28,Marin,041,260295,2,0,0,0,0
2020-02-28,Mariposa,043,17540,0,0,0,0,0
2020-02-28,Mendocino,045,87422,0,0,0,0,0
2020-02-28,Merced,047,269075,1,0,0,0,0
2020-02-28,Modoc,049,8938,0,0,0,0,0
2020-02-28,Mono,051,14174,0,0,0,0,0
2020-02-28,Monterey,053,433212,0,0,0,0,0
2020-02-28,Napa,055,140530,1,0,0,0,0
2020-02-28,Nevada,057,99092,0,0,1,1,0
2020-02-28,Orange,059,3164182,55,1,0,1,0
2020-02-28,Placer,061,380077,7,0,0,0,0
2020-02-28,Plumas,063,18699,0,0,0,0,0
2020-02-28,Riverside,065,2383286,13,0,1,1,0
2020-02-28,Sacramento,067,1510023,10,1,0,1,0
2020-02-28,San Benito,069,59416,0,2,0,2,0
2020-02-28,San Bernardino,071,2135413,23,0,0,0,0
2020-02-28,San Diego,073,3302833,13,2,0,2,0
2020-02-28,San Francisco,075,870044,10,0,0,0,0
2020-02-28,San Joaquin,077,732212,6,0,3,3,0
2020-02-28,San Luis Obispo,079,281455,2,0,0,0,0
2020-02-28,San Mateo,081,765935,24,0,0,0,0
2020-02-28,Santa Barbara,083,443738,0,0,0,0,0
2020-02-28,Santa Clara,085,1922200,68,3,1,4,0
2020-02-28,Santa Cruz,087,273765,8,0,0,0,0
2020-02-28,Shasta,089,179085,2,0,0,0,0
2020-02-28,Sierra,091,2930,0,0,0,0,0
2020-02-28,Siskiyou,093,43540,0,0,0,0,0
2020-02-28,Solano,095,438530,17,23,0,23,0
2020-02-28,Sonoma,097,501317,6,0,0,0,0
2020-02-28,Stanislaus,099,539301,2,0,2,2,0
2020-02-28,Sutter,101,95872,0,0,0,0,0
2020-02-28,Tehama,103,63373,0,0,0,0,0
2020-02-28,Trinity,105,12862,0,0,0,0,0
2020-02-28,Tulare,107,460477,3,0,0,0,0
2020-02-28,Tuolumne,109,53932,0,0,0,0,0
2020-02-28,Ventura,111,848112,6,0,0,0,0
2020-02-28,Yolo,113,214977,2,0,0,0,0
2020-02-28,Yuba,115,75493,0,0,0,0,0
2020-02-27,Alameda,001,1643700,13,0,0,0,0
2020-02-27,Alpine,003,1148,0,0,0,0,0
2020-02-27,Amador,005,37829,0,0,0,0,0
2020-02-27,Butte,007,227075,0,0,0,0,0
2020-02-27,Calaveras,009,45235,0,0,0,0,0
2020-02-27,Colusa,011,21464,0,0,0,0,0
2020-02-27,Contra Costa,013,1133247,14,0,0,0,0
2020-02-27,Del Norte,015,27424,0,0,0,0,0
2020-02-27,El Dorado,017,186661,0,0,0,0,0
2020-02-27,Fresno,019,978130,0,0,0,0,0
2020-02-27,Glenn,021,27897,0,0,0,0,0
2020-02-27,Humboldt,023,135768,1,1,0,1,0
2020-02-27,Imperial,025,180216,3,0,0,0,0
2020-02-27,Inyo,027,18085,0,0,0,0,0
2020-02-27,Kern,029,883053,2,0,0,0,0
2020-02-27,Kings,031,150075,2,0,1,1,0
2020-02-27,Lake,033,64148,0,0,0,0,0
2020-02-27,Lassen,035,31185,0,0,0,0,0
2020-02-27,Los Angeles,037,10098052,89,1,10,11,0
2020-02-27,Madera,039,155013,2,0,0,0,0
2020-02-27,Marin,041,260295,1,0,0,0,0
2020-02-27,Mariposa,043,17540,0,0,0,0,0
2020-02-27,Mendocino,045,87422,0,0,0,0,0
2020-02-27,Merced,047,269075,1,0,0,0,0
2020-02-27,Modoc,049,8938,0,0,0,0,0
2020-02-27,Mono,051,14174,0,0,0,0,0
2020-02-27,Monterey,053,433212,0,0,0,0,0
2020-02-27,Napa,055,140530,1,0,0,0,0
2020-02-27,Nevada,057,99092,0,0,1,1,0
2020-02-27,Orange,059,3164182,49,1,0,1,0
2020-02-27,Placer,061,380077,6,0,0,0,0
2020-02-27,Plumas,063,18699,0,0,0,0,0
2020-02-27,Riverside,065,2383286,12,0,1,1,0
2020-02-27,Sacramento,067,1510023,10,1,0,1,0
2020-02-27,San Benito,069,59416,0,2,0,2,0
2020-02-27,San Bernardino,071,2135413,23,0,0,0,0
2020-02-27,San Diego,073,3302833,12,2,0,2,0
2020-02-27,San Francisco,075,870044,9,0,0,0,0
2020-02-27,San Joaquin,077,732212,5,0,3,3,0
2020-02-27,San Luis Obispo,079,281455,2,0,0,0,0
2020-02-27,San Mateo,081,765935,20,0,0,0,0
2020-02-27,Santa Barbara,083,443738,0,0,0,0,0
2020-02-27,Santa Clara,085,1922200,57,2,1,3,0
2020-02-27,Santa Cruz,087,273765,6,0,0,0,0
2020-02-27,Shasta,089,179085,0,0,0,0,0
2020-02-27,Sierra,091,2930,0,0,0,0,0
2020-02-27,Siskiyou,093,43540,0,0,0,0,0
2020-02-27,Solano,095,438530,17,23,0,23,0
2020-02-27,Sonoma,097,501317,5,0,0,0,0
2020-02-27,Stanislaus,099,539301,2,0,2,2,0
2020-02-27,Sutter,101,95872,0,0,0,0,0
2020-02-27,Tehama,103,63373,0,0,0,0,0
2020-02-27,Trinity,105,12862,0,0,0,0,0
2020-02-27,Tulare,107,460477,3,0,0,0,0
2020-02-27,Tuolumne,109,53932,0,0,0,0,0
2020-02-27,Ventura,111,848112,4,0,0,0,0
2020-02-27,Yolo,113,214977,2,0,0,0,0
2020-02-27,Yuba,115,75493,0,0,0,0,0
2020-02-26,Alameda,001,1643700,13,0,0,0,0
2020-02-26,Alpine,003,1148,0,0,0,0,0
2020-02-26,Amador,005,37829,0,0,0,0,0
2020-02-26,Butte,007,227075,0,0,0,0,0
2020-02-26,Calaveras,009,45235,0,0,0,0,0
2020-02-26,Colusa,011,21464,0,0,0,0,0
2020-02-26,Contra Costa,013,1133247,13,0,0,0,0
2020-02-26,Del Norte,015,27424,0,0,0,0,0
2020-02-26,El Dorado,017,186661,0,0,0,0,0
2020-02-26,Fresno,019,978130,0,0,0,0,0
2020-02-26,Glenn,021,27897,0,0,0,0,0
2020-02-26,Humboldt,023,135768,1,1,0,1,0
2020-02-26,Imperial,025,180216,3,0,0,0,0
2020-02-26,Inyo,027,18085,0,0,0,0,0
2020-02-26,Kern,029,883053,2,0,0,0,0
2020-02-26,Kings,031,150075,2,0,1,1,0
2020-02-26,Lake,033,64148,0,0,0,0,0
2020-02-26,Lassen,035,31185,0,0,0,0,0
2020-02-26,Los Angeles,037,10098052,83,1,10,11,0
2020-02-26,Madera,039,155013,2,0,0,0,0
2020-02-26,Marin,041,260295,1,0,0,0,0
2020-02-26,Mariposa,043,17540,0,0,0,0,0
2020-02-26,Mendocino,045,87422,0,0,0,0,0
2020-02-26,Merced,047,269075,1,0,0,0,0
2020-02-26,Modoc,049,8938,0,0,0,0,0
2020-02-26,Mono,051,14174,0,0,0,0,0
2020-02-26,Monterey,053,433212,0,0,0,0,0
2020-02-26,Napa,055,140530,0,0,0,0,0
2020-02-26,Nevada,057,99092,0,0,1,1,0
2020-02-26,Orange,059,3164182,48,1,0,1,0
2020-02-26,Placer,061,380077,5,0,0,0,0
2020-02-26,Plumas,063,18699,0,0,0,0,0
2020-02-26,Riverside,065,2383286,10,0,1,1,0
2020-02-26,Sacramento,067,1510023,10,1,0,1,0
2020-02-26,San Benito,069,59416,0,2,0,2,0
2020-02-26,San Bernardino,071,2135413,21,0,0,0,0
2020-02-26,San Diego,073,3302833,11,2,0,2,0
2020-02-26,San Francisco,075,870044,9,0,0,0,0
2020-02-26,San Joaquin,077,732212,5,0,3,3,0
2020-02-26,San Luis Obispo,079,281455,2,0,0,0,0
2020-02-26,San Mateo,081,765935,18,0,0,0,0
2020-02-26,Santa Barbara,083,443738,0,0,0,0,0
2020-02-26,Santa Clara,085,1922200,49,2,1,3,0
2020-02-26,Santa Cruz,087,273765,6,0,0,0,0
2020-02-26,Shasta,089,179085,0,0,0,0,0
2020-02-26,Sierra,091,2930,0,0,0,0,0
2020-02-26,Siskiyou,093,43540,0,0,0,0,0
2020-02-26,Solano,095,438530,17,23,0,23,0
2020-02-26,Sonoma,097,501317,5,0,0,0,0
2020-02-26,Stanislaus,099,539301,2,0,2,2,0
2020-02-26,Sutter,101,95872,0,0,0,0,0
2020-02-26,Tehama,103,63373,0,0,0,0,0
2020-02-26,Trinity,105,12862,0,0,0,0,0
2020-02-26,Tulare,107,460477,3,0,0,0,0
2020-02-26,Tuolumne,109,53932,0,0,0,0,0
2020-02-26,Ventura,111,848112,4,0,0,0,0
2020-02-26,Yolo,113,214977,2,0,0,0,0
2020-02-26,Yuba,115,75493,0,0,0,0,0
2020-02-25,Alameda,001,1643700,13,0,0,0,0
2020-02-25,Alpine,003,1148,0,0,0,0,0
2020-02-25,Amador,005,37829,0,0,0,0,0
2020-02-25,Butte,007,227075,0,0,0,0,0
2020-02-25,Calaveras,009,45235,0,0,0,0,0
2020-02-25,Colusa,011,21464,0,0,0,0,0
2020-02-25,Contra Costa,013,1133247,11,0,0,0,0
2020-02-25,Del Norte,015,27424,0,0,0,0,0
2020-02-25,El Dorado,017,186661,0,0,0,0,0
2020-02-25,Fresno,019,978130,0,0,0,0,0
2020-02-25,Glenn,021,27897,0,0,0,0,0
2020-02-25,Humboldt,023,135768,1,1,0,1,0
2020-02-25,Imperial,025,180216,3,0,0,0,0
2020-02-25,Inyo,027,18085,0,0,0,0,0
2020-02-25,Kern,029,883053,2,0,0,0,0
2020-02-25,Kings,031,150075,2,0,1,1,0
2020-02-25,Lake,033,64148,0,0,0,0,0
2020-02-25,Lassen,035,31185,0,0,0,0,0
2020-02-25,Los Angeles,037,10098052,71,1,10,11,0
2020-02-25,Madera,039,155013,2,0,0,0,0
2020-02-25,Marin,041,260295,1,0,0,0,0
2020-02-25,Mariposa,043,17540,0,0,0,0,0
2020-02-25,Mendocino,045,87422,0,0,0,0,0
2020-02-25,Merced,047,269075,0,0,0,0,0
2020-02-25,Modoc,049,8938,0,0,0,0,0
2020-02-25,Mono,051,14174,0,0,0,0,0
2020-02-25,Monterey,053,433212,0,0,0,0,0
2020-02-25,Napa,055,140530,0,0,0,0,0
2020-02-25,Nevada,057,99092,0,0,1,1,0
2020-02-25,Orange,059,3164182,47,1,0,1,0
2020-02-25,Placer,061,380077,5,0,0,0,0
2020-02-25,Plumas,063,18699,0,0,0,0,0
2020-02-25,Riverside,065,2383286,10,0,1,1,0
2020-02-25,Sacramento,067,1510023,8,1,0,1,0
2020-02-25,San Benito,069,59416,0,2,0,2,0
2020-02-25,San Bernardino,071,2135413,19,0,0,0,0
2020-02-25,San Diego,073,3302833,7,2,0,2,0
2020-02-25,San Francisco,075,870044,7,0,0,0,0
2020-02-25,San Joaquin,077,732212,5,0,2,2,0
2020-02-25,San Luis Obispo,079,281455,2,0,0,0,0
2020-02-25,San Mateo,081,765935,17,0,0,0,0
2020-02-25,Santa Barbara,083,443738,0,0,0,0,0
2020-02-25,Santa Clara,085,1922200,40,2,1,3,0
2020-02-25,Santa Cruz,087,273765,5,0,0,0,0
2020-02-25,Shasta,089,179085,0,0,0,0,0
2020-02-25,Sierra,091,2930,0,0,0,0,0
2020-02-25,Siskiyou,093,43540,0,0,0,0,0
2020-02-25,Solano,095,438530,16,21,0,21,0
2020-02-25,Sonoma,097,501317,5,0,0,0,0
2020-02-25,Stanislaus,099,539301,2,0,2,2,0
2020-02-25,Sutter,101,95872,0,0,0,0,0
2020-02-25,Tehama,103,63373,0,0,0,0,0
2020-02-25,Trinity,105,12862,0,0,0,0,0
2020-02-25,Tulare,107,460477,3,0,0,0,0
2020-02-25,Tuolumne,109,53932,0,0,0,0,0
2020-02-25,Ventura,111,848112,4,0,0,0,0
2020-02-25,Yolo,113,214977,2,0,0,0,0
2020-02-25,Yuba,115,75493,0,0,0,0,0
2020-02-24,Alameda,001,1643700,13,0,0,0,0
2020-02-24,Alpine,003,1148,0,0,0,0,0
2020-02-24,Amador,005,37829,0,0,0,0,0
2020-02-24,Butte,007,227075,0,0,0,0,0
2020-02-24,Calaveras,009,45235,0,0,0,0,0
2020-02-24,Colusa,011,21464,0,0,0,0,0
2020-02-24,Contra Costa,013,1133247,9,0,0,0,0
2020-02-24,Del Norte,015,27424,0,0,0,0,0
2020-02-24,El Dorado,017,186661,0,0,0,0,0
2020-02-24,Fresno,019,978130,0,0,0,0,0
2020-02-24,Glenn,021,27897,0,0,0,0,0
2020-02-24,Humboldt,023,135768,1,1,0,1,0
2020-02-24,Imperial,025,180216,3,0,0,0,0
2020-02-24,Inyo,027,18085,0,0,0,0,0
2020-02-24,Kern,029,883053,2,0,0,0,0
2020-02-24,Kings,031,150075,2,0,1,1,0
2020-02-24,Lake,033,64148,0,0,0,0,0
2020-02-24,Lassen,035,31185,0,0,0,0,0
2020-02-24,Los Angeles,037,10098052,66,1,10,11,0
2020-02-24,Madera,039,155013,1,0,0,0,0
2020-02-24,Marin,041,260295,1,0,0,0,0
2020-02-24,Mariposa,043,17540,0,0,0,0,0
2020-02-24,Mendocino,045,87422,0,0,0,0,0
2020-02-24,Merced,047,269075,0,0,0,0,0
2020-02-24,Modoc,049,8938,0,0,0,0,0
2020-02-24,Mono,051,14174,0,0,0,0,0
2020-02-24,Monterey,053,433212,0,0,0,0,0
2020-02-24,Napa,055,140530,0,0,0,0,0
2020-02-24,Nevada,057,99092,0,0,1,1,0
2020-02-24,Orange,059,3164182,45,1,0,1,0
2020-02-24,Placer,061,380077,3,0,0,0,0
2020-02-24,Plumas,063,18699,0,0,0,0,0
2020-02-24,Riverside,065,2383286,9,0,1,1,0
2020-02-24,Sacramento,067,1510023,7,1,0,1,0
2020-02-24,San Benito,069,59416,0,2,0,2,0
2020-02-24,San Bernardino,071,2135413,19,0,0,0,0
2020-02-24,San Diego,073,3302833,7,2,0,2,0
2020-02-24,San Francisco,075,870044,6,0,0,0,0
2020-02-24,San Joaquin,077,732212,5,0,1,1,0
2020-02-24,San Luis Obispo,079,281455,2,0,0,0,0
2020-02-24,San Mateo,081,765935,13,0,0,0,0
2020-02-24,Santa Barbara,083,443738,0,0,0,0,0
2020-02-24,Santa Clara,085,1922200,38,2,1,3,0
2020-02-24,Santa Cruz,087,273765,5,0,0,0,0
2020-02-24,Shasta,089,179085,0,0,0,0,0
2020-02-24,Sierra,091,2930,0,0,0,0,0
2020-02-24,Siskiyou,093,43540,0,0,0,0,0
2020-02-24,Solano,095,438530,13,15,0,15,0
2020-02-24,Sonoma,097,501317,5,0,0,0,0
2020-02-24,Stanislaus,099,539301,2,0,2,2,0
2020-02-24,Sutter,101,95872,0,0,0,0,0
2020-02-24,Tehama,103,63373,0,0,0,0,0
2020-02-24,Trinity,105,12862,0,0,0,0,0
2020-02-24,Tulare,107,460477,3,0,0,0,0
2020-02-24,Tuolumne,109,53932,0,0,0,0,0
2020-02-24,Ventura,111,848112,4,0,0,0,0
2020-02-24,Yolo,113,214977,2,0,0,0,0
2020-02-24,Yuba,115,75493,0,0,0,0,0
2020-02-23,Alameda,001,1643700,11,0,0,0,0
2020-02-23,Alpine,003,1148,0,0,0,0,0
2020-02-23,Amador,005,37829,0,0,0,0,0
2020-02-23,Butte,007,227075,0,0,0,0,0
2020-02-23,Calaveras,009,45235,0,0,0,0,0
2020-02-23,Colusa,011,21464,0,0,0,0,0
2020-02-23,Contra Costa,013,1133247,6,0,0,0,0
2020-02-23,Del Norte,015,27424,0,0,0,0,0
2020-02-23,El Dorado,017,186661,0,0,0,0,0
2020-02-23,Fresno,019,978130,0,0,0,0,0
2020-02-23,Glenn,021,27897,0,0,0,0,0
2020-02-23,Humboldt,023,135768,1,1,0,1,0
2020-02-23,Imperial,025,180216,3,0,0,0,0
2020-02-23,Inyo,027,18085,0,0,0,0,0
2020-02-23,Kern,029,883053,2,0,0,0,0
2020-02-23,Kings,031,150075,2,0,1,1,0
2020-02-23,Lake,033,64148,0,0,0,0,0
2020-02-23,Lassen,035,31185,0,0,0,0,0
2020-02-23,Los Angeles,037,10098052,58,1,10,11,0
2020-02-23,Madera,039,155013,1,0,0,0,0
2020-02-23,Marin,041,260295,1,0,0,0,0
2020-02-23,Mariposa,043,17540,0,0,0,0,0
2020-02-23,Mendocino,045,87422,0,0,0,0,0
2020-02-23,Merced,047,269075,0,0,0,0,0
2020-02-23,Modoc,049,8938,0,0,0,0,0
2020-02-23,Mono,051,14174,0,0,0,0,0
2020-02-23,Monterey,053,433212,0,0,0,0,0
2020-02-23,Napa,055,140530,0,0,0,0,0
2020-02-23,Nevada,057,99092,0,0,1,1,0
2020-02-23,Orange,059,3164182,45,1,0,1,0
2020-02-23,Placer,061,380077,3,0,0,0,0
2020-02-23,Plumas,063,18699,0,0,0,0,0
2020-02-23,Riverside,065,2383286,9,0,0,0,0
2020-02-23,Sacramento,067,1510023,6,1,0,1,0
2020-02-23,San Benito,069,59416,0,2,0,2,0
2020-02-23,San Bernardino,071,2135413,18,0,0,0,0
2020-02-23,San Diego,073,3302833,6,2,0,2,0
2020-02-23,San Francisco,075,870044,5,0,0,0,0
2020-02-23,San Joaquin,077,732212,4,0,1,1,0
2020-02-23,San Luis Obispo,079,281455,2,0,0,0,0
2020-02-23,San Mateo,081,765935,10,0,0,0,0
2020-02-23,Santa Barbara,083,443738,0,0,0,0,0
2020-02-23,Santa Clara,085,1922200,26,2,1,3,0
2020-02-23,Santa Cruz,087,273765,2,0,0,0,0
2020-02-23,Shasta,089,179085,0,0,0,0,0
2020-02-23,Sierra,091,2930,0,0,0,0,0
2020-02-23,Siskiyou,093,43540,0,0,0,0,0
2020-02-23,Solano,095,438530,11,15,0,15,0
2020-02-23,Sonoma,097,501317,5,0,0,0,0
2020-02-23,Stanislaus,099,539301,2,0,2,2,0
2020-02-23,Sutter,101,95872,0,0,0,0,0
2020-02-23,Tehama,103,63373,0,0,0,0,0
2020-02-23,Trinity,105,12862,0,0,0,0,0
2020-02-23,Tulare,107,460477,2,0,0,0,0
2020-02-23,Tuolumne,109,53932,0,0,0,0,0
2020-02-23,Ventura,111,848112,4,0,0,0,0
2020-02-23,Yolo,113,214977,2,0,0,0,0
2020-02-23,Yuba,115,75493,0,0,0,0,0
2020-02-22,Alameda,001,1643700,10,0,0,0,0
2020-02-22,Alpine,003,1148,0,0,0,0,0
2020-02-22,Amador,005,37829,0,0,0,0,0
2020-02-22,Butte,007,227075,0,0,0,0,0
2020-02-22,Calaveras,009,45235,0,0,0,0,0
2020-02-22,Colusa,011,21464,0,0,0,0,0
2020-02-22,Contra Costa,013,1133247,5,0,0,0,0
2020-02-22,Del Norte,015,27424,0,0,0,0,0
2020-02-22,El Dorado,017,186661,0,0,0,0,0
2020-02-22,Fresno,019,978130,0,0,0,0,0
2020-02-22,Glenn,021,27897,0,0,0,0,0
2020-02-22,Humboldt,023,135768,1,1,0,1,0
2020-02-22,Imperial,025,180216,2,0,0,0,0
2020-02-22,Inyo,027,18085,0,0,0,0,0
2020-02-22,Kern,029,883053,2,0,0,0,0
2020-02-22,Kings,031,150075,2,0,1,1,0
2020-02-22,Lake,033,64148,0,0,0,0,0
2020-02-22,Lassen,035,31185,0,0,0,0,0
2020-02-22,Los Angeles,037,10098052,56,1,10,11,0
2020-02-22,Madera,039,155013,0,0,0,0,0
2020-02-22,Marin,041,260295,1,0,0,0,0
2020-02-22,Mariposa,043,17540,0,0,0,0,0
2020-02-22,Mendocino,045,87422,0,0,0,0,0
2020-02-22,Merced,047,269075,0,0,0,0,0
2020-02-22,Modoc,049,8938,0,0,0,0,0
2020-02-22,Mono,051,14174,0,0,0,0,0
2020-02-22,Monterey,053,433212,0,0,0,0,0
2020-02-22,Napa,055,140530,0,0,0,0,0
2020-02-22,Nevada,057,99092,0,0,1,1,0
2020-02-22,Orange,059,3164182,44,1,0,1,0
2020-02-22,Placer,061,380077,3,0,0,0,0
2020-02-22,Plumas,063,18699,0,0,0,0,0
2020-02-22,Riverside,065,2383286,9,0,0,0,0
2020-02-22,Sacramento,067,1510023,6,1,0,1,0
2020-02-22,San Benito,069,59416,0,2,0,2,0
2020-02-22,San Bernardino,071,2135413,16,0,0,0,0
2020-02-22,San Diego,073,3302833,5,2,0,2,0
2020-02-22,San Francisco,075,870044,3,0,0,0,0
2020-02-22,San Joaquin,077,732212,4,0,1,1,0
2020-02-22,San Luis Obispo,079,281455,2,0,0,0,0
2020-02-22,San Mateo,081,765935,8,0,0,0,0
2020-02-22,Santa Barbara,083,443738,0,0,0,0,0
2020-02-22,Santa Clara,085,1922200,23,2,1,3,0
2020-02-22,Santa Cruz,087,273765,2,0,0,0,0
2020-02-22,Shasta,089,179085,0,0,0,0,0
2020-02-22,Sierra,091,2930,0,0,0,0,0
2020-02-22,Siskiyou,093,43540,0,0,0,0,0
2020-02-22,Solano,095,438530,11,11,0,11,0
2020-02-22,Sonoma,097,501317,4,0,0,0,0
2020-02-22,Stanislaus,099,539301,2,0,2,2,0
2020-02-22,Sutter,101,95872,0,0,0,0,0
2020-02-22,Tehama,103,63373,0,0,0,0,0
2020-02-22,Trinity,105,12862,0,0,0,0,0
2020-02-22,Tulare,107,460477,2,0,0,0,0
2020-02-22,Tuolumne,109,53932,0,0,0,0,0
2020-02-22,Ventura,111,848112,4,0,0,0,0
2020-02-22,Yolo,113,214977,1,0,0,0,0
2020-02-22,Yuba,115,75493,0,0,0,0,0
2020-02-21,Alameda,001,1643700,9,0,0,0,0
2020-02-21,Alpine,003,1148,0,0,0,0,0
2020-02-21,Amador,005,37829,0,0,0,0,0
2020-02-21,Butte,007,227075,0,0,0,0,0
2020-02-21,Calaveras,009,45235,0,0,0,0,0
2020-02-21,Colusa,011,21464,0,0,0,0,0
2020-02-21,Contra Costa,013,1133247,4,0,0,0,0
2020-02-21,Del Norte,015,27424,0,0,0,0,0
2020-02-21,El Dorado,017,186661,0,0,0,0,0
2020-02-21,Fresno,019,978130,0,0,0,0,0
2020-02-21,Glenn,021,27897,0,0,0,0,0
2020-02-21,Humboldt,023,135768,1,1,0,1,0
2020-02-21,Imperial,025,180216,2,0,0,0,0
2020-02-21,Inyo,027,18085,0,0,0,0,0
2020-02-21,Kern,029,883053,2,0,0,0,0
2020-02-21,Kings,031,150075,2,0,1,1,0
2020-02-21,Lake,033,64148,0,0,0,0,0
2020-02-21,Lassen,035,31185,0,0,0,0,0
2020-02-21,Los Angeles,037,10098052,52,1,10,11,0
2020-02-21,Madera,039,155013,0,0,0,0,0
2020-02-21,Marin,041,260295,1,0,0,0,0
2020-02-21,Mariposa,043,17540,0,0,0,0,0
2020-02-21,Mendocino,045,87422,0,0,0,0,0
2020-02-21,Merced,047,269075,0,0,0,0,0
2020-02-21,Modoc,049,8938,0,0,0,0,0
2020-02-21,Mono,051,14174,0,0,0,0,0
2020-02-21,Monterey,053,433212,0,0,0,0,0
2020-02-21,Napa,055,140530,0,0,0,0,0
2020-02-21,Nevada,057,99092,0,0,1,1,0
2020-02-21,Orange,059,3164182,42,1,0,1,0
2020-02-21,Placer,061,380077,2,0,0,0,0
2020-02-21,Plumas,063,18699,0,0,0,0,0
2020-02-21,Riverside,065,2383286,9,0,0,0,0
2020-02-21,Sacramento,067,1510023,5,1,0,1,0
2020-02-21,San Benito,069,59416,0,2,0,2,0
2020-02-21,San Bernardino,071,2135413,15,0,0,0,0
2020-02-21,San Diego,073,3302833,5,2,0,2,0
2020-02-21,San Francisco,075,870044,3,0,0,0,0
2020-02-21,San Joaquin,077,732212,2,0,1,1,0
2020-02-21,San Luis Obispo,079,281455,2,0,0,0,0
2020-02-21,San Mateo,081,765935,8,0,0,0,0
2020-02-21,Santa Barbara,083,443738,0,0,0,0,0
2020-02-21,Santa Clara,085,1922200,21,2,1,3,0
2020-02-21,Santa Cruz,087,273765,2,0,0,0,0
2020-02-21,Shasta,089,179085,0,0,0,0,0
2020-02-21,Sierra,091,2930,0,0,0,0,0
2020-02-21,Siskiyou,093,43540,0,0,0,0,0
2020-02-21,Solano,095,438530,10,11,0,11,0
2020-02-21,Sonoma,097,501317,3,0,0,0,0
2020-02-21,Stanislaus,099,539301,2,0,2,2,0
2020-02-21,Sutter,101,95872,0,0,0,0,0
2020-02-21,Tehama,103,63373,0,0,0,0,0
2020-02-21,Trinity,105,12862,0,0,0,0,0
2020-02-21,Tulare,107,460477,2,0,0,0,0
2020-02-21,Tuolumne,109,53932,0,0,0,0,0
2020-02-21,Ventura,111,848112,4,0,0,0,0
2020-02-21,Yolo,113,214977,1,0,0,0,0
2020-02-21,Yuba,115,75493,0,0,0,0,0
2020-02-20,Alameda,001,1643700,7,0,0,0,0
2020-02-20,Alpine,003,1148,0,0,0,0,0
2020-02-20,Amador,005,37829,0,0,0,0,0
2020-02-20,Butte,007,227075,0,0,0,0,0
2020-02-20,Calaveras,009,45235,0,0,0,0,0
2020-02-20,Colusa,011,21464,0,0,0,0,0
2020-02-20,Contra Costa,013,1133247,3,0,0,0,0
2020-02-20,Del Norte,015,27424,0,0,0,0,0
2020-02-20,El Dorado,017,186661,0,0,0,0,0
2020-02-20,Fresno,019,978130,0,0,0,0,0
2020-02-20,Glenn,021,27897,0,0,0,0,0
2020-02-20,Humboldt,023,135768,1,1,0,1,0
2020-02-20,Imperial,025,180216,2,0,0,0,0
2020-02-20,Inyo,027,18085,0,0,0,0,0
2020-02-20,Kern,029,883053,2,0,0,0,0
2020-02-20,Kings,031,150075,2,0,1,1,0
2020-02-20,Lake,033,64148,0,0,0,0,0
2020-02-20,Lassen,035,31185,0,0,0,0,0
2020-02-20,Los Angeles,037,10098052,51,1,9,10,0
2020-02-20,Madera,039,155013,0,0,0,0,0
2020-02-20,Marin,041,260295,0,0,0,0,0
2020-02-20,Mariposa,043,17540,0,0,0,0,0
2020-02-20,Mendocino,045,87422,0,0,0,0,0
2020-02-20,Merced,047,269075,0,0,0,0,0
2020-02-20,Modoc,049,8938,0,0,0,0,0
2020-02-20,Mono,051,14174,0,0,0,0,0
2020-02-20,Monterey,053,433212,0,0,0,0,0
2020-02-20,Napa,055,140530,0,0,0,0,0
2020-02-20,Nevada,057,99092,0,0,1,1,0
2020-02-20,Orange,059,3164182,42,1,0,1,0
2020-02-20,Placer,061,380077,2,0,0,0,0
2020-02-20,Plumas,063,18699,0,0,0,0,0
2020-02-20,Riverside,065,2383286,7,0,0,0,0
2020-02-20,Sacramento,067,1510023,2,1,0,1,0
2020-02-20,San Benito,069,59416,0,2,0,2,0
2020-02-20,San Bernardino,071,2135413,14,0,0,0,0
2020-02-20,San Diego,073,3302833,5,2,0,2,0
2020-02-20,San Francisco,075,870044,3,0,0,0,0
2020-02-20,San Joaquin,077,732212,2,0,1,1,0
2020-02-20,San Luis Obispo,079,281455,2,0,0,0,0
2020-02-20,San Mateo,081,765935,7,0,0,0,0
2020-02-20,Santa Barbara,083,443738,0,0,0,0,0
2020-02-20,Santa Clara,085,1922200,17,2,1,3,0
2020-02-20,Santa Cruz,087,273765,2,0,0,0,0
2020-02-20,Shasta,089,179085,0,0,0,0,0
2020-02-20,Sierra,091,2930,0,0,0,0,0
2020-02-20,Siskiyou,093,43540,0,0,0,0,0
2020-02-20,Solano,095,438530,8,7,0,7,0
2020-02-20,Sonoma,097,501317,2,0,0,0,0
2020-02-20,Stanislaus,099,539301,2,0,2,2,0
2020-02-20,Sutter,101,95872,0,0,0,0,0
2020-02-20,Tehama,103,63373,0,0,0,0,0
2020-02-20,Trinity,105,12862,0,0,0,0,0
2020-02-20,Tulare,107,460477,2,0,0,0,0
2020-02-20,Tuolumne,109,53932,0,0,0,0,0
2020-02-20,Ventura,111,848112,4,0,0,0,0
2020-02-20,Yolo,113,214977,1,0,0,0,0
2020-02-20,Yuba,115,75493,0,0,0,0,0
2020-02-19,Alameda,001,1643700,6,0,0,0,0
2020-02-19,Alpine,003,1148,0,0,0,0,0
2020-02-19,Amador,005,37829,0,0,0,0,0
2020-02-19,Butte,007,227075,0,0,0,0,0
2020-02-19,Calaveras,009,45235,0,0,0,0,0
2020-02-19,Colusa,011,21464,0,0,0,0,0
2020-02-19,Contra Costa,013,1133247,3,0,0,0,0
2020-02-19,Del Norte,015,27424,0,0,0,0,0
2020-02-19,El Dorado,017,186661,0,0,0,0,0
2020-02-19,Fresno,019,978130,0,0,0,0,0
2020-02-19,Glenn,021,27897,0,0,0,0,0
2020-02-19,Humboldt,023,135768,1,0,0,0,0
2020-02-19,Imperial,025,180216,2,0,0,0,0
2020-02-19,Inyo,027,18085,0,0,0,0,0
2020-02-19,Kern,029,883053,2,0,0,0,0
2020-02-19,Kings,031,150075,2,0,1,1,0
2020-02-19,Lake,033,64148,0,0,0,0,0
2020-02-19,Lassen,035,31185,0,0,0,0,0
2020-02-19,Los Angeles,037,10098052,48,1,9,10,0
2020-02-19,Madera,039,155013,0,0,0,0,0
2020-02-19,Marin,041,260295,0,0,0,0,0
2020-02-19,Mariposa,043,17540,0,0,0,0,0
2020-02-19,Mendocino,045,87422,0,0,0,0,0
2020-02-19,Merced,047,269075,0,0,0,0,0
2020-02-19,Modoc,049,8938,0,0,0,0,0
2020-02-19,Mono,051,14174,0,0,0,0,0
2020-02-19,Monterey,053,433212,0,0,0,0,0
2020-02-19,Napa,055,140530,0,0,0,0,0
2020-02-19,Nevada,057,99092,0,0,1,1,0
2020-02-19,Orange,059,3164182,41,1,0,1,0
2020-02-19,Placer,061,380077,2,0,0,0,0
2020-02-19,Plumas,063,18699,0,0,0,0,0
2020-02-19,Riverside,065,2383286,5,0,0,0,0
2020-02-19,Sacramento,067,1510023,2,0,0,0,0
2020-02-19,San Benito,069,59416,0,2,0,2,0
2020-02-19,San Bernardino,071,2135413,13,0,0,0,0
2020-02-19,San Diego,073,3302833,4,2,0,2,0
2020-02-19,San Francisco,075,870044,2,0,0,0,0
2020-02-19,San Joaquin,077,732212,2,0,1,1,0
2020-02-19,San Luis Obispo,079,281455,2,0,0,0,0
2020-02-19,San Mateo,081,765935,6,0,0,0,0
2020-02-19,Santa Barbara,083,443738,0,0,0,0,0
2020-02-19,Santa Clara,085,1922200,15,2,1,3,0
2020-02-19,Santa Cruz,087,273765,0,0,0,0,0
2020-02-19,Shasta,089,179085,0,0,0,0,0
2020-02-19,Sierra,091,2930,0,0,0,0,0
2020-02-19,Siskiyou,093,43540,0,0,0,0,0
2020-02-19,Solano,095,438530,5,7,0,7,0
2020-02-19,Sonoma,097,501317,2,0,0,0,0
2020-02-19,Stanislaus,099,539301,1,0,2,2,0
2020-02-19,Sutter,101,95872,0,0,0,0,0
2020-02-19,Tehama,103,63373,0,0,0,0,0
2020-02-19,Trinity,105,12862,0,0,0,0,0
2020-02-19,Tulare,107,460477,2,0,0,0,0
2020-02-19,Tuolumne,109,53932,0,0,0,0,0
2020-02-19,Ventura,111,848112,2,0,0,0,0
2020-02-19,Yolo,113,214977,1,0,0,0,0
2020-02-19,Yuba,115,75493,0,0,0,0,0
2020-02-18,Alameda,001,1643700,6,0,0,0,0
2020-02-18,Alpine,003,1148,0,0,0,0,0
2020-02-18,Amador,005,37829,0,0,0,0,0
2020-02-18,Butte,007,227075,0,0,0,0,0
2020-02-18,Calaveras,009,45235,0,0,0,0,0
2020-02-18,Colusa,011,21464,0,0,0,0,0
2020-02-18,Contra Costa,013,1133247,3,0,0,0,0
2020-02-18,Del Norte,015,27424,0,0,0,0,0
2020-02-18,El Dorado,017,186661,0,0,0,0,0
2020-02-18,Fresno,019,978130,0,0,0,0,0
2020-02-18,Glenn,021,27897,0,0,0,0,0
2020-02-18,Humboldt,023,135768,1,0,0,0,0
2020-02-18,Imperial,025,180216,1,0,0,0,0
2020-02-18,Inyo,027,18085,0,0,0,0,0
2020-02-18,Kern,029,883053,2,0,0,0,0
2020-02-18,Kings,031,150075,2,0,1,1,0
2020-02-18,Lake,033,64148,0,0,0,0,0
2020-02-18,Lassen,035,31185,0,0,0,0,0
2020-02-18,Los Angeles,037,10098052,45,1,8,9,0
2020-02-18,Madera,039,155013,0,0,0,0,0
2020-02-18,Marin,041,260295,0,0,0,0,0
2020-02-18,Mariposa,043,17540,0,0,0,0,0
2020-02-18,Mendocino,045,87422,0,0,0,0,0
2020-02-18,Merced,047,269075,0,0,0,0,0
2020-02-18,Modoc,049,8938,0,0,0,0,0
2020-02-18,Mono,051,14174,0,0,0,0,0
2020-02-18,Monterey,053,433212,0,0,0,0,0
2020-02-18,Napa,055,140530,0,0,0,0,0
2020-02-18,Nevada,057,99092,0,0,1,1,0
2020-02-18,Orange,059,3164182,40,1,0,1,0
2020-02-18,Placer,061,380077,0,0,0,0,0
2020-02-18,Plumas,063,18699,0,0,0,0,0
2020-02-18,Riverside,065,2383286,5,0,0,0,0
2020-02-18,Sacramento,067,1510023,2,0,0,0,0
2020-02-18,San Benito,069,59416,0,2,0,2,0
2020-02-18,San Bernardino,071,2135413,13,0,0,0,0
2020-02-18,San Diego,073,3302833,4,2,0,2,0
2020-02-18,San Francisco,075,870044,2,0,0,0,0
2020-02-18,San Joaquin,077,732212,1,0,1,1,0
2020-02-18,San Luis Obispo,079,281455,2,0,0,0,0
2020-02-18,San Mateo,081,765935,5,0,0,0,0
2020-02-18,Santa Barbara,083,443738,0,0,0,0,0
2020-02-18,Santa Clara,085,1922200,14,2,1,3,0
2020-02-18,Santa Cruz,087,273765,0,0,0,0,0
2020-02-18,Shasta,089,179085,0,0,0,0,0
2020-02-18,Sierra,091,2930,0,0,0,0,0
2020-02-18,Siskiyou,093,43540,0,0,0,0,0
2020-02-18,Solano,095,438530,5,7,0,7,0
2020-02-18,Sonoma,097,501317,1,0,0,0,0
2020-02-18,Stanislaus,099,539301,1,0,2,2,0
2020-02-18,Sutter,101,95872,0,0,0,0,0
2020-02-18,Tehama,103,63373,0,0,0,0,0
2020-02-18,Trinity,105,12862,0,0,0,0,0
2020-02-18,Tulare,107,460477,2,0,0,0,0
2020-02-18,Tuolumne,109,53932,0,0,0,0,0
2020-02-18,Ventura,111,848112,2,0,0,0,0
2020-02-18,Yolo,113,214977,1,0,0,0,0
2020-02-18,Yuba,115,75493,0,0,0,0,0
2020-02-17,Alameda,001,1643700,6,0,0,0,0
2020-02-17,Alpine,003,1148,0,0,0,0,0
2020-02-17,Amador,005,37829,0,0,0,0,0
2020-02-17,Butte,007,227075,0,0,0,0,0
2020-02-17,Calaveras,009,45235,0,0,0,0,0
2020-02-17,Colusa,011,21464,0,0,0,0,0
2020-02-17,Contra Costa,013,1133247,3,0,0,0,0
2020-02-17,Del Norte,015,27424,0,0,0,0,0
2020-02-17,El Dorado,017,186661,0,0,0,0,0
2020-02-17,Fresno,019,978130,0,0,0,0,0
2020-02-17,Glenn,021,27897,0,0,0,0,0
2020-02-17,Humboldt,023,135768,1,0,0,0,0
2020-02-17,Imperial,025,180216,1,0,0,0,0
2020-02-17,Inyo,027,18085,0,0,0,0,0
2020-02-17,Kern,029,883053,2,0,0,0,0
2020-02-17,Kings,031,150075,2,0,0,0,0
2020-02-17,Lake,033,64148,0,0,0,0,0
2020-02-17,Lassen,035,31185,0,0,0,0,0
2020-02-17,Los Angeles,037,10098052,42,1,7,8,0
2020-02-17,Madera,039,155013,0,0,0,0,0
2020-02-17,Marin,041,260295,0,0,0,0,0
2020-02-17,Mariposa,043,17540,0,0,0,0,0
2020-02-17,Mendocino,045,87422,0,0,0,0,0
2020-02-17,Merced,047,269075,0,0,0,0,0
2020-02-17,Modoc,049,8938,0,0,0,0,0
2020-02-17,Mono,051,14174,0,0,0,0,0
2020-02-17,Monterey,053,433212,0,0,0,0,0
2020-02-17,Napa,055,140530,0,0,0,0,0
2020-02-17,Nevada,057,99092,0,0,1,1,0
2020-02-17,Orange,059,3164182,40,1,0,1,0
2020-02-17,Placer,061,380077,0,0,0,0,0
2020-02-17,Plumas,063,18699,0,0,0,0,0
2020-02-17,Riverside,065,2383286,5,0,0,0,0
2020-02-17,Sacramento,067,1510023,2,0,0,0,0
2020-02-17,San Benito,069,59416,0,2,0,2,0
2020-02-17,San Bernardino,071,2135413,11,0,0,0,0
2020-02-17,San Diego,073,3302833,4,2,0,2,0
2020-02-17,San Francisco,075,870044,2,0,0,0,0
2020-02-17,San Joaquin,077,732212,1,0,1,1,0
2020-02-17,San Luis Obispo,079,281455,1,0,0,0,0
2020-02-17,San Mateo,081,765935,5,0,0,0,0
2020-02-17,Santa Barbara,083,443738,0,0,0,0,0
2020-02-17,Santa Clara,085,1922200,12,2,1,3,0
2020-02-17,Santa Cruz,087,273765,0,0,0,0,0
2020-02-17,Shasta,089,179085,0,0,0,0,0
2020-02-17,Sierra,091,2930,0,0,0,0,0
2020-02-17,Siskiyou,093,43540,0,0,0,0,0
2020-02-17,Solano,095,438530,3,5,0,5,0
2020-02-17,Sonoma,097,501317,1,0,0,0,0
2020-02-17,Stanislaus,099,539301,1,0,2,2,0
2020-02-17,Sutter,101,95872,0,0,0,0,0
2020-02-17,Tehama,103,63373,0,0,0,0,0
2020-02-17,Trinity,105,12862,0,0,0,0,0
2020-02-17,Tulare,107,460477,2,0,0,0,0
2020-02-17,Tuolumne,109,53932,0,0,0,0,0
2020-02-17,Ventura,111,848112,2,0,0,0,0
2020-02-17,Yolo,113,214977,1,0,0,0,0
2020-02-17,Yuba,115,75493,0,0,0,0,0
2020-02-16,Alameda,001,1643700,5,0,0,0,0
2020-02-16,Alpine,003,1148,0,0,0,0,0
2020-02-16,Amador,005,37829,0,0,0,0,0
2020-02-16,Butte,007,227075,0,0,0,0,0
2020-02-16,Calaveras,009,45235,0,0,0,0,0
2020-02-16,Colusa,011,21464,0,0,0,0,0
2020-02-16,Contra Costa,013,1133247,3,0,0,0,0
2020-02-16,Del Norte,015,27424,0,0,0,0,0
2020-02-16,El Dorado,017,186661,0,0,0,0,0
2020-02-16,Fresno,019,978130,0,0,0,0,0
2020-02-16,Glenn,021,27897,0,0,0,0,0
2020-02-16,Humboldt,023,135768,1,0,0,0,0
2020-02-16,Imperial,025,180216,1,0,0,0,0
2020-02-16,Inyo,027,18085,0,0,0,0,0
2020-02-16,Kern,029,883053,2,0,0,0,0
2020-02-16,Kings,031,150075,2,0,0,0,0
2020-02-16,Lake,033,64148,0,0,0,0,0
2020-02-16,Lassen,035,31185,0,0,0,0,0
2020-02-16,Los Angeles,037,10098052,36,1,7,8,0
2020-02-16,Madera,039,155013,0,0,0,0,0
2020-02-16,Marin,041,260295,0,0,0,0,0
2020-02-16,Mariposa,043,17540,0,0,0,0,0
2020-02-16,Mendocino,045,87422,0,0,0,0,0
2020-02-16,Merced,047,269075,0,0,0,0,0
2020-02-16,Modoc,049,8938,0,0,0,0,0
2020-02-16,Mono,051,14174,0,0,0,0,0
2020-02-16,Monterey,053,433212,0,0,0,0,0
2020-02-16,Napa,055,140530,0,0,0,0,0
2020-02-16,Nevada,057,99092,0,0,0,0,0
2020-02-16,Orange,059,3164182,39,1,0,1,0
2020-02-16,Placer,061,380077,0,0,0,0,0
2020-02-16,Plumas,063,18699,0,0,0,0,0
2020-02-16,Riverside,065,2383286,5,0,0,0,0
2020-02-16,Sacramento,067,1510023,2,0,0,0,0
2020-02-16,San Benito,069,59416,0,2,0,2,0
2020-02-16,San Bernardino,071,2135413,10,0,0,0,0
2020-02-16,San Diego,073,3302833,4,2,0,2,0
2020-02-16,San Francisco,075,870044,2,0,0,0,0
2020-02-16,San Joaquin,077,732212,1,0,1,1,0
2020-02-16,San Luis Obispo,079,281455,1,0,0,0,0
2020-02-16,San Mateo,081,765935,4,0,0,0,0
2020-02-16,Santa Barbara,083,443738,0,0,0,0,0
2020-02-16,Santa Clara,085,1922200,10,2,1,3,0
2020-02-16,Santa Cruz,087,273765,0,0,0,0,0
2020-02-16,Shasta,089,179085,0,0,0,0,0
2020-02-16,Sierra,091,2930,0,0,0,0,0
2020-02-16,Siskiyou,093,43540,0,0,0,0,0
2020-02-16,Solano,095,438530,1,0,0,0,0
2020-02-16,Sonoma,097,501317,1,0,0,0,0
2020-02-16,Stanislaus,099,539301,1,0,2,2,0
2020-02-16,Sutter,101,95872,0,0,0,0,0
2020-02-16,Tehama,103,63373,0,0,0,0,0
2020-02-16,Trinity,105,12862,0,0,0,0,0
2020-02-16,Tulare,107,460477,2,0,0,0,0
2020-02-16,Tuolumne,109,53932,0,0,0,0,0
2020-02-16,Ventura,111,848112,2,0,0,0,0
2020-02-16,Yolo,113,214977,1,0,0,0,0
2020-02-16,Yuba,115,75493,0,0,0,0,0
2020-02-15,Alameda,001,1643700,5,0,0,0,0
2020-02-15,Alpine,003,1148,0,0,0,0,0
2020-02-15,Amador,005,37829,0,0,0,0,0
2020-02-15,Butte,007,227075,0,0,0,0,0
2020-02-15,Calaveras,009,45235,0,0,0,0,0
2020-02-15,Colusa,011,21464,0,0,0,0,0
2020-02-15,Contra Costa,013,1133247,3,0,0,0,0
2020-02-15,Del Norte,015,27424,0,0,0,0,0
2020-02-15,El Dorado,017,186661,0,0,0,0,0
2020-02-15,Fresno,019,978130,0,0,0,0,0
2020-02-15,Glenn,021,27897,0,0,0,0,0
2020-02-15,Humboldt,023,135768,1,0,0,0,0
2020-02-15,Imperial,025,180216,1,0,0,0,0
2020-02-15,Inyo,027,18085,0,0,0,0,0
2020-02-15,Kern,029,883053,2,0,0,0,0
2020-02-15,Kings,031,150075,2,0,0,0,0
2020-02-15,Lake,033,64148,0,0,0,0,0
2020-02-15,Lassen,035,31185,0,0,0,0,0
2020-02-15,Los Angeles,037,10098052,33,1,7,8,0
2020-02-15,Madera,039,155013,0,0,0,0,0
2020-02-15,Marin,041,260295,0,0,0,0,0
2020-02-15,Mariposa,043,17540,0,0,0,0,0
2020-02-15,Mendocino,045,87422,0,0,0,0,0
2020-02-15,Merced,047,269075,0,0,0,0,0
2020-02-15,Modoc,049,8938,0,0,0,0,0
2020-02-15,Mono,051,14174,0,0,0,0,0
2020-02-15,Monterey,053,433212,0,0,0,0,0
2020-02-15,Napa,055,140530,0,0,0,0,0
2020-02-15,Nevada,057,99092,0,0,0,0,0
2020-02-15,Orange,059,3164182,38,1,0,1,0
2020-02-15,Placer,061,380077,0,0,0,0,0
2020-02-15,Plumas,063,18699,0,0,0,0,0
2020-02-15,Riverside,065,2383286,4,0,0,0,0
2020-02-15,Sacramento,067,1510023,2,0,0,0,0
2020-02-15,San Benito,069,59416,0,2,0,2,0
2020-02-15,San Bernardino,071,2135413,9,0,0,0,0
2020-02-15,San Diego,073,3302833,4,2,0,2,0
2020-02-15,San Francisco,075,870044,2,0,0,0,0
2020-02-15,San Joaquin,077,732212,1,0,1,1,0
2020-02-15,San Luis Obispo,079,281455,1,0,0,0,0
2020-02-15,San Mateo,081,765935,4,0,0,0,0
2020-02-15,Santa Barbara,083,443738,0,0,0,0,0
2020-02-15,Santa Clara,085,1922200,10,2,1,3,0
2020-02-15,Santa Cruz,087,273765,0,0,0,0,0
2020-02-15,Shasta,089,179085,0,0,0,0,0
2020-02-15,Sierra,091,2930,0,0,0,0,0
2020-02-15,Siskiyou,093,43540,0,0,0,0,0
2020-02-15,Solano,095,438530,1,0,0,0,0
2020-02-15,Sonoma,097,501317,0,0,0,0,0
2020-02-15,Stanislaus,099,539301,1,0,2,2,0
2020-02-15,Sutter,101,95872,0,0,0,0,0
2020-02-15,Tehama,103,63373,0,0,0,0,0
2020-02-15,Trinity,105,12862,0,0,0,0,0
2020-02-15,Tulare,107,460477,2,0,0,0,0
2020-02-15,Tuolumne,109,53932,0,0,0,0,0
2020-02-15,Ventura,111,848112,2,0,0,0,0
2020-02-15,Yolo,113,214977,1,0,0,0,0
2020-02-15,Yuba,115,75493,0,0,0,0,0
2020-02-14,Alameda,001,1643700,4,0,0,0,0
2020-02-14,Alpine,003,1148,0,0,0,0,0
2020-02-14,Amador,005,37829,0,0,0,0,0
2020-02-14,Butte,007,227075,0,0,0,0,0
2020-02-14,Calaveras,009,45235,0,0,0,0,0
2020-02-14,Colusa,011,21464,0,0,0,0,0
2020-02-14,Contra Costa,013,1133247,3,0,0,0,0
2020-02-14,Del Norte,015,27424,0,0,0,0,0
2020-02-14,El Dorado,017,186661,0,0,0,0,0
2020-02-14,Fresno,019,978130,0,0,0,0,0
2020-02-14,Glenn,021,27897,0,0,0,0,0
2020-02-14,Humboldt,023,135768,1,0,0,0,0
2020-02-14,Imperial,025,180216,1,0,0,0,0
2020-02-14,Inyo,027,18085,0,0,0,0,0
2020-02-14,Kern,029,883053,2,0,0,0,0
2020-02-14,Kings,031,150075,1,0,0,0,0
2020-02-14,Lake,033,64148,0,0,0,0,0
2020-02-14,Lassen,035,31185,0,0,0,0,0
2020-02-14,Los Angeles,037,10098052,28,1,7,8,0
2020-02-14,Madera,039,155013,0,0,0,0,0
2020-02-14,Marin,041,260295,0,0,0,0,0
2020-02-14,Mariposa,043,17540,0,0,0,0,0
2020-02-14,Mendocino,045,87422,0,0,0,0,0
2020-02-14,Merced,047,269075,0,0,0,0,0
2020-02-14,Modoc,049,8938,0,0,0,0,0
2020-02-14,Mono,051,14174,0,0,0,0,0
2020-02-14,Monterey,053,433212,0,0,0,0,0
2020-02-14,Napa,055,140530,0,0,0,0,0
2020-02-14,Nevada,057,99092,0,0,0,0,0
2020-02-14,Orange,059,3164182,38,1,0,1,0
2020-02-14,Placer,061,380077,0,0,0,0,0
2020-02-14,Plumas,063,18699,0,0,0,0,0
2020-02-14,Riverside,065,2383286,4,0,0,0,0
2020-02-14,Sacramento,067,1510023,1,0,0,0,0
2020-02-14,San Benito,069,59416,0,2,0,2,0
2020-02-14,San Bernardino,071,2135413,9,0,0,0,0
2020-02-14,San Diego,073,3302833,3,2,0,2,0
2020-02-14,San Francisco,075,870044,2,0,0,0,0
2020-02-14,San Joaquin,077,732212,1,0,1,1,0
2020-02-14,San Luis Obispo,079,281455,0,0,0,0,0
2020-02-14,San Mateo,081,765935,3,0,0,0,0
2020-02-14,Santa Barbara,083,443738,0,0,0,0,0
2020-02-14,Santa Clara,085,1922200,8,2,1,3,0
2020-02-14,Santa Cruz,087,273765,0,0,0,0,0
2020-02-14,Shasta,089,179085,0,0,0,0,0
2020-02-14,Sierra,091,2930,0,0,0,0,0
2020-02-14,Siskiyou,093,43540,0,0,0,0,0
2020-02-14,Solano,095,438530,1,0,0,0,0
2020-02-14,Sonoma,097,501317,0,0,0,0,0
2020-02-14,Stanislaus,099,539301,1,0,2,2,0
2020-02-14,Sutter,101,95872,0,0,0,0,0
2020-02-14,Tehama,103,63373,0,0,0,0,0
2020-02-14,Trinity,105,12862,0,0,0,0,0
2020-02-14,Tulare,107,460477,2,0,0,0,0
2020-02-14,Tuolumne,109,53932,0,0,0,0,0
2020-02-14,Ventura,111,848112,2,0,0,0,0
2020-02-14,Yolo,113,214977,1,0,0,0,0
2020-02-14,Yuba,115,75493,0,0,0,0,0
2020-02-13,Alameda,001,1643700,4,0,0,0,0
2020-02-13,Alpine,003,1148,0,0,0,0,0
2020-02-13,Amador,005,37829,0,0,0,0,0
2020-02-13,Butte,007,227075,0,0,0,0,0
2020-02-13,Calaveras,009,45235,0,0,0,0,0
2020-02-13,Colusa,011,21464,0,0,0,0,0
2020-02-13,Contra Costa,013,1133247,3,0,0,0,0
2020-02-13,Del Norte,015,27424,0,0,0,0,0
2020-02-13,El Dorado,017,186661,0,0,0,0,0
2020-02-13,Fresno,019,978130,0,0,0,0,0
2020-02-13,Glenn,021,27897,0,0,0,0,0
2020-02-13,Humboldt,023,135768,1,0,0,0,0
2020-02-13,Imperial,025,180216,1,0,0,0,0
2020-02-13,Inyo,027,18085,0,0,0,0,0
2020-02-13,Kern,029,883053,2,0,0,0,0
2020-02-13,Kings,031,150075,1,0,0,0,0
2020-02-13,Lake,033,64148,0,0,0,0,0
2020-02-13,Lassen,035,31185,0,0,0,0,0
2020-02-13,Los Angeles,037,10098052,24,1,6,7,0
2020-02-13,Madera,039,155013,0,0,0,0,0
2020-02-13,Marin,041,260295,0,0,0,0,0
2020-02-13,Mariposa,043,17540,0,0,0,0,0
2020-02-13,Mendocino,045,87422,0,0,0,0,0
2020-02-13,Merced,047,269075,0,0,0,0,0
2020-02-13,Modoc,049,8938,0,0,0,0,0
2020-02-13,Mono,051,14174,0,0,0,0,0
2020-02-13,Monterey,053,433212,0,0,0,0,0
2020-02-13,Napa,055,140530,0,0,0,0,0
2020-02-13,Nevada,057,99092,0,0,0,0,0
2020-02-13,Orange,059,3164182,37,1,0,1,0
2020-02-13,Placer,061,380077,0,0,0,0,0
2020-02-13,Plumas,063,18699,0,0,0,0,0
2020-02-13,Riverside,065,2383286,4,0,0,0,0
2020-02-13,Sacramento,067,1510023,1,0,0,0,0
2020-02-13,San Benito,069,59416,0,2,0,2,0
2020-02-13,San Bernardino,071,2135413,8,0,0,0,0
2020-02-13,San Diego,073,3302833,2,2,0,2,0
2020-02-13,San Francisco,075,870044,2,0,0,0,0
2020-02-13,San Joaquin,077,732212,1,0,1,1,0
2020-02-13,San Luis Obispo,079,281455,0,0,0,0,0
2020-02-13,San Mateo,081,765935,2,0,0,0,0
2020-02-13,Santa Barbara,083,443738,0,0,0,0,0
2020-02-13,Santa Clara,085,1922200,7,2,0,2,0
2020-02-13,Santa Cruz,087,273765,0,0,0,0,0
2020-02-13,Shasta,089,179085,0,0,0,0,0
2020-02-13,Sierra,091,2930,0,0,0,0,0
2020-02-13,Siskiyou,093,43540,0,0,0,0,0
2020-02-13,Solano,095,438530,0,0,0,0,0
2020-02-13,Sonoma,097,501317,0,0,0,0,0
2020-02-13,Stanislaus,099,539301,1,0,1,1,0
2020-02-13,Sutter,101,95872,0,0,0,0,0
2020-02-13,Tehama,103,63373,0,0,0,0,0
2020-02-13,Trinity,105,12862,0,0,0,0,0
2020-02-13,Tulare,107,460477,2,0,0,0,0
2020-02-13,Tuolumne,109,53932,0,0,0,0,0
2020-02-13,Ventura,111,848112,2,0,0,0,0
2020-02-13,Yolo,113,214977,1,0,0,0,0
2020-02-13,Yuba,115,75493,0,0,0,0,0
2020-02-12,Alameda,001,1643700,4,0,0,0,0
2020-02-12,Alpine,003,1148,0,0,0,0,0
2020-02-12,Amador,005,37829,0,0,0,0,0
2020-02-12,Butte,007,227075,0,0,0,0,0
2020-02-12,Calaveras,009,45235,0,0,0,0,0
2020-02-12,Colusa,011,21464,0,0,0,0,0
2020-02-12,Contra Costa,013,1133247,3,0,0,0,0
2020-02-12,Del Norte,015,27424,0,0,0,0,0
2020-02-12,El Dorado,017,186661,0,0,0,0,0
2020-02-12,Fresno,019,978130,0,0,0,0,0
2020-02-12,Glenn,021,27897,0,0,0,0,0
2020-02-12,Humboldt,023,135768,1,0,0,0,0
2020-02-12,Imperial,025,180216,1,0,0,0,0
2020-02-12,Inyo,027,18085,0,0,0,0,0
2020-02-12,Kern,029,883053,2,0,0,0,0
2020-02-12,Kings,031,150075,1,0,0,0,0
2020-02-12,Lake,033,64148,0,0,0,0,0
2020-02-12,Lassen,035,31185,0,0,0,0,0
2020-02-12,Los Angeles,037,10098052,23,1,6,7,0
2020-02-12,Madera,039,155013,0,0,0,0,0
2020-02-12,Marin,041,260295,0,0,0,0,0
2020-02-12,Mariposa,043,17540,0,0,0,0,0
2020-02-12,Mendocino,045,87422,0,0,0,0,0
2020-02-12,Merced,047,269075,0,0,0,0,0
2020-02-12,Modoc,049,8938,0,0,0,0,0
2020-02-12,Mono,051,14174,0,0,0,0,0
2020-02-12,Monterey,053,433212,0,0,0,0,0
2020-02-12,Napa,055,140530,0,0,0,0,0
2020-02-12,Nevada,057,99092,0,0,0,0,0
2020-02-12,Orange,059,3164182,37,1,0,1,0
2020-02-12,Placer,061,380077,0,0,0,0,0
2020-02-12,Plumas,063,18699,0,0,0,0,0
2020-02-12,Riverside,065,2383286,4,0,0,0,0
2020-02-12,Sacramento,067,1510023,1,0,0,0,0
2020-02-12,San Benito,069,59416,0,2,0,2,0
2020-02-12,San Bernardino,071,2135413,8,0,0,0,0
2020-02-12,San Diego,073,3302833,2,2,0,2,0
2020-02-12,San Francisco,075,870044,2,0,0,0,0
2020-02-12,San Joaquin,077,732212,1,0,1,1,0
2020-02-12,San Luis Obispo,079,281455,0,0,0,0,0
2020-02-12,San Mateo,081,765935,2,0,0,0,0
2020-02-12,Santa Barbara,083,443738,0,0,0,0,0
2020-02-12,Santa Clara,085,1922200,6,2,0,2,0
2020-02-12,Santa Cruz,087,273765,0,0,0,0,0
2020-02-12,Shasta,089,179085,0,0,0,0,0
2020-02-12,Sierra,091,2930,0,0,0,0,0
2020-02-12,Siskiyou,093,43540,0,0,0,0,0
2020-02-12,Solano,095,438530,0,0,0,0,0
2020-02-12,Sonoma,097,501317,0,0,0,0,0
2020-02-12,Stanislaus,099,539301,1,0,1,1,0
2020-02-12,Sutter,101,95872,0,0,0,0,0
2020-02-12,Tehama,103,63373,0,0,0,0,0
2020-02-12,Trinity,105,12862,0,0,0,0,0
2020-02-12,Tulare,107,460477,2,0,0,0,0
2020-02-12,Tuolumne,109,53932,0,0,0,0,0
2020-02-12,Ventura,111,848112,2,0,0,0,0
2020-02-12,Yolo,113,214977,1,0,0,0,0
2020-02-12,Yuba,115,75493,0,0,0,0,0
2020-02-11,Alameda,001,1643700,4,0,0,0,0
2020-02-11,Alpine,003,1148,0,0,0,0,0
2020-02-11,Amador,005,37829,0,0,0,0,0
2020-02-11,Butte,007,227075,0,0,0,0,0
2020-02-11,Calaveras,009,45235,0,0,0,0,0
2020-02-11,Colusa,011,21464,0,0,0,0,0
2020-02-11,Contra Costa,013,1133247,3,0,0,0,0
2020-02-11,Del Norte,015,27424,0,0,0,0,0
2020-02-11,El Dorado,017,186661,0,0,0,0,0
2020-02-11,Fresno,019,978130,0,0,0,0,0
2020-02-11,Glenn,021,27897,0,0,0,0,0
2020-02-11,Humboldt,023,135768,1,0,0,0,0
2020-02-11,Imperial,025,180216,1,0,0,0,0
2020-02-11,Inyo,027,18085,0,0,0,0,0
2020-02-11,Kern,029,883053,2,0,0,0,0
2020-02-11,Kings,031,150075,1,0,0,0,0
2020-02-11,Lake,033,64148,0,0,0,0,0
2020-02-11,Lassen,035,31185,0,0,0,0,0
2020-02-11,Los Angeles,037,10098052,23,1,6,7,0
2020-02-11,Madera,039,155013,0,0,0,0,0
2020-02-11,Marin,041,260295,0,0,0,0,0
2020-02-11,Mariposa,043,17540,0,0,0,0,0
2020-02-11,Mendocino,045,87422,0,0,0,0,0
2020-02-11,Merced,047,269075,0,0,0,0,0
2020-02-11,Modoc,049,8938,0,0,0,0,0
2020-02-11,Mono,051,14174,0,0,0,0,0
2020-02-11,Monterey,053,433212,0,0,0,0,0
2020-02-11,Napa,055,140530,0,0,0,0,0
2020-02-11,Nevada,057,99092,0,0,0,0,0
2020-02-11,Orange,059,3164182,36,1,0,1,0
2020-02-11,Placer,061,380077,0,0,0,0,0
2020-02-11,Plumas,063,18699,0,0,0,0,0
2020-02-11,Riverside,065,2383286,4,0,0,0,0
2020-02-11,Sacramento,067,1510023,1,0,0,0,0
2020-02-11,San Benito,069,59416,0,2,0,2,0
2020-02-11,San Bernardino,071,2135413,8,0,0,0,0
2020-02-11,San Diego,073,3302833,2,1,0,1,0
2020-02-11,San Francisco,075,870044,2,0,0,0,0
2020-02-11,San Joaquin,077,732212,0,0,1,1,0
2020-02-11,San Luis Obispo,079,281455,0,0,0,0,0
2020-02-11,San Mateo,081,765935,2,0,0,0,0
2020-02-11,Santa Barbara,083,443738,0,0,0,0,0
2020-02-11,Santa Clara,085,1922200,5,2,0,2,0
2020-02-11,Santa Cruz,087,273765,0,0,0,0,0
2020-02-11,Shasta,089,179085,0,0,0,0,0
2020-02-11,Sierra,091,2930,0,0,0,0,0
2020-02-11,Siskiyou,093,43540,0,0,0,0,0
2020-02-11,Solano,095,438530,0,0,0,0,0
2020-02-11,Sonoma,097,501317,0,0,0,0,0
2020-02-11,Stanislaus,099,539301,1,0,1,1,0
2020-02-11,Sutter,101,95872,0,0,0,0,0
2020-02-11,Tehama,103,63373,0,0,0,0,0
2020-02-11,Trinity,105,12862,0,0,0,0,0
2020-02-11,Tulare,107,460477,2,0,0,0,0
2020-02-11,Tuolumne,109,53932,0,0,0,0,0
2020-02-11,Ventura,111,848112,2,0,0,0,0
2020-02-11,Yolo,113,214977,1,0,0,0,0
2020-02-11,Yuba,115,75493,0,0,0,0,0
2020-02-10,Alameda,001,1643700,4,0,0,0,0
2020-02-10,Alpine,003,1148,0,0,0,0,0
2020-02-10,Amador,005,37829,0,0,0,0,0
2020-02-10,Butte,007,227075,0,0,0,0,0
2020-02-10,Calaveras,009,45235,0,0,0,0,0
2020-02-10,Colusa,011,21464,0,0,0,0,0
2020-02-10,Contra Costa,013,1133247,3,0,0,0,0
2020-02-10,Del Norte,015,27424,0,0,0,0,0
2020-02-10,El Dorado,017,186661,0,0,0,0,0
2020-02-10,Fresno,019,978130,0,0,0,0,0
2020-02-10,Glenn,021,27897,0,0,0,0,0
2020-02-10,Humboldt,023,135768,0,0,0,0,0
2020-02-10,Imperial,025,180216,1,0,0,0,0
2020-02-10,Inyo,027,18085,0,0,0,0,0
2020-02-10,Kern,029,883053,2,0,0,0,0
2020-02-10,Kings,031,150075,1,0,0,0,0
2020-02-10,Lake,033,64148,0,0,0,0,0
2020-02-10,Lassen,035,31185,0,0,0,0,0
2020-02-10,Los Angeles,037,10098052,21,1,6,7,0
2020-02-10,Madera,039,155013,0,0,0,0,0
2020-02-10,Marin,041,260295,0,0,0,0,0
2020-02-10,Mariposa,043,17540,0,0,0,0,0
2020-02-10,Mendocino,045,87422,0,0,0,0,0
2020-02-10,Merced,047,269075,0,0,0,0,0
2020-02-10,Modoc,049,8938,0,0,0,0,0
2020-02-10,Mono,051,14174,0,0,0,0,0
2020-02-10,Monterey,053,433212,0,0,0,0,0
2020-02-10,Napa,055,140530,0,0,0,0,0
2020-02-10,Nevada,057,99092,0,0,0,0,0
2020-02-10,Orange,059,3164182,36,1,0,1,0
2020-02-10,Placer,061,380077,0,0,0,0,0
2020-02-10,Plumas,063,18699,0,0,0,0,0
2020-02-10,Riverside,065,2383286,4,0,0,0,0
2020-02-10,Sacramento,067,1510023,1,0,0,0,0
2020-02-10,San Benito,069,59416,0,2,0,2,0
2020-02-10,San Bernardino,071,2135413,7,0,0,0,0
2020-02-10,San Diego,073,3302833,2,0,0,0,0
2020-02-10,San Francisco,075,870044,2,0,0,0,0
2020-02-10,San Joaquin,077,732212,0,0,1,1,0
2020-02-10,San Luis Obispo,079,281455,0,0,0,0,0
2020-02-10,San Mateo,081,765935,2,0,0,0,0
2020-02-10,Santa Barbara,083,443738,0,0,0,0,0
2020-02-10,Santa Clara,085,1922200,5,2,0,2,0
2020-02-10,Santa Cruz,087,273765,0,0,0,0,0
2020-02-10,Shasta,089,179085,0,0,0,0,0
2020-02-10,Sierra,091,2930,0,0,0,0,0
2020-02-10,Siskiyou,093,43540,0,0,0,0,0
2020-02-10,Solano,095,438530,0,0,0,0,0
2020-02-10,Sonoma,097,501317,0,0,0,0,0
2020-02-10,Stanislaus,099,539301,1,0,0,0,0
2020-02-10,Sutter,101,95872,0,0,0,0,0
2020-02-10,Tehama,103,63373,0,0,0,0,0
2020-02-10,Trinity,105,12862,0,0,0,0,0
2020-02-10,Tulare,107,460477,2,0,0,0,0
2020-02-10,Tuolumne,109,53932,0,0,0,0,0
2020-02-10,Ventura,111,848112,2,0,0,0,0
2020-02-10,Yolo,113,214977,1,0,0,0,0
2020-02-10,Yuba,115,75493,0,0,0,0,0
2020-02-09,Alameda,001,1643700,4,0,0,0,0
2020-02-09,Alpine,003,1148,0,0,0,0,0
2020-02-09,Amador,005,37829,0,0,0,0,0
2020-02-09,Butte,007,227075,0,0,0,0,0
2020-02-09,Calaveras,009,45235,0,0,0,0,0
2020-02-09,Colusa,011,21464,0,0,0,0,0
2020-02-09,Contra Costa,013,1133247,3,0,0,0,0
2020-02-09,Del Norte,015,27424,0,0,0,0,0
2020-02-09,El Dorado,017,186661,0,0,0,0,0
2020-02-09,Fresno,019,978130,0,0,0,0,0
2020-02-09,Glenn,021,27897,0,0,0,0,0
2020-02-09,Humboldt,023,135768,0,0,0,0,0
2020-02-09,Imperial,025,180216,1,0,0,0,0
2020-02-09,Inyo,027,18085,0,0,0,0,0
2020-02-09,Kern,029,883053,2,0,0,0,0
2020-02-09,Kings,031,150075,1,0,0,0,0
2020-02-09,Lake,033,64148,0,0,0,0,0
2020-02-09,Lassen,035,31185,0,0,0,0,0
2020-02-09,Los Angeles,037,10098052,20,1,6,7,0
2020-02-09,Madera,039,155013,0,0,0,0,0
2020-02-09,Marin,041,260295,0,0,0,0,0
2020-02-09,Mariposa,043,17540,0,0,0,0,0
2020-02-09,Mendocino,045,87422,0,0,0,0,0
2020-02-09,Merced,047,269075,0,0,0,0,0
2020-02-09,Modoc,049,8938,0,0,0,0,0
2020-02-09,Mono,051,14174,0,0,0,0,0
2020-02-09,Monterey,053,433212,0,0,0,0,0
2020-02-09,Napa,055,140530,0,0,0,0,0
2020-02-09,Nevada,057,99092,0,0,0,0,0
2020-02-09,Orange,059,3164182,36,1,0,1,0
2020-02-09,Placer,061,380077,0,0,0,0,0
2020-02-09,Plumas,063,18699,0,0,0,0,0
2020-02-09,Riverside,065,2383286,4,0,0,0,0
2020-02-09,Sacramento,067,1510023,0,0,0,0,0
2020-02-09,San Benito,069,59416,0,2,0,2,0
2020-02-09,San Bernardino,071,2135413,7,0,0,0,0
2020-02-09,San Diego,073,3302833,2,0,0,0,0
2020-02-09,San Francisco,075,870044,1,0,0,0,0
2020-02-09,San Joaquin,077,732212,0,0,1,1,0
2020-02-09,San Luis Obispo,079,281455,0,0,0,0,0
2020-02-09,San Mateo,081,765935,2,0,0,0,0
2020-02-09,Santa Barbara,083,443738,0,0,0,0,0
2020-02-09,Santa Clara,085,1922200,4,2,0,2,0
2020-02-09,Santa Cruz,087,273765,0,0,0,0,0
2020-02-09,Shasta,089,179085,0,0,0,0,0
2020-02-09,Sierra,091,2930,0,0,0,0,0
2020-02-09,Siskiyou,093,43540,0,0,0,0,0
2020-02-09,Solano,095,438530,0,0,0,0,0
2020-02-09,Sonoma,097,501317,0,0,0,0,0
2020-02-09,Stanislaus,099,539301,0,0,0,0,0
2020-02-09,Sutter,101,95872,0,0,0,0,0
2020-02-09,Tehama,103,63373,0,0,0,0,0
2020-02-09,Trinity,105,12862,0,0,0,0,0
2020-02-09,Tulare,107,460477,2,0,0,0,0
2020-02-09,Tuolumne,109,53932,0,0,0,0,0
2020-02-09,Ventura,111,848112,1,0,0,0,0
2020-02-09,Yolo,113,214977,1,0,0,0,0
2020-02-09,Yuba,115,75493,0,0,0,0,0
2020-02-08,Alameda,001,1643700,3,0,0,0,0
2020-02-08,Alpine,003,1148,0,0,0,0,0
2020-02-08,Amador,005,37829,0,0,0,0,0
2020-02-08,Butte,007,227075,0,0,0,0,0
2020-02-08,Calaveras,009,45235,0,0,0,0,0
2020-02-08,Colusa,011,21464,0,0,0,0,0
2020-02-08,Contra Costa,013,1133247,2,0,0,0,0
2020-02-08,Del Norte,015,27424,0,0,0,0,0
2020-02-08,El Dorado,017,186661,0,0,0,0,0
2020-02-08,Fresno,019,978130,0,0,0,0,0
2020-02-08,Glenn,021,27897,0,0,0,0,0
2020-02-08,Humboldt,023,135768,0,0,0,0,0
2020-02-08,Imperial,025,180216,1,0,0,0,0
2020-02-08,Inyo,027,18085,0,0,0,0,0
2020-02-08,Kern,029,883053,2,0,0,0,0
2020-02-08,Kings,031,150075,1,0,0,0,0
2020-02-08,Lake,033,64148,0,0,0,0,0
2020-02-08,Lassen,035,31185,0,0,0,0,0
2020-02-08,Los Angeles,037,10098052,17,1,3,4,0
2020-02-08,Madera,039,155013,0,0,0,0,0
2020-02-08,Marin,041,260295,0,0,0,0,0
2020-02-08,Mariposa,043,17540,0,0,0,0,0
2020-02-08,Mendocino,045,87422,0,0,0,0,0
2020-02-08,Merced,047,269075,0,0,0,0,0
2020-02-08,Modoc,049,8938,0,0,0,0,0
2020-02-08,Mono,051,14174,0,0,0,0,0
2020-02-08,Monterey,053,433212,0,0,0,0,0
2020-02-08,Napa,055,140530,0,0,0,0,0
2020-02-08,Nevada,057,99092,0,0,0,0,0
2020-02-08,Orange,059,3164182,36,1,0,1,0
2020-02-08,Placer,061,380077,0,0,0,0,0
2020-02-08,Plumas,063,18699,0,0,0,0,0
2020-02-08,Riverside,065,2383286,4,0,0,0,0
2020-02-08,Sacramento,067,1510023,0,0,0,0,0
2020-02-08,San Benito,069,59416,0,2,0,2,0
2020-02-08,San Bernardino,071,2135413,7,0,0,0,0
2020-02-08,San Diego,073,3302833,1,0,0,0,0
2020-02-08,San Francisco,075,870044,1,0,0,0,0
2020-02-08,San Joaquin,077,732212,0,0,1,1,0
2020-02-08,San Luis Obispo,079,281455,0,0,0,0,0
2020-02-08,San Mateo,081,765935,2,0,0,0,0
2020-02-08,Santa Barbara,083,443738,0,0,0,0,0
2020-02-08,Santa Clara,085,1922200,4,2,0,2,0
2020-02-08,Santa Cruz,087,273765,0,0,0,0,0
2020-02-08,Shasta,089,179085,0,0,0,0,0
2020-02-08,Sierra,091,2930,0,0,0,0,0
2020-02-08,Siskiyou,093,43540,0,0,0,0,0
2020-02-08,Solano,095,438530,0,0,0,0,0
2020-02-08,Sonoma,097,501317,0,0,0,0,0
2020-02-08,Stanislaus,099,539301,0,0,0,0,0
2020-02-08,Sutter,101,95872,0,0,0,0,0
2020-02-08,Tehama,103,63373,0,0,0,0,0
2020-02-08,Trinity,105,12862,0,0,0,0,0
2020-02-08,Tulare,107,460477,2,0,0,0,0
2020-02-08,Tuolumne,109,53932,0,0,0,0,0
2020-02-08,Ventura,111,848112,1,0,0,0,0
2020-02-08,Yolo,113,214977,1,0,0,0,0
2020-02-08,Yuba,115,75493,0,0,0,0,0
2020-02-07,Alameda,001,1643700,3,0,0,0,0
2020-02-07,Alpine,003,1148,0,0,0,0,0
2020-02-07,Amador,005,37829,0,0,0,0,0
2020-02-07,Butte,007,227075,0,0,0,0,0
2020-02-07,Calaveras,009,45235,0,0,0,0,0
2020-02-07,Colusa,011,21464,0,0,0,0,0
2020-02-07,Contra Costa,013,1133247,2,0,0,0,0
2020-02-07,Del Norte,015,27424,0,0,0,0,0
2020-02-07,El Dorado,017,186661,0,0,0,0,0
2020-02-07,Fresno,019,978130,0,0,0,0,0
2020-02-07,Glenn,021,27897,0,0,0,0,0
2020-02-07,Humboldt,023,135768,0,0,0,0,0
2020-02-07,Imperial,025,180216,1,0,0,0,0
2020-02-07,Inyo,027,18085,0,0,0,0,0
2020-02-07,Kern,029,883053,2,0,0,0,0
2020-02-07,Kings,031,150075,1,0,0,0,0
2020-02-07,Lake,033,64148,0,0,0,0,0
2020-02-07,Lassen,035,31185,0,0,0,0,0
2020-02-07,Los Angeles,037,10098052,16,1,2,3,0
2020-02-07,Madera,039,155013,0,0,0,0,0
2020-02-07,Marin,041,260295,0,0,0,0,0
2020-02-07,Mariposa,043,17540,0,0,0,0,0
2020-02-07,Mendocino,045,87422,0,0,0,0,0
2020-02-07,Merced,047,269075,0,0,0,0,0
2020-02-07,Modoc,049,8938,0,0,0,0,0
2020-02-07,Mono,051,14174,0,0,0,0,0
2020-02-07,Monterey,053,433212,0,0,0,0,0
2020-02-07,Napa,055,140530,0,0,0,0,0
2020-02-07,Nevada,057,99092,0,0,0,0,0
2020-02-07,Orange,059,3164182,34,1,0,1,0
2020-02-07,Placer,061,380077,0,0,0,0,0
2020-02-07,Plumas,063,18699,0,0,0,0,0
2020-02-07,Riverside,065,2383286,4,0,0,0,0
2020-02-07,Sacramento,067,1510023,0,0,0,0,0
2020-02-07,San Benito,069,59416,0,2,0,2,0
2020-02-07,San Bernardino,071,2135413,4,0,0,0,0
2020-02-07,San Diego,073,3302833,1,0,0,0,0
2020-02-07,San Francisco,075,870044,1,0,0,0,0
2020-02-07,San Joaquin,077,732212,0,0,1,1,0
2020-02-07,San Luis Obispo,079,281455,0,0,0,0,0
2020-02-07,San Mateo,081,765935,1,0,0,0,0
2020-02-07,Santa Barbara,083,443738,0,0,0,0,0
2020-02-07,Santa Clara,085,1922200,4,2,0,2,0
2020-02-07,Santa Cruz,087,273765,0,0,0,0,0
2020-02-07,Shasta,089,179085,0,0,0,0,0
2020-02-07,Sierra,091,2930,0,0,0,0,0
2020-02-07,Siskiyou,093,43540,0,0,0,0,0
2020-02-07,Solano,095,438530,0,0,0,0,0
2020-02-07,Sonoma,097,501317,0,0,0,0,0
2020-02-07,Stanislaus,099,539301,0,0,0,0,0
2020-02-07,Sutter,101,95872,0,0,0,0,0
2020-02-07,Tehama,103,63373,0,0,0,0,0
2020-02-07,Trinity,105,12862,0,0,0,0,0
2020-02-07,Tulare,107,460477,2,0,0,0,0
2020-02-07,Tuolumne,109,53932,0,0,0,0,0
2020-02-07,Ventura,111,848112,1,0,0,0,0
2020-02-07,Yolo,113,214977,1,0,0,0,0
2020-02-07,Yuba,115,75493,0,0,0,0,0
2020-02-06,Alameda,001,1643700,3,0,0,0,0
2020-02-06,Alpine,003,1148,0,0,0,0,0
2020-02-06,Amador,005,37829,0,0,0,0,0
2020-02-06,Butte,007,227075,0,0,0,0,0
2020-02-06,Calaveras,009,45235,0,0,0,0,0
2020-02-06,Colusa,011,21464,0,0,0,0,0
2020-02-06,Contra Costa,013,1133247,2,0,0,0,0
2020-02-06,Del Norte,015,27424,0,0,0,0,0
2020-02-06,El Dorado,017,186661,0,0,0,0,0
2020-02-06,Fresno,019,978130,0,0,0,0,0
2020-02-06,Glenn,021,27897,0,0,0,0,0
2020-02-06,Humboldt,023,135768,0,0,0,0,0
2020-02-06,Imperial,025,180216,1,0,0,0,0
2020-02-06,Inyo,027,18085,0,0,0,0,0
2020-02-06,Kern,029,883053,2,0,0,0,0
2020-02-06,Kings,031,150075,0,0,0,0,0
2020-02-06,Lake,033,64148,0,0,0,0,0
2020-02-06,Lassen,035,31185,0,0,0,0,0
2020-02-06,Los Angeles,037,10098052,15,1,2,3,0
2020-02-06,Madera,039,155013,0,0,0,0,0
2020-02-06,Marin,041,260295,0,0,0,0,0
2020-02-06,Mariposa,043,17540,0,0,0,0,0
2020-02-06,Mendocino,045,87422,0,0,0,0,0
2020-02-06,Merced,047,269075,0,0,0,0,0
2020-02-06,Modoc,049,8938,0,0,0,0,0
2020-02-06,Mono,051,14174,0,0,0,0,0
2020-02-06,Monterey,053,433212,0,0,0,0,0
2020-02-06,Napa,055,140530,0,0,0,0,0
2020-02-06,Nevada,057,99092,0,0,0,0,0
2020-02-06,Orange,059,3164182,4,1,0,1,0
2020-02-06,Placer,061,380077,0,0,0,0,0
2020-02-06,Plumas,063,18699,0,0,0,0,0
2020-02-06,Riverside,065,2383286,4,0,0,0,0
2020-02-06,Sacramento,067,1510023,0,0,0,0,0
2020-02-06,San Benito,069,59416,0,2,0,2,0
2020-02-06,San Bernardino,071,2135413,4,0,0,0,0
2020-02-06,San Diego,073,3302833,1,0,0,0,0
2020-02-06,San Francisco,075,870044,1,0,0,0,0
2020-02-06,San Joaquin,077,732212,0,0,1,1,0
2020-02-06,San Luis Obispo,079,281455,0,0,0,0,0
2020-02-06,San Mateo,081,765935,1,0,0,0,0
2020-02-06,Santa Barbara,083,443738,0,0,0,0,0
2020-02-06,Santa Clara,085,1922200,4,2,0,2,0
2020-02-06,Santa Cruz,087,273765,0,0,0,0,0
2020-02-06,Shasta,089,179085,0,0,0,0,0
2020-02-06,Sierra,091,2930,0,0,0,0,0
2020-02-06,Siskiyou,093,43540,0,0,0,0,0
2020-02-06,Solano,095,438530,0,0,0,0,0
2020-02-06,Sonoma,097,501317,0,0,0,0,0
2020-02-06,Stanislaus,099,539301,0,0,0,0,0
2020-02-06,Sutter,101,95872,0,0,0,0,0
2020-02-06,Tehama,103,63373,0,0,0,0,0
2020-02-06,Trinity,105,12862,0,0,0,0,0
2020-02-06,Tulare,107,460477,2,0,0,0,0
2020-02-06,Tuolumne,109,53932,0,0,0,0,0
2020-02-06,Ventura,111,848112,1,0,0,0,0
2020-02-06,Yolo,113,214977,1,0,0,0,0
2020-02-06,Yuba,115,75493,0,0,0,0,0
2020-02-05,Alameda,001,1643700,3,0,0,0,0
2020-02-05,Alpine,003,1148,0,0,0,0,0
2020-02-05,Amador,005,37829,0,0,0,0,0
2020-02-05,Butte,007,227075,0,0,0,0,0
2020-02-05,Calaveras,009,45235,0,0,0,0,0
2020-02-05,Colusa,011,21464,0,0,0,0,0
2020-02-05,Contra Costa,013,1133247,2,0,0,0,0
2020-02-05,Del Norte,015,27424,0,0,0,0,0
2020-02-05,El Dorado,017,186661,0,0,0,0,0
2020-02-05,Fresno,019,978130,0,0,0,0,0
2020-02-05,Glenn,021,27897,0,0,0,0,0
2020-02-05,Humboldt,023,135768,0,0,0,0,0
2020-02-05,Imperial,025,180216,1,0,0,0,0
2020-02-05,Inyo,027,18085,0,0,0,0,0
2020-02-05,Kern,029,883053,1,0,0,0,0
2020-02-05,Kings,031,150075,0,0,0,0,0
2020-02-05,Lake,033,64148,0,0,0,0,0
2020-02-05,Lassen,035,31185,0,0,0,0,0
2020-02-05,Los Angeles,037,10098052,15,1,1,2,0
2020-02-05,Madera,039,155013,0,0,0,0,0
2020-02-05,Marin,041,260295,0,0,0,0,0
2020-02-05,Mariposa,043,17540,0,0,0,0,0
2020-02-05,Mendocino,045,87422,0,0,0,0,0
2020-02-05,Merced,047,269075,0,0,0,0,0
2020-02-05,Modoc,049,8938,0,0,0,0,0
2020-02-05,Mono,051,14174,0,0,0,0,0
2020-02-05,Monterey,053,433212,0,0,0,0,0
2020-02-05,Napa,055,140530,0,0,0,0,0
2020-02-05,Nevada,057,99092,0,0,0,0,0
2020-02-05,Orange,059,3164182,2,1,0,1,0
2020-02-05,Placer,061,380077,0,0,0,0,0
2020-02-05,Plumas,063,18699,0,0,0,0,0
2020-02-05,Riverside,065,2383286,4,0,0,0,0
2020-02-05,Sacramento,067,1510023,0,0,0,0,0
2020-02-05,San Benito,069,59416,0,2,0,2,0
2020-02-05,San Bernardino,071,2135413,4,0,0,0,0
2020-02-05,San Diego,073,3302833,0,0,0,0,0
2020-02-05,San Francisco,075,870044,1,0,0,0,0
2020-02-05,San Joaquin,077,732212,0,0,1,1,0
2020-02-05,San Luis Obispo,079,281455,0,0,0,0,0
2020-02-05,San Mateo,081,765935,1,0,0,0,0
2020-02-05,Santa Barbara,083,443738,0,0,0,0,0
2020-02-05,Santa Clara,085,1922200,2,2,0,2,0
2020-02-05,Santa Cruz,087,273765,0,0,0,0,0
2020-02-05,Shasta,089,179085,0,0,0,0,0
2020-02-05,Sierra,091,2930,0,0,0,0,0
2020-02-05,Siskiyou,093,43540,0,0,0,0,0
2020-02-05,Solano,095,438530,0,0,0,0,0
2020-02-05,Sonoma,097,501317,0,0,0,0,0
2020-02-05,Stanislaus,099,539301,0,0,0,0,0
2020-02-05,Sutter,101,95872,0,0,0,0,0
2020-02-05,Tehama,103,63373,0,0,0,0,0
2020-02-05,Trinity,105,12862,0,0,0,0,0
2020-02-05,Tulare,107,460477,2,0,0,0,0
2020-02-05,Tuolumne,109,53932,0,0,0,0,0
2020-02-05,Ventura,111,848112,0,0,0,0,0
2020-02-05,Yolo,113,214977,1,0,0,0,0
2020-02-05,Yuba,115,75493,0,0,0,0,0
2020-02-04,Alameda,001,1643700,3,0,0,0,0
2020-02-04,Alpine,003,1148,0,0,0,0,0
2020-02-04,Amador,005,37829,0,0,0,0,0
2020-02-04,Butte,007,227075,0,0,0,0,0
2020-02-04,Calaveras,009,45235,0,0,0,0,0
2020-02-04,Colusa,011,21464,0,0,0,0,0
2020-02-04,Contra Costa,013,1133247,2,0,0,0,0
2020-02-04,Del Norte,015,27424,0,0,0,0,0
2020-02-04,El Dorado,017,186661,0,0,0,0,0
2020-02-04,Fresno,019,978130,0,0,0,0,0
2020-02-04,Glenn,021,27897,0,0,0,0,0
2020-02-04,Humboldt,023,135768,0,0,0,0,0
2020-02-04,Imperial,025,180216,1,0,0,0,0
2020-02-04,Inyo,027,18085,0,0,0,0,0
2020-02-04,Kern,029,883053,0,0,0,0,0
2020-02-04,Kings,031,150075,0,0,0,0,0
2020-02-04,Lake,033,64148,0,0,0,0,0
2020-02-04,Lassen,035,31185,0,0,0,0,0
2020-02-04,Los Angeles,037,10098052,15,1,1,2,0
2020-02-04,Madera,039,155013,0,0,0,0,0
2020-02-04,Marin,041,260295,0,0,0,0,0
2020-02-04,Mariposa,043,17540,0,0,0,0,0
2020-02-04,Mendocino,045,87422,0,0,0,0,0
2020-02-04,Merced,047,269075,0,0,0,0,0
2020-02-04,Modoc,049,8938,0,0,0,0,0
2020-02-04,Mono,051,14174,0,0,0,0,0
2020-02-04,Monterey,053,433212,0,0,0,0,0
2020-02-04,Napa,055,140530,0,0,0,0,0
2020-02-04,Nevada,057,99092,0,0,0,0,0
2020-02-04,Orange,059,3164182,2,1,0,1,0
2020-02-04,Placer,061,380077,0,0,0,0,0
2020-02-04,Plumas,063,18699,0,0,0,0,0
2020-02-04,Riverside,065,2383286,4,0,0,0,0
2020-02-04,Sacramento,067,1510023,0,0,0,0,0
2020-02-04,San Benito,069,59416,0,2,0,2,0
2020-02-04,San Bernardino,071,2135413,3,0,0,0,0
2020-02-04,San Diego,073,3302833,0,0,0,0,0
2020-02-04,San Francisco,075,870044,1,0,0,0,0
2020-02-04,San Joaquin,077,732212,0,0,1,1,0
2020-02-04,San Luis Obispo,079,281455,0,0,0,0,0
2020-02-04,San Mateo,081,765935,0,0,0,0,0
2020-02-04,Santa Barbara,083,443738,0,0,0,0,0
2020-02-04,Santa Clara,085,1922200,2,2,0,2,0
2020-02-04,Santa Cruz,087,273765,0,0,0,0,0
2020-02-04,Shasta,089,179085,0,0,0,0,0
2020-02-04,Sierra,091,2930,0,0,0,0,0
2020-02-04,Siskiyou,093,43540,0,0,0,0,0
2020-02-04,Solano,095,438530,0,0,0,0,0
2020-02-04,Sonoma,097,501317,0,0,0,0,0
2020-02-04,Stanislaus,099,539301,0,0,0,0,0
2020-02-04,Sutter,101,95872,0,0,0,0,0
2020-02-04,Tehama,103,63373,0,0,0,0,0
2020-02-04,Trinity,105,12862,0,0,0,0,0
2020-02-04,Tulare,107,460477,2,0,0,0,0
2020-02-04,Tuolumne,109,53932,0,0,0,0,0
2020-02-04,Ventura,111,848112,0,0,0,0,0
2020-02-04,Yolo,113,214977,1,0,0,0,0
2020-02-04,Yuba,115,75493,0,0,0,0,0
2020-02-03,Alameda,001,1643700,3,0,0,0,0
2020-02-03,Alpine,003,1148,0,0,0,0,0
2020-02-03,Amador,005,37829,0,0,0,0,0
2020-02-03,Butte,007,227075,0,0,0,0,0
2020-02-03,Calaveras,009,45235,0,0,0,0,0
2020-02-03,Colusa,011,21464,0,0,0,0,0
2020-02-03,Contra Costa,013,1133247,2,0,0,0,0
2020-02-03,Del Norte,015,27424,0,0,0,0,0
2020-02-03,El Dorado,017,186661,0,0,0,0,0
2020-02-03,Fresno,019,978130,0,0,0,0,0
2020-02-03,Glenn,021,27897,0,0,0,0,0
2020-02-03,Humboldt,023,135768,0,0,0,0,0
2020-02-03,Imperial,025,180216,1,0,0,0,0
2020-02-03,Inyo,027,18085,0,0,0,0,0
2020-02-03,Kern,029,883053,0,0,0,0,0
2020-02-03,Kings,031,150075,0,0,0,0,0
2020-02-03,Lake,033,64148,0,0,0,0,0
2020-02-03,Lassen,035,31185,0,0,0,0,0
2020-02-03,Los Angeles,037,10098052,15,1,0,1,0
2020-02-03,Madera,039,155013,0,0,0,0,0
2020-02-03,Marin,041,260295,0,0,0,0,0
2020-02-03,Mariposa,043,17540,0,0,0,0,0
2020-02-03,Mendocino,045,87422,0,0,0,0,0
2020-02-03,Merced,047,269075,0,0,0,0,0
2020-02-03,Modoc,049,8938,0,0,0,0,0
2020-02-03,Mono,051,14174,0,0,0,0,0
2020-02-03,Monterey,053,433212,0,0,0,0,0
2020-02-03,Napa,055,140530,0,0,0,0,0
2020-02-03,Nevada,057,99092,0,0,0,0,0
2020-02-03,Orange,059,3164182,1,1,0,1,0
2020-02-03,Placer,061,380077,0,0,0,0,0
2020-02-03,Plumas,063,18699,0,0,0,0,0
2020-02-03,Riverside,065,2383286,4,0,0,0,0
2020-02-03,Sacramento,067,1510023,0,0,0,0,0
2020-02-03,San Benito,069,59416,0,2,0,2,0
2020-02-03,San Bernardino,071,2135413,3,0,0,0,0
2020-02-03,San Diego,073,3302833,0,0,0,0,0
2020-02-03,San Francisco,075,870044,1,0,0,0,0
2020-02-03,San Joaquin,077,732212,0,0,1,1,0
2020-02-03,San Luis Obispo,079,281455,0,0,0,0,0
2020-02-03,San Mateo,081,765935,0,0,0,0,0
2020-02-03,Santa Barbara,083,443738,0,0,0,0,0
2020-02-03,Santa Clara,085,1922200,2,2,0,2,0
2020-02-03,Santa Cruz,087,273765,0,0,0,0,0
2020-02-03,Shasta,089,179085,0,0,0,0,0
2020-02-03,Sierra,091,2930,0,0,0,0,0
2020-02-03,Siskiyou,093,43540,0,0,0,0,0
2020-02-03,Solano,095,438530,0,0,0,0,0
2020-02-03,Sonoma,097,501317,0,0,0,0,0
2020-02-03,Stanislaus,099,539301,0,0,0,0,0
2020-02-03,Sutter,101,95872,0,0,0,0,0
2020-02-03,Tehama,103,63373,0,0,0,0,0
2020-02-03,Trinity,105,12862,0,0,0,0,0
2020-02-03,Tulare,107,460477,2,0,0,0,0
2020-02-03,Tuolumne,109,53932,0,0,0,0,0
2020-02-03,Ventura,111,848112,0,0,0,0,0
2020-02-03,Yolo,113,214977,1,0,0,0,0
2020-02-03,Yuba,115,75493,0,0,0,0,0
2020-02-02,Alameda,001,1643700,3,0,0,0,0
2020-02-02,Alpine,003,1148,0,0,0,0,0
2020-02-02,Amador,005,37829,0,0,0,0,0
2020-02-02,Butte,007,227075,0,0,0,0,0
2020-02-02,Calaveras,009,45235,0,0,0,0,0
2020-02-02,Colusa,011,21464,0,0,0,0,0
2020-02-02,Contra Costa,013,1133247,1,0,0,0,0
2020-02-02,Del Norte,015,27424,0,0,0,0,0
2020-02-02,El Dorado,017,186661,0,0,0,0,0
2020-02-02,Fresno,019,978130,0,0,0,0,0
2020-02-02,Glenn,021,27897,0,0,0,0,0
2020-02-02,Humboldt,023,135768,0,0,0,0,0
2020-02-02,Imperial,025,180216,1,0,0,0,0
2020-02-02,Inyo,027,18085,0,0,0,0,0
2020-02-02,Kern,029,883053,0,0,0,0,0
2020-02-02,Kings,031,150075,0,0,0,0,0
2020-02-02,Lake,033,64148,0,0,0,0,0
2020-02-02,Lassen,035,31185,0,0,0,0,0
2020-02-02,Los Angeles,037,10098052,13,1,0,1,0
2020-02-02,Madera,039,155013,0,0,0,0,0
2020-02-02,Marin,041,260295,0,0,0,0,0
2020-02-02,Mariposa,043,17540,0,0,0,0,0
2020-02-02,Mendocino,045,87422,0,0,0,0,0
2020-02-02,Merced,047,269075,0,0,0,0,0
2020-02-02,Modoc,049,8938,0,0,0,0,0
2020-02-02,Mono,051,14174,0,0,0,0,0
2020-02-02,Monterey,053,433212,0,0,0,0,0
2020-02-02,Napa,055,140530,0,0,0,0,0
2020-02-02,Nevada,057,99092,0,0,0,0,0
2020-02-02,Orange,059,3164182,1,1,0,1,0
2020-02-02,Placer,061,380077,0,0,0,0,0
2020-02-02,Plumas,063,18699,0,0,0,0,0
2020-02-02,Riverside,065,2383286,3,0,0,0,0
2020-02-02,Sacramento,067,1510023,0,0,0,0,0
2020-02-02,San Benito,069,59416,0,2,0,2,0
2020-02-02,San Bernardino,071,2135413,2,0,0,0,0
2020-02-02,San Diego,073,3302833,0,0,0,0,0
2020-02-02,San Francisco,075,870044,1,0,0,0,0
2020-02-02,San Joaquin,077,732212,0,0,1,1,0
2020-02-02,San Luis Obispo,079,281455,0,0,0,0,0
2020-02-02,San Mateo,081,765935,0,0,0,0,0
2020-02-02,Santa Barbara,083,443738,0,0,0,0,0
2020-02-02,Santa Clara,085,1922200,2,2,0,2,0
2020-02-02,Santa Cruz,087,273765,0,0,0,0,0
2020-02-02,Shasta,089,179085,0,0,0,0,0
2020-02-02,Sierra,091,2930,0,0,0,0,0
2020-02-02,Siskiyou,093,43540,0,0,0,0,0
2020-02-02,Solano,095,438530,0,0,0,0,0
2020-02-02,Sonoma,097,501317,0,0,0,0,0
2020-02-02,Stanislaus,099,539301,0,0,0,0,0
2020-02-02,Sutter,101,95872,0,0,0,0,0
2020-02-02,Tehama,103,63373,0,0,0,0,0
2020-02-02,Trinity,105,12862,0,0,0,0,0
2020-02-02,Tulare,107,460477,2,0,0,0,0
2020-02-02,Tuolumne,109,53932,0,0,0,0,0
2020-02-02,Ventura,111,848112,0,0,0,0,0
2020-02-02,Yolo,113,214977,1,0,0,0,0
2020-02-02,Yuba,115,75493,0,0,0,0,0
2020-02-01,Alameda,001,1643700,3,0,0,0,0
2020-02-01,Alpine,003,1148,0,0,0,0,0
2020-02-01,Amador,005,37829,0,0,0,0,0
2020-02-01,Butte,007,227075,0,0,0,0,0
2020-02-01,Calaveras,009,45235,0,0,0,0,0
2020-02-01,Colusa,011,21464,0,0,0,0,0
2020-02-01,Contra Costa,013,1133247,0,0,0,0,0
2020-02-01,Del Norte,015,27424,0,0,0,0,0
2020-02-01,El Dorado,017,186661,0,0,0,0,0
2020-02-01,Fresno,019,978130,0,0,0,0,0
2020-02-01,Glenn,021,27897,0,0,0,0,0
2020-02-01,Humboldt,023,135768,0,0,0,0,0
2020-02-01,Imperial,025,180216,0,0,0,0,0
2020-02-01,Inyo,027,18085,0,0,0,0,0
2020-02-01,Kern,029,883053,0,0,0,0,0
2020-02-01,Kings,031,150075,0,0,0,0,0
2020-02-01,Lake,033,64148,0,0,0,0,0
2020-02-01,Lassen,035,31185,0,0,0,0,0
2020-02-01,Los Angeles,037,10098052,12,1,0,1,0
2020-02-01,Madera,039,155013,0,0,0,0,0
2020-02-01,Marin,041,260295,0,0,0,0,0
2020-02-01,Mariposa,043,17540,0,0,0,0,0
2020-02-01,Mendocino,045,87422,0,0,0,0,0
2020-02-01,Merced,047,269075,0,0,0,0,0
2020-02-01,Modoc,049,8938,0,0,0,0,0
2020-02-01,Mono,051,14174,0,0,0,0,0
2020-02-01,Monterey,053,433212,0,0,0,0,0
2020-02-01,Napa,055,140530,0,0,0,0,0
2020-02-01,Nevada,057,99092,0,0,0,0,0
2020-02-01,Orange,059,3164182,1,1,0,1,0
2020-02-01,Placer,061,380077,0,0,0,0,0
2020-02-01,Plumas,063,18699,0,0,0,0,0
2020-02-01,Riverside,065,2383286,2,0,0,0,0
2020-02-01,Sacramento,067,1510023,0,0,0,0,0
2020-02-01,San Benito,069,59416,0,0,0,0,0
2020-02-01,San Bernardino,071,2135413,1,0,0,0,0
2020-02-01,San Diego,073,3302833,0,0,0,0,0
2020-02-01,San Francisco,075,870044,1,0,0,0,0
2020-02-01,San Joaquin,077,732212,0,0,1,1,0
2020-02-01,San Luis Obispo,079,281455,0,0,0,0,0
2020-02-01,San Mateo,081,765935,0,0,0,0,0
2020-02-01,Santa Barbara,083,443738,0,0,0,0,0
2020-02-01,Santa Clara,085,1922200,2,1,0,1,0
2020-02-01,Santa Cruz,087,273765,0,0,0,0,0
2020-02-01,Shasta,089,179085,0,0,0,0,0
2020-02-01,Sierra,091,2930,0,0,0,0,0
2020-02-01,Siskiyou,093,43540,0,0,0,0,0
2020-02-01,Solano,095,438530,0,0,0,0,0
2020-02-01,Sonoma,097,501317,0,0,0,0,0
2020-02-01,Stanislaus,099,539301,0,0,0,0,0
2020-02-01,Sutter,101,95872,0,0,0,0,0
2020-02-01,Tehama,103,63373,0,0,0,0,0
2020-02-01,Trinity,105,12862,0,0,0,0,0
2020-02-01,Tulare,107,460477,1,0,0,0,0
2020-02-01,Tuolumne,109,53932,0,0,0,0,0
2020-02-01,Ventura,111,848112,0,0,0,0,0
2020-02-01,Yolo,113,214977,0,0,0,0,0
2020-02-01,Yuba,115,75493,0,0,0,0,0
