date,county,fips,population,confirmed_cases,reported_cases,probable_cases,reported_and_probable_cases,reported_deaths
2022-03-23,Alameda,001,1643700,254585,254559,13717,268276,1802
2022-03-23,Alpine,003,1148,124,124,1,125,0
2022-03-23,Amador,005,37829,8511,8475,644,9119,86
2022-03-23,Butte,007,227075,32925,32920,6624,39544,387
2022-03-23,Calaveras,009,45235,7237,7237,354,7591,120
2022-03-23,Colusa,011,21464,3443,3444,1079,4523,21
2022-03-23,Contra Costa,013,1133247,187945,187898,13116,201014,1279
2022-03-23,Del Norte,015,27424,5831,5830,194,6024,50
2022-03-23,El Dorado,017,186661,26672,26670,3203,29873,200
2022-03-23,Fresno,019,978130,229663,229656,22022,251678,2710
2022-03-23,Glenn,021,27897,4973,4975,1561,6536,47
2022-03-23,Humboldt,023,135768,16909,16908,2952,19860,139
2022-03-23,Imperial,025,180216,55213,55211,11000,66211,909
2022-03-23,Inyo,027,18085,4060,4060,481,4541,56
2022-03-23,Kern,029,883053,191297,191241,46208,237449,2196
2022-03-23,Kings,031,150075,51393,51384,3609,54993,442
2022-03-23,Lake,033,64148,10661,10658,897,11555,135
2022-03-23,Lassen,035,31185,8945,8944,892,9836,63
2022-03-23,Los Angeles,037,10098052,2696960,2697227,122815,2820042,31267
2022-03-23,Madera,039,155013,37340,37317,6019,43336,354
2022-03-23,Marin,041,260295,33269,33274,2203,35477,287
2022-03-23,Mariposa,043,17540,2382,2382,198,2580,11
2022-03-23,Mendocino,045,87422,13029,13033,2967,16000,118
2022-03-23,Merced,047,269075,62069,62056,8452,70508,805
2022-03-23,Modoc,049,8938,736,736,250,986,7
2022-03-23,Mono,051,14174,2966,2966,119,3085,5
2022-03-23,Monterey,053,433212,78747,78655,13481,92136,724
2022-03-23,Napa,055,140530,25695,25691,958,26649,139
2022-03-23,Nevada,057,99092,15952,15958,1207,17165,123
2022-03-23,Orange,059,3164182,545170,545158,41186,586344,6852
2022-03-23,Placer,061,380077,62625,62622,7330,69952,613
2022-03-23,Plumas,063,18699,2746,2747,354,3101,13
2022-03-23,Riverside,065,2383286,589975,589947,28065,618012,6388
2022-03-23,Sacramento,067,1510023,275421,275398,26820,302218,2934
2022-03-23,San Benito,069,59416,12883,12884,513,13397,97
2022-03-23,San Bernardino,071,2135413,560519,560550,24296,584846,6828
2022-03-23,San Diego,073,3302833,749872,749871,50450,800321,5143
2022-03-23,San Francisco,075,870044,124091,124110,8315,132425,838
2022-03-23,San Joaquin,077,732212,166066,166041,9118,175159,2187
2022-03-23,San Luis Obispo,079,281455,52341,52344,3733,56077,469
2022-03-23,San Mateo,081,765935,120077,120080,7006,127086,685
2022-03-23,Santa Barbara,083,443738,85478,85464,4815,90279,673
2022-03-23,Santa Clara,085,1922200,310971,310956,12285,323241,2250
2022-03-23,Santa Cruz,087,273765,47318,47314,1923,49237,259
2022-03-23,Shasta,089,179085,30527,30524,6161,36685,526
2022-03-23,Sierra,091,2930,273,273,42,315,4
2022-03-23,Siskiyou,093,43540,4433,4433,2746,7179,80
2022-03-23,Solano,095,438530,81616,81615,5523,87138,441
2022-03-23,Sonoma,097,501317,83071,83074,2411,85485,482
2022-03-23,Stanislaus,099,539301,118032,118041,16972,135013,1568
2022-03-23,Sutter,101,95872,20531,20532,2005,22537,218
2022-03-23,Tehama,103,63373,12031,12035,2587,14622,195
2022-03-23,Trinity,105,12862,1174,1174,292,1466,20
2022-03-23,Tulare,107,460477,104516,104489,28170,132659,1394
2022-03-23,Tuolumne,109,53932,12624,12629,569,13198,180
2022-03-23,Ventura,111,848112,172648,172647,9246,181893,1455
2022-03-23,Yolo,113,214977,36199,36197,3162,39359,308
2022-03-23,Yuba,115,75493,15800,15801,1190,16991,117
2022-03-22,Alameda,001,1643700,254585,254467,13717,268184,1802
2022-03-22,Alpine,003,1148,124,122,1,123,0
2022-03-22,Amador,005,37829,8511,8462,644,9106,86
2022-03-22,Butte,007,227075,32925,32907,6624,39531,387
2022-03-22,Calaveras,009,45235,7237,7237,354,7591,120
2022-03-22,Colusa,011,21464,3443,3445,1079,4524,21
2022-03-22,Contra Costa,013,1133247,187945,187813,13116,200929,1279
2022-03-22,Del Norte,015,27424,5831,5824,194,6018,50
2022-03-22,El Dorado,017,186661,26672,26661,3203,29864,200
2022-03-22,Fresno,019,978130,229663,229551,22022,251573,2708
2022-03-22,Glenn,021,27897,4973,4971,1561,6532,47
2022-03-22,Humboldt,023,135768,16909,16911,2952,19863,139
2022-03-22,Imperial,025,180216,55213,55170,11000,66170,908
2022-03-22,Inyo,027,18085,4060,4060,481,4541,56
2022-03-22,Kern,029,883053,191297,191213,46208,237421,2195
2022-03-22,Kings,031,150075,51393,51369,3609,54978,442
2022-03-22,Lake,033,64148,10661,10657,897,11554,135
2022-03-22,Lassen,035,31185,8945,8940,892,9832,63
2022-03-22,Los Angeles,037,10098052,2696960,2696746,122815,2819561,31250
2022-03-22,Madera,039,155013,37340,37304,6019,43323,354
2022-03-22,Marin,041,260295,33269,33253,2203,35456,287
2022-03-22,Mariposa,043,17540,2382,2382,198,2580,6
2022-03-22,Mendocino,045,87422,13029,13030,2967,15997,118
2022-03-22,Merced,047,269075,62069,62056,8452,70508,805
2022-03-22,Modoc,049,8938,736,735,250,985,7
2022-03-22,Mono,051,14174,2966,2963,119,3082,5
2022-03-22,Monterey,053,433212,78747,78614,13481,92095,724
2022-03-22,Napa,055,140530,25695,25688,958,26646,139
2022-03-22,Nevada,057,99092,15952,15950,1207,17157,123
2022-03-22,Orange,059,3164182,545170,545075,41186,586261,6843
2022-03-22,Placer,061,380077,62625,62604,7330,69934,610
2022-03-22,Plumas,063,18699,2746,2744,354,3098,13
2022-03-22,Riverside,065,2383286,589975,589816,28065,617881,6383
2022-03-22,Sacramento,067,1510023,275421,275374,26820,302194,2927
2022-03-22,San Benito,069,59416,12883,12884,513,13397,97
2022-03-22,San Bernardino,071,2135413,560519,560371,24296,584667,6811
2022-03-22,San Diego,073,3302833,749872,749647,50450,800097,5141
2022-03-22,San Francisco,075,870044,124091,123998,8315,132313,838
2022-03-22,San Joaquin,077,732212,166066,165992,9118,175110,2187
2022-03-22,San Luis Obispo,079,281455,52341,52257,3733,55990,465
2022-03-22,San Mateo,081,765935,120077,119975,7006,126981,686
2022-03-22,Santa Barbara,083,443738,85478,85457,4815,90272,672
2022-03-22,Santa Clara,085,1922200,310971,310787,12285,323072,2249
2022-03-22,Santa Cruz,087,273765,47318,47287,1923,49210,259
2022-03-22,Shasta,089,179085,30527,30528,6161,36689,525
2022-03-22,Sierra,091,2930,273,273,42,315,4
2022-03-22,Siskiyou,093,43540,4433,4429,2746,7175,80
2022-03-22,Solano,095,438530,81616,81587,5523,87110,440
2022-03-22,Sonoma,097,501317,83071,83042,2411,85453,482
2022-03-22,Stanislaus,099,539301,118032,118025,16972,134997,1568
2022-03-22,Sutter,101,95872,20531,20525,2005,22530,218
2022-03-22,Tehama,103,63373,12031,12034,2587,14621,162
2022-03-22,Trinity,105,12862,1174,1174,292,1466,20
2022-03-22,Tulare,107,460477,104516,104431,28170,132601,1391
2022-03-22,Tuolumne,109,53932,12624,12628,569,13197,180
2022-03-22,Ventura,111,848112,172648,172590,9246,181836,1455
2022-03-22,Yolo,113,214977,36199,36184,3162,39346,308
2022-03-22,Yuba,115,75493,15800,15795,1190,16985,117
2022-03-21,Alameda,001,1643700,254566,254354,13717,268071,1799
2022-03-21,Alpine,003,1148,124,122,1,123,0
2022-03-21,Amador,005,37829,8511,8461,644,9105,85
2022-03-21,Butte,007,227075,32918,32895,6624,39519,385
2022-03-21,Calaveras,009,45235,7237,7237,354,7591,119
2022-03-21,Colusa,011,21464,3443,3445,1079,4524,21
2022-03-21,Contra Costa,013,1133247,187935,187509,13116,200625,1276
2022-03-21,Del Norte,015,27424,5830,5824,194,6018,50
2022-03-21,El Dorado,017,186661,26670,26610,3203,29813,199
2022-03-21,Fresno,019,978130,229658,229374,22022,251396,2707
2022-03-21,Glenn,021,27897,4972,4972,1561,6533,46
2022-03-21,Humboldt,023,135768,16909,16912,2952,19864,139
2022-03-21,Imperial,025,180216,55212,55133,11000,66133,908
2022-03-21,Inyo,027,18085,4060,4060,481,4541,56
2022-03-21,Kern,029,883053,191296,191184,46208,237392,2187
2022-03-21,Kings,031,150075,51389,51366,3609,54975,441
2022-03-21,Lake,033,64148,10661,10655,897,11552,135
2022-03-21,Lassen,035,31185,8945,8939,892,9831,63
2022-03-21,Los Angeles,037,10098052,2696956,2694711,122815,2817526,31218
2022-03-21,Madera,039,155013,37336,37288,6019,43307,354
2022-03-21,Marin,041,260295,33261,33242,2203,35445,287
2022-03-21,Mariposa,043,17540,2382,2383,198,2581,6
2022-03-21,Mendocino,045,87422,13027,13028,2967,15995,118
2022-03-21,Merced,047,269075,62067,62048,8452,70500,803
2022-03-21,Modoc,049,8938,735,734,250,984,7
2022-03-21,Mono,051,14174,2965,2962,119,3081,5
2022-03-21,Monterey,053,433212,78741,78572,13481,92053,724
2022-03-21,Napa,055,140530,25694,25684,958,26642,138
2022-03-21,Nevada,057,99092,15952,15963,1207,17170,123
2022-03-21,Orange,059,3164182,545139,544943,41186,586129,6841
2022-03-21,Placer,061,380077,62623,62550,7330,69880,610
2022-03-21,Plumas,063,18699,2746,2744,354,3098,13
2022-03-21,Riverside,065,2383286,589969,589707,28065,617772,6376
2022-03-21,Sacramento,067,1510023,275406,275334,26820,302154,2925
2022-03-21,San Benito,069,59416,12882,12872,513,13385,97
2022-03-21,San Bernardino,071,2135413,560502,560210,24296,584506,6807
2022-03-21,San Diego,073,3302833,749872,748833,50450,799283,5138
2022-03-21,San Francisco,075,870044,124076,123912,8315,132227,835
2022-03-21,San Joaquin,077,732212,166064,165939,9118,175057,2185
2022-03-21,San Luis Obispo,079,281455,52340,52219,3733,55952,463
2022-03-21,San Mateo,081,765935,120070,119899,7006,126905,684
2022-03-21,Santa Barbara,083,443738,85471,85416,4815,90231,672
2022-03-21,Santa Clara,085,1922200,310955,310509,12285,322794,2245
2022-03-21,Santa Cruz,087,273765,47316,47267,1923,49190,259
2022-03-21,Shasta,089,179085,30527,30523,6161,36684,525
2022-03-21,Sierra,091,2930,273,273,42,315,4
2022-03-21,Siskiyou,093,43540,4433,4426,2746,7172,80
2022-03-21,Solano,095,438530,81614,81399,5523,86922,441
2022-03-21,Sonoma,097,501317,83069,82979,2411,85390,482
2022-03-21,Stanislaus,099,539301,118027,118144,16972,135116,1571
2022-03-21,Sutter,101,95872,20528,20523,2005,22528,218
2022-03-21,Tehama,103,63373,12031,12030,2587,14617,160
2022-03-21,Trinity,105,12862,1174,1174,292,1466,20
2022-03-21,Tulare,107,460477,104511,104350,28170,132520,1389
2022-03-21,Tuolumne,109,53932,12624,12620,569,13189,180
2022-03-21,Ventura,111,848112,172640,172537,9246,181783,1452
2022-03-21,Yolo,113,214977,36198,36141,3162,39303,307
2022-03-21,Yuba,115,75493,15800,15790,1190,16980,117
2022-03-20,Alameda,001,1643700,254476,254293,13717,268010,1801
2022-03-20,Alpine,003,1148,122,122,1,123,0
2022-03-20,Amador,005,37829,8511,8460,644,9104,85
2022-03-20,Butte,007,227075,32911,32892,6624,39516,385
2022-03-20,Calaveras,009,45235,7237,7233,354,7587,119
2022-03-20,Colusa,011,21464,3443,3446,1079,4525,21
2022-03-20,Contra Costa,013,1133247,187853,187467,13116,200583,1276
2022-03-20,Del Norte,015,27424,5824,5821,194,6015,50
2022-03-20,El Dorado,017,186661,26665,26608,3203,29811,199
2022-03-20,Fresno,019,978130,229598,229297,22022,251319,2707
2022-03-20,Glenn,021,27897,4971,4972,1561,6533,46
2022-03-20,Humboldt,023,135768,16908,16913,2952,19865,139
2022-03-20,Imperial,025,180216,55206,55133,11000,66133,908
2022-03-20,Inyo,027,18085,4060,4060,481,4541,56
2022-03-20,Kern,029,883053,191282,191170,46208,237378,2187
2022-03-20,Kings,031,150075,51381,51360,3609,54969,441
2022-03-20,Lake,033,64148,10659,10652,897,11549,135
2022-03-20,Lassen,035,31185,8943,8938,892,9830,63
2022-03-20,Los Angeles,037,10098052,2696925,2694698,122815,2817513,31219
2022-03-20,Madera,039,155013,37329,37284,6019,43303,354
2022-03-20,Marin,041,260295,33243,33232,2203,35435,275
2022-03-20,Mariposa,043,17540,2382,2383,198,2581,6
2022-03-20,Mendocino,045,87422,13022,13027,2967,15994,118
2022-03-20,Merced,047,269075,62060,62041,8452,70493,803
2022-03-20,Modoc,049,8938,735,734,250,984,7
2022-03-20,Mono,051,14174,2962,2962,119,3081,5
2022-03-20,Monterey,053,433212,78727,78566,13481,92047,723
2022-03-20,Napa,055,140530,25686,25682,958,26640,138
2022-03-20,Nevada,057,99092,15945,15964,1207,17171,123
2022-03-20,Orange,059,3164182,545071,544862,41186,586048,6841
2022-03-20,Placer,061,380077,62609,62525,7330,69855,610
2022-03-20,Plumas,063,18699,2746,2744,354,3098,13
2022-03-20,Riverside,065,2383286,589905,589657,28065,617722,6376
2022-03-20,Sacramento,067,1510023,275346,275317,26820,302137,2927
2022-03-20,San Benito,069,59416,12882,12869,513,13382,97
2022-03-20,San Bernardino,071,2135413,560459,560220,24296,584516,6805
2022-03-20,San Diego,073,3302833,749844,748833,50450,799283,5138
2022-03-20,San Francisco,075,870044,123985,123858,8315,132173,835
2022-03-20,San Joaquin,077,732212,166035,165927,9118,175045,2185
2022-03-20,San Luis Obispo,079,281455,52320,52217,3733,55950,463
2022-03-20,San Mateo,081,765935,120016,119901,7006,126907,684
2022-03-20,Santa Barbara,083,443738,85450,85412,4815,90227,672
2022-03-20,Santa Clara,085,1922200,310818,310412,12285,322697,2243
2022-03-20,Santa Cruz,087,273765,47290,47265,1923,49188,259
2022-03-20,Shasta,089,179085,30523,30522,6161,36683,525
2022-03-20,Sierra,091,2930,273,273,42,315,4
2022-03-20,Siskiyou,093,43540,4431,4426,2746,7172,80
2022-03-20,Solano,095,438530,81589,81393,5523,86916,441
2022-03-20,Sonoma,097,501317,83045,82965,2411,85376,481
2022-03-20,Stanislaus,099,539301,118013,118146,16972,135118,1572
2022-03-20,Sutter,101,95872,20524,20519,2005,22524,218
2022-03-20,Tehama,103,63373,12030,12030,2587,14617,160
2022-03-20,Trinity,105,12862,1174,1174,292,1466,20
2022-03-20,Tulare,107,460477,104496,104353,28170,132523,1389
2022-03-20,Tuolumne,109,53932,12621,12617,569,13186,180
2022-03-20,Ventura,111,848112,172598,172514,9246,181760,1451
2022-03-20,Yolo,113,214977,36192,36135,3162,39297,307
2022-03-20,Yuba,115,75493,15793,15787,1190,16977,117
2022-03-19,Alameda,001,1643700,254444,253936,13717,267653,1797
2022-03-19,Alpine,003,1148,122,122,1,123,0
2022-03-19,Amador,005,37829,8509,8456,644,9100,85
2022-03-19,Butte,007,227075,32909,32856,6624,39480,385
2022-03-19,Calaveras,009,45235,7237,7229,354,7583,119
2022-03-19,Colusa,011,21464,3441,3445,1079,4524,21
2022-03-19,Contra Costa,013,1133247,187829,187225,13116,200341,1276
2022-03-19,Del Norte,015,27424,5823,5815,194,6009,48
2022-03-19,El Dorado,017,186661,26662,26618,3203,29821,199
2022-03-19,Fresno,019,978130,229578,228965,22022,250987,2694
2022-03-19,Glenn,021,27897,4971,4971,1561,6532,44
2022-03-19,Humboldt,023,135768,16907,16901,2952,19853,138
2022-03-19,Imperial,025,180216,55200,55038,11000,66038,898
2022-03-19,Inyo,027,18085,4060,4061,481,4542,56
2022-03-19,Kern,029,883053,191272,190943,46208,237151,2184
2022-03-19,Kings,031,150075,51376,51334,3609,54943,441
2022-03-19,Lake,033,64148,10659,10641,897,11538,135
2022-03-19,Lassen,035,31185,8943,8925,892,9817,63
2022-03-19,Los Angeles,037,10098052,2696836,2686759,122815,2809574,31133
2022-03-19,Madera,039,155013,37329,37273,6019,43292,354
2022-03-19,Marin,041,260295,33233,33163,2203,35366,272
2022-03-19,Mariposa,043,17540,2382,2378,198,2576,6
2022-03-19,Mendocino,045,87422,13022,13012,2967,15979,117
2022-03-19,Merced,047,269075,62057,61985,8452,70437,800
2022-03-19,Modoc,049,8938,735,734,250,984,7
2022-03-19,Mono,051,14174,2962,2961,119,3080,5
2022-03-19,Monterey,053,433212,78723,78483,13481,91964,720
2022-03-19,Napa,055,140530,25686,25654,958,26612,138
2022-03-19,Nevada,057,99092,15945,15960,1207,17167,123
2022-03-19,Orange,059,3164182,545010,543907,41186,585093,6817
2022-03-19,Placer,061,380077,62603,62483,7330,69813,605
2022-03-19,Plumas,063,18699,2746,2724,354,3078,13
2022-03-19,Riverside,065,2383286,589864,589017,28065,617082,6359
2022-03-19,Sacramento,067,1510023,275314,274855,26820,301675,2913
2022-03-19,San Benito,069,59416,12881,12859,513,13372,97
2022-03-19,San Bernardino,071,2135413,560440,559935,24296,584231,6778
2022-03-19,San Diego,073,3302833,749775,747344,50450,797794,5133
2022-03-19,San Francisco,075,870044,123954,123587,8315,131902,833
2022-03-19,San Joaquin,077,732212,166017,165765,9118,174883,2181
2022-03-19,San Luis Obispo,079,281455,52315,52174,3733,55907,463
2022-03-19,San Mateo,081,765935,119994,119782,7006,126788,667
2022-03-19,Santa Barbara,083,443738,85444,85336,4815,90151,671
2022-03-19,Santa Clara,085,1922200,310739,309918,12285,322203,2225
2022-03-19,Santa Cruz,087,273765,47285,47203,1923,49126,256
2022-03-19,Shasta,089,179085,30520,30495,6161,36656,525
2022-03-19,Sierra,091,2930,273,273,42,315,4
2022-03-19,Siskiyou,093,43540,4430,4422,2746,7168,76
2022-03-19,Solano,095,438530,81583,81340,5523,86863,441
2022-03-19,Sonoma,097,501317,83036,82838,2411,85249,472
2022-03-19,Stanislaus,099,539301,118006,118138,16972,135110,1568
2022-03-19,Sutter,101,95872,20522,20503,2005,22508,218
2022-03-19,Tehama,103,63373,12030,12007,2587,14594,160
2022-03-19,Trinity,105,12862,1174,1173,292,1465,20
2022-03-19,Tulare,107,460477,104492,104290,28170,132460,1384
2022-03-19,Tuolumne,109,53932,12620,12617,569,13186,180
2022-03-19,Ventura,111,848112,172581,172380,9246,181626,1451
2022-03-19,Yolo,113,214977,36191,36086,3162,39248,306
2022-03-19,Yuba,115,75493,15789,15768,1190,16958,117
2022-03-18,Alameda,001,1643700,254405,253936,13717,267653,1797
2022-03-18,Alpine,003,1148,122,122,1,123,0
2022-03-18,Amador,005,37829,8509,8456,644,9100,85
2022-03-18,Butte,007,227075,32905,32856,6624,39480,385
2022-03-18,Calaveras,009,45235,7237,7229,354,7583,119
2022-03-18,Colusa,011,21464,3441,3445,1079,4524,21
2022-03-18,Contra Costa,013,1133247,187800,187225,13116,200341,1276
2022-03-18,Del Norte,015,27424,5822,5815,194,6009,48
2022-03-18,El Dorado,017,186661,26660,26618,3203,29821,199
2022-03-18,Fresno,019,978130,229552,228965,22022,250987,2694
2022-03-18,Glenn,021,27897,4971,4971,1561,6532,44
2022-03-18,Humboldt,023,135768,16903,16901,2952,19853,138
2022-03-18,Imperial,025,180216,55199,55038,11000,66038,898
2022-03-18,Inyo,027,18085,4060,4061,481,4542,56
2022-03-18,Kern,029,883053,191263,190943,46208,237151,2184
2022-03-18,Kings,031,150075,51372,51334,3609,54943,441
2022-03-18,Lake,033,64148,10658,10641,897,11538,135
2022-03-18,Lassen,035,31185,8942,8925,892,9817,63
2022-03-18,Los Angeles,037,10098052,2696604,2686759,122815,2809574,31133
2022-03-18,Madera,039,155013,37324,37273,6019,43292,354
2022-03-18,Marin,041,260295,33228,33163,2203,35366,272
2022-03-18,Mariposa,043,17540,2381,2378,198,2576,6
2022-03-18,Mendocino,045,87422,13020,13012,2967,15979,117
2022-03-18,Merced,047,269075,62048,61985,8452,70437,800
2022-03-18,Modoc,049,8938,735,734,250,984,7
2022-03-18,Mono,051,14174,2962,2961,119,3080,5
2022-03-18,Monterey,053,433212,78714,78483,13481,91964,720
2022-03-18,Napa,055,140530,25684,25654,958,26612,138
2022-03-18,Nevada,057,99092,15944,15960,1207,17167,123
2022-03-18,Orange,059,3164182,544947,543907,41186,585093,6817
2022-03-18,Placer,061,380077,62598,62483,7330,69813,605
2022-03-18,Plumas,063,18699,2746,2724,354,3078,13
2022-03-18,Riverside,065,2383286,589832,589017,28065,617082,6359
2022-03-18,Sacramento,067,1510023,275285,274855,26820,301675,2913
2022-03-18,San Benito,069,59416,12879,12859,513,13372,97
2022-03-18,San Bernardino,071,2135413,560410,559935,24296,584231,6778
2022-03-18,San Diego,073,3302833,749675,747344,50450,797794,5133
2022-03-18,San Francisco,075,870044,123904,123587,8315,131902,833
2022-03-18,San Joaquin,077,732212,166011,165765,9118,174883,2181
2022-03-18,San Luis Obispo,079,281455,52311,52174,3733,55907,463
2022-03-18,San Mateo,081,765935,119964,119782,7006,126788,667
2022-03-18,Santa Barbara,083,443738,85441,85336,4815,90151,671
2022-03-18,Santa Clara,085,1922200,310658,309918,12285,322203,2225
2022-03-18,Santa Cruz,087,273765,47277,47203,1923,49126,256
2022-03-18,Shasta,089,179085,30520,30495,6161,36656,525
2022-03-18,Sierra,091,2930,273,273,42,315,4
2022-03-18,Siskiyou,093,43540,4430,4422,2746,7168,76
2022-03-18,Solano,095,438530,81572,81340,5523,86863,441
2022-03-18,Sonoma,097,501317,83027,82838,2411,85249,472
2022-03-18,Stanislaus,099,539301,117997,118138,16972,135110,1568
2022-03-18,Sutter,101,95872,20518,20503,2005,22508,218
2022-03-18,Tehama,103,63373,12030,12007,2587,14594,160
2022-03-18,Trinity,105,12862,1174,1173,292,1465,20
2022-03-18,Tulare,107,460477,104488,104290,28170,132460,1384
2022-03-18,Tuolumne,109,53932,12618,12617,569,13186,180
2022-03-18,Ventura,111,848112,172565,172380,9246,181626,1451
2022-03-18,Yolo,113,214977,36182,36086,3162,39248,306
2022-03-18,Yuba,115,75493,15788,15768,1190,16958,117
2022-03-17,Alameda,001,1643700,254312,253936,13717,267653,1797
2022-03-17,Alpine,003,1148,122,122,1,123,0
2022-03-17,Amador,005,37829,8502,8456,644,9100,85
2022-03-17,Butte,007,227075,32892,32856,6624,39480,385
2022-03-17,Calaveras,009,45235,7235,7229,354,7583,119
2022-03-17,Colusa,011,21464,3441,3445,1079,4524,21
2022-03-17,Contra Costa,013,1133247,187740,187225,13116,200341,1276
2022-03-17,Del Norte,015,27424,5821,5815,194,6009,48
2022-03-17,El Dorado,017,186661,26654,26618,3203,29821,199
2022-03-17,Fresno,019,978130,229505,228965,22022,250987,2694
2022-03-17,Glenn,021,27897,4971,4971,1561,6532,44
2022-03-17,Humboldt,023,135768,16900,16901,2952,19853,138
2022-03-17,Imperial,025,180216,55192,55038,11000,66038,898
2022-03-17,Inyo,027,18085,4060,4061,481,4542,56
2022-03-17,Kern,029,883053,191236,190943,46208,237151,2184
2022-03-17,Kings,031,150075,51370,51334,3609,54943,441
2022-03-17,Lake,033,64148,10655,10641,897,11538,135
2022-03-17,Lassen,035,31185,8940,8925,892,9817,63
2022-03-17,Los Angeles,037,10098052,2696100,2686759,122815,2809574,31133
2022-03-17,Madera,039,155013,37321,37273,6019,43292,354
2022-03-17,Marin,041,260295,33217,33163,2203,35366,272
2022-03-17,Mariposa,043,17540,2381,2378,198,2576,6
2022-03-17,Mendocino,045,87422,13017,13012,2967,15979,117
2022-03-17,Merced,047,269075,62042,61985,8452,70437,800
2022-03-17,Modoc,049,8938,735,734,250,984,7
2022-03-17,Mono,051,14174,2962,2961,119,3080,5
2022-03-17,Monterey,053,433212,78697,78483,13481,91964,720
2022-03-17,Napa,055,140530,25681,25654,958,26612,138
2022-03-17,Nevada,057,99092,15942,15960,1207,17167,123
2022-03-17,Orange,059,3164182,544858,543907,41186,585093,6817
2022-03-17,Placer,061,380077,62587,62483,7330,69813,605
2022-03-17,Plumas,063,18699,2745,2724,354,3078,13
2022-03-17,Riverside,065,2383286,589769,589017,28065,617082,6359
2022-03-17,Sacramento,067,1510023,275225,274855,26820,301675,2913
2022-03-17,San Benito,069,59416,12878,12859,513,13372,97
2022-03-17,San Bernardino,071,2135413,560355,559935,24296,584231,6778
2022-03-17,San Diego,073,3302833,749517,747344,50450,797794,5133
2022-03-17,San Francisco,075,870044,123833,123587,8315,131902,833
2022-03-17,San Joaquin,077,732212,165991,165765,9118,174883,2181
2022-03-17,San Luis Obispo,079,281455,52298,52174,3733,55907,463
2022-03-17,San Mateo,081,765935,119922,119782,7006,126788,667
2022-03-17,Santa Barbara,083,443738,85422,85336,4815,90151,671
2022-03-17,Santa Clara,085,1922200,310567,309918,12285,322203,2225
2022-03-17,Santa Cruz,087,273765,47262,47203,1923,49126,256
2022-03-17,Shasta,089,179085,30517,30495,6161,36656,525
2022-03-17,Sierra,091,2930,273,273,42,315,4
2022-03-17,Siskiyou,093,43540,4429,4422,2746,7168,76
2022-03-17,Solano,095,438530,81547,81340,5523,86863,441
2022-03-17,Sonoma,097,501317,83006,82838,2411,85249,472
2022-03-17,Stanislaus,099,539301,117986,118138,16972,135110,1568
2022-03-17,Sutter,101,95872,20508,20503,2005,22508,218
2022-03-17,Tehama,103,63373,12030,12007,2587,14594,160
2022-03-17,Trinity,105,12862,1174,1173,292,1465,20
2022-03-17,Tulare,107,460477,104473,104290,28170,132460,1384
2022-03-17,Tuolumne,109,53932,12616,12617,569,13186,180
2022-03-17,Ventura,111,848112,172522,172380,9246,181626,1451
2022-03-17,Yolo,113,214977,36171,36086,3162,39248,306
2022-03-17,Yuba,115,75493,15787,15768,1190,16958,117
2022-03-16,Alameda,001,1643700,254217,253792,13717,267509,1794
2022-03-16,Alpine,003,1148,122,122,1,123,0
2022-03-16,Amador,005,37829,8494,8449,644,9093,85
2022-03-16,Butte,007,227075,32881,32837,6624,39461,385
2022-03-16,Calaveras,009,45235,7234,7229,354,7583,120
2022-03-16,Colusa,011,21464,3441,3445,1079,4524,22
2022-03-16,Contra Costa,013,1133247,187683,187100,13116,200216,1266
2022-03-16,Del Norte,015,27424,5821,5811,194,6005,48
2022-03-16,El Dorado,017,186661,26644,26602,3203,29805,199
2022-03-16,Fresno,019,978130,229456,228786,22022,250808,2689
2022-03-16,Glenn,021,27897,4971,4969,1561,6530,44
2022-03-16,Humboldt,023,135768,16895,16893,2952,19845,138
2022-03-16,Imperial,025,180216,55180,55002,11000,66002,897
2022-03-16,Inyo,027,18085,4060,4061,481,4542,56
2022-03-16,Kern,029,883053,191193,190835,46208,237043,2170
2022-03-16,Kings,031,150075,51355,51321,3609,54930,437
2022-03-16,Lake,033,64148,10653,10633,897,11530,133
2022-03-16,Lassen,035,31185,8937,8924,892,9816,62
2022-03-16,Los Angeles,037,10098052,2695579,2685789,122815,2808604,31102
2022-03-16,Madera,039,155013,37310,37262,6019,43281,354
2022-03-16,Marin,041,260295,33200,33136,2203,35339,272
2022-03-16,Mariposa,043,17540,2379,2376,198,2574,6
2022-03-16,Mendocino,045,87422,13014,13011,2967,15978,117
2022-03-16,Merced,047,269075,62027,61959,8452,70411,798
2022-03-16,Modoc,049,8938,734,734,250,984,7
2022-03-16,Mono,051,14174,2962,2960,119,3079,5
2022-03-16,Monterey,053,433212,78680,78416,13481,91897,720
2022-03-16,Napa,055,140530,25671,25638,958,26596,138
2022-03-16,Nevada,057,99092,15941,15960,1207,17167,123
2022-03-16,Orange,059,3164182,544747,543326,41186,584512,6791
2022-03-16,Placer,061,380077,62574,62435,7330,69765,605
2022-03-16,Plumas,063,18699,2745,2723,354,3077,13
2022-03-16,Riverside,065,2383286,589687,588761,28065,616826,6351
2022-03-16,Sacramento,067,1510023,275164,274709,26820,301529,2910
2022-03-16,San Benito,069,59416,12873,12854,513,13367,97
2022-03-16,San Bernardino,071,2135413,560283,559746,24296,584042,6775
2022-03-16,San Diego,073,3302833,749325,746970,50450,797420,5126
2022-03-16,San Francisco,075,870044,123742,123446,8315,131761,831
2022-03-16,San Joaquin,077,732212,165950,165703,9118,174821,2169
2022-03-16,San Luis Obispo,079,281455,52283,52132,3733,55865,462
2022-03-16,San Mateo,081,765935,119871,119680,7006,126686,660
2022-03-16,Santa Barbara,083,443738,85394,85322,4815,90137,670
2022-03-16,Santa Clara,085,1922200,310399,309689,12285,321974,2224
2022-03-16,Santa Cruz,087,273765,47234,47161,1923,49084,255
2022-03-16,Shasta,089,179085,30506,30489,6161,36650,527
2022-03-16,Sierra,091,2930,273,273,42,315,4
2022-03-16,Siskiyou,093,43540,4428,4419,2746,7165,76
2022-03-16,Solano,095,438530,81522,81277,5523,86800,440
2022-03-16,Sonoma,097,501317,82966,82791,2411,85202,472
2022-03-16,Stanislaus,099,539301,117962,118072,16972,135044,1567
2022-03-16,Sutter,101,95872,20506,20494,2005,22499,218
2022-03-16,Tehama,103,63373,12028,11999,2587,14586,160
2022-03-16,Trinity,105,12862,1174,1173,292,1465,20
2022-03-16,Tulare,107,460477,104458,104217,28170,132387,1377
2022-03-16,Tuolumne,109,53932,12610,12610,569,13179,180
2022-03-16,Ventura,111,848112,172485,172212,9246,181458,1451
2022-03-16,Yolo,113,214977,36151,36079,3162,39241,307
2022-03-16,Yuba,115,75493,15782,15758,1190,16948,117
2022-03-15,Alameda,001,1643700,254111,253694,13717,267411,1793
2022-03-15,Alpine,003,1148,122,122,1,123,0
2022-03-15,Amador,005,37829,8491,8448,644,9092,85
2022-03-15,Butte,007,227075,32869,32822,6624,39446,385
2022-03-15,Calaveras,009,45235,7232,7236,354,7590,118
2022-03-15,Colusa,011,21464,3441,3445,1079,4524,21
2022-03-15,Contra Costa,013,1133247,187612,187021,13116,200137,1265
2022-03-15,Del Norte,015,27424,5818,5806,194,6000,48
2022-03-15,El Dorado,017,186661,26641,26596,3203,29799,199
2022-03-15,Fresno,019,978130,229417,228631,22022,250653,2689
2022-03-15,Glenn,021,27897,4969,4966,1561,6527,44
2022-03-15,Humboldt,023,135768,16890,16889,2952,19841,138
2022-03-15,Imperial,025,180216,55171,54981,11000,65981,896
2022-03-15,Inyo,027,18085,4060,4062,481,4543,56
2022-03-15,Kern,029,883053,191166,190645,46208,236853,2168
2022-03-15,Kings,031,150075,51335,51317,3609,54926,437
2022-03-15,Lake,033,64148,10651,10631,897,11528,131
2022-03-15,Lassen,035,31185,8935,8926,892,9818,62
2022-03-15,Los Angeles,037,10098052,2695015,2685071,122815,2807886,31077
2022-03-15,Madera,039,155013,37301,37258,6019,43277,354
2022-03-15,Marin,041,260295,33177,33111,2203,35314,272
2022-03-15,Mariposa,043,17540,2377,2377,198,2575,6
2022-03-15,Mendocino,045,87422,13007,13005,2967,15972,117
2022-03-15,Merced,047,269075,62008,61916,8452,70368,798
2022-03-15,Modoc,049,8938,734,733,250,983,7
2022-03-15,Mono,051,14174,2961,2961,119,3080,5
2022-03-15,Monterey,053,433212,78650,78400,13481,91881,718
2022-03-15,Napa,055,140530,25664,25657,958,26615,138
2022-03-15,Nevada,057,99092,15939,15960,1207,17167,123
2022-03-15,Orange,059,3164182,544616,543197,41186,584383,6780
2022-03-15,Placer,061,380077,62560,62398,7330,69728,604
2022-03-15,Plumas,063,18699,2745,2722,354,3076,13
2022-03-15,Riverside,065,2383286,589605,588622,28065,616687,6333
2022-03-15,Sacramento,067,1510023,275080,274633,26820,301453,2907
2022-03-15,San Benito,069,59416,12869,12849,513,13362,95
2022-03-15,San Bernardino,071,2135413,560219,559605,24296,583901,6770
2022-03-15,San Diego,073,3302833,749089,746474,50450,796924,5116
2022-03-15,San Francisco,075,870044,123637,123526,8315,131841,831
2022-03-15,San Joaquin,077,732212,165906,165664,9118,174782,2161
2022-03-15,San Luis Obispo,079,281455,52275,52060,3733,55793,458
2022-03-15,San Mateo,081,765935,119822,119586,7006,126592,649
2022-03-15,Santa Barbara,083,443738,85372,85353,4815,90168,668
2022-03-15,Santa Clara,085,1922200,310246,309535,12285,321820,2224
2022-03-15,Santa Cruz,087,273765,47181,47117,1923,49040,255
2022-03-15,Shasta,089,179085,30498,30476,6161,36637,524
2022-03-15,Sierra,091,2930,273,273,42,315,4
2022-03-15,Siskiyou,093,43540,4428,4420,2746,7166,76
2022-03-15,Solano,095,438530,81503,81260,5523,86783,440
2022-03-15,Sonoma,097,501317,82925,82737,2411,85148,472
2022-03-15,Stanislaus,099,539301,117944,118085,16972,135057,1567
2022-03-15,Sutter,101,95872,20503,20480,2005,22485,217
2022-03-15,Tehama,103,63373,12025,11997,2587,14584,160
2022-03-15,Trinity,105,12862,1174,1173,292,1465,20
2022-03-15,Tulare,107,460477,104442,104153,28170,132323,1375
2022-03-15,Tuolumne,109,53932,12607,12602,569,13171,180
2022-03-15,Ventura,111,848112,172446,172150,9246,181396,1451
2022-03-15,Yolo,113,214977,36138,36079,3162,39241,308
2022-03-15,Yuba,115,75493,15773,15756,1190,16946,116
2022-03-14,Alameda,001,1643700,254015,253629,13717,267346,1791
2022-03-14,Alpine,003,1148,122,122,1,123,0
2022-03-14,Amador,005,37829,8486,8448,644,9092,85
2022-03-14,Butte,007,227075,32850,32812,6624,39436,385
2022-03-14,Calaveras,009,45235,7231,7245,354,7599,118
2022-03-14,Colusa,011,21464,3440,3445,1079,4524,21
2022-03-14,Contra Costa,013,1133247,187527,186969,13116,200085,1265
2022-03-14,Del Norte,015,27424,5814,5807,194,6001,48
2022-03-14,El Dorado,017,186661,26637,26570,3203,29773,199
2022-03-14,Fresno,019,978130,229353,228470,22022,250492,2682
2022-03-14,Glenn,021,27897,4968,4966,1561,6527,44
2022-03-14,Humboldt,023,135768,16883,16890,2952,19842,137
2022-03-14,Imperial,025,180216,55158,54933,11000,65933,897
2022-03-14,Inyo,027,18085,4060,4062,481,4543,56
2022-03-14,Kern,029,883053,191135,190526,46208,236734,2166
2022-03-14,Kings,031,150075,51317,51293,3608,54901,437
2022-03-14,Lake,033,64148,10648,10631,897,11528,131
2022-03-14,Lassen,035,31185,8935,8927,892,9819,62
2022-03-14,Los Angeles,037,10098052,2694489,2683369,122802,2806171,31034
2022-03-14,Madera,039,155013,37298,37255,6019,43274,354
2022-03-14,Marin,041,260295,33151,33099,2203,35302,272
2022-03-14,Mariposa,043,17540,2377,2376,198,2574,6
2022-03-14,Mendocino,045,87422,13001,12992,2967,15959,117
2022-03-14,Merced,047,269075,61991,61905,8452,70357,795
2022-03-14,Modoc,049,8938,733,731,250,981,7
2022-03-14,Mono,051,14174,2960,2961,119,3080,5
2022-03-14,Monterey,053,433212,78637,78376,13449,91825,718
2022-03-14,Napa,055,140530,25651,25649,958,26607,138
2022-03-14,Nevada,057,99092,15937,15954,1207,17161,123
2022-03-14,Orange,059,3164182,544486,543099,41186,584285,6775
2022-03-14,Placer,061,380077,62543,62389,7330,69719,601
2022-03-14,Plumas,063,18699,2745,2711,354,3065,13
2022-03-14,Riverside,065,2383286,589513,588531,28065,616596,6332
2022-03-14,Sacramento,067,1510023,275007,274682,26820,301502,2899
2022-03-14,San Benito,069,59416,12864,12846,513,13359,95
2022-03-14,San Bernardino,071,2135413,560143,559505,24293,583798,6767
2022-03-14,San Diego,073,3302833,748795,745515,50450,795965,5108
2022-03-14,San Francisco,075,870044,123549,123575,8315,131890,824
2022-03-14,San Joaquin,077,732212,165870,165662,9118,174780,2142
2022-03-14,San Luis Obispo,079,281455,52250,52046,3732,55778,458
2022-03-14,San Mateo,081,765935,119754,119564,7006,126570,649
2022-03-14,Santa Barbara,083,443738,85342,85396,4815,90211,667
2022-03-14,Santa Clara,085,1922200,310061,309600,12285,321885,2223
2022-03-14,Santa Cruz,087,273765,47144,47107,1923,49030,255
2022-03-14,Shasta,089,179085,30493,30462,6161,36623,520
2022-03-14,Sierra,091,2930,273,273,42,315,4
2022-03-14,Siskiyou,093,43540,4423,4419,2746,7165,76
2022-03-14,Solano,095,438530,81462,81233,5523,86756,440
2022-03-14,Sonoma,097,501317,82896,82731,2411,85142,473
2022-03-14,Stanislaus,099,539301,117910,118088,16972,135060,1567
2022-03-14,Sutter,101,95872,20496,20478,2005,22483,217
2022-03-14,Tehama,103,63373,12023,11996,2587,14583,160
2022-03-14,Trinity,105,12862,1174,1172,292,1464,20
2022-03-14,Tulare,107,460477,104414,104121,28164,132285,1365
2022-03-14,Tuolumne,109,53932,12606,12567,569,13136,180
2022-03-14,Ventura,111,848112,172398,172107,9246,181353,1442
2022-03-14,Yolo,113,214977,36125,36059,3162,39221,308
2022-03-14,Yuba,115,75493,15763,15748,1190,16938,116
2022-03-13,Alameda,001,1643700,253905,253547,13707,267254,1792
2022-03-13,Alpine,003,1148,122,122,1,123,0
2022-03-13,Amador,005,37829,8484,8444,644,9088,85
2022-03-13,Butte,007,227075,32833,32806,6622,39428,384
2022-03-13,Calaveras,009,45235,7226,7253,354,7607,118
2022-03-13,Colusa,011,21464,3440,3444,1078,4522,21
2022-03-13,Contra Costa,013,1133247,187438,186911,13114,200025,1265
2022-03-13,Del Norte,015,27424,5810,5808,194,6002,48
2022-03-13,El Dorado,017,186661,26632,26563,3203,29766,199
2022-03-13,Fresno,019,978130,229273,228421,22014,250435,2683
2022-03-13,Glenn,021,27897,4965,4966,1559,6525,44
2022-03-13,Humboldt,023,135768,16875,16883,2951,19834,137
2022-03-13,Imperial,025,180216,55149,54934,10994,65928,897
2022-03-13,Inyo,027,18085,4060,4062,481,4543,56
2022-03-13,Kern,029,883053,191083,190495,46197,236692,2166
2022-03-13,Kings,031,150075,51309,51273,3606,54879,437
2022-03-13,Lake,033,64148,10646,10626,896,11522,131
2022-03-13,Lassen,035,31185,8934,8929,891,9820,62
2022-03-13,Los Angeles,037,10098052,2693876,2683351,122801,2806152,31034
2022-03-13,Madera,039,155013,37291,37248,6016,43264,354
2022-03-13,Marin,041,260295,33126,33083,2200,35283,272
2022-03-13,Mariposa,043,17540,2375,2376,198,2574,6
2022-03-13,Mendocino,045,87422,12994,12987,2962,15949,117
2022-03-13,Merced,047,269075,61968,61895,8444,70339,795
2022-03-13,Modoc,049,8938,733,731,250,981,7
2022-03-13,Mono,051,14174,2960,2961,119,3080,5
2022-03-13,Monterey,053,433212,78610,78366,13406,91772,718
2022-03-13,Napa,055,140530,25637,25639,957,26596,138
2022-03-13,Nevada,057,99092,15930,15959,1207,17166,123
2022-03-13,Orange,059,3164182,544373,543036,41169,584205,6774
2022-03-13,Placer,061,380077,62518,62372,7328,69700,601
2022-03-13,Plumas,063,18699,2745,2711,354,3065,13
2022-03-13,Riverside,065,2383286,589397,588487,28057,616544,6332
2022-03-13,Sacramento,067,1510023,274907,274715,26812,301527,2899
2022-03-13,San Benito,069,59416,12858,12844,512,13356,95
2022-03-13,San Bernardino,071,2135413,560051,559450,24288,583738,6767
2022-03-13,San Diego,073,3302833,748476,745515,50426,795941,5108
2022-03-13,San Francisco,075,870044,123443,123622,8309,131931,824
2022-03-13,San Joaquin,077,732212,165828,165641,9113,174754,2142
2022-03-13,San Luis Obispo,079,281455,52220,52040,3730,55770,458
2022-03-13,San Mateo,081,765935,119682,119521,6998,126519,649
2022-03-13,Santa Barbara,083,443738,85301,85453,4813,90266,667
2022-03-13,Santa Clara,085,1922200,309893,309493,12280,321773,2225
2022-03-13,Santa Cruz,087,273765,47096,47087,1921,49008,255
2022-03-13,Shasta,089,179085,30479,30457,6161,36618,520
2022-03-13,Sierra,091,2930,273,273,42,315,4
2022-03-13,Siskiyou,093,43540,4423,4418,2743,7161,76
2022-03-13,Solano,095,438530,81427,81217,5520,86737,440
2022-03-13,Sonoma,097,501317,82863,82711,2411,85122,473
2022-03-13,Stanislaus,099,539301,117878,118075,16970,135045,1567
2022-03-13,Sutter,101,95872,20493,20474,2004,22478,217
2022-03-13,Tehama,103,63373,12022,11997,2586,14583,160
2022-03-13,Trinity,105,12862,1174,1172,292,1464,20
2022-03-13,Tulare,107,460477,104378,104119,28148,132267,1365
2022-03-13,Tuolumne,109,53932,12604,12565,569,13134,180
2022-03-13,Ventura,111,848112,172343,172080,9244,181324,1442
2022-03-13,Yolo,113,214977,36110,36019,3160,39179,308
2022-03-13,Yuba,115,75493,15758,15741,1190,16931,116
2022-03-12,Alameda,001,1643700,253846,253079,13705,266784,1783
2022-03-12,Alpine,003,1148,122,122,1,123,0
2022-03-12,Amador,005,37829,8480,8427,644,9071,84
2022-03-12,Butte,007,227075,32829,32774,6619,39393,380
2022-03-12,Calaveras,009,45235,7225,7253,354,7607,118
2022-03-12,Colusa,011,21464,3440,3440,1078,4518,21
2022-03-12,Contra Costa,013,1133247,187398,186618,13114,199732,1256
2022-03-12,Del Norte,015,27424,5809,5791,194,5985,48
2022-03-12,El Dorado,017,186661,26628,26538,3203,29741,199
2022-03-12,Fresno,019,978130,229250,228041,22014,250055,2653
2022-03-12,Glenn,021,27897,4965,4955,1559,6514,44
2022-03-12,Humboldt,023,135768,16872,16862,2951,19813,137
2022-03-12,Imperial,025,180216,55145,54837,10993,65830,896
2022-03-12,Inyo,027,18085,4060,4056,481,4537,56
2022-03-12,Kern,029,883053,191067,190330,46193,236523,2162
2022-03-12,Kings,031,150075,51303,51145,3606,54751,436
2022-03-12,Lake,033,64148,10642,10594,895,11489,131
2022-03-12,Lassen,035,31185,8933,8915,891,9806,62
2022-03-12,Los Angeles,037,10098052,2693602,2678858,122784,2801642,30901
2022-03-12,Madera,039,155013,37287,37223,6016,43239,354
2022-03-12,Marin,041,260295,33101,33015,2199,35214,272
2022-03-12,Mariposa,043,17540,2375,2372,198,2570,6
2022-03-12,Mendocino,045,87422,12991,12965,2962,15927,117
2022-03-12,Merced,047,269075,61963,61840,8443,70283,795
2022-03-12,Modoc,049,8938,733,730,250,980,7
2022-03-12,Mono,051,14174,2960,2960,119,3079,5
2022-03-12,Monterey,053,433212,78603,78285,13406,91691,716
2022-03-12,Napa,055,140530,25627,25584,957,26541,138
2022-03-12,Nevada,057,99092,15923,15947,1207,17154,123
2022-03-12,Orange,059,3164182,544307,542354,41157,583511,6718
2022-03-12,Placer,061,380077,62509,62282,7328,69610,598
2022-03-12,Plumas,063,18699,2745,2707,354,3061,13
2022-03-12,Riverside,065,2383286,589338,588022,28052,616074,6317
2022-03-12,Sacramento,067,1510023,274875,274519,26810,301329,2886
2022-03-12,San Benito,069,59416,12855,12868,512,13380,95
2022-03-12,San Bernardino,071,2135413,560013,559013,24288,583301,6734
2022-03-12,San Diego,073,3302833,748356,744386,50403,794789,5090
2022-03-12,San Francisco,075,870044,123385,123610,8308,131918,823
2022-03-12,San Joaquin,077,732212,165816,165516,9112,174628,2117
2022-03-12,San Luis Obispo,079,281455,52211,51947,3729,55676,457
2022-03-12,San Mateo,081,765935,119646,119288,6997,126285,641
2022-03-12,Santa Barbara,083,443738,85285,85421,4813,90234,664
2022-03-12,Santa Clara,085,1922200,309804,308989,12273,321262,2208
2022-03-12,Santa Cruz,087,273765,47083,46982,1921,48903,254
2022-03-12,Shasta,089,179085,30467,30419,6161,36580,517
2022-03-12,Sierra,091,2930,273,273,42,315,4
2022-03-12,Siskiyou,093,43540,4423,4405,2743,7148,75
2022-03-12,Solano,095,438530,81413,81058,5520,86578,436
2022-03-12,Sonoma,097,501317,82846,82622,2410,85032,473
2022-03-12,Stanislaus,099,539301,117866,117884,16969,134853,1564
2022-03-12,Sutter,101,95872,20491,20429,2004,22433,217
2022-03-12,Tehama,103,63373,12022,11983,2586,14569,159
2022-03-12,Trinity,105,12862,1173,1172,292,1464,20
2022-03-12,Tulare,107,460477,104372,103994,28145,132139,1358
2022-03-12,Tuolumne,109,53932,12603,12476,569,13045,180
2022-03-12,Ventura,111,848112,172319,171932,9241,181173,1442
2022-03-12,Yolo,113,214977,36103,35982,3159,39141,308
2022-03-12,Yuba,115,75493,15758,15722,1190,16912,116
2022-03-11,Alameda,001,1643700,253788,253079,13705,266784,1783
2022-03-11,Alpine,003,1148,122,122,1,123,0
2022-03-11,Amador,005,37829,8478,8427,644,9071,84
2022-03-11,Butte,007,227075,32825,32774,6619,39393,380
2022-03-11,Calaveras,009,45235,7225,7253,354,7607,118
2022-03-11,Colusa,011,21464,3440,3440,1078,4518,21
2022-03-11,Contra Costa,013,1133247,187356,186618,13113,199731,1256
2022-03-11,Del Norte,015,27424,5805,5791,194,5985,48
2022-03-11,El Dorado,017,186661,26624,26538,3203,29741,199
2022-03-11,Fresno,019,978130,229193,228041,22013,250054,2653
2022-03-11,Glenn,021,27897,4965,4955,1559,6514,44
2022-03-11,Humboldt,023,135768,16867,16862,2950,19812,137
2022-03-11,Imperial,025,180216,55138,54837,10992,65829,896
2022-03-11,Inyo,027,18085,4060,4056,481,4537,56
2022-03-11,Kern,029,883053,191047,190330,46188,236518,2162
2022-03-11,Kings,031,150075,51283,51145,3606,54751,436
2022-03-11,Lake,033,64148,10638,10594,895,11489,131
2022-03-11,Lassen,035,31185,8932,8915,891,9806,62
2022-03-11,Los Angeles,037,10098052,2693309,2678858,122767,2801625,30901
2022-03-11,Madera,039,155013,37282,37223,6016,43239,354
2022-03-11,Marin,041,260295,33085,33015,2198,35213,272
2022-03-11,Mariposa,043,17540,2375,2372,198,2570,6
2022-03-11,Mendocino,045,87422,12988,12965,2962,15927,117
2022-03-11,Merced,047,269075,61952,61840,8443,70283,795
2022-03-11,Modoc,049,8938,733,730,250,980,7
2022-03-11,Mono,051,14174,2959,2960,119,3079,5
2022-03-11,Monterey,053,433212,78590,78285,13403,91688,716
2022-03-11,Napa,055,140530,25617,25584,957,26541,138
2022-03-11,Nevada,057,99092,15921,15947,1207,17154,123
2022-03-11,Orange,059,3164182,544239,542354,41141,583495,6718
2022-03-11,Placer,061,380077,62497,62282,7327,69609,598
2022-03-11,Plumas,063,18699,2743,2707,354,3061,13
2022-03-11,Riverside,065,2383286,589269,588022,28049,616071,6317
2022-03-11,Sacramento,067,1510023,274815,274519,26809,301328,2886
2022-03-11,San Benito,069,59416,12854,12868,512,13380,95
2022-03-11,San Bernardino,071,2135413,559960,559013,24284,583297,6734
2022-03-11,San Diego,073,3302833,748191,744386,50396,794782,5090
2022-03-11,San Francisco,075,870044,123336,123610,8304,131914,823
2022-03-11,San Joaquin,077,732212,165786,165516,9110,174626,2117
2022-03-11,San Luis Obispo,079,281455,52203,51947,3729,55676,457
2022-03-11,San Mateo,081,765935,119600,119288,6995,126283,641
2022-03-11,Santa Barbara,083,443738,85266,85421,4812,90233,664
2022-03-11,Santa Clara,085,1922200,309707,308989,12269,321258,2208
2022-03-11,Santa Cruz,087,273765,47067,46982,1921,48903,254
2022-03-11,Shasta,089,179085,30462,30419,6158,36577,517
2022-03-11,Sierra,091,2930,273,273,42,315,4
2022-03-11,Siskiyou,093,43540,4421,4405,2742,7147,75
2022-03-11,Solano,095,438530,81403,81058,5519,86577,436
2022-03-11,Sonoma,097,501317,82821,82622,2409,85031,473
2022-03-11,Stanislaus,099,539301,117852,117884,16968,134852,1564
2022-03-11,Sutter,101,95872,20489,20429,2004,22433,217
2022-03-11,Tehama,103,63373,12020,11983,2586,14569,159
2022-03-11,Trinity,105,12862,1173,1172,292,1464,20
2022-03-11,Tulare,107,460477,104359,103994,28142,132136,1358
2022-03-11,Tuolumne,109,53932,12601,12476,569,13045,180
2022-03-11,Ventura,111,848112,172283,171932,9236,181168,1442
2022-03-11,Yolo,113,214977,36089,35982,3159,39141,308
2022-03-11,Yuba,115,75493,15755,15722,1190,16912,116
2022-03-10,Alameda,001,1643700,253680,253079,13698,266777,1783
2022-03-10,Alpine,003,1148,122,122,1,123,0
2022-03-10,Amador,005,37829,8477,8427,644,9071,84
2022-03-10,Butte,007,227075,32811,32774,6618,39392,380
2022-03-10,Calaveras,009,45235,7224,7253,353,7606,118
2022-03-10,Colusa,011,21464,3440,3440,1078,4518,21
2022-03-10,Contra Costa,013,1133247,187274,186618,13105,199723,1256
2022-03-10,Del Norte,015,27424,5796,5791,194,5985,48
2022-03-10,El Dorado,017,186661,26612,26538,3203,29741,199
2022-03-10,Fresno,019,978130,229121,228041,22007,250048,2653
2022-03-10,Glenn,021,27897,4963,4955,1559,6514,44
2022-03-10,Humboldt,023,135768,16858,16862,2949,19811,137
2022-03-10,Imperial,025,180216,55128,54837,10985,65822,896
2022-03-10,Inyo,027,18085,4059,4056,481,4537,56
2022-03-10,Kern,029,883053,191014,190330,46178,236508,2162
2022-03-10,Kings,031,150075,51254,51145,3605,54750,436
2022-03-10,Lake,033,64148,10630,10594,895,11489,131
2022-03-10,Lassen,035,31185,8932,8915,891,9806,62
2022-03-10,Los Angeles,037,10098052,2692803,2678858,122735,2801593,30901
2022-03-10,Madera,039,155013,37276,37223,6013,43236,354
2022-03-10,Marin,041,260295,33071,33015,2196,35211,272
2022-03-10,Mariposa,043,17540,2375,2372,198,2570,6
2022-03-10,Mendocino,045,87422,12984,12965,2962,15927,117
2022-03-10,Merced,047,269075,61934,61840,8438,70278,795
2022-03-10,Modoc,049,8938,732,730,250,980,7
2022-03-10,Mono,051,14174,2959,2960,119,3079,5
2022-03-10,Monterey,053,433212,78569,78285,13380,91665,716
2022-03-10,Napa,055,140530,25608,25584,957,26541,138
2022-03-10,Nevada,057,99092,15914,15947,1207,17154,123
2022-03-10,Orange,059,3164182,544120,542354,41125,583479,6718
2022-03-10,Placer,061,380077,62476,62282,7322,69604,598
2022-03-10,Plumas,063,18699,2742,2707,354,3061,13
2022-03-10,Riverside,065,2383286,589154,588022,28044,616066,6317
2022-03-10,Sacramento,067,1510023,274742,274519,26799,301318,2886
2022-03-10,San Benito,069,59416,12853,12868,511,13379,95
2022-03-10,San Bernardino,071,2135413,559893,559013,24279,583292,6734
2022-03-10,San Diego,073,3302833,747930,744386,50371,794757,5090
2022-03-10,San Francisco,075,870044,123269,123610,8297,131907,823
2022-03-10,San Joaquin,077,732212,165758,165516,9109,174625,2117
2022-03-10,San Luis Obispo,079,281455,52180,51947,3728,55675,457
2022-03-10,San Mateo,081,765935,119543,119288,6992,126280,641
2022-03-10,Santa Barbara,083,443738,85234,85421,4811,90232,664
2022-03-10,Santa Clara,085,1922200,309576,308989,12261,321250,2208
2022-03-10,Santa Cruz,087,273765,47034,46982,1921,48903,254
2022-03-10,Shasta,089,179085,30456,30419,6157,36576,517
2022-03-10,Sierra,091,2930,273,273,42,315,4
2022-03-10,Siskiyou,093,43540,4421,4405,2742,7147,75
2022-03-10,Solano,095,438530,81364,81058,5518,86576,436
2022-03-10,Sonoma,097,501317,82796,82622,2408,85030,473
2022-03-10,Stanislaus,099,539301,117813,117884,16966,134850,1564
2022-03-10,Sutter,101,95872,20484,20429,2004,22433,217
2022-03-10,Tehama,103,63373,12019,11983,2586,14569,159
2022-03-10,Trinity,105,12862,1173,1172,292,1464,20
2022-03-10,Tulare,107,460477,104339,103994,28137,132131,1358
2022-03-10,Tuolumne,109,53932,12598,12476,569,13045,180
2022-03-10,Ventura,111,848112,172244,171932,9233,181165,1442
2022-03-10,Yolo,113,214977,36075,35982,3157,39139,308
2022-03-10,Yuba,115,75493,15745,15722,1190,16912,116
2022-03-09,Alameda,001,1643700,253563,252893,13691,266584,1781
2022-03-09,Alpine,003,1148,122,125,1,126,0
2022-03-09,Amador,005,37829,8471,8409,644,9053,84
2022-03-09,Butte,007,227075,32802,32767,6613,39380,380
2022-03-09,Calaveras,009,45235,7222,7249,353,7602,117
2022-03-09,Colusa,011,21464,3439,3439,1078,4517,21
2022-03-09,Contra Costa,013,1133247,187184,186483,13091,199574,1256
2022-03-09,Del Norte,015,27424,5792,5765,194,5959,48
2022-03-09,El Dorado,017,186661,26607,26515,3203,29718,198
2022-03-09,Fresno,019,978130,229021,227885,22000,249885,2653
2022-03-09,Glenn,021,27897,4961,4953,1559,6512,44
2022-03-09,Humboldt,023,135768,16853,16854,2946,19800,137
2022-03-09,Imperial,025,180216,55120,54764,10976,65740,894
2022-03-09,Inyo,027,18085,4059,4056,481,4537,56
2022-03-09,Kern,029,883053,190964,190254,46168,236422,2159
2022-03-09,Kings,031,150075,51234,51122,3605,54727,435
2022-03-09,Lake,033,64148,10624,10586,895,11481,130
2022-03-09,Lassen,035,31185,8932,8901,891,9792,62
2022-03-09,Los Angeles,037,10098052,2692184,2677901,122707,2800608,30842
2022-03-09,Madera,039,155013,37268,37207,6012,43219,354
2022-03-09,Marin,041,260295,33053,32967,2195,35162,272
2022-03-09,Mariposa,043,17540,2372,2372,198,2570,6
2022-03-09,Mendocino,045,87422,12980,12957,2957,15914,117
2022-03-09,Merced,047,269075,61917,61792,8435,70227,792
2022-03-09,Modoc,049,8938,731,730,249,979,7
2022-03-09,Mono,051,14174,2959,2962,119,3081,5
2022-03-09,Monterey,053,433212,78545,78258,13334,91592,716
2022-03-09,Napa,055,140530,25587,25561,956,26517,138
2022-03-09,Nevada,057,99092,15905,15938,1206,17144,123
2022-03-09,Orange,059,3164182,543993,542278,41108,583386,6700
2022-03-09,Placer,061,380077,62453,62242,7319,69561,598
2022-03-09,Plumas,063,18699,2741,2708,354,3062,13
2022-03-09,Riverside,065,2383286,589059,587833,28037,615870,6305
2022-03-09,Sacramento,067,1510023,274665,274373,26783,301156,2877
2022-03-09,San Benito,069,59416,12850,12864,511,13375,95
2022-03-09,San Bernardino,071,2135413,559804,558795,24267,583062,6723
2022-03-09,San Diego,073,3302833,747660,743956,50346,794302,5083
2022-03-09,San Francisco,075,870044,123180,123676,8294,131970,812
2022-03-09,San Joaquin,077,732212,165721,165444,9104,174548,2113
2022-03-09,San Luis Obispo,079,281455,52162,51923,3725,55648,457
2022-03-09,San Mateo,081,765935,119487,119194,6980,126174,639
2022-03-09,Santa Barbara,083,443738,85216,85382,4809,90191,661
2022-03-09,Santa Clara,085,1922200,309447,308765,12250,321015,2206
2022-03-09,Santa Cruz,087,273765,46993,46917,1921,48838,254
2022-03-09,Shasta,089,179085,30437,30407,6156,36563,493
2022-03-09,Sierra,091,2930,273,273,42,315,4
2022-03-09,Siskiyou,093,43540,4419,4403,2742,7145,75
2022-03-09,Solano,095,438530,81329,80984,5516,86500,436
2022-03-09,Sonoma,097,501317,82763,82574,2407,84981,473
2022-03-09,Stanislaus,099,539301,117776,117827,16960,134787,1541
2022-03-09,Sutter,101,95872,20472,20409,2000,22409,217
2022-03-09,Tehama,103,63373,12015,11980,2586,14566,159
2022-03-09,Trinity,105,12862,1173,1174,292,1466,20
2022-03-09,Tulare,107,460477,104310,103932,28124,132056,1350
2022-03-09,Tuolumne,109,53932,12595,12444,569,13013,180
2022-03-09,Ventura,111,848112,172195,171852,9231,181083,1448
2022-03-09,Yolo,113,214977,36055,35973,3141,39114,308
2022-03-09,Yuba,115,75493,15740,15714,1189,16903,115
2022-03-08,Alameda,001,1643700,253414,252744,13682,266426,1769
2022-03-08,Alpine,003,1148,122,125,1,126,0
2022-03-08,Amador,005,37829,8457,8407,644,9051,84
2022-03-08,Butte,007,227075,32788,32759,6607,39366,380
2022-03-08,Calaveras,009,45235,7218,7245,353,7598,117
2022-03-08,Colusa,011,21464,3436,3439,1077,4516,21
2022-03-08,Contra Costa,013,1133247,187099,186396,13077,199473,1256
2022-03-08,Del Norte,015,27424,5786,5763,194,5957,48
2022-03-08,El Dorado,017,186661,26597,26503,3197,29700,197
2022-03-08,Fresno,019,978130,228918,227808,21990,249798,2653
2022-03-08,Glenn,021,27897,4960,4944,1558,6502,43
2022-03-08,Humboldt,023,135768,16840,16837,2933,19770,137
2022-03-08,Imperial,025,180216,55104,54721,10969,65690,890
2022-03-08,Inyo,027,18085,4056,4056,481,4537,56
2022-03-08,Kern,029,883053,190900,190208,46159,236367,2154
2022-03-08,Kings,031,150075,51193,51089,3602,54691,434
2022-03-08,Lake,033,64148,10613,10571,893,11464,130
2022-03-08,Lassen,035,31185,8931,8897,891,9788,62
2022-03-08,Los Angeles,037,10098052,2691522,2677166,122680,2799846,30803
2022-03-08,Madera,039,155013,37256,37185,6011,43196,354
2022-03-08,Marin,041,260295,33014,32943,2194,35137,272
2022-03-08,Mariposa,043,17540,2370,2371,198,2569,6
2022-03-08,Mendocino,045,87422,12976,12950,2956,15906,117
2022-03-08,Merced,047,269075,61897,61767,8425,70192,791
2022-03-08,Modoc,049,8938,730,729,249,978,7
2022-03-08,Mono,051,14174,2958,2961,119,3080,5
2022-03-08,Monterey,053,433212,78525,78247,13292,91539,711
2022-03-08,Napa,055,140530,25562,25528,955,26483,137
2022-03-08,Nevada,057,99092,15895,15939,1205,17144,122
2022-03-08,Orange,059,3164182,543848,542164,41089,583253,6692
2022-03-08,Placer,061,380077,62425,62221,7318,69539,594
2022-03-08,Plumas,063,18699,2741,2703,354,3057,13
2022-03-08,Riverside,065,2383286,588948,587686,28029,615715,6294
2022-03-08,Sacramento,067,1510023,274575,274276,26765,301041,2872
2022-03-08,San Benito,069,59416,12847,12855,511,13366,94
2022-03-08,San Bernardino,071,2135413,559715,558512,24257,582769,6715
2022-03-08,San Diego,073,3302833,747311,743604,50330,793934,5077
2022-03-08,San Francisco,075,870044,123092,123675,8291,131966,807
2022-03-08,San Joaquin,077,732212,165686,165381,9102,174483,2104
2022-03-08,San Luis Obispo,079,281455,52137,51900,3722,55622,451
2022-03-08,San Mateo,081,765935,119405,119103,6969,126072,638
2022-03-08,Santa Barbara,083,443738,85187,85363,4809,90172,659
2022-03-08,Santa Clara,085,1922200,309240,308528,12241,320769,2206
2022-03-08,Santa Cruz,087,273765,46956,46875,1921,48796,254
2022-03-08,Shasta,089,179085,30422,30372,6153,36525,493
2022-03-08,Sierra,091,2930,273,273,42,315,4
2022-03-08,Siskiyou,093,43540,4415,4404,2742,7146,74
2022-03-08,Solano,095,438530,81302,80924,5512,86436,434
2022-03-08,Sonoma,097,501317,82719,82571,2406,84977,473
2022-03-08,Stanislaus,099,539301,117732,117782,16952,134734,1541
2022-03-08,Sutter,101,95872,20463,20403,2000,22403,217
2022-03-08,Tehama,103,63373,12011,11972,2586,14558,158
2022-03-08,Trinity,105,12862,1173,1174,292,1466,20
2022-03-08,Tulare,107,460477,104270,103893,28115,132008,1334
2022-03-08,Tuolumne,109,53932,12590,12427,567,12994,180
2022-03-08,Ventura,111,848112,172133,171806,9223,181029,1447
2022-03-08,Yolo,113,214977,36031,35946,3140,39086,306
2022-03-08,Yuba,115,75493,15733,15705,1188,16893,115
2022-03-07,Alameda,001,1643700,253219,252578,13668,266246,1766
2022-03-07,Alpine,003,1148,122,125,1,126,0
2022-03-07,Amador,005,37829,8454,8368,644,9012,84
2022-03-07,Butte,007,227075,32772,32734,6604,39338,378
2022-03-07,Calaveras,009,45235,7214,7242,353,7595,116
2022-03-07,Colusa,011,21464,3434,3437,1077,4514,21
2022-03-07,Contra Costa,013,1133247,187005,186087,13053,199140,1256
2022-03-07,Del Norte,015,27424,5782,5758,194,5952,48
2022-03-07,El Dorado,017,186661,26591,26487,3196,29683,196
2022-03-07,Fresno,019,978130,228830,227670,21978,249648,2653
2022-03-07,Glenn,021,27897,4954,4939,1558,6497,43
2022-03-07,Humboldt,023,135768,16827,16829,2930,19759,137
2022-03-07,Imperial,025,180216,55079,54712,10964,65676,890
2022-03-07,Inyo,027,18085,4054,4054,481,4535,56
2022-03-07,Kern,029,883053,190839,190163,46134,236297,2152
2022-03-07,Kings,031,150075,51163,51065,3596,54661,433
2022-03-07,Lake,033,64148,10602,10562,892,11454,130
2022-03-07,Lassen,035,31185,8930,8896,891,9787,62
2022-03-07,Los Angeles,037,10098052,2690747,2675497,122638,2798135,30759
2022-03-07,Madera,039,155013,37246,37164,6008,43172,354
2022-03-07,Marin,041,260295,32977,32919,2192,35111,272
2022-03-07,Mariposa,043,17540,2369,2369,198,2567,6
2022-03-07,Mendocino,045,87422,12968,12940,2955,15895,117
2022-03-07,Merced,047,269075,61856,61751,8418,70169,791
2022-03-07,Modoc,049,8938,730,729,249,978,7
2022-03-07,Mono,051,14174,2958,2960,119,3079,5
2022-03-07,Monterey,053,433212,78490,78161,13245,91406,706
2022-03-07,Napa,055,140530,25535,25500,955,26455,136
2022-03-07,Nevada,057,99092,15888,15935,1199,17134,122
2022-03-07,Orange,059,3164182,543676,542028,41061,583089,6687
2022-03-07,Placer,061,380077,62395,62215,7316,69531,591
2022-03-07,Plumas,063,18699,2741,2702,354,3056,13
2022-03-07,Riverside,065,2383286,588820,587537,28021,615558,6279
2022-03-07,Sacramento,067,1510023,274480,274079,26753,300832,2866
2022-03-07,San Benito,069,59416,12841,12843,511,13354,94
2022-03-07,San Bernardino,071,2135413,559615,558265,24245,582510,6703
2022-03-07,San Diego,073,3302833,746966,742287,50294,792581,5068
2022-03-07,San Francisco,075,870044,122992,123655,8285,131940,807
2022-03-07,San Joaquin,077,732212,165635,165343,9093,174436,2091
2022-03-07,San Luis Obispo,079,281455,52097,51874,3717,55591,448
2022-03-07,San Mateo,081,765935,119329,119035,6962,125997,630
2022-03-07,Santa Barbara,083,443738,85152,85345,4808,90153,659
2022-03-07,Santa Clara,085,1922200,309049,308517,12236,320753,2202
2022-03-07,Santa Cruz,087,273765,46908,46823,1921,48744,254
2022-03-07,Shasta,089,179085,30415,30352,6149,36501,493
2022-03-07,Sierra,091,2930,273,273,42,315,4
2022-03-07,Siskiyou,093,43540,4411,4398,2742,7140,74
2022-03-07,Solano,095,438530,81243,80886,5510,86396,435
2022-03-07,Sonoma,097,501317,82677,82530,2405,84935,473
2022-03-07,Stanislaus,099,539301,117695,117713,16945,134658,1537
2022-03-07,Sutter,101,95872,20451,20400,1999,22399,217
2022-03-07,Tehama,103,63373,12005,11966,2583,14549,158
2022-03-07,Trinity,105,12862,1171,1173,292,1465,20
2022-03-07,Tulare,107,460477,104233,103834,28105,131939,1316
2022-03-07,Tuolumne,109,53932,12582,12408,566,12974,179
2022-03-07,Ventura,111,848112,172088,171886,9221,181107,1436
2022-03-07,Yolo,113,214977,36007,35934,3135,39069,306
2022-03-07,Yuba,115,75493,15727,15701,1187,16888,115
2022-03-06,Alameda,001,1643700,253037,252460,13660,266120,1766
2022-03-06,Alpine,003,1148,122,125,1,126,0
2022-03-06,Amador,005,37829,8451,8367,642,9009,84
2022-03-06,Butte,007,227075,32763,32714,6600,39314,376
2022-03-06,Calaveras,009,45235,7212,7236,352,7588,116
2022-03-06,Colusa,011,21464,3434,3435,1076,4511,21
2022-03-06,Contra Costa,013,1133247,186889,185974,13031,199005,1256
2022-03-06,Del Norte,015,27424,5767,5744,192,5936,48
2022-03-06,El Dorado,017,186661,26582,26478,3194,29672,196
2022-03-06,Fresno,019,978130,228687,227514,21969,249483,2653
2022-03-06,Glenn,021,27897,4949,4939,1558,6497,43
2022-03-06,Humboldt,023,135768,16815,16813,2927,19740,137
2022-03-06,Imperial,025,180216,55063,54719,10948,65667,890
2022-03-06,Inyo,027,18085,4051,4053,481,4534,56
2022-03-06,Kern,029,883053,190783,190088,46113,236201,2152
2022-03-06,Kings,031,150075,51094,51050,3593,54643,432
2022-03-06,Lake,033,64148,10588,10539,891,11430,130
2022-03-06,Lassen,035,31185,8917,8887,890,9777,62
2022-03-06,Los Angeles,037,10098052,2689889,2675456,122590,2798046,30759
2022-03-06,Madera,039,155013,37217,37135,6000,43135,354
2022-03-06,Marin,041,260295,32951,32879,2191,35070,272
2022-03-06,Mariposa,043,17540,2368,2365,197,2562,6
2022-03-06,Mendocino,045,87422,12956,12923,2951,15874,116
2022-03-06,Merced,047,269075,61823,61722,8402,70124,791
2022-03-06,Modoc,049,8938,730,729,249,978,7
2022-03-06,Mono,051,14174,2958,2959,119,3078,5
2022-03-06,Monterey,053,433212,78448,78154,13214,91368,706
2022-03-06,Napa,055,140530,25500,25457,954,26411,136
2022-03-06,Nevada,057,99092,15877,15924,1198,17122,122
2022-03-06,Orange,059,3164182,543516,541903,41016,582919,6688
2022-03-06,Placer,061,380077,62364,62185,7312,69497,591
2022-03-06,Plumas,063,18699,2736,2704,354,3058,13
2022-03-06,Riverside,065,2383286,588659,587388,27999,615387,6279
2022-03-06,Sacramento,067,1510023,274346,273935,26733,300668,2869
2022-03-06,San Benito,069,59416,12830,12835,510,13345,94
2022-03-06,San Bernardino,071,2135413,559492,558139,24230,582369,6701
2022-03-06,San Diego,073,3302833,746569,742287,50242,792529,5068
2022-03-06,San Francisco,075,870044,122868,123742,8282,132024,806
2022-03-06,San Joaquin,077,732212,165558,165252,9086,174338,2091
2022-03-06,San Luis Obispo,079,281455,52060,51828,3715,55543,448
2022-03-06,San Mateo,081,765935,119249,118916,6952,125868,630
2022-03-06,Santa Barbara,083,443738,85117,85317,4803,90120,659
2022-03-06,Santa Clara,085,1922200,308792,308250,12233,320483,2201
2022-03-06,Santa Cruz,087,273765,46852,46755,1920,48675,254
2022-03-06,Shasta,089,179085,30394,30332,6132,36464,493
2022-03-06,Sierra,091,2930,273,273,42,315,4
2022-03-06,Siskiyou,093,43540,4407,4398,2740,7138,74
2022-03-06,Solano,095,438530,81189,80833,5504,86337,435
2022-03-06,Sonoma,097,501317,82638,82458,2401,84859,473
2022-03-06,Stanislaus,099,539301,117644,117680,16931,134611,1536
2022-03-06,Sutter,101,95872,20434,20390,1995,22385,217
2022-03-06,Tehama,103,63373,11996,11963,2583,14546,158
2022-03-06,Trinity,105,12862,1171,1172,291,1463,20
2022-03-06,Tulare,107,460477,104172,103794,28088,131882,1316
2022-03-06,Tuolumne,109,53932,12578,12379,565,12944,179
2022-03-06,Ventura,111,848112,172018,171819,9219,181038,1436
2022-03-06,Yolo,113,214977,35984,35882,3131,39013,306
2022-03-06,Yuba,115,75493,15722,15694,1186,16880,115
2022-03-05,Alameda,001,1643700,252922,251988,13656,265644,1760
2022-03-05,Alpine,003,1148,122,125,1,126,0
2022-03-05,Amador,005,37829,8448,8344,642,8986,83
2022-03-05,Butte,007,227075,32756,32663,6595,39258,372
2022-03-05,Calaveras,009,45235,7209,7236,352,7588,116
2022-03-05,Colusa,011,21464,3434,3433,1076,4509,21
2022-03-05,Contra Costa,013,1133247,186829,185734,13025,198759,1235
2022-03-05,Del Norte,015,27424,5764,5725,192,5917,48
2022-03-05,El Dorado,017,186661,26575,26446,3191,29637,193
2022-03-05,Fresno,019,978130,228634,227154,21968,249122,2640
2022-03-05,Glenn,021,27897,4948,4927,1558,6485,43
2022-03-05,Humboldt,023,135768,16808,16781,2925,19706,136
2022-03-05,Imperial,025,180216,55052,54650,10946,65596,880
2022-03-05,Inyo,027,18085,4050,4043,480,4523,56
2022-03-05,Kern,029,883053,190751,189817,46097,235914,2141
2022-03-05,Kings,031,150075,51087,50926,3591,54517,431
2022-03-05,Lake,033,64148,10581,10512,890,11402,130
2022-03-05,Lassen,035,31185,8908,8818,890,9708,62
2022-03-05,Los Angeles,037,10098052,2689554,2671564,122560,2794124,30608
2022-03-05,Madera,039,155013,37202,37100,6000,43100,354
2022-03-05,Marin,041,260295,32939,32829,2191,35020,272
2022-03-05,Mariposa,043,17540,2368,2363,197,2560,6
2022-03-05,Mendocino,045,87422,12953,12845,2950,15795,113
2022-03-05,Merced,047,269075,61813,61653,8402,70055,789
2022-03-05,Modoc,049,8938,730,729,249,978,7
2022-03-05,Mono,051,14174,2958,2961,119,3080,5
2022-03-05,Monterey,053,433212,78431,78028,13207,91235,704
2022-03-05,Napa,055,140530,25482,25405,953,26358,134
2022-03-05,Nevada,057,99092,15873,15907,1197,17104,122
2022-03-05,Orange,059,3164182,543394,541463,41003,582466,6638
2022-03-05,Placer,061,380077,62349,62117,7308,69425,591
2022-03-05,Plumas,063,18699,2735,2701,354,3055,13
2022-03-05,Riverside,065,2383286,588568,586785,27997,614782,6239
2022-03-05,Sacramento,067,1510023,274286,273487,26729,300216,2847
2022-03-05,San Benito,069,59416,12828,12820,510,13330,94
2022-03-05,San Bernardino,071,2135413,559437,557421,24225,581646,6641
2022-03-05,San Diego,073,3302833,746371,740747,50227,790974,5045
2022-03-05,San Francisco,075,870044,122804,123537,8279,131816,798
2022-03-05,San Joaquin,077,732212,165518,165085,9078,174163,2069
2022-03-05,San Luis Obispo,079,281455,52053,51739,3714,55453,446
2022-03-05,San Mateo,081,765935,119193,118646,6949,125595,621
2022-03-05,Santa Barbara,083,443738,85104,85249,4803,90052,655
2022-03-05,Santa Clara,085,1922200,308674,307689,12230,319919,2195
2022-03-05,Santa Cruz,087,273765,46833,46622,1920,48542,253
2022-03-05,Shasta,089,179085,30384,30282,6131,36413,492
2022-03-05,Sierra,091,2930,273,273,41,314,4
2022-03-05,Siskiyou,093,43540,4406,4389,2739,7128,74
2022-03-05,Solano,095,438530,81173,80690,5504,86194,435
2022-03-05,Sonoma,097,501317,82616,82313,2401,84714,473
2022-03-05,Stanislaus,099,539301,117621,117501,16928,134429,1531
2022-03-05,Sutter,101,95872,20427,20346,1995,22341,217
2022-03-05,Tehama,103,63373,11994,11939,2583,14522,158
2022-03-05,Trinity,105,12862,1171,1170,291,1461,20
2022-03-05,Tulare,107,460477,104159,103534,28078,131612,1305
2022-03-05,Tuolumne,109,53932,12574,12325,565,12890,178
2022-03-05,Ventura,111,848112,171976,171666,9217,180883,1436
2022-03-05,Yolo,113,214977,35972,35856,3131,38987,306
2022-03-05,Yuba,115,75493,15714,15666,1186,16852,115
2022-03-04,Alameda,001,1643700,252834,251988,13650,265638,1760
2022-03-04,Alpine,003,1148,122,125,1,126,0
2022-03-04,Amador,005,37829,8447,8344,642,8986,83
2022-03-04,Butte,007,227075,32750,32663,6588,39251,372
2022-03-04,Calaveras,009,45235,7208,7236,352,7588,116
2022-03-04,Colusa,011,21464,3432,3433,1076,4509,21
2022-03-04,Contra Costa,013,1133247,186765,185734,13023,198757,1235
2022-03-04,Del Norte,015,27424,5755,5725,191,5916,48
2022-03-04,El Dorado,017,186661,26571,26446,3191,29637,193
2022-03-04,Fresno,019,978130,228572,227154,21964,249118,2640
2022-03-04,Glenn,021,27897,4947,4927,1558,6485,43
2022-03-04,Humboldt,023,135768,16805,16781,2925,19706,136
2022-03-04,Imperial,025,180216,55045,54650,10942,65592,880
2022-03-04,Inyo,027,18085,4050,4043,480,4523,56
2022-03-04,Kern,029,883053,190710,189817,46083,235900,2141
2022-03-04,Kings,031,150075,51074,50926,3591,54517,431
2022-03-04,Lake,033,64148,10580,10512,890,11402,130
2022-03-04,Lassen,035,31185,8906,8818,890,9708,62
2022-03-04,Los Angeles,037,10098052,2689062,2671564,122533,2794097,30608
2022-03-04,Madera,039,155013,37193,37100,6000,43100,354
2022-03-04,Marin,041,260295,32918,32829,2189,35018,272
2022-03-04,Mariposa,043,17540,2363,2363,197,2560,6
2022-03-04,Mendocino,045,87422,12947,12845,2950,15795,113
2022-03-04,Merced,047,269075,61801,61653,8400,70053,789
2022-03-04,Modoc,049,8938,730,729,249,978,7
2022-03-04,Mono,051,14174,2958,2961,119,3080,5
2022-03-04,Monterey,053,433212,78412,78028,13199,91227,704
2022-03-04,Napa,055,140530,25467,25405,952,26357,134
2022-03-04,Nevada,057,99092,15868,15907,1197,17104,122
2022-03-04,Orange,059,3164182,543275,541463,40987,582450,6638
2022-03-04,Placer,061,380077,62340,62117,7306,69423,591
2022-03-04,Plumas,063,18699,2735,2701,353,3054,13
2022-03-04,Riverside,065,2383286,588480,586785,27996,614781,6239
2022-03-04,Sacramento,067,1510023,274218,273487,26725,300212,2847
2022-03-04,San Benito,069,59416,12824,12820,510,13330,94
2022-03-04,San Bernardino,071,2135413,559358,557421,24224,581645,6641
2022-03-04,San Diego,073,3302833,746126,740747,50213,790960,5045
2022-03-04,San Francisco,075,870044,122745,123537,8272,131809,798
2022-03-04,San Joaquin,077,732212,165488,165085,9077,174162,2069
2022-03-04,San Luis Obispo,079,281455,52045,51739,3713,55452,446
2022-03-04,San Mateo,081,765935,119136,118646,6947,125593,621
2022-03-04,Santa Barbara,083,443738,85082,85249,4802,90051,655
2022-03-04,Santa Clara,085,1922200,308528,307689,12229,319918,2195
2022-03-04,Santa Cruz,087,273765,46811,46622,1920,48542,253
2022-03-04,Shasta,089,179085,30376,30282,6128,36410,492
2022-03-04,Sierra,091,2930,273,273,41,314,4
2022-03-04,Siskiyou,093,43540,4404,4389,2736,7125,74
2022-03-04,Solano,095,438530,81141,80690,5501,86191,435
2022-03-04,Sonoma,097,501317,82588,82313,2400,84713,473
2022-03-04,Stanislaus,099,539301,117602,117501,16926,134427,1531
2022-03-04,Sutter,101,95872,20423,20346,1995,22341,217
2022-03-04,Tehama,103,63373,11991,11939,2583,14522,158
2022-03-04,Trinity,105,12862,1171,1170,291,1461,20
2022-03-04,Tulare,107,460477,104142,103534,28073,131607,1305
2022-03-04,Tuolumne,109,53932,12569,12325,565,12890,178
2022-03-04,Ventura,111,848112,171929,171666,9215,180881,1436
2022-03-04,Yolo,113,214977,35955,35856,3131,38987,306
2022-03-04,Yuba,115,75493,15710,15666,1185,16851,115
2022-03-03,Alameda,001,1643700,252715,251988,13639,265627,1760
2022-03-03,Alpine,003,1148,122,125,1,126,0
2022-03-03,Amador,005,37829,8446,8344,642,8986,83
2022-03-03,Butte,007,227075,32732,32663,6582,39245,372
2022-03-03,Calaveras,009,45235,7195,7236,352,7588,116
2022-03-03,Colusa,011,21464,3432,3433,1076,4509,21
2022-03-03,Contra Costa,013,1133247,186690,185734,13010,198744,1235
2022-03-03,Del Norte,015,27424,5748,5725,191,5916,48
2022-03-03,El Dorado,017,186661,26554,26446,3189,29635,193
2022-03-03,Fresno,019,978130,228440,227154,21955,249109,2640
2022-03-03,Glenn,021,27897,4945,4927,1557,6484,43
2022-03-03,Humboldt,023,135768,16791,16781,2924,19705,136
2022-03-03,Imperial,025,180216,55027,54650,10934,65584,880
2022-03-03,Inyo,027,18085,4049,4043,480,4523,56
2022-03-03,Kern,029,883053,190641,189817,46067,235884,2141
2022-03-03,Kings,031,150075,51051,50926,3588,54514,431
2022-03-03,Lake,033,64148,10573,10512,888,11400,130
2022-03-03,Lassen,035,31185,8898,8818,890,9708,62
2022-03-03,Los Angeles,037,10098052,2688327,2671564,122497,2794061,30608
2022-03-03,Madera,039,155013,37176,37100,5995,43095,354
2022-03-03,Marin,041,260295,32890,32829,2189,35018,272
2022-03-03,Mariposa,043,17540,2362,2363,197,2560,6
2022-03-03,Mendocino,045,87422,12936,12845,2947,15792,113
2022-03-03,Merced,047,269075,61783,61653,8394,70047,789
2022-03-03,Modoc,049,8938,730,729,249,978,7
2022-03-03,Mono,051,14174,2957,2961,119,3080,5
2022-03-03,Monterey,053,433212,78385,78028,13181,91209,704
2022-03-03,Napa,055,140530,25444,25405,951,26356,134
2022-03-03,Nevada,057,99092,15863,15907,1189,17096,122
2022-03-03,Orange,059,3164182,543100,541463,40959,582422,6638
2022-03-03,Placer,061,380077,62318,62117,7302,69419,591
2022-03-03,Plumas,063,18699,2734,2701,353,3054,13
2022-03-03,Riverside,065,2383286,588349,586785,27991,614776,6239
2022-03-03,Sacramento,067,1510023,274106,273487,26708,300195,2847
2022-03-03,San Benito,069,59416,12821,12820,510,13330,94
2022-03-03,San Bernardino,071,2135413,559248,557421,24218,581639,6641
2022-03-03,San Diego,073,3302833,745784,740747,50198,790945,5045
2022-03-03,San Francisco,075,870044,122672,123537,8262,131799,798
2022-03-03,San Joaquin,077,732212,165415,165085,9073,174158,2069
2022-03-03,San Luis Obispo,079,281455,51991,51739,3707,55446,446
2022-03-03,San Mateo,081,765935,119062,118646,6937,125583,621
2022-03-03,Santa Barbara,083,443738,85063,85249,4794,90043,655
2022-03-03,Santa Clara,085,1922200,308346,307689,12215,319904,2195
2022-03-03,Santa Cruz,087,273765,46764,46622,1920,48542,253
2022-03-03,Shasta,089,179085,30359,30282,6124,36406,492
2022-03-03,Sierra,091,2930,273,273,41,314,4
2022-03-03,Siskiyou,093,43540,4401,4389,2736,7125,74
2022-03-03,Solano,095,438530,81095,80690,5499,86189,435
2022-03-03,Sonoma,097,501317,82542,82313,2396,84709,473
2022-03-03,Stanislaus,099,539301,117570,117501,16919,134420,1531
2022-03-03,Sutter,101,95872,20414,20346,1995,22341,217
2022-03-03,Tehama,103,63373,11987,11939,2583,14522,158
2022-03-03,Trinity,105,12862,1170,1170,291,1461,20
2022-03-03,Tulare,107,460477,104096,103534,28062,131596,1305
2022-03-03,Tuolumne,109,53932,12559,12325,565,12890,178
2022-03-03,Ventura,111,848112,171876,171666,9213,180879,1436
2022-03-03,Yolo,113,214977,35924,35856,3120,38976,306
2022-03-03,Yuba,115,75493,15704,15666,1181,16847,115
2022-03-02,Alameda,001,1643700,252535,251886,13623,265509,1759
2022-03-02,Alpine,003,1148,122,125,1,126,0
2022-03-02,Amador,005,37829,8434,8341,642,8983,83
2022-03-02,Butte,007,227075,32719,32636,6577,39213,372
2022-03-02,Calaveras,009,45235,7194,7225,352,7577,116
2022-03-02,Colusa,011,21464,3429,3428,1076,4504,21
2022-03-02,Contra Costa,013,1133247,186600,185589,12994,198583,1236
2022-03-02,Del Norte,015,27424,5741,5708,189,5897,47
2022-03-02,El Dorado,017,186661,26541,26433,3186,29619,192
2022-03-02,Fresno,019,978130,228307,226932,21947,248879,2629
2022-03-02,Glenn,021,27897,4945,4922,1556,6478,43
2022-03-02,Humboldt,023,135768,16781,16747,2917,19664,135
2022-03-02,Imperial,025,180216,55000,54629,10924,65553,878
2022-03-02,Inyo,027,18085,4047,4041,479,4520,56
2022-03-02,Kern,029,883053,190575,189656,46046,235702,2136
2022-03-02,Kings,031,150075,51025,50819,3585,54404,431
2022-03-02,Lake,033,64148,10560,10495,885,11380,130
2022-03-02,Lassen,035,31185,8895,8811,889,9700,62
2022-03-02,Los Angeles,037,10098052,2687463,2670287,122454,2792741,30535
2022-03-02,Madera,039,155013,37157,37077,5994,43071,354
2022-03-02,Marin,041,260295,32873,32794,2188,34982,272
2022-03-02,Mariposa,043,17540,2362,2359,197,2556,6
2022-03-02,Mendocino,045,87422,12923,12832,2942,15774,112
2022-03-02,Merced,047,269075,61756,61606,8386,69992,785
2022-03-02,Modoc,049,8938,730,729,249,978,7
2022-03-02,Mono,051,14174,2957,2961,119,3080,5
2022-03-02,Monterey,053,433212,78352,77963,13162,91125,703
2022-03-02,Napa,055,140530,25393,25382,949,26331,134
2022-03-02,Nevada,057,99092,15852,15920,1189,17109,122
2022-03-02,Orange,059,3164182,542893,541230,40932,582162,6623
2022-03-02,Placer,061,380077,62298,62066,7299,69365,589
2022-03-02,Plumas,063,18699,2734,2700,352,3052,13
2022-03-02,Riverside,065,2383286,588195,586513,27980,614493,6229
2022-03-02,Sacramento,067,1510023,273987,273291,26697,299988,2837
2022-03-02,San Benito,069,59416,12810,12814,510,13324,94
2022-03-02,San Bernardino,071,2135413,559146,557082,24212,581294,6619
2022-03-02,San Diego,073,3302833,745421,739803,50152,789955,5034
2022-03-02,San Francisco,075,870044,122576,123442,8260,131702,792
2022-03-02,San Joaquin,077,732212,165354,164968,9069,174037,2063
2022-03-02,San Luis Obispo,079,281455,51952,51686,3703,55389,446
2022-03-02,San Mateo,081,765935,118975,118518,6920,125438,617
2022-03-02,Santa Barbara,083,443738,85038,85183,4793,89976,655
2022-03-02,Santa Clara,085,1922200,308127,307354,12201,319555,2184
2022-03-02,Santa Cruz,087,273765,46696,46534,1919,48453,253
2022-03-02,Shasta,089,179085,30337,30253,6115,36368,490
2022-03-02,Sierra,091,2930,273,273,41,314,4
2022-03-02,Siskiyou,093,43540,4399,4384,2733,7117,74
2022-03-02,Solano,095,438530,81034,80626,5496,86122,433
2022-03-02,Sonoma,097,501317,82495,82208,2392,84600,473
2022-03-02,Stanislaus,099,539301,117533,117411,16884,134295,1519
2022-03-02,Sutter,101,95872,20391,20317,1977,22294,216
2022-03-02,Tehama,103,63373,11982,11930,2582,14512,158
2022-03-02,Trinity,105,12862,1168,1160,291,1451,20
2022-03-02,Tulare,107,460477,104050,103451,28046,131497,1302
2022-03-02,Tuolumne,109,53932,12554,12297,565,12862,179
2022-03-02,Ventura,111,848112,171826,171770,9209,180979,1427
2022-03-02,Yolo,113,214977,35906,35799,3117,38916,305
2022-03-02,Yuba,115,75493,15691,15653,1176,16829,115
2022-03-01,Alameda,001,1643700,252372,251830,13612,265442,1749
2022-03-01,Alpine,003,1148,122,125,1,126,0
2022-03-01,Amador,005,37829,8386,8334,640,8974,83
2022-03-01,Butte,007,227075,32695,32575,6574,39149,372
2022-03-01,Calaveras,009,45235,7191,7223,351,7574,116
2022-03-01,Colusa,011,21464,3428,3423,1076,4499,21
2022-03-01,Contra Costa,013,1133247,186490,185378,12980,198358,1231
2022-03-01,Del Norte,015,27424,5738,5701,187,5888,45
2022-03-01,El Dorado,017,186661,26524,26413,3184,29597,192
2022-03-01,Fresno,019,978130,228166,226594,21936,248530,2628
2022-03-01,Glenn,021,27897,4944,4919,1554,6473,40
2022-03-01,Humboldt,023,135768,16761,16727,2910,19637,135
2022-03-01,Imperial,025,180216,54980,54570,10917,65487,875
2022-03-01,Inyo,027,18085,4043,4041,478,4519,56
2022-03-01,Kern,029,883053,190499,189365,46022,235387,2120
2022-03-01,Kings,031,150075,51003,50763,3581,54344,427
2022-03-01,Lake,033,64148,10548,10471,883,11354,128
2022-03-01,Lassen,035,31185,8891,8801,889,9690,61
2022-03-01,Los Angeles,037,10098052,2686513,2669489,122400,2791889,30486
2022-03-01,Madera,039,155013,37137,37046,5987,43033,354
2022-03-01,Marin,041,260295,32848,32764,2186,34950,272
2022-03-01,Mariposa,043,17540,2361,2357,196,2553,6
2022-03-01,Mendocino,045,87422,12911,12818,2940,15758,112
2022-03-01,Merced,047,269075,61727,61549,8371,69920,781
2022-03-01,Modoc,049,8938,730,729,249,978,7
2022-03-01,Mono,051,14174,2956,2960,119,3079,6
2022-03-01,Monterey,053,433212,78325,77911,13149,91060,696
2022-03-01,Napa,055,140530,25360,25344,949,26293,134
2022-03-01,Nevada,057,99092,15844,15916,1184,17100,121
2022-03-01,Orange,059,3164182,542676,541054,40894,581948,6612
2022-03-01,Placer,061,380077,62270,62021,7296,69317,583
2022-03-01,Plumas,063,18699,2734,2694,352,3046,13
2022-03-01,Riverside,065,2383286,588028,586184,27979,614163,6198
2022-03-01,Sacramento,067,1510023,273858,273089,26683,299772,2831
2022-03-01,San Benito,069,59416,12806,12806,510,13316,94
2022-03-01,San Bernardino,071,2135413,559014,556743,24210,580953,6588
2022-03-01,San Diego,073,3302833,744996,739136,50112,789248,5029
2022-03-01,San Francisco,075,870044,122473,123481,8255,131736,792
2022-03-01,San Joaquin,077,732212,165287,164894,9064,173958,2062
2022-03-01,San Luis Obispo,079,281455,51918,51592,3699,55291,445
2022-03-01,San Mateo,081,765935,118903,118358,6912,125270,613
2022-03-01,Santa Barbara,083,443738,85000,85134,4789,89923,654
2022-03-01,Santa Clara,085,1922200,307880,306978,12188,319166,2190
2022-03-01,Santa Cruz,087,273765,46649,46471,1916,48387,253
2022-03-01,Shasta,089,179085,30307,30227,6112,36339,489
2022-03-01,Sierra,091,2930,273,274,41,315,5
2022-03-01,Siskiyou,093,43540,4395,4384,2728,7112,74
2022-03-01,Solano,095,438530,80973,80556,5493,86049,434
2022-03-01,Sonoma,097,501317,82427,82103,2387,84490,477
2022-03-01,Stanislaus,099,539301,117481,117308,16859,134167,1521
2022-03-01,Sutter,101,95872,20377,20288,1973,22261,217
2022-03-01,Tehama,103,63373,11975,11923,2579,14502,158
2022-03-01,Trinity,105,12862,1167,1159,291,1450,20
2022-03-01,Tulare,107,460477,103970,103371,28025,131396,1302
2022-03-01,Tuolumne,109,53932,12547,12276,563,12839,175
2022-03-01,Ventura,111,848112,171757,171672,9202,180874,1427
2022-03-01,Yolo,113,214977,35879,35801,3113,38914,299
2022-03-01,Yuba,115,75493,15684,15637,1176,16813,116
2022-02-28,Alameda,001,1643700,252156,251714,13599,265313,1742
2022-02-28,Alpine,003,1148,122,125,1,126,0
2022-02-28,Amador,005,37829,8380,8308,639,8947,83
2022-02-28,Butte,007,227075,32671,32550,6569,39119,368
2022-02-28,Calaveras,009,45235,7188,7220,350,7570,110
2022-02-28,Colusa,011,21464,3425,3422,1074,4496,21
2022-02-28,Contra Costa,013,1133247,186390,185272,12960,198232,1231
2022-02-28,Del Norte,015,27424,5734,5699,186,5885,45
2022-02-28,El Dorado,017,186661,26516,26409,3179,29588,191
2022-02-28,Fresno,019,978130,227969,226519,21917,248436,2622
2022-02-28,Glenn,021,27897,4940,4918,1554,6472,40
2022-02-28,Humboldt,023,135768,16746,16717,2906,19623,135
2022-02-28,Imperial,025,180216,54954,54517,10911,65428,875
2022-02-28,Inyo,027,18085,4043,4041,477,4518,56
2022-02-28,Kern,029,883053,190403,189245,45991,235236,2115
2022-02-28,Kings,031,150075,50965,50741,3580,54321,427
2022-02-28,Lake,033,64148,10537,10468,879,11347,128
2022-02-28,Lassen,035,31185,8834,8794,889,9683,55
2022-02-28,Los Angeles,037,10098052,2685329,2666804,122330,2789134,30410
2022-02-28,Madera,039,155013,37110,37023,5969,42992,354
2022-02-28,Marin,041,260295,32823,32775,2186,34961,272
2022-02-28,Mariposa,043,17540,2358,2354,194,2548,6
2022-02-28,Mendocino,045,87422,12903,12800,2932,15732,112
2022-02-28,Merced,047,269075,61683,61519,8353,69872,781
2022-02-28,Modoc,049,8938,730,727,249,976,7
2022-02-28,Mono,051,14174,2956,2961,119,3080,5
2022-02-28,Monterey,053,433212,78259,77865,13128,90993,693
2022-02-28,Napa,055,140530,25335,25317,949,26266,129
2022-02-28,Nevada,057,99092,15838,15908,1182,17090,121
2022-02-28,Orange,059,3164182,542428,540839,40880,581719,6605
2022-02-28,Placer,061,380077,62238,61976,7290,69266,577
2022-02-28,Plumas,063,18699,2734,2691,351,3042,13
2022-02-28,Riverside,065,2383286,587832,585891,27947,613838,6179
2022-02-28,Sacramento,067,1510023,273728,273038,26658,299696,2825
2022-02-28,San Benito,069,59416,12802,12798,510,13308,94
2022-02-28,San Bernardino,071,2135413,558822,556540,24195,580735,6576
2022-02-28,San Diego,073,3302833,744602,737760,50082,787842,5018
2022-02-28,San Francisco,075,870044,122316,123402,8248,131650,792
2022-02-28,San Joaquin,077,732212,165203,164833,9055,173888,2060
2022-02-28,San Luis Obispo,079,281455,51859,51565,3693,55258,440
2022-02-28,San Mateo,081,765935,118805,118301,6906,125207,611
2022-02-28,Santa Barbara,083,443738,84958,85076,4784,89860,653
2022-02-28,Santa Clara,085,1922200,307610,306930,12169,319099,2180
2022-02-28,Santa Cruz,087,273765,46578,46447,1915,48362,253
2022-02-28,Shasta,089,179085,30283,30213,6108,36321,488
2022-02-28,Sierra,091,2930,273,273,41,314,4
2022-02-28,Siskiyou,093,43540,4392,4382,2722,7104,74
2022-02-28,Solano,095,438530,80910,80544,5482,86026,430
2022-02-28,Sonoma,097,501317,82364,82058,2384,84442,477
2022-02-28,Stanislaus,099,539301,117416,117231,16843,134074,1521
2022-02-28,Sutter,101,95872,20364,20285,1970,22255,214
2022-02-28,Tehama,103,63373,11962,11917,2578,14495,158
2022-02-28,Trinity,105,12862,1167,1160,291,1451,20
2022-02-28,Tulare,107,460477,103920,103304,28007,131311,1300
2022-02-28,Tuolumne,109,53932,12536,12247,562,12809,175
2022-02-28,Ventura,111,848112,171673,171614,9201,180815,1423
2022-02-28,Yolo,113,214977,35840,35754,3106,38860,299
2022-02-28,Yuba,115,75493,15671,15625,1175,16800,115
2022-02-27,Alameda,001,1643700,251878,251624,13591,265215,1744
2022-02-27,Alpine,003,1148,122,125,1,126,0
2022-02-27,Amador,005,37829,8376,8305,636,8941,83
2022-02-27,Butte,007,227075,32635,32551,6557,39108,368
2022-02-27,Calaveras,009,45235,7180,7214,350,7564,110
2022-02-27,Colusa,011,21464,3424,3422,1074,4496,21
2022-02-27,Contra Costa,013,1133247,186263,185185,12939,198124,1230
2022-02-27,Del Norte,015,27424,5716,5691,184,5875,45
2022-02-27,El Dorado,017,186661,26497,26410,3177,29587,191
2022-02-27,Fresno,019,978130,227770,226397,21893,248290,2621
2022-02-27,Glenn,021,27897,4938,4915,1554,6469,40
2022-02-27,Humboldt,023,135768,16724,16713,2899,19612,135
2022-02-27,Imperial,025,180216,54906,54509,10890,65399,875
2022-02-27,Inyo,027,18085,4042,4041,473,4514,56
2022-02-27,Kern,029,883053,190281,189219,45950,235169,2115
2022-02-27,Kings,031,150075,50936,50733,3578,54311,428
2022-02-27,Lake,033,64148,10518,10463,879,11342,128
2022-02-27,Lassen,035,31185,8826,8786,889,9675,55
2022-02-27,Los Angeles,037,10098052,2684029,2666789,122272,2789061,30410
2022-02-27,Madera,039,155013,37084,37009,5961,42970,354
2022-02-27,Marin,041,260295,32785,32756,2184,34940,272
2022-02-27,Mariposa,043,17540,2355,2352,194,2546,6
2022-02-27,Mendocino,045,87422,12884,12798,2919,15717,112
2022-02-27,Merced,047,269075,61633,61491,8336,69827,779
2022-02-27,Modoc,049,8938,729,727,249,976,7
2022-02-27,Mono,051,14174,2955,2960,119,3079,5
2022-02-27,Monterey,053,433212,78198,77851,13105,90956,693
2022-02-27,Napa,055,140530,25296,25316,949,26265,129
2022-02-27,Nevada,057,99092,15830,15900,1178,17078,121
2022-02-27,Orange,059,3164182,542183,540659,40852,581511,6605
2022-02-27,Placer,061,380077,62197,61965,7286,69251,577
2022-02-27,Plumas,063,18699,2730,2691,351,3042,13
2022-02-27,Riverside,065,2383286,587592,585833,27921,613754,6179
2022-02-27,Sacramento,067,1510023,273539,272927,26626,299553,2822
2022-02-27,San Benito,069,59416,12795,12798,510,13308,94
2022-02-27,San Bernardino,071,2135413,558640,556457,24185,580642,6572
2022-02-27,San Diego,073,3302833,744111,737760,50038,787798,5018
2022-02-27,San Francisco,075,870044,122193,123327,8237,131564,791
2022-02-27,San Joaquin,077,732212,165100,164814,9051,173865,2060
2022-02-27,San Luis Obispo,079,281455,51766,51564,3686,55250,439
2022-02-27,San Mateo,081,765935,118693,118244,6901,125145,611
2022-02-27,Santa Barbara,083,443738,84918,85050,4780,89830,653
2022-02-27,Santa Clara,085,1922200,307319,306756,12137,318893,2180
2022-02-27,Santa Cruz,087,273765,46516,46411,1914,48325,253
2022-02-27,Shasta,089,179085,30251,30206,6102,36308,488
2022-02-27,Sierra,091,2930,273,273,41,314,4
2022-02-27,Siskiyou,093,43540,4387,4378,2709,7087,74
2022-02-27,Solano,095,438530,80834,80515,5471,85986,430
2022-02-27,Sonoma,097,501317,82283,82041,2378,84419,476
2022-02-27,Stanislaus,099,539301,117348,117200,16826,134026,1522
2022-02-27,Sutter,101,95872,20347,20280,1965,22245,214
2022-02-27,Tehama,103,63373,11949,11915,2577,14492,158
2022-02-27,Trinity,105,12862,1166,1158,291,1449,20
2022-02-27,Tulare,107,460477,103846,103270,27952,131222,1300
2022-02-27,Tuolumne,109,53932,12522,12243,561,12804,175
2022-02-27,Ventura,111,848112,171597,171660,9199,180859,1423
2022-02-27,Yolo,113,214977,35813,35744,3101,38845,299
2022-02-27,Yuba,115,75493,15660,15619,1173,16792,113
2022-02-26,Alameda,001,1643700,251767,250867,13586,264453,1716
2022-02-26,Alpine,003,1148,122,125,1,126,0
2022-02-26,Amador,005,37829,8373,8282,635,8917,83
2022-02-26,Butte,007,227075,32621,32466,6556,39022,368
2022-02-26,Calaveras,009,45235,7179,7192,350,7542,110
2022-02-26,Colusa,011,21464,3424,3414,1074,4488,21
2022-02-26,Contra Costa,013,1133247,186194,184686,12920,197606,1209
2022-02-26,Del Norte,015,27424,5711,5639,184,5823,45
2022-02-26,El Dorado,017,186661,26486,26355,3173,29528,191
2022-02-26,Fresno,019,978130,227680,225679,21893,247572,2597
2022-02-26,Glenn,021,27897,4936,4909,1553,6462,40
2022-02-26,Humboldt,023,135768,16700,16619,2898,19517,133
2022-02-26,Imperial,025,180216,54879,54367,10888,65255,871
2022-02-26,Inyo,027,18085,4041,4034,468,4502,56
2022-02-26,Kern,029,883053,190232,188584,45930,234514,2106
2022-02-26,Kings,031,150075,50923,50579,3578,54157,423
2022-02-26,Lake,033,64148,10512,10383,879,11262,128
2022-02-26,Lassen,035,31185,8825,8761,889,9650,55
2022-02-26,Los Angeles,037,10098052,2683486,2660973,122228,2783201,30202
2022-02-26,Madera,039,155013,37071,36933,5959,42892,330
2022-02-26,Marin,041,260295,32771,32651,2182,34833,267
2022-02-26,Mariposa,043,17540,2354,2332,194,2526,6
2022-02-26,Mendocino,045,87422,12878,12762,2919,15681,111
2022-02-26,Merced,047,269075,61612,61348,8335,69683,775
2022-02-26,Modoc,049,8938,729,726,249,975,7
2022-02-26,Mono,051,14174,2955,2959,118,3077,5
2022-02-26,Monterey,053,433212,78169,77610,13098,90708,692
2022-02-26,Napa,055,140530,25281,25221,948,26169,130
2022-02-26,Nevada,057,99092,15826,15850,1176,17026,121
2022-02-26,Orange,059,3164182,542074,539992,40834,580826,6540
2022-02-26,Placer,061,380077,62180,61803,7283,69086,573
2022-02-26,Plumas,063,18699,2730,2673,351,3024,13
2022-02-26,Riverside,065,2383286,587474,584835,27913,612748,6143
2022-02-26,Sacramento,067,1510023,273445,272339,26613,298952,2793
2022-02-26,San Benito,069,59416,12791,12770,510,13280,92
2022-02-26,San Bernardino,071,2135413,558559,555668,24179,579847,6505
2022-02-26,San Diego,073,3302833,743877,736049,50019,786068,5002
2022-02-26,San Francisco,075,870044,122125,123079,8229,131308,769
2022-02-26,San Joaquin,077,732212,165065,164418,9050,173468,2048
2022-02-26,San Luis Obispo,079,281455,51752,51358,3683,55041,438
2022-02-26,San Mateo,081,765935,118639,117860,6899,124759,603
2022-02-26,Santa Barbara,083,443738,84888,84830,4780,89610,652
2022-02-26,Santa Clara,085,1922200,307166,305895,12135,318030,2166
2022-02-26,Santa Cruz,087,273765,46495,46186,1914,48100,251
2022-02-26,Shasta,089,179085,30243,30108,6096,36204,485
2022-02-26,Sierra,091,2930,273,270,41,311,1
2022-02-26,Siskiyou,093,43540,4387,4359,2707,7066,72
2022-02-26,Solano,095,438530,80799,80225,5469,85694,428
2022-02-26,Sonoma,097,501317,82247,81702,2376,84078,432
2022-02-26,Stanislaus,099,539301,117306,116896,16821,133717,1503
2022-02-26,Sutter,101,95872,20338,20230,1965,22195,214
2022-02-26,Tehama,103,63373,11942,11878,2574,14452,158
2022-02-26,Trinity,105,12862,1165,1156,291,1447,20
2022-02-26,Tulare,107,460477,103809,102983,27937,130920,1295
2022-02-26,Tuolumne,109,53932,12520,12169,561,12730,175
2022-02-26,Ventura,111,848112,171563,171292,9197,180489,1411
2022-02-26,Yolo,113,214977,35792,35615,3098,38713,296
2022-02-26,Yuba,115,75493,15649,15587,1173,16760,113
2022-02-25,Alameda,001,1643700,251641,250867,13577,264444,1716
2022-02-25,Alpine,003,1148,122,125,1,126,0
2022-02-25,Amador,005,37829,8362,8282,635,8917,83
2022-02-25,Butte,007,227075,32609,32466,6554,39020,368
2022-02-25,Calaveras,009,45235,7177,7192,350,7542,110
2022-02-25,Colusa,011,21464,3424,3414,1074,4488,21
2022-02-25,Contra Costa,013,1133247,186108,184686,12898,197584,1209
2022-02-25,Del Norte,015,27424,5701,5639,184,5823,45
2022-02-25,El Dorado,017,186661,26477,26355,3173,29528,191
2022-02-25,Fresno,019,978130,227584,225679,21886,247565,2597
2022-02-25,Glenn,021,27897,4934,4909,1553,6462,40
2022-02-25,Humboldt,023,135768,16688,16619,2897,19516,133
2022-02-25,Imperial,025,180216,54861,54367,10887,65254,871
2022-02-25,Inyo,027,18085,4040,4034,468,4502,56
2022-02-25,Kern,029,883053,190167,188584,45917,234501,2106
2022-02-25,Kings,031,150075,50909,50579,3577,54156,423
2022-02-25,Lake,033,64148,10497,10383,879,11262,128
2022-02-25,Lassen,035,31185,8823,8761,889,9650,55
2022-02-25,Los Angeles,037,10098052,2682903,2660973,122197,2783170,30202
2022-02-25,Madera,039,155013,37051,36933,5958,42891,330
2022-02-25,Marin,041,260295,32757,32651,2182,34833,267
2022-02-25,Mariposa,043,17540,2351,2332,194,2526,6
2022-02-25,Mendocino,045,87422,12876,12762,2919,15681,111
2022-02-25,Merced,047,269075,61580,61348,8331,69679,775
2022-02-25,Modoc,049,8938,729,726,249,975,7
2022-02-25,Mono,051,14174,2954,2959,118,3077,5
2022-02-25,Monterey,053,433212,78142,77610,13092,90702,692
2022-02-25,Napa,055,140530,25272,25221,948,26169,130
2022-02-25,Nevada,057,99092,15815,15850,1173,17023,121
2022-02-25,Orange,059,3164182,541942,539992,40812,580804,6540
2022-02-25,Placer,061,380077,62165,61803,7278,69081,573
2022-02-25,Plumas,063,18699,2728,2673,350,3023,13
2022-02-25,Riverside,065,2383286,587317,584835,27901,612736,6143
2022-02-25,Sacramento,067,1510023,273343,272339,26607,298946,2793
2022-02-25,San Benito,069,59416,12789,12770,510,13280,92
2022-02-25,San Bernardino,071,2135413,558457,555668,24173,579841,6505
2022-02-25,San Diego,073,3302833,743577,736049,50001,786050,5002
2022-02-25,San Francisco,075,870044,122046,123079,8226,131305,769
2022-02-25,San Joaquin,077,732212,165025,164418,9045,173463,2048
2022-02-25,San Luis Obispo,079,281455,51748,51358,3678,55036,438
2022-02-25,San Mateo,081,765935,118578,117860,6896,124756,603
2022-02-25,Santa Barbara,083,443738,84853,84830,4780,89610,652
2022-02-25,Santa Clara,085,1922200,306981,305895,12132,318027,2166
2022-02-25,Santa Cruz,087,273765,46461,46186,1912,48098,251
2022-02-25,Shasta,089,179085,30233,30108,6094,36202,485
2022-02-25,Sierra,091,2930,273,270,41,311,1
2022-02-25,Siskiyou,093,43540,4387,4359,2706,7065,72
2022-02-25,Solano,095,438530,80770,80225,5468,85693,428
2022-02-25,Sonoma,097,501317,82197,81702,2374,84076,432
2022-02-25,Stanislaus,099,539301,117279,116896,16817,133713,1503
2022-02-25,Sutter,101,95872,20329,20230,1965,22195,214
2022-02-25,Tehama,103,63373,11940,11878,2574,14452,158
2022-02-25,Trinity,105,12862,1165,1156,291,1447,20
2022-02-25,Tulare,107,460477,103773,102983,27914,130897,1295
2022-02-25,Tuolumne,109,53932,12518,12169,561,12730,175
2022-02-25,Ventura,111,848112,171513,171292,9197,180489,1411
2022-02-25,Yolo,113,214977,35777,35615,3098,38713,296
2022-02-25,Yuba,115,75493,15641,15587,1173,16760,113
2022-02-24,Alameda,001,1643700,251436,250867,13567,264434,1716
2022-02-24,Alpine,003,1148,122,125,1,126,0
2022-02-24,Amador,005,37829,8357,8282,634,8916,83
2022-02-24,Butte,007,227075,32589,32466,6548,39014,368
2022-02-24,Calaveras,009,45235,7174,7192,348,7540,110
2022-02-24,Colusa,011,21464,3423,3414,1073,4487,21
2022-02-24,Contra Costa,013,1133247,185980,184686,12889,197575,1209
2022-02-24,Del Norte,015,27424,5686,5639,183,5822,45
2022-02-24,El Dorado,017,186661,26463,26355,3173,29528,191
2022-02-24,Fresno,019,978130,227387,225679,21874,247553,2597
2022-02-24,Glenn,021,27897,4932,4909,1552,6461,40
2022-02-24,Humboldt,023,135768,16672,16619,2896,19515,133
2022-02-24,Imperial,025,180216,54822,54367,10869,65236,871
2022-02-24,Inyo,027,18085,4039,4034,467,4501,56
2022-02-24,Kern,029,883053,190024,188584,45883,234467,2106
2022-02-24,Kings,031,150075,50878,50579,3571,54150,423
2022-02-24,Lake,033,64148,10478,10383,878,11261,128
2022-02-24,Lassen,035,31185,8819,8761,888,9649,55
2022-02-24,Los Angeles,037,10098052,2681783,2660973,122141,2783114,30202
2022-02-24,Madera,039,155013,37024,36933,5956,42889,330
2022-02-24,Marin,041,260295,32736,32651,2181,34832,267
2022-02-24,Mariposa,043,17540,2345,2332,193,2525,6
2022-02-24,Mendocino,045,87422,12869,12762,2915,15677,111
2022-02-24,Merced,047,269075,61550,61348,8322,69670,775
2022-02-24,Modoc,049,8938,728,726,249,975,7
2022-02-24,Mono,051,14174,2953,2959,118,3077,5
2022-02-24,Monterey,053,433212,78090,77610,13083,90693,692
2022-02-24,Napa,055,140530,25231,25221,943,26164,130
2022-02-24,Nevada,057,99092,15801,15850,1173,17023,121
2022-02-24,Orange,059,3164182,541698,539992,40778,580770,6540
2022-02-24,Placer,061,380077,62127,61803,7276,69079,573
2022-02-24,Plumas,063,18699,2722,2673,348,3021,13
2022-02-24,Riverside,065,2383286,587064,584835,27874,612709,6143
2022-02-24,Sacramento,067,1510023,273171,272339,26589,298928,2793
2022-02-24,San Benito,069,59416,12778,12770,510,13280,92
2022-02-24,San Bernardino,071,2135413,558271,555668,24165,579833,6505
2022-02-24,San Diego,073,3302833,743141,736049,49964,786013,5002
2022-02-24,San Francisco,075,870044,121926,123079,8219,131298,769
2022-02-24,San Joaquin,077,732212,164891,164418,9040,173458,2048
2022-02-24,San Luis Obispo,079,281455,51702,51358,3678,55036,438
2022-02-24,San Mateo,081,765935,118486,117860,6889,124749,603
2022-02-24,Santa Barbara,083,443738,84790,84830,4779,89609,652
2022-02-24,Santa Clara,085,1922200,306734,305895,12118,318013,2166
2022-02-24,Santa Cruz,087,273765,46379,46186,1910,48096,251
2022-02-24,Shasta,089,179085,30214,30108,6088,36196,485
2022-02-24,Sierra,091,2930,273,270,41,311,1
2022-02-24,Siskiyou,093,43540,4384,4359,2702,7061,72
2022-02-24,Solano,095,438530,80691,80225,5465,85690,428
2022-02-24,Sonoma,097,501317,82143,81702,2369,84071,432
2022-02-24,Stanislaus,099,539301,117201,116896,16807,133703,1503
2022-02-24,Sutter,101,95872,20314,20230,1949,22179,214
2022-02-24,Tehama,103,63373,11934,11878,2573,14451,158
2022-02-24,Trinity,105,12862,1163,1156,291,1447,20
2022-02-24,Tulare,107,460477,103716,102983,27882,130865,1295
2022-02-24,Tuolumne,109,53932,12507,12169,559,12728,175
2022-02-24,Ventura,111,848112,171434,171292,9194,180486,1411
2022-02-24,Yolo,113,214977,35753,35615,3095,38710,296
2022-02-24,Yuba,115,75493,15628,15587,1173,16760,113
2022-02-23,Alameda,001,1643700,251204,247686,13549,261235,1713
2022-02-23,Alpine,003,1148,122,125,1,126,0
2022-02-23,Amador,005,37829,8340,8274,634,8908,79
2022-02-23,Butte,007,227075,32561,32417,6545,38962,367
2022-02-23,Calaveras,009,45235,7164,7182,347,7529,107
2022-02-23,Colusa,011,21464,3419,3411,1073,4484,21
2022-02-23,Contra Costa,013,1133247,185833,184013,12876,196889,1209
2022-02-23,Del Norte,015,27424,5674,5625,182,5807,45
2022-02-23,El Dorado,017,186661,26447,26317,3169,29486,189
2022-02-23,Fresno,019,978130,227193,225308,21852,247160,2596
2022-02-23,Glenn,021,27897,4928,4909,1550,6459,40
2022-02-23,Humboldt,023,135768,16656,16601,2893,19494,132
2022-02-23,Imperial,025,180216,54791,54292,10856,65148,871
2022-02-23,Inyo,027,18085,4038,4031,464,4495,54
2022-02-23,Kern,029,883053,189912,188432,45833,234265,2106
2022-02-23,Kings,031,150075,50845,50416,3569,53985,423
2022-02-23,Lake,033,64148,10460,10368,877,11245,126
2022-02-23,Lassen,035,31185,8803,8749,888,9637,55
2022-02-23,Los Angeles,037,10098052,2680495,2659569,122098,2781667,30167
2022-02-23,Madera,039,155013,36992,36876,5945,42821,330
2022-02-23,Marin,041,260295,32712,32625,2180,34805,267
2022-02-23,Mariposa,043,17540,2340,2325,192,2517,6
2022-02-23,Mendocino,045,87422,12862,12747,2911,15658,111
2022-02-23,Merced,047,269075,61521,61295,8317,69612,772
2022-02-23,Modoc,049,8938,728,723,248,971,7
2022-02-23,Mono,051,14174,2952,2960,118,3078,5
2022-02-23,Monterey,053,433212,78052,77472,13061,90533,691
2022-02-23,Napa,055,140530,25208,25185,938,26123,128
2022-02-23,Nevada,057,99092,15794,15825,1170,16995,121
2022-02-23,Orange,059,3164182,541402,539631,40756,580387,6520
2022-02-23,Placer,061,380077,62080,61758,7268,69026,573
2022-02-23,Plumas,063,18699,2718,2663,348,3011,13
2022-02-23,Riverside,065,2383286,586772,584381,27837,612218,6119
2022-02-23,Sacramento,067,1510023,273012,272057,26566,298623,2796
2022-02-23,San Benito,069,59416,12771,12756,509,13265,92
2022-02-23,San Bernardino,071,2135413,558111,555238,24150,579388,6479
2022-02-23,San Diego,073,3302833,742616,735406,49926,785332,4988
2022-02-23,San Francisco,075,870044,121799,122127,8217,130344,769
2022-02-23,San Joaquin,077,732212,164801,164257,9034,173291,2042
2022-02-23,San Luis Obispo,079,281455,51654,51264,3677,54941,434
2022-02-23,San Mateo,081,765935,118394,117585,6880,124465,603
2022-02-23,Santa Barbara,083,443738,84728,84760,4775,89535,651
2022-02-23,Santa Clara,085,1922200,306475,305484,12108,317592,2157
2022-02-23,Santa Cruz,087,273765,46310,46059,1909,47968,251
2022-02-23,Shasta,089,179085,30187,30066,6085,36151,481
2022-02-23,Sierra,091,2930,273,270,41,311,1
2022-02-23,Siskiyou,093,43540,4381,4356,2700,7056,71
2022-02-23,Solano,095,438530,80599,80103,5463,85566,427
2022-02-23,Sonoma,097,501317,82090,81594,2368,83962,432
2022-02-23,Stanislaus,099,539301,117125,116789,16798,133587,1482
2022-02-23,Sutter,101,95872,20297,20194,1945,22139,213
2022-02-23,Tehama,103,63373,11924,11863,2573,14436,154
2022-02-23,Trinity,105,12862,1163,1156,291,1447,20
2022-02-23,Tulare,107,460477,103650,102812,27853,130665,1290
2022-02-23,Tuolumne,109,53932,12497,12158,558,12716,175
2022-02-23,Ventura,111,848112,171350,171163,9187,180350,1401
2022-02-23,Yolo,113,214977,35717,35590,3088,38678,296
2022-02-23,Yuba,115,75493,15625,15571,1171,16742,113
2022-02-22,Alameda,001,1643700,250964,247434,13534,260968,1706
2022-02-22,Alpine,003,1148,122,124,1,125,0
2022-02-22,Amador,005,37829,8330,8243,634,8877,79
2022-02-22,Butte,007,227075,32526,32359,6540,38899,366
2022-02-22,Calaveras,009,45235,7155,7178,347,7525,107
2022-02-22,Colusa,011,21464,3419,3402,1071,4473,21
2022-02-22,Contra Costa,013,1133247,185679,183812,12857,196669,1201
2022-02-22,Del Norte,015,27424,5665,5611,181,5792,45
2022-02-22,El Dorado,017,186661,26437,26289,3169,29458,189
2022-02-22,Fresno,019,978130,226960,225104,21823,246927,2592
2022-02-22,Glenn,021,27897,4927,4900,1549,6449,40
2022-02-22,Humboldt,023,135768,16635,16559,2888,19447,132
2022-02-22,Imperial,025,180216,54756,54227,10847,65074,864
2022-02-22,Inyo,027,18085,4037,4026,463,4489,54
2022-02-22,Kern,029,883053,189770,188237,45793,234030,2102
2022-02-22,Kings,031,150075,50781,50359,3567,53926,423
2022-02-22,Lake,033,64148,10449,10353,875,11228,126
2022-02-22,Lassen,035,31185,8799,8730,888,9618,55
2022-02-22,Los Angeles,037,10098052,2679056,2658230,122010,2780240,30129
2022-02-22,Madera,039,155013,36959,36833,5935,42768,330
2022-02-22,Marin,041,260295,32687,32591,2179,34770,267
2022-02-22,Mariposa,043,17540,2332,2322,192,2514,6
2022-02-22,Mendocino,045,87422,12848,12714,2901,15615,110
2022-02-22,Merced,047,269075,61461,61241,8310,69551,770
2022-02-22,Modoc,049,8938,725,720,248,968,6
2022-02-22,Mono,051,14174,2952,2961,118,3079,5
2022-02-22,Monterey,053,433212,77997,77359,13043,90402,690
2022-02-22,Napa,055,140530,25179,25151,937,26088,128
2022-02-22,Nevada,057,99092,15778,15815,1169,16984,121
2022-02-22,Orange,059,3164182,541119,539390,40723,580113,6502
2022-02-22,Placer,061,380077,62043,61709,7263,68972,572
2022-02-22,Plumas,063,18699,2713,2659,346,3005,13
2022-02-22,Riverside,065,2383286,586513,583969,27814,611783,6097
2022-02-22,Sacramento,067,1510023,272824,271789,26542,298331,2775
2022-02-22,San Benito,069,59416,12760,12742,508,13250,92
2022-02-22,San Bernardino,071,2135413,557910,554903,24132,579035,6451
2022-02-22,San Diego,073,3302833,742082,734536,49875,784411,4974
2022-02-22,San Francisco,075,870044,121671,121954,8212,130166,769
2022-02-22,San Joaquin,077,732212,164681,164111,9023,173134,2040
2022-02-22,San Luis Obispo,079,281455,51569,51193,3671,54864,431
2022-02-22,San Mateo,081,765935,118299,117418,6875,124293,603
2022-02-22,Santa Barbara,083,443738,84665,84701,4769,89470,650
2022-02-22,Santa Clara,085,1922200,306194,305045,12101,317146,2155
2022-02-22,Santa Cruz,087,273765,46244,45958,1909,47867,251
2022-02-22,Shasta,089,179085,30163,30024,6080,36104,479
2022-02-22,Sierra,091,2930,273,269,40,309,0
2022-02-22,Siskiyou,093,43540,4378,4350,2695,7045,70
2022-02-22,Solano,095,438530,80522,79968,5461,85429,425
2022-02-22,Sonoma,097,501317,82023,81412,2364,83776,431
2022-02-22,Stanislaus,099,539301,117046,116676,16780,133456,1475
2022-02-22,Sutter,101,95872,20281,20164,1942,22106,210
2022-02-22,Tehama,103,63373,11916,11852,2572,14424,152
2022-02-22,Trinity,105,12862,1163,1147,290,1437,20
2022-02-22,Tulare,107,460477,103538,102717,27817,130534,1287
2022-02-22,Tuolumne,109,53932,12476,12136,557,12693,175
2022-02-22,Ventura,111,848112,171266,171064,9181,180245,1401
2022-02-22,Yolo,113,214977,35679,35527,3083,38610,292
2022-02-22,Yuba,115,75493,15616,15550,1170,16720,110
2022-02-21,Alameda,001,1643700,250677,247434,13518,260952,1704
2022-02-21,Alpine,003,1148,122,124,1,125,0
2022-02-21,Amador,005,37829,8323,8246,634,8880,79
2022-02-21,Butte,007,227075,32482,32356,6517,38873,366
2022-02-21,Calaveras,009,45235,7147,7175,347,7522,107
2022-02-21,Colusa,011,21464,3417,3401,1069,4470,21
2022-02-21,Contra Costa,013,1133247,185444,183701,12843,196544,1201
2022-02-21,Del Norte,015,27424,5646,5601,180,5781,45
2022-02-21,El Dorado,017,186661,26411,26273,3164,29437,189
2022-02-21,Fresno,019,978130,226644,224923,21763,246686,2592
2022-02-21,Glenn,021,27897,4923,4897,1549,6446,40
2022-02-21,Humboldt,023,135768,16591,16548,2880,19428,132
2022-02-21,Imperial,025,180216,54701,54208,10829,65037,864
2022-02-21,Inyo,027,18085,4033,4023,462,4485,54
2022-02-21,Kern,029,883053,189577,188188,45741,233929,2102
2022-02-21,Kings,031,150075,50715,50188,3564,53752,422
2022-02-21,Lake,033,64148,10426,10334,873,11207,126
2022-02-21,Lassen,035,31185,8791,8705,883,9588,55
2022-02-21,Los Angeles,037,10098052,2677291,2656873,121913,2778786,30108
2022-02-21,Madera,039,155013,36917,36796,5913,42709,330
2022-02-21,Marin,041,260295,32664,32570,2179,34749,258
2022-02-21,Mariposa,043,17540,2329,2321,192,2513,6
2022-02-21,Mendocino,045,87422,12822,12706,2889,15595,110
2022-02-21,Merced,047,269075,61404,61209,8293,69502,770
2022-02-21,Modoc,049,8938,724,718,248,966,6
2022-02-21,Mono,051,14174,2951,2960,118,3078,5
2022-02-21,Monterey,053,433212,77904,77354,13001,90355,690
2022-02-21,Napa,055,140530,25138,25126,937,26063,128
2022-02-21,Nevada,057,99092,15766,15810,1166,16976,121
2022-02-21,Orange,059,3164182,540773,539068,40698,579766,6502
2022-02-21,Placer,061,380077,61987,61727,7260,68987,572
2022-02-21,Plumas,063,18699,2709,2657,341,2998,13
2022-02-21,Riverside,065,2383286,586140,583712,27765,611477,6097
2022-02-21,Sacramento,067,1510023,272561,271588,26509,298097,2769
2022-02-21,San Benito,069,59416,12747,12731,508,13239,92
2022-02-21,San Bernardino,071,2135413,557669,554662,24110,578772,6441
2022-02-21,San Diego,073,3302833,741449,732298,49805,782103,4974
2022-02-21,San Francisco,075,870044,121488,121865,8207,130072,769
2022-02-21,San Joaquin,077,732212,164541,164036,9012,173048,2040
2022-02-21,San Luis Obispo,079,281455,51477,51184,3664,54848,429
2022-02-21,San Mateo,081,765935,118210,117259,6867,124126,605
2022-02-21,Santa Barbara,083,443738,84589,84626,4761,89387,650
2022-02-21,Santa Clara,085,1922200,305858,304858,12095,316953,2158
2022-02-21,Santa Cruz,087,273765,46119,45941,1908,47849,251
2022-02-21,Shasta,089,179085,30116,30004,6072,36076,479
2022-02-21,Sierra,091,2930,273,269,40,309,0
2022-02-21,Siskiyou,093,43540,4366,4337,2690,7027,70
2022-02-21,Solano,095,438530,80426,79906,5455,85361,425
2022-02-21,Sonoma,097,501317,81912,81361,2358,83719,431
2022-02-21,Stanislaus,099,539301,116935,116597,16756,133353,1475
2022-02-21,Sutter,101,95872,20253,20152,1940,22092,210
2022-02-21,Tehama,103,63373,11903,11842,2571,14413,152
2022-02-21,Trinity,105,12862,1162,1147,290,1437,20
2022-02-21,Tulare,107,460477,103438,102614,27765,130379,1287
2022-02-21,Tuolumne,109,53932,12467,12126,554,12680,175
2022-02-21,Ventura,111,848112,171130,170939,9172,180111,1401
2022-02-21,Yolo,113,214977,35636,35518,3074,38592,292
2022-02-21,Yuba,115,75493,15595,15546,1161,16707,110
2022-02-20,Alameda,001,1643700,250452,246028,13507,259535,1700
2022-02-20,Alpine,003,1148,122,124,1,125,0
2022-02-20,Amador,005,37829,8312,8203,634,8837,79
2022-02-20,Butte,007,227075,32452,32173,6512,38685,364
2022-02-20,Calaveras,009,45235,7144,7136,346,7482,107
2022-02-20,Colusa,011,21464,3414,3389,1068,4457,21
2022-02-20,Contra Costa,013,1133247,185320,182797,12838,195635,1190
2022-02-20,Del Norte,015,27424,5630,5511,179,5690,45
2022-02-20,El Dorado,017,186661,26388,26101,3163,29264,189
2022-02-20,Fresno,019,978130,226451,223594,21750,245344,2544
2022-02-20,Glenn,021,27897,4920,4881,1549,6430,39
2022-02-20,Humboldt,023,135768,16577,16393,2876,19269,132
2022-02-20,Imperial,025,180216,54642,53967,10814,64781,862
2022-02-20,Inyo,027,18085,4032,4018,461,4479,52
2022-02-20,Kern,029,883053,189445,187158,45697,232855,2095
2022-02-20,Kings,031,150075,50687,49724,3560,53284,421
2022-02-20,Lake,033,64148,10393,10184,872,11056,126
2022-02-20,Lassen,035,31185,8779,8640,883,9523,55
2022-02-20,Los Angeles,037,10098052,2675985,2642878,121823,2764701,29842
2022-02-20,Madera,039,155013,36885,36526,5909,42435,330
2022-02-20,Marin,041,260295,32647,32441,2178,34619,258
2022-02-20,Mariposa,043,17540,2323,2310,190,2500,6
2022-02-20,Mendocino,045,87422,12812,12625,2886,15511,110
2022-02-20,Merced,047,269075,61376,60886,8291,69177,769
2022-02-20,Modoc,049,8938,723,714,248,962,6
2022-02-20,Mono,051,14174,2951,2956,118,3074,5
2022-02-20,Monterey,053,433212,77844,76765,12987,89752,682
2022-02-20,Napa,055,140530,25117,24970,935,25905,127
2022-02-20,Nevada,057,99092,15755,15715,1165,16880,121
2022-02-20,Orange,059,3164182,540462,538019,40664,578683,6416
2022-02-20,Placer,061,380077,61953,61417,7252,68669,560
2022-02-20,Plumas,063,18699,2705,2646,339,2985,13
2022-02-20,Riverside,065,2383286,585864,581788,27734,609522,6087
2022-02-20,Sacramento,067,1510023,272381,270080,26483,296563,2747
2022-02-20,San Benito,069,59416,12744,12665,508,13173,92
2022-02-20,San Bernardino,071,2135413,557464,553151,24092,577243,6400
2022-02-20,San Diego,073,3302833,740851,729549,49753,779302,4947
2022-02-20,San Francisco,075,870044,121347,121197,8197,129394,756
2022-02-20,San Joaquin,077,732212,164417,163083,9001,172084,2033
2022-02-20,San Luis Obispo,079,281455,51446,50823,3660,54483,424
2022-02-20,San Mateo,081,765935,118137,116648,6859,123507,598
2022-02-20,Santa Barbara,083,443738,84544,83988,4760,88748,642
2022-02-20,Santa Clara,085,1922200,305578,303077,12087,315164,2138
2022-02-20,Santa Cruz,087,273765,46052,45532,1906,47438,250
2022-02-20,Shasta,089,179085,30084,29847,6065,35912,479
2022-02-20,Sierra,091,2930,273,269,40,309,0
2022-02-20,Siskiyou,093,43540,4360,4307,2689,6996,70
2022-02-20,Solano,095,438530,80349,78914,5451,84365,424
2022-02-20,Sonoma,097,501317,81836,80843,2357,83200,431
2022-02-20,Stanislaus,099,539301,116866,115976,16740,132716,1454
2022-02-20,Sutter,101,95872,20240,20060,1937,21997,210
2022-02-20,Tehama,103,63373,11891,11760,2568,14328,152
2022-02-20,Trinity,105,12862,1161,1130,290,1420,20
2022-02-20,Tulare,107,460477,103346,101996,27737,129733,1286
2022-02-20,Tuolumne,109,53932,12444,12036,553,12589,175
2022-02-20,Ventura,111,848112,171033,170331,9167,179498,1384
2022-02-20,Yolo,113,214977,35610,35363,3071,38434,293
2022-02-20,Yuba,115,75493,15579,15449,1160,16609,112
2022-02-19,Alameda,001,1643700,250285,246028,13505,259533,1700
2022-02-19,Alpine,003,1148,122,124,1,125,0
2022-02-19,Amador,005,37829,8308,8203,634,8837,79
2022-02-19,Butte,007,227075,32428,32173,6509,38682,364
2022-02-19,Calaveras,009,45235,7144,7136,346,7482,107
2022-02-19,Colusa,011,21464,3413,3389,1066,4455,21
2022-02-19,Contra Costa,013,1133247,185222,182797,12837,195634,1190
2022-02-19,Del Norte,015,27424,5620,5511,178,5689,45
2022-02-19,El Dorado,017,186661,26372,26101,3161,29262,189
2022-02-19,Fresno,019,978130,226333,223594,21745,245339,2544
2022-02-19,Glenn,021,27897,4916,4881,1549,6430,39
2022-02-19,Humboldt,023,135768,16562,16393,2876,19269,132
2022-02-19,Imperial,025,180216,54625,53967,10807,64774,862
2022-02-19,Inyo,027,18085,4031,4018,460,4478,52
2022-02-19,Kern,029,883053,189347,187158,45672,232830,2095
2022-02-19,Kings,031,150075,50664,49724,3558,53282,421
2022-02-19,Lake,033,64148,10385,10184,872,11056,126
2022-02-19,Lassen,035,31185,8767,8640,882,9522,55
2022-02-19,Los Angeles,037,10098052,2675225,2642878,121782,2764660,29842
2022-02-19,Madera,039,155013,36863,36526,5908,42434,330
2022-02-19,Marin,041,260295,32624,32441,2177,34618,258
2022-02-19,Mariposa,043,17540,2320,2310,190,2500,6
2022-02-19,Mendocino,045,87422,12802,12625,2886,15511,110
2022-02-19,Merced,047,269075,61330,60886,8287,69173,769
2022-02-19,Modoc,049,8938,723,714,247,961,6
2022-02-19,Mono,051,14174,2950,2956,118,3074,5
2022-02-19,Monterey,053,433212,77755,76765,12977,89742,682
2022-02-19,Napa,055,140530,25107,24970,935,25905,127
2022-02-19,Nevada,057,99092,15747,15715,1165,16880,121
2022-02-19,Orange,059,3164182,540266,538019,40640,578659,6416
2022-02-19,Placer,061,380077,61908,61417,7251,68668,560
2022-02-19,Plumas,063,18699,2704,2646,339,2985,13
2022-02-19,Riverside,065,2383286,585684,581788,27715,609503,6087
2022-02-19,Sacramento,067,1510023,272240,270080,26472,296552,2747
2022-02-19,San Benito,069,59416,12730,12665,507,13172,92
2022-02-19,San Bernardino,071,2135413,557315,553151,24086,577237,6400
2022-02-19,San Diego,073,3302833,740492,729549,49711,779260,4947
2022-02-19,San Francisco,075,870044,121260,121197,8193,129390,756
2022-02-19,San Joaquin,077,732212,164341,163083,8990,172073,2033
2022-02-19,San Luis Obispo,079,281455,51433,50823,3656,54479,424
2022-02-19,San Mateo,081,765935,118097,116648,6857,123505,598
2022-02-19,Santa Barbara,083,443738,84474,83988,4759,88747,642
2022-02-19,Santa Clara,085,1922200,305382,303077,12085,315162,2138
2022-02-19,Santa Cruz,087,273765,46015,45532,1906,47438,250
2022-02-19,Shasta,089,179085,30070,29847,6062,35909,479
2022-02-19,Sierra,091,2930,273,269,40,309,0
2022-02-19,Siskiyou,093,43540,4358,4307,2689,6996,70
2022-02-19,Solano,095,438530,80307,78914,5450,84364,424
2022-02-19,Sonoma,097,501317,81791,80843,2357,83200,431
2022-02-19,Stanislaus,099,539301,116796,115976,16734,132710,1454
2022-02-19,Sutter,101,95872,20232,20060,1937,21997,210
2022-02-19,Tehama,103,63373,11884,11760,2568,14328,152
2022-02-19,Trinity,105,12862,1159,1130,290,1420,20
2022-02-19,Tulare,107,460477,103296,101996,27710,129706,1286
2022-02-19,Tuolumne,109,53932,12436,12036,553,12589,175
2022-02-19,Ventura,111,848112,170958,170331,9164,179495,1384
2022-02-19,Yolo,113,214977,35578,35363,3067,38430,293
2022-02-19,Yuba,115,75493,15570,15449,1160,16609,112
2022-02-18,Alameda,001,1643700,250120,246028,13497,259525,1700
2022-02-18,Alpine,003,1148,121,124,1,125,0
2022-02-18,Amador,005,37829,8300,8203,632,8835,79
2022-02-18,Butte,007,227075,32408,32173,6504,38677,364
2022-02-18,Calaveras,009,45235,7139,7136,345,7481,107
2022-02-18,Colusa,011,21464,3411,3389,1066,4455,21
2022-02-18,Contra Costa,013,1133247,185118,182797,12832,195629,1190
2022-02-18,Del Norte,015,27424,5608,5511,178,5689,45
2022-02-18,El Dorado,017,186661,26361,26101,3160,29261,189
2022-02-18,Fresno,019,978130,226145,223594,21737,245331,2544
2022-02-18,Glenn,021,27897,4915,4881,1548,6429,39
2022-02-18,Humboldt,023,135768,16545,16393,2871,19264,132
2022-02-18,Imperial,025,180216,54601,53967,10796,64763,862
2022-02-18,Inyo,027,18085,4030,4018,460,4478,52
2022-02-18,Kern,029,883053,189232,187158,45627,232785,2095
2022-02-18,Kings,031,150075,50576,49724,3558,53282,421
2022-02-18,Lake,033,64148,10368,10184,870,11054,126
2022-02-18,Lassen,035,31185,8747,8640,881,9521,55
2022-02-18,Los Angeles,037,10098052,2674261,2642878,121725,2764603,29842
2022-02-18,Madera,039,155013,36837,36526,5906,42432,330
2022-02-18,Marin,041,260295,32606,32441,2175,34616,258
2022-02-18,Mariposa,043,17540,2318,2310,190,2500,6
2022-02-18,Mendocino,045,87422,12791,12625,2886,15511,110
2022-02-18,Merced,047,269075,61286,60886,8277,69163,769
2022-02-18,Modoc,049,8938,723,714,247,961,6
2022-02-18,Mono,051,14174,2950,2956,118,3074,5
2022-02-18,Monterey,053,433212,77683,76765,12971,89736,682
2022-02-18,Napa,055,140530,25089,24970,935,25905,127
2022-02-18,Nevada,057,99092,15739,15715,1165,16880,121
2022-02-18,Orange,059,3164182,540033,538019,40600,578619,6416
2022-02-18,Placer,061,380077,61879,61417,7243,68660,560
2022-02-18,Plumas,063,18699,2701,2646,339,2985,13
2022-02-18,Riverside,065,2383286,585499,581788,27705,609493,6087
2022-02-18,Sacramento,067,1510023,272047,270080,26464,296544,2747
2022-02-18,San Benito,069,59416,12722,12665,507,13172,92
2022-02-18,San Bernardino,071,2135413,557138,553151,24081,577232,6400
2022-02-18,San Diego,073,3302833,740062,729549,49688,779237,4947
2022-02-18,San Francisco,075,870044,121173,121197,8185,129382,756
2022-02-18,San Joaquin,077,732212,164274,163083,8982,172065,2033
2022-02-18,San Luis Obispo,079,281455,51417,50823,3653,54476,424
2022-02-18,San Mateo,081,765935,118032,116648,6854,123502,598
2022-02-18,Santa Barbara,083,443738,84433,83988,4757,88745,642
2022-02-18,Santa Clara,085,1922200,305144,303077,12084,315161,2138
2022-02-18,Santa Cruz,087,273765,45981,45532,1905,47437,250
2022-02-18,Shasta,089,179085,30058,29847,6061,35908,479
2022-02-18,Sierra,091,2930,273,269,40,309,0
2022-02-18,Siskiyou,093,43540,4355,4307,2687,6994,70
2022-02-18,Solano,095,438530,80235,78914,5449,84363,424
2022-02-18,Sonoma,097,501317,81733,80843,2357,83200,431
2022-02-18,Stanislaus,099,539301,116746,115976,16719,132695,1454
2022-02-18,Sutter,101,95872,20221,20060,1937,21997,210
2022-02-18,Tehama,103,63373,11873,11760,2568,14328,152
2022-02-18,Trinity,105,12862,1158,1130,289,1419,20
2022-02-18,Tulare,107,460477,103252,101996,27664,129660,1286
2022-02-18,Tuolumne,109,53932,12429,12036,552,12588,175
2022-02-18,Ventura,111,848112,170868,170331,9160,179491,1384
2022-02-18,Yolo,113,214977,35549,35363,3065,38428,293
2022-02-18,Yuba,115,75493,15557,15449,1160,16609,112
2022-02-17,Alameda,001,1643700,249856,246028,13474,259502,1700
2022-02-17,Alpine,003,1148,121,124,1,125,0
2022-02-17,Amador,005,37829,8296,8203,630,8833,79
2022-02-17,Butte,007,227075,32370,32173,6499,38672,364
2022-02-17,Calaveras,009,45235,7130,7136,342,7478,107
2022-02-17,Colusa,011,21464,3408,3389,1066,4455,21
2022-02-17,Contra Costa,013,1133247,184923,182797,12798,195595,1190
2022-02-17,Del Norte,015,27424,5587,5511,178,5689,45
2022-02-17,El Dorado,017,186661,26335,26101,3150,29251,189
2022-02-17,Fresno,019,978130,225855,223594,21713,245307,2544
2022-02-17,Glenn,021,27897,4913,4881,1545,6426,39
2022-02-17,Humboldt,023,135768,16503,16393,2870,19263,132
2022-02-17,Imperial,025,180216,54534,53967,10773,64740,862
2022-02-17,Inyo,027,18085,4029,4018,459,4477,52
2022-02-17,Kern,029,883053,189079,187158,45575,232733,2095
2022-02-17,Kings,031,150075,50511,49724,3552,53276,421
2022-02-17,Lake,033,64148,10338,10184,866,11050,126
2022-02-17,Lassen,035,31185,8737,8640,878,9518,55
2022-02-17,Los Angeles,037,10098052,2672454,2642878,121649,2764527,29842
2022-02-17,Madera,039,155013,36791,36526,5900,42426,330
2022-02-17,Marin,041,260295,32579,32441,2172,34613,258
2022-02-17,Mariposa,043,17540,2315,2310,189,2499,6
2022-02-17,Mendocino,045,87422,12774,12625,2883,15508,110
2022-02-17,Merced,047,269075,61210,60886,8259,69145,769
2022-02-17,Modoc,049,8938,722,714,247,961,6
2022-02-17,Mono,051,14174,2948,2956,118,3074,5
2022-02-17,Monterey,053,433212,77570,76765,12922,89687,682
2022-02-17,Napa,055,140530,25057,24970,933,25903,127
2022-02-17,Nevada,057,99092,15727,15715,1164,16879,121
2022-02-17,Orange,059,3164182,539703,538019,40571,578590,6416
2022-02-17,Placer,061,380077,61836,61417,7235,68652,560
2022-02-17,Plumas,063,18699,2698,2646,339,2985,13
2022-02-17,Riverside,065,2383286,585113,581788,27676,609464,6087
2022-02-17,Sacramento,067,1510023,271754,270080,26416,296496,2747
2022-02-17,San Benito,069,59416,12711,12665,507,13172,92
2022-02-17,San Bernardino,071,2135413,556842,553151,24071,577222,6400
2022-02-17,San Diego,073,3302833,739445,729549,49645,779194,4947
2022-02-17,San Francisco,075,870044,121036,121197,8175,129372,756
2022-02-17,San Joaquin,077,732212,164112,163083,8968,172051,2033
2022-02-17,San Luis Obispo,079,281455,51313,50823,3645,54468,424
2022-02-17,San Mateo,081,765935,117938,116648,6845,123493,598
2022-02-17,Santa Barbara,083,443738,84328,83988,4749,88737,642
2022-02-17,Santa Clara,085,1922200,304780,303077,12070,315147,2138
2022-02-17,Santa Cruz,087,273765,45900,45532,1903,47435,250
2022-02-17,Shasta,089,179085,30030,29847,6058,35905,479
2022-02-17,Sierra,091,2930,273,269,40,309,0
2022-02-17,Siskiyou,093,43540,4346,4307,2683,6990,70
2022-02-17,Solano,095,438530,80152,78914,5442,84356,424
2022-02-17,Sonoma,097,501317,81666,80843,2352,83195,431
2022-02-17,Stanislaus,099,539301,116642,115976,16701,132677,1454
2022-02-17,Sutter,101,95872,20206,20060,1929,21989,210
2022-02-17,Tehama,103,63373,11864,11760,2566,14326,152
2022-02-17,Trinity,105,12862,1156,1130,287,1417,20
2022-02-17,Tulare,107,460477,103133,101996,27631,129627,1286
2022-02-17,Tuolumne,109,53932,12418,12036,552,12588,175
2022-02-17,Ventura,111,848112,170729,170331,9159,179490,1384
2022-02-17,Yolo,113,214977,35511,35363,3064,38427,293
2022-02-17,Yuba,115,75493,15542,15449,1160,16609,112
2022-02-16,Alameda,001,1643700,249540,245662,13431,259093,1691
2022-02-16,Alpine,003,1148,121,124,1,125,0
2022-02-16,Amador,005,37829,8278,8197,628,8825,77
2022-02-16,Butte,007,227075,32328,32095,6487,38582,363
2022-02-16,Calaveras,009,45235,7124,7129,339,7468,107
2022-02-16,Colusa,011,21464,3403,3384,1066,4450,21
2022-02-16,Contra Costa,013,1133247,184684,182423,12758,195181,1179
2022-02-16,Del Norte,015,27424,5565,5473,173,5646,45
2022-02-16,El Dorado,017,186661,26307,26061,3143,29204,189
2022-02-16,Fresno,019,978130,225494,223056,21671,244727,2542
2022-02-16,Glenn,021,27897,4909,4873,1540,6413,39
2022-02-16,Humboldt,023,135768,16477,16342,2858,19200,132
2022-02-16,Imperial,025,180216,54464,53901,10739,64640,861
2022-02-16,Inyo,027,18085,4025,4013,457,4470,52
2022-02-16,Kern,029,883053,188858,186740,45484,232224,2084
2022-02-16,Kings,031,150075,50458,49575,3542,53117,420
2022-02-16,Lake,033,64148,10312,10145,866,11011,125
2022-02-16,Lassen,035,31185,8704,8618,878,9496,55
2022-02-16,Los Angeles,037,10098052,2670354,2640005,121537,2761542,29749
2022-02-16,Madera,039,155013,36723,36382,5885,42267,330
2022-02-16,Marin,041,260295,32543,32381,2168,34549,257
2022-02-16,Mariposa,043,17540,2313,2305,189,2494,6
2022-02-16,Mendocino,045,87422,12752,12605,2873,15478,108
2022-02-16,Merced,047,269075,61144,60776,8226,69002,767
2022-02-16,Modoc,049,8938,722,711,243,954,6
2022-02-16,Mono,051,14174,2946,2953,118,3071,5
2022-02-16,Monterey,053,433212,77421,76624,12875,89499,682
2022-02-16,Napa,055,140530,25016,24897,930,25827,128
2022-02-16,Nevada,057,99092,15710,15677,1160,16837,121
2022-02-16,Orange,059,3164182,539311,537934,40523,578457,6392
2022-02-16,Placer,061,380077,61787,61278,7220,68498,556
2022-02-16,Plumas,063,18699,2695,2644,337,2981,13
2022-02-16,Riverside,065,2383286,584723,580828,27625,608453,6064
2022-02-16,Sacramento,067,1510023,271423,269416,26358,295774,2736
2022-02-16,San Benito,069,59416,12685,12644,507,13151,92
2022-02-16,San Bernardino,071,2135413,556563,552353,24044,576397,6379
2022-02-16,San Diego,073,3302833,738665,728610,49569,778179,4931
2022-02-16,San Francisco,075,870044,120864,120987,8169,129156,756
2022-02-16,San Joaquin,077,732212,163941,162752,8958,171710,2032
2022-02-16,San Luis Obispo,079,281455,51245,50704,3632,54336,425
2022-02-16,San Mateo,081,765935,117821,116438,6827,123265,595
2022-02-16,Santa Barbara,083,443738,84253,83968,4735,88703,642
2022-02-16,Santa Clara,085,1922200,304399,302439,12033,314472,2130
2022-02-16,Santa Cruz,087,273765,45809,45274,1901,47175,250
2022-02-16,Shasta,089,179085,29990,29767,6046,35813,477
2022-02-16,Sierra,091,2930,272,269,40,309,0
2022-02-16,Siskiyou,093,43540,4339,4302,2677,6979,71
2022-02-16,Solano,095,438530,80029,78742,5435,84177,422
2022-02-16,Sonoma,097,501317,81545,80642,2343,82985,431
2022-02-16,Stanislaus,099,539301,116520,115751,16671,132422,1443
2022-02-16,Sutter,101,95872,20189,20020,1926,21946,210
2022-02-16,Tehama,103,63373,11846,11738,2564,14302,152
2022-02-16,Trinity,105,12862,1156,1130,286,1416,20
2022-02-16,Tulare,107,460477,103006,101817,27573,129390,1281
2022-02-16,Tuolumne,109,53932,12406,11991,551,12542,171
2022-02-16,Ventura,111,848112,170594,170117,9151,179268,1372
2022-02-16,Yolo,113,214977,35457,35284,3061,38345,292
2022-02-16,Yuba,115,75493,15517,15405,1157,16562,110
2022-02-15,Alameda,001,1643700,249191,245265,13399,258664,1683
2022-02-15,Alpine,003,1148,121,124,1,125,0
2022-02-15,Amador,005,37829,8267,8183,627,8810,77
2022-02-15,Butte,007,227075,32275,32011,6473,38484,361
2022-02-15,Calaveras,009,45235,7115,7115,339,7454,106
2022-02-15,Colusa,011,21464,3395,3374,1065,4439,21
2022-02-15,Contra Costa,013,1133247,184428,182041,12723,194764,1179
2022-02-15,Del Norte,015,27424,5539,5439,171,5610,45
2022-02-15,El Dorado,017,186661,26289,25988,3137,29125,189
2022-02-15,Fresno,019,978130,225110,222673,21611,244284,2543
2022-02-15,Glenn,021,27897,4900,4862,1539,6401,39
2022-02-15,Humboldt,023,135768,16432,16297,2843,19140,132
2022-02-15,Imperial,025,180216,54402,53813,10717,64530,860
2022-02-15,Inyo,027,18085,4024,4009,455,4464,52
2022-02-15,Kern,029,883053,188636,186324,45392,231716,2072
2022-02-15,Kings,031,150075,50364,49473,3532,53005,418
2022-02-15,Lake,033,64148,10278,10112,860,10972,123
2022-02-15,Lassen,035,31185,8689,8587,875,9462,55
2022-02-15,Los Angeles,037,10098052,2668109,2638266,121400,2759666,29691
2022-02-15,Madera,039,155013,36658,36260,5860,42120,330
2022-02-15,Marin,041,260295,32501,32355,2166,34521,255
2022-02-15,Mariposa,043,17540,2312,2302,189,2491,6
2022-02-15,Mendocino,045,87422,12735,12580,2852,15432,108
2022-02-15,Merced,047,269075,61060,60674,8188,68862,763
2022-02-15,Modoc,049,8938,720,710,240,950,6
2022-02-15,Mono,051,14174,2945,2952,118,3070,5
2022-02-15,Monterey,053,433212,77295,75530,12807,88337,682
2022-02-15,Napa,055,140530,24966,24832,923,25755,127
2022-02-15,Nevada,057,99092,15683,15643,1159,16802,121
2022-02-15,Orange,059,3164182,538863,537478,40481,577959,6374
2022-02-15,Placer,061,380077,61723,61170,7207,68377,554
2022-02-15,Plumas,063,18699,2691,2638,337,2975,13
2022-02-15,Riverside,065,2383286,584228,579940,27567,607507,6049
2022-02-15,Sacramento,067,1510023,271037,268950,26268,295218,2721
2022-02-15,San Benito,069,59416,12666,12616,507,13123,91
2022-02-15,San Bernardino,071,2135413,556191,551803,24020,575823,6372
2022-02-15,San Diego,073,3302833,737671,727486,49483,776969,4914
2022-02-15,San Francisco,075,870044,120693,120759,8155,128914,756
2022-02-15,San Joaquin,077,732212,163724,162518,8944,171462,2021
2022-02-15,San Luis Obispo,079,281455,51142,50534,3617,54151,419
2022-02-15,San Mateo,081,765935,117686,116253,6806,123059,595
2022-02-15,Santa Barbara,083,443738,84117,83734,4722,88456,640
2022-02-15,Santa Clara,085,1922200,303896,301831,11993,313824,2130
2022-02-15,Santa Cruz,087,273765,45703,45171,1896,47067,250
2022-02-15,Shasta,089,179085,29941,29684,6032,35716,477
2022-02-15,Sierra,091,2930,272,269,40,309,0
2022-02-15,Siskiyou,093,43540,4332,4288,2669,6957,70
2022-02-15,Solano,095,438530,79889,78626,5427,84053,426
2022-02-15,Sonoma,097,501317,81426,80433,2337,82770,431
2022-02-15,Stanislaus,099,539301,116380,115549,16634,132183,1429
2022-02-15,Sutter,101,95872,20162,19980,1922,21902,208
2022-02-15,Tehama,103,63373,11829,11717,2562,14279,151
2022-02-15,Trinity,105,12862,1150,1125,283,1408,20
2022-02-15,Tulare,107,460477,102847,101645,27508,129153,1278
2022-02-15,Tuolumne,109,53932,12386,11945,549,12494,171
2022-02-15,Ventura,111,848112,170422,169942,9142,179084,1372
2022-02-15,Yolo,113,214977,35404,35241,3051,38292,289
2022-02-15,Yuba,115,75493,15488,15372,1152,16524,109
2022-02-14,Alameda,001,1643700,248753,244315,13363,257678,1677
2022-02-14,Alpine,003,1148,121,125,1,126,0
2022-02-14,Amador,005,37829,8252,8164,622,8786,77
2022-02-14,Butte,007,227075,32214,31946,6459,38405,360
2022-02-14,Calaveras,009,45235,7103,7097,337,7434,106
2022-02-14,Colusa,011,21464,3391,3367,1060,4427,21
2022-02-14,Contra Costa,013,1133247,184136,181753,12679,194432,1167
2022-02-14,Del Norte,015,27424,5515,5426,170,5596,45
2022-02-14,El Dorado,017,186661,26253,25915,3130,29045,188
2022-02-14,Fresno,019,978130,224623,222360,21531,243891,2538
2022-02-14,Glenn,021,27897,4894,4854,1539,6393,39
2022-02-14,Humboldt,023,135768,16387,16264,2818,19082,132
2022-02-14,Imperial,025,180216,54333,53765,10679,64444,860
2022-02-14,Inyo,027,18085,4023,4010,454,4464,52
2022-02-14,Kern,029,883053,188290,186037,45283,231320,2063
2022-02-14,Kings,031,150075,50259,49395,3521,52916,419
2022-02-14,Lake,033,64148,10243,10090,857,10947,123
2022-02-14,Lassen,035,31185,8678,8539,873,9412,55
2022-02-14,Los Angeles,037,10098052,2665541,2636064,121270,2757334,29650
2022-02-14,Madera,039,155013,36589,36194,5837,42031,330
2022-02-14,Marin,041,260295,32465,32304,2163,34467,255
2022-02-14,Mariposa,043,17540,2306,2295,189,2484,6
2022-02-14,Mendocino,045,87422,12707,12541,2821,15362,108
2022-02-14,Merced,047,269075,60970,60591,8131,68722,758
2022-02-14,Modoc,049,8938,715,707,240,947,6
2022-02-14,Mono,051,14174,2944,2954,118,3072,5
2022-02-14,Monterey,053,433212,77117,75407,12717,88124,678
2022-02-14,Napa,055,140530,24907,24776,923,25699,127
2022-02-14,Nevada,057,99092,15664,15629,1158,16787,121
2022-02-14,Orange,059,3164182,538358,536924,40419,577343,6355
2022-02-14,Placer,061,380077,61644,61123,7189,68312,554
2022-02-14,Plumas,063,18699,2690,2631,335,2966,13
2022-02-14,Riverside,065,2383286,583670,579174,27497,606671,5994
2022-02-14,Sacramento,067,1510023,270587,268547,26152,294699,2717
2022-02-14,San Benito,069,59416,12642,12598,505,13103,91
2022-02-14,San Bernardino,071,2135413,555755,551338,23998,575336,6372
2022-02-14,San Diego,073,3302833,736687,723902,49399,773301,4894
2022-02-14,San Francisco,075,870044,120503,120581,8138,128719,756
2022-02-14,San Joaquin,077,732212,163484,162363,8921,171284,2018
2022-02-14,San Luis Obispo,079,281455,51018,50465,3606,54071,416
2022-02-14,San Mateo,081,765935,117517,116129,6797,122926,592
2022-02-14,Santa Barbara,083,443738,83970,83697,4710,88407,636
2022-02-14,Santa Clara,085,1922200,303350,301319,11968,313287,2127
2022-02-14,Santa Cruz,087,273765,45535,45042,1892,46934,250
2022-02-14,Shasta,089,179085,29857,29595,6014,35609,474
2022-02-14,Sierra,091,2930,272,269,40,309,0
2022-02-14,Siskiyou,093,43540,4320,4278,2655,6933,69
2022-02-14,Solano,095,438530,79700,78533,5416,83949,427
2022-02-14,Sonoma,097,501317,81279,80336,2329,82665,431
2022-02-14,Stanislaus,099,539301,116200,115426,16587,132013,1406
2022-02-14,Sutter,101,95872,20133,19957,1916,21873,209
2022-02-14,Tehama,103,63373,11805,11686,2559,14245,151
2022-02-14,Trinity,105,12862,1147,1123,283,1406,20
2022-02-14,Tulare,107,460477,102635,101448,27399,128847,1276
2022-02-14,Tuolumne,109,53932,12355,11920,546,12466,170
2022-02-14,Ventura,111,848112,170245,169725,9129,178854,1361
2022-02-14,Yolo,113,214977,35339,35112,3041,38153,286
2022-02-14,Yuba,115,75493,15458,15375,1148,16523,108
2022-02-13,Alameda,001,1643700,248249,243681,13326,257007,1677
2022-02-13,Alpine,003,1148,121,125,1,126,0
2022-02-13,Amador,005,37829,8223,8146,618,8764,77
2022-02-13,Butte,007,227075,32137,31865,6434,38299,360
2022-02-13,Calaveras,009,45235,7095,7083,334,7417,106
2022-02-13,Colusa,011,21464,3387,3366,1058,4424,21
2022-02-13,Contra Costa,013,1133247,183763,181313,12613,193926,1159
2022-02-13,Del Norte,015,27424,5483,5379,169,5548,45
2022-02-13,El Dorado,017,186661,26216,25871,3121,28992,188
2022-02-13,Fresno,019,978130,224079,221686,21480,243166,2537
2022-02-13,Glenn,021,27897,4884,4847,1536,6383,39
2022-02-13,Humboldt,023,135768,16339,16210,2791,19001,132
2022-02-13,Imperial,025,180216,54248,53658,10623,64281,860
2022-02-13,Inyo,027,18085,4020,4006,453,4459,52
2022-02-13,Kern,029,883053,188043,185640,45196,230836,2063
2022-02-13,Kings,031,150075,50133,49243,3508,52751,416
2022-02-13,Lake,033,64148,10180,10042,848,10890,123
2022-02-13,Lassen,035,31185,8647,8503,871,9374,55
2022-02-13,Los Angeles,037,10098052,2662383,2631267,121130,2752397,29595
2022-02-13,Madera,039,155013,36470,36054,5808,41862,330
2022-02-13,Marin,041,260295,32392,32222,2156,34378,255
2022-02-13,Mariposa,043,17540,2300,2292,187,2479,6
2022-02-13,Mendocino,045,87422,12676,12521,2779,15300,108
2022-02-13,Merced,047,269075,60824,60460,8078,68538,758
2022-02-13,Modoc,049,8938,713,704,233,937,6
2022-02-13,Mono,051,14174,2942,2949,118,3067,5
2022-02-13,Monterey,053,433212,76909,75295,12648,87943,678
2022-02-13,Napa,055,140530,24829,24743,920,25663,127
2022-02-13,Nevada,057,99092,15629,15590,1151,16741,121
2022-02-13,Orange,059,3164182,537727,536134,40354,576488,6355
2022-02-13,Placer,061,380077,61568,61020,7169,68189,554
2022-02-13,Plumas,063,18699,2682,2626,332,2958,13
2022-02-13,Riverside,065,2383286,583067,578363,27452,605815,5995
2022-02-13,Sacramento,067,1510023,270071,267947,26011,293958,2699
2022-02-13,San Benito,069,59416,12608,12578,504,13082,91
2022-02-13,San Bernardino,071,2135413,555230,550632,23963,574595,6367
2022-02-13,San Diego,073,3302833,735503,723902,49295,773197,4894
2022-02-13,San Francisco,075,870044,120246,120295,8127,128422,756
2022-02-13,San Joaquin,077,732212,163178,162028,8892,170920,2018
2022-02-13,San Luis Obispo,079,281455,50876,50384,3598,53982,415
2022-02-13,San Mateo,081,765935,117293,115876,6773,122649,592
2022-02-13,Santa Barbara,083,443738,83805,83547,4702,88249,635
2022-02-13,Santa Clara,085,1922200,302691,300412,11930,312342,2114
2022-02-13,Santa Cruz,087,273765,45373,44887,1891,46778,240
2022-02-13,Shasta,089,179085,29775,29531,5989,35520,474
2022-02-13,Sierra,091,2930,272,269,40,309,0
2022-02-13,Siskiyou,093,43540,4313,4264,2639,6903,69
2022-02-13,Solano,095,438530,79545,78424,5393,83817,426
2022-02-13,Sonoma,097,501317,81113,80172,2321,82493,431
2022-02-13,Stanislaus,099,539301,115999,115156,16546,131702,1406
2022-02-13,Sutter,101,95872,20092,19900,1916,21816,209
2022-02-13,Tehama,103,63373,11776,11644,2553,14197,151
2022-02-13,Trinity,105,12862,1144,1120,280,1400,20
2022-02-13,Tulare,107,460477,102407,101135,27294,128429,1276
2022-02-13,Tuolumne,109,53932,12330,11891,541,12432,170
2022-02-13,Ventura,111,848112,170049,169422,9109,178531,1361
2022-02-13,Yolo,113,214977,35269,35057,3029,38086,286
2022-02-13,Yuba,115,75493,15424,15346,1146,16492,107
2022-02-12,Alameda,001,1643700,248028,242137,13315,255452,1668
2022-02-12,Alpine,003,1148,121,124,1,125,0
2022-02-12,Amador,005,37829,8217,8091,618,8709,76
2022-02-12,Butte,007,227075,32110,31601,6429,38030,360
2022-02-12,Calaveras,009,45235,7092,7022,333,7355,106
2022-02-12,Colusa,011,21464,3383,3345,1058,4403,21
2022-02-12,Contra Costa,013,1133247,183568,180270,12609,192879,1141
2022-02-12,Del Norte,015,27424,5462,5262,169,5431,45
2022-02-12,El Dorado,017,186661,26200,25692,3121,28813,188
2022-02-12,Fresno,019,978130,223864,219909,21472,241381,2509
2022-02-12,Glenn,021,27897,4883,4818,1535,6353,39
2022-02-12,Humboldt,023,135768,16315,16058,2787,18845,132
2022-02-12,Imperial,025,180216,54205,53304,10613,63917,860
2022-02-12,Inyo,027,18085,4018,3991,453,4444,52
2022-02-12,Kern,029,883053,187935,184639,45159,229798,2037
2022-02-12,Kings,031,150075,50091,48893,3502,52395,415
2022-02-12,Lake,033,64148,10159,9926,844,10770,123
2022-02-12,Lassen,035,31185,8624,8477,871,9348,55
2022-02-12,Los Angeles,037,10098052,2661249,2616426,121053,2737479,29364
2022-02-12,Madera,039,155013,36437,35710,5802,41512,330
2022-02-12,Marin,041,260295,32359,32048,2154,34202,255
2022-02-12,Mariposa,043,17540,2300,2286,187,2473,6
2022-02-12,Mendocino,045,87422,12660,12439,2779,15218,107
2022-02-12,Merced,047,269075,60772,60187,8076,68263,758
2022-02-12,Modoc,049,8938,713,697,233,930,6
2022-02-12,Mono,051,14174,2942,2939,118,3057,5
2022-02-12,Monterey,053,433212,76849,74842,12630,87472,672
2022-02-12,Napa,055,140530,24801,24530,920,25450,124
2022-02-12,Nevada,057,99092,15617,15499,1149,16648,119
2022-02-12,Orange,059,3164182,537441,534503,40318,574821,6305
2022-02-12,Placer,061,380077,61507,60636,7167,67803,554
2022-02-12,Plumas,063,18699,2681,2617,331,2948,13
2022-02-12,Riverside,065,2383286,582707,575566,27431,602997,5961
2022-02-12,Sacramento,067,1510023,269829,266347,25997,292344,2686
2022-02-12,San Benito,069,59416,12595,12526,504,13030,91
2022-02-12,San Bernardino,071,2135413,555000,548822,23953,572775,6360
2022-02-12,San Diego,073,3302833,734984,720287,49248,769535,4854
2022-02-12,San Francisco,075,870044,120125,119113,8117,127230,740
2022-02-12,San Joaquin,077,732212,163049,161234,8887,170121,2014
2022-02-12,San Luis Obispo,079,281455,50841,50064,3594,53658,416
2022-02-12,San Mateo,081,765935,117199,115235,6765,122000,589
2022-02-12,Santa Barbara,083,443738,83715,83390,4692,88082,631
2022-02-12,Santa Clara,085,1922200,302328,298176,11922,310098,2093
2022-02-12,Santa Cruz,087,273765,45338,44447,1889,46336,239
2022-02-12,Shasta,089,179085,29747,29370,5985,35355,473
2022-02-12,Sierra,091,2930,272,268,40,308,0
2022-02-12,Siskiyou,093,43540,4306,4231,2636,6867,68
2022-02-12,Solano,095,438530,79502,77865,5390,83255,424
2022-02-12,Sonoma,097,501317,81007,79533,2319,81852,431
2022-02-12,Stanislaus,099,539301,115877,114531,16533,131064,1406
2022-02-12,Sutter,101,95872,20077,19800,1916,21716,211
2022-02-12,Tehama,103,63373,11762,11580,2553,14133,151
2022-02-12,Trinity,105,12862,1143,1115,280,1395,20
2022-02-12,Tulare,107,460477,102308,100434,27262,127696,1273
2022-02-12,Tuolumne,109,53932,12312,11754,541,12295,125
2022-02-12,Ventura,111,848112,169943,168736,9104,177840,1340
2022-02-12,Yolo,113,214977,35229,34773,3026,37799,286
2022-02-12,Yuba,115,75493,15408,15242,1145,16387,107
2022-02-11,Alameda,001,1643700,247744,242137,13304,255441,1668
2022-02-11,Alpine,003,1148,121,124,1,125,0
2022-02-11,Amador,005,37829,8204,8091,618,8709,76
2022-02-11,Butte,007,227075,32065,31601,6418,38019,360
2022-02-11,Calaveras,009,45235,7089,7022,333,7355,106
2022-02-11,Colusa,011,21464,3381,3345,1057,4402,21
2022-02-11,Contra Costa,013,1133247,183357,180270,12591,192861,1141
2022-02-11,Del Norte,015,27424,5447,5262,169,5431,45
2022-02-11,El Dorado,017,186661,26178,25692,3120,28812,188
2022-02-11,Fresno,019,978130,223569,219909,21461,241370,2509
2022-02-11,Glenn,021,27897,4879,4818,1535,6353,39
2022-02-11,Humboldt,023,135768,16286,16058,2782,18840,132
2022-02-11,Imperial,025,180216,54172,53304,10608,63912,860
2022-02-11,Inyo,027,18085,4015,3991,448,4439,52
2022-02-11,Kern,029,883053,187772,184639,45104,229743,2037
2022-02-11,Kings,031,150075,50052,48893,3501,52394,415
2022-02-11,Lake,033,64148,10133,9926,842,10768,123
2022-02-11,Lassen,035,31185,8584,8477,871,9348,55
2022-02-11,Los Angeles,037,10098052,2659616,2616426,120968,2737394,29364
2022-02-11,Madera,039,155013,36394,35710,5797,41507,330
2022-02-11,Marin,041,260295,32326,32048,2151,34199,255
2022-02-11,Mariposa,043,17540,2295,2286,187,2473,6
2022-02-11,Mendocino,045,87422,12644,12439,2779,15218,107
2022-02-11,Merced,047,269075,60721,60187,8075,68262,758
2022-02-11,Modoc,049,8938,711,697,233,930,6
2022-02-11,Mono,051,14174,2941,2939,118,3057,5
2022-02-11,Monterey,053,433212,76730,74842,12622,87464,672
2022-02-11,Napa,055,140530,24773,24530,920,25450,124
2022-02-11,Nevada,057,99092,15602,15499,1146,16645,119
2022-02-11,Orange,059,3164182,537088,534503,40256,574759,6305
2022-02-11,Placer,061,380077,61456,60636,7166,67802,554
2022-02-11,Plumas,063,18699,2677,2617,329,2946,13
2022-02-11,Riverside,065,2383286,582280,575566,27416,602982,5961
2022-02-11,Sacramento,067,1510023,269566,266347,25985,292332,2686
2022-02-11,San Benito,069,59416,12590,12526,504,13030,91
2022-02-11,San Bernardino,071,2135413,554678,548822,23940,572762,6360
2022-02-11,San Diego,073,3302833,734265,720287,49197,769484,4854
2022-02-11,San Francisco,075,870044,120004,119113,8102,127215,740
2022-02-11,San Joaquin,077,732212,162877,161234,8878,170112,2014
2022-02-11,San Luis Obispo,079,281455,50802,50064,3591,53655,416
2022-02-11,San Mateo,081,765935,117080,115235,6756,121991,589
2022-02-11,Santa Barbara,083,443738,83630,83390,4691,88081,631
2022-02-11,Santa Clara,085,1922200,301886,298176,11903,310079,2093
2022-02-11,Santa Cruz,087,273765,45242,44447,1889,46336,239
2022-02-11,Shasta,089,179085,29716,29370,5977,35347,473
2022-02-11,Sierra,091,2930,271,268,39,307,0
2022-02-11,Siskiyou,093,43540,4295,4231,2630,6861,68
2022-02-11,Solano,095,438530,79362,77865,5385,83250,424
2022-02-11,Sonoma,097,501317,80916,79533,2319,81852,431
2022-02-11,Stanislaus,099,539301,115778,114531,16521,131052,1406
2022-02-11,Sutter,101,95872,20053,19800,1914,21714,211
2022-02-11,Tehama,103,63373,11749,11580,2553,14133,151
2022-02-11,Trinity,105,12862,1142,1115,279,1394,20
2022-02-11,Tulare,107,460477,102191,100434,27214,127648,1273
2022-02-11,Tuolumne,109,53932,12297,11754,539,12293,125
2022-02-11,Ventura,111,848112,169802,168736,9099,177835,1340
2022-02-11,Yolo,113,214977,35196,34773,3024,37797,286
2022-02-11,Yuba,115,75493,15392,15242,1144,16386,107
2022-02-10,Alameda,001,1643700,247204,242137,13262,255399,1668
2022-02-10,Alpine,003,1148,121,124,1,125,0
2022-02-10,Amador,005,37829,8193,8091,611,8702,76
2022-02-10,Butte,007,227075,32013,31601,6407,38008,360
2022-02-10,Calaveras,009,45235,7077,7022,331,7353,106
2022-02-10,Colusa,011,21464,3374,3345,1055,4400,21
2022-02-10,Contra Costa,013,1133247,182984,180270,12527,192797,1141
2022-02-10,Del Norte,015,27424,5417,5262,167,5429,45
2022-02-10,El Dorado,017,186661,26130,25692,3113,28805,188
2022-02-10,Fresno,019,978130,222976,219909,21388,241297,2509
2022-02-10,Glenn,021,27897,4873,4818,1533,6351,39
2022-02-10,Humboldt,023,135768,16235,16058,2759,18817,132
2022-02-10,Imperial,025,180216,54102,53304,10559,63863,860
2022-02-10,Inyo,027,18085,4011,3991,448,4439,52
2022-02-10,Kern,029,883053,187465,184639,44990,229629,2037
2022-02-10,Kings,031,150075,49939,48893,3490,52383,415
2022-02-10,Lake,033,64148,10102,9926,840,10766,123
2022-02-10,Lassen,035,31185,8570,8477,870,9347,55
2022-02-10,Los Angeles,037,10098052,2655629,2616426,120779,2737205,29364
2022-02-10,Madera,039,155013,36292,35710,5765,41475,330
2022-02-10,Marin,041,260295,32268,32048,2138,34186,255
2022-02-10,Mariposa,043,17540,2291,2286,186,2472,6
2022-02-10,Mendocino,045,87422,12624,12439,2755,15194,107
2022-02-10,Merced,047,269075,60593,60187,8024,68211,758
2022-02-10,Modoc,049,8938,710,697,232,929,6
2022-02-10,Mono,051,14174,2939,2939,117,3056,5
2022-02-10,Monterey,053,433212,76544,74842,12541,87383,672
2022-02-10,Napa,055,140530,24706,24530,918,25448,124
2022-02-10,Nevada,057,99092,15577,15499,1145,16644,119
2022-02-10,Orange,059,3164182,536432,534503,40187,574690,6305
2022-02-10,Placer,061,380077,61375,60636,7157,67793,554
2022-02-10,Plumas,063,18699,2674,2617,322,2939,13
2022-02-10,Riverside,065,2383286,581536,575566,27358,602924,5961
2022-02-10,Sacramento,067,1510023,269070,266347,25897,292244,2686
2022-02-10,San Benito,069,59416,12567,12526,502,13028,91
2022-02-10,San Bernardino,071,2135413,554115,548822,23909,572731,6360
2022-02-10,San Diego,073,3302833,733107,720287,49080,769367,4854
2022-02-10,San Francisco,075,870044,119790,119113,8085,127198,740
2022-02-10,San Joaquin,077,732212,162556,161234,8871,170105,2014
2022-02-10,San Luis Obispo,079,281455,50703,50064,3580,53644,416
2022-02-10,San Mateo,081,765935,116847,115235,6739,121974,589
2022-02-10,Santa Barbara,083,443738,83446,83390,4684,88074,631
2022-02-10,Santa Clara,085,1922200,301188,298176,11845,310021,2093
2022-02-10,Santa Cruz,087,273765,45098,44447,1888,46335,239
2022-02-10,Shasta,089,179085,29654,29370,5957,35327,473
2022-02-10,Sierra,091,2930,271,268,39,307,0
2022-02-10,Siskiyou,093,43540,4290,4231,2617,6848,68
2022-02-10,Solano,095,438530,79165,77865,5368,83233,424
2022-02-10,Sonoma,097,501317,80781,79533,2309,81842,431
2022-02-10,Stanislaus,099,539301,115591,114531,16476,131007,1406
2022-02-10,Sutter,101,95872,20014,19800,1899,21699,211
2022-02-10,Tehama,103,63373,11716,11580,2551,14131,151
2022-02-10,Trinity,105,12862,1139,1115,278,1393,20
2022-02-10,Tulare,107,460477,101986,100434,27139,127573,1273
2022-02-10,Tuolumne,109,53932,12275,11754,534,12288,125
2022-02-10,Ventura,111,848112,169522,168736,9085,177821,1340
2022-02-10,Yolo,113,214977,35118,34773,3018,37791,286
2022-02-10,Yuba,115,75493,15362,15242,1138,16380,107
2022-02-09,Alameda,001,1643700,246672,241141,13204,254345,1668
2022-02-09,Alpine,003,1148,120,124,1,125,0
2022-02-09,Amador,005,37829,8179,8069,607,8676,76
2022-02-09,Butte,007,227075,31921,31433,6391,37824,359
2022-02-09,Calaveras,009,45235,7059,7005,327,7332,106
2022-02-09,Colusa,011,21464,3371,3331,1054,4385,21
2022-02-09,Contra Costa,013,1133247,182628,179695,12482,192177,1132
2022-02-09,Del Norte,015,27424,5368,5204,166,5370,45
2022-02-09,El Dorado,017,186661,26091,25572,3103,28675,186
2022-02-09,Fresno,019,978130,222374,218989,21314,240303,2502
2022-02-09,Glenn,021,27897,4862,4804,1532,6336,39
2022-02-09,Humboldt,023,135768,16188,15929,2734,18663,131
2022-02-09,Imperial,025,180216,54000,53102,10486,63588,858
2022-02-09,Inyo,027,18085,4005,3989,447,4436,52
2022-02-09,Kern,029,883053,187091,184068,44873,228941,2021
2022-02-09,Kings,031,150075,49831,48718,3484,52202,410
2022-02-09,Lake,033,64148,10062,9880,835,10715,124
2022-02-09,Lassen,035,31185,8542,8459,869,9328,55
2022-02-09,Los Angeles,037,10098052,2651971,2611611,120636,2732247,29263
2022-02-09,Madera,039,155013,36191,35559,5733,41292,330
2022-02-09,Marin,041,260295,32219,31965,2131,34096,255
2022-02-09,Mariposa,043,17540,2288,2279,186,2465,6
2022-02-09,Mendocino,045,87422,12591,12378,2726,15104,107
2022-02-09,Merced,047,269075,60464,59952,7972,67924,755
2022-02-09,Modoc,049,8938,706,691,231,922,6
2022-02-09,Mono,051,14174,2937,2937,117,3054,5
2022-02-09,Monterey,053,433212,76341,74500,12456,86956,670
2022-02-09,Napa,055,140530,24661,24429,913,25342,123
2022-02-09,Nevada,057,99092,15557,15446,1143,16589,119
2022-02-09,Orange,059,3164182,535803,534316,40108,574424,6263
2022-02-09,Placer,061,380077,61279,60490,7136,67626,553
2022-02-09,Plumas,063,18699,2669,2609,318,2927,13
2022-02-09,Riverside,065,2383286,580786,573907,27310,601217,5911
2022-02-09,Sacramento,067,1510023,268518,265624,25774,291398,2673
2022-02-09,San Benito,069,59416,12544,12492,502,12994,91
2022-02-09,San Bernardino,071,2135413,553512,547768,23880,571648,6349
2022-02-09,San Diego,073,3302833,731727,717896,48973,766869,4832
2022-02-09,San Francisco,075,870044,119539,118550,8073,126623,731
2022-02-09,San Joaquin,077,732212,162253,160618,8862,169480,2014
2022-02-09,San Luis Obispo,079,281455,50562,49833,3575,53408,414
2022-02-09,San Mateo,081,765935,116659,114890,6698,121588,589
2022-02-09,Santa Barbara,083,443738,83270,82830,4678,87508,629
2022-02-09,Santa Clara,085,1922200,300444,297157,11787,308944,2090
2022-02-09,Santa Cruz,087,273765,44914,44200,1881,46081,239
2022-02-09,Shasta,089,179085,29584,29215,5936,35151,471
2022-02-09,Sierra,091,2930,270,268,39,307,0
2022-02-09,Siskiyou,093,43540,4276,4217,2610,6827,68
2022-02-09,Solano,095,438530,78961,77299,5356,82655,423
2022-02-09,Sonoma,097,501317,80606,79165,2303,81468,431
2022-02-09,Stanislaus,099,539301,115340,114039,16365,130404,1406
2022-02-09,Sutter,101,95872,19972,19758,1886,21644,207
2022-02-09,Tehama,103,63373,11691,11542,2547,14089,149
2022-02-09,Trinity,105,12862,1135,1110,277,1387,20
2022-02-09,Tulare,107,460477,101769,100049,27047,127096,1271
2022-02-09,Tuolumne,109,53932,12237,11702,531,12233,95
2022-02-09,Ventura,111,848112,169286,168253,9073,177326,1325
2022-02-09,Yolo,113,214977,35046,34588,3003,37591,285
2022-02-09,Yuba,115,75493,15332,15187,1126,16313,105
2022-02-08,Alameda,001,1643700,246039,240587,13132,253719,1651
2022-02-08,Alpine,003,1148,120,124,1,125,0
2022-02-08,Amador,005,37829,8171,8050,600,8650,76
2022-02-08,Butte,007,227075,31835,31353,6366,37719,359
2022-02-08,Calaveras,009,45235,7043,6981,325,7306,101
2022-02-08,Colusa,011,21464,3362,3320,1054,4374,21
2022-02-08,Contra Costa,013,1133247,182199,179078,12405,191483,1132
2022-02-08,Del Norte,015,27424,5339,5156,161,5317,44
2022-02-08,El Dorado,017,186661,26044,25446,3093,28539,186
2022-02-08,Fresno,019,978130,221648,218416,21210,239626,2502
2022-02-08,Glenn,021,27897,4845,4784,1528,6312,39
2022-02-08,Humboldt,023,135768,16128,15865,2701,18566,130
2022-02-08,Imperial,025,180216,53873,52977,10437,63414,855
2022-02-08,Inyo,027,18085,4000,3983,447,4430,52
2022-02-08,Kern,029,883053,186765,183519,44738,228257,2010
2022-02-08,Kings,031,150075,49683,48479,3472,51951,411
2022-02-08,Lake,033,64148,10030,9806,828,10634,125
2022-02-08,Lassen,035,31185,8532,8423,865,9288,55
2022-02-08,Los Angeles,037,10098052,2647678,2611204,120441,2731645,29259
2022-02-08,Madera,039,155013,36083,35381,5674,41055,330
2022-02-08,Marin,041,260295,32143,31878,2125,34003,255
2022-02-08,Mariposa,043,17540,2286,2266,178,2444,6
2022-02-08,Mendocino,045,87422,12558,12336,2696,15032,107
2022-02-08,Merced,047,269075,60354,59789,7914,67703,751
2022-02-08,Modoc,049,8938,702,684,231,915,6
2022-02-08,Mono,051,14174,2936,2932,117,3049,5
2022-02-08,Monterey,053,433212,76133,74316,12373,86689,670
2022-02-08,Napa,055,140530,24587,24346,906,25252,121
2022-02-08,Nevada,057,99092,15529,15383,1140,16523,117
2022-02-08,Orange,059,3164182,535115,533507,40023,573530,6205
2022-02-08,Placer,061,380077,61169,60301,7122,67423,553
2022-02-08,Plumas,063,18699,2658,2596,313,2909,13
2022-02-08,Riverside,065,2383286,579951,571892,27235,599127,5908
2022-02-08,Sacramento,067,1510023,267886,264479,25603,290082,2664
2022-02-08,San Benito,069,59416,12520,12434,500,12934,91
2022-02-08,San Bernardino,071,2135413,552830,544658,23842,568500,6335
2022-02-08,San Diego,073,3302833,730107,717896,48842,766738,4832
2022-02-08,San Francisco,075,870044,119226,117942,8065,126007,731
2022-02-08,San Joaquin,077,732212,161873,160147,8844,168991,2005
2022-02-08,San Luis Obispo,079,281455,50396,49556,3543,53099,410
2022-02-08,San Mateo,081,765935,116437,114541,6668,121209,589
2022-02-08,Santa Barbara,083,443738,83104,82461,4652,87113,627
2022-02-08,Santa Clara,085,1922200,299579,295679,11738,307417,2091
2022-02-08,Santa Cruz,087,273765,44758,43884,1876,45760,239
2022-02-08,Shasta,089,179085,29498,29084,5907,34991,470
2022-02-08,Sierra,091,2930,270,267,39,306,0
2022-02-08,Siskiyou,093,43540,4266,4191,2600,6791,68
2022-02-08,Solano,095,438530,78724,77031,5342,82373,421
2022-02-08,Sonoma,097,501317,80388,78798,2283,81081,431
2022-02-08,Stanislaus,099,539301,115080,113733,16288,130021,1406
2022-02-08,Sutter,101,95872,19934,19717,1874,21591,203
2022-02-08,Tehama,103,63373,11667,11491,2538,14029,149
2022-02-08,Trinity,105,12862,1129,1110,277,1387,20
2022-02-08,Tulare,107,460477,101479,99694,26916,126610,1267
2022-02-08,Tuolumne,109,53932,12214,11665,529,12194,92
2022-02-08,Ventura,111,848112,169055,167830,9057,176887,1325
2022-02-08,Yolo,113,214977,34965,34462,2992,37454,281
2022-02-08,Yuba,115,75493,15287,15126,1104,16230,107
2022-02-07,Alameda,001,1643700,245338,238678,13069,251747,1643
2022-02-07,Alpine,003,1148,120,124,1,125,0
2022-02-07,Amador,005,37829,8143,7980,592,8572,75
2022-02-07,Butte,007,227075,31748,31184,6339,37523,355
2022-02-07,Calaveras,009,45235,7021,6910,324,7234,100
2022-02-07,Colusa,011,21464,3352,3283,1047,4330,21
2022-02-07,Contra Costa,013,1133247,181739,177767,12336,190103,1130
2022-02-07,Del Norte,015,27424,5298,5093,156,5249,44
2022-02-07,El Dorado,017,186661,25983,25257,3081,28338,185
2022-02-07,Fresno,019,978130,220803,216495,21082,237577,2493
2022-02-07,Glenn,021,27897,4839,4762,1524,6286,39
2022-02-07,Humboldt,023,135768,16054,15764,2676,18440,129
2022-02-07,Imperial,025,180216,53763,52689,10365,63054,853
2022-02-07,Inyo,027,18085,3995,3976,441,4417,51
2022-02-07,Kern,029,883053,186302,182047,44562,226609,1998
2022-02-07,Kings,031,150075,49500,48147,3456,51603,403
2022-02-07,Lake,033,64148,9984,9519,819,10338,125
2022-02-07,Lassen,035,31185,8514,8362,859,9221,55
2022-02-07,Los Angeles,037,10098052,2643243,2607438,120226,2727664,29210
2022-02-07,Madera,039,155013,35957,35083,5625,40708,330
2022-02-07,Marin,041,260295,32074,31670,2114,33784,255
2022-02-07,Mariposa,043,17540,2281,2253,174,2427,6
2022-02-07,Mendocino,045,87422,12500,12237,2658,14895,107
2022-02-07,Merced,047,269075,60230,59472,7823,67295,748
2022-02-07,Modoc,049,8938,698,679,231,910,6
2022-02-07,Mono,051,14174,2934,2917,117,3034,5
2022-02-07,Monterey,053,433212,75874,69433,12273,81706,670
2022-02-07,Napa,055,140530,24502,23237,896,24133,120
2022-02-07,Nevada,057,99092,15493,15268,1134,16402,113
2022-02-07,Orange,059,3164182,534352,531442,39940,571382,6179
2022-02-07,Placer,061,380077,61044,59894,7106,67000,546
2022-02-07,Plumas,063,18699,2649,2573,305,2878,13
2022-02-07,Riverside,065,2383286,579000,568874,27149,596023,5868
2022-02-07,Sacramento,067,1510023,267230,262834,25427,288261,2631
2022-02-07,San Benito,069,59416,12483,12285,498,12783,90
2022-02-07,San Bernardino,071,2135413,552041,542846,23806,566652,6335
2022-02-07,San Diego,073,3302833,728363,716244,48656,764900,4811
2022-02-07,San Francisco,075,870044,118891,113945,8040,121985,727
2022-02-07,San Joaquin,077,732212,161485,159358,8825,168183,1998
2022-02-07,San Luis Obispo,079,281455,50232,48994,3522,52516,406
2022-02-07,San Mateo,081,765935,116152,107060,6638,113698,589
2022-02-07,Santa Barbara,083,443738,82917,81608,4637,86245,624
2022-02-07,Santa Clara,085,1922200,298618,293360,11690,305050,2085
2022-02-07,Santa Cruz,087,273765,44542,43244,1872,45116,239
2022-02-07,Shasta,089,179085,29410,28900,5880,34780,468
2022-02-07,Sierra,091,2930,270,265,39,304,0
2022-02-07,Siskiyou,093,43540,4255,4157,2584,6741,68
2022-02-07,Solano,095,438530,78453,73934,5315,79249,420
2022-02-07,Sonoma,097,501317,80125,78296,2276,80572,431
2022-02-07,Stanislaus,099,539301,114816,113029,16193,129222,1406
2022-02-07,Sutter,101,95872,19902,19599,1846,21445,203
2022-02-07,Tehama,103,63373,11629,11418,2530,13948,146
2022-02-07,Trinity,105,12862,1125,1109,274,1383,20
2022-02-07,Tulare,107,460477,101143,98774,26783,125557,1263
2022-02-07,Tuolumne,109,53932,12166,11578,525,12103,92
2022-02-07,Ventura,111,848112,168738,166904,9044,175948,1324
2022-02-07,Yolo,113,214977,34856,34007,2977,36984,281
2022-02-07,Yuba,115,75493,15241,14998,1097,16095,105
2022-02-06,Alameda,001,1643700,244430,237188,12986,250174,1643
2022-02-06,Alpine,003,1148,120,123,1,124,0
2022-02-06,Amador,005,37829,8114,7922,580,8502,73
2022-02-06,Butte,007,227075,31621,31021,6294,37315,355
2022-02-06,Calaveras,009,45235,6994,6870,319,7189,99
2022-02-06,Colusa,011,21464,3343,3282,1046,4328,21
2022-02-06,Contra Costa,013,1133247,181106,176863,12181,189044,1128
2022-02-06,Del Norte,015,27424,5239,5038,154,5192,44
2022-02-06,El Dorado,017,186661,25918,25165,3069,28234,185
2022-02-06,Fresno,019,978130,219979,214726,20828,235554,2489
2022-02-06,Glenn,021,27897,4826,4738,1513,6251,39
2022-02-06,Humboldt,023,135768,15965,15658,2637,18295,128
2022-02-06,Imperial,025,180216,53569,52396,10313,62709,853
2022-02-06,Inyo,027,18085,3993,3970,438,4408,51
2022-02-06,Kern,029,883053,185758,181188,44317,225505,1996
2022-02-06,Kings,031,150075,49287,47669,3429,51098,401
2022-02-06,Lake,033,64148,9918,9468,802,10270,125
2022-02-06,Lassen,035,31185,8495,8326,854,9180,55
2022-02-06,Los Angeles,037,10098052,2637761,2602620,119944,2722564,29180
2022-02-06,Madera,039,155013,35764,34901,5524,40425,330
2022-02-06,Marin,041,260295,31975,31488,2101,33589,255
2022-02-06,Mariposa,043,17540,2273,2244,163,2407,6
2022-02-06,Mendocino,045,87422,12456,12169,2591,14760,107
2022-02-06,Merced,047,269075,60015,59112,7664,66776,748
2022-02-06,Modoc,049,8938,693,675,230,905,6
2022-02-06,Mono,051,14174,2929,2901,115,3016,5
2022-02-06,Monterey,053,433212,75506,67912,12120,80032,670
2022-02-06,Napa,055,140530,24385,23230,888,24118,120
2022-02-06,Nevada,057,99092,15427,15192,1121,16313,113
2022-02-06,Orange,059,3164182,533397,527906,39833,567739,6171
2022-02-06,Placer,061,380077,60869,59507,7081,66588,544
2022-02-06,Plumas,063,18699,2638,2559,297,2856,13
2022-02-06,Riverside,065,2383286,577848,568276,27069,595345,5865
2022-02-06,Sacramento,067,1510023,266394,261353,25166,286519,2631
2022-02-06,San Benito,069,59416,12428,12186,490,12676,90
2022-02-06,San Bernardino,071,2135413,551101,541103,23743,564846,6334
2022-02-06,San Diego,073,3302833,726270,709938,48415,758353,4786
2022-02-06,San Francisco,075,870044,118509,113115,8013,121128,728
2022-02-06,San Joaquin,077,732212,160920,158510,8797,167307,1997
2022-02-06,San Luis Obispo,079,281455,50008,48843,3464,52307,405
2022-02-06,San Mateo,081,765935,115813,105556,6598,112154,587
2022-02-06,Santa Barbara,083,443738,82604,81118,4598,85716,623
2022-02-06,Santa Clara,085,1922200,297481,291732,11569,303301,2075
2022-02-06,Santa Cruz,087,273765,44222,42952,1859,44811,239
2022-02-06,Shasta,089,179085,29282,28762,5830,34592,468
2022-02-06,Sierra,091,2930,270,265,39,304,0
2022-02-06,Siskiyou,093,43540,4234,4118,2558,6676,68
2022-02-06,Solano,095,438530,78143,73475,5275,78750,419
2022-02-06,Sonoma,097,501317,79785,77887,2263,80150,431
2022-02-06,Stanislaus,099,539301,114415,112521,16050,128571,1406
2022-02-06,Sutter,101,95872,19858,19523,1803,21326,203
2022-02-06,Tehama,103,63373,11592,11366,2509,13875,146
2022-02-06,Trinity,105,12862,1124,1102,273,1375,20
2022-02-06,Tulare,107,460477,100720,98260,26599,124859,1262
2022-02-06,Tuolumne,109,53932,12115,11507,507,12014,92
2022-02-06,Ventura,111,848112,168361,166235,9033,175268,1323
2022-02-06,Yolo,113,214977,34718,33784,2958,36742,281
2022-02-06,Yuba,115,75493,15194,14917,1088,16005,104
2022-02-05,Alameda,001,1643700,244017,235698,12977,248675,1638
2022-02-05,Alpine,003,1148,120,124,1,125,0
2022-02-05,Amador,005,37829,8105,7855,578,8433,71
2022-02-05,Butte,007,227075,31568,30733,6280,37013,355
2022-02-05,Calaveras,009,45235,6978,6789,319,7108,99
2022-02-05,Colusa,011,21464,3336,3234,1044,4278,21
2022-02-05,Contra Costa,013,1133247,180827,175871,12165,188036,1115
2022-02-05,Del Norte,015,27424,5199,4978,153,5131,44
2022-02-05,El Dorado,017,186661,25888,24813,3068,27881,185
2022-02-05,Fresno,019,978130,219641,213539,20812,234351,2477
2022-02-05,Glenn,021,27897,4823,4691,1506,6197,39
2022-02-05,Humboldt,023,135768,15918,15514,2633,18147,127
2022-02-05,Imperial,025,180216,53506,52153,10300,62453,853
2022-02-05,Inyo,027,18085,3990,3948,438,4386,51
2022-02-05,Kern,029,883053,185549,180296,44212,224508,1987
2022-02-05,Kings,031,150075,49207,47538,3422,50960,402
2022-02-05,Lake,033,64148,9900,9289,796,10085,124
2022-02-05,Lassen,035,31185,8485,8288,852,9140,55
2022-02-05,Los Angeles,037,10098052,2635606,2572702,119816,2692518,28947
2022-02-05,Madera,039,155013,35710,34471,5509,39980,329
2022-02-05,Marin,041,260295,31927,31299,2097,33396,255
2022-02-05,Mariposa,043,17540,2272,2222,162,2384,6
2022-02-05,Mendocino,045,87422,12428,12066,2589,14655,107
2022-02-05,Merced,047,269075,59922,58908,7656,66564,744
2022-02-05,Modoc,049,8938,692,664,230,894,6
2022-02-05,Mono,051,14174,2928,2904,115,3019,5
2022-02-05,Monterey,053,433212,75390,67342,12083,79425,666
2022-02-05,Napa,055,140530,24330,22973,887,23860,118
2022-02-05,Nevada,057,99092,15406,15002,1116,16118,113
2022-02-05,Orange,059,3164182,532952,527516,39742,567258,6134
2022-02-05,Placer,061,380077,60740,59043,7068,66111,533
2022-02-05,Plumas,063,18699,2637,2550,296,2846,13
2022-02-05,Riverside,065,2383286,577246,563991,26999,590990,5827
2022-02-05,Sacramento,067,1510023,266004,259437,25130,284567,2610
2022-02-05,San Benito,069,59416,12383,12142,490,12632,90
2022-02-05,San Bernardino,071,2135413,550600,539312,23720,563032,6322
2022-02-05,San Diego,073,3302833,725407,703957,48355,752312,4735
2022-02-05,San Francisco,075,870044,118299,112481,7984,120465,720
2022-02-05,San Joaquin,077,732212,160734,157420,8792,166212,1989
2022-02-05,San Luis Obispo,079,281455,49972,48361,3462,51823,404
2022-02-05,San Mateo,081,765935,115624,104810,6590,111400,587
2022-02-05,Santa Barbara,083,443738,82441,80478,4586,85064,617
2022-02-05,Santa Clara,085,1922200,296811,289262,11553,300815,2067
2022-02-05,Santa Cruz,087,273765,44149,42553,1856,44409,239
2022-02-05,Shasta,089,179085,29240,28604,5820,34424,466
2022-02-05,Sierra,091,2930,270,262,39,301,0
2022-02-05,Siskiyou,093,43540,4227,4106,2545,6651,67
2022-02-05,Solano,095,438530,78068,73112,5267,78379,415
2022-02-05,Sonoma,097,501317,79619,77213,2260,79473,431
2022-02-05,Stanislaus,099,539301,114211,111783,16029,127812,1406
2022-02-05,Sutter,101,95872,19829,19406,1797,21203,203
2022-02-05,Tehama,103,63373,11573,11259,2503,13762,146
2022-02-05,Trinity,105,12862,1122,1085,273,1358,20
2022-02-05,Tulare,107,460477,100557,97414,26516,123930,1254
2022-02-05,Tuolumne,109,53932,12090,11409,504,11913,91
2022-02-05,Ventura,111,848112,168135,165532,9017,174549,1308
2022-02-05,Yolo,113,214977,34635,33614,2945,36559,281
2022-02-05,Yuba,115,75493,15164,14801,1080,15881,105
2022-02-04,Alameda,001,1643700,243532,235698,12968,248666,1638
2022-02-04,Alpine,003,1148,120,124,1,125,0
2022-02-04,Amador,005,37829,8089,7855,574,8429,71
2022-02-04,Butte,007,227075,31508,30733,6270,37003,355
2022-02-04,Calaveras,009,45235,6968,6789,317,7106,99
2022-02-04,Colusa,011,21464,3331,3234,1042,4276,21
2022-02-04,Contra Costa,013,1133247,180499,175871,12136,188007,1115
2022-02-04,Del Norte,015,27424,5176,4978,153,5131,44
2022-02-04,El Dorado,017,186661,25853,24813,3063,27876,185
2022-02-04,Fresno,019,978130,219162,213539,20785,234324,2477
2022-02-04,Glenn,021,27897,4814,4691,1503,6194,39
2022-02-04,Humboldt,023,135768,15892,15514,2630,18144,127
2022-02-04,Imperial,025,180216,53432,52153,10283,62436,853
2022-02-04,Inyo,027,18085,3987,3948,437,4385,51
2022-02-04,Kern,029,883053,185325,180296,44083,224379,1987
2022-02-04,Kings,031,150075,49125,47538,3415,50953,402
2022-02-04,Lake,033,64148,9877,9289,793,10082,124
2022-02-04,Lassen,035,31185,8462,8288,852,9140,55
2022-02-04,Los Angeles,037,10098052,2632780,2572702,119692,2692394,28947
2022-02-04,Madera,039,155013,35624,34471,5501,39972,329
2022-02-04,Marin,041,260295,31862,31299,2088,33387,255
2022-02-04,Mariposa,043,17540,2270,2222,160,2382,6
2022-02-04,Mendocino,045,87422,12398,12066,2587,14653,107
2022-02-04,Merced,047,269075,59843,58908,7645,66553,744
2022-02-04,Modoc,049,8938,692,664,230,894,6
2022-02-04,Mono,051,14174,2926,2904,115,3019,5
2022-02-04,Monterey,053,433212,75207,67342,12053,79395,666
2022-02-04,Napa,055,140530,24283,22973,883,23856,118
2022-02-04,Nevada,057,99092,15372,15002,1112,16114,113
2022-02-04,Orange,059,3164182,532403,527516,39683,567199,6134
2022-02-04,Placer,061,380077,60635,59043,7059,66102,533
2022-02-04,Plumas,063,18699,2631,2550,295,2845,13
2022-02-04,Riverside,065,2383286,576539,563991,26985,590976,5827
2022-02-04,Sacramento,067,1510023,265530,259437,25106,284543,2610
2022-02-04,San Benito,069,59416,12364,12142,488,12630,90
2022-02-04,San Bernardino,071,2135413,550028,539312,23703,563015,6322
2022-02-04,San Diego,073,3302833,724281,703957,48299,752256,4735
2022-02-04,San Francisco,075,870044,118056,112481,7959,120440,720
2022-02-04,San Joaquin,077,732212,160505,157420,8784,166204,1989
2022-02-04,San Luis Obispo,079,281455,49911,48361,3455,51816,404
2022-02-04,San Mateo,081,765935,115394,104810,6575,111385,587
2022-02-04,Santa Barbara,083,443738,82291,80478,4585,85063,617
2022-02-04,Santa Clara,085,1922200,296132,289262,11532,300794,2067
2022-02-04,Santa Cruz,087,273765,43947,42553,1853,44406,239
2022-02-04,Shasta,089,179085,29191,28604,5809,34413,466
2022-02-04,Sierra,091,2930,270,262,39,301,0
2022-02-04,Siskiyou,093,43540,4219,4106,2538,6644,67
2022-02-04,Solano,095,438530,77864,73112,5231,78343,415
2022-02-04,Sonoma,097,501317,79464,77213,2188,79401,431
2022-02-04,Stanislaus,099,539301,114027,111783,16004,127787,1406
2022-02-04,Sutter,101,95872,19805,19406,1790,21196,203
2022-02-04,Tehama,103,63373,11559,11259,2502,13761,146
2022-02-04,Trinity,105,12862,1121,1085,272,1357,20
2022-02-04,Tulare,107,460477,100380,97414,26435,123849,1254
2022-02-04,Tuolumne,109,53932,12076,11409,503,11912,91
2022-02-04,Ventura,111,848112,167866,165532,9009,174541,1308
2022-02-04,Yolo,113,214977,34541,33614,2939,36553,281
2022-02-04,Yuba,115,75493,15145,14801,1080,15881,105
2022-02-03,Alameda,001,1643700,242761,235698,12909,248607,1638
2022-02-03,Alpine,003,1148,120,124,1,125,0
2022-02-03,Amador,005,37829,8069,7855,569,8424,71
2022-02-03,Butte,007,227075,31399,30733,6243,36976,355
2022-02-03,Calaveras,009,45235,6937,6789,313,7102,99
2022-02-03,Colusa,011,21464,3318,3234,1039,4273,21
2022-02-03,Contra Costa,013,1133247,179892,175871,12035,187906,1115
2022-02-03,Del Norte,015,27424,5132,4978,151,5129,44
2022-02-03,El Dorado,017,186661,25780,24813,3058,27871,185
2022-02-03,Fresno,019,978130,218220,213539,20622,234161,2477
2022-02-03,Glenn,021,27897,4796,4691,1485,6176,39
2022-02-03,Humboldt,023,135768,15816,15514,2593,18107,127
2022-02-03,Imperial,025,180216,53287,52153,10232,62385,853
2022-02-03,Inyo,027,18085,3984,3948,433,4381,51
2022-02-03,Kern,029,883053,184864,180296,43868,224164,1987
2022-02-03,Kings,031,150075,48961,47538,3406,50944,402
2022-02-03,Lake,033,64148,9823,9289,787,10076,124
2022-02-03,Lassen,035,31185,8434,8288,851,9139,55
2022-02-03,Los Angeles,037,10098052,2627151,2572702,119421,2692123,28947
2022-02-03,Madera,039,155013,35483,34471,5456,39927,329
2022-02-03,Marin,041,260295,31765,31299,2083,33382,255
2022-02-03,Mariposa,043,17540,2258,2222,157,2379,6
2022-02-03,Mendocino,045,87422,12353,12066,2563,14629,107
2022-02-03,Merced,047,269075,59693,58908,7549,66457,744
2022-02-03,Modoc,049,8938,689,664,230,894,6
2022-02-03,Mono,051,14174,2921,2904,114,3018,5
2022-02-03,Monterey,053,433212,74922,67342,11869,79211,666
2022-02-03,Napa,055,140530,24149,22973,883,23856,118
2022-02-03,Nevada,057,99092,15332,15002,1101,16103,113
2022-02-03,Orange,059,3164182,531476,527516,39589,567105,6134
2022-02-03,Placer,061,380077,60433,59043,7037,66080,533
2022-02-03,Plumas,063,18699,2617,2550,292,2842,13
2022-02-03,Riverside,065,2383286,575323,563991,26915,590906,5827
2022-02-03,Sacramento,067,1510023,264644,259437,24913,284350,2610
2022-02-03,San Benito,069,59416,12337,12142,485,12627,90
2022-02-03,San Bernardino,071,2135413,549029,539312,23666,562978,6322
2022-02-03,San Diego,073,3302833,722300,703957,48129,752086,4735
2022-02-03,San Francisco,075,870044,117722,112481,7928,120409,720
2022-02-03,San Joaquin,077,732212,160021,157420,8758,166178,1989
2022-02-03,San Luis Obispo,079,281455,49713,48361,3438,51799,404
2022-02-03,San Mateo,081,765935,115039,104810,6541,111351,587
2022-02-03,Santa Barbara,083,443738,81935,80478,4556,85034,617
2022-02-03,Santa Clara,085,1922200,294932,289262,11424,300686,2067
2022-02-03,Santa Cruz,087,273765,43602,42553,1846,44399,239
2022-02-03,Shasta,089,179085,29084,28604,5780,34384,466
2022-02-03,Sierra,091,2930,270,262,39,301,0
2022-02-03,Siskiyou,093,43540,4204,4106,2521,6627,67
2022-02-03,Solano,095,438530,77524,73112,5213,78325,415
2022-02-03,Sonoma,097,501317,79165,77213,2182,79395,431
2022-02-03,Stanislaus,099,539301,113657,111783,15923,127706,1406
2022-02-03,Sutter,101,95872,19753,19406,1781,21187,203
2022-02-03,Tehama,103,63373,11528,11259,2493,13752,146
2022-02-03,Trinity,105,12862,1120,1085,271,1356,20
2022-02-03,Tulare,107,460477,99990,97414,26287,123701,1254
2022-02-03,Tuolumne,109,53932,12035,11409,492,11901,91
2022-02-03,Ventura,111,848112,167479,165532,8999,174531,1308
2022-02-03,Yolo,113,214977,34433,33614,2925,36539,281
2022-02-03,Yuba,115,75493,15093,14801,1065,15866,105
2022-02-02,Alameda,001,1643700,241815,234300,12808,247108,1632
2022-02-02,Alpine,003,1148,120,123,1,124,0
2022-02-02,Amador,005,37829,8039,7781,559,8340,71
2022-02-02,Butte,007,227075,31290,30550,6211,36761,355
2022-02-02,Calaveras,009,45235,6908,6753,309,7062,99
2022-02-02,Colusa,011,21464,3303,3211,1038,4249,21
2022-02-02,Contra Costa,013,1133247,179289,174876,11936,186812,1113
2022-02-02,Del Norte,015,27424,5088,4924,146,5070,44
2022-02-02,El Dorado,017,186661,25710,24690,3039,27729,185
2022-02-02,Fresno,019,978130,217192,211976,20509,232485,2463
2022-02-02,Glenn,021,27897,4772,4667,1478,6145,39
2022-02-02,Humboldt,023,135768,15755,15392,2554,17946,127
2022-02-02,Imperial,025,180216,53084,51875,10090,61965,853
2022-02-02,Inyo,027,18085,3978,3944,432,4376,51
2022-02-02,Kern,029,883053,184263,179386,43649,223035,1974
2022-02-02,Kings,031,150075,48774,47061,3380,50441,401
2022-02-02,Lake,033,64148,9763,9235,780,10015,120
2022-02-02,Lassen,035,31185,8417,8258,842,9100,55
2022-02-02,Los Angeles,037,10098052,2620672,2561902,119032,2680934,28850
2022-02-02,Madera,039,155013,35305,34265,5382,39647,329
2022-02-02,Marin,041,260295,31666,31149,2072,33221,255
2022-02-02,Mariposa,043,17540,2247,2215,153,2368,6
2022-02-02,Mendocino,045,87422,12300,11996,2524,14520,105
2022-02-02,Merced,047,269075,59519,58532,7462,65994,744
2022-02-02,Modoc,049,8938,683,662,230,892,6
2022-02-02,Mono,051,14174,2910,2887,114,3001,5
2022-02-02,Monterey,053,433212,74543,66852,11705,78557,666
2022-02-02,Napa,055,140530,24028,22859,869,23728,117
2022-02-02,Nevada,057,99092,15275,14895,1077,15972,112
2022-02-02,Orange,059,3164182,530415,524418,39499,563917,6127
2022-02-02,Placer,061,380077,60236,58654,7007,65661,533
2022-02-02,Plumas,063,18699,2601,2540,288,2828,12
2022-02-02,Riverside,065,2383286,574025,561220,26867,588087,5827
2022-02-02,Sacramento,067,1510023,263697,258078,24702,282780,2602
2022-02-02,San Benito,069,59416,12299,12058,481,12539,90
2022-02-02,San Bernardino,071,2135413,548050,537485,23604,561089,6317
2022-02-02,San Diego,073,3302833,720068,703957,47954,751911,4735
2022-02-02,San Francisco,075,870044,117351,112008,7913,119921,714
2022-02-02,San Joaquin,077,732212,159431,156537,8734,165271,1986
2022-02-02,San Luis Obispo,079,281455,49516,48119,3425,51544,403
2022-02-02,San Mateo,081,765935,114667,104201,6470,110671,587
2022-02-02,Santa Barbara,083,443738,81596,79979,4525,84504,612
2022-02-02,Santa Clara,085,1922200,293777,287443,11308,298751,2051
2022-02-02,Santa Cruz,087,273765,43323,42127,1835,43962,239
2022-02-02,Shasta,089,179085,28985,28429,5733,34162,465
2022-02-02,Sierra,091,2930,270,262,39,301,0
2022-02-02,Siskiyou,093,43540,4194,4078,2493,6571,67
2022-02-02,Solano,095,438530,77168,72711,5190,77901,414
2022-02-02,Sonoma,097,501317,78846,76681,2171,78852,431
2022-02-02,Stanislaus,099,539301,113259,111167,15792,126959,1403
2022-02-02,Sutter,101,95872,19688,19290,1751,21041,203
2022-02-02,Tehama,103,63373,11474,11193,2474,13667,146
2022-02-02,Trinity,105,12862,1117,1074,269,1343,20
2022-02-02,Tulare,107,460477,99607,96820,26122,122942,1249
2022-02-02,Tuolumne,109,53932,11957,11342,489,11831,91
2022-02-02,Ventura,111,848112,167082,164905,8980,173885,1292
2022-02-02,Yolo,113,214977,34311,33332,2903,36235,281
2022-02-02,Yuba,115,75493,15028,14720,1057,15777,104
2022-02-01,Alameda,001,1643700,240740,233782,12703,246485,1620
2022-02-01,Alpine,003,1148,120,123,1,124,0
2022-02-01,Amador,005,37829,7993,7783,553,8336,73
2022-02-01,Butte,007,227075,31152,30496,6172,36668,355
2022-02-01,Calaveras,009,45235,6871,6749,305,7054,98
2022-02-01,Colusa,011,21464,3284,3202,1015,4217,21
2022-02-01,Contra Costa,013,1133247,178551,174379,11793,186172,1115
2022-02-01,Del Norte,015,27424,5040,4907,143,5050,44
2022-02-01,El Dorado,017,186661,25650,24664,3021,27685,184
2022-02-01,Fresno,019,978130,216047,211352,20361,231713,2464
2022-02-01,Glenn,021,27897,4758,4649,1468,6117,39
2022-02-01,Humboldt,023,135768,15672,15354,2524,17878,127
2022-02-01,Imperial,025,180216,52877,51675,10018,61693,846
2022-02-01,Inyo,027,18085,3968,3928,429,4357,51
2022-02-01,Kern,029,883053,183635,178987,43402,222389,1967
2022-02-01,Kings,031,150075,48520,46959,3356,50315,400
2022-02-01,Lake,033,64148,9707,9211,773,9984,119
2022-02-01,Lassen,035,31185,8398,8231,837,9068,55
2022-02-01,Los Angeles,037,10098052,2613301,2548794,118654,2667448,28752
2022-02-01,Madera,039,155013,35080,34124,5299,39423,329
2022-02-01,Marin,041,260295,31545,31099,2056,33155,255
2022-02-01,Mariposa,043,17540,2240,2210,152,2362,6
2022-02-01,Mendocino,045,87422,12237,11978,2488,14466,105
2022-02-01,Merced,047,269075,59335,58362,7338,65700,743
2022-02-01,Modoc,049,8938,676,664,230,894,6
2022-02-01,Mono,051,14174,2904,2888,114,3002,5
2022-02-01,Monterey,053,433212,74139,66553,11514,78067,665
2022-02-01,Napa,055,140530,23931,22795,852,23647,116
2022-02-01,Nevada,057,99092,15212,14863,1064,15927,112
2022-02-01,Orange,059,3164182,529269,523741,39359,563100,6108
2022-02-01,Placer,061,380077,59991,58486,6966,65452,532
2022-02-01,Plumas,063,18699,2586,2526,285,2811,12
2022-02-01,Riverside,065,2383286,572640,560010,26817,586827,5825
2022-02-01,Sacramento,067,1510023,262698,257504,24417,281921,2593
2022-02-01,San Benito,069,59416,12235,12053,478,12531,90
2022-02-01,San Bernardino,071,2135413,546843,536591,23541,560132,6311
2022-02-01,San Diego,073,3302833,717547,701009,47742,748751,4710
2022-02-01,San Francisco,075,870044,116882,111606,7894,119500,713
2022-02-01,San Joaquin,077,732212,158896,156300,8711,165011,1987
2022-02-01,San Luis Obispo,079,281455,49289,47842,3363,51205,403
2022-02-01,San Mateo,081,765935,114189,103868,6429,110297,589
2022-02-01,Santa Barbara,083,443738,81162,79659,4488,84147,608
2022-02-01,Santa Clara,085,1922200,292217,286109,11201,297310,2070
2022-02-01,Santa Cruz,087,273765,43028,41782,1821,43603,239
2022-02-01,Shasta,089,179085,28859,28382,5679,34061,465
2022-02-01,Sierra,091,2930,268,262,39,301,0
2022-02-01,Siskiyou,093,43540,4180,4072,2467,6539,66
2022-02-01,Solano,095,438530,76893,72494,5174,77668,415
2022-02-01,Sonoma,097,501317,78482,76379,2153,78532,431
2022-02-01,Stanislaus,099,539301,112844,110925,15695,126620,1403
2022-02-01,Sutter,101,95872,19620,19256,1718,20974,202
2022-02-01,Tehama,103,63373,11418,11165,2460,13625,146
2022-02-01,Trinity,105,12862,1113,1073,269,1342,19
2022-02-01,Tulare,107,460477,99146,96467,25915,122382,1247
2022-02-01,Tuolumne,109,53932,11907,11318,480,11798,91
2022-02-01,Ventura,111,848112,166587,164721,8957,173678,1293
2022-02-01,Yolo,113,214977,34174,33257,2874,36131,275
2022-02-01,Yuba,115,75493,14967,14693,1050,15743,103
2022-01-31,Alameda,001,1643700,239399,232743,12589,245332,1607
2022-01-31,Alpine,003,1148,119,123,1,124,0
2022-01-31,Amador,005,37829,7940,7682,538,8220,73
2022-01-31,Butte,007,227075,30989,30371,6134,36505,354
2022-01-31,Calaveras,009,45235,6839,6700,294,6994,96
2022-01-31,Colusa,011,21464,3272,3187,1006,4193,21
2022-01-31,Contra Costa,013,1133247,177742,173466,11666,185132,1115
2022-01-31,Del Norte,015,27424,5007,4879,138,5017,43
2022-01-31,El Dorado,017,186661,25547,24545,2991,27536,184
2022-01-31,Fresno,019,978130,214577,210589,20167,230756,2464
2022-01-31,Glenn,021,27897,4722,4641,1456,6097,39
2022-01-31,Humboldt,023,135768,15582,15308,2489,17797,126
2022-01-31,Imperial,025,180216,52671,51472,9895,61367,846
2022-01-31,Inyo,027,18085,3957,3922,423,4345,50
2022-01-31,Kern,029,883053,182878,178375,43073,221448,1967
2022-01-31,Kings,031,150075,48172,46845,3321,50166,398
2022-01-31,Lake,033,64148,9635,9141,761,9902,119
2022-01-31,Lassen,035,31185,8369,8162,831,8993,55
2022-01-31,Los Angeles,037,10098052,2604888,2541189,118233,2659422,28718
2022-01-31,Madera,039,155013,34865,33886,5206,39092,329
2022-01-31,Marin,041,260295,31420,31023,2039,33062,253
2022-01-31,Mariposa,043,17540,2230,2203,143,2346,6
2022-01-31,Mendocino,045,87422,12170,11896,2445,14341,104
2022-01-31,Merced,047,269075,59055,58198,7143,65341,740
2022-01-31,Modoc,049,8938,673,661,230,891,6
2022-01-31,Mono,051,14174,2889,2889,114,3003,5
2022-01-31,Monterey,053,433212,73711,66117,11306,77423,661
2022-01-31,Napa,055,140530,23765,22707,836,23543,113
2022-01-31,Nevada,057,99092,15134,14813,1051,15864,112
2022-01-31,Orange,059,3164182,527946,522358,39224,561582,6098
2022-01-31,Placer,061,380077,59743,58252,6935,65187,523
2022-01-31,Plumas,063,18699,2579,2513,283,2796,12
2022-01-31,Riverside,065,2383286,570822,558166,26749,584915,5785
2022-01-31,Sacramento,067,1510023,261473,256594,24138,280732,2571
2022-01-31,San Benito,069,59416,12176,11976,477,12453,90
2022-01-31,San Bernardino,071,2135413,545221,535276,23461,558737,6302
2022-01-31,San Diego,073,3302833,714629,698571,47496,746067,4686
2022-01-31,San Francisco,075,870044,116471,111119,7861,118980,712
2022-01-31,San Joaquin,077,732212,158136,155736,8680,164416,1985
2022-01-31,San Luis Obispo,079,281455,49035,47656,3304,50960,395
2022-01-31,San Mateo,081,765935,113673,103313,6370,109683,589
2022-01-31,Santa Barbara,083,443738,80660,79267,4445,83712,606
2022-01-31,Santa Clara,085,1922200,290519,284562,11095,295657,2041
2022-01-31,Santa Cruz,087,273765,42655,41630,1817,43447,239
2022-01-31,Shasta,089,179085,28729,28190,5637,33827,462
2022-01-31,Sierra,091,2930,267,261,39,300,0
2022-01-31,Siskiyou,093,43540,4164,4054,2451,6505,66
2022-01-31,Solano,095,438530,76157,72258,5127,77385,414
2022-01-31,Sonoma,097,501317,78026,76199,2127,78326,431
2022-01-31,Stanislaus,099,539301,112311,110493,15531,126024,1403
2022-01-31,Sutter,101,95872,19541,19189,1672,20861,202
2022-01-31,Tehama,103,63373,11355,11112,2430,13542,145
2022-01-31,Trinity,105,12862,1108,1071,266,1337,19
2022-01-31,Tulare,107,460477,98560,96053,25669,121722,1245
2022-01-31,Tuolumne,109,53932,11813,11278,473,11751,91
2022-01-31,Ventura,111,848112,166051,164060,8933,172993,1286
2022-01-31,Yolo,113,214977,34021,33175,2848,36023,274
2022-01-31,Yuba,115,75493,14905,14652,1029,15681,103
2022-01-30,Alameda,001,1643700,237878,231838,12438,244276,1607
2022-01-30,Alpine,003,1148,119,123,1,124,0
2022-01-30,Amador,005,37829,7889,7644,515,8159,73
2022-01-30,Butte,007,227075,30790,30255,6072,36327,354
2022-01-30,Calaveras,009,45235,6785,6676,280,6956,96
2022-01-30,Colusa,011,21464,3250,3168,994,4162,21
2022-01-30,Contra Costa,013,1133247,176775,172902,11462,184364,1102
2022-01-30,Del Norte,015,27424,4963,4833,134,4967,43
2022-01-30,El Dorado,017,186661,25423,24491,2965,27456,184
2022-01-30,Fresno,019,978130,213027,209645,19914,229559,2463
2022-01-30,Glenn,021,27897,4691,4619,1446,6065,39
2022-01-30,Humboldt,023,135768,15469,15247,2429,17676,126
2022-01-30,Imperial,025,180216,52369,51415,9704,61119,846
2022-01-30,Inyo,027,18085,3940,3921,420,4341,50
2022-01-30,Kern,029,883053,182037,177924,42750,220674,1967
2022-01-30,Kings,031,150075,47836,46654,3258,49912,398
2022-01-30,Lake,033,64148,9549,9080,740,9820,119
2022-01-30,Lassen,035,31185,8346,8158,822,8980,55
2022-01-30,Los Angeles,037,10098052,2594558,2530739,117737,2648476,28678
2022-01-30,Madera,039,155013,34566,33752,5012,38764,329
2022-01-30,Marin,041,260295,31274,30875,2025,32900,253
2022-01-30,Mariposa,043,17540,2218,2177,137,2314,6
2022-01-30,Mendocino,045,87422,12097,11860,2340,14200,104
2022-01-30,Merced,047,269075,58696,58006,6849,64855,740
2022-01-30,Modoc,049,8938,670,661,230,891,6
2022-01-30,Mono,051,14174,2883,2888,114,3002,5
2022-01-30,Monterey,053,433212,73133,65996,11031,77027,661
2022-01-30,Napa,055,140530,23598,22588,819,23407,114
2022-01-30,Nevada,057,99092,15046,14741,1034,15775,112
2022-01-30,Orange,059,3164182,526311,521334,39077,560411,6098
2022-01-30,Placer,061,380077,59410,58030,6899,64929,523
2022-01-30,Plumas,063,18699,2564,2510,269,2779,12
2022-01-30,Riverside,065,2383286,568764,557088,26649,583737,5767
2022-01-30,Sacramento,067,1510023,260099,255715,23642,279357,2572
2022-01-30,San Benito,069,59416,12108,11945,472,12417,90
2022-01-30,San Bernardino,071,2135413,543534,534050,23361,557411,6302
2022-01-30,San Diego,073,3302833,711047,687145,47077,734222,4665
2022-01-30,San Francisco,075,870044,115918,110772,7826,118598,712
2022-01-30,San Joaquin,077,732212,157146,155165,8644,163809,1985
2022-01-30,San Luis Obispo,079,281455,48637,47599,3268,50867,394
2022-01-30,San Mateo,081,765935,113099,102979,6321,109300,589
2022-01-30,Santa Barbara,083,443738,79988,79072,4382,83454,606
2022-01-30,Santa Clara,085,1922200,288514,282846,10963,293809,2035
2022-01-30,Santa Cruz,087,273765,42209,41330,1808,43138,239
2022-01-30,Shasta,089,179085,28566,28105,5550,33655,462
2022-01-30,Sierra,091,2930,267,261,39,300,0
2022-01-30,Siskiyou,093,43540,4134,4039,2404,6443,66
2022-01-30,Solano,095,438530,75630,71857,5079,76936,414
2022-01-30,Sonoma,097,501317,77506,75890,2107,77997,431
2022-01-30,Stanislaus,099,539301,111654,110111,15333,125444,1403
2022-01-30,Sutter,101,95872,19448,19108,1572,20680,202
2022-01-30,Tehama,103,63373,11281,11071,2399,13470,145
2022-01-30,Trinity,105,12862,1102,1068,266,1334,19
2022-01-30,Tulare,107,460477,97875,95676,25395,121071,1245
2022-01-30,Tuolumne,109,53932,11703,11242,436,11678,91
2022-01-30,Ventura,111,848112,165471,163521,8903,172424,1286
2022-01-30,Yolo,113,214977,33818,33043,2814,35857,274
2022-01-30,Yuba,115,75493,14815,14584,1009,15593,103
2022-01-29,Alameda,001,1643700,237201,225602,12421,238023,1605
2022-01-29,Alpine,003,1148,119,123,1,124,0
2022-01-29,Amador,005,37829,7867,7505,512,8017,73
2022-01-29,Butte,007,227075,30704,29557,6048,35605,353
2022-01-29,Calaveras,009,45235,6766,6484,280,6764,96
2022-01-29,Colusa,011,21464,3244,3107,990,4097,21
2022-01-29,Contra Costa,013,1133247,176247,168003,11432,179435,1101
2022-01-29,Del Norte,015,27424,4944,4589,130,4719,43
2022-01-29,El Dorado,017,186661,25378,24008,2958,26966,184
2022-01-29,Fresno,019,978130,212581,202691,19881,222572,2457
2022-01-29,Glenn,021,27897,4684,4516,1439,5955,39
2022-01-29,Humboldt,023,135768,15422,14812,2422,17234,126
2022-01-29,Imperial,025,180216,52252,50153,9645,59798,845
2022-01-29,Inyo,027,18085,3938,3895,412,4307,50
2022-01-29,Kern,029,883053,181701,174456,42582,217038,1962
2022-01-29,Kings,031,150075,47722,45047,3252,48299,397
2022-01-29,Lake,033,64148,9515,8747,736,9483,119
2022-01-29,Lassen,035,31185,8328,7961,819,8780,55
2022-01-29,Los Angeles,037,10098052,2590905,2473332,117464,2590796,28467
2022-01-29,Madera,039,155013,34456,32753,4987,37740,329
2022-01-29,Marin,041,260295,31208,30137,2023,32160,253
2022-01-29,Mariposa,043,17540,2216,2117,135,2252,6
2022-01-29,Mendocino,045,87422,12073,11591,2325,13916,104
2022-01-29,Merced,047,269075,58589,56472,6844,63316,735
2022-01-29,Modoc,049,8938,670,654,230,884,6
2022-01-29,Mono,051,14174,2881,2860,114,2974,5
2022-01-29,Monterey,053,433212,72981,64090,10981,75071,658
2022-01-29,Napa,055,140530,23541,22121,817,22938,113
2022-01-29,Nevada,057,99092,15011,14337,1031,15368,112
2022-01-29,Orange,059,3164182,525607,511255,38971,550226,6038
2022-01-29,Placer,061,380077,59216,56562,6882,63444,523
2022-01-29,Plumas,063,18699,2555,2463,265,2728,12
2022-01-29,Riverside,065,2383286,567745,548121,26607,574728,5726
2022-01-29,Sacramento,067,1510023,259481,249130,23587,272717,2558
2022-01-29,San Benito,069,59416,12049,11670,471,12141,90
2022-01-29,San Bernardino,071,2135413,542811,525249,23323,548572,6297
2022-01-29,San Diego,073,3302833,709725,683027,46994,730021,4643
2022-01-29,San Francisco,075,870044,115643,108265,7778,116043,712
2022-01-29,San Joaquin,077,732212,156901,150849,8630,159479,1971
2022-01-29,San Luis Obispo,079,281455,48548,46374,3264,49638,391
2022-01-29,San Mateo,081,765935,112757,100306,6295,106601,586
2022-01-29,Santa Barbara,083,443738,79768,76546,4375,80921,604
2022-01-29,Santa Clara,085,1922200,287559,273879,10935,284814,2019
2022-01-29,Santa Cruz,087,273765,42080,39228,1806,41034,240
2022-01-29,Shasta,089,179085,28508,27504,5536,33040,452
2022-01-29,Sierra,091,2930,267,260,39,299,0
2022-01-29,Siskiyou,093,43540,4124,3987,2397,6384,66
2022-01-29,Solano,095,438530,75485,69862,5066,74928,407
2022-01-29,Sonoma,097,501317,77291,73439,2102,75541,427
2022-01-29,Stanislaus,099,539301,111402,107668,15288,122956,1403
2022-01-29,Sutter,101,95872,19399,18797,1555,20352,202
2022-01-29,Tehama,103,63373,11248,10880,2394,13274,145
2022-01-29,Trinity,105,12862,1099,1033,265,1298,19
2022-01-29,Tulare,107,460477,97623,93154,25321,118475,1237
2022-01-29,Tuolumne,109,53932,11678,10806,428,11234,91
2022-01-29,Ventura,111,848112,165141,160466,8886,169352,1271
2022-01-29,Yolo,113,214977,33707,32123,2798,34921,275
2022-01-29,Yuba,115,75493,14774,14295,1007,15302,103
2022-01-28,Alameda,001,1643700,236257,225602,12402,238004,1605
2022-01-28,Alpine,003,1148,119,123,1,124,0
2022-01-28,Amador,005,37829,7841,7505,511,8016,73
2022-01-28,Butte,007,227075,30627,29557,6029,35586,353
2022-01-28,Calaveras,009,45235,6748,6484,279,6763,96
2022-01-28,Colusa,011,21464,3239,3107,988,4095,21
2022-01-28,Contra Costa,013,1133247,175708,168003,11394,179397,1101
2022-01-28,Del Norte,015,27424,4919,4589,129,4718,43
2022-01-28,El Dorado,017,186661,25335,24008,2951,26959,184
2022-01-28,Fresno,019,978130,211761,202691,19837,222528,2457
2022-01-28,Glenn,021,27897,4671,4516,1437,5953,39
2022-01-28,Humboldt,023,135768,15385,14812,2412,17224,126
2022-01-28,Imperial,025,180216,52126,50153,9608,59761,845
2022-01-28,Inyo,027,18085,3934,3895,409,4304,50
2022-01-28,Kern,029,883053,181287,174456,42422,216878,1962
2022-01-28,Kings,031,150075,47590,45047,3244,48291,397
2022-01-28,Lake,033,64148,9482,8747,734,9481,119
2022-01-28,Lassen,035,31185,8261,7961,817,8778,55
2022-01-28,Los Angeles,037,10098052,2585369,2473332,117238,2590570,28467
2022-01-28,Madera,039,155013,34323,32753,4970,37723,329
2022-01-28,Marin,041,260295,31116,30137,2001,32138,253
2022-01-28,Mariposa,043,17540,2206,2117,133,2250,6
2022-01-28,Mendocino,045,87422,12029,11591,2323,13914,104
2022-01-28,Merced,047,269075,58491,56472,6829,63301,735
2022-01-28,Modoc,049,8938,669,654,230,884,6
2022-01-28,Mono,051,14174,2876,2860,113,2973,5
2022-01-28,Monterey,053,433212,72781,64090,10937,75027,658
2022-01-28,Napa,055,140530,23464,22121,815,22936,113
2022-01-28,Nevada,057,99092,14974,14337,1029,15366,112
2022-01-28,Orange,059,3164182,524532,511255,38882,550137,6038
2022-01-28,Placer,061,380077,59008,56562,6859,63421,523
2022-01-28,Plumas,063,18699,2548,2463,263,2726,12
2022-01-28,Riverside,065,2383286,566416,548121,26566,574687,5726
2022-01-28,Sacramento,067,1510023,258726,249130,23532,272662,2558
2022-01-28,San Benito,069,59416,12027,11670,466,12136,90
2022-01-28,San Bernardino,071,2135413,541770,525249,23297,548546,6297
2022-01-28,San Diego,073,3302833,707905,683027,46921,729948,4643
2022-01-28,San Francisco,075,870044,115279,108265,7728,115993,712
2022-01-28,San Joaquin,077,732212,156609,150849,8620,159469,1971
2022-01-28,San Luis Obispo,079,281455,48465,46374,3256,49630,391
2022-01-28,San Mateo,081,765935,112413,100306,6272,106578,586
2022-01-28,Santa Barbara,083,443738,79521,76546,4372,80918,604
2022-01-28,Santa Clara,085,1922200,286346,273879,10886,284765,2019
2022-01-28,Santa Cruz,087,273765,41899,39228,1800,41028,240
2022-01-28,Shasta,089,179085,28451,27504,5522,33026,452
2022-01-28,Sierra,091,2930,267,260,39,299,0
2022-01-28,Siskiyou,093,43540,4114,3987,2393,6380,66
2022-01-28,Solano,095,438530,74910,69862,4999,74861,407
2022-01-28,Sonoma,097,501317,77084,73439,2095,75534,427
2022-01-28,Stanislaus,099,539301,111129,107668,15245,122913,1403
2022-01-28,Sutter,101,95872,19355,18797,1553,20350,202
2022-01-28,Tehama,103,63373,11216,10880,2387,13267,145
2022-01-28,Trinity,105,12862,1092,1033,265,1298,19
2022-01-28,Tulare,107,460477,97366,93154,25213,118367,1237
2022-01-28,Tuolumne,109,53932,11645,10806,422,11228,91
2022-01-28,Ventura,111,848112,164690,160466,8867,169333,1271
2022-01-28,Yolo,113,214977,33601,32123,2791,34914,275
2022-01-28,Yuba,115,75493,14734,14295,1002,15297,103
2022-01-27,Alameda,001,1643700,234681,225602,12267,237869,1605
2022-01-27,Alpine,003,1148,119,123,1,124,0
2022-01-27,Amador,005,37829,7794,7505,499,8004,73
2022-01-27,Butte,007,227075,30473,29557,5977,35534,353
2022-01-27,Calaveras,009,45235,6723,6484,263,6747,96
2022-01-27,Colusa,011,21464,3225,3107,984,4091,21
2022-01-27,Contra Costa,013,1133247,174686,168003,11217,179220,1101
2022-01-27,Del Norte,015,27424,4874,4589,125,4714,43
2022-01-27,El Dorado,017,186661,25224,24008,2932,26940,184
2022-01-27,Fresno,019,978130,210153,202691,19640,222331,2457
2022-01-27,Glenn,021,27897,4640,4516,1429,5945,39
2022-01-27,Humboldt,023,135768,15294,14812,2375,17187,126
2022-01-27,Imperial,025,180216,51857,50153,9495,59648,845
2022-01-27,Inyo,027,18085,3927,3895,399,4294,50
2022-01-27,Kern,029,883053,180514,174456,42054,216510,1962
2022-01-27,Kings,031,150075,47244,45047,3206,48253,397
2022-01-27,Lake,033,64148,9429,8747,715,9462,119
2022-01-27,Lassen,035,31185,8218,7961,811,8772,55
2022-01-27,Los Angeles,037,10098052,2574515,2473332,116724,2590056,28467
2022-01-27,Madera,039,155013,34107,32753,4863,37616,329
2022-01-27,Marin,041,260295,30953,30137,1986,32123,253
2022-01-27,Mariposa,043,17540,2183,2117,130,2247,6
2022-01-27,Mendocino,045,87422,11978,11591,2274,13865,104
2022-01-27,Merced,047,269075,58230,56472,6665,63137,735
2022-01-27,Modoc,049,8938,667,654,229,883,6
2022-01-27,Mono,051,14174,2872,2860,111,2971,5
2022-01-27,Monterey,053,433212,72166,64090,10689,74779,658
2022-01-27,Napa,055,140530,23306,22121,787,22908,113
2022-01-27,Nevada,057,99092,14901,14337,1001,15338,112
2022-01-27,Orange,059,3164182,522801,511255,38740,549995,6038
2022-01-27,Placer,061,380077,58690,56562,6807,63369,523
2022-01-27,Plumas,063,18699,2539,2463,250,2713,12
2022-01-27,Riverside,065,2383286,564240,548121,26497,574618,5726
2022-01-27,Sacramento,067,1510023,257493,249130,23193,272323,2558
2022-01-27,San Benito,069,59416,11970,11670,461,12131,90
2022-01-27,San Bernardino,071,2135413,539936,525249,23204,548453,6297
2022-01-27,San Diego,073,3302833,704530,683027,46581,729608,4643
2022-01-27,San Francisco,075,870044,114771,108265,7666,115931,712
2022-01-27,San Joaquin,077,732212,155745,150849,8572,159421,1971
2022-01-27,San Luis Obispo,079,281455,48192,46374,3218,49592,391
2022-01-27,San Mateo,081,765935,111832,100306,6200,106506,586
2022-01-27,Santa Barbara,083,443738,79048,76546,4320,80866,604
2022-01-27,Santa Clara,085,1922200,284253,273879,10735,284614,2019
2022-01-27,Santa Cruz,087,273765,41242,39228,1782,41010,240
2022-01-27,Shasta,089,179085,28316,27504,5470,32974,452
2022-01-27,Sierra,091,2930,266,260,39,299,0
2022-01-27,Siskiyou,093,43540,4093,3987,2356,6343,66
2022-01-27,Solano,095,438530,74235,69862,4950,74812,407
2022-01-27,Sonoma,097,501317,76620,73439,2084,75523,427
2022-01-27,Stanislaus,099,539301,110596,107668,15100,122768,1403
2022-01-27,Sutter,101,95872,19247,18797,1527,20324,202
2022-01-27,Tehama,103,63373,11164,10880,2372,13252,145
2022-01-27,Trinity,105,12862,1088,1033,264,1297,19
2022-01-27,Tulare,107,460477,96751,93154,24946,118100,1237
2022-01-27,Tuolumne,109,53932,11593,10806,411,11217,91
2022-01-27,Ventura,111,848112,164040,160466,8835,169301,1271
2022-01-27,Yolo,113,214977,33465,32123,2775,34898,275
2022-01-27,Yuba,115,75493,14655,14295,986,15281,103
2022-01-26,Alameda,001,1643700,232798,222680,12106,234786,1596
2022-01-26,Alpine,003,1148,119,123,1,124,0
2022-01-26,Amador,005,37829,7719,7427,485,7912,73
2022-01-26,Butte,007,227075,30273,29229,5922,35151,353
2022-01-26,Calaveras,009,45235,6684,6387,255,6642,96
2022-01-26,Colusa,011,21464,3209,3094,978,4072,21
2022-01-26,Contra Costa,013,1133247,173545,165972,11054,177026,1095
2022-01-26,Del Norte,015,27424,4815,4542,124,4666,43
2022-01-26,El Dorado,017,186661,25102,23819,2909,26728,181
2022-01-26,Fresno,019,978130,208335,199689,19447,219136,2452
2022-01-26,Glenn,021,27897,4606,4472,1424,5896,39
2022-01-26,Humboldt,023,135768,15194,14715,2329,17044,126
2022-01-26,Imperial,025,180216,51492,49477,9335,58812,839
2022-01-26,Inyo,027,18085,3924,3889,368,4257,50
2022-01-26,Kern,029,883053,179604,173052,41709,214761,1953
2022-01-26,Kings,031,150075,46838,44367,3176,47543,396
2022-01-26,Lake,033,64148,9347,8645,705,9350,119
2022-01-26,Lassen,035,31185,8181,7888,811,8699,55
2022-01-26,Los Angeles,037,10098052,2562457,2450620,116261,2566881,28382
2022-01-26,Madera,039,155013,33865,32323,4738,37061,329
2022-01-26,Marin,041,260295,30769,29813,1967,31780,253
2022-01-26,Mariposa,043,17540,2166,2108,123,2231,6
2022-01-26,Mendocino,045,87422,11931,11453,2223,13676,103
2022-01-26,Merced,047,269075,57863,56060,6489,62549,733
2022-01-26,Modoc,049,8938,666,652,228,880,6
2022-01-26,Mono,051,14174,2869,2852,111,2963,4
2022-01-26,Monterey,053,433212,71621,63264,10397,73661,659
2022-01-26,Napa,055,140530,23150,21864,776,22640,112
2022-01-26,Nevada,057,99092,14805,14128,990,15118,112
2022-01-26,Orange,059,3164182,520807,506419,38574,544993,6007
2022-01-26,Placer,061,380077,58354,55892,6743,62635,524
2022-01-26,Plumas,063,18699,2528,2425,248,2673,12
2022-01-26,Riverside,065,2383286,561711,543788,26379,570167,5701
2022-01-26,Sacramento,067,1510023,255912,246416,22845,269261,2559
2022-01-26,San Benito,069,59416,11899,11563,448,12011,90
2022-01-26,San Bernardino,071,2135413,537773,521699,23102,544801,6291
2022-01-26,San Diego,073,3302833,700289,676392,46241,722633,4622
2022-01-26,San Francisco,075,870044,114131,107174,7630,114804,704
2022-01-26,San Joaquin,077,732212,154750,148770,8523,157293,1971
2022-01-26,San Luis Obispo,079,281455,47887,45716,3190,48906,391
2022-01-26,San Mateo,081,765935,111179,99016,6071,105087,586
2022-01-26,Santa Barbara,083,443738,78526,75548,4259,79807,600
2022-01-26,Santa Clara,085,1922200,282123,270470,10559,281029,2015
2022-01-26,Santa Cruz,087,273765,40747,38298,1770,40068,239
2022-01-26,Shasta,089,179085,28167,27255,5419,32674,452
2022-01-26,Sierra,091,2930,265,260,38,298,0
2022-01-26,Siskiyou,093,43540,4077,3971,2331,6302,66
2022-01-26,Solano,095,438530,73527,69150,4889,74039,401
2022-01-26,Sonoma,097,501317,76054,72509,2052,74561,423
2022-01-26,Stanislaus,099,539301,110034,106582,14894,121476,1396
2022-01-26,Sutter,101,95872,19136,18670,1481,20151,202
2022-01-26,Tehama,103,63373,11110,10749,2355,13104,145
2022-01-26,Trinity,105,12862,1083,1008,264,1272,19
2022-01-26,Tulare,107,460477,96016,91904,24696,116600,1234
2022-01-26,Tuolumne,109,53932,11409,10699,400,11099,91
2022-01-26,Ventura,111,848112,163330,159077,8795,167872,1263
2022-01-26,Yolo,113,214977,33260,31913,2735,34648,275
2022-01-26,Yuba,115,75493,14570,14171,964,15135,103
2022-01-25,Alameda,001,1643700,230903,219753,11924,231677,1589
2022-01-25,Alpine,003,1148,119,122,1,123,0
2022-01-25,Amador,005,37829,7642,7352,474,7826,73
2022-01-25,Butte,007,227075,30067,28887,5850,34737,351
2022-01-25,Calaveras,009,45235,6625,6266,241,6507,95
2022-01-25,Colusa,011,21464,3189,3074,976,4050,21
2022-01-25,Contra Costa,013,1133247,172212,163792,10839,174631,1092
2022-01-25,Del Norte,015,27424,4742,4514,118,4632,43
2022-01-25,El Dorado,017,186661,24965,23339,2883,26222,179
2022-01-25,Fresno,019,978130,206203,198262,19180,217442,2434
2022-01-25,Glenn,021,27897,4573,4418,1409,5827,39
2022-01-25,Humboldt,023,135768,15099,14574,2303,16877,126
2022-01-25,Imperial,025,180216,51022,48913,9093,58006,832
2022-01-25,Inyo,027,18085,3909,3857,322,4179,50
2022-01-25,Kern,029,883053,178593,171695,41247,212942,1947
2022-01-25,Kings,031,150075,46362,43853,3131,46984,396
2022-01-25,Lake,033,64148,9268,8543,693,9236,118
2022-01-25,Lassen,035,31185,8151,7834,800,8634,55
2022-01-25,Los Angeles,037,10098052,2547705,2433516,115609,2549125,28293
2022-01-25,Madera,039,155013,33543,31794,4598,36392,329
2022-01-25,Marin,041,260295,30589,29589,1954,31543,253
2022-01-25,Mariposa,043,17540,2154,2069,117,2186,6
2022-01-25,Mendocino,045,87422,11811,11280,2120,13400,103
2022-01-25,Merced,047,269075,57486,55555,6346,61901,733
2022-01-25,Modoc,049,8938,664,652,228,880,6
2022-01-25,Mono,051,14174,2859,2826,110,2936,4
2022-01-25,Monterey,053,433212,71053,62498,9990,72488,654
2022-01-25,Napa,055,140530,22955,21668,740,22408,111
2022-01-25,Nevada,057,99092,14690,13944,967,14911,112
2022-01-25,Orange,059,3164182,518521,504274,38375,542649,5980
2022-01-25,Placer,061,380077,57955,55465,6669,62134,518
2022-01-25,Plumas,063,18699,2511,2397,244,2641,12
2022-01-25,Riverside,065,2383286,558627,540723,26210,566933,5686
2022-01-25,Sacramento,067,1510023,254097,244468,22310,266778,2545
2022-01-25,San Benito,069,59416,11800,11446,444,11890,88
2022-01-25,San Bernardino,071,2135413,535293,519150,22992,542142,6288
2022-01-25,San Diego,073,3302833,695253,670110,45797,715907,4604
2022-01-25,San Francisco,075,870044,113363,106254,7585,113839,703
2022-01-25,San Joaquin,077,732212,153747,147271,8469,155740,1972
2022-01-25,San Luis Obispo,079,281455,47526,45130,3142,48272,391
2022-01-25,San Mateo,081,765935,110382,98010,5958,103968,586
2022-01-25,Santa Barbara,083,443738,77861,74686,4177,78863,594
2022-01-25,Santa Clara,085,1922200,279464,268031,10353,278384,2006
2022-01-25,Santa Cruz,087,273765,40091,37850,1759,39609,237
2022-01-25,Shasta,089,179085,28004,27090,5350,32440,452
2022-01-25,Sierra,091,2930,265,260,33,293,0
2022-01-25,Siskiyou,093,43540,4053,3958,2295,6253,65
2022-01-25,Solano,095,438530,72947,68657,4837,73494,399
2022-01-25,Sonoma,097,501317,75361,71633,2015,73648,423
2022-01-25,Stanislaus,099,539301,109362,105965,14674,120639,1396
2022-01-25,Sutter,101,95872,19033,18508,1439,19947,200
2022-01-25,Tehama,103,63373,11048,10669,2330,12999,145
2022-01-25,Trinity,105,12862,1076,999,262,1261,19
2022-01-25,Tulare,107,460477,95194,91237,24361,115598,1229
2022-01-25,Tuolumne,109,53932,11229,10516,376,10892,91
2022-01-25,Ventura,111,848112,162481,157971,8751,166722,1263
2022-01-25,Yolo,113,214977,33013,31677,2688,34365,274
2022-01-25,Yuba,115,75493,14486,14038,936,14974,103
2022-01-24,Alameda,001,1643700,228470,216252,11657,227909,1581
2022-01-24,Alpine,003,1148,119,120,1,121,0
2022-01-24,Amador,005,37829,7592,7166,436,7602,73
2022-01-24,Butte,007,227075,29836,28607,5785,34392,350
2022-01-24,Calaveras,009,45235,6578,6172,227,6399,95
2022-01-24,Colusa,011,21464,3170,3052,960,4012,21
2022-01-24,Contra Costa,013,1133247,170717,162161,10622,172783,1092
2022-01-24,Del Norte,015,27424,4682,4460,118,4578,43
2022-01-24,El Dorado,017,186661,24797,23128,2853,25981,179
2022-01-24,Fresno,019,978130,203899,196092,18885,214977,2430
2022-01-24,Glenn,021,27897,4531,4367,1399,5766,39
2022-01-24,Humboldt,023,135768,14985,14416,2257,16673,126
2022-01-24,Imperial,025,180216,50477,48228,8780,57008,824
2022-01-24,Inyo,027,18085,3903,3805,297,4102,50
2022-01-24,Kern,029,883053,177284,169892,40770,210662,1946
2022-01-24,Kings,031,150075,45781,43260,3058,46318,396
2022-01-24,Lake,033,64148,9158,8423,678,9101,118
2022-01-24,Lassen,035,31185,8067,7732,781,8513,55
2022-01-24,Los Angeles,037,10098052,2531345,2391045,114826,2505871,28230
2022-01-24,Madera,039,155013,33103,31339,4413,35752,329
2022-01-24,Marin,041,260295,30358,29301,1917,31218,253
2022-01-24,Mariposa,043,17540,2129,2033,113,2146,6
2022-01-24,Mendocino,045,87422,11707,11002,2041,13043,103
2022-01-24,Merced,047,269075,56996,54970,6068,61038,730
2022-01-24,Modoc,049,8938,661,648,227,875,6
2022-01-24,Mono,051,14174,2849,2802,108,2910,4
2022-01-24,Monterey,053,433212,70213,61975,9629,71604,654
2022-01-24,Napa,055,140530,22775,21494,727,22221,111
2022-01-24,Nevada,057,99092,14562,13774,944,14718,112
2022-01-24,Orange,059,3164182,515927,501634,38125,539759,5969
2022-01-24,Placer,061,380077,57468,54933,6621,61554,518
2022-01-24,Plumas,063,18699,2490,2370,230,2600,12
2022-01-24,Riverside,065,2383286,554908,535962,25999,561961,5661
2022-01-24,Sacramento,067,1510023,251881,241522,21742,263264,2526
2022-01-24,San Benito,069,59416,11704,11331,431,11762,88
2022-01-24,San Bernardino,071,2135413,532487,515604,22849,538453,6285
2022-01-24,San Diego,073,3302833,689585,663580,45252,708832,4586
2022-01-24,San Francisco,075,870044,112394,105418,7485,112903,703
2022-01-24,San Joaquin,077,732212,152412,145984,8421,154405,1959
2022-01-24,San Luis Obispo,079,281455,47049,44616,3087,47703,387
2022-01-24,San Mateo,081,765935,109457,96968,5836,102804,586
2022-01-24,Santa Barbara,083,443738,77065,73866,4081,77947,591
2022-01-24,Santa Clara,085,1922200,276532,265341,10151,275492,2006
2022-01-24,Santa Cruz,087,273765,39314,37188,1741,38929,237
2022-01-24,Shasta,089,179085,27815,26871,5260,32131,452
2022-01-24,Sierra,091,2930,265,258,33,291,0
2022-01-24,Siskiyou,093,43540,4041,3934,2256,6190,64
2022-01-24,Solano,095,438530,72261,68094,4759,72853,400
2022-01-24,Sonoma,097,501317,74456,70733,1991,72724,423
2022-01-24,Stanislaus,099,539301,108604,104933,14399,119332,1395
2022-01-24,Sutter,101,95872,18915,18336,1346,19682,200
2022-01-24,Tehama,103,63373,10977,10567,2312,12879,145
2022-01-24,Trinity,105,12862,1067,978,260,1238,19
2022-01-24,Tulare,107,460477,94180,90089,23995,114084,1219
2022-01-24,Tuolumne,109,53932,11111,10374,365,10739,91
2022-01-24,Ventura,111,848112,161457,156551,8707,165258,1261
2022-01-24,Yolo,113,214977,32732,31480,2654,34134,273
2022-01-24,Yuba,115,75493,14379,13862,895,14757,103
2022-01-23,Alameda,001,1643700,225798,214003,11323,225326,1583
2022-01-23,Alpine,003,1148,119,120,1,121,0
2022-01-23,Amador,005,37829,7537,7090,396,7486,73
2022-01-23,Butte,007,227075,29545,28340,5677,34017,350
2022-01-23,Calaveras,009,45235,6513,6095,204,6299,95
2022-01-23,Colusa,011,21464,3144,3040,953,3993,21
2022-01-23,Contra Costa,013,1133247,168853,160798,10259,171057,1092
2022-01-23,Del Norte,015,27424,4614,4419,112,4531,43
2022-01-23,El Dorado,017,186661,24604,22925,2804,25729,179
2022-01-23,Fresno,019,978130,201434,193642,18447,212089,2430
2022-01-23,Glenn,021,27897,4480,4340,1376,5716,39
2022-01-23,Humboldt,023,135768,14863,14296,2174,16470,126
2022-01-23,Imperial,025,180216,49887,47935,8494,56429,824
2022-01-23,Inyo,027,18085,3876,3781,283,4064,50
2022-01-23,Kern,029,883053,175934,168585,40246,208831,1946
2022-01-23,Kings,031,150075,45146,42622,2953,45575,397
2022-01-23,Lake,033,64148,8991,8363,651,9014,118
2022-01-23,Lassen,035,31185,8016,7710,757,8467,55
2022-01-23,Los Angeles,037,10098052,2511197,2390590,113668,2504258,28231
2022-01-23,Madera,039,155013,32736,30962,4170,35132,329
2022-01-23,Marin,041,260295,30105,29025,1879,30904,253
2022-01-23,Mariposa,043,17540,2114,2011,110,2121,6
2022-01-23,Mendocino,045,87422,11582,10889,1917,12806,103
2022-01-23,Merced,047,269075,56451,54644,5624,60268,730
2022-01-23,Modoc,049,8938,659,645,224,869,6
2022-01-23,Mono,051,14174,2841,2788,105,2893,4
2022-01-23,Monterey,053,433212,69388,61522,9190,70712,654
2022-01-23,Napa,055,140530,22512,21281,714,21995,111
2022-01-23,Nevada,057,99092,14399,13629,916,14545,112
2022-01-23,Orange,059,3164182,512828,498968,37835,536803,5970
2022-01-23,Placer,061,380077,56898,54568,6533,61101,518
2022-01-23,Plumas,063,18699,2468,2368,201,2569,12
2022-01-23,Riverside,065,2383286,550480,532273,25695,557968,5661
2022-01-23,Sacramento,067,1510023,249343,239589,20788,260377,2530
2022-01-23,San Benito,069,59416,11580,11225,420,11645,88
2022-01-23,San Bernardino,071,2135413,529141,512657,22607,535264,6281
2022-01-23,San Diego,073,3302833,682991,640215,44474,684689,4566
2022-01-23,San Francisco,075,870044,111309,104485,7367,111852,704
2022-01-23,San Joaquin,077,732212,150792,144621,8346,152967,1959
2022-01-23,San Luis Obispo,079,281455,46355,44183,3007,47190,386
2022-01-23,San Mateo,081,765935,108384,95940,5688,101628,586
2022-01-23,Santa Barbara,083,443738,75952,73041,3952,76993,590
2022-01-23,Santa Clara,085,1922200,273172,261991,9827,271818,2005
2022-01-23,Santa Cruz,087,273765,38794,36547,1713,38260,237
2022-01-23,Shasta,089,179085,27518,26732,5136,31868,452
2022-01-23,Sierra,091,2930,264,252,33,285,0
2022-01-23,Siskiyou,093,43540,4015,3916,2198,6114,64
2022-01-23,Solano,095,438530,71461,67457,4663,72120,400
2022-01-23,Sonoma,097,501317,73524,69791,1948,71739,423
2022-01-23,Stanislaus,099,539301,107738,104067,14124,118191,1395
2022-01-23,Sutter,101,95872,18751,18175,1229,19404,200
2022-01-23,Tehama,103,63373,10875,10481,2278,12759,145
2022-01-23,Trinity,105,12862,1064,961,258,1219,19
2022-01-23,Tulare,107,460477,93029,89120,23566,112686,1219
2022-01-23,Tuolumne,109,53932,10920,10243,347,10590,91
2022-01-23,Ventura,111,848112,160279,155052,8635,163687,1261
2022-01-23,Yolo,113,214977,32366,30908,2611,33519,273
2022-01-23,Yuba,115,75493,14253,13762,839,14601,103
2022-01-22,Alameda,001,1643700,224708,203927,11290,215217,1575
2022-01-22,Alpine,003,1148,118,119,1,120,0
2022-01-22,Amador,005,37829,7504,6845,391,7236,73
2022-01-22,Butte,007,227075,29429,27232,5653,32885,350
2022-01-22,Calaveras,009,45235,6483,5835,203,6038,95
2022-01-22,Colusa,011,21464,3128,2954,950,3904,21
2022-01-22,Contra Costa,013,1133247,167914,154111,10229,164340,1091
2022-01-22,Del Norte,015,27424,4577,4269,108,4377,43
2022-01-22,El Dorado,017,186661,24534,22273,2794,25067,179
2022-01-22,Fresno,019,978130,200617,185292,18396,203688,2429
2022-01-22,Glenn,021,27897,4474,4174,1373,5547,39
2022-01-22,Humboldt,023,135768,14795,13628,2161,15789,125
2022-01-22,Imperial,025,180216,49695,45741,8429,54170,820
2022-01-22,Inyo,027,18085,3872,3706,259,3965,50
2022-01-22,Kern,029,883053,175313,162902,39938,202840,1946
2022-01-22,Kings,031,150075,44940,40580,2940,43520,396
2022-01-22,Lake,033,64148,8957,8056,643,8699,118
2022-01-22,Lassen,035,31185,7983,7545,750,8295,55
2022-01-22,Los Angeles,037,10098052,2503837,2286280,113156,2399436,28038
2022-01-22,Madera,039,155013,32616,29595,4156,33751,329
2022-01-22,Marin,041,260295,29979,27893,1874,29767,253
2022-01-22,Mariposa,043,17540,2110,1920,110,2030,6
2022-01-22,Mendocino,045,87422,11532,10395,1895,12290,103
2022-01-22,Merced,047,269075,56302,53025,5615,58640,727
2022-01-22,Modoc,049,8938,658,639,224,863,6
2022-01-22,Mono,051,14174,2840,2723,104,2827,4
2022-01-22,Monterey,053,433212,69183,59038,9153,68191,651
2022-01-22,Napa,055,140530,22417,20402,704,21106,111
2022-01-22,Nevada,057,99092,14332,12957,908,13865,112
2022-01-22,Orange,059,3164182,511220,480329,37585,517914,5946
2022-01-22,Placer,061,380077,56632,52557,6494,59051,512
2022-01-22,Plumas,063,18699,2451,2289,197,2486,12
2022-01-22,Riverside,065,2383286,548563,513567,25623,539190,5623
2022-01-22,Sacramento,067,1510023,248351,230206,20683,250889,2510
2022-01-22,San Benito,069,59416,11520,10743,415,11158,88
2022-01-22,San Bernardino,071,2135413,527678,495209,22530,517739,6267
2022-01-22,San Diego,073,3302833,680527,628904,44284,673188,4559
2022-01-22,San Francisco,075,870044,110652,100238,7217,107455,702
2022-01-22,San Joaquin,077,732212,150358,138264,8318,146582,1960
2022-01-22,San Luis Obispo,079,281455,46237,42154,3000,45154,385
2022-01-22,San Mateo,081,765935,107815,91440,5620,97060,585
2022-01-22,Santa Barbara,083,443738,75532,69555,3946,73501,589
2022-01-22,Santa Clara,085,1922200,271460,249205,9760,258965,1993
2022-01-22,Santa Cruz,087,273765,38614,33741,1709,35450,237
2022-01-22,Shasta,089,179085,27425,25919,5114,31033,450
2022-01-22,Sierra,091,2930,264,248,32,280,0
2022-01-22,Siskiyou,093,43540,3997,3845,2177,6022,62
2022-01-22,Solano,095,438530,71237,63882,4624,68506,391
2022-01-22,Sonoma,097,501317,73112,66013,1939,67952,422
2022-01-22,Stanislaus,099,539301,107284,100092,14035,114127,1393
2022-01-22,Sutter,101,95872,18683,17616,1216,18832,199
2022-01-22,Tehama,103,63373,10839,10171,2272,12443,142
2022-01-22,Trinity,105,12862,1062,925,258,1183,19
2022-01-22,Tulare,107,460477,92666,85223,23444,108667,1211
2022-01-22,Tuolumne,109,53932,10852,9731,341,10072,91
2022-01-22,Ventura,111,848112,159587,148742,8605,157347,1250
2022-01-22,Yolo,113,214977,32193,30061,2593,32654,273
2022-01-22,Yuba,115,75493,14163,13288,834,14122,103
2022-01-21,Alameda,001,1643700,223134,203927,11259,215186,1575
2022-01-21,Alpine,003,1148,118,119,1,120,0
2022-01-21,Amador,005,37829,7446,6845,388,7233,73
2022-01-21,Butte,007,227075,29298,27232,5610,32842,350
2022-01-21,Calaveras,009,45235,6438,5835,203,6038,95
2022-01-21,Colusa,011,21464,3121,2954,945,3899,21
2022-01-21,Contra Costa,013,1133247,166853,154111,10149,164260,1091
2022-01-21,Del Norte,015,27424,4536,4269,108,4377,43
2022-01-21,El Dorado,017,186661,24452,22273,2777,25050,179
2022-01-21,Fresno,019,978130,199373,185292,18335,203627,2429
2022-01-21,Glenn,021,27897,4456,4174,1368,5542,39
2022-01-21,Humboldt,023,135768,14725,13628,2142,15770,125
2022-01-21,Imperial,025,180216,49496,45741,8346,54087,820
2022-01-21,Inyo,027,18085,3859,3706,253,3959,50
2022-01-21,Kern,029,883053,174593,162902,39564,202466,1946
2022-01-21,Kings,031,150075,44740,40580,2933,43513,396
2022-01-21,Lake,033,64148,8900,8056,630,8686,118
2022-01-21,Lassen,035,31185,7931,7545,746,8291,55
2022-01-21,Los Angeles,037,10098052,2492610,2286280,112699,2398979,28038
2022-01-21,Madera,039,155013,32323,29595,4128,33723,329
2022-01-21,Marin,041,260295,29803,27893,1853,29746,253
2022-01-21,Mariposa,043,17540,2098,1920,109,2029,6
2022-01-21,Mendocino,045,87422,11451,10395,1892,12287,103
2022-01-21,Merced,047,269075,56142,53025,5611,58636,727
2022-01-21,Modoc,049,8938,657,639,224,863,6
2022-01-21,Mono,051,14174,2826,2723,102,2825,4
2022-01-21,Monterey,053,433212,68734,59038,9029,68067,651
2022-01-21,Napa,055,140530,22298,20402,696,21098,111
2022-01-21,Nevada,057,99092,14233,12957,904,13861,112
2022-01-21,Orange,059,3164182,508966,480329,37345,517674,5946
2022-01-21,Placer,061,380077,56235,52557,6431,58988,512
2022-01-21,Plumas,063,18699,2440,2289,192,2481,12
2022-01-21,Riverside,065,2383286,545913,513567,25543,539110,5623
2022-01-21,Sacramento,067,1510023,246960,230206,20582,250788,2510
2022-01-21,San Benito,069,59416,11485,10743,412,11155,88
2022-01-21,San Bernardino,071,2135413,525746,495209,22468,517677,6267
2022-01-21,San Diego,073,3302833,676339,628904,44142,673046,4559
2022-01-21,San Francisco,075,870044,109884,100238,7121,107359,702
2022-01-21,San Joaquin,077,732212,149771,138264,8283,146547,1960
2022-01-21,San Luis Obispo,079,281455,46111,42154,2997,45151,385
2022-01-21,San Mateo,081,765935,107155,91440,5575,97015,585
2022-01-21,Santa Barbara,083,443738,75029,69555,3937,73492,589
2022-01-21,Santa Clara,085,1922200,269601,249205,9653,258858,1993
2022-01-21,Santa Cruz,087,273765,37919,33741,1698,35439,237
2022-01-21,Shasta,089,179085,27337,25919,5065,30984,450
2022-01-21,Sierra,091,2930,262,248,31,279,0
2022-01-21,Siskiyou,093,43540,3990,3845,2158,6003,62
2022-01-21,Solano,095,438530,70824,63882,4542,68424,391
2022-01-21,Sonoma,097,501317,72597,66013,1929,67942,422
2022-01-21,Stanislaus,099,539301,106777,100092,13973,114065,1393
2022-01-21,Sutter,101,95872,18596,17616,1199,18815,199
2022-01-21,Tehama,103,63373,10805,10171,2270,12441,142
2022-01-21,Trinity,105,12862,1056,925,257,1182,19
2022-01-21,Tulare,107,460477,92219,85223,23282,108505,1211
2022-01-21,Tuolumne,109,53932,10770,9731,334,10065,91
2022-01-21,Ventura,111,848112,158780,148742,8576,157318,1250
2022-01-21,Yolo,113,214977,32031,30061,2571,32632,273
2022-01-21,Yuba,115,75493,14091,13288,827,14115,103
2022-01-20,Alameda,001,1643700,220069,203927,11016,214943,1575
2022-01-20,Alpine,003,1148,118,119,1,120,0
2022-01-20,Amador,005,37829,7381,6845,370,7215,73
2022-01-20,Butte,007,227075,29039,27232,5530,32762,350
2022-01-20,Calaveras,009,45235,6333,5835,194,6029,95
2022-01-20,Colusa,011,21464,3090,2954,933,3887,21
2022-01-20,Contra Costa,013,1133247,164881,154111,9884,163995,1091
2022-01-20,Del Norte,015,27424,4495,4269,105,4374,43
2022-01-20,El Dorado,017,186661,24250,22273,2734,25007,179
2022-01-20,Fresno,019,978130,196798,185292,17987,203279,2429
2022-01-20,Glenn,021,27897,4421,4174,1359,5533,39
2022-01-20,Humboldt,023,135768,14595,13628,2090,15718,125
2022-01-20,Imperial,025,180216,48964,45741,8176,53917,820
2022-01-20,Inyo,027,18085,3847,3706,242,3948,50
2022-01-20,Kern,029,883053,173078,162902,39015,201917,1946
2022-01-20,Kings,031,150075,44183,40580,2887,43467,396
2022-01-20,Lake,033,64148,8805,8056,604,8660,118
2022-01-20,Lassen,035,31185,7883,7545,730,8275,55
2022-01-20,Los Angeles,037,10098052,2468007,2286280,111698,2397978,28038
2022-01-20,Madera,039,155013,31929,29595,4002,33597,329
2022-01-20,Marin,041,260295,29507,27893,1816,29709,253
2022-01-20,Mariposa,043,17540,2071,1920,106,2026,6
2022-01-20,Mendocino,045,87422,11354,10395,1817,12212,103
2022-01-20,Merced,047,269075,55713,53025,5384,58409,727
2022-01-20,Modoc,049,8938,655,639,224,863,6
2022-01-20,Mono,051,14174,2818,2723,101,2824,4
2022-01-20,Monterey,053,433212,67982,59038,8616,67654,651
2022-01-20,Napa,055,140530,22032,20402,657,21059,111
2022-01-20,Nevada,057,99092,14084,12957,881,13838,112
2022-01-20,Orange,059,3164182,505004,480329,37009,517338,5946
2022-01-20,Placer,061,380077,55744,52557,6373,58930,512
2022-01-20,Plumas,063,18699,2421,2289,188,2477,12
2022-01-20,Riverside,065,2383286,541345,513567,25302,538869,5623
2022-01-20,Sacramento,067,1510023,244768,230206,19946,250152,2510
2022-01-20,San Benito,069,59416,11373,10743,399,11142,88
2022-01-20,San Bernardino,071,2135413,521782,495209,22201,517410,6267
2022-01-20,San Diego,073,3302833,669224,628904,43487,672391,4559
2022-01-20,San Francisco,075,870044,108715,100238,6979,107217,702
2022-01-20,San Joaquin,077,732212,148116,138264,8183,146447,1960
2022-01-20,San Luis Obispo,079,281455,45602,42154,2963,45117,385
2022-01-20,San Mateo,081,765935,105970,91440,5364,96804,585
2022-01-20,Santa Barbara,083,443738,74134,69555,3826,73381,589
2022-01-20,Santa Clara,085,1922200,266228,249205,9322,258527,1993
2022-01-20,Santa Cruz,087,273765,37060,33741,1680,35421,237
2022-01-20,Shasta,089,179085,27146,25919,4998,30917,450
2022-01-20,Sierra,091,2930,262,248,29,277,0
2022-01-20,Siskiyou,093,43540,3978,3845,2124,5969,62
2022-01-20,Solano,095,438530,69852,63882,4453,68335,391
2022-01-20,Sonoma,097,501317,71568,66013,1882,67895,422
2022-01-20,Stanislaus,099,539301,105820,100092,13769,113861,1393
2022-01-20,Sutter,101,95872,18429,17616,1170,18786,199
2022-01-20,Tehama,103,63373,10728,10171,2252,12423,142
2022-01-20,Trinity,105,12862,1043,925,256,1181,19
2022-01-20,Tulare,107,460477,91250,85223,22985,108208,1211
2022-01-20,Tuolumne,109,53932,10627,9731,322,10053,91
2022-01-20,Ventura,111,848112,157402,148742,8504,157246,1250
2022-01-20,Yolo,113,214977,31753,30061,2537,32598,273
2022-01-20,Yuba,115,75493,13984,13288,794,14082,103
2022-01-19,Alameda,001,1643700,216710,199739,10687,210426,1571
2022-01-19,Alpine,003,1148,117,119,1,120,0
2022-01-19,Amador,005,37829,7300,6789,328,7117,73
2022-01-19,Butte,007,227075,28735,26839,5454,32293,351
2022-01-19,Calaveras,009,45235,6242,5765,185,5950,95
2022-01-19,Colusa,011,21464,3065,2938,925,3863,21
2022-01-19,Contra Costa,013,1133247,162566,151543,9641,161184,1091
2022-01-19,Del Norte,015,27424,4454,4240,104,4344,43
2022-01-19,El Dorado,017,186661,23997,21953,2692,24645,177
2022-01-19,Fresno,019,978130,193948,181526,17715,199241,2430
2022-01-19,Glenn,021,27897,4370,4127,1350,5477,39
2022-01-19,Humboldt,023,135768,14428,13391,2036,15427,125
2022-01-19,Imperial,025,180216,48236,45156,7974,53130,820
2022-01-19,Inyo,027,18085,3824,3680,203,3883,49
2022-01-19,Kern,029,883053,171321,160747,38333,199080,1946
2022-01-19,Kings,031,150075,43483,40027,2809,42836,395
2022-01-19,Lake,033,64148,8679,7972,591,8563,118
2022-01-19,Lassen,035,31185,7827,7507,707,8214,55
2022-01-19,Los Angeles,037,10098052,2439637,2251718,110268,2361986,27934
2022-01-19,Madera,039,155013,31547,29021,3824,32845,329
2022-01-19,Marin,041,260295,29212,27375,1773,29148,251
2022-01-19,Mariposa,043,17540,2046,1896,100,1996,6
2022-01-19,Mendocino,045,87422,11184,10252,1723,11975,103
2022-01-19,Merced,047,269075,55168,52355,5029,57384,724
2022-01-19,Modoc,049,8938,653,635,223,858,6
2022-01-19,Mono,051,14174,2797,2677,99,2776,4
2022-01-19,Monterey,053,433212,67078,58426,8158,66584,651
2022-01-19,Napa,055,140530,21780,20090,629,20719,110
2022-01-19,Nevada,057,99092,13929,12703,851,13554,112
2022-01-19,Orange,059,3164182,500513,468460,36643,505103,5943
2022-01-19,Placer,061,380077,55176,51545,6303,57848,511
2022-01-19,Plumas,063,18699,2395,2239,181,2420,12
2022-01-19,Riverside,065,2383286,535808,503575,25060,528635,5604
2022-01-19,Sacramento,067,1510023,242044,226035,19206,245241,2512
2022-01-19,San Benito,069,59416,11232,10639,387,11026,88
2022-01-19,San Bernardino,071,2135413,517292,487846,21865,509711,6265
2022-01-19,San Diego,073,3302833,660397,614709,42814,657523,4553
2022-01-19,San Francisco,075,870044,107327,98652,6893,105545,694
2022-01-19,San Joaquin,077,732212,146202,135953,8084,144037,1959
2022-01-19,San Luis Obispo,079,281455,45000,41374,2897,44271,382
2022-01-19,San Mateo,081,765935,104612,89715,5095,94810,585
2022-01-19,Santa Barbara,083,443738,73134,68531,3722,72253,586
2022-01-19,Santa Clara,085,1922200,262442,244922,8959,253881,1991
2022-01-19,Santa Cruz,087,273765,35808,33026,1657,34683,237
2022-01-19,Shasta,089,179085,26879,25355,4927,30282,450
2022-01-19,Sierra,091,2930,262,245,28,273,0
2022-01-19,Siskiyou,093,43540,3954,3821,2068,5889,62
2022-01-19,Solano,095,438530,69012,63003,4325,67328,392
2022-01-19,Sonoma,097,501317,70479,64689,1844,66533,420
2022-01-19,Stanislaus,099,539301,104771,98952,13488,112440,1381
2022-01-19,Sutter,101,95872,18259,17436,1079,18515,199
2022-01-19,Tehama,103,63373,10614,10064,2205,12269,142
2022-01-19,Trinity,105,12862,1031,916,255,1171,19
2022-01-19,Tulare,107,460477,90080,83743,22512,106255,1200
2022-01-19,Tuolumne,109,53932,10467,9613,297,9910,91
2022-01-19,Ventura,111,848112,155888,144738,8433,153171,1234
2022-01-19,Yolo,113,214977,31407,29392,2500,31892,273
2022-01-19,Yuba,115,75493,13821,13114,781,13895,104
2022-01-18,Alameda,001,1643700,213355,195728,10370,206098,1566
2022-01-18,Alpine,003,1148,117,118,1,119,0
2022-01-18,Amador,005,37829,7162,6691,291,6982,73
2022-01-18,Butte,007,227075,28342,26514,5376,31890,347
2022-01-18,Calaveras,009,45235,6153,5684,170,5854,94
2022-01-18,Colusa,011,21464,3021,2903,920,3823,21
2022-01-18,Contra Costa,013,1133247,160545,149446,9271,158717,1085
2022-01-18,Del Norte,015,27424,4383,4229,99,4328,43
2022-01-18,El Dorado,017,186661,23614,21707,2646,24353,175
2022-01-18,Fresno,019,978130,190603,178922,17324,196246,2425
2022-01-18,Glenn,021,27897,4337,4070,1338,5408,39
2022-01-18,Humboldt,023,135768,14257,13218,1967,15185,125
2022-01-18,Imperial,025,180216,47545,44742,7794,52536,819
2022-01-18,Inyo,027,18085,3783,3654,192,3846,49
2022-01-18,Kern,029,883053,169305,158864,37571,196435,1943
2022-01-18,Kings,031,150075,42600,39440,2727,42167,392
2022-01-18,Lake,033,64148,8565,7919,571,8490,117
2022-01-18,Lassen,035,31185,7744,7461,668,8129,55
2022-01-18,Los Angeles,037,10098052,2406204,2227360,108828,2336188,27871
2022-01-18,Madera,039,155013,31020,28717,3636,32353,329
2022-01-18,Marin,041,260295,28910,27036,1730,28766,251
2022-01-18,Mariposa,043,17540,2020,1872,96,1968,6
2022-01-18,Mendocino,045,87422,11014,10114,1641,11755,103
2022-01-18,Merced,047,269075,54558,51746,4747,56493,718
2022-01-18,Modoc,049,8938,651,633,218,851,6
2022-01-18,Mono,051,14174,2776,2643,98,2741,4
2022-01-18,Monterey,053,433212,66309,57846,7679,65525,650
2022-01-18,Napa,055,140530,21447,19911,612,20523,109
2022-01-18,Nevada,057,99092,13744,12584,809,13393,111
2022-01-18,Orange,059,3164182,495162,461324,36136,497460,5938
2022-01-18,Placer,061,380077,54533,50983,6228,57211,508
2022-01-18,Plumas,063,18699,2369,2218,175,2393,12
2022-01-18,Riverside,065,2383286,529826,497278,24749,522027,5599
2022-01-18,Sacramento,067,1510023,239139,223745,18203,241948,2496
2022-01-18,San Benito,069,59416,11087,10520,373,10893,88
2022-01-18,San Bernardino,071,2135413,512095,483753,21463,505216,6258
2022-01-18,San Diego,073,3302833,650160,605137,41870,647007,4547
2022-01-18,San Francisco,075,870044,105847,96505,6769,103274,694
2022-01-18,San Joaquin,077,732212,144244,134365,7940,142305,1957
2022-01-18,San Luis Obispo,079,281455,44315,40848,2810,43658,381
2022-01-18,San Mateo,081,765935,103144,88225,4894,93119,585
2022-01-18,Santa Barbara,083,443738,71911,67216,3548,70764,581
2022-01-18,Santa Clara,085,1922200,258246,240281,8561,248842,1986
2022-01-18,Santa Cruz,087,273765,35169,32203,1625,33828,237
2022-01-18,Shasta,089,179085,26596,25162,4830,29992,448
2022-01-18,Sierra,091,2930,258,244,28,272,0
2022-01-18,Siskiyou,093,43540,3920,3799,2014,5813,62
2022-01-18,Solano,095,438530,68160,62204,4216,66420,391
2022-01-18,Sonoma,097,501317,69090,63714,1792,65506,419
2022-01-18,Stanislaus,099,539301,103551,98000,13145,111145,1379
2022-01-18,Sutter,101,95872,18068,17295,1006,18301,198
2022-01-18,Tehama,103,63373,10508,9975,2150,12125,142
2022-01-18,Trinity,105,12862,1018,907,254,1161,19
2022-01-18,Tulare,107,460477,88721,82667,22101,104768,1196
2022-01-18,Tuolumne,109,53932,10298,9528,285,9813,91
2022-01-18,Ventura,111,848112,154179,143384,8360,151744,1233
2022-01-18,Yolo,113,214977,31038,28786,2449,31235,270
2022-01-18,Yuba,115,75493,13661,12971,755,13726,101
2022-01-17,Alameda,001,1643700,208691,193276,9785,203061,1565
2022-01-17,Alpine,003,1148,116,118,0,118,0
2022-01-17,Amador,005,37829,7048,6640,233,6873,73
2022-01-17,Butte,007,227075,27961,26303,5271,31574,348
2022-01-17,Calaveras,009,45235,6021,5584,142,5726,94
2022-01-17,Colusa,011,21464,2998,2905,913,3818,21
2022-01-17,Contra Costa,013,1133247,157782,147993,8785,156778,1086
2022-01-17,Del Norte,015,27424,4331,4209,92,4301,43
2022-01-17,El Dorado,017,186661,23357,21540,2563,24103,175
2022-01-17,Fresno,019,978130,187043,176959,16853,193812,2426
2022-01-17,Glenn,021,27897,4282,4055,1324,5379,39
2022-01-17,Humboldt,023,135768,14050,13120,1802,14922,125
2022-01-17,Imperial,025,180216,46861,44412,7644,52056,821
2022-01-17,Inyo,027,18085,3761,3650,165,3815,49
2022-01-17,Kern,029,883053,166775,157645,36687,194332,1944
2022-01-17,Kings,031,150075,41463,39143,2602,41745,392
2022-01-17,Lake,033,64148,8416,7864,531,8395,117
2022-01-17,Lassen,035,31185,7644,7417,629,8046,55
2022-01-17,Los Angeles,037,10098052,2366991,2205740,106818,2312558,27832
2022-01-17,Madera,039,155013,30361,28568,3448,32016,329
2022-01-17,Marin,041,260295,28500,26633,1673,28306,251
2022-01-17,Mariposa,043,17540,1994,1862,90,1952,6
2022-01-17,Mendocino,045,87422,10790,10030,1512,11542,103
2022-01-17,Merced,047,269075,53880,51227,4187,55414,718
2022-01-17,Modoc,049,8938,647,630,218,848,6
2022-01-17,Mono,051,14174,2752,2642,96,2738,4
2022-01-17,Monterey,053,433212,65201,57318,7261,64579,647
2022-01-17,Napa,055,140530,21103,19647,589,20236,109
2022-01-17,Nevada,057,99092,13554,12414,770,13184,111
2022-01-17,Orange,059,3164182,489193,457418,35659,493077,5933
2022-01-17,Placer,061,380077,53798,50511,6084,56595,508
2022-01-17,Plumas,063,18699,2340,2205,145,2350,12
2022-01-17,Riverside,065,2383286,523014,491322,24292,515614,5600
2022-01-17,Sacramento,067,1510023,235241,221143,16846,237989,2497
2022-01-17,San Benito,069,59416,10919,10432,345,10777,88
2022-01-17,San Bernardino,071,2135413,505942,480243,20952,501195,6259
2022-01-17,San Diego,073,3302833,637996,569241,40704,609945,4545
2022-01-17,San Francisco,075,870044,104197,95292,6568,101860,694
2022-01-17,San Joaquin,077,732212,141367,133414,7796,141210,1958
2022-01-17,San Luis Obispo,079,281455,43487,40425,2708,43133,379
2022-01-17,San Mateo,081,765935,101229,87013,4637,91650,585
2022-01-17,Santa Barbara,083,443738,70579,66704,3350,70054,581
2022-01-17,Santa Clara,085,1922200,253674,237934,8122,246056,1985
2022-01-17,Santa Cruz,087,273765,34411,31714,1597,33311,237
2022-01-17,Shasta,089,179085,26305,25025,4709,29734,448
2022-01-17,Sierra,091,2930,256,242,28,270,0
2022-01-17,Siskiyou,093,43540,3881,3764,1934,5698,62
2022-01-17,Solano,095,438530,67119,61497,3953,65450,391
2022-01-17,Sonoma,097,501317,67577,62763,1732,64495,419
2022-01-17,Stanislaus,099,539301,102233,96951,12680,109631,1379
2022-01-17,Sutter,101,95872,17858,17159,878,18037,198
2022-01-17,Tehama,103,63373,10375,9912,2085,11997,142
2022-01-17,Trinity,105,12862,1005,906,250,1156,19
2022-01-17,Tulare,107,460477,87088,81741,21538,103279,1199
2022-01-17,Tuolumne,109,53932,10162,9416,251,9667,91
2022-01-17,Ventura,111,848112,152063,142070,8249,150319,1234
2022-01-17,Yolo,113,214977,30533,28638,2383,31021,270
2022-01-17,Yuba,115,75493,13462,12871,699,13570,101
2022-01-16,Alameda,001,1643700,205644,190691,9531,200222,1564
2022-01-16,Alpine,003,1148,116,118,0,118,0
2022-01-16,Amador,005,37829,6974,6618,226,6844,73
2022-01-16,Butte,007,227075,27628,26139,5221,31360,348
2022-01-16,Calaveras,009,45235,5920,5537,138,5675,94
2022-01-16,Colusa,011,21464,2981,2886,901,3787,21
2022-01-16,Contra Costa,013,1133247,155868,146307,8584,154891,1086
2022-01-16,Del Norte,015,27424,4286,4177,90,4267,43
2022-01-16,El Dorado,017,186661,23078,21303,2524,23827,175
2022-01-16,Fresno,019,978130,184365,174818,16521,191339,2425
2022-01-16,Glenn,021,27897,4227,4049,1302,5351,39
2022-01-16,Humboldt,023,135768,13900,13075,1783,14858,125
2022-01-16,Imperial,025,180216,46284,44035,7515,51550,821
2022-01-16,Inyo,027,18085,3724,3602,143,3745,49
2022-01-16,Kern,029,883053,165510,156655,35894,192549,1944
2022-01-16,Kings,031,150075,41089,38861,2575,41436,392
2022-01-16,Lake,033,64148,8311,7823,496,8319,117
2022-01-16,Lassen,035,31185,7601,7391,615,8006,55
2022-01-16,Los Angeles,037,10098052,2343826,2174403,105324,2279727,27805
2022-01-16,Madera,039,155013,29989,28313,3398,31711,329
2022-01-16,Marin,041,260295,28208,26292,1658,27950,251
2022-01-16,Mariposa,043,17540,1967,1851,85,1936,6
2022-01-16,Mendocino,045,87422,10644,9992,1395,11387,102
2022-01-16,Merced,047,269075,53293,50882,4165,55047,718
2022-01-16,Modoc,049,8938,644,629,218,847,6
2022-01-16,Mono,051,14174,2748,2614,94,2708,4
2022-01-16,Monterey,053,433212,64451,57012,7119,64131,647
2022-01-16,Napa,055,140530,20837,19521,578,20099,109
2022-01-16,Nevada,057,99092,13335,12307,750,13057,111
2022-01-16,Orange,059,3164182,483782,451962,35118,487080,5932
2022-01-16,Placer,061,380077,53075,50076,5972,56048,508
2022-01-16,Plumas,063,18699,2310,2204,136,2340,12
2022-01-16,Riverside,065,2383286,517527,485191,24062,509253,5600
2022-01-16,Sacramento,067,1510023,232420,218819,16123,234942,2491
2022-01-16,San Benito,069,59416,10763,10377,343,10720,88
2022-01-16,San Bernardino,071,2135413,502225,474425,20728,495153,6259
2022-01-16,San Diego,073,3302833,630467,569241,40325,609566,4545
2022-01-16,San Francisco,075,870044,102649,94139,6429,100568,694
2022-01-16,San Joaquin,077,732212,139581,132214,7706,139920,1958
2022-01-16,San Luis Obispo,079,281455,42831,40113,2669,42782,379
2022-01-16,San Mateo,081,765935,99740,85966,4539,90505,585
2022-01-16,Santa Barbara,083,443738,69554,66111,3311,69422,582
2022-01-16,Santa Clara,085,1922200,249932,234293,7970,242263,1984
2022-01-16,Santa Cruz,087,273765,33790,31469,1579,33048,237
2022-01-16,Shasta,089,179085,26059,24980,4641,29621,449
2022-01-16,Sierra,091,2930,253,238,28,266,0
2022-01-16,Siskiyou,093,43540,3854,3748,1894,5642,62
2022-01-16,Solano,095,438530,66431,60885,3820,64705,391
2022-01-16,Sonoma,097,501317,66506,61842,1712,63554,419
2022-01-16,Stanislaus,099,539301,101166,96370,12542,108912,1379
2022-01-16,Sutter,101,95872,17656,16996,864,17860,198
2022-01-16,Tehama,103,63373,10295,9868,2065,11933,142
2022-01-16,Trinity,105,12862,1001,889,248,1137,19
2022-01-16,Tulare,107,460477,85855,80867,21277,102144,1199
2022-01-16,Tuolumne,109,53932,10056,9369,242,9611,91
2022-01-16,Ventura,111,848112,150487,140715,8177,148892,1234
2022-01-16,Yolo,113,214977,30148,28481,2327,30808,270
2022-01-16,Yuba,115,75493,13287,12760,693,13453,101
2022-01-15,Alameda,001,1643700,204294,177768,9480,187248,1561
2022-01-15,Alpine,003,1148,116,117,0,117,0
2022-01-15,Amador,005,37829,6942,6434,212,6646,72
2022-01-15,Butte,007,227075,27473,25032,5170,30202,348
2022-01-15,Calaveras,009,45235,5888,5258,138,5396,93
2022-01-15,Colusa,011,21464,2968,2796,893,3689,21
2022-01-15,Contra Costa,013,1133247,154652,137643,8540,146183,1082
2022-01-15,Del Norte,015,27424,4271,4065,88,4153,43
2022-01-15,El Dorado,017,186661,22978,20434,2507,22941,175
2022-01-15,Fresno,019,978130,183441,167361,16454,183815,2415
2022-01-15,Glenn,021,27897,4220,3906,1295,5201,39
2022-01-15,Humboldt,023,135768,13797,12419,1767,14186,123
2022-01-15,Imperial,025,180216,46146,42508,7403,49911,817
2022-01-15,Inyo,027,18085,3714,3395,143,3538,49
2022-01-15,Kern,029,883053,164668,150085,35506,185591,1938
2022-01-15,Kings,031,150075,40839,37221,2563,39784,391
2022-01-15,Lake,033,64148,8272,7641,483,8124,117
2022-01-15,Lassen,035,31185,7561,7274,609,7883,55
2022-01-15,Los Angeles,037,10098052,2332304,2047927,104356,2152283,27641
2022-01-15,Madera,039,155013,29841,27294,3376,30670,329
2022-01-15,Marin,041,260295,28023,25248,1651,26899,251
2022-01-15,Mariposa,043,17540,1960,1762,85,1847,6
2022-01-15,Mendocino,045,87422,10571,9534,1390,10924,102
2022-01-15,Merced,047,269075,53128,48904,4154,53058,715
2022-01-15,Modoc,049,8938,642,628,218,846,6
2022-01-15,Mono,051,14174,2743,2508,93,2601,4
2022-01-15,Monterey,053,433212,63944,55315,7055,62370,647
2022-01-15,Napa,055,140530,20716,17648,573,18221,109
2022-01-15,Nevada,057,99092,13278,11773,736,12509,111
2022-01-15,Orange,059,3164182,481184,433141,34843,467984,5914
2022-01-15,Placer,061,380077,52792,47780,5938,53718,501
2022-01-15,Plumas,063,18699,2290,2158,131,2289,12
2022-01-15,Riverside,065,2383286,514855,466381,23926,490307,5578
2022-01-15,Sacramento,067,1510023,231304,208156,16020,224176,2491
2022-01-15,San Benito,069,59416,10664,9868,337,10205,87
2022-01-15,San Bernardino,071,2135413,499994,454395,20592,474987,6233
2022-01-15,San Diego,073,3302833,626707,559385,40093,599478,4540
2022-01-15,San Francisco,075,870044,101646,88004,6291,94295,692
2022-01-15,San Joaquin,077,732212,139020,125136,7614,132750,1954
2022-01-15,San Luis Obispo,079,281455,42642,38231,2656,40887,374
2022-01-15,San Mateo,081,765935,98792,80494,4497,84991,582
2022-01-15,Santa Barbara,083,443738,68954,62312,3300,65612,579
2022-01-15,Santa Clara,085,1922200,247707,218986,7852,226838,1974
2022-01-15,Santa Cruz,087,273765,33444,29414,1575,30989,235
2022-01-15,Shasta,089,179085,25971,24482,4609,29091,445
2022-01-15,Sierra,091,2930,252,232,27,259,0
2022-01-15,Siskiyou,093,43540,3842,3661,1883,5544,62
2022-01-15,Solano,095,438530,66151,58061,3769,61830,389
2022-01-15,Sonoma,097,501317,65924,58181,1706,59887,418
2022-01-15,Stanislaus,099,539301,100583,92986,12444,105430,1379
2022-01-15,Sutter,101,95872,17565,16345,856,17201,197
2022-01-15,Tehama,103,63373,10247,9572,2047,11619,141
2022-01-15,Trinity,105,12862,998,872,248,1120,19
2022-01-15,Tulare,107,460477,85428,77769,21162,98931,1192
2022-01-15,Tuolumne,109,53932,9956,9042,237,9279,91
2022-01-15,Ventura,111,848112,149713,134736,8141,142877,1227
2022-01-15,Yolo,113,214977,29975,27311,2307,29618,270
2022-01-15,Yuba,115,75493,13225,12200,689,12889,101
2022-01-14,Alameda,001,1643700,202248,177768,9426,187194,1561
2022-01-14,Alpine,003,1148,116,117,0,117,0
2022-01-14,Amador,005,37829,6867,6434,203,6637,72
2022-01-14,Butte,007,227075,27287,25032,5143,30175,348
2022-01-14,Calaveras,009,45235,5852,5258,137,5395,93
2022-01-14,Colusa,011,21464,2959,2796,883,3679,21
2022-01-14,Contra Costa,013,1133247,153209,137643,8440,146083,1082
2022-01-14,Del Norte,015,27424,4244,4065,87,4152,43
2022-01-14,El Dorado,017,186661,22824,20434,2488,22922,175
2022-01-14,Fresno,019,978130,181821,167361,16384,183745,2415
2022-01-14,Glenn,021,27897,4198,3906,1286,5192,39
2022-01-14,Humboldt,023,135768,13691,12419,1734,14153,123
2022-01-14,Imperial,025,180216,45978,42508,7383,49891,817
2022-01-14,Inyo,027,18085,3689,3395,139,3534,49
2022-01-14,Kern,029,883053,163671,150085,35069,185154,1938
2022-01-14,Kings,031,150075,40590,37221,2554,39775,391
2022-01-14,Lake,033,64148,8215,7641,470,8111,117
2022-01-14,Lassen,035,31185,7531,7274,597,7871,55
2022-01-14,Los Angeles,037,10098052,2313024,2047927,103325,2151252,27641
2022-01-14,Madera,039,155013,29603,27294,3352,30646,329
2022-01-14,Marin,041,260295,27766,25248,1615,26863,251
2022-01-14,Mariposa,043,17540,1945,1762,85,1847,6
2022-01-14,Mendocino,045,87422,10459,9534,1377,10911,102
2022-01-14,Merced,047,269075,52946,48904,4134,53038,715
2022-01-14,Modoc,049,8938,641,628,218,846,6
2022-01-14,Mono,051,14174,2722,2508,91,2599,4
2022-01-14,Monterey,053,433212,63262,55315,6967,62282,647
2022-01-14,Napa,055,140530,20546,17648,567,18215,109
2022-01-14,Nevada,057,99092,13155,11773,722,12495,111
2022-01-14,Orange,059,3164182,477429,433141,34534,467675,5914
2022-01-14,Placer,061,380077,52359,47780,5854,53634,501
2022-01-14,Plumas,063,18699,2282,2158,124,2282,12
2022-01-14,Riverside,065,2383286,511338,466381,23781,490162,5578
2022-01-14,Sacramento,067,1510023,229455,208156,15864,224020,2491
2022-01-14,San Benito,069,59416,10611,9868,336,10204,87
2022-01-14,San Bernardino,071,2135413,496956,454395,20405,474800,6233
2022-01-14,San Diego,073,3302833,621117,559385,39846,599231,4540
2022-01-14,San Francisco,075,870044,100460,88004,6115,94119,692
2022-01-14,San Joaquin,077,732212,138170,125136,7565,132701,1954
2022-01-14,San Luis Obispo,079,281455,42477,38231,2633,40864,374
2022-01-14,San Mateo,081,765935,97599,80494,4468,84962,582
2022-01-14,Santa Barbara,083,443738,68440,62312,3291,65603,579
2022-01-14,Santa Clara,085,1922200,245102,218986,7747,226733,1974
2022-01-14,Santa Cruz,087,273765,33080,29414,1568,30982,235
2022-01-14,Shasta,089,179085,25856,24482,4575,29057,445
2022-01-14,Sierra,091,2930,250,232,25,257,0
2022-01-14,Siskiyou,093,43540,3831,3661,1870,5531,62
2022-01-14,Solano,095,438530,65285,58061,3677,61738,389
2022-01-14,Sonoma,097,501317,65388,58181,1680,59861,418
2022-01-14,Stanislaus,099,539301,99975,92986,12343,105329,1379
2022-01-14,Sutter,101,95872,17436,16345,847,17192,197
2022-01-14,Tehama,103,63373,10197,9572,2036,11608,141
2022-01-14,Trinity,105,12862,993,872,246,1118,19
2022-01-14,Tulare,107,460477,84928,77769,20997,98766,1192
2022-01-14,Tuolumne,109,53932,9833,9042,232,9274,91
2022-01-14,Ventura,111,848112,148610,134736,8083,142819,1227
2022-01-14,Yolo,113,214977,29740,27311,2278,29589,270
2022-01-14,Yuba,115,75493,13123,12200,684,12884,101
2022-01-13,Alameda,001,1643700,197939,177768,9068,186836,1561
2022-01-13,Alpine,003,1148,115,117,0,117,0
2022-01-13,Amador,005,37829,6808,6434,182,6616,72
2022-01-13,Butte,007,227075,26988,25032,5032,30064,348
2022-01-13,Calaveras,009,45235,5761,5258,133,5391,93
2022-01-13,Colusa,011,21464,2928,2796,873,3669,21
2022-01-13,Contra Costa,013,1133247,150672,137643,7981,145624,1082
2022-01-13,Del Norte,015,27424,4209,4065,86,4151,43
2022-01-13,El Dorado,017,186661,22574,20434,2442,22876,175
2022-01-13,Fresno,019,978130,179049,167361,16032,183393,2415
2022-01-13,Glenn,021,27897,4151,3906,1260,5166,39
2022-01-13,Humboldt,023,135768,13537,12419,1672,14091,123
2022-01-13,Imperial,025,180216,45432,42508,7199,49707,817
2022-01-13,Inyo,027,18085,3633,3395,122,3517,49
2022-01-13,Kern,029,883053,162088,150085,34470,184555,1938
2022-01-13,Kings,031,150075,40105,37221,2508,39729,391
2022-01-13,Lake,033,64148,8115,7641,449,8090,117
2022-01-13,Lassen,035,31185,7503,7274,580,7854,55
2022-01-13,Los Angeles,037,10098052,2276613,2047927,101635,2149562,27641
2022-01-13,Madera,039,155013,29138,27294,3259,30553,329
2022-01-13,Marin,041,260295,27423,25248,1571,26819,251
2022-01-13,Mariposa,043,17540,1922,1762,82,1844,6
2022-01-13,Mendocino,045,87422,10368,9534,1308,10842,102
2022-01-13,Merced,047,269075,52288,48904,3868,52772,715
2022-01-13,Modoc,049,8938,638,628,218,846,6
2022-01-13,Mono,051,14174,2699,2508,89,2597,4
2022-01-13,Monterey,053,433212,62358,55315,6681,61996,647
2022-01-13,Napa,055,140530,20249,17648,557,18205,109
2022-01-13,Nevada,057,99092,12966,11773,692,12465,111
2022-01-13,Orange,059,3164182,470960,433141,34084,467225,5914
2022-01-13,Placer,061,380077,51720,47780,5747,53527,501
2022-01-13,Plumas,063,18699,2262,2158,116,2274,12
2022-01-13,Riverside,065,2383286,505060,466381,23447,489828,5578
2022-01-13,Sacramento,067,1510023,226540,208156,15074,223230,2491
2022-01-13,San Benito,069,59416,10509,9868,328,10196,87
2022-01-13,San Bernardino,071,2135413,491370,454395,19954,474349,6233
2022-01-13,San Diego,073,3302833,612627,559385,39018,598403,4540
2022-01-13,San Francisco,075,870044,98709,88004,5914,93918,692
2022-01-13,San Joaquin,077,732212,136089,125136,7454,132590,1954
2022-01-13,San Luis Obispo,079,281455,41872,38231,2528,40759,374
2022-01-13,San Mateo,081,765935,95867,80494,4229,84723,582
2022-01-13,Santa Barbara,083,443738,67443,62312,3104,65416,579
2022-01-13,Santa Clara,085,1922200,240794,218986,7413,226399,1974
2022-01-13,Santa Cruz,087,273765,32300,29414,1549,30963,235
2022-01-13,Shasta,089,179085,25646,24482,4501,28983,445
2022-01-13,Sierra,091,2930,249,232,25,257,0
2022-01-13,Siskiyou,093,43540,3809,3661,1829,5490,62
2022-01-13,Solano,095,438530,64142,58061,3565,61626,389
2022-01-13,Sonoma,097,501317,64318,58181,1624,59805,418
2022-01-13,Stanislaus,099,539301,98859,92986,12083,105069,1379
2022-01-13,Sutter,101,95872,17236,16345,791,17136,197
2022-01-13,Tehama,103,63373,10098,9572,1991,11563,141
2022-01-13,Trinity,105,12862,985,872,246,1118,19
2022-01-13,Tulare,107,460477,83743,77769,20695,98464,1192
2022-01-13,Tuolumne,109,53932,9692,9042,214,9256,91
2022-01-13,Ventura,111,848112,146824,134736,8000,142736,1227
2022-01-13,Yolo,113,214977,29339,27311,2234,29545,270
2022-01-13,Yuba,115,75493,12986,12200,656,12856,101
2022-01-12,Alameda,001,1643700,193320,173001,8601,181602,1563
2022-01-12,Alpine,003,1148,115,117,0,117,0
2022-01-12,Amador,005,37829,6760,6354,168,6522,71
2022-01-12,Butte,007,227075,26662,24631,4942,29573,348
2022-01-12,Calaveras,009,45235,5682,5151,127,5278,93
2022-01-12,Colusa,011,21464,2888,2772,860,3632,21
2022-01-12,Contra Costa,013,1133247,148123,134579,7616,142195,1077
2022-01-12,Del Norte,015,27424,4182,4019,84,4103,43
2022-01-12,El Dorado,017,186661,22251,20092,2402,22494,175
2022-01-12,Fresno,019,978130,176321,165316,15651,180967,2413
2022-01-12,Glenn,021,27897,4099,3859,1238,5097,39
2022-01-12,Humboldt,023,135768,13365,12081,1591,13672,122
2022-01-12,Imperial,025,180216,44785,41985,6876,48861,814
2022-01-12,Inyo,027,18085,3587,3334,106,3440,49
2022-01-12,Kern,029,883053,159962,148435,33735,182170,1933
2022-01-12,Kings,031,150075,39468,36780,2466,39246,391
2022-01-12,Lake,033,64148,8000,7535,405,7940,117
2022-01-12,Lassen,035,31185,7460,7223,552,7775,55
2022-01-12,Los Angeles,037,10098052,2236988,2005065,99434,2104499,27601
2022-01-12,Madera,039,155013,28820,26952,3170,30122,329
2022-01-12,Marin,041,260295,26937,24704,1520,26224,251
2022-01-12,Mariposa,043,17540,1893,1725,80,1805,6
2022-01-12,Mendocino,045,87422,10203,9379,1209,10588,103
2022-01-12,Merced,047,269075,51587,48441,3592,52033,710
2022-01-12,Modoc,049,8938,636,627,218,845,6
2022-01-12,Mono,051,14174,2663,2466,85,2551,4
2022-01-12,Monterey,053,433212,61399,54524,6319,60843,647
2022-01-12,Napa,055,140530,19991,17347,534,17881,109
2022-01-12,Nevada,057,99092,12749,11552,643,12195,111
2022-01-12,Orange,059,3164182,464173,425737,33480,459217,5912
2022-01-12,Placer,061,380077,51062,47004,5636,52640,501
2022-01-12,Plumas,063,18699,2234,2135,105,2240,12
2022-01-12,Riverside,065,2383286,497852,458881,23099,481980,5565
2022-01-12,Sacramento,067,1510023,223150,204696,14196,218892,2479
2022-01-12,San Benito,069,59416,10378,9737,316,10053,87
2022-01-12,San Bernardino,071,2135413,485253,447869,19348,467217,6222
2022-01-12,San Diego,073,3302833,602201,551669,38197,589866,4529
2022-01-12,San Francisco,075,870044,96845,85700,5798,91498,691
2022-01-12,San Joaquin,077,732212,133787,122850,7336,130186,1948
2022-01-12,San Luis Obispo,079,281455,41141,37727,2445,40172,373
2022-01-12,San Mateo,081,765935,93875,78476,3851,82327,582
2022-01-12,Santa Barbara,083,443738,66292,60815,3001,63816,578
2022-01-12,Santa Clara,085,1922200,236256,213177,7031,220208,1971
2022-01-12,Santa Cruz,087,273765,31651,28463,1509,29972,235
2022-01-12,Shasta,089,179085,25430,24324,4435,28759,446
2022-01-12,Sierra,091,2930,248,228,25,253,0
2022-01-12,Siskiyou,093,43540,3782,3639,1782,5421,62
2022-01-12,Solano,095,438530,63087,57052,3441,60493,386
2022-01-12,Sonoma,097,501317,63030,56394,1546,57940,417
2022-01-12,Stanislaus,099,539301,97621,91738,11769,103507,1373
2022-01-12,Sutter,101,95872,17037,16135,761,16896,197
2022-01-12,Tehama,103,63373,10011,9475,1931,11406,141
2022-01-12,Trinity,105,12862,982,868,245,1113,19
2022-01-12,Tulare,107,460477,82711,76943,20307,97250,1192
2022-01-12,Tuolumne,109,53932,9561,8870,196,9066,91
2022-01-12,Ventura,111,848112,144915,132180,7921,140101,1220
2022-01-12,Yolo,113,214977,28941,26888,2156,29044,270
2022-01-12,Yuba,115,75493,12828,12015,629,12644,101
2022-01-11,Alameda,001,1643700,188812,169181,8202,177383,1561
2022-01-11,Alpine,003,1148,115,116,0,116,0
2022-01-11,Amador,005,37829,6676,6317,153,6470,71
2022-01-11,Butte,007,227075,26269,24479,4852,29331,347
2022-01-11,Calaveras,009,45235,5552,5083,113,5196,93
2022-01-11,Colusa,011,21464,2865,2766,846,3612,21
2022-01-11,Contra Costa,013,1133247,145159,132410,7129,139539,1077
2022-01-11,Del Norte,015,27424,4147,4006,82,4088,43
2022-01-11,El Dorado,017,186661,21903,19842,2330,22172,174
2022-01-11,Fresno,019,978130,173277,163509,15354,178863,2404
2022-01-11,Glenn,021,27897,4037,3844,1188,5032,39
2022-01-11,Humboldt,023,135768,13141,11960,1499,13459,122
2022-01-11,Imperial,025,180216,44170,41444,6686,48130,813
2022-01-11,Inyo,027,18085,3488,3278,99,3377,49
2022-01-11,Kern,029,883053,157714,146942,32904,179846,1929
2022-01-11,Kings,031,150075,38878,36524,2436,38960,389
2022-01-11,Lake,033,64148,7923,7494,389,7883,117
2022-01-11,Lassen,035,31185,7411,7210,538,7748,55
2022-01-11,Los Angeles,037,10098052,2194565,1966319,97238,2063557,27563
2022-01-11,Madera,039,155013,28404,26688,3094,29782,329
2022-01-11,Marin,041,260295,26585,24387,1475,25862,251
2022-01-11,Mariposa,043,17540,1871,1718,77,1795,6
2022-01-11,Mendocino,045,87422,10041,9301,1111,10412,102
2022-01-11,Merced,047,269075,50823,48068,3410,51478,708
2022-01-11,Modoc,049,8938,635,626,217,843,6
2022-01-11,Mono,051,14174,2620,2425,84,2509,4
2022-01-11,Monterey,053,433212,60363,53911,5970,59881,646
2022-01-11,Napa,055,140530,19550,17020,485,17505,109
2022-01-11,Nevada,057,99092,12521,11467,609,12076,110
2022-01-11,Orange,059,3164182,456497,417703,32839,450542,5909
2022-01-11,Placer,061,380077,50310,46459,5492,51951,500
2022-01-11,Plumas,063,18699,2211,2099,99,2198,12
2022-01-11,Riverside,065,2383286,490133,453766,22776,476542,5551
2022-01-11,Sacramento,067,1510023,219184,201058,13154,214212,2489
2022-01-11,San Benito,069,59416,10238,9624,304,9928,83
2022-01-11,San Bernardino,071,2135413,477773,442960,18755,461715,6198
2022-01-11,San Diego,073,3302833,590233,536954,37160,574114,4520
2022-01-11,San Francisco,075,870044,94621,83678,5634,89312,691
2022-01-11,San Joaquin,077,732212,131409,121139,7206,128345,1944
2022-01-11,San Luis Obispo,079,281455,40368,37183,2326,39509,372
2022-01-11,San Mateo,081,765935,91636,76756,3628,80384,582
2022-01-11,Santa Barbara,083,443738,64983,59758,2863,62621,578
2022-01-11,Santa Clara,085,1922200,230813,208425,6573,214998,1971
2022-01-11,Santa Cruz,087,273765,31145,27709,1464,29173,232
2022-01-11,Shasta,089,179085,25176,24132,4340,28472,446
2022-01-11,Sierra,091,2930,246,228,25,253,0
2022-01-11,Siskiyou,093,43540,3757,3621,1731,5352,62
2022-01-11,Solano,095,438530,61657,56349,3284,59633,388
2022-01-11,Sonoma,097,501317,61509,55411,1467,56878,416
2022-01-11,Stanislaus,099,539301,96258,90998,11431,102429,1372
2022-01-11,Sutter,101,95872,16837,15993,709,16702,197
2022-01-11,Tehama,103,63373,9879,9406,1883,11289,140
2022-01-11,Trinity,105,12862,970,858,243,1101,19
2022-01-11,Tulare,107,460477,81499,76267,19898,96165,1188
2022-01-11,Tuolumne,109,53932,9403,8811,189,9000,91
2022-01-11,Ventura,111,848112,142683,129548,7788,137336,1220
2022-01-11,Yolo,113,214977,28393,26482,2094,28576,270
2022-01-11,Yuba,115,75493,12654,11912,608,12520,101
2022-01-10,Alameda,001,1643700,183705,165657,7675,173332,1559
2022-01-10,Alpine,003,1148,115,116,0,116,0
2022-01-10,Amador,005,37829,6572,6279,136,6415,71
2022-01-10,Butte,007,227075,25926,24217,4760,28977,347
2022-01-10,Calaveras,009,45235,5452,5025,107,5132,93
2022-01-10,Colusa,011,21464,2837,2758,836,3594,21
2022-01-10,Contra Costa,013,1133247,142425,129951,6617,136568,1077
2022-01-10,Del Norte,015,27424,4124,3970,82,4052,43
2022-01-10,El Dorado,017,186661,21335,19606,2273,21879,172
2022-01-10,Fresno,019,978130,170232,161593,14996,176589,2404
2022-01-10,Glenn,021,27897,3978,3807,1175,4982,39
2022-01-10,Humboldt,023,135768,12896,11778,1367,13145,121
2022-01-10,Imperial,025,180216,43456,41080,6478,47558,811
2022-01-10,Inyo,027,18085,3434,3227,87,3314,49
2022-01-10,Kern,029,883053,155131,145744,32149,177893,1929
2022-01-10,Kings,031,150075,38245,36286,2399,38685,389
2022-01-10,Lake,033,64148,7834,7416,365,7781,117
2022-01-10,Lassen,035,31185,7374,7192,516,7708,55
2022-01-10,Los Angeles,037,10098052,2149079,1932475,94876,2027351,27546
2022-01-10,Madera,039,155013,27951,26501,2995,29496,328
2022-01-10,Marin,041,260295,26099,24023,1401,25424,251
2022-01-10,Mariposa,043,17540,1831,1684,71,1755,6
2022-01-10,Mendocino,045,87422,9868,9163,1023,10186,101
2022-01-10,Merced,047,269075,50024,47632,3123,50755,707
2022-01-10,Modoc,049,8938,634,622,215,837,6
2022-01-10,Mono,051,14174,2554,2415,79,2494,4
2022-01-10,Monterey,053,433212,59411,53485,5651,59136,645
2022-01-10,Napa,055,140530,19172,16775,470,17245,109
2022-01-10,Nevada,057,99092,12295,11300,571,11871,110
2022-01-10,Orange,059,3164182,447792,406170,31989,438159,5906
2022-01-10,Placer,061,380077,49452,45642,5331,50973,498
2022-01-10,Plumas,063,18699,2190,2086,97,2183,12
2022-01-10,Riverside,065,2383286,481881,445536,22319,467855,5546
2022-01-10,Sacramento,067,1510023,214924,198023,12112,210135,2474
2022-01-10,San Benito,069,59416,10066,9467,294,9761,83
2022-01-10,San Bernardino,071,2135413,469778,437207,18053,455260,6184
2022-01-10,San Diego,073,3302833,577585,530506,36059,566565,4500
2022-01-10,San Francisco,075,870044,92810,82209,5371,87580,690
2022-01-10,San Joaquin,077,732212,128730,119587,7008,126595,1927
2022-01-10,San Luis Obispo,079,281455,39550,36618,2228,38846,371
2022-01-10,San Mateo,081,765935,89034,75210,3372,78582,582
2022-01-10,Santa Barbara,083,443738,63717,58957,2671,61628,578
2022-01-10,Santa Clara,085,1922200,224956,203540,6093,209633,1971
2022-01-10,Santa Cruz,087,273765,30300,26906,1429,28335,232
2022-01-10,Shasta,089,179085,24977,23983,4264,28247,446
2022-01-10,Sierra,091,2930,243,223,25,248,0
2022-01-10,Siskiyou,093,43540,3723,3592,1687,5279,62
2022-01-10,Solano,095,438530,60602,55663,3074,58737,385
2022-01-10,Sonoma,097,501317,59965,54478,1426,55904,412
2022-01-10,Stanislaus,099,539301,94921,89997,11120,101117,1372
2022-01-10,Sutter,101,95872,16593,15823,664,16487,196
2022-01-10,Tehama,103,63373,9768,9360,1829,11189,140
2022-01-10,Trinity,105,12862,966,849,241,1090,19
2022-01-10,Tulare,107,460477,80100,75498,19494,94992,1186
2022-01-10,Tuolumne,109,53932,9278,8685,177,8862,91
2022-01-10,Ventura,111,848112,140081,126240,7648,133888,1217
2022-01-10,Yolo,113,214977,27840,26065,2041,28106,270
2022-01-10,Yuba,115,75493,12404,11776,573,12349,101
2022-01-09,Alameda,001,1643700,179216,162701,6995,169696,1561
2022-01-09,Alpine,003,1148,115,116,0,116,0
2022-01-09,Amador,005,37829,6485,6215,124,6339,71
2022-01-09,Butte,007,227075,25537,24018,4645,28663,347
2022-01-09,Calaveras,009,45235,5321,4976,98,5074,93
2022-01-09,Colusa,011,21464,2810,2750,814,3564,21
2022-01-09,Contra Costa,013,1133247,139583,128050,5963,134013,1077
2022-01-09,Del Norte,015,27424,4083,3950,78,4028,43
2022-01-09,El Dorado,017,186661,20973,19430,2207,21637,172
2022-01-09,Fresno,019,978130,167645,159989,14666,174655,2405
2022-01-09,Glenn,021,27897,3923,3797,1150,4947,39
2022-01-09,Humboldt,023,135768,12649,11582,1244,12826,121
2022-01-09,Imperial,025,180216,42618,40608,6229,46837,811
2022-01-09,Inyo,027,18085,3332,3149,78,3227,49
2022-01-09,Kern,029,883053,152664,144819,31398,176217,1927
2022-01-09,Kings,031,150075,37562,36041,2361,38402,389
2022-01-09,Lake,033,64148,7723,7393,321,7714,117
2022-01-09,Lassen,035,31185,7310,7172,487,7659,55
2022-01-09,Los Angeles,037,10098052,2101150,1887830,91959,1979789,27532
2022-01-09,Madera,039,155013,27567,26325,2895,29220,328
2022-01-09,Marin,041,260295,25646,23708,1309,25017,251
2022-01-09,Mariposa,043,17540,1781,1660,70,1730,6
2022-01-09,Mendocino,045,87422,9655,9097,912,10009,101
2022-01-09,Merced,047,269075,49157,47294,2852,50146,706
2022-01-09,Modoc,049,8938,632,619,215,834,6
2022-01-09,Mono,051,14174,2519,2390,72,2462,4
2022-01-09,Monterey,053,433212,58361,53251,5377,58628,645
2022-01-09,Napa,055,140530,18677,16614,454,17068,109
2022-01-09,Nevada,057,99092,12031,11152,509,11661,110
2022-01-09,Orange,059,3164182,437797,400563,31051,431614,5905
2022-01-09,Placer,061,380077,48469,45081,5184,50265,498
2022-01-09,Plumas,063,18699,2156,2081,76,2157,12
2022-01-09,Riverside,065,2383286,472906,440413,21772,462185,5546
2022-01-09,Sacramento,067,1510023,210315,195444,10986,206430,2475
2022-01-09,San Benito,069,59416,9880,9363,266,9629,83
2022-01-09,San Bernardino,071,2135413,461910,430257,17255,447512,6180
2022-01-09,San Diego,073,3302833,564456,478206,34241,512447,4500
2022-01-09,San Francisco,075,870044,90936,80463,5119,85582,690
2022-01-09,San Joaquin,077,732212,125656,118422,6863,125285,1927
2022-01-09,San Luis Obispo,079,281455,38738,36291,2120,38411,371
2022-01-09,San Mateo,081,765935,86532,73867,3041,76908,582
2022-01-09,Santa Barbara,083,443738,62033,58280,2410,60690,578
2022-01-09,Santa Clara,085,1922200,218847,199889,5549,205438,1976
2022-01-09,Santa Cruz,087,273765,29549,26513,1399,27912,232
2022-01-09,Shasta,089,179085,24743,23926,4176,28102,446
2022-01-09,Sierra,091,2930,240,223,24,247,0
2022-01-09,Siskiyou,093,43540,3695,3580,1626,5206,62
2022-01-09,Solano,095,438530,59438,54985,2790,57775,384
2022-01-09,Sonoma,097,501317,58289,53543,1393,54936,412
2022-01-09,Stanislaus,099,539301,93547,89248,10869,100117,1372
2022-01-09,Sutter,101,95872,16308,15695,590,16285,196
2022-01-09,Tehama,103,63373,9647,9306,1777,11083,140
2022-01-09,Trinity,105,12862,962,848,239,1087,19
2022-01-09,Tulare,107,460477,78775,75085,19123,94208,1186
2022-01-09,Tuolumne,109,53932,9123,8595,158,8753,91
2022-01-09,Ventura,111,848112,137023,124269,7420,131689,1217
2022-01-09,Yolo,113,214977,27252,25632,1997,27629,270
2022-01-09,Yuba,115,75493,12208,11666,543,12209,101
2022-01-08,Alameda,001,1643700,177318,148560,6848,155408,1558
2022-01-08,Alpine,003,1148,115,114,0,114,0
2022-01-08,Amador,005,37829,6452,6091,119,6210,71
2022-01-08,Butte,007,227075,25357,23429,4607,28036,347
2022-01-08,Calaveras,009,45235,5275,4823,94,4917,93
2022-01-08,Colusa,011,21464,2801,2713,811,3524,21
2022-01-08,Contra Costa,013,1133247,138089,119907,5886,125793,1077
2022-01-08,Del Norte,015,27424,4066,3902,78,3980,43
2022-01-08,El Dorado,017,186661,20792,18599,2173,20772,172
2022-01-08,Fresno,019,978130,166758,155394,14578,169972,2393
2022-01-08,Glenn,021,27897,3915,3732,1148,4880,39
2022-01-08,Humboldt,023,135768,12529,11149,1218,12367,121
2022-01-08,Imperial,025,180216,42433,39429,6083,45512,800
2022-01-08,Inyo,027,18085,3318,3020,75,3095,49
2022-01-08,Kern,029,883053,151528,140410,30963,171373,1921
2022-01-08,Kings,031,150075,37324,35275,2344,37619,390
2022-01-08,Lake,033,64148,7683,7209,313,7522,117
2022-01-08,Lassen,035,31185,7284,7127,471,7598,55
2022-01-08,Los Angeles,037,10098052,2082845,1765787,90222,1856009,27476
2022-01-08,Madera,039,155013,27399,25767,2858,28625,328
2022-01-08,Marin,041,260295,25359,22377,1298,23675,251
2022-01-08,Mariposa,043,17540,1771,1588,70,1658,6
2022-01-08,Mendocino,045,87422,9581,8792,910,9702,101
2022-01-08,Merced,047,269075,48986,46094,2830,48924,703
2022-01-08,Modoc,049,8938,632,610,215,825,6
2022-01-08,Mono,051,14174,2508,2240,67,2307,4
2022-01-08,Monterey,053,433212,57982,51721,5284,57005,644
2022-01-08,Napa,055,140530,18523,15819,428,16247,109
2022-01-08,Nevada,057,99092,11948,10765,496,11261,110
2022-01-08,Orange,059,3164182,434000,375124,30205,405329,5903
2022-01-08,Placer,061,380077,48030,43172,5142,48314,495
2022-01-08,Plumas,063,18699,2147,2053,71,2124,12
2022-01-08,Riverside,065,2383286,469391,422591,21500,444091,5535
2022-01-08,Sacramento,067,1510023,208930,185118,10828,195946,2470
2022-01-08,San Benito,069,59416,9716,9016,263,9279,83
2022-01-08,San Bernardino,071,2135413,458680,411724,16870,428594,6122
2022-01-08,San Diego,073,3302833,559595,472273,33734,506007,4495
2022-01-08,San Francisco,075,870044,89725,73660,4832,78492,690
2022-01-08,San Joaquin,077,732212,124687,112514,6766,119280,1916
2022-01-08,San Luis Obispo,079,281455,38534,34489,2077,36566,369
2022-01-08,San Mateo,081,765935,85187,67918,2954,70872,582
2022-01-08,Santa Barbara,083,443738,61340,54617,2374,56991,575
2022-01-08,Santa Clara,085,1922200,215785,183842,5341,189183,1966
2022-01-08,Santa Cruz,087,273765,29119,24678,1388,26066,230
2022-01-08,Shasta,089,179085,24655,23585,4144,27729,445
2022-01-08,Sierra,091,2930,236,215,23,238,0
2022-01-08,Siskiyou,093,43540,3683,3545,1612,5157,62
2022-01-08,Solano,095,438530,59029,52452,2721,55173,383
2022-01-08,Sonoma,097,501317,57772,50130,1359,51489,411
2022-01-08,Stanislaus,099,539301,92907,87049,10761,97810,1372
2022-01-08,Sutter,101,95872,16191,15261,578,15839,195
2022-01-08,Tehama,103,63373,9616,9109,1771,10880,140
2022-01-08,Trinity,105,12862,956,836,239,1075,19
2022-01-08,Tulare,107,460477,78395,73600,18987,92587,1185
2022-01-08,Tuolumne,109,53932,9016,8360,155,8515,91
2022-01-08,Ventura,111,848112,135855,117229,7292,124521,1216
2022-01-08,Yolo,113,214977,26964,24006,1970,25976,270
2022-01-08,Yuba,115,75493,12121,11277,540,11817,101
2022-01-07,Alameda,001,1643700,174634,148560,6737,155297,1558
2022-01-07,Alpine,003,1148,115,114,0,114,0
2022-01-07,Amador,005,37829,6403,6091,117,6208,71
2022-01-07,Butte,007,227075,25152,23429,4575,28004,347
2022-01-07,Calaveras,009,45235,5238,4823,94,4917,93
2022-01-07,Colusa,011,21464,2792,2713,800,3513,21
2022-01-07,Contra Costa,013,1133247,136225,119907,5762,125669,1077
2022-01-07,Del Norte,015,27424,4050,3902,77,3979,43
2022-01-07,El Dorado,017,186661,20630,18599,2159,20758,172
2022-01-07,Fresno,019,978130,165395,155394,14494,169888,2393
2022-01-07,Glenn,021,27897,3895,3732,1146,4878,39
2022-01-07,Humboldt,023,135768,12384,11149,1190,12339,121
2022-01-07,Imperial,025,180216,42272,39429,6005,45434,800
2022-01-07,Inyo,027,18085,3299,3020,73,3093,49
2022-01-07,Kern,029,883053,150554,140410,30518,170928,1921
2022-01-07,Kings,031,150075,37144,35275,2330,37605,390
2022-01-07,Lake,033,64148,7636,7209,287,7496,117
2022-01-07,Lassen,035,31185,7270,7127,468,7595,55
2022-01-07,Los Angeles,037,10098052,2051726,1765787,88764,1854551,27476
2022-01-07,Madera,039,155013,27218,25767,2824,28591,328
2022-01-07,Marin,041,260295,24977,22377,1280,23657,251
2022-01-07,Mariposa,043,17540,1755,1588,70,1658,6
2022-01-07,Mendocino,045,87422,9488,8792,909,9701,101
2022-01-07,Merced,047,269075,48819,46094,2805,48899,703
2022-01-07,Modoc,049,8938,631,610,215,825,6
2022-01-07,Mono,051,14174,2470,2240,61,2301,4
2022-01-07,Monterey,053,433212,57568,51721,5195,56916,644
2022-01-07,Napa,055,140530,18296,15819,407,16226,109
2022-01-07,Nevada,057,99092,11820,10765,475,11240,110
2022-01-07,Orange,059,3164182,429182,375124,29602,404726,5903
2022-01-07,Placer,061,380077,47524,43172,5094,48266,495
2022-01-07,Plumas,063,18699,2138,2053,70,2123,12
2022-01-07,Riverside,065,2383286,465578,422591,21269,443860,5535
2022-01-07,Sacramento,067,1510023,206769,185118,10668,195786,2470
2022-01-07,San Benito,069,59416,9670,9016,262,9278,83
2022-01-07,San Bernardino,071,2135413,454915,411724,16651,428375,6122
2022-01-07,San Diego,073,3302833,552473,472273,33206,505479,4495
2022-01-07,San Francisco,075,870044,88273,73660,4569,78229,690
2022-01-07,San Joaquin,077,732212,123746,112514,6708,119222,1916
2022-01-07,San Luis Obispo,079,281455,38317,34489,2022,36511,369
2022-01-07,San Mateo,081,765935,83758,67918,2894,70812,582
2022-01-07,Santa Barbara,083,443738,60641,54617,2352,56969,575
2022-01-07,Santa Clara,085,1922200,212523,183842,5230,189072,1966
2022-01-07,Santa Cruz,087,273765,28641,24678,1375,26053,230
2022-01-07,Shasta,089,179085,24561,23585,4110,27695,445
2022-01-07,Sierra,091,2930,233,215,23,238,0
2022-01-07,Siskiyou,093,43540,3673,3545,1600,5145,62
2022-01-07,Solano,095,438530,58315,52452,2680,55132,383
2022-01-07,Sonoma,097,501317,57169,50130,1270,51400,411
2022-01-07,Stanislaus,099,539301,92381,87049,10674,97723,1372
2022-01-07,Sutter,101,95872,16044,15261,569,15830,195
2022-01-07,Tehama,103,63373,9579,9109,1759,10868,140
2022-01-07,Trinity,105,12862,949,836,238,1074,19
2022-01-07,Tulare,107,460477,77983,73600,18843,92443,1185
2022-01-07,Tuolumne,109,53932,8928,8360,151,8511,91
2022-01-07,Ventura,111,848112,134232,117229,7165,124394,1216
2022-01-07,Yolo,113,214977,26604,24006,1950,25956,270
2022-01-07,Yuba,115,75493,12017,11277,535,11812,101
2022-01-06,Alameda,001,1643700,169282,148560,6324,154884,1558
2022-01-06,Alpine,003,1148,114,114,0,114,0
2022-01-06,Amador,005,37829,6352,6091,111,6202,71
2022-01-06,Butte,007,227075,24862,23429,4488,27917,347
2022-01-06,Calaveras,009,45235,5117,4823,92,4915,93
2022-01-06,Colusa,011,21464,2770,2713,791,3504,21
2022-01-06,Contra Costa,013,1133247,133376,119907,5348,125255,1077
2022-01-06,Del Norte,015,27424,4015,3902,75,3977,43
2022-01-06,El Dorado,017,186661,20294,18599,2118,20717,172
2022-01-06,Fresno,019,978130,163274,155394,14259,169653,2393
2022-01-06,Glenn,021,27897,3868,3732,1120,4852,39
2022-01-06,Humboldt,023,135768,12154,11149,1151,12300,121
2022-01-06,Imperial,025,180216,41686,39429,5813,45242,800
2022-01-06,Inyo,027,18085,3261,3020,73,3093,49
2022-01-06,Kern,029,883053,148888,140410,29840,170250,1921
2022-01-06,Kings,031,150075,36806,35275,2304,37579,390
2022-01-06,Lake,033,64148,7562,7209,275,7484,117
2022-01-06,Lassen,035,31185,7248,7127,462,7589,55
2022-01-06,Los Angeles,037,10098052,1997653,1765787,86419,1852206,27476
2022-01-06,Madera,039,155013,26910,25767,2768,28535,328
2022-01-06,Marin,041,260295,24571,22377,1247,23624,251
2022-01-06,Mariposa,043,17540,1736,1588,68,1656,6
2022-01-06,Mendocino,045,87422,9394,8792,868,9660,101
2022-01-06,Merced,047,269075,48269,46094,2669,48763,703
2022-01-06,Modoc,049,8938,630,610,215,825,6
2022-01-06,Mono,051,14174,2447,2240,58,2298,4
2022-01-06,Monterey,053,433212,56856,51721,4942,56663,644
2022-01-06,Napa,055,140530,17898,15819,398,16217,109
2022-01-06,Nevada,057,99092,11622,10765,463,11228,110
2022-01-06,Orange,059,3164182,419742,375124,28860,403984,5903
2022-01-06,Placer,061,380077,46769,43172,5012,48184,495
2022-01-06,Plumas,063,18699,2124,2053,64,2117,12
2022-01-06,Riverside,065,2383286,458105,422591,20972,443563,5535
2022-01-06,Sacramento,067,1510023,202874,185118,9911,195029,2470
2022-01-06,San Benito,069,59416,9570,9016,255,9271,83
2022-01-06,San Bernardino,071,2135413,447770,411724,16183,427907,6122
2022-01-06,San Diego,073,3302833,540816,472273,32235,504508,4495
2022-01-06,San Francisco,075,870044,85919,73660,4312,77972,690
2022-01-06,San Joaquin,077,732212,121614,112514,6628,119142,1916
2022-01-06,San Luis Obispo,079,281455,37615,34489,1950,36439,369
2022-01-06,San Mateo,081,765935,81415,67918,2713,70631,582
2022-01-06,Santa Barbara,083,443738,59479,54617,2291,56908,575
2022-01-06,Santa Clara,085,1922200,207586,183842,4843,188685,1966
2022-01-06,Santa Cruz,087,273765,28081,24678,1357,26035,230
2022-01-06,Shasta,089,179085,24416,23585,4060,27645,445
2022-01-06,Sierra,091,2930,229,215,23,238,0
2022-01-06,Siskiyou,093,43540,3657,3545,1554,5099,62
2022-01-06,Solano,095,438530,57301,52452,2505,54957,383
2022-01-06,Sonoma,097,501317,55777,50130,1243,51373,411
2022-01-06,Stanislaus,099,539301,91231,87049,10509,97558,1372
2022-01-06,Sutter,101,95872,15867,15261,548,15809,195
2022-01-06,Tehama,103,63373,9504,9109,1732,10841,140
2022-01-06,Trinity,105,12862,942,836,237,1073,19
2022-01-06,Tulare,107,460477,77310,73600,18666,92266,1185
2022-01-06,Tuolumne,109,53932,8819,8360,145,8505,91
2022-01-06,Ventura,111,848112,131539,117229,7010,124239,1216
2022-01-06,Yolo,113,214977,26076,24006,1906,25912,270
2022-01-06,Yuba,115,75493,11883,11277,518,11795,101
2022-01-05,Alameda,001,1643700,164141,144824,5891,150715,1548
2022-01-05,Alpine,003,1148,114,112,0,112,0
2022-01-05,Amador,005,37829,6308,6012,108,6120,70
2022-01-05,Butte,007,227075,24556,23134,4430,27564,343
2022-01-05,Calaveras,009,45235,5061,4758,90,4848,90
2022-01-05,Colusa,011,21464,2756,2704,780,3484,21
2022-01-05,Contra Costa,013,1133247,130374,117188,4903,122091,1071
2022-01-05,Del Norte,015,27424,3994,3862,73,3935,43
2022-01-05,El Dorado,017,186661,19907,18367,2088,20455,171
2022-01-05,Fresno,019,978130,161259,153033,14028,167061,2377
2022-01-05,Glenn,021,27897,3820,3700,1111,4811,39
2022-01-05,Humboldt,023,135768,11948,10938,1102,12040,120
2022-01-05,Imperial,025,180216,41059,38789,5672,44461,800
2022-01-05,Inyo,027,18085,3178,2939,69,3008,49
2022-01-05,Kern,029,883053,147112,138186,29262,167448,1913
2022-01-05,Kings,031,150075,36461,34893,2285,37178,387
2022-01-05,Lake,033,64148,7481,7129,259,7388,117
2022-01-05,Lassen,035,31185,7229,7077,454,7531,55
2022-01-05,Los Angeles,037,10098052,1941477,1729640,84171,1813811,27443
2022-01-05,Madera,039,155013,26669,25392,2678,28070,327
2022-01-05,Marin,041,260295,24232,21829,1196,23025,251
2022-01-05,Mariposa,043,17540,1710,1564,67,1631,6
2022-01-05,Mendocino,045,87422,9263,8625,833,9458,101
2022-01-05,Merced,047,269075,47694,45721,2537,48258,700
2022-01-05,Modoc,049,8938,627,603,215,818,6
2022-01-05,Mono,051,14174,2427,2201,54,2255,4
2022-01-05,Monterey,053,433212,56044,51241,4745,55986,639
2022-01-05,Napa,055,140530,17535,15494,366,15860,108
2022-01-05,Nevada,057,99092,11420,10624,446,11070,110
2022-01-05,Orange,059,3164182,409704,366139,27799,393938,5869
2022-01-05,Placer,061,380077,45888,42456,4915,47371,492
2022-01-05,Plumas,063,18699,2108,2020,62,2082,12
2022-01-05,Riverside,065,2383286,450648,415253,20619,435872,5502
2022-01-05,Sacramento,067,1510023,198293,181488,8951,190439,2455
2022-01-05,San Benito,069,59416,9376,8829,243,9072,83
2022-01-05,San Bernardino,071,2135413,439668,405323,15645,420968,6085
2022-01-05,San Diego,073,3302833,527236,466602,31304,497906,4495
2022-01-05,San Francisco,075,870044,83335,71405,4174,75579,686
2022-01-05,San Joaquin,077,732212,119099,110497,6550,117047,1903
2022-01-05,San Luis Obispo,079,281455,36818,34066,1873,35939,369
2022-01-05,San Mateo,081,765935,79319,66018,2515,68533,578
2022-01-05,Santa Barbara,083,443738,58174,53082,2211,55293,570
2022-01-05,Santa Clara,085,1922200,201771,178629,4428,183057,1961
2022-01-05,Santa Cruz,087,273765,27328,24394,1341,25735,229
2022-01-05,Shasta,089,179085,24257,23361,4031,27392,441
2022-01-05,Sierra,091,2930,226,210,22,232,0
2022-01-05,Siskiyou,093,43540,3647,3513,1525,5038,60
2022-01-05,Solano,095,438530,56266,51505,2369,53874,380
2022-01-05,Sonoma,097,501317,54510,49120,1084,50204,412
2022-01-05,Stanislaus,099,539301,90242,86248,10357,96605,1360
2022-01-05,Sutter,101,95872,15664,15117,509,15626,193
2022-01-05,Tehama,103,63373,9408,9011,1701,10712,140
2022-01-05,Trinity,105,12862,939,822,235,1057,19
2022-01-05,Tulare,107,460477,76584,72718,18490,91208,1173
2022-01-05,Tuolumne,109,53932,8726,8223,138,8361,90
2022-01-05,Ventura,111,848112,128788,114752,6805,121557,1211
2022-01-05,Yolo,113,214977,25495,23401,1866,25267,269
2022-01-05,Yuba,115,75493,11700,11138,493,11631,100
2022-01-04,Alameda,001,1643700,158575,143360,5480,148840,1532
2022-01-04,Alpine,003,1148,114,113,0,113,0
2022-01-04,Amador,005,37829,6241,6025,103,6128,71
2022-01-04,Butte,007,227075,24257,23094,4363,27457,346
2022-01-04,Calaveras,009,45235,4984,4767,87,4854,93
2022-01-04,Colusa,011,21464,2737,2689,773,3462,21
2022-01-04,Contra Costa,013,1133247,127328,116005,4544,120549,1075
2022-01-04,Del Norte,015,27424,3962,3882,70,3952,43
2022-01-04,El Dorado,017,186661,19546,18339,2066,20405,172
2022-01-04,Fresno,019,978130,159107,153244,13832,167076,2380
2022-01-04,Glenn,021,27897,3791,3705,1096,4801,39
2022-01-04,Humboldt,023,135768,11686,10865,1051,11916,120
2022-01-04,Imperial,025,180216,40456,38596,5406,44002,800
2022-01-04,Inyo,027,18085,3094,2870,68,2938,49
2022-01-04,Kern,029,883053,145181,138245,28673,166918,1916
2022-01-04,Kings,031,150075,36147,34931,2269,37200,388
2022-01-04,Lake,033,64148,7440,7152,249,7401,117
2022-01-04,Lassen,035,31185,7206,7111,450,7561,55
2022-01-04,Los Angeles,037,10098052,1881674,1705253,81868,1787121,27419
2022-01-04,Madera,039,155013,26324,25425,2613,28038,328
2022-01-04,Marin,041,260295,23752,21675,1138,22813,251
2022-01-04,Mariposa,043,17540,1674,1564,66,1630,6
2022-01-04,Mendocino,045,87422,9139,8636,810,9446,101
2022-01-04,Merced,047,269075,47086,45583,2407,47990,700
2022-01-04,Modoc,049,8938,624,611,215,826,6
2022-01-04,Mono,051,14174,2378,2190,44,2234,4
2022-01-04,Monterey,053,433212,55313,51176,4553,55729,643
2022-01-04,Napa,055,140530,17033,15370,336,15706,107
2022-01-04,Nevada,057,99092,11263,10608,434,11042,110
2022-01-04,Orange,059,3164182,398947,362051,26651,388702,5897
2022-01-04,Placer,061,380077,45051,42285,4802,47087,494
2022-01-04,Plumas,063,18699,2094,2014,60,2074,12
2022-01-04,Riverside,065,2383286,442129,413366,20263,433629,5504
2022-01-04,Sacramento,067,1510023,193562,181271,8216,189487,2453
2022-01-04,San Benito,069,59416,9188,8763,235,8998,79
2022-01-04,San Bernardino,071,2135413,431221,404409,15113,419522,6060
2022-01-04,San Diego,073,3302833,510812,458499,30379,488878,4487
2022-01-04,San Francisco,075,870044,80467,70666,4026,74692,688
2022-01-04,San Joaquin,077,732212,116695,110374,6418,116792,1911
2022-01-04,San Luis Obispo,079,281455,36008,33788,1785,35573,371
2022-01-04,San Mateo,081,765935,77073,65157,2326,67483,582
2022-01-04,Santa Barbara,083,443738,56652,52449,2134,54583,574
2022-01-04,Santa Clara,085,1922200,195770,176854,3965,180819,1964
2022-01-04,Santa Cruz,087,273765,26565,23904,1312,25216,228
2022-01-04,Shasta,089,179085,24114,23366,3976,27342,442
2022-01-04,Sierra,091,2930,225,214,22,236,0
2022-01-04,Siskiyou,093,43540,3631,3509,1506,5015,61
2022-01-04,Solano,095,438530,54966,51300,2172,53472,383
2022-01-04,Sonoma,097,501317,52799,48653,962,49615,410
2022-01-04,Stanislaus,099,539301,89184,86107,10206,96313,1361
2022-01-04,Sutter,101,95872,15511,15032,484,15516,193
2022-01-04,Tehama,103,63373,9331,9020,1680,10700,140
2022-01-04,Trinity,105,12862,933,833,231,1064,18
2022-01-04,Tulare,107,460477,75828,72893,18293,91186,1172
2022-01-04,Tuolumne,109,53932,8616,8235,133,8368,91
2022-01-04,Ventura,111,848112,125718,114079,6574,120653,1213
2022-01-04,Yolo,113,214977,24878,22938,1825,24763,270
2022-01-04,Yuba,115,75493,11520,11104,480,11584,101
2022-01-03,Alameda,001,1643700,152554,142090,5042,147132,1529
2022-01-03,Alpine,003,1148,113,113,0,113,0
2022-01-03,Amador,005,37829,6182,6004,98,6102,71
2022-01-03,Butte,007,227075,23960,22924,4312,27236,345
2022-01-03,Calaveras,009,45235,4925,4742,82,4824,93
2022-01-03,Colusa,011,21464,2728,2683,766,3449,21
2022-01-03,Contra Costa,013,1133247,124119,114966,3958,118924,1073
2022-01-03,Del Norte,015,27424,3942,3873,66,3939,43
2022-01-03,El Dorado,017,186661,19151,18183,2040,20223,172
2022-01-03,Fresno,019,978130,157126,152674,13656,166330,2379
2022-01-03,Glenn,021,27897,3762,3703,1055,4758,39
2022-01-03,Humboldt,023,135768,11476,10784,1002,11786,119
2022-01-03,Imperial,025,180216,39840,38411,5228,43639,800
2022-01-03,Inyo,027,18085,3025,2845,64,2909,49
2022-01-03,Kern,029,883053,143186,137773,28075,165848,1916
2022-01-03,Kings,031,150075,35830,34817,2232,37049,387
2022-01-03,Lake,033,64148,7339,7134,231,7365,117
2022-01-03,Lassen,035,31185,7188,7103,448,7551,55
2022-01-03,Los Angeles,037,10098052,1820967,1686203,79135,1765338,27394
2022-01-03,Madera,039,155013,26031,25323,2570,27893,320
2022-01-03,Marin,041,260295,23164,21532,1099,22631,251
2022-01-03,Mariposa,043,17540,1632,1559,66,1625,6
2022-01-03,Mendocino,045,87422,8993,8573,760,9333,101
2022-01-03,Merced,047,269075,46494,45459,2302,47761,696
2022-01-03,Modoc,049,8938,621,602,215,817,6
2022-01-03,Mono,051,14174,2299,2172,39,2211,4
2022-01-03,Monterey,053,433212,54495,51047,4350,55397,644
2022-01-03,Napa,055,140530,16525,15260,303,15563,107
2022-01-03,Nevada,057,99092,11097,10572,424,10996,110
2022-01-03,Orange,059,3164182,387767,358052,25463,383515,5894
2022-01-03,Placer,061,380077,44228,42054,4738,46792,489
2022-01-03,Plumas,063,18699,2077,2005,60,2065,12
2022-01-03,Riverside,065,2383286,433649,410155,19764,429919,5504
2022-01-03,Sacramento,067,1510023,188616,179992,7657,187649,2452
2022-01-03,San Benito,069,59416,9023,8688,228,8916,79
2022-01-03,San Bernardino,071,2135413,422965,401938,14665,416603,6056
2022-01-03,San Diego,073,3302833,494685,451154,29476,480630,4476
2022-01-03,San Francisco,075,870044,77644,69315,3770,73085,686
2022-01-03,San Joaquin,077,732212,114384,109757,6337,116094,1903
2022-01-03,San Luis Obispo,079,281455,35194,33667,1692,35359,367
2022-01-03,San Mateo,081,765935,74422,64470,2168,66638,582
2022-01-03,Santa Barbara,083,443738,55189,51912,2040,53952,571
2022-01-03,Santa Clara,085,1922200,189822,174215,3491,177706,1963
2022-01-03,Santa Cruz,087,273765,25754,23765,1280,25045,228
2022-01-03,Shasta,089,179085,23932,23301,3948,27249,440
2022-01-03,Sierra,091,2930,219,213,21,234,0
2022-01-03,Siskiyou,093,43540,3605,3500,1484,4984,61
2022-01-03,Solano,095,438530,53671,51030,1980,53010,380
2022-01-03,Sonoma,097,501317,51100,48391,867,49258,410
2022-01-03,Stanislaus,099,539301,88189,85793,10044,95837,1332
2022-01-03,Sutter,101,95872,15358,14973,465,15438,193
2022-01-03,Tehama,103,63373,9259,9005,1655,10660,140
2022-01-03,Trinity,105,12862,928,833,230,1063,18
2022-01-03,Tulare,107,460477,75141,72664,18089,90753,1167
2022-01-03,Tuolumne,109,53932,8478,8179,129,8308,91
2022-01-03,Ventura,111,848112,122543,112762,6343,119105,1211
2022-01-03,Yolo,113,214977,24224,22563,1760,24323,270
2022-01-03,Yuba,115,75493,11384,11037,462,11499,99
2022-01-02,Alameda,001,1643700,148124,133486,4552,138038,1528
2022-01-02,Alpine,003,1148,111,113,0,113,0
2022-01-02,Amador,005,37829,6116,5913,93,6006,70
2022-01-02,Butte,007,227075,23619,22469,4254,26723,341
2022-01-02,Calaveras,009,45235,4856,4668,74,4742,93
2022-01-02,Colusa,011,21464,2723,2659,755,3414,21
2022-01-02,Contra Costa,013,1133247,120561,109593,3515,113108,1073
2022-01-02,Del Norte,015,27424,3910,3841,64,3905,43
2022-01-02,El Dorado,017,186661,18814,17621,1988,19609,172
2022-01-02,Fresno,019,978130,155425,149927,13458,163385,2379
2022-01-02,Glenn,021,27897,3742,3663,1046,4709,39
2022-01-02,Humboldt,023,135768,11238,10381,924,11305,119
2022-01-02,Imperial,025,180216,39175,37672,5010,42682,800
2022-01-02,Inyo,027,18085,2955,2726,53,2779,49
2022-01-02,Kern,029,883053,141263,136123,27477,163600,1917
2022-01-02,Kings,031,150075,35511,34318,2192,36510,386
2022-01-02,Lake,033,64148,7267,7060,217,7277,117
2022-01-02,Lassen,035,31185,7172,7089,446,7535,55
2022-01-02,Los Angeles,037,10098052,1769922,1596123,76314,1672437,27371
2022-01-02,Madera,039,155013,25778,25002,2514,27516,320
2022-01-02,Marin,041,260295,22607,20475,1028,21503,249
2022-01-02,Mariposa,043,17540,1602,1509,64,1573,6
2022-01-02,Mendocino,045,87422,8874,8422,742,9164,101
2022-01-02,Merced,047,269075,45962,44769,2207,46976,694
2022-01-02,Modoc,049,8938,619,601,214,815,6
2022-01-02,Mono,051,14174,2271,2101,34,2135,4
2022-01-02,Monterey,053,433212,53880,50251,4142,54393,643
2022-01-02,Napa,055,140530,15983,14439,292,14731,107
2022-01-02,Nevada,057,99092,10912,10299,409,10708,110
2022-01-02,Orange,059,3164182,376772,339526,24307,363833,5890
2022-01-02,Placer,061,380077,43499,40857,4651,45508,489
2022-01-02,Plumas,063,18699,2062,1994,56,2050,12
2022-01-02,Riverside,065,2383286,425316,397124,19240,416364,5501
2022-01-02,Sacramento,067,1510023,184668,173562,6823,180385,2448
2022-01-02,San Benito,069,59416,8840,8320,213,8533,79
2022-01-02,San Bernardino,071,2135413,415483,386278,14122,400400,6051
2022-01-02,San Diego,073,3302833,479659,427087,28350,455437,4469
2022-01-02,San Francisco,075,870044,74695,64498,3532,68030,682
2022-01-02,San Joaquin,077,732212,112521,106640,6233,112873,1902
2022-01-02,San Luis Obispo,079,281455,34459,32342,1609,33951,365
2022-01-02,San Mateo,081,765935,71854,60504,1926,62430,581
2022-01-02,Santa Barbara,083,443738,53756,49555,1976,51531,568
2022-01-02,Santa Clara,085,1922200,183680,164547,3095,167642,1969
2022-01-02,Santa Cruz,087,273765,25077,22980,1258,24238,228
2022-01-02,Shasta,089,179085,23743,23161,3899,27060,435
2022-01-02,Sierra,091,2930,218,206,21,227,0
2022-01-02,Siskiyou,093,43540,3580,3474,1461,4935,61
2022-01-02,Solano,095,438530,52731,48957,1813,50770,379
2022-01-02,Sonoma,097,501317,49772,46040,833,46873,410
2022-01-02,Stanislaus,099,539301,87335,84367,9931,94298,1332
2022-01-02,Sutter,101,95872,15187,14741,447,15188,193
2022-01-02,Tehama,103,63373,9194,8944,1633,10577,139
2022-01-02,Trinity,105,12862,926,832,229,1061,17
2022-01-02,Tulare,107,460477,74507,71941,17901,89842,1160
2022-01-02,Tuolumne,109,53932,8372,8044,124,8168,91
2022-01-02,Ventura,111,848112,119624,107992,6124,114116,1211
2022-01-02,Yolo,113,214977,23578,21747,1694,23441,270
2022-01-02,Yuba,115,75493,11262,10844,445,11289,99
2022-01-01,Alameda,001,1643700,146334,133486,4295,137781,1528
2022-01-01,Alpine,003,1148,111,113,0,113,0
2022-01-01,Amador,005,37829,6081,5913,88,6001,70
2022-01-01,Butte,007,227075,23426,22469,4226,26695,341
2022-01-01,Calaveras,009,45235,4820,4668,72,4740,93
2022-01-01,Colusa,011,21464,2721,2659,745,3404,21
2022-01-01,Contra Costa,013,1133247,119204,109593,3386,112979,1073
2022-01-01,Del Norte,015,27424,3904,3841,64,3905,43
2022-01-01,El Dorado,017,186661,18666,17621,1973,19594,172
2022-01-01,Fresno,019,978130,154774,149927,13394,163321,2379
2022-01-01,Glenn,021,27897,3735,3663,1046,4709,39
2022-01-01,Humboldt,023,135768,11106,10381,904,11285,119
2022-01-01,Imperial,025,180216,39026,37672,4966,42638,800
2022-01-01,Inyo,027,18085,2926,2726,51,2777,49
2022-01-01,Kern,029,883053,140572,136123,27166,163289,1917
2022-01-01,Kings,031,150075,35378,34318,2172,36490,386
2022-01-01,Lake,033,64148,7228,7060,212,7272,117
2022-01-01,Lassen,035,31185,7166,7089,441,7530,55
2022-01-01,Los Angeles,037,10098052,1749899,1596123,74359,1670482,27371
2022-01-01,Madera,039,155013,25696,25002,2500,27502,320
2022-01-01,Marin,041,260295,22298,20475,987,21462,249
2022-01-01,Mariposa,043,17540,1590,1509,64,1573,6
2022-01-01,Mendocino,045,87422,8782,8422,736,9158,101
2022-01-01,Merced,047,269075,45829,44769,2197,46966,694
2022-01-01,Modoc,049,8938,616,601,214,815,6
2022-01-01,Mono,051,14174,2247,2101,29,2130,4
2022-01-01,Monterey,053,433212,53582,50251,4059,54310,643
2022-01-01,Napa,055,140530,15833,14439,277,14716,107
2022-01-01,Nevada,057,99092,10840,10299,402,10701,110
2022-01-01,Orange,059,3164182,372562,339526,23587,363113,5890
2022-01-01,Placer,061,380077,43202,40857,4587,45444,489
2022-01-01,Plumas,063,18699,2050,1994,56,2050,12
2022-01-01,Riverside,065,2383286,421836,397124,19037,416161,5501
2022-01-01,Sacramento,067,1510023,183446,173562,6562,180124,2448
2022-01-01,San Benito,069,59416,8747,8320,213,8533,79
2022-01-01,San Bernardino,071,2135413,412433,386278,13849,400127,6051
2022-01-01,San Diego,073,3302833,473761,427087,27855,454942,4469
2022-01-01,San Francisco,075,870044,73284,64498,3317,67815,682
2022-01-01,San Joaquin,077,732212,111825,106640,6182,112822,1902
2022-01-01,San Luis Obispo,079,281455,34257,32342,1599,33941,365
2022-01-01,San Mateo,081,765935,70386,60504,1775,62279,581
2022-01-01,Santa Barbara,083,443738,53021,49555,1941,51496,568
2022-01-01,Santa Clara,085,1922200,180655,164547,2898,167445,1969
2022-01-01,Santa Cruz,087,273765,24752,22980,1247,24227,228
2022-01-01,Shasta,089,179085,23661,23161,3881,27042,435
2022-01-01,Sierra,091,2930,217,206,21,227,0
2022-01-01,Siskiyou,093,43540,3577,3474,1451,4925,61
2022-01-01,Solano,095,438530,52468,48957,1756,50713,379
2022-01-01,Sonoma,097,501317,49381,46040,802,46842,410
2022-01-01,Stanislaus,099,539301,86928,84367,9869,94236,1332
2022-01-01,Sutter,101,95872,15111,14741,445,15186,193
2022-01-01,Tehama,103,63373,9163,8944,1621,10565,139
2022-01-01,Trinity,105,12862,923,832,229,1061,17
2022-01-01,Tulare,107,460477,74266,71941,17799,89740,1160
2022-01-01,Tuolumne,109,53932,8313,8044,121,8165,91
2022-01-01,Ventura,111,848112,118238,107992,5995,113987,1211
2022-01-01,Yolo,113,214977,23165,21747,1657,23404,270
2022-01-01,Yuba,115,75493,11197,10844,439,11283,99
2021-12-31,Alameda,001,1643700,145607,133486,4200,137686,1528
2021-12-31,Alpine,003,1148,111,113,0,113,0
2021-12-31,Amador,005,37829,6058,5913,87,6000,70
2021-12-31,Butte,007,227075,23324,22469,4196,26665,341
2021-12-31,Calaveras,009,45235,4790,4668,72,4740,93
2021-12-31,Colusa,011,21464,2714,2659,739,3398,21
2021-12-31,Contra Costa,013,1133247,118320,109593,3308,112901,1073
2021-12-31,Del Norte,015,27424,3895,3841,62,3903,43
2021-12-31,El Dorado,017,186661,18591,17621,1955,19576,172
2021-12-31,Fresno,019,978130,154476,149927,13377,163304,2379
2021-12-31,Glenn,021,27897,3734,3663,1046,4709,39
2021-12-31,Humboldt,023,135768,11019,10381,885,11266,119
2021-12-31,Imperial,025,180216,38901,37672,4953,42625,800
2021-12-31,Inyo,027,18085,2900,2726,51,2777,49
2021-12-31,Kern,029,883053,140064,136123,27030,163153,1917
2021-12-31,Kings,031,150075,35275,34318,2165,36483,386
2021-12-31,Lake,033,64148,7204,7060,207,7267,117
2021-12-31,Lassen,035,31185,7153,7089,441,7530,55
2021-12-31,Los Angeles,037,10098052,1739200,1596123,73613,1669736,27371
2021-12-31,Madera,039,155013,25629,25002,2483,27485,320
2021-12-31,Marin,041,260295,22142,20475,956,21431,249
2021-12-31,Mariposa,043,17540,1583,1509,63,1572,6
2021-12-31,Mendocino,045,87422,8749,8422,733,9155,101
2021-12-31,Merced,047,269075,45746,44769,2180,46949,694
2021-12-31,Modoc,049,8938,612,601,212,813,6
2021-12-31,Mono,051,14174,2234,2101,28,2129,4
2021-12-31,Monterey,053,433212,53457,50251,3994,54245,643
2021-12-31,Napa,055,140530,15721,14439,267,14706,107
2021-12-31,Nevada,057,99092,10773,10299,396,10695,110
2021-12-31,Orange,059,3164182,370057,339526,23161,362687,5890
2021-12-31,Placer,061,380077,42965,40857,4521,45378,489
2021-12-31,Plumas,063,18699,2045,1994,56,2050,12
2021-12-31,Riverside,065,2383286,420161,397124,18879,416003,5501
2021-12-31,Sacramento,067,1510023,182625,173562,6460,180022,2448
2021-12-31,San Benito,069,59416,8733,8320,212,8532,79
2021-12-31,San Bernardino,071,2135413,410285,386278,13661,399939,6051
2021-12-31,San Diego,073,3302833,470606,427087,27554,454641,4469
2021-12-31,San Francisco,075,870044,72358,64498,3261,67759,682
2021-12-31,San Joaquin,077,732212,111208,106640,6139,112779,1902
2021-12-31,San Luis Obispo,079,281455,34149,32342,1586,33928,365
2021-12-31,San Mateo,081,765935,69511,60504,1721,62225,581
2021-12-31,Santa Barbara,083,443738,52628,49555,1927,51482,568
2021-12-31,Santa Clara,085,1922200,178722,164547,2756,167303,1969
2021-12-31,Santa Cruz,087,273765,24518,22980,1231,24211,228
2021-12-31,Shasta,089,179085,23597,23161,3860,27021,435
2021-12-31,Sierra,091,2930,217,206,21,227,0
2021-12-31,Siskiyou,093,43540,3570,3474,1440,4914,61
2021-12-31,Solano,095,438530,52310,48957,1730,50687,379
2021-12-31,Sonoma,097,501317,49134,46040,789,46829,410
2021-12-31,Stanislaus,099,539301,86602,84367,9826,94193,1332
2021-12-31,Sutter,101,95872,15051,14741,439,15180,193
2021-12-31,Tehama,103,63373,9132,8944,1612,10556,139
2021-12-31,Trinity,105,12862,922,832,229,1061,17
2021-12-31,Tulare,107,460477,74069,71941,17713,89654,1160
2021-12-31,Tuolumne,109,53932,8269,8044,120,8164,91
2021-12-31,Ventura,111,848112,117265,107992,5911,113903,1211
2021-12-31,Yolo,113,214977,22946,21747,1635,23382,270
2021-12-31,Yuba,115,75493,11140,10844,433,11277,99
2021-12-30,Alameda,001,1643700,144340,133486,4068,137554,1528
2021-12-30,Alpine,003,1148,110,113,0,113,0
2021-12-30,Amador,005,37829,6039,5913,86,5999,70
2021-12-30,Butte,007,227075,23203,22469,4174,26643,341
2021-12-30,Calaveras,009,45235,4771,4668,72,4740,93
2021-12-30,Colusa,011,21464,2713,2659,737,3396,21
2021-12-30,Contra Costa,013,1133247,117237,109593,3197,112790,1073
2021-12-30,Del Norte,015,27424,3884,3841,61,3902,43
2021-12-30,El Dorado,017,186661,18488,17621,1934,19555,172
2021-12-30,Fresno,019,978130,153986,149927,13314,163241,2379
2021-12-30,Glenn,021,27897,3729,3663,1044,4707,39
2021-12-30,Humboldt,023,135768,10951,10381,873,11254,119
2021-12-30,Imperial,025,180216,38733,37672,4837,42509,800
2021-12-30,Inyo,027,18085,2882,2726,49,2775,49
2021-12-30,Kern,029,883053,139530,136123,26728,162851,1917
2021-12-30,Kings,031,150075,35157,34318,2153,36471,386
2021-12-30,Lake,033,64148,7190,7060,202,7262,117
2021-12-30,Lassen,035,31185,7147,7089,441,7530,55
2021-12-30,Los Angeles,037,10098052,1715989,1596123,72367,1668490,27371
2021-12-30,Madera,039,155013,25546,25002,2463,27465,320
2021-12-30,Marin,041,260295,21965,20475,932,21407,249
2021-12-30,Mariposa,043,17540,1577,1509,63,1572,6
2021-12-30,Mendocino,045,87422,8732,8422,722,9144,101
2021-12-30,Merced,047,269075,45650,44769,2166,46935,694
2021-12-30,Modoc,049,8938,611,601,212,813,6
2021-12-30,Mono,051,14174,2230,2101,27,2128,4
2021-12-30,Monterey,053,433212,53153,50251,3934,54185,643
2021-12-30,Napa,055,140530,15577,14439,258,14697,107
2021-12-30,Nevada,057,99092,10711,10299,388,10687,110
2021-12-30,Orange,059,3164182,364969,339526,22601,362127,5890
2021-12-30,Placer,061,380077,42688,40857,4474,45331,489
2021-12-30,Plumas,063,18699,2041,1994,55,2049,12
2021-12-30,Riverside,065,2383286,416888,397124,18723,415847,5501
2021-12-30,Sacramento,067,1510023,181400,173562,6317,179879,2448
2021-12-30,San Benito,069,59416,8687,8320,208,8528,79
2021-12-30,San Bernardino,071,2135413,407883,386278,13512,399790,6051
2021-12-30,San Diego,073,3302833,465471,427087,27064,454151,4469
2021-12-30,San Francisco,075,870044,71249,64498,3189,67687,682
2021-12-30,San Joaquin,077,732212,110618,106640,6108,112748,1902
2021-12-30,San Luis Obispo,079,281455,34029,32342,1572,33914,365
2021-12-30,San Mateo,081,765935,68468,60504,1588,62092,581
2021-12-30,Santa Barbara,083,443738,52150,49555,1907,51462,568
2021-12-30,Santa Clara,085,1922200,176444,164547,2631,167178,1969
2021-12-30,Santa Cruz,087,273765,24278,22980,1203,24183,228
2021-12-30,Shasta,089,179085,23547,23161,3854,27015,435
2021-12-30,Sierra,091,2930,217,206,21,227,0
2021-12-30,Siskiyou,093,43540,3561,3474,1438,4912,61
2021-12-30,Solano,095,438530,51959,48957,1683,50640,379
2021-12-30,Sonoma,097,501317,48802,46040,780,46820,410
2021-12-30,Stanislaus,099,539301,86281,84367,9779,94146,1332
2021-12-30,Sutter,101,95872,14992,14741,438,15179,193
2021-12-30,Tehama,103,63373,9104,8944,1606,10550,139
2021-12-30,Trinity,105,12862,919,832,229,1061,17
2021-12-30,Tulare,107,460477,73887,71941,17634,89575,1160
2021-12-30,Tuolumne,109,53932,8230,8044,119,8163,91
2021-12-30,Ventura,111,848112,116008,107992,5810,113802,1211
2021-12-30,Yolo,113,214977,22813,21747,1608,23355,270
2021-12-30,Yuba,115,75493,11093,10844,431,11275,99
2021-12-29,Alameda,001,1643700,141139,131586,3915,135501,1529
2021-12-29,Alpine,003,1148,110,113,0,113,0
2021-12-29,Amador,005,37829,6016,5905,83,5988,70
2021-12-29,Butte,007,227075,23060,22353,4138,26491,338
2021-12-29,Calaveras,009,45235,4743,4646,70,4716,93
2021-12-29,Colusa,011,21464,2703,2657,732,3389,21
2021-12-29,Contra Costa,013,1133247,115142,108165,3070,111235,1072
2021-12-29,Del Norte,015,27424,3870,3826,59,3885,43
2021-12-29,El Dorado,017,186661,18262,17489,1916,19405,172
2021-12-29,Fresno,019,978130,152961,149318,13228,162546,2364
2021-12-29,Glenn,021,27897,3719,3653,1042,4695,39
2021-12-29,Humboldt,023,135768,10845,10249,852,11101,119
2021-12-29,Imperial,025,180216,38503,37460,4765,42225,800
2021-12-29,Inyo,027,18085,2850,2703,49,2752,49
2021-12-29,Kern,029,883053,138727,135648,26339,161987,1913
2021-12-29,Kings,031,150075,35042,34216,2148,36364,386
2021-12-29,Lake,033,64148,7159,7048,200,7248,117
2021-12-29,Lassen,035,31185,7143,7085,440,7525,55
2021-12-29,Los Angeles,037,10098052,1686096,1576414,70665,1647079,27349
2021-12-29,Madera,039,155013,25442,24923,2453,27376,320
2021-12-29,Marin,041,260295,21609,20025,911,20936,249
2021-12-29,Mariposa,043,17540,1555,1507,63,1570,6
2021-12-29,Mendocino,045,87422,8673,8386,718,9104,99
2021-12-29,Merced,047,269075,45435,44548,2152,46700,693
2021-12-29,Modoc,049,8938,608,600,212,812,6
2021-12-29,Mono,051,14174,2206,2056,26,2082,4
2021-12-29,Monterey,053,433212,52743,50097,3828,53925,641
2021-12-29,Napa,055,140530,15253,14247,239,14486,107
2021-12-29,Nevada,057,99092,10618,10274,387,10661,110
2021-12-29,Orange,059,3164182,357463,334557,21919,356476,5887
2021-12-29,Placer,061,380077,42204,40545,4399,44944,489
2021-12-29,Plumas,063,18699,2029,1990,55,2045,12
2021-12-29,Riverside,065,2383286,411473,392989,18513,411502,5486
2021-12-29,Sacramento,067,1510023,179107,172145,6156,178301,2437
2021-12-29,San Benito,069,59416,8542,8239,207,8446,79
2021-12-29,San Bernardino,071,2135413,402766,382872,13306,396178,6049
2021-12-29,San Diego,073,3302833,454602,421045,26373,447418,4461
2021-12-29,San Francisco,075,870044,69546,63117,3119,66236,684
2021-12-29,San Joaquin,077,732212,109448,106063,6058,112121,1891
2021-12-29,San Luis Obispo,079,281455,33637,31936,1523,33459,365
2021-12-29,San Mateo,081,765935,66837,59478,1478,60956,581
2021-12-29,Santa Barbara,083,443738,51312,49003,1882,50885,568
2021-12-29,Santa Clara,085,1922200,173310,162008,2497,164505,1962
2021-12-29,Santa Cruz,087,273765,23996,22669,1182,23851,228
2021-12-29,Shasta,089,179085,23472,23083,3842,26925,435
2021-12-29,Sierra,091,2930,217,206,21,227,0
2021-12-29,Siskiyou,093,43540,3549,3472,1427,4899,61
2021-12-29,Solano,095,438530,51250,48562,1627,50189,379
2021-12-29,Sonoma,097,501317,48005,45479,756,46235,410
2021-12-29,Stanislaus,099,539301,85788,84083,9727,93810,1332
2021-12-29,Sutter,101,95872,14927,14688,437,15125,193
2021-12-29,Tehama,103,63373,9080,8914,1593,10507,138
2021-12-29,Trinity,105,12862,918,832,229,1061,17
2021-12-29,Tulare,107,460477,73603,71752,17517,89269,1160
2021-12-29,Tuolumne,109,53932,8177,8012,118,8130,91
2021-12-29,Ventura,111,848112,114068,106974,5630,112604,1207
2021-12-29,Yolo,113,214977,22581,21564,1577,23141,270
2021-12-29,Yuba,115,75493,11032,10808,427,11235,99
2021-12-28,Alameda,001,1643700,138015,130427,3752,134179,1522
2021-12-28,Alpine,003,1148,110,113,0,113,0
2021-12-28,Amador,005,37829,5997,5900,82,5982,70
2021-12-28,Butte,007,227075,22920,22285,4121,26406,338
2021-12-28,Calaveras,009,45235,4726,4641,69,4710,91
2021-12-28,Colusa,011,21464,2697,2653,730,3383,21
2021-12-28,Contra Costa,013,1133247,112867,107160,2953,110113,1072
2021-12-28,Del Norte,015,27424,3864,3815,59,3874,43
2021-12-28,El Dorado,017,186661,18037,17419,1905,19324,172
2021-12-28,Fresno,019,978130,151981,148987,13155,162142,2365
2021-12-28,Glenn,021,27897,3693,3639,1041,4680,39
2021-12-28,Humboldt,023,135768,10724,10198,827,11025,119
2021-12-28,Imperial,025,180216,38206,37223,4658,41881,800
2021-12-28,Inyo,027,18085,2792,2676,48,2724,48
2021-12-28,Kern,029,883053,138016,135346,25983,161329,1909
2021-12-28,Kings,031,150075,34902,34165,2133,36298,386
2021-12-28,Lake,033,64148,7140,7044,195,7239,116
2021-12-28,Lassen,035,31185,7135,7083,440,7523,55
2021-12-28,Los Angeles,037,10098052,1653627,1561791,69121,1630912,27323
2021-12-28,Madera,039,155013,25316,24865,2436,27301,320
2021-12-28,Marin,041,260295,21196,19739,881,20620,249
2021-12-28,Mariposa,043,17540,1544,1499,62,1561,6
2021-12-28,Mendocino,045,87422,8613,8366,710,9076,98
2021-12-28,Merced,047,269075,45197,44434,2144,46578,691
2021-12-28,Modoc,049,8938,608,599,211,810,6
2021-12-28,Mono,051,14174,2183,2045,24,2069,4
2021-12-28,Monterey,053,433212,52377,49973,3753,53726,639
2021-12-28,Napa,055,140530,14936,14131,212,14343,107
2021-12-28,Nevada,057,99092,10528,10250,384,10634,110
2021-12-28,Orange,059,3164182,349811,331279,21170,352449,5882
2021-12-28,Placer,061,380077,41735,40410,4329,44739,489
2021-12-28,Plumas,063,18699,2026,1989,55,2044,12
2021-12-28,Riverside,065,2383286,406237,390343,18266,408609,5470
2021-12-28,Sacramento,067,1510023,176903,171290,6029,177319,2426
2021-12-28,San Benito,069,59416,8406,8170,205,8375,79
2021-12-28,San Bernardino,071,2135413,397344,381316,13094,394410,6047
2021-12-28,San Diego,073,3302833,443855,417383,25850,443233,4450
2021-12-28,San Francisco,075,870044,67922,61745,3060,64805,682
2021-12-28,San Joaquin,077,732212,108402,105572,6013,111585,1884
2021-12-28,San Luis Obispo,079,281455,33178,31759,1507,33266,365
2021-12-28,San Mateo,081,765935,65325,58712,1391,60103,582
2021-12-28,Santa Barbara,083,443738,50670,48493,1862,50355,568
2021-12-28,Santa Clara,085,1922200,170176,160811,2401,163212,1962
2021-12-28,Santa Cruz,087,273765,23615,22513,1151,23664,228
2021-12-28,Shasta,089,179085,23400,23035,3837,26872,434
2021-12-28,Sierra,091,2930,214,206,21,227,0
2021-12-28,Siskiyou,093,43540,3540,3468,1422,4890,60
2021-12-28,Solano,095,438530,50309,48318,1572,49890,378
2021-12-28,Sonoma,097,501317,47147,45086,730,45816,410
2021-12-28,Stanislaus,099,539301,85301,83946,9677,93623,1331
2021-12-28,Sutter,101,95872,14877,14662,435,15097,193
2021-12-28,Tehama,103,63373,9063,8893,1591,10484,138
2021-12-28,Trinity,105,12862,916,831,228,1059,17
2021-12-28,Tulare,107,460477,73328,71630,17389,89019,1156
2021-12-28,Tuolumne,109,53932,8134,8006,118,8124,91
2021-12-28,Ventura,111,848112,111958,105883,5499,111382,1207
2021-12-28,Yolo,113,214977,22262,21320,1528,22848,270
2021-12-28,Yuba,115,75493,10977,10778,424,11202,99
2021-12-27,Alameda,001,1643700,135453,129910,3607,133517,1530
2021-12-27,Alpine,003,1148,110,113,0,113,0
2021-12-27,Amador,005,37829,5969,5891,82,5973,70
2021-12-27,Butte,007,227075,22788,22234,4098,26332,335
2021-12-27,Calaveras,009,45235,4704,4630,68,4698,91
2021-12-27,Colusa,011,21464,2686,2652,724,3376,21
2021-12-27,Contra Costa,013,1133247,110718,106692,2872,109564,1071
2021-12-27,Del Norte,015,27424,3855,3802,58,3860,43
2021-12-27,El Dorado,017,186661,17878,17361,1892,19253,172
2021-12-27,Fresno,019,978130,151072,148826,13092,161918,2364
2021-12-27,Glenn,021,27897,3685,3634,1036,4670,39
2021-12-27,Humboldt,023,135768,10608,10164,805,10969,119
2021-12-27,Imperial,025,180216,37976,37180,4556,41736,800
2021-12-27,Inyo,027,18085,2763,2662,46,2708,48
2021-12-27,Kern,029,883053,137364,135119,25680,160799,1907
2021-12-27,Kings,031,150075,34749,34126,2120,36246,382
2021-12-27,Lake,033,64148,7117,7037,185,7222,116
2021-12-27,Lassen,035,31185,7129,7080,440,7520,55
2021-12-27,Los Angeles,037,10098052,1617460,1554074,67372,1621446,27300
2021-12-27,Madera,039,155013,25200,24840,2418,27258,320
2021-12-27,Marin,041,260295,20808,19601,854,20455,249
2021-12-27,Mariposa,043,17540,1529,1495,62,1557,6
2021-12-27,Mendocino,045,87422,8546,8351,705,9056,98
2021-12-27,Merced,047,269075,44969,44383,2127,46510,690
2021-12-27,Modoc,049,8938,606,599,211,810,6
2021-12-27,Mono,051,14174,2120,2026,24,2050,4
2021-12-27,Monterey,053,433212,52081,49918,3701,53619,639
2021-12-27,Napa,055,140530,14668,14083,203,14286,107
2021-12-27,Nevada,057,99092,10459,10239,376,10615,110
2021-12-27,Orange,059,3164182,342362,329222,20358,349580,5875
2021-12-27,Placer,061,380077,41350,40263,4281,44544,489
2021-12-27,Plumas,063,18699,2024,1988,53,2041,12
2021-12-27,Riverside,065,2383286,401657,389096,18003,407099,5470
2021-12-27,Sacramento,067,1510023,174918,170858,5855,176713,2422
2021-12-27,San Benito,069,59416,8288,8133,201,8334,79
2021-12-27,San Bernardino,071,2135413,391732,380526,12902,393428,6047
2021-12-27,San Diego,073,3302833,433973,414968,25377,440345,4445
2021-12-27,San Francisco,075,870044,66162,60920,2995,63915,682
2021-12-27,San Joaquin,077,732212,107487,105413,5966,111379,1876
2021-12-27,San Luis Obispo,079,281455,32734,31671,1485,33156,365
2021-12-27,San Mateo,081,765935,63812,58397,1291,59688,581
2021-12-27,Santa Barbara,083,443738,49891,48209,1842,50051,568
2021-12-27,Santa Clara,085,1922200,167208,159904,2278,162182,1961
2021-12-27,Santa Cruz,087,273765,23324,22456,1133,23589,228
2021-12-27,Shasta,089,179085,23337,23015,3826,26841,432
2021-12-27,Sierra,091,2930,214,206,21,227,0
2021-12-27,Siskiyou,093,43540,3531,3466,1417,4883,60
2021-12-27,Solano,095,438530,49576,48172,1524,49696,378
2021-12-27,Sonoma,097,501317,46575,44990,711,45701,410
2021-12-27,Stanislaus,099,539301,84852,83833,9642,93475,1331
2021-12-27,Sutter,101,95872,14822,14642,430,15072,191
2021-12-27,Tehama,103,63373,9048,8887,1584,10471,136
2021-12-27,Trinity,105,12862,916,827,228,1055,17
2021-12-27,Tulare,107,460477,73067,71562,17290,88852,1146
2021-12-27,Tuolumne,109,53932,8097,7978,117,8095,91
2021-12-27,Ventura,111,848112,109870,105212,5363,110575,1206
2021-12-27,Yolo,113,214977,21980,21300,1494,22794,270
2021-12-27,Yuba,115,75493,10916,10759,423,11182,98
2021-12-26,Alameda,001,1643700,133436,127221,3534,130755,1525
2021-12-26,Alpine,003,1148,110,113,0,113,0
2021-12-26,Amador,005,37829,5953,5861,80,5941,70
2021-12-26,Butte,007,227075,22636,22087,4074,26161,330
2021-12-26,Calaveras,009,45235,4682,4591,68,4659,91
2021-12-26,Colusa,011,21464,2676,2647,718,3365,21
2021-12-26,Contra Costa,013,1133247,108950,105022,2773,107795,1071
2021-12-26,Del Norte,015,27424,3850,3795,58,3853,43
2021-12-26,El Dorado,017,186661,17721,17188,1883,19071,172
2021-12-26,Fresno,019,978130,150408,148027,13026,161053,2358
2021-12-26,Glenn,021,27897,3677,3611,1029,4640,39
2021-12-26,Humboldt,023,135768,10465,10052,782,10834,119
2021-12-26,Imperial,025,180216,37677,36878,4465,41343,800
2021-12-26,Inyo,027,18085,2739,2636,43,2679,47
2021-12-26,Kern,029,883053,136645,134591,25424,160015,1908
2021-12-26,Kings,031,150075,34600,34009,2114,36123,379
2021-12-26,Lake,033,64148,7095,7019,182,7201,116
2021-12-26,Lassen,035,31185,7123,7072,439,7511,55
2021-12-26,Los Angeles,037,10098052,1587718,1515469,65580,1581049,27257
2021-12-26,Madera,039,155013,25081,24741,2403,27144,320
2021-12-26,Marin,041,260295,20429,19085,792,19877,249
2021-12-26,Mariposa,043,17540,1523,1480,62,1542,6
2021-12-26,Mendocino,045,87422,8496,8314,703,9017,98
2021-12-26,Merced,047,269075,44723,44208,2116,46324,690
2021-12-26,Modoc,049,8938,605,597,209,806,6
2021-12-26,Mono,051,14174,2094,2000,24,2024,4
2021-12-26,Monterey,053,433212,51803,49709,3652,53361,638
2021-12-26,Napa,055,140530,14432,13809,198,14007,107
2021-12-26,Nevada,057,99092,10399,10153,369,10522,110
2021-12-26,Orange,059,3164182,336050,322991,19556,342547,5863
2021-12-26,Placer,061,380077,41003,39852,4210,44062,489
2021-12-26,Plumas,063,18699,2017,1987,52,2039,12
2021-12-26,Riverside,065,2383286,397487,384567,17833,402400,5470
2021-12-26,Sacramento,067,1510023,173254,169144,5708,174852,2418
2021-12-26,San Benito,069,59416,8208,7991,197,8188,79
2021-12-26,San Bernardino,071,2135413,387217,376052,12729,388781,6043
2021-12-26,San Diego,073,3302833,425139,406616,24924,431540,4442
2021-12-26,San Francisco,075,870044,64579,58229,2934,61163,682
2021-12-26,San Joaquin,077,732212,106671,104590,5914,110504,1872
2021-12-26,San Luis Obispo,079,281455,32296,31290,1467,32757,365
2021-12-26,San Mateo,081,765935,62411,56973,1243,58216,581
2021-12-26,Santa Barbara,083,443738,49219,47553,1812,49365,567
2021-12-26,Santa Clara,085,1922200,164514,156872,2146,159018,1967
2021-12-26,Santa Cruz,087,273765,23035,22176,1121,23297,228
2021-12-26,Shasta,089,179085,23254,22959,3814,26773,432
2021-12-26,Sierra,091,2930,214,202,21,223,0
2021-12-26,Siskiyou,093,43540,3523,3460,1408,4868,60
2021-12-26,Solano,095,438530,49069,47646,1486,49132,377
2021-12-26,Sonoma,097,501317,46082,44358,678,45036,408
2021-12-26,Stanislaus,099,539301,84478,83368,9607,92975,1331
2021-12-26,Sutter,101,95872,14758,14533,427,14960,191
2021-12-26,Tehama,103,63373,9015,8861,1581,10442,136
2021-12-26,Trinity,105,12862,916,826,227,1053,17
2021-12-26,Tulare,107,460477,72823,71292,17178,88470,1137
2021-12-26,Tuolumne,109,53932,8060,7919,117,8036,91
2021-12-26,Ventura,111,848112,108036,103498,5214,108712,1206
2021-12-26,Yolo,113,214977,21707,21084,1454,22538,270
2021-12-26,Yuba,115,75493,10865,10694,421,11115,98
2021-12-25,Alameda,001,1643700,132399,127221,3471,130692,1525
2021-12-25,Alpine,003,1148,110,113,0,113,0
2021-12-25,Amador,005,37829,5933,5861,80,5941,70
2021-12-25,Butte,007,227075,22540,22087,4058,26145,330
2021-12-25,Calaveras,009,45235,4653,4591,67,4658,91
2021-12-25,Colusa,011,21464,2671,2647,712,3359,21
2021-12-25,Contra Costa,013,1133247,108100,105022,2720,107742,1071
2021-12-25,Del Norte,015,27424,3843,3795,57,3852,43
2021-12-25,El Dorado,017,186661,17668,17188,1872,19060,172
2021-12-25,Fresno,019,978130,150105,148027,12990,161017,2358
2021-12-25,Glenn,021,27897,3666,3611,1025,4636,39
2021-12-25,Humboldt,023,135768,10388,10052,775,10827,119
2021-12-25,Imperial,025,180216,37558,36878,4440,41318,800
2021-12-25,Inyo,027,18085,2719,2636,43,2679,47
2021-12-25,Kern,029,883053,136298,134591,25299,159890,1908
2021-12-25,Kings,031,150075,34515,34009,2107,36116,379
2021-12-25,Lake,033,64148,7083,7019,180,7199,116
2021-12-25,Lassen,035,31185,7121,7072,439,7511,55
2021-12-25,Los Angeles,037,10098052,1575057,1515469,64248,1579717,27257
2021-12-25,Madera,039,155013,25033,24741,2397,27138,320
2021-12-25,Marin,041,260295,20091,19085,743,19828,249
2021-12-25,Mariposa,043,17540,1517,1480,62,1542,6
2021-12-25,Mendocino,045,87422,8458,8314,703,9017,98
2021-12-25,Merced,047,269075,44623,44208,2114,46322,690
2021-12-25,Modoc,049,8938,605,597,209,806,6
2021-12-25,Mono,051,14174,2077,2000,24,2024,4
2021-12-25,Monterey,053,433212,51638,49709,3617,53326,638
2021-12-25,Napa,055,140530,14317,13809,190,13999,107
2021-12-25,Nevada,057,99092,10370,10153,369,10522,110
2021-12-25,Orange,059,3164182,333194,322991,18977,341968,5863
2021-12-25,Placer,061,380077,40805,39852,4174,44026,489
2021-12-25,Plumas,063,18699,2015,1987,52,2039,12
2021-12-25,Riverside,065,2383286,395208,384567,17711,402278,5470
2021-12-25,Sacramento,067,1510023,172458,169144,5604,174748,2418
2021-12-25,San Benito,069,59416,8150,7991,197,8188,79
2021-12-25,San Bernardino,071,2135413,385086,376052,12593,388645,6043
2021-12-25,San Diego,073,3302833,421086,406616,24655,431271,4442
2021-12-25,San Francisco,075,870044,63549,58229,2897,61126,682
2021-12-25,San Joaquin,077,732212,106339,104590,5882,110472,1872
2021-12-25,San Luis Obispo,079,281455,32141,31290,1458,32748,365
2021-12-25,San Mateo,081,765935,61381,56973,1200,58173,581
2021-12-25,Santa Barbara,083,443738,48857,47553,1800,49353,567
2021-12-25,Santa Clara,085,1922200,163031,156872,2077,158949,1967
2021-12-25,Santa Cruz,087,273765,22876,22176,1115,23291,228
2021-12-25,Shasta,089,179085,23223,22959,3808,26767,432
2021-12-25,Sierra,091,2930,214,202,21,223,0
2021-12-25,Siskiyou,093,43540,3520,3460,1402,4862,60
2021-12-25,Solano,095,438530,48947,47646,1468,49114,377
2021-12-25,Sonoma,097,501317,45697,44358,652,45010,408
2021-12-25,Stanislaus,099,539301,84262,83368,9586,92954,1331
2021-12-25,Sutter,101,95872,14717,14533,425,14958,191
2021-12-25,Tehama,103,63373,8995,8861,1577,10438,136
2021-12-25,Trinity,105,12862,915,826,227,1053,17
2021-12-25,Tulare,107,460477,72687,71292,17098,88390,1137
2021-12-25,Tuolumne,109,53932,8029,7919,117,8036,91
2021-12-25,Ventura,111,848112,106866,103498,5105,108603,1206
2021-12-25,Yolo,113,214977,21599,21084,1433,22517,270
2021-12-25,Yuba,115,75493,10839,10694,420,11114,98
2021-12-24,Alameda,001,1643700,131806,127221,3453,130674,1525
2021-12-24,Alpine,003,1148,110,113,0,113,0
2021-12-24,Amador,005,37829,5925,5861,79,5940,70
2021-12-24,Butte,007,227075,22485,22087,4045,26132,330
2021-12-24,Calaveras,009,45235,4647,4591,67,4658,91
2021-12-24,Colusa,011,21464,2669,2647,711,3358,21
2021-12-24,Contra Costa,013,1133247,107790,105022,2687,107709,1071
2021-12-24,Del Norte,015,27424,3836,3795,57,3852,43
2021-12-24,El Dorado,017,186661,17616,17188,1867,19055,172
2021-12-24,Fresno,019,978130,149943,148027,12980,161007,2358
2021-12-24,Glenn,021,27897,3665,3611,1025,4636,39
2021-12-24,Humboldt,023,135768,10332,10052,769,10821,119
2021-12-24,Imperial,025,180216,37474,36878,4436,41314,800
2021-12-24,Inyo,027,18085,2699,2636,43,2679,47
2021-12-24,Kern,029,883053,136174,134591,25257,159848,1908
2021-12-24,Kings,031,150075,34451,34009,2106,36115,379
2021-12-24,Lake,033,64148,7079,7019,180,7199,116
2021-12-24,Lassen,035,31185,7118,7072,439,7511,55
2021-12-24,Los Angeles,037,10098052,1570299,1515469,63737,1579206,27257
2021-12-24,Madera,039,155013,25000,24741,2392,27133,320
2021-12-24,Marin,041,260295,19947,19085,713,19798,249
2021-12-24,Mariposa,043,17540,1515,1480,62,1542,6
2021-12-24,Mendocino,045,87422,8441,8314,703,9017,98
2021-12-24,Merced,047,269075,44573,44208,2112,46320,690
2021-12-24,Modoc,049,8938,605,597,209,806,6
2021-12-24,Mono,051,14174,2064,2000,24,2024,4
2021-12-24,Monterey,053,433212,51542,49709,3592,53301,638
2021-12-24,Napa,055,140530,14251,13809,186,13995,107
2021-12-24,Nevada,057,99092,10343,10153,367,10520,110
2021-12-24,Orange,059,3164182,332149,322991,18819,341810,5863
2021-12-24,Placer,061,380077,40687,39852,4158,44010,489
2021-12-24,Plumas,063,18699,2014,1987,52,2039,12
2021-12-24,Riverside,065,2383286,394221,384567,17621,402188,5470
2021-12-24,Sacramento,067,1510023,172150,169144,5566,174710,2418
2021-12-24,San Benito,069,59416,8142,7991,196,8187,79
2021-12-24,San Bernardino,071,2135413,384009,376052,12525,388577,6043
2021-12-24,San Diego,073,3302833,419997,406616,24527,431143,4442
2021-12-24,San Francisco,075,870044,63037,58229,2879,61108,682
2021-12-24,San Joaquin,077,732212,106148,104590,5875,110465,1872
2021-12-24,San Luis Obispo,079,281455,32079,31290,1448,32738,365
2021-12-24,San Mateo,081,765935,60948,56973,1177,58150,581
2021-12-24,Santa Barbara,083,443738,48653,47553,1793,49346,567
2021-12-24,Santa Clara,085,1922200,162211,156872,2044,158916,1967
2021-12-24,Santa Cruz,087,273765,22793,22176,1112,23288,228
2021-12-24,Shasta,089,179085,23192,22959,3804,26763,432
2021-12-24,Sierra,091,2930,213,202,21,223,0
2021-12-24,Siskiyou,093,43540,3515,3460,1398,4858,60
2021-12-24,Solano,095,438530,48895,47646,1466,49112,377
2021-12-24,Sonoma,097,501317,45533,44358,644,45002,408
2021-12-24,Stanislaus,099,539301,84150,83368,9571,92939,1331
2021-12-24,Sutter,101,95872,14697,14533,422,14955,191
2021-12-24,Tehama,103,63373,8986,8861,1574,10435,136
2021-12-24,Trinity,105,12862,913,826,227,1053,17
2021-12-24,Tulare,107,460477,72621,71292,17054,88346,1137
2021-12-24,Tuolumne,109,53932,8004,7919,117,8036,91
2021-12-24,Ventura,111,848112,106418,103498,5049,108547,1206
2021-12-24,Yolo,113,214977,21527,21084,1415,22499,270
2021-12-24,Yuba,115,75493,10816,10694,419,11113,98
2021-12-23,Alameda,001,1643700,131130,127221,3416,130637,1525
2021-12-23,Alpine,003,1148,110,113,0,113,0
2021-12-23,Amador,005,37829,5913,5861,77,5938,70
2021-12-23,Butte,007,227075,22435,22087,4034,26121,330
2021-12-23,Calaveras,009,45235,4636,4591,67,4658,91
2021-12-23,Colusa,011,21464,2663,2647,707,3354,21
2021-12-23,Contra Costa,013,1133247,107372,105022,2642,107664,1071
2021-12-23,Del Norte,015,27424,3833,3795,57,3852,43
2021-12-23,El Dorado,017,186661,17554,17188,1861,19049,172
2021-12-23,Fresno,019,978130,149739,148027,12964,160991,2358
2021-12-23,Glenn,021,27897,3661,3611,1025,4636,39
2021-12-23,Humboldt,023,135768,10279,10052,766,10818,119
2021-12-23,Imperial,025,180216,37400,36878,4408,41286,800
2021-12-23,Inyo,027,18085,2686,2636,43,2679,47
2021-12-23,Kern,029,883053,136024,134591,25159,159750,1908
2021-12-23,Kings,031,150075,34410,34009,2105,36114,379
2021-12-23,Lake,033,64148,7067,7019,178,7197,116
2021-12-23,Lassen,035,31185,7117,7072,439,7511,55
2021-12-23,Los Angeles,037,10098052,1560848,1515469,62634,1578103,27257
2021-12-23,Madera,039,155013,24969,24741,2389,27130,320
2021-12-23,Marin,041,260295,19813,19085,696,19781,249
2021-12-23,Mariposa,043,17540,1510,1480,62,1542,6
2021-12-23,Mendocino,045,87422,8432,8314,703,9017,98
2021-12-23,Merced,047,269075,44524,44208,2110,46318,690
2021-12-23,Modoc,049,8938,605,597,209,806,6
2021-12-23,Mono,051,14174,2043,2000,23,2023,4
2021-12-23,Monterey,053,433212,51425,49709,3570,53279,638
2021-12-23,Napa,055,140530,14170,13809,181,13990,107
2021-12-23,Nevada,057,99092,10320,10153,366,10519,110
2021-12-23,Orange,059,3164182,330471,322991,18482,341473,5863
2021-12-23,Placer,061,380077,40563,39852,4142,43994,489
2021-12-23,Plumas,063,18699,2014,1987,52,2039,12
2021-12-23,Riverside,065,2383286,393015,384567,17550,402117,5470
2021-12-23,Sacramento,067,1510023,171714,169144,5521,174665,2418
2021-12-23,San Benito,069,59416,8124,7991,194,8185,79
2021-12-23,San Bernardino,071,2135413,382887,376052,12423,388475,6043
2021-12-23,San Diego,073,3302833,418165,406616,24330,430946,4442
2021-12-23,San Francisco,075,870044,62304,58229,2852,61081,682
2021-12-23,San Joaquin,077,732212,105931,104590,5862,110452,1872
2021-12-23,San Luis Obispo,079,281455,32007,31290,1444,32734,365
2021-12-23,San Mateo,081,765935,60390,56973,1156,58129,581
2021-12-23,Santa Barbara,083,443738,48454,47553,1791,49344,567
2021-12-23,Santa Clara,085,1922200,161299,156872,1985,158857,1967
2021-12-23,Santa Cruz,087,273765,22676,22176,1101,23277,228
2021-12-23,Shasta,089,179085,23164,22959,3801,26760,432
2021-12-23,Sierra,091,2930,210,202,21,223,0
2021-12-23,Siskiyou,093,43540,3515,3460,1396,4856,60
2021-12-23,Solano,095,438530,48788,47646,1451,49097,377
2021-12-23,Sonoma,097,501317,45355,44358,641,44999,408
2021-12-23,Stanislaus,099,539301,84022,83368,9557,92925,1331
2021-12-23,Sutter,101,95872,14679,14533,421,14954,191
2021-12-23,Tehama,103,63373,8974,8861,1570,10431,136
2021-12-23,Trinity,105,12862,913,826,227,1053,17
2021-12-23,Tulare,107,460477,72545,71292,17009,88301,1137
2021-12-23,Tuolumne,109,53932,7986,7919,116,8035,91
2021-12-23,Ventura,111,848112,105883,103498,4982,108480,1206
2021-12-23,Yolo,113,214977,21455,21084,1397,22481,270
2021-12-23,Yuba,115,75493,10803,10694,419,11113,98
2021-12-22,Alameda,001,1643700,130218,126533,3331,129864,1522
2021-12-22,Alpine,003,1148,110,112,0,112,0
2021-12-22,Amador,005,37829,5900,5850,76,5926,70
2021-12-22,Butte,007,227075,22385,22070,4023,26093,330
2021-12-22,Calaveras,009,45235,4627,4580,67,4647,91
2021-12-22,Colusa,011,21464,2663,2645,704,3349,21
2021-12-22,Contra Costa,013,1133247,106755,104559,2598,107157,1070
2021-12-22,Del Norte,015,27424,3833,3794,57,3851,43
2021-12-22,El Dorado,017,186661,17494,17140,1852,18992,172
2021-12-22,Fresno,019,978130,149460,147838,12938,160776,2349
2021-12-22,Glenn,021,27897,3656,3604,1025,4629,39
2021-12-22,Humboldt,023,135768,10218,10022,761,10783,119
2021-12-22,Imperial,025,180216,37312,36755,4370,41125,798
2021-12-22,Inyo,027,18085,2668,2632,43,2675,47
2021-12-22,Kern,029,883053,135790,134433,25074,159507,1900
2021-12-22,Kings,031,150075,34361,33953,2098,36051,376
2021-12-22,Lake,033,64148,7060,7008,176,7184,116
2021-12-22,Lassen,035,31185,7112,7069,438,7507,55
2021-12-22,Los Angeles,037,10098052,1547394,1507110,61462,1568572,27234
2021-12-22,Madera,039,155013,24930,24702,2385,27087,320
2021-12-22,Marin,041,260295,19592,18927,673,19600,249
2021-12-22,Mariposa,043,17540,1503,1480,62,1542,6
2021-12-22,Mendocino,045,87422,8423,8299,703,9002,99
2021-12-22,Merced,047,269075,44454,44137,2108,46245,689
2021-12-22,Modoc,049,8938,605,595,209,804,6
2021-12-22,Mono,051,14174,2039,1979,23,2002,4
2021-12-22,Monterey,053,433212,51274,49650,3553,53203,639
2021-12-22,Napa,055,140530,14042,13746,171,13917,107
2021-12-22,Nevada,057,99092,10293,10101,361,10462,110
2021-12-22,Orange,059,3164182,328200,321765,18048,339813,5858
2021-12-22,Placer,061,380077,40381,39758,4105,43863,489
2021-12-22,Plumas,063,18699,2010,1986,52,2038,12
2021-12-22,Riverside,065,2383286,391201,383319,17435,400754,5472
2021-12-22,Sacramento,067,1510023,171077,168695,5461,174156,2422
2021-12-22,San Benito,069,59416,8072,7971,192,8163,79
2021-12-22,San Bernardino,071,2135413,381281,375044,12340,387384,6039
2021-12-22,San Diego,073,3302833,414047,404269,24009,428278,4434
2021-12-22,San Francisco,075,870044,61305,57520,2805,60325,682
2021-12-22,San Joaquin,077,732212,105661,104385,5848,110233,1870
2021-12-22,San Luis Obispo,079,281455,31866,31175,1424,32599,365
2021-12-22,San Mateo,081,765935,59704,56604,1127,57731,581
2021-12-22,Santa Barbara,083,443738,48199,47372,1776,49148,566
2021-12-22,Santa Clara,085,1922200,160182,156258,1943,158201,1954
2021-12-22,Santa Cruz,087,273765,22570,22075,1095,23170,228
2021-12-22,Shasta,089,179085,23136,22937,3796,26733,432
2021-12-22,Sierra,091,2930,210,202,21,223,0
2021-12-22,Siskiyou,093,43540,3512,3458,1393,4851,59
2021-12-22,Solano,095,438530,48554,47531,1436,48967,375
2021-12-22,Sonoma,097,501317,45079,44201,630,44831,408
2021-12-22,Stanislaus,099,539301,83879,83245,9542,92787,1331
2021-12-22,Sutter,101,95872,14644,14513,418,14931,191
2021-12-22,Tehama,103,63373,8961,8853,1567,10420,136
2021-12-22,Trinity,105,12862,913,826,227,1053,17
2021-12-22,Tulare,107,460477,72443,71226,16954,88180,1137
2021-12-22,Tuolumne,109,53932,7965,7903,116,8019,91
2021-12-22,Ventura,111,848112,105277,103089,4875,107964,1206
2021-12-22,Yolo,113,214977,21382,21012,1383,22395,270
2021-12-22,Yuba,115,75493,10786,10681,419,11100,98
2021-12-21,Alameda,001,1643700,129238,126007,3274,129281,1518
2021-12-21,Alpine,003,1148,110,112,0,112,0
2021-12-21,Amador,005,37829,5890,5845,76,5921,70
2021-12-21,Butte,007,227075,22323,22041,4010,26051,330
2021-12-21,Calaveras,009,45235,4614,4575,67,4642,91
2021-12-21,Colusa,011,21464,2661,2643,703,3346,21
2021-12-21,Contra Costa,013,1133247,106114,104255,2534,106789,1068
2021-12-21,Del Norte,015,27424,3832,3793,57,3850,43
2021-12-21,El Dorado,017,186661,17430,17098,1840,18938,172
2021-12-21,Fresno,019,978130,149180,147707,12909,160616,2341
2021-12-21,Glenn,021,27897,3642,3602,1025,4627,39
2021-12-21,Humboldt,023,135768,10153,9989,756,10745,118
2021-12-21,Imperial,025,180216,37214,36580,4327,40907,792
2021-12-21,Inyo,027,18085,2656,2627,43,2670,47
2021-12-21,Kern,029,883053,135581,134321,24968,159289,1892
2021-12-21,Kings,031,150075,34301,33914,2097,36011,376
2021-12-21,Lake,033,64148,7055,7004,174,7178,116
2021-12-21,Lassen,035,31185,7110,7069,438,7507,55
2021-12-21,Los Angeles,037,10098052,1533566,1501169,60431,1561600,27220
2021-12-21,Madera,039,155013,24895,24688,2379,27067,320
2021-12-21,Marin,041,260295,19422,18828,638,19466,249
2021-12-21,Mariposa,043,17540,1502,1480,61,1541,6
2021-12-21,Mendocino,045,87422,8407,8282,701,8983,97
2021-12-21,Merced,047,269075,44382,44096,2105,46201,688
2021-12-21,Modoc,049,8938,603,595,207,802,6
2021-12-21,Mono,051,14174,2019,1979,23,2002,4
2021-12-21,Monterey,053,433212,51183,49586,3535,53121,638
2021-12-21,Napa,055,140530,13941,13703,160,13863,107
2021-12-21,Nevada,057,99092,10264,10095,361,10456,110
2021-12-21,Orange,059,3164182,326079,320705,17592,338297,5855
2021-12-21,Placer,061,380077,40236,39649,4076,43725,487
2021-12-21,Plumas,063,18699,2010,1975,52,2027,12
2021-12-21,Riverside,065,2383286,389484,382415,17313,399728,5465
2021-12-21,Sacramento,067,1510023,170441,168422,5404,173826,2419
2021-12-21,San Benito,069,59416,8035,7950,190,8140,79
2021-12-21,San Bernardino,071,2135413,379704,374219,12235,386454,6026
2021-12-21,San Diego,073,3302833,410301,402386,23691,426077,4424
2021-12-21,San Francisco,075,870044,60347,56950,2771,59721,681
2021-12-21,San Joaquin,077,732212,105371,104238,5829,110067,1870
2021-12-21,San Luis Obispo,079,281455,31701,31103,1412,32515,365
2021-12-21,San Mateo,081,765935,59088,56381,1103,57484,581
2021-12-21,Santa Barbara,083,443738,47972,47194,1761,48955,564
2021-12-21,Santa Clara,085,1922200,159157,155769,1901,157670,1951
2021-12-21,Santa Cruz,087,273765,22453,22028,1084,23112,228
2021-12-21,Shasta,089,179085,23106,22920,3792,26712,429
2021-12-21,Sierra,091,2930,208,201,21,222,0
2021-12-21,Siskiyou,093,43540,3511,3455,1393,4848,59
2021-12-21,Solano,095,438530,48393,47474,1429,48903,372
2021-12-21,Sonoma,097,501317,44856,44051,620,44671,408
2021-12-21,Stanislaus,099,539301,83722,83167,9515,92682,1331
2021-12-21,Sutter,101,95872,14621,14492,417,14909,190
2021-12-21,Tehama,103,63373,8953,8849,1562,10411,136
2021-12-21,Trinity,105,12862,913,826,227,1053,17
2021-12-21,Tulare,107,460477,72352,71166,16911,88077,1137
2021-12-21,Tuolumne,109,53932,7941,7893,116,8009,91
2021-12-21,Ventura,111,848112,104661,102631,4762,107393,1205
2021-12-21,Yolo,113,214977,21272,20944,1379,22323,267
2021-12-21,Yuba,115,75493,10769,10668,419,11087,98
2021-12-20,Alameda,001,1643700,128315,125762,3205,128967,1515
2021-12-20,Alpine,003,1148,110,112,0,112,0
2021-12-20,Amador,005,37829,5876,5838,76,5914,70
2021-12-20,Butte,007,227075,22261,22030,4001,26031,329
2021-12-20,Calaveras,009,45235,4604,4569,67,4636,91
2021-12-20,Colusa,011,21464,2659,2644,703,3347,21
2021-12-20,Contra Costa,013,1133247,105590,104051,2487,106538,1068
2021-12-20,Del Norte,015,27424,3830,3792,57,3849,43
2021-12-20,El Dorado,017,186661,17367,17083,1831,18914,172
2021-12-20,Fresno,019,978130,148941,147605,12884,160489,2341
2021-12-20,Glenn,021,27897,3636,3597,1025,4622,39
2021-12-20,Humboldt,023,135768,10109,9973,753,10726,118
2021-12-20,Imperial,025,180216,37097,36532,4296,40828,792
2021-12-20,Inyo,027,18085,2653,2615,43,2658,47
2021-12-20,Kern,029,883053,135382,134203,24908,159111,1883
2021-12-20,Kings,031,150075,34260,33898,2096,35994,376
2021-12-20,Lake,033,64148,7050,6999,174,7173,116
2021-12-20,Lassen,035,31185,7108,7065,437,7502,55
2021-12-20,Los Angeles,037,10098052,1522126,1495251,59711,1554962,27188
2021-12-20,Madera,039,155013,24866,24668,2375,27043,313
2021-12-20,Marin,041,260295,19208,18747,620,19367,249
2021-12-20,Mariposa,043,17540,1493,1479,61,1540,6
2021-12-20,Mendocino,045,87422,8395,8264,699,8963,96
2021-12-20,Merced,047,269075,44325,44071,2100,46171,687
2021-12-20,Modoc,049,8938,603,595,204,799,6
2021-12-20,Mono,051,14174,1997,1973,23,1996,4
2021-12-20,Monterey,053,433212,51088,49556,3517,53073,636
2021-12-20,Napa,055,140530,13857,13672,150,13822,107
2021-12-20,Nevada,057,99092,10224,10079,360,10439,109
2021-12-20,Orange,059,3164182,324484,320235,17269,337504,5852
2021-12-20,Placer,061,380077,40108,39579,4046,43625,485
2021-12-20,Plumas,063,18699,2008,1971,51,2022,12
2021-12-20,Riverside,065,2383286,388040,381841,17221,399062,5452
2021-12-20,Sacramento,067,1510023,169876,168153,5362,173515,2414
2021-12-20,San Benito,069,59416,7992,7934,188,8122,79
2021-12-20,San Bernardino,071,2135413,378257,373881,12152,386033,6023
2021-12-20,San Diego,073,3302833,407065,401483,23453,424936,4412
2021-12-20,San Francisco,075,870044,59286,56661,2709,59370,681
2021-12-20,San Joaquin,077,732212,105128,104188,5820,110008,1865
2021-12-20,San Luis Obispo,079,281455,31587,31075,1404,32479,365
2021-12-20,San Mateo,081,765935,58541,56247,1084,57331,581
2021-12-20,Santa Barbara,083,443738,47763,47131,1756,48887,562
2021-12-20,Santa Clara,085,1922200,158199,155427,1853,157280,1950
2021-12-20,Santa Cruz,087,273765,22372,21989,1079,23068,227
2021-12-20,Shasta,089,179085,23086,22888,3787,26675,429
2021-12-20,Sierra,091,2930,207,201,21,222,0
2021-12-20,Siskiyou,093,43540,3510,3453,1391,4844,59
2021-12-20,Solano,095,438530,48262,47394,1421,48815,370
2021-12-20,Sonoma,097,501317,44666,43982,612,44594,408
2021-12-20,Stanislaus,099,539301,83597,83110,9488,92598,1331
2021-12-20,Sutter,101,95872,14599,14480,417,14897,190
2021-12-20,Tehama,103,63373,8945,8840,1559,10399,136
2021-12-20,Trinity,105,12862,913,826,227,1053,17
2021-12-20,Tulare,107,460477,72260,71124,16845,87969,1129
2021-12-20,Tuolumne,109,53932,7927,7867,112,7979,91
2021-12-20,Ventura,111,848112,104154,102452,4684,107136,1203
2021-12-20,Yolo,113,214977,21185,20903,1367,22270,267
2021-12-20,Yuba,115,75493,10753,10656,416,11072,97
2021-12-19,Alameda,001,1643700,127444,125464,3158,128622,1519
2021-12-19,Alpine,003,1148,110,112,0,112,0
2021-12-19,Amador,005,37829,5864,5832,75,5907,70
2021-12-19,Butte,007,227075,22209,22022,3995,26017,329
2021-12-19,Calaveras,009,45235,4588,4563,66,4629,91
2021-12-19,Colusa,011,21464,2659,2643,700,3343,21
2021-12-19,Contra Costa,013,1133247,105095,103906,2452,106358,1068
2021-12-19,Del Norte,015,27424,3826,3797,57,3854,43
2021-12-19,El Dorado,017,186661,17311,17067,1829,18896,172
2021-12-19,Fresno,019,978130,148702,147505,12862,160367,2341
2021-12-19,Glenn,021,27897,3632,3596,1024,4620,39
2021-12-19,Humboldt,023,135768,10070,9957,748,10705,118
2021-12-19,Imperial,025,180216,36969,36501,4250,40751,792
2021-12-19,Inyo,027,18085,2644,2613,43,2656,47
2021-12-19,Kern,029,883053,135186,134136,24837,158973,1883
2021-12-19,Kings,031,150075,34200,33874,2092,35966,378
2021-12-19,Lake,033,64148,7041,6999,171,7170,116
2021-12-19,Lassen,035,31185,7104,7065,437,7502,55
2021-12-19,Los Angeles,037,10098052,1513196,1495082,59102,1554184,27189
2021-12-19,Madera,039,155013,24841,24642,2369,27011,313
2021-12-19,Marin,041,260295,19032,18707,597,19304,249
2021-12-19,Mariposa,043,17540,1487,1475,61,1536,6
2021-12-19,Mendocino,045,87422,8378,8257,696,8953,96
2021-12-19,Merced,047,269075,44230,44045,2092,46137,687
2021-12-19,Modoc,049,8938,602,595,204,799,6
2021-12-19,Mono,051,14174,1986,1968,22,1990,4
2021-12-19,Monterey,053,433212,50988,49516,3495,53011,636
2021-12-19,Napa,055,140530,13784,13659,141,13800,107
2021-12-19,Nevada,057,99092,10188,10057,357,10414,109
2021-12-19,Orange,059,3164182,323100,319615,17039,336654,5852
2021-12-19,Placer,061,380077,39989,39525,4030,43555,485
2021-12-19,Plumas,063,18699,2005,1971,51,2022,12
2021-12-19,Riverside,065,2383286,386613,381305,17144,398449,5452
2021-12-19,Sacramento,067,1510023,169385,167933,5334,173267,2415
2021-12-19,San Benito,069,59416,7966,7929,187,8116,79
2021-12-19,San Bernardino,071,2135413,376980,373480,12111,385591,6023
2021-12-19,San Diego,073,3302833,404559,398197,23256,421453,4406
2021-12-19,San Francisco,075,870044,58409,56358,2653,59011,681
2021-12-19,San Joaquin,077,732212,104871,104125,5806,109931,1865
2021-12-19,San Luis Obispo,079,281455,31463,31035,1392,32427,366
2021-12-19,San Mateo,081,765935,58077,56132,1069,57201,581
2021-12-19,Santa Barbara,083,443738,47544,47070,1749,48819,562
2021-12-19,Santa Clara,085,1922200,157308,155049,1825,156874,1950
2021-12-19,Santa Cruz,087,273765,22272,21960,1074,23034,227
2021-12-19,Shasta,089,179085,23050,22875,3783,26658,429
2021-12-19,Sierra,091,2930,206,201,21,222,0
2021-12-19,Siskiyou,093,43540,3507,3452,1391,4843,59
2021-12-19,Solano,095,438530,48144,47341,1415,48756,370
2021-12-19,Sonoma,097,501317,44484,43944,610,44554,408
2021-12-19,Stanislaus,099,539301,83458,83040,9457,92497,1331
2021-12-19,Sutter,101,95872,14560,14475,416,14891,190
2021-12-19,Tehama,103,63373,8937,8840,1559,10399,136
2021-12-19,Trinity,105,12862,913,826,227,1053,17
2021-12-19,Tulare,107,460477,72164,71085,16804,87889,1129
2021-12-19,Tuolumne,109,53932,7910,7865,111,7976,91
2021-12-19,Ventura,111,848112,103575,102170,4619,106789,1203
2021-12-19,Yolo,113,214977,21111,20887,1348,22235,267
2021-12-19,Yuba,115,75493,10736,10646,414,11060,97
2021-12-18,Alameda,001,1643700,127039,124583,3133,127716,1512
2021-12-18,Alpine,003,1148,110,110,0,110,0
2021-12-18,Amador,005,37829,5858,5821,75,5896,69
2021-12-18,Butte,007,227075,22192,21956,3990,25946,328
2021-12-18,Calaveras,009,45235,4581,4534,66,4600,91
2021-12-18,Colusa,011,21464,2657,2635,698,3333,21
2021-12-18,Contra Costa,013,1133247,104883,103380,2438,105818,1065
2021-12-18,Del Norte,015,27424,3823,3791,57,3848,43
2021-12-18,El Dorado,017,186661,17283,16968,1826,18794,171
2021-12-18,Fresno,019,978130,148599,147038,12851,159889,2335
2021-12-18,Glenn,021,27897,3629,3590,1024,4614,39
2021-12-18,Humboldt,023,135768,10054,9889,748,10637,118
2021-12-18,Imperial,025,180216,36897,36280,4238,40518,790
2021-12-18,Inyo,027,18085,2638,2607,43,2650,47
2021-12-18,Kern,029,883053,135096,133754,24790,158544,1873
2021-12-18,Kings,031,150075,34168,33783,2088,35871,374
2021-12-18,Lake,033,64148,7040,6976,171,7147,115
2021-12-18,Lassen,035,31185,7102,7061,436,7497,55
2021-12-18,Los Angeles,037,10098052,1509124,1484840,58785,1543625,27135
2021-12-18,Madera,039,155013,24826,24575,2367,26942,313
2021-12-18,Marin,041,260295,18933,18537,585,19122,249
2021-12-18,Mariposa,043,17540,1486,1468,61,1529,6
2021-12-18,Mendocino,045,87422,8372,8219,696,8915,95
2021-12-18,Merced,047,269075,44197,43929,2091,46020,686
2021-12-18,Modoc,049,8938,600,595,204,799,6
2021-12-18,Mono,051,14174,1984,1956,22,1978,4
2021-12-18,Monterey,053,433212,50931,49343,3490,52833,635
2021-12-18,Napa,055,140530,13758,13581,139,13720,107
2021-12-18,Nevada,057,99092,10166,9991,355,10346,108
2021-12-18,Orange,059,3164182,322440,318149,16900,335049,5844
2021-12-18,Placer,061,380077,39889,39336,4016,43352,485
2021-12-18,Plumas,063,18699,2005,1964,51,2015,13
2021-12-18,Riverside,065,2383286,385920,379354,17102,396456,5439
2021-12-18,Sacramento,067,1510023,169149,167046,5313,172359,2404
2021-12-18,San Benito,069,59416,7951,7894,187,8081,79
2021-12-18,San Bernardino,071,2135413,376334,371658,12083,383741,6017
2021-12-18,San Diego,073,3302833,403607,397130,23203,420333,4399
2021-12-18,San Francisco,075,870044,57911,55562,2622,58184,679
2021-12-18,San Joaquin,077,732212,104783,103698,5798,109496,1858
2021-12-18,San Luis Obispo,079,281455,31420,30873,1386,32259,365
2021-12-18,San Mateo,081,765935,57838,55730,1064,56794,580
2021-12-18,Santa Barbara,083,443738,47448,46776,1747,48523,562
2021-12-18,Santa Clara,085,1922200,156858,154243,1812,156055,1946
2021-12-18,Santa Cruz,087,273765,22220,21805,1072,22877,225
2021-12-18,Shasta,089,179085,23029,22811,3783,26594,429
2021-12-18,Sierra,091,2930,206,199,21,220,0
2021-12-18,Siskiyou,093,43540,3505,3441,1390,4831,58
2021-12-18,Solano,095,438530,48098,47174,1413,48587,369
2021-12-18,Sonoma,097,501317,44373,43658,606,44264,407
2021-12-18,Stanislaus,099,539301,83376,82736,9446,92182,1330
2021-12-18,Sutter,101,95872,14542,14435,416,14851,190
2021-12-18,Tehama,103,63373,8931,8814,1558,10372,136
2021-12-18,Trinity,105,12862,913,823,227,1050,17
2021-12-18,Tulare,107,460477,72126,70922,16779,87701,1120
2021-12-18,Tuolumne,109,53932,7896,7834,111,7945,91
2021-12-18,Ventura,111,848112,103290,101612,4595,106207,1201
2021-12-18,Yolo,113,214977,21072,20793,1342,22135,267
2021-12-18,Yuba,115,75493,10724,10599,414,11013,96
2021-12-17,Alameda,001,1643700,126707,124583,3113,127696,1512
2021-12-17,Alpine,003,1148,110,110,0,110,0
2021-12-17,Amador,005,37829,5851,5821,75,5896,69
2021-12-17,Butte,007,227075,22172,21956,3984,25940,328
2021-12-17,Calaveras,009,45235,4577,4534,66,4600,91
2021-12-17,Colusa,011,21464,2656,2635,697,3332,21
2021-12-17,Contra Costa,013,1133247,104679,103380,2434,105814,1065
2021-12-17,Del Norte,015,27424,3822,3791,57,3848,43
2021-12-17,El Dorado,017,186661,17254,16968,1823,18791,171
2021-12-17,Fresno,019,978130,148494,147038,12851,159889,2335
2021-12-17,Glenn,021,27897,3622,3590,1024,4614,39
2021-12-17,Humboldt,023,135768,10035,9889,746,10635,118
2021-12-17,Imperial,025,180216,36835,36280,4220,40500,790
2021-12-17,Inyo,027,18085,2633,2607,43,2650,47
2021-12-17,Kern,029,883053,135006,133754,24748,158502,1873
2021-12-17,Kings,031,150075,34149,33783,2088,35871,374
2021-12-17,Lake,033,64148,7036,6976,171,7147,115
2021-12-17,Lassen,035,31185,7102,7061,435,7496,55
2021-12-17,Los Angeles,037,10098052,1505186,1484840,58540,1543380,27135
2021-12-17,Madera,039,155013,24810,24575,2362,26937,313
2021-12-17,Marin,041,260295,18857,18537,581,19118,249
2021-12-17,Mariposa,043,17540,1482,1468,61,1529,6
2021-12-17,Mendocino,045,87422,8361,8219,696,8915,95
2021-12-17,Merced,047,269075,44170,43929,2090,46019,686
2021-12-17,Modoc,049,8938,600,595,204,799,6
2021-12-17,Mono,051,14174,1981,1956,22,1978,4
2021-12-17,Monterey,053,433212,50874,49343,3485,52828,635
2021-12-17,Napa,055,140530,13731,13581,138,13719,107
2021-12-17,Nevada,057,99092,10155,9991,355,10346,108
2021-12-17,Orange,059,3164182,321882,318149,16832,334981,5844
2021-12-17,Placer,061,380077,39835,39336,4010,43346,485
2021-12-17,Plumas,063,18699,2004,1964,51,2015,13
2021-12-17,Riverside,065,2383286,385274,379354,17091,396445,5439
2021-12-17,Sacramento,067,1510023,168923,167046,5300,172346,2404
2021-12-17,San Benito,069,59416,7949,7894,187,8081,79
2021-12-17,San Bernardino,071,2135413,375798,371658,12066,383724,6017
2021-12-17,San Diego,073,3302833,402671,397130,23155,420285,4399
2021-12-17,San Francisco,075,870044,57584,55562,2592,58154,679
2021-12-17,San Joaquin,077,732212,104709,103698,5788,109486,1858
2021-12-17,San Luis Obispo,079,281455,31392,30873,1382,32255,365
2021-12-17,San Mateo,081,765935,57651,55730,1057,56787,580
2021-12-17,Santa Barbara,083,443738,47371,46776,1741,48517,562
2021-12-17,Santa Clara,085,1922200,156486,154243,1797,156040,1946
2021-12-17,Santa Cruz,087,273765,22173,21805,1069,22874,225
2021-12-17,Shasta,089,179085,23016,22811,3781,26592,429
2021-12-17,Sierra,091,2930,205,199,21,220,0
2021-12-17,Siskiyou,093,43540,3501,3441,1388,4829,58
2021-12-17,Solano,095,438530,48030,47174,1409,48583,369
2021-12-17,Sonoma,097,501317,44278,43658,603,44261,407
2021-12-17,Stanislaus,099,539301,83325,82736,9440,92176,1330
2021-12-17,Sutter,101,95872,14531,14435,414,14849,190
2021-12-17,Tehama,103,63373,8924,8814,1557,10371,136
2021-12-17,Trinity,105,12862,913,823,227,1050,17
2021-12-17,Tulare,107,460477,72084,70922,16748,87670,1120
2021-12-17,Tuolumne,109,53932,7884,7834,111,7945,91
2021-12-17,Ventura,111,848112,103040,101612,4583,106195,1201
2021-12-17,Yolo,113,214977,21039,20793,1337,22130,267
2021-12-17,Yuba,115,75493,10713,10599,411,11010,96
2021-12-16,Alameda,001,1643700,126336,124583,3100,127683,1512
2021-12-16,Alpine,003,1148,108,110,0,110,0
2021-12-16,Amador,005,37829,5843,5821,75,5896,69
2021-12-16,Butte,007,227075,22153,21956,3981,25937,328
2021-12-16,Calaveras,009,45235,4569,4534,66,4600,91
2021-12-16,Colusa,011,21464,2656,2635,697,3332,21
2021-12-16,Contra Costa,013,1133247,104456,103380,2422,105802,1065
2021-12-16,Del Norte,015,27424,3819,3791,57,3848,43
2021-12-16,El Dorado,017,186661,17218,16968,1818,18786,171
2021-12-16,Fresno,019,978130,148337,147038,12845,159883,2335
2021-12-16,Glenn,021,27897,3621,3590,1024,4614,39
2021-12-16,Humboldt,023,135768,10011,9889,737,10626,118
2021-12-16,Imperial,025,180216,36750,36280,4188,40468,790
2021-12-16,Inyo,027,18085,2629,2607,42,2649,47
2021-12-16,Kern,029,883053,134864,133754,24696,158450,1873
2021-12-16,Kings,031,150075,34125,33783,2087,35870,374
2021-12-16,Lake,033,64148,7032,6976,171,7147,115
2021-12-16,Lassen,035,31185,7099,7061,434,7495,55
2021-12-16,Los Angeles,037,10098052,1500987,1484840,58270,1543110,27135
2021-12-16,Madera,039,155013,24780,24575,2358,26933,313
2021-12-16,Marin,041,260295,18810,18537,573,19110,249
2021-12-16,Mariposa,043,17540,1480,1468,61,1529,6
2021-12-16,Mendocino,045,87422,8350,8219,693,8912,95
2021-12-16,Merced,047,269075,44131,43929,2090,46019,686
2021-12-16,Modoc,049,8938,600,595,204,799,6
2021-12-16,Mono,051,14174,1977,1956,22,1978,4
2021-12-16,Monterey,053,433212,50803,49343,3468,52811,635
2021-12-16,Napa,055,140530,13699,13581,138,13719,107
2021-12-16,Nevada,057,99092,10129,9991,355,10346,108
2021-12-16,Orange,059,3164182,321279,318149,16752,334901,5844
2021-12-16,Placer,061,380077,39758,39336,4005,43341,485
2021-12-16,Plumas,063,18699,2004,1964,51,2015,13
2021-12-16,Riverside,065,2383286,384474,379354,17077,396431,5439
2021-12-16,Sacramento,067,1510023,168641,167046,5275,172321,2404
2021-12-16,San Benito,069,59416,7942,7894,187,8081,79
2021-12-16,San Bernardino,071,2135413,375157,371658,12047,383705,6017
2021-12-16,San Diego,073,3302833,401486,397130,23092,420222,4399
2021-12-16,San Francisco,075,870044,57208,55562,2569,58131,679
2021-12-16,San Joaquin,077,732212,104589,103698,5781,109479,1858
2021-12-16,San Luis Obispo,079,281455,31323,30873,1376,32249,365
2021-12-16,San Mateo,081,765935,57450,55730,1054,56784,580
2021-12-16,Santa Barbara,083,443738,47249,46776,1737,48513,562
2021-12-16,Santa Clara,085,1922200,156158,154243,1787,156030,1946
2021-12-16,Santa Cruz,087,273765,22126,21805,1068,22873,225
2021-12-16,Shasta,089,179085,22986,22811,3779,26590,429
2021-12-16,Sierra,091,2930,205,199,21,220,0
2021-12-16,Siskiyou,093,43540,3500,3441,1384,4825,58
2021-12-16,Solano,095,438530,47962,47174,1402,48576,369
2021-12-16,Sonoma,097,501317,44180,43658,601,44259,407
2021-12-16,Stanislaus,099,539301,83238,82736,9427,92163,1330
2021-12-16,Sutter,101,95872,14518,14435,413,14848,190
2021-12-16,Tehama,103,63373,8917,8814,1556,10370,136
2021-12-16,Trinity,105,12862,913,823,227,1050,17
2021-12-16,Tulare,107,460477,72035,70922,16721,87643,1120
2021-12-16,Tuolumne,109,53932,7865,7834,111,7945,91
2021-12-16,Ventura,111,848112,102772,101612,4576,106188,1201
2021-12-16,Yolo,113,214977,20991,20793,1332,22125,267
2021-12-16,Yuba,115,75493,10698,10599,410,11009,96
2021-12-15,Alameda,001,1643700,126016,124342,3088,127430,1509
2021-12-15,Alpine,003,1148,108,109,0,109,0
2021-12-15,Amador,005,37829,5837,5810,75,5885,69
2021-12-15,Butte,007,227075,22134,21922,3980,25902,327
2021-12-15,Calaveras,009,45235,4563,4523,66,4589,89
2021-12-15,Colusa,011,21464,2655,2632,696,3328,21
2021-12-15,Contra Costa,013,1133247,104238,103236,2419,105655,1064
2021-12-15,Del Norte,015,27424,3818,3789,56,3845,43
2021-12-15,El Dorado,017,186661,17186,16936,1812,18748,171
2021-12-15,Fresno,019,978130,148210,146859,12834,159693,2319
2021-12-15,Glenn,021,27897,3621,3589,1024,4613,39
2021-12-15,Humboldt,023,135768,9991,9854,736,10590,118
2021-12-15,Imperial,025,180216,36672,36187,4144,40331,789
2021-12-15,Inyo,027,18085,2624,2606,42,2648,47
2021-12-15,Kern,029,883053,134724,133590,24649,158239,1866
2021-12-15,Kings,031,150075,34096,33716,2083,35799,374
2021-12-15,Lake,033,64148,7023,6968,170,7138,115
2021-12-15,Lassen,035,31185,7099,7062,434,7496,55
2021-12-15,Los Angeles,037,10098052,1497100,1482735,58075,1540810,27116
2021-12-15,Madera,039,155013,24762,24549,2352,26901,313
2021-12-15,Marin,041,260295,18752,18514,568,19082,249
2021-12-15,Mariposa,043,17540,1477,1463,61,1524,6
2021-12-15,Mendocino,045,87422,8345,8209,690,8899,95
2021-12-15,Merced,047,269075,44090,43890,2078,45968,685
2021-12-15,Modoc,049,8938,600,595,204,799,6
2021-12-15,Mono,051,14174,1974,1955,22,1977,4
2021-12-15,Monterey,053,433212,50748,49279,3448,52727,635
2021-12-15,Napa,055,140530,13670,13557,136,13693,107
2021-12-15,Nevada,057,99092,10107,9958,355,10313,107
2021-12-15,Orange,059,3164182,320703,317808,16710,334518,5838
2021-12-15,Placer,061,380077,39704,39264,3995,43259,485
2021-12-15,Plumas,063,18699,2000,1957,51,2008,12
2021-12-15,Riverside,065,2383286,383758,378769,17066,395835,5438
2021-12-15,Sacramento,067,1510023,168334,166793,5253,172046,2401
2021-12-15,San Benito,069,59416,7928,7877,187,8064,79
2021-12-15,San Bernardino,071,2135413,374626,371122,12016,383138,6013
2021-12-15,San Diego,073,3302833,400300,396546,23023,419569,4395
2021-12-15,San Francisco,075,870044,56889,55414,2551,57965,679
2021-12-15,San Joaquin,077,732212,104439,103579,5772,109351,1853
2021-12-15,San Luis Obispo,079,281455,31275,30784,1369,32153,365
2021-12-15,San Mateo,081,765935,57311,55657,1043,56700,580
2021-12-15,Santa Barbara,083,443738,47168,46681,1735,48416,562
2021-12-15,Santa Clara,085,1922200,155847,153928,1766,155694,1944
2021-12-15,Santa Cruz,087,273765,22086,21753,1061,22814,225
2021-12-15,Shasta,089,179085,22971,22778,3775,26553,427
2021-12-15,Sierra,091,2930,205,199,21,220,0
2021-12-15,Siskiyou,093,43540,3499,3434,1383,4817,58
2021-12-15,Solano,095,438530,47893,47098,1395,48493,367
2021-12-15,Sonoma,097,501317,44097,43580,596,44176,407
2021-12-15,Stanislaus,099,539301,83128,82628,9420,92048,1298
2021-12-15,Sutter,101,95872,14498,14428,412,14840,189
2021-12-15,Tehama,103,63373,8910,8806,1555,10361,136
2021-12-15,Trinity,105,12862,912,822,227,1049,17
2021-12-15,Tulare,107,460477,71982,70846,16689,87535,1120
2021-12-15,Tuolumne,109,53932,7856,7818,110,7928,91
2021-12-15,Ventura,111,848112,102557,101447,4570,106017,1199
2021-12-15,Yolo,113,214977,20963,20749,1327,22076,267
2021-12-15,Yuba,115,75493,10687,10587,409,10996,96
2021-12-14,Alameda,001,1643700,125698,124272,3079,127351,1506
2021-12-14,Alpine,003,1148,107,109,0,109,0
2021-12-14,Amador,005,37829,5831,5808,74,5882,69
2021-12-14,Butte,007,227075,22101,21901,3978,25879,326
2021-12-14,Calaveras,009,45235,4551,4517,66,4583,89
2021-12-14,Colusa,011,21464,2653,2628,696,3324,21
2021-12-14,Contra Costa,013,1133247,104055,103135,2415,105550,1064
2021-12-14,Del Norte,015,27424,3815,3788,56,3844,43
2021-12-14,El Dorado,017,186661,17152,16915,1810,18725,170
2021-12-14,Fresno,019,978130,148043,146756,12831,159587,2316
2021-12-14,Glenn,021,27897,3620,3589,1024,4613,39
2021-12-14,Humboldt,023,135768,9979,9836,728,10564,118
2021-12-14,Imperial,025,180216,36600,36049,4101,40150,789
2021-12-14,Inyo,027,18085,2624,2601,42,2643,46
2021-12-14,Kern,029,883053,134587,133498,24600,158098,1863
2021-12-14,Kings,031,150075,34059,33693,2080,35773,373
2021-12-14,Lake,033,64148,7013,6961,170,7131,115
2021-12-14,Lassen,035,31185,7098,7061,434,7495,55
2021-12-14,Los Angeles,037,10098052,1493463,1481131,57892,1539023,27099
2021-12-14,Madera,039,155013,24736,24535,2344,26879,313
2021-12-14,Marin,041,260295,18704,18491,566,19057,249
2021-12-14,Mariposa,043,17540,1474,1463,60,1523,6
2021-12-14,Mendocino,045,87422,8317,8206,688,8894,95
2021-12-14,Merced,047,269075,44044,43870,2076,45946,684
2021-12-14,Modoc,049,8938,599,595,204,799,6
2021-12-14,Mono,051,14174,1967,1955,22,1977,4
2021-12-14,Monterey,053,433212,50664,49237,3437,52674,635
2021-12-14,Napa,055,140530,13641,13528,136,13664,107
2021-12-14,Nevada,057,99092,10081,9956,354,10310,106
2021-12-14,Orange,059,3164182,320153,317465,16656,334121,5827
2021-12-14,Placer,061,380077,39627,39221,3990,43211,482
2021-12-14,Plumas,063,18699,1996,1950,49,1999,12
2021-12-14,Riverside,065,2383286,383087,378227,17049,395276,5427
2021-12-14,Sacramento,067,1510023,168022,166605,5230,171835,2394
2021-12-14,San Benito,069,59416,7910,7871,187,8058,79
2021-12-14,San Bernardino,071,2135413,374014,370604,11986,382590,6013
2021-12-14,San Diego,073,3302833,399163,395876,22973,418849,4393
2021-12-14,San Francisco,075,870044,56576,55278,2539,57817,679
2021-12-14,San Joaquin,077,732212,104298,103488,5754,109242,1848
2021-12-14,San Luis Obispo,079,281455,31216,30753,1365,32118,363
2021-12-14,San Mateo,081,765935,57146,55601,1036,56637,580
2021-12-14,Santa Barbara,083,443738,47069,46648,1730,48378,560
2021-12-14,Santa Clara,085,1922200,155527,153814,1753,155567,1945
2021-12-14,Santa Cruz,087,273765,22021,21737,1057,22794,225
2021-12-14,Shasta,089,179085,22944,22756,3774,26530,427
2021-12-14,Sierra,091,2930,203,199,21,220,0
2021-12-14,Siskiyou,093,43540,3494,3430,1382,4812,58
2021-12-14,Solano,095,438530,47846,47065,1389,48454,367
2021-12-14,Sonoma,097,501317,44015,43538,595,44133,407
2021-12-14,Stanislaus,099,539301,83041,82581,9407,91988,1293
2021-12-14,Sutter,101,95872,14486,14421,411,14832,189
2021-12-14,Tehama,103,63373,8906,8805,1555,10360,134
2021-12-14,Trinity,105,12862,912,821,227,1048,17
2021-12-14,Tulare,107,460477,71910,70803,16658,87461,1120
2021-12-14,Tuolumne,109,53932,7843,7815,110,7925,91
2021-12-14,Ventura,111,848112,102333,101343,4563,105906,1199
2021-12-14,Yolo,113,214977,20931,20734,1313,22047,267
2021-12-14,Yuba,115,75493,10670,10574,409,10983,92
2021-12-13,Alameda,001,1643700,125417,124174,3063,127237,1501
2021-12-13,Alpine,003,1148,107,109,0,109,0
2021-12-13,Amador,005,37829,5827,5797,74,5871,69
2021-12-13,Butte,007,227075,22078,21889,3974,25863,326
2021-12-13,Calaveras,009,45235,4544,4507,65,4572,89
2021-12-13,Colusa,011,21464,2651,2627,696,3323,21
2021-12-13,Contra Costa,013,1133247,103905,103041,2403,105444,1064
2021-12-13,Del Norte,015,27424,3811,3787,56,3843,42
2021-12-13,El Dorado,017,186661,17129,16896,1808,18704,170
2021-12-13,Fresno,019,978130,147894,146641,12821,159462,2312
2021-12-13,Glenn,021,27897,3615,3589,1022,4611,37
2021-12-13,Humboldt,023,135768,9950,9821,724,10545,118
2021-12-13,Imperial,025,180216,36516,35974,4079,40053,787
2021-12-13,Inyo,027,18085,2623,2592,42,2634,46
2021-12-13,Kern,029,883053,134460,133381,24547,157928,1863
2021-12-13,Kings,031,150075,34016,33680,2075,35755,372
2021-12-13,Lake,033,64148,7011,6958,168,7126,115
2021-12-13,Lassen,035,31185,7097,7057,434,7491,55
2021-12-13,Los Angeles,037,10098052,1490685,1480195,57725,1537920,27085
2021-12-13,Madera,039,155013,24708,24527,2339,26866,311
2021-12-13,Marin,041,260295,18644,18471,563,19034,249
2021-12-13,Mariposa,043,17540,1472,1462,60,1522,6
2021-12-13,Mendocino,045,87422,8304,8196,686,8882,95
2021-12-13,Merced,047,269075,44005,43848,2072,45920,682
2021-12-13,Modoc,049,8938,598,595,204,799,6
2021-12-13,Mono,051,14174,1960,1952,22,1974,4
2021-12-13,Monterey,053,433212,50611,49222,3419,52641,631
2021-12-13,Napa,055,140530,13628,13518,136,13654,107
2021-12-13,Nevada,057,99092,10062,9946,353,10299,106
2021-12-13,Orange,059,3164182,319687,317112,16602,333714,5824
2021-12-13,Placer,061,380077,39566,39168,3979,43147,481
2021-12-13,Plumas,063,18699,1992,1943,49,1992,12
2021-12-13,Riverside,065,2383286,382507,377728,17034,394762,5414
2021-12-13,Sacramento,067,1510023,167745,166439,5196,171635,2392
2021-12-13,San Benito,069,59416,7901,7856,187,8043,79
2021-12-13,San Bernardino,071,2135413,373450,370274,11980,382254,6011
2021-12-13,San Diego,073,3302833,398354,395266,22921,418187,4389
2021-12-13,San Francisco,075,870044,56305,55245,2526,57771,678
2021-12-13,San Joaquin,077,732212,104181,103449,5745,109194,1846
2021-12-13,San Luis Obispo,079,281455,31167,30746,1361,32107,363
2021-12-13,San Mateo,081,765935,56986,55569,1027,56596,580
2021-12-13,Santa Barbara,083,443738,46982,46608,1725,48333,560
2021-12-13,Santa Clara,085,1922200,155262,153672,1742,155414,1944
2021-12-13,Santa Cruz,087,273765,21966,21698,1054,22752,225
2021-12-13,Shasta,089,179085,22923,22731,3772,26503,426
2021-12-13,Sierra,091,2930,203,199,21,220,0
2021-12-13,Siskiyou,093,43540,3490,3426,1379,4805,57
2021-12-13,Solano,095,438530,47773,47045,1384,48429,365
2021-12-13,Sonoma,097,501317,43919,43492,593,44085,407
2021-12-13,Stanislaus,099,539301,82925,82507,9387,91894,1282
2021-12-13,Sutter,101,95872,14479,14408,411,14819,188
2021-12-13,Tehama,103,63373,8893,8800,1555,10355,134
2021-12-13,Trinity,105,12862,912,820,227,1047,17
2021-12-13,Tulare,107,460477,71853,70758,16634,87392,1114
2021-12-13,Tuolumne,109,53932,7832,7804,110,7914,91
2021-12-13,Ventura,111,848112,102109,101180,4552,105732,1197
2021-12-13,Yolo,113,214977,20885,20706,1307,22013,267
2021-12-13,Yuba,115,75493,10653,10570,409,10979,92
2021-12-12,Alameda,001,1643700,125132,124075,3050,127125,1503
2021-12-12,Alpine,003,1148,107,109,0,109,0
2021-12-12,Amador,005,37829,5820,5797,73,5870,69
2021-12-12,Butte,007,227075,22053,21874,3971,25845,326
2021-12-12,Calaveras,009,45235,4534,4501,65,4566,89
2021-12-12,Colusa,011,21464,2647,2627,693,3320,21
2021-12-12,Contra Costa,013,1133247,103718,102976,2401,105377,1065
2021-12-12,Del Norte,015,27424,3808,3793,56,3849,42
2021-12-12,El Dorado,017,186661,17093,16890,1800,18690,170
2021-12-12,Fresno,019,978130,147731,146518,12806,159324,2310
2021-12-12,Glenn,021,27897,3612,3589,1021,4610,37
2021-12-12,Humboldt,023,135768,9925,9804,717,10521,118
2021-12-12,Imperial,025,180216,36383,35926,4045,39971,787
2021-12-12,Inyo,027,18085,2618,2592,42,2634,46
2021-12-12,Kern,029,883053,134295,133314,24506,157820,1861
2021-12-12,Kings,031,150075,33965,33661,2073,35734,372
2021-12-12,Lake,033,64148,7004,6955,166,7121,115
2021-12-12,Lassen,035,31185,7096,7057,434,7491,55
2021-12-12,Los Angeles,037,10098052,1487781,1479054,57540,1536594,27074
2021-12-12,Madera,039,155013,24678,24493,2331,26824,311
2021-12-12,Marin,041,260295,18591,18451,559,19010,249
2021-12-12,Mariposa,043,17540,1471,1461,60,1521,6
2021-12-12,Mendocino,045,87422,8291,8190,685,8875,95
2021-12-12,Merced,047,269075,43971,43821,2065,45886,682
2021-12-12,Modoc,049,8938,598,595,203,798,6
2021-12-12,Mono,051,14174,1956,1947,22,1969,4
2021-12-12,Monterey,053,433212,50558,49192,3392,52584,631
2021-12-12,Napa,055,140530,13585,13508,134,13642,107
2021-12-12,Nevada,057,99092,10035,9938,352,10290,106
2021-12-12,Orange,059,3164182,319184,316918,16538,333456,5825
2021-12-12,Placer,061,380077,39502,39139,3973,43112,481
2021-12-12,Plumas,063,18699,1988,1942,47,1989,12
2021-12-12,Riverside,065,2383286,381835,377467,17008,394475,5414
2021-12-12,Sacramento,067,1510023,167475,166291,5175,171466,2392
2021-12-12,San Benito,069,59416,7881,7853,187,8040,79
2021-12-12,San Bernardino,071,2135413,372819,369977,11955,381932,6011
2021-12-12,San Diego,073,3302833,397455,393307,22883,416190,4378
2021-12-12,San Francisco,075,870044,56051,55180,2514,57694,678
2021-12-12,San Joaquin,077,732212,104042,103405,5735,109140,1846
2021-12-12,San Luis Obispo,079,281455,31114,30719,1359,32078,363
2021-12-12,San Mateo,081,765935,56871,55505,1022,56527,580
2021-12-12,Santa Barbara,083,443738,46907,46586,1723,48309,560
2021-12-12,Santa Clara,085,1922200,154983,153452,1728,155180,1945
2021-12-12,Santa Cruz,087,273765,21917,21671,1052,22723,225
2021-12-12,Shasta,089,179085,22895,22732,3771,26503,426
2021-12-12,Sierra,091,2930,203,199,21,220,0
2021-12-12,Siskiyou,093,43540,3490,3424,1379,4803,57
2021-12-12,Solano,095,438530,47707,47021,1379,48400,365
2021-12-12,Sonoma,097,501317,43825,43424,590,44014,407
2021-12-12,Stanislaus,099,539301,82825,82460,9376,91836,1282
2021-12-12,Sutter,101,95872,14468,14396,411,14807,189
2021-12-12,Tehama,103,63373,8882,8796,1553,10349,134
2021-12-12,Trinity,105,12862,910,820,227,1047,17
2021-12-12,Tulare,107,460477,71774,70733,16592,87325,1115
2021-12-12,Tuolumne,109,53932,7815,7794,110,7904,91
2021-12-12,Ventura,111,848112,101915,101105,4538,105643,1197
2021-12-12,Yolo,113,214977,20836,20685,1296,21981,267
2021-12-12,Yuba,115,75493,10639,10565,406,10971,92
2021-12-11,Alameda,001,1643700,124998,123572,3048,126620,1496
2021-12-11,Alpine,003,1148,107,109,0,109,0
2021-12-11,Amador,005,37829,5815,5787,73,5860,69
2021-12-11,Butte,007,227075,22039,21819,3970,25789,326
2021-12-11,Calaveras,009,45235,4526,4469,64,4533,89
2021-12-11,Colusa,011,21464,2643,2619,692,3311,21
2021-12-11,Contra Costa,013,1133247,103632,102618,2399,105017,1061
2021-12-11,Del Norte,015,27424,3808,3778,56,3834,42
2021-12-11,El Dorado,017,186661,17072,16796,1799,18595,170
2021-12-11,Fresno,019,978130,147644,145988,12800,158788,2294
2021-12-11,Glenn,021,27897,3611,3585,1020,4605,37
2021-12-11,Humboldt,023,135768,9908,9721,714,10435,118
2021-12-11,Imperial,025,180216,36325,35635,4035,39670,782
2021-12-11,Inyo,027,18085,2613,2576,42,2618,46
2021-12-11,Kern,029,883053,134226,132852,24471,157323,1854
2021-12-11,Kings,031,150075,33952,33530,2071,35601,371
2021-12-11,Lake,033,64148,7003,6932,164,7096,114
2021-12-11,Lassen,035,31185,7095,7049,434,7483,55
2021-12-11,Los Angeles,037,10098052,1486567,1474030,57448,1531478,27031
2021-12-11,Madera,039,155013,24672,24417,2330,26747,311
2021-12-11,Marin,041,260295,18557,18339,556,18895,249
2021-12-11,Mariposa,043,17540,1470,1450,60,1510,6
2021-12-11,Mendocino,045,87422,8284,8130,685,8815,95
2021-12-11,Merced,047,269075,43952,43690,2064,45754,681
2021-12-11,Modoc,049,8938,598,594,203,797,6
2021-12-11,Mono,051,14174,1952,1926,22,1948,4
2021-12-11,Monterey,053,433212,50530,49008,3389,52397,631
2021-12-11,Napa,055,140530,13568,13459,134,13593,107
2021-12-11,Nevada,057,99092,10021,9880,352,10232,106
2021-12-11,Orange,059,3164182,318931,315759,16510,332269,5805
2021-12-11,Placer,061,380077,39444,38959,3966,42925,481
2021-12-11,Plumas,063,18699,1982,1934,47,1981,12
2021-12-11,Riverside,065,2383286,381418,375649,16994,392643,5408
2021-12-11,Sacramento,067,1510023,167347,165530,5165,170695,2386
2021-12-11,San Benito,069,59416,7867,7808,187,7995,79
2021-12-11,San Bernardino,071,2135413,372460,368145,11946,380091,6007
2021-12-11,San Diego,073,3302833,397031,392274,22845,415119,4374
2021-12-11,San Francisco,075,870044,55898,54869,2509,57378,678
2021-12-11,San Joaquin,077,732212,103981,103013,5731,108744,1842
2021-12-11,San Luis Obispo,079,281455,31091,30567,1355,31922,362
2021-12-11,San Mateo,081,765935,56793,55284,1020,56304,580
2021-12-11,Santa Barbara,083,443738,46873,46309,1723,48032,559
2021-12-11,Santa Clara,085,1922200,154786,152846,1716,154562,1941
2021-12-11,Santa Cruz,087,273765,21893,21557,1052,22609,225
2021-12-11,Shasta,089,179085,22880,22660,3767,26427,419
2021-12-11,Sierra,091,2930,203,199,21,220,0
2021-12-11,Siskiyou,093,43540,3484,3418,1376,4794,57
2021-12-11,Solano,095,438530,47678,46891,1374,48265,365
2021-12-11,Sonoma,097,501317,43777,43227,590,43817,407
2021-12-11,Stanislaus,099,539301,82775,82133,9367,91500,1264
2021-12-11,Sutter,101,95872,14459,14354,411,14765,187
2021-12-11,Tehama,103,63373,8879,8776,1551,10327,134
2021-12-11,Trinity,105,12862,910,819,227,1046,17
2021-12-11,Tulare,107,460477,71731,70523,16582,87105,1103
2021-12-11,Tuolumne,109,53932,7806,7760,110,7870,91
2021-12-11,Ventura,111,848112,101840,100711,4531,105242,1195
2021-12-11,Yolo,113,214977,20817,20608,1292,21900,267
2021-12-11,Yuba,115,75493,10627,10519,405,10924,92
2021-12-10,Alameda,001,1643700,124874,123572,3041,126613,1496
2021-12-10,Alpine,003,1148,106,109,0,109,0
2021-12-10,Amador,005,37829,5808,5787,73,5860,69
2021-12-10,Butte,007,227075,22026,21819,3968,25787,326
2021-12-10,Calaveras,009,45235,4523,4469,64,4533,89
2021-12-10,Colusa,011,21464,2642,2619,692,3311,21
2021-12-10,Contra Costa,013,1133247,103535,102618,2398,105016,1061
2021-12-10,Del Norte,015,27424,3808,3778,56,3834,42
2021-12-10,El Dorado,017,186661,17059,16796,1799,18595,170
2021-12-10,Fresno,019,978130,147556,145988,12794,158782,2294
2021-12-10,Glenn,021,27897,3611,3585,1020,4605,37
2021-12-10,Humboldt,023,135768,9891,9721,712,10433,118
2021-12-10,Imperial,025,180216,36269,35635,4020,39655,782
2021-12-10,Inyo,027,18085,2610,2576,42,2618,46
2021-12-10,Kern,029,883053,134138,132852,24447,157299,1854
2021-12-10,Kings,031,150075,33937,33530,2069,35599,371
2021-12-10,Lake,033,64148,6996,6932,164,7096,114
2021-12-10,Lassen,035,31185,7094,7049,434,7483,55
2021-12-10,Los Angeles,037,10098052,1485475,1474030,57361,1531391,27031
2021-12-10,Madera,039,155013,24654,24417,2328,26745,311
2021-12-10,Marin,041,260295,18535,18339,556,18895,249
2021-12-10,Mariposa,043,17540,1467,1450,60,1510,6
2021-12-10,Mendocino,045,87422,8277,8130,684,8814,95
2021-12-10,Merced,047,269075,43934,43690,2062,45752,681
2021-12-10,Modoc,049,8938,598,594,203,797,6
2021-12-10,Mono,051,14174,1949,1926,22,1948,4
2021-12-10,Monterey,053,433212,50493,49008,3383,52391,631
2021-12-10,Napa,055,140530,13556,13459,133,13592,107
2021-12-10,Nevada,057,99092,10012,9880,352,10232,106
2021-12-10,Orange,059,3164182,318659,315759,16478,332237,5805
2021-12-10,Placer,061,380077,39401,38959,3963,42922,481
2021-12-10,Plumas,063,18699,1980,1934,47,1981,12
2021-12-10,Riverside,065,2383286,381012,375649,16983,392632,5408
2021-12-10,Sacramento,067,1510023,167193,165530,5163,170693,2386
2021-12-10,San Benito,069,59416,7863,7808,187,7995,79
2021-12-10,San Bernardino,071,2135413,372086,368145,11923,380068,6007
2021-12-10,San Diego,073,3302833,396552,392274,22831,415105,4374
2021-12-10,San Francisco,075,870044,55813,54869,2503,57372,678
2021-12-10,San Joaquin,077,732212,103926,103013,5727,108740,1842
2021-12-10,San Luis Obispo,079,281455,31081,30567,1352,31919,362
2021-12-10,San Mateo,081,765935,56736,55284,1017,56301,580
2021-12-10,Santa Barbara,083,443738,46837,46309,1722,48031,559
2021-12-10,Santa Clara,085,1922200,154615,152846,1703,154549,1941
2021-12-10,Santa Cruz,087,273765,21874,21557,1051,22608,225
2021-12-10,Shasta,089,179085,22869,22660,3764,26424,419
2021-12-10,Sierra,091,2930,203,199,21,220,0
2021-12-10,Siskiyou,093,43540,3477,3418,1376,4794,57
2021-12-10,Solano,095,438530,47636,46891,1370,48261,365
2021-12-10,Sonoma,097,501317,43743,43227,589,43816,407
2021-12-10,Stanislaus,099,539301,82710,82133,9361,91494,1264
2021-12-10,Sutter,101,95872,14450,14354,411,14765,187
2021-12-10,Tehama,103,63373,8877,8776,1549,10325,134
2021-12-10,Trinity,105,12862,910,819,227,1046,17
2021-12-10,Tulare,107,460477,71702,70523,16556,87079,1103
2021-12-10,Tuolumne,109,53932,7800,7760,110,7870,91
2021-12-10,Ventura,111,848112,101736,100711,4528,105239,1195
2021-12-10,Yolo,113,214977,20802,20608,1290,21898,267
2021-12-10,Yuba,115,75493,10615,10519,404,10923,92
2021-12-09,Alameda,001,1643700,124731,123572,3036,126608,1496
2021-12-09,Alpine,003,1148,106,109,0,109,0
2021-12-09,Amador,005,37829,5805,5787,72,5859,69
2021-12-09,Butte,007,227075,22005,21819,3965,25784,326
2021-12-09,Calaveras,009,45235,4514,4469,64,4533,89
2021-12-09,Colusa,011,21464,2640,2619,692,3311,21
2021-12-09,Contra Costa,013,1133247,103415,102618,2392,105010,1061
2021-12-09,Del Norte,015,27424,3807,3778,56,3834,42
2021-12-09,El Dorado,017,186661,17031,16796,1794,18590,170
2021-12-09,Fresno,019,978130,147409,145988,12784,158772,2294
2021-12-09,Glenn,021,27897,3611,3585,1020,4605,37
2021-12-09,Humboldt,023,135768,9869,9721,711,10432,118
2021-12-09,Imperial,025,180216,36199,35635,3990,39625,782
2021-12-09,Inyo,027,18085,2608,2576,42,2618,46
2021-12-09,Kern,029,883053,134012,132852,24414,157266,1854
2021-12-09,Kings,031,150075,33911,33530,2066,35596,371
2021-12-09,Lake,033,64148,6988,6932,164,7096,114
2021-12-09,Lassen,035,31185,7092,7049,434,7483,55
2021-12-09,Los Angeles,037,10098052,1483944,1474030,57275,1531305,27031
2021-12-09,Madera,039,155013,24629,24417,2325,26742,311
2021-12-09,Marin,041,260295,18522,18339,554,18893,249
2021-12-09,Mariposa,043,17540,1466,1450,60,1510,6
2021-12-09,Mendocino,045,87422,8264,8130,684,8814,95
2021-12-09,Merced,047,269075,43895,43690,2051,45741,681
2021-12-09,Modoc,049,8938,598,594,203,797,6
2021-12-09,Mono,051,14174,1944,1926,22,1948,4
2021-12-09,Monterey,053,433212,50445,49008,3372,52380,631
2021-12-09,Napa,055,140530,13537,13459,129,13588,107
2021-12-09,Nevada,057,99092,9993,9880,352,10232,106
2021-12-09,Orange,059,3164182,318329,315759,16439,332198,5805
2021-12-09,Placer,061,380077,39358,38959,3950,42909,481
2021-12-09,Plumas,063,18699,1972,1934,47,1981,12
2021-12-09,Riverside,065,2383286,380465,375649,16967,392616,5408
2021-12-09,Sacramento,067,1510023,166974,165530,5148,170678,2386
2021-12-09,San Benito,069,59416,7851,7808,186,7994,79
2021-12-09,San Bernardino,071,2135413,371601,368145,11903,380048,6007
2021-12-09,San Diego,073,3302833,395906,392274,22801,415075,4374
2021-12-09,San Francisco,075,870044,55728,54869,2496,57365,678
2021-12-09,San Joaquin,077,732212,103833,103013,5721,108734,1842
2021-12-09,San Luis Obispo,079,281455,31053,30567,1350,31917,362
2021-12-09,San Mateo,081,765935,56648,55284,1015,56299,580
2021-12-09,Santa Barbara,083,443738,46757,46309,1715,48024,559
2021-12-09,Santa Clara,085,1922200,154400,152846,1692,154538,1941
2021-12-09,Santa Cruz,087,273765,21846,21557,1051,22608,225
2021-12-09,Shasta,089,179085,22853,22660,3763,26423,419
2021-12-09,Sierra,091,2930,203,199,21,220,0
2021-12-09,Siskiyou,093,43540,3473,3418,1375,4793,57
2021-12-09,Solano,095,438530,47599,46891,1368,48259,365
2021-12-09,Sonoma,097,501317,43686,43227,588,43815,407
2021-12-09,Stanislaus,099,539301,82639,82133,9348,91481,1264
2021-12-09,Sutter,101,95872,14435,14354,411,14765,187
2021-12-09,Tehama,103,63373,8870,8776,1548,10324,134
2021-12-09,Trinity,105,12862,910,819,227,1046,17
2021-12-09,Tulare,107,460477,71645,70523,16527,87050,1103
2021-12-09,Tuolumne,109,53932,7789,7760,110,7870,91
2021-12-09,Ventura,111,848112,101591,100711,4516,105227,1195
2021-12-09,Yolo,113,214977,20778,20608,1282,21890,267
2021-12-09,Yuba,115,75493,10607,10519,401,10920,92
2021-12-08,Alameda,001,1643700,124582,123438,3026,126464,1496
2021-12-08,Alpine,003,1148,106,108,0,108,0
2021-12-08,Amador,005,37829,5800,5781,72,5853,69
2021-12-08,Butte,007,227075,21989,21780,3962,25742,326
2021-12-08,Calaveras,009,45235,4505,4455,64,4519,89
2021-12-08,Colusa,011,21464,2637,2619,691,3310,21
2021-12-08,Contra Costa,013,1133247,103284,102506,2391,104897,1058
2021-12-08,Del Norte,015,27424,3806,3767,56,3823,42
2021-12-08,El Dorado,017,186661,16999,16757,1794,18551,170
2021-12-08,Fresno,019,978130,147253,145830,12773,158603,2293
2021-12-08,Glenn,021,27897,3611,3584,1018,4602,37
2021-12-08,Humboldt,023,135768,9847,9704,709,10413,117
2021-12-08,Imperial,025,180216,36120,35537,3959,39496,782
2021-12-08,Inyo,027,18085,2605,2570,42,2612,46
2021-12-08,Kern,029,883053,133889,132709,24366,157075,1846
2021-12-08,Kings,031,150075,33876,33468,2065,35533,371
2021-12-08,Lake,033,64148,6982,6927,163,7090,114
2021-12-08,Lassen,035,31185,7090,7041,432,7473,55
2021-12-08,Los Angeles,037,10098052,1482419,1472410,57164,1529574,27018
2021-12-08,Madera,039,155013,24608,24396,2318,26714,311
2021-12-08,Marin,041,260295,18501,18305,551,18856,249
2021-12-08,Mariposa,043,17540,1464,1447,60,1507,6
2021-12-08,Mendocino,045,87422,8251,8118,683,8801,95
2021-12-08,Merced,047,269075,43863,43631,2043,45674,680
2021-12-08,Modoc,049,8938,598,594,203,797,6
2021-12-08,Mono,051,14174,1938,1924,22,1946,4
2021-12-08,Monterey,053,433212,50380,48957,3356,52313,631
2021-12-08,Napa,055,140530,13523,13421,129,13550,107
2021-12-08,Nevada,057,99092,9977,9862,352,10214,106
2021-12-08,Orange,059,3164182,317983,315421,16401,331822,5795
2021-12-08,Placer,061,380077,39306,38934,3945,42879,478
2021-12-08,Plumas,063,18699,1970,1924,47,1971,12
2021-12-08,Riverside,065,2383286,379962,375099,16943,392042,5404
2021-12-08,Sacramento,067,1510023,166723,165278,5120,170398,2373
2021-12-08,San Benito,069,59416,7842,7793,186,7979,79
2021-12-08,San Bernardino,071,2135413,371139,367516,11878,379394,6006
2021-12-08,San Diego,073,3302833,395255,391676,22769,414445,4369
2021-12-08,San Francisco,075,870044,55641,54792,2488,57280,677
2021-12-08,San Joaquin,077,732212,103732,102877,5711,108588,1841
2021-12-08,San Luis Obispo,079,281455,31005,30519,1345,31864,361
2021-12-08,San Mateo,081,765935,56578,55220,1009,56229,580
2021-12-08,Santa Barbara,083,443738,46702,46250,1712,47962,558
2021-12-08,Santa Clara,085,1922200,154238,152674,1681,154355,1937
2021-12-08,Santa Cruz,087,273765,21799,21505,1049,22554,224
2021-12-08,Shasta,089,179085,22833,22616,3757,26373,419
2021-12-08,Sierra,091,2930,203,199,21,220,0
2021-12-08,Siskiyou,093,43540,3472,3415,1373,4788,57
2021-12-08,Solano,095,438530,47569,46837,1367,48204,365
2021-12-08,Sonoma,097,501317,43623,43179,587,43766,405
2021-12-08,Stanislaus,099,539301,82556,82038,9337,91375,1264
2021-12-08,Sutter,101,95872,14419,14336,409,14745,187
2021-12-08,Tehama,103,63373,8861,8768,1548,10316,133
2021-12-08,Trinity,105,12862,910,818,227,1045,17
2021-12-08,Tulare,107,460477,71582,70472,16502,86974,1102
2021-12-08,Tuolumne,109,53932,7776,7749,110,7859,91
2021-12-08,Ventura,111,848112,101462,100647,4513,105160,1194
2021-12-08,Yolo,113,214977,20752,20575,1276,21851,267
2021-12-08,Yuba,115,75493,10593,10499,398,10897,92
2021-12-07,Alameda,001,1643700,124412,123325,3017,126342,1497
2021-12-07,Alpine,003,1148,106,108,0,108,0
2021-12-07,Amador,005,37829,5797,5778,71,5849,69
2021-12-07,Butte,007,227075,21965,21761,3957,25718,324
2021-12-07,Calaveras,009,45235,4489,4445,64,4509,88
2021-12-07,Colusa,011,21464,2635,2619,691,3310,21
2021-12-07,Contra Costa,013,1133247,103162,102421,2382,104803,1058
2021-12-07,Del Norte,015,27424,3805,3766,56,3822,42
2021-12-07,El Dorado,017,186661,16976,16742,1791,18533,170
2021-12-07,Fresno,019,978130,147107,145715,12760,158475,2289
2021-12-07,Glenn,021,27897,3610,3579,1017,4596,36
2021-12-07,Humboldt,023,135768,9823,9693,704,10397,117
2021-12-07,Imperial,025,180216,36042,35502,3938,39440,778
2021-12-07,Inyo,027,18085,2602,2567,42,2609,46
2021-12-07,Kern,029,883053,133731,132564,24313,156877,1838
2021-12-07,Kings,031,150075,33844,33441,2062,35503,372
2021-12-07,Lake,033,64148,6977,6925,163,7088,113
2021-12-07,Lassen,035,31185,7089,7040,431,7471,55
2021-12-07,Los Angeles,037,10098052,1480640,1470904,57061,1527965,27007
2021-12-07,Madera,039,155013,24585,24367,2311,26678,311
2021-12-07,Marin,041,260295,18467,18284,545,18829,249
2021-12-07,Mariposa,043,17540,1462,1446,60,1506,6
2021-12-07,Mendocino,045,87422,8233,8107,683,8790,95
2021-12-07,Merced,047,269075,43822,43600,2036,45636,675
2021-12-07,Modoc,049,8938,598,594,202,796,6
2021-12-07,Mono,051,14174,1935,1921,22,1943,4
2021-12-07,Monterey,053,433212,50296,48880,3339,52219,631
2021-12-07,Napa,055,140530,13505,13409,129,13538,107
2021-12-07,Nevada,057,99092,9963,9858,351,10209,105
2021-12-07,Orange,059,3164182,317651,315138,16352,331490,5784
2021-12-07,Placer,061,380077,39230,38860,3941,42801,474
2021-12-07,Plumas,063,18699,1966,1915,47,1962,12
2021-12-07,Riverside,065,2383286,379434,374552,16927,391479,5397
2021-12-07,Sacramento,067,1510023,166475,165148,5106,170254,2375
2021-12-07,San Benito,069,59416,7826,7776,186,7962,78
2021-12-07,San Bernardino,071,2135413,370572,366981,11860,378841,6007
2021-12-07,San Diego,073,3302833,394403,391110,22731,413841,4357
2021-12-07,San Francisco,075,870044,55531,54729,2483,57212,676
2021-12-07,San Joaquin,077,732212,103613,102797,5699,108496,1839
2021-12-07,San Luis Obispo,079,281455,30966,30495,1343,31838,361
2021-12-07,San Mateo,081,765935,56489,55163,1003,56166,580
2021-12-07,Santa Barbara,083,443738,46631,46205,1710,47915,556
2021-12-07,Santa Clara,085,1922200,154052,152465,1672,154137,1941
2021-12-07,Santa Cruz,087,273765,21752,21493,1049,22542,224
2021-12-07,Shasta,089,179085,22811,22594,3754,26348,418
2021-12-07,Sierra,091,2930,203,199,21,220,0
2021-12-07,Siskiyou,093,43540,3470,3412,1373,4785,57
2021-12-07,Solano,095,438530,47529,46812,1365,48177,365
2021-12-07,Sonoma,097,501317,43549,43154,586,43740,405
2021-12-07,Stanislaus,099,539301,82478,81980,9325,91305,1258
2021-12-07,Sutter,101,95872,14411,14322,408,14730,186
2021-12-07,Tehama,103,63373,8853,8765,1547,10312,133
2021-12-07,Trinity,105,12862,910,818,227,1045,17
2021-12-07,Tulare,107,460477,71523,70411,16473,86884,1103
2021-12-07,Tuolumne,109,53932,7768,7743,110,7853,91
2021-12-07,Ventura,111,848112,101366,100569,4503,105072,1194
2021-12-07,Yolo,113,214977,20725,20560,1273,21833,263
2021-12-07,Yuba,115,75493,10576,10491,397,10888,91
2021-12-06,Alameda,001,1643700,124249,123227,3014,126241,1496
2021-12-06,Alpine,003,1148,106,108,0,108,0
2021-12-06,Amador,005,37829,5791,5769,70,5839,67
2021-12-06,Butte,007,227075,21948,21732,3954,25686,321
2021-12-06,Calaveras,009,45235,4482,4443,64,4507,88
2021-12-06,Colusa,011,21464,2634,2615,687,3302,21
2021-12-06,Contra Costa,013,1133247,103042,102327,2378,104705,1058
2021-12-06,Del Norte,015,27424,3803,3744,56,3800,42
2021-12-06,El Dorado,017,186661,16951,16726,1789,18515,168
2021-12-06,Fresno,019,978130,146912,145539,12750,158289,2285
2021-12-06,Glenn,021,27897,3607,3577,1015,4592,36
2021-12-06,Humboldt,023,135768,9803,9671,697,10368,117
2021-12-06,Imperial,025,180216,35960,35453,3919,39372,778
2021-12-06,Inyo,027,18085,2596,2562,41,2603,46
2021-12-06,Kern,029,883053,133546,132366,24255,156621,1835
2021-12-06,Kings,031,150075,33811,33399,2057,35456,368
2021-12-06,Lake,033,64148,6973,6922,163,7085,113
2021-12-06,Lassen,035,31185,7084,7032,429,7461,51
2021-12-06,Los Angeles,037,10098052,1478980,1470059,56969,1527028,26993
2021-12-06,Madera,039,155013,24558,24334,2307,26641,307
2021-12-06,Marin,041,260295,18439,18252,543,18795,249
2021-12-06,Mariposa,043,17540,1459,1443,60,1503,6
2021-12-06,Mendocino,045,87422,8220,8079,679,8758,95
2021-12-06,Merced,047,269075,43782,43549,2026,45575,672
2021-12-06,Modoc,049,8938,598,593,202,795,6
2021-12-06,Mono,051,14174,1931,1913,22,1935,4
2021-12-06,Monterey,053,433212,50219,48831,3319,52150,626
2021-12-06,Napa,055,140530,13482,13387,127,13514,107
2021-12-06,Nevada,057,99092,9935,9847,350,10197,105
2021-12-06,Orange,059,3164182,317275,314859,16309,331168,5771
2021-12-06,Placer,061,380077,39172,38785,3936,42721,473
2021-12-06,Plumas,063,18699,1958,1913,47,1960,10
2021-12-06,Riverside,065,2383286,378916,374116,16913,391029,5388
2021-12-06,Sacramento,067,1510023,166195,164926,5085,170011,2367
2021-12-06,San Benito,069,59416,7810,7755,186,7941,78
2021-12-06,San Bernardino,071,2135413,370023,366606,11833,378439,5998
2021-12-06,San Diego,073,3302833,393553,390389,22686,413075,4352
2021-12-06,San Francisco,075,870044,55423,54659,2478,57137,674
2021-12-06,San Joaquin,077,732212,103486,102728,5692,108420,1837
2021-12-06,San Luis Obispo,079,281455,30928,30464,1341,31805,361
2021-12-06,San Mateo,081,765935,56415,55112,1000,56112,580
2021-12-06,Santa Barbara,083,443738,46540,46146,1709,47855,556
2021-12-06,Santa Clara,085,1922200,153842,152310,1657,153967,1937
2021-12-06,Santa Cruz,087,273765,21717,21450,1046,22496,224
2021-12-06,Shasta,089,179085,22788,22556,3746,26302,416
2021-12-06,Sierra,091,2930,202,198,21,219,0
2021-12-06,Siskiyou,093,43540,3468,3409,1368,4777,57
2021-12-06,Solano,095,438530,47484,46748,1364,48112,360
2021-12-06,Sonoma,097,501317,43481,43114,578,43692,405
2021-12-06,Stanislaus,099,539301,82381,81889,9291,91180,1241
2021-12-06,Sutter,101,95872,14399,14319,408,14727,186
2021-12-06,Tehama,103,63373,8845,8760,1547,10307,133
2021-12-06,Trinity,105,12862,910,815,226,1041,17
2021-12-06,Tulare,107,460477,71447,70285,16434,86719,1101
2021-12-06,Tuolumne,109,53932,7754,7726,110,7836,91
2021-12-06,Ventura,111,848112,101264,100426,4495,104921,1194
2021-12-06,Yolo,113,214977,20702,20548,1272,21820,263
2021-12-06,Yuba,115,75493,10561,10480,392,10872,91
2021-12-05,Alameda,001,1643700,124062,123104,3006,126110,1496
2021-12-05,Alpine,003,1148,105,108,0,108,0
2021-12-05,Amador,005,37829,5788,5761,70,5831,67
2021-12-05,Butte,007,227075,21914,21720,3948,25668,320
2021-12-05,Calaveras,009,45235,4466,4434,64,4498,88
2021-12-05,Colusa,011,21464,2633,2615,686,3301,21
2021-12-05,Contra Costa,013,1133247,102912,102251,2368,104619,1058
2021-12-05,Del Norte,015,27424,3801,3751,56,3807,42
2021-12-05,El Dorado,017,186661,16914,16717,1783,18500,168
2021-12-05,Fresno,019,978130,146737,145452,12730,158182,2284
2021-12-05,Glenn,021,27897,3605,3577,1013,4590,36
2021-12-05,Humboldt,023,135768,9773,9662,694,10356,117
2021-12-05,Imperial,025,180216,35863,35422,3889,39311,778
2021-12-05,Inyo,027,18085,2589,2559,41,2600,46
2021-12-05,Kern,029,883053,133381,132286,24203,156489,1833
2021-12-05,Kings,031,150075,33747,33360,2057,35417,369
2021-12-05,Lake,033,64148,6968,6919,162,7081,113
2021-12-05,Lassen,035,31185,7082,7031,429,7460,51
2021-12-05,Los Angeles,037,10098052,1477144,1468937,56832,1525769,26991
2021-12-05,Madera,039,155013,24517,24311,2304,26615,307
2021-12-05,Marin,041,260295,18392,18216,535,18751,249
2021-12-05,Mariposa,043,17540,1456,1440,59,1499,6
2021-12-05,Mendocino,045,87422,8201,8069,673,8742,95
2021-12-05,Merced,047,269075,43739,43534,2017,45551,672
2021-12-05,Modoc,049,8938,598,593,202,795,6
2021-12-05,Mono,051,14174,1924,1907,22,1929,4
2021-12-05,Monterey,053,433212,50148,48813,3287,52100,626
2021-12-05,Napa,055,140530,13456,13382,124,13506,107
2021-12-05,Nevada,057,99092,9914,9827,350,10177,105
2021-12-05,Orange,059,3164182,316843,314560,16266,330826,5771
2021-12-05,Placer,061,380077,39114,38738,3927,42665,473
2021-12-05,Plumas,063,18699,1954,1913,46,1959,9
2021-12-05,Riverside,065,2383286,378261,373827,16883,390710,5388
2021-12-05,Sacramento,067,1510023,165888,164721,5067,169788,2367
2021-12-05,San Benito,069,59416,7793,7748,185,7933,78
2021-12-05,San Bernardino,071,2135413,369329,366282,11786,378068,5998
2021-12-05,San Diego,073,3302833,392755,387979,22638,410617,4351
2021-12-05,San Francisco,075,870044,55322,54603,2476,57079,674
2021-12-05,San Joaquin,077,732212,103345,102698,5687,108385,1837
2021-12-05,San Luis Obispo,079,281455,30858,30454,1338,31792,360
2021-12-05,San Mateo,081,765935,56326,55050,990,56040,580
2021-12-05,Santa Barbara,083,443738,46457,46097,1701,47798,555
2021-12-05,Santa Clara,085,1922200,153587,152114,1637,153751,1933
2021-12-05,Santa Cruz,087,273765,21666,21424,1046,22470,224
2021-12-05,Shasta,089,179085,22731,22550,3745,26295,416
2021-12-05,Sierra,091,2930,202,198,21,219,0
2021-12-05,Siskiyou,093,43540,3466,3409,1366,4775,57
2021-12-05,Solano,095,438530,47421,46715,1362,48077,360
2021-12-05,Sonoma,097,501317,43404,43038,573,43611,405
2021-12-05,Stanislaus,099,539301,82243,81847,9282,91129,1241
2021-12-05,Sutter,101,95872,14375,14303,403,14706,186
2021-12-05,Tehama,103,63373,8837,8755,1546,10301,133
2021-12-05,Trinity,105,12862,909,815,226,1041,17
2021-12-05,Tulare,107,460477,71365,70254,16386,86640,1102
2021-12-05,Tuolumne,109,53932,7741,7718,110,7828,91
2021-12-05,Ventura,111,848112,101128,100367,4482,104849,1194
2021-12-05,Yolo,113,214977,20660,20512,1270,21782,263
2021-12-05,Yuba,115,75493,10548,10467,385,10852,91
2021-12-04,Alameda,001,1643700,123951,122508,3002,125510,1494
2021-12-04,Alpine,003,1148,105,108,0,108,0
2021-12-04,Amador,005,37829,5785,5729,70,5799,67
2021-12-04,Butte,007,227075,21895,21638,3944,25582,318
2021-12-04,Calaveras,009,45235,4458,4392,63,4455,88
2021-12-04,Colusa,011,21464,2633,2600,684,3284,21
2021-12-04,Contra Costa,013,1133247,102839,101824,2362,104186,1056
2021-12-04,Del Norte,015,27424,3798,3726,56,3782,42
2021-12-04,El Dorado,017,186661,16905,16621,1782,18403,168
2021-12-04,Fresno,019,978130,146649,144734,12725,157459,2270
2021-12-04,Glenn,021,27897,3605,3559,1013,4572,36
2021-12-04,Humboldt,023,135768,9758,9596,690,10286,117
2021-12-04,Imperial,025,180216,35808,35206,3876,39082,776
2021-12-04,Inyo,027,18085,2584,2538,41,2579,46
2021-12-04,Kern,029,883053,133303,131771,24180,155951,1817
2021-12-04,Kings,031,150075,33723,33183,2056,35239,367
2021-12-04,Lake,033,64148,6959,6903,162,7065,113
2021-12-04,Lassen,035,31185,7081,7014,427,7441,51
2021-12-04,Los Angeles,037,10098052,1476275,1463270,56754,1520024,26952
2021-12-04,Madera,039,155013,24503,24188,2300,26488,307
2021-12-04,Marin,041,260295,18370,18075,534,18609,249
2021-12-04,Mariposa,043,17540,1452,1421,59,1480,6
2021-12-04,Mendocino,045,87422,8196,7981,673,8654,91
2021-12-04,Merced,047,269075,43711,43337,2015,45352,671
2021-12-04,Modoc,049,8938,598,591,202,793,6
2021-12-04,Mono,051,14174,1924,1883,22,1905,4
2021-12-04,Monterey,053,433212,50115,48682,3280,51962,626
2021-12-04,Napa,055,140530,13446,13327,123,13450,106
2021-12-04,Nevada,057,99092,9907,9752,350,10102,105
2021-12-04,Orange,059,3164182,316614,313112,16240,329352,5748
2021-12-04,Placer,061,380077,39074,38460,3921,42381,473
2021-12-04,Plumas,063,18699,1951,1903,46,1949,7
2021-12-04,Riverside,065,2383286,377904,371768,16877,388645,5381
2021-12-04,Sacramento,067,1510023,165747,163900,5059,168959,2365
2021-12-04,San Benito,069,59416,7767,7688,185,7873,78
2021-12-04,San Bernardino,071,2135413,368943,364154,11772,375926,5983
2021-12-04,San Diego,073,3302833,392276,386710,22608,409318,4350
2021-12-04,San Francisco,075,870044,55253,54286,2473,56759,674
2021-12-04,San Joaquin,077,732212,103291,102286,5685,107971,1835
2021-12-04,San Luis Obispo,079,281455,30837,30318,1334,31652,360
2021-12-04,San Mateo,081,765935,56274,54774,987,55761,579
2021-12-04,Santa Barbara,083,443738,46412,45774,1701,47475,555
2021-12-04,Santa Clara,085,1922200,153433,151275,1623,152898,1928
2021-12-04,Santa Cruz,087,273765,21640,21286,1045,22331,224
2021-12-04,Shasta,089,179085,22714,22418,3743,26161,414
2021-12-04,Sierra,091,2930,202,196,21,217,0
2021-12-04,Siskiyou,093,43540,3464,3398,1366,4764,57
2021-12-04,Solano,095,438530,47401,46529,1361,47890,360
2021-12-04,Sonoma,097,501317,43358,42778,570,43348,405
2021-12-04,Stanislaus,099,539301,82170,81462,9275,90737,1231
2021-12-04,Sutter,101,95872,14367,14258,402,14660,186
2021-12-04,Tehama,103,63373,8835,8742,1546,10288,131
2021-12-04,Trinity,105,12862,908,801,226,1027,17
2021-12-04,Tulare,107,460477,71327,70014,16358,86372,1100
2021-12-04,Tuolumne,109,53932,7736,7676,110,7786,91
2021-12-04,Ventura,111,848112,101037,99751,4478,104229,1192
2021-12-04,Yolo,113,214977,20639,20442,1268,21710,261
2021-12-04,Yuba,115,75493,10537,10418,384,10802,91
2021-12-03,Alameda,001,1643700,123858,122508,2992,125500,1494
2021-12-03,Alpine,003,1148,105,108,0,108,0
2021-12-03,Amador,005,37829,5780,5729,69,5798,67
2021-12-03,Butte,007,227075,21882,21638,3939,25577,318
2021-12-03,Calaveras,009,45235,4449,4392,63,4455,88
2021-12-03,Colusa,011,21464,2631,2600,684,3284,21
2021-12-03,Contra Costa,013,1133247,102765,101824,2357,104181,1056
2021-12-03,Del Norte,015,27424,3796,3726,56,3782,42
2021-12-03,El Dorado,017,186661,16876,16621,1780,18401,168
2021-12-03,Fresno,019,978130,146536,144734,12723,157457,2270
2021-12-03,Glenn,021,27897,3604,3559,1012,4571,36
2021-12-03,Humboldt,023,135768,9741,9596,688,10284,117
2021-12-03,Imperial,025,180216,35763,35206,3846,39052,776
2021-12-03,Inyo,027,18085,2577,2538,41,2579,46
2021-12-03,Kern,029,883053,133232,131771,24144,155915,1817
2021-12-03,Kings,031,150075,33695,33183,2056,35239,367
2021-12-03,Lake,033,64148,6959,6903,162,7065,113
2021-12-03,Lassen,035,31185,7079,7014,426,7440,51
2021-12-03,Los Angeles,037,10098052,1475335,1463270,56673,1519943,26952
2021-12-03,Madera,039,155013,24477,24188,2296,26484,307
2021-12-03,Marin,041,260295,18338,18075,530,18605,249
2021-12-03,Mariposa,043,17540,1450,1421,59,1480,6
2021-12-03,Mendocino,045,87422,8189,7981,673,8654,91
2021-12-03,Merced,047,269075,43688,43337,2012,45349,671
2021-12-03,Modoc,049,8938,598,591,202,793,6
2021-12-03,Mono,051,14174,1918,1883,22,1905,4
2021-12-03,Monterey,053,433212,50076,48682,3269,51951,626
2021-12-03,Napa,055,140530,13434,13327,123,13450,106
2021-12-03,Nevada,057,99092,9896,9752,350,10102,105
2021-12-03,Orange,059,3164182,316346,313112,16207,329319,5748
2021-12-03,Placer,061,380077,39037,38460,3914,42374,473
2021-12-03,Plumas,063,18699,1948,1903,46,1949,7
2021-12-03,Riverside,065,2383286,377513,371768,16871,388639,5381
2021-12-03,Sacramento,067,1510023,165567,163900,5045,168945,2365
2021-12-03,San Benito,069,59416,7760,7688,185,7873,78
2021-12-03,San Bernardino,071,2135413,368500,364154,11762,375916,5983
2021-12-03,San Diego,073,3302833,391799,386710,22584,409294,4350
2021-12-03,San Francisco,075,870044,55183,54286,2469,56755,674
2021-12-03,San Joaquin,077,732212,103234,102286,5684,107970,1835
2021-12-03,San Luis Obispo,079,281455,30811,30318,1331,31649,360
2021-12-03,San Mateo,081,765935,56211,54774,984,55758,579
2021-12-03,Santa Barbara,083,443738,46376,45774,1701,47475,555
2021-12-03,Santa Clara,085,1922200,153251,151275,1608,152883,1928
2021-12-03,Santa Cruz,087,273765,21613,21286,1045,22331,224
2021-12-03,Shasta,089,179085,22699,22418,3743,26161,414
2021-12-03,Sierra,091,2930,202,196,21,217,0
2021-12-03,Siskiyou,093,43540,3461,3398,1364,4762,57
2021-12-03,Solano,095,438530,47359,46529,1360,47889,360
2021-12-03,Sonoma,097,501317,43322,42778,568,43346,405
2021-12-03,Stanislaus,099,539301,82113,81462,9266,90728,1231
2021-12-03,Sutter,101,95872,14354,14258,400,14658,186
2021-12-03,Tehama,103,63373,8834,8742,1545,10287,131
2021-12-03,Trinity,105,12862,908,801,226,1027,17
2021-12-03,Tulare,107,460477,71288,70014,16326,86340,1100
2021-12-03,Tuolumne,109,53932,7727,7676,110,7786,91
2021-12-03,Ventura,111,848112,100950,99751,4471,104222,1192
2021-12-03,Yolo,113,214977,20622,20442,1267,21709,261
2021-12-03,Yuba,115,75493,10529,10418,384,10802,91
2021-12-02,Alameda,001,1643700,123704,122508,2984,125492,1494
2021-12-02,Alpine,003,1148,105,108,0,108,0
2021-12-02,Amador,005,37829,5775,5729,68,5797,67
2021-12-02,Butte,007,227075,21857,21638,3936,25574,318
2021-12-02,Calaveras,009,45235,4439,4392,62,4454,88
2021-12-02,Colusa,011,21464,2630,2600,684,3284,21
2021-12-02,Contra Costa,013,1133247,102650,101824,2353,104177,1056
2021-12-02,Del Norte,015,27424,3788,3726,56,3782,42
2021-12-02,El Dorado,017,186661,16855,16621,1778,18399,168
2021-12-02,Fresno,019,978130,146372,144734,12713,157447,2270
2021-12-02,Glenn,021,27897,3604,3559,1011,4570,36
2021-12-02,Humboldt,023,135768,9722,9596,686,10282,117
2021-12-02,Imperial,025,180216,35696,35206,3823,39029,776
2021-12-02,Inyo,027,18085,2572,2538,41,2579,46
2021-12-02,Kern,029,883053,133061,131771,24091,155862,1817
2021-12-02,Kings,031,150075,33640,33183,2054,35237,367
2021-12-02,Lake,033,64148,6955,6903,162,7065,113
2021-12-02,Lassen,035,31185,7075,7014,426,7440,51
2021-12-02,Los Angeles,037,10098052,1473823,1463270,56589,1519859,26952
2021-12-02,Madera,039,155013,24440,24188,2287,26475,307
2021-12-02,Marin,041,260295,18308,18075,526,18601,249
2021-12-02,Mariposa,043,17540,1448,1421,59,1480,6
2021-12-02,Mendocino,045,87422,8173,7981,672,8653,91
2021-12-02,Merced,047,269075,43642,43337,2006,45343,671
2021-12-02,Modoc,049,8938,597,591,202,793,6
2021-12-02,Mono,051,14174,1912,1883,22,1905,4
2021-12-02,Monterey,053,433212,50003,48682,3247,51929,626
2021-12-02,Napa,055,140530,13421,13327,123,13450,106
2021-12-02,Nevada,057,99092,9878,9752,349,10101,105
2021-12-02,Orange,059,3164182,316005,313112,16170,329282,5748
2021-12-02,Placer,061,380077,38972,38460,3909,42369,473
2021-12-02,Plumas,063,18699,1946,1903,46,1949,7
2021-12-02,Riverside,065,2383286,376987,371768,16861,388629,5381
2021-12-02,Sacramento,067,1510023,165339,163900,5035,168935,2365
2021-12-02,San Benito,069,59416,7739,7688,185,7873,78
2021-12-02,San Bernardino,071,2135413,367953,364154,11742,375896,5983
2021-12-02,San Diego,073,3302833,391154,386710,22530,409240,4350
2021-12-02,San Francisco,075,870044,55084,54286,2464,56750,674
2021-12-02,San Joaquin,077,732212,103120,102286,5679,107965,1835
2021-12-02,San Luis Obispo,079,281455,30778,30318,1324,31642,360
2021-12-02,San Mateo,081,765935,56130,54774,976,55750,579
2021-12-02,Santa Barbara,083,443738,46295,45774,1698,47472,555
2021-12-02,Santa Clara,085,1922200,153004,151275,1591,152866,1928
2021-12-02,Santa Cruz,087,273765,21561,21286,1044,22330,224
2021-12-02,Shasta,089,179085,22666,22418,3742,26160,414
2021-12-02,Sierra,091,2930,202,196,21,217,0
2021-12-02,Siskiyou,093,43540,3460,3398,1357,4755,57
2021-12-02,Solano,095,438530,47308,46529,1358,47887,360
2021-12-02,Sonoma,097,501317,43251,42778,568,43346,405
2021-12-02,Stanislaus,099,539301,82018,81462,9258,90720,1231
2021-12-02,Sutter,101,95872,14341,14258,397,14655,186
2021-12-02,Tehama,103,63373,8827,8742,1543,10285,131
2021-12-02,Trinity,105,12862,908,801,226,1027,17
2021-12-02,Tulare,107,460477,71200,70014,16274,86288,1100
2021-12-02,Tuolumne,109,53932,7712,7676,109,7785,91
2021-12-02,Ventura,111,848112,100825,99751,4469,104220,1192
2021-12-02,Yolo,113,214977,20597,20442,1263,21705,261
2021-12-02,Yuba,115,75493,10513,10418,381,10799,91
2021-12-01,Alameda,001,1643700,123553,122298,2974,125272,1492
2021-12-01,Alpine,003,1148,105,108,0,108,0
2021-12-01,Amador,005,37829,5768,5723,68,5791,67
2021-12-01,Butte,007,227075,21837,21600,3931,25531,318
2021-12-01,Calaveras,009,45235,4434,4371,62,4433,88
2021-12-01,Colusa,011,21464,2623,2595,681,3276,20
2021-12-01,Contra Costa,013,1133247,102541,101651,2342,103993,1048
2021-12-01,Del Norte,015,27424,3786,3722,56,3778,42
2021-12-01,El Dorado,017,186661,16834,16575,1776,18351,166
2021-12-01,Fresno,019,978130,146166,144507,12704,157211,2264
2021-12-01,Glenn,021,27897,3597,3556,1010,4566,36
2021-12-01,Humboldt,023,135768,9698,9573,681,10254,117
2021-12-01,Imperial,025,180216,35615,35085,3796,38881,776
2021-12-01,Inyo,027,18085,2568,2533,41,2574,46
2021-12-01,Kern,029,883053,132914,131580,24036,155616,1804
2021-12-01,Kings,031,150075,33591,33112,2053,35165,364
2021-12-01,Lake,033,64148,6947,6896,161,7057,112
2021-12-01,Lassen,035,31185,7069,7008,424,7432,51
2021-12-01,Los Angeles,037,10098052,1472236,1461394,56494,1517888,26928
2021-12-01,Madera,039,155013,24408,24134,2278,26412,307
2021-12-01,Marin,041,260295,18271,18038,520,18558,249
2021-12-01,Mariposa,043,17540,1444,1415,59,1474,6
2021-12-01,Mendocino,045,87422,8159,7966,667,8633,90
2021-12-01,Merced,047,269075,43586,43259,1985,45244,670
2021-12-01,Modoc,049,8938,597,576,202,778,5
2021-12-01,Mono,051,14174,1908,1876,22,1898,4
2021-12-01,Monterey,053,433212,49954,48611,3238,51849,626
2021-12-01,Napa,055,140530,13404,13319,120,13439,107
2021-12-01,Nevada,057,99092,9865,9706,349,10055,105
2021-12-01,Orange,059,3164182,315641,312772,16132,328904,5735
2021-12-01,Placer,061,380077,38916,38373,3903,42276,472
2021-12-01,Plumas,063,18699,1942,1893,46,1939,7
2021-12-01,Riverside,065,2383286,376463,371189,16844,388033,5369
2021-12-01,Sacramento,067,1510023,165126,163616,5015,168631,2360
2021-12-01,San Benito,069,59416,7725,7669,185,7854,78
2021-12-01,San Bernardino,071,2135413,367373,363368,11717,375085,5973
2021-12-01,San Diego,073,3302833,390357,386056,22477,408533,4346
2021-12-01,San Francisco,075,870044,55002,54199,2457,56656,672
2021-12-01,San Joaquin,077,732212,103012,102109,5678,107787,1834
2021-12-01,San Luis Obispo,079,281455,30736,30238,1320,31558,360
2021-12-01,San Mateo,081,765935,56048,54711,972,55683,579
2021-12-01,Santa Barbara,083,443738,46225,45681,1696,47377,554
2021-12-01,Santa Clara,085,1922200,152787,150961,1574,152535,1925
2021-12-01,Santa Cruz,087,273765,21531,21191,1043,22234,224
2021-12-01,Shasta,089,179085,22634,22375,3736,26111,410
2021-12-01,Sierra,091,2930,202,195,21,216,0
2021-12-01,Siskiyou,093,43540,3457,3391,1357,4748,55
2021-12-01,Solano,095,438530,47264,46485,1358,47843,360
2021-12-01,Sonoma,097,501317,43177,42713,567,43280,405
2021-12-01,Stanislaus,099,539301,81921,81330,9246,90576,1231
2021-12-01,Sutter,101,95872,14326,14229,396,14625,186
2021-12-01,Tehama,103,63373,8817,8728,1543,10271,130
2021-12-01,Trinity,105,12862,903,801,226,1027,17
2021-12-01,Tulare,107,460477,71120,69953,16234,86187,1098
2021-12-01,Tuolumne,109,53932,7704,7655,109,7764,91
2021-12-01,Ventura,111,848112,100719,99680,4458,104138,1191
2021-12-01,Yolo,113,214977,20569,20393,1263,21656,260
2021-12-01,Yuba,115,75493,10501,10401,380,10781,89
2021-11-30,Alameda,001,1643700,123385,122196,2965,125161,1489
2021-11-30,Alpine,003,1148,105,108,0,108,0
2021-11-30,Amador,005,37829,5760,5716,68,5784,66
2021-11-30,Butte,007,227075,21808,21565,3922,25487,318
2021-11-30,Calaveras,009,45235,4416,4360,62,4422,88
2021-11-30,Colusa,011,21464,2622,2592,681,3273,21
2021-11-30,Contra Costa,013,1133247,102403,101538,2335,103873,1046
2021-11-30,Del Norte,015,27424,3780,3718,56,3774,42
2021-11-30,El Dorado,017,186661,16806,16558,1770,18328,166
2021-11-30,Fresno,019,978130,145969,144384,12696,157080,2259
2021-11-30,Glenn,021,27897,3592,3555,1009,4564,36
2021-11-30,Humboldt,023,135768,9667,9539,675,10214,116
2021-11-30,Imperial,025,180216,35507,34999,3768,38767,773
2021-11-30,Inyo,027,18085,2559,2530,41,2571,46
2021-11-30,Kern,029,883053,132741,131451,23979,155430,1799
2021-11-30,Kings,031,150075,33540,33074,2049,35123,362
2021-11-30,Lake,033,64148,6942,6892,159,7051,110
2021-11-30,Lassen,035,31185,7065,7003,423,7426,51
2021-11-30,Los Angeles,037,10098052,1470450,1460177,56389,1516566,26913
2021-11-30,Madera,039,155013,24374,24108,2273,26381,307
2021-11-30,Marin,041,260295,18227,18010,518,18528,249
2021-11-30,Mariposa,043,17540,1438,1412,59,1471,6
2021-11-30,Mendocino,045,87422,8130,7960,661,8621,89
2021-11-30,Merced,047,269075,43516,43200,1978,45178,668
2021-11-30,Modoc,049,8938,596,576,202,778,5
2021-11-30,Mono,051,14174,1905,1873,22,1895,4
2021-11-30,Monterey,053,433212,49890,48581,3228,51809,626
2021-11-30,Napa,055,140530,13384,13308,120,13428,105
2021-11-30,Nevada,057,99092,9849,9699,348,10047,105
2021-11-30,Orange,059,3164182,315221,312451,16090,328541,5724
2021-11-30,Placer,061,380077,38812,38324,3895,42219,470
2021-11-30,Plumas,063,18699,1937,1887,45,1932,7
2021-11-30,Riverside,065,2383286,375779,370739,16819,387558,5358
2021-11-30,Sacramento,067,1510023,164847,163420,4992,168412,2353
2021-11-30,San Benito,069,59416,7703,7645,184,7829,78
2021-11-30,San Bernardino,071,2135413,366703,363006,11695,374701,5967
2021-11-30,San Diego,073,3302833,389425,385405,22433,407838,4340
2021-11-30,San Francisco,075,870044,54895,54147,2448,56595,672
2021-11-30,San Joaquin,077,732212,102886,101972,5670,107642,1834
2021-11-30,San Luis Obispo,079,281455,30710,30200,1317,31517,360
2021-11-30,San Mateo,081,765935,55946,54656,962,55618,579
2021-11-30,Santa Barbara,083,443738,46129,45628,1690,47318,553
2021-11-30,Santa Clara,085,1922200,152526,150799,1555,152354,1929
2021-11-30,Santa Cruz,087,273765,21472,21169,1039,22208,224
2021-11-30,Shasta,089,179085,22604,22347,3733,26080,401
2021-11-30,Sierra,091,2930,199,195,21,216,0
2021-11-30,Siskiyou,093,43540,3453,3385,1354,4739,55
2021-11-30,Solano,095,438530,47201,46434,1352,47786,358
2021-11-30,Sonoma,097,501317,43099,42663,566,43229,405
2021-11-30,Stanislaus,099,539301,81817,81276,9221,90497,1227
2021-11-30,Sutter,101,95872,14315,14210,393,14603,186
2021-11-30,Tehama,103,63373,8810,8727,1542,10269,130
2021-11-30,Trinity,105,12862,902,799,226,1025,17
2021-11-30,Tulare,107,460477,71032,69900,16188,86088,1099
2021-11-30,Tuolumne,109,53932,7689,7643,109,7752,91
2021-11-30,Ventura,111,848112,100566,99601,4446,104047,1191
2021-11-30,Yolo,113,214977,20529,20376,1257,21633,260
2021-11-30,Yuba,115,75493,10482,10398,375,10773,89
2021-11-29,Alameda,001,1643700,123228,122136,2955,125091,1489
2021-11-29,Alpine,003,1148,105,108,0,108,0
2021-11-29,Amador,005,37829,5753,5706,68,5774,66
2021-11-29,Butte,007,227075,21783,21544,3916,25460,314
2021-11-29,Calaveras,009,45235,4400,4353,62,4415,88
2021-11-29,Colusa,011,21464,2620,2585,678,3263,20
2021-11-29,Contra Costa,013,1133247,102254,101441,2327,103768,1046
2021-11-29,Del Norte,015,27424,3777,3704,56,3760,42
2021-11-29,El Dorado,017,186661,16788,16534,1765,18299,166
2021-11-29,Fresno,019,978130,145766,144282,12680,156962,2254
2021-11-29,Glenn,021,27897,3589,3555,1008,4563,36
2021-11-29,Humboldt,023,135768,9650,9514,668,10182,115
2021-11-29,Imperial,025,180216,35443,34960,3747,38707,773
2021-11-29,Inyo,027,18085,2554,2529,41,2570,46
2021-11-29,Kern,029,883053,132555,131362,23937,155299,1789
2021-11-29,Kings,031,150075,33488,33059,2045,35104,363
2021-11-29,Lake,033,64148,6930,6889,159,7048,110
2021-11-29,Lassen,035,31185,7062,7003,421,7424,51
2021-11-29,Los Angeles,037,10098052,1468604,1459446,56302,1515748,26889
2021-11-29,Madera,039,155013,24337,24069,2265,26334,307
2021-11-29,Marin,041,260295,18180,17980,513,18493,249
2021-11-29,Mariposa,043,17540,1430,1409,59,1468,6
2021-11-29,Mendocino,045,87422,8113,7954,657,8611,89
2021-11-29,Merced,047,269075,43442,43167,1971,45138,667
2021-11-29,Modoc,049,8938,595,569,202,771,5
2021-11-29,Mono,051,14174,1887,1859,22,1881,4
2021-11-29,Monterey,053,433212,49830,48548,3212,51760,626
2021-11-29,Napa,055,140530,13374,13304,120,13424,104
2021-11-29,Nevada,057,99092,9835,9689,348,10037,105
2021-11-29,Orange,059,3164182,314820,312203,16044,328247,5709
2021-11-29,Placer,061,380077,38747,38261,3890,42151,470
2021-11-29,Plumas,063,18699,1934,1884,45,1929,7
2021-11-29,Riverside,065,2383286,375246,370334,16808,387142,5358
2021-11-29,Sacramento,067,1510023,164599,163282,4959,168241,2342
2021-11-29,San Benito,069,59416,7682,7631,183,7814,77
2021-11-29,San Bernardino,071,2135413,366110,362694,11664,374358,5962
2021-11-29,San Diego,073,3302833,388535,384853,22401,407254,4335
2021-11-29,San Francisco,075,870044,54797,54125,2444,56569,669
2021-11-29,San Joaquin,077,732212,102747,101927,5663,107590,1834
2021-11-29,San Luis Obispo,079,281455,30676,30165,1313,31478,359
2021-11-29,San Mateo,081,765935,55844,54622,958,55580,579
2021-11-29,Santa Barbara,083,443738,46032,45576,1686,47262,549
2021-11-29,Santa Clara,085,1922200,152255,150620,1549,152169,1925
2021-11-29,Santa Cruz,087,273765,21435,21149,1038,22187,224
2021-11-29,Shasta,089,179085,22569,22315,3729,26044,399
2021-11-29,Sierra,091,2930,199,195,21,216,0
2021-11-29,Siskiyou,093,43540,3450,3374,1347,4721,55
2021-11-29,Solano,095,438530,47149,46412,1350,47762,357
2021-11-29,Sonoma,097,501317,43024,42624,563,43187,405
2021-11-29,Stanislaus,099,539301,81736,81227,9203,90430,1223
2021-11-29,Sutter,101,95872,14299,14204,390,14594,186
2021-11-29,Tehama,103,63373,8805,8720,1537,10257,130
2021-11-29,Trinity,105,12862,897,798,226,1024,17
2021-11-29,Tulare,107,460477,70953,69850,16153,86003,1096
2021-11-29,Tuolumne,109,53932,7676,7627,109,7736,90
2021-11-29,Ventura,111,848112,100446,99520,4436,103956,1190
2021-11-29,Yolo,113,214977,20486,20344,1254,21598,257
2021-11-29,Yuba,115,75493,10465,10395,374,10769,89
2021-11-28,Alameda,001,1643700,123008,122082,2949,125031,1491
2021-11-28,Alpine,003,1148,105,108,0,108,0
2021-11-28,Amador,005,37829,5743,5703,68,5771,66
2021-11-28,Butte,007,227075,21745,21530,3914,25444,313
2021-11-28,Calaveras,009,45235,4378,4350,62,4412,88
2021-11-28,Colusa,011,21464,2616,2586,677,3263,19
2021-11-28,Contra Costa,013,1133247,102081,101355,2316,103671,1046
2021-11-28,Del Norte,015,27424,3772,3703,56,3759,42
2021-11-28,El Dorado,017,186661,16747,16527,1764,18291,166
2021-11-28,Fresno,019,978130,145521,144164,12660,156824,2252
2021-11-28,Glenn,021,27897,3586,3547,1006,4553,36
2021-11-28,Humboldt,023,135768,9618,9499,664,10163,115
2021-11-28,Imperial,025,180216,35335,34929,3723,38652,773
2021-11-28,Inyo,027,18085,2547,2531,41,2572,46
2021-11-28,Kern,029,883053,132347,131279,23880,155159,1789
2021-11-28,Kings,031,150075,33413,33057,2038,35095,364
2021-11-28,Lake,033,64148,6920,6885,158,7043,110
2021-11-28,Lassen,035,31185,7054,7002,417,7419,51
2021-11-28,Los Angeles,037,10098052,1466435,1458646,56214,1514860,26878
2021-11-28,Madera,039,155013,24289,24055,2258,26313,307
2021-11-28,Marin,041,260295,18131,17962,509,18471,249
2021-11-28,Mariposa,043,17540,1426,1406,59,1465,6
2021-11-28,Mendocino,045,87422,8082,7943,652,8595,89
2021-11-28,Merced,047,269075,43376,43166,1956,45122,667
2021-11-28,Modoc,049,8938,594,569,202,771,5
2021-11-28,Mono,051,14174,1881,1841,22,1863,4
2021-11-28,Monterey,053,433212,49765,48537,3192,51729,626
2021-11-28,Napa,055,140530,13361,13303,120,13423,104
2021-11-28,Nevada,057,99092,9808,9684,347,10031,105
2021-11-28,Orange,059,3164182,314435,312028,16001,328029,5693
2021-11-28,Placer,061,380077,38666,38240,3871,42111,470
2021-11-28,Plumas,063,18699,1928,1884,44,1928,7
2021-11-28,Riverside,065,2383286,374591,370051,16786,386837,5358
2021-11-28,Sacramento,067,1510023,164244,163170,4936,168106,2335
2021-11-28,San Benito,069,59416,7663,7623,182,7805,77
2021-11-28,San Bernardino,071,2135413,365396,362407,11637,374044,5958
2021-11-28,San Diego,073,3302833,387644,383025,22337,405362,4325
2021-11-28,San Francisco,075,870044,54721,54082,2441,56523,669
2021-11-28,San Joaquin,077,732212,102565,101895,5645,107540,1834
2021-11-28,San Luis Obispo,079,281455,30611,30152,1309,31461,358
2021-11-28,San Mateo,081,765935,55749,54567,954,55521,579
2021-11-28,Santa Barbara,083,443738,45953,45551,1675,47226,549
2021-11-28,Santa Clara,085,1922200,151947,150436,1534,151970,1920
2021-11-28,Santa Cruz,087,273765,21364,21110,1037,22147,224
2021-11-28,Shasta,089,179085,22529,22316,3727,26043,400
2021-11-28,Sierra,091,2930,199,195,21,216,0
2021-11-28,Siskiyou,093,43540,3444,3372,1343,4715,55
2021-11-28,Solano,095,438530,47087,46385,1349,47734,356
2021-11-28,Sonoma,097,501317,42938,42583,560,43143,405
2021-11-28,Stanislaus,099,539301,81610,81181,9184,90365,1223
2021-11-28,Sutter,101,95872,14277,14192,384,14576,186
2021-11-28,Tehama,103,63373,8797,8720,1533,10253,130
2021-11-28,Trinity,105,12862,896,797,226,1023,17
2021-11-28,Tulare,107,460477,70856,69833,16099,85932,1095
2021-11-28,Tuolumne,109,53932,7655,7620,109,7729,90
2021-11-28,Ventura,111,848112,100290,99486,4425,103911,1190
2021-11-28,Yolo,113,214977,20445,20333,1253,21586,257
2021-11-28,Yuba,115,75493,10447,10391,372,10763,89
2021-11-27,Alameda,001,1643700,122912,121618,2946,124564,1477
2021-11-27,Alpine,003,1148,105,106,0,106,0
2021-11-27,Amador,005,37829,5742,5670,68,5738,66
2021-11-27,Butte,007,227075,21722,21384,3909,25293,309
2021-11-27,Calaveras,009,45235,4372,4294,62,4356,85
2021-11-27,Colusa,011,21464,2615,2568,675,3243,19
2021-11-27,Contra Costa,013,1133247,101996,100961,2315,103276,1045
2021-11-27,Del Norte,015,27424,3765,3661,56,3717,42
2021-11-27,El Dorado,017,186661,16712,16399,1763,18162,161
2021-11-27,Fresno,019,978130,145411,143386,12655,156041,2246
2021-11-27,Glenn,021,27897,3582,3532,1006,4538,36
2021-11-27,Humboldt,023,135768,9590,9399,662,10061,115
2021-11-27,Imperial,025,180216,35252,34611,3707,38318,769
2021-11-27,Inyo,027,18085,2544,2506,41,2547,45
2021-11-27,Kern,029,883053,132263,130245,23851,154096,1773
2021-11-27,Kings,031,150075,33390,32891,2036,34927,358
2021-11-27,Lake,033,64148,6917,6836,157,6993,110
2021-11-27,Lassen,035,31185,7052,6959,416,7375,47
2021-11-27,Los Angeles,037,10098052,1465429,1454495,56144,1510639,26817
2021-11-27,Madera,039,155013,24269,23880,2254,26134,296
2021-11-27,Marin,041,260295,18093,17857,504,18361,248
2021-11-27,Mariposa,043,17540,1424,1374,59,1433,6
2021-11-27,Mendocino,045,87422,8063,7871,652,8523,89
2021-11-27,Merced,047,269075,43341,42921,1953,44874,664
2021-11-27,Modoc,049,8938,592,551,202,753,5
2021-11-27,Mono,051,14174,1879,1810,22,1832,4
2021-11-27,Monterey,053,433212,49732,48400,3178,51578,625
2021-11-27,Napa,055,140530,13347,13256,120,13376,104
2021-11-27,Nevada,057,99092,9786,9584,346,9930,103
2021-11-27,Orange,059,3164182,314183,310809,15964,326773,5665
2021-11-27,Placer,061,380077,38605,38001,3865,41866,468
2021-11-27,Plumas,063,18699,1924,1860,44,1904,7
2021-11-27,Riverside,065,2383286,374233,367601,16779,384380,5306
2021-11-27,Sacramento,067,1510023,164089,162328,4933,167261,2335
2021-11-27,San Benito,069,59416,7646,7575,182,7757,77
2021-11-27,San Bernardino,071,2135413,364963,360033,11628,371661,5932
2021-11-27,San Diego,073,3302833,387144,382634,22311,404945,4319
2021-11-27,San Francisco,075,870044,54671,53830,2438,56268,669
2021-11-27,San Joaquin,077,732212,102498,101368,5643,107011,1833
2021-11-27,San Luis Obispo,079,281455,30576,29983,1305,31288,358
2021-11-27,San Mateo,081,765935,55692,54360,951,55311,577
2021-11-27,Santa Barbara,083,443738,45899,45318,1673,46991,548
2021-11-27,Santa Clara,085,1922200,151740,149700,1528,151228,1922
2021-11-27,Santa Cruz,087,273765,21324,20929,1034,21963,222
2021-11-27,Shasta,089,179085,22506,22151,3726,25877,396
2021-11-27,Sierra,091,2930,198,194,21,215,0
2021-11-27,Siskiyou,093,43540,3441,3336,1341,4677,54
2021-11-27,Solano,095,438530,47051,46163,1346,47509,356
2021-11-27,Sonoma,097,501317,42875,42368,560,42928,405
2021-11-27,Stanislaus,099,539301,81536,80782,9166,89948,1220
2021-11-27,Sutter,101,95872,14269,14127,383,14510,181
2021-11-27,Tehama,103,63373,8795,8675,1532,10207,129
2021-11-27,Trinity,105,12862,896,789,226,1015,17
2021-11-27,Tulare,107,460477,70804,69377,16083,85460,1082
2021-11-27,Tuolumne,109,53932,7642,7574,109,7683,90
2021-11-27,Ventura,111,848112,100217,99163,4417,103580,1188
2021-11-27,Yolo,113,214977,20424,20237,1244,21481,257
2021-11-27,Yuba,115,75493,10437,10335,372,10707,88
2021-11-26,Alameda,001,1643700,122801,121618,2944,124562,1477
2021-11-26,Alpine,003,1148,105,106,0,106,0
2021-11-26,Amador,005,37829,5738,5670,68,5738,66
2021-11-26,Butte,007,227075,21699,21384,3904,25288,309
2021-11-26,Calaveras,009,45235,4363,4294,62,4356,85
2021-11-26,Colusa,011,21464,2613,2568,674,3242,19
2021-11-26,Contra Costa,013,1133247,101907,100961,2311,103272,1045
2021-11-26,Del Norte,015,27424,3762,3661,56,3717,42
2021-11-26,El Dorado,017,186661,16695,16399,1760,18159,161
2021-11-26,Fresno,019,978130,145279,143386,12646,156032,2246
2021-11-26,Glenn,021,27897,3580,3532,1006,4538,36
2021-11-26,Humboldt,023,135768,9571,9399,658,10057,115
2021-11-26,Imperial,025,180216,35195,34611,3694,38305,769
2021-11-26,Inyo,027,18085,2544,2506,41,2547,45
2021-11-26,Kern,029,883053,132180,130245,23807,154052,1773
2021-11-26,Kings,031,150075,33366,32891,2034,34925,358
2021-11-26,Lake,033,64148,6915,6836,157,6993,110
2021-11-26,Lassen,035,31185,7046,6959,416,7375,47
2021-11-26,Los Angeles,037,10098052,1464587,1454495,56082,1510577,26817
2021-11-26,Madera,039,155013,24242,23880,2252,26132,296
2021-11-26,Marin,041,260295,18064,17857,504,18361,248
2021-11-26,Mariposa,043,17540,1417,1374,58,1432,6
2021-11-26,Mendocino,045,87422,8053,7871,652,8523,89
2021-11-26,Merced,047,269075,43311,42921,1948,44869,664
2021-11-26,Modoc,049,8938,590,551,202,753,5
2021-11-26,Mono,051,14174,1865,1810,22,1832,4
2021-11-26,Monterey,053,433212,49688,48400,3171,51571,625
2021-11-26,Napa,055,140530,13331,13256,120,13376,104
2021-11-26,Nevada,057,99092,9775,9584,346,9930,103
2021-11-26,Orange,059,3164182,313913,310809,15932,326741,5665
2021-11-26,Placer,061,380077,38560,38001,3857,41858,468
2021-11-26,Plumas,063,18699,1919,1860,44,1904,7
2021-11-26,Riverside,065,2383286,373831,367601,16772,384373,5306
2021-11-26,Sacramento,067,1510023,163978,162328,4928,167256,2335
2021-11-26,San Benito,069,59416,7638,7575,182,7757,77
2021-11-26,San Bernardino,071,2135413,364532,360033,11621,371654,5932
2021-11-26,San Diego,073,3302833,386588,382634,22299,404933,4319
2021-11-26,San Francisco,075,870044,54623,53830,2436,56266,669
2021-11-26,San Joaquin,077,732212,102441,101368,5642,107010,1833
2021-11-26,San Luis Obispo,079,281455,30534,29983,1302,31285,358
2021-11-26,San Mateo,081,765935,55628,54360,950,55310,577
2021-11-26,Santa Barbara,083,443738,45852,45318,1672,46990,548
2021-11-26,Santa Clara,085,1922200,151572,149700,1520,151220,1922
2021-11-26,Santa Cruz,087,273765,21284,20929,1034,21963,222
2021-11-26,Shasta,089,179085,22487,22151,3724,25875,396
2021-11-26,Sierra,091,2930,198,194,21,215,0
2021-11-26,Siskiyou,093,43540,3438,3336,1340,4676,54
2021-11-26,Solano,095,438530,47009,46163,1345,47508,356
2021-11-26,Sonoma,097,501317,42824,42368,558,42926,405
2021-11-26,Stanislaus,099,539301,81460,80782,9155,89937,1220
2021-11-26,Sutter,101,95872,14256,14127,382,14509,181
2021-11-26,Tehama,103,63373,8793,8675,1531,10206,129
2021-11-26,Trinity,105,12862,895,789,226,1015,17
2021-11-26,Tulare,107,460477,70758,69377,16051,85428,1082
2021-11-26,Tuolumne,109,53932,7632,7574,109,7683,90
2021-11-26,Ventura,111,848112,100137,99163,4412,103575,1188
2021-11-26,Yolo,113,214977,20405,20237,1237,21474,257
2021-11-26,Yuba,115,75493,10431,10335,372,10707,88
2021-11-25,Alameda,001,1643700,122694,121618,2939,124557,1477
2021-11-25,Alpine,003,1148,105,106,0,106,0
2021-11-25,Amador,005,37829,5730,5670,68,5738,66
2021-11-25,Butte,007,227075,21681,21384,3902,25286,309
2021-11-25,Calaveras,009,45235,4358,4294,62,4356,85
2021-11-25,Colusa,011,21464,2610,2568,672,3240,19
2021-11-25,Contra Costa,013,1133247,101802,100961,2306,103267,1045
2021-11-25,Del Norte,015,27424,3757,3661,56,3717,42
2021-11-25,El Dorado,017,186661,16676,16399,1759,18158,161
2021-11-25,Fresno,019,978130,145146,143386,12639,156025,2246
2021-11-25,Glenn,021,27897,3579,3532,1006,4538,36
2021-11-25,Humboldt,023,135768,9552,9399,655,10054,115
2021-11-25,Imperial,025,180216,35150,34611,3681,38292,769
2021-11-25,Inyo,027,18085,2542,2506,41,2547,45
2021-11-25,Kern,029,883053,132082,130245,23761,154006,1773
2021-11-25,Kings,031,150075,33338,32891,2033,34924,358
2021-11-25,Lake,033,64148,6908,6836,157,6993,110
2021-11-25,Lassen,035,31185,7044,6959,415,7374,47
2021-11-25,Los Angeles,037,10098052,1463624,1454495,56023,1510518,26817
2021-11-25,Madera,039,155013,24207,23880,2251,26131,296
2021-11-25,Marin,041,260295,18037,17857,499,18356,248
2021-11-25,Mariposa,043,17540,1414,1374,58,1432,6
2021-11-25,Mendocino,045,87422,8035,7871,652,8523,89
2021-11-25,Merced,047,269075,43272,42921,1943,44864,664
2021-11-25,Modoc,049,8938,589,551,202,753,5
2021-11-25,Mono,051,14174,1854,1810,22,1832,4
2021-11-25,Monterey,053,433212,49643,48400,3162,51562,625
2021-11-25,Napa,055,140530,13323,13256,120,13376,104
2021-11-25,Nevada,057,99092,9756,9584,343,9927,103
2021-11-25,Orange,059,3164182,313650,310809,15901,326710,5665
2021-11-25,Placer,061,380077,38514,38001,3851,41852,468
2021-11-25,Plumas,063,18699,1917,1860,44,1904,7
2021-11-25,Riverside,065,2383286,373417,367601,16765,384366,5306
2021-11-25,Sacramento,067,1510023,163797,162328,4922,167250,2335
2021-11-25,San Benito,069,59416,7631,7575,182,7757,77
2021-11-25,San Bernardino,071,2135413,364139,360033,11605,371638,5932
2021-11-25,San Diego,073,3302833,386143,382634,22280,404914,4319
2021-11-25,San Francisco,075,870044,54573,53830,2433,56263,669
2021-11-25,San Joaquin,077,732212,102356,101368,5638,107006,1833
2021-11-25,San Luis Obispo,079,281455,30504,29983,1300,31283,358
2021-11-25,San Mateo,081,765935,55579,54360,948,55308,577
2021-11-25,Santa Barbara,083,443738,45813,45318,1670,46988,548
2021-11-25,Santa Clara,085,1922200,151415,149700,1515,151215,1922
2021-11-25,Santa Cruz,087,273765,21252,20929,1034,21963,222
2021-11-25,Shasta,089,179085,22461,22151,3724,25875,396
2021-11-25,Sierra,091,2930,198,194,21,215,0
2021-11-25,Siskiyou,093,43540,3435,3336,1340,4676,54
2021-11-25,Solano,095,438530,46972,46163,1344,47507,356
2021-11-25,Sonoma,097,501317,42767,42368,554,42922,405
2021-11-25,Stanislaus,099,539301,81389,80782,9141,89923,1220
2021-11-25,Sutter,101,95872,14240,14127,381,14508,181
2021-11-25,Tehama,103,63373,8785,8675,1531,10206,129
2021-11-25,Trinity,105,12862,895,789,226,1015,17
2021-11-25,Tulare,107,460477,70691,69377,16024,85401,1082
2021-11-25,Tuolumne,109,53932,7620,7574,109,7683,90
2021-11-25,Ventura,111,848112,100070,99163,4409,103572,1188
2021-11-25,Yolo,113,214977,20376,20237,1233,21470,257
2021-11-25,Yuba,115,75493,10422,10335,371,10706,88
2021-11-24,Alameda,001,1643700,122630,121618,2935,124553,1477
2021-11-24,Alpine,003,1148,105,106,0,106,0
2021-11-24,Amador,005,37829,5720,5670,68,5738,66
2021-11-24,Butte,007,227075,21666,21384,3901,25285,309
2021-11-24,Calaveras,009,45235,4351,4294,62,4356,85
2021-11-24,Colusa,011,21464,2610,2568,671,3239,19
2021-11-24,Contra Costa,013,1133247,101765,100961,2303,103264,1045
2021-11-24,Del Norte,015,27424,3754,3661,56,3717,42
2021-11-24,El Dorado,017,186661,16664,16399,1758,18157,161
2021-11-24,Fresno,019,978130,145092,143386,12639,156025,2246
2021-11-24,Glenn,021,27897,3574,3532,1005,4537,36
2021-11-24,Humboldt,023,135768,9538,9399,655,10054,115
2021-11-24,Imperial,025,180216,35122,34611,3675,38286,769
2021-11-24,Inyo,027,18085,2539,2506,41,2547,45
2021-11-24,Kern,029,883053,132019,130245,23749,153994,1773
2021-11-24,Kings,031,150075,33324,32891,2031,34922,358
2021-11-24,Lake,033,64148,6904,6836,157,6993,110
2021-11-24,Lassen,035,31185,7044,6959,415,7374,47
2021-11-24,Los Angeles,037,10098052,1463139,1454495,55980,1510475,26817
2021-11-24,Madera,039,155013,24184,23880,2245,26125,296
2021-11-24,Marin,041,260295,18025,17857,497,18354,248
2021-11-24,Mariposa,043,17540,1414,1374,58,1432,6
2021-11-24,Mendocino,045,87422,8023,7871,652,8523,89
2021-11-24,Merced,047,269075,43240,42921,1940,44861,664
2021-11-24,Modoc,049,8938,589,551,202,753,5
2021-11-24,Mono,051,14174,1851,1810,22,1832,4
2021-11-24,Monterey,053,433212,49630,48400,3160,51560,625
2021-11-24,Napa,055,140530,13319,13256,120,13376,104
2021-11-24,Nevada,057,99092,9741,9584,343,9927,103
2021-11-24,Orange,059,3164182,313494,310809,15886,326695,5665
2021-11-24,Placer,061,380077,38481,38001,3849,41850,468
2021-11-24,Plumas,063,18699,1915,1860,44,1904,7
2021-11-24,Riverside,065,2383286,373237,367601,16759,384360,5306
2021-11-24,Sacramento,067,1510023,163725,162328,4922,167250,2335
2021-11-24,San Benito,069,59416,7629,7575,182,7757,77
2021-11-24,San Bernardino,071,2135413,363929,360033,11594,371627,5932
2021-11-24,San Diego,073,3302833,385888,382634,22267,404901,4319
2021-11-24,San Francisco,075,870044,54542,53830,2431,56261,669
2021-11-24,San Joaquin,077,732212,102315,101368,5635,107003,1833
2021-11-24,San Luis Obispo,079,281455,30485,29983,1300,31283,358
2021-11-24,San Mateo,081,765935,55550,54360,947,55307,577
2021-11-24,Santa Barbara,083,443738,45786,45318,1670,46988,548
2021-11-24,Santa Clara,085,1922200,151319,149700,1514,151214,1922
2021-11-24,Santa Cruz,087,273765,21228,20929,1033,21962,222
2021-11-24,Shasta,089,179085,22449,22151,3721,25872,396
2021-11-24,Sierra,091,2930,198,194,21,215,0
2021-11-24,Siskiyou,093,43540,3433,3336,1340,4676,54
2021-11-24,Solano,095,438530,46944,46163,1342,47505,356
2021-11-24,Sonoma,097,501317,42736,42368,552,42920,405
2021-11-24,Stanislaus,099,539301,81351,80782,9136,89918,1220
2021-11-24,Sutter,101,95872,14227,14127,379,14506,181
2021-11-24,Tehama,103,63373,8782,8675,1530,10205,129
2021-11-24,Trinity,105,12862,895,789,226,1015,17
2021-11-24,Tulare,107,460477,70666,69377,16005,85382,1082
2021-11-24,Tuolumne,109,53932,7616,7574,109,7683,90
2021-11-24,Ventura,111,848112,100035,99163,4405,103568,1188
2021-11-24,Yolo,113,214977,20368,20237,1232,21469,257
2021-11-24,Yuba,115,75493,10418,10335,370,10705,88
2021-11-23,Alameda,001,1643700,122514,121618,2927,124545,1477
2021-11-23,Alpine,003,1148,105,106,0,106,0
2021-11-23,Amador,005,37829,5713,5670,68,5738,66
2021-11-23,Butte,007,227075,21637,21384,3897,25281,309
2021-11-23,Calaveras,009,45235,4345,4294,61,4355,85
2021-11-23,Colusa,011,21464,2606,2568,669,3237,19
2021-11-23,Contra Costa,013,1133247,101657,100961,2301,103262,1045
2021-11-23,Del Norte,015,27424,3751,3661,56,3717,42
2021-11-23,El Dorado,017,186661,16632,16399,1755,18154,161
2021-11-23,Fresno,019,978130,144957,143386,12629,156015,2246
2021-11-23,Glenn,021,27897,3569,3532,1005,4537,36
2021-11-23,Humboldt,023,135768,9516,9399,652,10051,115
2021-11-23,Imperial,025,180216,35053,34611,3656,38267,769
2021-11-23,Inyo,027,18085,2535,2506,41,2547,45
2021-11-23,Kern,029,883053,131913,130245,23700,153945,1773
2021-11-23,Kings,031,150075,33283,32891,2030,34921,358
2021-11-23,Lake,033,64148,6899,6836,157,6993,110
2021-11-23,Lassen,035,31185,7040,6959,412,7371,47
2021-11-23,Los Angeles,037,10098052,1462126,1454495,55918,1510413,26817
2021-11-23,Madera,039,155013,24158,23880,2243,26123,296
2021-11-23,Marin,041,260295,17994,17857,493,18350,248
2021-11-23,Mariposa,043,17540,1411,1374,58,1432,6
2021-11-23,Mendocino,045,87422,8002,7871,649,8520,89
2021-11-23,Merced,047,269075,43202,42921,1939,44860,664
2021-11-23,Modoc,049,8938,587,551,202,753,5
2021-11-23,Mono,051,14174,1837,1810,22,1832,4
2021-11-23,Monterey,053,433212,49594,48400,3154,51554,625
2021-11-23,Napa,055,140530,13310,13256,120,13376,104
2021-11-23,Nevada,057,99092,9712,9584,342,9926,103
2021-11-23,Orange,059,3164182,313244,310809,15850,326659,5665
2021-11-23,Placer,061,380077,38422,38001,3832,41833,468
2021-11-23,Plumas,063,18699,1911,1860,44,1904,7
2021-11-23,Riverside,065,2383286,372854,367601,16746,384347,5306
2021-11-23,Sacramento,067,1510023,163540,162328,4911,167239,2335
2021-11-23,San Benito,069,59416,7621,7575,180,7755,77
2021-11-23,San Bernardino,071,2135413,363518,360033,11579,371612,5932
2021-11-23,San Diego,073,3302833,385399,382634,22244,404878,4319
2021-11-23,San Francisco,075,870044,54481,53830,2428,56258,669
2021-11-23,San Joaquin,077,732212,102206,101368,5624,106992,1833
2021-11-23,San Luis Obispo,079,281455,30450,29983,1297,31280,358
2021-11-23,San Mateo,081,765935,55500,54360,946,55306,577
2021-11-23,Santa Barbara,083,443738,45733,45318,1670,46988,548
2021-11-23,Santa Clara,085,1922200,151106,149700,1502,151202,1922
2021-11-23,Santa Cruz,087,273765,21190,20929,1033,21962,222
2021-11-23,Shasta,089,179085,22413,22151,3719,25870,396
2021-11-23,Sierra,091,2930,198,194,21,215,0
2021-11-23,Siskiyou,093,43540,3428,3336,1339,4675,54
2021-11-23,Solano,095,438530,46890,46163,1338,47501,356
2021-11-23,Sonoma,097,501317,42685,42368,549,42917,405
2021-11-23,Stanislaus,099,539301,81281,80782,9123,89905,1220
2021-11-23,Sutter,101,95872,14211,14127,378,14505,181
2021-11-23,Tehama,103,63373,8769,8675,1529,10204,129
2021-11-23,Trinity,105,12862,894,789,226,1015,17
2021-11-23,Tulare,107,460477,70619,69377,15975,85352,1082
2021-11-23,Tuolumne,109,53932,7604,7574,109,7683,90
2021-11-23,Ventura,111,848112,99952,99163,4399,103562,1188
2021-11-23,Yolo,113,214977,20347,20237,1224,21461,257
2021-11-23,Yuba,115,75493,10406,10335,370,10705,88
2021-11-22,Alameda,001,1643700,122401,121566,2924,124490,1475
2021-11-22,Alpine,003,1148,105,106,0,106,0
2021-11-22,Amador,005,37829,5700,5670,68,5738,66
2021-11-22,Butte,007,227075,21598,21363,3891,25254,305
2021-11-22,Calaveras,009,45235,4333,4294,61,4355,84
2021-11-22,Colusa,011,21464,2603,2565,669,3234,19
2021-11-22,Contra Costa,013,1133247,101569,100877,2296,103173,1045
2021-11-22,Del Norte,015,27424,3748,3659,56,3715,42
2021-11-22,El Dorado,017,186661,16609,16378,1752,18130,161
2021-11-22,Fresno,019,978130,144824,143290,12623,155913,2243
2021-11-22,Glenn,021,27897,3564,3530,1004,4534,36
2021-11-22,Humboldt,023,135768,9489,9389,647,10036,115
2021-11-22,Imperial,025,180216,34992,34562,3641,38203,766
2021-11-22,Inyo,027,18085,2529,2501,41,2542,44
2021-11-22,Kern,029,883053,131751,130091,23649,153740,1762
2021-11-22,Kings,031,150075,33247,32867,2025,34892,358
2021-11-22,Lake,033,64148,6894,6837,157,6994,110
2021-11-22,Lassen,035,31185,7039,6954,411,7365,47
2021-11-22,Los Angeles,037,10098052,1461058,1453945,55840,1509785,26800
2021-11-22,Madera,039,155013,24124,23872,2236,26108,296
2021-11-22,Marin,041,260295,17963,17842,491,18333,248
2021-11-22,Mariposa,043,17540,1407,1372,58,1430,6
2021-11-22,Mendocino,045,87422,7986,7859,648,8507,89
2021-11-22,Merced,047,269075,43151,42898,1928,44826,660
2021-11-22,Modoc,049,8938,586,551,202,753,5
2021-11-22,Mono,051,14174,1828,1809,22,1831,4
2021-11-22,Monterey,053,433212,49567,48374,3150,51524,611
2021-11-22,Napa,055,140530,13302,13255,119,13374,104
2021-11-22,Nevada,057,99092,9694,9575,340,9915,96
2021-11-22,Orange,059,3164182,313004,310654,15824,326478,5663
2021-11-22,Placer,061,380077,38377,37956,3824,41780,465
2021-11-22,Plumas,063,18699,1908,1858,44,1902,7
2021-11-22,Riverside,065,2383286,372418,367301,16736,384037,5283
2021-11-22,Sacramento,067,1510023,163347,162222,4902,167124,2328
2021-11-22,San Benito,069,59416,7601,7567,180,7747,77
2021-11-22,San Bernardino,071,2135413,363108,359851,11569,371420,5916
2021-11-22,San Diego,073,3302833,384904,382132,22220,404352,4317
2021-11-22,San Francisco,075,870044,54389,53778,2422,56200,669
2021-11-22,San Joaquin,077,732212,102081,101299,5619,106918,1833
2021-11-22,San Luis Obispo,079,281455,30423,29963,1296,31259,358
2021-11-22,San Mateo,081,765935,55443,54330,944,55274,577
2021-11-22,Santa Barbara,083,443738,45657,45279,1670,46949,546
2021-11-22,Santa Clara,085,1922200,150921,149541,1492,151033,1919
2021-11-22,Santa Cruz,087,273765,21149,20891,1033,21924,222
2021-11-22,Shasta,089,179085,22399,22116,3714,25830,393
2021-11-22,Sierra,091,2930,198,193,21,214,0
2021-11-22,Siskiyou,093,43540,3423,3336,1337,4673,54
2021-11-22,Solano,095,438530,46842,46153,1336,47489,356
2021-11-22,Sonoma,097,501317,42624,42344,548,42892,404
2021-11-22,Stanislaus,099,539301,81191,80718,9113,89831,1209
2021-11-22,Sutter,101,95872,14195,14125,376,14501,181
2021-11-22,Tehama,103,63373,8762,8669,1524,10193,127
2021-11-22,Trinity,105,12862,893,785,226,1011,17
2021-11-22,Tulare,107,460477,70554,69314,15939,85253,1075
2021-11-22,Tuolumne,109,53932,7589,7567,109,7676,90
2021-11-22,Ventura,111,848112,99886,99114,4396,103510,1186
2021-11-22,Yolo,113,214977,20324,20227,1222,21449,257
2021-11-22,Yuba,115,75493,10397,10332,369,10701,88
2021-11-21,Alameda,001,1643700,122273,121443,2920,124363,1475
2021-11-21,Alpine,003,1148,103,106,0,106,0
2021-11-21,Amador,005,37829,5695,5662,67,5729,66
2021-11-21,Butte,007,227075,21557,21342,3886,25228,306
2021-11-21,Calaveras,009,45235,4324,4287,61,4348,84
2021-11-21,Colusa,011,21464,2599,2562,668,3230,19
2021-11-21,Contra Costa,013,1133247,101466,100807,2290,103097,1045
2021-11-21,Del Norte,015,27424,3744,3659,56,3715,42
2021-11-21,El Dorado,017,186661,16582,16370,1746,18116,161
2021-11-21,Fresno,019,978130,144657,143203,12608,155811,2242
2021-11-21,Glenn,021,27897,3560,3529,1004,4533,36
2021-11-21,Humboldt,023,135768,9467,9378,646,10024,115
2021-11-21,Imperial,025,180216,34904,34527,3630,38157,766
2021-11-21,Inyo,027,18085,2522,2501,41,2542,44
2021-11-21,Kern,029,883053,131587,130020,23603,153623,1762
2021-11-21,Kings,031,150075,33210,32843,2021,34864,356
2021-11-21,Lake,033,64148,6887,6834,157,6991,110
2021-11-21,Lassen,035,31185,7030,6953,411,7364,47
2021-11-21,Los Angeles,037,10098052,1459990,1453181,55792,1508973,26793
2021-11-21,Madera,039,155013,24098,23856,2231,26087,296
2021-11-21,Marin,041,260295,17934,17829,488,18317,248
2021-11-21,Mariposa,043,17540,1406,1371,57,1428,6
2021-11-21,Mendocino,045,87422,7980,7846,645,8491,89
2021-11-21,Merced,047,269075,43096,42881,1924,44805,660
2021-11-21,Modoc,049,8938,582,551,202,753,5
2021-11-21,Mono,051,14174,1818,1799,21,1820,4
2021-11-21,Monterey,053,433212,49521,48358,3141,51499,611
2021-11-21,Napa,055,140530,13289,13250,119,13369,104
2021-11-21,Nevada,057,99092,9667,9556,339,9895,96
2021-11-21,Orange,059,3164182,312746,310477,15791,326268,5663
2021-11-21,Placer,061,380077,38295,37929,3823,41752,465
2021-11-21,Plumas,063,18699,1907,1858,44,1902,7
2021-11-21,Riverside,065,2383286,371930,367093,16728,383821,5283
2021-11-21,Sacramento,067,1510023,163127,162087,4892,166979,2327
2021-11-21,San Benito,069,59416,7587,7563,179,7742,77
2021-11-21,San Bernardino,071,2135413,362624,359621,11534,371155,5912
2021-11-21,San Diego,073,3302833,384366,380747,22195,402942,4317
2021-11-21,San Francisco,075,870044,54320,53741,2417,56158,669
2021-11-21,San Joaquin,077,732212,101976,101264,5606,106870,1833
2021-11-21,San Luis Obispo,079,281455,30385,29948,1296,31244,358
2021-11-21,San Mateo,081,765935,55390,54290,942,55232,577
2021-11-21,Santa Barbara,083,443738,45596,45237,1667,46904,546
2021-11-21,Santa Clara,085,1922200,150715,149387,1472,150859,1918
2021-11-21,Santa Cruz,087,273765,21105,20866,1031,21897,222
2021-11-21,Shasta,089,179085,22368,22112,3712,25824,393
2021-11-21,Sierra,091,2930,198,193,21,214,0
2021-11-21,Siskiyou,093,43540,3418,3333,1336,4669,54
2021-11-21,Solano,095,438530,46786,46122,1329,47451,356
2021-11-21,Sonoma,097,501317,42564,42298,547,42845,404
2021-11-21,Stanislaus,099,539301,81093,80687,9100,89787,1209
2021-11-21,Sutter,101,95872,14181,14111,376,14487,181
2021-11-21,Tehama,103,63373,8756,8669,1523,10192,127
2021-11-21,Trinity,105,12862,891,784,224,1008,17
2021-11-21,Tulare,107,460477,70470,69285,15901,85186,1075
2021-11-21,Tuolumne,109,53932,7581,7560,108,7668,90
2021-11-21,Ventura,111,848112,99795,99081,4392,103473,1186
2021-11-21,Yolo,113,214977,20296,20209,1219,21428,257
2021-11-21,Yuba,115,75493,10388,10326,369,10695,88
2021-11-20,Alameda,001,1643700,122179,121059,2914,123973,1473
2021-11-20,Alpine,003,1148,103,105,0,105,0
2021-11-20,Amador,005,37829,5689,5652,66,5718,66
2021-11-20,Butte,007,227075,21541,21265,3882,25147,300
2021-11-20,Calaveras,009,45235,4315,4268,61,4329,84
2021-11-20,Colusa,011,21464,2598,2549,667,3216,19
2021-11-20,Contra Costa,013,1133247,101388,100491,2286,102777,1043
2021-11-20,Del Norte,015,27424,3741,3637,56,3693,42
2021-11-20,El Dorado,017,186661,16560,16308,1744,18052,161
2021-11-20,Fresno,019,978130,144586,142579,12601,155180,2233
2021-11-20,Glenn,021,27897,3559,3526,1003,4529,35
2021-11-20,Humboldt,023,135768,9454,9302,644,9946,115
2021-11-20,Imperial,025,180216,34852,34312,3624,37936,766
2021-11-20,Inyo,027,18085,2521,2467,41,2508,44
2021-11-20,Kern,029,883053,131487,129488,23566,153054,1750
2021-11-20,Kings,031,150075,33200,32720,2021,34741,354
2021-11-20,Lake,033,64148,6884,6808,157,6965,110
2021-11-20,Lassen,035,31185,7029,6931,411,7342,47
2021-11-20,Los Angeles,037,10098052,1459376,1448963,55746,1504709,26741
2021-11-20,Madera,039,155013,24086,23720,2228,25948,296
2021-11-20,Marin,041,260295,17919,17774,488,18262,248
2021-11-20,Mariposa,043,17540,1405,1354,57,1411,6
2021-11-20,Mendocino,045,87422,7972,7773,645,8418,89
2021-11-20,Merced,047,269075,43071,42692,1924,44616,656
2021-11-20,Modoc,049,8938,581,550,202,752,5
2021-11-20,Mono,051,14174,1816,1767,21,1788,4
2021-11-20,Monterey,053,433212,49508,48260,3133,51393,609
2021-11-20,Napa,055,140530,13286,13184,119,13303,103
2021-11-20,Nevada,057,99092,9651,9480,339,9819,92
2021-11-20,Orange,059,3164182,312548,309672,15774,325446,5658
2021-11-20,Placer,061,380077,38255,37800,3818,41618,462
2021-11-20,Plumas,063,18699,1903,1841,44,1885,7
2021-11-20,Riverside,065,2383286,371658,365809,16716,382525,5265
2021-11-20,Sacramento,067,1510023,163023,161533,4888,166421,2316
2021-11-20,San Benito,069,59416,7583,7533,179,7712,77
2021-11-20,San Bernardino,071,2135413,362356,358322,11523,369845,5897
2021-11-20,San Diego,073,3302833,384033,380147,22169,402316,4311
2021-11-20,San Francisco,075,870044,54282,53525,2416,55941,669
2021-11-20,San Joaquin,077,732212,101926,100922,5601,106523,1832
2021-11-20,San Luis Obispo,079,281455,30370,29815,1295,31110,355
2021-11-20,San Mateo,081,765935,55356,54132,941,55073,577
2021-11-20,Santa Barbara,083,443738,45564,45074,1667,46741,544
2021-11-20,Santa Clara,085,1922200,150609,148829,1471,150300,1917
2021-11-20,Santa Cruz,087,273765,21087,20756,1031,21787,222
2021-11-20,Shasta,089,179085,22344,21968,3711,25679,383
2021-11-20,Sierra,091,2930,198,191,21,212,0
2021-11-20,Siskiyou,093,43540,3415,3313,1336,4649,54
2021-11-20,Solano,095,438530,46765,46006,1329,47335,356
2021-11-20,Sonoma,097,501317,42533,42151,547,42698,403
2021-11-20,Stanislaus,099,539301,81046,80412,9096,89508,1205
2021-11-20,Sutter,101,95872,14173,14074,376,14450,181
2021-11-20,Tehama,103,63373,8751,8648,1523,10171,125
2021-11-20,Trinity,105,12862,887,771,224,995,17
2021-11-20,Tulare,107,460477,70432,69074,15880,84954,1054
2021-11-20,Tuolumne,109,53932,7572,7511,108,7619,90
2021-11-20,Ventura,111,848112,99746,98893,4385,103278,1186
2021-11-20,Yolo,113,214977,20289,20139,1215,21354,257
2021-11-20,Yuba,115,75493,10382,10290,368,10658,88
2021-11-19,Alameda,001,1643700,122105,121059,2911,123970,1473
2021-11-19,Alpine,003,1148,103,105,0,105,0
2021-11-19,Amador,005,37829,5679,5652,66,5718,66
2021-11-19,Butte,007,227075,21518,21265,3875,25140,300
2021-11-19,Calaveras,009,45235,4308,4268,61,4329,84
2021-11-19,Colusa,011,21464,2596,2549,666,3215,19
2021-11-19,Contra Costa,013,1133247,101332,100491,2281,102772,1043
2021-11-19,Del Norte,015,27424,3736,3637,56,3693,42
2021-11-19,El Dorado,017,186661,16539,16308,1742,18050,161
2021-11-19,Fresno,019,978130,144470,142579,12597,155176,2233
2021-11-19,Glenn,021,27897,3558,3526,1002,4528,35
2021-11-19,Humboldt,023,135768,9441,9302,641,9943,115
2021-11-19,Imperial,025,180216,34814,34312,3617,37929,766
2021-11-19,Inyo,027,18085,2517,2467,41,2508,44
2021-11-19,Kern,029,883053,131383,129488,23523,153011,1750
2021-11-19,Kings,031,150075,33174,32720,2019,34739,354
2021-11-19,Lake,033,64148,6881,6808,157,6965,110
2021-11-19,Lassen,035,31185,7025,6931,410,7341,47
2021-11-19,Los Angeles,037,10098052,1458694,1448963,55691,1504654,26741
2021-11-19,Madera,039,155013,24065,23720,2224,25944,296
2021-11-19,Marin,041,260295,17900,17774,486,18260,248
2021-11-19,Mariposa,043,17540,1403,1354,57,1411,6
2021-11-19,Mendocino,045,87422,7952,7773,645,8418,89
2021-11-19,Merced,047,269075,43045,42692,1923,44615,656
2021-11-19,Modoc,049,8938,580,550,202,752,5
2021-11-19,Mono,051,14174,1807,1767,21,1788,4
2021-11-19,Monterey,053,433212,49486,48260,3133,51393,609
2021-11-19,Napa,055,140530,13276,13184,118,13302,103
2021-11-19,Nevada,057,99092,9638,9480,339,9819,92
2021-11-19,Orange,059,3164182,312395,309672,15749,325421,5658
2021-11-19,Placer,061,380077,38218,37800,3814,41614,462
2021-11-19,Plumas,063,18699,1899,1841,44,1885,7
2021-11-19,Riverside,065,2383286,371384,365809,16712,382521,5265
2021-11-19,Sacramento,067,1510023,162899,161533,4884,166417,2316
2021-11-19,San Benito,069,59416,7577,7533,177,7710,77
2021-11-19,San Bernardino,071,2135413,362039,358322,11514,369836,5897
2021-11-19,San Diego,073,3302833,383633,380147,22142,402289,4311
2021-11-19,San Francisco,075,870044,54244,53525,2416,55941,669
2021-11-19,San Joaquin,077,732212,101868,100922,5597,106519,1832
2021-11-19,San Luis Obispo,079,281455,30352,29815,1293,31108,355
2021-11-19,San Mateo,081,765935,55307,54132,937,55069,577
2021-11-19,Santa Barbara,083,443738,45527,45074,1667,46741,544
2021-11-19,Santa Clara,085,1922200,150461,148829,1468,150297,1917
2021-11-19,Santa Cruz,087,273765,21060,20756,1028,21784,222
2021-11-19,Shasta,089,179085,22332,21968,3710,25678,383
2021-11-19,Sierra,091,2930,198,191,21,212,0
2021-11-19,Siskiyou,093,43540,3412,3313,1336,4649,54
2021-11-19,Solano,095,438530,46735,46006,1325,47331,356
2021-11-19,Sonoma,097,501317,42500,42151,544,42695,403
2021-11-19,Stanislaus,099,539301,80987,80412,9086,89498,1205
2021-11-19,Sutter,101,95872,14171,14074,376,14450,181
2021-11-19,Tehama,103,63373,8748,8648,1523,10171,125
2021-11-19,Trinity,105,12862,885,771,224,995,17
2021-11-19,Tulare,107,460477,70392,69074,15852,84926,1054
2021-11-19,Tuolumne,109,53932,7561,7511,108,7619,90
2021-11-19,Ventura,111,848112,99681,98893,4381,103274,1186
2021-11-19,Yolo,113,214977,20280,20139,1212,21351,257
2021-11-19,Yuba,115,75493,10379,10290,368,10658,88
2021-11-18,Alameda,001,1643700,121981,121059,2904,123963,1473
2021-11-18,Alpine,003,1148,103,105,0,105,0
2021-11-18,Amador,005,37829,5677,5652,66,5718,66
2021-11-18,Butte,007,227075,21501,21265,3868,25133,300
2021-11-18,Calaveras,009,45235,4301,4268,60,4328,84
2021-11-18,Colusa,011,21464,2588,2549,666,3215,19
2021-11-18,Contra Costa,013,1133247,101230,100491,2273,102764,1043
2021-11-18,Del Norte,015,27424,3733,3637,56,3693,42
2021-11-18,El Dorado,017,186661,16520,16308,1739,18047,161
2021-11-18,Fresno,019,978130,144330,142579,12588,155167,2233
2021-11-18,Glenn,021,27897,3557,3526,1001,4527,35
2021-11-18,Humboldt,023,135768,9425,9302,636,9938,115
2021-11-18,Imperial,025,180216,34760,34312,3601,37913,766
2021-11-18,Inyo,027,18085,2509,2467,41,2508,44
2021-11-18,Kern,029,883053,131239,129488,23475,152963,1750
2021-11-18,Kings,031,150075,33137,32720,2016,34736,354
2021-11-18,Lake,033,64148,6876,6808,157,6965,110
2021-11-18,Lassen,035,31185,7022,6931,405,7336,47
2021-11-18,Los Angeles,037,10098052,1457711,1448963,55627,1504590,26741
2021-11-18,Madera,039,155013,24040,23720,2221,25941,296
2021-11-18,Marin,041,260295,17883,17774,482,18256,248
2021-11-18,Mariposa,043,17540,1400,1354,57,1411,6
2021-11-18,Mendocino,045,87422,7930,7773,636,8409,89
2021-11-18,Merced,047,269075,42989,42692,1921,44613,656
2021-11-18,Modoc,049,8938,569,550,202,752,5
2021-11-18,Mono,051,14174,1799,1767,21,1788,4
2021-11-18,Monterey,053,433212,49461,48260,3128,51388,609
2021-11-18,Napa,055,140530,13264,13184,117,13301,103
2021-11-18,Nevada,057,99092,9614,9480,339,9819,92
2021-11-18,Orange,059,3164182,312159,309672,15730,325402,5658
2021-11-18,Placer,061,380077,38175,37800,3803,41603,462
2021-11-18,Plumas,063,18699,1898,1841,44,1885,7
2021-11-18,Riverside,065,2383286,371013,365809,16699,382508,5265
2021-11-18,Sacramento,067,1510023,162671,161533,4869,166402,2316
2021-11-18,San Benito,069,59416,7567,7533,177,7710,77
2021-11-18,San Bernardino,071,2135413,361607,358322,11495,369817,5897
2021-11-18,San Diego,073,3302833,383127,380147,22126,402273,4311
2021-11-18,San Francisco,075,870044,54192,53525,2412,55937,669
2021-11-18,San Joaquin,077,732212,101776,100922,5588,106510,1832
2021-11-18,San Luis Obispo,079,281455,30322,29815,1292,31107,355
2021-11-18,San Mateo,081,765935,55249,54132,934,55066,577
2021-11-18,Santa Barbara,083,443738,45481,45074,1660,46734,544
2021-11-18,Santa Clara,085,1922200,150274,148829,1460,150289,1917
2021-11-18,Santa Cruz,087,273765,21009,20756,1027,21783,222
2021-11-18,Shasta,089,179085,22296,21968,3705,25673,383
2021-11-18,Sierra,091,2930,197,191,21,212,0
2021-11-18,Siskiyou,093,43540,3412,3313,1332,4645,54
2021-11-18,Solano,095,438530,46693,46006,1322,47328,356
2021-11-18,Sonoma,097,501317,42452,42151,542,42693,403
2021-11-18,Stanislaus,099,539301,80920,80412,9079,89491,1205
2021-11-18,Sutter,101,95872,14160,14074,375,14449,181
2021-11-18,Tehama,103,63373,8743,8648,1523,10171,125
2021-11-18,Trinity,105,12862,884,771,224,995,17
2021-11-18,Tulare,107,460477,70319,69074,15804,84878,1054
2021-11-18,Tuolumne,109,53932,7551,7511,108,7619,90
2021-11-18,Ventura,111,848112,99603,98893,4377,103270,1186
2021-11-18,Yolo,113,214977,20263,20139,1207,21346,257
2021-11-18,Yuba,115,75493,10373,10290,368,10658,88
2021-11-17,Alameda,001,1643700,121856,120913,2903,123816,1472
2021-11-17,Alpine,003,1148,103,105,0,105,0
2021-11-17,Amador,005,37829,5670,5646,66,5712,66
2021-11-17,Butte,007,227075,21475,21230,3865,25095,300
2021-11-17,Calaveras,009,45235,4294,4259,60,4319,84
2021-11-17,Colusa,011,21464,2585,2546,665,3211,19
2021-11-17,Contra Costa,013,1133247,101138,100387,2269,102656,1039
2021-11-17,Del Norte,015,27424,3730,3630,56,3686,42
2021-11-17,El Dorado,017,186661,16501,16269,1738,18007,161
2021-11-17,Fresno,019,978130,144149,142366,12576,154942,2230
2021-11-17,Glenn,021,27897,3555,3527,1000,4527,34
2021-11-17,Humboldt,023,135768,9414,9270,633,9903,115
2021-11-17,Imperial,025,180216,34704,34256,3580,37836,766
2021-11-17,Inyo,027,18085,2503,2457,41,2498,44
2021-11-17,Kern,029,883053,131067,129307,23432,152739,1743
2021-11-17,Kings,031,150075,33109,32669,2012,34681,352
2021-11-17,Lake,033,64148,6872,6795,156,6951,110
2021-11-17,Lassen,035,31185,7020,6918,405,7323,47
2021-11-17,Los Angeles,037,10098052,1456610,1447947,55561,1503508,26721
2021-11-17,Madera,039,155013,24006,23673,2220,25893,287
2021-11-17,Marin,041,260295,17864,17757,480,18237,248
2021-11-17,Mariposa,043,17540,1396,1353,57,1410,6
2021-11-17,Mendocino,045,87422,7922,7735,635,8370,89
2021-11-17,Merced,047,269075,42928,42612,1918,44530,654
2021-11-17,Modoc,049,8938,565,540,202,742,5
2021-11-17,Mono,051,14174,1795,1765,21,1786,5
2021-11-17,Monterey,053,433212,49413,48221,3117,51338,609
2021-11-17,Napa,055,140530,13240,13167,117,13284,103
2021-11-17,Nevada,057,99092,9601,9447,339,9786,92
2021-11-17,Orange,059,3164182,311913,309396,15696,325092,5651
2021-11-17,Placer,061,380077,38127,37725,3794,41519,460
2021-11-17,Plumas,063,18699,1894,1833,44,1877,7
2021-11-17,Riverside,065,2383286,370602,365406,16686,382092,5229
2021-11-17,Sacramento,067,1510023,162500,161269,4861,166130,2302
2021-11-17,San Benito,069,59416,7560,7524,177,7701,77
2021-11-17,San Bernardino,071,2135413,361250,357947,11479,369426,5893
2021-11-17,San Diego,073,3302833,382628,379769,22100,401869,4301
2021-11-17,San Francisco,075,870044,54137,53469,2409,55878,667
2021-11-17,San Joaquin,077,732212,101674,100764,5583,106347,1828
2021-11-17,San Luis Obispo,079,281455,30296,29731,1289,31020,354
2021-11-17,San Mateo,081,765935,55181,54092,931,55023,577
2021-11-17,Santa Barbara,083,443738,45443,45000,1660,46660,542
2021-11-17,Santa Clara,085,1922200,150110,148626,1452,150078,1915
2021-11-17,Santa Cruz,087,273765,20974,20700,1027,21727,222
2021-11-17,Shasta,089,179085,22263,21883,3703,25586,382
2021-11-17,Sierra,091,2930,196,189,21,210,0
2021-11-17,Siskiyou,093,43540,3408,3307,1329,4636,54
2021-11-17,Solano,095,438530,46660,45948,1321,47269,353
2021-11-17,Sonoma,097,501317,42406,42093,539,42632,403
2021-11-17,Stanislaus,099,539301,80830,80276,9069,89345,1199
2021-11-17,Sutter,101,95872,14146,14064,373,14437,181
2021-11-17,Tehama,103,63373,8733,8633,1520,10153,125
2021-11-17,Trinity,105,12862,883,765,224,989,17
2021-11-17,Tulare,107,460477,70248,68977,15778,84755,1047
2021-11-17,Tuolumne,109,53932,7534,7485,108,7593,90
2021-11-17,Ventura,111,848112,99542,98812,4371,103183,1183
2021-11-17,Yolo,113,214977,20244,20100,1204,21304,257
2021-11-17,Yuba,115,75493,10361,10275,364,10639,88
2021-11-16,Alameda,001,1643700,121746,120809,2899,123708,1467
2021-11-16,Alpine,003,1148,103,105,0,105,0
2021-11-16,Amador,005,37829,5664,5644,66,5710,66
2021-11-16,Butte,007,227075,21450,21208,3860,25068,297
2021-11-16,Calaveras,009,45235,4285,4249,60,4309,83
2021-11-16,Colusa,011,21464,2579,2538,665,3203,19
2021-11-16,Contra Costa,013,1133247,101014,100320,2266,102586,1038
2021-11-16,Del Norte,015,27424,3724,3630,56,3686,42
2021-11-16,El Dorado,017,186661,16475,16248,1736,17984,159
2021-11-16,Fresno,019,978130,143962,142200,12560,154760,2218
2021-11-16,Glenn,021,27897,3554,3527,997,4524,34
2021-11-16,Humboldt,023,135768,9393,9252,629,9881,115
2021-11-16,Imperial,025,180216,34620,34177,3568,37745,766
2021-11-16,Inyo,027,18085,2496,2449,41,2490,42
2021-11-16,Kern,029,883053,130910,129136,23370,152506,1735
2021-11-16,Kings,031,150075,33058,32614,2005,34619,350
2021-11-16,Lake,033,64148,6867,6789,156,6945,110
2021-11-16,Lassen,035,31185,7010,6915,405,7320,47
2021-11-16,Los Angeles,037,10098052,1455446,1446815,55489,1502304,26703
2021-11-16,Madera,039,155013,23969,23642,2214,25856,287
2021-11-16,Marin,041,260295,17845,17736,479,18215,248
2021-11-16,Mariposa,043,17540,1388,1349,56,1405,6
2021-11-16,Mendocino,045,87422,7880,7723,631,8354,89
2021-11-16,Merced,047,269075,42891,42578,1911,44489,653
2021-11-16,Modoc,049,8938,564,539,201,740,5
2021-11-16,Mono,051,14174,1786,1767,21,1788,4
2021-11-16,Monterey,053,433212,49383,48195,3103,51298,609
2021-11-16,Napa,055,140530,13229,13151,117,13268,103
2021-11-16,Nevada,057,99092,9584,9435,338,9773,92
2021-11-16,Orange,059,3164182,311645,309170,15662,324832,5651
2021-11-16,Placer,061,380077,38085,37676,3788,41464,459
2021-11-16,Plumas,063,18699,1887,1832,44,1876,7
2021-11-16,Riverside,065,2383286,370181,365078,16664,381742,5208
2021-11-16,Sacramento,067,1510023,162321,161102,4848,165950,2299
2021-11-16,San Benito,069,59416,7547,7513,177,7690,77
2021-11-16,San Bernardino,071,2135413,360838,357528,11427,368955,5901
2021-11-16,San Diego,073,3302833,382070,379435,22073,401508,4287
2021-11-16,San Francisco,075,870044,54064,53415,2402,55817,667
2021-11-16,San Joaquin,077,732212,101534,100637,5567,106204,1807
2021-11-16,San Luis Obispo,079,281455,30265,29703,1286,30989,356
2021-11-16,San Mateo,081,765935,55118,54034,929,54963,577
2021-11-16,Santa Barbara,083,443738,45375,44932,1657,46589,539
2021-11-16,Santa Clara,085,1922200,149930,148452,1440,149892,1916
2021-11-16,Santa Cruz,087,273765,20929,20684,1025,21709,222
2021-11-16,Shasta,089,179085,22224,21853,3699,25552,379
2021-11-16,Sierra,091,2930,196,189,21,210,0
2021-11-16,Siskiyou,093,43540,3405,3304,1327,4631,54
2021-11-16,Solano,095,438530,46620,45908,1320,47228,351
2021-11-16,Sonoma,097,501317,42357,42056,538,42594,401
2021-11-16,Stanislaus,099,539301,80732,80214,9045,89259,1196
2021-11-16,Sutter,101,95872,14134,14058,372,14430,181
2021-11-16,Tehama,103,63373,8726,8621,1513,10134,125
2021-11-16,Trinity,105,12862,883,762,223,985,17
2021-11-16,Tulare,107,460477,70167,68881,15743,84624,1039
2021-11-16,Tuolumne,109,53932,7524,7478,108,7586,90
2021-11-16,Ventura,111,848112,99467,98731,4368,103099,1183
2021-11-16,Yolo,113,214977,20206,20077,1202,21279,257
2021-11-16,Yuba,115,75493,10353,10262,362,10624,85
2021-11-15,Alameda,001,1643700,121591,120731,2894,123625,1464
2021-11-15,Alpine,003,1148,103,105,0,105,0
2021-11-15,Amador,005,37829,5660,5637,66,5703,66
2021-11-15,Butte,007,227075,21424,21182,3856,25038,296
2021-11-15,Calaveras,009,45235,4271,4237,60,4297,83
2021-11-15,Colusa,011,21464,2572,2535,662,3197,19
2021-11-15,Contra Costa,013,1133247,100908,100251,2263,102514,1038
2021-11-15,Del Norte,015,27424,3719,3630,55,3685,42
2021-11-15,El Dorado,017,186661,16451,16236,1732,17968,159
2021-11-15,Fresno,019,978130,143738,142015,12542,154557,2210
2021-11-15,Glenn,021,27897,3552,3526,997,4523,34
2021-11-15,Humboldt,023,135768,9370,9230,621,9851,115
2021-11-15,Imperial,025,180216,34547,34130,3552,37682,766
2021-11-15,Inyo,027,18085,2491,2442,41,2483,42
2021-11-15,Kern,029,883053,130702,128928,23299,152227,1730
2021-11-15,Kings,031,150075,33024,32584,2000,34584,348
2021-11-15,Lake,033,64148,6863,6784,156,6940,109
2021-11-15,Lassen,035,31185,7000,6915,403,7318,47
2021-11-15,Los Angeles,037,10098052,1454261,1446114,55423,1501537,26677
2021-11-15,Madera,039,155013,23930,23605,2203,25808,287
2021-11-15,Marin,041,260295,17828,17723,478,18201,248
2021-11-15,Mariposa,043,17540,1387,1347,54,1401,6
2021-11-15,Mendocino,045,87422,7860,7694,625,8319,89
2021-11-15,Merced,047,269075,42832,42552,1901,44453,648
2021-11-15,Modoc,049,8938,563,538,201,739,5
2021-11-15,Mono,051,14174,1781,1763,21,1784,4
2021-11-15,Monterey,053,433212,49351,48154,3097,51251,609
2021-11-15,Napa,055,140530,13221,13143,117,13260,103
2021-11-15,Nevada,057,99092,9555,9420,337,9757,92
2021-11-15,Orange,059,3164182,311369,308859,15638,324497,5646
2021-11-15,Placer,061,380077,38021,37610,3784,41394,452
2021-11-15,Plumas,063,18699,1881,1829,44,1873,7
2021-11-15,Riverside,065,2383286,369735,364750,16645,381395,5199
2021-11-15,Sacramento,067,1510023,162100,160937,4835,165772,2293
2021-11-15,San Benito,069,59416,7542,7511,176,7687,77
2021-11-15,San Bernardino,071,2135413,360423,357306,11407,368713,5898
2021-11-15,San Diego,073,3302833,381520,378845,22048,400893,4284
2021-11-15,San Francisco,075,870044,53996,53374,2399,55773,667
2021-11-15,San Joaquin,077,732212,101380,100587,5556,106143,1799
2021-11-15,San Luis Obispo,079,281455,30222,29669,1274,30943,351
2021-11-15,San Mateo,081,765935,55065,54010,926,54936,576
2021-11-15,Santa Barbara,083,443738,45319,44879,1651,46530,539
2021-11-15,Santa Clara,085,1922200,149712,148313,1433,149746,1914
2021-11-15,Santa Cruz,087,273765,20887,20630,1024,21654,223
2021-11-15,Shasta,089,179085,22178,21779,3694,25473,374
2021-11-15,Sierra,091,2930,196,189,21,210,0
2021-11-15,Siskiyou,093,43540,3398,3302,1325,4627,54
2021-11-15,Solano,095,438530,46581,45885,1315,47200,351
2021-11-15,Sonoma,097,501317,42306,42021,537,42558,401
2021-11-15,Stanislaus,099,539301,80645,80129,9031,89160,1174
2021-11-15,Sutter,101,95872,14121,14043,371,14414,181
2021-11-15,Tehama,103,63373,8721,8615,1512,10127,125
2021-11-15,Trinity,105,12862,881,757,221,978,17
2021-11-15,Tulare,107,460477,70080,68826,15698,84524,1039
2021-11-15,Tuolumne,109,53932,7513,7461,108,7569,90
2021-11-15,Ventura,111,848112,99383,98605,4363,102968,1183
2021-11-15,Yolo,113,214977,20176,20065,1197,21262,255
2021-11-15,Yuba,115,75493,10334,10254,358,10612,85
2021-11-14,Alameda,001,1643700,121416,120629,2890,123519,1461
2021-11-14,Alpine,003,1148,102,105,0,105,0
2021-11-14,Amador,005,37829,5653,5632,65,5697,66
2021-11-14,Butte,007,227075,21394,21146,3847,24993,296
2021-11-14,Calaveras,009,45235,4260,4222,60,4282,83
2021-11-14,Colusa,011,21464,2570,2532,659,3191,19
2021-11-14,Contra Costa,013,1133247,100799,100188,2261,102449,1038
2021-11-14,Del Norte,015,27424,3716,3629,55,3684,42
2021-11-14,El Dorado,017,186661,16410,16212,1727,17939,159
2021-11-14,Fresno,019,978130,143456,141869,12511,154380,2209
2021-11-14,Glenn,021,27897,3550,3521,997,4518,34
2021-11-14,Humboldt,023,135768,9340,9215,611,9826,115
2021-11-14,Imperial,025,180216,34443,34078,3537,37615,766
2021-11-14,Inyo,027,18085,2479,2441,41,2482,42
2021-11-14,Kern,029,883053,130462,128842,23229,152071,1730
2021-11-14,Kings,031,150075,32967,32545,1993,34538,349
2021-11-14,Lake,033,64148,6855,6777,156,6933,109
2021-11-14,Lassen,035,31185,6990,6911,402,7313,47
2021-11-14,Los Angeles,037,10098052,1452902,1445284,55347,1500631,26667
2021-11-14,Madera,039,155013,23880,23566,2194,25760,287
2021-11-14,Marin,041,260295,17813,17712,478,18190,247
2021-11-14,Mariposa,043,17540,1377,1337,50,1387,6
2021-11-14,Mendocino,045,87422,7827,7684,621,8305,89
2021-11-14,Merced,047,269075,42742,42513,1895,44408,648
2021-11-14,Modoc,049,8938,561,538,201,739,5
2021-11-14,Mono,051,14174,1769,1760,21,1781,4
2021-11-14,Monterey,053,433212,49296,48135,3080,51215,609
2021-11-14,Napa,055,140530,13203,13132,117,13249,103
2021-11-14,Nevada,057,99092,9527,9408,337,9745,92
2021-11-14,Orange,059,3164182,311053,308699,15617,324316,5646
2021-11-14,Placer,061,380077,37940,37569,3774,41343,452
2021-11-14,Plumas,063,18699,1878,1829,43,1872,7
2021-11-14,Riverside,065,2383286,369236,364490,16628,381118,5199
2021-11-14,Sacramento,067,1510023,161862,160761,4818,165579,2295
2021-11-14,San Benito,069,59416,7531,7507,175,7682,77
2021-11-14,San Bernardino,071,2135413,359843,357014,11390,368404,5897
2021-11-14,San Diego,073,3302833,380916,377633,22015,399648,4280
2021-11-14,San Francisco,075,870044,53921,53338,2394,55732,667
2021-11-14,San Joaquin,077,732212,101252,100518,5551,106069,1799
2021-11-14,San Luis Obispo,079,281455,30140,29645,1270,30915,352
2021-11-14,San Mateo,081,765935,55011,53978,924,54902,576
2021-11-14,Santa Barbara,083,443738,45240,44842,1648,46490,539
2021-11-14,Santa Clara,085,1922200,149511,148152,1425,149577,1913
2021-11-14,Santa Cruz,087,273765,20833,20609,1022,21631,223
2021-11-14,Shasta,089,179085,22126,21771,3681,25452,373
2021-11-14,Sierra,091,2930,196,189,21,210,0
2021-11-14,Siskiyou,093,43540,3389,3302,1324,4626,54
2021-11-14,Solano,095,438530,46525,45860,1308,47168,351
2021-11-14,Sonoma,097,501317,42240,41974,535,42509,401
2021-11-14,Stanislaus,099,539301,80511,80076,9017,89093,1174
2021-11-14,Sutter,101,95872,14104,14031,366,14397,181
2021-11-14,Tehama,103,63373,8711,8607,1510,10117,125
2021-11-14,Trinity,105,12862,878,754,219,973,17
2021-11-14,Tulare,107,460477,69961,68772,15639,84411,1037
2021-11-14,Tuolumne,109,53932,7495,7439,107,7546,90
2021-11-14,Ventura,111,848112,99268,98550,4362,102912,1183
2021-11-14,Yolo,113,214977,20149,20040,1191,21231,255
2021-11-14,Yuba,115,75493,10327,10238,357,10595,85
2021-11-13,Alameda,001,1643700,121344,120407,2888,123295,1454
2021-11-13,Alpine,003,1148,102,105,0,105,0
2021-11-13,Amador,005,37829,5652,5614,65,5679,66
2021-11-13,Butte,007,227075,21374,21104,3844,24948,296
2021-11-13,Calaveras,009,45235,4249,4203,60,4263,83
2021-11-13,Colusa,011,21464,2568,2522,659,3181,19
2021-11-13,Contra Costa,013,1133247,100725,100004,2255,102259,1028
2021-11-13,Del Norte,015,27424,3716,3629,55,3684,42
2021-11-13,El Dorado,017,186661,16398,16163,1724,17887,159
2021-11-13,Fresno,019,978130,143349,141452,12500,153952,2205
2021-11-13,Glenn,021,27897,3550,3514,996,4510,34
2021-11-13,Humboldt,023,135768,9325,9177,606,9783,115
2021-11-13,Imperial,025,180216,34393,33990,3520,37510,766
2021-11-13,Inyo,027,18085,2473,2436,41,2477,42
2021-11-13,Kern,029,883053,130362,128472,23185,151657,1719
2021-11-13,Kings,031,150075,32950,32452,1992,34444,347
2021-11-13,Lake,033,64148,6850,6769,156,6925,109
2021-11-13,Lassen,035,31185,6985,6897,402,7299,47
2021-11-13,Los Angeles,037,10098052,1452247,1443088,55306,1498394,26649
2021-11-13,Madera,039,155013,23850,23462,2189,25651,287
2021-11-13,Marin,041,260295,17800,17684,476,18160,247
2021-11-13,Mariposa,043,17540,1374,1323,50,1373,6
2021-11-13,Mendocino,045,87422,7808,7652,619,8271,89
2021-11-13,Merced,047,269075,42704,42411,1892,44303,644
2021-11-13,Modoc,049,8938,560,536,201,737,5
2021-11-13,Mono,051,14174,1765,1750,21,1771,4
2021-11-13,Monterey,053,433212,49271,48087,3078,51165,609
2021-11-13,Napa,055,140530,13195,13110,117,13227,103
2021-11-13,Nevada,057,99092,9507,9369,335,9704,92
2021-11-13,Orange,059,3164182,310888,308211,15589,323800,5641
2021-11-13,Placer,061,380077,37890,37453,3771,41224,445
2021-11-13,Plumas,063,18699,1875,1828,43,1871,8
2021-11-13,Riverside,065,2383286,368931,363801,16621,380422,5187
2021-11-13,Sacramento,067,1510023,161728,160397,4805,165202,2291
2021-11-13,San Benito,069,59416,7518,7491,174,7665,77
2021-11-13,San Bernardino,071,2135413,359591,356325,11383,367708,5873
2021-11-13,San Diego,073,3302833,380579,377633,21987,399620,4280
2021-11-13,San Francisco,075,870044,53888,53195,2393,55588,667
2021-11-13,San Joaquin,077,732212,101195,100263,5542,105805,1799
2021-11-13,San Luis Obispo,079,281455,30110,29589,1268,30857,351
2021-11-13,San Mateo,081,765935,54974,53853,923,54776,574
2021-11-13,Santa Barbara,083,443738,45207,44734,1648,46382,537
2021-11-13,Santa Clara,085,1922200,149392,147821,1420,149241,1905
2021-11-13,Santa Cruz,087,273765,20818,20565,1021,21586,223
2021-11-13,Shasta,089,179085,22095,21713,3677,25390,366
2021-11-13,Sierra,091,2930,195,188,21,209,0
2021-11-13,Siskiyou,093,43540,3380,3299,1323,4622,54
2021-11-13,Solano,095,438530,46496,45774,1304,47078,350
2021-11-13,Sonoma,097,501317,42206,41882,534,42416,399
2021-11-13,Stanislaus,099,539301,80433,79872,9003,88875,1174
2021-11-13,Sutter,101,95872,14094,14017,365,14382,181
2021-11-13,Tehama,103,63373,8705,8592,1506,10098,125
2021-11-13,Trinity,105,12862,877,749,219,968,17
2021-11-13,Tulare,107,460477,69894,68619,15616,84235,1033
2021-11-13,Tuolumne,109,53932,7478,7392,107,7499,90
2021-11-13,Ventura,111,848112,99210,98452,4359,102811,1183
2021-11-13,Yolo,113,214977,20133,20009,1186,21195,255
2021-11-13,Yuba,115,75493,10317,10218,355,10573,85
2021-11-12,Alameda,001,1643700,121262,120407,2885,123292,1454
2021-11-12,Alpine,003,1148,102,105,0,105,0
2021-11-12,Amador,005,37829,5646,5614,64,5678,66
2021-11-12,Butte,007,227075,21357,21104,3840,24944,296
2021-11-12,Calaveras,009,45235,4238,4203,60,4263,83
2021-11-12,Colusa,011,21464,2564,2522,658,3180,19
2021-11-12,Contra Costa,013,1133247,100669,100004,2254,102258,1028
2021-11-12,Del Norte,015,27424,3716,3629,55,3684,42
2021-11-12,El Dorado,017,186661,16379,16163,1723,17886,159
2021-11-12,Fresno,019,978130,143207,141452,12491,153943,2205
2021-11-12,Glenn,021,27897,3547,3514,995,4509,34
2021-11-12,Humboldt,023,135768,9318,9177,604,9781,115
2021-11-12,Imperial,025,180216,34367,33990,3510,37500,766
2021-11-12,Inyo,027,18085,2469,2436,41,2477,42
2021-11-12,Kern,029,883053,130225,128472,23153,151625,1719
2021-11-12,Kings,031,150075,32925,32452,1990,34442,347
2021-11-12,Lake,033,64148,6846,6769,156,6925,109
2021-11-12,Lassen,035,31185,6981,6897,401,7298,47
2021-11-12,Los Angeles,037,10098052,1451520,1443088,55261,1498349,26649
2021-11-12,Madera,039,155013,23820,23462,2184,25646,287
2021-11-12,Marin,041,260295,17784,17684,475,18159,247
2021-11-12,Mariposa,043,17540,1367,1323,50,1373,6
2021-11-12,Mendocino,045,87422,7796,7652,616,8268,89
2021-11-12,Merced,047,269075,42677,42411,1890,44301,644
2021-11-12,Modoc,049,8938,559,536,201,737,5
2021-11-12,Mono,051,14174,1763,1750,21,1771,4
2021-11-12,Monterey,053,433212,49239,48087,3072,51159,609
2021-11-12,Napa,055,140530,13186,13110,117,13227,103
2021-11-12,Nevada,057,99092,9493,9369,334,9703,92
2021-11-12,Orange,059,3164182,310701,308211,15571,323782,5641
2021-11-12,Placer,061,380077,37850,37453,3768,41221,445
2021-11-12,Plumas,063,18699,1870,1828,43,1871,8
2021-11-12,Riverside,065,2383286,368665,363801,16617,380418,5187
2021-11-12,Sacramento,067,1510023,161570,160397,4800,165197,2291
2021-11-12,San Benito,069,59416,7518,7491,174,7665,77
2021-11-12,San Bernardino,071,2135413,359288,356325,11372,367697,5873
2021-11-12,San Diego,073,3302833,380204,377633,21965,399598,4280
2021-11-12,San Francisco,075,870044,53853,53195,2389,55584,667
2021-11-12,San Joaquin,077,732212,101149,100263,5536,105799,1799
2021-11-12,San Luis Obispo,079,281455,30081,29589,1267,30856,351
2021-11-12,San Mateo,081,765935,54925,53853,920,54773,574
2021-11-12,Santa Barbara,083,443738,45153,44734,1647,46381,537
2021-11-12,Santa Clara,085,1922200,149249,147821,1415,149236,1905
2021-11-12,Santa Cruz,087,273765,20791,20565,1019,21584,223
2021-11-12,Shasta,089,179085,22063,21713,3674,25387,366
2021-11-12,Sierra,091,2930,194,188,21,209,0
2021-11-12,Siskiyou,093,43540,3379,3299,1321,4620,54
2021-11-12,Solano,095,438530,46469,45774,1300,47074,350
2021-11-12,Sonoma,097,501317,42166,41882,534,42416,399
2021-11-12,Stanislaus,099,539301,80380,79872,8995,88867,1174
2021-11-12,Sutter,101,95872,14087,14017,365,14382,181
2021-11-12,Tehama,103,63373,8701,8592,1505,10097,125
2021-11-12,Trinity,105,12862,870,749,219,968,17
2021-11-12,Tulare,107,460477,69851,68619,15581,84200,1033
2021-11-12,Tuolumne,109,53932,7465,7392,106,7498,90
2021-11-12,Ventura,111,848112,99145,98452,4358,102810,1183
2021-11-12,Yolo,113,214977,20119,20009,1180,21189,255
2021-11-12,Yuba,115,75493,10308,10218,354,10572,85
2021-11-11,Alameda,001,1643700,121146,120147,2877,123024,1453
2021-11-11,Alpine,003,1148,102,105,0,105,0
2021-11-11,Amador,005,37829,5643,5603,63,5666,66
2021-11-11,Butte,007,227075,21315,21047,3835,24882,293
2021-11-11,Calaveras,009,45235,4220,4179,60,4239,83
2021-11-11,Colusa,011,21464,2556,2518,656,3174,19
2021-11-11,Contra Costa,013,1133247,100563,99808,2249,102057,1028
2021-11-11,Del Norte,015,27424,3714,3622,55,3677,42
2021-11-11,El Dorado,017,186661,16345,16085,1720,17805,159
2021-11-11,Fresno,019,978130,143005,140833,12464,153297,2202
2021-11-11,Glenn,021,27897,3545,3503,995,4498,34
2021-11-11,Humboldt,023,135768,9295,9125,601,9726,115
2021-11-11,Imperial,025,180216,34298,33844,3488,37332,766
2021-11-11,Inyo,027,18085,2464,2428,41,2469,42
2021-11-11,Kern,029,883053,130041,128023,23089,151112,1709
2021-11-11,Kings,031,150075,32874,32318,1988,34306,345
2021-11-11,Lake,033,64148,6839,6745,156,6901,107
2021-11-11,Lassen,035,31185,6975,6875,401,7276,47
2021-11-11,Los Angeles,037,10098052,1450436,1440436,55202,1495638,26614
2021-11-11,Madera,039,155013,23772,23316,2176,25492,287
2021-11-11,Marin,041,260295,17774,17639,475,18114,247
2021-11-11,Mariposa,043,17540,1357,1317,50,1367,6
2021-11-11,Mendocino,045,87422,7781,7612,607,8219,89
2021-11-11,Merced,047,269075,42622,42292,1888,44180,643
2021-11-11,Modoc,049,8938,557,536,201,737,5
2021-11-11,Mono,051,14174,1759,1743,21,1764,4
2021-11-11,Monterey,053,433212,49204,48008,3060,51068,609
2021-11-11,Napa,055,140530,13178,13075,117,13192,103
2021-11-11,Nevada,057,99092,9471,9308,334,9642,92
2021-11-11,Orange,059,3164182,310431,307674,15533,323207,5633
2021-11-11,Placer,061,380077,37799,37333,3760,41093,440
2021-11-11,Plumas,063,18699,1866,1814,43,1857,7
2021-11-11,Riverside,065,2383286,368234,362930,16599,379529,5175
2021-11-11,Sacramento,067,1510023,161356,159962,4781,164743,2289
2021-11-11,San Benito,069,59416,7510,7473,174,7647,76
2021-11-11,San Bernardino,071,2135413,358865,355413,11359,366772,5849
2021-11-11,San Diego,073,3302833,379689,376428,21942,398370,4272
2021-11-11,San Francisco,075,870044,53793,53063,2387,55450,666
2021-11-11,San Joaquin,077,732212,101054,99937,5521,105458,1799
2021-11-11,San Luis Obispo,079,281455,30030,29532,1265,30797,351
2021-11-11,San Mateo,081,765935,54874,53722,915,54637,574
2021-11-11,Santa Barbara,083,443738,45095,44603,1644,46247,534
2021-11-11,Santa Clara,085,1922200,149067,147458,1409,148867,1901
2021-11-11,Santa Cruz,087,273765,20746,20479,1019,21498,222
2021-11-11,Shasta,089,179085,22016,21600,3672,25272,364
2021-11-11,Sierra,091,2930,193,186,21,207,0
2021-11-11,Siskiyou,093,43540,3373,3297,1320,4617,53
2021-11-11,Solano,095,438530,46432,45679,1299,46978,350
2021-11-11,Sonoma,097,501317,42130,41774,534,42308,395
2021-11-11,Stanislaus,099,539301,80295,79570,8981,88551,1166
2021-11-11,Sutter,101,95872,14073,13993,364,14357,181
2021-11-11,Tehama,103,63373,8689,8565,1503,10068,125
2021-11-11,Trinity,105,12862,869,748,219,967,17
2021-11-11,Tulare,107,460477,69759,68367,15544,83911,1028
2021-11-11,Tuolumne,109,53932,7452,7354,106,7460,90
2021-11-11,Ventura,111,848112,99067,98297,4351,102648,1182
2021-11-11,Yolo,113,214977,20092,19946,1178,21124,255
2021-11-11,Yuba,115,75493,10292,10191,354,10545,85
2021-11-10,Alameda,001,1643700,121037,120147,2868,123015,1453
2021-11-10,Alpine,003,1148,102,105,0,105,0
2021-11-10,Amador,005,37829,5637,5603,63,5666,66
2021-11-10,Butte,007,227075,21289,21047,3831,24878,293
2021-11-10,Calaveras,009,45235,4209,4179,60,4239,83
2021-11-10,Colusa,011,21464,2550,2518,656,3174,19
2021-11-10,Contra Costa,013,1133247,100479,99808,2245,102053,1028
2021-11-10,Del Norte,015,27424,3713,3622,55,3677,42
2021-11-10,El Dorado,017,186661,16329,16085,1719,17804,159
2021-11-10,Fresno,019,978130,142827,140833,12452,153285,2202
2021-11-10,Glenn,021,27897,3545,3503,994,4497,34
2021-11-10,Humboldt,023,135768,9277,9125,601,9726,115
2021-11-10,Imperial,025,180216,34249,33844,3469,37313,766
2021-11-10,Inyo,027,18085,2457,2428,41,2469,42
2021-11-10,Kern,029,883053,129892,128023,23033,151056,1709
2021-11-10,Kings,031,150075,32841,32318,1986,34304,345
2021-11-10,Lake,033,64148,6829,6745,156,6901,107
2021-11-10,Lassen,035,31185,6970,6875,401,7276,47
2021-11-10,Los Angeles,037,10098052,1449488,1440436,55146,1495582,26614
2021-11-10,Madera,039,155013,23723,23316,2170,25486,287
2021-11-10,Marin,041,260295,17761,17639,473,18112,247
2021-11-10,Mariposa,043,17540,1351,1317,50,1367,6
2021-11-10,Mendocino,045,87422,7769,7612,606,8218,89
2021-11-10,Merced,047,269075,42587,42292,1886,44178,643
2021-11-10,Modoc,049,8938,556,536,200,736,5
2021-11-10,Mono,051,14174,1757,1743,21,1764,4
2021-11-10,Monterey,053,433212,49171,48008,3048,51056,609
2021-11-10,Napa,055,140530,13164,13075,116,13191,103
2021-11-10,Nevada,057,99092,9464,9308,332,9640,92
2021-11-10,Orange,059,3164182,310168,307674,15501,323175,5633
2021-11-10,Placer,061,380077,37754,37333,3753,41086,440
2021-11-10,Plumas,063,18699,1863,1814,42,1856,7
2021-11-10,Riverside,065,2383286,367854,362930,16593,379523,5175
2021-11-10,Sacramento,067,1510023,161202,159962,4771,164733,2289
2021-11-10,San Benito,069,59416,7502,7473,174,7647,76
2021-11-10,San Bernardino,071,2135413,358525,355413,11351,366764,5849
2021-11-10,San Diego,073,3302833,379274,376428,21920,398348,4272
2021-11-10,San Francisco,075,870044,53731,53063,2384,55447,666
2021-11-10,San Joaquin,077,732212,100946,99937,5515,105452,1799
2021-11-10,San Luis Obispo,079,281455,29999,29532,1264,30796,351
2021-11-10,San Mateo,081,765935,54820,53722,914,54636,574
2021-11-10,Santa Barbara,083,443738,45057,44603,1643,46246,534
2021-11-10,Santa Clara,085,1922200,148919,147458,1403,148861,1901
2021-11-10,Santa Cruz,087,273765,20719,20479,1018,21497,222
2021-11-10,Shasta,089,179085,21980,21600,3670,25270,364
2021-11-10,Sierra,091,2930,192,186,21,207,0
2021-11-10,Siskiyou,093,43540,3371,3297,1320,4617,53
2021-11-10,Solano,095,438530,46402,45679,1297,46976,350
2021-11-10,Sonoma,097,501317,42079,41774,534,42308,395
2021-11-10,Stanislaus,099,539301,80192,79570,8965,88535,1166
2021-11-10,Sutter,101,95872,14065,13993,364,14357,181
2021-11-10,Tehama,103,63373,8677,8565,1497,10062,125
2021-11-10,Trinity,105,12862,865,748,218,966,17
2021-11-10,Tulare,107,460477,69698,68367,15504,83871,1028
2021-11-10,Tuolumne,109,53932,7428,7354,106,7460,90
2021-11-10,Ventura,111,848112,98996,98297,4351,102648,1182
2021-11-10,Yolo,113,214977,20074,19946,1177,21123,255
2021-11-10,Yuba,115,75493,10283,10191,354,10545,85
2021-11-09,Alameda,001,1643700,120900,120051,2859,122910,1450
2021-11-09,Alpine,003,1148,102,105,0,105,0
2021-11-09,Amador,005,37829,5633,5596,63,5659,66
2021-11-09,Butte,007,227075,21268,21022,3828,24850,291
2021-11-09,Calaveras,009,45235,4205,4174,60,4234,84
2021-11-09,Colusa,011,21464,2545,2517,655,3172,19
2021-11-09,Contra Costa,013,1133247,100384,99732,2237,101969,1028
2021-11-09,Del Norte,015,27424,3712,3620,55,3675,42
2021-11-09,El Dorado,017,186661,16291,16073,1714,17787,160
2021-11-09,Fresno,019,978130,142586,140666,12439,153105,2188
2021-11-09,Glenn,021,27897,3540,3499,993,4492,34
2021-11-09,Humboldt,023,135768,9257,9112,596,9708,115
2021-11-09,Imperial,025,180216,34197,33751,3455,37206,766
2021-11-09,Inyo,027,18085,2453,2404,41,2445,42
2021-11-09,Kern,029,883053,129649,127901,22970,150871,1694
2021-11-09,Kings,031,150075,32774,32279,1982,34261,344
2021-11-09,Lake,033,64148,6820,6743,156,6899,106
2021-11-09,Lassen,035,31185,6958,6846,401,7247,47
2021-11-09,Los Angeles,037,10098052,1448246,1439125,55086,1494211,26581
2021-11-09,Madera,039,155013,23673,23285,2161,25446,287
2021-11-09,Marin,041,260295,17742,17630,471,18101,247
2021-11-09,Mariposa,043,17540,1343,1317,49,1366,5
2021-11-09,Mendocino,045,87422,7746,7598,600,8198,85
2021-11-09,Merced,047,269075,42545,42251,1882,44133,613
2021-11-09,Modoc,049,8938,555,536,198,734,5
2021-11-09,Mono,051,14174,1752,1738,21,1759,4
2021-11-09,Monterey,053,433212,49135,47975,3023,50998,609
2021-11-09,Napa,055,140530,13146,13051,116,13167,103
2021-11-09,Nevada,057,99092,9445,9288,332,9620,92
2021-11-09,Orange,059,3164182,309884,307412,15473,322885,5621
2021-11-09,Placer,061,380077,37700,37291,3736,41027,440
2021-11-09,Plumas,063,18699,1861,1802,42,1844,7
2021-11-09,Riverside,065,2383286,367389,362557,16578,379135,5160
2021-11-09,Sacramento,067,1510023,160962,159856,4761,164617,2286
2021-11-09,San Benito,069,59416,7491,7471,173,7644,76
2021-11-09,San Bernardino,071,2135413,358077,354972,11334,366306,5839
2021-11-09,San Diego,073,3302833,378767,375997,21894,397891,4272
2021-11-09,San Francisco,075,870044,53655,52996,2378,55374,666
2021-11-09,San Joaquin,077,732212,100770,99848,5502,105350,1794
2021-11-09,San Luis Obispo,079,281455,29956,29488,1263,30751,350
2021-11-09,San Mateo,081,765935,54773,53697,904,54601,574
2021-11-09,Santa Barbara,083,443738,44990,44579,1636,46215,533
2021-11-09,Santa Clara,085,1922200,148712,147281,1396,148677,1901
2021-11-09,Santa Cruz,087,273765,20684,20463,1017,21480,222
2021-11-09,Shasta,089,179085,21925,21558,3665,25223,364
2021-11-09,Sierra,091,2930,192,186,21,207,0
2021-11-09,Siskiyou,093,43540,3369,3295,1318,4613,52
2021-11-09,Solano,095,438530,46348,45639,1296,46935,350
2021-11-09,Sonoma,097,501317,42023,41727,532,42259,395
2021-11-09,Stanislaus,099,539301,80087,79505,8948,88453,1165
2021-11-09,Sutter,101,95872,14050,13988,362,14350,180
2021-11-09,Tehama,103,63373,8659,8555,1495,10050,125
2021-11-09,Trinity,105,12862,864,746,218,964,17
2021-11-09,Tulare,107,460477,69589,68298,15464,83762,1024
2021-11-09,Tuolumne,109,53932,7408,7347,106,7453,90
2021-11-09,Ventura,111,848112,98917,98202,4346,102548,1182
2021-11-09,Yolo,113,214977,20050,19931,1173,21104,255
2021-11-09,Yuba,115,75493,10266,10175,348,10523,85
2021-11-08,Alameda,001,1643700,120757,119983,2853,122836,1447
2021-11-08,Alpine,003,1148,102,105,0,105,0
2021-11-08,Amador,005,37829,5627,5590,63,5653,66
2021-11-08,Butte,007,227075,21240,21000,3820,24820,288
2021-11-08,Calaveras,009,45235,4197,4166,60,4226,82
2021-11-08,Colusa,011,21464,2544,2514,654,3168,19
2021-11-08,Contra Costa,013,1133247,100282,99669,2233,101902,1028
2021-11-08,Del Norte,015,27424,3708,3619,55,3674,42
2021-11-08,El Dorado,017,186661,16272,16055,1709,17764,156
2021-11-08,Fresno,019,978130,142286,140466,12422,152888,2179
2021-11-08,Glenn,021,27897,3537,3496,989,4485,34
2021-11-08,Humboldt,023,135768,9230,9095,586,9681,109
2021-11-08,Imperial,025,180216,34118,33690,3435,37125,766
2021-11-08,Inyo,027,18085,2446,2398,41,2439,41
2021-11-08,Kern,029,883053,129414,127722,22887,150609,1692
2021-11-08,Kings,031,150075,32728,32248,1981,34229,344
2021-11-08,Lake,033,64148,6814,6737,156,6893,106
2021-11-08,Lassen,035,31185,6951,6830,399,7229,46
2021-11-08,Los Angeles,037,10098052,1446903,1438322,55027,1493349,26575
2021-11-08,Madera,039,155013,23624,23253,2149,25402,287
2021-11-08,Marin,041,260295,17725,17617,468,18085,247
2021-11-08,Mariposa,043,17540,1335,1316,48,1364,5
2021-11-08,Mendocino,045,87422,7732,7581,594,8175,85
2021-11-08,Merced,047,269075,42474,42224,1874,44098,607
2021-11-08,Modoc,049,8938,554,529,198,727,5
2021-11-08,Mono,051,14174,1748,1739,21,1760,4
2021-11-08,Monterey,053,433212,49094,47942,3002,50944,602
2021-11-08,Napa,055,140530,13132,13045,116,13161,103
2021-11-08,Nevada,057,99092,9427,9278,330,9608,92
2021-11-08,Orange,059,3164182,309610,307156,15442,322598,5616
2021-11-08,Placer,061,380077,37648,37250,3733,40983,439
2021-11-08,Plumas,063,18699,1860,1788,41,1829,7
2021-11-08,Riverside,065,2383286,366934,362201,16564,378765,5152
2021-11-08,Sacramento,067,1510023,160747,159735,4741,164476,2275
2021-11-08,San Benito,069,59416,7489,7461,173,7634,75
2021-11-08,San Bernardino,071,2135413,357572,354741,11315,366056,5836
2021-11-08,San Diego,073,3302833,378178,375557,21847,397404,4259
2021-11-08,San Francisco,075,870044,53602,52942,2372,55314,666
2021-11-08,San Joaquin,077,732212,100654,99736,5500,105236,1794
2021-11-08,San Luis Obispo,079,281455,29906,29464,1259,30723,350
2021-11-08,San Mateo,081,765935,54698,53658,899,54557,574
2021-11-08,Santa Barbara,083,443738,44936,44548,1635,46183,532
2021-11-08,Santa Clara,085,1922200,148484,147183,1390,148573,1899
2021-11-08,Santa Cruz,087,273765,20655,20435,1017,21452,222
2021-11-08,Shasta,089,179085,21878,21504,3659,25163,354
2021-11-08,Sierra,091,2930,192,183,21,204,0
2021-11-08,Siskiyou,093,43540,3365,3290,1307,4597,50
2021-11-08,Solano,095,438530,46307,45613,1292,46905,350
2021-11-08,Sonoma,097,501317,41955,41669,530,42199,395
2021-11-08,Stanislaus,099,539301,79935,79417,8934,88351,1150
2021-11-08,Sutter,101,95872,14042,13976,358,14334,180
2021-11-08,Tehama,103,63373,8650,8534,1495,10029,123
2021-11-08,Trinity,105,12862,864,743,217,960,13
2021-11-08,Tulare,107,460477,69473,68199,15426,83625,1020
2021-11-08,Tuolumne,109,53932,7389,7328,105,7433,90
2021-11-08,Ventura,111,848112,98824,98144,4344,102488,1182
2021-11-08,Yolo,113,214977,20012,19916,1168,21084,255
2021-11-08,Yuba,115,75493,10255,10172,345,10517,83
2021-11-07,Alameda,001,1643700,120600,119902,2847,122749,1444
2021-11-07,Alpine,003,1148,102,105,0,105,0
2021-11-07,Amador,005,37829,5620,5580,61,5641,66
2021-11-07,Butte,007,227075,21201,20969,3811,24780,288
2021-11-07,Calaveras,009,45235,4170,4158,59,4217,82
2021-11-07,Colusa,011,21464,2538,2511,652,3163,19
2021-11-07,Contra Costa,013,1133247,100170,99596,2224,101820,1028
2021-11-07,Del Norte,015,27424,3706,3617,55,3672,42
2021-11-07,El Dorado,017,186661,16235,16040,1706,17746,156
2021-11-07,Fresno,019,978130,141946,140263,12400,152663,2179
2021-11-07,Glenn,021,27897,3530,3493,988,4481,34
2021-11-07,Humboldt,023,135768,9205,9074,582,9656,109
2021-11-07,Imperial,025,180216,34045,33674,3415,37089,766
2021-11-07,Inyo,027,18085,2433,2394,41,2435,41
2021-11-07,Kern,029,883053,129142,127583,22795,150378,1692
2021-11-07,Kings,031,150075,32638,32221,1977,34198,343
2021-11-07,Lake,033,64148,6798,6734,155,6889,106
2021-11-07,Lassen,035,31185,6942,6819,395,7214,46
2021-11-07,Los Angeles,037,10098052,1445412,1437314,54953,1492267,26573
2021-11-07,Madera,039,155013,23579,23225,2142,25367,287
2021-11-07,Marin,041,260295,17705,17594,467,18061,247
2021-11-07,Mariposa,043,17540,1334,1306,48,1354,5
2021-11-07,Mendocino,045,87422,7703,7567,590,8157,85
2021-11-07,Merced,047,269075,42393,42186,1844,44030,607
2021-11-07,Modoc,049,8938,551,528,197,725,5
2021-11-07,Mono,051,14174,1742,1739,21,1760,4
2021-11-07,Monterey,053,433212,49042,47924,2997,50921,602
2021-11-07,Napa,055,140530,13111,13041,116,13157,103
2021-11-07,Nevada,057,99092,9379,9254,330,9584,92
2021-11-07,Orange,059,3164182,309286,306954,15403,322357,5616
2021-11-07,Placer,061,380077,37572,37202,3718,40920,439
2021-11-07,Plumas,063,18699,1853,1787,40,1827,7
2021-11-07,Riverside,065,2383286,366400,361960,16544,378504,5152
2021-11-07,Sacramento,067,1510023,160516,159549,4723,164272,2277
2021-11-07,San Benito,069,59416,7476,7460,173,7633,75
2021-11-07,San Bernardino,071,2135413,357071,354488,11292,365780,5832
2021-11-07,San Diego,073,3302833,377590,375165,21814,396979,4250
2021-11-07,San Francisco,075,870044,53518,52868,2366,55234,666
2021-11-07,San Joaquin,077,732212,100469,99696,5494,105190,1794
2021-11-07,San Luis Obispo,079,281455,29856,29454,1255,30709,350
2021-11-07,San Mateo,081,765935,54639,53600,897,54497,574
2021-11-07,Santa Barbara,083,443738,44873,44501,1634,46135,532
2021-11-07,Santa Clara,085,1922200,148281,147054,1377,148431,1898
2021-11-07,Santa Cruz,087,273765,20597,20397,1016,21413,222
2021-11-07,Shasta,089,179085,21830,21479,3653,25132,354
2021-11-07,Sierra,091,2930,190,183,21,204,0
2021-11-07,Siskiyou,093,43540,3359,3289,1305,4594,51
2021-11-07,Solano,095,438530,46252,45582,1285,46867,350
2021-11-07,Sonoma,097,501317,41906,41630,530,42160,395
2021-11-07,Stanislaus,099,539301,79780,79351,8914,88265,1150
2021-11-07,Sutter,101,95872,14029,13964,355,14319,180
2021-11-07,Tehama,103,63373,8626,8528,1493,10021,121
2021-11-07,Trinity,105,12862,863,742,216,958,13
2021-11-07,Tulare,107,460477,69320,68145,15383,83528,1020
2021-11-07,Tuolumne,109,53932,7371,7300,103,7403,90
2021-11-07,Ventura,111,848112,98732,98085,4342,102427,1182
2021-11-07,Yolo,113,214977,19991,19899,1163,21062,255
2021-11-07,Yuba,115,75493,10238,10162,340,10502,83
2021-11-06,Alameda,001,1643700,120537,119499,2844,122343,1436
2021-11-06,Alpine,003,1148,102,105,0,105,0
2021-11-06,Amador,005,37829,5614,5557,61,5618,66
2021-11-06,Butte,007,227075,21181,20796,3807,24603,288
2021-11-06,Calaveras,009,45235,4162,4105,59,4164,82
2021-11-06,Colusa,011,21464,2537,2501,651,3152,19
2021-11-06,Contra Costa,013,1133247,100115,99282,2222,101504,1025
2021-11-06,Del Norte,015,27424,3703,3607,55,3662,42
2021-11-06,El Dorado,017,186661,16218,15958,1706,17664,156
2021-11-06,Fresno,019,978130,141829,139249,12398,151647,2170
2021-11-06,Glenn,021,27897,3527,3479,988,4467,33
2021-11-06,Humboldt,023,135768,9193,8972,578,9550,109
2021-11-06,Imperial,025,180216,33999,33471,3409,36880,766
2021-11-06,Inyo,027,18085,2427,2353,41,2394,41
2021-11-06,Kern,029,883053,129009,126848,22742,149590,1684
2021-11-06,Kings,031,150075,32605,32018,1972,33990,342
2021-11-06,Lake,033,64148,6796,6695,155,6850,106
2021-11-06,Lassen,035,31185,6937,6796,394,7190,46
2021-11-06,Los Angeles,037,10098052,1444638,1433081,54909,1487990,26533
2021-11-06,Madera,039,155013,23543,22994,2133,25127,287
2021-11-06,Marin,041,260295,17686,17520,464,17984,247
2021-11-06,Mariposa,043,17540,1332,1282,48,1330,5
2021-11-06,Mendocino,045,87422,7681,7486,590,8076,85
2021-11-06,Merced,047,269075,42369,41958,1836,43794,604
2021-11-06,Modoc,049,8938,550,523,197,720,5
2021-11-06,Mono,051,14174,1740,1725,21,1746,4
2021-11-06,Monterey,053,433212,49010,47830,2987,50817,602
2021-11-06,Napa,055,140530,13101,12950,116,13066,103
2021-11-06,Nevada,057,99092,9357,9169,329,9498,91
2021-11-06,Orange,059,3164182,309079,306049,15377,321426,5611
2021-11-06,Placer,061,380077,37531,36967,3715,40682,438
2021-11-06,Plumas,063,18699,1849,1755,39,1794,7
2021-11-06,Riverside,065,2383286,366082,360584,16535,377119,5138
2021-11-06,Sacramento,067,1510023,160423,158766,4718,163484,2263
2021-11-06,San Benito,069,59416,7469,7429,173,7602,75
2021-11-06,San Bernardino,071,2135413,356800,353142,11288,364430,5813
2021-11-06,San Diego,073,3302833,377243,373423,21796,395219,4246
2021-11-06,San Francisco,075,870044,53464,52556,2363,54919,666
2021-11-06,San Joaquin,077,732212,100412,99372,5493,104865,1782
2021-11-06,San Luis Obispo,079,281455,29828,29335,1251,30586,350
2021-11-06,San Mateo,081,765935,54605,53442,896,54338,574
2021-11-06,Santa Barbara,083,443738,44837,44301,1633,45934,532
2021-11-06,Santa Clara,085,1922200,148136,146519,1372,147891,1894
2021-11-06,Santa Cruz,087,273765,20578,20311,1014,21325,222
2021-11-06,Shasta,089,179085,21811,21281,3648,24929,349
2021-11-06,Sierra,091,2930,190,181,21,202,0
2021-11-06,Siskiyou,093,43540,3359,3279,1303,4582,48
2021-11-06,Solano,095,438530,46222,45465,1284,46749,350
2021-11-06,Sonoma,097,501317,41856,41398,529,41927,395
2021-11-06,Stanislaus,099,539301,79712,78902,8906,87808,1193
2021-11-06,Sutter,101,95872,14025,13908,354,14262,180
2021-11-06,Tehama,103,63373,8615,8474,1491,9965,120
2021-11-06,Trinity,105,12862,860,732,216,948,11
2021-11-06,Tulare,107,460477,69269,67767,15355,83122,1010
2021-11-06,Tuolumne,109,53932,7358,7245,103,7348,90
2021-11-06,Ventura,111,848112,98666,97770,4337,102107,1180
2021-11-06,Yolo,113,214977,19974,19827,1159,20986,255
2021-11-06,Yuba,115,75493,10224,10107,340,10447,83
2021-11-05,Alameda,001,1643700,120455,119499,2842,122341,1436
2021-11-05,Alpine,003,1148,102,105,0,105,0
2021-11-05,Amador,005,37829,5609,5557,61,5618,66
2021-11-05,Butte,007,227075,21168,20796,3806,24602,288
2021-11-05,Calaveras,009,45235,4157,4105,59,4164,82
2021-11-05,Colusa,011,21464,2537,2501,650,3151,19
2021-11-05,Contra Costa,013,1133247,100049,99282,2220,101502,1025
2021-11-05,Del Norte,015,27424,3701,3607,55,3662,42
2021-11-05,El Dorado,017,186661,16200,15958,1700,17658,156
2021-11-05,Fresno,019,978130,141651,139249,12389,151638,2170
2021-11-05,Glenn,021,27897,3527,3479,988,4467,33
2021-11-05,Humboldt,023,135768,9179,8972,578,9550,109
2021-11-05,Imperial,025,180216,33964,33471,3406,36877,766
2021-11-05,Inyo,027,18085,2419,2353,41,2394,41
2021-11-05,Kern,029,883053,128882,126848,22686,149534,1684
2021-11-05,Kings,031,150075,32582,32018,1971,33989,342
2021-11-05,Lake,033,64148,6790,6695,155,6850,106
2021-11-05,Lassen,035,31185,6933,6796,393,7189,46
2021-11-05,Los Angeles,037,10098052,1443819,1433081,54871,1487952,26533
2021-11-05,Madera,039,155013,23505,22994,2132,25126,287
2021-11-05,Marin,041,260295,17664,17520,463,17983,247
2021-11-05,Mariposa,043,17540,1329,1282,47,1329,5
2021-11-05,Mendocino,045,87422,7670,7486,589,8075,85
2021-11-05,Merced,047,269075,42343,41958,1832,43790,604
2021-11-05,Modoc,049,8938,550,523,197,720,5
2021-11-05,Mono,051,14174,1739,1725,21,1746,4
2021-11-05,Monterey,053,433212,48981,47830,2985,50815,602
2021-11-05,Napa,055,140530,13079,12950,116,13066,103
2021-11-05,Nevada,057,99092,9344,9169,329,9498,91
2021-11-05,Orange,059,3164182,308882,306049,15355,321404,5611
2021-11-05,Placer,061,380077,37504,36967,3705,40672,438
2021-11-05,Plumas,063,18699,1842,1755,39,1794,7
2021-11-05,Riverside,065,2383286,365741,360584,16525,377109,5138
2021-11-05,Sacramento,067,1510023,160300,158766,4712,163478,2263
2021-11-05,San Benito,069,59416,7467,7429,172,7601,75
2021-11-05,San Bernardino,071,2135413,356468,353142,11277,364419,5813
2021-11-05,San Diego,073,3302833,376878,373423,21784,395207,4246
2021-11-05,San Francisco,075,870044,53413,52556,2360,54916,666
2021-11-05,San Joaquin,077,732212,100359,99372,5484,104856,1782
2021-11-05,San Luis Obispo,079,281455,29805,29335,1251,30586,350
2021-11-05,San Mateo,081,765935,54564,53442,894,54336,574
2021-11-05,Santa Barbara,083,443738,44792,44301,1632,45933,532
2021-11-05,Santa Clara,085,1922200,147998,146519,1371,147890,1894
2021-11-05,Santa Cruz,087,273765,20554,20311,1013,21324,222
2021-11-05,Shasta,089,179085,21779,21281,3643,24924,349
2021-11-05,Sierra,091,2930,190,181,21,202,0
2021-11-05,Siskiyou,093,43540,3354,3279,1302,4581,48
2021-11-05,Solano,095,438530,46176,45465,1281,46746,350
2021-11-05,Sonoma,097,501317,41816,41398,529,41927,395
2021-11-05,Stanislaus,099,539301,79654,78902,8894,87796,1193
2021-11-05,Sutter,101,95872,14017,13908,353,14261,180
2021-11-05,Tehama,103,63373,8608,8474,1490,9964,120
2021-11-05,Trinity,105,12862,860,732,216,948,11
2021-11-05,Tulare,107,460477,69197,67767,15318,83085,1010
2021-11-05,Tuolumne,109,53932,7341,7245,102,7347,90
2021-11-05,Ventura,111,848112,98626,97770,4334,102104,1180
2021-11-05,Yolo,113,214977,19964,19827,1158,20985,255
2021-11-05,Yuba,115,75493,10211,10107,338,10445,83
2021-11-04,Alameda,001,1643700,120340,119499,2836,122335,1436
2021-11-04,Alpine,003,1148,102,105,0,105,0
2021-11-04,Amador,005,37829,5601,5557,61,5618,66
2021-11-04,Butte,007,227075,21126,20796,3796,24592,288
2021-11-04,Calaveras,009,45235,4143,4105,57,4162,82
2021-11-04,Colusa,011,21464,2531,2501,649,3150,19
2021-11-04,Contra Costa,013,1133247,99957,99282,2215,101497,1025
2021-11-04,Del Norte,015,27424,3698,3607,55,3662,42
2021-11-04,El Dorado,017,186661,16174,15958,1696,17654,156
2021-11-04,Fresno,019,978130,141372,139249,12382,151631,2170
2021-11-04,Glenn,021,27897,3522,3479,987,4466,33
2021-11-04,Humboldt,023,135768,9154,8972,575,9547,109
2021-11-04,Imperial,025,180216,33906,33471,3396,36867,766
2021-11-04,Inyo,027,18085,2411,2353,41,2394,41
2021-11-04,Kern,029,883053,128650,126848,22618,149466,1684
2021-11-04,Kings,031,150075,32502,32018,1963,33981,342
2021-11-04,Lake,033,64148,6780,6695,153,6848,106
2021-11-04,Lassen,035,31185,6923,6796,388,7184,46
2021-11-04,Los Angeles,037,10098052,1442521,1433081,54789,1487870,26533
2021-11-04,Madera,039,155013,23450,22994,2121,25115,287
2021-11-04,Marin,041,260295,17652,17520,461,17981,247
2021-11-04,Mariposa,043,17540,1322,1282,47,1329,5
2021-11-04,Mendocino,045,87422,7657,7486,583,8069,85
2021-11-04,Merced,047,269075,42288,41958,1828,43786,604
2021-11-04,Modoc,049,8938,549,523,197,720,5
2021-11-04,Mono,051,14174,1734,1725,21,1746,4
2021-11-04,Monterey,053,433212,48936,47830,2969,50799,602
2021-11-04,Napa,055,140530,13058,12950,116,13066,103
2021-11-04,Nevada,057,99092,9313,9169,328,9497,91
2021-11-04,Orange,059,3164182,308632,306049,15336,321385,5611
2021-11-04,Placer,061,380077,37433,36967,3696,40663,438
2021-11-04,Plumas,063,18699,1834,1755,35,1790,7
2021-11-04,Riverside,065,2383286,365345,360584,16516,377100,5138
2021-11-04,Sacramento,067,1510023,160066,158766,4691,163457,2263
2021-11-04,San Benito,069,59416,7461,7429,172,7601,75
2021-11-04,San Bernardino,071,2135413,356034,353142,11270,364412,5813
2021-11-04,San Diego,073,3302833,376397,373423,21763,395186,4246
2021-11-04,San Francisco,075,870044,53332,52556,2356,54912,666
2021-11-04,San Joaquin,077,732212,100251,99372,5472,104844,1782
2021-11-04,San Luis Obispo,079,281455,29781,29335,1245,30580,350
2021-11-04,San Mateo,081,765935,54505,53442,888,54330,574
2021-11-04,Santa Barbara,083,443738,44736,44301,1632,45933,532
2021-11-04,Santa Clara,085,1922200,147843,146519,1367,147886,1894
2021-11-04,Santa Cruz,087,273765,20519,20311,1013,21324,222
2021-11-04,Shasta,089,179085,21721,21281,3637,24918,349
2021-11-04,Sierra,091,2930,188,181,21,202,0
2021-11-04,Siskiyou,093,43540,3351,3279,1295,4574,48
2021-11-04,Solano,095,438530,46134,45465,1280,46745,350
2021-11-04,Sonoma,097,501317,41756,41398,529,41927,395
2021-11-04,Stanislaus,099,539301,79516,78902,8888,87790,1193
2021-11-04,Sutter,101,95872,14006,13908,351,14259,180
2021-11-04,Tehama,103,63373,8599,8474,1486,9960,120
2021-11-04,Trinity,105,12862,859,732,216,948,11
2021-11-04,Tulare,107,460477,69081,67767,15272,83039,1010
2021-11-04,Tuolumne,109,53932,7319,7245,100,7345,90
2021-11-04,Ventura,111,848112,98538,97770,4331,102101,1180
2021-11-04,Yolo,113,214977,19938,19827,1152,20979,255
2021-11-04,Yuba,115,75493,10197,10107,336,10443,83
2021-11-03,Alameda,001,1643700,120199,119356,2833,122189,1428
2021-11-03,Alpine,003,1148,102,105,0,105,0
2021-11-03,Amador,005,37829,5595,5545,60,5605,66
2021-11-03,Butte,007,227075,21081,20769,3787,24556,284
2021-11-03,Calaveras,009,45235,4125,4087,56,4143,82
2021-11-03,Colusa,011,21464,2525,2499,649,3148,20
2021-11-03,Contra Costa,013,1133247,99857,99168,2210,101378,1025
2021-11-03,Del Norte,015,27424,3696,3600,54,3654,42
2021-11-03,El Dorado,017,186661,16148,15915,1693,17608,156
2021-11-03,Fresno,019,978130,141008,138873,12363,151236,2166
2021-11-03,Glenn,021,27897,3518,3470,987,4457,33
2021-11-03,Humboldt,023,135768,9136,8949,570,9519,109
2021-11-03,Imperial,025,180216,33835,33402,3386,36788,766
2021-11-03,Inyo,027,18085,2390,2344,41,2385,41
2021-11-03,Kern,029,883053,128387,126523,22516,149039,1681
2021-11-03,Kings,031,150075,32448,31923,1955,33878,341
2021-11-03,Lake,033,64148,6764,6685,153,6838,106
2021-11-03,Lassen,035,31185,6907,6782,382,7164,46
2021-11-03,Los Angeles,037,10098052,1441174,1431209,54705,1485914,26517
2021-11-03,Madera,039,155013,23383,22893,2112,25005,287
2021-11-03,Marin,041,260295,17631,17491,457,17948,247
2021-11-03,Mariposa,043,17540,1312,1276,47,1323,5
2021-11-03,Mendocino,045,87422,7641,7457,575,8032,84
2021-11-03,Merced,047,269075,42227,41849,1818,43667,597
2021-11-03,Modoc,049,8938,549,521,195,716,5
2021-11-03,Mono,051,14174,1730,1719,21,1740,4
2021-11-03,Monterey,053,433212,48886,47794,2956,50750,601
2021-11-03,Napa,055,140530,13046,12937,115,13052,103
2021-11-03,Nevada,057,99092,9286,9131,327,9458,91
2021-11-03,Orange,059,3164182,308320,305661,15303,320964,5607
2021-11-03,Placer,061,380077,37363,36868,3691,40559,438
2021-11-03,Plumas,063,18699,1823,1739,34,1773,7
2021-11-03,Riverside,065,2383286,364887,360060,16512,376572,5131
2021-11-03,Sacramento,067,1510023,159841,158311,4680,162991,2259
2021-11-03,San Benito,069,59416,7453,7419,172,7591,75
2021-11-03,San Bernardino,071,2135413,355562,352225,11250,363475,5813
2021-11-03,San Diego,073,3302833,375885,372951,21740,394691,4241
2021-11-03,San Francisco,075,870044,53238,52493,2351,54844,663
2021-11-03,San Joaquin,077,732212,100139,99188,5461,104649,1776
2021-11-03,San Luis Obispo,079,281455,29739,29276,1239,30515,348
2021-11-03,San Mateo,081,765935,54441,53396,882,54278,571
2021-11-03,Santa Barbara,083,443738,44679,44220,1629,45849,531
2021-11-03,Santa Clara,085,1922200,147673,146259,1360,147619,1897
2021-11-03,Santa Cruz,087,273765,20484,20275,1013,21288,222
2021-11-03,Shasta,089,179085,21663,21215,3630,24845,346
2021-11-03,Sierra,091,2930,186,180,21,201,0
2021-11-03,Siskiyou,093,43540,3347,3276,1293,4569,46
2021-11-03,Solano,095,438530,46107,45411,1278,46689,351
2021-11-03,Sonoma,097,501317,41679,41326,527,41853,395
2021-11-03,Stanislaus,099,539301,79385,78736,8873,87609,1193
2021-11-03,Sutter,101,95872,13993,13876,349,14225,179
2021-11-03,Tehama,103,63373,8586,8438,1486,9924,118
2021-11-03,Trinity,105,12862,858,730,216,946,11
2021-11-03,Tulare,107,460477,68953,67588,15229,82817,1007
2021-11-03,Tuolumne,109,53932,7302,7218,98,7316,90
2021-11-03,Ventura,111,848112,98428,97682,4327,102009,1178
2021-11-03,Yolo,113,214977,19922,19758,1144,20902,250
2021-11-03,Yuba,115,75493,10185,10092,336,10428,83
2021-11-02,Alameda,001,1643700,120053,119241,2827,122068,1425
2021-11-02,Alpine,003,1148,101,105,0,105,0
2021-11-02,Amador,005,37829,5590,5535,60,5595,66
2021-11-02,Butte,007,227075,21037,20744,3776,24520,282
2021-11-02,Calaveras,009,45235,4102,4075,56,4131,82
2021-11-02,Colusa,011,21464,2520,2497,648,3145,19
2021-11-02,Contra Costa,013,1133247,99754,99080,2198,101278,1025
2021-11-02,Del Norte,015,27424,3694,3596,54,3650,42
2021-11-02,El Dorado,017,186661,16119,15883,1693,17576,154
2021-11-02,Fresno,019,978130,140686,138644,12334,150978,2158
2021-11-02,Glenn,021,27897,3510,3469,984,4453,33
2021-11-02,Humboldt,023,135768,9095,8937,569,9506,109
2021-11-02,Imperial,025,180216,33762,33371,3372,36743,766
2021-11-02,Inyo,027,18085,2383,2324,41,2365,41
2021-11-02,Kern,029,883053,128132,126311,22394,148705,1665
2021-11-02,Kings,031,150075,32389,31896,1950,33846,339
2021-11-02,Lake,033,64148,6759,6681,152,6833,106
2021-11-02,Lassen,035,31185,6895,6777,379,7156,45
2021-11-02,Los Angeles,037,10098052,1439724,1429601,54630,1484231,26496
2021-11-02,Madera,039,155013,23302,22837,2101,24938,287
2021-11-02,Marin,041,260295,17603,17482,457,17939,247
2021-11-02,Mariposa,043,17540,1301,1270,46,1316,5
2021-11-02,Mendocino,045,87422,7617,7447,563,8010,84
2021-11-02,Merced,047,269075,42160,41785,1810,43595,596
2021-11-02,Modoc,049,8938,546,520,194,714,5
2021-11-02,Mono,051,14174,1726,1718,21,1739,4
2021-11-02,Monterey,053,433212,48835,47775,2938,50713,599
2021-11-02,Napa,055,140530,13028,12930,115,13045,104
2021-11-02,Nevada,057,99092,9256,9122,326,9448,91
2021-11-02,Orange,059,3164182,308004,305369,15256,320625,5600
2021-11-02,Placer,061,380077,37291,36817,3676,40493,438
2021-11-02,Plumas,063,18699,1812,1721,34,1755,7
2021-11-02,Riverside,065,2383286,364435,359586,16492,376078,5116
2021-11-02,Sacramento,067,1510023,159585,158112,4657,162769,2250
2021-11-02,San Benito,069,59416,7437,7407,172,7579,75
2021-11-02,San Bernardino,071,2135413,355090,351832,11197,363029,5813
2021-11-02,San Diego,073,3302833,375290,372440,21710,394150,4232
2021-11-02,San Francisco,075,870044,53119,52450,2347,54797,663
2021-11-02,San Joaquin,077,732212,100004,99076,5450,104526,1772
2021-11-02,San Luis Obispo,079,281455,29706,29224,1236,30460,348
2021-11-02,San Mateo,081,765935,54369,53351,879,54230,571
2021-11-02,Santa Barbara,083,443738,44623,44177,1625,45802,531
2021-11-02,Santa Clara,085,1922200,147479,146115,1353,147468,1896
2021-11-02,Santa Cruz,087,273765,20451,20266,1012,21278,222
2021-11-02,Shasta,089,179085,21588,21127,3620,24747,344
2021-11-02,Sierra,091,2930,186,180,20,200,0
2021-11-02,Siskiyou,093,43540,3345,3272,1290,4562,46
2021-11-02,Solano,095,438530,46067,45378,1272,46650,350
2021-11-02,Sonoma,097,501317,41600,41288,526,41814,395
2021-11-02,Stanislaus,099,539301,79230,78629,8853,87482,1193
2021-11-02,Sutter,101,95872,13972,13868,349,14217,179
2021-11-02,Tehama,103,63373,8570,8422,1484,9906,116
2021-11-02,Trinity,105,12862,858,729,216,945,11
2021-11-02,Tulare,107,460477,68829,67502,15181,82683,1002
2021-11-02,Tuolumne,109,53932,7281,7204,96,7300,90
2021-11-02,Ventura,111,848112,98323,97574,4323,101897,1178
2021-11-02,Yolo,113,214977,19891,19736,1142,20878,250
2021-11-02,Yuba,115,75493,10162,10080,334,10414,83
2021-11-01,Alameda,001,1643700,119917,119159,2825,121984,1421
2021-11-01,Alpine,003,1148,101,105,0,105,0
2021-11-01,Amador,005,37829,5588,5532,60,5592,64
2021-11-01,Butte,007,227075,20987,20710,3771,24481,281
2021-11-01,Calaveras,009,45235,4092,4059,55,4114,82
2021-11-01,Colusa,011,21464,2518,2494,645,3139,19
2021-11-01,Contra Costa,013,1133247,99629,99011,2189,101200,1025
2021-11-01,Del Norte,015,27424,3692,3594,54,3648,42
2021-11-01,El Dorado,017,186661,16095,15858,1687,17545,154
2021-11-01,Fresno,019,978130,140310,138421,12303,150724,2149
2021-11-01,Glenn,021,27897,3503,3461,982,4443,33
2021-11-01,Humboldt,023,135768,9067,8929,565,9494,108
2021-11-01,Imperial,025,180216,33711,33342,3363,36705,766
2021-11-01,Inyo,027,18085,2371,2307,41,2348,41
2021-11-01,Kern,029,883053,127832,126092,22279,148371,1660
2021-11-01,Kings,031,150075,32336,31866,1948,33814,337
2021-11-01,Lake,033,64148,6748,6676,151,6827,106
2021-11-01,Lassen,035,31185,6880,6775,376,7151,42
2021-11-01,Los Angeles,037,10098052,1438340,1428891,54538,1483429,26483
2021-11-01,Madera,039,155013,23222,22801,2096,24897,283
2021-11-01,Marin,041,260295,17583,17460,456,17916,247
2021-11-01,Mariposa,043,17540,1293,1266,45,1311,5
2021-11-01,Mendocino,045,87422,7584,7422,545,7967,84
2021-11-01,Merced,047,269075,42071,41740,1808,43548,594
2021-11-01,Modoc,049,8938,541,520,192,712,5
2021-11-01,Mono,051,14174,1722,1714,21,1735,3
2021-11-01,Monterey,053,433212,48793,47756,2926,50682,597
2021-11-01,Napa,055,140530,13001,12916,114,13030,101
2021-11-01,Nevada,057,99092,9233,9108,325,9433,91
2021-11-01,Orange,059,3164182,307662,305192,15214,320406,5596
2021-11-01,Placer,061,380077,37208,36747,3664,40411,435
2021-11-01,Plumas,063,18699,1793,1719,34,1753,7
2021-11-01,Riverside,065,2383286,363934,359263,16470,375733,5115
2021-11-01,Sacramento,067,1510023,159313,157893,4633,162526,2239
2021-11-01,San Benito,069,59416,7427,7406,171,7577,73
2021-11-01,San Bernardino,071,2135413,354605,351620,11177,362797,5815
2021-11-01,San Diego,073,3302833,374705,372043,21692,393735,4232
2021-11-01,San Francisco,075,870044,53032,52418,2340,54758,661
2021-11-01,San Joaquin,077,732212,99841,98969,5443,104412,1772
2021-11-01,San Luis Obispo,079,281455,29662,29199,1232,30431,343
2021-11-01,San Mateo,081,765935,54303,53314,875,54189,571
2021-11-01,Santa Barbara,083,443738,44556,44146,1621,45767,529
2021-11-01,Santa Clara,085,1922200,147282,145978,1348,147326,1907
2021-11-01,Santa Cruz,087,273765,20416,20238,1012,21250,221
2021-11-01,Shasta,089,179085,21535,21104,3613,24717,338
2021-11-01,Sierra,091,2930,186,180,20,200,0
2021-11-01,Siskiyou,093,43540,3338,3272,1285,4557,46
2021-11-01,Solano,095,438530,46011,45358,1272,46630,350
2021-11-01,Sonoma,097,501317,41527,41234,526,41760,395
2021-11-01,Stanislaus,099,539301,79101,78534,8838,87372,1193
2021-11-01,Sutter,101,95872,13948,13852,347,14199,179
2021-11-01,Tehama,103,63373,8542,8412,1483,9895,116
2021-11-01,Trinity,105,12862,856,727,216,943,11
2021-11-01,Tulare,107,460477,68683,67388,15129,82517,1002
2021-11-01,Tuolumne,109,53932,7265,7175,95,7270,90
2021-11-01,Ventura,111,848112,98233,97507,4321,101828,1178
2021-11-01,Yolo,113,214977,19871,19708,1135,20843,250
2021-11-01,Yuba,115,75493,10144,10066,332,10398,83
2021-10-31,Alameda,001,1643700,119773,119071,2822,121893,1419
2021-10-31,Alpine,003,1148,101,105,0,105,0
2021-10-31,Amador,005,37829,5577,5518,60,5578,64
2021-10-31,Butte,007,227075,20926,20689,3762,24451,281
2021-10-31,Calaveras,009,45235,4074,4052,54,4106,82
2021-10-31,Colusa,011,21464,2516,2493,642,3135,18
2021-10-31,Contra Costa,013,1133247,99502,98936,2187,101123,1025
2021-10-31,Del Norte,015,27424,3686,3591,54,3645,42
2021-10-31,El Dorado,017,186661,16049,15841,1684,17525,154
2021-10-31,Fresno,019,978130,139905,138165,12271,150436,2147
2021-10-31,Glenn,021,27897,3498,3459,982,4441,33
2021-10-31,Humboldt,023,135768,9020,8919,559,9478,108
2021-10-31,Imperial,025,180216,33636,33334,3351,36685,766
2021-10-31,Inyo,027,18085,2352,2309,41,2350,41
2021-10-31,Kern,029,883053,127462,125917,22154,148071,1666
2021-10-31,Kings,031,150075,32250,31814,1936,33750,338
2021-10-31,Lake,033,64148,6737,6665,149,6814,106
2021-10-31,Lassen,035,31185,6865,6768,371,7139,42
2021-10-31,Los Angeles,037,10098052,1436802,1427933,54455,1482388,26474
2021-10-31,Madera,039,155013,23127,22744,2083,24827,283
2021-10-31,Marin,041,260295,17555,17443,455,17898,247
2021-10-31,Mariposa,043,17540,1287,1257,44,1301,5
2021-10-31,Mendocino,045,87422,7543,7403,528,7931,84
2021-10-31,Merced,047,269075,41977,41699,1788,43487,589
2021-10-31,Modoc,049,8938,535,517,189,706,5
2021-10-31,Mono,051,14174,1718,1711,21,1732,3
2021-10-31,Monterey,053,433212,48752,47744,2908,50652,596
2021-10-31,Napa,055,140530,12984,12906,112,13018,101
2021-10-31,Nevada,057,99092,9196,9084,320,9404,91
2021-10-31,Orange,059,3164182,307314,305032,15131,320163,5596
2021-10-31,Placer,061,380077,37111,36698,3650,40348,435
2021-10-31,Plumas,063,18699,1775,1716,34,1750,7
2021-10-31,Riverside,065,2383286,363355,359005,16456,375461,5104
2021-10-31,Sacramento,067,1510023,158963,157667,4618,162285,2243
2021-10-31,San Benito,069,59416,7417,7397,169,7566,73
2021-10-31,San Bernardino,071,2135413,354073,351411,11163,362574,5810
2021-10-31,San Diego,073,3302833,374133,371603,21662,393265,4218
2021-10-31,San Francisco,075,870044,52923,52370,2334,54704,661
2021-10-31,San Joaquin,077,732212,99678,98893,5429,104322,1772
2021-10-31,San Luis Obispo,079,281455,29609,29176,1231,30407,343
2021-10-31,San Mateo,081,765935,54245,53284,873,54157,571
2021-10-31,Santa Barbara,083,443738,44486,44113,1616,45729,529
2021-10-31,Santa Clara,085,1922200,147068,145829,1334,147163,1908
2021-10-31,Santa Cruz,087,273765,20381,20218,1011,21229,221
2021-10-31,Shasta,089,179085,21452,21086,3601,24687,338
2021-10-31,Sierra,091,2930,186,180,20,200,0
2021-10-31,Siskiyou,093,43540,3332,3271,1284,4555,46
2021-10-31,Solano,095,438530,45963,45310,1265,46575,350
2021-10-31,Sonoma,097,501317,41458,41183,523,41706,395
2021-10-31,Stanislaus,099,539301,78910,78426,8823,87249,1193
2021-10-31,Sutter,101,95872,13929,13838,344,14182,179
2021-10-31,Tehama,103,63373,8511,8391,1479,9870,116
2021-10-31,Trinity,105,12862,856,724,216,940,11
2021-10-31,Tulare,107,460477,68487,67310,15039,82349,1002
2021-10-31,Tuolumne,109,53932,7236,7141,94,7235,90
2021-10-31,Ventura,111,848112,98111,97460,4316,101776,1178
2021-10-31,Yolo,113,214977,19830,19662,1129,20791,250
2021-10-31,Yuba,115,75493,10126,10051,322,10373,83
2021-10-30,Alameda,001,1643700,119713,118632,2819,121451,1419
2021-10-30,Alpine,003,1148,101,105,0,105,0
2021-10-30,Amador,005,37829,5568,5480,59,5539,64
2021-10-30,Butte,007,227075,20911,20516,3756,24272,277
2021-10-30,Calaveras,009,45235,4067,3992,54,4046,82
2021-10-30,Colusa,011,21464,2516,2484,641,3125,19
2021-10-30,Contra Costa,013,1133247,99438,98562,2186,100748,1024
2021-10-30,Del Norte,015,27424,3683,3574,54,3628,42
2021-10-30,El Dorado,017,186661,16033,15752,1679,17431,154
2021-10-30,Fresno,019,978130,139762,136901,12266,149167,2131
2021-10-30,Glenn,021,27897,3494,3442,982,4424,33
2021-10-30,Humboldt,023,135768,9005,8871,557,9428,105
2021-10-30,Imperial,025,180216,33591,33156,3347,36503,766
2021-10-30,Inyo,027,18085,2349,2249,41,2290,41
2021-10-30,Kern,029,883053,127310,124892,22083,146975,1653
2021-10-30,Kings,031,150075,32216,31578,1932,33510,337
2021-10-30,Lake,033,64148,6732,6610,149,6759,106
2021-10-30,Lassen,035,31185,6859,6719,369,7088,42
2021-10-30,Los Angeles,037,10098052,1436081,1424257,54401,1478658,26625
2021-10-30,Madera,039,155013,23083,22524,2078,24602,283
2021-10-30,Marin,041,260295,17540,17380,453,17833,247
2021-10-30,Mariposa,043,17540,1284,1228,44,1272,5
2021-10-30,Mendocino,045,87422,7520,7338,526,7864,84
2021-10-30,Merced,047,269075,41937,41428,1786,43214,586
2021-10-30,Modoc,049,8938,533,513,188,701,5
2021-10-30,Mono,051,14174,1718,1684,21,1705,3
2021-10-30,Monterey,053,433212,48735,47649,2902,50551,588
2021-10-30,Napa,055,140530,12970,12863,111,12974,101
2021-10-30,Nevada,057,99092,9177,9015,320,9335,91
2021-10-30,Orange,059,3164182,307136,304120,15109,319229,5588
2021-10-30,Placer,061,380077,37065,36400,3644,40044,434
2021-10-30,Plumas,063,18699,1770,1695,34,1729,7
2021-10-30,Riverside,065,2383286,363055,357645,16447,374092,5088
2021-10-30,Sacramento,067,1510023,158807,157125,4609,161734,2233
2021-10-30,San Benito,069,59416,7410,7362,169,7531,71
2021-10-30,San Bernardino,071,2135413,353796,350076,11148,361224,5777
2021-10-30,San Diego,073,3302833,373759,370006,21640,391646,4213
2021-10-30,San Francisco,075,870044,52894,52161,2332,54493,661
2021-10-30,San Joaquin,077,732212,99623,98314,5428,103742,1768
2021-10-30,San Luis Obispo,079,281455,29577,29053,1228,30281,341
2021-10-30,San Mateo,081,765935,54205,53083,873,53956,571
2021-10-30,Santa Barbara,083,443738,44451,43972,1615,45587,528
2021-10-30,Santa Clara,085,1922200,146963,145262,1330,146592,1903
2021-10-30,Santa Cruz,087,273765,20363,20134,1009,21143,221
2021-10-30,Shasta,089,179085,21407,20878,3595,24473,332
2021-10-30,Sierra,091,2930,186,175,20,195,0
2021-10-30,Siskiyou,093,43540,3331,3257,1281,4538,46
2021-10-30,Solano,095,438530,45942,45146,1263,46409,346
2021-10-30,Sonoma,097,501317,41419,40924,523,41447,393
2021-10-30,Stanislaus,099,539301,78840,77871,8816,86687,1191
2021-10-30,Sutter,101,95872,13916,13773,344,14117,178
2021-10-30,Tehama,103,63373,8500,8307,1474,9781,114
2021-10-30,Trinity,105,12862,854,708,215,923,11
2021-10-30,Tulare,107,460477,68416,66745,14992,81737,995
2021-10-30,Tuolumne,109,53932,7212,7050,93,7143,90
2021-10-30,Ventura,111,848112,98061,97182,4313,101495,1174
2021-10-30,Yolo,113,214977,19810,19568,1127,20695,250
2021-10-30,Yuba,115,75493,10115,9969,322,10291,82
2021-10-29,Alameda,001,1643700,119633,118632,2815,121447,1419
2021-10-29,Alpine,003,1148,101,105,0,105,0
2021-10-29,Amador,005,37829,5557,5480,59,5539,64
2021-10-29,Butte,007,227075,20887,20516,3746,24262,277
2021-10-29,Calaveras,009,45235,4060,3992,54,4046,82
2021-10-29,Colusa,011,21464,2516,2484,639,3123,19
2021-10-29,Contra Costa,013,1133247,99369,98562,2184,100746,1024
2021-10-29,Del Norte,015,27424,3676,3574,54,3628,42
2021-10-29,El Dorado,017,186661,16019,15752,1679,17431,154
2021-10-29,Fresno,019,978130,139547,136901,12254,149155,2131
2021-10-29,Glenn,021,27897,3493,3442,981,4423,33
2021-10-29,Humboldt,023,135768,9000,8871,556,9427,105
2021-10-29,Imperial,025,180216,33564,33156,3344,36500,766
2021-10-29,Inyo,027,18085,2346,2249,41,2290,41
2021-10-29,Kern,029,883053,127133,124892,21993,146885,1653
2021-10-29,Kings,031,150075,32182,31578,1930,33508,337
2021-10-29,Lake,033,64148,6723,6610,146,6756,106
2021-10-29,Lassen,035,31185,6850,6719,366,7085,42
2021-10-29,Los Angeles,037,10098052,1435237,1424257,54358,1478615,26625
2021-10-29,Madera,039,155013,23031,22524,2073,24597,283
2021-10-29,Marin,041,260295,17524,17380,452,17832,247
2021-10-29,Mariposa,043,17540,1280,1228,44,1272,5
2021-10-29,Mendocino,045,87422,7512,7338,526,7864,84
2021-10-29,Merced,047,269075,41888,41428,1780,43208,586
2021-10-29,Modoc,049,8938,531,513,187,700,5
2021-10-29,Mono,051,14174,1716,1684,21,1705,3
2021-10-29,Monterey,053,433212,48711,47649,2902,50551,588
2021-10-29,Napa,055,140530,12949,12863,111,12974,101
2021-10-29,Nevada,057,99092,9165,9015,320,9335,91
2021-10-29,Orange,059,3164182,306912,304120,15089,319209,5588
2021-10-29,Placer,061,380077,37029,36400,3633,40033,434
2021-10-29,Plumas,063,18699,1764,1695,34,1729,7
2021-10-29,Riverside,065,2383286,362721,357645,16442,374087,5088
2021-10-29,Sacramento,067,1510023,158619,157125,4600,161725,2233
2021-10-29,San Benito,069,59416,7407,7362,169,7531,71
2021-10-29,San Bernardino,071,2135413,353498,350076,11139,361215,5777
2021-10-29,San Diego,073,3302833,373383,370006,21612,391618,4213
2021-10-29,San Francisco,075,870044,52835,52161,2326,54487,661
2021-10-29,San Joaquin,077,732212,99566,98314,5423,103737,1768
2021-10-29,San Luis Obispo,079,281455,29551,29053,1226,30279,341
2021-10-29,San Mateo,081,765935,54161,53083,871,53954,571
2021-10-29,Santa Barbara,083,443738,44411,43972,1612,45584,528
2021-10-29,Santa Clara,085,1922200,146848,145262,1323,146585,1903
2021-10-29,Santa Cruz,087,273765,20356,20134,1008,21142,221
2021-10-29,Shasta,089,179085,21368,20878,3589,24467,332
2021-10-29,Sierra,091,2930,184,175,20,195,0
2021-10-29,Siskiyou,093,43540,3331,3257,1280,4537,46
2021-10-29,Solano,095,438530,45905,45146,1262,46408,346
2021-10-29,Sonoma,097,501317,41398,40924,523,41447,393
2021-10-29,Stanislaus,099,539301,78754,77871,8805,86676,1191
2021-10-29,Sutter,101,95872,13897,13773,344,14117,178
2021-10-29,Tehama,103,63373,8487,8307,1473,9780,114
2021-10-29,Trinity,105,12862,853,708,215,923,11
2021-10-29,Tulare,107,460477,68311,66745,14948,81693,995
2021-10-29,Tuolumne,109,53932,7199,7050,93,7143,90
2021-10-29,Ventura,111,848112,98005,97182,4309,101491,1174
2021-10-29,Yolo,113,214977,19792,19568,1122,20690,250
2021-10-29,Yuba,115,75493,10107,9969,318,10287,82
2021-10-28,Alameda,001,1643700,119507,118632,2808,121440,1419
2021-10-28,Alpine,003,1148,101,105,0,105,0
2021-10-28,Amador,005,37829,5544,5480,59,5539,64
2021-10-28,Butte,007,227075,20844,20516,3737,24253,277
2021-10-28,Calaveras,009,45235,4047,3992,54,4046,82
2021-10-28,Colusa,011,21464,2513,2484,638,3122,19
2021-10-28,Contra Costa,013,1133247,99238,98562,2179,100741,1024
2021-10-28,Del Norte,015,27424,3675,3574,54,3628,42
2021-10-28,El Dorado,017,186661,15993,15752,1676,17428,154
2021-10-28,Fresno,019,978130,139218,136901,12226,149127,2131
2021-10-28,Glenn,021,27897,3490,3442,979,4421,33
2021-10-28,Humboldt,023,135768,8984,8871,551,9422,105
2021-10-28,Imperial,025,180216,33499,33156,3337,36493,766
2021-10-28,Inyo,027,18085,2329,2249,41,2290,41
2021-10-28,Kern,029,883053,126885,124892,21879,146771,1653
2021-10-28,Kings,031,150075,32113,31578,1925,33503,337
2021-10-28,Lake,033,64148,6713,6610,146,6756,106
2021-10-28,Lassen,035,31185,6840,6719,362,7081,42
2021-10-28,Los Angeles,037,10098052,1434102,1424257,54284,1478541,26625
2021-10-28,Madera,039,155013,22977,22524,2062,24586,283
2021-10-28,Marin,041,260295,17506,17380,451,17831,247
2021-10-28,Mariposa,043,17540,1276,1228,44,1272,5
2021-10-28,Mendocino,045,87422,7499,7338,515,7853,84
2021-10-28,Merced,047,269075,41803,41428,1769,43197,586
2021-10-28,Modoc,049,8938,530,513,187,700,5
2021-10-28,Mono,051,14174,1710,1684,21,1705,3
2021-10-28,Monterey,053,433212,48682,47649,2884,50533,588
2021-10-28,Napa,055,140530,12940,12863,110,12973,101
2021-10-28,Nevada,057,99092,9147,9015,320,9335,91
2021-10-28,Orange,059,3164182,306625,304120,15023,319143,5588
2021-10-28,Placer,061,380077,36950,36400,3624,40024,434
2021-10-28,Plumas,063,18699,1756,1695,34,1729,7
2021-10-28,Riverside,065,2383286,362283,357645,16418,374063,5088
2021-10-28,Sacramento,067,1510023,158353,157125,4588,161713,2233
2021-10-28,San Benito,069,59416,7399,7362,169,7531,71
2021-10-28,San Bernardino,071,2135413,353084,350076,11117,361193,5777
2021-10-28,San Diego,073,3302833,372910,370006,21589,391595,4213
2021-10-28,San Francisco,075,870044,52788,52161,2319,54480,661
2021-10-28,San Joaquin,077,732212,99438,98314,5422,103736,1768
2021-10-28,San Luis Obispo,079,281455,29522,29053,1223,30276,341
2021-10-28,San Mateo,081,765935,54116,53083,869,53952,571
2021-10-28,Santa Barbara,083,443738,44372,43972,1610,45582,528
2021-10-28,Santa Clara,085,1922200,146691,145262,1318,146580,1903
2021-10-28,Santa Cruz,087,273765,20332,20134,1008,21142,221
2021-10-28,Shasta,089,179085,21293,20878,3582,24460,332
2021-10-28,Sierra,091,2930,183,175,20,195,0
2021-10-28,Siskiyou,093,43540,3330,3257,1280,4537,46
2021-10-28,Solano,095,438530,45866,45146,1261,46407,346
2021-10-28,Sonoma,097,501317,41330,40924,522,41446,393
2021-10-28,Stanislaus,099,539301,78602,77871,8789,86660,1191
2021-10-28,Sutter,101,95872,13884,13773,340,14113,178
2021-10-28,Tehama,103,63373,8449,8307,1470,9777,114
2021-10-28,Trinity,105,12862,850,708,215,923,11
2021-10-28,Tulare,107,460477,68171,66745,14891,81636,995
2021-10-28,Tuolumne,109,53932,7168,7050,93,7143,90
2021-10-28,Ventura,111,848112,97920,97182,4306,101488,1174
2021-10-28,Yolo,113,214977,19755,19568,1117,20685,250
2021-10-28,Yuba,115,75493,10078,9969,315,10284,82
2021-10-27,Alameda,001,1643700,119385,118487,2806,121293,1414
2021-10-27,Alpine,003,1148,101,105,0,105,0
2021-10-27,Amador,005,37829,5532,5470,58,5528,64
2021-10-27,Butte,007,227075,20800,20446,3723,24169,274
2021-10-27,Calaveras,009,45235,4029,3970,53,4023,82
2021-10-27,Colusa,011,21464,2512,2480,637,3117,18
2021-10-27,Contra Costa,013,1133247,99131,98442,2167,100609,1018
2021-10-27,Del Norte,015,27424,3668,3571,53,3624,42
2021-10-27,El Dorado,017,186661,15962,15723,1671,17394,154
2021-10-27,Fresno,019,978130,138838,136447,12196,148643,2128
2021-10-27,Glenn,021,27897,3486,3435,978,4413,33
2021-10-27,Humboldt,023,135768,8964,8851,549,9400,105
2021-10-27,Imperial,025,180216,33460,33068,3332,36400,766
2021-10-27,Inyo,027,18085,2309,2236,41,2277,41
2021-10-27,Kern,029,883053,126616,124557,21779,146336,1647
2021-10-27,Kings,031,150075,32047,31437,1920,33357,335
2021-10-27,Lake,033,64148,6686,6589,146,6735,105
2021-10-27,Lassen,035,31185,6826,6706,360,7066,42
2021-10-27,Los Angeles,037,10098052,1432870,1422615,54225,1476840,26604
2021-10-27,Madera,039,155013,22891,22413,2040,24453,283
2021-10-27,Marin,041,260295,17491,17362,451,17813,247
2021-10-27,Mariposa,043,17540,1263,1228,44,1272,5
2021-10-27,Mendocino,045,87422,7485,7321,508,7829,84
2021-10-27,Merced,047,269075,41706,41310,1755,43065,583
2021-10-27,Modoc,049,8938,526,513,187,700,5
2021-10-27,Mono,051,14174,1707,1682,21,1703,3
2021-10-27,Monterey,053,433212,48644,47610,2862,50472,588
2021-10-27,Napa,055,140530,12925,12856,109,12965,101
2021-10-27,Nevada,057,99092,9130,8987,319,9306,90
2021-10-27,Orange,059,3164182,306306,303825,14972,318797,5584
2021-10-27,Placer,061,380077,36884,36296,3617,39913,434
2021-10-27,Plumas,063,18699,1748,1686,34,1720,7
2021-10-27,Riverside,065,2383286,361854,357152,16410,373562,5081
2021-10-27,Sacramento,067,1510023,158085,156830,4567,161397,2230
2021-10-27,San Benito,069,59416,7393,7337,169,7506,71
2021-10-27,San Bernardino,071,2135413,352663,349624,11096,360720,5770
2021-10-27,San Diego,073,3302833,372334,369579,21565,391144,4207
2021-10-27,San Francisco,075,870044,52735,52108,2315,54423,655
2021-10-27,San Joaquin,077,732212,99278,98168,5407,103575,1753
2021-10-27,San Luis Obispo,079,281455,29483,29002,1221,30223,341
2021-10-27,San Mateo,081,765935,54061,53032,861,53893,571
2021-10-27,Santa Barbara,083,443738,44319,43901,1607,45508,527
2021-10-27,Santa Clara,085,1922200,146514,145081,1310,146391,1902
2021-10-27,Santa Cruz,087,273765,20305,20091,1006,21097,221
2021-10-27,Shasta,089,179085,21219,20813,3574,24387,331
2021-10-27,Sierra,091,2930,182,176,20,196,0
2021-10-27,Siskiyou,093,43540,3327,3256,1276,4532,46
2021-10-27,Solano,095,438530,45821,45089,1253,46342,346
2021-10-27,Sonoma,097,501317,41254,40829,520,41349,393
2021-10-27,Stanislaus,099,539301,78442,77687,8775,86462,1191
2021-10-27,Sutter,101,95872,13870,13754,340,14094,177
2021-10-27,Tehama,103,63373,8427,8265,1469,9734,113
2021-10-27,Trinity,105,12862,850,706,214,920,11
2021-10-27,Tulare,107,460477,68016,66568,14834,81402,991
2021-10-27,Tuolumne,109,53932,7141,7009,92,7101,90
2021-10-27,Ventura,111,848112,97827,97108,4301,101409,1172
2021-10-27,Yolo,113,214977,19726,19517,1110,20627,250
2021-10-27,Yuba,115,75493,10057,9945,313,10258,82
2021-10-26,Alameda,001,1643700,119248,118360,2803,121163,1407
2021-10-26,Alpine,003,1148,101,105,0,105,0
2021-10-26,Amador,005,37829,5524,5465,57,5522,64
2021-10-26,Butte,007,227075,20742,20387,3706,24093,274
2021-10-26,Calaveras,009,45235,4018,3966,53,4019,81
2021-10-26,Colusa,011,21464,2510,2478,636,3114,18
2021-10-26,Contra Costa,013,1133247,99008,98352,2157,100509,1017
2021-10-26,Del Norte,015,27424,3663,3563,53,3616,42
2021-10-26,El Dorado,017,186661,15934,15690,1662,17352,153
2021-10-26,Fresno,019,978130,138394,136211,12160,148371,2122
2021-10-26,Glenn,021,27897,3471,3431,975,4406,33
2021-10-26,Humboldt,023,135768,8946,8830,543,9373,105
2021-10-26,Imperial,025,180216,33394,33012,3327,36339,766
2021-10-26,Inyo,027,18085,2294,2200,41,2241,41
2021-10-26,Kern,029,883053,126272,124351,21658,146009,1645
2021-10-26,Kings,031,150075,31980,31382,1913,33295,336
2021-10-26,Lake,033,64148,6676,6584,144,6728,105
2021-10-26,Lassen,035,31185,6806,6689,358,7047,42
2021-10-26,Los Angeles,037,10098052,1431522,1421795,54154,1475949,26599
2021-10-26,Madera,039,155013,22801,22363,2029,24392,283
2021-10-26,Marin,041,260295,17474,17354,450,17804,244
2021-10-26,Mariposa,043,17540,1258,1225,43,1268,5
2021-10-26,Mendocino,045,87422,7456,7308,491,7799,83
2021-10-26,Merced,047,269075,41628,41267,1748,43015,583
2021-10-26,Modoc,049,8938,526,513,187,700,5
2021-10-26,Mono,051,14174,1701,1680,21,1701,3
2021-10-26,Monterey,053,433212,48606,47572,2851,50423,588
2021-10-26,Napa,055,140530,12913,12849,109,12958,101
2021-10-26,Nevada,057,99092,9099,8971,318,9289,90
2021-10-26,Orange,059,3164182,306037,303533,14933,318466,5580
2021-10-26,Placer,061,380077,36786,36245,3611,39856,434
2021-10-26,Plumas,063,18699,1739,1645,34,1679,7
2021-10-26,Riverside,065,2383286,361368,356775,16400,373175,5068
2021-10-26,Sacramento,067,1510023,157782,156643,4550,161193,2228
2021-10-26,San Benito,069,59416,7370,7325,169,7494,71
2021-10-26,San Bernardino,071,2135413,352241,349346,11081,360427,5764
2021-10-26,San Diego,073,3302833,371815,369043,21535,390578,4198
2021-10-26,San Francisco,075,870044,52660,52063,2312,54375,655
2021-10-26,San Joaquin,077,732212,99101,98036,5392,103428,1748
2021-10-26,San Luis Obispo,079,281455,29444,28928,1215,30143,337
2021-10-26,San Mateo,081,765935,53989,52974,858,53832,571
2021-10-26,Santa Barbara,083,443738,44273,43835,1606,45441,525
2021-10-26,Santa Clara,085,1922200,146316,144932,1304,146236,1903
2021-10-26,Santa Cruz,087,273765,20274,20067,1005,21072,221
2021-10-26,Shasta,089,179085,21159,20725,3556,24281,330
2021-10-26,Sierra,091,2930,182,169,20,189,0
2021-10-26,Siskiyou,093,43540,3321,3254,1274,4528,46
2021-10-26,Solano,095,438530,45764,45044,1252,46296,344
2021-10-26,Sonoma,097,501317,41172,40794,518,41312,393
2021-10-26,Stanislaus,099,539301,78266,77552,8750,86302,1157
2021-10-26,Sutter,101,95872,13840,13739,339,14078,176
2021-10-26,Tehama,103,63373,8398,8247,1463,9710,112
2021-10-26,Trinity,105,12862,846,705,214,919,11
2021-10-26,Tulare,107,460477,67856,66476,14775,81251,991
2021-10-26,Tuolumne,109,53932,7115,6995,90,7085,90
2021-10-26,Ventura,111,848112,97718,97014,4297,101311,1170
2021-10-26,Yolo,113,214977,19698,19490,1107,20597,248
2021-10-26,Yuba,115,75493,10039,9927,308,10235,82
2021-10-25,Alameda,001,1643700,119098,118319,2801,121120,1404
2021-10-25,Alpine,003,1148,101,105,0,105,0
2021-10-25,Amador,005,37829,5510,5455,57,5512,64
2021-10-25,Butte,007,227075,20668,20331,3698,24029,273
2021-10-25,Calaveras,009,45235,3988,3942,52,3994,82
2021-10-25,Colusa,011,21464,2508,2471,634,3105,18
2021-10-25,Contra Costa,013,1133247,98889,98267,2152,100419,1017
2021-10-25,Del Norte,015,27424,3656,3562,53,3615,42
2021-10-25,El Dorado,017,186661,15899,15663,1660,17323,149
2021-10-25,Fresno,019,978130,137959,135974,12121,148095,2112
2021-10-25,Glenn,021,27897,3470,3421,974,4395,33
2021-10-25,Humboldt,023,135768,8922,8825,538,9363,105
2021-10-25,Imperial,025,180216,33332,32968,3316,36284,766
2021-10-25,Inyo,027,18085,2276,2183,41,2224,41
2021-10-25,Kern,029,883053,125921,124078,21519,145597,1649
2021-10-25,Kings,031,150075,31891,31329,1904,33233,335
2021-10-25,Lake,033,64148,6663,6571,144,6715,105
2021-10-25,Lassen,035,31185,6795,6688,356,7044,42
2021-10-25,Los Angeles,037,10098052,1430159,1421061,54088,1475149,26579
2021-10-25,Madera,039,155013,22747,22325,2021,24346,281
2021-10-25,Marin,041,260295,17452,17334,448,17782,244
2021-10-25,Mariposa,043,17540,1244,1220,43,1263,5
2021-10-25,Mendocino,045,87422,7426,7296,487,7783,82
2021-10-25,Merced,047,269075,41561,41207,1721,42928,583
2021-10-25,Modoc,049,8938,524,512,185,697,5
2021-10-25,Mono,051,14174,1693,1677,21,1698,3
2021-10-25,Monterey,053,433212,48574,47547,2849,50396,587
2021-10-25,Napa,055,140530,12900,12841,109,12950,100
2021-10-25,Nevada,057,99092,9073,8958,318,9276,90
2021-10-25,Orange,059,3164182,305739,303279,14895,318174,5574
2021-10-25,Placer,061,380077,36678,36153,3601,39754,431
2021-10-25,Plumas,063,18699,1727,1641,34,1675,7
2021-10-25,Riverside,065,2383286,360941,356381,16385,372766,5056
2021-10-25,Sacramento,067,1510023,157477,156516,4524,161040,2235
2021-10-25,San Benito,069,59416,7356,7314,168,7482,71
2021-10-25,San Bernardino,071,2135413,351746,349075,11069,360144,5748
2021-10-25,San Diego,073,3302833,371229,368386,21507,389893,4196
2021-10-25,San Francisco,075,870044,52586,52041,2305,54346,649
2021-10-25,San Joaquin,077,732212,98898,97980,5383,103363,1740
2021-10-25,San Luis Obispo,079,281455,29396,28907,1210,30117,336
2021-10-25,San Mateo,081,765935,53928,52927,854,53781,571
2021-10-25,Santa Barbara,083,443738,44214,43775,1606,45381,525
2021-10-25,Santa Clara,085,1922200,146126,144895,1299,146194,1901
2021-10-25,Santa Cruz,087,273765,20246,20053,1004,21057,221
2021-10-25,Shasta,089,179085,21087,20666,3549,24215,326
2021-10-25,Sierra,091,2930,182,168,20,188,0
2021-10-25,Siskiyou,093,43540,3317,3248,1269,4517,46
2021-10-25,Solano,095,438530,45703,45022,1250,46272,344
2021-10-25,Sonoma,097,501317,41099,40746,516,41262,393
2021-10-25,Stanislaus,099,539301,78073,77452,8721,86173,1145
2021-10-25,Sutter,101,95872,13827,13721,336,14057,176
2021-10-25,Tehama,103,63373,8371,8224,1459,9683,111
2021-10-25,Trinity,105,12862,841,699,213,912,11
2021-10-25,Tulare,107,460477,67662,66357,14713,81070,986
2021-10-25,Tuolumne,109,53932,7081,6952,89,7041,90
2021-10-25,Ventura,111,848112,97627,96932,4294,101226,1167
2021-10-25,Yolo,113,214977,19649,19457,1104,20561,248
2021-10-25,Yuba,115,75493,10023,9924,304,10228,82
2021-10-24,Alameda,001,1643700,118966,117816,2796,120612,1397
2021-10-24,Alpine,003,1148,101,105,0,105,0
2021-10-24,Amador,005,37829,5505,5412,57,5469,64
2021-10-24,Butte,007,227075,20599,20101,3686,23787,273
2021-10-24,Calaveras,009,45235,3969,3865,51,3916,81
2021-10-24,Colusa,011,21464,2504,2458,631,3089,18
2021-10-24,Contra Costa,013,1133247,98770,97855,2143,99998,1008
2021-10-24,Del Norte,015,27424,3652,3540,53,3593,42
2021-10-24,El Dorado,017,186661,15863,15540,1656,17196,149
2021-10-24,Fresno,019,978130,137529,134466,12083,146549,2094
2021-10-24,Glenn,021,27897,3463,3399,972,4371,33
2021-10-24,Humboldt,023,135768,8909,8753,532,9285,105
2021-10-24,Imperial,025,180216,33254,32777,3308,36085,766
2021-10-24,Inyo,027,18085,2244,2108,41,2149,41
2021-10-24,Kern,029,883053,125590,122939,21400,144339,1636
2021-10-24,Kings,031,150075,31762,30942,1888,32830,325
2021-10-24,Lake,033,64148,6640,6501,143,6644,105
2021-10-24,Lassen,035,31185,6778,6632,355,6987,27
2021-10-24,Los Angeles,037,10098052,1428719,1415919,54020,1469939,26527
2021-10-24,Madera,039,155013,22670,22062,2008,24070,281
2021-10-24,Marin,041,260295,17436,17264,447,17711,244
2021-10-24,Mariposa,043,17540,1241,1184,43,1227,5
2021-10-24,Mendocino,045,87422,7402,7220,476,7696,82
2021-10-24,Merced,047,269075,41439,40808,1716,42524,581
2021-10-24,Modoc,049,8938,523,507,185,692,5
2021-10-24,Mono,051,14174,1688,1655,21,1676,3
2021-10-24,Monterey,053,433212,48526,47456,2838,50294,586
2021-10-24,Napa,055,140530,12889,12789,109,12898,100
2021-10-24,Nevada,057,99092,9050,8861,315,9176,90
2021-10-24,Orange,059,3164182,305391,302237,14857,317094,5546
2021-10-24,Placer,061,380077,36574,35822,3587,39409,426
2021-10-24,Plumas,063,18699,1717,1623,33,1656,7
2021-10-24,Riverside,065,2383286,360467,354688,16365,371053,5041
2021-10-24,Sacramento,067,1510023,157134,155125,4500,159625,2232
2021-10-24,San Benito,069,59416,7336,7280,168,7448,71
2021-10-24,San Bernardino,071,2135413,351200,347681,11058,358739,5688
2021-10-24,San Diego,073,3302833,370626,366085,21476,387561,4183
2021-10-24,San Francisco,075,870044,52522,51820,2299,54119,649
2021-10-24,San Joaquin,077,732212,98725,97440,5377,102817,1721
2021-10-24,San Luis Obispo,079,281455,29335,28755,1203,29958,333
2021-10-24,San Mateo,081,765935,53855,52719,854,53573,571
2021-10-24,Santa Barbara,083,443738,44147,43552,1604,45156,523
2021-10-24,Santa Clara,085,1922200,145935,144276,1289,145565,1897
2021-10-24,Santa Cruz,087,273765,20208,19967,1003,20970,221
2021-10-24,Shasta,089,179085,20987,20386,3543,23929,321
2021-10-24,Sierra,091,2930,182,168,20,188,0
2021-10-24,Siskiyou,093,43540,3310,3231,1265,4496,46
2021-10-24,Solano,095,438530,45653,44861,1245,46106,341
2021-10-24,Sonoma,097,501317,41017,40476,516,40992,393
2021-10-24,Stanislaus,099,539301,77880,76812,8709,85521,1145
2021-10-24,Sutter,101,95872,13800,13616,328,13944,175
2021-10-24,Tehama,103,63373,8323,8105,1448,9553,110
2021-10-24,Trinity,105,12862,837,696,210,906,11
2021-10-24,Tulare,107,460477,67490,65585,14641,80226,978
2021-10-24,Tuolumne,109,53932,7041,6840,87,6927,90
2021-10-24,Ventura,111,848112,97520,96664,4293,100957,1167
2021-10-24,Yolo,113,214977,19602,19280,1101,20381,248
2021-10-24,Yuba,115,75493,9998,9838,303,10141,82
2021-10-23,Alameda,001,1643700,118879,117816,2791,120607,1397
2021-10-23,Alpine,003,1148,101,105,0,105,0
2021-10-23,Amador,005,37829,5498,5412,57,5469,64
2021-10-23,Butte,007,227075,20565,20101,3677,23778,273
2021-10-23,Calaveras,009,45235,3962,3865,50,3915,81
2021-10-23,Colusa,011,21464,2502,2458,630,3088,18
2021-10-23,Contra Costa,013,1133247,98718,97855,2139,99994,1008
2021-10-23,Del Norte,015,27424,3650,3540,53,3593,42
2021-10-23,El Dorado,017,186661,15837,15540,1654,17194,149
2021-10-23,Fresno,019,978130,137354,134466,12076,146542,2094
2021-10-23,Glenn,021,27897,3461,3399,971,4370,33
2021-10-23,Humboldt,023,135768,8894,8753,527,9280,105
2021-10-23,Imperial,025,180216,33207,32777,3304,36081,766
2021-10-23,Inyo,027,18085,2233,2108,41,2149,41
2021-10-23,Kern,029,883053,125430,122939,21311,144250,1636
2021-10-23,Kings,031,150075,31716,30942,1886,32828,325
2021-10-23,Lake,033,64148,6635,6501,143,6644,105
2021-10-23,Lassen,035,31185,6775,6632,353,6985,27
2021-10-23,Los Angeles,037,10098052,1428043,1415919,53965,1469884,26527
2021-10-23,Madera,039,155013,22621,22062,1999,24061,281
2021-10-23,Marin,041,260295,17419,17264,446,17710,244
2021-10-23,Mariposa,043,17540,1238,1184,42,1226,5
2021-10-23,Mendocino,045,87422,7395,7220,475,7695,82
2021-10-23,Merced,047,269075,41398,40808,1714,42522,581
2021-10-23,Modoc,049,8938,521,507,185,692,5
2021-10-23,Mono,051,14174,1683,1655,21,1676,3
2021-10-23,Monterey,053,433212,48508,47456,2834,50290,586
2021-10-23,Napa,055,140530,12884,12789,109,12898,100
2021-10-23,Nevada,057,99092,9039,8861,313,9174,90
2021-10-23,Orange,059,3164182,305204,302237,14841,317078,5546
2021-10-23,Placer,061,380077,36512,35822,3581,39403,426
2021-10-23,Plumas,063,18699,1716,1623,33,1656,7
2021-10-23,Riverside,065,2383286,360147,354688,16358,371046,5041
2021-10-23,Sacramento,067,1510023,157005,155125,4492,159617,2232
2021-10-23,San Benito,069,59416,7326,7280,168,7448,71
2021-10-23,San Bernardino,071,2135413,350932,347681,11052,358733,5688
2021-10-23,San Diego,073,3302833,370268,366085,21445,387530,4183
2021-10-23,San Francisco,075,870044,52487,51820,2298,54118,649
2021-10-23,San Joaquin,077,732212,98657,97440,5368,102808,1721
2021-10-23,San Luis Obispo,079,281455,29298,28755,1201,29956,333
2021-10-23,San Mateo,081,765935,53817,52719,853,53572,571
2021-10-23,Santa Barbara,083,443738,44116,43552,1602,45154,523
2021-10-23,Santa Clara,085,1922200,145827,144276,1285,145561,1897
2021-10-23,Santa Cruz,087,273765,20196,19967,1003,20970,221
2021-10-23,Shasta,089,179085,20951,20386,3531,23917,321
2021-10-23,Sierra,091,2930,181,168,20,188,0
2021-10-23,Siskiyou,093,43540,3308,3231,1265,4496,46
2021-10-23,Solano,095,438530,45628,44861,1242,46103,341
2021-10-23,Sonoma,097,501317,40977,40476,516,40992,393
2021-10-23,Stanislaus,099,539301,77791,76812,8690,85502,1145
2021-10-23,Sutter,101,95872,13795,13616,327,13943,175
2021-10-23,Tehama,103,63373,8311,8105,1447,9552,110
2021-10-23,Trinity,105,12862,836,696,210,906,11
2021-10-23,Tulare,107,460477,67402,65585,14581,80166,978
2021-10-23,Tuolumne,109,53932,7020,6840,87,6927,90
2021-10-23,Ventura,111,848112,97459,96664,4293,100957,1167
2021-10-23,Yolo,113,214977,19585,19280,1098,20378,248
2021-10-23,Yuba,115,75493,9990,9838,303,10141,82
2021-10-22,Alameda,001,1643700,118792,117816,2788,120604,1397
2021-10-22,Alpine,003,1148,101,105,0,105,0
2021-10-22,Amador,005,37829,5487,5412,57,5469,64
2021-10-22,Butte,007,227075,20533,20101,3673,23774,273
2021-10-22,Calaveras,009,45235,3954,3865,50,3915,81
2021-10-22,Colusa,011,21464,2499,2458,630,3088,18
2021-10-22,Contra Costa,013,1133247,98627,97855,2137,99992,1008
2021-10-22,Del Norte,015,27424,3646,3540,53,3593,42
2021-10-22,El Dorado,017,186661,15824,15540,1652,17192,149
2021-10-22,Fresno,019,978130,137141,134466,12067,146533,2094
2021-10-22,Glenn,021,27897,3451,3399,971,4370,33
2021-10-22,Humboldt,023,135768,8881,8753,526,9279,105
2021-10-22,Imperial,025,180216,33164,32777,3304,36081,766
2021-10-22,Inyo,027,18085,2220,2108,41,2149,41
2021-10-22,Kern,029,883053,125243,122939,21238,144177,1636
2021-10-22,Kings,031,150075,31681,30942,1885,32827,325
2021-10-22,Lake,033,64148,6625,6501,143,6644,105
2021-10-22,Lassen,035,31185,6768,6632,350,6982,27
2021-10-22,Los Angeles,037,10098052,1427290,1415919,53905,1469824,26527
2021-10-22,Madera,039,155013,22572,22062,1986,24048,281
2021-10-22,Marin,041,260295,17407,17264,446,17710,244
2021-10-22,Mariposa,043,17540,1235,1184,42,1226,5
2021-10-22,Mendocino,045,87422,7381,7220,474,7694,82
2021-10-22,Merced,047,269075,41359,40808,1709,42517,581
2021-10-22,Modoc,049,8938,521,507,185,692,5
2021-10-22,Mono,051,14174,1681,1655,21,1676,3
2021-10-22,Monterey,053,433212,48475,47456,2832,50288,586
2021-10-22,Napa,055,140530,12878,12789,109,12898,100
2021-10-22,Nevada,057,99092,9022,8861,312,9173,90
2021-10-22,Orange,059,3164182,304988,302237,14811,317048,5546
2021-10-22,Placer,061,380077,36484,35822,3572,39394,426
2021-10-22,Plumas,063,18699,1710,1623,33,1656,7
2021-10-22,Riverside,065,2383286,359836,354688,16353,371041,5041
2021-10-22,Sacramento,067,1510023,156818,155125,4482,159607,2232
2021-10-22,San Benito,069,59416,7321,7280,168,7448,71
2021-10-22,San Bernardino,071,2135413,350604,347681,11038,358719,5688
2021-10-22,San Diego,073,3302833,369855,366085,21427,387512,4183
2021-10-22,San Francisco,075,870044,52452,51820,2291,54111,649
2021-10-22,San Joaquin,077,732212,98598,97440,5365,102805,1721
2021-10-22,San Luis Obispo,079,281455,29268,28755,1201,29956,333
2021-10-22,San Mateo,081,765935,53768,52719,846,53565,571
2021-10-22,Santa Barbara,083,443738,44075,43552,1602,45154,523
2021-10-22,Santa Clara,085,1922200,145671,144276,1278,145554,1897
2021-10-22,Santa Cruz,087,273765,20174,19967,1003,20970,221
2021-10-22,Shasta,089,179085,20919,20386,3528,23914,321
2021-10-22,Sierra,091,2930,180,168,19,187,0
2021-10-22,Siskiyou,093,43540,3306,3231,1262,4493,46
2021-10-22,Solano,095,438530,45593,44861,1238,46099,341
2021-10-22,Sonoma,097,501317,40920,40476,516,40992,393
2021-10-22,Stanislaus,099,539301,77688,76812,8671,85483,1145
2021-10-22,Sutter,101,95872,13780,13616,327,13943,175
2021-10-22,Tehama,103,63373,8289,8105,1442,9547,110
2021-10-22,Trinity,105,12862,835,696,210,906,11
2021-10-22,Tulare,107,460477,67314,65585,14528,80113,978
2021-10-22,Tuolumne,109,53932,6985,6840,87,6927,90
2021-10-22,Ventura,111,848112,97405,96664,4287,100951,1167
2021-10-22,Yolo,113,214977,19558,19280,1096,20376,248
2021-10-22,Yuba,115,75493,9976,9838,301,10139,82
2021-10-21,Alameda,001,1643700,118677,117816,2783,120599,1397
2021-10-21,Alpine,003,1148,101,105,0,105,0
2021-10-21,Amador,005,37829,5479,5412,57,5469,64
2021-10-21,Butte,007,227075,20450,20101,3660,23761,273
2021-10-21,Calaveras,009,45235,3935,3865,50,3915,81
2021-10-21,Colusa,011,21464,2495,2458,623,3081,18
2021-10-21,Contra Costa,013,1133247,98512,97855,2131,99986,1008
2021-10-21,Del Norte,015,27424,3640,3540,52,3592,42
2021-10-21,El Dorado,017,186661,15796,15540,1645,17185,149
2021-10-21,Fresno,019,978130,136794,134466,12028,146494,2094
2021-10-21,Glenn,021,27897,3447,3399,967,4366,33
2021-10-21,Humboldt,023,135768,8867,8753,522,9275,105
2021-10-21,Imperial,025,180216,33109,32777,3300,36077,766
2021-10-21,Inyo,027,18085,2198,2108,41,2149,41
2021-10-21,Kern,029,883053,124996,122939,21126,144065,1636
2021-10-21,Kings,031,150075,31582,30942,1879,32821,325
2021-10-21,Lake,033,64148,6612,6501,142,6643,105
2021-10-21,Lassen,035,31185,6755,6632,346,6978,27
2021-10-21,Los Angeles,037,10098052,1426178,1415919,53855,1469774,26527
2021-10-21,Madera,039,155013,22514,22062,1976,24038,281
2021-10-21,Marin,041,260295,17389,17264,446,17710,244
2021-10-21,Mariposa,043,17540,1229,1184,41,1225,5
2021-10-21,Mendocino,045,87422,7363,7220,466,7686,82
2021-10-21,Merced,047,269075,41257,40808,1702,42510,581
2021-10-21,Modoc,049,8938,521,507,185,692,5
2021-10-21,Mono,051,14174,1672,1655,21,1676,3
2021-10-21,Monterey,053,433212,48441,47456,2820,50276,586
2021-10-21,Napa,055,140530,12866,12789,109,12898,100
2021-10-21,Nevada,057,99092,8997,8861,312,9173,90
2021-10-21,Orange,059,3164182,304714,302237,14775,317012,5546
2021-10-21,Placer,061,380077,36395,35822,3559,39381,426
2021-10-21,Plumas,063,18699,1696,1623,33,1656,7
2021-10-21,Riverside,065,2383286,359391,354688,16342,371030,5041
2021-10-21,Sacramento,067,1510023,156499,155125,4457,159582,2232
2021-10-21,San Benito,069,59416,7314,7280,166,7446,71
2021-10-21,San Bernardino,071,2135413,350226,347681,11003,358684,5688
2021-10-21,San Diego,073,3302833,369330,366085,21397,387482,4183
2021-10-21,San Francisco,075,870044,52396,51820,2290,54110,649
2021-10-21,San Joaquin,077,732212,98459,97440,5358,102798,1721
2021-10-21,San Luis Obispo,079,281455,29226,28755,1199,29954,333
2021-10-21,San Mateo,081,765935,53722,52719,845,53564,571
2021-10-21,Santa Barbara,083,443738,44009,43552,1600,45152,523
2021-10-21,Santa Clara,085,1922200,145498,144276,1274,145550,1897
2021-10-21,Santa Cruz,087,273765,20150,19967,1001,20968,221
2021-10-21,Shasta,089,179085,20857,20386,3513,23899,321
2021-10-21,Sierra,091,2930,179,168,18,186,0
2021-10-21,Siskiyou,093,43540,3301,3231,1260,4491,46
2021-10-21,Solano,095,438530,45541,44861,1236,46097,341
2021-10-21,Sonoma,097,501317,40851,40476,514,40990,393
2021-10-21,Stanislaus,099,539301,77519,76812,8660,85472,1145
2021-10-21,Sutter,101,95872,13752,13616,323,13939,175
2021-10-21,Tehama,103,63373,8261,8105,1435,9540,110
2021-10-21,Trinity,105,12862,833,696,210,906,11
2021-10-21,Tulare,107,460477,67124,65585,14458,80043,978
2021-10-21,Tuolumne,109,53932,6947,6840,86,6926,90
2021-10-21,Ventura,111,848112,97313,96664,4285,100949,1167
2021-10-21,Yolo,113,214977,19513,19280,1094,20374,248
2021-10-21,Yuba,115,75493,9952,9838,300,10138,82
2021-10-20,Alameda,001,1643700,118552,117654,2782,120436,1390
2021-10-20,Alpine,003,1148,101,103,0,103,0
2021-10-20,Amador,005,37829,5471,5379,57,5436,64
2021-10-20,Butte,007,227075,20396,20021,3645,23666,270
2021-10-20,Calaveras,009,45235,3914,3844,49,3893,81
2021-10-20,Colusa,011,21464,2491,2454,621,3075,18
2021-10-20,Contra Costa,013,1133247,98399,97721,2127,99848,1008
2021-10-20,Del Norte,015,27424,3636,3536,52,3588,42
2021-10-20,El Dorado,017,186661,15766,15502,1642,17144,149
2021-10-20,Fresno,019,978130,136395,134025,12004,146029,2084
2021-10-20,Glenn,021,27897,3439,3382,966,4348,33
2021-10-20,Humboldt,023,135768,8845,8727,520,9247,105
2021-10-20,Imperial,025,180216,33035,32705,3292,35997,766
2021-10-20,Inyo,027,18085,2178,2077,40,2117,40
2021-10-20,Kern,029,883053,124702,122630,21006,143636,1623
2021-10-20,Kings,031,150075,31506,30805,1869,32674,322
2021-10-20,Lake,033,64148,6590,6475,141,6616,104
2021-10-20,Lassen,035,31185,6740,6622,346,6968,27
2021-10-20,Los Angeles,037,10098052,1425064,1414931,53779,1468710,26506
2021-10-20,Madera,039,155013,22444,21983,1967,23950,281
2021-10-20,Marin,041,260295,17368,17250,444,17694,244
2021-10-20,Mariposa,043,17540,1222,1174,41,1215,5
2021-10-20,Mendocino,045,87422,7336,7189,463,7652,82
2021-10-20,Merced,047,269075,41170,40685,1691,42376,581
2021-10-20,Modoc,049,8938,521,504,185,689,5
2021-10-20,Mono,051,14174,1672,1653,21,1674,3
2021-10-20,Monterey,053,433212,48411,47430,2812,50242,587
2021-10-20,Napa,055,140530,12852,12773,108,12881,100
2021-10-20,Nevada,057,99092,8969,8836,312,9148,90
2021-10-20,Orange,059,3164182,304430,301957,14753,316710,5534
2021-10-20,Placer,061,380077,36305,35729,3550,39279,425
2021-10-20,Plumas,063,18699,1689,1604,33,1637,7
2021-10-20,Riverside,065,2383286,358947,354311,16325,370636,5030
2021-10-20,Sacramento,067,1510023,156199,154822,4433,159255,2222
2021-10-20,San Benito,069,59416,7311,7275,164,7439,71
2021-10-20,San Bernardino,071,2135413,349826,347217,10971,358188,5663
2021-10-20,San Diego,073,3302833,368814,365698,21378,387076,4178
2021-10-20,San Francisco,075,870044,52346,51755,2289,54044,646
2021-10-20,San Joaquin,077,732212,98312,97246,5350,102596,1721
2021-10-20,San Luis Obispo,079,281455,29181,28727,1195,29922,332
2021-10-20,San Mateo,081,765935,53651,52663,837,53500,571
2021-10-20,Santa Barbara,083,443738,43946,43489,1599,45088,523
2021-10-20,Santa Clara,085,1922200,145362,144124,1269,145393,1896
2021-10-20,Santa Cruz,087,273765,20137,19951,1001,20952,219
2021-10-20,Shasta,089,179085,20796,20313,3486,23799,320
2021-10-20,Sierra,091,2930,179,168,18,186,0
2021-10-20,Siskiyou,093,43540,3301,3224,1254,4478,46
2021-10-20,Solano,095,438530,45508,44819,1234,46053,341
2021-10-20,Sonoma,097,501317,40805,40404,514,40918,393
2021-10-20,Stanislaus,099,539301,77369,76631,8641,85272,1145
2021-10-20,Sutter,101,95872,13728,13592,317,13909,175
2021-10-20,Tehama,103,63373,8230,8081,1424,9505,110
2021-10-20,Trinity,105,12862,833,693,209,902,11
2021-10-20,Tulare,107,460477,66949,65413,14415,79828,967
2021-10-20,Tuolumne,109,53932,6924,6803,86,6889,89
2021-10-20,Ventura,111,848112,97231,96610,4281,100891,1166
2021-10-20,Yolo,113,214977,19469,19236,1091,20327,248
2021-10-20,Yuba,115,75493,9935,9808,297,10105,82
2021-10-19,Alameda,001,1643700,118430,117542,2776,120318,1383
2021-10-19,Alpine,003,1148,101,103,0,103,0
2021-10-19,Amador,005,37829,5455,5367,57,5424,64
2021-10-19,Butte,007,227075,20343,19974,3637,23611,268
2021-10-19,Calaveras,009,45235,3897,3826,48,3874,80
2021-10-19,Colusa,011,21464,2488,2447,619,3066,18
2021-10-19,Contra Costa,013,1133247,98308,97613,2121,99734,1004
2021-10-19,Del Norte,015,27424,3629,3531,52,3583,42
2021-10-19,El Dorado,017,186661,15741,15478,1637,17115,149
2021-10-19,Fresno,019,978130,136038,133813,11969,145782,2073
2021-10-19,Glenn,021,27897,3436,3380,962,4342,33
2021-10-19,Humboldt,023,135768,8821,8714,514,9228,105
2021-10-19,Imperial,025,180216,32967,32632,3288,35920,764
2021-10-19,Inyo,027,18085,2147,2045,40,2085,40
2021-10-19,Kern,029,883053,124385,122391,20882,143273,1613
2021-10-19,Kings,031,150075,31412,30757,1862,32619,322
2021-10-19,Lake,033,64148,6586,6465,141,6606,104
2021-10-19,Lassen,035,31185,6734,6612,342,6954,27
2021-10-19,Los Angeles,037,10098052,1423825,1413882,53702,1467584,26473
2021-10-19,Madera,039,155013,22381,21950,1959,23909,281
2021-10-19,Marin,041,260295,17354,17241,441,17682,244
2021-10-19,Mariposa,043,17540,1216,1171,39,1210,5
2021-10-19,Mendocino,045,87422,7321,7172,460,7632,82
2021-10-19,Merced,047,269075,41054,40628,1671,42299,580
2021-10-19,Modoc,049,8938,519,502,185,687,5
2021-10-19,Mono,051,14174,1666,1651,21,1672,3
2021-10-19,Monterey,053,433212,48373,47412,2801,50213,583
2021-10-19,Napa,055,140530,12845,12769,108,12877,100
2021-10-19,Nevada,057,99092,8948,8829,311,9140,90
2021-10-19,Orange,059,3164182,304173,301700,14719,316419,5527
2021-10-19,Placer,061,380077,36184,35663,3535,39198,422
2021-10-19,Plumas,063,18699,1671,1586,33,1619,8
2021-10-19,Riverside,065,2383286,358526,353891,16317,370208,5020
2021-10-19,Sacramento,067,1510023,155891,154570,4407,158977,2227
2021-10-19,San Benito,069,59416,7295,7264,164,7428,71
2021-10-19,San Bernardino,071,2135413,349427,346814,10941,357755,5627
2021-10-19,San Diego,073,3302833,368221,365285,21347,386632,4170
2021-10-19,San Francisco,075,870044,52283,51704,2287,53991,645
2021-10-19,San Joaquin,077,732212,98144,97105,5339,102444,1721
2021-10-19,San Luis Obispo,079,281455,29133,28670,1192,29862,332
2021-10-19,San Mateo,081,765935,53593,52617,835,53452,571
2021-10-19,Santa Barbara,083,443738,43879,43413,1597,45010,522
2021-10-19,Santa Clara,085,1922200,145189,143989,1261,145250,1898
2021-10-19,Santa Cruz,087,273765,20113,19895,999,20894,218
2021-10-19,Shasta,089,179085,20719,20209,3478,23687,319
2021-10-19,Sierra,091,2930,176,168,18,186,0
2021-10-19,Siskiyou,093,43540,3297,3216,1249,4465,46
2021-10-19,Solano,095,438530,45466,44782,1228,46010,341
2021-10-19,Sonoma,097,501317,40731,40379,513,40892,392
2021-10-19,Stanislaus,099,539301,77227,76526,8629,85155,1145
2021-10-19,Sutter,101,95872,13704,13569,316,13885,174
2021-10-19,Tehama,103,63373,8200,8057,1408,9465,108
2021-10-19,Trinity,105,12862,826,691,209,900,11
2021-10-19,Tulare,107,460477,66762,65253,14347,79600,958
2021-10-19,Tuolumne,109,53932,6895,6782,85,6867,89
2021-10-19,Ventura,111,848112,97155,96539,4276,100815,1166
2021-10-19,Yolo,113,214977,19425,19206,1086,20292,248
2021-10-19,Yuba,115,75493,9917,9796,296,10092,82
2021-10-18,Alameda,001,1643700,118293,117506,2767,120273,1381
2021-10-18,Alpine,003,1148,101,103,0,103,0
2021-10-18,Amador,005,37829,5444,5345,57,5402,64
2021-10-18,Butte,007,227075,20293,19921,3629,23550,265
2021-10-18,Calaveras,009,45235,3872,3819,47,3866,80
2021-10-18,Colusa,011,21464,2487,2444,617,3061,18
2021-10-18,Contra Costa,013,1133247,98195,97585,2117,99702,995
2021-10-18,Del Norte,015,27424,3622,3529,52,3581,41
2021-10-18,El Dorado,017,186661,15710,15452,1634,17086,149
2021-10-18,Fresno,019,978130,135643,133688,11934,145622,2063
2021-10-18,Glenn,021,27897,3430,3370,956,4326,32
2021-10-18,Humboldt,023,135768,8802,8699,506,9205,104
2021-10-18,Imperial,025,180216,32876,32558,3287,35845,764
2021-10-18,Inyo,027,18085,2129,2020,40,2060,40
2021-10-18,Kern,029,883053,124086,122231,20786,143017,1605
2021-10-18,Kings,031,150075,31297,30698,1849,32547,320
2021-10-18,Lake,033,64148,6567,6455,137,6592,104
2021-10-18,Lassen,035,31185,6714,6607,339,6946,26
2021-10-18,Los Angeles,037,10098052,1422586,1413291,53624,1466915,26446
2021-10-18,Madera,039,155013,22327,21909,1947,23856,277
2021-10-18,Marin,041,260295,17334,17232,438,17670,244
2021-10-18,Mariposa,043,17540,1208,1160,39,1199,5
2021-10-18,Mendocino,045,87422,7302,7156,452,7608,82
2021-10-18,Merced,047,269075,40930,40573,1661,42234,579
2021-10-18,Modoc,049,8938,519,498,185,683,5
2021-10-18,Mono,051,14174,1658,1648,20,1668,3
2021-10-18,Monterey,053,433212,48351,47389,2796,50185,583
2021-10-18,Napa,055,140530,12830,12762,108,12870,100
2021-10-18,Nevada,057,99092,8929,8816,311,9127,90
2021-10-18,Orange,059,3164182,303835,301573,14686,316259,5524
2021-10-18,Placer,061,380077,36107,35598,3531,39129,420
2021-10-18,Plumas,063,18699,1663,1579,33,1612,6
2021-10-18,Riverside,065,2383286,358112,353699,16303,370002,5008
2021-10-18,Sacramento,067,1510023,155586,154428,4375,158803,2203
2021-10-18,San Benito,069,59416,7283,7253,164,7417,71
2021-10-18,San Bernardino,071,2135413,349005,346742,10927,357669,5606
2021-10-18,San Diego,073,3302833,367655,364948,21309,386257,4169
2021-10-18,San Francisco,075,870044,52220,51671,2281,53952,644
2021-10-18,San Joaquin,077,732212,97979,97041,5329,102370,1721
2021-10-18,San Luis Obispo,079,281455,29094,28644,1189,29833,331
2021-10-18,San Mateo,081,765935,53528,52594,834,53428,571
2021-10-18,Santa Barbara,083,443738,43820,43386,1595,44981,522
2021-10-18,Santa Clara,085,1922200,145034,143891,1252,145143,1895
2021-10-18,Santa Cruz,087,273765,20099,19876,997,20873,218
2021-10-18,Shasta,089,179085,20638,20146,3467,23613,313
2021-10-18,Sierra,091,2930,176,166,18,184,0
2021-10-18,Siskiyou,093,43540,3294,3210,1241,4451,42
2021-10-18,Solano,095,438530,45422,44758,1225,45983,339
2021-10-18,Sonoma,097,501317,40667,40349,510,40859,392
2021-10-18,Stanislaus,099,539301,77062,76466,8617,85083,1145
2021-10-18,Sutter,101,95872,13670,13557,314,13871,172
2021-10-18,Tehama,103,63373,8165,8042,1396,9438,107
2021-10-18,Trinity,105,12862,825,688,209,897,11
2021-10-18,Tulare,107,460477,66586,65171,14282,79453,958
2021-10-18,Tuolumne,109,53932,6866,6755,85,6840,89
2021-10-18,Ventura,111,848112,97060,96506,4273,100779,1165
2021-10-18,Yolo,113,214977,19388,19197,1083,20280,248
2021-10-18,Yuba,115,75493,9890,9782,294,10076,82
2021-10-17,Alameda,001,1643700,118142,117423,2762,120185,1376
2021-10-17,Alpine,003,1148,101,103,0,103,0
2021-10-17,Amador,005,37829,5421,5341,57,5398,64
2021-10-17,Butte,007,227075,20208,19897,3620,23517,265
2021-10-17,Calaveras,009,45235,3856,3805,47,3852,80
2021-10-17,Colusa,011,21464,2482,2442,610,3052,18
2021-10-17,Contra Costa,013,1133247,98071,97485,2106,99591,995
2021-10-17,Del Norte,015,27424,3617,3526,52,3578,41
2021-10-17,El Dorado,017,186661,15652,15438,1627,17065,149
2021-10-17,Fresno,019,978130,135177,133429,11903,145332,2063
2021-10-17,Glenn,021,27897,3418,3364,953,4317,32
2021-10-17,Humboldt,023,135768,8782,8690,503,9193,104
2021-10-17,Imperial,025,180216,32794,32520,3281,35801,764
2021-10-17,Inyo,027,18085,2101,2000,40,2040,40
2021-10-17,Kern,029,883053,123737,122085,20686,142771,1603
2021-10-17,Kings,031,150075,31183,30636,1840,32476,315
2021-10-17,Lake,033,64148,6551,6437,136,6573,104
2021-10-17,Lassen,035,31185,6702,6605,335,6940,26
2021-10-17,Los Angeles,037,10098052,1421249,1412371,53548,1465919,26443
2021-10-17,Madera,039,155013,22265,21869,1937,23806,277
2021-10-17,Marin,041,260295,17312,17211,438,17649,243
2021-10-17,Mariposa,043,17540,1201,1150,39,1189,5
2021-10-17,Mendocino,045,87422,7273,7148,446,7594,82
2021-10-17,Merced,047,269075,40803,40531,1647,42178,579
2021-10-17,Modoc,049,8938,516,498,183,681,5
2021-10-17,Mono,051,14174,1656,1640,19,1659,3
2021-10-17,Monterey,053,433212,48309,47369,2786,50155,583
2021-10-17,Napa,055,140530,12815,12753,105,12858,100
2021-10-17,Nevada,057,99092,8912,8794,310,9104,90
2021-10-17,Orange,059,3164182,303521,301414,14653,316067,5524
2021-10-17,Placer,061,380077,36008,35559,3516,39075,420
2021-10-17,Plumas,063,18699,1639,1571,32,1603,6
2021-10-17,Riverside,065,2383286,357629,353500,16289,369789,5008
2021-10-17,Sacramento,067,1510023,155183,154080,4357,158437,2213
2021-10-17,San Benito,069,59416,7274,7250,163,7413,71
2021-10-17,San Bernardino,071,2135413,348576,346524,10907,357431,5597
2021-10-17,San Diego,073,3302833,367047,364675,21281,385956,4163
2021-10-17,San Francisco,075,870044,52147,51625,2271,53896,644
2021-10-17,San Joaquin,077,732212,97806,96950,5320,102270,1721
2021-10-17,San Luis Obispo,079,281455,29041,28604,1181,29785,331
2021-10-17,San Mateo,081,765935,53476,52541,830,53371,571
2021-10-17,Santa Barbara,083,443738,43756,43344,1594,44938,522
2021-10-17,Santa Clara,085,1922200,144858,143768,1243,145011,1895
2021-10-17,Santa Cruz,087,273765,20071,19861,995,20856,218
2021-10-17,Shasta,089,179085,20548,20116,3457,23573,312
2021-10-17,Sierra,091,2930,174,165,18,183,0
2021-10-17,Siskiyou,093,43540,3286,3204,1238,4442,42
2021-10-17,Solano,095,438530,45365,44722,1224,45946,340
2021-10-17,Sonoma,097,501317,40591,40306,510,40816,392
2021-10-17,Stanislaus,099,539301,76863,76354,8604,84958,1145
2021-10-17,Sutter,101,95872,13653,13543,312,13855,172
2021-10-17,Tehama,103,63373,8133,8015,1379,9394,107
2021-10-17,Trinity,105,12862,822,686,208,894,11
2021-10-17,Tulare,107,460477,66400,65057,14209,79266,958
2021-10-17,Tuolumne,109,53932,6832,6735,84,6819,89
2021-10-17,Ventura,111,848112,96959,96458,4270,100728,1165
2021-10-17,Yolo,113,214977,19347,19171,1074,20245,248
2021-10-17,Yuba,115,75493,9864,9771,292,10063,82
2021-10-16,Alameda,001,1643700,118053,117027,2761,119788,1365
2021-10-16,Alpine,003,1148,100,102,0,102,0
2021-10-16,Amador,005,37829,5414,5310,57,5367,64
2021-10-16,Butte,007,227075,20177,19612,3613,23225,260
2021-10-16,Calaveras,009,45235,3849,3771,47,3818,80
2021-10-16,Colusa,011,21464,2478,2431,607,3038,18
2021-10-16,Contra Costa,013,1133247,97978,97107,2099,99206,982
2021-10-16,Del Norte,015,27424,3614,3516,52,3568,41
2021-10-16,El Dorado,017,186661,15630,15315,1625,16940,149
2021-10-16,Fresno,019,978130,135028,132433,11896,144329,2051
2021-10-16,Glenn,021,27897,3412,3331,953,4284,26
2021-10-16,Humboldt,023,135768,8770,8621,498,9119,104
2021-10-16,Imperial,025,180216,32779,32368,3279,35647,764
2021-10-16,Inyo,027,18085,2087,1932,40,1972,39
2021-10-16,Kern,029,883053,123582,121354,20603,141957,1590
2021-10-16,Kings,031,150075,31137,30418,1837,32255,314
2021-10-16,Lake,033,64148,6540,6378,136,6514,104
2021-10-16,Lassen,035,31185,6693,6559,330,6889,26
2021-10-16,Los Angeles,037,10098052,1420600,1409418,53493,1462911,26398
2021-10-16,Madera,039,155013,22221,21707,1934,23641,277
2021-10-16,Marin,041,260295,17303,17148,438,17586,243
2021-10-16,Mariposa,043,17540,1198,1096,39,1135,5
2021-10-16,Mendocino,045,87422,7263,7099,446,7545,82
2021-10-16,Merced,047,269075,40770,40265,1646,41911,577
2021-10-16,Modoc,049,8938,513,492,183,675,5
2021-10-16,Mono,051,14174,1654,1628,19,1647,3
2021-10-16,Monterey,053,433212,48292,47293,2778,50071,582
2021-10-16,Napa,055,140530,12804,12706,105,12811,100
2021-10-16,Nevada,057,99092,8892,8739,310,9049,90
2021-10-16,Orange,059,3164182,303345,300722,14628,315350,5509
2021-10-16,Placer,061,380077,35924,35343,3510,38853,412
2021-10-16,Plumas,063,18699,1634,1542,31,1573,6
2021-10-16,Riverside,065,2383286,357360,352435,16277,368712,4990
2021-10-16,Sacramento,067,1510023,154984,153264,4353,157617,2192
2021-10-16,San Benito,069,59416,7261,7210,162,7372,71
2021-10-16,San Bernardino,071,2135413,348372,345418,10899,356317,5566
2021-10-16,San Diego,073,3302833,366724,363109,21265,384374,4151
2021-10-16,San Francisco,075,870044,52099,51436,2267,53703,645
2021-10-16,San Joaquin,077,732212,97735,96507,5317,101824,1708
2021-10-16,San Luis Obispo,079,281455,29015,28460,1180,29640,329
2021-10-16,San Mateo,081,765935,53427,52399,829,53228,569
2021-10-16,Santa Barbara,083,443738,43720,43175,1593,44768,521
2021-10-16,Santa Clara,085,1922200,144758,143282,1235,144517,1890
2021-10-16,Santa Cruz,087,273765,20056,19794,994,20788,218
2021-10-16,Shasta,089,179085,20498,19932,3446,23378,309
2021-10-16,Sierra,091,2930,172,160,18,178,0
2021-10-16,Siskiyou,093,43540,3284,3173,1231,4404,42
2021-10-16,Solano,095,438530,45339,44585,1220,45805,334
2021-10-16,Sonoma,097,501317,40551,40195,510,40705,390
2021-10-16,Stanislaus,099,539301,76777,75868,8595,84463,1142
2021-10-16,Sutter,101,95872,13634,13471,311,13782,169
2021-10-16,Tehama,103,63373,8120,7907,1374,9281,104
2021-10-16,Trinity,105,12862,822,679,208,887,11
2021-10-16,Tulare,107,460477,66262,64489,14176,78665,951
2021-10-16,Tuolumne,109,53932,6800,6666,84,6750,89
2021-10-16,Ventura,111,848112,96927,96181,4265,100446,1164
2021-10-16,Yolo,113,214977,19320,19078,1068,20146,247
2021-10-16,Yuba,115,75493,9840,9705,289,9994,82
2021-10-15,Alameda,001,1643700,117979,117027,2757,119784,1365
2021-10-15,Alpine,003,1148,100,102,0,102,0
2021-10-15,Amador,005,37829,5390,5310,57,5367,64
2021-10-15,Butte,007,227075,20140,19612,3606,23218,260
2021-10-15,Calaveras,009,45235,3843,3771,47,3818,80
2021-10-15,Colusa,011,21464,2476,2431,604,3035,18
2021-10-15,Contra Costa,013,1133247,97897,97107,2095,99202,982
2021-10-15,Del Norte,015,27424,3612,3516,52,3568,41
2021-10-15,El Dorado,017,186661,15610,15315,1620,16935,149
2021-10-15,Fresno,019,978130,134775,132433,11889,144322,2051
2021-10-15,Glenn,021,27897,3407,3331,952,4283,26
2021-10-15,Humboldt,023,135768,8761,8621,496,9117,104
2021-10-15,Imperial,025,180216,32732,32368,3275,35643,764
2021-10-15,Inyo,027,18085,2069,1932,40,1972,39
2021-10-15,Kern,029,883053,123447,121354,20528,141882,1590
2021-10-15,Kings,031,150075,31082,30418,1833,32251,314
2021-10-15,Lake,033,64148,6531,6378,136,6514,104
2021-10-15,Lassen,035,31185,6681,6559,329,6888,26
2021-10-15,Los Angeles,037,10098052,1419909,1409418,53444,1462862,26398
2021-10-15,Madera,039,155013,22177,21707,1926,23633,277
2021-10-15,Marin,041,260295,17292,17148,438,17586,243
2021-10-15,Mariposa,043,17540,1190,1096,39,1135,5
2021-10-15,Mendocino,045,87422,7248,7099,446,7545,82
2021-10-15,Merced,047,269075,40740,40265,1643,41908,577
2021-10-15,Modoc,049,8938,512,492,183,675,5
2021-10-15,Mono,051,14174,1652,1628,19,1647,3
2021-10-15,Monterey,053,433212,48270,47293,2776,50069,582
2021-10-15,Napa,055,140530,12800,12706,105,12811,100
2021-10-15,Nevada,057,99092,8877,8739,310,9049,90
2021-10-15,Orange,059,3164182,303177,300722,14609,315331,5509
2021-10-15,Placer,061,380077,35870,35343,3504,38847,412
2021-10-15,Plumas,063,18699,1626,1542,31,1573,6
2021-10-15,Riverside,065,2383286,357118,352435,16272,368707,4990
2021-10-15,Sacramento,067,1510023,154799,153264,4343,157607,2192
2021-10-15,San Benito,069,59416,7258,7210,162,7372,71
2021-10-15,San Bernardino,071,2135413,348136,345418,10897,356315,5566
2021-10-15,San Diego,073,3302833,366360,363109,21240,384349,4151
2021-10-15,San Francisco,075,870044,52059,51436,2260,53696,645
2021-10-15,San Joaquin,077,732212,97657,96507,5310,101817,1708
2021-10-15,San Luis Obispo,079,281455,28994,28460,1178,29638,329
2021-10-15,San Mateo,081,765935,53383,52399,828,53227,569
2021-10-15,Santa Barbara,083,443738,43682,43175,1593,44768,521
2021-10-15,Santa Clara,085,1922200,144636,143282,1227,144509,1890
2021-10-15,Santa Cruz,087,273765,20045,19794,994,20788,218
2021-10-15,Shasta,089,179085,20440,19932,3438,23370,309
2021-10-15,Sierra,091,2930,171,160,18,178,0
2021-10-15,Siskiyou,093,43540,3283,3173,1228,4401,42
2021-10-15,Solano,095,438530,45313,44585,1220,45805,334
2021-10-15,Sonoma,097,501317,40517,40195,509,40704,390
2021-10-15,Stanislaus,099,539301,76697,75868,8579,84447,1142
2021-10-15,Sutter,101,95872,13617,13471,309,13780,169
2021-10-15,Tehama,103,63373,8099,7907,1368,9275,104
2021-10-15,Trinity,105,12862,822,679,208,887,11
2021-10-15,Tulare,107,460477,66182,64489,14139,78628,951
2021-10-15,Tuolumne,109,53932,6777,6666,82,6748,89
2021-10-15,Ventura,111,848112,96885,96181,4262,100443,1164
2021-10-15,Yolo,113,214977,19306,19078,1064,20142,247
2021-10-15,Yuba,115,75493,9830,9705,288,9993,82
2021-10-14,Alameda,001,1643700,117868,117027,2752,119779,1365
2021-10-14,Alpine,003,1148,100,102,0,102,0
2021-10-14,Amador,005,37829,5379,5310,57,5367,64
2021-10-14,Butte,007,227075,20088,19612,3601,23213,260
2021-10-14,Calaveras,009,45235,3830,3771,46,3817,80
2021-10-14,Colusa,011,21464,2474,2431,602,3033,18
2021-10-14,Contra Costa,013,1133247,97762,97107,2087,99194,982
2021-10-14,Del Norte,015,27424,3606,3516,52,3568,41
2021-10-14,El Dorado,017,186661,15571,15315,1617,16932,149
2021-10-14,Fresno,019,978130,134484,132433,11869,144302,2051
2021-10-14,Glenn,021,27897,3402,3331,951,4282,26
2021-10-14,Humboldt,023,135768,8744,8621,493,9114,104
2021-10-14,Imperial,025,180216,32669,32368,3268,35636,764
2021-10-14,Inyo,027,18085,2050,1932,40,1972,39
2021-10-14,Kern,029,883053,123177,121354,20428,141782,1590
2021-10-14,Kings,031,150075,31017,30418,1825,32243,314
2021-10-14,Lake,033,64148,6510,6378,135,6513,104
2021-10-14,Lassen,035,31185,6675,6559,328,6887,26
2021-10-14,Los Angeles,037,10098052,1418928,1409418,53393,1462811,26398
2021-10-14,Madera,039,155013,22112,21707,1922,23629,277
2021-10-14,Marin,041,260295,17287,17148,436,17584,243
2021-10-14,Mariposa,043,17540,1177,1096,38,1134,5
2021-10-14,Mendocino,045,87422,7234,7099,444,7543,82
2021-10-14,Merced,047,269075,40651,40265,1630,41895,577
2021-10-14,Modoc,049,8938,512,492,183,675,5
2021-10-14,Mono,051,14174,1645,1628,19,1647,3
2021-10-14,Monterey,053,433212,48244,47293,2771,50064,582
2021-10-14,Napa,055,140530,12785,12706,105,12811,100
2021-10-14,Nevada,057,99092,8849,8739,308,9047,90
2021-10-14,Orange,059,3164182,302970,300722,14592,315314,5509
2021-10-14,Placer,061,380077,35803,35343,3490,38833,412
2021-10-14,Plumas,063,18699,1611,1542,31,1573,6
2021-10-14,Riverside,065,2383286,356721,352435,16261,368696,4990
2021-10-14,Sacramento,067,1510023,154547,153264,4321,157585,2192
2021-10-14,San Benito,069,59416,7247,7210,162,7372,71
2021-10-14,San Bernardino,071,2135413,347778,345418,10891,356309,5566
2021-10-14,San Diego,073,3302833,365912,363109,21213,384322,4151
2021-10-14,San Francisco,075,870044,52003,51436,2256,53692,645
2021-10-14,San Joaquin,077,732212,97528,96507,5301,101808,1708
2021-10-14,San Luis Obispo,079,281455,28950,28460,1174,29634,329
2021-10-14,San Mateo,081,765935,53334,52399,827,53226,569
2021-10-14,Santa Barbara,083,443738,43626,43175,1588,44763,521
2021-10-14,Santa Clara,085,1922200,144495,143282,1221,144503,1890
2021-10-14,Santa Cruz,087,273765,20022,19794,994,20788,218
2021-10-14,Shasta,089,179085,20384,19932,3426,23358,309
2021-10-14,Sierra,091,2930,171,160,18,178,0
2021-10-14,Siskiyou,093,43540,3280,3173,1220,4393,42
2021-10-14,Solano,095,438530,45263,44585,1212,45797,334
2021-10-14,Sonoma,097,501317,40466,40195,506,40701,390
2021-10-14,Stanislaus,099,539301,76551,75868,8566,84434,1142
2021-10-14,Sutter,101,95872,13597,13471,308,13779,169
2021-10-14,Tehama,103,63373,8068,7907,1361,9268,104
2021-10-14,Trinity,105,12862,821,679,207,886,11
2021-10-14,Tulare,107,460477,66000,64489,14092,78581,951
2021-10-14,Tuolumne,109,53932,6746,6666,81,6747,89
2021-10-14,Ventura,111,848112,96817,96181,4256,100437,1164
2021-10-14,Yolo,113,214977,19274,19078,1057,20135,247
2021-10-14,Yuba,115,75493,9816,9705,279,9984,82
2021-10-13,Alameda,001,1643700,117763,116914,2747,119661,1360
2021-10-13,Alpine,003,1148,100,102,0,102,0
2021-10-13,Amador,005,37829,5365,5305,57,5362,63
2021-10-13,Butte,007,227075,20014,19546,3597,23143,257
2021-10-13,Calaveras,009,45235,3809,3756,44,3800,79
2021-10-13,Colusa,011,21464,2467,2430,598,3028,18
2021-10-13,Contra Costa,013,1133247,97647,96975,2086,99061,969
2021-10-13,Del Norte,015,27424,3601,3512,52,3564,39
2021-10-13,El Dorado,017,186661,15547,15302,1612,16914,149
2021-10-13,Fresno,019,978130,134152,132055,11847,143902,2048
2021-10-13,Glenn,021,27897,3396,3327,948,4275,26
2021-10-13,Humboldt,023,135768,8733,8604,489,9093,102
2021-10-13,Imperial,025,180216,32608,32317,3265,35582,762
2021-10-13,Inyo,027,18085,2013,1907,40,1947,39
2021-10-13,Kern,029,883053,122934,120956,20333,141289,1586
2021-10-13,Kings,031,150075,30936,30246,1818,32064,312
2021-10-13,Lake,033,64148,6490,6371,135,6506,103
2021-10-13,Lassen,035,31185,6665,6535,322,6857,25
2021-10-13,Los Angeles,037,10098052,1417874,1408384,53336,1461720,26379
2021-10-13,Madera,039,155013,22058,21609,1907,23516,277
2021-10-13,Marin,041,260295,17263,17137,435,17572,243
2021-10-13,Mariposa,043,17540,1163,1090,38,1128,5
2021-10-13,Mendocino,045,87422,7218,7088,436,7524,82
2021-10-13,Merced,047,269075,40566,40164,1620,41784,577
2021-10-13,Modoc,049,8938,510,490,181,671,5
2021-10-13,Mono,051,14174,1645,1612,19,1631,3
2021-10-13,Monterey,053,433212,48225,47273,2764,50037,582
2021-10-13,Napa,055,140530,12774,12695,103,12798,100
2021-10-13,Nevada,057,99092,8827,8725,308,9033,90
2021-10-13,Orange,059,3164182,302762,300468,14576,315044,5503
2021-10-13,Placer,061,380077,35737,35254,3481,38735,412
2021-10-13,Plumas,063,18699,1597,1514,31,1545,6
2021-10-13,Riverside,065,2383286,356391,352044,16248,368292,4978
2021-10-13,Sacramento,067,1510023,154297,153141,4299,157440,2182
2021-10-13,San Benito,069,59416,7241,7196,161,7357,71
2021-10-13,San Bernardino,071,2135413,347455,344951,10875,355826,5562
2021-10-13,San Diego,073,3302833,365475,362564,21191,383755,4141
2021-10-13,San Francisco,075,870044,51961,51379,2252,53631,644
2021-10-13,San Joaquin,077,732212,97385,96343,5296,101639,1696
2021-10-13,San Luis Obispo,079,281455,28912,28397,1171,29568,330
2021-10-13,San Mateo,081,765935,53282,52352,823,53175,569
2021-10-13,Santa Barbara,083,443738,43574,43109,1588,44697,518
2021-10-13,Santa Clara,085,1922200,144357,143064,1220,144284,1886
2021-10-13,Santa Cruz,087,273765,19996,19763,993,20756,217
2021-10-13,Shasta,089,179085,20314,19802,3405,23207,307
2021-10-13,Sierra,091,2930,171,155,18,173,0
2021-10-13,Siskiyou,093,43540,3272,3173,1219,4392,42
2021-10-13,Solano,095,438530,45224,44558,1209,45767,334
2021-10-13,Sonoma,097,501317,40410,40122,506,40628,390
2021-10-13,Stanislaus,099,539301,76410,75698,8557,84255,1136
2021-10-13,Sutter,101,95872,13567,13458,306,13764,169
2021-10-13,Tehama,103,63373,8030,7849,1355,9204,103
2021-10-13,Trinity,105,12862,818,677,207,884,11
2021-10-13,Tulare,107,460477,65819,64297,14037,78334,945
2021-10-13,Tuolumne,109,53932,6732,6644,80,6724,89
2021-10-13,Ventura,111,848112,96743,96099,4250,100349,1162
2021-10-13,Yolo,113,214977,19245,19023,1055,20078,247
2021-10-13,Yuba,115,75493,9791,9690,265,9955,80
2021-10-12,Alameda,001,1643700,117660,116813,2742,119555,1357
2021-10-12,Alpine,003,1148,100,102,0,102,0
2021-10-12,Amador,005,37829,5354,5301,57,5358,63
2021-10-12,Butte,007,227075,19945,19506,3585,23091,256
2021-10-12,Calaveras,009,45235,3794,3750,44,3794,75
2021-10-12,Colusa,011,21464,2464,2428,596,3024,18
2021-10-12,Contra Costa,013,1133247,97533,96894,2077,98971,960
2021-10-12,Del Norte,015,27424,3595,3511,52,3563,39
2021-10-12,El Dorado,017,186661,15513,15287,1610,16897,148
2021-10-12,Fresno,019,978130,133793,131848,11819,143667,2042
2021-10-12,Glenn,021,27897,3383,3321,946,4267,26
2021-10-12,Humboldt,023,135768,8706,8587,483,9070,102
2021-10-12,Imperial,025,180216,32556,32267,3263,35530,762
2021-10-12,Inyo,027,18085,1981,1889,40,1929,39
2021-10-12,Kern,029,883053,122649,120826,20222,141048,1580
2021-10-12,Kings,031,150075,30863,30200,1807,32007,312
2021-10-12,Lake,033,64148,6475,6372,133,6505,97
2021-10-12,Lassen,035,31185,6655,6526,321,6847,25
2021-10-12,Los Angeles,037,10098052,1416812,1407462,53288,1460750,26362
2021-10-12,Madera,039,155013,21987,21574,1895,23469,277
2021-10-12,Marin,041,260295,17240,17126,435,17561,242
2021-10-12,Mariposa,043,17540,1149,1088,38,1126,5
2021-10-12,Mendocino,045,87422,7189,7077,433,7510,82
2021-10-12,Merced,047,269075,40487,40113,1614,41727,567
2021-10-12,Modoc,049,8938,505,485,180,665,5
2021-10-12,Mono,051,14174,1643,1608,19,1627,3
2021-10-12,Monterey,053,433212,48194,47254,2756,50010,582
2021-10-12,Napa,055,140530,12760,12671,103,12774,97
2021-10-12,Nevada,057,99092,8815,8720,307,9027,89
2021-10-12,Orange,059,3164182,302508,300256,14550,314806,5499
2021-10-12,Placer,061,380077,35674,35214,3473,38687,404
2021-10-12,Plumas,063,18699,1583,1488,30,1518,6
2021-10-12,Riverside,065,2383286,356065,351771,16234,368005,4973
2021-10-12,Sacramento,067,1510023,153992,152935,4274,157209,2170
2021-10-12,San Benito,069,59416,7227,7193,161,7354,71
2021-10-12,San Bernardino,071,2135413,347142,344788,10866,355654,5563
2021-10-12,San Diego,073,3302833,364951,362256,21162,383418,4137
2021-10-12,San Francisco,075,870044,51897,51301,2251,53552,643
2021-10-12,San Joaquin,077,732212,97248,96237,5291,101528,1690
2021-10-12,San Luis Obispo,079,281455,28865,28379,1170,29549,327
2021-10-12,San Mateo,081,765935,53231,52328,822,53150,569
2021-10-12,Santa Barbara,083,443738,43513,43076,1588,44664,515
2021-10-12,Santa Clara,085,1922200,144203,142954,1218,144172,1882
2021-10-12,Santa Cruz,087,273765,19971,19757,993,20750,218
2021-10-12,Shasta,089,179085,20240,19731,3384,23115,304
2021-10-12,Sierra,091,2930,171,153,18,171,0
2021-10-12,Siskiyou,093,43540,3261,3166,1213,4379,42
2021-10-12,Solano,095,438530,45181,44516,1204,45720,329
2021-10-12,Sonoma,097,501317,40368,40105,506,40611,390
2021-10-12,Stanislaus,099,539301,76258,75589,8543,84132,1126
2021-10-12,Sutter,101,95872,13544,13436,302,13738,168
2021-10-12,Tehama,103,63373,7997,7820,1351,9171,103
2021-10-12,Trinity,105,12862,815,676,207,883,11
2021-10-12,Tulare,107,460477,65634,64216,13980,78196,944
2021-10-12,Tuolumne,109,53932,6715,6637,79,6716,89
2021-10-12,Ventura,111,848112,96642,96022,4245,100267,1160
2021-10-12,Yolo,113,214977,19218,18987,1047,20034,247
2021-10-12,Yuba,115,75493,9776,9676,261,9937,70
2021-10-11,Alameda,001,1643700,117518,116759,2741,119500,1358
2021-10-11,Alpine,003,1148,100,102,0,102,0
2021-10-11,Amador,005,37829,5342,5286,57,5343,62
2021-10-11,Butte,007,227075,19886,19452,3580,23032,253
2021-10-11,Calaveras,009,45235,3773,3750,44,3794,75
2021-10-11,Colusa,011,21464,2460,2427,589,3016,18
2021-10-11,Contra Costa,013,1133247,97396,96832,2072,98904,960
2021-10-11,Del Norte,015,27424,3592,3510,48,3558,39
2021-10-11,El Dorado,017,186661,15484,15273,1606,16879,146
2021-10-11,Fresno,019,978130,133466,131703,11790,143493,2036
2021-10-11,Glenn,021,27897,3364,3308,945,4253,26
2021-10-11,Humboldt,023,135768,8681,8571,476,9047,101
2021-10-11,Imperial,025,180216,32506,32207,3257,35464,762
2021-10-11,Inyo,027,18085,1958,1862,39,1901,39
2021-10-11,Kern,029,883053,122413,120684,20126,140810,1575
2021-10-11,Kings,031,150075,30774,30180,1797,31977,309
2021-10-11,Lake,033,64148,6459,6361,129,6490,97
2021-10-11,Lassen,035,31185,6635,6499,318,6817,25
2021-10-11,Los Angeles,037,10098052,1415769,1406826,53237,1460063,26346
2021-10-11,Madera,039,155013,21930,21555,1878,23433,272
2021-10-11,Marin,041,260295,17222,17121,431,17552,242
2021-10-11,Mariposa,043,17540,1119,1083,37,1120,5
2021-10-11,Mendocino,045,87422,7173,7064,429,7493,82
2021-10-11,Merced,047,269075,40370,40064,1590,41654,566
2021-10-11,Modoc,049,8938,502,482,177,659,5
2021-10-11,Mono,051,14174,1634,1604,19,1623,3
2021-10-11,Monterey,053,433212,48165,47241,2749,49990,580
2021-10-11,Napa,055,140530,12737,12654,101,12755,96
2021-10-11,Nevada,057,99092,8795,8716,306,9022,90
2021-10-11,Orange,059,3164182,302280,299941,14521,314462,5499
2021-10-11,Placer,061,380077,35605,35173,3456,38629,404
2021-10-11,Plumas,063,18699,1565,1469,28,1497,6
2021-10-11,Riverside,065,2383286,355722,351444,16229,367673,4973
2021-10-11,Sacramento,067,1510023,153702,152681,4243,156924,2169
2021-10-11,San Benito,069,59416,7206,7184,159,7343,71
2021-10-11,San Bernardino,071,2135413,346754,344594,10858,355452,5549
2021-10-11,San Diego,073,3302833,364429,361712,21130,382842,4124
2021-10-11,San Francisco,075,870044,51826,51275,2247,53522,643
2021-10-11,San Joaquin,077,732212,97095,96152,5280,101432,1681
2021-10-11,San Luis Obispo,079,281455,28818,28355,1165,29520,327
2021-10-11,San Mateo,081,765935,53183,52298,821,53119,569
2021-10-11,Santa Barbara,083,443738,43466,43018,1587,44605,515
2021-10-11,Santa Clara,085,1922200,144041,142836,1215,144051,1882
2021-10-11,Santa Cruz,087,273765,19947,19745,992,20737,217
2021-10-11,Shasta,089,179085,20161,19662,3368,23030,295
2021-10-11,Sierra,091,2930,166,147,17,164,0
2021-10-11,Siskiyou,093,43540,3254,3159,1209,4368,42
2021-10-11,Solano,095,438530,45133,44474,1201,45675,329
2021-10-11,Sonoma,097,501317,40323,40067,506,40573,390
2021-10-11,Stanislaus,099,539301,76085,75478,8522,84000,1118
2021-10-11,Sutter,101,95872,13525,13427,300,13727,165
2021-10-11,Tehama,103,63373,7956,7795,1342,9137,102
2021-10-11,Trinity,105,12862,809,675,206,881,11
2021-10-11,Tulare,107,460477,65453,64094,13913,78007,942
2021-10-11,Tuolumne,109,53932,6677,6602,79,6681,89
2021-10-11,Ventura,111,848112,96545,95876,4238,100114,1160
2021-10-11,Yolo,113,214977,19172,18977,1044,20021,247
2021-10-11,Yuba,115,75493,9759,9657,249,9906,69
2021-10-10,Alameda,001,1643700,117398,116679,2737,119416,1358
2021-10-10,Alpine,003,1148,100,102,0,102,0
2021-10-10,Amador,005,37829,5328,5278,57,5335,62
2021-10-10,Butte,007,227075,19822,19430,3566,22996,253
2021-10-10,Calaveras,009,45235,3761,3747,44,3791,75
2021-10-10,Colusa,011,21464,2459,2425,588,3013,18
2021-10-10,Contra Costa,013,1133247,97297,96760,2066,98826,960
2021-10-10,Del Norte,015,27424,3588,3507,48,3555,39
2021-10-10,El Dorado,017,186661,15453,15250,1600,16850,146
2021-10-10,Fresno,019,978130,133138,131434,11762,143196,2035
2021-10-10,Glenn,021,27897,3361,3297,943,4240,26
2021-10-10,Humboldt,023,135768,8659,8554,472,9026,101
2021-10-10,Imperial,025,180216,32432,32167,3254,35421,762
2021-10-10,Inyo,027,18085,1937,1857,39,1896,39
2021-10-10,Kern,029,883053,122087,120552,20022,140574,1573
2021-10-10,Kings,031,150075,30685,30122,1787,31909,308
2021-10-10,Lake,033,64148,6443,6349,128,6477,97
2021-10-10,Lassen,035,31185,6615,6495,317,6812,26
2021-10-10,Los Angeles,037,10098052,1414591,1406034,53162,1459196,26338
2021-10-10,Madera,039,155013,21884,21486,1869,23355,272
2021-10-10,Marin,041,260295,17205,17112,431,17543,242
2021-10-10,Mariposa,043,17540,1116,1074,37,1111,5
2021-10-10,Mendocino,045,87422,7158,7060,421,7481,81
2021-10-10,Merced,047,269075,40286,40036,1573,41609,566
2021-10-10,Modoc,049,8938,502,482,177,659,5
2021-10-10,Mono,051,14174,1633,1596,19,1615,3
2021-10-10,Monterey,053,433212,48135,47228,2748,49976,580
2021-10-10,Napa,055,140530,12714,12641,101,12742,96
2021-10-10,Nevada,057,99092,8783,8689,306,8995,90
2021-10-10,Orange,059,3164182,302017,299787,14493,314280,5499
2021-10-10,Placer,061,380077,35512,35128,3444,38572,404
2021-10-10,Plumas,063,18699,1549,1468,26,1494,6
2021-10-10,Riverside,065,2383286,355350,351248,16210,367458,4973
2021-10-10,Sacramento,067,1510023,153438,152405,4226,156631,2178
2021-10-10,San Benito,069,59416,7201,7180,158,7338,71
2021-10-10,San Bernardino,071,2135413,346449,344423,10850,355273,5551
2021-10-10,San Diego,073,3302833,363903,361038,21083,382121,4113
2021-10-10,San Francisco,075,870044,51778,51216,2244,53460,643
2021-10-10,San Joaquin,077,732212,96924,96084,5263,101347,1681
2021-10-10,San Luis Obispo,079,281455,28774,28343,1165,29508,326
2021-10-10,San Mateo,081,765935,53141,52273,820,53093,569
2021-10-10,Santa Barbara,083,443738,43419,42987,1586,44573,515
2021-10-10,Santa Clara,085,1922200,143876,142768,1208,143976,1881
2021-10-10,Santa Cruz,087,273765,19927,19727,992,20719,217
2021-10-10,Shasta,089,179085,20071,19635,3359,22994,296
2021-10-10,Sierra,091,2930,164,147,17,164,0
2021-10-10,Siskiyou,093,43540,3240,3155,1202,4357,42
2021-10-10,Solano,095,438530,45077,44431,1201,45632,329
2021-10-10,Sonoma,097,501317,40271,40027,506,40533,390
2021-10-10,Stanislaus,099,539301,75906,75403,8508,83911,1118
2021-10-10,Sutter,101,95872,13501,13412,295,13707,165
2021-10-10,Tehama,103,63373,7918,7764,1333,9097,102
2021-10-10,Trinity,105,12862,808,669,205,874,11
2021-10-10,Tulare,107,460477,65282,63930,13863,77793,940
2021-10-10,Tuolumne,109,53932,6653,6580,78,6658,89
2021-10-10,Ventura,111,848112,96456,95829,4238,100067,1160
2021-10-10,Yolo,113,214977,19140,18952,1039,19991,247
2021-10-10,Yuba,115,75493,9743,9641,244,9885,69
2021-10-09,Alameda,001,1643700,117299,116253,2735,118988,1356
2021-10-09,Alpine,003,1148,99,102,0,102,0
2021-10-09,Amador,005,37829,5326,5237,56,5293,62
2021-10-09,Butte,007,227075,19792,19277,3563,22840,250
2021-10-09,Calaveras,009,45235,3757,3716,44,3760,75
2021-10-09,Colusa,011,21464,2455,2419,587,3006,18
2021-10-09,Contra Costa,013,1133247,97225,96378,2060,98438,958
2021-10-09,Del Norte,015,27424,3587,3495,48,3543,39
2021-10-09,El Dorado,017,186661,15435,15153,1597,16750,144
2021-10-09,Fresno,019,978130,133005,130508,11746,142254,2018
2021-10-09,Glenn,021,27897,3358,3277,942,4219,26
2021-10-09,Humboldt,023,135768,8645,8448,470,8918,97
2021-10-09,Imperial,025,180216,32398,31989,3252,35241,760
2021-10-09,Inyo,027,18085,1928,1808,39,1847,39
2021-10-09,Kern,029,883053,121948,119795,19995,139790,1559
2021-10-09,Kings,031,150075,30636,29894,1785,31679,308
2021-10-09,Lake,033,64148,6424,6283,127,6410,97
2021-10-09,Lassen,035,31185,6610,6442,316,6758,25
2021-10-09,Los Angeles,037,10098052,1414004,1402810,53123,1455933,26280
2021-10-09,Madera,039,155013,21851,21313,1856,23169,271
2021-10-09,Marin,041,260295,17200,17049,429,17478,242
2021-10-09,Mariposa,043,17540,1109,1042,36,1078,5
2021-10-09,Mendocino,045,87422,7151,7011,420,7431,82
2021-10-09,Merced,047,269075,40245,39784,1573,41357,565
2021-10-09,Modoc,049,8938,500,477,176,653,5
2021-10-09,Mono,051,14174,1630,1577,19,1596,3
2021-10-09,Monterey,053,433212,48123,47168,2745,49913,577
2021-10-09,Napa,055,140530,12710,12586,101,12687,96
2021-10-09,Nevada,057,99092,8772,8613,305,8918,90
2021-10-09,Orange,059,3164182,301837,299089,14474,313563,5457
2021-10-09,Placer,061,380077,35474,34877,3437,38314,393
2021-10-09,Plumas,063,18699,1538,1418,26,1444,6
2021-10-09,Riverside,065,2383286,355099,350082,16193,366275,4965
2021-10-09,Sacramento,067,1510023,153229,151566,4213,155779,2160
2021-10-09,San Benito,069,59416,7193,7123,158,7281,71
2021-10-09,San Bernardino,071,2135413,346265,343452,10846,354298,5556
2021-10-09,San Diego,073,3302833,363588,359909,21078,380987,4111
2021-10-09,San Francisco,075,870044,51731,50960,2237,53197,643
2021-10-09,San Joaquin,077,732212,96858,95606,5258,100864,1669
2021-10-09,San Luis Obispo,079,281455,28757,28197,1163,29360,324
2021-10-09,San Mateo,081,765935,53108,52121,819,52940,569
2021-10-09,Santa Barbara,083,443738,43392,42735,1586,44321,514
2021-10-09,Santa Clara,085,1922200,143753,142298,1202,143500,1873
2021-10-09,Santa Cruz,087,273765,19918,19635,991,20626,217
2021-10-09,Shasta,089,179085,20021,19437,3354,22791,290
2021-10-09,Sierra,091,2930,161,141,17,158,0
2021-10-09,Siskiyou,093,43540,3239,3124,1201,4325,42
2021-10-09,Solano,095,438530,45060,44265,1200,45465,329
2021-10-09,Sonoma,097,501317,40227,39848,506,40354,387
2021-10-09,Stanislaus,099,539301,75816,74899,8498,83397,1114
2021-10-09,Sutter,101,95872,13492,13314,293,13607,165
2021-10-09,Tehama,103,63373,7907,7670,1328,8998,99
2021-10-09,Trinity,105,12862,807,660,205,865,11
2021-10-09,Tulare,107,460477,65174,63398,13841,77239,932
2021-10-09,Tuolumne,109,53932,6634,6521,78,6599,89
2021-10-09,Ventura,111,848112,96402,95542,4235,99777,1158
2021-10-09,Yolo,113,214977,19119,18850,1036,19886,247
2021-10-09,Yuba,115,75493,9731,9551,242,9793,69
2021-10-08,Alameda,001,1643700,117217,116253,2732,118985,1356
2021-10-08,Alpine,003,1148,99,102,0,102,0
2021-10-08,Amador,005,37829,5313,5237,56,5293,62
2021-10-08,Butte,007,227075,19763,19277,3559,22836,250
2021-10-08,Calaveras,009,45235,3752,3716,44,3760,75
2021-10-08,Colusa,011,21464,2453,2419,587,3006,18
2021-10-08,Contra Costa,013,1133247,97181,96378,2055,98433,958
2021-10-08,Del Norte,015,27424,3586,3495,48,3543,39
2021-10-08,El Dorado,017,186661,15416,15153,1593,16746,144
2021-10-08,Fresno,019,978130,132809,130508,11725,142233,2018
2021-10-08,Glenn,021,27897,3349,3277,940,4217,26
2021-10-08,Humboldt,023,135768,8634,8448,467,8915,97
2021-10-08,Imperial,025,180216,32368,31989,3248,35237,760
2021-10-08,Inyo,027,18085,1910,1808,39,1847,39
2021-10-08,Kern,029,883053,121811,119795,19953,139748,1559
2021-10-08,Kings,031,150075,30542,29894,1784,31678,308
2021-10-08,Lake,033,64148,6416,6283,127,6410,97
2021-10-08,Lassen,035,31185,6596,6442,313,6755,25
2021-10-08,Los Angeles,037,10098052,1413341,1402810,53087,1455897,26280
2021-10-08,Madera,039,155013,21793,21313,1849,23162,271
2021-10-08,Marin,041,260295,17189,17049,428,17477,242
2021-10-08,Mariposa,043,17540,1102,1042,34,1076,5
2021-10-08,Mendocino,045,87422,7138,7011,420,7431,82
2021-10-08,Merced,047,269075,40213,39784,1570,41354,565
2021-10-08,Modoc,049,8938,498,477,176,653,5
2021-10-08,Mono,051,14174,1627,1577,19,1596,3
2021-10-08,Monterey,053,433212,48096,47168,2743,49911,577
2021-10-08,Napa,055,140530,12694,12586,101,12687,96
2021-10-08,Nevada,057,99092,8759,8613,305,8918,90
2021-10-08,Orange,059,3164182,301689,299089,14454,313543,5457
2021-10-08,Placer,061,380077,35436,34877,3429,38306,393
2021-10-08,Plumas,063,18699,1526,1418,26,1444,6
2021-10-08,Riverside,065,2383286,354830,350082,16182,366264,4965
2021-10-08,Sacramento,067,1510023,153064,151566,4199,155765,2160
2021-10-08,San Benito,069,59416,7189,7123,156,7279,71
2021-10-08,San Bernardino,071,2135413,346061,343452,10838,354290,5556
2021-10-08,San Diego,073,3302833,363252,359909,21060,380969,4111
2021-10-08,San Francisco,075,870044,51684,50960,2228,53188,643
2021-10-08,San Joaquin,077,732212,96789,95606,5252,100858,1669
2021-10-08,San Luis Obispo,079,281455,28730,28197,1162,29359,324
2021-10-08,San Mateo,081,765935,53080,52121,819,52940,569
2021-10-08,Santa Barbara,083,443738,43357,42735,1585,44320,514
2021-10-08,Santa Clara,085,1922200,143640,142298,1197,143495,1873
2021-10-08,Santa Cruz,087,273765,19903,19635,991,20626,217
2021-10-08,Shasta,089,179085,19979,19437,3348,22785,290
2021-10-08,Sierra,091,2930,159,141,15,156,0
2021-10-08,Siskiyou,093,43540,3231,3124,1200,4324,42
2021-10-08,Solano,095,438530,45021,44265,1199,45464,329
2021-10-08,Sonoma,097,501317,40192,39848,506,40354,387
2021-10-08,Stanislaus,099,539301,75747,74899,8489,83388,1114
2021-10-08,Sutter,101,95872,13478,13314,291,13605,165
2021-10-08,Tehama,103,63373,7890,7670,1326,8996,99
2021-10-08,Trinity,105,12862,806,660,205,865,11
2021-10-08,Tulare,107,460477,65056,63398,13809,77207,932
2021-10-08,Tuolumne,109,53932,6611,6521,78,6599,89
2021-10-08,Ventura,111,848112,96351,95542,4229,99771,1158
2021-10-08,Yolo,113,214977,19106,18850,1032,19882,247
2021-10-08,Yuba,115,75493,9711,9551,241,9792,69
2021-10-07,Alameda,001,1643700,117099,116253,2731,118984,1356
2021-10-07,Alpine,003,1148,99,102,0,102,0
2021-10-07,Amador,005,37829,5306,5237,56,5293,62
2021-10-07,Butte,007,227075,19714,19277,3548,22825,250
2021-10-07,Calaveras,009,45235,3740,3716,44,3760,75
2021-10-07,Colusa,011,21464,2450,2419,581,3000,18
2021-10-07,Contra Costa,013,1133247,97058,96378,2051,98429,958
2021-10-07,Del Norte,015,27424,3583,3495,48,3543,39
2021-10-07,El Dorado,017,186661,15380,15153,1589,16742,144
2021-10-07,Fresno,019,978130,132536,130508,11703,142211,2018
2021-10-07,Glenn,021,27897,3344,3277,937,4214,26
2021-10-07,Humboldt,023,135768,8608,8448,464,8912,97
2021-10-07,Imperial,025,180216,32297,31989,3234,35223,760
2021-10-07,Inyo,027,18085,1891,1808,39,1847,39
2021-10-07,Kern,029,883053,121580,119795,19887,139682,1559
2021-10-07,Kings,031,150075,30477,29894,1778,31672,308
2021-10-07,Lake,033,64148,6405,6283,127,6410,97
2021-10-07,Lassen,035,31185,6578,6442,311,6753,25
2021-10-07,Los Angeles,037,10098052,1412380,1402810,53042,1455852,26280
2021-10-07,Madera,039,155013,21720,21313,1834,23147,271
2021-10-07,Marin,041,260295,17171,17049,428,17477,242
2021-10-07,Mariposa,043,17540,1094,1042,34,1076,5
2021-10-07,Mendocino,045,87422,7128,7011,416,7427,82
2021-10-07,Merced,047,269075,40146,39784,1554,41338,565
2021-10-07,Modoc,049,8938,495,477,175,652,5
2021-10-07,Mono,051,14174,1618,1577,19,1596,3
2021-10-07,Monterey,053,433212,48071,47168,2734,49902,577
2021-10-07,Napa,055,140530,12679,12586,101,12687,96
2021-10-07,Nevada,057,99092,8731,8613,305,8918,90
2021-10-07,Orange,059,3164182,301463,299089,14440,313529,5457
2021-10-07,Placer,061,380077,35374,34877,3422,38299,393
2021-10-07,Plumas,063,18699,1509,1418,26,1444,6
2021-10-07,Riverside,065,2383286,354497,350082,16170,366252,4965
2021-10-07,Sacramento,067,1510023,152782,151566,4172,155738,2160
2021-10-07,San Benito,069,59416,7173,7123,154,7277,71
2021-10-07,San Bernardino,071,2135413,345790,343452,10831,354283,5556
2021-10-07,San Diego,073,3302833,362840,359909,21039,380948,4111
2021-10-07,San Francisco,075,870044,51614,50960,2225,53185,643
2021-10-07,San Joaquin,077,732212,96635,95606,5244,100850,1669
2021-10-07,San Luis Obispo,079,281455,28679,28197,1160,29357,324
2021-10-07,San Mateo,081,765935,53040,52121,817,52938,569
2021-10-07,Santa Barbara,083,443738,43288,42735,1579,44314,514
2021-10-07,Santa Clara,085,1922200,143489,142298,1191,143489,1873
2021-10-07,Santa Cruz,087,273765,19883,19635,990,20625,217
2021-10-07,Shasta,089,179085,19890,19437,3333,22770,290
2021-10-07,Sierra,091,2930,159,141,15,156,0
2021-10-07,Siskiyou,093,43540,3227,3124,1195,4319,42
2021-10-07,Solano,095,438530,44976,44265,1195,45460,329
2021-10-07,Sonoma,097,501317,40155,39848,504,40352,387
2021-10-07,Stanislaus,099,539301,75586,74899,8464,83363,1114
2021-10-07,Sutter,101,95872,13456,13314,288,13602,165
2021-10-07,Tehama,103,63373,7857,7670,1320,8990,99
2021-10-07,Trinity,105,12862,804,660,205,865,11
2021-10-07,Tulare,107,460477,64890,63398,13771,77169,932
2021-10-07,Tuolumne,109,53932,6589,6521,78,6599,89
2021-10-07,Ventura,111,848112,96278,95542,4226,99768,1158
2021-10-07,Yolo,113,214977,19072,18850,1027,19877,247
2021-10-07,Yuba,115,75493,9685,9551,234,9785,69
2021-10-06,Alameda,001,1643700,116962,116058,2725,118783,1353
2021-10-06,Alpine,003,1148,99,102,0,102,0
2021-10-06,Amador,005,37829,5303,5205,56,5261,62
2021-10-06,Butte,007,227075,19651,19208,3541,22749,247
2021-10-06,Calaveras,009,45235,3731,3669,44,3713,75
2021-10-06,Colusa,011,21464,2448,2414,574,2988,18
2021-10-06,Contra Costa,013,1133247,96931,96184,2047,98231,953
2021-10-06,Del Norte,015,27424,3580,3490,45,3535,39
2021-10-06,El Dorado,017,186661,15355,15078,1587,16665,140
2021-10-06,Fresno,019,978130,132248,130074,11677,141751,2008
2021-10-06,Glenn,021,27897,3335,3270,935,4205,26
2021-10-06,Humboldt,023,135768,8593,8416,457,8873,94
2021-10-06,Imperial,025,180216,32244,31930,3222,35152,760
2021-10-06,Inyo,027,18085,1876,1806,39,1845,39
2021-10-06,Kern,029,883053,121323,119491,19794,139285,1552
2021-10-06,Kings,031,150075,30411,29785,1770,31555,308
2021-10-06,Lake,033,64148,6391,6271,127,6398,97
2021-10-06,Lassen,035,31185,6561,6429,310,6739,25
2021-10-06,Los Angeles,037,10098052,1411422,1401675,52995,1454670,26252
2021-10-06,Madera,039,155013,21665,21230,1824,23054,269
2021-10-06,Marin,041,260295,17162,17042,425,17467,242
2021-10-06,Mariposa,043,17540,1087,1036,34,1070,5
2021-10-06,Mendocino,045,87422,7119,6986,415,7401,81
2021-10-06,Merced,047,269075,40068,39666,1545,41211,563
2021-10-06,Modoc,049,8938,495,477,173,650,5
2021-10-06,Mono,051,14174,1605,1568,19,1587,3
2021-10-06,Monterey,053,433212,48038,47136,2729,49865,577
2021-10-06,Napa,055,140530,12655,12552,100,12652,96
2021-10-06,Nevada,057,99092,8715,8582,304,8886,90
2021-10-06,Orange,059,3164182,301226,298785,14427,313212,5448
2021-10-06,Placer,061,380077,35323,34764,3415,38179,390
2021-10-06,Plumas,063,18699,1486,1383,26,1409,6
2021-10-06,Riverside,065,2383286,354141,349645,16149,365794,4953
2021-10-06,Sacramento,067,1510023,152529,151164,4141,155305,2141
2021-10-06,San Benito,069,59416,7158,7108,154,7262,69
2021-10-06,San Bernardino,071,2135413,345494,343022,10824,353846,5551
2021-10-06,San Diego,073,3302833,362341,359564,21011,380575,4104
2021-10-06,San Francisco,075,870044,51551,50894,2222,53116,641
2021-10-06,San Joaquin,077,732212,96501,95418,5232,100650,1658
2021-10-06,San Luis Obispo,079,281455,28629,28170,1154,29324,323
2021-10-06,San Mateo,081,765935,52990,52056,812,52868,569
2021-10-06,Santa Barbara,083,443738,43205,42687,1577,44264,513
2021-10-06,Santa Clara,085,1922200,143338,142124,1186,143310,1872
2021-10-06,Santa Cruz,087,273765,19854,19604,988,20592,217
2021-10-06,Shasta,089,179085,19816,19325,3320,22645,287
2021-10-06,Sierra,091,2930,157,138,15,153,0
2021-10-06,Siskiyou,093,43540,3217,3116,1188,4304,42
2021-10-06,Solano,095,438530,44942,44185,1194,45379,328
2021-10-06,Sonoma,097,501317,40105,39787,504,40291,383
2021-10-06,Stanislaus,099,539301,75444,74699,8451,83150,1114
2021-10-06,Sutter,101,95872,13435,13284,286,13570,164
2021-10-06,Tehama,103,63373,7821,7629,1313,8942,99
2021-10-06,Trinity,105,12862,801,656,205,861,11
2021-10-06,Tulare,107,460477,64710,63198,13711,76909,926
2021-10-06,Tuolumne,109,53932,6564,6486,78,6564,89
2021-10-06,Ventura,111,848112,96187,95449,4218,99667,1158
2021-10-06,Yolo,113,214977,19040,18815,1022,19837,247
2021-10-06,Yuba,115,75493,9661,9520,233,9753,69
2021-10-05,Alameda,001,1643700,116818,115968,2719,118687,1350
2021-10-05,Alpine,003,1148,99,102,0,102,0
2021-10-05,Amador,005,37829,5282,5194,55,5249,61
2021-10-05,Butte,007,227075,19603,19137,3531,22668,246
2021-10-05,Calaveras,009,45235,3715,3657,44,3701,73
2021-10-05,Colusa,011,21464,2441,2414,573,2987,18
2021-10-05,Contra Costa,013,1133247,96815,96108,2040,98148,941
2021-10-05,Del Norte,015,27424,3578,3485,44,3529,39
2021-10-05,El Dorado,017,186661,15316,15052,1584,16636,140
2021-10-05,Fresno,019,978130,131909,129957,11647,141604,1987
2021-10-05,Glenn,021,27897,3324,3270,931,4201,26
2021-10-05,Humboldt,023,135768,8561,8398,453,8851,94
2021-10-05,Imperial,025,180216,32196,31909,3217,35126,759
2021-10-05,Inyo,027,18085,1859,1800,39,1839,39
2021-10-05,Kern,029,883053,121056,119260,19692,138952,1540
2021-10-05,Kings,031,150075,30336,29749,1764,31513,301
2021-10-05,Lake,033,64148,6370,6264,126,6390,97
2021-10-05,Lassen,035,31185,6542,6417,308,6725,25
2021-10-05,Los Angeles,037,10098052,1410278,1400300,52943,1453243,26223
2021-10-05,Madera,039,155013,21607,21183,1811,22994,269
2021-10-05,Marin,041,260295,17150,17024,425,17449,242
2021-10-05,Mariposa,043,17540,1068,1033,31,1064,5
2021-10-05,Mendocino,045,87422,7103,6972,408,7380,79
2021-10-05,Merced,047,269075,40002,39608,1536,41144,562
2021-10-05,Modoc,049,8938,491,475,172,647,5
2021-10-05,Mono,051,14174,1598,1565,19,1584,3
2021-10-05,Monterey,053,433212,48021,47087,2719,49806,573
2021-10-05,Napa,055,140530,12631,12533,100,12633,96
2021-10-05,Nevada,057,99092,8685,8576,304,8880,90
2021-10-05,Orange,059,3164182,300949,298589,14395,312984,5441
2021-10-05,Placer,061,380077,35243,34728,3408,38136,382
2021-10-05,Plumas,063,18699,1461,1357,26,1383,6
2021-10-05,Riverside,065,2383286,353781,349365,16134,365499,4942
2021-10-05,Sacramento,067,1510023,152256,151111,4112,155223,2126
2021-10-05,San Benito,069,59416,7140,7103,152,7255,69
2021-10-05,San Bernardino,071,2135413,345165,342711,10817,353528,5557
2021-10-05,San Diego,073,3302833,361757,359194,20984,380178,4092
2021-10-05,San Francisco,075,870044,51454,50826,2219,53045,641
2021-10-05,San Joaquin,077,732212,96348,95276,5205,100481,1651
2021-10-05,San Luis Obispo,079,281455,28585,28113,1152,29265,324
2021-10-05,San Mateo,081,765935,52945,52008,812,52820,569
2021-10-05,Santa Barbara,083,443738,43126,42595,1573,44168,511
2021-10-05,Santa Clara,085,1922200,143180,141971,1179,143150,1873
2021-10-05,Santa Cruz,087,273765,19812,19582,988,20570,216
2021-10-05,Shasta,089,179085,19743,19285,3307,22592,286
2021-10-05,Sierra,091,2930,153,136,15,151,0
2021-10-05,Siskiyou,093,43540,3203,3107,1188,4295,42
2021-10-05,Solano,095,438530,44871,44149,1192,45341,325
2021-10-05,Sonoma,097,501317,40050,39756,499,40255,383
2021-10-05,Stanislaus,099,539301,75282,74599,8434,83033,1114
2021-10-05,Sutter,101,95872,13407,13270,285,13555,164
2021-10-05,Tehama,103,63373,7793,7607,1304,8911,98
2021-10-05,Trinity,105,12862,798,655,205,860,11
2021-10-05,Tulare,107,460477,64503,63093,13657,76750,920
2021-10-05,Tuolumne,109,53932,6549,6473,77,6550,89
2021-10-05,Ventura,111,848112,96080,95351,4217,99568,1155
2021-10-05,Yolo,113,214977,19004,18782,1016,19798,245
2021-10-05,Yuba,115,75493,9629,9504,230,9734,69
2021-10-04,Alameda,001,1643700,116655,115845,2716,118561,1347
2021-10-04,Alpine,003,1148,99,102,0,102,0
2021-10-04,Amador,005,37829,5272,5163,54,5217,61
2021-10-04,Butte,007,227075,19526,19081,3519,22600,245
2021-10-04,Calaveras,009,45235,3706,3641,44,3685,73
2021-10-04,Colusa,011,21464,2440,2414,572,2986,18
2021-10-04,Contra Costa,013,1133247,96673,95958,2035,97993,937
2021-10-04,Del Norte,015,27424,3576,3485,40,3525,39
2021-10-04,El Dorado,017,186661,15268,15031,1577,16608,138
2021-10-04,Fresno,019,978130,131601,129665,11626,141291,1978
2021-10-04,Glenn,021,27897,3317,3270,926,4196,26
2021-10-04,Humboldt,023,135768,8527,8355,445,8800,94
2021-10-04,Imperial,025,180216,32147,31866,3210,35076,757
2021-10-04,Inyo,027,18085,1847,1792,36,1828,39
2021-10-04,Kern,029,883053,120768,118984,19571,138555,1531
2021-10-04,Kings,031,150075,30243,29702,1761,31463,303
2021-10-04,Lake,033,64148,6357,6248,126,6374,97
2021-10-04,Lassen,035,31185,6525,6405,308,6713,25
2021-10-04,Los Angeles,037,10098052,1409165,1399604,52884,1452488,26186
2021-10-04,Madera,039,155013,21543,21126,1800,22926,266
2021-10-04,Marin,041,260295,17134,17008,424,17432,242
2021-10-04,Mariposa,043,17540,1056,1024,31,1055,5
2021-10-04,Mendocino,045,87422,7085,6947,405,7352,79
2021-10-04,Merced,047,269075,39887,39565,1519,41084,558
2021-10-04,Modoc,049,8938,488,473,172,645,5
2021-10-04,Mono,051,14174,1591,1561,19,1580,3
2021-10-04,Monterey,053,433212,48000,47058,2712,49770,571
2021-10-04,Napa,055,140530,12607,12506,100,12606,96
2021-10-04,Nevada,057,99092,8665,8563,304,8867,90
2021-10-04,Orange,059,3164182,300654,298165,14363,312528,5438
2021-10-04,Placer,061,380077,35159,34630,3380,38010,379
2021-10-04,Plumas,063,18699,1439,1329,26,1355,6
2021-10-04,Riverside,065,2383286,353401,348828,16124,364952,4923
2021-10-04,Sacramento,067,1510023,151933,150887,4085,154972,2115
2021-10-04,San Benito,069,59416,7127,7099,152,7251,69
2021-10-04,San Bernardino,071,2135413,344808,342418,10805,353223,5551
2021-10-04,San Diego,073,3302833,361178,358525,20953,379478,4090
2021-10-04,San Francisco,075,870044,51359,50798,2215,53013,638
2021-10-04,San Joaquin,077,732212,96151,95198,5185,100383,1649
2021-10-04,San Luis Obispo,079,281455,28540,28090,1146,29236,323
2021-10-04,San Mateo,081,765935,52885,51958,811,52769,569
2021-10-04,Santa Barbara,083,443738,43043,42585,1572,44157,511
2021-10-04,Santa Clara,085,1922200,143036,141840,1173,143013,1869
2021-10-04,Santa Cruz,087,273765,19783,19559,987,20546,216
2021-10-04,Shasta,089,179085,19636,19170,3293,22463,279
2021-10-04,Sierra,091,2930,146,136,14,150,0
2021-10-04,Siskiyou,093,43540,3194,3103,1173,4276,42
2021-10-04,Solano,095,438530,44812,44092,1188,45280,322
2021-10-04,Sonoma,097,501317,39985,39720,499,40219,381
2021-10-04,Stanislaus,099,539301,75129,74444,8415,82859,1106
2021-10-04,Sutter,101,95872,13378,13261,284,13545,164
2021-10-04,Tehama,103,63373,7752,7585,1298,8883,95
2021-10-04,Trinity,105,12862,797,649,204,853,11
2021-10-04,Tulare,107,460477,64312,62957,13590,76547,920
2021-10-04,Tuolumne,109,53932,6523,6442,77,6519,89
2021-10-04,Ventura,111,848112,95988,95170,4211,99381,1153
2021-10-04,Yolo,113,214977,18960,18761,1011,19772,242
2021-10-04,Yuba,115,75493,9590,9481,228,9709,68
2021-10-03,Alameda,001,1643700,116515,115751,2706,118457,1349
2021-10-03,Alpine,003,1148,99,102,0,102,0
2021-10-03,Amador,005,37829,5254,5160,52,5212,61
2021-10-03,Butte,007,227075,19453,19066,3503,22569,245
2021-10-03,Calaveras,009,45235,3689,3632,44,3676,73
2021-10-03,Colusa,011,21464,2439,2413,569,2982,18
2021-10-03,Contra Costa,013,1133247,96540,95890,2028,97918,937
2021-10-03,Del Norte,015,27424,3570,3483,39,3522,39
2021-10-03,El Dorado,017,186661,15210,15014,1570,16584,139
2021-10-03,Fresno,019,978130,131221,129365,11591,140956,1978
2021-10-03,Glenn,021,27897,3311,3266,921,4187,26
2021-10-03,Humboldt,023,135768,8482,8352,441,8793,94
2021-10-03,Imperial,025,180216,32080,31844,3201,35045,757
2021-10-03,Inyo,027,18085,1826,1788,36,1824,39
2021-10-03,Kern,029,883053,120464,118851,19449,138300,1535
2021-10-03,Kings,031,150075,30142,29623,1754,31377,300
2021-10-03,Lake,033,64148,6331,6239,126,6365,97
2021-10-03,Lassen,035,31185,6503,6400,306,6706,25
2021-10-03,Los Angeles,037,10098052,1407894,1398790,52829,1451619,26179
2021-10-03,Madera,039,155013,21471,21066,1790,22856,266
2021-10-03,Marin,041,260295,17111,16995,419,17414,242
2021-10-03,Mariposa,043,17540,1049,1011,31,1042,5
2021-10-03,Mendocino,045,87422,7065,6939,396,7335,79
2021-10-03,Merced,047,269075,39779,39516,1502,41018,558
2021-10-03,Modoc,049,8938,487,472,171,643,5
2021-10-03,Mono,051,14174,1587,1554,19,1573,3
2021-10-03,Monterey,053,433212,47975,47049,2701,49750,571
2021-10-03,Napa,055,140530,12579,12489,98,12587,96
2021-10-03,Nevada,057,99092,8630,8545,304,8849,90
2021-10-03,Orange,059,3164182,300373,298027,14343,312370,5447
2021-10-03,Placer,061,380077,35021,34596,3363,37959,379
2021-10-03,Plumas,063,18699,1411,1328,26,1354,6
2021-10-03,Riverside,065,2383286,352970,348593,16104,364697,4924
2021-10-03,Sacramento,067,1510023,151643,150664,4057,154721,2120
2021-10-03,San Benito,069,59416,7118,7095,152,7247,69
2021-10-03,San Bernardino,071,2135413,344401,342302,10798,353100,5555
2021-10-03,San Diego,073,3302833,360582,358153,20921,379074,4081
2021-10-03,San Francisco,075,870044,51271,50733,2212,52945,638
2021-10-03,San Joaquin,077,732212,95962,95133,5177,100310,1649
2021-10-03,San Luis Obispo,079,281455,28473,28065,1141,29206,325
2021-10-03,San Mateo,081,765935,52818,51923,810,52733,569
2021-10-03,Santa Barbara,083,443738,42948,42550,1564,44114,511
2021-10-03,Santa Clara,085,1922200,142866,141737,1165,142902,1869
2021-10-03,Santa Cruz,087,273765,19743,19548,985,20533,216
2021-10-03,Shasta,089,179085,19531,19132,3263,22395,279
2021-10-03,Sierra,091,2930,143,136,14,150,0
2021-10-03,Siskiyou,093,43540,3181,3096,1162,4258,42
2021-10-03,Solano,095,438530,44748,44051,1185,45236,322
2021-10-03,Sonoma,097,501317,39919,39679,499,40178,381
2021-10-03,Stanislaus,099,539301,74942,74366,8397,82763,1106
2021-10-03,Sutter,101,95872,13363,13248,280,13528,164
2021-10-03,Tehama,103,63373,7709,7564,1293,8857,94
2021-10-03,Trinity,105,12862,793,647,202,849,11
2021-10-03,Tulare,107,460477,64109,62860,13516,76376,924
2021-10-03,Tuolumne,109,53932,6494,6430,75,6505,89
2021-10-03,Ventura,111,848112,95883,95108,4208,99316,1153
2021-10-03,Yolo,113,214977,18931,18720,1004,19724,242
2021-10-03,Yuba,115,75493,9572,9462,227,9689,68
2021-10-02,Alameda,001,1643700,116409,115185,2702,117887,1343
2021-10-02,Alpine,003,1148,99,102,0,102,0
2021-10-02,Amador,005,37829,5245,5105,52,5157,61
2021-10-02,Butte,007,227075,19422,18911,3496,22407,243
2021-10-02,Calaveras,009,45235,3682,3585,44,3629,72
2021-10-02,Colusa,011,21464,2438,2403,567,2970,18
2021-10-02,Contra Costa,013,1133247,96469,95369,2024,97393,933
2021-10-02,Del Norte,015,27424,3565,3468,39,3507,39
2021-10-02,El Dorado,017,186661,15184,14887,1569,16456,136
2021-10-02,Fresno,019,978130,131050,128450,11580,140030,1964
2021-10-02,Glenn,021,27897,3307,3234,921,4155,26
2021-10-02,Humboldt,023,135768,8463,8244,441,8685,94
2021-10-02,Imperial,025,180216,32046,31674,3197,34871,757
2021-10-02,Inyo,027,18085,1817,1746,36,1782,39
2021-10-02,Kern,029,883053,120331,117962,19366,137328,1524
2021-10-02,Kings,031,150075,30093,29339,1751,31090,301
2021-10-02,Lake,033,64148,6322,6191,126,6317,97
2021-10-02,Lassen,035,31185,6498,6360,306,6666,25
2021-10-02,Los Angeles,037,10098052,1407289,1395070,52792,1447862,26126
2021-10-02,Madera,039,155013,21446,20931,1781,22712,266
2021-10-02,Marin,041,260295,17106,16936,416,17352,242
2021-10-02,Mariposa,043,17540,1047,967,31,998,5
2021-10-02,Mendocino,045,87422,7055,6869,396,7265,78
2021-10-02,Merced,047,269075,39752,39196,1499,40695,552
2021-10-02,Modoc,049,8938,485,468,171,639,5
2021-10-02,Mono,051,14174,1585,1540,19,1559,3
2021-10-02,Monterey,053,433212,47920,46964,2700,49664,571
2021-10-02,Napa,055,140530,12568,12433,98,12531,96
2021-10-02,Nevada,057,99092,8619,8474,303,8777,87
2021-10-02,Orange,059,3164182,300207,297307,14323,311630,5435
2021-10-02,Placer,061,380077,34955,34377,3354,37731,381
2021-10-02,Plumas,063,18699,1400,1298,26,1324,6
2021-10-02,Riverside,065,2383286,352729,347227,16093,363320,4895
2021-10-02,Sacramento,067,1510023,151469,149897,4049,153946,2099
2021-10-02,San Benito,069,59416,7111,7055,152,7207,69
2021-10-02,San Bernardino,071,2135413,344218,341212,10748,351960,5540
2021-10-02,San Diego,073,3302833,360260,356454,20899,377353,4078
2021-10-02,San Francisco,075,870044,51222,50393,2207,52600,634
2021-10-02,San Joaquin,077,732212,95897,94599,5171,99770,1646
2021-10-02,San Luis Obispo,079,281455,28449,27915,1141,29056,323
2021-10-02,San Mateo,081,765935,52777,51767,806,52573,573
2021-10-02,Santa Barbara,083,443738,42908,42423,1564,43987,508
2021-10-02,Santa Clara,085,1922200,142752,141231,1161,142392,1862
2021-10-02,Santa Cruz,087,273765,19726,19461,984,20445,214
2021-10-02,Shasta,089,179085,19485,18912,3257,22169,270
2021-10-02,Sierra,091,2930,142,131,14,145,0
2021-10-02,Siskiyou,093,43540,3180,3053,1159,4212,42
2021-10-02,Solano,095,438530,44703,43800,1184,44984,321
2021-10-02,Sonoma,097,501317,39885,39497,498,39995,382
2021-10-02,Stanislaus,099,539301,74856,73859,8383,82242,1099
2021-10-02,Sutter,101,95872,13354,13160,279,13439,160
2021-10-02,Tehama,103,63373,7694,7453,1293,8746,93
2021-10-02,Trinity,105,12862,790,625,202,827,10
2021-10-02,Tulare,107,460477,64035,62247,13489,75736,908
2021-10-02,Tuolumne,109,53932,6480,6369,75,6444,89
2021-10-02,Ventura,111,848112,95811,94854,4203,99057,1148
2021-10-02,Yolo,113,214977,18906,18640,1000,19640,242
2021-10-02,Yuba,115,75493,9553,9370,226,9596,66
2021-10-01,Alameda,001,1643700,116333,115185,2696,117881,1343
2021-10-01,Alpine,003,1148,99,102,0,102,0
2021-10-01,Amador,005,37829,5225,5105,52,5157,61
2021-10-01,Butte,007,227075,19381,18911,3490,22401,243
2021-10-01,Calaveras,009,45235,3672,3585,44,3629,72
2021-10-01,Colusa,011,21464,2436,2403,567,2970,18
2021-10-01,Contra Costa,013,1133247,96370,95369,2020,97389,933
2021-10-01,Del Norte,015,27424,3562,3468,38,3506,39
2021-10-01,El Dorado,017,186661,15166,14887,1565,16452,136
2021-10-01,Fresno,019,978130,130862,128450,11571,140021,1964
2021-10-01,Glenn,021,27897,3305,3234,920,4154,26
2021-10-01,Humboldt,023,135768,8447,8244,441,8685,94
2021-10-01,Imperial,025,180216,32028,31674,3188,34862,757
2021-10-01,Inyo,027,18085,1808,1746,36,1782,39
2021-10-01,Kern,029,883053,120179,117962,19308,137270,1524
2021-10-01,Kings,031,150075,30059,29339,1745,31084,301
2021-10-01,Lake,033,64148,6312,6191,126,6317,97
2021-10-01,Lassen,035,31185,6487,6360,304,6664,25
2021-10-01,Los Angeles,037,10098052,1406529,1395070,52747,1447817,26126
2021-10-01,Madera,039,155013,21396,20931,1772,22703,266
2021-10-01,Marin,041,260295,17091,16936,415,17351,242
2021-10-01,Mariposa,043,17540,1040,967,31,998,5
2021-10-01,Mendocino,045,87422,7043,6869,396,7265,78
2021-10-01,Merced,047,269075,39707,39196,1490,40686,552
2021-10-01,Modoc,049,8938,484,468,171,639,5
2021-10-01,Mono,051,14174,1582,1540,19,1559,3
2021-10-01,Monterey,053,433212,47899,46964,2697,49661,571
2021-10-01,Napa,055,140530,12558,12433,97,12530,96
2021-10-01,Nevada,057,99092,8605,8474,302,8776,87
2021-10-01,Orange,059,3164182,300023,297307,14303,311610,5435
2021-10-01,Placer,061,380077,34921,34377,3350,37727,381
2021-10-01,Plumas,063,18699,1391,1298,26,1324,6
2021-10-01,Riverside,065,2383286,352436,347227,16085,363312,4895
2021-10-01,Sacramento,067,1510023,151318,149897,4038,153935,2099
2021-10-01,San Benito,069,59416,7109,7055,150,7205,69
2021-10-01,San Bernardino,071,2135413,344019,341212,10745,351957,5540
2021-10-01,San Diego,073,3302833,359893,356454,20878,377332,4078
2021-10-01,San Francisco,075,870044,51181,50393,2205,52598,634
2021-10-01,San Joaquin,077,732212,95827,94599,5167,99766,1646
2021-10-01,San Luis Obispo,079,281455,28425,27915,1138,29053,323
2021-10-01,San Mateo,081,765935,52737,51767,803,52570,573
2021-10-01,Santa Barbara,083,443738,42872,42423,1564,43987,508
2021-10-01,Santa Clara,085,1922200,142659,141231,1156,142387,1862
2021-10-01,Santa Cruz,087,273765,19706,19461,983,20444,214
2021-10-01,Shasta,089,179085,19431,18912,3249,22161,270
2021-10-01,Sierra,091,2930,142,131,14,145,0
2021-10-01,Siskiyou,093,43540,3179,3053,1156,4209,42
2021-10-01,Solano,095,438530,44651,43800,1178,44978,321
2021-10-01,Sonoma,097,501317,39853,39497,497,39994,382
2021-10-01,Stanislaus,099,539301,74772,73859,8372,82231,1099
2021-10-01,Sutter,101,95872,13338,13160,277,13437,160
2021-10-01,Tehama,103,63373,7682,7453,1291,8744,93
2021-10-01,Trinity,105,12862,788,625,202,827,10
2021-10-01,Tulare,107,460477,63932,62247,13454,75701,908
2021-10-01,Tuolumne,109,53932,6463,6369,75,6444,89
2021-10-01,Ventura,111,848112,95744,94854,4198,99052,1148
2021-10-01,Yolo,113,214977,18882,18640,997,19637,242
2021-10-01,Yuba,115,75493,9531,9370,226,9596,66
2021-09-30,Alameda,001,1643700,116188,115185,2693,117878,1343
2021-09-30,Alpine,003,1148,99,102,0,102,0
2021-09-30,Amador,005,37829,5213,5105,52,5157,61
2021-09-30,Butte,007,227075,19332,18911,3481,22392,243
2021-09-30,Calaveras,009,45235,3658,3585,44,3629,72
2021-09-30,Colusa,011,21464,2433,2403,566,2969,18
2021-09-30,Contra Costa,013,1133247,96266,95369,2014,97383,933
2021-09-30,Del Norte,015,27424,3558,3468,35,3503,39
2021-09-30,El Dorado,017,186661,15141,14887,1557,16444,136
2021-09-30,Fresno,019,978130,130586,128450,11542,139992,1964
2021-09-30,Glenn,021,27897,3295,3234,918,4152,26
2021-09-30,Humboldt,023,135768,8415,8244,435,8679,94
2021-09-30,Imperial,025,180216,31976,31674,3185,34859,757
2021-09-30,Inyo,027,18085,1798,1746,36,1782,39
2021-09-30,Kern,029,883053,119935,117962,19226,137188,1524
2021-09-30,Kings,031,150075,29969,29339,1741,31080,301
2021-09-30,Lake,033,64148,6294,6191,126,6317,97
2021-09-30,Lassen,035,31185,6473,6360,304,6664,25
2021-09-30,Los Angeles,037,10098052,1405323,1395070,52688,1447758,26126
2021-09-30,Madera,039,155013,21313,20931,1757,22688,266
2021-09-30,Marin,041,260295,17071,16936,414,17350,242
2021-09-30,Mariposa,043,17540,1018,967,31,998,5
2021-09-30,Mendocino,045,87422,7034,6869,387,7256,78
2021-09-30,Merced,047,269075,39610,39196,1487,40683,552
2021-09-30,Modoc,049,8938,484,468,170,638,5
2021-09-30,Mono,051,14174,1574,1540,19,1559,3
2021-09-30,Monterey,053,433212,47870,46964,2685,49649,571
2021-09-30,Napa,055,140530,12538,12433,97,12530,96
2021-09-30,Nevada,057,99092,8588,8474,301,8775,87
2021-09-30,Orange,059,3164182,299751,297307,14264,311571,5435
2021-09-30,Placer,061,380077,34869,34377,3329,37706,381
2021-09-30,Plumas,063,18699,1373,1298,26,1324,6
2021-09-30,Riverside,065,2383286,352003,347227,16064,363291,4895
2021-09-30,Sacramento,067,1510023,151062,149897,4012,153909,2099
2021-09-30,San Benito,069,59416,7103,7055,150,7205,69
2021-09-30,San Bernardino,071,2135413,343708,341212,10730,351942,5540
2021-09-30,San Diego,073,3302833,359399,356454,20852,377306,4078
2021-09-30,San Francisco,075,870044,51104,50393,2201,52594,634
2021-09-30,San Joaquin,077,732212,95698,94599,5159,99758,1646
2021-09-30,San Luis Obispo,079,281455,28376,27915,1134,29049,323
2021-09-30,San Mateo,081,765935,52688,51767,800,52567,573
2021-09-30,Santa Barbara,083,443738,42816,42423,1563,43986,508
2021-09-30,Santa Clara,085,1922200,142508,141231,1153,142384,1862
2021-09-30,Santa Cruz,087,273765,19666,19461,982,20443,214
2021-09-30,Shasta,089,179085,19369,18912,3234,22146,270
2021-09-30,Sierra,091,2930,141,131,14,145,0
2021-09-30,Siskiyou,093,43540,3171,3053,1151,4204,42
2021-09-30,Solano,095,438530,44599,43800,1175,44975,321
2021-09-30,Sonoma,097,501317,39804,39497,497,39994,382
2021-09-30,Stanislaus,099,539301,74612,73859,8352,82211,1099
2021-09-30,Sutter,101,95872,13317,13160,277,13437,160
2021-09-30,Tehama,103,63373,7645,7453,1280,8733,93
2021-09-30,Trinity,105,12862,784,625,202,827,10
2021-09-30,Tulare,107,460477,63756,62247,13395,75642,908
2021-09-30,Tuolumne,109,53932,6440,6369,75,6444,89
2021-09-30,Ventura,111,848112,95639,94854,4191,99045,1148
2021-09-30,Yolo,113,214977,18843,18640,993,19633,242
2021-09-30,Yuba,115,75493,9508,9370,225,9595,66
2021-09-29,Alameda,001,1643700,116039,114998,2690,117688,1339
2021-09-29,Alpine,003,1148,99,101,0,101,0
2021-09-29,Amador,005,37829,5191,5058,52,5110,61
2021-09-29,Butte,007,227075,19278,18835,3474,22309,242
2021-09-29,Calaveras,009,45235,3641,3553,43,3596,72
2021-09-29,Colusa,011,21464,2431,2401,566,2967,18
2021-09-29,Contra Costa,013,1133247,96152,95213,2006,97219,929
2021-09-29,Del Norte,015,27424,3552,3467,35,3502,39
2021-09-29,El Dorado,017,186661,15107,14834,1550,16384,136
2021-09-29,Fresno,019,978130,130288,128068,11523,139591,1957
2021-09-29,Glenn,021,27897,3291,3213,915,4128,26
2021-09-29,Humboldt,023,135768,8391,8203,434,8637,94
2021-09-29,Imperial,025,180216,31909,31600,3180,34780,757
2021-09-29,Inyo,027,18085,1788,1740,35,1775,39
2021-09-29,Kern,029,883053,119700,117605,19150,136755,1513
2021-09-29,Kings,031,150075,29885,29195,1726,30921,299
2021-09-29,Lake,033,64148,6274,6164,126,6290,97
2021-09-29,Lassen,035,31185,6459,6347,304,6651,25
2021-09-29,Los Angeles,037,10098052,1404112,1393617,52616,1446233,26098
2021-09-29,Madera,039,155013,21268,20818,1743,22561,266
2021-09-29,Marin,041,260295,17053,16921,412,17333,242
2021-09-29,Mariposa,043,17540,1004,963,31,994,5
2021-09-29,Mendocino,045,87422,7022,6821,379,7200,78
2021-09-29,Merced,047,269075,39516,39026,1476,40502,552
2021-09-29,Modoc,049,8938,482,468,170,638,5
2021-09-29,Mono,051,14174,1572,1527,19,1546,3
2021-09-29,Monterey,053,433212,47833,46917,2672,49589,571
2021-09-29,Napa,055,140530,12518,12416,93,12509,96
2021-09-29,Nevada,057,99092,8575,8434,301,8735,87
2021-09-29,Orange,059,3164182,299482,296936,14228,311164,5429
2021-09-29,Placer,061,380077,34805,34271,3306,37577,379
2021-09-29,Plumas,063,18699,1354,1289,26,1315,6
2021-09-29,Riverside,065,2383286,351569,346558,16051,362609,4886
2021-09-29,Sacramento,067,1510023,150811,149686,4002,153688,2099
2021-09-29,San Benito,069,59416,7092,7039,150,7189,69
2021-09-29,San Bernardino,071,2135413,343390,340672,10716,351388,5539
2021-09-29,San Diego,073,3302833,358897,355899,20822,376721,4066
2021-09-29,San Francisco,075,870044,51019,50286,2197,52483,629
2021-09-29,San Joaquin,077,732212,95541,94356,5137,99493,1645
2021-09-29,San Luis Obispo,079,281455,28330,27800,1128,28928,323
2021-09-29,San Mateo,081,765935,52629,51673,798,52471,573
2021-09-29,Santa Barbara,083,443738,42744,42328,1560,43888,507
2021-09-29,Santa Clara,085,1922200,142374,141036,1147,142183,1861
2021-09-29,Santa Cruz,087,273765,19648,19425,981,20406,214
2021-09-29,Shasta,089,179085,19303,18805,3222,22027,271
2021-09-29,Sierra,091,2930,137,130,14,144,0
2021-09-29,Siskiyou,093,43540,3158,3043,1144,4187,42
2021-09-29,Solano,095,438530,44543,43724,1168,44892,321
2021-09-29,Sonoma,097,501317,39743,39426,495,39921,370
2021-09-29,Stanislaus,099,539301,74480,73634,8341,81975,1096
2021-09-29,Sutter,101,95872,13290,13135,274,13409,155
2021-09-29,Tehama,103,63373,7615,7409,1265,8674,88
2021-09-29,Trinity,105,12862,780,616,202,818,10
2021-09-29,Tulare,107,460477,63584,62046,13336,75382,908
2021-09-29,Tuolumne,109,53932,6423,6336,75,6411,89
2021-09-29,Ventura,111,848112,95549,94753,4187,98940,1144
2021-09-29,Yolo,113,214977,18810,18587,988,19575,239
2021-09-29,Yuba,115,75493,9477,9351,221,9572,66
2021-09-28,Alameda,001,1643700,115879,114869,2683,117552,1333
2021-09-28,Alpine,003,1148,99,101,0,101,0
2021-09-28,Amador,005,37829,5169,5049,52,5101,61
2021-09-28,Butte,007,227075,19227,18764,3461,22225,241
2021-09-28,Calaveras,009,45235,3621,3530,43,3573,72
2021-09-28,Colusa,011,21464,2428,2399,564,2963,18
2021-09-28,Contra Costa,013,1133247,96010,95115,2001,97116,929
2021-09-28,Del Norte,015,27424,3549,3462,35,3497,39
2021-09-28,El Dorado,017,186661,15060,14793,1546,16339,133
2021-09-28,Fresno,019,978130,129943,127877,11496,139373,1948
2021-09-28,Glenn,021,27897,3286,3205,915,4120,26
2021-09-28,Humboldt,023,135768,8349,8159,431,8590,91
2021-09-28,Imperial,025,180216,31866,31543,3175,34718,757
2021-09-28,Inyo,027,18085,1774,1708,34,1742,39
2021-09-28,Kern,029,883053,119432,117420,19055,136475,1506
2021-09-28,Kings,031,150075,29785,29141,1718,30859,295
2021-09-28,Lake,033,64148,6259,6155,126,6281,95
2021-09-28,Lassen,035,31185,6453,6340,300,6640,25
2021-09-28,Los Angeles,037,10098052,1402818,1392445,52547,1444992,26068
2021-09-28,Madera,039,155013,21214,20764,1729,22493,266
2021-09-28,Marin,041,260295,17034,16887,410,17297,242
2021-09-28,Mariposa,043,17540,999,952,31,983,5
2021-09-28,Mendocino,045,87422,7000,6804,377,7181,78
2021-09-28,Merced,047,269075,39429,38953,1463,40416,551
2021-09-28,Modoc,049,8938,481,467,170,637,5
2021-09-28,Mono,051,14174,1562,1527,19,1546,3
2021-09-28,Monterey,053,433212,47796,46859,2663,49522,571
2021-09-28,Napa,055,140530,12501,12388,92,12480,96
2021-09-28,Nevada,057,99092,8552,8409,300,8709,84
2021-09-28,Orange,059,3164182,299229,296596,14200,310796,5421
2021-09-28,Placer,061,380077,34740,34187,3288,37475,370
2021-09-28,Plumas,063,18699,1345,1276,26,1302,6
2021-09-28,Riverside,065,2383286,351110,346096,16030,362126,4874
2021-09-28,Sacramento,067,1510023,150522,149310,3980,153290,2086
2021-09-28,San Benito,069,59416,7075,7028,149,7177,69
2021-09-28,San Bernardino,071,2135413,343042,340342,10699,351041,5540
2021-09-28,San Diego,073,3302833,358335,355373,20791,376164,4054
2021-09-28,San Francisco,075,870044,50918,50234,2196,52430,627
2021-09-28,San Joaquin,077,732212,95388,94194,5124,99318,1639
2021-09-28,San Luis Obispo,079,281455,28295,27755,1123,28878,321
2021-09-28,San Mateo,081,765935,52583,51620,797,52417,571
2021-09-28,Santa Barbara,083,443738,42672,42226,1559,43785,506
2021-09-28,Santa Clara,085,1922200,142212,140886,1138,142024,1858
2021-09-28,Santa Cruz,087,273765,19607,19324,980,20304,214
2021-09-28,Shasta,089,179085,19242,18701,3208,21909,267
2021-09-28,Sierra,091,2930,136,130,13,143,0
2021-09-28,Siskiyou,093,43540,3146,3032,1141,4173,42
2021-09-28,Solano,095,438530,44470,43652,1165,44817,316
2021-09-28,Sonoma,097,501317,39696,39395,494,39889,370
2021-09-28,Stanislaus,099,539301,74309,73528,8329,81857,1094
2021-09-28,Sutter,101,95872,13271,13102,270,13372,155
2021-09-28,Tehama,103,63373,7597,7382,1250,8632,88
2021-09-28,Trinity,105,12862,777,613,202,815,10
2021-09-28,Tulare,107,460477,63424,61916,13277,75193,905
2021-09-28,Tuolumne,109,53932,6397,6308,75,6383,89
2021-09-28,Ventura,111,848112,95423,94632,4184,98816,1143
2021-09-28,Yolo,113,214977,18784,18564,985,19549,239
2021-09-28,Yuba,115,75493,9458,9323,220,9543,66
2021-09-27,Alameda,001,1643700,115690,114731,2674,117405,1327
2021-09-27,Alpine,003,1148,99,101,0,101,0
2021-09-27,Amador,005,37829,5155,5017,52,5069,59
2021-09-27,Butte,007,227075,19170,18687,3445,22132,239
2021-09-27,Calaveras,009,45235,3601,3514,42,3556,70
2021-09-27,Colusa,011,21464,2427,2393,563,2956,18
2021-09-27,Contra Costa,013,1133247,95879,94979,1992,96971,924
2021-09-27,Del Norte,015,27424,3547,3468,33,3501,37
2021-09-27,El Dorado,017,186661,15021,14764,1539,16303,132
2021-09-27,Fresno,019,978130,129624,127475,11464,138939,1942
2021-09-27,Glenn,021,27897,3272,3189,910,4099,26
2021-09-27,Humboldt,023,135768,8309,8118,431,8549,91
2021-09-27,Imperial,025,180216,31803,31491,3168,34659,756
2021-09-27,Inyo,027,18085,1762,1698,34,1732,39
2021-09-27,Kern,029,883053,119156,117064,18957,136021,1503
2021-09-27,Kings,031,150075,29687,28998,1706,30704,297
2021-09-27,Lake,033,64148,6239,6126,124,6250,95
2021-09-27,Lassen,035,31185,6438,6327,296,6623,25
2021-09-27,Los Angeles,037,10098052,1401482,1391538,52478,1444016,26040
2021-09-27,Madera,039,155013,21149,20691,1721,22412,262
2021-09-27,Marin,041,260295,17012,16861,409,17270,242
2021-09-27,Mariposa,043,17540,989,931,31,962,5
2021-09-27,Mendocino,045,87422,6974,6761,370,7131,74
2021-09-27,Merced,047,269075,39331,38840,1457,40297,548
2021-09-27,Modoc,049,8938,480,465,168,633,5
2021-09-27,Mono,051,14174,1550,1525,19,1544,3
2021-09-27,Monterey,053,433212,47753,46811,2651,49462,571
2021-09-27,Napa,055,140530,12477,12354,91,12445,95
2021-09-27,Nevada,057,99092,8529,8379,297,8676,84
2021-09-27,Orange,059,3164182,298923,296334,14169,310503,5409
2021-09-27,Placer,061,380077,34653,34087,3283,37370,370
2021-09-27,Plumas,063,18699,1335,1269,26,1295,6
2021-09-27,Riverside,065,2383286,350668,345529,16020,361549,4864
2021-09-27,Sacramento,067,1510023,150204,149096,3958,153054,2076
2021-09-27,San Benito,069,59416,7058,7017,149,7166,67
2021-09-27,San Bernardino,071,2135413,342628,339952,10674,350626,5544
2021-09-27,San Diego,073,3302833,357677,354755,20766,375521,4054
2021-09-27,San Francisco,075,870044,50834,50157,2192,52349,622
2021-09-27,San Joaquin,077,732212,95205,94085,5121,99206,1633
2021-09-27,San Luis Obispo,079,281455,28240,27674,1120,28794,320
2021-09-27,San Mateo,081,765935,52505,51552,797,52349,571
2021-09-27,Santa Barbara,083,443738,42605,42012,1555,43567,505
2021-09-27,Santa Clara,085,1922200,142030,140802,1128,141930,1853
2021-09-27,Santa Cruz,087,273765,19583,19292,979,20271,214
2021-09-27,Shasta,089,179085,19161,18599,3181,21780,267
2021-09-27,Sierra,091,2930,136,128,13,141,0
2021-09-27,Siskiyou,093,43540,3134,3015,1136,4151,42
2021-09-27,Solano,095,438530,44395,43582,1159,44741,314
2021-09-27,Sonoma,097,501317,39643,39347,494,39841,370
2021-09-27,Stanislaus,099,539301,74155,73370,8309,81679,1091
2021-09-27,Sutter,101,95872,13240,13082,267,13349,155
2021-09-27,Tehama,103,63373,7556,7345,1240,8585,88
2021-09-27,Trinity,105,12862,766,605,201,806,9
2021-09-27,Tulare,107,460477,63224,61708,13206,74914,904
2021-09-27,Tuolumne,109,53932,6375,6264,75,6339,89
2021-09-27,Ventura,111,848112,95297,94477,4180,98657,1138
2021-09-27,Yolo,113,214977,18752,18524,984,19508,239
2021-09-27,Yuba,115,75493,9421,9292,216,9508,64
2021-09-26,Alameda,001,1643700,115493,114601,2667,117268,1326
2021-09-26,Alpine,003,1148,99,101,0,101,0
2021-09-26,Amador,005,37829,5123,5001,51,5052,59
2021-09-26,Butte,007,227075,19094,18634,3428,22062,238
2021-09-26,Calaveras,009,45235,3579,3505,42,3547,70
2021-09-26,Colusa,011,21464,2421,2392,560,2952,18
2021-09-26,Contra Costa,013,1133247,95705,94877,1979,96856,924
2021-09-26,Del Norte,015,27424,3541,3466,32,3498,37
2021-09-26,El Dorado,017,186661,14979,14738,1531,16269,132
2021-09-26,Fresno,019,978130,129269,127235,11424,138659,1939
2021-09-26,Glenn,021,27897,3261,3182,909,4091,26
2021-09-26,Humboldt,023,135768,8274,8098,430,8528,91
2021-09-26,Imperial,025,180216,31742,31462,3167,34629,756
2021-09-26,Inyo,027,18085,1747,1685,34,1719,39
2021-09-26,Kern,029,883053,118820,116927,18847,135774,1502
2021-09-26,Kings,031,150075,29586,28930,1695,30625,293
2021-09-26,Lake,033,64148,6222,6113,124,6237,95
2021-09-26,Lassen,035,31185,6428,6319,291,6610,25
2021-09-26,Los Angeles,037,10098052,1399993,1390577,52407,1442984,26035
2021-09-26,Madera,039,155013,21075,20629,1702,22331,262
2021-09-26,Marin,041,260295,16989,16860,409,17269,242
2021-09-26,Mariposa,043,17540,983,929,31,960,5
2021-09-26,Mendocino,045,87422,6941,6744,355,7099,74
2021-09-26,Merced,047,269075,39170,38717,1452,40169,548
2021-09-26,Modoc,049,8938,480,465,167,632,5
2021-09-26,Mono,051,14174,1546,1516,19,1535,3
2021-09-26,Monterey,053,433212,47706,46792,2637,49429,571
2021-09-26,Napa,055,140530,12453,12340,90,12430,95
2021-09-26,Nevada,057,99092,8498,8356,292,8648,84
2021-09-26,Orange,059,3164182,298586,296085,14137,310222,5409
2021-09-26,Placer,061,380077,34559,34043,3273,37316,370
2021-09-26,Plumas,063,18699,1317,1268,26,1294,6
2021-09-26,Riverside,065,2383286,350135,345257,16006,361263,4864
2021-09-26,Sacramento,067,1510023,149800,148745,3939,152684,2071
2021-09-26,San Benito,069,59416,7041,7012,148,7160,67
2021-09-26,San Bernardino,071,2135413,342174,339771,10659,350430,5545
2021-09-26,San Diego,073,3302833,357035,354414,20725,375139,4051
2021-09-26,San Francisco,075,870044,50708,50092,2184,52276,622
2021-09-26,San Joaquin,077,732212,95001,93935,5107,99042,1633
2021-09-26,San Luis Obispo,079,281455,28166,27624,1115,28739,319
2021-09-26,San Mateo,081,765935,52436,51496,795,52291,571
2021-09-26,Santa Barbara,083,443738,42518,41946,1552,43498,505
2021-09-26,Santa Clara,085,1922200,141830,140667,1125,141792,1852
2021-09-26,Santa Cruz,087,273765,19558,19279,979,20258,214
2021-09-26,Shasta,089,179085,19052,18566,3158,21724,266
2021-09-26,Sierra,091,2930,136,128,13,141,0
2021-09-26,Siskiyou,093,43540,3120,2998,1126,4124,42
2021-09-26,Solano,095,438530,44328,43537,1158,44695,314
2021-09-26,Sonoma,097,501317,39584,39302,494,39796,370
2021-09-26,Stanislaus,099,539301,73953,73243,8281,81524,1091
2021-09-26,Sutter,101,95872,13203,13045,266,13311,155
2021-09-26,Tehama,103,63373,7498,7323,1230,8553,88
2021-09-26,Trinity,105,12862,763,591,201,792,9
2021-09-26,Tulare,107,460477,63002,61560,13127,74687,904
2021-09-26,Tuolumne,109,53932,6347,6236,73,6309,89
2021-09-26,Ventura,111,848112,95184,94391,4173,98564,1138
2021-09-26,Yolo,113,214977,18717,18496,976,19472,239
2021-09-26,Yuba,115,75493,9394,9275,216,9491,64
2021-09-25,Alameda,001,1643700,115414,114014,2664,116678,1324
2021-09-25,Alpine,003,1148,99,101,0,101,0
2021-09-25,Amador,005,37829,5109,4934,51,4985,59
2021-09-25,Butte,007,227075,19065,18396,3419,21815,236
2021-09-25,Calaveras,009,45235,3576,3461,42,3503,70
2021-09-25,Colusa,011,21464,2419,2387,558,2945,16
2021-09-25,Contra Costa,013,1133247,95634,94337,1975,96312,924
2021-09-25,Del Norte,015,27424,3540,3404,32,3436,35
2021-09-25,El Dorado,017,186661,14956,14641,1527,16168,130
2021-09-25,Fresno,019,978130,129125,126299,11411,137710,1927
2021-09-25,Glenn,021,27897,3256,3144,908,4052,25
2021-09-25,Humboldt,023,135768,8255,8014,428,8442,88
2021-09-25,Imperial,025,180216,31715,31280,3167,34447,755
2021-09-25,Inyo,027,18085,1739,1657,34,1691,39
2021-09-25,Kern,029,883053,118665,116021,18779,134800,1485
2021-09-25,Kings,031,150075,29535,28636,1692,30328,293
2021-09-25,Lake,033,64148,6217,6046,122,6168,92
2021-09-25,Lassen,035,31185,6416,6248,290,6538,25
2021-09-25,Los Angeles,037,10098052,1399277,1386417,52368,1438785,25964
2021-09-25,Madera,039,155013,21050,20432,1696,22128,262
2021-09-25,Marin,041,260295,16980,16802,407,17209,242
2021-09-25,Mariposa,043,17540,978,906,31,937,5
2021-09-25,Mendocino,045,87422,6922,6657,354,7011,74
2021-09-25,Merced,047,269075,39124,38393,1450,39843,546
2021-09-25,Modoc,049,8938,480,460,167,627,5
2021-09-25,Mono,051,14174,1543,1501,19,1520,3
2021-09-25,Monterey,053,433212,47676,46653,2635,49288,567
2021-09-25,Napa,055,140530,12433,12266,90,12356,95
2021-09-25,Nevada,057,99092,8481,8285,292,8577,84
2021-09-25,Orange,059,3164182,298414,294514,14119,308633,5374
2021-09-25,Placer,061,380077,34495,33764,3270,37034,367
2021-09-25,Plumas,063,18699,1313,1238,26,1264,6
2021-09-25,Riverside,065,2383286,349812,343463,15998,359461,4843
2021-09-25,Sacramento,067,1510023,149624,147728,3930,151658,2049
2021-09-25,San Benito,069,59416,7036,6965,148,7113,67
2021-09-25,San Bernardino,071,2135413,341941,338413,10645,349058,5540
2021-09-25,San Diego,073,3302833,356685,352017,20699,372716,4039
2021-09-25,San Francisco,075,870044,50664,49840,2183,52023,615
2021-09-25,San Joaquin,077,732212,94915,93273,5105,98378,1628
2021-09-25,San Luis Obispo,079,281455,28128,27447,1111,28558,318
2021-09-25,San Mateo,081,765935,52372,51266,793,52059,568
2021-09-25,Santa Barbara,083,443738,42460,41728,1552,43280,505
2021-09-25,Santa Clara,085,1922200,141724,140023,1123,141146,1844
2021-09-25,Santa Cruz,087,273765,19542,19200,977,20177,214
2021-09-25,Shasta,089,179085,19001,18256,3149,21405,262
2021-09-25,Sierra,091,2930,135,127,13,140,0
2021-09-25,Siskiyou,093,43540,3113,2956,1116,4072,41
2021-09-25,Solano,095,438530,44287,43331,1155,44486,312
2021-09-25,Sonoma,097,501317,39543,39112,494,39606,369
2021-09-25,Stanislaus,099,539301,73843,72628,8267,80895,1091
2021-09-25,Sutter,101,95872,13185,12976,263,13239,154
2021-09-25,Tehama,103,63373,7483,7200,1228,8428,86
2021-09-25,Trinity,105,12862,763,576,201,777,9
2021-09-25,Tulare,107,460477,62920,60909,13082,73991,898
2021-09-25,Tuolumne,109,53932,6335,6168,73,6241,89
2021-09-25,Ventura,111,848112,95117,94059,4169,98228,1129
2021-09-25,Yolo,113,214977,18695,18393,975,19368,239
2021-09-25,Yuba,115,75493,9374,9191,216,9407,61
2021-09-24,Alameda,001,1643700,115307,114014,2660,116674,1324
2021-09-24,Alpine,003,1148,99,101,0,101,0
2021-09-24,Amador,005,37829,5079,4934,51,4985,59
2021-09-24,Butte,007,227075,19013,18396,3410,21806,236
2021-09-24,Calaveras,009,45235,3569,3461,41,3502,70
2021-09-24,Colusa,011,21464,2416,2387,557,2944,16
2021-09-24,Contra Costa,013,1133247,95526,94337,1971,96308,924
2021-09-24,Del Norte,015,27424,3537,3404,32,3436,35
2021-09-24,El Dorado,017,186661,14938,14641,1523,16164,130
2021-09-24,Fresno,019,978130,128926,126299,11399,137698,1927
2021-09-24,Glenn,021,27897,3249,3144,908,4052,25
2021-09-24,Humboldt,023,135768,8236,8014,425,8439,88
2021-09-24,Imperial,025,180216,31677,31280,3164,34444,755
2021-09-24,Inyo,027,18085,1730,1657,34,1691,39
2021-09-24,Kern,029,883053,118529,116021,18713,134734,1485
2021-09-24,Kings,031,150075,29494,28636,1687,30323,293
2021-09-24,Lake,033,64148,6209,6046,122,6168,92
2021-09-24,Lassen,035,31185,6408,6248,289,6537,25
2021-09-24,Los Angeles,037,10098052,1398396,1386417,52325,1438742,25964
2021-09-24,Madera,039,155013,21019,20432,1687,22119,262
2021-09-24,Marin,041,260295,16966,16802,406,17208,242
2021-09-24,Mariposa,043,17540,966,906,31,937,5
2021-09-24,Mendocino,045,87422,6909,6657,354,7011,74
2021-09-24,Merced,047,269075,39080,38393,1450,39843,546
2021-09-24,Modoc,049,8938,480,460,166,626,5
2021-09-24,Mono,051,14174,1538,1501,19,1520,3
2021-09-24,Monterey,053,433212,47655,46653,2627,49280,567
2021-09-24,Napa,055,140530,12414,12266,90,12356,95
2021-09-24,Nevada,057,99092,8467,8285,289,8574,84
2021-09-24,Orange,059,3164182,298206,294514,14101,308615,5374
2021-09-24,Placer,061,380077,34440,33764,3257,37021,367
2021-09-24,Plumas,063,18699,1309,1238,26,1264,6
2021-09-24,Riverside,065,2383286,349478,343463,15989,359452,4843
2021-09-24,Sacramento,067,1510023,149440,147728,3926,151654,2049
2021-09-24,San Benito,069,59416,7030,6965,148,7113,67
2021-09-24,San Bernardino,071,2135413,341675,338413,10635,349048,5540
2021-09-24,San Diego,073,3302833,356331,352017,20684,372701,4039
2021-09-24,San Francisco,075,870044,50600,49840,2175,52015,615
2021-09-24,San Joaquin,077,732212,94802,93273,5103,98376,1628
2021-09-24,San Luis Obispo,079,281455,28097,27447,1106,28553,318
2021-09-24,San Mateo,081,765935,52312,51266,792,52058,568
2021-09-24,Santa Barbara,083,443738,42420,41728,1551,43279,505
2021-09-24,Santa Clara,085,1922200,141612,140023,1122,141145,1844
2021-09-24,Santa Cruz,087,273765,19519,19200,976,20176,214
2021-09-24,Shasta,089,179085,18946,18256,3135,21391,262
2021-09-24,Sierra,091,2930,134,127,13,140,0
2021-09-24,Siskiyou,093,43540,3104,2956,1110,4066,41
2021-09-24,Solano,095,438530,44250,43331,1153,44484,312
2021-09-24,Sonoma,097,501317,39510,39112,494,39606,369
2021-09-24,Stanislaus,099,539301,73727,72628,8252,80880,1091
2021-09-24,Sutter,101,95872,13166,12976,262,13238,154
2021-09-24,Tehama,103,63373,7471,7200,1223,8423,86
2021-09-24,Trinity,105,12862,760,576,201,777,9
2021-09-24,Tulare,107,460477,62829,60909,13039,73948,898
2021-09-24,Tuolumne,109,53932,6306,6168,73,6241,89
2021-09-24,Ventura,111,848112,95039,94059,4162,98221,1129
2021-09-24,Yolo,113,214977,18663,18393,972,19365,239
2021-09-24,Yuba,115,75493,9355,9191,216,9407,61
2021-09-23,Alameda,001,1643700,115148,114014,2655,116669,1324
2021-09-23,Alpine,003,1148,99,101,0,101,0
2021-09-23,Amador,005,37829,5066,4934,51,4985,59
2021-09-23,Butte,007,227075,18951,18396,3386,21782,236
2021-09-23,Calaveras,009,45235,3548,3461,41,3502,70
2021-09-23,Colusa,011,21464,2414,2387,555,2942,16
2021-09-23,Contra Costa,013,1133247,95385,94337,1964,96301,924
2021-09-23,Del Norte,015,27424,3528,3404,31,3435,35
2021-09-23,El Dorado,017,186661,14912,14641,1517,16158,130
2021-09-23,Fresno,019,978130,128630,126299,11382,137681,1927
2021-09-23,Glenn,021,27897,3235,3144,905,4049,25
2021-09-23,Humboldt,023,135768,8210,8014,423,8437,88
2021-09-23,Imperial,025,180216,31641,31280,3164,34444,755
2021-09-23,Inyo,027,18085,1716,1657,34,1691,39
2021-09-23,Kern,029,883053,118270,116021,18632,134653,1485
2021-09-23,Kings,031,150075,29390,28636,1678,30314,293
2021-09-23,Lake,033,64148,6199,6046,122,6168,92
2021-09-23,Lassen,035,31185,6399,6248,284,6532,25
2021-09-23,Los Angeles,037,10098052,1397203,1386417,52260,1438677,25964
2021-09-23,Madera,039,155013,20937,20432,1683,22115,262
2021-09-23,Marin,041,260295,16951,16802,405,17207,242
2021-09-23,Mariposa,043,17540,953,906,31,937,5
2021-09-23,Mendocino,045,87422,6887,6657,350,7007,74
2021-09-23,Merced,047,269075,38977,38393,1443,39836,546
2021-09-23,Modoc,049,8938,479,460,166,626,5
2021-09-23,Mono,051,14174,1535,1501,19,1520,3
2021-09-23,Monterey,053,433212,47606,46653,2616,49269,567
2021-09-23,Napa,055,140530,12397,12266,90,12356,95
2021-09-23,Nevada,057,99092,8440,8285,289,8574,84
2021-09-23,Orange,059,3164182,297909,294514,14077,308591,5374
2021-09-23,Placer,061,380077,34364,33764,3250,37014,367
2021-09-23,Plumas,063,18699,1292,1238,25,1263,6
2021-09-23,Riverside,065,2383286,349025,343463,15982,359445,4843
2021-09-23,Sacramento,067,1510023,149111,147728,3906,151634,2049
2021-09-23,San Benito,069,59416,7019,6965,148,7113,67
2021-09-23,San Bernardino,071,2135413,341313,338413,10620,349033,5540
2021-09-23,San Diego,073,3302833,355868,352017,20645,372662,4039
2021-09-23,San Francisco,075,870044,50527,49840,2173,52013,615
2021-09-23,San Joaquin,077,732212,94630,93273,5088,98361,1628
2021-09-23,San Luis Obispo,079,281455,28054,27447,1104,28551,318
2021-09-23,San Mateo,081,765935,52237,51266,791,52057,568
2021-09-23,Santa Barbara,083,443738,42342,41728,1548,43276,505
2021-09-23,Santa Clara,085,1922200,141462,140023,1115,141138,1844
2021-09-23,Santa Cruz,087,273765,19488,19200,976,20176,214
2021-09-23,Shasta,089,179085,18866,18256,3118,21374,262
2021-09-23,Sierra,091,2930,134,127,13,140,0
2021-09-23,Siskiyou,093,43540,3100,2956,1099,4055,41
2021-09-23,Solano,095,438530,44182,43331,1150,44481,312
2021-09-23,Sonoma,097,501317,39451,39112,491,39603,369
2021-09-23,Stanislaus,099,539301,73570,72628,8220,80848,1091
2021-09-23,Sutter,101,95872,13137,12976,262,13238,154
2021-09-23,Tehama,103,63373,7430,7200,1218,8418,86
2021-09-23,Trinity,105,12862,746,576,200,776,9
2021-09-23,Tulare,107,460477,62652,60909,12984,73893,898
2021-09-23,Tuolumne,109,53932,6281,6168,72,6240,89
2021-09-23,Ventura,111,848112,94936,94059,4155,98214,1129
2021-09-23,Yolo,113,214977,18634,18393,967,19360,239
2021-09-23,Yuba,115,75493,9327,9191,215,9406,61
2021-09-22,Alameda,001,1643700,114993,113862,2651,116513,1322
2021-09-22,Alpine,003,1148,99,100,0,100,0
2021-09-22,Amador,005,37829,5050,4915,51,4966,59
2021-09-22,Butte,007,227075,18892,18337,3371,21708,235
2021-09-22,Calaveras,009,45235,3532,3448,41,3489,70
2021-09-22,Colusa,011,21464,2409,2384,554,2938,16
2021-09-22,Contra Costa,013,1133247,95200,94209,1956,96165,924
2021-09-22,Del Norte,015,27424,3517,3386,30,3416,35
2021-09-22,El Dorado,017,186661,14876,14605,1510,16115,127
2021-09-22,Fresno,019,978130,128373,126006,11370,137376,1908
2021-09-22,Glenn,021,27897,3231,3138,904,4042,25
2021-09-22,Humboldt,023,135768,8187,7998,415,8413,80
2021-09-22,Imperial,025,180216,31589,31243,3157,34400,755
2021-09-22,Inyo,027,18085,1706,1651,34,1685,39
2021-09-22,Kern,029,883053,118028,115757,18510,134267,1477
2021-09-22,Kings,031,150075,29306,28589,1672,30261,292
2021-09-22,Lake,033,64148,6187,6035,122,6157,93
2021-09-22,Lassen,035,31185,6379,6209,280,6489,25
2021-09-22,Los Angeles,037,10098052,1395879,1384719,52204,1436923,25930
2021-09-22,Madera,039,155013,20880,20382,1675,22057,262
2021-09-22,Marin,041,260295,16941,16782,402,17184,242
2021-09-22,Mariposa,043,17540,947,901,31,932,5
2021-09-22,Mendocino,045,87422,6860,6624,344,6968,70
2021-09-22,Merced,047,269075,38845,38305,1441,39746,541
2021-09-22,Modoc,049,8938,476,458,166,624,5
2021-09-22,Mono,051,14174,1526,1496,18,1514,3
2021-09-22,Monterey,053,433212,47555,46615,2609,49224,566
2021-09-22,Napa,055,140530,12374,12248,89,12337,95
2021-09-22,Nevada,057,99092,8417,8273,286,8559,84
2021-09-22,Orange,059,3164182,297634,294214,14060,308274,5366
2021-09-22,Placer,061,380077,34277,33661,3237,36898,367
2021-09-22,Plumas,063,18699,1280,1230,25,1255,6
2021-09-22,Riverside,065,2383286,348490,342946,15957,358903,4830
2021-09-22,Sacramento,067,1510023,148796,147533,3875,151408,2043
2021-09-22,San Benito,069,59416,7008,6961,146,7107,67
2021-09-22,San Bernardino,071,2135413,340919,337938,10611,348549,5528
2021-09-22,San Diego,073,3302833,355407,351132,20623,371755,4027
2021-09-22,San Francisco,075,870044,50442,49734,2168,51902,610
2021-09-22,San Joaquin,077,732212,94398,93010,5062,98072,1626
2021-09-22,San Luis Obispo,079,281455,28006,27398,1101,28499,315
2021-09-22,San Mateo,081,765935,52164,51197,787,51984,568
2021-09-22,Santa Barbara,083,443738,42279,41678,1547,43225,504
2021-09-22,Santa Clara,085,1922200,141299,139803,1108,140911,1844
2021-09-22,Santa Cruz,087,273765,19449,19177,976,20153,214
2021-09-22,Shasta,089,179085,18776,18153,3106,21259,260
2021-09-22,Sierra,091,2930,134,127,13,140,0
2021-09-22,Siskiyou,093,43540,3083,2947,1089,4036,41
2021-09-22,Solano,095,438530,44117,43269,1149,44418,312
2021-09-22,Sonoma,097,501317,39398,39063,490,39553,369
2021-09-22,Stanislaus,099,539301,73404,72355,8201,80556,1091
2021-09-22,Sutter,101,95872,13117,12960,259,13219,153
2021-09-22,Tehama,103,63373,7403,7173,1215,8388,86
2021-09-22,Trinity,105,12862,745,572,200,772,9
2021-09-22,Tulare,107,460477,62443,60776,12913,73689,896
2021-09-22,Tuolumne,109,53932,6260,6155,71,6226,89
2021-09-22,Ventura,111,848112,94831,93978,4149,98127,1122
2021-09-22,Yolo,113,214977,18595,18342,960,19302,239
2021-09-22,Yuba,115,75493,9298,9169,210,9379,61
2021-09-21,Alameda,001,1643700,114837,113765,2651,116416,1321
2021-09-21,Alpine,003,1148,99,100,0,100,0
2021-09-21,Amador,005,37829,5028,4897,51,4948,59
2021-09-21,Butte,007,227075,18796,18229,3334,21563,232
2021-09-21,Calaveras,009,45235,3514,3437,41,3478,70
2021-09-21,Colusa,011,21464,2406,2378,553,2931,16
2021-09-21,Contra Costa,013,1133247,95006,94101,1942,96043,924
2021-09-21,Del Norte,015,27424,3504,3378,30,3408,34
2021-09-21,El Dorado,017,186661,14846,14578,1503,16081,127
2021-09-21,Fresno,019,978130,128023,125789,11352,137141,1892
2021-09-21,Glenn,021,27897,3224,3134,899,4033,25
2021-09-21,Humboldt,023,135768,8155,7955,410,8365,80
2021-09-21,Imperial,025,180216,31532,31185,3155,34340,755
2021-09-21,Inyo,027,18085,1696,1646,34,1680,39
2021-09-21,Kern,029,883053,117735,115534,18396,133930,1467
2021-09-21,Kings,031,150075,29218,28545,1664,30209,291
2021-09-21,Lake,033,64148,6164,6013,122,6135,90
2021-09-21,Lassen,035,31185,6361,6159,276,6435,25
2021-09-21,Los Angeles,037,10098052,1394423,1383277,52148,1435425,25893
2021-09-21,Madera,039,155013,20820,20317,1664,21981,262
2021-09-21,Marin,041,260295,16926,16748,401,17149,242
2021-09-21,Mariposa,043,17540,942,894,30,924,5
2021-09-21,Mendocino,045,87422,6822,6580,333,6913,68
2021-09-21,Merced,047,269075,38724,38225,1437,39662,539
2021-09-21,Modoc,049,8938,473,458,166,624,5
2021-09-21,Mono,051,14174,1524,1495,17,1512,3
2021-09-21,Monterey,053,433212,47486,46583,2597,49180,565
2021-09-21,Napa,055,140530,12353,12238,89,12327,95
2021-09-21,Nevada,057,99092,8390,8259,277,8536,84
2021-09-21,Orange,059,3164182,297304,293898,14030,307928,5357
2021-09-21,Placer,061,380077,34176,33609,3226,36835,365
2021-09-21,Plumas,063,18699,1273,1225,25,1250,5
2021-09-21,Riverside,065,2383286,347930,342460,15933,358393,4817
2021-09-21,Sacramento,067,1510023,148414,147378,3847,151225,2027
2021-09-21,San Benito,069,59416,6997,6950,145,7095,67
2021-09-21,San Bernardino,071,2135413,340479,337387,10594,347981,5520
2021-09-21,San Diego,073,3302833,354789,350265,20599,370864,4021
2021-09-21,San Francisco,075,870044,50346,49653,2165,51818,609
2021-09-21,San Joaquin,077,732212,94164,92762,5051,97813,1621
2021-09-21,San Luis Obispo,079,281455,27947,27318,1097,28415,314
2021-09-21,San Mateo,081,765935,52093,51136,787,51923,568
2021-09-21,Santa Barbara,083,443738,42210,41644,1543,43187,503
2021-09-21,Santa Clara,085,1922200,141082,139657,1104,140761,1843
2021-09-21,Santa Cruz,087,273765,19419,19140,975,20115,212
2021-09-21,Shasta,089,179085,18648,18027,3082,21109,258
2021-09-21,Sierra,091,2930,134,127,13,140,0
2021-09-21,Siskiyou,093,43540,3069,2927,1075,4002,36
2021-09-21,Solano,095,438530,44041,43220,1149,44369,311
2021-09-21,Sonoma,097,501317,39345,39042,490,39532,369
2021-09-21,Stanislaus,099,539301,73217,72211,8179,80390,1091
2021-09-21,Sutter,101,95872,13094,12930,256,13186,153
2021-09-21,Tehama,103,63373,7357,7151,1211,8362,85
2021-09-21,Trinity,105,12862,734,572,198,770,9
2021-09-21,Tulare,107,460477,62229,60607,12852,73459,896
2021-09-21,Tuolumne,109,53932,6228,6139,71,6210,89
2021-09-21,Ventura,111,848112,94726,93818,4141,97959,1120
2021-09-21,Yolo,113,214977,18559,18313,956,19269,239
2021-09-21,Yuba,115,75493,9270,9135,210,9345,61
2021-09-20,Alameda,001,1643700,114654,113637,2647,116284,1320
2021-09-20,Alpine,003,1148,99,100,0,100,0
2021-09-20,Amador,005,37829,5010,4883,50,4933,59
2021-09-20,Butte,007,227075,18714,18135,3318,21453,231
2021-09-20,Calaveras,009,45235,3492,3395,40,3435,66
2021-09-20,Colusa,011,21464,2404,2376,550,2926,16
2021-09-20,Contra Costa,013,1133247,94855,93919,1936,95855,924
2021-09-20,Del Norte,015,27424,3496,3374,29,3403,34
2021-09-20,El Dorado,017,186661,14813,14545,1491,16036,127
2021-09-20,Fresno,019,978130,127611,125287,11331,136618,1889
2021-09-20,Glenn,021,27897,3212,3112,896,4008,25
2021-09-20,Humboldt,023,135768,8119,7938,405,8343,80
2021-09-20,Imperial,025,180216,31450,31146,3154,34300,755
2021-09-20,Inyo,027,18085,1688,1641,33,1674,39
2021-09-20,Kern,029,883053,117394,115271,18264,133535,1459
2021-09-20,Kings,031,150075,29131,28471,1658,30129,285
2021-09-20,Lake,033,64148,6149,5984,121,6105,87
2021-09-20,Lassen,035,31185,6331,6132,276,6408,25
2021-09-20,Los Angeles,037,10098052,1392902,1382206,52068,1434274,25858
2021-09-20,Madera,039,155013,20767,20203,1656,21859,257
2021-09-20,Marin,041,260295,16901,16732,399,17131,242
2021-09-20,Mariposa,043,17540,931,887,30,917,5
2021-09-20,Mendocino,045,87422,6788,6568,327,6895,67
2021-09-20,Merced,047,269075,38616,38144,1427,39571,536
2021-09-20,Modoc,049,8938,472,457,164,621,5
2021-09-20,Mono,051,14174,1518,1480,17,1497,3
2021-09-20,Monterey,053,433212,47443,46506,2580,49086,565
2021-09-20,Napa,055,140530,12328,12209,88,12297,95
2021-09-20,Nevada,057,99092,8370,8228,275,8503,84
2021-09-20,Orange,059,3164182,296961,293642,14004,307646,5354
2021-09-20,Placer,061,380077,34085,33531,3211,36742,364
2021-09-20,Plumas,063,18699,1268,1211,25,1236,5
2021-09-20,Riverside,065,2383286,347430,341961,15920,357881,4802
2021-09-20,Sacramento,067,1510023,148040,147016,3813,150829,2016
2021-09-20,San Benito,069,59416,6988,6947,144,7091,67
2021-09-20,San Bernardino,071,2135413,340086,337059,10578,347637,5507
2021-09-20,San Diego,073,3302833,354114,349579,20562,370141,4009
2021-09-20,San Francisco,075,870044,50239,49559,2164,51723,605
2021-09-20,San Joaquin,077,732212,93921,92614,5038,97652,1615
2021-09-20,San Luis Obispo,079,281455,27871,27259,1089,28348,313
2021-09-20,San Mateo,081,765935,52007,51100,784,51884,567
2021-09-20,Santa Barbara,083,443738,42111,41589,1539,43128,500
2021-09-20,Santa Clara,085,1922200,140881,139578,1102,140680,1841
2021-09-20,Santa Cruz,087,273765,19387,19121,975,20096,211
2021-09-20,Shasta,089,179085,18549,17893,3051,20944,258
2021-09-20,Sierra,091,2930,132,126,13,139,0
2021-09-20,Siskiyou,093,43540,3047,2902,1062,3964,35
2021-09-20,Solano,095,438530,43973,43152,1141,44293,312
2021-09-20,Sonoma,097,501317,39300,38991,490,39481,369
2021-09-20,Stanislaus,099,539301,73015,72031,8160,80191,1091
2021-09-20,Sutter,101,95872,13058,12896,251,13147,153
2021-09-20,Tehama,103,63373,7325,7121,1199,8320,84
2021-09-20,Trinity,105,12862,728,568,197,765,7
2021-09-20,Tulare,107,460477,62028,60302,12796,73098,896
2021-09-20,Tuolumne,109,53932,6202,6113,71,6184,89
2021-09-20,Ventura,111,848112,94613,93700,4134,97834,1120
2021-09-20,Yolo,113,214977,18514,18287,954,19241,239
2021-09-20,Yuba,115,75493,9234,9107,208,9315,61
2021-09-19,Alameda,001,1643700,114439,113446,2643,116089,1320
2021-09-19,Alpine,003,1148,99,100,0,100,0
2021-09-19,Amador,005,37829,4970,4875,49,4924,59
2021-09-19,Butte,007,227075,18621,18063,3291,21354,230
2021-09-19,Calaveras,009,45235,3467,3390,37,3427,66
2021-09-19,Colusa,011,21464,2402,2375,548,2923,16
2021-09-19,Contra Costa,013,1133247,94671,93788,1926,95714,924
2021-09-19,Del Norte,015,27424,3470,3344,28,3372,34
2021-09-19,El Dorado,017,186661,14760,14512,1485,15997,127
2021-09-19,Fresno,019,978130,127208,124985,11300,136285,1888
2021-09-19,Glenn,021,27897,3203,3102,891,3993,25
2021-09-19,Humboldt,023,135768,8074,7914,403,8317,80
2021-09-19,Imperial,025,180216,31381,31122,3151,34273,755
2021-09-19,Inyo,027,18085,1678,1639,33,1672,39
2021-09-19,Kern,029,883053,117081,115074,18158,133232,1459
2021-09-19,Kings,031,150075,29003,28416,1649,30065,284
2021-09-19,Lake,033,64148,6118,5962,121,6083,87
2021-09-19,Lassen,035,31185,6311,6129,270,6399,25
2021-09-19,Los Angeles,037,10098052,1390929,1381200,51969,1433169,25852
2021-09-19,Madera,039,155013,20688,20161,1646,21807,257
2021-09-19,Marin,041,260295,16872,16711,397,17108,242
2021-09-19,Mariposa,043,17540,923,881,30,911,5
2021-09-19,Mendocino,045,87422,6743,6538,321,6859,67
2021-09-19,Merced,047,269075,38459,38068,1419,39487,535
2021-09-19,Modoc,049,8938,469,457,162,619,5
2021-09-19,Mono,051,14174,1513,1480,17,1497,3
2021-09-19,Monterey,053,433212,47388,46486,2577,49063,565
2021-09-19,Napa,055,140530,12307,12190,86,12276,95
2021-09-19,Nevada,057,99092,8342,8203,273,8476,84
2021-09-19,Orange,059,3164182,296593,293258,13982,307240,5354
2021-09-19,Placer,061,380077,33972,33406,3193,36599,364
2021-09-19,Plumas,063,18699,1260,1211,25,1236,5
2021-09-19,Riverside,065,2383286,346837,341566,15911,357477,4804
2021-09-19,Sacramento,067,1510023,147679,146603,3768,150371,2012
2021-09-19,San Benito,069,59416,6969,6942,144,7086,67
2021-09-19,San Bernardino,071,2135413,339596,336688,10567,347255,5506
2021-09-19,San Diego,073,3302833,353398,349225,20526,369751,4006
2021-09-19,San Francisco,075,870044,50131,49458,2156,51614,605
2021-09-19,San Joaquin,077,732212,93624,92467,5027,97494,1615
2021-09-19,San Luis Obispo,079,281455,27769,27208,1080,28288,313
2021-09-19,San Mateo,081,765935,51908,51028,783,51811,567
2021-09-19,Santa Barbara,083,443738,42006,41512,1539,43051,500
2021-09-19,Santa Clara,085,1922200,140694,139410,1097,140507,1841
2021-09-19,Santa Cruz,087,273765,19349,19096,975,20071,211
2021-09-19,Shasta,089,179085,18435,17813,3015,20828,258
2021-09-19,Sierra,091,2930,131,126,13,139,0
2021-09-19,Siskiyou,093,43540,3021,2882,1053,3935,35
2021-09-19,Solano,095,438530,43884,43056,1136,44192,312
2021-09-19,Sonoma,097,501317,39228,38956,486,39442,369
2021-09-19,Stanislaus,099,539301,72771,71830,8136,79966,1091
2021-09-19,Sutter,101,95872,13031,12868,244,13112,153
2021-09-19,Tehama,103,63373,7271,7081,1189,8270,84
2021-09-19,Trinity,105,12862,717,562,195,757,7
2021-09-19,Tulare,107,460477,61767,60160,12703,72863,896
2021-09-19,Tuolumne,109,53932,6160,6097,71,6168,89
2021-09-19,Ventura,111,848112,94451,93491,4125,97616,1120
2021-09-19,Yolo,113,214977,18464,18238,948,19186,239
2021-09-19,Yuba,115,75493,9208,9087,207,9294,61
2021-09-18,Alameda,001,1643700,114339,113300,2642,115942,1320
2021-09-18,Alpine,003,1148,99,100,0,100,0
2021-09-18,Amador,005,37829,4960,4850,49,4899,59
2021-09-18,Butte,007,227075,18584,17961,3277,21238,230
2021-09-18,Calaveras,009,45235,3461,3361,36,3397,66
2021-09-18,Colusa,011,21464,2402,2373,547,2920,16
2021-09-18,Contra Costa,013,1133247,94580,93656,1922,95578,924
2021-09-18,Del Norte,015,27424,3462,3326,26,3352,34
2021-09-18,El Dorado,017,186661,14737,14472,1482,15954,127
2021-09-18,Fresno,019,978130,127066,124771,11287,136058,1889
2021-09-18,Glenn,021,27897,3195,3086,889,3975,25
2021-09-18,Humboldt,023,135768,8060,7881,402,8283,80
2021-09-18,Imperial,025,180216,31357,31096,3150,34246,755
2021-09-18,Inyo,027,18085,1672,1636,33,1669,39
2021-09-18,Kern,029,883053,116927,114781,18094,132875,1459
2021-09-18,Kings,031,150075,28955,28330,1644,29974,285
2021-09-18,Lake,033,64148,6101,5936,121,6057,87
2021-09-18,Lassen,035,31185,6301,6121,268,6389,25
2021-09-18,Los Angeles,037,10098052,1390171,1379880,51917,1431797,25849
2021-09-18,Madera,039,155013,20644,20126,1637,21763,257
2021-09-18,Marin,041,260295,16855,16685,396,17081,242
2021-09-18,Mariposa,043,17540,920,871,30,901,5
2021-09-18,Mendocino,045,87422,6722,6523,321,6844,67
2021-09-18,Merced,047,269075,38422,37977,1413,39390,535
2021-09-18,Modoc,049,8938,469,457,161,618,5
2021-09-18,Mono,051,14174,1510,1480,17,1497,3
2021-09-18,Monterey,053,433212,47350,46466,2574,49040,565
2021-09-18,Napa,055,140530,12295,12168,86,12254,95
2021-09-18,Nevada,057,99092,8325,8183,273,8456,84
2021-09-18,Orange,059,3164182,296398,293005,13968,306973,5354
2021-09-18,Placer,061,380077,33900,33309,3190,36499,364
2021-09-18,Plumas,063,18699,1259,1204,25,1229,5
2021-09-18,Riverside,065,2383286,346452,341136,15896,357032,4802
2021-09-18,Sacramento,067,1510023,147497,146162,3759,149921,2016
2021-09-18,San Benito,069,59416,6964,6937,144,7081,67
2021-09-18,San Bernardino,071,2135413,339324,336380,10554,346934,5501
2021-09-18,San Diego,073,3302833,352997,348848,20516,369364,4006
2021-09-18,San Francisco,075,870044,50068,49359,2151,51510,605
2021-09-18,San Joaquin,077,732212,93515,92242,5015,97257,1615
2021-09-18,San Luis Obispo,079,281455,27732,27181,1077,28258,313
2021-09-18,San Mateo,081,765935,51857,50961,781,51742,567
2021-09-18,Santa Barbara,083,443738,41941,41465,1539,43004,500
2021-09-18,Santa Clara,085,1922200,140574,139233,1094,140327,1841
2021-09-18,Santa Cruz,087,273765,19329,19079,975,20054,211
2021-09-18,Shasta,089,179085,18372,17777,2998,20775,258
2021-09-18,Sierra,091,2930,130,125,13,138,0
2021-09-18,Siskiyou,093,43540,3018,2875,1047,3922,35
2021-09-18,Solano,095,438530,43844,42966,1133,44099,312
2021-09-18,Sonoma,097,501317,39193,38891,484,39375,369
2021-09-18,Stanislaus,099,539301,72625,71587,8111,79698,1091
2021-09-18,Sutter,101,95872,13017,12829,244,13073,153
2021-09-18,Tehama,103,63373,7256,7055,1182,8237,84
2021-09-18,Trinity,105,12862,715,561,195,756,7
2021-09-18,Tulare,107,460477,61691,60003,12651,72654,896
2021-09-18,Tuolumne,109,53932,6145,6069,71,6140,89
2021-09-18,Ventura,111,848112,94383,93424,4120,97544,1120
2021-09-18,Yolo,113,214977,18438,18213,942,19155,239
2021-09-18,Yuba,115,75493,9194,9061,206,9267,61
2021-09-17,Alameda,001,1643700,114213,113070,2640,115710,1320
2021-09-17,Alpine,003,1148,99,99,0,99,0
2021-09-17,Amador,005,37829,4944,4835,48,4883,58
2021-09-17,Butte,007,227075,18533,17870,3268,21138,230
2021-09-17,Calaveras,009,45235,3449,3338,35,3373,66
2021-09-17,Colusa,011,21464,2401,2369,542,2911,16
2021-09-17,Contra Costa,013,1133247,94478,93485,1919,95404,924
2021-09-17,Del Norte,015,27424,3457,3311,24,3335,34
2021-09-17,El Dorado,017,186661,14718,14421,1480,15901,127
2021-09-17,Fresno,019,978130,126847,124296,11278,135574,1882
2021-09-17,Glenn,021,27897,3178,3072,887,3959,25
2021-09-17,Humboldt,023,135768,8039,7850,402,8252,80
2021-09-17,Imperial,025,180216,31331,31031,3148,34179,755
2021-09-17,Inyo,027,18085,1664,1634,33,1667,39
2021-09-17,Kern,029,883053,116736,114303,17997,132300,1456
2021-09-17,Kings,031,150075,28890,28240,1642,29882,281
2021-09-17,Lake,033,64148,6088,5915,121,6036,87
2021-09-17,Lassen,035,31185,6286,6080,266,6346,25
2021-09-17,Los Angeles,037,10098052,1389197,1377905,51849,1429754,25820
2021-09-17,Madera,039,155013,20592,20040,1625,21665,257
2021-09-17,Marin,041,260295,16842,16658,394,17052,242
2021-09-17,Mariposa,043,17540,918,869,30,899,5
2021-09-17,Mendocino,045,87422,6703,6498,321,6819,67
2021-09-17,Merced,047,269075,38375,37803,1411,39214,533
2021-09-17,Modoc,049,8938,469,456,161,617,5
2021-09-17,Mono,051,14174,1506,1457,17,1474,3
2021-09-17,Monterey,053,433212,47327,46421,2573,48994,564
2021-09-17,Napa,055,140530,12274,12153,86,12239,95
2021-09-17,Nevada,057,99092,8310,8157,273,8430,84
2021-09-17,Orange,059,3164182,296179,292685,13950,306635,5346
2021-09-17,Placer,061,380077,33839,33188,3180,36368,362
2021-09-17,Plumas,063,18699,1250,1192,24,1216,5
2021-09-17,Riverside,065,2383286,346051,340445,15885,356330,4792
2021-09-17,Sacramento,067,1510023,147298,145985,3748,149733,1999
2021-09-17,San Benito,069,59416,6961,6929,144,7073,67
2021-09-17,San Bernardino,071,2135413,338969,335810,10547,346357,5488
2021-09-17,San Diego,073,3302833,352564,348098,20498,368596,4002
2021-09-17,San Francisco,075,870044,50016,49249,2146,51395,605
2021-09-17,San Joaquin,077,732212,93377,91977,5004,96981,1610
2021-09-17,San Luis Obispo,079,281455,27698,27102,1066,28168,311
2021-09-17,San Mateo,081,765935,51803,50854,780,51634,564
2021-09-17,Santa Barbara,083,443738,41878,41354,1538,42892,498
2021-09-17,Santa Clara,085,1922200,140425,138939,1093,140032,1838
2021-09-17,Santa Cruz,087,273765,19304,19039,975,20014,211
2021-09-17,Shasta,089,179085,18301,17617,2985,20602,254
2021-09-17,Sierra,091,2930,130,124,13,137,0
2021-09-17,Siskiyou,093,43540,3003,2852,1047,3899,35
2021-09-17,Solano,095,438530,43781,42898,1129,44027,312
2021-09-17,Sonoma,097,501317,39156,38808,483,39291,369
2021-09-17,Stanislaus,099,539301,72518,71408,8093,79501,1091
2021-09-17,Sutter,101,95872,13001,12799,242,13041,153
2021-09-17,Tehama,103,63373,7232,7020,1170,8190,84
2021-09-17,Trinity,105,12862,710,556,194,750,7
2021-09-17,Tulare,107,460477,61576,59689,12617,72306,895
2021-09-17,Tuolumne,109,53932,6126,6047,71,6118,89
2021-09-17,Ventura,111,848112,94271,93273,4118,97391,1116
2021-09-17,Yolo,113,214977,18407,18177,938,19115,239
2021-09-17,Yuba,115,75493,9167,9019,205,9224,61
2021-09-16,Alameda,001,1643700,114034,112770,2637,115407,1318
2021-09-16,Alpine,003,1148,99,99,0,99,0
2021-09-16,Amador,005,37829,4924,4819,48,4867,58
2021-09-16,Butte,007,227075,18459,17750,3252,21002,230
2021-09-16,Calaveras,009,45235,3415,3313,35,3348,66
2021-09-16,Colusa,011,21464,2399,2363,540,2903,16
2021-09-16,Contra Costa,013,1133247,94308,93213,1911,95124,917
2021-09-16,Del Norte,015,27424,3439,3285,24,3309,34
2021-09-16,El Dorado,017,186661,14678,14372,1472,15844,127
2021-09-16,Fresno,019,978130,126491,123853,11239,135092,1868
2021-09-16,Glenn,021,27897,3166,3068,885,3953,24
2021-09-16,Humboldt,023,135768,8005,7809,392,8201,80
2021-09-16,Imperial,025,180216,31288,30966,3140,34106,753
2021-09-16,Inyo,027,18085,1662,1623,33,1656,39
2021-09-16,Kern,029,883053,116465,113828,17929,131757,1448
2021-09-16,Kings,031,150075,28804,28114,1633,29747,280
2021-09-16,Lake,033,64148,6064,5890,118,6008,87
2021-09-16,Lassen,035,31185,6251,6028,261,6289,25
2021-09-16,Los Angeles,037,10098052,1387808,1376277,51784,1428061,25796
2021-09-16,Madera,039,155013,20514,19974,1619,21593,257
2021-09-16,Marin,041,260295,16815,16625,393,17018,242
2021-09-16,Mariposa,043,17540,912,849,30,879,6
2021-09-16,Mendocino,045,87422,6665,6445,312,6757,67
2021-09-16,Merced,047,269075,38268,37675,1408,39083,532
2021-09-16,Modoc,049,8938,467,455,161,616,5
2021-09-16,Mono,051,14174,1500,1449,17,1466,3
2021-09-16,Monterey,053,433212,47273,46342,2567,48909,562
2021-09-16,Napa,055,140530,12249,12115,82,12197,95
2021-09-16,Nevada,057,99092,8282,8121,272,8393,84
2021-09-16,Orange,059,3164182,295833,292183,13930,306113,5340
2021-09-16,Placer,061,380077,33743,33037,3161,36198,354
2021-09-16,Plumas,063,18699,1242,1178,24,1202,5
2021-09-16,Riverside,065,2383286,345519,339770,15871,355641,4786
2021-09-16,Sacramento,067,1510023,146941,145754,3716,149470,1996
2021-09-16,San Benito,069,59416,6948,6913,143,7056,67
2021-09-16,San Bernardino,071,2135413,338543,335129,10540,345669,5474
2021-09-16,San Diego,073,3302833,351938,347472,20463,367935,3994
2021-09-16,San Francisco,075,870044,49931,49133,2137,51270,605
2021-09-16,San Joaquin,077,732212,93138,91650,4959,96609,1608
2021-09-16,San Luis Obispo,079,281455,27624,27044,1062,28106,310
2021-09-16,San Mateo,081,765935,51724,50773,778,51551,564
2021-09-16,Santa Barbara,083,443738,41811,41272,1535,42807,497
2021-09-16,Santa Clara,085,1922200,140270,138685,1089,139774,1835
2021-09-16,Santa Cruz,087,273765,19276,19011,975,19986,211
2021-09-16,Shasta,089,179085,18176,17438,2951,20389,251
2021-09-16,Sierra,091,2930,130,123,13,136,0
2021-09-16,Siskiyou,093,43540,2983,2819,1040,3859,35
2021-09-16,Solano,095,438530,43709,42792,1120,43912,312
2021-09-16,Sonoma,097,501317,39093,38707,482,39189,369
2021-09-16,Stanislaus,099,539301,72283,71105,8077,79182,1091
2021-09-16,Sutter,101,95872,12957,12729,236,12965,152
2021-09-16,Tehama,103,63373,7193,6953,1159,8112,83
2021-09-16,Trinity,105,12862,707,547,193,740,7
2021-09-16,Tulare,107,460477,61354,59459,12543,72002,894
2021-09-16,Tuolumne,109,53932,6106,5999,70,6069,89
2021-09-16,Ventura,111,848112,94132,93087,4114,97201,1110
2021-09-16,Yolo,113,214977,18376,18135,936,19071,239
2021-09-16,Yuba,115,75493,9133,8981,202,9183,61
2021-09-15,Alameda,001,1643700,113863,112498,2629,115127,1317
2021-09-15,Alpine,003,1148,99,99,0,99,0
2021-09-15,Amador,005,37829,4916,4792,48,4840,58
2021-09-15,Butte,007,227075,18361,17664,3233,20897,228
2021-09-15,Calaveras,009,45235,3383,3293,33,3326,66
2021-09-15,Colusa,011,21464,2397,2352,537,2889,16
2021-09-15,Contra Costa,013,1133247,94128,92989,1899,94888,913
2021-09-15,Del Norte,015,27424,3426,3271,22,3293,34
2021-09-15,El Dorado,017,186661,14652,14309,1464,15773,127
2021-09-15,Fresno,019,978130,126113,123370,11197,134567,1867
2021-09-15,Glenn,021,27897,3155,3051,880,3931,20
2021-09-15,Humboldt,023,135768,7970,7754,387,8141,52
2021-09-15,Imperial,025,180216,31233,30891,3135,34026,753
2021-09-15,Inyo,027,18085,1658,1614,33,1647,39
2021-09-15,Kern,029,883053,116118,113546,17830,131376,1434
2021-09-15,Kings,031,150075,28725,27991,1624,29615,279
2021-09-15,Lake,033,64148,6032,5852,117,5969,85
2021-09-15,Lassen,035,31185,6191,6018,256,6274,25
2021-09-15,Los Angeles,037,10098052,1386309,1374307,51715,1426022,25767
2021-09-15,Madera,039,155013,20440,19880,1612,21492,257
2021-09-15,Marin,041,260295,16780,16592,388,16980,242
2021-09-15,Mariposa,043,17540,901,843,30,873,5
2021-09-15,Mendocino,045,87422,6635,6399,307,6706,66
2021-09-15,Merced,047,269075,38160,37508,1406,38914,529
2021-09-15,Modoc,049,8938,467,454,161,615,5
2021-09-15,Mono,051,14174,1494,1445,17,1462,3
2021-09-15,Monterey,053,433212,47203,46317,2555,48872,562
2021-09-15,Napa,055,140530,12228,12082,82,12164,95
2021-09-15,Nevada,057,99092,8260,8081,269,8350,84
2021-09-15,Orange,059,3164182,295511,291834,13911,305745,5328
2021-09-15,Placer,061,380077,33631,32860,3140,36000,352
2021-09-15,Plumas,063,18699,1237,1164,23,1187,5
2021-09-15,Riverside,065,2383286,344936,339077,15847,354924,4769
2021-09-15,Sacramento,067,1510023,146514,145202,3685,148887,1981
2021-09-15,San Benito,069,59416,6945,6902,143,7045,67
2021-09-15,San Bernardino,071,2135413,338085,334556,10526,345082,5470
2021-09-15,San Diego,073,3302833,351309,346933,20437,367370,3983
2021-09-15,San Francisco,075,870044,49820,48999,2132,51131,605
2021-09-15,San Joaquin,077,732212,92862,91322,4916,96238,1607
2021-09-15,San Luis Obispo,079,281455,27541,26943,1056,27999,306
2021-09-15,San Mateo,081,765935,51642,50691,775,51466,564
2021-09-15,Santa Barbara,083,443738,41708,41077,1530,42607,497
2021-09-15,Santa Clara,085,1922200,140097,138410,1084,139494,1833
2021-09-15,Santa Cruz,087,273765,19238,18984,973,19957,210
2021-09-15,Shasta,089,179085,18065,17317,2930,20247,250
2021-09-15,Sierra,091,2930,130,123,13,136,0
2021-09-15,Siskiyou,093,43540,2963,2804,1009,3813,35
2021-09-15,Solano,095,438530,43637,42682,1115,43797,312
2021-09-15,Sonoma,097,501317,39034,38629,482,39111,369
2021-09-15,Stanislaus,099,539301,72059,70852,8056,78908,1091
2021-09-15,Sutter,101,95872,12924,12699,231,12930,151
2021-09-15,Tehama,103,63373,7152,6894,1150,8044,79
2021-09-15,Trinity,105,12862,705,541,191,732,7
2021-09-15,Tulare,107,460477,61095,59149,12482,71631,890
2021-09-15,Tuolumne,109,53932,6080,5969,70,6039,89
2021-09-15,Ventura,111,848112,93991,92960,4107,97067,1109
2021-09-15,Yolo,113,214977,18342,18064,928,18992,239
2021-09-15,Yuba,115,75493,9099,8953,202,9155,61
2021-09-14,Alameda,001,1643700,113654,112329,2623,114952,1316
2021-09-14,Alpine,003,1148,99,98,0,98,0
2021-09-14,Amador,005,37829,4896,4790,48,4838,57
2021-09-14,Butte,007,227075,18229,17516,3209,20725,226
2021-09-14,Calaveras,009,45235,3360,3280,30,3310,66
2021-09-14,Colusa,011,21464,2393,2344,533,2877,16
2021-09-14,Contra Costa,013,1133247,93929,92822,1891,94713,908
2021-09-14,Del Norte,015,27424,3410,3252,21,3273,32
2021-09-14,El Dorado,017,186661,14600,14247,1456,15703,123
2021-09-14,Fresno,019,978130,125638,123151,11155,134306,1856
2021-09-14,Glenn,021,27897,3136,3045,875,3920,20
2021-09-14,Humboldt,023,135768,7936,7717,382,8099,52
2021-09-14,Imperial,025,180216,31183,30845,3132,33977,752
2021-09-14,Inyo,027,18085,1649,1605,32,1637,39
2021-09-14,Kern,029,883053,115738,113250,17704,130954,1428
2021-09-14,Kings,031,150075,28649,27955,1616,29571,278
2021-09-14,Lake,033,64148,6000,5845,117,5962,83
2021-09-14,Lassen,035,31185,6177,5977,251,6228,25
2021-09-14,Los Angeles,037,10098052,1384470,1372831,51632,1424463,25729
2021-09-14,Madera,039,155013,20358,19800,1603,21403,254
2021-09-14,Marin,041,260295,16753,16584,386,16970,242
2021-09-14,Mariposa,043,17540,890,834,29,863,5
2021-09-14,Mendocino,045,87422,6599,6372,295,6667,65
2021-09-14,Merced,047,269075,38010,37430,1402,38832,526
2021-09-14,Modoc,049,8938,466,453,161,614,5
2021-09-14,Mono,051,14174,1490,1440,17,1457,4
2021-09-14,Monterey,053,433212,47161,46224,2543,48767,558
2021-09-14,Napa,055,140530,12195,12070,81,12151,91
2021-09-14,Nevada,057,99092,8226,8056,269,8325,83
2021-09-14,Orange,059,3164182,295118,291423,13887,305310,5319
2021-09-14,Placer,061,380077,33500,32735,3120,35855,350
2021-09-14,Plumas,063,18699,1222,1148,23,1171,5
2021-09-14,Riverside,065,2383286,344295,338534,15816,354350,4748
2021-09-14,Sacramento,067,1510023,146128,145051,3637,148688,1977
2021-09-14,San Benito,069,59416,6935,6887,143,7030,64
2021-09-14,San Bernardino,071,2135413,337591,333968,10501,344469,5465
2021-09-14,San Diego,073,3302833,350637,346204,20392,366596,3966
2021-09-14,San Francisco,075,870044,49685,48998,2130,51128,603
2021-09-14,San Joaquin,077,732212,92623,91128,4906,96034,1596
2021-09-14,San Luis Obispo,079,281455,27468,26845,1051,27896,304
2021-09-14,San Mateo,081,765935,51543,50602,772,51374,564
2021-09-14,Santa Barbara,083,443738,41611,40783,1521,42304,495
2021-09-14,Santa Clara,085,1922200,139862,138321,1081,139402,1828
2021-09-14,Santa Cruz,087,273765,19198,18965,971,19936,210
2021-09-14,Shasta,089,179085,17934,17152,2909,20061,246
2021-09-14,Sierra,091,2930,130,123,13,136,0
2021-09-14,Siskiyou,093,43540,2939,2756,992,3748,35
2021-09-14,Solano,095,438530,43554,42599,1112,43711,307
2021-09-14,Sonoma,097,501317,38964,38595,478,39073,369
2021-09-14,Stanislaus,099,539301,71800,70697,8028,78725,1091
2021-09-14,Sutter,101,95872,12882,12670,224,12894,149
2021-09-14,Tehama,103,63373,7098,6859,1142,8001,80
2021-09-14,Trinity,105,12862,699,538,190,728,7
2021-09-14,Tulare,107,460477,60842,58961,12410,71371,888
2021-09-14,Tuolumne,109,53932,6059,5951,68,6019,89
2021-09-14,Ventura,111,848112,93811,92841,4091,96932,1107
2021-09-14,Yolo,113,214977,18298,18039,923,18962,239
2021-09-14,Yuba,115,75493,9063,8928,202,9130,61
2021-09-13,Alameda,001,1643700,113432,112159,2618,114777,1309
2021-09-13,Alpine,003,1148,98,98,0,98,0
2021-09-13,Amador,005,37829,4878,4761,48,4809,56
2021-09-13,Butte,007,227075,18105,17393,3182,20575,225
2021-09-13,Calaveras,009,45235,3330,3253,28,3281,65
2021-09-13,Colusa,011,21464,2384,2346,528,2874,16
2021-09-13,Contra Costa,013,1133247,93683,92658,1886,94544,908
2021-09-13,Del Norte,015,27424,3374,3232,21,3253,28
2021-09-13,El Dorado,017,186661,14539,14194,1448,15642,119
2021-09-13,Fresno,019,978130,125171,122650,11098,133748,1853
2021-09-13,Glenn,021,27897,3123,3026,867,3893,20
2021-09-13,Humboldt,023,135768,7904,7659,379,8038,52
2021-09-13,Imperial,025,180216,31131,30802,3129,33931,751
2021-09-13,Inyo,027,18085,1642,1602,32,1634,39
2021-09-13,Kern,029,883053,115357,112930,17581,130511,1424
2021-09-13,Kings,031,150075,28539,27858,1604,29462,275
2021-09-13,Lake,033,64148,5978,5809,117,5926,82
2021-09-13,Lassen,035,31185,6142,5953,250,6203,25
2021-09-13,Los Angeles,037,10098052,1382609,1371423,51563,1422986,25703
2021-09-13,Madera,039,155013,20287,19735,1590,21325,252
2021-09-13,Marin,041,260295,16717,16557,385,16942,242
2021-09-13,Mariposa,043,17540,876,825,29,854,5
2021-09-13,Mendocino,045,87422,6564,6323,286,6609,61
2021-09-13,Merced,047,269075,37858,37291,1397,38688,521
2021-09-13,Modoc,049,8938,465,451,161,612,5
2021-09-13,Mono,051,14174,1484,1435,17,1452,3
2021-09-13,Monterey,053,433212,47070,46188,2530,48718,558
2021-09-13,Napa,055,140530,12177,12039,81,12120,91
2021-09-13,Nevada,057,99092,8200,8021,267,8288,83
2021-09-13,Orange,059,3164182,294685,291128,13866,304994,5312
2021-09-13,Placer,061,380077,33335,32617,3103,35720,343
2021-09-13,Plumas,063,18699,1213,1142,23,1165,5
2021-09-13,Riverside,065,2383286,343651,337876,15798,353674,4731
2021-09-13,Sacramento,067,1510023,145641,144537,3603,148140,1956
2021-09-13,San Benito,069,59416,6920,6867,142,7009,64
2021-09-13,San Bernardino,071,2135413,337104,333613,10476,344089,5441
2021-09-13,San Diego,073,3302833,349847,345647,20342,365989,3961
2021-09-13,San Francisco,075,870044,49556,48914,2124,51038,603
2021-09-13,San Joaquin,077,732212,92339,90966,4888,95854,1581
2021-09-13,San Luis Obispo,079,281455,27371,26805,1048,27853,300
2021-09-13,San Mateo,081,765935,51452,50525,767,51292,564
2021-09-13,Santa Barbara,083,443738,41492,40661,1514,42175,494
2021-09-13,Santa Clara,085,1922200,139614,138152,1076,139228,1820
2021-09-13,Santa Cruz,087,273765,19158,18917,970,19887,210
2021-09-13,Shasta,089,179085,17804,17033,2867,19900,243
2021-09-13,Sierra,091,2930,130,123,13,136,0
2021-09-13,Siskiyou,093,43540,2924,2745,980,3725,35
2021-09-13,Solano,095,438530,43450,42501,1109,43610,306
2021-09-13,Sonoma,097,501317,38897,38513,475,38988,368
2021-09-13,Stanislaus,099,539301,71546,70477,7993,78470,1091
2021-09-13,Sutter,101,95872,12824,12624,220,12844,145
2021-09-13,Tehama,103,63373,7035,6803,1130,7933,79
2021-09-13,Trinity,105,12862,697,533,188,721,7
2021-09-13,Tulare,107,460477,60558,58768,12348,71116,887
2021-09-13,Tuolumne,109,53932,6028,5909,68,5977,89
2021-09-13,Ventura,111,848112,93658,92679,4083,96762,1107
2021-09-13,Yolo,113,214977,18256,17974,918,18892,239
2021-09-13,Yuba,115,75493,9018,8884,201,9085,61
2021-09-12,Alameda,001,1643700,113160,111961,2615,114576,1309
2021-09-12,Alpine,003,1148,98,98,0,98,0
2021-09-12,Amador,005,37829,4857,4752,48,4800,56
2021-09-12,Butte,007,227075,17960,17257,3138,20395,221
2021-09-12,Calaveras,009,45235,3298,3236,24,3260,65
2021-09-12,Colusa,011,21464,2381,2344,527,2871,16
2021-09-12,Contra Costa,013,1133247,93416,92498,1874,94372,908
2021-09-12,Del Norte,015,27424,3339,3200,21,3221,28
2021-09-12,El Dorado,017,186661,14466,14167,1432,15599,119
2021-09-12,Fresno,019,978130,124656,122407,11049,133456,1853
2021-09-12,Glenn,021,27897,3102,3016,860,3876,20
2021-09-12,Humboldt,023,135768,7834,7636,368,8004,52
2021-09-12,Imperial,025,180216,31068,30790,3123,33913,751
2021-09-12,Inyo,027,18085,1632,1596,30,1626,39
2021-09-12,Kern,029,883053,114946,112602,17422,130024,1424
2021-09-12,Kings,031,150075,28428,27764,1587,29351,274
2021-09-12,Lake,033,64148,5939,5781,115,5896,82
2021-09-12,Lassen,035,31185,6105,5943,240,6183,25
2021-09-12,Los Angeles,037,10098052,1380552,1365968,51487,1417455,25630
2021-09-12,Madera,039,155013,20200,19691,1578,21269,252
2021-09-12,Marin,041,260295,16694,16526,385,16911,242
2021-09-12,Mariposa,043,17540,865,811,27,838,5
2021-09-12,Mendocino,045,87422,6523,6283,277,6560,61
2021-09-12,Merced,047,269075,37685,37172,1386,38558,521
2021-09-12,Modoc,049,8938,465,451,160,611,5
2021-09-12,Mono,051,14174,1477,1431,17,1448,3
2021-09-12,Monterey,053,433212,46971,46167,2521,48688,558
2021-09-12,Napa,055,140530,12147,12011,81,12092,91
2021-09-12,Nevada,057,99092,8161,7987,264,8251,83
2021-09-12,Orange,059,3164182,294221,290718,13845,304563,5312
2021-09-12,Placer,061,380077,33186,32520,3079,35599,343
2021-09-12,Plumas,063,18699,1194,1138,23,1161,5
2021-09-12,Riverside,065,2383286,342968,337332,15765,353097,4731
2021-09-12,Sacramento,067,1510023,145132,144030,3563,147593,1959
2021-09-12,San Benito,069,59416,6901,6852,141,6993,64
2021-09-12,San Bernardino,071,2135413,336492,333049,10463,343512,5439
2021-09-12,San Diego,073,3302833,349024,345058,20269,365327,3942
2021-09-12,San Francisco,075,870044,49445,48819,2117,50936,603
2021-09-12,San Joaquin,077,732212,92010,90730,4880,95610,1581
2021-09-12,San Luis Obispo,079,281455,27252,26729,1035,27764,299
2021-09-12,San Mateo,081,765935,51344,50432,763,51195,564
2021-09-12,Santa Barbara,083,443738,41383,40600,1506,42106,494
2021-09-12,Santa Clara,085,1922200,139359,137899,1073,138972,1820
2021-09-12,Santa Cruz,087,273765,19126,18892,969,19861,210
2021-09-12,Shasta,089,179085,17639,16957,2809,19766,243
2021-09-12,Sierra,091,2930,130,123,13,136,0
2021-09-12,Siskiyou,093,43540,2896,2730,965,3695,35
2021-09-12,Solano,095,438530,43344,42409,1104,43513,306
2021-09-12,Sonoma,097,501317,38819,38456,473,38929,368
2021-09-12,Stanislaus,099,539301,71244,70184,7954,78138,1091
2021-09-12,Sutter,101,95872,12782,12589,214,12803,145
2021-09-12,Tehama,103,63373,6971,6732,1118,7850,79
2021-09-12,Trinity,105,12862,693,529,186,715,7
2021-09-12,Tulare,107,460477,60204,58582,12288,70870,887
2021-09-12,Tuolumne,109,53932,5995,5888,68,5956,89
2021-09-12,Ventura,111,848112,93541,92496,4077,96573,1107
2021-09-12,Yolo,113,214977,18190,17943,910,18853,239
2021-09-12,Yuba,115,75493,8983,8842,201,9043,61
2021-09-11,Alameda,001,1643700,113033,111715,2613,114328,1309
2021-09-11,Alpine,003,1148,98,98,0,98,0
2021-09-11,Amador,005,37829,4844,4728,47,4775,56
2021-09-11,Butte,007,227075,17878,17218,3111,20329,221
2021-09-11,Calaveras,009,45235,3295,3208,23,3231,65
2021-09-11,Colusa,011,21464,2380,2338,524,2862,16
2021-09-11,Contra Costa,013,1133247,93298,92269,1869,94138,908
2021-09-11,Del Norte,015,27424,3323,3184,21,3205,28
2021-09-11,El Dorado,017,186661,14447,14117,1425,15542,119
2021-09-11,Fresno,019,978130,124475,122224,11029,133253,1853
2021-09-11,Glenn,021,27897,3096,3007,858,3865,20
2021-09-11,Humboldt,023,135768,7812,7615,365,7980,52
2021-09-11,Imperial,025,180216,31043,30760,3119,33879,751
2021-09-11,Inyo,027,18085,1629,1590,30,1620,39
2021-09-11,Kern,029,883053,114696,112205,17306,129511,1424
2021-09-11,Kings,031,150075,28379,27631,1581,29212,275
2021-09-11,Lake,033,64148,5919,5761,115,5876,82
2021-09-11,Lassen,035,31185,6090,5930,236,6166,25
2021-09-11,Los Angeles,037,10098052,1379587,1365831,51422,1417253,25630
2021-09-11,Madera,039,155013,20147,19648,1573,21221,252
2021-09-11,Marin,041,260295,16666,16496,384,16880,242
2021-09-11,Mariposa,043,17540,860,799,27,826,5
2021-09-11,Mendocino,045,87422,6499,6257,277,6534,61
2021-09-11,Merced,047,269075,37631,37042,1383,38425,521
2021-09-11,Modoc,049,8938,465,449,160,609,5
2021-09-11,Mono,051,14174,1471,1431,17,1448,3
2021-09-11,Monterey,053,433212,46934,46140,2519,48659,558
2021-09-11,Napa,055,140530,12124,11991,81,12072,91
2021-09-11,Nevada,057,99092,8146,7967,264,8231,83
2021-09-11,Orange,059,3164182,293920,290429,13828,304257,5306
2021-09-11,Placer,061,380077,33102,32414,3068,35482,344
2021-09-11,Plumas,063,18699,1189,1112,23,1135,5
2021-09-11,Riverside,065,2383286,342530,336585,15751,352336,4731
2021-09-11,Sacramento,067,1510023,144833,143557,3551,147108,1955
2021-09-11,San Benito,069,59416,6888,6844,141,6985,64
2021-09-11,San Bernardino,071,2135413,336152,332512,10449,342961,5430
2021-09-11,San Diego,073,3302833,348534,344355,20245,364600,3942
2021-09-11,San Francisco,075,870044,49390,48660,2112,50772,603
2021-09-11,San Joaquin,077,732212,91865,90482,4873,95355,1581
2021-09-11,San Luis Obispo,079,281455,27206,26651,1034,27685,299
2021-09-11,San Mateo,081,765935,51272,50341,763,51104,564
2021-09-11,Santa Barbara,083,443738,41310,40451,1506,41957,494
2021-09-11,Santa Clara,085,1922200,139209,137659,1070,138729,1820
2021-09-11,Santa Cruz,087,273765,19097,18865,969,19834,210
2021-09-11,Shasta,089,179085,17546,16877,2789,19666,243
2021-09-11,Sierra,091,2930,130,123,13,136,0
2021-09-11,Siskiyou,093,43540,2879,2717,962,3679,35
2021-09-11,Solano,095,438530,43293,42344,1101,43445,306
2021-09-11,Sonoma,097,501317,38772,38399,471,38870,368
2021-09-11,Stanislaus,099,539301,71118,69974,7940,77914,1091
2021-09-11,Sutter,101,95872,12756,12538,211,12749,145
2021-09-11,Tehama,103,63373,6950,6703,1110,7813,79
2021-09-11,Trinity,105,12862,686,526,186,712,7
2021-09-11,Tulare,107,460477,60093,58321,12241,70562,889
2021-09-11,Tuolumne,109,53932,5976,5879,65,5944,89
2021-09-11,Ventura,111,848112,93462,92328,4072,96400,1107
2021-09-11,Yolo,113,214977,18167,17906,905,18811,239
2021-09-11,Yuba,115,75493,8958,8813,201,9014,61
2021-09-10,Alameda,001,1643700,112842,111386,2612,113998,1306
2021-09-10,Alpine,003,1148,97,97,0,97,0
2021-09-10,Amador,005,37829,4832,4706,47,4753,56
2021-09-10,Butte,007,227075,17803,17051,3096,20147,222
2021-09-10,Calaveras,009,45235,3289,3183,23,3206,65
2021-09-10,Colusa,011,21464,2376,2327,521,2848,16
2021-09-10,Contra Costa,013,1133247,93176,92024,1867,93891,908
2021-09-10,Del Norte,015,27424,3308,3128,20,3148,28
2021-09-10,El Dorado,017,186661,14416,14051,1420,15471,119
2021-09-10,Fresno,019,978130,124153,121659,11009,132668,1846
2021-09-10,Glenn,021,27897,3091,2977,858,3835,20
2021-09-10,Humboldt,023,135768,7779,7543,361,7904,52
2021-09-10,Imperial,025,180216,31020,30716,3117,33833,751
2021-09-10,Inyo,027,18085,1625,1590,30,1620,39
2021-09-10,Kern,029,883053,114442,111832,17190,129022,1419
2021-09-10,Kings,031,150075,28305,27473,1573,29046,274
2021-09-10,Lake,033,64148,5903,5713,113,5826,79
2021-09-10,Lassen,035,31185,6082,5914,233,6147,25
2021-09-10,Los Angeles,037,10098052,1378380,1365709,51355,1417064,25630
2021-09-10,Madera,039,155013,20101,19520,1568,21088,252
2021-09-10,Marin,041,260295,16646,16458,381,16839,242
2021-09-10,Mariposa,043,17540,855,795,27,822,5
2021-09-10,Mendocino,045,87422,6467,6184,276,6460,61
2021-09-10,Merced,047,269075,37579,36884,1382,38266,521
2021-09-10,Modoc,049,8938,465,448,160,608,5
2021-09-10,Mono,051,14174,1466,1422,17,1439,3
2021-09-10,Monterey,053,433212,46890,46084,2517,48601,557
2021-09-10,Napa,055,140530,12100,11948,81,12029,90
2021-09-10,Nevada,057,99092,8128,7932,263,8195,83
2021-09-10,Orange,059,3164182,293612,290022,13819,303841,5302
2021-09-10,Placer,061,380077,33001,32264,3055,35319,343
2021-09-10,Plumas,063,18699,1181,1111,23,1134,5
2021-09-10,Riverside,065,2383286,342057,335988,15744,351732,4720
2021-09-10,Sacramento,067,1510023,144490,143244,3543,146787,1950
2021-09-10,San Benito,069,59416,6884,6824,141,6965,64
2021-09-10,San Bernardino,071,2135413,335733,331894,10439,342333,5422
2021-09-10,San Diego,073,3302833,347971,343173,20204,363377,3941
2021-09-10,San Francisco,075,870044,49312,48518,2105,50623,602
2021-09-10,San Joaquin,077,732212,91685,90208,4867,95075,1573
2021-09-10,San Luis Obispo,079,281455,27173,26526,1032,27558,299
2021-09-10,San Mateo,081,765935,51204,50251,762,51013,564
2021-09-10,Santa Barbara,083,443738,41255,40321,1503,41824,492
2021-09-10,Santa Clara,085,1922200,139025,137337,1069,138406,1817
2021-09-10,Santa Cruz,087,273765,19078,18785,968,19753,210
2021-09-10,Shasta,089,179085,17452,16667,2761,19428,242
2021-09-10,Sierra,091,2930,130,117,13,130,0
2021-09-10,Siskiyou,093,43540,2867,2702,958,3660,35
2021-09-10,Solano,095,438530,43219,42230,1094,43324,305
2021-09-10,Sonoma,097,501317,38714,38271,470,38741,368
2021-09-10,Stanislaus,099,539301,70960,69617,7916,77533,1091
2021-09-10,Sutter,101,95872,12722,12468,211,12679,145
2021-09-10,Tehama,103,63373,6917,6652,1104,7756,77
2021-09-10,Trinity,105,12862,682,524,186,710,7
2021-09-10,Tulare,107,460477,59945,57930,12196,70126,883
2021-09-10,Tuolumne,109,53932,5958,5842,64,5906,89
2021-09-10,Ventura,111,848112,93372,92145,4068,96213,1104
2021-09-10,Yolo,113,214977,18142,17825,900,18725,239
2021-09-10,Yuba,115,75493,8939,8760,200,8960,62
2021-09-09,Alameda,001,1643700,112622,111014,2607,113621,1306
2021-09-09,Alpine,003,1148,97,94,0,94,0
2021-09-09,Amador,005,37829,4811,4698,46,4744,56
2021-09-09,Butte,007,227075,17658,16874,3070,19944,221
2021-09-09,Calaveras,009,45235,3255,3165,23,3188,65
2021-09-09,Colusa,011,21464,2369,2321,519,2840,16
2021-09-09,Contra Costa,013,1133247,92967,91687,1862,93549,904
2021-09-09,Del Norte,015,27424,3285,3102,20,3122,28
2021-09-09,El Dorado,017,186661,14359,13970,1410,15380,119
2021-09-09,Fresno,019,978130,123679,121040,10976,132016,1838
2021-09-09,Glenn,021,27897,3078,2947,852,3799,20
2021-09-09,Humboldt,023,135768,7729,7471,355,7826,52
2021-09-09,Imperial,025,180216,30982,30661,3114,33775,751
2021-09-09,Inyo,027,18085,1618,1586,30,1616,39
2021-09-09,Kern,029,883053,114094,111390,17033,128423,1414
2021-09-09,Kings,031,150075,28204,27282,1562,28844,273
2021-09-09,Lake,033,64148,5879,5638,111,5749,79
2021-09-09,Lassen,035,31185,6032,5860,227,6087,25
2021-09-09,Los Angeles,037,10098052,1376518,1363735,51282,1415017,25583
2021-09-09,Madera,039,155013,20028,19401,1555,20956,252
2021-09-09,Marin,041,260295,16623,16416,378,16794,242
2021-09-09,Mariposa,043,17540,842,779,26,805,5
2021-09-09,Mendocino,045,87422,6433,6089,267,6356,61
2021-09-09,Merced,047,269075,37424,36634,1369,38003,516
2021-09-09,Modoc,049,8938,465,448,160,608,5
2021-09-09,Mono,051,14174,1456,1420,17,1437,3
2021-09-09,Monterey,053,433212,46836,45991,2506,48497,556
2021-09-09,Napa,055,140530,12068,11878,81,11959,90
2021-09-09,Nevada,057,99092,8090,7855,263,8118,82
2021-09-09,Orange,059,3164182,293202,289109,13788,302897,5299
2021-09-09,Placer,061,380077,32883,32048,3040,35088,342
2021-09-09,Plumas,063,18699,1171,1098,22,1120,5
2021-09-09,Riverside,065,2383286,341417,334774,15726,350500,4701
2021-09-09,Sacramento,067,1510023,144008,142728,3497,146225,1929
2021-09-09,San Benito,069,59416,6874,6820,140,6960,64
2021-09-09,San Bernardino,071,2135413,335170,331040,10427,341467,5417
2021-09-09,San Diego,073,3302833,347245,342149,20147,362296,3929
2021-09-09,San Francisco,075,870044,49198,48404,2096,50500,597
2021-09-09,San Joaquin,077,732212,91411,89874,4849,94723,1570
2021-09-09,San Luis Obispo,079,281455,27091,26472,1029,27501,296
2021-09-09,San Mateo,081,765935,51082,50143,759,50902,561
2021-09-09,Santa Barbara,083,443738,41148,40180,1499,41679,490
2021-09-09,Santa Clara,085,1922200,138802,137017,1064,138081,1816
2021-09-09,Santa Cruz,087,273765,19032,18728,968,19696,210
2021-09-09,Shasta,089,179085,17306,16401,2719,19120,238
2021-09-09,Sierra,091,2930,130,115,13,128,0
2021-09-09,Siskiyou,093,43540,2844,2683,944,3627,35
2021-09-09,Solano,095,438530,43103,42081,1090,43171,303
2021-09-09,Sonoma,097,501317,38646,38171,469,38640,360
2021-09-09,Stanislaus,099,539301,70674,69178,7883,77061,1074
2021-09-09,Sutter,101,95872,12667,12396,209,12605,144
2021-09-09,Tehama,103,63373,6863,6554,1099,7653,75
2021-09-09,Trinity,105,12862,676,523,184,707,6
2021-09-09,Tulare,107,460477,59703,57564,12136,69700,879
2021-09-09,Tuolumne,109,53932,5930,5802,63,5865,89
2021-09-09,Ventura,111,848112,93229,91610,4059,95669,1098
2021-09-09,Yolo,113,214977,18086,17724,897,18621,239
2021-09-09,Yuba,115,75493,8894,8707,197,8904,55
2021-09-08,Alameda,001,1643700,112368,110781,2604,113385,1305
2021-09-08,Alpine,003,1148,97,94,0,94,0
2021-09-08,Amador,005,37829,4799,4693,46,4739,56
2021-09-08,Butte,007,227075,17525,16775,3053,19828,220
2021-09-08,Calaveras,009,45235,3236,3157,23,3180,63
2021-09-08,Colusa,011,21464,2367,2308,517,2825,16
2021-09-08,Contra Costa,013,1133247,92694,91471,1857,93328,900
2021-09-08,Del Norte,015,27424,3261,3085,20,3105,25
2021-09-08,El Dorado,017,186661,14279,13928,1388,15316,119
2021-09-08,Fresno,019,978130,123187,120644,10919,131563,1831
2021-09-08,Glenn,021,27897,3060,2942,840,3782,20
2021-09-08,Humboldt,023,135768,7685,7438,347,7785,52
2021-09-08,Imperial,025,180216,30949,30609,3101,33710,751
2021-09-08,Inyo,027,18085,1607,1580,30,1610,39
2021-09-08,Kern,029,883053,113697,110933,16893,127826,1409
2021-09-08,Kings,031,150075,28075,27235,1547,28782,267
2021-09-08,Lake,033,64148,5849,5618,109,5727,79
2021-09-08,Lassen,035,31185,6014,5848,220,6068,25
2021-09-08,Los Angeles,037,10098052,1374449,1362029,51194,1413223,25533
2021-09-08,Madera,039,155013,19968,19352,1541,20893,252
2021-09-08,Marin,041,260295,16595,16386,377,16763,242
2021-09-08,Mariposa,043,17540,830,777,25,802,5
2021-09-08,Mendocino,045,87422,6388,6069,258,6327,61
2021-09-08,Merced,047,269075,37262,36500,1358,37858,516
2021-09-08,Modoc,049,8938,465,448,160,608,5
2021-09-08,Mono,051,14174,1450,1418,17,1435,3
2021-09-08,Monterey,053,433212,46787,45959,2500,48459,554
2021-09-08,Napa,055,140530,12033,11842,79,11921,90
2021-09-08,Nevada,057,99092,8054,7843,262,8105,82
2021-09-08,Orange,059,3164182,292794,288511,13764,302275,5290
2021-09-08,Placer,061,380077,32746,31852,3023,34875,337
2021-09-08,Plumas,063,18699,1164,1072,22,1094,5
2021-09-08,Riverside,065,2383286,340658,334037,15701,349738,4683
2021-09-08,Sacramento,067,1510023,143530,142448,3447,145895,1921
2021-09-08,San Benito,069,59416,6856,6800,140,6940,64
2021-09-08,San Bernardino,071,2135413,334568,330279,10411,340690,5411
2021-09-08,San Diego,073,3302833,346309,341437,20101,361538,3926
2021-09-08,San Francisco,075,870044,49059,48263,2093,50356,589
2021-09-08,San Joaquin,077,732212,91132,89631,4825,94456,1561
2021-09-08,San Luis Obispo,079,281455,26997,26303,1024,27327,294
2021-09-08,San Mateo,081,765935,50980,50051,759,50810,561
2021-09-08,Santa Barbara,083,443738,41036,40000,1495,41495,490
2021-09-08,Santa Clara,085,1922200,138568,136836,1060,137896,1810
2021-09-08,Santa Cruz,087,273765,18995,18699,968,19667,210
2021-09-08,Shasta,089,179085,17151,16227,2672,18899,234
2021-09-08,Sierra,091,2930,130,113,13,126,0
2021-09-08,Siskiyou,093,43540,2811,2643,933,3576,35
2021-09-08,Solano,095,438530,43011,41971,1087,43058,302
2021-09-08,Sonoma,097,501317,38563,38075,468,38543,360
2021-09-08,Stanislaus,099,539301,70428,68945,7844,76789,1074
2021-09-08,Sutter,101,95872,12602,12349,206,12555,144
2021-09-08,Tehama,103,63373,6796,6520,1082,7602,75
2021-09-08,Trinity,105,12862,673,520,180,700,6
2021-09-08,Tulare,107,460477,59379,57425,12080,69505,876
2021-09-08,Tuolumne,109,53932,5898,5783,61,5844,89
2021-09-08,Ventura,111,848112,93079,91345,4041,95386,1096
2021-09-08,Yolo,113,214977,18003,17680,892,18572,239
2021-09-08,Yuba,115,75493,8852,8675,195,8870,55
2021-09-07,Alameda,001,1643700,112062,110550,2599,113149,1301
2021-09-07,Alpine,003,1148,96,94,0,94,0
2021-09-07,Amador,005,37829,4772,4679,46,4725,53
2021-09-07,Butte,007,227075,17368,16723,3017,19740,220
2021-09-07,Calaveras,009,45235,3196,3140,21,3161,63
2021-09-07,Colusa,011,21464,2357,2306,516,2822,16
2021-09-07,Contra Costa,013,1133247,92434,91167,1851,93018,891
2021-09-07,Del Norte,015,27424,3247,3081,20,3101,24
2021-09-07,El Dorado,017,186661,14207,13892,1373,15265,119
2021-09-07,Fresno,019,978130,122637,120268,10836,131104,1828
2021-09-07,Glenn,021,27897,3045,2937,832,3769,20
2021-09-07,Humboldt,023,135768,7625,7397,330,7727,52
2021-09-07,Imperial,025,180216,30909,30584,3093,33677,751
2021-09-07,Inyo,027,18085,1601,1579,29,1608,39
2021-09-07,Kern,029,883053,113265,110674,16731,127405,1408
2021-09-07,Kings,031,150075,27951,27169,1529,28698,267
2021-09-07,Lake,033,64148,5806,5597,101,5698,78
2021-09-07,Lassen,035,31185,5996,5842,214,6056,21
2021-09-07,Los Angeles,037,10098052,1372218,1360407,51103,1411510,25486
2021-09-07,Madera,039,155013,19881,19316,1533,20849,249
2021-09-07,Marin,041,260295,16556,16363,377,16740,242
2021-09-07,Mariposa,043,17540,815,771,25,796,5
2021-09-07,Mendocino,045,87422,6327,6036,248,6284,61
2021-09-07,Merced,047,269075,37088,36400,1352,37752,513
2021-09-07,Modoc,049,8938,463,449,160,609,5
2021-09-07,Mono,051,14174,1441,1416,17,1433,3
2021-09-07,Monterey,053,433212,46704,45911,2487,48398,543
2021-09-07,Napa,055,140530,11992,11814,79,11893,90
2021-09-07,Nevada,057,99092,8026,7829,262,8091,82
2021-09-07,Orange,059,3164182,292365,288225,13733,301958,5274
2021-09-07,Placer,061,380077,32593,31710,2994,34704,337
2021-09-07,Plumas,063,18699,1149,1071,22,1093,5
2021-09-07,Riverside,065,2383286,339872,333390,15682,349072,4666
2021-09-07,Sacramento,067,1510023,142989,142364,3401,145765,1905
2021-09-07,San Benito,069,59416,6838,6786,140,6926,64
2021-09-07,San Bernardino,071,2135413,333821,329962,10387,340349,5407
2021-09-07,San Diego,073,3302833,345298,340709,20037,360746,3922
2021-09-07,San Francisco,075,870044,48919,48175,2088,50263,589
2021-09-07,San Joaquin,077,732212,90797,89468,4811,94279,1548
2021-09-07,San Luis Obispo,079,281455,26879,26253,1015,27268,287
2021-09-07,San Mateo,081,765935,50885,49913,758,50671,561
2021-09-07,Santa Barbara,083,443738,40910,39957,1490,41447,489
2021-09-07,Santa Clara,085,1922200,138280,136631,1054,137685,1807
2021-09-07,Santa Cruz,087,273765,18946,18669,966,19635,210
2021-09-07,Shasta,089,179085,16993,16096,2619,18715,226
2021-09-07,Sierra,091,2930,130,111,13,124,0
2021-09-07,Siskiyou,093,43540,2785,2607,916,3523,34
2021-09-07,Solano,095,438530,42881,41862,1083,42945,300
2021-09-07,Sonoma,097,501317,38479,38013,466,38479,358
2021-09-07,Stanislaus,099,539301,70141,68831,7816,76647,1074
2021-09-07,Sutter,101,95872,12528,12310,200,12510,138
2021-09-07,Tehama,103,63373,6744,6482,1062,7544,74
2021-09-07,Trinity,105,12862,667,517,180,697,6
2021-09-07,Tulare,107,460477,59029,57228,12000,69228,874
2021-09-07,Tuolumne,109,53932,5861,5759,61,5820,88
2021-09-07,Ventura,111,848112,92868,91246,4031,95277,1093
2021-09-07,Yolo,113,214977,17934,17653,887,18540,235
2021-09-07,Yuba,115,75493,8809,8642,190,8832,55
2021-09-06,Alameda,001,1643700,111751,110357,2590,112947,1301
2021-09-06,Alpine,003,1148,94,94,0,94,0
2021-09-06,Amador,005,37829,4756,4648,45,4693,53
2021-09-06,Butte,007,227075,17176,16588,2973,19561,218
2021-09-06,Calaveras,009,45235,3178,3122,21,3143,63
2021-09-06,Colusa,011,21464,2350,2306,511,2817,16
2021-09-06,Contra Costa,013,1133247,92140,90971,1841,92812,891
2021-09-06,Del Norte,015,27424,3206,3037,19,3056,24
2021-09-06,El Dorado,017,186661,14138,13848,1357,15205,119
2021-09-06,Fresno,019,978130,122071,119738,10773,130511,1828
2021-09-06,Glenn,021,27897,3013,2912,819,3731,20
2021-09-06,Humboldt,023,135768,7548,7320,312,7632,52
2021-09-06,Imperial,025,180216,30846,30576,3086,33662,751
2021-09-06,Inyo,027,18085,1592,1578,17,1595,39
2021-09-06,Kern,029,883053,112753,110347,16543,126890,1408
2021-09-06,Kings,031,150075,27808,27094,1514,28608,264
2021-09-06,Lake,033,64148,5742,5548,94,5642,78
2021-09-06,Lassen,035,31185,5970,5822,204,6026,21
2021-09-06,Los Angeles,037,10098052,1369842,1359348,50985,1410333,25477
2021-09-06,Madera,039,155013,19778,19191,1509,20700,249
2021-09-06,Marin,041,260295,16516,16356,377,16733,242
2021-09-06,Mariposa,043,17540,803,764,25,789,5
2021-09-06,Mendocino,045,87422,6255,5984,235,6219,61
2021-09-06,Merced,047,269075,36871,36300,1343,37643,513
2021-09-06,Modoc,049,8938,460,449,160,609,5
2021-09-06,Mono,051,14174,1437,1416,17,1433,3
2021-09-06,Monterey,053,433212,46610,45833,2471,48304,541
2021-09-06,Napa,055,140530,11949,11792,78,11870,90
2021-09-06,Nevada,057,99092,7978,7748,260,8008,82
2021-09-06,Orange,059,3164182,291870,287948,13681,301629,5274
2021-09-06,Placer,061,380077,32416,31595,2956,34551,337
2021-09-06,Plumas,063,18699,1128,1068,19,1087,5
2021-09-06,Riverside,065,2383286,339055,333052,15661,348713,4666
2021-09-06,Sacramento,067,1510023,142349,141730,3332,145062,1905
2021-09-06,San Benito,069,59416,6815,6777,137,6914,64
2021-09-06,San Bernardino,071,2135413,332939,329693,10356,340049,5398
2021-09-06,San Diego,073,3302833,344283,340222,19941,360163,3922
2021-09-06,San Francisco,075,870044,48785,48120,2082,50202,589
2021-09-06,San Joaquin,077,732212,90453,89293,4785,94078,1548
2021-09-06,San Luis Obispo,079,281455,26750,26183,1011,27194,286
2021-09-06,San Mateo,081,765935,50756,49859,756,50615,561
2021-09-06,Santa Barbara,083,443738,40780,39876,1481,41357,489
2021-09-06,Santa Clara,085,1922200,137989,136458,1052,137510,1807
2021-09-06,Santa Cruz,087,273765,18894,18615,963,19578,210
2021-09-06,Shasta,089,179085,16813,15985,2564,18549,226
2021-09-06,Sierra,091,2930,130,109,13,122,0
2021-09-06,Siskiyou,093,43540,2741,2595,882,3477,34
2021-09-06,Solano,095,438530,42734,41774,1076,42850,300
2021-09-06,Sonoma,097,501317,38358,37929,465,38394,358
2021-09-06,Stanislaus,099,539301,69764,68596,7772,76368,1074
2021-09-06,Sutter,101,95872,12466,12238,191,12429,138
2021-09-06,Tehama,103,63373,6682,6413,1035,7448,74
2021-09-06,Trinity,105,12862,664,515,178,693,6
2021-09-06,Tulare,107,460477,58670,57068,11921,68989,874
2021-09-06,Tuolumne,109,53932,5825,5697,61,5758,88
2021-09-06,Ventura,111,848112,92692,91132,4019,95151,1093
2021-09-06,Yolo,113,214977,17851,17576,881,18457,235
2021-09-06,Yuba,115,75493,8759,8584,186,8770,55
2021-09-05,Alameda,001,1643700,111561,110173,2587,112760,1301
2021-09-05,Alpine,003,1148,94,94,0,94,0
2021-09-05,Amador,005,37829,4744,4642,45,4687,53
2021-09-05,Butte,007,227075,17086,16504,2945,19449,218
2021-09-05,Calaveras,009,45235,3171,3106,21,3127,63
2021-09-05,Colusa,011,21464,2342,2305,509,2814,16
2021-09-05,Contra Costa,013,1133247,91956,90862,1836,92698,891
2021-09-05,Del Norte,015,27424,3185,3023,19,3042,24
2021-09-05,El Dorado,017,186661,14109,13827,1343,15170,119
2021-09-05,Fresno,019,978130,121774,119384,10739,130123,1828
2021-09-05,Glenn,021,27897,3003,2899,816,3715,20
2021-09-05,Humboldt,023,135768,7515,7312,309,7621,52
2021-09-05,Imperial,025,180216,30817,30548,3084,33632,751
2021-09-05,Inyo,027,18085,1589,1572,17,1589,39
2021-09-05,Kern,029,883053,112453,110073,16383,126456,1408
2021-09-05,Kings,031,150075,27731,26989,1510,28499,264
2021-09-05,Lake,033,64148,5722,5525,94,5619,78
2021-09-05,Lassen,035,31185,5948,5820,200,6020,21
2021-09-05,Los Angeles,037,10098052,1368551,1357748,50913,1408661,25465
2021-09-05,Madera,039,155013,19735,19155,1498,20653,249
2021-09-05,Marin,041,260295,16497,16342,376,16718,242
2021-09-05,Mariposa,043,17540,799,761,25,786,5
2021-09-05,Mendocino,045,87422,6221,5965,235,6200,61
2021-09-05,Merced,047,269075,36795,36243,1342,37585,513
2021-09-05,Modoc,049,8938,460,447,160,607,5
2021-09-05,Mono,051,14174,1437,1416,17,1433,3
2021-09-05,Monterey,053,433212,46581,45795,2462,48257,540
2021-09-05,Napa,055,140530,11924,11770,78,11848,90
2021-09-05,Nevada,057,99092,7956,7722,259,7981,82
2021-09-05,Orange,059,3164182,291582,287614,13664,301278,5274
2021-09-05,Placer,061,380077,32289,31487,2942,34429,337
2021-09-05,Plumas,063,18699,1121,1067,19,1086,5
2021-09-05,Riverside,065,2383286,338604,332604,15649,348253,4654
2021-09-05,Sacramento,067,1510023,141910,141276,3314,144590,1905
2021-09-05,San Benito,069,59416,6814,6764,137,6901,64
2021-09-05,San Bernardino,071,2135413,332558,329062,10341,339403,5392
2021-09-05,San Diego,073,3302833,343724,339427,19905,359332,3914
2021-09-05,San Francisco,075,870044,48707,48035,2077,50112,589
2021-09-05,San Joaquin,077,732212,90287,89121,4768,93889,1548
2021-09-05,San Luis Obispo,079,281455,26701,26098,1010,27108,285
2021-09-05,San Mateo,081,765935,50689,49809,752,50561,561
2021-09-05,Santa Barbara,083,443738,40713,39762,1479,41241,489
2021-09-05,Santa Clara,085,1922200,137779,136146,1050,137196,1807
2021-09-05,Santa Cruz,087,273765,18874,18588,961,19549,210
2021-09-05,Shasta,089,179085,16730,15960,2538,18498,226
2021-09-05,Sierra,091,2930,129,109,13,122,0
2021-09-05,Siskiyou,093,43540,2724,2585,868,3453,34
2021-09-05,Solano,095,438530,42639,41687,1071,42758,300
2021-09-05,Sonoma,097,501317,38273,37881,464,38345,358
2021-09-05,Stanislaus,099,539301,69614,68434,7747,76181,1074
2021-09-05,Sutter,101,95872,12436,12179,185,12364,138
2021-09-05,Tehama,103,63373,6657,6400,1029,7429,74
2021-09-05,Trinity,105,12862,658,505,177,682,6
2021-09-05,Tulare,107,460477,58501,56915,11877,68792,874
2021-09-05,Tuolumne,109,53932,5813,5688,61,5749,88
2021-09-05,Ventura,111,848112,92557,91004,4015,95019,1093
2021-09-05,Yolo,113,214977,17815,17557,875,18432,235
2021-09-05,Yuba,115,75493,8733,8521,184,8705,55
2021-09-04,Alameda,001,1643700,111434,109944,2580,112524,1301
2021-09-04,Alpine,003,1148,94,94,0,94,0
2021-09-04,Amador,005,37829,4726,4637,44,4681,53
2021-09-04,Butte,007,227075,17028,16403,2930,19333,218
2021-09-04,Calaveras,009,45235,3160,3087,20,3107,63
2021-09-04,Colusa,011,21464,2340,2301,509,2810,16
2021-09-04,Contra Costa,013,1133247,91842,90623,1833,92456,891
2021-09-04,Del Norte,015,27424,3174,2984,19,3003,24
2021-09-04,El Dorado,017,186661,14083,13782,1335,15117,119
2021-09-04,Fresno,019,978130,121581,119033,10723,129756,1828
2021-09-04,Glenn,021,27897,2994,2878,812,3690,20
2021-09-04,Humboldt,023,135768,7484,7298,303,7601,52
2021-09-04,Imperial,025,180216,30794,30526,3081,33607,751
2021-09-04,Inyo,027,18085,1587,1571,17,1588,39
2021-09-04,Kern,029,883053,112208,109751,16252,126003,1408
2021-09-04,Kings,031,150075,27643,26896,1504,28400,263
2021-09-04,Lake,033,64148,5704,5507,94,5601,78
2021-09-04,Lassen,035,31185,5933,5814,192,6006,21
2021-09-04,Los Angeles,037,10098052,1367602,1355634,50855,1406489,25454
2021-09-04,Madera,039,155013,19702,19112,1491,20603,249
2021-09-04,Marin,041,260295,16481,16319,375,16694,242
2021-09-04,Mariposa,043,17540,794,759,25,784,5
2021-09-04,Mendocino,045,87422,6185,5933,235,6168,61
2021-09-04,Merced,047,269075,36750,36083,1339,37422,513
2021-09-04,Modoc,049,8938,460,447,160,607,5
2021-09-04,Mono,051,14174,1434,1417,17,1434,3
2021-09-04,Monterey,053,433212,46550,45756,2458,48214,540
2021-09-04,Napa,055,140530,11899,11760,76,11836,90
2021-09-04,Nevada,057,99092,7941,7691,258,7949,82
2021-09-04,Orange,059,3164182,291319,287244,13643,300887,5274
2021-09-04,Placer,061,380077,32185,31374,2925,34299,337
2021-09-04,Plumas,063,18699,1113,1067,19,1086,5
2021-09-04,Riverside,065,2383286,338134,331958,15637,347595,4654
2021-09-04,Sacramento,067,1510023,141617,140735,3306,144041,1896
2021-09-04,San Benito,069,59416,6805,6758,137,6895,64
2021-09-04,San Bernardino,071,2135413,332226,328425,10327,338752,5393
2021-09-04,San Diego,073,3302833,343290,338748,19883,358631,3914
2021-09-04,San Francisco,075,870044,48632,47937,2068,50005,589
2021-09-04,San Joaquin,077,732212,90171,88846,4760,93606,1548
2021-09-04,San Luis Obispo,079,281455,26669,26020,1010,27030,285
2021-09-04,San Mateo,081,765935,50632,49721,752,50473,560
2021-09-04,Santa Barbara,083,443738,40647,39667,1477,41144,489
2021-09-04,Santa Clara,085,1922200,137593,135845,1047,136892,1806
2021-09-04,Santa Cruz,087,273765,18856,18579,957,19536,210
2021-09-04,Shasta,089,179085,16653,15924,2512,18436,226
2021-09-04,Sierra,091,2930,127,108,13,121,0
2021-09-04,Siskiyou,093,43540,2698,2563,857,3420,34
2021-09-04,Solano,095,438530,42566,41614,1069,42683,300
2021-09-04,Sonoma,097,501317,38240,37809,464,38273,358
2021-09-04,Stanislaus,099,539301,69457,68210,7723,75933,1074
2021-09-04,Sutter,101,95872,12395,12137,184,12321,138
2021-09-04,Tehama,103,63373,6632,6367,1011,7378,74
2021-09-04,Trinity,105,12862,656,497,177,674,6
2021-09-04,Tulare,107,460477,58393,56719,11834,68553,874
2021-09-04,Tuolumne,109,53932,5795,5667,59,5726,88
2021-09-04,Ventura,111,848112,92422,90904,4012,94916,1090
2021-09-04,Yolo,113,214977,17781,17522,871,18393,235
2021-09-04,Yuba,115,75493,8705,8475,183,8658,55
2021-09-03,Alameda,001,1643700,111284,109636,2578,112214,1301
2021-09-03,Alpine,003,1148,94,94,0,94,0
2021-09-03,Amador,005,37829,4704,4614,44,4658,53
2021-09-03,Butte,007,227075,16938,16259,2904,19163,215
2021-09-03,Calaveras,009,45235,3150,3069,20,3089,63
2021-09-03,Colusa,011,21464,2335,2295,508,2803,16
2021-09-03,Contra Costa,013,1133247,91691,90299,1830,92129,886
2021-09-03,Del Norte,015,27424,3146,2943,18,2961,24
2021-09-03,El Dorado,017,186661,14050,13710,1331,15041,119
2021-09-03,Fresno,019,978130,121249,118508,10704,129212,1822
2021-09-03,Glenn,021,27897,2986,2867,807,3674,20
2021-09-03,Humboldt,023,135768,7460,7194,298,7492,52
2021-09-03,Imperial,025,180216,30771,30475,3075,33550,751
2021-09-03,Inyo,027,18085,1582,1567,17,1584,39
2021-09-03,Kern,029,883053,111992,109296,16141,125437,1407
2021-09-03,Kings,031,150075,27559,26753,1501,28254,263
2021-09-03,Lake,033,64148,5684,5479,92,5571,78
2021-09-03,Lassen,035,31185,5916,5789,187,5976,21
2021-09-03,Los Angeles,037,10098052,1366270,1351185,50788,1401973,25384
2021-09-03,Madera,039,155013,19617,19021,1485,20506,247
2021-09-03,Marin,041,260295,16459,16293,374,16667,242
2021-09-03,Mariposa,043,17540,786,753,25,778,5
2021-09-03,Mendocino,045,87422,6150,5891,235,6126,61
2021-09-03,Merced,047,269075,36696,35941,1330,37271,512
2021-09-03,Modoc,049,8938,460,445,160,605,5
2021-09-03,Mono,051,14174,1433,1410,17,1427,3
2021-09-03,Monterey,053,433212,46512,45707,2454,48161,540
2021-09-03,Napa,055,140530,11878,11733,76,11809,89
2021-09-03,Nevada,057,99092,7908,7632,258,7890,82
2021-09-03,Orange,059,3164182,291000,286818,13615,300433,5253
2021-09-03,Placer,061,380077,32078,31238,2901,34139,335
2021-09-03,Plumas,063,18699,1102,1057,19,1076,5
2021-09-03,Riverside,065,2383286,337602,331011,15621,346632,4653
2021-09-03,Sacramento,067,1510023,141248,139982,3287,143269,1886
2021-09-03,San Benito,069,59416,6799,6746,137,6883,64
2021-09-03,San Bernardino,071,2135413,331813,327599,10316,337915,5381
2021-09-03,San Diego,073,3302833,342668,337627,19851,357478,3911
2021-09-03,San Francisco,075,870044,48556,47822,2062,49884,589
2021-09-03,San Joaquin,077,732212,90018,88366,4752,93118,1540
2021-09-03,San Luis Obispo,079,281455,26593,25917,1008,26925,283
2021-09-03,San Mateo,081,765935,50537,49617,750,50367,560
2021-09-03,Santa Barbara,083,443738,40580,39507,1474,40981,489
2021-09-03,Santa Clara,085,1922200,137391,135522,1043,136565,1801
2021-09-03,Santa Cruz,087,273765,18831,18532,957,19489,210
2021-09-03,Shasta,089,179085,16578,15778,2488,18266,226
2021-09-03,Sierra,091,2930,125,105,13,118,0
2021-09-03,Siskiyou,093,43540,2686,2529,844,3373,34
2021-09-03,Solano,095,438530,42465,41457,1066,42523,300
2021-09-03,Sonoma,097,501317,38177,37699,464,38163,358
2021-09-03,Stanislaus,099,539301,69277,67887,7697,75584,1074
2021-09-03,Sutter,101,95872,12356,12073,183,12256,139
2021-09-03,Tehama,103,63373,6593,6334,1004,7338,72
2021-09-03,Trinity,105,12862,654,490,172,662,6
2021-09-03,Tulare,107,460477,58266,56401,11781,68182,872
2021-09-03,Tuolumne,109,53932,5753,5630,59,5689,88
2021-09-03,Ventura,111,848112,92288,90742,4008,94750,1088
2021-09-03,Yolo,113,214977,17758,17446,865,18311,235
2021-09-03,Yuba,115,75493,8673,8412,183,8595,55
2021-09-02,Alameda,001,1643700,111024,109377,2574,111951,1301
2021-09-02,Alpine,003,1148,93,92,0,92,0
2021-09-02,Amador,005,37829,4688,4606,44,4650,53
2021-09-02,Butte,007,227075,16812,16154,2885,19039,215
2021-09-02,Calaveras,009,45235,3139,3042,20,3062,62
2021-09-02,Colusa,011,21464,2331,2290,506,2796,16
2021-09-02,Contra Costa,013,1133247,91511,90038,1820,91858,886
2021-09-02,Del Norte,015,27424,3115,2891,18,2909,24
2021-09-02,El Dorado,017,186661,13990,13641,1305,14946,119
2021-09-02,Fresno,019,978130,120763,117974,10665,128639,1804
2021-09-02,Glenn,021,27897,2971,2855,803,3658,20
2021-09-02,Humboldt,023,135768,7412,7141,287,7428,52
2021-09-02,Imperial,025,180216,30727,30449,3071,33520,751
2021-09-02,Inyo,027,18085,1577,1564,16,1580,39
2021-09-02,Kern,029,883053,111579,108930,15997,124927,1404
2021-09-02,Kings,031,150075,27466,26638,1491,28129,263
2021-09-02,Lake,033,64148,5654,5432,88,5520,78
2021-09-02,Lassen,035,31185,5902,5747,180,5927,21
2021-09-02,Los Angeles,037,10098052,1364412,1351105,50692,1401797,25382
2021-09-02,Madera,039,155013,19526,18937,1467,20404,247
2021-09-02,Marin,041,260295,16446,16244,372,16616,242
2021-09-02,Mariposa,043,17540,780,745,22,767,5
2021-09-02,Mendocino,045,87422,6108,5848,232,6080,61
2021-09-02,Merced,047,269075,36533,35820,1323,37143,508
2021-09-02,Modoc,049,8938,460,437,160,597,5
2021-09-02,Mono,051,14174,1433,1409,17,1426,3
2021-09-02,Monterey,053,433212,46447,45648,2439,48087,539
2021-09-02,Napa,055,140530,11849,11684,76,11760,88
2021-09-02,Nevada,057,99092,7856,7575,257,7832,82
2021-09-02,Orange,059,3164182,290540,286326,13582,299908,5240
2021-09-02,Placer,061,380077,31940,31067,2872,33939,330
2021-09-02,Plumas,063,18699,1091,1045,18,1063,5
2021-09-02,Riverside,065,2383286,336886,330190,15596,345786,4644
2021-09-02,Sacramento,067,1510023,140665,139274,3248,142522,1882
2021-09-02,San Benito,069,59416,6794,6734,136,6870,64
2021-09-02,San Bernardino,071,2135413,331209,326940,10243,337183,5369
2021-09-02,San Diego,073,3302833,341700,336382,19799,356181,3909
2021-09-02,San Francisco,075,870044,48448,47674,2058,49732,587
2021-09-02,San Joaquin,077,732212,89733,88056,4728,92784,1540
2021-09-02,San Luis Obispo,079,281455,26508,25851,1003,26854,283
2021-09-02,San Mateo,081,765935,50438,49490,747,50237,558
2021-09-02,Santa Barbara,083,443738,40489,39386,1461,40847,486
2021-09-02,Santa Clara,085,1922200,137089,135216,1037,136253,1799
2021-09-02,Santa Cruz,087,273765,18797,18473,954,19427,210
2021-09-02,Shasta,089,179085,16440,15670,2459,18129,224
2021-09-02,Sierra,091,2930,125,105,13,118,0
2021-09-02,Siskiyou,093,43540,2665,2513,816,3329,34
2021-09-02,Solano,095,438530,42359,41293,1063,42356,294
2021-09-02,Sonoma,097,501317,38096,37558,464,38022,352
2021-09-02,Stanislaus,099,539301,69020,67576,7675,75251,1074
2021-09-02,Sutter,101,95872,12286,11995,179,12174,138
2021-09-02,Tehama,103,63373,6534,6265,985,7250,72
2021-09-02,Trinity,105,12862,650,484,170,654,6
2021-09-02,Tulare,107,460477,58038,56105,11729,67834,872
2021-09-02,Tuolumne,109,53932,5697,5578,59,5637,88
2021-09-02,Ventura,111,848112,92105,90610,4003,94613,1084
2021-09-02,Yolo,113,214977,17689,17357,854,18211,235
2021-09-02,Yuba,115,75493,8613,8363,183,8546,55
2021-09-01,Alameda,001,1643700,110752,109075,2568,111643,1299
2021-09-01,Alpine,003,1148,93,92,0,92,0
2021-09-01,Amador,005,37829,4672,4599,43,4642,53
2021-09-01,Butte,007,227075,16697,16046,2860,18906,215
2021-09-01,Calaveras,009,45235,3125,3023,20,3043,59
2021-09-01,Colusa,011,21464,2326,2281,506,2787,16
2021-09-01,Contra Costa,013,1133247,91284,89834,1813,91647,877
2021-09-01,Del Norte,015,27424,3082,2860,18,2878,24
2021-09-01,El Dorado,017,186661,13934,13577,1278,14855,119
2021-09-01,Fresno,019,978130,120277,117492,10613,128105,1800
2021-09-01,Glenn,021,27897,2946,2846,792,3638,20
2021-09-01,Humboldt,023,135768,7364,7090,280,7370,52
2021-09-01,Imperial,025,180216,30690,30393,3066,33459,750
2021-09-01,Inyo,027,18085,1573,1561,15,1576,39
2021-09-01,Kern,029,883053,111148,108449,15855,124304,1400
2021-09-01,Kings,031,150075,27353,26443,1480,27923,263
2021-09-01,Lake,033,64148,5612,5396,83,5479,77
2021-09-01,Lassen,035,31185,5880,5731,176,5907,21
2021-09-01,Los Angeles,037,10098052,1362155,1348589,50584,1399173,25341
2021-09-01,Madera,039,155013,19448,18852,1452,20304,247
2021-09-01,Marin,041,260295,16424,16224,367,16591,240
2021-09-01,Mariposa,043,17540,772,735,22,757,5
2021-09-01,Mendocino,045,87422,6065,5821,227,6048,59
2021-09-01,Merced,047,269075,36356,35686,1314,37000,500
2021-09-01,Modoc,049,8938,454,436,158,594,5
2021-09-01,Mono,051,14174,1433,1400,17,1417,3
2021-09-01,Monterey,053,433212,46367,45590,2424,48014,539
2021-09-01,Napa,055,140530,11816,11653,76,11729,88
2021-09-01,Nevada,057,99092,7803,7508,256,7764,82
2021-09-01,Orange,059,3164182,290065,285840,13544,299384,5233
2021-09-01,Placer,061,380077,31786,30902,2858,33760,330
2021-09-01,Plumas,063,18699,1083,1033,18,1051,5
2021-09-01,Riverside,065,2383286,336070,329388,15566,344954,4634
2021-09-01,Sacramento,067,1510023,140054,138499,3202,141701,1875
2021-09-01,San Benito,069,59416,6777,6716,136,6852,64
2021-09-01,San Bernardino,071,2135413,330561,326250,10214,336464,5364
2021-09-01,San Diego,073,3302833,340659,335302,19750,355052,3908
2021-09-01,San Francisco,075,870044,48339,47538,2051,49589,584
2021-09-01,San Joaquin,077,732212,89412,87640,4705,92345,1540
2021-09-01,San Luis Obispo,079,281455,26412,25691,998,26689,283
2021-09-01,San Mateo,081,765935,50320,49394,741,50135,558
2021-09-01,Santa Barbara,083,443738,40372,39263,1445,40708,483
2021-09-01,Santa Clara,085,1922200,136821,134855,1030,135885,1796
2021-09-01,Santa Cruz,087,273765,18749,18453,952,19405,210
2021-09-01,Shasta,089,179085,16307,15552,2417,17969,221
2021-09-01,Sierra,091,2930,124,98,13,111,0
2021-09-01,Siskiyou,093,43540,2635,2482,796,3278,34
2021-09-01,Solano,095,438530,42208,41194,1057,42251,293
2021-09-01,Sonoma,097,501317,38001,37454,463,37917,352
2021-09-01,Stanislaus,099,539301,68729,67287,7644,74931,1075
2021-09-01,Sutter,101,95872,12222,11945,172,12117,136
2021-09-01,Tehama,103,63373,6500,6228,968,7196,72
2021-09-01,Trinity,105,12862,649,482,167,649,5
2021-09-01,Tulare,107,460477,57756,55768,11692,67460,870
2021-09-01,Tuolumne,109,53932,5657,5553,59,5612,88
2021-09-01,Ventura,111,848112,91890,90471,3987,94458,1089
2021-09-01,Yolo,113,214977,17634,17264,848,18112,235
2021-09-01,Yuba,115,75493,8552,8308,183,8491,55
2021-08-31,Alameda,001,1643700,110448,108837,2561,111398,1297
2021-08-31,Alpine,003,1148,91,92,0,92,0
2021-08-31,Amador,005,37829,4651,4555,43,4598,53
2021-08-31,Butte,007,227075,16556,15896,2819,18715,216
2021-08-31,Calaveras,009,45235,3092,3008,20,3028,59
2021-08-31,Colusa,011,21464,2324,2275,504,2779,16
2021-08-31,Contra Costa,013,1133247,90991,89546,1801,91347,871
2021-08-31,Del Norte,015,27424,3046,2830,18,2848,19
2021-08-31,El Dorado,017,186661,13864,13539,1261,14800,119
2021-08-31,Fresno,019,978130,119705,117155,10542,127697,1801
2021-08-31,Glenn,021,27897,2929,2829,778,3607,20
2021-08-31,Humboldt,023,135768,7288,7030,267,7297,52
2021-08-31,Imperial,025,180216,30653,30348,3058,33406,750
2021-08-31,Inyo,027,18085,1569,1550,15,1565,39
2021-08-31,Kern,029,883053,110646,108151,15676,123827,1393
2021-08-31,Kings,031,150075,27212,26405,1466,27871,260
2021-08-31,Lake,033,64148,5568,5359,80,5439,74
2021-08-31,Lassen,035,31185,5854,5702,173,5875,21
2021-08-31,Los Angeles,037,10098052,1359567,1346686,50504,1397190,25303
2021-08-31,Madera,039,155013,19358,18811,1434,20245,247
2021-08-31,Marin,041,260295,16395,16215,364,16579,240
2021-08-31,Mariposa,043,17540,764,732,22,754,5
2021-08-31,Mendocino,045,87422,6023,5777,225,6002,59
2021-08-31,Merced,047,269075,36186,35512,1309,36821,498
2021-08-31,Modoc,049,8938,453,436,158,594,5
2021-08-31,Mono,051,14174,1421,1398,17,1415,3
2021-08-31,Monterey,053,433212,46283,45550,2411,47961,539
2021-08-31,Napa,055,140530,11769,11618,76,11694,88
2021-08-31,Nevada,057,99092,7736,7460,256,7716,82
2021-08-31,Orange,059,3164182,289466,285310,13510,298820,5229
2021-08-31,Placer,061,380077,31597,30745,2820,33565,325
2021-08-31,Plumas,063,18699,1079,1018,17,1035,5
2021-08-31,Riverside,065,2383286,335096,328556,15533,344089,4627
2021-08-31,Sacramento,067,1510023,139369,137879,3170,141049,1863
2021-08-31,San Benito,069,59416,6765,6694,134,6828,64
2021-08-31,San Bernardino,071,2135413,329817,325446,10194,335640,5350
2021-08-31,San Diego,073,3302833,339389,334377,19702,354079,3888
2021-08-31,San Francisco,075,870044,48189,47440,2040,49480,581
2021-08-31,San Joaquin,077,732212,88967,87365,4690,92055,1540
2021-08-31,San Luis Obispo,079,281455,26287,25518,994,26512,282
2021-08-31,San Mateo,081,765935,50209,49299,741,50040,556
2021-08-31,Santa Barbara,083,443738,40221,39091,1439,40530,481
2021-08-31,Santa Clara,085,1922200,136470,134637,1023,135660,1793
2021-08-31,Santa Cruz,087,273765,18708,18419,949,19368,210
2021-08-31,Shasta,089,179085,16154,15368,2390,17758,220
2021-08-31,Sierra,091,2930,121,95,13,108,0
2021-08-31,Siskiyou,093,43540,2615,2435,780,3215,33
2021-08-31,Solano,095,438530,42069,41067,1050,42117,289
2021-08-31,Sonoma,097,501317,37905,37379,462,37841,352
2021-08-31,Stanislaus,099,539301,68366,67004,7609,74613,1075
2021-08-31,Sutter,101,95872,12156,11901,168,12069,136
2021-08-31,Tehama,103,63373,6440,6169,937,7106,72
2021-08-31,Trinity,105,12862,643,480,167,647,3
2021-08-31,Tulare,107,460477,57422,55567,11621,67188,870
2021-08-31,Tuolumne,109,53932,5621,5516,59,5575,88
2021-08-31,Ventura,111,848112,91673,90292,3975,94267,1081
2021-08-31,Yolo,113,214977,17555,17205,839,18044,234
2021-08-31,Yuba,115,75493,8498,8253,183,8436,54
2021-08-30,Alameda,001,1643700,110123,107734,2550,110284,1296
2021-08-30,Alpine,003,1148,91,92,0,92,0
2021-08-30,Amador,005,37829,4640,4507,43,4550,53
2021-08-30,Butte,007,227075,16404,15719,2786,18505,214
2021-08-30,Calaveras,009,45235,3074,2975,20,2995,59
2021-08-30,Colusa,011,21464,2315,2271,500,2771,16
2021-08-30,Contra Costa,013,1133247,90732,87679,1791,89470,872
2021-08-30,Del Norte,015,27424,3004,2796,17,2813,11
2021-08-30,El Dorado,017,186661,13795,13217,1244,14461,119
2021-08-30,Fresno,019,978130,119142,115867,10479,126346,1790
2021-08-30,Glenn,021,27897,2917,2804,776,3580,20
2021-08-30,Humboldt,023,135768,7235,6930,261,7191,52
2021-08-30,Imperial,025,180216,30615,30311,3053,33364,750
2021-08-30,Inyo,027,18085,1564,1544,15,1559,39
2021-08-30,Kern,029,883053,110167,107615,15512,123127,1389
2021-08-30,Kings,031,150075,27096,26236,1451,27687,259
2021-08-30,Lake,033,64148,5533,5323,77,5400,74
2021-08-30,Lassen,035,31185,5832,5667,167,5834,21
2021-08-30,Los Angeles,037,10098052,1357109,1344949,50417,1395366,25269
2021-08-30,Madera,039,155013,19276,18622,1415,20037,247
2021-08-30,Marin,041,260295,16364,16160,364,16524,240
2021-08-30,Mariposa,043,17540,758,715,21,736,5
2021-08-30,Mendocino,045,87422,5989,5721,221,5942,55
2021-08-30,Merced,047,269075,36058,35335,1307,36642,497
2021-08-30,Modoc,049,8938,451,436,157,593,5
2021-08-30,Mono,051,14174,1420,1390,17,1407,3
2021-08-30,Monterey,053,433212,46221,45463,2394,47857,539
2021-08-30,Napa,055,140530,11720,11579,74,11653,87
2021-08-30,Nevada,057,99092,7677,7356,253,7609,82
2021-08-30,Orange,059,3164182,288885,284750,13461,298211,5223
2021-08-30,Placer,061,380077,31432,29825,2797,32622,319
2021-08-30,Plumas,063,18699,1062,998,17,1015,5
2021-08-30,Riverside,065,2383286,334198,327593,15502,343095,4623
2021-08-30,Sacramento,067,1510023,138712,134571,3124,137695,1847
2021-08-30,San Benito,069,59416,6756,6663,134,6797,64
2021-08-30,San Bernardino,071,2135413,329141,324870,10164,335034,5348
2021-08-30,San Diego,073,3302833,338109,333011,19631,352642,3885
2021-08-30,San Francisco,075,870044,48050,46966,2026,48992,581
2021-08-30,San Joaquin,077,732212,88636,86203,4670,90873,1528
2021-08-30,San Luis Obispo,079,281455,26161,25422,987,26409,280
2021-08-30,San Mateo,081,765935,50084,48839,735,49574,554
2021-08-30,Santa Barbara,083,443738,40070,38998,1434,40432,481
2021-08-30,Santa Clara,085,1922200,136149,133281,1016,134297,1789
2021-08-30,Santa Cruz,087,273765,18653,18326,945,19271,210
2021-08-30,Shasta,089,179085,16025,15238,2347,17585,217
2021-08-30,Sierra,091,2930,119,91,13,104,0
2021-08-30,Siskiyou,093,43540,2602,2411,769,3180,33
2021-08-30,Solano,095,438530,41905,39986,1046,41032,290
2021-08-30,Sonoma,097,501317,37799,36764,462,37226,352
2021-08-30,Stanislaus,099,539301,68022,66173,7579,73752,1074
2021-08-30,Sutter,101,95872,12085,11791,161,11952,136
2021-08-30,Tehama,103,63373,6361,6085,913,6998,71
2021-08-30,Trinity,105,12862,632,468,164,632,3
2021-08-30,Tulare,107,460477,57110,55140,11545,66685,870
2021-08-30,Tuolumne,109,53932,5575,5492,59,5551,74
2021-08-30,Ventura,111,848112,91457,90149,3963,94112,1082
2021-08-30,Yolo,113,214977,17492,17071,835,17906,231
2021-08-30,Yuba,115,75493,8424,8129,182,8311,54
2021-08-29,Alameda,001,1643700,109781,107494,2538,110032,1296
2021-08-29,Alpine,003,1148,91,92,0,92,0
2021-08-29,Amador,005,37829,4626,4501,43,4544,53
2021-08-29,Butte,007,227075,16234,15602,2749,18351,214
2021-08-29,Calaveras,009,45235,3041,2970,20,2990,59
2021-08-29,Colusa,011,21464,2307,2260,494,2754,16
2021-08-29,Contra Costa,013,1133247,90433,87439,1786,89225,872
2021-08-29,Del Norte,015,27424,2961,2752,17,2769,11
2021-08-29,El Dorado,017,186661,13740,13166,1233,14399,119
2021-08-29,Fresno,019,978130,118547,115502,10416,125918,1790
2021-08-29,Glenn,021,27897,2900,2778,769,3547,20
2021-08-29,Humboldt,023,135768,7191,6922,246,7168,52
2021-08-29,Imperial,025,180216,30554,30293,3043,33336,750
2021-08-29,Inyo,027,18085,1554,1543,14,1557,39
2021-08-29,Kern,029,883053,109716,107324,15341,122665,1389
2021-08-29,Kings,031,150075,26944,26143,1436,27579,259
2021-08-29,Lake,033,64148,5493,5293,67,5360,74
2021-08-29,Lassen,035,31185,5809,5666,163,5829,21
2021-08-29,Los Angeles,037,10098052,1354348,1342541,50305,1392846,25263
2021-08-29,Madera,039,155013,19189,18594,1399,19993,247
2021-08-29,Marin,041,260295,16333,16134,361,16495,240
2021-08-29,Mariposa,043,17540,752,709,19,728,5
2021-08-29,Mendocino,045,87422,5931,5689,208,5897,55
2021-08-29,Merced,047,269075,35819,35250,1295,36545,497
2021-08-29,Modoc,049,8938,448,436,157,593,5
2021-08-29,Mono,051,14174,1413,1387,17,1404,3
2021-08-29,Monterey,053,433212,46114,45424,2370,47794,539
2021-08-29,Napa,055,140530,11689,11552,74,11626,87
2021-08-29,Nevada,057,99092,7621,7294,252,7546,82
2021-08-29,Orange,059,3164182,288258,284432,13419,297851,5223
2021-08-29,Placer,061,380077,31259,29674,2756,32430,319
2021-08-29,Plumas,063,18699,1051,996,17,1013,5
2021-08-29,Riverside,065,2383286,333339,326987,15481,342468,4623
2021-08-29,Sacramento,067,1510023,137959,133981,3075,137056,1843
2021-08-29,San Benito,069,59416,6730,6646,134,6780,64
2021-08-29,San Bernardino,071,2135413,328354,324266,10130,334396,5347
2021-08-29,San Diego,073,3302833,336998,332014,19539,351553,3880
2021-08-29,San Francisco,075,870044,47915,46885,2014,48899,581
2021-08-29,San Joaquin,077,732212,88189,85922,4650,90572,1528
2021-08-29,San Luis Obispo,079,281455,25963,25288,982,26270,280
2021-08-29,San Mateo,081,765935,49970,48737,730,49467,554
2021-08-29,Santa Barbara,083,443738,39903,38900,1430,40330,481
2021-08-29,Santa Clara,085,1922200,135794,132979,1010,133989,1789
2021-08-29,Santa Cruz,087,273765,18606,18285,943,19228,210
2021-08-29,Shasta,089,179085,15871,15198,2320,17518,217
2021-08-29,Sierra,091,2930,117,91,13,104,0
2021-08-29,Siskiyou,093,43540,2555,2407,749,3156,33
2021-08-29,Solano,095,438530,41750,39887,1039,40926,290
2021-08-29,Sonoma,097,501317,37663,36650,458,37108,352
2021-08-29,Stanislaus,099,539301,67676,65956,7545,73501,1074
2021-08-29,Sutter,101,95872,12027,11719,154,11873,136
2021-08-29,Tehama,103,63373,6290,6040,890,6930,71
2021-08-29,Trinity,105,12862,629,468,160,628,3
2021-08-29,Tulare,107,460477,56777,54974,11461,66435,870
2021-08-29,Tuolumne,109,53932,5550,5478,58,5536,74
2021-08-29,Ventura,111,848112,91200,90114,3954,94068,1082
2021-08-29,Yolo,113,214977,17393,17015,823,17838,231
2021-08-29,Yuba,115,75493,8360,8042,182,8224,54
2021-08-28,Alameda,001,1643700,109616,107007,2529,109536,1296
2021-08-28,Alpine,003,1148,91,92,0,92,0
2021-08-28,Amador,005,37829,4607,4484,43,4527,53
2021-08-28,Butte,007,227075,16175,15487,2721,18208,214
2021-08-28,Calaveras,009,45235,3031,2926,20,2946,59
2021-08-28,Colusa,011,21464,2303,2252,492,2744,16
2021-08-28,Contra Costa,013,1133247,90221,86938,1783,88721,872
2021-08-28,Del Norte,015,27424,2934,2734,16,2750,11
2021-08-28,El Dorado,017,186661,13700,13089,1227,14316,119
2021-08-28,Fresno,019,978130,118306,115079,10387,125466,1792
2021-08-28,Glenn,021,27897,2892,2773,762,3535,20
2021-08-28,Humboldt,023,135768,7156,6887,241,7128,52
2021-08-28,Imperial,025,180216,30527,30260,3039,33299,750
2021-08-28,Inyo,027,18085,1552,1539,14,1553,39
2021-08-28,Kern,029,883053,109478,107012,15199,122211,1389
2021-08-28,Kings,031,150075,26877,26059,1433,27492,257
2021-08-28,Lake,033,64148,5470,5267,63,5330,74
2021-08-28,Lassen,035,31185,5794,5665,162,5827,21
2021-08-28,Los Angeles,037,10098052,1353139,1337097,50232,1387329,25234
2021-08-28,Madera,039,155013,19138,18553,1384,19937,247
2021-08-28,Marin,041,260295,16318,16106,361,16467,240
2021-08-28,Mariposa,043,17540,750,704,19,723,5
2021-08-28,Mendocino,045,87422,5906,5658,208,5866,55
2021-08-28,Merced,047,269075,35767,35108,1292,36400,497
2021-08-28,Modoc,049,8938,448,436,156,592,5
2021-08-28,Mono,051,14174,1410,1385,17,1402,3
2021-08-28,Monterey,053,433212,46072,45394,2365,47759,539
2021-08-28,Napa,055,140530,11666,11512,73,11585,88
2021-08-28,Nevada,057,99092,7597,7238,250,7488,82
2021-08-28,Orange,059,3164182,287900,283953,13370,297323,5222
2021-08-28,Placer,061,380077,31150,29428,2743,32171,319
2021-08-28,Plumas,063,18699,1044,991,17,1008,5
2021-08-28,Riverside,065,2383286,332751,326222,15471,341693,4623
2021-08-28,Sacramento,067,1510023,137567,132985,3059,136044,1844
2021-08-28,San Benito,069,59416,6723,6636,134,6770,64
2021-08-28,San Bernardino,071,2135413,327906,323672,10122,333794,5348
2021-08-28,San Diego,073,3302833,336413,331330,19505,350835,3880
2021-08-28,San Francisco,075,870044,47843,46654,2007,48661,581
2021-08-28,San Joaquin,077,732212,88020,85481,4641,90122,1527
2021-08-28,San Luis Obispo,079,281455,25897,25138,977,26115,280
2021-08-28,San Mateo,081,765935,49895,48575,726,49301,554
2021-08-28,Santa Barbara,083,443738,39831,38780,1429,40209,481
2021-08-28,Santa Clara,085,1922200,135587,132488,1008,133496,1789
2021-08-28,Santa Cruz,087,273765,18589,18240,940,19180,210
2021-08-28,Shasta,089,179085,15768,15147,2301,17448,217
2021-08-28,Sierra,091,2930,113,91,13,104,0
2021-08-28,Siskiyou,093,43540,2547,2402,738,3140,33
2021-08-28,Solano,095,438530,41701,39610,1038,40648,290
2021-08-28,Sonoma,097,501317,37590,36466,456,36922,352
2021-08-28,Stanislaus,099,539301,67515,65670,7528,73198,1074
2021-08-28,Sutter,101,95872,12006,11669,153,11822,136
2021-08-28,Tehama,103,63373,6265,6004,877,6881,71
2021-08-28,Trinity,105,12862,625,463,159,622,3
2021-08-28,Tulare,107,460477,56647,54746,11419,66165,870
2021-08-28,Tuolumne,109,53932,5534,5469,58,5527,74
2021-08-28,Ventura,111,848112,91082,89934,3952,93886,1081
2021-08-28,Yolo,113,214977,17357,16907,816,17723,231
2021-08-28,Yuba,115,75493,8329,7985,181,8166,55
2021-08-27,Alameda,001,1643700,109407,106622,2526,109148,1296
2021-08-27,Alpine,003,1148,91,92,0,92,0
2021-08-27,Amador,005,37829,4591,4458,42,4500,53
2021-08-27,Butte,007,227075,16095,15277,2702,17979,214
2021-08-27,Calaveras,009,45235,3016,2903,20,2923,59
2021-08-27,Colusa,011,21464,2297,2240,490,2730,16
2021-08-27,Contra Costa,013,1133247,90023,86386,1780,88166,872
2021-08-27,Del Norte,015,27424,2902,2695,16,2711,11
2021-08-27,El Dorado,017,186661,13661,12968,1223,14191,119
2021-08-27,Fresno,019,978130,117872,114481,10365,124846,1774
2021-08-27,Glenn,021,27897,2875,2754,754,3508,20
2021-08-27,Humboldt,023,135768,7123,6782,238,7020,52
2021-08-27,Imperial,025,180216,30507,30201,3035,33236,750
2021-08-27,Inyo,027,18085,1551,1529,14,1543,39
2021-08-27,Kern,029,883053,109184,106570,15089,121659,1385
2021-08-27,Kings,031,150075,26798,25957,1431,27388,257
2021-08-27,Lake,033,64148,5445,5228,62,5290,74
2021-08-27,Lassen,035,31185,5778,5646,157,5803,21
2021-08-27,Los Angeles,037,10098052,1351618,1337006,50165,1387171,25230
2021-08-27,Madera,039,155013,19082,18476,1371,19847,247
2021-08-27,Marin,041,260295,16302,16055,359,16414,240
2021-08-27,Mariposa,043,17540,744,690,19,709,5
2021-08-27,Mendocino,045,87422,5875,5602,207,5809,55
2021-08-27,Merced,047,269075,35713,34906,1283,36189,495
2021-08-27,Modoc,049,8938,448,434,156,590,5
2021-08-27,Mono,051,14174,1405,1385,17,1402,3
2021-08-27,Monterey,053,433212,46023,45337,2357,47694,539
2021-08-27,Napa,055,140530,11632,11460,73,11533,87
2021-08-27,Nevada,057,99092,7557,7169,248,7417,82
2021-08-27,Orange,059,3164182,287538,283407,13331,296738,5206
2021-08-27,Placer,061,380077,31020,29157,2723,31880,320
2021-08-27,Plumas,063,18699,1038,984,17,1001,5
2021-08-27,Riverside,065,2383286,332234,325379,15456,340835,4622
2021-08-27,Sacramento,067,1510023,137132,131921,3046,134967,1838
2021-08-27,San Benito,069,59416,6717,6622,134,6756,64
2021-08-27,San Bernardino,071,2135413,327382,322893,10104,332997,5342
2021-08-27,San Diego,073,3302833,335628,330162,19451,349613,3877
2021-08-27,San Francisco,075,870044,47767,46456,1989,48445,581
2021-08-27,San Joaquin,077,732212,87837,84949,4622,89571,1524
2021-08-27,San Luis Obispo,079,281455,25849,24952,974,25926,280
2021-08-27,San Mateo,081,765935,49819,48424,722,49146,553
2021-08-27,Santa Barbara,083,443738,39739,38675,1427,40102,480
2021-08-27,Santa Clara,085,1922200,135357,132011,1005,133016,1783
2021-08-27,Santa Cruz,087,273765,18550,18163,936,19099,210
2021-08-27,Shasta,089,179085,15687,14996,2285,17281,217
2021-08-27,Sierra,091,2930,112,91,13,104,0
2021-08-27,Siskiyou,093,43540,2532,2358,724,3082,33
2021-08-27,Solano,095,438530,41588,39347,1034,40381,287
2021-08-27,Sonoma,097,501317,37518,36326,455,36781,342
2021-08-27,Stanislaus,099,539301,67304,65167,7490,72657,1061
2021-08-27,Sutter,101,95872,11960,11590,151,11741,135
2021-08-27,Tehama,103,63373,6232,5964,862,6826,71
2021-08-27,Trinity,105,12862,625,458,158,616,3
2021-08-27,Tulare,107,460477,56511,54443,11373,65816,870
2021-08-27,Tuolumne,109,53932,5502,5438,58,5496,74
2021-08-27,Ventura,111,848112,90953,89774,3948,93722,1076
2021-08-27,Yolo,113,214977,17315,16805,811,17616,231
2021-08-27,Yuba,115,75493,8272,7926,181,8107,54
2021-08-26,Alameda,001,1643700,109127,106146,2517,108663,1296
2021-08-26,Alpine,003,1148,91,92,0,92,0
2021-08-26,Amador,005,37829,4576,4442,41,4483,53
2021-08-26,Butte,007,227075,15962,15159,2666,17825,214
2021-08-26,Calaveras,009,45235,3005,2873,20,2893,59
2021-08-26,Colusa,011,21464,2290,2234,486,2720,16
2021-08-26,Contra Costa,013,1133247,89663,85808,1774,87582,866
2021-08-26,Del Norte,015,27424,2866,2625,16,2641,8
2021-08-26,El Dorado,017,186661,13592,12863,1209,14072,118
2021-08-26,Fresno,019,978130,117370,113854,10309,124163,1770
2021-08-26,Glenn,021,27897,2855,2740,746,3486,20
2021-08-26,Humboldt,023,135768,7065,6695,228,6923,53
2021-08-26,Imperial,025,180216,30458,30121,3027,33148,748
2021-08-26,Inyo,027,18085,1541,1521,13,1534,39
2021-08-26,Kern,029,883053,108756,106051,14944,120995,1380
2021-08-26,Kings,031,150075,26675,25838,1423,27261,260
2021-08-26,Lake,033,64148,5399,5196,59,5255,74
2021-08-26,Lassen,035,31185,5766,5626,155,5781,21
2021-08-26,Los Angeles,037,10098052,1349354,1334372,50069,1384441,25199
2021-08-26,Madera,039,155013,19012,18393,1359,19752,247
2021-08-26,Marin,041,260295,16273,15983,356,16339,240
2021-08-26,Mariposa,043,17540,734,677,19,696,5
2021-08-26,Mendocino,045,87422,5837,5533,202,5735,55
2021-08-26,Merced,047,269075,35546,34755,1262,36017,495
2021-08-26,Modoc,049,8938,448,433,156,589,5
2021-08-26,Mono,051,14174,1401,1385,17,1402,3
2021-08-26,Monterey,053,433212,45951,45265,2346,47611,539
2021-08-26,Napa,055,140530,11610,11394,72,11466,87
2021-08-26,Nevada,057,99092,7498,7086,245,7331,80
2021-08-26,Orange,059,3164182,287046,282814,13308,296122,5200
2021-08-26,Placer,061,380077,30852,28898,2697,31595,319
2021-08-26,Plumas,063,18699,1031,971,16,987,5
2021-08-26,Riverside,065,2383286,331442,324486,15435,339921,4615
2021-08-26,Sacramento,067,1510023,136600,130977,3004,133981,1827
2021-08-26,San Benito,069,59416,6707,6604,134,6738,64
2021-08-26,San Bernardino,071,2135413,326722,322100,10080,332180,5339
2021-08-26,San Diego,073,3302833,334599,328276,19385,347661,3869
2021-08-26,San Francisco,075,870044,47640,46288,1984,48272,581
2021-08-26,San Joaquin,077,732212,87459,84429,4599,89028,1513
2021-08-26,San Luis Obispo,079,281455,25699,24831,968,25799,278
2021-08-26,San Mateo,081,765935,49690,48263,720,48983,553
2021-08-26,Santa Barbara,083,443738,39655,38566,1426,39992,479
2021-08-26,Santa Clara,085,1922200,135031,131443,1001,132444,1782
2021-08-26,Santa Cruz,087,273765,18490,18072,934,19006,210
2021-08-26,Shasta,089,179085,15563,14891,2258,17149,217
2021-08-26,Sierra,091,2930,110,90,13,103,0
2021-08-26,Siskiyou,093,43540,2510,2342,710,3052,33
2021-08-26,Solano,095,438530,41439,39027,1026,40053,286
2021-08-26,Sonoma,097,501317,37429,36102,455,36557,337
2021-08-26,Stanislaus,099,539301,66987,64785,7450,72235,1061
2021-08-26,Sutter,101,95872,11900,11499,148,11647,135
2021-08-26,Tehama,103,63373,6174,5913,849,6762,68
2021-08-26,Trinity,105,12862,620,450,156,606,3
2021-08-26,Tulare,107,460477,56254,54157,11327,65484,870
2021-08-26,Tuolumne,109,53932,5482,5387,58,5445,74
2021-08-26,Ventura,111,848112,90767,89595,3939,93534,1080
2021-08-26,Yolo,113,214977,17248,16727,800,17527,231
2021-08-26,Yuba,115,75493,8199,7834,179,8013,54
2021-08-25,Alameda,001,1643700,108797,105636,2509,108145,1296
2021-08-25,Alpine,003,1148,91,92,0,92,0
2021-08-25,Amador,005,37829,4561,4415,41,4456,53
2021-08-25,Butte,007,227075,15856,15039,2624,17663,214
2021-08-25,Calaveras,009,45235,2983,2851,20,2871,59
2021-08-25,Colusa,011,21464,2283,2227,477,2704,16
2021-08-25,Contra Costa,013,1133247,89280,85322,1768,87090,863
2021-08-25,Del Norte,015,27424,2821,2573,16,2589,8
2021-08-25,El Dorado,017,186661,13533,12787,1193,13980,118
2021-08-25,Fresno,019,978130,116832,113384,10265,123649,1761
2021-08-25,Glenn,021,27897,2834,2728,734,3462,20
2021-08-25,Humboldt,023,135768,6996,6653,218,6871,52
2021-08-25,Imperial,025,180216,30421,30085,3020,33105,748
2021-08-25,Inyo,027,18085,1537,1518,13,1531,39
2021-08-25,Kern,029,883053,108325,105687,14788,120475,1379
2021-08-25,Kings,031,150075,26568,25676,1416,27092,258
2021-08-25,Lake,033,64148,5369,5163,56,5219,74
2021-08-25,Lassen,035,31185,5749,5583,154,5737,21
2021-08-25,Los Angeles,037,10098052,1346752,1331400,49981,1381381,25170
2021-08-25,Madera,039,155013,18948,18311,1336,19647,247
2021-08-25,Marin,041,260295,16251,15938,350,16288,240
2021-08-25,Mariposa,043,17540,728,676,19,695,5
2021-08-25,Mendocino,045,87422,5801,5486,197,5683,53
2021-08-25,Merced,047,269075,35413,34600,1257,35857,492
2021-08-25,Modoc,049,8938,448,433,156,589,5
2021-08-25,Mono,051,14174,1397,1382,17,1399,3
2021-08-25,Monterey,053,433212,45877,45196,2331,47527,539
2021-08-25,Napa,055,140530,11576,11348,71,11419,87
2021-08-25,Nevada,057,99092,7432,7000,244,7244,77
2021-08-25,Orange,059,3164182,286521,282061,13275,295336,5193
2021-08-25,Placer,061,380077,30676,28740,2664,31404,319
2021-08-25,Plumas,063,18699,1016,962,16,978,5
2021-08-25,Riverside,065,2383286,330598,323548,15413,338961,4610
2021-08-25,Sacramento,067,1510023,135919,130046,2965,133011,1827
2021-08-25,San Benito,069,59416,6686,6587,133,6720,64
2021-08-25,San Bernardino,071,2135413,326028,321228,10059,331287,5337
2021-08-25,San Diego,073,3302833,333320,327166,19310,346476,3859
2021-08-25,San Francisco,075,870044,47491,46107,1979,48086,578
2021-08-25,San Joaquin,077,732212,87074,84002,4583,88585,1510
2021-08-25,San Luis Obispo,079,281455,25507,24607,965,25572,276
2021-08-25,San Mateo,081,765935,49566,48153,716,48869,553
2021-08-25,Santa Barbara,083,443738,39525,38450,1426,39876,479
2021-08-25,Santa Clara,085,1922200,134662,130995,998,131993,1783
2021-08-25,Santa Cruz,087,273765,18429,17987,931,18918,210
2021-08-25,Shasta,089,179085,15434,14752,2226,16978,217
2021-08-25,Sierra,091,2930,107,90,13,103,0
2021-08-25,Siskiyou,093,43540,2465,2322,691,3013,33
2021-08-25,Solano,095,438530,41268,38848,1014,39862,286
2021-08-25,Sonoma,097,501317,37305,35986,452,36438,336
2021-08-25,Stanislaus,099,539301,66695,64441,7417,71858,1061
2021-08-25,Sutter,101,95872,11832,11451,144,11595,134
2021-08-25,Tehama,103,63373,6115,5861,832,6693,68
2021-08-25,Trinity,105,12862,614,450,155,605,3
2021-08-25,Tulare,107,460477,55969,53877,11257,65134,866
2021-08-25,Tuolumne,109,53932,5456,5354,58,5412,74
2021-08-25,Ventura,111,848112,90584,89379,3925,93304,1068
2021-08-25,Yolo,113,214977,17184,16667,790,17457,231
2021-08-25,Yuba,115,75493,8133,7771,178,7949,54
2021-08-24,Alameda,001,1643700,108467,105319,2499,107818,1296
2021-08-24,Alpine,003,1148,91,92,0,92,0
2021-08-24,Amador,005,37829,4542,4380,41,4421,50
2021-08-24,Butte,007,227075,15700,14964,2590,17554,214
2021-08-24,Calaveras,009,45235,2943,2811,20,2831,59
2021-08-24,Colusa,011,21464,2275,2221,473,2694,16
2021-08-24,Contra Costa,013,1133247,88918,84963,1762,86725,857
2021-08-24,Del Norte,015,27424,2794,2543,16,2559,8
2021-08-24,El Dorado,017,186661,13456,12732,1177,13909,118
2021-08-24,Fresno,019,978130,116227,113024,10205,123229,1761
2021-08-24,Glenn,021,27897,2819,2717,726,3443,20
2021-08-24,Humboldt,023,135768,6933,6585,205,6790,52
2021-08-24,Imperial,025,180216,30360,30045,3013,33058,748
2021-08-24,Inyo,027,18085,1532,1512,13,1525,39
2021-08-24,Kern,029,883053,107861,105399,14621,120020,1375
2021-08-24,Kings,031,150075,26447,25629,1401,27030,258
2021-08-24,Lake,033,64148,5334,5135,56,5191,72
2021-08-24,Lassen,035,31185,5733,5576,152,5728,21
2021-08-24,Los Angeles,037,10098052,1343891,1328777,49881,1378658,25135
2021-08-24,Madera,039,155013,18872,18251,1319,19570,247
2021-08-24,Marin,041,260295,16215,15900,346,16246,240
2021-08-24,Mariposa,043,17540,721,670,19,689,5
2021-08-24,Mendocino,045,87422,5757,5416,190,5606,52
2021-08-24,Merced,047,269075,35245,34490,1246,35736,491
2021-08-24,Modoc,049,8938,448,432,156,588,5
2021-08-24,Mono,051,14174,1395,1382,17,1399,3
2021-08-24,Monterey,053,433212,45811,45126,2314,47440,539
2021-08-24,Napa,055,140530,11543,11299,70,11369,85
2021-08-24,Nevada,057,99092,7362,6981,242,7223,77
2021-08-24,Orange,059,3164182,285922,281461,13249,294710,5187
2021-08-24,Placer,061,380077,30473,28618,2625,31243,318
2021-08-24,Plumas,063,18699,1006,953,16,969,5
2021-08-24,Riverside,065,2383286,329724,322620,15382,338002,4605
2021-08-24,Sacramento,067,1510023,135234,129542,2917,132459,1812
2021-08-24,San Benito,069,59416,6673,6576,133,6709,64
2021-08-24,San Bernardino,071,2135413,325273,320300,10029,330329,5328
2021-08-24,San Diego,073,3302833,331858,325823,19214,345037,3851
2021-08-24,San Francisco,075,870044,47316,46010,1967,47977,574
2021-08-24,San Joaquin,077,732212,86633,83684,4545,88229,1508
2021-08-24,San Luis Obispo,079,281455,25329,24443,955,25398,274
2021-08-24,San Mateo,081,765935,49417,48050,714,48764,553
2021-08-24,Santa Barbara,083,443738,39394,38307,1425,39732,478
2021-08-24,Santa Clara,085,1922200,134238,130763,994,131757,1779
2021-08-24,Santa Cruz,087,273765,18355,17928,925,18853,209
2021-08-24,Shasta,089,179085,15326,14664,2194,16858,217
2021-08-24,Sierra,091,2930,104,90,13,103,0
2021-08-24,Siskiyou,093,43540,2443,2294,676,2970,33
2021-08-24,Solano,095,438530,41059,38724,1002,39726,283
2021-08-24,Sonoma,097,501317,37176,35849,450,36299,336
2021-08-24,Stanislaus,099,539301,66335,64195,7367,71562,1058
2021-08-24,Sutter,101,95872,11765,11384,141,11525,134
2021-08-24,Tehama,103,63373,6069,5826,817,6643,67
2021-08-24,Trinity,105,12862,603,446,147,593,3
2021-08-24,Tulare,107,460477,55617,53702,11167,64869,856
2021-08-24,Tuolumne,109,53932,5425,5287,58,5345,74
2021-08-24,Ventura,111,848112,90399,89167,3914,93081,1068
2021-08-24,Yolo,113,214977,17107,16492,777,17269,231
2021-08-24,Yuba,115,75493,8050,7723,176,7899,54
2021-08-23,Alameda,001,1643700,108065,104922,2487,107409,1294
2021-08-23,Alpine,003,1148,91,91,0,91,0
2021-08-23,Amador,005,37829,4528,4369,41,4410,50
2021-08-23,Butte,007,227075,15554,14847,2555,17402,211
2021-08-23,Calaveras,009,45235,2908,2803,20,2823,59
2021-08-23,Colusa,011,21464,2271,2206,470,2676,16
2021-08-23,Contra Costa,013,1133247,88538,84651,1755,86406,857
2021-08-23,Del Norte,015,27424,2748,2499,16,2515,8
2021-08-23,El Dorado,017,186661,13353,12684,1155,13839,118
2021-08-23,Fresno,019,978130,115668,112445,10155,122600,1759
2021-08-23,Glenn,021,27897,2801,2696,719,3415,20
2021-08-23,Humboldt,023,135768,6858,6498,190,6688,52
2021-08-23,Imperial,025,180216,30309,30011,3010,33021,748
2021-08-23,Inyo,027,18085,1525,1509,13,1522,39
2021-08-23,Kern,029,883053,107406,104995,14465,119460,1375
2021-08-23,Kings,031,150075,26315,25465,1395,26860,257
2021-08-23,Lake,033,64148,5294,5099,54,5153,69
2021-08-23,Lassen,035,31185,5721,5562,152,5714,21
2021-08-23,Los Angeles,037,10098052,1340937,1326412,49756,1376168,25096
2021-08-23,Madera,039,155013,18786,18155,1304,19459,246
2021-08-23,Marin,041,260295,16167,15856,342,16198,240
2021-08-23,Mariposa,043,17540,710,645,19,664,5
2021-08-23,Mendocino,045,87422,5690,5374,183,5557,51
2021-08-23,Merced,047,269075,35062,34322,1241,35563,488
2021-08-23,Modoc,049,8938,445,431,155,586,6
2021-08-23,Mono,051,14174,1391,1384,17,1401,3
2021-08-23,Monterey,053,433212,45713,45047,2303,47350,538
2021-08-23,Napa,055,140530,11505,11257,70,11327,85
2021-08-23,Nevada,057,99092,7282,6930,240,7170,77
2021-08-23,Orange,059,3164182,285286,280891,13214,294105,5181
2021-08-23,Placer,061,380077,30273,28540,2587,31127,314
2021-08-23,Plumas,063,18699,998,934,16,950,5
2021-08-23,Riverside,065,2383286,328812,321650,15356,337006,4598
2021-08-23,Sacramento,067,1510023,134448,128969,2850,131819,1807
2021-08-23,San Benito,069,59416,6655,6562,131,6693,64
2021-08-23,San Bernardino,071,2135413,324470,319577,9990,329567,5324
2021-08-23,San Diego,073,3302833,330399,324536,19109,343645,3848
2021-08-23,San Francisco,075,870044,47162,45945,1958,47903,573
2021-08-23,San Joaquin,077,732212,86199,83466,4512,87978,1499
2021-08-23,San Luis Obispo,079,281455,25147,24317,953,25270,274
2021-08-23,San Mateo,081,765935,49279,47935,711,48646,553
2021-08-23,Santa Barbara,083,443738,39216,38181,1423,39604,478
2021-08-23,Santa Clara,085,1922200,133838,130489,990,131479,1778
2021-08-23,Santa Cruz,087,273765,18298,17871,923,18794,209
2021-08-23,Shasta,089,179085,15200,14537,2155,16692,216
2021-08-23,Sierra,091,2930,104,90,13,103,0
2021-08-23,Siskiyou,093,43540,2422,2274,655,2929,33
2021-08-23,Solano,095,438530,40906,38612,993,39605,283
2021-08-23,Sonoma,097,501317,37056,35769,449,36218,336
2021-08-23,Stanislaus,099,539301,65983,63922,7328,71250,1058
2021-08-23,Sutter,101,95872,11676,11314,133,11447,133
2021-08-23,Tehama,103,63373,6015,5805,799,6604,67
2021-08-23,Trinity,105,12862,600,435,144,579,3
2021-08-23,Tulare,107,460477,55310,53370,11095,64465,856
2021-08-23,Tuolumne,109,53932,5383,5240,58,5298,73
2021-08-23,Ventura,111,848112,90180,88960,3902,92862,1063
2021-08-23,Yolo,113,214977,17020,16445,762,17207,226
2021-08-23,Yuba,115,75493,7979,7653,174,7827,54
2021-08-22,Alameda,001,1643700,107615,104539,2454,106993,1294
2021-08-22,Alpine,003,1148,91,91,0,91,0
2021-08-22,Amador,005,37829,4498,4349,41,4390,50
2021-08-22,Butte,007,227075,15415,14791,2519,17310,211
2021-08-22,Calaveras,009,45235,2869,2771,20,2791,59
2021-08-22,Colusa,011,21464,2263,2201,464,2665,16
2021-08-22,Contra Costa,013,1133247,87995,84371,1741,86112,857
2021-08-22,Del Norte,015,27424,2688,2455,16,2471,8
2021-08-22,El Dorado,017,186661,13249,12629,1135,13764,118
2021-08-22,Fresno,019,978130,115070,112057,10086,122143,1759
2021-08-22,Glenn,021,27897,2776,2678,707,3385,20
2021-08-22,Humboldt,023,135768,6781,6483,171,6654,52
2021-08-22,Imperial,025,180216,30251,29993,3005,32998,748
2021-08-22,Inyo,027,18085,1519,1505,13,1518,39
2021-08-22,Kern,029,883053,106881,104691,14310,119001,1375
2021-08-22,Kings,031,150075,26157,25391,1378,26769,257
2021-08-22,Lake,033,64148,5248,5069,51,5120,69
2021-08-22,Lassen,035,31185,5689,5556,147,5703,21
2021-08-22,Los Angeles,037,10098052,1337635,1324151,49624,1373775,25089
2021-08-22,Madera,039,155013,18667,18120,1290,19410,246
2021-08-22,Marin,041,260295,16115,15822,334,16156,240
2021-08-22,Mariposa,043,17540,700,638,17,655,5
2021-08-22,Mendocino,045,87422,5631,5336,183,5519,51
2021-08-22,Merced,047,269075,34859,34234,1229,35463,488
2021-08-22,Modoc,049,8938,443,431,155,586,6
2021-08-22,Mono,051,14174,1389,1378,17,1395,3
2021-08-22,Monterey,053,433212,45614,45017,2289,47306,538
2021-08-22,Napa,055,140530,11460,11231,70,11301,85
2021-08-22,Nevada,057,99092,7208,6864,238,7102,77
2021-08-22,Orange,059,3164182,284596,280390,13169,293559,5181
2021-08-22,Placer,061,380077,30064,28395,2551,30946,314
2021-08-22,Plumas,063,18699,979,923,15,938,5
2021-08-22,Riverside,065,2383286,327790,320836,15307,336143,4594
2021-08-22,Sacramento,067,1510023,133673,128231,2809,131040,1802
2021-08-22,San Benito,069,59416,6638,6550,131,6681,64
2021-08-22,San Bernardino,071,2135413,323501,318839,9955,328794,5324
2021-08-22,San Diego,073,3302833,329070,323591,19004,342595,3848
2021-08-22,San Francisco,075,870044,46996,45831,1948,47779,573
2021-08-22,San Joaquin,077,732212,85742,83121,4477,87598,1498
2021-08-22,San Luis Obispo,079,281455,24941,24250,946,25196,274
2021-08-22,San Mateo,081,765935,49103,47821,706,48527,553
2021-08-22,Santa Barbara,083,443738,39032,38099,1415,39514,478
2021-08-22,Santa Clara,085,1922200,133421,130189,983,131172,1778
2021-08-22,Santa Cruz,087,273765,18237,17823,918,18741,209
2021-08-22,Shasta,089,179085,15062,14478,2119,16597,216
2021-08-22,Sierra,091,2930,104,87,13,100,0
2021-08-22,Siskiyou,093,43540,2393,2261,637,2898,33
2021-08-22,Solano,095,438530,40707,38489,979,39468,283
2021-08-22,Sonoma,097,501317,36900,35676,446,36122,336
2021-08-22,Stanislaus,099,539301,65617,63683,7238,70921,1058
2021-08-22,Sutter,101,95872,11594,11251,129,11380,133
2021-08-22,Tehama,103,63373,5969,5791,780,6571,67
2021-08-22,Trinity,105,12862,593,433,142,575,3
2021-08-22,Tulare,107,460477,54990,53220,11011,64231,856
2021-08-22,Tuolumne,109,53932,5340,5214,58,5272,73
2021-08-22,Ventura,111,848112,89971,88791,3885,92676,1063
2021-08-22,Yolo,113,214977,16918,16374,753,17127,226
2021-08-22,Yuba,115,75493,7905,7626,173,7799,54
2021-08-21,Alameda,001,1643700,107412,104281,2447,106728,1294
2021-08-21,Alpine,003,1148,91,91,0,91,0
2021-08-21,Amador,005,37829,4488,4338,39,4377,50
2021-08-21,Butte,007,227075,15347,14714,2498,17212,211
2021-08-21,Calaveras,009,45235,2856,2744,20,2764,59
2021-08-21,Colusa,011,21464,2257,2192,460,2652,16
2021-08-21,Contra Costa,013,1133247,87737,84136,1735,85871,857
2021-08-21,Del Norte,015,27424,2665,2409,16,2425,8
2021-08-21,El Dorado,017,186661,13205,12590,1131,13721,118
2021-08-21,Fresno,019,978130,114874,111765,10073,121838,1759
2021-08-21,Glenn,021,27897,2766,2654,700,3354,20
2021-08-21,Humboldt,023,135768,6743,6446,165,6611,52
2021-08-21,Imperial,025,180216,30208,29976,3002,32978,748
2021-08-21,Inyo,027,18085,1516,1500,13,1513,39
2021-08-21,Kern,029,883053,106625,104443,14185,118628,1375
2021-08-21,Kings,031,150075,26086,25313,1373,26686,257
2021-08-21,Lake,033,64148,5228,5055,49,5104,69
2021-08-21,Lassen,035,31185,5675,5553,147,5700,21
2021-08-21,Los Angeles,037,10098052,1336342,1321308,49533,1370841,25080
2021-08-21,Madera,039,155013,18629,18067,1284,19351,246
2021-08-21,Marin,041,260295,16081,15775,332,16107,240
2021-08-21,Mariposa,043,17540,690,634,17,651,5
2021-08-21,Mendocino,045,87422,5585,5307,182,5489,51
2021-08-21,Merced,047,269075,34754,34148,1224,35372,488
2021-08-21,Modoc,049,8938,443,430,155,585,6
2021-08-21,Mono,051,14174,1389,1378,17,1395,3
2021-08-21,Monterey,053,433212,45567,44969,2282,47251,538
2021-08-21,Napa,055,140530,11425,11211,70,11281,85
2021-08-21,Nevada,057,99092,7164,6810,237,7047,77
2021-08-21,Orange,059,3164182,284145,279855,13135,292990,5181
2021-08-21,Placer,061,380077,29926,28289,2526,30815,314
2021-08-21,Plumas,063,18699,975,916,14,930,5
2021-08-21,Riverside,065,2383286,327209,320086,15294,335380,4594
2021-08-21,Sacramento,067,1510023,133178,127751,2797,130548,1809
2021-08-21,San Benito,069,59416,6628,6542,130,6672,64
2021-08-21,San Bernardino,071,2135413,323050,318293,9934,328227,5324
2021-08-21,San Diego,073,3302833,328404,322620,18964,341584,3848
2021-08-21,San Francisco,075,870044,46894,45637,1941,47578,573
2021-08-21,San Joaquin,077,732212,85525,82825,4462,87287,1498
2021-08-21,San Luis Obispo,079,281455,24883,24169,946,25115,273
2021-08-21,San Mateo,081,765935,49006,47685,706,48391,553
2021-08-21,Santa Barbara,083,443738,38950,37951,1411,39362,478
2021-08-21,Santa Clara,085,1922200,133156,129911,979,130890,1778
2021-08-21,Santa Cruz,087,273765,18200,17763,913,18676,209
2021-08-21,Shasta,089,179085,14988,14417,2105,16522,217
2021-08-21,Sierra,091,2930,99,85,13,98,0
2021-08-21,Siskiyou,093,43540,2379,2246,626,2872,33
2021-08-21,Solano,095,438530,40596,38423,969,39392,281
2021-08-21,Sonoma,097,501317,36813,35582,445,36027,336
2021-08-21,Stanislaus,099,539301,65425,63512,7220,70732,1058
2021-08-21,Sutter,101,95872,11549,11204,127,11331,133
2021-08-21,Tehama,103,63373,5944,5757,773,6530,67
2021-08-21,Trinity,105,12862,588,431,140,571,3
2021-08-21,Tulare,107,460477,54847,53045,10967,64012,857
2021-08-21,Tuolumne,109,53932,5309,5193,58,5251,73
2021-08-21,Ventura,111,848112,89827,88558,3870,92428,1063
2021-08-21,Yolo,113,214977,16871,16322,747,17069,226
2021-08-21,Yuba,115,75493,7859,7580,172,7752,54
2021-08-20,Alameda,001,1643700,107167,103812,2439,106251,1294
2021-08-20,Alpine,003,1148,91,91,0,91,0
2021-08-20,Amador,005,37829,4462,4323,39,4362,50
2021-08-20,Butte,007,227075,15275,14617,2476,17093,211
2021-08-20,Calaveras,009,45235,2841,2717,20,2737,59
2021-08-20,Colusa,011,21464,2252,2178,458,2636,16
2021-08-20,Contra Costa,013,1133247,87460,83721,1728,85449,857
2021-08-20,Del Norte,015,27424,2633,2316,16,2332,8
2021-08-20,El Dorado,017,186661,13167,12495,1123,13618,118
2021-08-20,Fresno,019,978130,114521,111315,10041,121356,1759
2021-08-20,Glenn,021,27897,2759,2642,693,3335,20
2021-08-20,Humboldt,023,135768,6692,6349,160,6509,52
2021-08-20,Imperial,025,180216,30185,29934,3002,32936,747
2021-08-20,Inyo,027,18085,1510,1495,13,1508,39
2021-08-20,Kern,029,883053,106341,104048,14057,118105,1373
2021-08-20,Kings,031,150075,26020,25241,1371,26612,256
2021-08-20,Lake,033,64148,5213,5024,46,5070,69
2021-08-20,Lassen,035,31185,5655,5539,147,5686,21
2021-08-20,Los Angeles,037,10098052,1334470,1317541,49434,1366975,25049
2021-08-20,Madera,039,155013,18580,18018,1269,19287,246
2021-08-20,Marin,041,260295,16063,15727,328,16055,240
2021-08-20,Mariposa,043,17540,685,630,17,647,5
2021-08-20,Mendocino,045,87422,5539,5241,181,5422,51
2021-08-20,Merced,047,269075,34689,34035,1216,35251,486
2021-08-20,Modoc,049,8938,443,429,155,584,6
2021-08-20,Mono,051,14174,1388,1368,17,1385,3
2021-08-20,Monterey,053,433212,45529,44890,2275,47165,538
2021-08-20,Napa,055,140530,11393,11152,70,11222,83
2021-08-20,Nevada,057,99092,7122,6753,231,6984,77
2021-08-20,Orange,059,3164182,283701,279193,13114,292307,5179
2021-08-20,Placer,061,380077,29831,28156,2497,30653,313
2021-08-20,Plumas,063,18699,966,908,14,922,5
2021-08-20,Riverside,065,2383286,326513,319072,15263,334335,4594
2021-08-20,Sacramento,067,1510023,132703,127226,2780,130006,1797
2021-08-20,San Benito,069,59416,6614,6508,130,6638,64
2021-08-20,San Bernardino,071,2135413,322437,317372,9905,327277,5322
2021-08-20,San Diego,073,3302833,327497,321102,18895,339997,3846
2021-08-20,San Francisco,075,870044,46797,45432,1926,47358,573
2021-08-20,San Joaquin,077,732212,85295,82419,4444,86863,1496
2021-08-20,San Luis Obispo,079,281455,24805,23986,942,24928,273
2021-08-20,San Mateo,081,765935,48892,47561,703,48264,551
2021-08-20,Santa Barbara,083,443738,38866,37794,1406,39200,477
2021-08-20,Santa Clara,085,1922200,132873,129510,974,130484,1774
2021-08-20,Santa Cruz,087,273765,18160,17701,910,18611,209
2021-08-20,Shasta,089,179085,14909,14277,2086,16363,215
2021-08-20,Sierra,091,2930,97,83,13,96,0
2021-08-20,Siskiyou,093,43540,2363,2226,621,2847,33
2021-08-20,Solano,095,438530,40456,38214,958,39172,277
2021-08-20,Sonoma,097,501317,36744,35416,444,35860,336
2021-08-20,Stanislaus,099,539301,65223,63219,7197,70416,1047
2021-08-20,Sutter,101,95872,11493,11136,126,11262,133
2021-08-20,Tehama,103,63373,5928,5730,761,6491,66
2021-08-20,Trinity,105,12862,588,422,139,561,3
2021-08-20,Tulare,107,460477,54715,52855,10924,63779,856
2021-08-20,Tuolumne,109,53932,5285,5153,57,5210,73
2021-08-20,Ventura,111,848112,89661,88285,3867,92152,1061
2021-08-20,Yolo,113,214977,16817,16236,741,16977,225
2021-08-20,Yuba,115,75493,7818,7523,172,7695,54
2021-08-19,Alameda,001,1643700,106717,103276,2416,105692,1294
2021-08-19,Alpine,003,1148,91,91,0,91,0
2021-08-19,Amador,005,37829,4455,4317,39,4356,50
2021-08-19,Butte,007,227075,15140,14518,2447,16965,211
2021-08-19,Calaveras,009,45235,2822,2673,20,2693,59
2021-08-19,Colusa,011,21464,2243,2167,454,2621,16
2021-08-19,Contra Costa,013,1133247,87019,83296,1714,85010,852
2021-08-19,Del Norte,015,27424,2583,2257,16,2273,8
2021-08-19,El Dorado,017,186661,13082,12410,1103,13513,118
2021-08-19,Fresno,019,978130,114083,110947,9992,120939,1759
2021-08-19,Glenn,021,27897,2740,2629,686,3315,20
2021-08-19,Humboldt,023,135768,6630,6246,154,6400,52
2021-08-19,Imperial,025,180216,30139,29865,2997,32862,747
2021-08-19,Inyo,027,18085,1503,1494,13,1507,39
2021-08-19,Kern,029,883053,105945,103731,13917,117648,1371
2021-08-19,Kings,031,150075,25889,25128,1359,26487,256
2021-08-19,Lake,033,64148,5183,4991,42,5033,69
2021-08-19,Lassen,035,31185,5637,5520,146,5666,21
2021-08-19,Los Angeles,037,10098052,1331492,1314453,49294,1363747,25020
2021-08-19,Madera,039,155013,18518,17947,1254,19201,246
2021-08-19,Marin,041,260295,16030,15672,325,15997,240
2021-08-19,Mariposa,043,17540,670,618,17,635,5
2021-08-19,Mendocino,045,87422,5506,5167,178,5345,51
2021-08-19,Merced,047,269075,34554,33851,1202,35053,486
2021-08-19,Modoc,049,8938,443,427,155,582,6
2021-08-19,Mono,051,14174,1384,1349,17,1366,3
2021-08-19,Monterey,053,433212,45456,44821,2265,47086,538
2021-08-19,Napa,055,140530,11341,11104,70,11174,83
2021-08-19,Nevada,057,99092,7058,6695,229,6924,77
2021-08-19,Orange,059,3164182,283065,278562,13063,291625,5172
2021-08-19,Placer,061,380077,29651,27953,2479,30432,313
2021-08-19,Plumas,063,18699,953,896,14,910,5
2021-08-19,Riverside,065,2383286,325485,318056,15234,333290,4589
2021-08-19,Sacramento,067,1510023,131999,126720,2744,129464,1801
2021-08-19,San Benito,069,59416,6596,6493,128,6621,64
2021-08-19,San Bernardino,071,2135413,321616,316398,9882,326280,5318
2021-08-19,San Diego,073,3302833,326233,319582,18805,338387,3839
2021-08-19,San Francisco,075,870044,46634,45220,1912,47132,571
2021-08-19,San Joaquin,077,732212,84850,82047,4395,86442,1491
2021-08-19,San Luis Obispo,079,281455,24665,23878,935,24813,271
2021-08-19,San Mateo,081,765935,48757,47431,701,48132,551
2021-08-19,Santa Barbara,083,443738,38721,37693,1403,39096,477
2021-08-19,Santa Clara,085,1922200,132483,129133,967,130100,1774
2021-08-19,Santa Cruz,087,273765,18098,17644,903,18547,209
2021-08-19,Shasta,089,179085,14785,14200,2063,16263,214
2021-08-19,Sierra,091,2930,93,83,13,96,0
2021-08-19,Siskiyou,093,43540,2348,2218,609,2827,33
2021-08-19,Solano,095,438530,40298,38025,946,38971,273
2021-08-19,Sonoma,097,501317,36656,35233,443,35676,336
2021-08-19,Stanislaus,099,539301,64863,62928,7153,70081,1047
2021-08-19,Sutter,101,95872,11409,11057,125,11182,133
2021-08-19,Tehama,103,63373,5892,5683,734,6417,66
2021-08-19,Trinity,105,12862,584,414,137,551,3
2021-08-19,Tulare,107,460477,54484,52685,10860,63545,856
2021-08-19,Tuolumne,109,53932,5249,5112,56,5168,64
2021-08-19,Ventura,111,848112,89458,88073,3852,91925,1060
2021-08-19,Yolo,113,214977,16731,16153,733,16886,225
2021-08-19,Yuba,115,75493,7765,7458,171,7629,51
2021-08-18,Alameda,001,1643700,106303,102696,2394,105090,1294
2021-08-18,Alpine,003,1148,90,91,0,91,0
2021-08-18,Amador,005,37829,4438,4279,38,4317,50
2021-08-18,Butte,007,227075,15030,14426,2421,16847,208
2021-08-18,Calaveras,009,45235,2780,2643,19,2662,59
2021-08-18,Colusa,011,21464,2235,2160,450,2610,16
2021-08-18,Contra Costa,013,1133247,86523,82767,1708,84475,851
2021-08-18,Del Norte,015,27424,2526,2219,16,2235,8
2021-08-18,El Dorado,017,186661,12992,12306,1089,13395,118
2021-08-18,Fresno,019,978130,113630,110523,9936,120459,1759
2021-08-18,Glenn,021,27897,2710,2623,679,3302,20
2021-08-18,Humboldt,023,135768,6558,6195,149,6344,52
2021-08-18,Imperial,025,180216,30106,29821,2995,32816,746
2021-08-18,Inyo,027,18085,1500,1494,13,1507,39
2021-08-18,Kern,029,883053,105598,103440,13822,117262,1370
2021-08-18,Kings,031,150075,25780,24984,1352,26336,256
2021-08-18,Lake,033,64148,5142,4957,41,4998,69
2021-08-18,Lassen,035,31185,5618,5506,145,5651,21
2021-08-18,Los Angeles,037,10098052,1328344,1311477,49162,1360639,24984
2021-08-18,Madera,039,155013,18458,17871,1241,19112,246
2021-08-18,Marin,041,260295,15992,15610,322,15932,240
2021-08-18,Mariposa,043,17540,657,615,16,631,5
2021-08-18,Mendocino,045,87422,5455,5129,175,5304,51
2021-08-18,Merced,047,269075,34389,33708,1191,34899,484
2021-08-18,Modoc,049,8938,443,427,154,581,6
2021-08-18,Mono,051,14174,1381,1344,17,1361,3
2021-08-18,Monterey,053,433212,45372,44735,2249,46984,532
2021-08-18,Napa,055,140530,11302,11060,69,11129,83
2021-08-18,Nevada,057,99092,6992,6633,229,6862,76
2021-08-18,Orange,059,3164182,282427,277795,13007,290802,5168
2021-08-18,Placer,061,380077,29425,27741,2451,30192,312
2021-08-18,Plumas,063,18699,944,874,14,888,5
2021-08-18,Riverside,065,2383286,324485,317107,15200,332307,4585
2021-08-18,Sacramento,067,1510023,131239,125599,2713,128312,1781
2021-08-18,San Benito,069,59416,6585,6481,127,6608,64
2021-08-18,San Bernardino,071,2135413,320815,315477,9863,325340,5304
2021-08-18,San Diego,073,3302833,324888,318152,18740,336892,3834
2021-08-18,San Francisco,075,870044,46431,44957,1902,46859,568
2021-08-18,San Joaquin,077,732212,84397,81601,4365,85966,1491
2021-08-18,San Luis Obispo,079,281455,24514,23726,924,24650,270
2021-08-18,San Mateo,081,765935,48591,47255,700,47955,551
2021-08-18,Santa Barbara,083,443738,38589,37599,1397,38996,475
2021-08-18,Santa Clara,085,1922200,132119,128563,964,129527,1773
2021-08-18,Santa Cruz,087,273765,18043,17566,899,18465,209
2021-08-18,Shasta,089,179085,14686,14087,2044,16131,213
2021-08-18,Sierra,091,2930,92,83,13,96,0
2021-08-18,Siskiyou,093,43540,2319,2204,597,2801,33
2021-08-18,Solano,095,438530,40092,37812,931,38743,271
2021-08-18,Sonoma,097,501317,36513,35063,442,35505,333
2021-08-18,Stanislaus,099,539301,64513,62613,7110,69723,1047
2021-08-18,Sutter,101,95872,11337,11004,120,11124,130
2021-08-18,Tehama,103,63373,5857,5653,724,6377,66
2021-08-18,Trinity,105,12862,577,409,134,543,3
2021-08-18,Tulare,107,460477,54244,52486,10791,63277,856
2021-08-18,Tuolumne,109,53932,5213,5081,54,5135,64
2021-08-18,Ventura,111,848112,89226,87835,3842,91677,1055
2021-08-18,Yolo,113,214977,16648,16047,714,16761,225
2021-08-18,Yuba,115,75493,7700,7391,171,7562,51
2021-08-17,Alameda,001,1643700,105888,102379,2378,104757,1290
2021-08-17,Alpine,003,1148,90,91,0,91,0
2021-08-17,Amador,005,37829,4409,4266,38,4304,50
2021-08-17,Butte,007,227075,14923,14357,2387,16744,206
2021-08-17,Calaveras,009,45235,2739,2624,19,2643,59
2021-08-17,Colusa,011,21464,2226,2156,446,2602,16
2021-08-17,Contra Costa,013,1133247,86075,82482,1697,84179,848
2021-08-17,Del Norte,015,27424,2472,2188,16,2204,8
2021-08-17,El Dorado,017,186661,12904,12242,1075,13317,118
2021-08-17,Fresno,019,978130,113149,110263,9875,120138,1755
2021-08-17,Glenn,021,27897,2696,2608,672,3280,20
2021-08-17,Humboldt,023,135768,6480,6155,147,6302,52
2021-08-17,Imperial,025,180216,30055,29768,2991,32759,746
2021-08-17,Inyo,027,18085,1497,1492,13,1505,39
2021-08-17,Kern,029,883053,105203,103048,13698,116746,1367
2021-08-17,Kings,031,150075,25673,24930,1341,26271,254
2021-08-17,Lake,033,64148,5099,4930,35,4965,68
2021-08-17,Lassen,035,31185,5601,5499,143,5642,21
2021-08-17,Los Angeles,037,10098052,1324799,1307999,49030,1357029,24952
2021-08-17,Madera,039,155013,18384,17838,1221,19059,246
2021-08-17,Marin,041,260295,15937,15570,322,15892,240
2021-08-17,Mariposa,043,17540,649,609,15,624,5
2021-08-17,Mendocino,045,87422,5400,5097,175,5272,51
2021-08-17,Merced,047,269075,34238,33508,1178,34686,482
2021-08-17,Modoc,049,8938,440,424,152,576,6
2021-08-17,Mono,051,14174,1376,1341,17,1358,3
2021-08-17,Monterey,053,433212,45289,44672,2239,46911,528
2021-08-17,Napa,055,140530,11261,11007,68,11075,83
2021-08-17,Nevada,057,99092,6917,6605,227,6832,75
2021-08-17,Orange,059,3164182,281779,277121,12971,290092,5164
2021-08-17,Placer,061,380077,29210,27634,2422,30056,312
2021-08-17,Plumas,063,18699,932,860,14,874,5
2021-08-17,Riverside,065,2383286,323473,316051,15157,331208,4582
2021-08-17,Sacramento,067,1510023,130446,125151,2670,127821,1774
2021-08-17,San Benito,069,59416,6566,6470,127,6597,64
2021-08-17,San Bernardino,071,2135413,319879,314402,9823,324225,5302
2021-08-17,San Diego,073,3302833,323272,317058,18644,335702,3824
2021-08-17,San Francisco,075,870044,46231,44820,1896,46716,567
2021-08-17,San Joaquin,077,732212,83928,81300,4333,85633,1489
2021-08-17,San Luis Obispo,079,281455,24357,23556,921,24477,268
2021-08-17,San Mateo,081,765935,48433,47127,695,47822,551
2021-08-17,Santa Barbara,083,443738,38432,37478,1389,38867,475
2021-08-17,Santa Clara,085,1922200,131717,128354,959,129313,1773
2021-08-17,Santa Cruz,087,273765,17957,17528,898,18426,209
2021-08-17,Shasta,089,179085,14555,14012,2025,16037,214
2021-08-17,Sierra,091,2930,91,82,13,95,0
2021-08-17,Siskiyou,093,43540,2303,2183,584,2767,33
2021-08-17,Solano,095,438530,39863,37662,918,38580,269
2021-08-17,Sonoma,097,501317,36364,34943,438,35381,333
2021-08-17,Stanislaus,099,539301,64161,62385,7050,69435,1047
2021-08-17,Sutter,101,95872,11265,10973,120,11093,130
2021-08-17,Tehama,103,63373,5823,5612,702,6314,66
2021-08-17,Trinity,105,12862,572,406,131,537,3
2021-08-17,Tulare,107,460477,53976,52362,10723,63085,856
2021-08-17,Tuolumne,109,53932,5170,5042,53,5095,64
2021-08-17,Ventura,111,848112,88988,87601,3821,91422,1053
2021-08-17,Yolo,113,214977,16559,15975,700,16675,225
2021-08-17,Yuba,115,75493,7629,7355,171,7526,51
2021-08-16,Alameda,001,1643700,105388,102052,2366,104418,1287
2021-08-16,Alpine,003,1148,90,91,0,91,0
2021-08-16,Amador,005,37829,4399,4235,38,4273,50
2021-08-16,Butte,007,227075,14805,14283,2353,16636,206
2021-08-16,Calaveras,009,45235,2681,2609,18,2627,57
2021-08-16,Colusa,011,21464,2215,2147,442,2589,16
2021-08-16,Contra Costa,013,1133247,85532,82070,1687,83757,848
2021-08-16,Del Norte,015,27424,2395,2125,16,2141,8
2021-08-16,El Dorado,017,186661,12802,12139,1062,13201,118
2021-08-16,Fresno,019,978130,112649,109623,9828,119451,1753
2021-08-16,Glenn,021,27897,2677,2593,666,3259,20
2021-08-16,Humboldt,023,135768,6409,6064,125,6189,52
2021-08-16,Imperial,025,180216,30015,29737,2975,32712,746
2021-08-16,Inyo,027,18085,1494,1490,13,1503,39
2021-08-16,Kern,029,883053,104828,102690,13582,116272,1367
2021-08-16,Kings,031,150075,25572,24817,1331,26148,254
2021-08-16,Lake,033,64148,5072,4898,34,4932,68
2021-08-16,Lassen,035,31185,5585,5481,135,5616,21
2021-08-16,Los Angeles,037,10098052,1321419,1305330,48884,1354214,24923
2021-08-16,Madera,039,155013,18309,17756,1200,18956,246
2021-08-16,Marin,041,260295,15878,15497,320,15817,239
2021-08-16,Mariposa,043,17540,632,597,15,612,5
2021-08-16,Mendocino,045,87422,5344,5037,173,5210,49
2021-08-16,Merced,047,269075,34037,33364,1166,34530,481
2021-08-16,Modoc,049,8938,438,421,151,572,5
2021-08-16,Mono,051,14174,1371,1339,17,1356,3
2021-08-16,Monterey,053,433212,45210,44595,2227,46822,527
2021-08-16,Napa,055,140530,11232,10946,68,11014,83
2021-08-16,Nevada,057,99092,6861,6535,226,6761,74
2021-08-16,Orange,059,3164182,280985,275985,12926,288911,5161
2021-08-16,Placer,061,380077,29027,27384,2389,29773,306
2021-08-16,Plumas,063,18699,921,851,14,865,5
2021-08-16,Riverside,065,2383286,322383,314774,15120,329894,4582
2021-08-16,Sacramento,067,1510023,129636,124554,2627,127181,1762
2021-08-16,San Benito,069,59416,6542,6452,127,6579,64
2021-08-16,San Bernardino,071,2135413,318916,313617,9796,323413,5301
2021-08-16,San Diego,073,3302833,321666,315348,18509,333857,3824
2021-08-16,San Francisco,075,870044,46028,44681,1887,46568,567
2021-08-16,San Joaquin,077,732212,83425,81087,4306,85393,1488
2021-08-16,San Luis Obispo,079,281455,24207,23452,913,24365,265
2021-08-16,San Mateo,081,765935,48251,47024,688,47712,548
2021-08-16,Santa Barbara,083,443738,38262,37358,1384,38742,475
2021-08-16,Santa Clara,085,1922200,131252,127978,955,128933,1773
2021-08-16,Santa Cruz,087,273765,17895,17491,892,18383,209
2021-08-16,Shasta,089,179085,14464,13862,2008,15870,211
2021-08-16,Sierra,091,2930,88,82,13,95,0
2021-08-16,Siskiyou,093,43540,2286,2169,564,2733,33
2021-08-16,Solano,095,438530,39582,37436,904,38340,263
2021-08-16,Sonoma,097,501317,36194,34844,436,35280,333
2021-08-16,Stanislaus,099,539301,63798,62033,6999,69032,1039
2021-08-16,Sutter,101,95872,11196,10902,119,11021,130
2021-08-16,Tehama,103,63373,5760,5565,697,6262,66
2021-08-16,Trinity,105,12862,566,400,130,530,3
2021-08-16,Tulare,107,460477,53732,52162,10653,62815,856
2021-08-16,Tuolumne,109,53932,5131,4984,52,5036,64
2021-08-16,Ventura,111,848112,88743,86954,3803,90757,1052
2021-08-16,Yolo,113,214977,16458,15922,692,16614,225
2021-08-16,Yuba,115,75493,7545,7314,170,7484,51
2021-08-15,Alameda,001,1643700,104893,101660,2349,104009,1287
2021-08-15,Alpine,003,1148,90,91,0,91,0
2021-08-15,Amador,005,37829,4371,4231,38,4269,49
2021-08-15,Butte,007,227075,14680,14263,2329,16592,206
2021-08-15,Calaveras,009,45235,2634,2599,18,2617,57
2021-08-15,Colusa,011,21464,2203,2140,432,2572,16
2021-08-15,Contra Costa,013,1133247,85049,81781,1672,83453,848
2021-08-15,Del Norte,015,27424,2328,2060,16,2076,8
2021-08-15,El Dorado,017,186661,12667,12057,1045,13102,118
2021-08-15,Fresno,019,978130,112177,109382,9765,119147,1753
2021-08-15,Glenn,021,27897,2653,2592,654,3246,20
2021-08-15,Humboldt,023,135768,6335,6024,119,6143,52
2021-08-15,Imperial,025,180216,29949,29711,2971,32682,746
2021-08-15,Inyo,027,18085,1493,1489,13,1502,39
2021-08-15,Kern,029,883053,104384,102524,13469,115993,1367
2021-08-15,Kings,031,150075,25427,24736,1321,26057,254
2021-08-15,Lake,033,64148,5013,4886,33,4919,68
2021-08-15,Lassen,035,31185,5568,5482,134,5616,21
2021-08-15,Los Angeles,037,10098052,1317888,1302882,48711,1351593,24918
2021-08-15,Madera,039,155013,18221,17714,1184,18898,246
2021-08-15,Marin,041,260295,15819,15461,318,15779,239
2021-08-15,Mariposa,043,17540,625,591,14,605,5
2021-08-15,Mendocino,045,87422,5288,5022,167,5189,49
2021-08-15,Merced,047,269075,33793,33305,1155,34460,481
2021-08-15,Modoc,049,8938,436,421,151,572,5
2021-08-15,Mono,051,14174,1367,1334,17,1351,3
2021-08-15,Monterey,053,433212,45088,44567,2205,46772,527
2021-08-15,Napa,055,140530,11177,10919,68,10987,83
2021-08-15,Nevada,057,99092,6777,6486,226,6712,74
2021-08-15,Orange,059,3164182,280214,275447,12885,288332,5161
2021-08-15,Placer,061,380077,28805,27220,2341,29561,306
2021-08-15,Plumas,063,18699,909,850,14,864,5
2021-08-15,Riverside,065,2383286,321244,314133,15092,329225,4582
2021-08-15,Sacramento,067,1510023,128821,123924,2595,126519,1761
2021-08-15,San Benito,069,59416,6524,6446,126,6572,64
2021-08-15,San Bernardino,071,2135413,317842,313120,9764,322884,5301
2021-08-15,San Diego,073,3302833,320182,314247,18394,332641,3824
2021-08-15,San Francisco,075,870044,45802,44531,1870,46401,567
2021-08-15,San Joaquin,077,732212,82936,80832,4266,85098,1488
2021-08-15,San Luis Obispo,079,281455,24010,23404,903,24307,265
2021-08-15,San Mateo,081,765935,48064,46897,682,47579,548
2021-08-15,Santa Barbara,083,443738,38091,37276,1377,38653,475
2021-08-15,Santa Clara,085,1922200,130819,127715,949,128664,1773
2021-08-15,Santa Cruz,087,273765,17825,17440,885,18325,209
2021-08-15,Shasta,089,179085,14361,13835,1983,15818,211
2021-08-15,Sierra,091,2930,87,82,12,94,0
2021-08-15,Siskiyou,093,43540,2265,2169,550,2719,33
2021-08-15,Solano,095,438530,39327,37320,893,38213,263
2021-08-15,Sonoma,097,501317,35998,34706,428,35134,333
2021-08-15,Stanislaus,099,539301,63408,61795,6921,68716,1039
2021-08-15,Sutter,101,95872,11105,10863,119,10982,130
2021-08-15,Tehama,103,63373,5711,5550,691,6241,66
2021-08-15,Trinity,105,12862,562,400,129,529,3
2021-08-15,Tulare,107,460477,53475,52046,10593,62639,856
2021-08-15,Tuolumne,109,53932,5093,4934,50,4984,64
2021-08-15,Ventura,111,848112,88438,86797,3789,90586,1052
2021-08-15,Yolo,113,214977,16362,15873,682,16555,225
2021-08-15,Yuba,115,75493,7468,7265,169,7434,51
2021-08-14,Alameda,001,1643700,104674,101305,2345,103650,1287
2021-08-14,Alpine,003,1148,90,91,0,91,0
2021-08-14,Amador,005,37829,4353,4206,38,4244,49
2021-08-14,Butte,007,227075,14643,14192,2313,16505,206
2021-08-14,Calaveras,009,45235,2629,2579,18,2597,57
2021-08-14,Colusa,011,21464,2192,2134,428,2562,16
2021-08-14,Contra Costa,013,1133247,84800,81458,1664,83122,848
2021-08-14,Del Norte,015,27424,2301,2015,16,2031,8
2021-08-14,El Dorado,017,186661,12631,12019,1037,13056,118
2021-08-14,Fresno,019,978130,112019,109056,9735,118791,1753
2021-08-14,Glenn,021,27897,2642,2583,652,3235,20
2021-08-14,Humboldt,023,135768,6281,5998,115,6113,52
2021-08-14,Imperial,025,180216,29922,29671,2971,32642,746
2021-08-14,Inyo,027,18085,1491,1487,13,1500,39
2021-08-14,Kern,029,883053,104189,102306,13373,115679,1367
2021-08-14,Kings,031,150075,25329,24647,1312,25959,254
2021-08-14,Lake,033,64148,4996,4850,32,4882,68
2021-08-14,Lassen,035,31185,5561,5475,133,5608,21
2021-08-14,Los Angeles,037,10098052,1316116,1299346,48572,1347918,24911
2021-08-14,Madera,039,155013,18174,17691,1179,18870,246
2021-08-14,Marin,041,260295,15785,15441,318,15759,239
2021-08-14,Mariposa,043,17540,621,584,14,598,5
2021-08-14,Mendocino,045,87422,5252,4977,164,5141,49
2021-08-14,Merced,047,269075,33729,33234,1149,34383,481
2021-08-14,Modoc,049,8938,436,421,151,572,5
2021-08-14,Mono,051,14174,1362,1332,17,1349,3
2021-08-14,Monterey,053,433212,45044,44514,2202,46716,527
2021-08-14,Napa,055,140530,11147,10878,67,10945,83
2021-08-14,Nevada,057,99092,6742,6419,225,6644,74
2021-08-14,Orange,059,3164182,279780,274732,12857,287589,5161
2021-08-14,Placer,061,380077,28659,27115,2317,29432,306
2021-08-14,Plumas,063,18699,899,849,14,863,5
2021-08-14,Riverside,065,2383286,320529,313264,15071,328335,4582
2021-08-14,Sacramento,067,1510023,128327,123438,2577,126015,1758
2021-08-14,San Benito,069,59416,6511,6428,126,6554,64
2021-08-14,San Bernardino,071,2135413,317294,312142,9743,321885,5301
2021-08-14,San Diego,073,3302833,319512,313589,18326,331915,3824
2021-08-14,San Francisco,075,870044,45673,44353,1851,46204,567
2021-08-14,San Joaquin,077,732212,82720,80585,4251,84836,1488
2021-08-14,San Luis Obispo,079,281455,23949,23328,900,24228,265
2021-08-14,San Mateo,081,765935,47945,46792,678,47470,548
2021-08-14,Santa Barbara,083,443738,37996,37118,1374,38492,475
2021-08-14,Santa Clara,085,1922200,130540,127432,946,128378,1772
2021-08-14,Santa Cruz,087,273765,17786,17384,884,18268,209
2021-08-14,Shasta,089,179085,14286,13813,1962,15775,211
2021-08-14,Sierra,091,2930,86,81,12,93,0
2021-08-14,Siskiyou,093,43540,2255,2160,540,2700,33
2021-08-14,Solano,095,438530,39240,37237,881,38118,263
2021-08-14,Sonoma,097,501317,35875,34606,426,35032,333
2021-08-14,Stanislaus,099,539301,63218,61564,6876,68440,1039
2021-08-14,Sutter,101,95872,11060,10808,118,10926,130
2021-08-14,Tehama,103,63373,5687,5530,687,6217,66
2021-08-14,Trinity,105,12862,556,399,129,528,3
2021-08-14,Tulare,107,460477,53339,51951,10547,62498,856
2021-08-14,Tuolumne,109,53932,5058,4924,50,4974,64
2021-08-14,Ventura,111,848112,88281,86569,3769,90338,1052
2021-08-14,Yolo,113,214977,16317,15815,672,16487,225
2021-08-14,Yuba,115,75493,7419,7223,169,7392,51
2021-08-13,Alameda,001,1643700,104375,100930,2337,103267,1284
2021-08-13,Alpine,003,1148,90,91,0,91,0
2021-08-13,Amador,005,37829,4325,4169,38,4207,49
2021-08-13,Butte,007,227075,14572,14100,2297,16397,206
2021-08-13,Calaveras,009,45235,2619,2564,18,2582,57
2021-08-13,Colusa,011,21464,2185,2123,423,2546,16
2021-08-13,Contra Costa,013,1133247,84487,81046,1656,82702,848
2021-08-13,Del Norte,015,27424,2260,1973,16,1989,8
2021-08-13,El Dorado,017,186661,12592,11951,1025,12976,118
2021-08-13,Fresno,019,978130,111729,108638,9714,118352,1753
2021-08-13,Glenn,021,27897,2631,2574,650,3224,20
2021-08-13,Humboldt,023,135768,6234,5882,112,5994,52
2021-08-13,Imperial,025,180216,29895,29654,2970,32624,745
2021-08-13,Inyo,027,18085,1490,1484,13,1497,39
2021-08-13,Kern,029,883053,103981,102029,13264,115293,1364
2021-08-13,Kings,031,150075,25244,24531,1305,25836,253
2021-08-13,Lake,033,64148,4973,4811,31,4842,68
2021-08-13,Lassen,035,31185,5553,5455,132,5587,21
2021-08-13,Los Angeles,037,10098052,1313802,1295406,48436,1343842,24891
2021-08-13,Madera,039,155013,18125,17614,1170,18784,246
2021-08-13,Marin,041,260295,15755,15380,318,15698,239
2021-08-13,Mariposa,043,17540,615,577,14,591,5
2021-08-13,Mendocino,045,87422,5199,4924,162,5086,49
2021-08-13,Merced,047,269075,33681,33111,1144,34255,480
2021-08-13,Modoc,049,8938,435,421,150,571,5
2021-08-13,Mono,051,14174,1359,1331,17,1348,3
2021-08-13,Monterey,053,433212,44984,44450,2200,46650,527
2021-08-13,Napa,055,140530,11111,10830,67,10897,83
2021-08-13,Nevada,057,99092,6701,6356,224,6580,74
2021-08-13,Orange,059,3164182,279285,274004,12808,286812,5159
2021-08-13,Placer,061,380077,28559,26987,2290,29277,306
2021-08-13,Plumas,063,18699,885,842,14,856,5
2021-08-13,Riverside,065,2383286,319791,312408,15046,327454,4581
2021-08-13,Sacramento,067,1510023,127859,122868,2549,125417,1758
2021-08-13,San Benito,069,59416,6505,6422,124,6546,64
2021-08-13,San Bernardino,071,2135413,316626,311378,9724,321102,5301
2021-08-13,San Diego,073,3302833,318467,312293,18246,330539,3821
2021-08-13,San Francisco,075,870044,45536,44196,1828,46024,567
2021-08-13,San Joaquin,077,732212,82503,80232,4235,84467,1481
2021-08-13,San Luis Obispo,079,281455,23886,23226,897,24123,265
2021-08-13,San Mateo,081,765935,47823,46660,677,47337,548
2021-08-13,Santa Barbara,083,443738,37911,37023,1370,38393,474
2021-08-13,Santa Clara,085,1922200,130253,126958,941,127899,1769
2021-08-13,Santa Cruz,087,273765,17747,17332,877,18209,209
2021-08-13,Shasta,089,179085,14223,13698,1948,15646,211
2021-08-13,Sierra,091,2930,85,81,12,93,0
2021-08-13,Siskiyou,093,43540,2246,2147,536,2683,33
2021-08-13,Solano,095,438530,39106,37104,873,37977,264
2021-08-13,Sonoma,097,501317,35770,34464,426,34890,333
2021-08-13,Stanislaus,099,539301,63034,61294,6834,68128,1039
2021-08-13,Sutter,101,95872,11016,10751,117,10868,130
2021-08-13,Tehama,103,63373,5663,5496,685,6181,66
2021-08-13,Trinity,105,12862,552,392,129,521,3
2021-08-13,Tulare,107,460477,53235,51770,10473,62243,856
2021-08-13,Tuolumne,109,53932,5025,4899,49,4948,64
2021-08-13,Ventura,111,848112,88123,86368,3756,90124,1052
2021-08-13,Yolo,113,214977,16264,15761,662,16423,225
2021-08-13,Yuba,115,75493,7381,7184,169,7353,51
2021-08-12,Alameda,001,1643700,103873,100472,2324,102796,1284
2021-08-12,Alpine,003,1148,90,91,0,91,0
2021-08-12,Amador,005,37829,4295,4161,37,4198,49
2021-08-12,Butte,007,227075,14494,14006,2279,16285,206
2021-08-12,Calaveras,009,45235,2599,2531,18,2549,57
2021-08-12,Colusa,011,21464,2180,2111,422,2533,17
2021-08-12,Contra Costa,013,1133247,84005,80738,1641,82379,846
2021-08-12,Del Norte,015,27424,2188,1923,16,1939,8
2021-08-12,El Dorado,017,186661,12478,11880,1017,12897,118
2021-08-12,Fresno,019,978130,111313,108193,9650,117843,1753
2021-08-12,Glenn,021,27897,2623,2559,644,3203,20
2021-08-12,Humboldt,023,135768,6164,5845,108,5953,52
2021-08-12,Imperial,025,180216,29839,29585,2964,32549,745
2021-08-12,Inyo,027,18085,1488,1483,13,1496,39
2021-08-12,Kern,029,883053,103692,101698,13184,114882,1364
2021-08-12,Kings,031,150075,25144,24423,1296,25719,252
2021-08-12,Lake,033,64148,4947,4774,31,4805,68
2021-08-12,Lassen,035,31185,5531,5428,131,5559,21
2021-08-12,Los Angeles,037,10098052,1310614,1291875,48301,1340176,24874
2021-08-12,Madera,039,155013,18061,17564,1158,18722,246
2021-08-12,Marin,041,260295,15706,15277,314,15591,239
2021-08-12,Mariposa,043,17540,606,568,13,581,5
2021-08-12,Mendocino,045,87422,5169,4873,156,5029,49
2021-08-12,Merced,047,269075,33557,32960,1137,34097,480
2021-08-12,Modoc,049,8938,434,423,150,573,5
2021-08-12,Mono,051,14174,1354,1325,17,1342,3
2021-08-12,Monterey,053,433212,44908,44383,2183,46566,527
2021-08-12,Napa,055,140530,11062,10780,66,10846,83
2021-08-12,Nevada,057,99092,6640,6283,224,6507,74
2021-08-12,Orange,059,3164182,278608,273167,12750,285917,5158
2021-08-12,Placer,061,380077,28359,26856,2267,29123,306
2021-08-12,Plumas,063,18699,877,829,14,843,5
2021-08-12,Riverside,065,2383286,318782,311304,15013,326317,4575
2021-08-12,Sacramento,067,1510023,127087,122222,2519,124741,1758
2021-08-12,San Benito,069,59416,6488,6398,122,6520,64
2021-08-12,San Bernardino,071,2135413,315752,310420,9695,320115,5297
2021-08-12,San Diego,073,3302833,317091,310596,18161,328757,3821
2021-08-12,San Francisco,075,870044,45328,43774,1815,45589,564
2021-08-12,San Joaquin,077,732212,82107,79945,4212,84157,1479
2021-08-12,San Luis Obispo,079,281455,23785,23101,884,23985,264
2021-08-12,San Mateo,081,765935,47679,46435,674,47109,548
2021-08-12,Santa Barbara,083,443738,37773,36881,1362,38243,473
2021-08-12,Santa Clara,085,1922200,129804,126614,935,127549,1769
2021-08-12,Santa Cruz,087,273765,17683,17261,876,18137,209
2021-08-12,Shasta,089,179085,14137,13621,1921,15542,211
2021-08-12,Sierra,091,2930,85,81,12,93,0
2021-08-12,Siskiyou,093,43540,2239,2134,526,2660,33
2021-08-12,Solano,095,438530,38877,36980,864,37844,262
2021-08-12,Sonoma,097,501317,35622,34299,423,34722,333
2021-08-12,Stanislaus,099,539301,62759,61026,6775,67801,1039
2021-08-12,Sutter,101,95872,10955,10695,115,10810,130
2021-08-12,Tehama,103,63373,5633,5462,676,6138,66
2021-08-12,Trinity,105,12862,548,386,128,514,3
2021-08-12,Tulare,107,460477,53089,51632,10423,62055,856
2021-08-12,Tuolumne,109,53932,4978,4845,47,4892,64
2021-08-12,Ventura,111,848112,87887,86106,3732,89838,1052
2021-08-12,Yolo,113,214977,16193,15686,649,16335,224
2021-08-12,Yuba,115,75493,7333,7128,168,7296,51
2021-08-11,Alameda,001,1643700,103346,100040,2320,102360,1281
2021-08-11,Alpine,003,1148,90,91,0,91,0
2021-08-11,Amador,005,37829,4271,4127,37,4164,49
2021-08-11,Butte,007,227075,14390,13905,2254,16159,206
2021-08-11,Calaveras,009,45235,2577,2505,18,2523,57
2021-08-11,Colusa,011,21464,2170,2101,420,2521,16
2021-08-11,Contra Costa,013,1133247,83503,80275,1623,81898,843
2021-08-11,Del Norte,015,27424,2129,1893,16,1909,8
2021-08-11,El Dorado,017,186661,12365,11799,1005,12804,119
2021-08-11,Fresno,019,978130,110854,107773,9605,117378,1751
2021-08-11,Glenn,021,27897,2614,2547,637,3184,20
2021-08-11,Humboldt,023,135768,6117,5765,107,5872,52
2021-08-11,Imperial,025,180216,29796,29565,2960,32525,745
2021-08-11,Inyo,027,18085,1488,1483,13,1496,39
2021-08-11,Kern,029,883053,103378,101448,13073,114521,1363
2021-08-11,Kings,031,150075,25031,24304,1287,25591,250
2021-08-11,Lake,033,64148,4910,4713,30,4743,68
2021-08-11,Lassen,035,31185,5522,5408,129,5537,21
2021-08-11,Los Angeles,037,10098052,1307295,1288238,48113,1336351,24851
2021-08-11,Madera,039,155013,18011,17511,1147,18658,245
2021-08-11,Marin,041,260295,15657,15235,314,15549,239
2021-08-11,Mariposa,043,17540,596,554,12,566,5
2021-08-11,Mendocino,045,87422,5100,4796,147,4943,49
2021-08-11,Merced,047,269075,33423,32802,1133,33935,479
2021-08-11,Modoc,049,8938,434,421,150,571,5
2021-08-11,Mono,051,14174,1349,1320,17,1337,3
2021-08-11,Monterey,053,433212,44809,44314,2165,46479,527
2021-08-11,Napa,055,140530,11021,10732,66,10798,83
2021-08-11,Nevada,057,99092,6586,6172,221,6393,74
2021-08-11,Orange,059,3164182,277751,272212,12703,284915,5155
2021-08-11,Placer,061,380077,28146,26687,2241,28928,305
2021-08-11,Plumas,063,18699,867,824,14,838,5
2021-08-11,Riverside,065,2383286,317789,310265,14978,325243,4570
2021-08-11,Sacramento,067,1510023,126294,121603,2477,124080,1757
2021-08-11,San Benito,069,59416,6475,6381,122,6503,64
2021-08-11,San Bernardino,071,2135413,314859,309498,9673,319171,5296
2021-08-11,San Diego,073,3302833,315609,309406,18062,327468,3818
2021-08-11,San Francisco,075,870044,45104,43555,1807,45362,564
2021-08-11,San Joaquin,077,732212,81699,79641,4185,83826,1478
2021-08-11,San Luis Obispo,079,281455,23681,22920,877,23797,264
2021-08-11,San Mateo,081,765935,47511,46300,671,46971,548
2021-08-11,Santa Barbara,083,443738,37609,36699,1353,38052,472
2021-08-11,Santa Clara,085,1922200,129323,126301,927,127228,1769
2021-08-11,Santa Cruz,087,273765,17617,17191,873,18064,209
2021-08-11,Shasta,089,179085,14063,13546,1905,15451,211
2021-08-11,Sierra,091,2930,84,81,12,93,0
2021-08-11,Siskiyou,093,43540,2225,2124,519,2643,33
2021-08-11,Solano,095,438530,38641,36862,850,37712,262
2021-08-11,Sonoma,097,501317,35445,34188,418,34606,333
2021-08-11,Stanislaus,099,539301,62416,60767,6745,67512,1037
2021-08-11,Sutter,101,95872,10883,10628,115,10743,130
2021-08-11,Tehama,103,63373,5603,5410,659,6069,66
2021-08-11,Trinity,105,12862,546,385,128,513,3
2021-08-11,Tulare,107,460477,52920,51464,10378,61842,854
2021-08-11,Tuolumne,109,53932,4946,4794,47,4841,64
2021-08-11,Ventura,111,848112,87635,85863,3711,89574,1051
2021-08-11,Yolo,113,214977,16118,15593,635,16228,218
2021-08-11,Yuba,115,75493,7274,7063,167,7230,53
2021-08-10,Alameda,001,1643700,102858,99771,2312,102083,1281
2021-08-10,Alpine,003,1148,90,91,0,91,0
2021-08-10,Amador,005,37829,4255,4093,37,4130,49
2021-08-10,Butte,007,227075,14306,13853,2232,16085,205
2021-08-10,Calaveras,009,45235,2555,2491,16,2507,57
2021-08-10,Colusa,011,21464,2157,2088,411,2499,16
2021-08-10,Contra Costa,013,1133247,82961,80018,1613,81631,840
2021-08-10,Del Norte,015,27424,2085,1870,16,1886,8
2021-08-10,El Dorado,017,186661,12266,11734,995,12729,117
2021-08-10,Fresno,019,978130,110401,107616,9554,117170,1747
2021-08-10,Glenn,021,27897,2601,2538,628,3166,20
2021-08-10,Humboldt,023,135768,6063,5718,104,5822,52
2021-08-10,Imperial,025,180216,29761,29522,2954,32476,745
2021-08-10,Inyo,027,18085,1488,1482,13,1495,39
2021-08-10,Kern,029,883053,103049,101254,12977,114231,1359
2021-08-10,Kings,031,150075,24904,24252,1271,25523,251
2021-08-10,Lake,033,64148,4869,4700,30,4730,67
2021-08-10,Lassen,035,31185,5504,5401,129,5530,21
2021-08-10,Los Angeles,037,10098052,1303550,1285140,47949,1333089,24821
2021-08-10,Madera,039,155013,17938,17481,1137,18618,245
2021-08-10,Marin,041,260295,15610,15194,314,15508,239
2021-08-10,Mariposa,043,17540,583,550,12,562,5
2021-08-10,Mendocino,045,87422,5055,4775,143,4918,49
2021-08-10,Merced,047,269075,33275,32721,1125,33846,477
2021-08-10,Modoc,049,8938,433,421,150,571,5
2021-08-10,Mono,051,14174,1344,1320,17,1337,3
2021-08-10,Monterey,053,433212,44747,44259,2150,46409,527
2021-08-10,Napa,055,140530,10965,10703,65,10768,83
2021-08-10,Nevada,057,99092,6520,6151,220,6371,73
2021-08-10,Orange,059,3164182,276871,271688,12656,284344,5155
2021-08-10,Placer,061,380077,27927,26561,2199,28760,305
2021-08-10,Plumas,063,18699,858,816,14,830,5
2021-08-10,Riverside,065,2383286,316674,309529,14952,324481,4564
2021-08-10,Sacramento,067,1510023,125441,121159,2447,123606,1755
2021-08-10,San Benito,069,59416,6461,6371,122,6493,64
2021-08-10,San Bernardino,071,2135413,313938,308672,9656,318328,5295
2021-08-10,San Diego,073,3302833,313947,308288,17986,326274,3815
2021-08-10,San Francisco,075,870044,44851,43389,1792,45181,564
2021-08-10,San Joaquin,077,732212,81301,79391,4168,83559,1478
2021-08-10,San Luis Obispo,079,281455,23555,22776,875,23651,264
2021-08-10,San Mateo,081,765935,47337,46184,669,46853,548
2021-08-10,Santa Barbara,083,443738,37444,36574,1346,37920,472
2021-08-10,Santa Clara,085,1922200,128861,126019,920,126939,1770
2021-08-10,Santa Cruz,087,273765,17534,17142,871,18013,209
2021-08-10,Shasta,089,179085,13985,13461,1881,15342,211
2021-08-10,Sierra,091,2930,84,76,12,88,0
2021-08-10,Siskiyou,093,43540,2216,2088,512,2600,33
2021-08-10,Solano,095,438530,38396,36767,839,37606,262
2021-08-10,Sonoma,097,501317,35299,34054,415,34469,333
2021-08-10,Stanislaus,099,539301,62067,60605,6708,67313,1037
2021-08-10,Sutter,101,95872,10818,10569,115,10684,130
2021-08-10,Tehama,103,63373,5574,5392,654,6046,66
2021-08-10,Trinity,105,12862,546,384,128,512,3
2021-08-10,Tulare,107,460477,52756,51390,10326,61716,854
2021-08-10,Tuolumne,109,53932,4916,4780,45,4825,64
2021-08-10,Ventura,111,848112,87345,85714,3690,89404,1051
2021-08-10,Yolo,113,214977,16031,15568,625,16193,218
2021-08-10,Yuba,115,75493,7224,7028,167,7195,50
2021-08-09,Alameda,001,1643700,102296,99496,2308,101804,1276
2021-08-09,Alpine,003,1148,90,91,0,91,0
2021-08-09,Amador,005,37829,4229,4078,37,4115,48
2021-08-09,Butte,007,227075,14211,13813,2201,16014,205
2021-08-09,Calaveras,009,45235,2528,2472,16,2488,57
2021-08-09,Colusa,011,21464,2147,2075,403,2478,16
2021-08-09,Contra Costa,013,1133247,82414,79740,1601,81341,840
2021-08-09,Del Norte,015,27424,2017,1848,16,1864,8
2021-08-09,El Dorado,017,186661,12158,11672,981,12653,117
2021-08-09,Fresno,019,978130,109909,107310,9518,116828,1747
2021-08-09,Glenn,021,27897,2590,2532,618,3150,20
2021-08-09,Humboldt,023,135768,5972,5632,102,5734,52
2021-08-09,Imperial,025,180216,29717,29512,2949,32461,745
2021-08-09,Inyo,027,18085,1488,1481,13,1494,39
2021-08-09,Kern,029,883053,102738,101069,12891,113960,1359
2021-08-09,Kings,031,150075,24796,24155,1256,25411,250
2021-08-09,Lake,033,64148,4834,4670,28,4698,66
2021-08-09,Lassen,035,31185,5482,5393,128,5521,21
2021-08-09,Los Angeles,037,10098052,1299553,1282891,47756,1330647,24798
2021-08-09,Madera,039,155013,17879,17429,1117,18546,245
2021-08-09,Marin,041,260295,15557,15154,313,15467,239
2021-08-09,Mariposa,043,17540,570,545,12,557,5
2021-08-09,Mendocino,045,87422,5004,4732,135,4867,49
2021-08-09,Merced,047,269075,33129,32666,1118,33784,477
2021-08-09,Modoc,049,8938,433,419,150,569,5
2021-08-09,Mono,051,14174,1341,1337,17,1354,3
2021-08-09,Monterey,053,433212,44674,44190,2134,46324,527
2021-08-09,Napa,055,140530,10918,10679,65,10744,83
2021-08-09,Nevada,057,99092,6449,6088,219,6307,73
2021-08-09,Orange,059,3164182,275834,271036,12604,283640,5153
2021-08-09,Placer,061,380077,27704,26457,2168,28625,305
2021-08-09,Plumas,063,18699,841,803,14,817,5
2021-08-09,Riverside,065,2383286,315597,308678,14932,323610,4562
2021-08-09,Sacramento,067,1510023,124606,120812,2422,123234,1748
2021-08-09,San Benito,069,59416,6441,6359,120,6479,63
2021-08-09,San Bernardino,071,2135413,312955,308038,9632,317670,5295
2021-08-09,San Diego,073,3302833,312276,306855,17891,324746,3811
2021-08-09,San Francisco,075,870044,44606,43261,1774,45035,564
2021-08-09,San Joaquin,077,732212,80917,79198,4150,83348,1469
2021-08-09,San Luis Obispo,079,281455,23416,22695,866,23561,264
2021-08-09,San Mateo,081,765935,47165,46040,665,46705,548
2021-08-09,Santa Barbara,083,443738,37258,36474,1338,37812,470
2021-08-09,Santa Clara,085,1922200,128358,125791,911,126702,2187
2021-08-09,Santa Cruz,087,273765,17473,17082,871,17953,209
2021-08-09,Shasta,089,179085,13868,13397,1870,15267,210
2021-08-09,Sierra,091,2930,83,75,12,87,0
2021-08-09,Siskiyou,093,43540,2204,2047,496,2543,32
2021-08-09,Solano,095,438530,38120,36653,837,37490,262
2021-08-09,Sonoma,097,501317,35117,33933,413,34346,333
2021-08-09,Stanislaus,099,539301,61784,60410,6657,67067,1037
2021-08-09,Sutter,101,95872,10769,10525,112,10637,129
2021-08-09,Tehama,103,63373,5531,5373,652,6025,66
2021-08-09,Trinity,105,12862,544,378,126,504,3
2021-08-09,Tulare,107,460477,52595,51274,10261,61535,854
2021-08-09,Tuolumne,109,53932,4874,4745,45,4790,64
2021-08-09,Ventura,111,848112,87074,85514,3679,89193,1047
2021-08-09,Yolo,113,214977,15952,15521,604,16125,218
2021-08-09,Yuba,115,75493,7165,6994,167,7161,50
2021-08-08,Alameda,001,1643700,101739,99135,2301,101436,1276
2021-08-08,Alpine,003,1148,90,91,0,91,0
2021-08-08,Amador,005,37829,4195,4057,36,4093,48
2021-08-08,Butte,007,227075,14126,13791,2182,15973,205
2021-08-08,Calaveras,009,45235,2499,2462,16,2478,57
2021-08-08,Colusa,011,21464,2130,2070,396,2466,16
2021-08-08,Contra Costa,013,1133247,81884,79454,1594,81048,840
2021-08-08,Del Norte,015,27424,1971,1810,16,1826,8
2021-08-08,El Dorado,017,186661,12039,11631,970,12601,117
2021-08-08,Fresno,019,978130,109471,107078,9485,116563,1747
2021-08-08,Glenn,021,27897,2581,2527,613,3140,20
2021-08-08,Humboldt,023,135768,5882,5571,102,5673,52
2021-08-08,Imperial,025,180216,29693,29485,2938,32423,745
2021-08-08,Inyo,027,18085,1488,1481,13,1494,39
2021-08-08,Kern,029,883053,102418,100909,12778,113687,1359
2021-08-08,Kings,031,150075,24682,24095,1247,25342,250
2021-08-08,Lake,033,64148,4784,4636,27,4663,66
2021-08-08,Lassen,035,31185,5467,5391,127,5518,21
2021-08-08,Los Angeles,037,10098052,1295308,1279982,47571,1327553,24793
2021-08-08,Madera,039,155013,17800,17398,1100,18498,245
2021-08-08,Marin,041,260295,15504,15124,311,15435,239
2021-08-08,Mariposa,043,17540,566,538,12,550,5
2021-08-08,Mendocino,045,87422,4941,4702,122,4824,49
2021-08-08,Merced,047,269075,32982,32634,1109,33743,477
2021-08-08,Modoc,049,8938,432,419,149,568,5
2021-08-08,Mono,051,14174,1337,1336,17,1353,3
2021-08-08,Monterey,053,433212,44604,44171,2123,46294,527
2021-08-08,Napa,055,140530,10882,10668,65,10733,83
2021-08-08,Nevada,057,99092,6364,6009,217,6226,73
2021-08-08,Orange,059,3164182,274921,270532,12565,283097,5153
2021-08-08,Placer,061,380077,27499,26332,2127,28459,305
2021-08-08,Plumas,063,18699,832,803,14,817,5
2021-08-08,Riverside,065,2383286,314476,308042,14908,322950,4562
2021-08-08,Sacramento,067,1510023,123779,120109,2410,122519,1744
2021-08-08,San Benito,069,59416,6424,6350,119,6469,63
2021-08-08,San Bernardino,071,2135413,311809,307378,9602,316980,5295
2021-08-08,San Diego,073,3302833,310929,305983,17797,323780,3811
2021-08-08,San Francisco,075,870044,44347,43098,1751,44849,564
2021-08-08,San Joaquin,077,732212,80469,79002,4134,83136,1469
2021-08-08,San Luis Obispo,079,281455,23242,22668,858,23526,263
2021-08-08,San Mateo,081,765935,46976,45927,662,46589,548
2021-08-08,Santa Barbara,083,443738,37081,36417,1331,37748,470
2021-08-08,Santa Clara,085,1922200,127907,125553,906,126459,2187
2021-08-08,Santa Cruz,087,273765,17399,17035,866,17901,209
2021-08-08,Shasta,089,179085,13782,13381,1859,15240,210
2021-08-08,Sierra,091,2930,83,74,12,86,0
2021-08-08,Siskiyou,093,43540,2188,2041,491,2532,32
2021-08-08,Solano,095,438530,37868,36551,833,37384,262
2021-08-08,Sonoma,097,501317,34873,33805,412,34217,333
2021-08-08,Stanislaus,099,539301,61440,60269,6612,66881,1037
2021-08-08,Sutter,101,95872,10709,10481,111,10592,129
2021-08-08,Tehama,103,63373,5493,5359,649,6008,66
2021-08-08,Trinity,105,12862,539,378,126,504,3
2021-08-08,Tulare,107,460477,52416,51220,10201,61421,854
2021-08-08,Tuolumne,109,53932,4835,4731,45,4776,64
2021-08-08,Ventura,111,848112,86783,85382,3669,89051,1047
2021-08-08,Yolo,113,214977,15860,15477,597,16074,218
2021-08-08,Yuba,115,75493,7126,6967,167,7134,50
2021-08-07,Alameda,001,1643700,101490,98812,2295,101107,1276
2021-08-07,Alpine,003,1148,90,91,0,91,0
2021-08-07,Amador,005,37829,4178,4041,35,4076,48
2021-08-07,Butte,007,227075,14074,13714,2171,15885,205
2021-08-07,Calaveras,009,45235,2492,2446,16,2462,57
2021-08-07,Colusa,011,21464,2125,2067,387,2454,16
2021-08-07,Contra Costa,013,1133247,81587,79168,1591,80759,840
2021-08-07,Del Norte,015,27424,1939,1791,16,1807,8
2021-08-07,El Dorado,017,186661,11989,11575,963,12538,117
2021-08-07,Fresno,019,978130,109269,106861,9463,116324,1747
2021-08-07,Glenn,021,27897,2573,2515,612,3127,20
2021-08-07,Humboldt,023,135768,5832,5510,99,5609,52
2021-08-07,Imperial,025,180216,29674,29470,2938,32408,745
2021-08-07,Inyo,027,18085,1486,1476,13,1489,39
2021-08-07,Kern,029,883053,102260,100693,12723,113416,1359
2021-08-07,Kings,031,150075,24622,24048,1241,25289,250
2021-08-07,Lake,033,64148,4763,4613,27,4640,66
2021-08-07,Lassen,035,31185,5463,5386,127,5513,21
2021-08-07,Los Angeles,037,10098052,1293287,1276853,47422,1324275,24786
2021-08-07,Madera,039,155013,17765,17366,1095,18461,245
2021-08-07,Marin,041,260295,15470,15085,310,15395,239
2021-08-07,Mariposa,043,17540,563,530,12,542,5
2021-08-07,Mendocino,045,87422,4905,4690,120,4810,49
2021-08-07,Merced,047,269075,32918,32569,1106,33675,477
2021-08-07,Modoc,049,8938,432,419,149,568,5
2021-08-07,Mono,051,14174,1334,1329,17,1346,3
2021-08-07,Monterey,053,433212,44552,44124,2118,46242,527
2021-08-07,Napa,055,140530,10861,10658,64,10722,83
2021-08-07,Nevada,057,99092,6314,5967,215,6182,73
2021-08-07,Orange,059,3164182,274328,269900,12534,282434,5153
2021-08-07,Placer,061,380077,27312,26244,2119,28363,305
2021-08-07,Plumas,063,18699,827,801,14,815,5
2021-08-07,Riverside,065,2383286,313804,307326,14901,322227,4562
2021-08-07,Sacramento,067,1510023,123278,119636,2406,122042,1744
2021-08-07,San Benito,069,59416,6414,6332,119,6451,63
2021-08-07,San Bernardino,071,2135413,311222,306663,9585,316248,5295
2021-08-07,San Diego,073,3302833,310174,304974,17762,322736,3811
2021-08-07,San Francisco,075,870044,44176,42926,1733,44659,564
2021-08-07,San Joaquin,077,732212,80305,78769,4120,82889,1469
2021-08-07,San Luis Obispo,079,281455,23173,22579,857,23436,263
2021-08-07,San Mateo,081,765935,46849,45804,660,46464,548
2021-08-07,Santa Barbara,083,443738,36985,36303,1325,37628,470
2021-08-07,Santa Clara,085,1922200,127636,125196,901,126097,2188
2021-08-07,Santa Cruz,087,273765,17356,16994,864,17858,209
2021-08-07,Shasta,089,179085,13727,13361,1851,15212,210
2021-08-07,Sierra,091,2930,83,74,12,86,0
2021-08-07,Siskiyou,093,43540,2176,2039,489,2528,32
2021-08-07,Solano,095,438530,37752,36458,825,37283,262
2021-08-07,Sonoma,097,501317,34751,33716,412,34128,333
2021-08-07,Stanislaus,099,539301,61253,60093,6582,66675,1037
2021-08-07,Sutter,101,95872,10672,10447,111,10558,129
2021-08-07,Tehama,103,63373,5483,5343,644,5987,66
2021-08-07,Trinity,105,12862,535,377,125,502,3
2021-08-07,Tulare,107,460477,52329,51133,10163,61296,854
2021-08-07,Tuolumne,109,53932,4805,4721,45,4766,64
2021-08-07,Ventura,111,848112,86603,85232,3654,88886,1047
2021-08-07,Yolo,113,214977,15816,15423,590,16013,218
2021-08-07,Yuba,115,75493,7101,6937,165,7102,50
2021-08-06,Alameda,001,1643700,101159,98487,2288,100775,1275
2021-08-06,Alpine,003,1148,90,91,0,91,0
2021-08-06,Amador,005,37829,4157,4002,35,4037,48
2021-08-06,Butte,007,227075,14026,13626,2159,15785,205
2021-08-06,Calaveras,009,45235,2486,2419,16,2435,57
2021-08-06,Colusa,011,21464,2119,2045,381,2426,16
2021-08-06,Contra Costa,013,1133247,81292,78796,1585,80381,840
2021-08-06,Del Norte,015,27424,1912,1755,15,1770,8
2021-08-06,El Dorado,017,186661,11940,11498,951,12449,117
2021-08-06,Fresno,019,978130,109008,106542,9436,115978,1747
2021-08-06,Glenn,021,27897,2558,2504,610,3114,20
2021-08-06,Humboldt,023,135768,5781,5421,96,5517,52
2021-08-06,Imperial,025,180216,29663,29404,2934,32338,745
2021-08-06,Inyo,027,18085,1483,1471,13,1484,39
2021-08-06,Kern,029,883053,102083,100427,12638,113065,1359
2021-08-06,Kings,031,150075,24567,23974,1237,25211,250
2021-08-06,Lake,033,64148,4740,4557,27,4584,66
2021-08-06,Lassen,035,31185,5441,5368,127,5495,21
2021-08-06,Los Angeles,037,10098052,1290805,1273081,47272,1320353,24772
2021-08-06,Madera,039,155013,17727,17324,1086,18410,245
2021-08-06,Marin,041,260295,15437,15051,310,15361,239
2021-08-06,Mariposa,043,17540,554,511,12,523,5
2021-08-06,Mendocino,045,87422,4863,4649,119,4768,49
2021-08-06,Merced,047,269075,32858,32456,1103,33559,477
2021-08-06,Modoc,049,8938,432,419,149,568,5
2021-08-06,Mono,051,14174,1333,1328,17,1345,3
2021-08-06,Monterey,053,433212,44484,44058,2105,46163,527
2021-08-06,Napa,055,140530,10834,10620,64,10684,83
2021-08-06,Nevada,057,99092,6258,5874,215,6089,73
2021-08-06,Orange,059,3164182,273763,269077,12517,281594,5151
2021-08-06,Placer,061,380077,27189,26086,2097,28183,305
2021-08-06,Plumas,063,18699,818,795,14,809,5
2021-08-06,Riverside,065,2383286,313094,306304,14890,321194,4562
2021-08-06,Sacramento,067,1510023,122790,119169,2386,121555,1740
2021-08-06,San Benito,069,59416,6397,6315,119,6434,63
2021-08-06,San Bernardino,071,2135413,310523,305806,9577,315383,5286
2021-08-06,San Diego,073,3302833,309138,303691,17713,321404,3810
2021-08-06,San Francisco,075,870044,44019,42659,1715,44374,565
2021-08-06,San Joaquin,077,732212,80157,78405,4108,82513,1469
2021-08-06,San Luis Obispo,079,281455,23105,22472,852,23324,263
2021-08-06,San Mateo,081,765935,46696,45665,655,46320,548
2021-08-06,Santa Barbara,083,443738,36895,36208,1321,37529,470
2021-08-06,Santa Clara,085,1922200,127345,124767,896,125663,2185
2021-08-06,Santa Cruz,087,273765,17314,16924,860,17784,207
2021-08-06,Shasta,089,179085,13661,13284,1845,15129,210
2021-08-06,Sierra,091,2930,83,73,12,85,0
2021-08-06,Siskiyou,093,43540,2166,2030,485,2515,32
2021-08-06,Solano,095,438530,37642,36351,816,37167,262
2021-08-06,Sonoma,097,501317,34664,33594,411,34005,333
2021-08-06,Stanislaus,099,539301,61101,59854,6561,66415,1037
2021-08-06,Sutter,101,95872,10629,10391,111,10502,128
2021-08-06,Tehama,103,63373,5459,5325,643,5968,66
2021-08-06,Trinity,105,12862,534,371,124,495,3
2021-08-06,Tulare,107,460477,52228,51018,10116,61134,854
2021-08-06,Tuolumne,109,53932,4777,4674,45,4719,64
2021-08-06,Ventura,111,848112,86432,85046,3642,88688,1047
2021-08-06,Yolo,113,214977,15763,15299,585,15884,218
2021-08-06,Yuba,115,75493,7078,6904,165,7069,50
2021-08-05,Alameda,001,1643700,100669,98052,2283,100335,1275
2021-08-05,Alpine,003,1148,90,91,0,91,0
2021-08-05,Amador,005,37829,4137,3992,35,4027,48
2021-08-05,Butte,007,227075,13970,13564,2137,15701,206
2021-08-05,Calaveras,009,45235,2474,2397,16,2413,57
2021-08-05,Colusa,011,21464,2107,2036,377,2413,16
2021-08-05,Contra Costa,013,1133247,80865,78514,1578,80092,840
2021-08-05,Del Norte,015,27424,1885,1731,15,1746,8
2021-08-05,El Dorado,017,186661,11856,11408,940,12348,117
2021-08-05,Fresno,019,978130,108639,106219,9401,115620,1747
2021-08-05,Glenn,021,27897,2553,2494,607,3101,20
2021-08-05,Humboldt,023,135768,5706,5328,95,5423,52
2021-08-05,Imperial,025,180216,29632,29383,2930,32313,745
2021-08-05,Inyo,027,18085,1479,1468,13,1481,38
2021-08-05,Kern,029,883053,101861,100091,12553,112644,1358
2021-08-05,Kings,031,150075,24483,23906,1231,25137,249
2021-08-05,Lake,033,64148,4701,4490,25,4515,66
2021-08-05,Lassen,035,31185,5433,5344,127,5471,21
2021-08-05,Los Angeles,037,10098052,1287592,1269445,47143,1316588,24756
2021-08-05,Madera,039,155013,17686,17301,1078,18379,245
2021-08-05,Marin,041,260295,15393,15005,306,15311,239
2021-08-05,Mariposa,043,17540,543,504,11,515,5
2021-08-05,Mendocino,045,87422,4819,4597,110,4707,49
2021-08-05,Merced,047,269075,32790,32381,1092,33473,477
2021-08-05,Modoc,049,8938,431,418,149,567,5
2021-08-05,Mono,051,14174,1325,1309,17,1326,3
2021-08-05,Monterey,053,433212,44427,43992,2087,46079,527
2021-08-05,Napa,055,140530,10798,10591,62,10653,83
2021-08-05,Nevada,057,99092,6176,5778,212,5990,73
2021-08-05,Orange,059,3164182,272982,268329,12492,280821,5149
2021-08-05,Placer,061,380077,26989,25965,2070,28035,305
2021-08-05,Plumas,063,18699,809,787,14,801,5
2021-08-05,Riverside,065,2383286,312177,305415,14863,320278,4562
2021-08-05,Sacramento,067,1510023,122081,118590,2373,120963,1739
2021-08-05,San Benito,069,59416,6379,6305,119,6424,63
2021-08-05,San Bernardino,071,2135413,309685,304956,9556,314512,5284
2021-08-05,San Diego,073,3302833,307865,302220,17636,319856,3806
2021-08-05,San Francisco,075,870044,43809,42301,1706,44007,564
2021-08-05,San Joaquin,077,732212,79796,78151,4090,82241,1468
2021-08-05,San Luis Obispo,079,281455,22990,22362,846,23208,263
2021-08-05,San Mateo,081,765935,46523,45554,653,46207,548
2021-08-05,Santa Barbara,083,443738,36789,36112,1318,37430,470
2021-08-05,Santa Clara,085,1922200,127012,124490,896,125386,2185
2021-08-05,Santa Cruz,087,273765,17271,16867,857,17724,207
2021-08-05,Shasta,089,179085,13603,13217,1837,15054,210
2021-08-05,Sierra,091,2930,78,73,12,85,0
2021-08-05,Siskiyou,093,43540,2145,2024,475,2499,32
2021-08-05,Solano,095,438530,37461,36250,809,37059,262
2021-08-05,Sonoma,097,501317,34529,33455,410,33865,330
2021-08-05,Stanislaus,099,539301,60854,59692,6523,66215,1037
2021-08-05,Sutter,101,95872,10574,10349,111,10460,127
2021-08-05,Tehama,103,63373,5441,5305,639,5944,66
2021-08-05,Trinity,105,12862,528,367,124,491,3
2021-08-05,Tulare,107,460477,52112,50889,10059,60948,854
2021-08-05,Tuolumne,109,53932,4747,4619,45,4664,64
2021-08-05,Ventura,111,848112,86182,84837,3628,88465,1047
2021-08-05,Yolo,113,214977,15697,15250,575,15825,218
2021-08-05,Yuba,115,75493,7035,6872,163,7035,50
2021-08-04,Alameda,001,1643700,100163,97477,2273,99750,1274
2021-08-04,Alpine,003,1148,90,91,0,91,0
2021-08-04,Amador,005,37829,4107,3962,34,3996,48
2021-08-04,Butte,007,227075,13903,13509,2121,15630,205
2021-08-04,Calaveras,009,45235,2460,2374,16,2390,57
2021-08-04,Colusa,011,21464,2095,2025,371,2396,16
2021-08-04,Contra Costa,013,1133247,80348,77966,1573,79539,840
2021-08-04,Del Norte,015,27424,1862,1701,15,1716,8
2021-08-04,El Dorado,017,186661,11778,11319,929,12248,117
2021-08-04,Fresno,019,978130,108275,105899,9364,115263,1747
2021-08-04,Glenn,021,27897,2545,2487,607,3094,20
2021-08-04,Humboldt,023,135768,5630,5271,94,5365,52
2021-08-04,Imperial,025,180216,29584,29375,2928,32303,745
2021-08-04,Inyo,027,18085,1478,1465,13,1478,38
2021-08-04,Kern,029,883053,101611,99868,12468,112336,1358
2021-08-04,Kings,031,150075,24411,23840,1223,25063,250
2021-08-04,Lake,033,64148,4670,4423,20,4443,65
2021-08-04,Lassen,035,31185,5425,5340,127,5467,21
2021-08-04,Los Angeles,037,10098052,1284107,1265788,46985,1312773,24737
2021-08-04,Madera,039,155013,17651,17251,1071,18322,245
2021-08-04,Marin,041,260295,15346,14950,304,15254,239
2021-08-04,Mariposa,043,17540,528,497,11,508,5
2021-08-04,Mendocino,045,87422,4795,4560,106,4666,49
2021-08-04,Merced,047,269075,32652,32274,1087,33361,476
2021-08-04,Modoc,049,8938,431,416,149,565,5
2021-08-04,Mono,051,14174,1321,1307,17,1324,3
2021-08-04,Monterey,053,433212,44362,43926,2076,46002,526
2021-08-04,Napa,055,140530,10761,10544,62,10606,82
2021-08-04,Nevada,057,99092,6112,5702,211,5913,73
2021-08-04,Orange,059,3164182,272108,267199,12455,279654,5146
2021-08-04,Placer,061,380077,26772,25688,2050,27738,305
2021-08-04,Plumas,063,18699,803,784,14,798,5
2021-08-04,Riverside,065,2383286,311252,304272,14837,319109,4562
2021-08-04,Sacramento,067,1510023,121322,117882,2347,120229,1736
2021-08-04,San Benito,069,59416,6364,6300,119,6419,63
2021-08-04,San Bernardino,071,2135413,308829,304164,9539,313703,5285
2021-08-04,San Diego,073,3302833,306345,301100,17575,318675,3805
2021-08-04,San Francisco,075,870044,43555,41913,1693,43606,562
2021-08-04,San Joaquin,077,732212,79439,77846,4078,81924,1466
2021-08-04,San Luis Obispo,079,281455,22882,22245,840,23085,262
2021-08-04,San Mateo,081,765935,46350,45392,652,46044,548
2021-08-04,Santa Barbara,083,443738,36660,36013,1310,37323,470
2021-08-04,Santa Clara,085,1922200,126621,124127,889,125016,2183
2021-08-04,Santa Cruz,087,273765,17210,16820,850,17670,208
2021-08-04,Shasta,089,179085,13551,13134,1826,14960,211
2021-08-04,Sierra,091,2930,78,73,12,85,0
2021-08-04,Siskiyou,093,43540,2125,2010,470,2480,32
2021-08-04,Solano,095,438530,37261,36025,800,36825,262
2021-08-04,Sonoma,097,501317,34357,33311,408,33719,330
2021-08-04,Stanislaus,099,539301,60615,59396,6485,65881,1037
2021-08-04,Sutter,101,95872,10537,10294,111,10405,127
2021-08-04,Tehama,103,63373,5415,5281,634,5915,66
2021-08-04,Trinity,105,12862,526,362,121,483,3
2021-08-04,Tulare,107,460477,52002,50797,10015,60812,855
2021-08-04,Tuolumne,109,53932,4722,4584,45,4629,64
2021-08-04,Ventura,111,848112,85924,84406,3606,88012,1047
2021-08-04,Yolo,113,214977,15619,15189,562,15751,215
2021-08-04,Yuba,115,75493,6995,6827,161,6988,50
2021-08-03,Alameda,001,1643700,99708,97275,2268,99543,1270
2021-08-03,Alpine,003,1148,90,91,0,91,0
2021-08-03,Amador,005,37829,4071,3953,34,3987,48
2021-08-03,Butte,007,227075,13837,13468,2106,15574,205
2021-08-03,Calaveras,009,45235,2440,2356,16,2372,57
2021-08-03,Colusa,011,21464,2082,2023,365,2388,16
2021-08-03,Contra Costa,013,1133247,79864,77739,1566,79305,836
2021-08-03,Del Norte,015,27424,1830,1691,14,1705,8
2021-08-03,El Dorado,017,186661,11688,11255,919,12174,117
2021-08-03,Fresno,019,978130,107916,105732,9332,115064,1746
2021-08-03,Glenn,021,27897,2538,2481,605,3086,20
2021-08-03,Humboldt,023,135768,5565,5199,89,5288,52
2021-08-03,Imperial,025,180216,29562,29333,2919,32252,745
2021-08-03,Inyo,027,18085,1475,1459,13,1472,38
2021-08-03,Kern,029,883053,101350,99708,12389,112097,1358
2021-08-03,Kings,031,150075,24323,23780,1216,24996,249
2021-08-03,Lake,033,64148,4614,4408,16,4424,66
2021-08-03,Lassen,035,31185,5415,5341,127,5468,21
2021-08-03,Los Angeles,037,10098052,1280372,1262678,46813,1309491,24721
2021-08-03,Madera,039,155013,17610,17220,1056,18276,245
2021-08-03,Marin,041,260295,15297,14906,301,15207,243
2021-08-03,Mariposa,043,17540,517,495,11,506,5
2021-08-03,Mendocino,045,87422,4746,4546,105,4651,49
2021-08-03,Merced,047,269075,32569,32197,1085,33282,476
2021-08-03,Modoc,049,8938,431,416,149,565,5
2021-08-03,Mono,051,14174,1316,1303,17,1320,3
2021-08-03,Monterey,053,433212,44299,43872,2063,45935,525
2021-08-03,Napa,055,140530,10718,10527,61,10588,82
2021-08-03,Nevada,057,99092,6031,5685,210,5895,73
2021-08-03,Orange,059,3164182,271369,266649,12425,279074,5146
2021-08-03,Placer,061,380077,26571,25624,2025,27649,305
2021-08-03,Plumas,063,18699,796,779,14,793,5
2021-08-03,Riverside,065,2383286,310328,303499,14810,318309,4562
2021-08-03,Sacramento,067,1510023,120579,117591,2326,119917,1732
2021-08-03,San Benito,069,59416,6348,6284,118,6402,63
2021-08-03,San Bernardino,071,2135413,307909,303386,9519,312905,5265
2021-08-03,San Diego,073,3302833,304905,300189,17475,317664,3803
2021-08-03,San Francisco,075,870044,43272,41758,1673,43431,562
2021-08-03,San Joaquin,077,732212,79090,77615,4057,81672,1461
2021-08-03,San Luis Obispo,079,281455,22742,22166,833,22999,264
2021-08-03,San Mateo,081,765935,46156,45255,647,45902,548
2021-08-03,Santa Barbara,083,443738,36541,35912,1304,37216,469
2021-08-03,Santa Clara,085,1922200,126200,123914,883,124797,2183
2021-08-03,Santa Cruz,087,273765,17143,16778,847,17625,207
2021-08-03,Shasta,089,179085,13477,13091,1815,14906,211
2021-08-03,Sierra,091,2930,78,72,12,84,0
2021-08-03,Siskiyou,093,43540,2114,1998,465,2463,32
2021-08-03,Solano,095,438530,37041,35953,788,36741,261
2021-08-03,Sonoma,097,501317,34175,33243,407,33650,330
2021-08-03,Stanislaus,099,539301,60382,59282,6467,65749,1037
2021-08-03,Sutter,101,95872,10497,10263,110,10373,127
2021-08-03,Tehama,103,63373,5390,5269,629,5898,66
2021-08-03,Trinity,105,12862,523,361,118,479,3
2021-08-03,Tulare,107,460477,51906,50729,9969,60698,854
2021-08-03,Tuolumne,109,53932,4687,4563,45,4608,64
2021-08-03,Ventura,111,848112,85680,84270,3585,87855,1046
2021-08-03,Yolo,113,214977,15527,15149,548,15697,215
2021-08-03,Yuba,115,75493,6958,6781,159,6940,50
2021-08-02,Alameda,001,1643700,99149,96954,2263,99217,1270
2021-08-02,Alpine,003,1148,90,91,0,91,0
2021-08-02,Amador,005,37829,4051,3927,34,3961,48
2021-08-02,Butte,007,227075,13761,13442,2087,15529,205
2021-08-02,Calaveras,009,45235,2425,2347,16,2363,57
2021-08-02,Colusa,011,21464,2070,2019,362,2381,16
2021-08-02,Contra Costa,013,1133247,79354,77516,1552,79068,836
2021-08-02,Del Norte,015,27424,1800,1653,14,1667,8
2021-08-02,El Dorado,017,186661,11585,11226,905,12131,116
2021-08-02,Fresno,019,978130,107573,105471,9296,114767,1744
2021-08-02,Glenn,021,27897,2530,2477,603,3080,20
2021-08-02,Humboldt,023,135768,5481,5161,87,5248,52
2021-08-02,Imperial,025,180216,29529,29302,2915,32217,743
2021-08-02,Inyo,027,18085,1469,1455,13,1468,38
2021-08-02,Kern,029,883053,101095,99556,12295,111851,1357
2021-08-02,Kings,031,150075,24254,23722,1210,24932,249
2021-08-02,Lake,033,64148,4572,4375,16,4391,66
2021-08-02,Lassen,035,31185,5392,5338,125,5463,21
2021-08-02,Los Angeles,037,10098052,1276658,1260807,46606,1307413,24705
2021-08-02,Madera,039,155013,17566,17158,1043,18201,245
2021-08-02,Marin,041,260295,15254,14859,299,15158,239
2021-08-02,Mariposa,043,17540,508,490,11,501,5
2021-08-02,Mendocino,045,87422,4706,4512,102,4614,49
2021-08-02,Merced,047,269075,32471,32163,1078,33241,474
2021-08-02,Modoc,049,8938,431,415,149,564,5
2021-08-02,Mono,051,14174,1309,1296,17,1313,3
2021-08-02,Monterey,053,433212,44239,43842,2055,45897,525
2021-08-02,Napa,055,140530,10675,10490,58,10548,82
2021-08-02,Nevada,057,99092,5960,5611,209,5820,73
2021-08-02,Orange,059,3164182,270455,266050,12379,278429,5146
2021-08-02,Placer,061,380077,26424,25516,1991,27507,306
2021-08-02,Plumas,063,18699,789,762,14,776,5
2021-08-02,Riverside,065,2383286,309390,302756,14795,317551,4562
2021-08-02,Sacramento,067,1510023,119881,117183,2305,119488,1728
2021-08-02,San Benito,069,59416,6329,6276,117,6393,63
2021-08-02,San Bernardino,071,2135413,307032,303000,9487,312487,5253
2021-08-02,San Diego,073,3302833,303419,299021,17405,316426,3798
2021-08-02,San Francisco,075,870044,42977,41553,1649,43202,562
2021-08-02,San Joaquin,077,732212,78747,77447,4030,81477,1461
2021-08-02,San Luis Obispo,079,281455,22648,22093,827,22920,261
2021-08-02,San Mateo,081,765935,45982,45154,634,45788,548
2021-08-02,Santa Barbara,083,443738,36401,35851,1298,37149,469
2021-08-02,Santa Clara,085,1922200,125730,123655,875,124530,2183
2021-08-02,Santa Cruz,087,273765,17086,16746,843,17589,207
2021-08-02,Shasta,089,179085,13414,13049,1801,14850,212
2021-08-02,Sierra,091,2930,78,71,12,83,0
2021-08-02,Siskiyou,093,43540,2103,1992,451,2443,31
2021-08-02,Solano,095,438530,36793,35852,775,36627,260
2021-08-02,Sonoma,097,501317,33948,33132,402,33534,330
2021-08-02,Stanislaus,099,539301,60149,59160,6439,65599,1037
2021-08-02,Sutter,101,95872,10451,10220,110,10330,127
2021-08-02,Tehama,103,63373,5366,5260,625,5885,66
2021-08-02,Trinity,105,12862,518,359,117,476,3
2021-08-02,Tulare,107,460477,51805,50640,9895,60535,854
2021-08-02,Tuolumne,109,53932,4620,4524,45,4569,64
2021-08-02,Ventura,111,848112,85495,84143,3562,87705,1044
2021-08-02,Yolo,113,214977,15428,15072,530,15602,215
2021-08-02,Yuba,115,75493,6916,6743,156,6899,50
2021-08-01,Alameda,001,1643700,98609,96775,2258,99033,1270
2021-08-01,Alpine,003,1148,90,91,0,91,0
2021-08-01,Amador,005,37829,4013,3923,34,3957,48
2021-08-01,Butte,007,227075,13680,13406,2070,15476,205
2021-08-01,Calaveras,009,45235,2408,2341,16,2357,57
2021-08-01,Colusa,011,21464,2059,2014,360,2374,16
2021-08-01,Contra Costa,013,1133247,78918,77360,1544,78904,836
2021-08-01,Del Norte,015,27424,1768,1642,14,1656,8
2021-08-01,El Dorado,017,186661,11484,11189,895,12084,116
2021-08-01,Fresno,019,978130,107248,105339,9249,114588,1744
2021-08-01,Glenn,021,27897,2524,2476,600,3076,20
2021-08-01,Humboldt,023,135768,5405,5118,83,5201,52
2021-08-01,Imperial,025,180216,29494,29297,2911,32208,743
2021-08-01,Inyo,027,18085,1467,1454,13,1467,38
2021-08-01,Kern,029,883053,100818,99396,12220,111616,1357
2021-08-01,Kings,031,150075,24167,23700,1205,24905,249
2021-08-01,Lake,033,64148,4493,4356,16,4372,66
2021-08-01,Lassen,035,31185,5379,5336,123,5459,21
2021-08-01,Los Angeles,037,10098052,1272972,1258461,46383,1304844,24700
2021-08-01,Madera,039,155013,17509,17146,1038,18184,245
2021-08-01,Marin,041,260295,15177,14844,298,15142,239
2021-08-01,Mariposa,043,17540,501,482,11,493,5
2021-08-01,Mendocino,045,87422,4660,4476,98,4574,49
2021-08-01,Merced,047,269075,32380,32144,1072,33216,474
2021-08-01,Modoc,049,8938,429,413,149,562,5
2021-08-01,Mono,051,14174,1306,1294,17,1311,3
2021-08-01,Monterey,053,433212,44191,43808,2042,45850,525
2021-08-01,Napa,055,140530,10627,10473,56,10529,82
2021-08-01,Nevada,057,99092,5873,5561,208,5769,73
2021-08-01,Orange,059,3164182,269642,265467,12336,277803,5146
2021-08-01,Placer,061,380077,26209,25464,1961,27425,306
2021-08-01,Plumas,063,18699,783,761,14,775,5
2021-08-01,Riverside,065,2383286,308457,302256,14777,317033,4562
2021-08-01,Sacramento,067,1510023,119145,116923,2288,119211,1727
2021-08-01,San Benito,069,59416,6312,6271,117,6388,63
2021-08-01,San Bernardino,071,2135413,306097,302542,9476,312018,5248
2021-08-01,San Diego,073,3302833,302230,298002,17346,315348,3798
2021-08-01,San Francisco,075,870044,42639,41432,1636,43068,562
2021-08-01,San Joaquin,077,732212,78381,77338,4003,81341,1461
2021-08-01,San Luis Obispo,079,281455,22545,22083,822,22905,261
2021-08-01,San Mateo,081,765935,45801,45036,626,45662,548
2021-08-01,Santa Barbara,083,443738,36278,35809,1294,37103,469
2021-08-01,Santa Clara,085,1922200,125319,123511,867,124378,2183
2021-08-01,Santa Cruz,087,273765,17007,16709,836,17545,207
2021-08-01,Shasta,089,179085,13343,13036,1792,14828,212
2021-08-01,Sierra,091,2930,76,71,12,83,0
2021-08-01,Siskiyou,093,43540,2097,1989,445,2434,31
2021-08-01,Solano,095,438530,36558,35800,766,36566,260
2021-08-01,Sonoma,097,501317,33756,33076,399,33475,330
2021-08-01,Stanislaus,099,539301,59907,59078,6407,65485,1037
2021-08-01,Sutter,101,95872,10396,10198,107,10305,127
2021-08-01,Tehama,103,63373,5349,5252,621,5873,66
2021-08-01,Trinity,105,12862,515,359,116,475,3
2021-08-01,Tulare,107,460477,51648,50600,9832,60432,854
2021-08-01,Tuolumne,109,53932,4582,4489,45,4534,64
2021-08-01,Ventura,111,848112,85265,84040,3547,87587,1044
2021-08-01,Yolo,113,214977,15356,15042,521,15563,215
2021-08-01,Yuba,115,75493,6879,6721,155,6876,50
2021-07-31,Alameda,001,1643700,98289,95279,2252,97531,1265
2021-07-31,Alpine,003,1148,90,89,0,89,0
2021-07-31,Amador,005,37829,3993,3877,34,3911,48
2021-07-31,Butte,007,227075,13647,13235,2050,15285,205
2021-07-31,Calaveras,009,45235,2401,2294,16,2310,57
2021-07-31,Colusa,011,21464,2053,2006,358,2364,16
2021-07-31,Contra Costa,013,1133247,78639,75866,1542,77408,832
2021-07-31,Del Norte,015,27424,1742,1576,14,1590,8
2021-07-31,El Dorado,017,186661,11431,11017,889,11906,116
2021-07-31,Fresno,019,978130,107089,104639,9235,113874,1744
2021-07-31,Glenn,021,27897,2519,2465,595,3060,20
2021-07-31,Humboldt,023,135768,5350,4978,82,5060,52
2021-07-31,Imperial,025,180216,29477,29164,2908,32072,743
2021-07-31,Inyo,027,18085,1464,1442,13,1455,38
2021-07-31,Kern,029,883053,100654,98903,12161,111064,1357
2021-07-31,Kings,031,150075,24114,23548,1200,24748,248
2021-07-31,Lake,033,64148,4468,4238,16,4254,66
2021-07-31,Lassen,035,31185,5372,5320,123,5443,21
2021-07-31,Los Angeles,037,10098052,1270777,1248545,46236,1294781,24691
2021-07-31,Madera,039,155013,17476,17058,1032,18090,245
2021-07-31,Marin,041,260295,15133,14701,297,14998,239
2021-07-31,Mariposa,043,17540,492,470,11,481,5
2021-07-31,Mendocino,045,87422,4635,4400,95,4495,49
2021-07-31,Merced,047,269075,32332,31959,1067,33026,474
2021-07-31,Modoc,049,8938,429,413,149,562,5
2021-07-31,Mono,051,14174,1304,1287,17,1304,3
2021-07-31,Monterey,053,433212,44151,43720,2032,45752,525
2021-07-31,Napa,055,140530,10607,10401,55,10456,82
2021-07-31,Nevada,057,99092,5834,5373,207,5580,72
2021-07-31,Orange,059,3164182,269068,263446,12317,275763,5144
2021-07-31,Placer,061,380077,26076,25104,1954,27058,306
2021-07-31,Plumas,063,18699,780,743,14,757,5
2021-07-31,Riverside,065,2383286,307841,300315,14767,315082,4554
2021-07-31,Sacramento,067,1510023,118733,115259,2282,117541,1720
2021-07-31,San Benito,069,59416,6301,6251,117,6368,63
2021-07-31,San Bernardino,071,2135413,305528,300726,9473,310199,5240
2021-07-31,San Diego,073,3302833,301556,295054,17310,312364,3798
2021-07-31,San Francisco,075,870044,42415,40412,1616,42028,562
2021-07-31,San Joaquin,077,732212,78216,76575,3990,80565,1443
2021-07-31,San Luis Obispo,079,281455,22491,21922,820,22742,260
2021-07-31,San Mateo,081,765935,45644,44622,621,45243,548
2021-07-31,Santa Barbara,083,443738,36196,35531,1293,36824,467
2021-07-31,Santa Clara,085,1922200,125064,122614,865,123479,2099
2021-07-31,Santa Cruz,087,273765,16968,16576,835,17411,207
2021-07-31,Shasta,089,179085,13307,12918,1784,14702,212
2021-07-31,Sierra,091,2930,76,68,12,80,0
2021-07-31,Siskiyou,093,43540,2088,1976,439,2415,31
2021-07-31,Solano,095,438530,36457,35340,758,36098,263
2021-07-31,Sonoma,097,501317,33631,32601,399,33000,329
2021-07-31,Stanislaus,099,539301,59745,58586,6384,64970,1035
2021-07-31,Sutter,101,95872,10361,10068,106,10174,127
2021-07-31,Tehama,103,63373,5334,5216,618,5834,66
2021-07-31,Trinity,105,12862,514,354,115,469,3
2021-07-31,Tulare,107,460477,51558,50409,9779,60188,854
2021-07-31,Tuolumne,109,53932,4543,4362,45,4407,64
2021-07-31,Ventura,111,848112,85104,83509,3530,87039,1044
2021-07-31,Yolo,113,214977,15308,14863,510,15373,215
2021-07-31,Yuba,115,75493,6856,6615,151,6766,50
2021-07-30,Alameda,001,1643700,97958,95279,2248,97527,1265
2021-07-30,Alpine,003,1148,90,89,0,89,0
2021-07-30,Amador,005,37829,3970,3877,34,3911,48
2021-07-30,Butte,007,227075,13592,13235,2037,15272,205
2021-07-30,Calaveras,009,45235,2390,2294,16,2310,57
2021-07-30,Colusa,011,21464,2049,2006,356,2362,16
2021-07-30,Contra Costa,013,1133247,78396,75866,1538,77404,832
2021-07-30,Del Norte,015,27424,1724,1576,14,1590,8
2021-07-30,El Dorado,017,186661,11398,11017,883,11900,116
2021-07-30,Fresno,019,978130,106895,104639,9223,113862,1744
2021-07-30,Glenn,021,27897,2514,2465,594,3059,20
2021-07-30,Humboldt,023,135768,5286,4978,79,5057,52
2021-07-30,Imperial,025,180216,29463,29164,2905,32069,743
2021-07-30,Inyo,027,18085,1463,1442,13,1455,38
2021-07-30,Kern,029,883053,100529,98903,12114,111017,1357
2021-07-30,Kings,031,150075,24074,23548,1196,24744,248
2021-07-30,Lake,033,64148,4440,4238,16,4254,66
2021-07-30,Lassen,035,31185,5368,5320,123,5443,21
2021-07-30,Los Angeles,037,10098052,1268456,1248545,46085,1294630,24691
2021-07-30,Madera,039,155013,17434,17058,1029,18087,245
2021-07-30,Marin,041,260295,15099,14701,297,14998,239
2021-07-30,Mariposa,043,17540,489,470,11,481,5
2021-07-30,Mendocino,045,87422,4605,4400,94,4494,49
2021-07-30,Merced,047,269075,32291,31959,1062,33021,474
2021-07-30,Modoc,049,8938,427,413,149,562,5
2021-07-30,Mono,051,14174,1299,1287,17,1304,3
2021-07-30,Monterey,053,433212,44117,43720,2023,45743,525
2021-07-30,Napa,055,140530,10585,10401,54,10455,82
2021-07-30,Nevada,057,99092,5777,5373,207,5580,72
2021-07-30,Orange,059,3164182,268443,263446,12291,275737,5144
2021-07-30,Placer,061,380077,25987,25104,1936,27040,306
2021-07-30,Plumas,063,18699,775,743,14,757,5
2021-07-30,Riverside,065,2383286,307204,300315,14757,315072,4554
2021-07-30,Sacramento,067,1510023,118282,115259,2278,117537,1720
2021-07-30,San Benito,069,59416,6294,6251,117,6368,63
2021-07-30,San Bernardino,071,2135413,305015,300726,9467,310193,5240
2021-07-30,San Diego,073,3302833,300785,295054,17252,312306,3798
2021-07-30,San Francisco,075,870044,42201,40412,1601,42013,562
2021-07-30,San Joaquin,077,732212,78062,76575,3985,80560,1443
2021-07-30,San Luis Obispo,079,281455,22453,21922,816,22738,260
2021-07-30,San Mateo,081,765935,45520,44622,608,45230,548
2021-07-30,Santa Barbara,083,443738,36127,35531,1287,36818,467
2021-07-30,Santa Clara,085,1922200,124840,122614,863,123477,2099
2021-07-30,Santa Cruz,087,273765,16942,16576,833,17409,207
2021-07-30,Shasta,089,179085,13260,12918,1784,14702,212
2021-07-30,Sierra,091,2930,75,68,12,80,0
2021-07-30,Siskiyou,093,43540,2079,1976,438,2414,31
2021-07-30,Solano,095,438530,36366,35340,742,36082,263
2021-07-30,Sonoma,097,501317,33536,32601,399,33000,329
2021-07-30,Stanislaus,099,539301,59600,58586,6363,64949,1035
2021-07-30,Sutter,101,95872,10325,10068,106,10174,127
2021-07-30,Tehama,103,63373,5323,5216,618,5834,66
2021-07-30,Trinity,105,12862,514,354,115,469,3
2021-07-30,Tulare,107,460477,51515,50409,9743,60152,854
2021-07-30,Tuolumne,109,53932,4525,4362,45,4407,64
2021-07-30,Ventura,111,848112,84940,83509,3515,87024,1044
2021-07-30,Yolo,113,214977,15245,14863,506,15369,215
2021-07-30,Yuba,115,75493,6820,6615,150,6765,50
2021-07-29,Alameda,001,1643700,97535,95279,2242,97521,1265
2021-07-29,Alpine,003,1148,90,89,0,89,0
2021-07-29,Amador,005,37829,3951,3877,34,3911,48
2021-07-29,Butte,007,227075,13544,13235,2029,15264,205
2021-07-29,Calaveras,009,45235,2373,2294,16,2310,57
2021-07-29,Colusa,011,21464,2042,2006,356,2362,16
2021-07-29,Contra Costa,013,1133247,77958,75866,1534,77400,832
2021-07-29,Del Norte,015,27424,1700,1576,14,1590,8
2021-07-29,El Dorado,017,186661,11334,11017,871,11888,116
2021-07-29,Fresno,019,978130,106632,104639,9196,113835,1744
2021-07-29,Glenn,021,27897,2504,2465,593,3058,20
2021-07-29,Humboldt,023,135768,5226,4978,77,5055,52
2021-07-29,Imperial,025,180216,29417,29164,2903,32067,743
2021-07-29,Inyo,027,18085,1459,1442,13,1455,38
2021-07-29,Kern,029,883053,100323,98903,12036,110939,1357
2021-07-29,Kings,031,150075,24028,23548,1192,24740,248
2021-07-29,Lake,033,64148,4405,4238,16,4254,66
2021-07-29,Lassen,035,31185,5360,5320,120,5440,21
2021-07-29,Los Angeles,037,10098052,1265367,1248545,45902,1294447,24691
2021-07-29,Madera,039,155013,17387,17058,1025,18083,245
2021-07-29,Marin,041,260295,15056,14701,297,14998,239
2021-07-29,Mariposa,043,17540,485,470,11,481,5
2021-07-29,Mendocino,045,87422,4582,4400,92,4492,49
2021-07-29,Merced,047,269075,32236,31959,1062,33021,474
2021-07-29,Modoc,049,8938,427,413,149,562,5
2021-07-29,Mono,051,14174,1297,1287,17,1304,3
2021-07-29,Monterey,053,433212,44068,43720,2013,45733,525
2021-07-29,Napa,055,140530,10553,10401,52,10453,82
2021-07-29,Nevada,057,99092,5725,5373,206,5579,72
2021-07-29,Orange,059,3164182,267730,263446,12259,275705,5144
2021-07-29,Placer,061,380077,25864,25104,1921,27025,306
2021-07-29,Plumas,063,18699,767,743,14,757,5
2021-07-29,Riverside,065,2383286,306499,300315,14733,315048,4554
2021-07-29,Sacramento,067,1510023,117728,115259,2265,117524,1720
2021-07-29,San Benito,069,59416,6283,6251,117,6368,63
2021-07-29,San Bernardino,071,2135413,304376,300726,9457,310183,5240
2021-07-29,San Diego,073,3302833,299725,295054,17192,312246,3798
2021-07-29,San Francisco,075,870044,41954,40412,1580,41992,562
2021-07-29,San Joaquin,077,732212,77807,76575,3977,80552,1443
2021-07-29,San Luis Obispo,079,281455,22399,21922,814,22736,260
2021-07-29,San Mateo,081,765935,45393,44622,598,45220,548
2021-07-29,Santa Barbara,083,443738,36042,35531,1286,36817,467
2021-07-29,Santa Clara,085,1922200,124543,122614,860,123474,2099
2021-07-29,Santa Cruz,087,273765,16889,16576,831,17407,207
2021-07-29,Shasta,089,179085,13206,12918,1775,14693,212
2021-07-29,Sierra,091,2930,75,68,12,80,0
2021-07-29,Siskiyou,093,43540,2074,1976,436,2412,31
2021-07-29,Solano,095,438530,36206,35340,732,36072,263
2021-07-29,Sonoma,097,501317,33361,32601,397,32998,329
2021-07-29,Stanislaus,099,539301,59427,58586,6346,64932,1035
2021-07-29,Sutter,101,95872,10279,10068,105,10173,127
2021-07-29,Tehama,103,63373,5311,5216,612,5828,66
2021-07-29,Trinity,105,12862,512,354,114,468,3
2021-07-29,Tulare,107,460477,51425,50409,9703,60112,854
2021-07-29,Tuolumne,109,53932,4484,4362,44,4406,64
2021-07-29,Ventura,111,848112,84774,83509,3508,87017,1044
2021-07-29,Yolo,113,214977,15177,14863,492,15355,215
2021-07-29,Yuba,115,75493,6772,6615,147,6762,50
2021-07-28,Alameda,001,1643700,97069,94965,2235,97200,1262
2021-07-28,Alpine,003,1148,90,89,0,89,0
2021-07-28,Amador,005,37829,3937,3870,34,3904,48
2021-07-28,Butte,007,227075,13488,13184,2016,15200,205
2021-07-28,Calaveras,009,45235,2354,2289,16,2305,57
2021-07-28,Colusa,011,21464,2038,2001,355,2356,16
2021-07-28,Contra Costa,013,1133247,77472,75487,1526,77013,832
2021-07-28,Del Norte,015,27424,1667,1545,14,1559,8
2021-07-28,El Dorado,017,186661,11285,10967,861,11828,116
2021-07-28,Fresno,019,978130,106384,104458,9176,113634,1744
2021-07-28,Glenn,021,27897,2500,2464,590,3054,20
2021-07-28,Humboldt,023,135768,5175,4946,76,5022,52
2021-07-28,Imperial,025,180216,29370,29096,2903,31999,743
2021-07-28,Inyo,027,18085,1453,1439,12,1451,38
2021-07-28,Kern,029,883053,100166,98781,11989,110770,1352
2021-07-28,Kings,031,150075,23964,23503,1182,24685,248
2021-07-28,Lake,033,64148,4359,4191,15,4206,65
2021-07-28,Lassen,035,31185,5352,5318,120,5438,21
2021-07-28,Los Angeles,037,10098052,1262204,1245485,45731,1291216,24673
2021-07-28,Madera,039,155013,17346,17024,1019,18043,245
2021-07-28,Marin,041,260295,15001,14652,297,14949,239
2021-07-28,Mariposa,043,17540,478,469,11,480,5
2021-07-28,Mendocino,045,87422,4554,4377,92,4469,49
2021-07-28,Merced,047,269075,32180,31886,1058,32944,474
2021-07-28,Modoc,049,8938,425,413,149,562,5
2021-07-28,Mono,051,14174,1296,1286,17,1303,3
2021-07-28,Monterey,053,433212,44021,43668,2003,45671,524
2021-07-28,Napa,055,140530,10513,10376,50,10426,82
2021-07-28,Nevada,057,99092,5670,5320,206,5526,72
2021-07-28,Orange,059,3164182,266938,262735,12229,274964,5143
2021-07-28,Placer,061,380077,25716,24978,1905,26883,306
2021-07-28,Plumas,063,18699,762,754,14,768,5
2021-07-28,Riverside,065,2383286,305731,299611,14714,314325,4554
2021-07-28,Sacramento,067,1510023,117077,114665,2244,116909,1714
2021-07-28,San Benito,069,59416,6272,6236,117,6353,63
2021-07-28,San Bernardino,071,2135413,303746,300121,9445,309566,5236
2021-07-28,San Diego,073,3302833,298440,294176,17128,311304,3798
2021-07-28,San Francisco,075,870044,41619,40144,1554,41698,561
2021-07-28,San Joaquin,077,732212,77557,76312,3947,80259,1443
2021-07-28,San Luis Obispo,079,281455,22340,21865,813,22678,260
2021-07-28,San Mateo,081,765935,45243,44477,589,45066,547
2021-07-28,Santa Barbara,083,443738,35966,35431,1281,36712,467
2021-07-28,Santa Clara,085,1922200,124282,122345,858,123203,2099
2021-07-28,Santa Cruz,087,273765,16851,16551,830,17381,207
2021-07-28,Shasta,089,179085,13162,12882,1765,14647,212
2021-07-28,Sierra,091,2930,71,67,12,79,0
2021-07-28,Siskiyou,093,43540,2065,1971,433,2404,31
2021-07-28,Solano,095,438530,36032,35204,725,35929,262
2021-07-28,Sonoma,097,501317,33218,32434,394,32828,328
2021-07-28,Stanislaus,099,539301,59228,58427,6330,64757,1035
2021-07-28,Sutter,101,95872,10247,10033,104,10137,126
2021-07-28,Tehama,103,63373,5299,5209,609,5818,66
2021-07-28,Trinity,105,12862,511,352,114,466,3
2021-07-28,Tulare,107,460477,51337,50363,9655,60018,854
2021-07-28,Tuolumne,109,53932,4445,4313,44,4357,64
2021-07-28,Ventura,111,848112,84578,83360,3492,86852,1043
2021-07-28,Yolo,113,214977,15105,14801,484,15285,215
2021-07-28,Yuba,115,75493,6739,6591,146,6737,51
2021-07-27,Alameda,001,1643700,96669,94682,2226,96908,1256
2021-07-27,Alpine,003,1148,90,89,0,89,0
2021-07-27,Amador,005,37829,3921,3861,34,3895,48
2021-07-27,Butte,007,227075,13439,13127,2005,15132,205
2021-07-27,Calaveras,009,45235,2341,2280,16,2296,57
2021-07-27,Colusa,011,21464,2030,1999,354,2353,16
2021-07-27,Contra Costa,013,1133247,76984,75227,1522,76749,830
2021-07-27,Del Norte,015,27424,1647,1538,14,1552,8
2021-07-27,El Dorado,017,186661,11225,10941,851,11792,116
2021-07-27,Fresno,019,978130,106090,104288,9152,113440,1746
2021-07-27,Glenn,021,27897,2492,2460,588,3048,20
2021-07-27,Humboldt,023,135768,5121,4925,75,5000,52
2021-07-27,Imperial,025,180216,29325,29048,2902,31950,743
2021-07-27,Inyo,027,18085,1451,1430,12,1442,38
2021-07-27,Kern,029,883053,99996,98724,11933,110657,1352
2021-07-27,Kings,031,150075,23907,23463,1172,24635,248
2021-07-27,Lake,033,64148,4320,4157,15,4172,65
2021-07-27,Lassen,035,31185,5346,5315,120,5435,21
2021-07-27,Los Angeles,037,10098052,1258762,1243336,45560,1288896,24658
2021-07-27,Madera,039,155013,17293,16998,1014,18012,245
2021-07-27,Marin,041,260295,14953,14631,294,14925,239
2021-07-27,Mariposa,043,17540,475,468,11,479,5
2021-07-27,Mendocino,045,87422,4531,4371,92,4463,49
2021-07-27,Merced,047,269075,32113,31825,1055,32880,473
2021-07-27,Modoc,049,8938,424,413,149,562,5
2021-07-27,Mono,051,14174,1292,1288,17,1305,3
2021-07-27,Monterey,053,433212,43981,43646,1992,45638,523
2021-07-27,Napa,055,140530,10483,10354,50,10404,82
2021-07-27,Nevada,057,99092,5593,5305,204,5509,72
2021-07-27,Orange,059,3164182,266194,262193,12204,274397,5143
2021-07-27,Placer,061,380077,25557,24916,1879,26795,306
2021-07-27,Plumas,063,18699,759,752,14,766,5
2021-07-27,Riverside,065,2383286,305000,299160,14695,313855,4554
2021-07-27,Sacramento,067,1510023,116473,114413,2235,116648,1710
2021-07-27,San Benito,069,59416,6263,6229,117,6346,63
2021-07-27,San Bernardino,071,2135413,303039,299593,9423,309016,5236
2021-07-27,San Diego,073,3302833,297349,293408,17055,310463,3798
2021-07-27,San Francisco,075,870044,41260,39939,1536,41475,561
2021-07-27,San Joaquin,077,732212,77294,76166,3927,80093,1442
2021-07-27,San Luis Obispo,079,281455,22285,21803,804,22607,260
2021-07-27,San Mateo,081,765935,45092,44378,586,44964,547
2021-07-27,Santa Barbara,083,443738,35868,35355,1279,36634,467
2021-07-27,Santa Clara,085,1922200,123988,122154,856,123010,2099
2021-07-27,Santa Cruz,087,273765,16805,16523,829,17352,207
2021-07-27,Shasta,089,179085,13111,12846,1752,14598,212
2021-07-27,Sierra,091,2930,71,65,12,77,0
2021-07-27,Siskiyou,093,43540,2060,1964,430,2394,31
2021-07-27,Solano,095,438530,35900,35093,715,35808,261
2021-07-27,Sonoma,097,501317,33073,32367,392,32759,328
2021-07-27,Stanislaus,099,539301,59056,58333,6304,64637,1033
2021-07-27,Sutter,101,95872,10206,9998,104,10102,115
2021-07-27,Tehama,103,63373,5278,5192,607,5799,66
2021-07-27,Trinity,105,12862,510,351,114,465,3
2021-07-27,Tulare,107,460477,51269,50324,9625,59949,854
2021-07-27,Tuolumne,109,53932,4393,4282,44,4326,64
2021-07-27,Ventura,111,848112,84370,83189,3480,86669,1043
2021-07-27,Yolo,113,214977,15031,14759,478,15237,215
2021-07-27,Yuba,115,75493,6717,6564,144,6708,51
2021-07-26,Alameda,001,1643700,96223,94436,2220,96656,1259
2021-07-26,Alpine,003,1148,90,89,0,89,0
2021-07-26,Amador,005,37829,3911,3854,34,3888,48
2021-07-26,Butte,007,227075,13384,13082,1994,15076,203
2021-07-26,Calaveras,009,45235,2333,2276,16,2292,57
2021-07-26,Colusa,011,21464,2023,1996,352,2348,16
2021-07-26,Contra Costa,013,1133247,76484,74854,1515,76369,830
2021-07-26,Del Norte,015,27424,1626,1530,14,1544,8
2021-07-26,El Dorado,017,186661,11161,10899,848,11747,116
2021-07-26,Fresno,019,978130,105887,104143,9128,113271,1742
2021-07-26,Glenn,021,27897,2490,2461,587,3048,20
2021-07-26,Humboldt,023,135768,5082,4906,73,4979,52
2021-07-26,Imperial,025,180216,29285,29034,2901,31935,743
2021-07-26,Inyo,027,18085,1446,1429,12,1441,38
2021-07-26,Kern,029,883053,99830,98633,11868,110501,1351
2021-07-26,Kings,031,150075,23858,23426,1168,24594,247
2021-07-26,Lake,033,64148,4299,4133,15,4148,65
2021-07-26,Lassen,035,31185,5342,5314,120,5434,21
2021-07-26,Los Angeles,037,10098052,1255436,1241527,45390,1286917,24647
2021-07-26,Madera,039,155013,17265,16971,1007,17978,245
2021-07-26,Marin,041,260295,14896,14579,293,14872,239
2021-07-26,Mariposa,043,17540,474,467,11,478,5
2021-07-26,Mendocino,045,87422,4510,4354,92,4446,49
2021-07-26,Merced,047,269075,32022,31774,1051,32825,473
2021-07-26,Modoc,049,8938,424,413,149,562,5
2021-07-26,Mono,051,14174,1291,1286,17,1303,3
2021-07-26,Monterey,053,433212,43938,43595,1979,45574,521
2021-07-26,Napa,055,140530,10460,10332,50,10382,82
2021-07-26,Nevada,057,99092,5507,5280,204,5484,72
2021-07-26,Orange,059,3164182,265556,261803,12183,273986,5142
2021-07-26,Placer,061,380077,25421,24842,1858,26700,304
2021-07-26,Plumas,063,18699,755,750,14,764,5
2021-07-26,Riverside,065,2383286,304306,298626,14681,313307,4553
2021-07-26,Sacramento,067,1510023,115871,113986,2219,116205,1705
2021-07-26,San Benito,069,59416,6257,6222,117,6339,63
2021-07-26,San Bernardino,071,2135413,302427,299238,9411,308649,5237
2021-07-26,San Diego,073,3302833,296235,292688,16981,309669,3793
2021-07-26,San Francisco,075,870044,40906,39800,1510,41310,561
2021-07-26,San Joaquin,077,732212,77059,76033,3923,79956,1440
2021-07-26,San Luis Obispo,079,281455,22236,21752,801,22553,260
2021-07-26,San Mateo,081,765935,44943,44297,577,44874,547
2021-07-26,Santa Barbara,083,443738,35796,35311,1267,36578,467
2021-07-26,Santa Clara,085,1922200,123679,121978,847,122825,2099
2021-07-26,Santa Cruz,087,273765,16766,16493,826,17319,207
2021-07-26,Shasta,089,179085,13062,12819,1739,14558,211
2021-07-26,Sierra,091,2930,70,65,12,77,0
2021-07-26,Siskiyou,093,43540,2057,1962,428,2390,31
2021-07-26,Solano,095,438530,35745,34990,707,35697,259
2021-07-26,Sonoma,097,501317,32938,32283,390,32673,328
2021-07-26,Stanislaus,099,539301,58911,58219,6285,64504,1033
2021-07-26,Sutter,101,95872,10166,9963,101,10064,115
2021-07-26,Tehama,103,63373,5268,5183,603,5786,66
2021-07-26,Trinity,105,12862,510,351,113,464,3
2021-07-26,Tulare,107,460477,51204,50265,9594,59859,854
2021-07-26,Tuolumne,109,53932,4362,4271,44,4315,64
2021-07-26,Ventura,111,848112,84197,83072,3465,86537,1041
2021-07-26,Yolo,113,214977,14970,14727,465,15192,215
2021-07-26,Yuba,115,75493,6683,6538,142,6680,51
2021-07-25,Alameda,001,1643700,95731,94146,2212,96358,1259
2021-07-25,Alpine,003,1148,88,89,0,89,0
2021-07-25,Amador,005,37829,3896,3848,34,3882,48
2021-07-25,Butte,007,227075,13345,13074,1984,15058,203
2021-07-25,Calaveras,009,45235,2322,2275,16,2291,57
2021-07-25,Colusa,011,21464,2014,1996,348,2344,16
2021-07-25,Contra Costa,013,1133247,75999,74634,1501,76135,830
2021-07-25,Del Norte,015,27424,1605,1526,14,1540,8
2021-07-25,El Dorado,017,186661,11103,10878,845,11723,116
2021-07-25,Fresno,019,978130,105646,104019,9112,113131,1742
2021-07-25,Glenn,021,27897,2481,2461,585,3046,20
2021-07-25,Humboldt,023,135768,5022,4892,71,4963,52
2021-07-25,Imperial,025,180216,29248,29037,2900,31937,743
2021-07-25,Inyo,027,18085,1441,1427,12,1439,38
2021-07-25,Kern,029,883053,99658,98503,11797,110300,1351
2021-07-25,Kings,031,150075,23804,23396,1164,24560,247
2021-07-25,Lake,033,64148,4246,4109,14,4123,65
2021-07-25,Lassen,035,31185,5337,5314,120,5434,21
2021-07-25,Los Angeles,037,10098052,1252036,1239596,45215,1284811,24643
2021-07-25,Madera,039,155013,17228,16947,1000,17947,245
2021-07-25,Marin,041,260295,14846,14558,290,14848,239
2021-07-25,Mariposa,043,17540,471,465,11,476,5
2021-07-25,Mendocino,045,87422,4481,4335,90,4425,49
2021-07-25,Merced,047,269075,31949,31760,1049,32809,473
2021-07-25,Modoc,049,8938,424,413,149,562,5
2021-07-25,Mono,051,14174,1288,1286,17,1303,3
2021-07-25,Monterey,053,433212,43899,43590,1971,45561,521
2021-07-25,Napa,055,140530,10424,10316,49,10365,82
2021-07-25,Nevada,057,99092,5442,5256,201,5457,72
2021-07-25,Orange,059,3164182,264848,261351,12160,273511,5142
2021-07-25,Placer,061,380077,25300,24755,1837,26592,304
2021-07-25,Plumas,063,18699,753,750,14,764,5
2021-07-25,Riverside,065,2383286,303542,298181,14663,312844,4553
2021-07-25,Sacramento,067,1510023,115322,113611,2203,115814,1704
2021-07-25,San Benito,069,59416,6250,6217,117,6334,63
2021-07-25,San Bernardino,071,2135413,301773,298982,9405,308387,5237
2021-07-25,San Diego,073,3302833,295161,290626,16913,307539,3793
2021-07-25,San Francisco,075,870044,40569,39663,1485,41148,561
2021-07-25,San Joaquin,077,732212,76804,75926,3904,79830,1440
2021-07-25,San Luis Obispo,079,281455,22163,21741,798,22539,260
2021-07-25,San Mateo,081,765935,44780,44189,571,44760,547
2021-07-25,Santa Barbara,083,443738,35717,35261,1264,36525,467
2021-07-25,Santa Clara,085,1922200,123349,121800,842,122642,2099
2021-07-25,Santa Cruz,087,273765,16719,16474,825,17299,207
2021-07-25,Shasta,089,179085,13015,12815,1734,14549,211
2021-07-25,Sierra,091,2930,70,65,12,77,0
2021-07-25,Siskiyou,093,43540,2049,1963,425,2388,31
2021-07-25,Solano,095,438530,35551,34863,704,35567,259
2021-07-25,Sonoma,097,501317,32813,32202,387,32589,328
2021-07-25,Stanislaus,099,539301,58745,58154,6280,64434,1033
2021-07-25,Sutter,101,95872,10112,9937,99,10036,115
2021-07-25,Tehama,103,63373,5252,5181,602,5783,66
2021-07-25,Trinity,105,12862,508,351,111,462,3
2021-07-25,Tulare,107,460477,51127,50221,9556,59777,854
2021-07-25,Tuolumne,109,53932,4310,4267,44,4311,64
2021-07-25,Ventura,111,848112,83983,82986,3442,86428,1041
2021-07-25,Yolo,113,214977,14909,14693,452,15145,215
2021-07-25,Yuba,115,75493,6650,6519,142,6661,51
2021-07-24,Alameda,001,1643700,95457,93170,2208,95378,1259
2021-07-24,Alpine,003,1148,88,89,0,89,0
2021-07-24,Amador,005,37829,3887,3816,34,3850,48
2021-07-24,Butte,007,227075,13316,12982,1982,14964,203
2021-07-24,Calaveras,009,45235,2316,2267,16,2283,57
2021-07-24,Colusa,011,21464,2013,1992,346,2338,16
2021-07-24,Contra Costa,013,1133247,75773,73682,1498,75180,830
2021-07-24,Del Norte,015,27424,1594,1497,14,1511,8
2021-07-24,El Dorado,017,186661,11069,10773,842,11615,116
2021-07-24,Fresno,019,978130,105528,103637,9103,112740,1736
2021-07-24,Glenn,021,27897,2480,2457,585,3042,20
2021-07-24,Humboldt,023,135768,4988,4780,70,4850,52
2021-07-24,Imperial,025,180216,29228,28996,2900,31896,742
2021-07-24,Inyo,027,18085,1438,1424,12,1436,38
2021-07-24,Kern,029,883053,99579,98261,11775,110036,1350
2021-07-24,Kings,031,150075,23773,23304,1161,24465,246
2021-07-24,Lake,033,64148,4223,3963,14,3977,64
2021-07-24,Lassen,035,31185,5336,5311,120,5431,21
2021-07-24,Los Angeles,037,10098052,1250269,1232164,45095,1277259,24623
2021-07-24,Madera,039,155013,17204,16885,998,17883,245
2021-07-24,Marin,041,260295,14807,14454,290,14744,238
2021-07-24,Mariposa,043,17540,471,453,11,464,5
2021-07-24,Mendocino,045,87422,4456,4293,90,4383,49
2021-07-24,Merced,047,269075,31927,31661,1048,32709,473
2021-07-24,Modoc,049,8938,424,413,149,562,5
2021-07-24,Mono,051,14174,1286,1284,17,1301,3
2021-07-24,Monterey,053,433212,43874,43525,1964,45489,521
2021-07-24,Napa,055,140530,10408,10230,49,10279,81
2021-07-24,Nevada,057,99092,5410,5183,201,5384,72
2021-07-24,Orange,059,3164182,264384,259973,12148,272121,5141
2021-07-24,Placer,061,380077,25217,24530,1832,26362,303
2021-07-24,Plumas,063,18699,752,737,14,751,4
2021-07-24,Riverside,065,2383286,303074,296912,14653,311565,4552
2021-07-24,Sacramento,067,1510023,115004,112438,2199,114637,1698
2021-07-24,San Benito,069,59416,6246,6200,116,6316,63
2021-07-24,San Bernardino,071,2135413,301383,297899,9396,307295,5236
2021-07-24,San Diego,073,3302833,294694,289368,16886,306254,3788
2021-07-24,San Francisco,075,870044,40404,38954,1468,40422,561
2021-07-24,San Joaquin,077,732212,76676,75461,3893,79354,1436
2021-07-24,San Luis Obispo,079,281455,22132,21616,796,22412,260
2021-07-24,San Mateo,081,765935,44662,43880,565,44445,542
2021-07-24,Santa Barbara,083,443738,35657,35071,1260,36331,465
2021-07-24,Santa Clara,085,1922200,123137,121092,841,121933,2099
2021-07-24,Santa Cruz,087,273765,16697,16416,825,17241,207
2021-07-24,Shasta,089,179085,12987,12759,1731,14490,211
2021-07-24,Sierra,091,2930,69,64,12,76,0
2021-07-24,Siskiyou,093,43540,2049,1951,425,2376,31
2021-07-24,Solano,095,438530,35459,34499,695,35194,259
2021-07-24,Sonoma,097,501317,32689,31928,385,32313,327
2021-07-24,Stanislaus,099,539301,58653,57879,6270,64149,1030
2021-07-24,Sutter,101,95872,10085,9890,99,9989,115
2021-07-24,Tehama,103,63373,5245,5166,600,5766,65
2021-07-24,Trinity,105,12862,508,345,111,456,3
2021-07-24,Tulare,107,460477,51084,50104,9538,59642,854
2021-07-24,Tuolumne,109,53932,4284,4216,44,4260,64
2021-07-24,Ventura,111,848112,83856,82687,3425,86112,1041
2021-07-24,Yolo,113,214977,14872,14557,449,15006,214
2021-07-24,Yuba,115,75493,6631,6449,142,6591,51
2021-07-23,Alameda,001,1643700,95203,93170,2202,95372,1259
2021-07-23,Alpine,003,1148,88,89,0,89,0
2021-07-23,Amador,005,37829,3880,3816,34,3850,48
2021-07-23,Butte,007,227075,13287,12982,1974,14956,203
2021-07-23,Calaveras,009,45235,2301,2267,16,2283,57
2021-07-23,Colusa,011,21464,2012,1992,346,2338,16
2021-07-23,Contra Costa,013,1133247,75515,73682,1488,75170,830
2021-07-23,Del Norte,015,27424,1586,1497,14,1511,8
2021-07-23,El Dorado,017,186661,11040,10773,838,11611,116
2021-07-23,Fresno,019,978130,105397,103637,9093,112730,1736
2021-07-23,Glenn,021,27897,2478,2457,582,3039,20
2021-07-23,Humboldt,023,135768,4966,4780,68,4848,52
2021-07-23,Imperial,025,180216,29216,28996,2900,31896,742
2021-07-23,Inyo,027,18085,1435,1424,12,1436,38
2021-07-23,Kern,029,883053,99496,98261,11749,110010,1350
2021-07-23,Kings,031,150075,23742,23304,1158,24462,246
2021-07-23,Lake,033,64148,4193,3963,14,3977,64
2021-07-23,Lassen,035,31185,5334,5311,120,5431,21
2021-07-23,Los Angeles,037,10098052,1248345,1232164,45009,1277173,24623
2021-07-23,Madera,039,155013,17174,16885,993,17878,245
2021-07-23,Marin,041,260295,14770,14454,288,14742,238
2021-07-23,Mariposa,043,17540,468,453,11,464,5
2021-07-23,Mendocino,045,87422,4443,4293,90,4383,49
2021-07-23,Merced,047,269075,31901,31661,1048,32709,473
2021-07-23,Modoc,049,8938,424,413,149,562,5
2021-07-23,Mono,051,14174,1285,1284,17,1301,3
2021-07-23,Monterey,053,433212,43849,43525,1964,45489,521
2021-07-23,Napa,055,140530,10387,10230,49,10279,81
2021-07-23,Nevada,057,99092,5365,5183,201,5384,72
2021-07-23,Orange,059,3164182,263934,259973,12125,272098,5141
2021-07-23,Placer,061,380077,25137,24530,1816,26346,303
2021-07-23,Plumas,063,18699,750,737,14,751,4
2021-07-23,Riverside,065,2383286,302609,296912,14641,311553,4552
2021-07-23,Sacramento,067,1510023,114648,112438,2197,114635,1698
2021-07-23,San Benito,069,59416,6240,6200,116,6316,63
2021-07-23,San Bernardino,071,2135413,301005,297899,9387,307286,5236
2021-07-23,San Diego,073,3302833,294091,289368,16838,306206,3788
2021-07-23,San Francisco,075,870044,40221,38954,1455,40409,561
2021-07-23,San Joaquin,077,732212,76573,75461,3878,79339,1436
2021-07-23,San Luis Obispo,079,281455,22094,21616,796,22412,260
2021-07-23,San Mateo,081,765935,44557,43880,560,44440,542
2021-07-23,Santa Barbara,083,443738,35590,35071,1259,36330,465
2021-07-23,Santa Clara,085,1922200,122918,121092,838,121930,2099
2021-07-23,Santa Cruz,087,273765,16672,16416,825,17241,207
2021-07-23,Shasta,089,179085,12960,12759,1728,14487,211
2021-07-23,Sierra,091,2930,69,64,12,76,0
2021-07-23,Siskiyou,093,43540,2047,1951,425,2376,31
2021-07-23,Solano,095,438530,35366,34499,691,35190,259
2021-07-23,Sonoma,097,501317,32595,31928,384,32312,327
2021-07-23,Stanislaus,099,539301,58576,57879,6260,64139,1030
2021-07-23,Sutter,101,95872,10056,9890,99,9989,115
2021-07-23,Tehama,103,63373,5236,5166,600,5766,65
2021-07-23,Trinity,105,12862,507,345,110,455,3
2021-07-23,Tulare,107,460477,51038,50104,9513,59617,854
2021-07-23,Tuolumne,109,53932,4262,4216,44,4260,64
2021-07-23,Ventura,111,848112,83694,82687,3407,86094,1041
2021-07-23,Yolo,113,214977,14833,14557,442,14999,214
2021-07-23,Yuba,115,75493,6605,6449,141,6590,51
2021-07-22,Alameda,001,1643700,94855,93170,2197,95367,1259
2021-07-22,Alpine,003,1148,88,89,0,89,0
2021-07-22,Amador,005,37829,3871,3816,34,3850,48
2021-07-22,Butte,007,227075,13253,12982,1965,14947,203
2021-07-22,Calaveras,009,45235,2290,2267,16,2283,57
2021-07-22,Colusa,011,21464,2010,1992,343,2335,16
2021-07-22,Contra Costa,013,1133247,75175,73682,1484,75166,830
2021-07-22,Del Norte,015,27424,1569,1497,14,1511,8
2021-07-22,El Dorado,017,186661,11005,10773,830,11603,116
2021-07-22,Fresno,019,978130,105268,103637,9083,112720,1736
2021-07-22,Glenn,021,27897,2474,2457,582,3039,20
2021-07-22,Humboldt,023,135768,4935,4780,66,4846,52
2021-07-22,Imperial,025,180216,29186,28996,2900,31896,742
2021-07-22,Inyo,027,18085,1433,1424,12,1436,38
2021-07-22,Kern,029,883053,99380,98261,11707,109968,1350
2021-07-22,Kings,031,150075,23703,23304,1156,24460,246
2021-07-22,Lake,033,64148,4142,3963,14,3977,64
2021-07-22,Lassen,035,31185,5331,5311,120,5431,21
2021-07-22,Los Angeles,037,10098052,1245942,1232164,44852,1277016,24623
2021-07-22,Madera,039,155013,17139,16885,991,17876,245
2021-07-22,Marin,041,260295,14729,14454,287,14741,238
2021-07-22,Mariposa,043,17540,461,453,11,464,5
2021-07-22,Mendocino,045,87422,4430,4293,89,4382,49
2021-07-22,Merced,047,269075,31859,31661,1046,32707,473
2021-07-22,Modoc,049,8938,424,413,149,562,5
2021-07-22,Mono,051,14174,1284,1284,17,1301,3
2021-07-22,Monterey,053,433212,43820,43525,1958,45483,521
2021-07-22,Napa,055,140530,10369,10230,49,10279,81
2021-07-22,Nevada,057,99092,5339,5183,200,5383,72
2021-07-22,Orange,059,3164182,263380,259973,12116,272089,5141
2021-07-22,Placer,061,380077,25043,24530,1805,26335,303
2021-07-22,Plumas,063,18699,749,737,14,751,4
2021-07-22,Riverside,065,2383286,302100,296912,14620,311532,4552
2021-07-22,Sacramento,067,1510023,114210,112438,2188,114626,1698
2021-07-22,San Benito,069,59416,6232,6200,116,6316,63
2021-07-22,San Bernardino,071,2135413,300607,297899,9371,307270,5236
2021-07-22,San Diego,073,3302833,293367,289368,16778,306146,3788
2021-07-22,San Francisco,075,870044,40008,38954,1443,40397,561
2021-07-22,San Joaquin,077,732212,76430,75461,3865,79326,1436
2021-07-22,San Luis Obispo,079,281455,22057,21616,792,22408,260
2021-07-22,San Mateo,081,765935,44445,43880,555,44435,542
2021-07-22,Santa Barbara,083,443738,35525,35071,1257,36328,465
2021-07-22,Santa Clara,085,1922200,122676,121092,835,121927,2099
2021-07-22,Santa Cruz,087,273765,16635,16416,825,17241,207
2021-07-22,Shasta,089,179085,12936,12759,1724,14483,211
2021-07-22,Sierra,091,2930,67,64,12,76,0
2021-07-22,Siskiyou,093,43540,2044,1951,425,2376,31
2021-07-22,Solano,095,438530,35216,34499,684,35183,259
2021-07-22,Sonoma,097,501317,32485,31928,382,32310,327
2021-07-22,Stanislaus,099,539301,58447,57879,6248,64127,1030
2021-07-22,Sutter,101,95872,10035,9890,99,9989,115
2021-07-22,Tehama,103,63373,5230,5166,600,5766,65
2021-07-22,Trinity,105,12862,507,345,110,455,3
2021-07-22,Tulare,107,460477,50995,50104,9485,59589,854
2021-07-22,Tuolumne,109,53932,4250,4216,44,4260,64
2021-07-22,Ventura,111,848112,83560,82687,3394,86081,1041
2021-07-22,Yolo,113,214977,14795,14557,441,14998,214
2021-07-22,Yuba,115,75493,6574,6449,138,6587,51
2021-07-21,Alameda,001,1643700,94533,92840,2194,95034,1256
2021-07-21,Alpine,003,1148,88,89,0,89,0
2021-07-21,Amador,005,37829,3858,3813,34,3847,48
2021-07-21,Butte,007,227075,13212,12939,1960,14899,203
2021-07-21,Calaveras,009,45235,2285,2257,16,2273,57
2021-07-21,Colusa,011,21464,2006,1988,342,2330,16
2021-07-21,Contra Costa,013,1133247,74910,73320,1475,74795,827
2021-07-21,Del Norte,015,27424,1559,1492,14,1506,8
2021-07-21,El Dorado,017,186661,10970,10742,826,11568,116
2021-07-21,Fresno,019,978130,105120,103504,9074,112578,1736
2021-07-21,Glenn,021,27897,2472,2455,581,3036,20
2021-07-21,Humboldt,023,135768,4903,4763,64,4827,52
2021-07-21,Imperial,025,180216,29174,28964,2893,31857,742
2021-07-21,Inyo,027,18085,1433,1423,12,1435,38
2021-07-21,Kern,029,883053,99262,98152,11666,109818,1350
2021-07-21,Kings,031,150075,23675,23270,1152,24422,246
2021-07-21,Lake,033,64148,4077,3896,14,3910,64
2021-07-21,Lassen,035,31185,5328,5310,120,5430,21
2021-07-21,Los Angeles,037,10098052,1243463,1229598,44727,1274325,24609
2021-07-21,Madera,039,155013,17115,16858,988,17846,245
2021-07-21,Marin,041,260295,14679,14427,287,14714,238
2021-07-21,Mariposa,043,17540,457,449,11,460,5
2021-07-21,Mendocino,045,87422,4412,4274,89,4363,49
2021-07-21,Merced,047,269075,31820,31607,1041,32648,473
2021-07-21,Modoc,049,8938,424,413,149,562,5
2021-07-21,Mono,051,14174,1281,1282,17,1299,3
2021-07-21,Monterey,053,433212,43790,43502,1954,45456,515
2021-07-21,Napa,055,140530,10343,10209,49,10258,81
2021-07-21,Nevada,057,99092,5304,5152,200,5352,72
2021-07-21,Orange,059,3164182,262828,259615,12085,271700,5139
2021-07-21,Placer,061,380077,24934,24441,1794,26235,303
2021-07-21,Plumas,063,18699,749,736,14,750,4
2021-07-21,Riverside,065,2383286,301588,296419,14603,311022,4552
2021-07-21,Sacramento,067,1510023,113793,112043,2177,114220,1696
2021-07-21,San Benito,069,59416,6222,6196,116,6312,63
2021-07-21,San Bernardino,071,2135413,300161,297519,9363,306882,5230
2021-07-21,San Diego,073,3302833,292519,288682,16714,305396,3787
2021-07-21,San Francisco,075,870044,39784,38699,1438,40137,559
2021-07-21,San Joaquin,077,732212,76241,75288,3853,79141,1434
2021-07-21,San Luis Obispo,079,281455,22020,21579,789,22368,260
2021-07-21,San Mateo,081,765935,44352,43755,551,44306,542
2021-07-21,Santa Barbara,083,443738,35465,34998,1241,36239,465
2021-07-21,Santa Clara,085,1922200,122466,120838,833,121671,2099
2021-07-21,Santa Cruz,087,273765,16601,16407,825,17232,207
2021-07-21,Shasta,089,179085,12903,12751,1721,14472,211
2021-07-21,Sierra,091,2930,67,64,12,76,0
2021-07-21,Siskiyou,093,43540,2042,1943,423,2366,31
2021-07-21,Solano,095,438530,35059,34374,679,35053,258
2021-07-21,Sonoma,097,501317,32368,31789,382,32171,327
2021-07-21,Stanislaus,099,539301,58345,57774,6239,64013,1028
2021-07-21,Sutter,101,95872,10011,9862,99,9961,113
2021-07-21,Tehama,103,63373,5226,5161,600,5761,65
2021-07-21,Trinity,105,12862,505,345,109,454,3
2021-07-21,Tulare,107,460477,50936,50066,9459,59525,854
2021-07-21,Tuolumne,109,53932,4212,4156,44,4200,64
2021-07-21,Ventura,111,848112,83438,82573,3382,85955,1041
2021-07-21,Yolo,113,214977,14754,14525,440,14965,213
2021-07-21,Yuba,115,75493,6546,6425,138,6563,52
2021-07-20,Alameda,001,1643700,94157,92625,2180,94805,1256
2021-07-20,Alpine,003,1148,88,89,0,89,0
2021-07-20,Amador,005,37829,3847,3807,34,3841,48
2021-07-20,Butte,007,227075,13175,12916,1955,14871,203
2021-07-20,Calaveras,009,45235,2280,2249,16,2265,57
2021-07-20,Colusa,011,21464,2006,1985,342,2327,16
2021-07-20,Contra Costa,013,1133247,74625,73143,1457,74600,825
2021-07-20,Del Norte,015,27424,1549,1490,14,1504,8
2021-07-20,El Dorado,017,186661,10930,10727,822,11549,116
2021-07-20,Fresno,019,978130,104984,103438,9055,112493,1736
2021-07-20,Glenn,021,27897,2472,2453,581,3034,20
2021-07-20,Humboldt,023,135768,4858,4735,62,4797,52
2021-07-20,Imperial,025,180216,29154,28933,2893,31826,742
2021-07-20,Inyo,027,18085,1429,1420,12,1432,36
2021-07-20,Kern,029,883053,99152,98082,11639,109721,1350
2021-07-20,Kings,031,150075,23634,23254,1148,24402,246
2021-07-20,Lake,033,64148,4052,3871,14,3885,64
2021-07-20,Lassen,035,31185,5328,5306,120,5426,21
2021-07-20,Los Angeles,037,10098052,1240686,1227404,44570,1271974,24603
2021-07-20,Madera,039,155013,17094,16856,984,17840,245
2021-07-20,Marin,041,260295,14644,14396,284,14680,234
2021-07-20,Mariposa,043,17540,455,448,11,459,5
2021-07-20,Mendocino,045,87422,4395,4259,89,4348,49
2021-07-20,Merced,047,269075,31782,31578,1034,32612,473
2021-07-20,Modoc,049,8938,424,413,149,562,5
2021-07-20,Mono,051,14174,1277,1281,17,1298,3
2021-07-20,Monterey,053,433212,43759,43481,1951,45432,515
2021-07-20,Napa,055,140530,10320,10191,49,10240,81
2021-07-20,Nevada,057,99092,5285,5148,199,5347,72
2021-07-20,Orange,059,3164182,262271,259303,12053,271356,5139
2021-07-20,Placer,061,380077,24842,24408,1770,26178,303
2021-07-20,Plumas,063,18699,747,736,14,750,4
2021-07-20,Riverside,065,2383286,301053,296118,14589,310707,4543
2021-07-20,Sacramento,067,1510023,113355,111796,2147,113943,1695
2021-07-20,San Benito,069,59416,6215,6196,116,6312,63
2021-07-20,San Bernardino,071,2135413,299750,297222,9338,306560,5231
2021-07-20,San Diego,073,3302833,291598,288209,16618,304827,3786
2021-07-20,San Francisco,075,870044,39528,38536,1427,39963,558
2021-07-20,San Joaquin,077,732212,76069,75198,3840,79038,1433
2021-07-20,San Luis Obispo,079,281455,21974,21556,788,22344,259
2021-07-20,San Mateo,081,765935,44235,43670,550,44220,542
2021-07-20,Santa Barbara,083,443738,35394,34935,1235,36170,462
2021-07-20,Santa Clara,085,1922200,122209,120704,831,121535,2098
2021-07-20,Santa Cruz,087,273765,16572,16399,825,17224,207
2021-07-20,Shasta,089,179085,12877,12734,1717,14451,211
2021-07-20,Sierra,091,2930,67,64,12,76,0
2021-07-20,Siskiyou,093,43540,2038,1931,422,2353,31
2021-07-20,Solano,095,438530,34926,34337,672,35009,258
2021-07-20,Sonoma,097,501317,32248,31763,381,32144,326
2021-07-20,Stanislaus,099,539301,58230,57706,6233,63939,1028
2021-07-20,Sutter,101,95872,9984,9854,96,9950,114
2021-07-20,Tehama,103,63373,5224,5153,600,5753,65
2021-07-20,Trinity,105,12862,503,344,108,452,3
2021-07-20,Tulare,107,460477,50894,50047,9442,59489,854
2021-07-20,Tuolumne,109,53932,4193,4156,44,4200,64
2021-07-20,Ventura,111,848112,83285,82504,3365,85869,1041
2021-07-20,Yolo,113,214977,14691,14495,437,14932,213
2021-07-20,Yuba,115,75493,6521,6393,135,6528,52
2021-07-19,Alameda,001,1643700,93784,92357,2164,94521,1256
2021-07-19,Alpine,003,1148,88,89,0,89,0
2021-07-19,Amador,005,37829,3843,3802,34,3836,48
2021-07-19,Butte,007,227075,13132,12901,1949,14850,202
2021-07-19,Calaveras,009,45235,2274,2245,16,2261,57
2021-07-19,Colusa,011,21464,2004,1981,341,2322,16
2021-07-19,Contra Costa,013,1133247,74313,72935,1437,74372,825
2021-07-19,Del Norte,015,27424,1536,1484,14,1498,8
2021-07-19,El Dorado,017,186661,10900,10703,814,11517,114
2021-07-19,Fresno,019,978130,104854,103350,9042,112392,1731
2021-07-19,Glenn,021,27897,2472,2452,580,3032,20
2021-07-19,Humboldt,023,135768,4828,4719,60,4779,52
2021-07-19,Imperial,025,180216,29127,28888,2892,31780,742
2021-07-19,Inyo,027,18085,1428,1417,12,1429,36
2021-07-19,Kern,029,883053,99040,97999,11604,109603,1349
2021-07-19,Kings,031,150075,23604,23221,1142,24363,246
2021-07-19,Lake,033,64148,4016,3848,14,3862,64
2021-07-19,Lassen,035,31185,5327,5305,120,5425,21
2021-07-19,Los Angeles,037,10098052,1238097,1225946,44382,1270328,24600
2021-07-19,Madera,039,155013,17071,16846,981,17827,244
2021-07-19,Marin,041,260295,14609,14369,281,14650,234
2021-07-19,Mariposa,043,17540,449,447,11,458,5
2021-07-19,Mendocino,045,87422,4377,4251,89,4340,49
2021-07-19,Merced,047,269075,31718,31565,1027,32592,472
2021-07-19,Modoc,049,8938,423,413,149,562,5
2021-07-19,Mono,051,14174,1275,1280,17,1297,3
2021-07-19,Monterey,053,433212,43735,43436,1950,45386,515
2021-07-19,Napa,055,140530,10295,10180,47,10227,81
2021-07-19,Nevada,057,99092,5257,5133,198,5331,72
2021-07-19,Orange,059,3164182,261748,258927,12021,270948,5138
2021-07-19,Placer,061,380077,24744,24359,1748,26107,303
2021-07-19,Plumas,063,18699,747,730,14,744,4
2021-07-19,Riverside,065,2383286,300563,295736,14551,310287,4543
2021-07-19,Sacramento,067,1510023,112992,111470,2123,113593,1696
2021-07-19,San Benito,069,59416,6212,6193,116,6309,63
2021-07-19,San Bernardino,071,2135413,299378,296929,9320,306249,5235
2021-07-19,San Diego,073,3302833,290709,287695,16515,304210,3786
2021-07-19,San Francisco,075,870044,39259,38463,1414,39877,560
2021-07-19,San Joaquin,077,732212,75904,75086,3834,78920,1431
2021-07-19,San Luis Obispo,079,281455,21929,21531,784,22315,259
2021-07-19,San Mateo,081,765935,44090,43563,541,44104,542
2021-07-19,Santa Barbara,083,443738,35320,34904,1233,36137,461
2021-07-19,Santa Clara,085,1922200,121951,120554,830,121384,2098
2021-07-19,Santa Cruz,087,273765,16556,16387,825,17212,207
2021-07-19,Shasta,089,179085,12859,12723,1715,14438,209
2021-07-19,Sierra,091,2930,66,64,12,76,0
2021-07-19,Siskiyou,093,43540,2033,1927,420,2347,31
2021-07-19,Solano,095,438530,34753,34262,661,34923,261
2021-07-19,Sonoma,097,501317,32127,31713,380,32093,325
2021-07-19,Stanislaus,099,539301,58129,57644,6223,63867,1027
2021-07-19,Sutter,101,95872,9968,9834,96,9930,114
2021-07-19,Tehama,103,63373,5218,5152,598,5750,65
2021-07-19,Trinity,105,12862,503,344,107,451,3
2021-07-19,Tulare,107,460477,50849,49994,9424,59418,855
2021-07-19,Tuolumne,109,53932,4183,4151,44,4195,64
2021-07-19,Ventura,111,848112,83189,82409,3343,85752,1041
2021-07-19,Yolo,113,214977,14660,14439,435,14874,213
2021-07-19,Yuba,115,75493,6497,6370,135,6505,52
2021-07-18,Alameda,001,1643700,93428,92162,2150,94312,1256
2021-07-18,Alpine,003,1148,88,89,0,89,0
2021-07-18,Amador,005,37829,3832,3799,34,3833,48
2021-07-18,Butte,007,227075,13089,12888,1944,14832,202
2021-07-18,Calaveras,009,45235,2271,2243,16,2259,57
2021-07-18,Colusa,011,21464,2004,1981,340,2321,16
2021-07-18,Contra Costa,013,1133247,74000,72849,1419,74268,825
2021-07-18,Del Norte,015,27424,1527,1482,14,1496,8
2021-07-18,El Dorado,017,186661,10862,10687,806,11493,114
2021-07-18,Fresno,019,978130,104701,103298,9024,112322,1731
2021-07-18,Glenn,021,27897,2471,2452,579,3031,20
2021-07-18,Humboldt,023,135768,4792,4714,60,4774,52
2021-07-18,Imperial,025,180216,29090,28877,2891,31768,742
2021-07-18,Inyo,027,18085,1424,1417,12,1429,36
2021-07-18,Kern,029,883053,98914,97963,11562,109525,1349
2021-07-18,Kings,031,150075,23583,23203,1138,24341,246
2021-07-18,Lake,033,64148,3980,3825,14,3839,64
2021-07-18,Lassen,035,31185,5327,5305,120,5425,21
2021-07-18,Los Angeles,037,10098052,1235423,1224691,44206,1268897,24598
2021-07-18,Madera,039,155013,17046,16838,977,17815,244
2021-07-18,Marin,041,260295,14573,14358,279,14637,234
2021-07-18,Mariposa,043,17540,448,447,11,458,5
2021-07-18,Mendocino,045,87422,4356,4246,89,4335,49
2021-07-18,Merced,047,269075,31687,31537,1025,32562,471
2021-07-18,Modoc,049,8938,423,413,149,562,5
2021-07-18,Mono,051,14174,1274,1280,17,1297,3
2021-07-18,Monterey,053,433212,43717,43422,1941,45363,515
2021-07-18,Napa,055,140530,10278,10174,44,10218,81
2021-07-18,Nevada,057,99092,5231,5124,198,5322,72
2021-07-18,Orange,059,3164182,261263,258724,11991,270715,5138
2021-07-18,Placer,061,380077,24677,24313,1721,26034,303
2021-07-18,Plumas,063,18699,747,730,14,744,4
2021-07-18,Riverside,065,2383286,300071,295522,14509,310031,4543
2021-07-18,Sacramento,067,1510023,112561,111255,2091,113346,1696
2021-07-18,San Benito,069,59416,6204,6191,116,6307,63
2021-07-18,San Bernardino,071,2135413,298904,296739,9305,306044,5233
2021-07-18,San Diego,073,3302833,289893,286287,16432,302719,3786
2021-07-18,San Francisco,075,870044,39027,38367,1403,39770,560
2021-07-18,San Joaquin,077,732212,75727,74997,3821,78818,1431
2021-07-18,San Luis Obispo,079,281455,21894,21527,781,22308,259
2021-07-18,San Mateo,081,765935,43976,43506,535,44041,542
2021-07-18,Santa Barbara,083,443738,35255,34880,1231,36111,461
2021-07-18,Santa Clara,085,1922200,121737,120438,823,121261,2098
2021-07-18,Santa Cruz,087,273765,16524,16372,824,17196,207
2021-07-18,Shasta,089,179085,12834,12714,1711,14425,209
2021-07-18,Sierra,091,2930,66,64,12,76,0
2021-07-18,Siskiyou,093,43540,2027,1927,415,2342,31
2021-07-18,Solano,095,438530,34626,34215,657,34872,261
2021-07-18,Sonoma,097,501317,32022,31675,379,32054,325
2021-07-18,Stanislaus,099,539301,58018,57600,6198,63798,1028
2021-07-18,Sutter,101,95872,9936,9826,96,9922,114
2021-07-18,Tehama,103,63373,5215,5150,597,5747,65
2021-07-18,Trinity,105,12862,503,344,107,451,3
2021-07-18,Tulare,107,460477,50796,49985,9401,59386,855
2021-07-18,Tuolumne,109,53932,4165,4149,44,4193,64
2021-07-18,Ventura,111,848112,83075,82361,3319,85680,1041
2021-07-18,Yolo,113,214977,14602,14425,429,14854,213
2021-07-18,Yuba,115,75493,6456,6357,135,6492,52
2021-07-17,Alameda,001,1643700,93207,91346,2138,93484,1255
2021-07-17,Alpine,003,1148,88,89,0,89,0
2021-07-17,Amador,005,37829,3823,3785,34,3819,48
2021-07-17,Butte,007,227075,13075,12824,1939,14763,202
2021-07-17,Calaveras,009,45235,2264,2237,16,2253,57
2021-07-17,Colusa,011,21464,2001,1976,340,2316,16
2021-07-17,Contra Costa,013,1133247,73818,72254,1406,73660,824
2021-07-17,Del Norte,015,27424,1519,1475,14,1489,8
2021-07-17,El Dorado,017,186661,10835,10622,802,11424,114
2021-07-17,Fresno,019,978130,104629,103055,9011,112066,1730
2021-07-17,Glenn,021,27897,2470,2451,579,3030,20
2021-07-17,Humboldt,023,135768,4779,4654,59,4713,52
2021-07-17,Imperial,025,180216,29074,28840,2891,31731,742
2021-07-17,Inyo,027,18085,1424,1416,12,1428,36
2021-07-17,Kern,029,883053,98857,97796,11525,109321,1348
2021-07-17,Kings,031,150075,23563,23163,1137,24300,246
2021-07-17,Lake,033,64148,3955,3760,14,3774,64
2021-07-17,Lassen,035,31185,5327,5302,120,5422,21
2021-07-17,Los Angeles,037,10098052,1233912,1219733,44062,1263795,24582
2021-07-17,Madera,039,155013,17038,16804,977,17781,240
2021-07-17,Marin,041,260295,14555,14297,277,14574,234
2021-07-17,Mariposa,043,17540,448,445,11,456,5
2021-07-17,Mendocino,045,87422,4344,4209,89,4298,49
2021-07-17,Merced,047,269075,31666,31451,1021,32472,471
2021-07-17,Modoc,049,8938,423,412,149,561,5
2021-07-17,Mono,051,14174,1272,1277,17,1294,3
2021-07-17,Monterey,053,433212,43694,43367,1936,45303,515
2021-07-17,Napa,055,140530,10262,10129,44,10173,81
2021-07-17,Nevada,057,99092,5216,5066,198,5264,72
2021-07-17,Orange,059,3164182,260956,257805,11952,269757,5136
2021-07-17,Placer,061,380077,24610,24169,1707,25876,303
2021-07-17,Plumas,063,18699,742,721,14,735,4
2021-07-17,Riverside,065,2383286,299764,294751,14477,309228,4542
2021-07-17,Sacramento,067,1510023,112325,110432,2069,112501,1694
2021-07-17,San Benito,069,59416,6198,6181,116,6297,63
2021-07-17,San Bernardino,071,2135413,298670,296048,9286,305334,5218
2021-07-17,San Diego,073,3302833,289486,285698,16365,302063,3786
2021-07-17,San Francisco,075,870044,38905,37978,1399,39377,560
2021-07-17,San Joaquin,077,732212,75640,74695,3815,78510,1430
2021-07-17,San Luis Obispo,079,281455,21867,21462,781,22243,258
2021-07-17,San Mateo,081,765935,43905,43324,534,43858,542
2021-07-17,Santa Barbara,083,443738,35213,34769,1228,35997,461
2021-07-17,Santa Clara,085,1922200,121565,119980,820,120800,2097
2021-07-17,Santa Cruz,087,273765,16517,16337,824,17161,207
2021-07-17,Shasta,089,179085,12819,12683,1706,14389,210
2021-07-17,Sierra,091,2930,66,62,12,74,0
2021-07-17,Siskiyou,093,43540,2022,1922,412,2334,29
2021-07-17,Solano,095,438530,34561,34015,649,34664,263
2021-07-17,Sonoma,097,501317,31954,31536,378,31914,322
2021-07-17,Stanislaus,099,539301,57941,57400,6184,63584,1028
2021-07-17,Sutter,101,95872,9926,9778,96,9874,114
2021-07-17,Tehama,103,63373,5212,5145,597,5742,64
2021-07-17,Trinity,105,12862,502,341,107,448,3
2021-07-17,Tulare,107,460477,50775,49937,9389,59326,854
2021-07-17,Tuolumne,109,53932,4155,4131,44,4175,64
2021-07-17,Ventura,111,848112,83007,82125,3308,85433,1041
2021-07-17,Yolo,113,214977,14571,14356,422,14778,213
2021-07-17,Yuba,115,75493,6445,6309,135,6444,52
2021-07-16,Alameda,001,1643700,92967,91346,2126,93472,1255
2021-07-16,Alpine,003,1148,88,89,0,89,0
2021-07-16,Amador,005,37829,3820,3785,34,3819,48
2021-07-16,Butte,007,227075,13050,12824,1936,14760,202
2021-07-16,Calaveras,009,45235,2263,2237,16,2253,57
2021-07-16,Colusa,011,21464,1999,1976,339,2315,16
2021-07-16,Contra Costa,013,1133247,73630,72254,1402,73656,824
2021-07-16,Del Norte,015,27424,1517,1475,14,1489,8
2021-07-16,El Dorado,017,186661,10816,10622,801,11423,114
2021-07-16,Fresno,019,978130,104577,103055,8992,112047,1730
2021-07-16,Glenn,021,27897,2470,2451,579,3030,20
2021-07-16,Humboldt,023,135768,4757,4654,59,4713,52
2021-07-16,Imperial,025,180216,29062,28840,2891,31731,742
2021-07-16,Inyo,027,18085,1422,1416,12,1428,36
2021-07-16,Kern,029,883053,98795,97796,11486,109282,1348
2021-07-16,Kings,031,150075,23538,23163,1135,24298,246
2021-07-16,Lake,033,64148,3928,3760,14,3774,64
2021-07-16,Lassen,035,31185,5326,5302,120,5422,21
2021-07-16,Los Angeles,037,10098052,1232416,1219733,43919,1263652,24582
2021-07-16,Madera,039,155013,17020,16804,977,17781,240
2021-07-16,Marin,041,260295,14531,14297,274,14571,234
2021-07-16,Mariposa,043,17540,448,445,11,456,5
2021-07-16,Mendocino,045,87422,4335,4209,88,4297,49
2021-07-16,Merced,047,269075,31644,31451,1019,32470,471
2021-07-16,Modoc,049,8938,423,412,149,561,5
2021-07-16,Mono,051,14174,1271,1277,17,1294,3
2021-07-16,Monterey,053,433212,43672,43367,1935,45302,515
2021-07-16,Napa,055,140530,10238,10129,43,10172,81
2021-07-16,Nevada,057,99092,5206,5066,198,5264,72
2021-07-16,Orange,059,3164182,260684,257805,11912,269717,5136
2021-07-16,Placer,061,380077,24557,24169,1702,25871,303
2021-07-16,Plumas,063,18699,741,721,14,735,4
2021-07-16,Riverside,065,2383286,299488,294751,14451,309202,4542
2021-07-16,Sacramento,067,1510023,112108,110432,2056,112488,1694
2021-07-16,San Benito,069,59416,6196,6181,116,6297,63
2021-07-16,San Bernardino,071,2135413,298392,296048,9269,305317,5218
2021-07-16,San Diego,073,3302833,289040,285698,16318,302016,3786
2021-07-16,San Francisco,075,870044,38788,37978,1394,39372,560
2021-07-16,San Joaquin,077,732212,75545,74695,3812,78507,1430
2021-07-16,San Luis Obispo,079,281455,21850,21462,781,22243,258
2021-07-16,San Mateo,081,765935,43852,43324,533,43857,542
2021-07-16,Santa Barbara,083,443738,35175,34769,1228,35997,461
2021-07-16,Santa Clara,085,1922200,121418,119980,812,120792,2097
2021-07-16,Santa Cruz,087,273765,16504,16337,824,17161,207
2021-07-16,Shasta,089,179085,12809,12683,1705,14388,210
2021-07-16,Sierra,091,2930,66,62,12,74,0
2021-07-16,Siskiyou,093,43540,2020,1922,410,2332,29
2021-07-16,Solano,095,438530,34494,34015,641,34656,263
2021-07-16,Sonoma,097,501317,31902,31536,375,31911,322
2021-07-16,Stanislaus,099,539301,57892,57400,6173,63573,1028
2021-07-16,Sutter,101,95872,9914,9778,96,9874,114
2021-07-16,Tehama,103,63373,5210,5145,597,5742,64
2021-07-16,Trinity,105,12862,502,341,106,447,3
2021-07-16,Tulare,107,460477,50751,49937,9379,59316,854
2021-07-16,Tuolumne,109,53932,4149,4131,44,4175,64
2021-07-16,Ventura,111,848112,82942,82125,3301,85426,1041
2021-07-16,Yolo,113,214977,14545,14356,418,14774,213
2021-07-16,Yuba,115,75493,6423,6309,134,6443,52
2021-07-15,Alameda,001,1643700,92671,91346,2116,93462,1255
2021-07-15,Alpine,003,1148,88,89,0,89,0
2021-07-15,Amador,005,37829,3817,3785,34,3819,48
2021-07-15,Butte,007,227075,13024,12824,1934,14758,202
2021-07-15,Calaveras,009,45235,2260,2237,16,2253,57
2021-07-15,Colusa,011,21464,1998,1976,338,2314,16
2021-07-15,Contra Costa,013,1133247,73417,72254,1395,73649,824
2021-07-15,Del Norte,015,27424,1514,1475,14,1489,8
2021-07-15,El Dorado,017,186661,10789,10622,799,11421,114
2021-07-15,Fresno,019,978130,104480,103055,8972,112027,1730
2021-07-15,Glenn,021,27897,2470,2451,579,3030,20
2021-07-15,Humboldt,023,135768,4739,4654,58,4712,52
2021-07-15,Imperial,025,180216,29039,28840,2890,31730,742
2021-07-15,Inyo,027,18085,1422,1416,12,1428,36
2021-07-15,Kern,029,883053,98725,97796,11458,109254,1348
2021-07-15,Kings,031,150075,23500,23163,1132,24295,246
2021-07-15,Lake,033,64148,3889,3760,14,3774,64
2021-07-15,Lassen,035,31185,5325,5302,120,5422,21
2021-07-15,Los Angeles,037,10098052,1230444,1219733,43759,1263492,24582
2021-07-15,Madera,039,155013,16998,16804,973,17777,240
2021-07-15,Marin,041,260295,14506,14297,274,14571,234
2021-07-15,Mariposa,043,17540,448,445,11,456,5
2021-07-15,Mendocino,045,87422,4327,4209,87,4296,49
2021-07-15,Merced,047,269075,31614,31451,1019,32470,471
2021-07-15,Modoc,049,8938,423,412,149,561,5
2021-07-15,Mono,051,14174,1271,1277,17,1294,3
2021-07-15,Monterey,053,433212,43643,43367,1932,45299,515
2021-07-15,Napa,055,140530,10213,10129,42,10171,81
2021-07-15,Nevada,057,99092,5189,5066,197,5263,72
2021-07-15,Orange,059,3164182,260333,257805,11881,269686,5136
2021-07-15,Placer,061,380077,24498,24169,1685,25854,303
2021-07-15,Plumas,063,18699,740,721,14,735,4
2021-07-15,Riverside,065,2383286,299166,294751,14436,309187,4542
2021-07-15,Sacramento,067,1510023,111804,110432,2038,112470,1694
2021-07-15,San Benito,069,59416,6194,6181,116,6297,63
2021-07-15,San Bernardino,071,2135413,298087,296048,9254,305302,5218
2021-07-15,San Diego,073,3302833,288407,285698,16241,301939,3786
2021-07-15,San Francisco,075,870044,38636,37978,1386,39364,560
2021-07-15,San Joaquin,077,732212,75428,74695,3807,78502,1430
2021-07-15,San Luis Obispo,079,281455,21818,21462,781,22243,258
2021-07-15,San Mateo,081,765935,43748,43324,528,43852,542
2021-07-15,Santa Barbara,083,443738,35121,34769,1227,35996,461
2021-07-15,Santa Clara,085,1922200,121296,119980,809,120789,2097
2021-07-15,Santa Cruz,087,273765,16491,16337,824,17161,207
2021-07-15,Shasta,089,179085,12801,12683,1701,14384,210
2021-07-15,Sierra,091,2930,66,62,12,74,0
2021-07-15,Siskiyou,093,43540,2019,1922,410,2332,29
2021-07-15,Solano,095,438530,34419,34015,635,34650,263
2021-07-15,Sonoma,097,501317,31841,31536,375,31911,322
2021-07-15,Stanislaus,099,539301,57824,57400,6160,63560,1028
2021-07-15,Sutter,101,95872,9894,9778,95,9873,114
2021-07-15,Tehama,103,63373,5204,5145,596,5741,64
2021-07-15,Trinity,105,12862,502,341,106,447,3
2021-07-15,Tulare,107,460477,50731,49937,9362,59299,854
2021-07-15,Tuolumne,109,53932,4137,4131,44,4175,64
2021-07-15,Ventura,111,848112,82865,82125,3296,85421,1041
2021-07-15,Yolo,113,214977,14518,14356,417,14773,213
2021-07-15,Yuba,115,75493,6408,6309,133,6442,52
2021-07-14,Alameda,001,1643700,92411,91092,2097,93189,1255
2021-07-14,Alpine,003,1148,88,89,0,89,0
2021-07-14,Amador,005,37829,3809,3784,34,3818,48
2021-07-14,Butte,007,227075,12997,12813,1927,14740,202
2021-07-14,Calaveras,009,45235,2253,2234,16,2250,57
2021-07-14,Colusa,011,21464,1995,1974,338,2312,16
2021-07-14,Contra Costa,013,1133247,73192,72091,1382,73473,823
2021-07-14,Del Norte,015,27424,1513,1472,14,1486,8
2021-07-14,El Dorado,017,186661,10763,10598,796,11394,114
2021-07-14,Fresno,019,978130,104400,102966,8961,111927,1728
2021-07-14,Glenn,021,27897,2470,2449,579,3028,20
2021-07-14,Humboldt,023,135768,4716,4644,56,4700,52
2021-07-14,Imperial,025,180216,29010,28822,2890,31712,742
2021-07-14,Inyo,027,18085,1421,1415,12,1427,36
2021-07-14,Kern,029,883053,98661,97736,11433,109169,1346
2021-07-14,Kings,031,150075,23487,23142,1132,24274,246
2021-07-14,Lake,033,64148,3856,3739,14,3753,63
2021-07-14,Lassen,035,31185,5324,5298,120,5418,21
2021-07-14,Los Angeles,037,10098052,1228440,1218265,43613,1261878,24578
2021-07-14,Madera,039,155013,16986,16786,971,17757,240
2021-07-14,Marin,041,260295,14472,14269,272,14541,233
2021-07-14,Mariposa,043,17540,446,445,11,456,5
2021-07-14,Mendocino,045,87422,4314,4193,87,4280,49
2021-07-14,Merced,047,269075,31577,31412,1016,32428,471
2021-07-14,Modoc,049,8938,423,412,149,561,4
2021-07-14,Mono,051,14174,1271,1278,17,1295,3
2021-07-14,Monterey,053,433212,43619,43347,1930,45277,504
2021-07-14,Napa,055,140530,10191,10121,42,10163,81
2021-07-14,Nevada,057,99092,5169,5058,197,5255,72
2021-07-14,Orange,059,3164182,260016,257558,11852,269410,5137
2021-07-14,Placer,061,380077,24445,24125,1673,25798,303
2021-07-14,Plumas,063,18699,733,719,14,733,4
2021-07-14,Riverside,065,2383286,298841,294511,14420,308931,4542
2021-07-14,Sacramento,067,1510023,111477,110193,2014,112207,1688
2021-07-14,San Benito,069,59416,6191,6177,116,6293,63
2021-07-14,San Bernardino,071,2135413,297784,295820,9239,305059,5193
2021-07-14,San Diego,073,3302833,287836,285269,16162,301431,3786
2021-07-14,San Francisco,075,870044,38497,37836,1380,39216,559
2021-07-14,San Joaquin,077,732212,75336,74599,3798,78397,1416
2021-07-14,San Luis Obispo,079,281455,21796,21444,779,22223,258
2021-07-14,San Mateo,081,765935,43651,43249,524,43773,542
2021-07-14,Santa Barbara,083,443738,35081,34719,1225,35944,461
2021-07-14,Santa Clara,085,1922200,121146,119844,806,120650,2098
2021-07-14,Santa Cruz,087,273765,16477,16326,824,17150,207
2021-07-14,Shasta,089,179085,12781,12669,1698,14367,209
2021-07-14,Sierra,091,2930,66,62,12,74,0
2021-07-14,Siskiyou,093,43540,2012,1922,407,2329,29
2021-07-14,Solano,095,438530,34346,33948,635,34583,268
2021-07-14,Sonoma,097,501317,31789,31470,375,31845,322
2021-07-14,Stanislaus,099,539301,57749,57340,6148,63488,1028
2021-07-14,Sutter,101,95872,9871,9766,95,9861,114
2021-07-14,Tehama,103,63373,5202,5142,596,5738,64
2021-07-14,Trinity,105,12862,502,341,106,447,3
2021-07-14,Tulare,107,460477,50714,49908,9348,59256,853
2021-07-14,Tuolumne,109,53932,4134,4128,43,4171,64
2021-07-14,Ventura,111,848112,82771,82041,3285,85326,1040
2021-07-14,Yolo,113,214977,14485,14332,414,14746,213
2021-07-14,Yuba,115,75493,6390,6294,133,6427,52
2021-07-13,Alameda,001,1643700,92147,90874,2087,92961,1255
2021-07-13,Alpine,003,1148,88,89,0,89,0
2021-07-13,Amador,005,37829,3802,3783,34,3817,48
2021-07-13,Butte,007,227075,12983,12802,1926,14728,202
2021-07-13,Calaveras,009,45235,2249,2230,16,2246,57
2021-07-13,Colusa,011,21464,1993,1972,334,2306,16
2021-07-13,Contra Costa,013,1133247,72966,71963,1373,73336,823
2021-07-13,Del Norte,015,27424,1509,1471,14,1485,8
2021-07-13,El Dorado,017,186661,10745,10581,793,11374,114
2021-07-13,Fresno,019,978130,104324,102909,8951,111860,1727
2021-07-13,Glenn,021,27897,2468,2448,579,3027,20
2021-07-13,Humboldt,023,135768,4701,4634,56,4690,51
2021-07-13,Imperial,025,180216,28999,28792,2889,31681,741
2021-07-13,Inyo,027,18085,1420,1415,12,1427,36
2021-07-13,Kern,029,883053,98572,97698,11394,109092,1346
2021-07-13,Kings,031,150075,23469,23132,1132,24264,246
2021-07-13,Lake,033,64148,3829,3719,13,3732,63
2021-07-13,Lassen,035,31185,5322,5292,120,5412,21
2021-07-13,Los Angeles,037,10098052,1226598,1217184,43441,1260625,24569
2021-07-13,Madera,039,155013,16976,16773,967,17740,240
2021-07-13,Marin,041,260295,14443,14254,271,14525,233
2021-07-13,Mariposa,043,17540,445,443,11,454,5
2021-07-13,Mendocino,045,87422,4307,4185,87,4272,49
2021-07-13,Merced,047,269075,31556,31379,1013,32392,471
2021-07-13,Modoc,049,8938,423,411,149,560,4
2021-07-13,Mono,051,14174,1270,1277,17,1294,3
2021-07-13,Monterey,053,433212,43601,43333,1926,45259,504
2021-07-13,Napa,055,140530,10170,10118,42,10160,81
2021-07-13,Nevada,057,99092,5144,5053,197,5250,72
2021-07-13,Orange,059,3164182,259686,257339,11823,269162,5136
2021-07-13,Placer,061,380077,24399,24091,1660,25751,303
2021-07-13,Plumas,063,18699,732,716,14,730,4
2021-07-13,Riverside,065,2383286,298518,294302,14394,308696,4541
2021-07-13,Sacramento,067,1510023,111167,109990,1991,111981,1687
2021-07-13,San Benito,069,59416,6189,6173,116,6289,63
2021-07-13,San Bernardino,071,2135413,297508,295596,9217,304813,5183
2021-07-13,San Diego,073,3302833,287293,284997,16083,301080,3785
2021-07-13,San Francisco,075,870044,38353,37725,1374,39099,559
2021-07-13,San Joaquin,077,732212,75220,74500,3795,78295,1417
2021-07-13,San Luis Obispo,079,281455,21770,21423,776,22199,258
2021-07-13,San Mateo,081,765935,43583,43180,523,43703,542
2021-07-13,Santa Barbara,083,443738,35032,34679,1222,35901,461
2021-07-13,Santa Clara,085,1922200,120992,119727,802,120529,2098
2021-07-13,Santa Cruz,087,273765,16468,16315,822,17137,207
2021-07-13,Shasta,089,179085,12768,12659,1691,14350,209
2021-07-13,Sierra,091,2930,66,62,12,74,0
2021-07-13,Siskiyou,093,43540,2011,1916,405,2321,29
2021-07-13,Solano,095,438530,34282,33918,629,34547,268
2021-07-13,Sonoma,097,501317,31730,31431,375,31806,322
2021-07-13,Stanislaus,099,539301,57680,57282,6134,63416,1028
2021-07-13,Sutter,101,95872,9853,9752,94,9846,114
2021-07-13,Tehama,103,63373,5195,5144,596,5740,64
2021-07-13,Trinity,105,12862,502,341,105,446,3
2021-07-13,Tulare,107,460477,50689,49891,9332,59223,853
2021-07-13,Tuolumne,109,53932,4126,4122,42,4164,64
2021-07-13,Ventura,111,848112,82687,81982,3260,85242,1040
2021-07-13,Yolo,113,214977,14457,14320,407,14727,213
2021-07-13,Yuba,115,75493,6373,6279,133,6412,52
2021-07-12,Alameda,001,1643700,91888,90720,2079,92799,1254
2021-07-12,Alpine,003,1148,88,89,0,89,0
2021-07-12,Amador,005,37829,3795,3781,34,3815,47
2021-07-12,Butte,007,227075,12963,12796,1924,14720,202
2021-07-12,Calaveras,009,45235,2247,2228,16,2244,57
2021-07-12,Colusa,011,21464,1989,1971,333,2304,16
2021-07-12,Contra Costa,013,1133247,72764,71833,1368,73201,823
2021-07-12,Del Norte,015,27424,1506,1469,14,1483,8
2021-07-12,El Dorado,017,186661,10717,10569,791,11360,114
2021-07-12,Fresno,019,978130,104230,102853,8938,111791,1728
2021-07-12,Glenn,021,27897,2468,2446,579,3025,20
2021-07-12,Humboldt,023,135768,4685,4621,56,4677,51
2021-07-12,Imperial,025,180216,28969,28789,2889,31678,741
2021-07-12,Inyo,027,18085,1420,1415,12,1427,36
2021-07-12,Kern,029,883053,98503,97660,11369,109029,1346
2021-07-12,Kings,031,150075,23449,23124,1130,24254,246
2021-07-12,Lake,033,64148,3808,3706,13,3719,63
2021-07-12,Lassen,035,31185,5321,5292,120,5412,21
2021-07-12,Los Angeles,037,10098052,1224815,1216230,43302,1259532,24559
2021-07-12,Madera,039,155013,16965,16772,967,17739,240
2021-07-12,Marin,041,260295,14418,14238,270,14508,233
2021-07-12,Mariposa,043,17540,445,442,11,453,5
2021-07-12,Mendocino,045,87422,4296,4175,87,4262,49
2021-07-12,Merced,047,269075,31525,31374,1012,32386,471
2021-07-12,Modoc,049,8938,422,411,149,560,4
2021-07-12,Mono,051,14174,1268,1275,17,1292,3
2021-07-12,Monterey,053,433212,43580,43315,1922,45237,504
2021-07-12,Napa,055,140530,10152,10104,41,10145,81
2021-07-12,Nevada,057,99092,5121,5046,197,5243,72
2021-07-12,Orange,059,3164182,259332,257171,11798,268969,5136
2021-07-12,Placer,061,380077,24348,24052,1654,25706,302
2021-07-12,Plumas,063,18699,732,716,14,730,4
2021-07-12,Riverside,065,2383286,298210,294108,14364,308472,4541
2021-07-12,Sacramento,067,1510023,110952,109849,1964,111813,1685
2021-07-12,San Benito,069,59416,6186,6166,116,6282,63
2021-07-12,San Bernardino,071,2135413,297237,295447,9203,304650,5171
2021-07-12,San Diego,073,3302833,286828,284648,16007,300655,3785
2021-07-12,San Francisco,075,870044,38206,37656,1371,39027,559
2021-07-12,San Joaquin,077,732212,75126,74424,3785,78209,1415
2021-07-12,San Luis Obispo,079,281455,21751,21408,775,22183,258
2021-07-12,San Mateo,081,765935,43490,43138,516,43654,542
2021-07-12,Santa Barbara,083,443738,34989,34664,1220,35884,461
2021-07-12,Santa Clara,085,1922200,120827,119634,799,120433,2098
2021-07-12,Santa Cruz,087,273765,16443,16310,821,17131,207
2021-07-12,Shasta,089,179085,12760,12648,1688,14336,208
2021-07-12,Sierra,091,2930,66,62,12,74,0
2021-07-12,Siskiyou,093,43540,2006,1916,400,2316,29
2021-07-12,Solano,095,438530,34192,33859,620,34479,268
2021-07-12,Sonoma,097,501317,31682,31377,374,31751,322
2021-07-12,Stanislaus,099,539301,57611,57243,6127,63370,1028
2021-07-12,Sutter,101,95872,9836,9736,93,9829,114
2021-07-12,Tehama,103,63373,5190,5138,595,5733,63
2021-07-12,Trinity,105,12862,498,340,103,443,3
2021-07-12,Tulare,107,460477,50661,49882,9319,59201,853
2021-07-12,Tuolumne,109,53932,4122,4116,42,4158,64
2021-07-12,Ventura,111,848112,82586,81919,3239,85158,1040
2021-07-12,Yolo,113,214977,14429,14303,403,14706,213
2021-07-12,Yuba,115,75493,6358,6266,133,6399,52
2021-07-11,Alameda,001,1643700,91556,90597,2065,92662,1254
2021-07-11,Alpine,003,1148,88,89,0,89,0
2021-07-11,Amador,005,37829,3793,3779,34,3813,47
2021-07-11,Butte,007,227075,12941,12794,1918,14712,202
2021-07-11,Calaveras,009,45235,2244,2226,15,2241,57
2021-07-11,Colusa,011,21464,1988,1971,332,2303,16
2021-07-11,Contra Costa,013,1133247,72554,71744,1361,73105,823
2021-07-11,Del Norte,015,27424,1502,1467,13,1480,8
2021-07-11,El Dorado,017,186661,10688,10554,789,11343,114
2021-07-11,Fresno,019,978130,104135,102813,8918,111731,1728
2021-07-11,Glenn,021,27897,2467,2446,579,3025,20
2021-07-11,Humboldt,023,135768,4672,4611,55,4666,51
2021-07-11,Imperial,025,180216,28951,28787,2888,31675,741
2021-07-11,Inyo,027,18085,1418,1415,12,1427,36
2021-07-11,Kern,029,883053,98430,97637,11353,108990,1346
2021-07-11,Kings,031,150075,23418,23116,1127,24243,246
2021-07-11,Lake,033,64148,3777,3699,13,3712,63
2021-07-11,Lassen,035,31185,5318,5291,120,5411,21
2021-07-11,Los Angeles,037,10098052,1223069,1215182,43144,1258326,24558
2021-07-11,Madera,039,155013,16946,16766,966,17732,240
2021-07-11,Marin,041,260295,14392,14231,270,14501,233
2021-07-11,Mariposa,043,17540,444,442,11,453,5
2021-07-11,Mendocino,045,87422,4276,4167,87,4254,49
2021-07-11,Merced,047,269075,31501,31366,1007,32373,471
2021-07-11,Modoc,049,8938,421,411,149,560,4
2021-07-11,Mono,051,14174,1268,1275,17,1292,3
2021-07-11,Monterey,053,433212,43561,43307,1918,45225,504
2021-07-11,Napa,055,140530,10148,10100,41,10141,81
2021-07-11,Nevada,057,99092,5110,5035,196,5231,72
2021-07-11,Orange,059,3164182,259019,257009,11769,268778,5136
2021-07-11,Placer,061,380077,24291,24017,1642,25659,302
2021-07-11,Plumas,063,18699,732,716,14,730,4
2021-07-11,Riverside,065,2383286,297946,293969,14346,308315,4541
2021-07-11,Sacramento,067,1510023,110674,109696,1954,111650,1685
2021-07-11,San Benito,069,59416,6181,6163,116,6279,63
2021-07-11,San Bernardino,071,2135413,296932,295342,9178,304520,5167
2021-07-11,San Diego,073,3302833,286415,283819,15921,299740,3784
2021-07-11,San Francisco,075,870044,38077,37596,1365,38961,559
2021-07-11,San Joaquin,077,732212,75010,74376,3768,78144,1415
2021-07-11,San Luis Obispo,079,281455,21718,21403,774,22177,258
2021-07-11,San Mateo,081,765935,43411,43107,509,43616,542
2021-07-11,Santa Barbara,083,443738,34942,34646,1220,35866,461
2021-07-11,Santa Clara,085,1922200,120673,119549,798,120347,2098
2021-07-11,Santa Cruz,087,273765,16427,16303,821,17124,207
2021-07-11,Shasta,089,179085,12743,12647,1686,14333,208
2021-07-11,Sierra,091,2930,66,62,12,74,0
2021-07-11,Siskiyou,093,43540,2002,1915,398,2313,29
2021-07-11,Solano,095,438530,34110,33837,616,34453,268
2021-07-11,Sonoma,097,501317,31600,31352,374,31726,322
2021-07-11,Stanislaus,099,539301,57547,57230,6116,63346,1028
2021-07-11,Sutter,101,95872,9822,9728,93,9821,114
2021-07-11,Tehama,103,63373,5187,5138,595,5733,63
2021-07-11,Trinity,105,12862,497,340,103,443,3
2021-07-11,Tulare,107,460477,50636,49877,9300,59177,853
2021-07-11,Tuolumne,109,53932,4116,4116,42,4158,64
2021-07-11,Ventura,111,848112,82514,81875,3219,85094,1040
2021-07-11,Yolo,113,214977,14402,14285,397,14682,213
2021-07-11,Yuba,115,75493,6347,6260,133,6393,52
2021-07-10,Alameda,001,1643700,91406,90090,2061,92151,1252
2021-07-10,Alpine,003,1148,88,89,0,89,0
2021-07-10,Amador,005,37829,3787,3773,34,3807,47
2021-07-10,Butte,007,227075,12930,12764,1915,14679,202
2021-07-10,Calaveras,009,45235,2243,2214,15,2229,57
2021-07-10,Colusa,011,21464,1986,1969,332,2301,16
2021-07-10,Contra Costa,013,1133247,72454,71376,1360,72736,821
2021-07-10,Del Norte,015,27424,1500,1451,13,1464,8
2021-07-10,El Dorado,017,186661,10672,10508,785,11293,114
2021-07-10,Fresno,019,978130,104102,102675,8911,111586,1730
2021-07-10,Glenn,021,27897,2464,2440,578,3018,20
2021-07-10,Humboldt,023,135768,4663,4574,55,4629,51
2021-07-10,Imperial,025,180216,28938,28729,2888,31617,741
2021-07-10,Inyo,027,18085,1417,1415,12,1427,36
2021-07-10,Kern,029,883053,98390,97538,11336,108874,1346
2021-07-10,Kings,031,150075,23411,23090,1126,24216,246
2021-07-10,Lake,033,64148,3760,3667,13,3680,63
2021-07-10,Lassen,035,31185,5318,5290,120,5410,21
2021-07-10,Los Angeles,037,10098052,1222049,1212043,43041,1255084,24542
2021-07-10,Madera,039,155013,16940,16744,963,17707,241
2021-07-10,Marin,041,260295,14378,14194,270,14464,233
2021-07-10,Mariposa,043,17540,444,442,11,453,5
2021-07-10,Mendocino,045,87422,4269,4153,86,4239,49
2021-07-10,Merced,047,269075,31488,31328,1007,32335,470
2021-07-10,Modoc,049,8938,421,410,149,559,4
2021-07-10,Mono,051,14174,1268,1275,17,1292,3
2021-07-10,Monterey,053,433212,43547,43251,1916,45167,499
2021-07-10,Napa,055,140530,10136,10077,41,10118,81
2021-07-10,Nevada,057,99092,5101,5000,196,5196,72
2021-07-10,Orange,059,3164182,258841,256438,11753,268191,5135
2021-07-10,Placer,061,380077,24262,23916,1632,25548,302
2021-07-10,Plumas,063,18699,731,717,14,731,4
2021-07-10,Riverside,065,2383286,297756,293474,14332,307806,4541
2021-07-10,Sacramento,067,1510023,110525,109091,1949,111040,1682
2021-07-10,San Benito,069,59416,6176,6141,116,6257,63
2021-07-10,San Bernardino,071,2135413,296744,294932,9166,304098,5117
2021-07-10,San Diego,073,3302833,286125,283577,15868,299445,3783
2021-07-10,San Francisco,075,870044,37993,37338,1362,38700,559
2021-07-10,San Joaquin,077,732212,74952,74150,3762,77912,1412
2021-07-10,San Luis Obispo,079,281455,21707,21375,773,22148,258
2021-07-10,San Mateo,081,765935,43361,42948,507,43455,542
2021-07-10,Santa Barbara,083,443738,34915,34595,1220,35815,460
2021-07-10,Santa Clara,085,1922200,120570,119330,795,120125,2094
2021-07-10,Santa Cruz,087,273765,16420,16286,821,17107,207
2021-07-10,Shasta,089,179085,12730,12623,1681,14304,206
2021-07-10,Sierra,091,2930,66,61,12,73,0
2021-07-10,Siskiyou,093,43540,2000,1909,395,2304,29
2021-07-10,Solano,095,438530,34069,33678,610,34288,268
2021-07-10,Sonoma,097,501317,31549,31231,374,31605,317
2021-07-10,Stanislaus,099,539301,57510,57104,6106,63210,1026
2021-07-10,Sutter,101,95872,9809,9692,93,9785,114
2021-07-10,Tehama,103,63373,5184,5131,595,5726,63
2021-07-10,Trinity,105,12862,497,341,103,444,3
2021-07-10,Tulare,107,460477,50626,49850,9294,59144,853
2021-07-10,Tuolumne,109,53932,4114,4114,42,4156,64
2021-07-10,Ventura,111,848112,82469,81713,3201,84914,1039
2021-07-10,Yolo,113,214977,14381,14250,394,14644,213
2021-07-10,Yuba,115,75493,6337,6238,133,6371,52
2021-07-09,Alameda,001,1643700,91248,90090,2056,92146,1252
2021-07-09,Alpine,003,1148,88,89,0,89,0
2021-07-09,Amador,005,37829,3786,3773,34,3807,47
2021-07-09,Butte,007,227075,12919,12764,1913,14677,202
2021-07-09,Calaveras,009,45235,2242,2214,15,2229,57
2021-07-09,Colusa,011,21464,1985,1969,332,2301,16
2021-07-09,Contra Costa,013,1133247,72329,71376,1359,72735,821
2021-07-09,Del Norte,015,27424,1495,1451,13,1464,8
2021-07-09,El Dorado,017,186661,10657,10508,784,11292,114
2021-07-09,Fresno,019,978130,104046,102675,8904,111579,1730
2021-07-09,Glenn,021,27897,2463,2440,576,3016,20
2021-07-09,Humboldt,023,135768,4644,4574,55,4629,51
2021-07-09,Imperial,025,180216,28930,28729,2886,31615,741
2021-07-09,Inyo,027,18085,1416,1415,12,1427,36
2021-07-09,Kern,029,883053,98352,97538,11324,108862,1346
2021-07-09,Kings,031,150075,23400,23090,1125,24215,246
2021-07-09,Lake,033,64148,3746,3667,13,3680,63
2021-07-09,Lassen,035,31185,5316,5290,119,5409,21
2021-07-09,Los Angeles,037,10098052,1221044,1212043,42969,1255012,24542
2021-07-09,Madera,039,155013,16930,16744,962,17706,241
2021-07-09,Marin,041,260295,14357,14194,269,14463,233
2021-07-09,Mariposa,043,17540,444,442,11,453,5
2021-07-09,Mendocino,045,87422,4262,4153,86,4239,49
2021-07-09,Merced,047,269075,31473,31328,1007,32335,470
2021-07-09,Modoc,049,8938,421,410,149,559,4
2021-07-09,Mono,051,14174,1268,1275,17,1292,3
2021-07-09,Monterey,053,433212,43538,43251,1916,45167,499
2021-07-09,Napa,055,140530,10129,10077,41,10118,81
2021-07-09,Nevada,057,99092,5092,5000,196,5196,72
2021-07-09,Orange,059,3164182,258636,256438,11739,268177,5135
2021-07-09,Placer,061,380077,24240,23916,1626,25542,302
2021-07-09,Plumas,063,18699,729,717,14,731,4
2021-07-09,Riverside,065,2383286,297570,293474,14319,307793,4541
2021-07-09,Sacramento,067,1510023,110371,109091,1940,111031,1682
2021-07-09,San Benito,069,59416,6174,6141,116,6257,63
2021-07-09,San Bernardino,071,2135413,296592,294932,9159,304091,5117
2021-07-09,San Diego,073,3302833,285839,283577,15820,299397,3783
2021-07-09,San Francisco,075,870044,37913,37338,1355,38693,559
2021-07-09,San Joaquin,077,732212,74878,74150,3755,77905,1412
2021-07-09,San Luis Obispo,079,281455,21695,21375,773,22148,258
2021-07-09,San Mateo,081,765935,43315,42948,503,43451,542
2021-07-09,Santa Barbara,083,443738,34895,34595,1219,35814,460
2021-07-09,Santa Clara,085,1922200,120460,119330,795,120125,2094
2021-07-09,Santa Cruz,087,273765,16417,16286,821,17107,207
2021-07-09,Shasta,089,179085,12724,12623,1676,14299,206
2021-07-09,Sierra,091,2930,66,61,12,73,0
2021-07-09,Siskiyou,093,43540,1998,1909,394,2303,29
2021-07-09,Solano,095,438530,34033,33678,606,34284,268
2021-07-09,Sonoma,097,501317,31513,31231,374,31605,317
2021-07-09,Stanislaus,099,539301,57481,57104,6104,63208,1026
2021-07-09,Sutter,101,95872,9800,9692,93,9785,114
2021-07-09,Tehama,103,63373,5182,5131,595,5726,63
2021-07-09,Trinity,105,12862,496,341,100,441,3
2021-07-09,Tulare,107,460477,50613,49850,9288,59138,853
2021-07-09,Tuolumne,109,53932,4110,4114,42,4156,64
2021-07-09,Ventura,111,848112,82414,81713,3192,84905,1039
2021-07-09,Yolo,113,214977,14366,14250,390,14640,213
2021-07-09,Yuba,115,75493,6324,6238,133,6371,52
2021-07-08,Alameda,001,1643700,91041,90090,2051,92141,1252
2021-07-08,Alpine,003,1148,88,89,0,89,0
2021-07-08,Amador,005,37829,3784,3773,34,3807,47
2021-07-08,Butte,007,227075,12906,12764,1910,14674,202
2021-07-08,Calaveras,009,45235,2239,2214,14,2228,57
2021-07-08,Colusa,011,21464,1985,1969,332,2301,16
2021-07-08,Contra Costa,013,1133247,72201,71376,1354,72730,821
2021-07-08,Del Norte,015,27424,1493,1451,13,1464,8
2021-07-08,El Dorado,017,186661,10640,10508,779,11287,114
2021-07-08,Fresno,019,978130,103984,102675,8893,111568,1730
2021-07-08,Glenn,021,27897,2463,2440,576,3016,20
2021-07-08,Humboldt,023,135768,4629,4574,54,4628,51
2021-07-08,Imperial,025,180216,28918,28729,2884,31613,741
2021-07-08,Inyo,027,18085,1416,1415,12,1427,36
2021-07-08,Kern,029,883053,98304,97538,11309,108847,1346
2021-07-08,Kings,031,150075,23391,23090,1125,24215,246
2021-07-08,Lake,033,64148,3732,3667,13,3680,63
2021-07-08,Lassen,035,31185,5313,5290,119,5409,21
2021-07-08,Los Angeles,037,10098052,1219832,1212043,42873,1254916,24542
2021-07-08,Madera,039,155013,16914,16744,962,17706,241
2021-07-08,Marin,041,260295,14343,14194,269,14463,233
2021-07-08,Mariposa,043,17540,443,442,11,453,5
2021-07-08,Mendocino,045,87422,4259,4153,86,4239,49
2021-07-08,Merced,047,269075,31459,31328,1005,32333,470
2021-07-08,Modoc,049,8938,421,410,149,559,4
2021-07-08,Mono,051,14174,1268,1275,17,1292,3
2021-07-08,Monterey,053,433212,43518,43251,1910,45161,499
2021-07-08,Napa,055,140530,10125,10077,41,10118,81
2021-07-08,Nevada,057,99092,5086,5000,196,5196,72
2021-07-08,Orange,059,3164182,258441,256438,11718,268156,5135
2021-07-08,Placer,061,380077,24201,23916,1618,25534,302
2021-07-08,Plumas,063,18699,728,717,14,731,4
2021-07-08,Riverside,065,2383286,297369,293474,14303,307777,4541
2021-07-08,Sacramento,067,1510023,110149,109091,1933,111024,1682
2021-07-08,San Benito,069,59416,6171,6141,116,6257,63
2021-07-08,San Bernardino,071,2135413,296416,294932,9150,304082,5117
2021-07-08,San Diego,073,3302833,285511,283577,15772,299349,3783
2021-07-08,San Francisco,075,870044,37833,37338,1351,38689,559
2021-07-08,San Joaquin,077,732212,74790,74150,3742,77892,1412
2021-07-08,San Luis Obispo,079,281455,21683,21375,770,22145,258
2021-07-08,San Mateo,081,765935,43265,42948,502,43450,542
2021-07-08,Santa Barbara,083,443738,34868,34595,1217,35812,460
2021-07-08,Santa Clara,085,1922200,120367,119330,794,120124,2094
2021-07-08,Santa Cruz,087,273765,16411,16286,821,17107,207
2021-07-08,Shasta,089,179085,12718,12623,1672,14295,206
2021-07-08,Sierra,091,2930,66,61,12,73,0
2021-07-08,Siskiyou,093,43540,1993,1909,391,2300,29
2021-07-08,Solano,095,438530,33978,33678,600,34278,268
2021-07-08,Sonoma,097,501317,31482,31231,373,31604,317
2021-07-08,Stanislaus,099,539301,57455,57104,6100,63204,1026
2021-07-08,Sutter,101,95872,9785,9692,91,9783,114
2021-07-08,Tehama,103,63373,5179,5131,594,5725,63
2021-07-08,Trinity,105,12862,496,341,100,441,3
2021-07-08,Tulare,107,460477,50595,49850,9280,59130,853
2021-07-08,Tuolumne,109,53932,4108,4114,42,4156,64
2021-07-08,Ventura,111,848112,82349,81713,3176,84889,1039
2021-07-08,Yolo,113,214977,14347,14250,388,14638,213
2021-07-08,Yuba,115,75493,6316,6238,133,6371,52
2021-07-07,Alameda,001,1643700,90855,89995,2045,92040,1253
2021-07-07,Alpine,003,1148,88,89,0,89,0
2021-07-07,Amador,005,37829,3779,3770,34,3804,47
2021-07-07,Butte,007,227075,12893,12750,1905,14655,202
2021-07-07,Calaveras,009,45235,2231,2212,14,2226,57
2021-07-07,Colusa,011,21464,1981,1969,332,2301,16
2021-07-07,Contra Costa,013,1133247,72056,71308,1352,72660,821
2021-07-07,Del Norte,015,27424,1488,1446,13,1459,8
2021-07-07,El Dorado,017,186661,10620,10494,777,11271,114
2021-07-07,Fresno,019,978130,103934,102639,8886,111525,1729
2021-07-07,Glenn,021,27897,2463,2441,576,3017,20
2021-07-07,Humboldt,023,135768,4615,4566,54,4620,51
2021-07-07,Imperial,025,180216,28911,28701,2884,31585,740
2021-07-07,Inyo,027,18085,1415,1415,12,1427,36
2021-07-07,Kern,029,883053,98260,97507,11294,108801,1348
2021-07-07,Kings,031,150075,23378,23085,1122,24207,245
2021-07-07,Lake,033,64148,3713,3660,13,3673,63
2021-07-07,Lassen,035,31185,5313,5286,119,5405,21
2021-07-07,Los Angeles,037,10098052,1218652,1211316,42767,1254083,24531
2021-07-07,Madera,039,155013,16903,16733,960,17693,241
2021-07-07,Marin,041,260295,14324,14183,268,14451,233
2021-07-07,Mariposa,043,17540,441,442,11,453,5
2021-07-07,Mendocino,045,87422,4250,4145,86,4231,49
2021-07-07,Merced,047,269075,31444,31317,1005,32322,470
2021-07-07,Modoc,049,8938,421,410,149,559,4
2021-07-07,Mono,051,14174,1267,1274,17,1291,3
2021-07-07,Monterey,053,433212,43494,43233,1908,45141,494
2021-07-07,Napa,055,140530,10114,10078,41,10119,81
2021-07-07,Nevada,057,99092,5079,4996,196,5192,72
2021-07-07,Orange,059,3164182,258215,256301,11696,267997,5132
2021-07-07,Placer,061,380077,24165,23901,1608,25509,302
2021-07-07,Plumas,063,18699,728,710,14,724,4
2021-07-07,Riverside,065,2383286,297154,293331,14293,307624,4538
2021-07-07,Sacramento,067,1510023,109958,108954,1925,110879,1682
2021-07-07,San Benito,069,59416,6166,6137,116,6253,63
2021-07-07,San Bernardino,071,2135413,296248,294787,9143,303930,5087
2021-07-07,San Diego,073,3302833,285193,283377,15732,299109,3782
2021-07-07,San Francisco,075,870044,37741,37284,1348,38632,558
2021-07-07,San Joaquin,077,732212,74714,74095,3726,77821,1410
2021-07-07,San Luis Obispo,079,281455,21674,21360,768,22128,258
2021-07-07,San Mateo,081,765935,43210,42908,499,43407,542
2021-07-07,Santa Barbara,083,443738,34842,34582,1217,35799,460
2021-07-07,Santa Clara,085,1922200,120269,119250,793,120043,2094
2021-07-07,Santa Cruz,087,273765,16402,16279,820,17099,207
2021-07-07,Shasta,089,179085,12710,12613,1669,14282,206
2021-07-07,Sierra,091,2930,66,60,12,72,0
2021-07-07,Siskiyou,093,43540,1987,1908,387,2295,29
2021-07-07,Solano,095,438530,33929,33659,593,34252,268
2021-07-07,Sonoma,097,501317,31436,31172,373,31545,316
2021-07-07,Stanislaus,099,539301,57423,57102,6095,63197,1028
2021-07-07,Sutter,101,95872,9775,9683,91,9774,114
2021-07-07,Tehama,103,63373,5178,5129,594,5723,63
2021-07-07,Trinity,105,12862,496,341,100,441,3
2021-07-07,Tulare,107,460477,50591,49835,9271,59106,853
2021-07-07,Tuolumne,109,53932,4104,4115,41,4156,64
2021-07-07,Ventura,111,848112,82305,81608,3162,84770,1036
2021-07-07,Yolo,113,214977,14337,14236,385,14621,213
2021-07-07,Yuba,115,75493,6300,6233,133,6366,51
2021-07-06,Alameda,001,1643700,90657,89918,2037,91955,1253
2021-07-06,Alpine,003,1148,88,89,0,89,0
2021-07-06,Amador,005,37829,3778,3768,33,3801,47
2021-07-06,Butte,007,227075,12880,12744,1902,14646,201
2021-07-06,Calaveras,009,45235,2231,2211,14,2225,55
2021-07-06,Colusa,011,21464,1980,1967,329,2296,16
2021-07-06,Contra Costa,013,1133247,71927,71262,1349,72611,820
2021-07-06,Del Norte,015,27424,1484,1445,13,1458,8
2021-07-06,El Dorado,017,186661,10602,10484,776,11260,113
2021-07-06,Fresno,019,978130,103882,102616,8874,111490,1727
2021-07-06,Glenn,021,27897,2462,2438,576,3014,20
2021-07-06,Humboldt,023,135768,4601,4565,53,4618,49
2021-07-06,Imperial,025,180216,28896,28693,2882,31575,739
2021-07-06,Inyo,027,18085,1415,1412,12,1424,36
2021-07-06,Kern,029,883053,98218,97491,11283,108774,1346
2021-07-06,Kings,031,150075,23370,23077,1121,24198,245
2021-07-06,Lake,033,64148,3703,3659,13,3672,63
2021-07-06,Lassen,035,31185,5312,5288,118,5406,21
2021-07-06,Los Angeles,037,10098052,1217436,1210965,42668,1253633,24525
2021-07-06,Madera,039,155013,16891,16730,960,17690,241
2021-07-06,Marin,041,260295,14310,14181,268,14449,233
2021-07-06,Mariposa,043,17540,441,442,11,453,5
2021-07-06,Mendocino,045,87422,4243,4143,86,4229,49
2021-07-06,Merced,047,269075,31427,31317,1004,32321,470
2021-07-06,Modoc,049,8938,421,411,149,560,4
2021-07-06,Mono,051,14174,1266,1274,17,1291,3
2021-07-06,Monterey,053,433212,43472,43224,1907,45131,494
2021-07-06,Napa,055,140530,10103,10081,41,10122,81
2021-07-06,Nevada,057,99092,5070,4988,196,5184,72
2021-07-06,Orange,059,3164182,257971,256227,11679,267906,5129
2021-07-06,Placer,061,380077,24124,23876,1602,25478,302
2021-07-06,Plumas,063,18699,727,708,14,722,4
2021-07-06,Riverside,065,2383286,296951,293227,14275,307502,4539
2021-07-06,Sacramento,067,1510023,109747,108850,1917,110767,1679
2021-07-06,San Benito,069,59416,6162,6137,116,6253,63
2021-07-06,San Bernardino,071,2135413,296069,294712,9130,303842,5056
2021-07-06,San Diego,073,3302833,284838,283278,15673,298951,3782
2021-07-06,San Francisco,075,870044,37624,37251,1347,38598,558
2021-07-06,San Joaquin,077,732212,74644,74019,3714,77733,1410
2021-07-06,San Luis Obispo,079,281455,21657,21354,767,22121,257
2021-07-06,San Mateo,081,765935,43134,42895,499,43394,541
2021-07-06,Santa Barbara,083,443738,34823,34572,1215,35787,460
2021-07-06,Santa Clara,085,1922200,120151,119194,790,119984,2095
2021-07-06,Santa Cruz,087,273765,16397,16274,819,17093,207
2021-07-06,Shasta,089,179085,12700,12606,1667,14273,205
2021-07-06,Sierra,091,2930,65,60,12,72,0
2021-07-06,Siskiyou,093,43540,1984,1905,383,2288,29
2021-07-06,Solano,095,438530,33878,33619,590,34209,268
2021-07-06,Sonoma,097,501317,31373,31130,372,31502,316
2021-07-06,Stanislaus,099,539301,57376,57120,6083,63203,1029
2021-07-06,Sutter,101,95872,9766,9674,90,9764,114
2021-07-06,Tehama,103,63373,5175,5126,593,5719,63
2021-07-06,Trinity,105,12862,496,341,100,441,3
2021-07-06,Tulare,107,460477,50576,49826,9260,59086,853
2021-07-06,Tuolumne,109,53932,4102,4113,41,4154,64
2021-07-06,Ventura,111,848112,82265,81534,3136,84670,1033
2021-07-06,Yolo,113,214977,14315,14227,382,14609,213
2021-07-06,Yuba,115,75493,6289,6231,133,6364,51
2021-07-05,Alameda,001,1643700,90479,89892,2032,91924,1253
2021-07-05,Alpine,003,1148,88,89,0,89,0
2021-07-05,Amador,005,37829,3776,3768,33,3801,47
2021-07-05,Butte,007,227075,12872,12740,1892,14632,201
2021-07-05,Calaveras,009,45235,2227,2211,14,2225,55
2021-07-05,Colusa,011,21464,1978,1966,328,2294,16
2021-07-05,Contra Costa,013,1133247,71799,71235,1349,72584,820
2021-07-05,Del Norte,015,27424,1480,1446,13,1459,8
2021-07-05,El Dorado,017,186661,10577,10481,776,11257,113
2021-07-05,Fresno,019,978130,103824,102592,8859,111451,1727
2021-07-05,Glenn,021,27897,2459,2438,575,3013,20
2021-07-05,Humboldt,023,135768,4587,4563,53,4616,49
2021-07-05,Imperial,025,180216,28877,28689,2881,31570,739
2021-07-05,Inyo,027,18085,1415,1412,12,1424,36
2021-07-05,Kern,029,883053,98171,97479,11262,108741,1346
2021-07-05,Kings,031,150075,23362,23065,1118,24183,245
2021-07-05,Lake,033,64148,3685,3645,13,3658,63
2021-07-05,Lassen,035,31185,5309,5288,117,5405,21
2021-07-05,Los Angeles,037,10098052,1216244,1210653,42565,1253218,24522
2021-07-05,Madera,039,155013,16880,16722,959,17681,241
2021-07-05,Marin,041,260295,14289,14178,268,14446,233
2021-07-05,Mariposa,043,17540,441,441,11,452,5
2021-07-05,Mendocino,045,87422,4238,4139,85,4224,49
2021-07-05,Merced,047,269075,31407,31312,1004,32316,470
2021-07-05,Modoc,049,8938,421,410,149,559,4
2021-07-05,Mono,051,14174,1266,1273,17,1290,3
2021-07-05,Monterey,053,433212,43451,43218,1902,45120,494
2021-07-05,Napa,055,140530,10097,10074,41,10115,81
2021-07-05,Nevada,057,99092,5052,4980,195,5175,72
2021-07-05,Orange,059,3164182,257770,256173,11661,267834,5129
2021-07-05,Placer,061,380077,24077,23867,1594,25461,302
2021-07-05,Plumas,063,18699,726,708,14,722,4
2021-07-05,Riverside,065,2383286,296759,293193,14263,307456,4539
2021-07-05,Sacramento,067,1510023,109564,108758,1908,110666,1679
2021-07-05,San Benito,069,59416,6155,6137,116,6253,63
2021-07-05,San Bernardino,071,2135413,295907,294647,9123,303770,5037
2021-07-05,San Diego,073,3302833,284478,282834,15628,298462,3782
2021-07-05,San Francisco,075,870044,37538,37237,1342,38579,558
2021-07-05,San Joaquin,077,732212,74574,73999,3709,77708,1410
2021-07-05,San Luis Obispo,079,281455,21644,21351,766,22117,257
2021-07-05,San Mateo,081,765935,43082,42876,496,43372,541
2021-07-05,Santa Barbara,083,443738,34803,34569,1215,35784,460
2021-07-05,Santa Clara,085,1922200,120045,119184,788,119972,2095
2021-07-05,Santa Cruz,087,273765,16388,16273,818,17091,208
2021-07-05,Shasta,089,179085,12691,12603,1665,14268,205
2021-07-05,Sierra,091,2930,65,60,12,72,0
2021-07-05,Siskiyou,093,43540,1982,1904,382,2286,29
2021-07-05,Solano,095,438530,33808,33612,584,34196,268
2021-07-05,Sonoma,097,501317,31320,31116,372,31488,316
2021-07-05,Stanislaus,099,539301,57346,57109,6073,63182,1029
2021-07-05,Sutter,101,95872,9754,9667,90,9757,114
2021-07-05,Tehama,103,63373,5174,5125,593,5718,63
2021-07-05,Trinity,105,12862,495,341,99,440,3
2021-07-05,Tulare,107,460477,50558,49818,9257,59075,853
2021-07-05,Tuolumne,109,53932,4098,4112,41,4153,64
2021-07-05,Ventura,111,848112,82214,81519,3116,84635,1033
2021-07-05,Yolo,113,214977,14296,14225,374,14599,213
2021-07-05,Yuba,115,75493,6281,6223,133,6356,51
2021-07-04,Alameda,001,1643700,90314,89683,2029,91712,1253
2021-07-04,Alpine,003,1148,88,89,0,89,0
2021-07-04,Amador,005,37829,3775,3758,33,3791,46
2021-07-04,Butte,007,227075,12862,12684,1892,14576,201
2021-07-04,Calaveras,009,45235,2226,2200,14,2214,55
2021-07-04,Colusa,011,21464,1978,1969,328,2297,15
2021-07-04,Contra Costa,013,1133247,71693,70941,1344,72285,818
2021-07-04,Del Norte,015,27424,1477,1439,13,1452,8
2021-07-04,El Dorado,017,186661,10568,10433,775,11208,113
2021-07-04,Fresno,019,978130,103778,102512,8842,111354,1727
2021-07-04,Glenn,021,27897,2457,2442,574,3016,20
2021-07-04,Humboldt,023,135768,4579,4530,53,4583,49
2021-07-04,Imperial,025,180216,28871,28661,2881,31542,739
2021-07-04,Inyo,027,18085,1415,1412,12,1424,35
2021-07-04,Kern,029,883053,98152,97421,11253,108674,1347
2021-07-04,Kings,031,150075,23354,23051,1118,24169,245
2021-07-04,Lake,033,64148,3675,3623,13,3636,62
2021-07-04,Lassen,035,31185,5308,5277,117,5394,20
2021-07-04,Los Angeles,037,10098052,1215387,1208705,42477,1251182,24506
2021-07-04,Madera,039,155013,16868,16696,957,17653,240
2021-07-04,Marin,041,260295,14274,14143,268,14411,233
2021-07-04,Mariposa,043,17540,441,441,11,452,5
2021-07-04,Mendocino,045,87422,4228,4122,85,4207,49
2021-07-04,Merced,047,269075,31396,31297,1004,32301,469
2021-07-04,Modoc,049,8938,421,410,149,559,4
2021-07-04,Mono,051,14174,1266,1275,17,1292,3
2021-07-04,Monterey,053,433212,43435,43212,1901,45113,492
2021-07-04,Napa,055,140530,10089,10045,40,10085,81
2021-07-04,Nevada,057,99092,5042,4966,195,5161,72
2021-07-04,Orange,059,3164182,257595,255823,11640,267463,5126
2021-07-04,Placer,061,380077,24040,23764,1587,25351,299
2021-07-04,Plumas,063,18699,726,707,14,721,4
2021-07-04,Riverside,065,2383286,296599,293260,14257,307517,4536
2021-07-04,Sacramento,067,1510023,109394,108257,1902,110159,1676
2021-07-04,San Benito,069,59416,6148,6108,116,6224,63
2021-07-04,San Bernardino,071,2135413,295740,294294,9116,303410,5003
2021-07-04,San Diego,073,3302833,284254,282692,15590,298282,3780
2021-07-04,San Francisco,075,870044,37480,37107,1336,38443,558
2021-07-04,San Joaquin,077,732212,74509,73841,3701,77542,1409
2021-07-04,San Luis Obispo,079,281455,21638,21330,765,22095,256
2021-07-04,San Mateo,081,765935,43048,42691,496,43187,541
2021-07-04,Santa Barbara,083,443738,34780,34526,1214,35740,456
2021-07-04,Santa Clara,085,1922200,119955,118966,787,119753,2090
2021-07-04,Santa Cruz,087,273765,16377,16254,818,17072,208
2021-07-04,Shasta,089,179085,12687,12582,1664,14246,204
2021-07-04,Sierra,091,2930,64,60,12,72,0
2021-07-04,Siskiyou,093,43540,1978,1899,381,2280,29
2021-07-04,Solano,095,438530,33767,33486,582,34068,268
2021-07-04,Sonoma,097,501317,31290,31000,371,31371,316
2021-07-04,Stanislaus,099,539301,57332,57018,6067,63085,1018
2021-07-04,Sutter,101,95872,9743,9644,90,9734,114
2021-07-04,Tehama,103,63373,5170,5124,593,5717,63
2021-07-04,Trinity,105,12862,494,341,99,440,3
2021-07-04,Tulare,107,460477,50548,49789,9254,59043,853
2021-07-04,Tuolumne,109,53932,4090,4113,41,4154,64
2021-07-04,Ventura,111,848112,82156,81425,3105,84530,1033
2021-07-04,Yolo,113,214977,14276,14188,371,14559,213
2021-07-04,Yuba,115,75493,6273,6197,133,6330,51
2021-07-03,Alameda,001,1643700,90227,89683,2021,91704,1253
2021-07-03,Alpine,003,1148,88,89,0,89,0
2021-07-03,Amador,005,37829,3775,3758,33,3791,46
2021-07-03,Butte,007,227075,12858,12684,1891,14575,201
2021-07-03,Calaveras,009,45235,2224,2200,14,2214,55
2021-07-03,Colusa,011,21464,1977,1969,328,2297,15
2021-07-03,Contra Costa,013,1133247,71634,70941,1341,72282,818
2021-07-03,Del Norte,015,27424,1474,1439,13,1452,8
2021-07-03,El Dorado,017,186661,10561,10433,773,11206,113
2021-07-03,Fresno,019,978130,103753,102512,8833,111345,1727
2021-07-03,Glenn,021,27897,2457,2442,574,3016,20
2021-07-03,Humboldt,023,135768,4574,4530,53,4583,49
2021-07-03,Imperial,025,180216,28861,28661,2881,31542,739
2021-07-03,Inyo,027,18085,1415,1412,12,1424,35
2021-07-03,Kern,029,883053,98132,97421,11245,108666,1347
2021-07-03,Kings,031,150075,23354,23051,1117,24168,245
2021-07-03,Lake,033,64148,3665,3623,13,3636,62
2021-07-03,Lassen,035,31185,5307,5277,117,5394,20
2021-07-03,Los Angeles,037,10098052,1214960,1208705,42447,1251152,24506
2021-07-03,Madera,039,155013,16859,16696,954,17650,240
2021-07-03,Marin,041,260295,14270,14143,268,14411,233
2021-07-03,Mariposa,043,17540,441,441,11,452,5
2021-07-03,Mendocino,045,87422,4227,4122,85,4207,49
2021-07-03,Merced,047,269075,31383,31297,1003,32300,469
2021-07-03,Modoc,049,8938,420,410,149,559,4
2021-07-03,Mono,051,14174,1265,1275,17,1292,3
2021-07-03,Monterey,053,433212,43423,43212,1898,45110,492
2021-07-03,Napa,055,140530,10084,10045,40,10085,81
2021-07-03,Nevada,057,99092,5028,4966,195,5161,72
2021-07-03,Orange,059,3164182,257511,255823,11633,267456,5126
2021-07-03,Placer,061,380077,24021,23764,1584,25348,299
2021-07-03,Plumas,063,18699,726,707,14,721,4
2021-07-03,Riverside,065,2383286,296507,293260,14253,307513,4536
2021-07-03,Sacramento,067,1510023,109320,108257,1899,110156,1676
2021-07-03,San Benito,069,59416,6141,6108,116,6224,63
2021-07-03,San Bernardino,071,2135413,295650,294294,9113,303407,5003
2021-07-03,San Diego,073,3302833,284123,282692,15571,298263,3780
2021-07-03,San Francisco,075,870044,37439,37107,1333,38440,558
2021-07-03,San Joaquin,077,732212,74473,73841,3696,77537,1409
2021-07-03,San Luis Obispo,079,281455,21626,21330,765,22095,256
2021-07-03,San Mateo,081,765935,43023,42691,495,43186,541
2021-07-03,Santa Barbara,083,443738,34771,34526,1213,35739,456
2021-07-03,Santa Clara,085,1922200,119908,118966,787,119753,2090
2021-07-03,Santa Cruz,087,273765,16370,16254,818,17072,208
2021-07-03,Shasta,089,179085,12683,12582,1662,14244,204
2021-07-03,Sierra,091,2930,64,60,12,72,0
2021-07-03,Siskiyou,093,43540,1977,1899,380,2279,29
2021-07-03,Solano,095,438530,33723,33486,582,34068,268
2021-07-03,Sonoma,097,501317,31256,31000,371,31371,316
2021-07-03,Stanislaus,099,539301,57321,57018,6059,63077,1018
2021-07-03,Sutter,101,95872,9733,9644,90,9734,114
2021-07-03,Tehama,103,63373,5168,5124,593,5717,63
2021-07-03,Trinity,105,12862,494,341,99,440,3
2021-07-03,Tulare,107,460477,50542,49789,9248,59037,853
2021-07-03,Tuolumne,109,53932,4089,4113,41,4154,64
2021-07-03,Ventura,111,848112,82126,81425,3097,84522,1033
2021-07-03,Yolo,113,214977,14266,14188,368,14556,213
2021-07-03,Yuba,115,75493,6267,6197,133,6330,51
2021-07-02,Alameda,001,1643700,90145,89683,2020,91703,1253
2021-07-02,Alpine,003,1148,88,89,0,89,0
2021-07-02,Amador,005,37829,3773,3758,33,3791,46
2021-07-02,Butte,007,227075,12851,12684,1891,14575,201
2021-07-02,Calaveras,009,45235,2222,2200,14,2214,55
2021-07-02,Colusa,011,21464,1976,1969,327,2296,15
2021-07-02,Contra Costa,013,1133247,71564,70941,1337,72278,818
2021-07-02,Del Norte,015,27424,1474,1439,13,1452,8
2021-07-02,El Dorado,017,186661,10553,10433,773,11206,113
2021-07-02,Fresno,019,978130,103724,102512,8827,111339,1727
2021-07-02,Glenn,021,27897,2456,2442,573,3015,20
2021-07-02,Humboldt,023,135768,4571,4530,52,4582,49
2021-07-02,Imperial,025,180216,28855,28661,2880,31541,739
2021-07-02,Inyo,027,18085,1415,1412,12,1424,35
2021-07-02,Kern,029,883053,98114,97421,11236,108657,1347
2021-07-02,Kings,031,150075,23344,23051,1117,24168,245
2021-07-02,Lake,033,64148,3659,3623,13,3636,62
2021-07-02,Lassen,035,31185,5307,5277,117,5394,20
2021-07-02,Los Angeles,037,10098052,1214486,1208705,42409,1251114,24506
2021-07-02,Madera,039,155013,16850,16696,953,17649,240
2021-07-02,Marin,041,260295,14265,14143,268,14411,233
2021-07-02,Mariposa,043,17540,441,441,11,452,5
2021-07-02,Mendocino,045,87422,4223,4122,84,4206,49
2021-07-02,Merced,047,269075,31374,31297,1003,32300,469
2021-07-02,Modoc,049,8938,420,410,149,559,4
2021-07-02,Mono,051,14174,1264,1275,17,1292,3
2021-07-02,Monterey,053,433212,43415,43212,1897,45109,492
2021-07-02,Napa,055,140530,10079,10045,40,10085,81
2021-07-02,Nevada,057,99092,5019,4966,195,5161,72
2021-07-02,Orange,059,3164182,257400,255823,11626,267449,5126
2021-07-02,Placer,061,380077,24004,23764,1577,25341,299
2021-07-02,Plumas,063,18699,726,707,14,721,4
2021-07-02,Riverside,065,2383286,296410,293260,14248,307508,4536
2021-07-02,Sacramento,067,1510023,109242,108257,1898,110155,1676
2021-07-02,San Benito,069,59416,6138,6108,116,6224,63
2021-07-02,San Bernardino,071,2135413,295563,294294,9111,303405,5003
2021-07-02,San Diego,073,3302833,283978,282692,15545,298237,3780
2021-07-02,San Francisco,075,870044,37391,37107,1331,38438,558
2021-07-02,San Joaquin,077,732212,74441,73841,3690,77531,1409
2021-07-02,San Luis Obispo,079,281455,21620,21330,764,22094,256
2021-07-02,San Mateo,081,765935,42987,42691,495,43186,541
2021-07-02,Santa Barbara,083,443738,34761,34526,1213,35739,456
2021-07-02,Santa Clara,085,1922200,119830,118966,787,119753,2090
2021-07-02,Santa Cruz,087,273765,16366,16254,818,17072,208
2021-07-02,Shasta,089,179085,12679,12582,1662,14244,204
2021-07-02,Sierra,091,2930,63,60,12,72,0
2021-07-02,Siskiyou,093,43540,1974,1899,379,2278,29
2021-07-02,Solano,095,438530,33698,33486,582,34068,268
2021-07-02,Sonoma,097,501317,31233,31000,371,31371,316
2021-07-02,Stanislaus,099,539301,57306,57018,6058,63076,1018
2021-07-02,Sutter,101,95872,9728,9644,90,9734,114
2021-07-02,Tehama,103,63373,5166,5124,591,5715,63
2021-07-02,Trinity,105,12862,494,341,99,440,3
2021-07-02,Tulare,107,460477,50532,49789,9240,59029,853
2021-07-02,Tuolumne,109,53932,4086,4113,41,4154,64
2021-07-02,Ventura,111,848112,82083,81425,3089,84514,1033
2021-07-02,Yolo,113,214977,14250,14188,366,14554,213
2021-07-02,Yuba,115,75493,6259,6197,133,6330,51
2021-07-01,Alameda,001,1643700,90043,89683,2018,91701,1253
2021-07-01,Alpine,003,1148,88,89,0,89,0
2021-07-01,Amador,005,37829,3772,3758,33,3791,46
2021-07-01,Butte,007,227075,12839,12684,1889,14573,201
2021-07-01,Calaveras,009,45235,2219,2200,14,2214,55
2021-07-01,Colusa,011,21464,1976,1969,325,2294,15
2021-07-01,Contra Costa,013,1133247,71493,70941,1337,72278,818
2021-07-01,Del Norte,015,27424,1473,1439,13,1452,8
2021-07-01,El Dorado,017,186661,10541,10433,773,11206,113
2021-07-01,Fresno,019,978130,103685,102512,8822,111334,1727
2021-07-01,Glenn,021,27897,2456,2442,573,3015,20
2021-07-01,Humboldt,023,135768,4569,4530,52,4582,49
2021-07-01,Imperial,025,180216,28838,28661,2880,31541,739
2021-07-01,Inyo,027,18085,1415,1412,12,1424,35
2021-07-01,Kern,029,883053,98088,97421,11226,108647,1347
2021-07-01,Kings,031,150075,23330,23051,1117,24168,245
2021-07-01,Lake,033,64148,3656,3623,13,3636,62
2021-07-01,Lassen,035,31185,5305,5277,117,5394,20
2021-07-01,Los Angeles,037,10098052,1213887,1208705,42354,1251059,24506
2021-07-01,Madera,039,155013,16841,16696,952,17648,240
2021-07-01,Marin,041,260295,14261,14143,268,14411,233
2021-07-01,Mariposa,043,17540,441,441,11,452,5
2021-07-01,Mendocino,045,87422,4219,4122,83,4205,49
2021-07-01,Merced,047,269075,31368,31297,1003,32300,469
2021-07-01,Modoc,049,8938,420,410,149,559,4
2021-07-01,Mono,051,14174,1263,1275,17,1292,3
2021-07-01,Monterey,053,433212,43407,43212,1893,45105,492
2021-07-01,Napa,055,140530,10072,10045,40,10085,81
2021-07-01,Nevada,057,99092,5014,4966,195,5161,72
2021-07-01,Orange,059,3164182,257279,255823,11607,267430,5126
2021-07-01,Placer,061,380077,23985,23764,1574,25338,299
2021-07-01,Plumas,063,18699,723,707,12,719,4
2021-07-01,Riverside,065,2383286,296301,293260,14240,307500,4536
2021-07-01,Sacramento,067,1510023,109116,108257,1891,110148,1676
2021-07-01,San Benito,069,59416,6134,6108,116,6224,63
2021-07-01,San Bernardino,071,2135413,295443,294294,9106,303400,5003
2021-07-01,San Diego,073,3302833,283800,282692,15508,298200,3780
2021-07-01,San Francisco,075,870044,37355,37107,1329,38436,558
2021-07-01,San Joaquin,077,732212,74390,73841,3686,77527,1409
2021-07-01,San Luis Obispo,079,281455,21605,21330,763,22093,256
2021-07-01,San Mateo,081,765935,42959,42691,494,43185,541
2021-07-01,Santa Barbara,083,443738,34747,34526,1213,35739,456
2021-07-01,Santa Clara,085,1922200,119781,118966,787,119753,2090
2021-07-01,Santa Cruz,087,273765,16361,16254,818,17072,208
2021-07-01,Shasta,089,179085,12671,12582,1661,14243,204
2021-07-01,Sierra,091,2930,63,60,12,72,0
2021-07-01,Siskiyou,093,43540,1974,1899,379,2278,29
2021-07-01,Solano,095,438530,33656,33486,581,34067,268
2021-07-01,Sonoma,097,501317,31189,31000,371,31371,316
2021-07-01,Stanislaus,099,539301,57291,57018,6054,63072,1018
2021-07-01,Sutter,101,95872,9719,9644,90,9734,114
2021-07-01,Tehama,103,63373,5166,5124,590,5714,63
2021-07-01,Trinity,105,12862,494,341,99,440,3
2021-07-01,Tulare,107,460477,50523,49789,9233,59022,853
2021-07-01,Tuolumne,109,53932,4079,4113,41,4154,64
2021-07-01,Ventura,111,848112,82052,81425,3078,84503,1033
2021-07-01,Yolo,113,214977,14235,14188,364,14552,213
2021-07-01,Yuba,115,75493,6252,6197,133,6330,51
2021-06-30,Alameda,001,1643700,89964,89597,2013,91610,1256
2021-06-30,Alpine,003,1148,88,89,0,89,0
2021-06-30,Amador,005,37829,3770,3756,33,3789,46
2021-06-30,Butte,007,227075,12832,12676,1880,14556,201
2021-06-30,Calaveras,009,45235,2213,2198,14,2212,55
2021-06-30,Colusa,011,21464,1974,1967,322,2289,15
2021-06-30,Contra Costa,013,1133247,71429,70869,1334,72203,818
2021-06-30,Del Norte,015,27424,1468,1435,13,1448,8
2021-06-30,El Dorado,017,186661,10522,10420,773,11193,113
2021-06-30,Fresno,019,978130,103648,102490,8819,111309,1727
2021-06-30,Glenn,021,27897,2454,2440,573,3013,20
2021-06-30,Humboldt,023,135768,4553,4522,50,4572,49
2021-06-30,Imperial,025,180216,28830,28651,2880,31531,739
2021-06-30,Inyo,027,18085,1415,1409,12,1421,35
2021-06-30,Kern,029,883053,98047,97267,11214,108481,1348
2021-06-30,Kings,031,150075,23325,23038,1116,24154,245
2021-06-30,Lake,033,64148,3643,3601,13,3614,56
2021-06-30,Lassen,035,31185,5300,5269,117,5386,20
2021-06-30,Los Angeles,037,10098052,1213218,1208246,42310,1250556,24499
2021-06-30,Madera,039,155013,16833,16688,950,17638,240
2021-06-30,Marin,041,260295,14252,14133,267,14400,232
2021-06-30,Mariposa,043,17540,440,441,11,452,5
2021-06-30,Mendocino,045,87422,4209,4115,83,4198,49
2021-06-30,Merced,047,269075,31358,31286,1003,32289,469
2021-06-30,Modoc,049,8938,420,410,149,559,4
2021-06-30,Mono,051,14174,1263,1275,17,1292,3
2021-06-30,Monterey,053,433212,43402,43209,1891,45100,492
2021-06-30,Napa,055,140530,10064,10039,40,10079,81
2021-06-30,Nevada,057,99092,5003,4958,195,5153,72
2021-06-30,Orange,059,3164182,257150,255764,11597,267361,5125
2021-06-30,Placer,061,380077,23961,23721,1570,25291,299
2021-06-30,Plumas,063,18699,723,705,12,717,4
2021-06-30,Riverside,065,2383286,296187,293280,14230,307510,4535
2021-06-30,Sacramento,067,1510023,108977,108137,1887,110024,1676
2021-06-30,San Benito,069,59416,6130,6105,116,6221,63
2021-06-30,San Bernardino,071,2135413,295284,294211,9101,303312,4975
2021-06-30,San Diego,073,3302833,283664,282583,15480,298063,3780
2021-06-30,San Francisco,075,870044,37306,37065,1324,38389,558
2021-06-30,San Joaquin,077,732212,74328,73777,3685,77462,1409
2021-06-30,San Luis Obispo,079,281455,21592,21326,762,22088,256
2021-06-30,San Mateo,081,765935,42922,42599,493,43092,537
2021-06-30,Santa Barbara,083,443738,34731,34521,1213,35734,456
2021-06-30,Santa Clara,085,1922200,119734,118930,784,119714,2090
2021-06-30,Santa Cruz,087,273765,16355,16250,818,17068,208
2021-06-30,Shasta,089,179085,12665,12564,1661,14225,204
2021-06-30,Sierra,091,2930,63,60,12,72,0
2021-06-30,Siskiyou,093,43540,1972,1900,376,2276,29
2021-06-30,Solano,095,438530,33617,33453,579,34032,268
2021-06-30,Sonoma,097,501317,31159,30947,371,31318,316
2021-06-30,Stanislaus,099,539301,57273,56997,6053,63050,1018
2021-06-30,Sutter,101,95872,9709,9638,90,9728,114
2021-06-30,Tehama,103,63373,5164,5124,590,5714,63
2021-06-30,Trinity,105,12862,494,341,99,440,3
2021-06-30,Tulare,107,460477,50512,49764,9222,58986,853
2021-06-30,Tuolumne,109,53932,4076,4112,41,4153,64
2021-06-30,Ventura,111,848112,82009,81392,3073,84465,1032
2021-06-30,Yolo,113,214977,14229,14178,361,14539,213
2021-06-30,Yuba,115,75493,6245,6191,133,6324,51
2021-06-29,Alameda,001,1643700,89857,89519,2012,91531,1257
2021-06-29,Alpine,003,1148,88,89,0,89,0
2021-06-29,Amador,005,37829,3766,3754,33,3787,46
2021-06-29,Butte,007,227075,12824,12669,1880,14549,201
2021-06-29,Calaveras,009,45235,2207,2198,14,2212,55
2021-06-29,Colusa,011,21464,1972,1967,322,2289,15
2021-06-29,Contra Costa,013,1133247,71355,70775,1334,72109,817
2021-06-29,Del Norte,015,27424,1467,1435,13,1448,8
2021-06-29,El Dorado,017,186661,10509,10403,769,11172,113
2021-06-29,Fresno,019,978130,103615,102464,8816,111280,1725
2021-06-29,Glenn,021,27897,2453,2439,573,3012,20
2021-06-29,Humboldt,023,135768,4549,4514,49,4563,49
2021-06-29,Imperial,025,180216,28821,28645,2878,31523,737
2021-06-29,Inyo,027,18085,1415,1408,12,1420,35
2021-06-29,Kern,029,883053,98026,97173,11208,108381,1347
2021-06-29,Kings,031,150075,23316,23035,1115,24150,245
2021-06-29,Lake,033,64148,3637,3594,13,3607,56
2021-06-29,Lassen,035,31185,5293,5268,117,5385,20
2021-06-29,Los Angeles,037,10098052,1212609,1207895,42279,1250174,24498
2021-06-29,Madera,039,155013,16829,16680,949,17629,240
2021-06-29,Marin,041,260295,14240,14127,267,14394,232
2021-06-29,Mariposa,043,17540,440,441,11,452,5
2021-06-29,Mendocino,045,87422,4205,4107,82,4189,49
2021-06-29,Merced,047,269075,31346,31277,1003,32280,469
2021-06-29,Modoc,049,8938,419,408,149,557,3
2021-06-29,Mono,051,14174,1263,1275,17,1292,3
2021-06-29,Monterey,053,433212,43392,43196,1889,45085,471
2021-06-29,Napa,055,140530,10058,10033,40,10073,81
2021-06-29,Nevada,057,99092,4996,4952,195,5147,72
2021-06-29,Orange,059,3164182,257050,255686,11582,267268,5124
2021-06-29,Placer,061,380077,23941,23693,1568,25261,299
2021-06-29,Plumas,063,18699,723,704,12,716,4
2021-06-29,Riverside,065,2383286,296088,292962,14223,307185,4524
2021-06-29,Sacramento,067,1510023,108825,108067,1884,109951,1677
2021-06-29,San Benito,069,59416,6119,6099,116,6215,63
2021-06-29,San Bernardino,071,2135413,295171,294118,9099,303217,4940
2021-06-29,San Diego,073,3302833,283509,282499,15453,297952,3780
2021-06-29,San Francisco,075,870044,37268,37041,1321,38362,558
2021-06-29,San Joaquin,077,732212,74280,73724,3682,77406,1409
2021-06-29,San Luis Obispo,079,281455,21582,21324,761,22085,256
2021-06-29,San Mateo,081,765935,42888,42540,493,43033,540
2021-06-29,Santa Barbara,083,443738,34721,34507,1212,35719,455
2021-06-29,Santa Clara,085,1922200,119679,118893,783,119676,2090
2021-06-29,Santa Cruz,087,273765,16349,16249,818,17067,208
2021-06-29,Shasta,089,179085,12653,12564,1660,14224,204
2021-06-29,Sierra,091,2930,63,59,12,71,0
2021-06-29,Siskiyou,093,43540,1969,1897,372,2269,29
2021-06-29,Solano,095,438530,33584,33440,577,34017,268
2021-06-29,Sonoma,097,501317,31117,30950,369,31319,316
2021-06-29,Stanislaus,099,539301,57248,56980,6046,63026,1018
2021-06-29,Sutter,101,95872,9698,9634,90,9724,114
2021-06-29,Tehama,103,63373,5164,5124,590,5714,63
2021-06-29,Trinity,105,12862,494,341,99,440,3
2021-06-29,Tulare,107,460477,50499,49751,9217,58968,852
2021-06-29,Tuolumne,109,53932,4074,4111,41,4152,64
2021-06-29,Ventura,111,848112,81971,81363,3067,84430,1032
2021-06-29,Yolo,113,214977,14217,14171,360,14531,213
2021-06-29,Yuba,115,75493,6235,6188,133,6321,51
2021-06-28,Alameda,001,1643700,89765,89638,2009,91647,1259
2021-06-28,Alpine,003,1148,88,89,0,89,0
2021-06-28,Amador,005,37829,3765,3753,33,3786,46
2021-06-28,Butte,007,227075,12815,12697,1878,14575,198
2021-06-28,Calaveras,009,45235,2204,2203,14,2217,55
2021-06-28,Colusa,011,21464,1970,1974,322,2296,15
2021-06-28,Contra Costa,013,1133247,71281,70807,1332,72139,816
2021-06-28,Del Norte,015,27424,1467,1436,13,1449,8
2021-06-28,El Dorado,017,186661,10499,10422,765,11187,115
2021-06-28,Fresno,019,978130,103585,103121,8814,111935,1727
2021-06-28,Glenn,021,27897,2453,2439,573,3012,20
2021-06-28,Humboldt,023,135768,4542,4520,48,4568,49
2021-06-28,Imperial,025,180216,28813,28981,2877,31858,741
2021-06-28,Inyo,027,18085,1412,1407,12,1419,35
2021-06-28,Kern,029,883053,98007,97252,11203,108455,1348
2021-06-28,Kings,031,150075,23310,23134,1115,24249,246
2021-06-28,Lake,033,64148,3629,3591,13,3604,56
2021-06-28,Lassen,035,31185,5291,5268,117,5385,20
2021-06-28,Los Angeles,037,10098052,1212091,1207714,42243,1249957,24496
2021-06-28,Madera,039,155013,16818,16683,948,17631,240
2021-06-28,Marin,041,260295,14225,14186,267,14453,232
2021-06-28,Mariposa,043,17540,440,440,11,451,5
2021-06-28,Mendocino,045,87422,4196,4102,81,4183,49
2021-06-28,Merced,047,269075,31334,31277,1003,32280,469
2021-06-28,Modoc,049,8938,419,411,148,559,3
2021-06-28,Mono,051,14174,1263,1276,17,1293,3
2021-06-28,Monterey,053,433212,43388,43202,1888,45090,462
2021-06-28,Napa,055,140530,10049,10050,39,10089,81
2021-06-28,Nevada,057,99092,4992,4951,195,5146,72
2021-06-28,Orange,059,3164182,256960,255755,11568,267323,5123
2021-06-28,Placer,061,380077,23921,23756,1563,25319,299
2021-06-28,Plumas,063,18699,721,704,12,716,4
2021-06-28,Riverside,065,2383286,295962,292647,14210,306857,4507
2021-06-28,Sacramento,067,1510023,108693,108342,1879,110221,1675
2021-06-28,San Benito,069,59416,6117,6101,116,6217,63
2021-06-28,San Bernardino,071,2135413,295070,294151,9094,303245,4928
2021-06-28,San Diego,073,3302833,283346,282417,15424,297841,3780
2021-06-28,San Francisco,075,870044,37232,37372,1319,38691,559
2021-06-28,San Joaquin,077,732212,74232,73973,3678,77651,1411
2021-06-28,San Luis Obispo,079,281455,21578,21340,760,22100,256
2021-06-28,San Mateo,081,765935,42854,42927,492,43419,540
2021-06-28,Santa Barbara,083,443738,34714,34534,1210,35744,455
2021-06-28,Santa Clara,085,1922200,119615,120377,782,121159,2103
2021-06-28,Santa Cruz,087,273765,16344,16245,818,17063,208
2021-06-28,Shasta,089,179085,12649,12642,1658,14300,203
2021-06-28,Sierra,091,2930,63,58,12,70,0
2021-06-28,Siskiyou,093,43540,1968,1896,372,2268,29
2021-06-28,Solano,095,438530,33548,33524,575,34099,267
2021-06-28,Sonoma,097,501317,31080,31137,368,31505,315
2021-06-28,Stanislaus,099,539301,57229,57047,6042,63089,1018
2021-06-28,Sutter,101,95872,9694,9682,90,9772,114
2021-06-28,Tehama,103,63373,5162,5122,590,5712,63
2021-06-28,Trinity,105,12862,494,341,99,440,3
2021-06-28,Tulare,107,460477,50489,49751,9213,58964,850
2021-06-28,Tuolumne,109,53932,4067,4121,41,4162,64
2021-06-28,Ventura,111,848112,81914,81393,3062,84455,1032
2021-06-28,Yolo,113,214977,14208,14199,357,14556,213
2021-06-28,Yuba,115,75493,6230,6207,133,6340,51
2021-06-27,Alameda,001,1643700,89678,89611,2005,91616,1259
2021-06-27,Alpine,003,1148,88,89,0,89,0
2021-06-27,Amador,005,37829,3764,3752,33,3785,46
2021-06-27,Butte,007,227075,12806,12696,1877,14573,198
2021-06-27,Calaveras,009,45235,2202,2203,14,2217,55
2021-06-27,Colusa,011,21464,1970,1974,322,2296,15
2021-06-27,Contra Costa,013,1133247,71195,70762,1328,72090,816
2021-06-27,Del Norte,015,27424,1464,1436,13,1449,8
2021-06-27,El Dorado,017,186661,10487,10418,762,11180,115
2021-06-27,Fresno,019,978130,103556,103110,8812,111922,1727
2021-06-27,Glenn,021,27897,2452,2439,572,3011,20
2021-06-27,Humboldt,023,135768,4530,4513,45,4558,49
2021-06-27,Imperial,025,180216,28799,28987,2876,31863,741
2021-06-27,Inyo,027,18085,1412,1407,12,1419,35
2021-06-27,Kern,029,883053,97981,97249,11196,108445,1348
2021-06-27,Kings,031,150075,23300,23132,1115,24247,246
2021-06-27,Lake,033,64148,3622,3581,13,3594,56
2021-06-27,Lassen,035,31185,5290,5265,117,5382,20
2021-06-27,Los Angeles,037,10098052,1211546,1207461,42203,1249664,24493
2021-06-27,Madera,039,155013,16810,16680,948,17628,240
2021-06-27,Marin,041,260295,14216,14182,267,14449,232
2021-06-27,Mariposa,043,17540,440,440,11,451,5
2021-06-27,Mendocino,045,87422,4189,4100,81,4181,49
2021-06-27,Merced,047,269075,31322,31266,1003,32269,469
2021-06-27,Modoc,049,8938,419,411,148,559,3
2021-06-27,Mono,051,14174,1263,1279,17,1296,3
2021-06-27,Monterey,053,433212,43375,43199,1888,45087,462
2021-06-27,Napa,055,140530,10043,10046,39,10085,81
2021-06-27,Nevada,057,99092,4986,4946,195,5141,72
2021-06-27,Orange,059,3164182,256846,255710,11557,267267,5123
2021-06-27,Placer,061,380077,23888,23731,1560,25291,299
2021-06-27,Plumas,063,18699,721,704,12,716,4
2021-06-27,Riverside,065,2383286,295859,292641,14204,306845,4507
2021-06-27,Sacramento,067,1510023,108558,108279,1875,110154,1675
2021-06-27,San Benito,069,59416,6111,6101,116,6217,63
2021-06-27,San Bernardino,071,2135413,294957,294115,9092,303207,4927
2021-06-27,San Diego,073,3302833,283206,282359,15398,297757,3780
2021-06-27,San Francisco,075,870044,37195,37360,1318,38678,559
2021-06-27,San Joaquin,077,732212,74196,73960,3676,77636,1411
2021-06-27,San Luis Obispo,079,281455,21571,21340,759,22099,256
2021-06-27,San Mateo,081,765935,42825,42925,489,43414,539
2021-06-27,Santa Barbara,083,443738,34699,34533,1208,35741,455
2021-06-27,Santa Clara,085,1922200,119564,120352,781,121133,2103
2021-06-27,Santa Cruz,087,273765,16335,16241,818,17059,208
2021-06-27,Shasta,089,179085,12643,12640,1657,14297,203
2021-06-27,Sierra,091,2930,63,58,12,70,0
2021-06-27,Siskiyou,093,43540,1966,1896,371,2267,29
2021-06-27,Solano,095,438530,33520,33516,575,34091,267
2021-06-27,Sonoma,097,501317,31042,31129,368,31497,315
2021-06-27,Stanislaus,099,539301,57186,57021,6039,63060,1018
2021-06-27,Sutter,101,95872,9688,9678,90,9768,114
2021-06-27,Tehama,103,63373,5158,5122,590,5712,63
2021-06-27,Trinity,105,12862,494,341,98,439,3
2021-06-27,Tulare,107,460477,50476,49749,9206,58955,850
2021-06-27,Tuolumne,109,53932,4065,4121,41,4162,64
2021-06-27,Ventura,111,848112,81880,81361,3053,84414,1032
2021-06-27,Yolo,113,214977,14193,14194,353,14547,213
2021-06-27,Yuba,115,75493,6224,6205,133,6338,51
2021-06-26,Alameda,001,1643700,89621,89560,2003,91563,1259
2021-06-26,Alpine,003,1148,88,89,0,89,0
2021-06-26,Amador,005,37829,3764,3748,33,3781,46
2021-06-26,Butte,007,227075,12802,12693,1874,14567,198
2021-06-26,Calaveras,009,45235,2200,2202,14,2216,55
2021-06-26,Colusa,011,21464,1970,1973,322,2295,15
2021-06-26,Contra Costa,013,1133247,71152,70712,1327,72039,816
2021-06-26,Del Norte,015,27424,1463,1432,13,1445,8
2021-06-26,El Dorado,017,186661,10479,10414,761,11175,115
2021-06-26,Fresno,019,978130,103536,103091,8810,111901,1727
2021-06-26,Glenn,021,27897,2450,2441,572,3013,20
2021-06-26,Humboldt,023,135768,4527,4509,45,4554,49
2021-06-26,Imperial,025,180216,28795,28970,2876,31846,741
2021-06-26,Inyo,027,18085,1412,1407,12,1419,35
2021-06-26,Kern,029,883053,97955,97239,11187,108426,1348
2021-06-26,Kings,031,150075,23296,23128,1114,24242,246
2021-06-26,Lake,033,64148,3611,3576,13,3589,56
2021-06-26,Lassen,035,31185,5287,5263,117,5380,20
2021-06-26,Los Angeles,037,10098052,1211242,1207198,42168,1249366,24490
2021-06-26,Madera,039,155013,16803,16679,947,17626,240
2021-06-26,Marin,041,260295,14207,14180,267,14447,232
2021-06-26,Mariposa,043,17540,440,440,11,451,5
2021-06-26,Mendocino,045,87422,4187,4096,81,4177,49
2021-06-26,Merced,047,269075,31316,31259,1002,32261,469
2021-06-26,Modoc,049,8938,419,411,148,559,3
2021-06-26,Mono,051,14174,1263,1279,17,1296,3
2021-06-26,Monterey,053,433212,43372,43192,1888,45080,462
2021-06-26,Napa,055,140530,10037,10043,39,10082,81
2021-06-26,Nevada,057,99092,4981,4939,195,5134,72
2021-06-26,Orange,059,3164182,256767,255640,11550,267190,5123
2021-06-26,Placer,061,380077,23874,23702,1558,25260,299
2021-06-26,Plumas,063,18699,721,704,12,716,4
2021-06-26,Riverside,065,2383286,295801,292480,14198,306678,4505
2021-06-26,Sacramento,067,1510023,108487,108179,1873,110052,1675
2021-06-26,San Benito,069,59416,6107,6100,116,6216,63
2021-06-26,San Bernardino,071,2135413,294862,294034,9087,303121,4928
2021-06-26,San Diego,073,3302833,283121,282263,15380,297643,3780
2021-06-26,San Francisco,075,870044,37163,37348,1317,38665,559
2021-06-26,San Joaquin,077,732212,74167,73928,3675,77603,1411
2021-06-26,San Luis Obispo,079,281455,21570,21330,758,22088,256
2021-06-26,San Mateo,081,765935,42805,42898,489,43387,539
2021-06-26,Santa Barbara,083,443738,34690,34525,1208,35733,455
2021-06-26,Santa Clara,085,1922200,119531,120321,781,121102,2103
2021-06-26,Santa Cruz,087,273765,16332,16239,818,17057,208
2021-06-26,Shasta,089,179085,12639,12635,1653,14288,203
2021-06-26,Sierra,091,2930,63,58,12,70,0
2021-06-26,Siskiyou,093,43540,1965,1896,370,2266,29
2021-06-26,Solano,095,438530,33502,33489,573,34062,267
2021-06-26,Sonoma,097,501317,31016,31088,368,31456,315
2021-06-26,Stanislaus,099,539301,57167,57006,6037,63043,1018
2021-06-26,Sutter,101,95872,9687,9669,90,9759,114
2021-06-26,Tehama,103,63373,5158,5119,590,5709,63
2021-06-26,Trinity,105,12862,494,341,98,439,3
2021-06-26,Tulare,107,460477,50470,49745,9206,58951,850
2021-06-26,Tuolumne,109,53932,4065,4121,41,4162,64
2021-06-26,Ventura,111,848112,81856,81352,3052,84404,1032
2021-06-26,Yolo,113,214977,14185,14184,353,14537,213
2021-06-26,Yuba,115,75493,6221,6200,133,6333,51
2021-06-25,Alameda,001,1643700,89555,89453,2000,91453,1271
2021-06-25,Alpine,003,1148,88,89,0,89,0
2021-06-25,Amador,005,37829,3763,3746,33,3779,46
2021-06-25,Butte,007,227075,12797,12682,1871,14553,198
2021-06-25,Calaveras,009,45235,2199,2201,14,2215,55
2021-06-25,Colusa,011,21464,1970,1972,322,2294,15
2021-06-25,Contra Costa,013,1133247,71116,70659,1327,71986,815
2021-06-25,Del Norte,015,27424,1463,1426,13,1439,8
2021-06-25,El Dorado,017,186661,10471,10406,758,11164,115
2021-06-25,Fresno,019,978130,103518,103073,8806,111879,1727
2021-06-25,Glenn,021,27897,2450,2441,572,3013,20
2021-06-25,Humboldt,023,135768,4521,4503,43,4546,49
2021-06-25,Imperial,025,180216,28792,28968,2876,31844,740
2021-06-25,Inyo,027,18085,1411,1406,12,1418,35
2021-06-25,Kern,029,883053,97936,97182,11183,108365,1347
2021-06-25,Kings,031,150075,23290,23118,1114,24232,246
2021-06-25,Lake,033,64148,3605,3571,13,3584,56
2021-06-25,Lassen,035,31185,5286,5259,117,5376,20
2021-06-25,Los Angeles,037,10098052,1210963,1206909,42149,1249058,24483
2021-06-25,Madera,039,155013,16800,16670,947,17617,240
2021-06-25,Marin,041,260295,14204,14179,267,14446,232
2021-06-25,Mariposa,043,17540,440,440,11,451,5
2021-06-25,Mendocino,045,87422,4184,4089,81,4170,49
2021-06-25,Merced,047,269075,31308,31256,1002,32258,467
2021-06-25,Modoc,049,8938,419,411,148,559,3
2021-06-25,Mono,051,14174,1263,1279,17,1296,3
2021-06-25,Monterey,053,433212,43367,43184,1887,45071,462
2021-06-25,Napa,055,140530,10032,10037,39,10076,81
2021-06-25,Nevada,057,99092,4978,4932,195,5127,72
2021-06-25,Orange,059,3164182,256696,255574,11548,267122,5119
2021-06-25,Placer,061,380077,23855,23672,1557,25229,299
2021-06-25,Plumas,063,18699,721,702,11,713,4
2021-06-25,Riverside,065,2383286,295734,291663,14191,305854,4490
2021-06-25,Sacramento,067,1510023,108415,108034,1870,109904,1673
2021-06-25,San Benito,069,59416,6103,6098,116,6214,63
2021-06-25,San Bernardino,071,2135413,294807,293941,9085,303026,4911
2021-06-25,San Diego,073,3302833,283061,282157,15367,297524,3779
2021-06-25,San Francisco,075,870044,37140,37338,1316,38654,559
2021-06-25,San Joaquin,077,732212,74134,73860,3673,77533,1410
2021-06-25,San Luis Obispo,079,281455,21567,21325,757,22082,256
2021-06-25,San Mateo,081,765935,42787,42849,489,43338,537
2021-06-25,Santa Barbara,083,443738,34682,34518,1207,35725,454
2021-06-25,Santa Clara,085,1922200,119511,120272,781,121053,2103
2021-06-25,Santa Cruz,087,273765,16329,16230,816,17046,208
2021-06-25,Shasta,089,179085,12629,12633,1652,14285,202
2021-06-25,Sierra,091,2930,63,58,12,70,0
2021-06-25,Siskiyou,093,43540,1964,1894,370,2264,29
2021-06-25,Solano,095,438530,33482,33449,573,34022,267
2021-06-25,Sonoma,097,501317,30994,31043,368,31411,314
2021-06-25,Stanislaus,099,539301,57148,56973,6030,63003,1018
2021-06-25,Sutter,101,95872,9680,9664,90,9754,114
2021-06-25,Tehama,103,63373,5157,5119,590,5709,63
2021-06-25,Trinity,105,12862,494,338,98,436,3
2021-06-25,Tulare,107,460477,50463,49731,9203,58934,850
2021-06-25,Tuolumne,109,53932,4064,4121,41,4162,64
2021-06-25,Ventura,111,848112,81827,81342,3046,84388,1032
2021-06-25,Yolo,113,214977,14179,14172,353,14525,213
2021-06-25,Yuba,115,75493,6217,6195,133,6328,51
2021-06-24,Alameda,001,1643700,89484,89358,1997,91355,1268
2021-06-24,Alpine,003,1148,88,89,0,89,0
2021-06-24,Amador,005,37829,3759,3745,33,3778,46
2021-06-24,Butte,007,227075,12791,12673,1869,14542,198
2021-06-24,Calaveras,009,45235,2196,2202,14,2216,55
2021-06-24,Colusa,011,21464,1969,1972,322,2294,15
2021-06-24,Contra Costa,013,1133247,71057,70590,1327,71917,813
2021-06-24,Del Norte,015,27424,1462,1421,13,1434,8
2021-06-24,El Dorado,017,186661,10464,10402,758,11160,115
2021-06-24,Fresno,019,978130,103498,103061,8803,111864,1727
2021-06-24,Glenn,021,27897,2449,2439,572,3011,20
2021-06-24,Humboldt,023,135768,4516,4493,43,4536,49
2021-06-24,Imperial,025,180216,28789,28981,2875,31856,740
2021-06-24,Inyo,027,18085,1410,1406,12,1418,35
2021-06-24,Kern,029,883053,97917,97129,11170,108299,1346
2021-06-24,Kings,031,150075,23286,23114,1112,24226,246
2021-06-24,Lake,033,64148,3599,3571,13,3584,56
2021-06-24,Lassen,035,31185,5285,5258,117,5375,20
2021-06-24,Los Angeles,037,10098052,1210639,1206590,42126,1248716,24480
2021-06-24,Madera,039,155013,16789,16662,946,17608,240
2021-06-24,Marin,041,260295,14200,14180,267,14447,232
2021-06-24,Mariposa,043,17540,440,440,11,451,5
2021-06-24,Mendocino,045,87422,4176,4085,81,4166,49
2021-06-24,Merced,047,269075,31298,31248,1001,32249,466
2021-06-24,Modoc,049,8938,419,411,148,559,3
2021-06-24,Mono,051,14174,1263,1276,17,1293,3
2021-06-24,Monterey,053,433212,43360,43180,1887,45067,451
2021-06-24,Napa,055,140530,10030,10036,39,10075,80
2021-06-24,Nevada,057,99092,4976,4927,195,5122,72
2021-06-24,Orange,059,3164182,256632,255520,11540,267060,5117
2021-06-24,Placer,061,380077,23830,23659,1555,25214,299
2021-06-24,Plumas,063,18699,720,702,11,713,4
2021-06-24,Riverside,065,2383286,295654,291067,14180,305247,4473
2021-06-24,Sacramento,067,1510023,108327,107965,1868,109833,1672
2021-06-24,San Benito,069,59416,6100,6098,116,6214,63
2021-06-24,San Bernardino,071,2135413,294738,293895,9080,302975,4898
2021-06-24,San Diego,073,3302833,282956,282053,15355,297408,3778
2021-06-24,San Francisco,075,870044,37118,37320,1314,38634,559
2021-06-24,San Joaquin,077,732212,74086,73814,3673,77487,1408
2021-06-24,San Luis Obispo,079,281455,21561,21326,757,22083,256
2021-06-24,San Mateo,081,765935,42761,42814,488,43302,542
2021-06-24,Santa Barbara,083,443738,34676,34512,1206,35718,454
2021-06-24,Santa Clara,085,1922200,119481,120274,780,121054,2103
2021-06-24,Santa Cruz,087,273765,16328,16227,816,17043,208
2021-06-24,Shasta,089,179085,12624,12629,1648,14277,202
2021-06-24,Sierra,091,2930,63,58,12,70,0
2021-06-24,Siskiyou,093,43540,1964,1892,370,2262,28
2021-06-24,Solano,095,438530,33460,33432,571,34003,267
2021-06-24,Sonoma,097,501317,30965,31020,368,31388,314
2021-06-24,Stanislaus,099,539301,57117,56946,6030,62976,1018
2021-06-24,Sutter,101,95872,9673,9660,90,9750,113
2021-06-24,Tehama,103,63373,5154,5115,590,5705,63
2021-06-24,Trinity,105,12862,493,338,98,436,3
2021-06-24,Tulare,107,460477,50452,49730,9201,58931,850
2021-06-24,Tuolumne,109,53932,4062,4120,41,4161,64
2021-06-24,Ventura,111,848112,81799,81332,3045,84377,1032
2021-06-24,Yolo,113,214977,14170,14169,350,14519,213
2021-06-24,Yuba,115,75493,6212,6195,133,6328,51
2021-06-23,Alameda,001,1643700,89411,89338,1996,91334,1266
2021-06-23,Alpine,003,1148,88,88,0,88,0
2021-06-23,Amador,005,37829,3757,3743,33,3776,46
2021-06-23,Butte,007,227075,12784,12666,1869,14535,198
2021-06-23,Calaveras,009,45235,2195,2199,14,2213,55
2021-06-23,Colusa,011,21464,1968,1972,322,2294,15
2021-06-23,Contra Costa,013,1133247,70992,70526,1326,71852,813
2021-06-23,Del Norte,015,27424,1458,1418,13,1431,8
2021-06-23,El Dorado,017,186661,10455,10395,755,11150,115
2021-06-23,Fresno,019,978130,103469,103020,8801,111821,1724
2021-06-23,Glenn,021,27897,2449,2437,571,3008,20
2021-06-23,Humboldt,023,135768,4507,4490,43,4533,48
2021-06-23,Imperial,025,180216,28782,28908,2875,31783,740
2021-06-23,Inyo,027,18085,1410,1406,12,1418,35
2021-06-23,Kern,029,883053,97889,97078,11157,108235,1345
2021-06-23,Kings,031,150075,23279,23105,1110,24215,245
2021-06-23,Lake,033,64148,3590,3566,13,3579,53
2021-06-23,Lassen,035,31185,5282,5257,117,5374,20
2021-06-23,Los Angeles,037,10098052,1210302,1206358,42116,1248474,24472
2021-06-23,Madera,039,155013,16783,16660,946,17606,240
2021-06-23,Marin,041,260295,14194,14177,267,14444,230
2021-06-23,Mariposa,043,17540,440,439,11,450,5
2021-06-23,Mendocino,045,87422,4172,4078,81,4159,49
2021-06-23,Merced,047,269075,31289,31260,1001,32261,465
2021-06-23,Modoc,049,8938,417,407,148,555,3
2021-06-23,Mono,051,14174,1263,1279,17,1296,3
2021-06-23,Monterey,053,433212,43351,43166,1887,45053,439
2021-06-23,Napa,055,140530,10021,10032,39,10071,80
2021-06-23,Nevada,057,99092,4973,4924,195,5119,72
2021-06-23,Orange,059,3164182,256566,255479,11532,267011,5116
2021-06-23,Placer,061,380077,23801,23630,1550,25180,299
2021-06-23,Plumas,063,18699,719,701,11,712,4
2021-06-23,Riverside,065,2383286,295571,290343,14178,304521,4462
2021-06-23,Sacramento,067,1510023,108235,107868,1863,109731,1671
2021-06-23,San Benito,069,59416,6096,6097,116,6213,63
2021-06-23,San Bernardino,071,2135413,294659,293816,9075,302891,4886
2021-06-23,San Diego,073,3302833,282856,281937,15334,297271,3777
2021-06-23,San Francisco,075,870044,37094,37304,1313,38617,559
2021-06-23,San Joaquin,077,732212,74047,73764,3671,77435,1405
2021-06-23,San Luis Obispo,079,281455,21557,21323,756,22079,257
2021-06-23,San Mateo,081,765935,42745,42756,488,43244,542
2021-06-23,Santa Barbara,083,443738,34666,34505,1206,35711,454
2021-06-23,Santa Clara,085,1922200,119452,120233,780,121013,2098
2021-06-23,Santa Cruz,087,273765,16324,16215,816,17031,209
2021-06-23,Shasta,089,179085,12617,12604,1646,14250,202
2021-06-23,Sierra,091,2930,63,57,12,69,0
2021-06-23,Siskiyou,093,43540,1962,1892,370,2262,28
2021-06-23,Solano,095,438530,33416,33408,571,33979,267
2021-06-23,Sonoma,097,501317,30925,30959,366,31325,314
2021-06-23,Stanislaus,099,539301,57085,56926,6029,62955,1017
2021-06-23,Sutter,101,95872,9667,9653,90,9743,113
2021-06-23,Tehama,103,63373,5154,5119,589,5708,63
2021-06-23,Trinity,105,12862,493,338,98,436,3
2021-06-23,Tulare,107,460477,50445,49711,9197,58908,850
2021-06-23,Tuolumne,109,53932,4059,4120,41,4161,64
2021-06-23,Ventura,111,848112,81776,81312,3042,84354,1032
2021-06-23,Yolo,113,214977,14160,14161,350,14511,212
2021-06-23,Yuba,115,75493,6209,6190,133,6323,51
2021-06-22,Alameda,001,1643700,89343,89308,1996,91304,1263
2021-06-22,Alpine,003,1148,88,88,0,88,0
2021-06-22,Amador,005,37829,3754,3743,33,3776,46
2021-06-22,Butte,007,227075,12780,12662,1866,14528,198
2021-06-22,Calaveras,009,45235,2194,2198,14,2212,55
2021-06-22,Colusa,011,21464,1967,1971,322,2293,15
2021-06-22,Contra Costa,013,1133247,70935,70480,1325,71805,813
2021-06-22,Del Norte,015,27424,1455,1417,13,1430,8
2021-06-22,El Dorado,017,186661,10450,10380,754,11134,113
2021-06-22,Fresno,019,978130,103450,102996,8797,111793,1724
2021-06-22,Glenn,021,27897,2448,2435,569,3004,19
2021-06-22,Humboldt,023,135768,4497,4483,43,4526,42
2021-06-22,Imperial,025,180216,28777,28880,2875,31755,740
2021-06-22,Inyo,027,18085,1410,1405,12,1417,35
2021-06-22,Kern,029,883053,97876,97013,11153,108166,1342
2021-06-22,Kings,031,150075,23271,23098,1109,24207,245
2021-06-22,Lake,033,64148,3588,3564,13,3577,45
2021-06-22,Lassen,035,31185,5277,5254,117,5371,20
2021-06-22,Los Angeles,037,10098052,1209988,1206146,42104,1248250,24461
2021-06-22,Madera,039,155013,16778,16652,946,17598,240
2021-06-22,Marin,041,260295,14192,14174,267,14441,230
2021-06-22,Mariposa,043,17540,440,439,11,450,5
2021-06-22,Mendocino,045,87422,4166,4072,81,4153,49
2021-06-22,Merced,047,269075,31278,31267,1001,32268,464
2021-06-22,Modoc,049,8938,415,405,147,552,3
2021-06-22,Mono,051,14174,1263,1277,17,1294,3
2021-06-22,Monterey,053,433212,43348,43162,1886,45048,427
2021-06-22,Napa,055,140530,10017,10029,39,10068,80
2021-06-22,Nevada,057,99092,4967,4923,195,5118,72
2021-06-22,Orange,059,3164182,256497,255452,11521,266973,5114
2021-06-22,Placer,061,380077,23779,23603,1550,25153,299
2021-06-22,Plumas,063,18699,719,697,11,708,4
2021-06-22,Riverside,065,2383286,295510,289839,14174,304013,4456
2021-06-22,Sacramento,067,1510023,108134,107801,1858,109659,1670
2021-06-22,San Benito,069,59416,6095,6098,116,6214,63
2021-06-22,San Bernardino,071,2135413,294584,293770,9069,302839,4873
2021-06-22,San Diego,073,3302833,282752,281867,15311,297178,3771
2021-06-22,San Francisco,075,870044,37080,37287,1313,38600,556
2021-06-22,San Joaquin,077,732212,74017,73723,3669,77392,1405
2021-06-22,San Luis Obispo,079,281455,21554,21321,755,22076,257
2021-06-22,San Mateo,081,765935,42731,42725,483,43208,542
2021-06-22,Santa Barbara,083,443738,34655,34500,1205,35705,454
2021-06-22,Santa Clara,085,1922200,119420,120194,780,120974,2095
2021-06-22,Santa Cruz,087,273765,16319,16218,816,17034,209
2021-06-22,Shasta,089,179085,12606,12616,1643,14259,202
2021-06-22,Sierra,091,2930,62,57,12,69,0
2021-06-22,Siskiyou,093,43540,1962,1892,370,2262,28
2021-06-22,Solano,095,438530,33398,33397,570,33967,267
2021-06-22,Sonoma,097,501317,30885,30933,366,31299,314
2021-06-22,Stanislaus,099,539301,57065,56915,6027,62942,1017
2021-06-22,Sutter,101,95872,9660,9649,90,9739,113
2021-06-22,Tehama,103,63373,5152,5118,588,5706,63
2021-06-22,Trinity,105,12862,491,337,98,435,3
2021-06-22,Tulare,107,460477,50436,49706,9192,58898,850
2021-06-22,Tuolumne,109,53932,4057,4119,41,4160,64
2021-06-22,Ventura,111,848112,81762,81300,3041,84341,1032
2021-06-22,Yolo,113,214977,14155,14157,348,14505,212
2021-06-22,Yuba,115,75493,6205,6181,133,6314,51
2021-06-21,Alameda,001,1643700,89286,89281,1995,91276,1262
2021-06-21,Alpine,003,1148,88,88,0,88,0
2021-06-21,Amador,005,37829,3748,3742,33,3775,46
2021-06-21,Butte,007,227075,12774,12668,1864,14532,195
2021-06-21,Calaveras,009,45235,2192,2194,14,2208,55
2021-06-21,Colusa,011,21464,1966,1970,321,2291,15
2021-06-21,Contra Costa,013,1133247,70864,70439,1323,71762,813
2021-06-21,Del Norte,015,27424,1451,1416,13,1429,8
2021-06-21,El Dorado,017,186661,10444,10375,753,11128,113
2021-06-21,Fresno,019,978130,103430,102971,8794,111765,1724
2021-06-21,Glenn,021,27897,2447,2433,569,3002,19
2021-06-21,Humboldt,023,135768,4488,4478,42,4520,42
2021-06-21,Imperial,025,180216,28773,28855,2874,31729,740
2021-06-21,Inyo,027,18085,1409,1405,12,1417,35
2021-06-21,Kern,029,883053,97847,96995,11144,108139,1342
2021-06-21,Kings,031,150075,23264,23091,1106,24197,245
2021-06-21,Lake,033,64148,3582,3563,13,3576,45
2021-06-21,Lassen,035,31185,5275,5233,117,5350,19
2021-06-21,Los Angeles,037,10098052,1209696,1205994,42083,1248077,24459
2021-06-21,Madera,039,155013,16769,16647,946,17593,240
2021-06-21,Marin,041,260295,14188,14173,267,14440,230
2021-06-21,Mariposa,043,17540,440,439,11,450,5
2021-06-21,Mendocino,045,87422,4163,4085,81,4166,49
2021-06-21,Merced,047,269075,31268,31264,1000,32264,465
2021-06-21,Modoc,049,8938,415,405,147,552,3
2021-06-21,Mono,051,14174,1263,1277,17,1294,3
2021-06-21,Monterey,053,433212,43345,43157,1886,45043,427
2021-06-21,Napa,055,140530,10012,10028,39,10067,80
2021-06-21,Nevada,057,99092,4963,4921,195,5116,72
2021-06-21,Orange,059,3164182,256425,255400,11514,266914,5113
2021-06-21,Placer,061,380077,23755,23577,1550,25127,298
2021-06-21,Plumas,063,18699,717,697,11,708,4
2021-06-21,Riverside,065,2383286,295434,289797,14169,303966,4456
2021-06-21,Sacramento,067,1510023,108022,107757,1857,109614,1669
2021-06-21,San Benito,069,59416,6091,6098,116,6214,63
2021-06-21,San Bernardino,071,2135413,294497,293736,9065,302801,4850
2021-06-21,San Diego,073,3302833,282646,281811,15291,297102,3771
2021-06-21,San Francisco,075,870044,37063,37275,1312,38587,556
2021-06-21,San Joaquin,077,732212,73976,73687,3668,77355,1405
2021-06-21,San Luis Obispo,079,281455,21545,21316,755,22071,257
2021-06-21,San Mateo,081,765935,42714,42685,482,43167,542
2021-06-21,Santa Barbara,083,443738,34650,34492,1205,35697,455
2021-06-21,Santa Clara,085,1922200,119387,120192,779,120971,2093
2021-06-21,Santa Cruz,087,273765,16317,16212,816,17028,208
2021-06-21,Shasta,089,179085,12593,12617,1640,14257,201
2021-06-21,Sierra,091,2930,62,57,12,69,0
2021-06-21,Siskiyou,093,43540,1962,1892,370,2262,27
2021-06-21,Solano,095,438530,33375,33383,569,33952,266
2021-06-21,Sonoma,097,501317,30862,30912,366,31278,314
2021-06-21,Stanislaus,099,539301,57035,56891,6022,62913,1017
2021-06-21,Sutter,101,95872,9657,9649,90,9739,113
2021-06-21,Tehama,103,63373,5152,5115,587,5702,63
2021-06-21,Trinity,105,12862,491,337,98,435,3
2021-06-21,Tulare,107,460477,50425,49689,9188,58877,849
2021-06-21,Tuolumne,109,53932,4053,4119,41,4160,63
2021-06-21,Ventura,111,848112,81734,81291,3037,84328,1031
2021-06-21,Yolo,113,214977,14149,14165,348,14513,212
2021-06-21,Yuba,115,75493,6204,6172,133,6305,51
2021-06-20,Alameda,001,1643700,89221,89255,1994,91249,1263
2021-06-20,Alpine,003,1148,88,88,0,88,0
2021-06-20,Amador,005,37829,3745,3740,33,3773,46
2021-06-20,Butte,007,227075,12767,12668,1863,14531,194
2021-06-20,Calaveras,009,45235,2191,2193,14,2207,55
2021-06-20,Colusa,011,21464,1966,1970,321,2291,15
2021-06-20,Contra Costa,013,1133247,70808,70401,1321,71722,813
2021-06-20,Del Norte,015,27424,1447,1416,13,1429,8
2021-06-20,El Dorado,017,186661,10430,10372,751,11123,113
2021-06-20,Fresno,019,978130,103389,102947,8791,111738,1724
2021-06-20,Glenn,021,27897,2447,2434,569,3003,19
2021-06-20,Humboldt,023,135768,4482,4472,42,4514,42
2021-06-20,Imperial,025,180216,28764,28855,2873,31728,740
2021-06-20,Inyo,027,18085,1408,1405,12,1417,35
2021-06-20,Kern,029,883053,97826,96985,11133,108118,1342
2021-06-20,Kings,031,150075,23259,23088,1104,24192,245
2021-06-20,Lake,033,64148,3580,3563,13,3576,45
2021-06-20,Lassen,035,31185,5272,5230,117,5347,19
2021-06-20,Los Angeles,037,10098052,1209397,1205874,42075,1247949,24456
2021-06-20,Madera,039,155013,16761,16638,944,17582,240
2021-06-20,Marin,041,260295,14185,14166,267,14433,230
2021-06-20,Mariposa,043,17540,438,439,11,450,5
2021-06-20,Mendocino,045,87422,4156,4080,81,4161,49
2021-06-20,Merced,047,269075,31255,31265,1000,32265,465
2021-06-20,Modoc,049,8938,415,405,147,552,3
2021-06-20,Mono,051,14174,1263,1275,17,1292,3
2021-06-20,Monterey,053,433212,43336,43156,1885,45041,427
2021-06-20,Napa,055,140530,10005,10026,38,10064,80
2021-06-20,Nevada,057,99092,4956,4919,195,5114,72
2021-06-20,Orange,059,3164182,256361,255377,11503,266880,5113
2021-06-20,Placer,061,380077,23721,23562,1546,25108,298
2021-06-20,Plumas,063,18699,716,697,11,708,4
2021-06-20,Riverside,065,2383286,295355,289770,14158,303928,4456
2021-06-20,Sacramento,067,1510023,107911,107700,1854,109554,1669
2021-06-20,San Benito,069,59416,6091,6098,116,6214,63
2021-06-20,San Bernardino,071,2135413,294397,293713,9061,302774,4845
2021-06-20,San Diego,073,3302833,282540,281750,15269,297019,3771
2021-06-20,San Francisco,075,870044,37041,37269,1312,38581,556
2021-06-20,San Joaquin,077,732212,73931,73676,3659,77335,1405
2021-06-20,San Luis Obispo,079,281455,21543,21313,755,22068,257
2021-06-20,San Mateo,081,765935,42685,42681,482,43163,542
2021-06-20,Santa Barbara,083,443738,34641,34487,1205,35692,455
2021-06-20,Santa Clara,085,1922200,119352,120163,779,120942,2093
2021-06-20,Santa Cruz,087,273765,16312,16210,816,17026,208
2021-06-20,Shasta,089,179085,12588,12617,1638,14255,201
2021-06-20,Sierra,091,2930,62,57,12,69,0
2021-06-20,Siskiyou,093,43540,1961,1891,370,2261,27
2021-06-20,Solano,095,438530,33353,33361,567,33928,266
2021-06-20,Sonoma,097,501317,30815,30884,363,31247,314
2021-06-20,Stanislaus,099,539301,57002,56868,6021,62889,1017
2021-06-20,Sutter,101,95872,9654,9645,90,9735,113
2021-06-20,Tehama,103,63373,5148,5115,587,5702,63
2021-06-20,Trinity,105,12862,491,337,98,435,3
2021-06-20,Tulare,107,460477,50416,49685,9186,58871,849
2021-06-20,Tuolumne,109,53932,4050,4117,41,4158,63
2021-06-20,Ventura,111,848112,81718,81282,3035,84317,1031
2021-06-20,Yolo,113,214977,14142,14160,348,14508,212
2021-06-20,Yuba,115,75493,6197,6167,133,6300,51
2021-06-19,Alameda,001,1643700,89186,89202,1994,91196,1263
2021-06-19,Alpine,003,1148,88,88,0,88,0
2021-06-19,Amador,005,37829,3743,3739,33,3772,46
2021-06-19,Butte,007,227075,12763,12659,1863,14522,194
2021-06-19,Calaveras,009,45235,2191,2192,14,2206,55
2021-06-19,Colusa,011,21464,1966,1969,321,2290,15
2021-06-19,Contra Costa,013,1133247,70777,70334,1320,71654,813
2021-06-19,Del Norte,015,27424,1446,1416,13,1429,8
2021-06-19,El Dorado,017,186661,10429,10363,750,11113,113
2021-06-19,Fresno,019,978130,103376,102922,8788,111710,1724
2021-06-19,Glenn,021,27897,2446,2434,568,3002,19
2021-06-19,Humboldt,023,135768,4471,4463,42,4505,42
2021-06-19,Imperial,025,180216,28763,28813,2873,31686,740
2021-06-19,Inyo,027,18085,1408,1405,12,1417,35
2021-06-19,Kern,029,883053,97810,96966,11129,108095,1342
2021-06-19,Kings,031,150075,23256,23086,1104,24190,245
2021-06-19,Lake,033,64148,3576,3563,13,3576,45
2021-06-19,Lassen,035,31185,5271,5225,117,5342,19
2021-06-19,Los Angeles,037,10098052,1209197,1205602,42060,1247662,24454
2021-06-19,Madera,039,155013,16759,16632,944,17576,240
2021-06-19,Marin,041,260295,14177,14152,267,14419,230
2021-06-19,Mariposa,043,17540,438,439,11,450,5
2021-06-19,Mendocino,045,87422,4150,4077,81,4158,49
2021-06-19,Merced,047,269075,31253,31256,1000,32256,465
2021-06-19,Modoc,049,8938,414,402,147,549,3
2021-06-19,Mono,051,14174,1263,1275,17,1292,3
2021-06-19,Monterey,053,433212,43330,43153,1885,45038,427
2021-06-19,Napa,055,140530,10001,10025,38,10063,80
2021-06-19,Nevada,057,99092,4951,4910,195,5105,72
2021-06-19,Orange,059,3164182,256314,255329,11500,266829,5112
2021-06-19,Placer,061,380077,23705,23537,1543,25080,298
2021-06-19,Plumas,063,18699,715,697,11,708,4
2021-06-19,Riverside,065,2383286,295309,289720,14158,303878,4456
2021-06-19,Sacramento,067,1510023,107865,107631,1851,109482,1669
2021-06-19,San Benito,069,59416,6090,6098,116,6214,63
2021-06-19,San Bernardino,071,2135413,294353,293673,9058,302731,4844
2021-06-19,San Diego,073,3302833,282480,281682,15255,296937,3771
2021-06-19,San Francisco,075,870044,37028,37256,1312,38568,556
2021-06-19,San Joaquin,077,732212,73915,73652,3655,77307,1405
2021-06-19,San Luis Obispo,079,281455,21541,21308,755,22063,257
2021-06-19,San Mateo,081,765935,42667,42646,480,43126,542
2021-06-19,Santa Barbara,083,443738,34639,34472,1205,35677,455
2021-06-19,Santa Clara,085,1922200,119328,120110,778,120888,2093
2021-06-19,Santa Cruz,087,273765,16307,16206,816,17022,208
2021-06-19,Shasta,089,179085,12586,12615,1637,14252,201
2021-06-19,Sierra,091,2930,62,57,12,69,0
2021-06-19,Siskiyou,093,43540,1961,1891,369,2260,27
2021-06-19,Solano,095,438530,33343,33341,566,33907,266
2021-06-19,Sonoma,097,501317,30774,30841,362,31203,314
2021-06-19,Stanislaus,099,539301,56983,56847,6018,62865,1017
2021-06-19,Sutter,101,95872,9651,9645,90,9735,113
2021-06-19,Tehama,103,63373,5147,5115,587,5702,63
2021-06-19,Trinity,105,12862,491,337,98,435,3
2021-06-19,Tulare,107,460477,50409,49681,9181,58862,849
2021-06-19,Tuolumne,109,53932,4050,4117,41,4158,63
2021-06-19,Ventura,111,848112,81705,81270,3034,84304,1031
2021-06-19,Yolo,113,214977,14138,14156,347,14503,212
2021-06-19,Yuba,115,75493,6196,6157,133,6290,51
2021-06-18,Alameda,001,1643700,89149,89123,1994,91117,1263
2021-06-18,Alpine,003,1148,88,88,0,88,0
2021-06-18,Amador,005,37829,3743,3739,33,3772,46
2021-06-18,Butte,007,227075,12760,12653,1860,14513,194
2021-06-18,Calaveras,009,45235,2191,2191,14,2205,55
2021-06-18,Colusa,011,21464,1965,1969,321,2290,15
2021-06-18,Contra Costa,013,1133247,70735,70271,1318,71589,813
2021-06-18,Del Norte,015,27424,1446,1415,13,1428,8
2021-06-18,El Dorado,017,186661,10426,10348,748,11096,113
2021-06-18,Fresno,019,978130,103360,102894,8786,111680,1722
2021-06-18,Glenn,021,27897,2445,2430,568,2998,19
2021-06-18,Humboldt,023,135768,4463,4450,42,4492,42
2021-06-18,Imperial,025,180216,28761,28809,2873,31682,740
2021-06-18,Inyo,027,18085,1408,1405,12,1417,35
2021-06-18,Kern,029,883053,97799,96948,11123,108071,1341
2021-06-18,Kings,031,150075,23251,23082,1104,24186,245
2021-06-18,Lake,033,64148,3572,3563,13,3576,45
2021-06-18,Lassen,035,31185,5270,5224,117,5341,19
2021-06-18,Los Angeles,037,10098052,1209040,1205472,42043,1247515,24451
2021-06-18,Madera,039,155013,16753,16625,944,17569,241
2021-06-18,Marin,041,260295,14174,14147,267,14414,230
2021-06-18,Mariposa,043,17540,438,439,11,450,5
2021-06-18,Mendocino,045,87422,4145,4068,81,4149,49
2021-06-18,Merced,047,269075,31251,31262,1000,32262,464
2021-06-18,Modoc,049,8938,414,402,147,549,3
2021-06-18,Mono,051,14174,1262,1275,16,1291,3
2021-06-18,Monterey,053,433212,43327,43148,1885,45033,427
2021-06-18,Napa,055,140530,9997,10021,38,10059,80
2021-06-18,Nevada,057,99092,4943,4903,195,5098,72
2021-06-18,Orange,059,3164182,256277,255274,11497,266771,5108
2021-06-18,Placer,061,380077,23697,23500,1540,25040,298
2021-06-18,Plumas,063,18699,715,697,11,708,4
2021-06-18,Riverside,065,2383286,295261,289676,14157,303833,4457
2021-06-18,Sacramento,067,1510023,107817,107570,1851,109421,1669
2021-06-18,San Benito,069,59416,6089,6097,116,6213,63
2021-06-18,San Bernardino,071,2135413,294308,293629,9054,302683,4826
2021-06-18,San Diego,073,3302833,282404,281608,15244,296852,3771
2021-06-18,San Francisco,075,870044,37019,37246,1312,38558,556
2021-06-18,San Joaquin,077,732212,73897,73623,3653,77276,1403
2021-06-18,San Luis Obispo,079,281455,21537,21301,754,22055,257
2021-06-18,San Mateo,081,765935,42656,42630,479,43109,542
2021-06-18,Santa Barbara,083,443738,34629,34469,1205,35674,455
2021-06-18,Santa Clara,085,1922200,119307,120081,777,120858,2093
2021-06-18,Santa Cruz,087,273765,16303,16202,816,17018,208
2021-06-18,Shasta,089,179085,12582,12607,1635,14242,201
2021-06-18,Sierra,091,2930,61,57,12,69,0
2021-06-18,Siskiyou,093,43540,1961,1890,369,2259,27
2021-06-18,Solano,095,438530,33329,33323,566,33889,266
2021-06-18,Sonoma,097,501317,30756,30816,361,31177,313
2021-06-18,Stanislaus,099,539301,56968,56803,6016,62819,1012
2021-06-18,Sutter,101,95872,9648,9643,90,9733,113
2021-06-18,Tehama,103,63373,5145,5114,587,5701,63
2021-06-18,Trinity,105,12862,491,337,97,434,3
2021-06-18,Tulare,107,460477,50407,49664,9174,58838,849
2021-06-18,Tuolumne,109,53932,4048,4116,41,4157,63
2021-06-18,Ventura,111,848112,81695,81256,3029,84285,1031
2021-06-18,Yolo,113,214977,14135,14148,345,14493,212
2021-06-18,Yuba,115,75493,6190,6150,133,6283,51
2021-06-17,Alameda,001,1643700,89102,89087,1994,91081,1262
2021-06-17,Alpine,003,1148,88,88,0,88,0
2021-06-17,Amador,005,37829,3741,3731,33,3764,46
2021-06-17,Butte,007,227075,12750,12644,1859,14503,194
2021-06-17,Calaveras,009,45235,2190,2189,14,2203,55
2021-06-17,Colusa,011,21464,1964,1969,321,2290,15
2021-06-17,Contra Costa,013,1133247,70696,70190,1315,71505,810
2021-06-17,Del Norte,015,27424,1444,1413,13,1426,8
2021-06-17,El Dorado,017,186661,10416,10341,748,11089,113
2021-06-17,Fresno,019,978130,103334,102867,8782,111649,1722
2021-06-17,Glenn,021,27897,2445,2430,568,2998,19
2021-06-17,Humboldt,023,135768,4454,4438,42,4480,42
2021-06-17,Imperial,025,180216,28753,28801,2873,31674,741
2021-06-17,Inyo,027,18085,1408,1405,12,1417,35
2021-06-17,Kern,029,883053,97784,96840,11117,107957,1340
2021-06-17,Kings,031,150075,23247,23078,1103,24181,245
2021-06-17,Lake,033,64148,3569,3563,9,3572,45
2021-06-17,Lassen,035,31185,5266,5223,117,5340,19
2021-06-17,Los Angeles,037,10098052,1208828,1205301,42014,1247315,24444
2021-06-17,Madera,039,155013,16748,16618,944,17562,241
2021-06-17,Marin,041,260295,14174,14141,267,14408,229
2021-06-17,Mariposa,043,17540,438,439,11,450,5
2021-06-17,Mendocino,045,87422,4138,4054,81,4135,49
2021-06-17,Merced,047,269075,31246,31262,1000,32262,464
2021-06-17,Modoc,049,8938,413,401,147,548,3
2021-06-17,Mono,051,14174,1261,1275,16,1291,3
2021-06-17,Monterey,053,433212,43319,43140,1885,45025,416
2021-06-17,Napa,055,140530,9997,10014,38,10052,80
2021-06-17,Nevada,057,99092,4939,4898,195,5093,72
2021-06-17,Orange,059,3164182,256231,255240,11486,266726,5109
2021-06-17,Placer,061,380077,23681,23461,1538,24999,298
2021-06-17,Plumas,063,18699,714,697,11,708,4
2021-06-17,Riverside,065,2383286,295207,289627,14155,303782,4458
2021-06-17,Sacramento,067,1510023,107753,107492,1849,109341,1666
2021-06-17,San Benito,069,59416,6089,6097,116,6213,63
2021-06-17,San Bernardino,071,2135413,294267,293560,9054,302614,4811
2021-06-17,San Diego,073,3302833,282328,281531,15230,296761,3771
2021-06-17,San Francisco,075,870044,37008,37243,1311,38554,556
2021-06-17,San Joaquin,077,732212,73874,73560,3648,77208,1403
2021-06-17,San Luis Obispo,079,281455,21535,21297,754,22051,257
2021-06-17,San Mateo,081,765935,42650,42615,479,43094,542
2021-06-17,Santa Barbara,083,443738,34623,34466,1205,35671,453
2021-06-17,Santa Clara,085,1922200,119282,120032,776,120808,2093
2021-06-17,Santa Cruz,087,273765,16299,16197,816,17013,208
2021-06-17,Shasta,089,179085,12574,12597,1635,14232,201
2021-06-17,Sierra,091,2930,61,56,12,68,0
2021-06-17,Siskiyou,093,43540,1960,1889,369,2258,27
2021-06-17,Solano,095,438530,33308,33296,565,33861,266
2021-06-17,Sonoma,097,501317,30725,30793,361,31154,323
2021-06-17,Stanislaus,099,539301,56937,56752,6011,62763,1012
2021-06-17,Sutter,101,95872,9645,9629,90,9719,113
2021-06-17,Tehama,103,63373,5144,5112,585,5697,63
2021-06-17,Trinity,105,12862,490,337,97,434,3
2021-06-17,Tulare,107,460477,50402,49649,9166,58815,849
2021-06-17,Tuolumne,109,53932,4047,4116,41,4157,63
2021-06-17,Ventura,111,848112,81686,81248,3026,84274,1030
2021-06-17,Yolo,113,214977,14127,14141,345,14486,212
2021-06-17,Yuba,115,75493,6181,6140,133,6273,51
2021-06-16,Alameda,001,1643700,89053,89045,1993,91038,1265
2021-06-16,Alpine,003,1148,88,88,0,88,0
2021-06-16,Amador,005,37829,3740,3730,33,3763,46
2021-06-16,Butte,007,227075,12748,12635,1857,14492,194
2021-06-16,Calaveras,009,45235,2188,2188,14,2202,55
2021-06-16,Colusa,011,21464,1964,1967,321,2288,15
2021-06-16,Contra Costa,013,1133247,70644,70136,1314,71450,810
2021-06-16,Del Norte,015,27424,1441,1413,13,1426,8
2021-06-16,El Dorado,017,186661,10410,10334,747,11081,113
2021-06-16,Fresno,019,978130,103304,102842,8778,111620,1722
2021-06-16,Glenn,021,27897,2445,2430,568,2998,19
2021-06-16,Humboldt,023,135768,4445,4427,41,4468,42
2021-06-16,Imperial,025,180216,28750,28796,2873,31669,741
2021-06-16,Inyo,027,18085,1407,1405,12,1417,35
2021-06-16,Kern,029,883053,97762,96789,11110,107899,1339
2021-06-16,Kings,031,150075,23246,23072,1102,24174,245
2021-06-16,Lake,033,64148,3569,3562,9,3571,45
2021-06-16,Lassen,035,31185,5263,5216,117,5333,19
2021-06-16,Los Angeles,037,10098052,1208605,1205102,42003,1247105,24439
2021-06-16,Madera,039,155013,16744,16603,944,17547,240
2021-06-16,Marin,041,260295,14172,14137,267,14404,229
2021-06-16,Mariposa,043,17540,438,437,11,448,5
2021-06-16,Mendocino,045,87422,4130,4041,81,4122,49
2021-06-16,Merced,047,269075,31238,31250,1000,32250,463
2021-06-16,Modoc,049,8938,412,383,146,529,3
2021-06-16,Mono,051,14174,1261,1275,16,1291,3
2021-06-16,Monterey,053,433212,43316,43122,1885,45007,416
2021-06-16,Napa,055,140530,9993,10011,38,10049,80
2021-06-16,Nevada,057,99092,4934,4894,195,5089,72
2021-06-16,Orange,059,3164182,256178,255188,11479,266667,5109
2021-06-16,Placer,061,380077,23671,23425,1534,24959,298
2021-06-16,Plumas,063,18699,714,697,11,708,4
2021-06-16,Riverside,065,2383286,295146,289539,14153,303692,4457
2021-06-16,Sacramento,067,1510023,107683,107422,1845,109267,1665
2021-06-16,San Benito,069,59416,6089,6090,116,6206,63
2021-06-16,San Bernardino,071,2135413,294218,293499,9052,302551,4797
2021-06-16,San Diego,073,3302833,282250,281423,15217,296640,3770
2021-06-16,San Francisco,075,870044,36995,37222,1309,38531,555
2021-06-16,San Joaquin,077,732212,73837,73530,3644,77174,1399
2021-06-16,San Luis Obispo,079,281455,21530,21294,754,22048,257
2021-06-16,San Mateo,081,765935,42634,42601,479,43080,542
2021-06-16,Santa Barbara,083,443738,34617,34459,1205,35664,460
2021-06-16,Santa Clara,085,1922200,119250,119982,776,120758,2087
2021-06-16,Santa Cruz,087,273765,16296,16187,816,17003,208
2021-06-16,Shasta,089,179085,12569,12592,1634,14226,200
2021-06-16,Sierra,091,2930,61,56,12,68,0
2021-06-16,Siskiyou,093,43540,1959,1886,369,2255,26
2021-06-16,Solano,095,438530,33280,33276,565,33841,266
2021-06-16,Sonoma,097,501317,30689,30741,361,31102,323
2021-06-16,Stanislaus,099,539301,56906,56738,6009,62747,984
2021-06-16,Sutter,101,95872,9641,9620,90,9710,113
2021-06-16,Tehama,103,63373,5142,5106,585,5691,63
2021-06-16,Trinity,105,12862,489,332,97,429,3
2021-06-16,Tulare,107,460477,50397,49578,9162,58740,849
2021-06-16,Tuolumne,109,53932,4047,4110,41,4151,63
2021-06-16,Ventura,111,848112,81672,81229,3024,84253,1029
2021-06-16,Yolo,113,214977,14118,14135,344,14479,212
2021-06-16,Yuba,115,75493,6171,6134,133,6267,51
2021-06-15,Alameda,001,1643700,89010,89008,1993,91001,1262
2021-06-15,Alpine,003,1148,88,88,0,88,0
2021-06-15,Amador,005,37829,3737,3723,33,3756,46
2021-06-15,Butte,007,227075,12740,12620,1856,14476,194
2021-06-15,Calaveras,009,45235,2187,2188,14,2202,55
2021-06-15,Colusa,011,21464,1964,1967,319,2286,15
2021-06-15,Contra Costa,013,1133247,70582,70101,1314,71415,810
2021-06-15,Del Norte,015,27424,1440,1411,13,1424,8
2021-06-15,El Dorado,017,186661,10401,10330,747,11077,113
2021-06-15,Fresno,019,978130,103273,102828,8777,111605,1722
2021-06-15,Glenn,021,27897,2444,2426,568,2994,19
2021-06-15,Humboldt,023,135768,4436,4414,40,4454,42
2021-06-15,Imperial,025,180216,28744,28789,2873,31662,741
2021-06-15,Inyo,027,18085,1407,1405,12,1417,35
2021-06-15,Kern,029,883053,97734,96782,11102,107884,1338
2021-06-15,Kings,031,150075,23240,23070,1100,24170,245
2021-06-15,Lake,033,64148,3568,3559,9,3568,45
2021-06-15,Lassen,035,31185,5262,5211,117,5328,19
2021-06-15,Los Angeles,037,10098052,1208373,1204926,41995,1246921,24435
2021-06-15,Madera,039,155013,16737,16600,943,17543,240
2021-06-15,Marin,041,260295,14164,14135,267,14402,229
2021-06-15,Mariposa,043,17540,438,437,11,448,5
2021-06-15,Mendocino,045,87422,4123,4034,81,4115,49
2021-06-15,Merced,047,269075,31232,31244,1000,32244,461
2021-06-15,Modoc,049,8938,411,383,146,529,3
2021-06-15,Mono,051,14174,1261,1275,16,1291,3
2021-06-15,Monterey,053,433212,43310,43118,1885,45003,416
2021-06-15,Napa,055,140530,9991,10010,38,10048,80
2021-06-15,Nevada,057,99092,4931,4888,195,5083,72
2021-06-15,Orange,059,3164182,256137,255127,11470,266597,5105
2021-06-15,Placer,061,380077,23649,23396,1533,24929,298
2021-06-15,Plumas,063,18699,713,697,11,708,4
2021-06-15,Riverside,065,2383286,295086,289508,14149,303657,4455
2021-06-15,Sacramento,067,1510023,107608,107370,1839,109209,1662
2021-06-15,San Benito,069,59416,6088,6089,116,6205,63
2021-06-15,San Bernardino,071,2135413,294168,293463,9046,302509,4790
2021-06-15,San Diego,073,3302833,282166,281375,15202,296577,3770
2021-06-15,San Francisco,075,870044,36986,37210,1308,38518,555
2021-06-15,San Joaquin,077,732212,73797,73494,3639,77133,1399
2021-06-15,San Luis Obispo,079,281455,21525,21293,753,22046,257
2021-06-15,San Mateo,081,765935,42621,42593,479,43072,543
2021-06-15,Santa Barbara,083,443738,34612,34451,1205,35656,460
2021-06-15,Santa Clara,085,1922200,119212,119963,776,120739,2086
2021-06-15,Santa Cruz,087,273765,16289,16180,815,16995,208
2021-06-15,Shasta,089,179085,12563,12583,1634,14217,201
2021-06-15,Sierra,091,2930,60,55,12,67,0
2021-06-15,Siskiyou,093,43540,1958,1887,369,2256,26
2021-06-15,Solano,095,438530,33261,33264,565,33829,266
2021-06-15,Sonoma,097,501317,30650,30707,360,31067,323
2021-06-15,Stanislaus,099,539301,56878,56724,6006,62730,979
2021-06-15,Sutter,101,95872,9632,9616,90,9706,113
2021-06-15,Tehama,103,63373,5140,5102,585,5687,63
2021-06-15,Trinity,105,12862,488,332,97,429,3
2021-06-15,Tulare,107,460477,50390,49561,9159,58720,848
2021-06-15,Tuolumne,109,53932,4047,4111,41,4152,63
2021-06-15,Ventura,111,848112,81661,81215,3021,84236,1029
2021-06-15,Yolo,113,214977,14114,14127,342,14469,212
2021-06-15,Yuba,115,75493,6160,6130,133,6263,51
2021-06-14,Alameda,001,1643700,88961,88966,1993,90959,1264
2021-06-14,Alpine,003,1148,88,88,0,88,0
2021-06-14,Amador,005,37829,3736,3722,33,3755,46
2021-06-14,Butte,007,227075,12729,12613,1852,14465,194
2021-06-14,Calaveras,009,45235,2186,2190,14,2204,55
2021-06-14,Colusa,011,21464,1963,1966,319,2285,15
2021-06-14,Contra Costa,013,1133247,70529,70069,1312,71381,810
2021-06-14,Del Norte,015,27424,1440,1411,13,1424,8
2021-06-14,El Dorado,017,186661,10392,10327,746,11073,113
2021-06-14,Fresno,019,978130,103251,102812,8775,111587,1719
2021-06-14,Glenn,021,27897,2444,2426,568,2994,19
2021-06-14,Humboldt,023,135768,4428,4407,39,4446,42
2021-06-14,Imperial,025,180216,28732,28836,2873,31709,741
2021-06-14,Inyo,027,18085,1406,1405,12,1417,35
2021-06-14,Kern,029,883053,97714,96760,11092,107852,1337
2021-06-14,Kings,031,150075,23237,23071,1099,24170,245
2021-06-14,Lake,033,64148,3567,3557,9,3566,45
2021-06-14,Lassen,035,31185,5259,5209,116,5325,19
2021-06-14,Los Angeles,037,10098052,1208138,1204748,41985,1246733,24434
2021-06-14,Madera,039,155013,16731,16597,942,17539,240
2021-06-14,Marin,041,260295,14162,14133,267,14400,229
2021-06-14,Mariposa,043,17540,437,437,11,448,5
2021-06-14,Mendocino,045,87422,4117,4028,81,4109,49
2021-06-14,Merced,047,269075,31223,31241,998,32239,461
2021-06-14,Modoc,049,8938,402,382,144,526,3
2021-06-14,Mono,051,14174,1261,1275,16,1291,3
2021-06-14,Monterey,053,433212,43307,43110,1885,44995,415
2021-06-14,Napa,055,140530,9987,10000,38,10038,80
2021-06-14,Nevada,057,99092,4924,4885,195,5080,72
2021-06-14,Orange,059,3164182,256099,255069,11466,266535,5103
2021-06-14,Placer,061,380077,23624,23379,1532,24911,298
2021-06-14,Plumas,063,18699,713,696,11,707,4
2021-06-14,Riverside,065,2383286,295032,289476,14149,303625,4453
2021-06-14,Sacramento,067,1510023,107554,107334,1834,109168,1661
2021-06-14,San Benito,069,59416,6088,6087,116,6203,63
2021-06-14,San Bernardino,071,2135413,294112,293446,9042,302488,4790
2021-06-14,San Diego,073,3302833,282060,281314,15182,296496,3770
2021-06-14,San Francisco,075,870044,36973,37206,1308,38514,555
2021-06-14,San Joaquin,077,732212,73768,73453,3639,77092,1398
2021-06-14,San Luis Obispo,079,281455,21523,21302,753,22055,256
2021-06-14,San Mateo,081,765935,42607,42619,478,43097,543
2021-06-14,Santa Barbara,083,443738,34609,34449,1205,35654,460
2021-06-14,Santa Clara,085,1922200,119181,119957,775,120732,2085
2021-06-14,Santa Cruz,087,273765,16287,16175,815,16990,208
2021-06-14,Shasta,089,179085,12552,12561,1631,14192,201
2021-06-14,Sierra,091,2930,59,55,12,67,0
2021-06-14,Siskiyou,093,43540,1958,1886,369,2255,26
2021-06-14,Solano,095,438530,33244,33243,564,33807,266
2021-06-14,Sonoma,097,501317,30618,30679,359,31038,323
2021-06-14,Stanislaus,099,539301,56842,56689,6003,62692,975
2021-06-14,Sutter,101,95872,9629,9607,90,9697,112
2021-06-14,Tehama,103,63373,5138,5102,585,5687,63
2021-06-14,Trinity,105,12862,488,332,97,429,3
2021-06-14,Tulare,107,460477,50385,49538,9156,58694,848
2021-06-14,Tuolumne,109,53932,4044,4108,41,4149,63
2021-06-14,Ventura,111,848112,81651,81209,3021,84230,1028
2021-06-14,Yolo,113,214977,14106,14123,342,14465,212
2021-06-14,Yuba,115,75493,6153,6127,133,6260,50
2021-06-13,Alameda,001,1643700,88904,88947,1992,90939,1264
2021-06-13,Alpine,003,1148,87,88,0,88,0
2021-06-13,Amador,005,37829,3732,3721,33,3754,46
2021-06-13,Butte,007,227075,12718,12586,1849,14435,194
2021-06-13,Calaveras,009,45235,2186,2189,14,2203,55
2021-06-13,Colusa,011,21464,1963,1965,318,2283,15
2021-06-13,Contra Costa,013,1133247,70475,70040,1310,71350,810
2021-06-13,Del Norte,015,27424,1438,1412,13,1425,8
2021-06-13,El Dorado,017,186661,10383,10324,746,11070,113
2021-06-13,Fresno,019,978130,103220,102795,8770,111565,1719
2021-06-13,Glenn,021,27897,2443,2425,566,2991,19
2021-06-13,Humboldt,023,135768,4415,4401,39,4440,42
2021-06-13,Imperial,025,180216,28723,28800,2872,31672,741
2021-06-13,Inyo,027,18085,1406,1405,12,1417,35
2021-06-13,Kern,029,883053,97690,96743,11080,107823,1337
2021-06-13,Kings,031,150075,23232,23069,1098,24167,245
2021-06-13,Lake,033,64148,3567,3556,9,3565,45
2021-06-13,Lassen,035,31185,5254,5209,116,5325,19
2021-06-13,Los Angeles,037,10098052,1207875,1204614,41972,1246586,24433
2021-06-13,Madera,039,155013,16717,16590,942,17532,240
2021-06-13,Marin,041,260295,14156,14126,267,14393,229
2021-06-13,Mariposa,043,17540,437,434,11,445,5
2021-06-13,Mendocino,045,87422,4110,4026,81,4107,49
2021-06-13,Merced,047,269075,31217,31240,997,32237,461
2021-06-13,Modoc,049,8938,400,382,142,524,3
2021-06-13,Mono,051,14174,1261,1275,16,1291,3
2021-06-13,Monterey,053,433212,43299,43108,1885,44993,415
2021-06-13,Napa,055,140530,9981,9995,38,10033,80
2021-06-13,Nevada,057,99092,4919,4883,195,5078,72
2021-06-13,Orange,059,3164182,256044,255043,11464,266507,5103
2021-06-13,Placer,061,380077,23598,23365,1530,24895,295
2021-06-13,Plumas,063,18699,712,696,11,707,4
2021-06-13,Riverside,065,2383286,294965,289447,14146,303593,4453
2021-06-13,Sacramento,067,1510023,107478,107289,1831,109120,1658
2021-06-13,San Benito,069,59416,6088,6086,116,6202,63
2021-06-13,San Bernardino,071,2135413,294061,293416,9037,302453,4788
2021-06-13,San Diego,073,3302833,281981,281268,15166,296434,3770
2021-06-13,San Francisco,075,870044,36960,37197,1308,38505,555
2021-06-13,San Joaquin,077,732212,73734,73438,3637,77075,1398
2021-06-13,San Luis Obispo,079,281455,21517,21298,752,22050,256
2021-06-13,San Mateo,081,765935,42594,42611,478,43089,542
2021-06-13,Santa Barbara,083,443738,34598,34449,1204,35653,460
2021-06-13,Santa Clara,085,1922200,119157,119946,775,120721,2085
2021-06-13,Santa Cruz,087,273765,16280,16172,815,16987,208
2021-06-13,Shasta,089,179085,12543,12560,1630,14190,201
2021-06-13,Sierra,091,2930,59,55,12,67,0
2021-06-13,Siskiyou,093,43540,1957,1885,369,2254,26
2021-06-13,Solano,095,438530,33223,33234,564,33798,266
2021-06-13,Sonoma,097,501317,30583,30663,357,31020,323
2021-06-13,Stanislaus,099,539301,56815,56671,6002,62673,975
2021-06-13,Sutter,101,95872,9622,9603,90,9693,112
2021-06-13,Tehama,103,63373,5136,5100,585,5685,63
2021-06-13,Trinity,105,12862,487,332,97,429,3
2021-06-13,Tulare,107,460477,50376,49537,9151,58688,848
2021-06-13,Tuolumne,109,53932,4042,4107,40,4147,63
2021-06-13,Ventura,111,848112,81637,81201,3021,84222,1028
2021-06-13,Yolo,113,214977,14099,14120,340,14460,212
2021-06-13,Yuba,115,75493,6146,6125,133,6258,50
2021-06-12,Alameda,001,1643700,88877,88901,1992,90893,1271
2021-06-12,Alpine,003,1148,87,88,0,88,0
2021-06-12,Amador,005,37829,3731,3721,33,3754,46
2021-06-12,Butte,007,227075,12714,12576,1849,14425,194
2021-06-12,Calaveras,009,45235,2186,2189,14,2203,55
2021-06-12,Colusa,011,21464,1963,1965,318,2283,15
2021-06-12,Contra Costa,013,1133247,70444,69989,1307,71296,810
2021-06-12,Del Norte,015,27424,1438,1412,13,1425,8
2021-06-12,El Dorado,017,186661,10378,10320,745,11065,113
2021-06-12,Fresno,019,978130,103210,102783,8769,111552,1720
2021-06-12,Glenn,021,27897,2441,2425,566,2991,19
2021-06-12,Humboldt,023,135768,4407,4396,39,4435,42
2021-06-12,Imperial,025,180216,28720,28799,2872,31671,741
2021-06-12,Inyo,027,18085,1406,1405,12,1417,35
2021-06-12,Kern,029,883053,97675,96731,11076,107807,1337
2021-06-12,Kings,031,150075,23230,23067,1098,24165,245
2021-06-12,Lake,033,64148,3566,3552,9,3561,45
2021-06-12,Lassen,035,31185,5254,5208,116,5324,19
2021-06-12,Los Angeles,037,10098052,1207738,1204439,41965,1246404,24434
2021-06-12,Madera,039,155013,16713,16586,942,17528,240
2021-06-12,Marin,041,260295,14153,14121,267,14388,229
2021-06-12,Mariposa,043,17540,437,434,11,445,5
2021-06-12,Mendocino,045,87422,4107,4024,81,4105,49
2021-06-12,Merced,047,269075,31214,31236,997,32233,461
2021-06-12,Modoc,049,8938,399,382,142,524,3
2021-06-12,Mono,051,14174,1261,1275,16,1291,3
2021-06-12,Monterey,053,433212,43293,43103,1885,44988,415
2021-06-12,Napa,055,140530,9977,9986,38,10024,80
2021-06-12,Nevada,057,99092,4913,4878,195,5073,72
2021-06-12,Orange,059,3164182,256011,255004,11462,266466,5103
2021-06-12,Placer,061,380077,23579,23345,1530,24875,295
2021-06-12,Plumas,063,18699,712,696,11,707,4
2021-06-12,Riverside,065,2383286,294923,289413,14143,303556,4453
2021-06-12,Sacramento,067,1510023,107418,107199,1828,109027,1658
2021-06-12,San Benito,069,59416,6086,6083,116,6199,63
2021-06-12,San Bernardino,071,2135413,294027,293375,9035,302410,4788
2021-06-12,San Diego,073,3302833,281924,281203,15157,296360,3770
2021-06-12,San Francisco,075,870044,36950,37189,1308,38497,555
2021-06-12,San Joaquin,077,732212,73715,73413,3636,77049,1398
2021-06-12,San Luis Obispo,079,281455,21514,21293,752,22045,256
2021-06-12,San Mateo,081,765935,42589,42604,478,43082,542
2021-06-12,Santa Barbara,083,443738,34593,34450,1204,35654,460
2021-06-12,Santa Clara,085,1922200,119117,119894,775,120669,2085
2021-06-12,Santa Cruz,087,273765,16272,16170,815,16985,208
2021-06-12,Shasta,089,179085,12540,12556,1629,14185,201
2021-06-12,Sierra,091,2930,59,55,12,67,0
2021-06-12,Siskiyou,093,43540,1956,1884,369,2253,25
2021-06-12,Solano,095,438530,33214,33219,564,33783,266
2021-06-12,Sonoma,097,501317,30554,30647,357,31004,323
2021-06-12,Stanislaus,099,539301,56798,56649,6001,62650,974
2021-06-12,Sutter,101,95872,9618,9603,90,9693,112
2021-06-12,Tehama,103,63373,5136,5099,584,5683,63
2021-06-12,Trinity,105,12862,487,332,97,429,3
2021-06-12,Tulare,107,460477,50371,49533,9144,58677,848
2021-06-12,Tuolumne,109,53932,4041,4105,40,4145,63
2021-06-12,Ventura,111,848112,81625,81197,3021,84218,1028
2021-06-12,Yolo,113,214977,14096,14118,338,14456,212
2021-06-12,Yuba,115,75493,6141,6120,133,6253,50
2021-06-11,Alameda,001,1643700,88849,88844,1992,90836,1278
2021-06-11,Alpine,003,1148,87,88,0,88,0
2021-06-11,Amador,005,37829,3731,3710,33,3743,46
2021-06-11,Butte,007,227075,12710,12576,1847,14423,194
2021-06-11,Calaveras,009,45235,2186,2188,14,2202,55
2021-06-11,Colusa,011,21464,1962,1964,318,2282,15
2021-06-11,Contra Costa,013,1133247,70411,69940,1305,71245,808
2021-06-11,Del Norte,015,27424,1438,1409,13,1422,8
2021-06-11,El Dorado,017,186661,10375,10316,745,11061,113
2021-06-11,Fresno,019,978130,103192,102770,8768,111538,1720
2021-06-11,Glenn,021,27897,2441,2425,566,2991,19
2021-06-11,Humboldt,023,135768,4403,4389,39,4428,42
2021-06-11,Imperial,025,180216,28715,28793,2872,31665,741
2021-06-11,Inyo,027,18085,1406,1405,12,1417,35
2021-06-11,Kern,029,883053,97663,96718,11072,107790,1340
2021-06-11,Kings,031,150075,23226,23069,1097,24166,245
2021-06-11,Lake,033,64148,3565,3550,9,3559,45
2021-06-11,Lassen,035,31185,5253,5204,116,5320,18
2021-06-11,Los Angeles,037,10098052,1207592,1204259,41951,1246210,24434
2021-06-11,Madera,039,155013,16710,16582,942,17524,240
2021-06-11,Marin,041,260295,14150,14116,267,14383,229
2021-06-11,Mariposa,043,17540,437,434,11,445,5
2021-06-11,Mendocino,045,87422,4104,4022,81,4103,49
2021-06-11,Merced,047,269075,31209,31231,997,32228,461
2021-06-11,Modoc,049,8938,399,382,141,523,3
2021-06-11,Mono,051,14174,1261,1274,16,1290,3
2021-06-11,Monterey,053,433212,43289,43097,1885,44982,415
2021-06-11,Napa,055,140530,9974,9977,38,10015,80
2021-06-11,Nevada,057,99092,4911,4873,195,5068,72
2021-06-11,Orange,059,3164182,255977,254975,11459,266434,5101
2021-06-11,Placer,061,380077,23574,23330,1530,24860,294
2021-06-11,Plumas,063,18699,712,696,11,707,4
2021-06-11,Riverside,065,2383286,294885,289376,14138,303514,4451
2021-06-11,Sacramento,067,1510023,107358,107119,1827,108946,1659
2021-06-11,San Benito,069,59416,6085,6082,116,6198,63
2021-06-11,San Bernardino,071,2135413,293991,293335,9031,302366,4788
2021-06-11,San Diego,073,3302833,281884,281144,15150,296294,3768
2021-06-11,San Francisco,075,870044,36945,37177,1308,38485,555
2021-06-11,San Joaquin,077,732212,73698,73347,3633,76980,1397
2021-06-11,San Luis Obispo,079,281455,21513,21288,752,22040,256
2021-06-11,San Mateo,081,765935,42575,42585,478,43063,542
2021-06-11,Santa Barbara,083,443738,34590,34438,1204,35642,460
2021-06-11,Santa Clara,085,1922200,119097,119860,775,120635,2083
2021-06-11,Santa Cruz,087,273765,16264,16164,815,16979,208
2021-06-11,Shasta,089,179085,12532,12550,1627,14177,201
2021-06-11,Sierra,091,2930,59,55,12,67,0
2021-06-11,Siskiyou,093,43540,1955,1882,369,2251,25
2021-06-11,Solano,095,438530,33194,33179,563,33742,266
2021-06-11,Sonoma,097,501317,30536,30624,357,30981,323
2021-06-11,Stanislaus,099,539301,56773,56617,5997,62614,974
2021-06-11,Sutter,101,95872,9615,9600,89,9689,112
2021-06-11,Tehama,103,63373,5135,5099,584,5683,63
2021-06-11,Trinity,105,12862,487,331,97,428,3
2021-06-11,Tulare,107,460477,50365,49516,9143,58659,848
2021-06-11,Tuolumne,109,53932,4038,4104,40,4144,63
2021-06-11,Ventura,111,848112,81615,81189,3021,84210,1026
2021-06-11,Yolo,113,214977,14089,14111,334,14445,212
2021-06-11,Yuba,115,75493,6137,6113,133,6246,50
2021-06-10,Alameda,001,1643700,88805,88806,1991,90797,1275
2021-06-10,Alpine,003,1148,87,88,0,88,0
2021-06-10,Amador,005,37829,3727,3709,33,3742,46
2021-06-10,Butte,007,227075,12693,12565,1847,14412,194
2021-06-10,Calaveras,009,45235,2185,2188,14,2202,55
2021-06-10,Colusa,011,21464,1960,1964,318,2282,15
2021-06-10,Contra Costa,013,1133247,70357,69876,1305,71181,807
2021-06-10,Del Norte,015,27424,1438,1405,13,1418,8
2021-06-10,El Dorado,017,186661,10368,10314,741,11055,113
2021-06-10,Fresno,019,978130,103166,102724,8767,111491,1717
2021-06-10,Glenn,021,27897,2441,2425,566,2991,19
2021-06-10,Humboldt,023,135768,4395,4384,39,4423,42
2021-06-10,Imperial,025,180216,28709,28779,2872,31651,739
2021-06-10,Inyo,027,18085,1406,1405,12,1417,35
2021-06-10,Kern,029,883053,97649,96706,11067,107773,1336
2021-06-10,Kings,031,150075,23225,23067,1097,24164,245
2021-06-10,Lake,033,64148,3560,3550,9,3559,45
2021-06-10,Lassen,035,31185,5251,5201,116,5317,18
2021-06-10,Los Angeles,037,10098052,1207427,1204110,41934,1246044,24440
2021-06-10,Madera,039,155013,16703,16581,941,17522,240
2021-06-10,Marin,041,260295,14147,14118,267,14385,229
2021-06-10,Mariposa,043,17540,435,434,11,445,5
2021-06-10,Mendocino,045,87422,4099,4016,81,4097,48
2021-06-10,Merced,047,269075,31201,31231,994,32225,461
2021-06-10,Modoc,049,8938,398,381,141,522,3
2021-06-10,Mono,051,14174,1260,1274,16,1290,3
2021-06-10,Monterey,053,433212,43283,43090,1885,44975,415
2021-06-10,Napa,055,140530,9973,9974,38,10012,80
2021-06-10,Nevada,057,99092,4906,4866,195,5061,72
2021-06-10,Orange,059,3164182,255947,254950,11452,266402,5097
2021-06-10,Placer,061,380077,23561,23296,1530,24826,293
2021-06-10,Plumas,063,18699,712,696,11,707,4
2021-06-10,Riverside,065,2383286,294843,289335,14133,303468,4450
2021-06-10,Sacramento,067,1510023,107296,107049,1827,108876,1658
2021-06-10,San Benito,069,59416,6085,6079,116,6195,63
2021-06-10,San Bernardino,071,2135413,293950,293281,9028,302309,4782
2021-06-10,San Diego,073,3302833,281826,281052,15133,296185,3766
2021-06-10,San Francisco,075,870044,36935,37159,1306,38465,552
2021-06-10,San Joaquin,077,732212,73664,73276,3632,76908,1393
2021-06-10,San Luis Obispo,079,281455,21510,21280,752,22032,256
2021-06-10,San Mateo,081,765935,42568,42562,478,43040,666
2021-06-10,Santa Barbara,083,443738,34586,34434,1204,35638,460
2021-06-10,Santa Clara,085,1922200,119062,119832,774,120606,2075
2021-06-10,Santa Cruz,087,273765,16263,16159,815,16974,208
2021-06-10,Shasta,089,179085,12522,12536,1626,14162,201
2021-06-10,Sierra,091,2930,58,55,12,67,0
2021-06-10,Siskiyou,093,43540,1955,1881,369,2250,25
2021-06-10,Solano,095,438530,33177,33150,562,33712,265
2021-06-10,Sonoma,097,501317,30501,30571,355,30926,323
2021-06-10,Stanislaus,099,539301,56752,56588,5993,62581,974
2021-06-10,Sutter,101,95872,9608,9594,89,9683,112
2021-06-10,Tehama,103,63373,5135,5096,584,5680,63
2021-06-10,Trinity,105,12862,487,331,97,428,3
2021-06-10,Tulare,107,460477,50357,49503,9143,58646,848
2021-06-10,Tuolumne,109,53932,4038,4100,40,4140,63
2021-06-10,Ventura,111,848112,81604,81172,3020,84192,1026
2021-06-10,Yolo,113,214977,14086,14107,334,14441,212
2021-06-10,Yuba,115,75493,6133,6112,133,6245,50
2021-06-09,Alameda,001,1643700,88761,88762,1990,90752,1271
2021-06-09,Alpine,003,1148,87,88,0,88,0
2021-06-09,Amador,005,37829,3723,3706,33,3739,46
2021-06-09,Butte,007,227075,12687,12555,1845,14400,194
2021-06-09,Calaveras,009,45235,2183,2184,14,2198,55
2021-06-09,Colusa,011,21464,1960,1962,317,2279,15
2021-06-09,Contra Costa,013,1133247,70320,69829,1304,71133,803
2021-06-09,Del Norte,015,27424,1434,1403,13,1416,8
2021-06-09,El Dorado,017,186661,10365,10312,740,11052,113
2021-06-09,Fresno,019,978130,103146,102690,8763,111453,1717
2021-06-09,Glenn,021,27897,2440,2424,566,2990,19
2021-06-09,Humboldt,023,135768,4390,4379,38,4417,42
2021-06-09,Imperial,025,180216,28706,28754,2872,31626,739
2021-06-09,Inyo,027,18085,1406,1405,12,1417,35
2021-06-09,Kern,029,883053,97635,96697,11058,107755,1328
2021-06-09,Kings,031,150075,23223,23061,1097,24158,245
2021-06-09,Lake,033,64148,3557,3541,9,3550,45
2021-06-09,Lassen,035,31185,5250,5200,116,5316,18
2021-06-09,Los Angeles,037,10098052,1207243,1203955,41923,1245878,24432
2021-06-09,Madera,039,155013,16698,16580,941,17521,240
2021-06-09,Marin,041,260295,14142,14114,267,14381,229
2021-06-09,Mariposa,043,17540,435,434,11,445,5
2021-06-09,Mendocino,045,87422,4093,4008,81,4089,47
2021-06-09,Merced,047,269075,31197,31225,994,32219,461
2021-06-09,Modoc,049,8938,396,377,140,517,3
2021-06-09,Mono,051,14174,1260,1274,16,1290,3
2021-06-09,Monterey,053,433212,43276,43082,1885,44967,415
2021-06-09,Napa,055,140530,9967,9971,38,10009,80
2021-06-09,Nevada,057,99092,4896,4863,194,5057,72
2021-06-09,Orange,059,3164182,255903,254893,11448,266341,5080
2021-06-09,Placer,061,380077,23542,23237,1530,24767,293
2021-06-09,Plumas,063,18699,711,697,11,708,4
2021-06-09,Riverside,065,2383286,294797,289299,14131,303430,4450
2021-06-09,Sacramento,067,1510023,107234,106971,1824,108795,1657
2021-06-09,San Benito,069,59416,6081,6078,116,6194,63
2021-06-09,San Bernardino,071,2135413,293908,293222,9028,302250,4782
2021-06-09,San Diego,073,3302833,281761,280941,15121,296062,3765
2021-06-09,San Francisco,075,870044,36922,37143,1305,38448,552
2021-06-09,San Joaquin,077,732212,73638,73232,3631,76863,1392
2021-06-09,San Luis Obispo,079,281455,21509,21259,752,22011,256
2021-06-09,San Mateo,081,765935,42552,42502,477,42979,666
2021-06-09,Santa Barbara,083,443738,34575,34422,1204,35626,460
2021-06-09,Santa Clara,085,1922200,119024,119793,773,120566,2068
2021-06-09,Santa Cruz,087,273765,16260,16155,815,16970,208
2021-06-09,Shasta,089,179085,12512,12521,1624,14145,201
2021-06-09,Sierra,091,2930,57,55,12,67,0
2021-06-09,Siskiyou,093,43540,1954,1871,369,2240,25
2021-06-09,Solano,095,438530,33161,33137,561,33698,264
2021-06-09,Sonoma,097,501317,30479,30540,355,30895,323
2021-06-09,Stanislaus,099,539301,56732,56560,5990,62550,974
2021-06-09,Sutter,101,95872,9599,9586,88,9674,111
2021-06-09,Tehama,103,63373,5134,5093,584,5677,63
2021-06-09,Trinity,105,12862,486,331,97,428,3
2021-06-09,Tulare,107,460477,50353,49496,9141,58637,847
2021-06-09,Tuolumne,109,53932,4035,4100,40,4140,63
2021-06-09,Ventura,111,848112,81594,81154,3019,84173,1026
2021-06-09,Yolo,113,214977,14084,14102,333,14435,212
2021-06-09,Yuba,115,75493,6129,6109,133,6242,50
2021-06-08,Alameda,001,1643700,88713,88731,1990,90721,1267
2021-06-08,Alpine,003,1148,87,88,0,88,0
2021-06-08,Amador,005,37829,3722,3704,33,3737,46
2021-06-08,Butte,007,227075,12681,12540,1843,14383,194
2021-06-08,Calaveras,009,45235,2182,2181,14,2195,55
2021-06-08,Colusa,011,21464,1960,1961,317,2278,15
2021-06-08,Contra Costa,013,1133247,70272,69762,1303,71065,803
2021-06-08,Del Norte,015,27424,1432,1402,13,1415,8
2021-06-08,El Dorado,017,186661,10360,10306,738,11044,113
2021-06-08,Fresno,019,978130,103121,102680,8761,111441,1717
2021-06-08,Glenn,021,27897,2439,2423,566,2989,19
2021-06-08,Humboldt,023,135768,4385,4363,38,4401,42
2021-06-08,Imperial,025,180216,28697,28752,2872,31624,738
2021-06-08,Inyo,027,18085,1406,1405,12,1417,35
2021-06-08,Kern,029,883053,97616,96671,11051,107722,1325
2021-06-08,Kings,031,150075,23222,23036,1097,24133,245
2021-06-08,Lake,033,64148,3556,3540,9,3549,45
2021-06-08,Lassen,035,31185,5250,5200,116,5316,18
2021-06-08,Los Angeles,037,10098052,1207048,1203794,41912,1245706,24426
2021-06-08,Madera,039,155013,16692,16579,940,17519,240
2021-06-08,Marin,041,260295,14140,14111,266,14377,229
2021-06-08,Mariposa,043,17540,435,434,11,445,5
2021-06-08,Mendocino,045,87422,4086,4002,81,4083,47
2021-06-08,Merced,047,269075,31189,31225,994,32219,461
2021-06-08,Modoc,049,8938,390,377,139,516,3
2021-06-08,Mono,051,14174,1260,1274,16,1290,3
2021-06-08,Monterey,053,433212,43270,43078,1884,44962,415
2021-06-08,Napa,055,140530,9963,9962,38,10000,80
2021-06-08,Nevada,057,99092,4891,4861,194,5055,72
2021-06-08,Orange,059,3164182,255861,254852,11441,266293,5078
2021-06-08,Placer,061,380077,23524,23209,1526,24735,293
2021-06-08,Plumas,063,18699,711,692,11,703,4
2021-06-08,Riverside,065,2383286,294761,289268,14123,303391,4452
2021-06-08,Sacramento,067,1510023,107172,106901,1821,108722,1654
2021-06-08,San Benito,069,59416,6079,6076,116,6192,63
2021-06-08,San Bernardino,071,2135413,293859,293186,9024,302210,4778
2021-06-08,San Diego,073,3302833,281699,280879,15112,295991,3764
2021-06-08,San Francisco,075,870044,36907,37134,1304,38438,552
2021-06-08,San Joaquin,077,732212,73594,73186,3626,76812,1390
2021-06-08,San Luis Obispo,079,281455,21503,21251,751,22002,255
2021-06-08,San Mateo,081,765935,42539,42488,477,42965,663
2021-06-08,Santa Barbara,083,443738,34571,34418,1204,35622,459
2021-06-08,Santa Clara,085,1922200,119003,119770,772,120542,2068
2021-06-08,Santa Cruz,087,273765,16257,16160,815,16975,208
2021-06-08,Shasta,089,179085,12497,12498,1624,14122,201
2021-06-08,Sierra,091,2930,57,55,12,67,0
2021-06-08,Siskiyou,093,43540,1952,1870,367,2237,21
2021-06-08,Solano,095,438530,33140,33130,561,33691,259
2021-06-08,Sonoma,097,501317,30452,30523,353,30876,323
2021-06-08,Stanislaus,099,539301,56705,56548,5988,62536,973
2021-06-08,Sutter,101,95872,9596,9581,88,9669,111
2021-06-08,Tehama,103,63373,5131,5093,584,5677,63
2021-06-08,Trinity,105,12862,486,330,96,426,3
2021-06-08,Tulare,107,460477,50341,49485,9136,58621,847
2021-06-08,Tuolumne,109,53932,4032,4099,40,4139,63
2021-06-08,Ventura,111,848112,81578,81142,3018,84160,1026
2021-06-08,Yolo,113,214977,14078,14099,332,14431,212
2021-06-08,Yuba,115,75493,6127,6103,133,6236,50
2021-06-07,Alameda,001,1643700,88656,88688,1990,90678,1267
2021-06-07,Alpine,003,1148,87,88,0,88,0
2021-06-07,Amador,005,37829,3712,3697,33,3730,46
2021-06-07,Butte,007,227075,12674,12533,1842,14375,194
2021-06-07,Calaveras,009,45235,2181,2181,14,2195,55
2021-06-07,Colusa,011,21464,1959,1960,317,2277,15
2021-06-07,Contra Costa,013,1133247,70215,69718,1302,71020,817
2021-06-07,Del Norte,015,27424,1432,1401,13,1414,8
2021-06-07,El Dorado,017,186661,10355,10305,738,11043,113
2021-06-07,Fresno,019,978130,103090,102659,8753,111412,1717
2021-06-07,Glenn,021,27897,2439,2423,566,2989,19
2021-06-07,Humboldt,023,135768,4376,4354,38,4392,42
2021-06-07,Imperial,025,180216,28695,28754,2871,31625,738
2021-06-07,Inyo,027,18085,1406,1404,12,1416,35
2021-06-07,Kern,029,883053,97600,96645,11044,107689,1324
2021-06-07,Kings,031,150075,23218,23023,1097,24120,244
2021-06-07,Lake,033,64148,3554,3540,9,3549,45
2021-06-07,Lassen,035,31185,5245,5198,116,5314,18
2021-06-07,Los Angeles,037,10098052,1206826,1203664,41898,1245562,24413
2021-06-07,Madera,039,155013,16685,16572,940,17512,240
2021-06-07,Marin,041,260295,14136,14108,265,14373,229
2021-06-07,Mariposa,043,17540,435,434,11,445,5
2021-06-07,Mendocino,045,87422,4080,3998,81,4079,47
2021-06-07,Merced,047,269075,31177,31212,993,32205,459
2021-06-07,Modoc,049,8938,389,375,136,511,3
2021-06-07,Mono,051,14174,1260,1275,16,1291,3
2021-06-07,Monterey,053,433212,43263,43077,1884,44961,415
2021-06-07,Napa,055,140530,9955,9962,38,10000,80
2021-06-07,Nevada,057,99092,4889,4860,194,5054,72
2021-06-07,Orange,059,3164182,255821,254808,11434,266242,5073
2021-06-07,Placer,061,380077,23505,23176,1524,24700,293
2021-06-07,Plumas,063,18699,711,692,11,703,4
2021-06-07,Riverside,065,2383286,294718,289232,14119,303351,4451
2021-06-07,Sacramento,067,1510023,107096,106841,1818,108659,1655
2021-06-07,San Benito,069,59416,6078,6074,116,6190,63
2021-06-07,San Bernardino,071,2135413,293821,293129,9023,302152,4775
2021-06-07,San Diego,073,3302833,281617,280808,15099,295907,3764
2021-06-07,San Francisco,075,870044,36891,37122,1304,38426,552
2021-06-07,San Joaquin,077,732212,73549,73130,3619,76749,1388
2021-06-07,San Luis Obispo,079,281455,21490,21252,751,22003,255
2021-06-07,San Mateo,081,765935,42523,42479,477,42956,664
2021-06-07,Santa Barbara,083,443738,34565,34407,1204,35611,459
2021-06-07,Santa Clara,085,1922200,118971,119743,772,120515,2066
2021-06-07,Santa Cruz,087,273765,16255,16159,815,16974,208
2021-06-07,Shasta,089,179085,12483,12483,1619,14102,200
2021-06-07,Sierra,091,2930,57,55,12,67,0
2021-06-07,Siskiyou,093,43540,1952,1869,367,2236,21
2021-06-07,Solano,095,438530,33118,33124,560,33684,258
2021-06-07,Sonoma,097,501317,30416,30504,352,30856,323
2021-06-07,Stanislaus,099,539301,56672,56521,5986,62507,972
2021-06-07,Sutter,101,95872,9592,9571,88,9659,111
2021-06-07,Tehama,103,63373,5127,5092,584,5676,63
2021-06-07,Trinity,105,12862,486,329,96,425,3
2021-06-07,Tulare,107,460477,50335,49471,9136,58607,847
2021-06-07,Tuolumne,109,53932,4031,4098,40,4138,63
2021-06-07,Ventura,111,848112,81561,81137,3017,84154,1025
2021-06-07,Yolo,113,214977,14072,14097,331,14428,211
2021-06-07,Yuba,115,75493,6125,6099,130,6229,49
2021-06-06,Alameda,001,1643700,88617,88636,1989,90625,1267
2021-06-06,Alpine,003,1148,87,88,0,88,0
2021-06-06,Amador,005,37829,3709,3696,33,3729,46
2021-06-06,Butte,007,227075,12663,12527,1841,14368,194
2021-06-06,Calaveras,009,45235,2180,2181,14,2195,55
2021-06-06,Colusa,011,21464,1957,1959,317,2276,15
2021-06-06,Contra Costa,013,1133247,70150,69659,1300,70959,817
2021-06-06,Del Norte,015,27424,1427,1401,13,1414,8
2021-06-06,El Dorado,017,186661,10348,10294,738,11032,113
2021-06-06,Fresno,019,978130,103057,102642,8750,111392,1717
2021-06-06,Glenn,021,27897,2438,2423,566,2989,19
2021-06-06,Humboldt,023,135768,4365,4353,38,4391,42
2021-06-06,Imperial,025,180216,28689,28762,2870,31632,738
2021-06-06,Inyo,027,18085,1405,1404,12,1416,35
2021-06-06,Kern,029,883053,97582,96623,11037,107660,1324
2021-06-06,Kings,031,150075,23212,23021,1097,24118,244
2021-06-06,Lake,033,64148,3554,3535,9,3544,45
2021-06-06,Lassen,035,31185,5243,5191,116,5307,18
2021-06-06,Los Angeles,037,10098052,1206627,1203539,41886,1245425,24410
2021-06-06,Madera,039,155013,16678,16567,940,17507,240
2021-06-06,Marin,041,260295,14130,14106,264,14370,229
2021-06-06,Mariposa,043,17540,434,435,11,446,5
2021-06-06,Mendocino,045,87422,4076,3993,81,4074,47
2021-06-06,Merced,047,269075,31171,31215,992,32207,459
2021-06-06,Modoc,049,8938,389,375,135,510,3
2021-06-06,Mono,051,14174,1260,1275,16,1291,3
2021-06-06,Monterey,053,433212,43258,43078,1884,44962,415
2021-06-06,Napa,055,140530,9949,9963,38,10001,80
2021-06-06,Nevada,057,99092,4882,4854,193,5047,72
2021-06-06,Orange,059,3164182,255785,254782,11429,266211,5073
2021-06-06,Placer,061,380077,23480,23156,1521,24677,293
2021-06-06,Plumas,063,18699,711,692,11,703,4
2021-06-06,Riverside,065,2383286,294679,289201,14113,303314,4451
2021-06-06,Sacramento,067,1510023,107010,106749,1817,108566,1655
2021-06-06,San Benito,069,59416,6072,6074,116,6190,63
2021-06-06,San Bernardino,071,2135413,293765,293117,9014,302131,4773
2021-06-06,San Diego,073,3302833,281537,280743,15082,295825,3764
2021-06-06,San Francisco,075,870044,36878,37118,1302,38420,552
2021-06-06,San Joaquin,077,732212,73517,73105,3615,76720,1388
2021-06-06,San Luis Obispo,079,281455,21487,21246,751,21997,255
2021-06-06,San Mateo,081,765935,42506,42457,477,42934,664
2021-06-06,Santa Barbara,083,443738,34561,34403,1203,35606,459
2021-06-06,Santa Clara,085,1922200,118949,119711,772,120483,2066
2021-06-06,Santa Cruz,087,273765,16254,16158,815,16973,208
2021-06-06,Shasta,089,179085,12468,12478,1615,14093,200
2021-06-06,Sierra,091,2930,57,55,12,67,0
2021-06-06,Siskiyou,093,43540,1949,1869,367,2236,21
2021-06-06,Solano,095,438530,33091,33093,560,33653,258
2021-06-06,Sonoma,097,501317,30385,30478,351,30829,323
2021-06-06,Stanislaus,099,539301,56636,56486,5983,62469,972
2021-06-06,Sutter,101,95872,9585,9567,88,9655,111
2021-06-06,Tehama,103,63373,5117,5092,583,5675,63
2021-06-06,Trinity,105,12862,486,328,96,424,3
2021-06-06,Tulare,107,460477,50327,49466,9131,58597,847
2021-06-06,Tuolumne,109,53932,4029,4097,40,4137,63
2021-06-06,Ventura,111,848112,81550,81130,3014,84144,1025
2021-06-06,Yolo,113,214977,14064,14089,330,14419,210
2021-06-06,Yuba,115,75493,6117,6096,130,6226,49
2021-06-05,Alameda,001,1643700,88584,88612,1989,90601,1268
2021-06-05,Alpine,003,1148,87,88,0,88,0
2021-06-05,Amador,005,37829,3709,3694,33,3727,46
2021-06-05,Butte,007,227075,12657,12514,1840,14354,194
2021-06-05,Calaveras,009,45235,2180,2181,14,2195,55
2021-06-05,Colusa,011,21464,1957,1959,317,2276,15
2021-06-05,Contra Costa,013,1133247,70121,69601,1300,70901,817
2021-06-05,Del Norte,015,27424,1427,1400,13,1413,8
2021-06-05,El Dorado,017,186661,10346,10288,737,11025,113
2021-06-05,Fresno,019,978130,103048,102626,8750,111376,1717
2021-06-05,Glenn,021,27897,2437,2423,566,2989,19
2021-06-05,Humboldt,023,135768,4360,4346,38,4384,42
2021-06-05,Imperial,025,180216,28686,28764,2869,31633,738
2021-06-05,Inyo,027,18085,1405,1405,12,1417,35
2021-06-05,Kern,029,883053,97569,96597,11033,107630,1324
2021-06-05,Kings,031,150075,23209,23017,1097,24114,244
2021-06-05,Lake,033,64148,3551,3534,9,3543,45
2021-06-05,Lassen,035,31185,5242,5191,116,5307,18
2021-06-05,Los Angeles,037,10098052,1206500,1203338,41876,1245214,24411
2021-06-05,Madera,039,155013,16674,16563,940,17503,240
2021-06-05,Marin,041,260295,14128,14101,264,14365,229
2021-06-05,Mariposa,043,17540,434,435,11,446,5
2021-06-05,Mendocino,045,87422,4073,3989,81,4070,47
2021-06-05,Merced,047,269075,31169,31212,991,32203,459
2021-06-05,Modoc,049,8938,389,375,134,509,3
2021-06-05,Mono,051,14174,1260,1274,16,1290,3
2021-06-05,Monterey,053,433212,43254,43071,1883,44954,415
2021-06-05,Napa,055,140530,9944,9960,38,9998,80
2021-06-05,Nevada,057,99092,4880,4849,193,5042,72
2021-06-05,Orange,059,3164182,255761,254752,11426,266178,5069
2021-06-05,Placer,061,380077,23464,23133,1521,24654,293
2021-06-05,Plumas,063,18699,711,692,11,703,4
2021-06-05,Riverside,065,2383286,294644,289157,14109,303266,4451
2021-06-05,Sacramento,067,1510023,106958,106688,1815,108503,1655
2021-06-05,San Benito,069,59416,6070,6074,116,6190,63
2021-06-05,San Bernardino,071,2135413,293732,293081,9012,302093,4772
2021-06-05,San Diego,073,3302833,281496,280676,15069,295745,3764
2021-06-05,San Francisco,075,870044,36869,37111,1302,38413,552
2021-06-05,San Joaquin,077,732212,73501,73078,3609,76687,1388
2021-06-05,San Luis Obispo,079,281455,21484,21236,751,21987,255
2021-06-05,San Mateo,081,765935,42496,42433,477,42910,664
2021-06-05,Santa Barbara,083,443738,34558,34399,1202,35601,459
2021-06-05,Santa Clara,085,1922200,118927,119676,770,120446,2066
2021-06-05,Santa Cruz,087,273765,16254,16154,815,16969,208
2021-06-05,Shasta,089,179085,12459,12472,1614,14086,200
2021-06-05,Sierra,091,2930,57,55,12,67,0
2021-06-05,Siskiyou,093,43540,1949,1867,367,2234,21
2021-06-05,Solano,095,438530,33076,33074,560,33634,257
2021-06-05,Sonoma,097,501317,30358,30450,349,30799,323
2021-06-05,Stanislaus,099,539301,56628,56463,5981,62444,973
2021-06-05,Sutter,101,95872,9582,9559,88,9647,111
2021-06-05,Tehama,103,63373,5116,5092,582,5674,63
2021-06-05,Trinity,105,12862,486,328,96,424,3
2021-06-05,Tulare,107,460477,50321,49463,9131,58594,847
2021-06-05,Tuolumne,109,53932,4027,4098,40,4138,63
2021-06-05,Ventura,111,848112,81541,81119,3012,84131,1025
2021-06-05,Yolo,113,214977,14062,14088,330,14418,210
2021-06-05,Yuba,115,75493,6116,6087,130,6217,49
2021-06-04,Alameda,001,1643700,88557,88585,1987,90572,1263
2021-06-04,Alpine,003,1148,87,88,0,88,0
2021-06-04,Amador,005,37829,3709,3690,33,3723,46
2021-06-04,Butte,007,227075,12646,12494,1837,14331,193
2021-06-04,Calaveras,009,45235,2180,2179,14,2193,55
2021-06-04,Colusa,011,21464,1957,1959,317,2276,15
2021-06-04,Contra Costa,013,1133247,70086,69540,1297,70837,816
2021-06-04,Del Norte,015,27424,1427,1398,13,1411,8
2021-06-04,El Dorado,017,186661,10342,10284,735,11019,112
2021-06-04,Fresno,019,978130,103032,102601,8750,111351,1712
2021-06-04,Glenn,021,27897,2437,2423,565,2988,19
2021-06-04,Humboldt,023,135768,4355,4327,38,4365,42
2021-06-04,Imperial,025,180216,28682,28753,2869,31622,738
2021-06-04,Inyo,027,18085,1405,1404,12,1416,35
2021-06-04,Kern,029,883053,97551,96573,11031,107604,1327
2021-06-04,Kings,031,150075,23208,23002,1097,24099,244
2021-06-04,Lake,033,64148,3549,3528,9,3537,45
2021-06-04,Lassen,035,31185,5242,5180,116,5296,18
2021-06-04,Los Angeles,037,10098052,1206376,1203106,41867,1244973,24400
2021-06-04,Madera,039,155013,16672,16557,940,17497,240
2021-06-04,Marin,041,260295,14127,14099,263,14362,229
2021-06-04,Mariposa,043,17540,434,435,11,446,5
2021-06-04,Mendocino,045,87422,4064,3983,81,4064,47
2021-06-04,Merced,047,269075,31164,31204,990,32194,459
2021-06-04,Modoc,049,8938,387,375,134,509,3
2021-06-04,Mono,051,14174,1260,1275,16,1291,3
2021-06-04,Monterey,053,433212,43250,43068,1883,44951,415
2021-06-04,Napa,055,140530,9940,9958,38,9996,80
2021-06-04,Nevada,057,99092,4876,4844,193,5037,72
2021-06-04,Orange,059,3164182,255724,254730,11423,266153,5059
2021-06-04,Placer,061,380077,23448,23110,1520,24630,293
2021-06-04,Plumas,063,18699,711,691,11,702,4
2021-06-04,Riverside,065,2383286,294618,289098,14105,303203,4452
2021-06-04,Sacramento,067,1510023,106904,106616,1814,108430,1654
2021-06-04,San Benito,069,59416,6068,6073,116,6189,63
2021-06-04,San Bernardino,071,2135413,293709,293056,9010,302066,4768
2021-06-04,San Diego,073,3302833,281453,280556,15062,295618,3763
2021-06-04,San Francisco,075,870044,36864,37079,1301,38380,551
2021-06-04,San Joaquin,077,732212,73482,73039,3607,76646,1388
2021-06-04,San Luis Obispo,079,281455,21481,21234,750,21984,255
2021-06-04,San Mateo,081,765935,42484,42413,477,42890,478
2021-06-04,Santa Barbara,083,443738,34552,34402,1201,35603,459
2021-06-04,Santa Clara,085,1922200,118897,119619,770,120389,2065
2021-06-04,Santa Cruz,087,273765,16252,16150,815,16965,207
2021-06-04,Shasta,089,179085,12453,12458,1609,14067,200
2021-06-04,Sierra,091,2930,57,55,12,67,0
2021-06-04,Siskiyou,093,43540,1948,1865,367,2232,21
2021-06-04,Solano,095,438530,33065,33058,560,33618,256
2021-06-04,Sonoma,097,501317,30337,30411,349,30760,323
2021-06-04,Stanislaus,099,539301,56613,56442,5978,62420,973
2021-06-04,Sutter,101,95872,9577,9554,88,9642,111
2021-06-04,Tehama,103,63373,5111,5090,582,5672,63
2021-06-04,Trinity,105,12862,486,328,96,424,3
2021-06-04,Tulare,107,460477,50312,49452,9129,58581,847
2021-06-04,Tuolumne,109,53932,4026,4095,40,4135,63
2021-06-04,Ventura,111,848112,81534,81104,3010,84114,1023
2021-06-04,Yolo,113,214977,14060,14083,330,14413,210
2021-06-04,Yuba,115,75493,6113,6084,130,6214,49
2021-06-03,Alameda,001,1643700,88519,88555,1984,90539,1257
2021-06-03,Alpine,003,1148,87,88,0,88,0
2021-06-03,Amador,005,37829,3701,3688,33,3721,46
2021-06-03,Butte,007,227075,12642,12478,1836,14314,193
2021-06-03,Calaveras,009,45235,2180,2179,14,2193,55
2021-06-03,Colusa,011,21464,1957,1957,317,2274,15
2021-06-03,Contra Costa,013,1133247,70032,69500,1292,70792,816
2021-06-03,Del Norte,015,27424,1425,1397,13,1410,8
2021-06-03,El Dorado,017,186661,10336,10284,732,11016,112
2021-06-03,Fresno,019,978130,103015,102566,8750,111316,1709
2021-06-03,Glenn,021,27897,2437,2421,565,2986,19
2021-06-03,Humboldt,023,135768,4347,4314,38,4352,42
2021-06-03,Imperial,025,180216,28670,28737,2869,31606,738
2021-06-03,Inyo,027,18085,1405,1404,12,1416,35
2021-06-03,Kern,029,883053,97524,96507,11017,107524,1326
2021-06-03,Kings,031,150075,23204,22982,1097,24079,244
2021-06-03,Lake,033,64148,3547,3526,9,3535,45
2021-06-03,Lassen,035,31185,5233,5177,116,5293,12
2021-06-03,Los Angeles,037,10098052,1206201,1202923,41859,1244782,24386
2021-06-03,Madera,039,155013,16665,16554,940,17494,240
2021-06-03,Marin,041,260295,14122,14095,263,14358,230
2021-06-03,Mariposa,043,17540,434,435,11,446,5
2021-06-03,Mendocino,045,87422,4057,3978,81,4059,47
2021-06-03,Merced,047,269075,31161,31199,990,32189,459
2021-06-03,Modoc,049,8938,386,376,133,509,3
2021-06-03,Mono,051,14174,1260,1275,16,1291,3
2021-06-03,Monterey,053,433212,43247,43063,1883,44946,415
2021-06-03,Napa,055,140530,9933,9957,38,9995,81
2021-06-03,Nevada,057,99092,4872,4837,193,5030,72
2021-06-03,Orange,059,3164182,255696,254676,11413,266089,5056
2021-06-03,Placer,061,380077,23439,23100,1519,24619,293
2021-06-03,Plumas,063,18699,711,691,11,702,4
2021-06-03,Riverside,065,2383286,294563,289035,14101,303136,4447
2021-06-03,Sacramento,067,1510023,106826,106526,1812,108338,1654
2021-06-03,San Benito,069,59416,6068,6073,116,6189,63
2021-06-03,San Bernardino,071,2135413,293677,293021,9010,302031,4762
2021-06-03,San Diego,073,3302833,281390,280430,15052,295482,3761
2021-06-03,San Francisco,075,870044,36858,37072,1301,38373,551
2021-06-03,San Joaquin,077,732212,73454,72989,3603,76592,1388
2021-06-03,San Luis Obispo,079,281455,21476,21224,750,21974,255
2021-06-03,San Mateo,081,765935,42471,42396,477,42873,467
2021-06-03,Santa Barbara,083,443738,34549,34391,1201,35592,459
2021-06-03,Santa Clara,085,1922200,118875,119592,768,120360,2058
2021-06-03,Santa Cruz,087,273765,16250,16144,815,16959,207
2021-06-03,Shasta,089,179085,12438,12441,1606,14047,199
2021-06-03,Sierra,091,2930,57,55,12,67,0
2021-06-03,Siskiyou,093,43540,1948,1862,366,2228,21
2021-06-03,Solano,095,438530,33051,33019,560,33579,256
2021-06-03,Sonoma,097,501317,30315,30383,348,30731,322
2021-06-03,Stanislaus,099,539301,56595,56401,5972,62373,973
2021-06-03,Sutter,101,95872,9568,9539,88,9627,111
2021-06-03,Tehama,103,63373,5111,5087,582,5669,63
2021-06-03,Trinity,105,12862,486,328,96,424,3
2021-06-03,Tulare,107,460477,50309,49442,9125,58567,848
2021-06-03,Tuolumne,109,53932,4024,4095,40,4135,63
2021-06-03,Ventura,111,848112,81522,81078,3008,84086,1023
2021-06-03,Yolo,113,214977,14056,14078,327,14405,210
2021-06-03,Yuba,115,75493,6106,6077,130,6207,49
2021-06-02,Alameda,001,1643700,88474,88525,1982,90507,1254
2021-06-02,Alpine,003,1148,87,88,0,88,0
2021-06-02,Amador,005,37829,3699,3687,33,3720,46
2021-06-02,Butte,007,227075,12622,12432,1833,14265,193
2021-06-02,Calaveras,009,45235,2177,2174,14,2188,55
2021-06-02,Colusa,011,21464,1956,1957,317,2274,15
2021-06-02,Contra Costa,013,1133247,69981,69455,1290,70745,814
2021-06-02,Del Norte,015,27424,1423,1395,13,1408,8
2021-06-02,El Dorado,017,186661,10332,10275,732,11007,110
2021-06-02,Fresno,019,978130,102991,102547,8747,111294,1707
2021-06-02,Glenn,021,27897,2437,2421,565,2986,19
2021-06-02,Humboldt,023,135768,4332,4302,38,4340,42
2021-06-02,Imperial,025,180216,28664,28737,2868,31605,738
2021-06-02,Inyo,027,18085,1404,1403,12,1415,35
2021-06-02,Kern,029,883053,97497,96481,11010,107491,1326
2021-06-02,Kings,031,150075,23202,22981,1097,24078,244
2021-06-02,Lake,033,64148,3542,3522,9,3531,45
2021-06-02,Lassen,035,31185,5232,5177,116,5293,6
2021-06-02,Los Angeles,037,10098052,1205998,1202760,41849,1244609,24375
2021-06-02,Madera,039,155013,16657,16550,940,17490,240
2021-06-02,Marin,041,260295,14120,14091,263,14354,229
2021-06-02,Mariposa,043,17540,434,434,11,445,5
2021-06-02,Mendocino,045,87422,4051,3970,81,4051,47
2021-06-02,Merced,047,269075,31148,31195,989,32184,458
2021-06-02,Modoc,049,8938,385,375,132,507,3
2021-06-02,Mono,051,14174,1260,1275,16,1291,3
2021-06-02,Monterey,053,433212,43245,43056,1883,44939,380
2021-06-02,Napa,055,140530,9932,9953,38,9991,82
2021-06-02,Nevada,057,99092,4869,4833,193,5026,72
2021-06-02,Orange,059,3164182,255648,254637,11408,266045,5055
2021-06-02,Placer,061,380077,23418,23058,1517,24575,293
2021-06-02,Plumas,063,18699,711,690,11,701,4
2021-06-02,Riverside,065,2383286,294504,289012,14091,303103,4445
2021-06-02,Sacramento,067,1510023,106761,106435,1806,108241,1649
2021-06-02,San Benito,069,59416,6067,6073,116,6189,63
2021-06-02,San Bernardino,071,2135413,293629,293004,9005,302009,4760
2021-06-02,San Diego,073,3302833,281310,280347,15031,295378,3760
2021-06-02,San Francisco,075,870044,36838,37050,1300,38350,550
2021-06-02,San Joaquin,077,732212,73423,72893,3600,76493,1387
2021-06-02,San Luis Obispo,079,281455,21469,21214,749,21963,255
2021-06-02,San Mateo,081,765935,42461,42383,476,42859,464
2021-06-02,Santa Barbara,083,443738,34542,34381,1201,35582,456
2021-06-02,Santa Clara,085,1922200,118847,119553,767,120320,2058
2021-06-02,Santa Cruz,087,273765,16247,16144,815,16959,207
2021-06-02,Shasta,089,179085,12420,12426,1601,14027,199
2021-06-02,Sierra,091,2930,57,55,12,67,0
2021-06-02,Siskiyou,093,43540,1948,1861,364,2225,21
2021-06-02,Solano,095,438530,33039,33007,559,33566,256
2021-06-02,Sonoma,097,501317,30296,30359,343,30702,322
2021-06-02,Stanislaus,099,539301,56577,56377,5967,62344,973
2021-06-02,Sutter,101,95872,9565,9533,88,9621,111
2021-06-02,Tehama,103,63373,5108,5081,582,5663,63
2021-06-02,Trinity,105,12862,484,328,96,424,3
2021-06-02,Tulare,107,460477,50301,49434,9121,58555,846
2021-06-02,Tuolumne,109,53932,4023,4095,40,4135,63
2021-06-02,Ventura,111,848112,81497,81033,3008,84041,1020
2021-06-02,Yolo,113,214977,14053,14074,326,14400,210
2021-06-02,Yuba,115,75493,6100,6072,130,6202,48
2021-06-01,Alameda,001,1643700,88440,88472,1980,90452,1253
2021-06-01,Alpine,003,1148,87,88,0,88,0
2021-06-01,Amador,005,37829,3697,3687,33,3720,46
2021-06-01,Butte,007,227075,12608,12427,1832,14259,193
2021-06-01,Calaveras,009,45235,2175,2173,14,2187,55
2021-06-01,Colusa,011,21464,1955,1955,316,2271,15
2021-06-01,Contra Costa,013,1133247,69924,69404,1290,70694,813
2021-06-01,Del Norte,015,27424,1422,1394,13,1407,8
2021-06-01,El Dorado,017,186661,10326,10271,732,11003,110
2021-06-01,Fresno,019,978130,102967,102534,8744,111278,1706
2021-06-01,Glenn,021,27897,2437,2422,565,2987,18
2021-06-01,Humboldt,023,135768,4322,4299,38,4337,42
2021-06-01,Imperial,025,180216,28660,28722,2865,31587,736
2021-06-01,Inyo,027,18085,1404,1403,12,1415,35
2021-06-01,Kern,029,883053,97470,96477,11002,107479,1319
2021-06-01,Kings,031,150075,23198,22977,1097,24074,244
2021-06-01,Lake,033,64148,3541,3523,9,3532,45
2021-06-01,Lassen,035,31185,5225,5172,116,5288,6
2021-06-01,Los Angeles,037,10098052,1205763,1202673,41836,1244509,24367
2021-06-01,Madera,039,155013,16648,16549,939,17488,240
2021-06-01,Marin,041,260295,14118,14081,263,14344,229
2021-06-01,Mariposa,043,17540,434,431,11,442,5
2021-06-01,Mendocino,045,87422,4044,3966,81,4047,47
2021-06-01,Merced,047,269075,31138,31195,989,32184,456
2021-06-01,Modoc,049,8938,383,375,132,507,3
2021-06-01,Mono,051,14174,1260,1275,16,1291,3
2021-06-01,Monterey,053,433212,43239,43051,1883,44934,379
2021-06-01,Napa,055,140530,9930,9949,38,9987,82
2021-06-01,Nevada,057,99092,4864,4825,193,5018,72
2021-06-01,Orange,059,3164182,255612,254603,11400,266003,5051
2021-06-01,Placer,061,380077,23388,23021,1515,24536,293
2021-06-01,Plumas,063,18699,710,690,11,701,4
2021-06-01,Riverside,065,2383286,294452,288996,14085,303081,4442
2021-06-01,Sacramento,067,1510023,106689,106330,1804,108134,1644
2021-06-01,San Benito,069,59416,6066,6073,115,6188,63
2021-06-01,San Bernardino,071,2135413,293605,292990,9004,301994,4758
2021-06-01,San Diego,073,3302833,281206,280305,15014,295319,3756
2021-06-01,San Francisco,075,870044,36822,37031,1300,38331,550
2021-06-01,San Joaquin,077,732212,73391,72858,3598,76456,1383
2021-06-01,San Luis Obispo,079,281455,21464,21217,749,21966,256
2021-06-01,San Mateo,081,765935,42445,42383,475,42858,462
2021-06-01,Santa Barbara,083,443738,34538,34374,1201,35575,456
2021-06-01,Santa Clara,085,1922200,118819,119528,767,120295,2057
2021-06-01,Santa Cruz,087,273765,16243,16143,814,16957,207
2021-06-01,Shasta,089,179085,12411,12409,1596,14005,199
2021-06-01,Sierra,091,2930,57,55,12,67,0
2021-06-01,Siskiyou,093,43540,1941,1860,363,2223,21
2021-06-01,Solano,095,438530,33014,32974,558,33532,256
2021-06-01,Sonoma,097,501317,30257,30324,342,30666,322
2021-06-01,Stanislaus,099,539301,56561,56348,5965,62313,973
2021-06-01,Sutter,101,95872,9558,9528,88,9616,111
2021-06-01,Tehama,103,63373,5106,5079,582,5661,63
2021-06-01,Trinity,105,12862,483,328,95,423,3
2021-06-01,Tulare,107,460477,50293,49419,9117,58536,845
2021-06-01,Tuolumne,109,53932,4023,4094,40,4134,63
2021-06-01,Ventura,111,848112,81481,81018,3007,84025,1021
2021-06-01,Yolo,113,214977,14047,14067,326,14393,210
2021-06-01,Yuba,115,75493,6096,6067,130,6197,48
2021-05-31,Alameda,001,1643700,88403,88458,1976,90434,1253
2021-05-31,Alpine,003,1148,87,88,0,88,0
2021-05-31,Amador,005,37829,3691,3687,33,3720,46
2021-05-31,Butte,007,227075,12595,12429,1832,14261,193
2021-05-31,Calaveras,009,45235,2174,2171,14,2185,55
2021-05-31,Colusa,011,21464,1955,1956,315,2271,15
2021-05-31,Contra Costa,013,1133247,69887,69390,1288,70678,813
2021-05-31,Del Norte,015,27424,1419,1394,13,1407,8
2021-05-31,El Dorado,017,186661,10320,10271,730,11001,110
2021-05-31,Fresno,019,978130,102931,102507,8744,111251,1706
2021-05-31,Glenn,021,27897,2436,2422,564,2986,18
2021-05-31,Humboldt,023,135768,4310,4295,38,4333,42
2021-05-31,Imperial,025,180216,28654,28732,2861,31593,736
2021-05-31,Inyo,027,18085,1403,1403,12,1415,35
2021-05-31,Kern,029,883053,97434,96457,10993,107450,1319
2021-05-31,Kings,031,150075,23194,22977,1097,24074,244
2021-05-31,Lake,033,64148,3536,3523,9,3532,45
2021-05-31,Lassen,035,31185,5223,5172,115,5287,6
2021-05-31,Los Angeles,037,10098052,1205522,1202567,41828,1244395,24364
2021-05-31,Madera,039,155013,16647,16543,938,17481,240
2021-05-31,Marin,041,260295,14116,14080,263,14343,229
2021-05-31,Mariposa,043,17540,434,430,11,441,5
2021-05-31,Mendocino,045,87422,4034,3961,81,4042,47
2021-05-31,Merced,047,269075,31133,31194,989,32183,456
2021-05-31,Modoc,049,8938,382,374,132,506,3
2021-05-31,Mono,051,14174,1260,1275,16,1291,3
2021-05-31,Monterey,053,433212,43235,43051,1883,44934,379
2021-05-31,Napa,055,140530,9923,9948,38,9986,82
2021-05-31,Nevada,057,99092,4854,4823,192,5015,72
2021-05-31,Orange,059,3164182,255584,254572,11393,265965,5051
2021-05-31,Placer,061,380077,23361,23019,1511,24530,293
2021-05-31,Plumas,063,18699,709,690,11,701,4
2021-05-31,Riverside,065,2383286,294395,288970,14073,303043,4442
2021-05-31,Sacramento,067,1510023,106592,106278,1798,108076,1644
2021-05-31,San Benito,069,59416,6066,6072,115,6187,63
2021-05-31,San Bernardino,071,2135413,293557,292973,9003,301976,4758
2021-05-31,San Diego,073,3302833,281102,280254,15002,295256,3756
2021-05-31,San Francisco,075,870044,36807,37022,1299,38321,550
2021-05-31,San Joaquin,077,732212,73343,72856,3592,76448,1383
2021-05-31,San Luis Obispo,079,281455,21456,21215,749,21964,256
2021-05-31,San Mateo,081,765935,42429,42389,475,42864,442
2021-05-31,Santa Barbara,083,443738,34525,34369,1199,35568,456
2021-05-31,Santa Clara,085,1922200,118775,119515,767,120282,2057
2021-05-31,Santa Cruz,087,273765,16240,16139,814,16953,207
2021-05-31,Shasta,089,179085,12395,12408,1593,14001,199
2021-05-31,Sierra,091,2930,57,55,12,67,0
2021-05-31,Siskiyou,093,43540,1940,1856,362,2218,21
2021-05-31,Solano,095,438530,32963,32973,558,33531,256
2021-05-31,Sonoma,097,501317,30214,30314,342,30656,322
2021-05-31,Stanislaus,099,539301,56520,56335,5962,62297,973
2021-05-31,Sutter,101,95872,9539,9523,88,9611,111
2021-05-31,Tehama,103,63373,5103,5076,581,5657,63
2021-05-31,Trinity,105,12862,483,328,95,423,3
2021-05-31,Tulare,107,460477,50282,49404,9112,58516,845
2021-05-31,Tuolumne,109,53932,4021,4095,40,4135,63
2021-05-31,Ventura,111,848112,81466,81017,3004,84021,1021
2021-05-31,Yolo,113,214977,14043,14064,326,14390,210
2021-05-31,Yuba,115,75493,6090,6063,127,6190,48
2021-05-30,Alameda,001,1643700,88379,88429,1976,90405,1253
2021-05-30,Alpine,003,1148,87,88,0,88,0
2021-05-30,Amador,005,37829,3687,3685,33,3718,46
2021-05-30,Butte,007,227075,12585,12427,1830,14257,190
2021-05-30,Calaveras,009,45235,2171,2166,14,2180,55
2021-05-30,Colusa,011,21464,1955,1954,315,2269,15
2021-05-30,Contra Costa,013,1133247,69853,69381,1286,70667,813
2021-05-30,Del Norte,015,27424,1418,1393,13,1406,8
2021-05-30,El Dorado,017,186661,10317,10271,730,11001,110
2021-05-30,Fresno,019,978130,102914,102499,8740,111239,1706
2021-05-30,Glenn,021,27897,2436,2422,563,2985,18
2021-05-30,Humboldt,023,135768,4301,4291,38,4329,42
2021-05-30,Imperial,025,180216,28649,28732,2860,31592,736
2021-05-30,Inyo,027,18085,1403,1403,12,1415,35
2021-05-30,Kern,029,883053,97418,96443,10990,107433,1319
2021-05-30,Kings,031,150075,23193,22974,1096,24070,244
2021-05-30,Lake,033,64148,3536,3517,9,3526,45
2021-05-30,Lassen,035,31185,5221,5171,115,5286,6
2021-05-30,Los Angeles,037,10098052,1205414,1202425,41821,1244246,24360
2021-05-30,Madera,039,155013,16643,16538,938,17476,240
2021-05-30,Marin,041,260295,14112,14083,262,14345,229
2021-05-30,Mariposa,043,17540,434,430,11,441,5
2021-05-30,Mendocino,045,87422,4027,3955,81,4036,47
2021-05-30,Merced,047,269075,31129,31189,988,32177,456
2021-05-30,Modoc,049,8938,382,374,132,506,3
2021-05-30,Mono,051,14174,1260,1275,16,1291,3
2021-05-30,Monterey,053,433212,43232,43049,1883,44932,379
2021-05-30,Napa,055,140530,9922,9948,38,9986,82
2021-05-30,Nevada,057,99092,4848,4818,192,5010,72
2021-05-30,Orange,059,3164182,255561,254559,11392,265951,5051
2021-05-30,Placer,061,380077,23355,23016,1511,24527,293
2021-05-30,Plumas,063,18699,707,690,11,701,4
2021-05-30,Riverside,065,2383286,294374,288961,14071,303032,4442
2021-05-30,Sacramento,067,1510023,106547,106252,1796,108048,1644
2021-05-30,San Benito,069,59416,6066,6072,115,6187,63
2021-05-30,San Bernardino,071,2135413,293531,292981,9002,301983,4758
2021-05-30,San Diego,073,3302833,281046,280209,14997,295206,3756
2021-05-30,San Francisco,075,870044,36788,37016,1299,38315,550
2021-05-30,San Joaquin,077,732212,73326,72853,3591,76444,1383
2021-05-30,San Luis Obispo,079,281455,21447,21211,748,21959,256
2021-05-30,San Mateo,081,765935,42421,42386,475,42861,439
2021-05-30,Santa Barbara,083,443738,34521,34369,1199,35568,456
2021-05-30,Santa Clara,085,1922200,118753,119510,763,120273,2057
2021-05-30,Santa Cruz,087,273765,16238,16140,814,16954,207
2021-05-30,Shasta,089,179085,12393,12408,1590,13998,199
2021-05-30,Sierra,091,2930,57,55,12,67,0
2021-05-30,Siskiyou,093,43540,1940,1856,362,2218,21
2021-05-30,Solano,095,438530,32952,32952,557,33509,256
2021-05-30,Sonoma,097,501317,30197,30310,341,30651,322
2021-05-30,Stanislaus,099,539301,56508,56323,5961,62284,973
2021-05-30,Sutter,101,95872,9538,9519,87,9606,111
2021-05-30,Tehama,103,63373,5103,5073,581,5654,63
2021-05-30,Trinity,105,12862,483,328,95,423,3
2021-05-30,Tulare,107,460477,50275,49397,9103,58500,845
2021-05-30,Tuolumne,109,53932,4021,4094,40,4134,63
2021-05-30,Ventura,111,848112,81462,81012,3003,84015,1021
2021-05-30,Yolo,113,214977,14038,14059,325,14384,210
2021-05-30,Yuba,115,75493,6083,6063,126,6189,48
2021-05-29,Alameda,001,1643700,88356,88433,1974,90407,1253
2021-05-29,Alpine,003,1148,87,88,0,88,0
2021-05-29,Amador,005,37829,3686,3683,33,3716,46
2021-05-29,Butte,007,227075,12579,12425,1830,14255,190
2021-05-29,Calaveras,009,45235,2170,2166,14,2180,55
2021-05-29,Colusa,011,21464,1952,1954,315,2269,15
2021-05-29,Contra Costa,013,1133247,69820,69351,1286,70637,813
2021-05-29,Del Norte,015,27424,1418,1391,13,1404,8
2021-05-29,El Dorado,017,186661,10316,10269,728,10997,110
2021-05-29,Fresno,019,978130,102902,102470,8737,111207,1706
2021-05-29,Glenn,021,27897,2436,2422,562,2984,18
2021-05-29,Humboldt,023,135768,4295,4283,38,4321,42
2021-05-29,Imperial,025,180216,28646,28729,2859,31588,736
2021-05-29,Inyo,027,18085,1403,1404,12,1416,35
2021-05-29,Kern,029,883053,97407,96424,10977,107401,1319
2021-05-29,Kings,031,150075,23192,22970,1095,24065,244
2021-05-29,Lake,033,64148,3536,3515,9,3524,45
2021-05-29,Lassen,035,31185,5221,5171,115,5286,6
2021-05-29,Los Angeles,037,10098052,1205291,1202264,41817,1244081,24359
2021-05-29,Madera,039,155013,16641,16535,938,17473,240
2021-05-29,Marin,041,260295,14108,14071,261,14332,229
2021-05-29,Mariposa,043,17540,433,428,11,439,5
2021-05-29,Mendocino,045,87422,4021,3952,81,4033,47
2021-05-29,Merced,047,269075,31117,31187,988,32175,456
2021-05-29,Modoc,049,8938,382,374,132,506,3
2021-05-29,Mono,051,14174,1260,1275,16,1291,3
2021-05-29,Monterey,053,433212,43230,43042,1883,44925,379
2021-05-29,Napa,055,140530,9919,9948,38,9986,82
2021-05-29,Nevada,057,99092,4847,4816,192,5008,72
2021-05-29,Orange,059,3164182,255539,254537,11382,265919,5049
2021-05-29,Placer,061,380077,23340,23009,1510,24519,293
2021-05-29,Plumas,063,18699,707,689,11,700,4
2021-05-29,Riverside,065,2383286,294354,288908,14070,302978,4442
2021-05-29,Sacramento,067,1510023,106517,106218,1795,108013,1643
2021-05-29,San Benito,069,59416,6065,6072,115,6187,63
2021-05-29,San Bernardino,071,2135413,293499,292961,9001,301962,4757
2021-05-29,San Diego,073,3302833,280987,280151,14992,295143,3756
2021-05-29,San Francisco,075,870044,36779,37008,1299,38307,550
2021-05-29,San Joaquin,077,732212,73310,72827,3589,76416,1383
2021-05-29,San Luis Obispo,079,281455,21445,21201,748,21949,256
2021-05-29,San Mateo,081,765935,42413,42375,474,42849,439
2021-05-29,Santa Barbara,083,443738,34517,34367,1199,35566,456
2021-05-29,Santa Clara,085,1922200,118729,119498,762,120260,2056
2021-05-29,Santa Cruz,087,273765,16237,16137,814,16951,207
2021-05-29,Shasta,089,179085,12385,12401,1589,13990,199
2021-05-29,Sierra,091,2930,57,55,12,67,0
2021-05-29,Siskiyou,093,43540,1935,1856,362,2218,21
2021-05-29,Solano,095,438530,32943,32917,557,33474,256
2021-05-29,Sonoma,097,501317,30174,30298,340,30638,322
2021-05-29,Stanislaus,099,539301,56490,56305,5959,62264,974
2021-05-29,Sutter,101,95872,9534,9516,87,9603,111
2021-05-29,Tehama,103,63373,5102,5070,581,5651,63
2021-05-29,Trinity,105,12862,483,328,95,423,3
2021-05-29,Tulare,107,460477,50265,49392,9099,58491,845
2021-05-29,Tuolumne,109,53932,4021,4093,40,4133,63
2021-05-29,Ventura,111,848112,81454,81008,3003,84011,1021
2021-05-29,Yolo,113,214977,14037,14055,325,14380,210
2021-05-29,Yuba,115,75493,6083,6059,126,6185,48
2021-05-28,Alameda,001,1643700,88332,88391,1970,90361,1261
2021-05-28,Alpine,003,1148,87,88,0,88,0
2021-05-28,Amador,005,37829,3686,3680,33,3713,46
2021-05-28,Butte,007,227075,12576,12407,1829,14236,190
2021-05-28,Calaveras,009,45235,2170,2165,14,2179,55
2021-05-28,Colusa,011,21464,1952,1954,313,2267,15
2021-05-28,Contra Costa,013,1133247,69784,69290,1285,70575,813
2021-05-28,Del Norte,015,27424,1417,1390,13,1403,8
2021-05-28,El Dorado,017,186661,10313,10265,728,10993,110
2021-05-28,Fresno,019,978130,102887,102437,8737,111174,1705
2021-05-28,Glenn,021,27897,2436,2419,562,2981,18
2021-05-28,Humboldt,023,135768,4289,4265,38,4303,42
2021-05-28,Imperial,025,180216,28643,28722,2859,31581,736
2021-05-28,Inyo,027,18085,1403,1404,12,1416,35
2021-05-28,Kern,029,883053,97390,96396,10969,107365,1320
2021-05-28,Kings,031,150075,23190,22962,1095,24057,244
2021-05-28,Lake,033,64148,3534,3515,9,3524,45
2021-05-28,Lassen,035,31185,5221,5169,115,5284,6
2021-05-28,Los Angeles,037,10098052,1205181,1202103,41806,1243909,24357
2021-05-28,Madera,039,155013,16639,16530,938,17468,240
2021-05-28,Marin,041,260295,14107,14063,260,14323,229
2021-05-28,Mariposa,043,17540,433,428,11,439,5
2021-05-28,Mendocino,045,87422,4016,3947,81,4028,47
2021-05-28,Merced,047,269075,31114,31176,988,32164,455
2021-05-28,Modoc,049,8938,382,374,132,506,3
2021-05-28,Mono,051,14174,1260,1274,16,1290,3
2021-05-28,Monterey,053,433212,43229,43036,1883,44919,379
2021-05-28,Napa,055,140530,9919,9941,38,9979,82
2021-05-28,Nevada,057,99092,4845,4813,192,5005,71
2021-05-28,Orange,059,3164182,255519,254494,11380,265874,5047
2021-05-28,Placer,061,380077,23330,22987,1508,24495,293
2021-05-28,Plumas,063,18699,705,688,11,699,4
2021-05-28,Riverside,065,2383286,294332,288872,14068,302940,4442
2021-05-28,Sacramento,067,1510023,106461,106131,1793,107924,1642
2021-05-28,San Benito,069,59416,6065,6074,115,6189,63
2021-05-28,San Bernardino,071,2135413,293476,292905,9001,301906,4757
2021-05-28,San Diego,073,3302833,280924,280043,14981,295024,3756
2021-05-28,San Francisco,075,870044,36773,36987,1299,38286,546
2021-05-28,San Joaquin,077,732212,73280,72793,3587,76380,1383
2021-05-28,San Luis Obispo,079,281455,21440,21190,746,21936,256
2021-05-28,San Mateo,081,765935,42407,42364,474,42838,439
2021-05-28,Santa Barbara,083,443738,34516,34371,1199,35570,455
2021-05-28,Santa Clara,085,1922200,118705,119462,762,120224,2056
2021-05-28,Santa Cruz,087,273765,16236,16129,814,16943,207
2021-05-28,Shasta,089,179085,12376,12383,1587,13970,198
2021-05-28,Sierra,091,2930,57,54,12,66,0
2021-05-28,Siskiyou,093,43540,1933,1850,362,2212,19
2021-05-28,Solano,095,438530,32928,32892,557,33449,256
2021-05-28,Sonoma,097,501317,30155,30270,340,30610,321
2021-05-28,Stanislaus,099,539301,56472,56278,5956,62234,974
2021-05-28,Sutter,101,95872,9530,9511,87,9598,111
2021-05-28,Tehama,103,63373,5096,5064,581,5645,63
2021-05-28,Trinity,105,12862,483,328,95,423,3
2021-05-28,Tulare,107,460477,50260,49375,9089,58464,846
2021-05-28,Tuolumne,109,53932,4021,4090,40,4130,63
2021-05-28,Ventura,111,848112,81443,80985,3002,83987,1021
2021-05-28,Yolo,113,214977,14033,14050,324,14374,210
2021-05-28,Yuba,115,75493,6081,6050,125,6175,48
2021-05-27,Alameda,001,1643700,88296,88342,1969,90311,1274
2021-05-27,Alpine,003,1148,87,88,0,88,0
2021-05-27,Amador,005,37829,3683,3680,33,3713,46
2021-05-27,Butte,007,227075,12570,12401,1828,14229,190
2021-05-27,Calaveras,009,45235,2168,2163,14,2177,55
2021-05-27,Colusa,011,21464,1949,1952,313,2265,15
2021-05-27,Contra Costa,013,1133247,69742,69245,1283,70528,813
2021-05-27,Del Norte,015,27424,1417,1388,13,1401,8
2021-05-27,El Dorado,017,186661,10312,10248,728,10976,112
2021-05-27,Fresno,019,978130,102870,102413,8734,111147,1704
2021-05-27,Glenn,021,27897,2436,2415,562,2977,18
2021-05-27,Humboldt,023,135768,4281,4260,38,4298,42
2021-05-27,Imperial,025,180216,28632,28728,2858,31586,736
2021-05-27,Inyo,027,18085,1403,1404,12,1416,35
2021-05-27,Kern,029,883053,97374,96364,10961,107325,1322
2021-05-27,Kings,031,150075,23187,22953,1095,24048,245
2021-05-27,Lake,033,64148,3529,3509,9,3518,45
2021-05-27,Lassen,035,31185,5220,5170,114,5284,6
2021-05-27,Los Angeles,037,10098052,1205019,1201927,41790,1243717,24348
2021-05-27,Madera,039,155013,16630,16527,938,17465,240
2021-05-27,Marin,041,260295,14103,14061,260,14321,229
2021-05-27,Mariposa,043,17540,431,427,11,438,5
2021-05-27,Mendocino,045,87422,4010,3945,81,4026,47
2021-05-27,Merced,047,269075,31102,31161,988,32149,455
2021-05-27,Modoc,049,8938,381,374,132,506,3
2021-05-27,Mono,051,14174,1260,1276,16,1292,3
2021-05-27,Monterey,053,433212,43223,43032,1883,44915,379
2021-05-27,Napa,055,140530,9918,9934,38,9972,82
2021-05-27,Nevada,057,99092,4841,4807,190,4997,71
2021-05-27,Orange,059,3164182,255482,254438,11376,265814,5059
2021-05-27,Placer,061,380077,23321,22966,1508,24474,293
2021-05-27,Plumas,063,18699,705,687,11,698,4
2021-05-27,Riverside,065,2383286,294296,288835,14063,302898,4443
2021-05-27,Sacramento,067,1510023,106385,106015,1790,107805,1642
2021-05-27,San Benito,069,59416,6064,6074,115,6189,63
2021-05-27,San Bernardino,071,2135413,293440,292755,8999,301754,4756
2021-05-27,San Diego,073,3302833,280850,279960,14967,294927,3756
2021-05-27,San Francisco,075,870044,36767,36980,1296,38276,546
2021-05-27,San Joaquin,077,732212,73248,72714,3583,76297,1388
2021-05-27,San Luis Obispo,079,281455,21435,21171,746,21917,256
2021-05-27,San Mateo,081,765935,42398,42345,474,42819,436
2021-05-27,Santa Barbara,083,443738,34511,34355,1199,35554,456
2021-05-27,Santa Clara,085,1922200,118684,119452,762,120214,2053
2021-05-27,Santa Cruz,087,273765,16233,16134,814,16948,207
2021-05-27,Shasta,089,179085,12365,12380,1587,13967,202
2021-05-27,Sierra,091,2930,57,54,12,66,0
2021-05-27,Siskiyou,093,43540,1930,1846,362,2208,18
2021-05-27,Solano,095,438530,32887,32855,556,33411,257
2021-05-27,Sonoma,097,501317,30128,30253,336,30589,321
2021-05-27,Stanislaus,099,539301,56447,56207,5955,62162,974
2021-05-27,Sutter,101,95872,9526,9501,87,9588,111
2021-05-27,Tehama,103,63373,5093,5064,580,5644,63
2021-05-27,Trinity,105,12862,483,328,95,423,3
2021-05-27,Tulare,107,460477,50246,49366,9080,58446,840
2021-05-27,Tuolumne,109,53932,4020,4090,40,4130,66
2021-05-27,Ventura,111,848112,81430,80965,2999,83964,1023
2021-05-27,Yolo,113,214977,14030,14036,324,14360,213
2021-05-27,Yuba,115,75493,6076,6040,124,6164,48
2021-05-26,Alameda,001,1643700,88267,88297,1969,90266,1266
2021-05-26,Alpine,003,1148,87,88,0,88,0
2021-05-26,Amador,005,37829,3683,3679,33,3712,46
2021-05-26,Butte,007,227075,12561,12332,1827,14159,190
2021-05-26,Calaveras,009,45235,2167,2154,14,2168,55
2021-05-26,Colusa,011,21464,1948,1952,313,2265,15
2021-05-26,Contra Costa,013,1133247,69705,69210,1283,70493,812
2021-05-26,Del Norte,015,27424,1417,1386,12,1398,8
2021-05-26,El Dorado,017,186661,10308,10242,727,10969,112
2021-05-26,Fresno,019,978130,102838,102374,8729,111103,1702
2021-05-26,Glenn,021,27897,2435,2415,562,2977,18
2021-05-26,Humboldt,023,135768,4276,4246,38,4284,42
2021-05-26,Imperial,025,180216,28627,28712,2856,31568,734
2021-05-26,Inyo,027,18085,1403,1403,12,1415,36
2021-05-26,Kern,029,883053,97349,96343,10954,107297,1320
2021-05-26,Kings,031,150075,23183,22950,1094,24044,245
2021-05-26,Lake,033,64148,3528,3508,9,3517,45
2021-05-26,Lassen,035,31185,5219,5164,114,5278,6
2021-05-26,Los Angeles,037,10098052,1204853,1198100,41773,1239873,24221
2021-05-26,Madera,039,155013,16627,16520,938,17458,240
2021-05-26,Marin,041,260295,14100,14061,259,14320,227
2021-05-26,Mariposa,043,17540,431,427,11,438,5
2021-05-26,Mendocino,045,87422,4004,3938,81,4019,47
2021-05-26,Merced,047,269075,31093,31139,988,32127,455
2021-05-26,Modoc,049,8938,381,371,131,502,3
2021-05-26,Mono,051,14174,1260,1274,16,1290,3
2021-05-26,Monterey,053,433212,43217,43018,1882,44900,379
2021-05-26,Napa,055,140530,9911,9932,36,9968,82
2021-05-26,Nevada,057,99092,4836,4803,190,4993,70
2021-05-26,Orange,059,3164182,255446,254368,11373,265741,5058
2021-05-26,Placer,061,380077,23297,22940,1508,24448,293
2021-05-26,Plumas,063,18699,704,685,11,696,4
2021-05-26,Riverside,065,2383286,294250,288782,14056,302838,4443
2021-05-26,Sacramento,067,1510023,106299,105919,1786,107705,1637
2021-05-26,San Benito,069,59416,6064,6074,115,6189,63
2021-05-26,San Bernardino,071,2135413,293405,292662,8998,301660,4755
2021-05-26,San Diego,073,3302833,280775,279859,14957,294816,3755
2021-05-26,San Francisco,075,870044,36755,36954,1296,38250,546
2021-05-26,San Joaquin,077,732212,73206,72681,3580,76261,1388
2021-05-26,San Luis Obispo,079,281455,21430,21163,746,21909,256
2021-05-26,San Mateo,081,765935,42389,42331,474,42805,436
2021-05-26,Santa Barbara,083,443738,34502,34348,1199,35547,459
2021-05-26,Santa Clara,085,1922200,118657,119421,761,120182,2031
2021-05-26,Santa Cruz,087,273765,16232,16139,814,16953,207
2021-05-26,Shasta,089,179085,12351,12357,1584,13941,202
2021-05-26,Sierra,091,2930,57,54,12,66,0
2021-05-26,Siskiyou,093,43540,1928,1847,360,2207,18
2021-05-26,Solano,095,438530,32851,32831,556,33387,257
2021-05-26,Sonoma,097,501317,30102,30230,336,30566,321
2021-05-26,Stanislaus,099,539301,56425,56193,5952,62145,974
2021-05-26,Sutter,101,95872,9521,9495,87,9582,112
2021-05-26,Tehama,103,63373,5092,5054,577,5631,63
2021-05-26,Trinity,105,12862,483,328,95,423,3
2021-05-26,Tulare,107,460477,50239,49352,9076,58428,839
2021-05-26,Tuolumne,109,53932,4016,4088,39,4127,66
2021-05-26,Ventura,111,848112,81407,80944,2997,83941,1023
2021-05-26,Yolo,113,214977,14027,14025,324,14349,213
2021-05-26,Yuba,115,75493,6071,6036,124,6160,49
2021-05-25,Alameda,001,1643700,88236,88237,1969,90206,1263
2021-05-25,Alpine,003,1148,87,88,0,88,0
2021-05-25,Amador,005,37829,3678,3676,33,3709,46
2021-05-25,Butte,007,227075,12550,12295,1826,14121,189
2021-05-25,Calaveras,009,45235,2165,2148,14,2162,55
2021-05-25,Colusa,011,21464,1947,1949,313,2262,15
2021-05-25,Contra Costa,013,1133247,69652,69167,1278,70445,809
2021-05-25,Del Norte,015,27424,1417,1385,12,1397,8
2021-05-25,El Dorado,017,186661,10301,10240,726,10966,112
2021-05-25,Fresno,019,978130,102816,102329,8728,111057,1701
2021-05-25,Glenn,021,27897,2434,2414,561,2975,17
2021-05-25,Humboldt,023,135768,4269,4231,36,4267,42
2021-05-25,Imperial,025,180216,28620,28586,2856,31442,735
2021-05-25,Inyo,027,18085,1403,1402,12,1414,36
2021-05-25,Kern,029,883053,97318,96319,10940,107259,1319
2021-05-25,Kings,031,150075,23176,22944,1094,24038,245
2021-05-25,Lake,033,64148,3527,3508,9,3517,44
2021-05-25,Lassen,035,31185,5215,5164,114,5278,6
2021-05-25,Los Angeles,037,10098052,1204674,1197940,41754,1239694,24212
2021-05-25,Madera,039,155013,16622,16519,937,17456,240
2021-05-25,Marin,041,260295,14094,14053,259,14312,227
2021-05-25,Mariposa,043,17540,430,427,11,438,5
2021-05-25,Mendocino,045,87422,3999,3928,81,4009,47
2021-05-25,Merced,047,269075,31072,31132,988,32120,455
2021-05-25,Modoc,049,8938,380,367,131,498,3
2021-05-25,Mono,051,14174,1260,1274,16,1290,3
2021-05-25,Monterey,053,433212,43213,43012,1881,44893,379
2021-05-25,Napa,055,140530,9909,9926,36,9962,82
2021-05-25,Nevada,057,99092,4830,4795,190,4985,70
2021-05-25,Orange,059,3164182,255417,254321,11372,265693,5057
2021-05-25,Placer,061,380077,23286,22920,1506,24426,292
2021-05-25,Plumas,063,18699,704,684,11,695,4
2021-05-25,Riverside,065,2383286,294211,288725,14053,302778,4443
2021-05-25,Sacramento,067,1510023,106218,105828,1782,107610,1633
2021-05-25,San Benito,069,59416,6064,6073,115,6188,63
2021-05-25,San Bernardino,071,2135413,293345,292485,8996,301481,4755
2021-05-25,San Diego,073,3302833,280695,279786,14952,294738,3753
2021-05-25,San Francisco,075,870044,36732,36939,1296,38235,546
2021-05-25,San Joaquin,077,732212,73164,72628,3577,76205,1387
2021-05-25,San Luis Obispo,079,281455,21427,21153,746,21899,256
2021-05-25,San Mateo,081,765935,42379,42268,474,42742,435
2021-05-25,Santa Barbara,083,443738,34499,34337,1199,35536,459
2021-05-25,Santa Clara,085,1922200,118633,119393,760,120153,2032
2021-05-25,Santa Cruz,087,273765,16227,16141,814,16955,207
2021-05-25,Shasta,089,179085,12341,12328,1582,13910,202
2021-05-25,Sierra,091,2930,56,54,12,66,0
2021-05-25,Siskiyou,093,43540,1927,1845,359,2204,18
2021-05-25,Solano,095,438530,32832,32817,555,33372,256
2021-05-25,Sonoma,097,501317,30073,30207,335,30542,321
2021-05-25,Stanislaus,099,539301,56389,56168,5950,62118,974
2021-05-25,Sutter,101,95872,9517,9495,87,9582,112
2021-05-25,Tehama,103,63373,5090,5048,576,5624,63
2021-05-25,Trinity,105,12862,483,328,94,422,3
2021-05-25,Tulare,107,460477,50229,49326,9068,58394,838
2021-05-25,Tuolumne,109,53932,4016,4084,39,4123,66
2021-05-25,Ventura,111,848112,81389,80905,2997,83902,1022
2021-05-25,Yolo,113,214977,14020,14018,322,14340,213
2021-05-25,Yuba,115,75493,6064,6028,124,6152,49
2021-05-24,Alameda,001,1643700,88194,88182,1968,90150,1263
2021-05-24,Alpine,003,1148,87,88,0,88,0
2021-05-24,Amador,005,37829,3676,3675,33,3708,46
2021-05-24,Butte,007,227075,12537,12279,1823,14102,189
2021-05-24,Calaveras,009,45235,2163,2146,14,2160,54
2021-05-24,Colusa,011,21464,1947,1949,313,2262,15
2021-05-24,Contra Costa,013,1133247,69611,69107,1274,70381,809
2021-05-24,Del Norte,015,27424,1416,1384,12,1396,8
2021-05-24,El Dorado,017,186661,10291,10227,725,10952,112
2021-05-24,Fresno,019,978130,102773,102289,8727,111016,1698
2021-05-24,Glenn,021,27897,2434,2413,561,2974,17
2021-05-24,Humboldt,023,135768,4262,4225,36,4261,42
2021-05-24,Imperial,025,180216,28618,28575,2855,31430,735
2021-05-24,Inyo,027,18085,1403,1402,12,1414,36
2021-05-24,Kern,029,883053,97291,96296,10935,107231,1319
2021-05-24,Kings,031,150075,23172,22940,1094,24034,246
2021-05-24,Lake,033,64148,3525,3506,9,3515,43
2021-05-24,Lassen,035,31185,5211,5163,114,5277,6
2021-05-24,Los Angeles,037,10098052,1204500,1197782,41739,1239521,24201
2021-05-24,Madera,039,155013,16619,16513,936,17449,239
2021-05-24,Marin,041,260295,14092,14051,259,14310,227
2021-05-24,Mariposa,043,17540,429,427,11,438,5
2021-05-24,Mendocino,045,87422,3997,3919,81,4000,47
2021-05-24,Merced,047,269075,31062,31128,987,32115,455
2021-05-24,Modoc,049,8938,380,366,130,496,3
2021-05-24,Mono,051,14174,1260,1270,16,1286,3
2021-05-24,Monterey,053,433212,43208,43005,1880,44885,379
2021-05-24,Napa,055,140530,9909,9924,36,9960,82
2021-05-24,Nevada,057,99092,4827,4790,190,4980,70
2021-05-24,Orange,059,3164182,255383,254287,11362,265649,5056
2021-05-24,Placer,061,380077,23267,22895,1505,24400,292
2021-05-24,Plumas,063,18699,703,683,11,694,4
2021-05-24,Riverside,065,2383286,294154,288669,14043,302712,4442
2021-05-24,Sacramento,067,1510023,106103,105716,1780,107496,1632
2021-05-24,San Benito,069,59416,6064,6072,115,6187,63
2021-05-24,San Bernardino,071,2135413,293305,292343,8995,301338,4747
2021-05-24,San Diego,073,3302833,280586,279715,14942,294657,3749
2021-05-24,San Francisco,075,870044,36712,36934,1294,38228,547
2021-05-24,San Joaquin,077,732212,73132,72586,3576,76162,1371
2021-05-24,San Luis Obispo,079,281455,21409,21146,745,21891,256
2021-05-24,San Mateo,081,765935,42369,42249,474,42723,433
2021-05-24,Santa Barbara,083,443738,34494,34322,1199,35521,459
2021-05-24,Santa Clara,085,1922200,118601,119358,760,120118,2030
2021-05-24,Santa Cruz,087,273765,16222,16135,814,16949,207
2021-05-24,Shasta,089,179085,12324,12315,1579,13894,201
2021-05-24,Sierra,091,2930,56,54,12,66,0
2021-05-24,Siskiyou,093,43540,1924,1840,359,2199,17
2021-05-24,Solano,095,438530,32807,32792,554,33346,254
2021-05-24,Sonoma,097,501317,30058,30187,335,30522,321
2021-05-24,Stanislaus,099,539301,56355,56128,5946,62074,974
2021-05-24,Sutter,101,95872,9511,9486,87,9573,113
2021-05-24,Tehama,103,63373,5087,5043,574,5617,63
2021-05-24,Trinity,105,12862,483,328,94,422,3
2021-05-24,Tulare,107,460477,50222,49318,9064,58382,838
2021-05-24,Tuolumne,109,53932,4016,4083,39,4122,65
2021-05-24,Ventura,111,848112,81376,80876,2995,83871,1022
2021-05-24,Yolo,113,214977,14003,14012,320,14332,213
2021-05-24,Yuba,115,75493,6055,6022,124,6146,49
2021-05-23,Alameda,001,1643700,88130,88157,1965,90122,1263
2021-05-23,Alpine,003,1148,87,88,0,88,0
2021-05-23,Amador,005,37829,3675,3673,33,3706,46
2021-05-23,Butte,007,227075,12523,12271,1822,14093,189
2021-05-23,Calaveras,009,45235,2155,2144,14,2158,54
2021-05-23,Colusa,011,21464,1947,1949,311,2260,15
2021-05-23,Contra Costa,013,1133247,69566,69075,1272,70347,809
2021-05-23,Del Norte,015,27424,1412,1383,12,1395,8
2021-05-23,El Dorado,017,186661,10285,10222,725,10947,112
2021-05-23,Fresno,019,978130,102727,102270,8722,110992,1698
2021-05-23,Glenn,021,27897,2432,2413,561,2974,17
2021-05-23,Humboldt,023,135768,4245,4216,36,4252,42
2021-05-23,Imperial,025,180216,28612,28569,2853,31422,735
2021-05-23,Inyo,027,18085,1403,1402,12,1414,36
2021-05-23,Kern,029,883053,97267,96282,10927,107209,1319
2021-05-23,Kings,031,150075,23159,22939,1092,24031,246
2021-05-23,Lake,033,64148,3522,3504,9,3513,43
2021-05-23,Lassen,035,31185,5207,5163,113,5276,6
2021-05-23,Los Angeles,037,10098052,1204312,1197633,41727,1239360,24197
2021-05-23,Madera,039,155013,16613,16504,936,17440,239
2021-05-23,Marin,041,260295,14083,14048,258,14306,227
2021-05-23,Mariposa,043,17540,429,427,11,438,5
2021-05-23,Mendocino,045,87422,3991,3913,80,3993,47
2021-05-23,Merced,047,269075,31052,31118,987,32105,455
2021-05-23,Modoc,049,8938,376,366,130,496,3
2021-05-23,Mono,051,14174,1259,1270,16,1286,3
2021-05-23,Monterey,053,433212,43198,43003,1880,44883,379
2021-05-23,Napa,055,140530,9905,9923,36,9959,82
2021-05-23,Nevada,057,99092,4817,4790,190,4980,70
2021-05-23,Orange,059,3164182,255345,254277,11356,265633,5050
2021-05-23,Placer,061,380077,23247,22888,1505,24393,292
2021-05-23,Plumas,063,18699,702,683,11,694,4
2021-05-23,Riverside,065,2383286,294086,288641,14039,302680,4442
2021-05-23,Sacramento,067,1510023,105987,105663,1777,107440,1632
2021-05-23,San Benito,069,59416,6063,6072,115,6187,63
2021-05-23,San Bernardino,071,2135413,293254,292327,8994,301321,4747
2021-05-23,San Diego,073,3302833,280496,279690,14931,294621,3751
2021-05-23,San Francisco,075,870044,36701,36927,1293,38220,547
2021-05-23,San Joaquin,077,732212,73083,72571,3573,76144,1371
2021-05-23,San Luis Obispo,079,281455,21399,21141,744,21885,256
2021-05-23,San Mateo,081,765935,42352,42248,474,42722,433
2021-05-23,Santa Barbara,083,443738,34487,34319,1199,35518,459
2021-05-23,Santa Clara,085,1922200,118577,119333,760,120093,2030
2021-05-23,Santa Cruz,087,273765,16219,16130,814,16944,207
2021-05-23,Shasta,089,179085,12307,12313,1575,13888,201
2021-05-23,Sierra,091,2930,56,54,12,66,0
2021-05-23,Siskiyou,093,43540,1919,1826,352,2178,17
2021-05-23,Solano,095,438530,32789,32780,553,33333,254
2021-05-23,Sonoma,097,501317,30029,30168,334,30502,321
2021-05-23,Stanislaus,099,539301,56307,56104,5943,62047,974
2021-05-23,Sutter,101,95872,9502,9479,87,9566,113
2021-05-23,Tehama,103,63373,5080,5041,572,5613,63
2021-05-23,Trinity,105,12862,483,328,94,422,3
2021-05-23,Tulare,107,460477,50208,49310,9060,58370,838
2021-05-23,Tuolumne,109,53932,4013,4081,39,4120,65
2021-05-23,Ventura,111,848112,81346,80872,2994,83866,1022
2021-05-23,Yolo,113,214977,13991,14004,317,14321,213
2021-05-23,Yuba,115,75493,6050,6017,124,6141,49
2021-05-22,Alameda,001,1643700,88104,88101,1965,90066,1263
2021-05-22,Alpine,003,1148,87,88,0,88,0
2021-05-22,Amador,005,37829,3674,3672,33,3705,46
2021-05-22,Butte,007,227075,12511,12265,1821,14086,189
2021-05-22,Calaveras,009,45235,2150,2141,14,2155,54
2021-05-22,Colusa,011,21464,1943,1949,310,2259,15
2021-05-22,Contra Costa,013,1133247,69533,69004,1271,70275,809
2021-05-22,Del Norte,015,27424,1411,1381,12,1393,8
2021-05-22,El Dorado,017,186661,10280,10215,725,10940,112
2021-05-22,Fresno,019,978130,102713,102238,8720,110958,1698
2021-05-22,Glenn,021,27897,2432,2412,561,2973,17
2021-05-22,Humboldt,023,135768,4236,4194,35,4229,42
2021-05-22,Imperial,025,180216,28603,28574,2852,31426,735
2021-05-22,Inyo,027,18085,1403,1402,12,1414,36
2021-05-22,Kern,029,883053,97255,96260,10920,107180,1319
2021-05-22,Kings,031,150075,23159,22936,1092,24028,246
2021-05-22,Lake,033,64148,3519,3502,9,3511,43
2021-05-22,Lassen,035,31185,5207,5163,113,5276,6
2021-05-22,Los Angeles,037,10098052,1204206,1197454,41718,1239172,24192
2021-05-22,Madera,039,155013,16610,16503,936,17439,239
2021-05-22,Marin,041,260295,14080,14043,258,14301,227
2021-05-22,Mariposa,043,17540,429,427,11,438,5
2021-05-22,Mendocino,045,87422,3985,3908,80,3988,47
2021-05-22,Merced,047,269075,31042,31099,987,32086,455
2021-05-22,Modoc,049,8938,376,366,130,496,3
2021-05-22,Mono,051,14174,1257,1270,16,1286,3
2021-05-22,Monterey,053,433212,43192,42998,1880,44878,379
2021-05-22,Napa,055,140530,9903,9918,36,9954,82
2021-05-22,Nevada,057,99092,4810,4787,189,4976,70
2021-05-22,Orange,059,3164182,255324,254238,11350,265588,5048
2021-05-22,Placer,061,380077,23233,22865,1504,24369,292
2021-05-22,Plumas,063,18699,701,683,11,694,4
2021-05-22,Riverside,065,2383286,294054,288580,14038,302618,4442
2021-05-22,Sacramento,067,1510023,105912,105551,1774,107325,1632
2021-05-22,San Benito,069,59416,6063,6071,115,6186,63
2021-05-22,San Bernardino,071,2135413,293229,292292,8994,301286,4747
2021-05-22,San Diego,073,3302833,280437,279614,14923,294537,3751
2021-05-22,San Francisco,075,870044,36691,36906,1291,38197,547
2021-05-22,San Joaquin,077,732212,73061,72528,3570,76098,1371
2021-05-22,San Luis Obispo,079,281455,21391,21134,743,21877,256
2021-05-22,San Mateo,081,765935,42342,42218,474,42692,433
2021-05-22,Santa Barbara,083,443738,34483,34313,1198,35511,459
2021-05-22,Santa Clara,085,1922200,118554,119292,760,120052,2030
2021-05-22,Santa Cruz,087,273765,16219,16125,814,16939,207
2021-05-22,Shasta,089,179085,12301,12307,1572,13879,201
2021-05-22,Sierra,091,2930,56,54,12,66,0
2021-05-22,Siskiyou,093,43540,1918,1824,351,2175,17
2021-05-22,Solano,095,438530,32776,32753,553,33306,254
2021-05-22,Sonoma,097,501317,30017,30154,334,30488,321
2021-05-22,Stanislaus,099,539301,56283,56069,5941,62010,974
2021-05-22,Sutter,101,95872,9497,9476,87,9563,113
2021-05-22,Tehama,103,63373,5079,5036,572,5608,63
2021-05-22,Trinity,105,12862,483,328,94,422,3
2021-05-22,Tulare,107,460477,50202,49299,9055,58354,838
2021-05-22,Tuolumne,109,53932,4013,4078,39,4117,65
2021-05-22,Ventura,111,848112,81342,80859,2994,83853,1022
2021-05-22,Yolo,113,214977,13989,13997,317,14314,213
2021-05-22,Yuba,115,75493,6047,6010,124,6134,49
2021-05-21,Alameda,001,1643700,88078,88041,1964,90005,1263
2021-05-21,Alpine,003,1148,87,88,0,88,0
2021-05-21,Amador,005,37829,3671,3672,33,3705,46
2021-05-21,Butte,007,227075,12504,12236,1819,14055,188
2021-05-21,Calaveras,009,45235,2148,2138,14,2152,54
2021-05-21,Colusa,011,21464,1943,1947,310,2257,15
2021-05-21,Contra Costa,013,1133247,69490,68965,1270,70235,810
2021-05-21,Del Norte,015,27424,1410,1376,12,1388,8
2021-05-21,El Dorado,017,186661,10276,10204,725,10929,112
2021-05-21,Fresno,019,978130,102685,102189,8718,110907,1698
2021-05-21,Glenn,021,27897,2431,2408,561,2969,17
2021-05-21,Humboldt,023,135768,4229,4175,35,4210,42
2021-05-21,Imperial,025,180216,28596,28572,2851,31423,732
2021-05-21,Inyo,027,18085,1403,1402,12,1414,36
2021-05-21,Kern,029,883053,97241,96233,10913,107146,1318
2021-05-21,Kings,031,150075,23159,22927,1092,24019,246
2021-05-21,Lake,033,64148,3517,3500,9,3509,43
2021-05-21,Lassen,035,31185,5206,5161,113,5274,6
2021-05-21,Los Angeles,037,10098052,1204095,1197263,41709,1238972,24180
2021-05-21,Madera,039,155013,16609,16500,935,17435,238
2021-05-21,Marin,041,260295,14075,14042,258,14300,227
2021-05-21,Mariposa,043,17540,428,427,11,438,5
2021-05-21,Mendocino,045,87422,3979,3897,80,3977,47
2021-05-21,Merced,047,269075,31034,31076,987,32063,455
2021-05-21,Modoc,049,8938,376,365,130,495,3
2021-05-21,Mono,051,14174,1257,1269,16,1285,3
2021-05-21,Monterey,053,433212,43190,42995,1880,44875,379
2021-05-21,Napa,055,140530,9899,9913,36,9949,82
2021-05-21,Nevada,057,99092,4809,4779,189,4968,70
2021-05-21,Orange,059,3164182,255305,254171,11348,265519,5042
2021-05-21,Placer,061,380077,23225,22853,1504,24357,292
2021-05-21,Plumas,063,18699,701,683,10,693,4
2021-05-21,Riverside,065,2383286,294027,288499,14031,302530,4442
2021-05-21,Sacramento,067,1510023,105845,105476,1771,107247,1632
2021-05-21,San Benito,069,59416,6063,6068,115,6183,63
2021-05-21,San Bernardino,071,2135413,293197,292205,8991,301196,4744
2021-05-21,San Diego,073,3302833,280366,279554,14913,294467,3748
2021-05-21,San Francisco,075,870044,36685,36879,1291,38170,546
2021-05-21,San Joaquin,077,732212,73041,72467,3568,76035,1371
2021-05-21,San Luis Obispo,079,281455,21385,21128,740,21868,256
2021-05-21,San Mateo,081,765935,42329,42163,473,42636,432
2021-05-21,Santa Barbara,083,443738,34478,34302,1198,35500,459
2021-05-21,Santa Clara,085,1922200,118527,119247,760,120007,2029
2021-05-21,Santa Cruz,087,273765,16215,16120,814,16934,207
2021-05-21,Shasta,089,179085,12284,12289,1570,13859,201
2021-05-21,Sierra,091,2930,56,54,12,66,0
2021-05-21,Siskiyou,093,43540,1917,1815,351,2166,16
2021-05-21,Solano,095,438530,32761,32742,553,33295,254
2021-05-21,Sonoma,097,501317,30004,30126,334,30460,321
2021-05-21,Stanislaus,099,539301,56254,56036,5939,61975,975
2021-05-21,Sutter,101,95872,9495,9470,87,9557,113
2021-05-21,Tehama,103,63373,5073,5030,572,5602,63
2021-05-21,Trinity,105,12862,483,329,93,422,3
2021-05-21,Tulare,107,460477,50197,49271,9053,58324,838
2021-05-21,Tuolumne,109,53932,4011,4079,39,4118,65
2021-05-21,Ventura,111,848112,81334,80821,2991,83812,1021
2021-05-21,Yolo,113,214977,13982,13983,317,14300,213
2021-05-21,Yuba,115,75493,6041,6006,124,6130,49
2021-05-20,Alameda,001,1643700,88034,87975,1963,89938,1264
2021-05-20,Alpine,003,1148,87,88,0,88,0
2021-05-20,Amador,005,37829,3670,3671,33,3704,46
2021-05-20,Butte,007,227075,12497,12220,1816,14036,188
2021-05-20,Calaveras,009,45235,2144,2138,14,2152,54
2021-05-20,Colusa,011,21464,1942,1946,308,2254,15
2021-05-20,Contra Costa,013,1133247,69445,68913,1268,70181,809
2021-05-20,Del Norte,015,27424,1410,1373,12,1385,8
2021-05-20,El Dorado,017,186661,10266,10188,725,10913,112
2021-05-20,Fresno,019,978130,102663,102135,8716,110851,1696
2021-05-20,Glenn,021,27897,2428,2406,561,2967,17
2021-05-20,Humboldt,023,135768,4212,4162,34,4196,42
2021-05-20,Imperial,025,180216,28591,28551,2851,31402,732
2021-05-20,Inyo,027,18085,1403,1402,12,1414,36
2021-05-20,Kern,029,883053,97220,96204,10906,107110,1317
2021-05-20,Kings,031,150075,23157,22922,1092,24014,246
2021-05-20,Lake,033,64148,3514,3500,9,3509,43
2021-05-20,Lassen,035,31185,5204,5160,112,5272,6
2021-05-20,Los Angeles,037,10098052,1203939,1197073,41700,1238773,24168
2021-05-20,Madera,039,155013,16603,16499,933,17432,238
2021-05-20,Marin,041,260295,14071,14036,257,14293,227
2021-05-20,Mariposa,043,17540,428,426,11,437,5
2021-05-20,Mendocino,045,87422,3972,3897,80,3977,47
2021-05-20,Merced,047,269075,31021,31046,986,32032,454
2021-05-20,Modoc,049,8938,376,365,130,495,3
2021-05-20,Mono,051,14174,1256,1269,16,1285,3
2021-05-20,Monterey,053,433212,43184,42984,1879,44863,379
2021-05-20,Napa,055,140530,9896,9913,36,9949,82
2021-05-20,Nevada,057,99092,4808,4775,189,4964,70
2021-05-20,Orange,059,3164182,255262,254127,11345,265472,5038
2021-05-20,Placer,061,380077,23212,22823,1503,24326,292
2021-05-20,Plumas,063,18699,699,682,10,692,4
2021-05-20,Riverside,065,2383286,293979,288453,14026,302479,4442
2021-05-20,Sacramento,067,1510023,105749,105414,1768,107182,1629
2021-05-20,San Benito,069,59416,6062,6067,115,6182,63
2021-05-20,San Bernardino,071,2135413,293151,292153,8990,301143,4728
2021-05-20,San Diego,073,3302833,280278,279490,14901,294391,3749
2021-05-20,San Francisco,075,870044,36676,36860,1291,38151,546
2021-05-20,San Joaquin,077,732212,73003,72388,3566,75954,1371
2021-05-20,San Luis Obispo,079,281455,21373,21095,738,21833,256
2021-05-20,San Mateo,081,765935,42315,42152,471,42623,432
2021-05-20,Santa Barbara,083,443738,34474,34293,1198,35491,459
2021-05-20,Santa Clara,085,1922200,118506,119222,760,119982,2029
2021-05-20,Santa Cruz,087,273765,16210,16119,814,16933,207
2021-05-20,Shasta,089,179085,12271,12266,1567,13833,200
2021-05-20,Sierra,091,2930,56,54,12,66,0
2021-05-20,Siskiyou,093,43540,1910,1811,350,2161,16
2021-05-20,Solano,095,438530,32746,32725,553,33278,253
2021-05-20,Sonoma,097,501317,29987,30107,333,30440,321
2021-05-20,Stanislaus,099,539301,56230,55979,5937,61916,970
2021-05-20,Sutter,101,95872,9491,9467,87,9554,113
2021-05-20,Tehama,103,63373,5071,5029,572,5601,63
2021-05-20,Trinity,105,12862,483,329,92,421,3
2021-05-20,Tulare,107,460477,50186,49217,9050,58267,837
2021-05-20,Tuolumne,109,53932,4010,4077,39,4116,65
2021-05-20,Ventura,111,848112,81323,80800,2991,83791,1019
2021-05-20,Yolo,113,214977,13977,13973,317,14290,211
2021-05-20,Yuba,115,75493,6032,6002,124,6126,49
2021-05-19,Alameda,001,1643700,87994,87889,1961,89850,1260
2021-05-19,Alpine,003,1148,87,88,0,88,0
2021-05-19,Amador,005,37829,3670,3669,33,3702,46
2021-05-19,Butte,007,227075,12487,12198,1816,14014,188
2021-05-19,Calaveras,009,45235,2140,2132,14,2146,54
2021-05-19,Colusa,011,21464,1942,1945,306,2251,15
2021-05-19,Contra Costa,013,1133247,69398,68836,1268,70104,808
2021-05-19,Del Norte,015,27424,1408,1371,12,1383,8
2021-05-19,El Dorado,017,186661,10261,10179,724,10903,112
2021-05-19,Fresno,019,978130,102633,102085,8713,110798,1693
2021-05-19,Glenn,021,27897,2428,2404,561,2965,17
2021-05-19,Humboldt,023,135768,4202,4143,34,4177,42
2021-05-19,Imperial,025,180216,28582,28550,2851,31401,732
2021-05-19,Inyo,027,18085,1403,1402,12,1414,36
2021-05-19,Kern,029,883053,97191,96173,10898,107071,1316
2021-05-19,Kings,031,150075,23151,22919,1092,24011,246
2021-05-19,Lake,033,64148,3514,3497,9,3506,43
2021-05-19,Lassen,035,31185,5203,5157,112,5269,6
2021-05-19,Los Angeles,037,10098052,1203746,1196856,41685,1238541,24143
2021-05-19,Madera,039,155013,16600,16496,933,17429,238
2021-05-19,Marin,041,260295,14067,14033,255,14288,227
2021-05-19,Mariposa,043,17540,428,425,11,436,5
2021-05-19,Mendocino,045,87422,3968,3886,80,3966,47
2021-05-19,Merced,047,269075,31005,31044,986,32030,452
2021-05-19,Modoc,049,8938,376,364,127,491,3
2021-05-19,Mono,051,14174,1256,1266,16,1282,3
2021-05-19,Monterey,053,433212,43179,42973,1878,44851,379
2021-05-19,Napa,055,140530,9893,9906,36,9942,82
2021-05-19,Nevada,057,99092,4806,4769,189,4958,70
2021-05-19,Orange,059,3164182,255225,254087,11335,265422,5035
2021-05-19,Placer,061,380077,23193,22784,1498,24282,291
2021-05-19,Plumas,063,18699,699,682,10,692,4
2021-05-19,Riverside,065,2383286,293932,288398,14024,302422,4442
2021-05-19,Sacramento,067,1510023,105671,105225,1767,106992,1629
2021-05-19,San Benito,069,59416,6061,6064,115,6179,63
2021-05-19,San Bernardino,071,2135413,293107,292078,8987,301065,4725
2021-05-19,San Diego,073,3302833,280194,279345,14880,294225,3746
2021-05-19,San Francisco,075,870044,36663,36835,1290,38125,546
2021-05-19,San Joaquin,077,732212,72960,72338,3561,75899,1369
2021-05-19,San Luis Obispo,079,281455,21365,21085,737,21822,256
2021-05-19,San Mateo,081,765935,42308,42126,471,42597,429
2021-05-19,Santa Barbara,083,443738,34466,34292,1198,35490,459
2021-05-19,Santa Clara,085,1922200,118466,119176,759,119935,2015
2021-05-19,Santa Cruz,087,273765,16206,16121,813,16934,207
2021-05-19,Shasta,089,179085,12253,12233,1563,13796,200
2021-05-19,Sierra,091,2930,56,54,12,66,0
2021-05-19,Siskiyou,093,43540,1907,1803,349,2152,16
2021-05-19,Solano,095,438530,32719,32678,551,33229,253
2021-05-19,Sonoma,097,501317,29972,30080,333,30413,321
2021-05-19,Stanislaus,099,539301,56212,55912,5932,61844,967
2021-05-19,Sutter,101,95872,9484,9459,86,9545,113
2021-05-19,Tehama,103,63373,5062,5026,569,5595,63
2021-05-19,Trinity,105,12862,483,329,92,421,3
2021-05-19,Tulare,107,460477,50173,49163,9045,58208,837
2021-05-19,Tuolumne,109,53932,4010,4074,39,4113,64
2021-05-19,Ventura,111,848112,81307,80747,2990,83737,1019
2021-05-19,Yolo,113,214977,13971,13961,316,14277,211
2021-05-19,Yuba,115,75493,6028,5993,124,6117,49
2021-05-18,Alameda,001,1643700,87920,87816,1961,89777,1254
2021-05-18,Alpine,003,1148,87,88,0,88,0
2021-05-18,Amador,005,37829,3670,3669,33,3702,46
2021-05-18,Butte,007,227075,12474,12164,1814,13978,191
2021-05-18,Calaveras,009,45235,2136,2131,14,2145,54
2021-05-18,Colusa,011,21464,1942,1943,306,2249,14
2021-05-18,Contra Costa,013,1133247,69341,68750,1267,70017,808
2021-05-18,Del Norte,015,27424,1405,1371,12,1383,8
2021-05-18,El Dorado,017,186661,10250,10169,723,10892,112
2021-05-18,Fresno,019,978130,102597,102056,8710,110766,1690
2021-05-18,Glenn,021,27897,2422,2403,560,2963,17
2021-05-18,Humboldt,023,135768,4184,4132,34,4166,42
2021-05-18,Imperial,025,180216,28576,28538,2849,31387,730
2021-05-18,Inyo,027,18085,1403,1401,12,1413,36
2021-05-18,Kern,029,883053,97157,96128,10884,107012,1315
2021-05-18,Kings,031,150075,23145,22916,1092,24008,247
2021-05-18,Lake,033,64148,3512,3495,9,3504,43
2021-05-18,Lassen,035,31185,5202,5157,111,5268,6
2021-05-18,Los Angeles,037,10098052,1203568,1196668,41673,1238341,24133
2021-05-18,Madera,039,155013,16590,16491,932,17423,238
2021-05-18,Marin,041,260295,14064,14026,255,14281,227
2021-05-18,Mariposa,043,17540,428,424,11,435,5
2021-05-18,Mendocino,045,87422,3957,3877,79,3956,47
2021-05-18,Merced,047,269075,30986,31036,986,32022,452
2021-05-18,Modoc,049,8938,375,364,126,490,3
2021-05-18,Mono,051,14174,1255,1265,16,1281,3
2021-05-18,Monterey,053,433212,43173,43001,1878,44879,379
2021-05-18,Napa,055,140530,9893,9905,36,9941,82
2021-05-18,Nevada,057,99092,4799,4762,189,4951,70
2021-05-18,Orange,059,3164182,255184,254041,11325,265366,5031
2021-05-18,Placer,061,380077,23160,22726,1494,24220,291
2021-05-18,Plumas,063,18699,699,682,10,692,4
2021-05-18,Riverside,065,2383286,293877,288354,14017,302371,4438
2021-05-18,Sacramento,067,1510023,105569,105083,1765,106848,1629
2021-05-18,San Benito,069,59416,6060,6065,115,6180,63
2021-05-18,San Bernardino,071,2135413,293049,292014,8982,300996,4722
2021-05-18,San Diego,073,3302833,280086,279254,14871,294125,3742
2021-05-18,San Francisco,075,870044,36643,36818,1290,38108,546
2021-05-18,San Joaquin,077,732212,72913,72282,3557,75839,1368
2021-05-18,San Luis Obispo,079,281455,21355,21080,735,21815,256
2021-05-18,San Mateo,081,765935,42296,42099,470,42569,428
2021-05-18,Santa Barbara,083,443738,34457,34278,1198,35476,459
2021-05-18,Santa Clara,085,1922200,118439,119171,759,119930,2014
2021-05-18,Santa Cruz,087,273765,16198,16137,813,16950,207
2021-05-18,Shasta,089,179085,12235,12197,1557,13754,200
2021-05-18,Sierra,091,2930,56,54,12,66,0
2021-05-18,Siskiyou,093,43540,1906,1799,349,2148,16
2021-05-18,Solano,095,438530,32694,32644,551,33195,253
2021-05-18,Sonoma,097,501317,29952,30054,332,30386,321
2021-05-18,Stanislaus,099,539301,56176,55860,5932,61792,959
2021-05-18,Sutter,101,95872,9476,9453,86,9539,113
2021-05-18,Tehama,103,63373,5055,5020,566,5586,63
2021-05-18,Trinity,105,12862,483,329,91,420,3
2021-05-18,Tulare,107,460477,50165,49142,9040,58182,836
2021-05-18,Tuolumne,109,53932,4008,4073,39,4112,64
2021-05-18,Ventura,111,848112,81291,80726,2987,83713,1017
2021-05-18,Yolo,113,214977,13964,13951,315,14266,211
2021-05-18,Yuba,115,75493,6024,5989,123,6112,49
2021-05-17,Alameda,001,1643700,87866,87766,1958,89724,1253
2021-05-17,Alpine,003,1148,87,88,0,88,0
2021-05-17,Amador,005,37829,3667,3668,33,3701,46
2021-05-17,Butte,007,227075,12466,12144,1814,13958,192
2021-05-17,Calaveras,009,45235,2136,2131,14,2145,53
2021-05-17,Colusa,011,21464,1942,1943,306,2249,14
2021-05-17,Contra Costa,013,1133247,69286,68720,1266,69986,805
2021-05-17,Del Norte,015,27424,1400,1369,12,1381,8
2021-05-17,El Dorado,017,186661,10233,10163,723,10886,112
2021-05-17,Fresno,019,978130,102553,102013,8702,110715,1690
2021-05-17,Glenn,021,27897,2422,2401,560,2961,17
2021-05-17,Humboldt,023,135768,4173,4112,34,4146,42
2021-05-17,Imperial,025,180216,28570,28533,2846,31379,729
2021-05-17,Inyo,027,18085,1403,1401,12,1413,36
2021-05-17,Kern,029,883053,97128,96095,10867,106962,1315
2021-05-17,Kings,031,150075,23142,22918,1092,24010,246
2021-05-17,Lake,033,64148,3507,3489,9,3498,43
2021-05-17,Lassen,035,31185,5199,5156,110,5266,6
2021-05-17,Los Angeles,037,10098052,1203393,1196556,41667,1238223,24123
2021-05-17,Madera,039,155013,16583,16486,932,17418,238
2021-05-17,Marin,041,260295,14058,14021,255,14276,227
2021-05-17,Mariposa,043,17540,427,423,11,434,5
2021-05-17,Mendocino,045,87422,3948,3868,79,3947,46
2021-05-17,Merced,047,269075,30971,31031,986,32017,450
2021-05-17,Modoc,049,8938,374,362,126,488,3
2021-05-17,Mono,051,14174,1251,1265,16,1281,3
2021-05-17,Monterey,053,433212,43166,42995,1878,44873,379
2021-05-17,Napa,055,140530,9892,9894,36,9930,82
2021-05-17,Nevada,057,99092,4795,4761,188,4949,70
2021-05-17,Orange,059,3164182,255137,253993,11318,265311,5031
2021-05-17,Placer,061,380077,23134,22706,1487,24193,289
2021-05-17,Plumas,063,18699,699,682,10,692,4
2021-05-17,Riverside,065,2383286,293808,288304,14013,302317,4433
2021-05-17,Sacramento,067,1510023,105461,105035,1762,106797,1629
2021-05-17,San Benito,069,59416,6057,6067,115,6182,63
2021-05-17,San Bernardino,071,2135413,293000,291989,8974,300963,4724
2021-05-17,San Diego,073,3302833,279954,279146,14849,293995,3742
2021-05-17,San Francisco,075,870044,36631,36816,1288,38104,546
2021-05-17,San Joaquin,077,732212,72875,72234,3554,75788,1359
2021-05-17,San Luis Obispo,079,281455,21346,21079,733,21812,256
2021-05-17,San Mateo,081,765935,42268,42083,470,42553,428
2021-05-17,Santa Barbara,083,443738,34450,34275,1198,35473,459
2021-05-17,Santa Clara,085,1922200,118402,119116,757,119873,2015
2021-05-17,Santa Cruz,087,273765,16195,16151,813,16964,206
2021-05-17,Shasta,089,179085,12213,12163,1556,13719,200
2021-05-17,Sierra,091,2930,56,54,12,66,0
2021-05-17,Siskiyou,093,43540,1897,1795,346,2141,15
2021-05-17,Solano,095,438530,32676,32627,550,33177,253
2021-05-17,Sonoma,097,501317,29929,30043,331,30374,321
2021-05-17,Stanislaus,099,539301,56131,55839,5925,61764,951
2021-05-17,Sutter,101,95872,9469,9447,86,9533,113
2021-05-17,Tehama,103,63373,5051,5016,565,5581,63
2021-05-17,Trinity,105,12862,483,328,91,419,3
2021-05-17,Tulare,107,460477,50143,49107,9033,58140,836
2021-05-17,Tuolumne,109,53932,4008,4071,39,4110,64
2021-05-17,Ventura,111,848112,81271,80699,2987,83686,1017
2021-05-17,Yolo,113,214977,13957,13941,315,14256,211
2021-05-17,Yuba,115,75493,6016,5987,123,6110,49
2021-05-16,Alameda,001,1643700,87802,87743,1958,89701,1253
2021-05-16,Alpine,003,1148,87,88,0,88,0
2021-05-16,Amador,005,37829,3666,3667,33,3700,46
2021-05-16,Butte,007,227075,12452,12140,1814,13954,192
2021-05-16,Calaveras,009,45235,2134,2129,14,2143,53
2021-05-16,Colusa,011,21464,1940,1943,306,2249,14
2021-05-16,Contra Costa,013,1133247,69218,68694,1263,69957,805
2021-05-16,Del Norte,015,27424,1397,1365,12,1377,8
2021-05-16,El Dorado,017,186661,10217,10159,722,10881,112
2021-05-16,Fresno,019,978130,102509,101987,8696,110683,1690
2021-05-16,Glenn,021,27897,2422,2401,559,2960,17
2021-05-16,Humboldt,023,135768,4158,4104,34,4138,42
2021-05-16,Imperial,025,180216,28559,28516,2844,31360,729
2021-05-16,Inyo,027,18085,1403,1401,12,1413,36
2021-05-16,Kern,029,883053,97095,96083,10847,106930,1315
2021-05-16,Kings,031,150075,23138,22918,1089,24007,246
2021-05-16,Lake,033,64148,3504,3489,9,3498,43
2021-05-16,Lassen,035,31185,5198,5156,110,5266,6
2021-05-16,Los Angeles,037,10098052,1203170,1196397,41651,1238048,24120
2021-05-16,Madera,039,155013,16578,16483,929,17412,238
2021-05-16,Marin,041,260295,14055,14015,255,14270,227
2021-05-16,Mariposa,043,17540,427,423,11,434,5
2021-05-16,Mendocino,045,87422,3938,3863,79,3942,46
2021-05-16,Merced,047,269075,30950,31023,984,32007,450
2021-05-16,Modoc,049,8938,374,362,126,488,3
2021-05-16,Mono,051,14174,1251,1265,16,1281,3
2021-05-16,Monterey,053,433212,43161,42991,1878,44869,379
2021-05-16,Napa,055,140530,9889,9891,36,9927,82
2021-05-16,Nevada,057,99092,4791,4755,188,4943,70
2021-05-16,Orange,059,3164182,255105,253962,11315,265277,5031
2021-05-16,Placer,061,380077,23102,22696,1481,24177,289
2021-05-16,Plumas,063,18699,698,682,10,692,4
2021-05-16,Riverside,065,2383286,293732,288259,14005,302264,4433
2021-05-16,Sacramento,067,1510023,105347,105013,1760,106773,1628
2021-05-16,San Benito,069,59416,6056,6067,114,6181,63
2021-05-16,San Bernardino,071,2135413,292928,291940,8972,300912,4724
2021-05-16,San Diego,073,3302833,279836,279099,14836,293935,3742
2021-05-16,San Francisco,075,870044,36609,36808,1287,38095,546
2021-05-16,San Joaquin,077,732212,72827,72218,3549,75767,1359
2021-05-16,San Luis Obispo,079,281455,21338,21072,731,21803,256
2021-05-16,San Mateo,081,765935,42257,42063,469,42532,428
2021-05-16,Santa Barbara,083,443738,34443,34270,1198,35468,459
2021-05-16,Santa Clara,085,1922200,118373,119098,756,119854,2015
2021-05-16,Santa Cruz,087,273765,16193,16143,813,16956,206
2021-05-16,Shasta,089,179085,12197,12156,1552,13708,200
2021-05-16,Sierra,091,2930,56,54,12,66,0
2021-05-16,Siskiyou,093,43540,1893,1790,345,2135,15
2021-05-16,Solano,095,438530,32643,32619,548,33167,253
2021-05-16,Sonoma,097,501317,29910,30033,331,30364,321
2021-05-16,Stanislaus,099,539301,56082,55814,5913,61727,951
2021-05-16,Sutter,101,95872,9462,9445,86,9531,113
2021-05-16,Tehama,103,63373,5047,5013,564,5577,63
2021-05-16,Trinity,105,12862,483,328,91,419,3
2021-05-16,Tulare,107,460477,50126,49091,9030,58121,837
2021-05-16,Tuolumne,109,53932,4004,4070,39,4109,64
2021-05-16,Ventura,111,848112,81240,80689,2987,83676,1017
2021-05-16,Yolo,113,214977,13942,13938,315,14253,211
2021-05-16,Yuba,115,75493,6013,5987,123,6110,49
2021-05-15,Alameda,001,1643700,87776,87677,1957,89634,1252
2021-05-15,Alpine,003,1148,87,88,0,88,0
2021-05-15,Amador,005,37829,3666,3666,33,3699,46
2021-05-15,Butte,007,227075,12445,12095,1813,13908,192
2021-05-15,Calaveras,009,45235,2133,2126,14,2140,53
2021-05-15,Colusa,011,21464,1940,1941,304,2245,14
2021-05-15,Contra Costa,013,1133247,69172,68658,1263,69921,805
2021-05-15,Del Norte,015,27424,1392,1359,12,1371,8
2021-05-15,El Dorado,017,186661,10205,10156,721,10877,112
2021-05-15,Fresno,019,978130,102472,101957,8693,110650,1690
2021-05-15,Glenn,021,27897,2422,2400,559,2959,17
2021-05-15,Humboldt,023,135768,4148,4080,34,4114,42
2021-05-15,Imperial,025,180216,28556,28504,2843,31347,729
2021-05-15,Inyo,027,18085,1403,1402,12,1414,36
2021-05-15,Kern,029,883053,97081,96061,10832,106893,1315
2021-05-15,Kings,031,150075,23137,22913,1089,24002,246
2021-05-15,Lake,033,64148,3503,3485,9,3494,43
2021-05-15,Lassen,035,31185,5195,5156,109,5265,6
2021-05-15,Los Angeles,037,10098052,1203046,1196255,41638,1237893,24115
2021-05-15,Madera,039,155013,16575,16482,929,17411,238
2021-05-15,Marin,041,260295,14051,14012,255,14267,227
2021-05-15,Mariposa,043,17540,427,423,11,434,5
2021-05-15,Mendocino,045,87422,3935,3861,79,3940,46
2021-05-15,Merced,047,269075,30929,31012,984,31996,450
2021-05-15,Modoc,049,8938,374,362,126,488,3
2021-05-15,Mono,051,14174,1251,1265,16,1281,3
2021-05-15,Monterey,053,433212,43157,42982,1878,44860,379
2021-05-15,Napa,055,140530,9886,9887,36,9923,82
2021-05-15,Nevada,057,99092,4790,4755,188,4943,70
2021-05-15,Orange,059,3164182,255078,253919,11308,265227,5030
2021-05-15,Placer,061,380077,23081,22688,1481,24169,289
2021-05-15,Plumas,063,18699,698,681,10,691,4
2021-05-15,Riverside,065,2383286,293690,288203,14000,302203,4433
2021-05-15,Sacramento,067,1510023,105275,104929,1757,106686,1628
2021-05-15,San Benito,069,59416,6056,6066,114,6180,63
2021-05-15,San Bernardino,071,2135413,292886,291892,8970,300862,4724
2021-05-15,San Diego,073,3302833,279765,278991,14821,293812,3737
2021-05-15,San Francisco,075,870044,36593,36795,1285,38080,546
2021-05-15,San Joaquin,077,732212,72801,72197,3547,75744,1359
2021-05-15,San Luis Obispo,079,281455,21335,21061,730,21791,256
2021-05-15,San Mateo,081,765935,42241,42059,469,42528,428
2021-05-15,Santa Barbara,083,443738,34435,34259,1198,35457,459
2021-05-15,Santa Clara,085,1922200,118352,119060,756,119816,2016
2021-05-15,Santa Cruz,087,273765,16189,16137,813,16950,206
2021-05-15,Shasta,089,179085,12185,12152,1549,13701,200
2021-05-15,Sierra,091,2930,56,54,12,66,0
2021-05-15,Siskiyou,093,43540,1887,1788,343,2131,15
2021-05-15,Solano,095,438530,32634,32604,547,33151,253
2021-05-15,Sonoma,097,501317,29891,30020,331,30351,321
2021-05-15,Stanislaus,099,539301,56053,55795,5906,61701,952
2021-05-15,Sutter,101,95872,9460,9436,86,9522,113
2021-05-15,Tehama,103,63373,5043,5012,563,5575,63
2021-05-15,Trinity,105,12862,483,328,91,419,3
2021-05-15,Tulare,107,460477,50116,49080,9026,58106,837
2021-05-15,Tuolumne,109,53932,4002,4064,39,4103,63
2021-05-15,Ventura,111,848112,81229,80662,2987,83649,1017
2021-05-15,Yolo,113,214977,13935,13932,314,14246,211
2021-05-15,Yuba,115,75493,6010,5979,122,6101,49
2021-05-14,Alameda,001,1643700,87742,87621,1954,89575,1249
2021-05-14,Alpine,003,1148,87,88,0,88,0
2021-05-14,Amador,005,37829,3666,3665,33,3698,46
2021-05-14,Butte,007,227075,12436,12076,1810,13886,192
2021-05-14,Calaveras,009,45235,2129,2121,14,2135,53
2021-05-14,Colusa,011,21464,1939,1940,303,2243,14
2021-05-14,Contra Costa,013,1133247,69130,68589,1261,69850,806
2021-05-14,Del Norte,015,27424,1392,1355,12,1367,8
2021-05-14,El Dorado,017,186661,10198,10143,720,10863,113
2021-05-14,Fresno,019,978130,102443,101917,8687,110604,1688
2021-05-14,Glenn,021,27897,2421,2398,559,2957,17
2021-05-14,Humboldt,023,135768,4140,4050,34,4084,37
2021-05-14,Imperial,025,180216,28549,28485,2842,31327,728
2021-05-14,Inyo,027,18085,1403,1400,12,1412,36
2021-05-14,Kern,029,883053,97051,96033,10823,106856,1311
2021-05-14,Kings,031,150075,23136,22910,1089,23999,246
2021-05-14,Lake,033,64148,3499,3483,9,3492,43
2021-05-14,Lassen,035,31185,5195,5154,109,5263,6
2021-05-14,Los Angeles,037,10098052,1202912,1196038,41633,1237671,24101
2021-05-14,Madera,039,155013,16572,16474,929,17403,238
2021-05-14,Marin,041,260295,14047,14010,255,14265,227
2021-05-14,Mariposa,043,17540,427,422,11,433,5
2021-05-14,Mendocino,045,87422,3933,3855,79,3934,46
2021-05-14,Merced,047,269075,30919,31010,984,31994,450
2021-05-14,Modoc,049,8938,374,362,126,488,3
2021-05-14,Mono,051,14174,1250,1265,16,1281,3
2021-05-14,Monterey,053,433212,43152,42973,1878,44851,380
2021-05-14,Napa,055,140530,9883,9883,36,9919,82
2021-05-14,Nevada,057,99092,4785,4745,188,4933,70
2021-05-14,Orange,059,3164182,255044,253855,11301,265156,5028
2021-05-14,Placer,061,380077,23062,22660,1475,24135,287
2021-05-14,Plumas,063,18699,697,680,10,690,4
2021-05-14,Riverside,065,2383286,293640,288140,13997,302137,4433
2021-05-14,Sacramento,067,1510023,105186,104828,1756,106584,1627
2021-05-14,San Benito,069,59416,6056,6064,114,6178,63
2021-05-14,San Bernardino,071,2135413,292838,291834,8970,300804,4721
2021-05-14,San Diego,073,3302833,279692,278853,14810,293663,3732
2021-05-14,San Francisco,075,870044,36584,36771,1281,38052,545
2021-05-14,San Joaquin,077,732212,72769,72160,3540,75700,1359
2021-05-14,San Luis Obispo,079,281455,21331,21051,730,21781,256
2021-05-14,San Mateo,081,765935,42230,42041,469,42510,428
2021-05-14,Santa Barbara,083,443738,34425,34243,1198,35441,456
2021-05-14,Santa Clara,085,1922200,118323,119006,756,119762,2014
2021-05-14,Santa Cruz,087,273765,16184,16130,813,16943,207
2021-05-14,Shasta,089,179085,12179,12130,1544,13674,200
2021-05-14,Sierra,091,2930,56,54,12,66,0
2021-05-14,Siskiyou,093,43540,1880,1779,342,2121,14
2021-05-14,Solano,095,438530,32614,32585,546,33131,252
2021-05-14,Sonoma,097,501317,29873,30007,331,30338,321
2021-05-14,Stanislaus,099,539301,56020,55752,5900,61652,950
2021-05-14,Sutter,101,95872,9451,9433,84,9517,113
2021-05-14,Tehama,103,63373,5036,5005,563,5568,63
2021-05-14,Trinity,105,12862,483,328,91,419,3
2021-05-14,Tulare,107,460477,50099,49060,9021,58081,836
2021-05-14,Tuolumne,109,53932,4002,4060,39,4099,63
2021-05-14,Ventura,111,848112,81215,80628,2987,83615,1014
2021-05-14,Yolo,113,214977,13930,13922,310,14232,210
2021-05-14,Yuba,115,75493,6006,5970,122,6092,47
2021-05-13,Alameda,001,1643700,87697,87557,1953,89510,1250
2021-05-13,Alpine,003,1148,87,88,0,88,0
2021-05-13,Amador,005,37829,3666,3662,33,3695,46
2021-05-13,Butte,007,227075,12423,12051,1809,13860,196
2021-05-13,Calaveras,009,45235,2129,2120,14,2134,53
2021-05-13,Colusa,011,21464,1938,1939,299,2238,14
2021-05-13,Contra Costa,013,1133247,69082,68522,1260,69782,806
2021-05-13,Del Norte,015,27424,1390,1354,12,1366,8
2021-05-13,El Dorado,017,186661,10196,10133,720,10853,112
2021-05-13,Fresno,019,978130,102414,101862,8686,110548,1687
2021-05-13,Glenn,021,27897,2420,2395,559,2954,17
2021-05-13,Humboldt,023,135768,4122,4027,34,4061,37
2021-05-13,Imperial,025,180216,28534,28468,2839,31307,729
2021-05-13,Inyo,027,18085,1403,1400,12,1412,36
2021-05-13,Kern,029,883053,97027,95996,10805,106801,1311
2021-05-13,Kings,031,150075,23135,22904,1089,23993,246
2021-05-13,Lake,033,64148,3497,3479,9,3488,43
2021-05-13,Lassen,035,31185,5195,5152,108,5260,6
2021-05-13,Los Angeles,037,10098052,1202723,1195504,41620,1237124,24083
2021-05-13,Madera,039,155013,16564,16467,929,17396,238
2021-05-13,Marin,041,260295,14042,14004,253,14257,227
2021-05-13,Mariposa,043,17540,427,422,11,433,5
2021-05-13,Mendocino,045,87422,3929,3846,79,3925,46
2021-05-13,Merced,047,269075,30911,30989,984,31973,450
2021-05-13,Modoc,049,8938,374,362,126,488,3
2021-05-13,Mono,051,14174,1250,1265,16,1281,3
2021-05-13,Monterey,053,433212,43137,42966,1878,44844,380
2021-05-13,Napa,055,140530,9876,9877,36,9913,82
2021-05-13,Nevada,057,99092,4781,4743,187,4930,70
2021-05-13,Orange,059,3164182,254999,253778,11299,265077,5026
2021-05-13,Placer,061,380077,23038,22668,1468,24136,288
2021-05-13,Plumas,063,18699,697,680,10,690,4
2021-05-13,Riverside,065,2383286,293574,288067,13992,302059,4433
2021-05-13,Sacramento,067,1510023,105099,104711,1754,106465,1626
2021-05-13,San Benito,069,59416,6054,6062,114,6176,63
2021-05-13,San Bernardino,071,2135413,292772,291765,8970,300735,4722
2021-05-13,San Diego,073,3302833,279578,278592,14793,293385,3729
2021-05-13,San Francisco,075,870044,36560,36741,1279,38020,544
2021-05-13,San Joaquin,077,732212,72726,72096,3536,75632,1357
2021-05-13,San Luis Obispo,079,281455,21316,21043,729,21772,255
2021-05-13,San Mateo,081,765935,42213,42059,469,42528,426
2021-05-13,Santa Barbara,083,443738,34413,34242,1198,35440,456
2021-05-13,Santa Clara,085,1922200,118296,118952,756,119708,2013
2021-05-13,Santa Cruz,087,273765,16178,16129,813,16942,208
2021-05-13,Shasta,089,179085,12159,12111,1540,13651,200
2021-05-13,Sierra,091,2930,56,54,12,66,0
2021-05-13,Siskiyou,093,43540,1873,1769,339,2108,14
2021-05-13,Solano,095,438530,32601,32548,544,33092,252
2021-05-13,Sonoma,097,501317,29848,29991,331,30322,321
2021-05-13,Stanislaus,099,539301,55983,55678,5894,61572,949
2021-05-13,Sutter,101,95872,9446,9431,83,9514,112
2021-05-13,Tehama,103,63373,5031,4997,563,5560,63
2021-05-13,Trinity,105,12862,482,327,90,417,3
2021-05-13,Tulare,107,460477,50073,49032,9013,58045,837
2021-05-13,Tuolumne,109,53932,4001,4059,39,4098,63
2021-05-13,Ventura,111,848112,81185,80615,2986,83601,1012
2021-05-13,Yolo,113,214977,13921,13914,308,14222,210
2021-05-13,Yuba,115,75493,5997,5962,122,6084,47
2021-05-12,Alameda,001,1643700,87664,87482,1951,89433,1261
2021-05-12,Alpine,003,1148,87,88,0,88,0
2021-05-12,Amador,005,37829,3666,3658,33,3691,46
2021-05-12,Butte,007,227075,12413,12026,1809,13835,199
2021-05-12,Calaveras,009,45235,2126,2119,14,2133,53
2021-05-12,Colusa,011,21464,1936,1939,298,2237,14
2021-05-12,Contra Costa,013,1133247,69024,68462,1254,69716,805
2021-05-12,Del Norte,015,27424,1388,1352,12,1364,8
2021-05-12,El Dorado,017,186661,10187,10123,720,10843,112
2021-05-12,Fresno,019,978130,102365,101838,8675,110513,1688
2021-05-12,Glenn,021,27897,2417,2391,559,2950,17
2021-05-12,Humboldt,023,135768,4094,3982,34,4016,37
2021-05-12,Imperial,025,180216,28516,28443,2835,31278,726
2021-05-12,Inyo,027,18085,1403,1400,12,1412,36
2021-05-12,Kern,029,883053,96991,95955,10798,106753,1310
2021-05-12,Kings,031,150075,23133,22896,1089,23985,246
2021-05-12,Lake,033,64148,3495,3476,9,3485,43
2021-05-12,Lassen,035,31185,5193,5151,108,5259,6
2021-05-12,Los Angeles,037,10098052,1202541,1195318,41604,1236922,24067
2021-05-12,Madera,039,155013,16557,16462,928,17390,238
2021-05-12,Marin,041,260295,14037,13997,253,14250,227
2021-05-12,Mariposa,043,17540,427,422,11,433,5
2021-05-12,Mendocino,045,87422,3919,3836,79,3915,46
2021-05-12,Merced,047,269075,30895,30941,984,31925,450
2021-05-12,Modoc,049,8938,373,362,126,488,3
2021-05-12,Mono,051,14174,1250,1265,16,1281,3
2021-05-12,Monterey,053,433212,43125,42950,1877,44827,380
2021-05-12,Napa,055,140530,9870,9870,36,9906,82
2021-05-12,Nevada,057,99092,4777,4738,187,4925,70
2021-05-12,Orange,059,3164182,254948,253587,11296,264883,5024
2021-05-12,Placer,061,380077,23020,22652,1461,24113,288
2021-05-12,Plumas,063,18699,697,681,10,691,4
2021-05-12,Riverside,065,2383286,293504,287830,13988,301818,4431
2021-05-12,Sacramento,067,1510023,105003,104592,1753,106345,1621
2021-05-12,San Benito,069,59416,6054,6062,114,6176,63
2021-05-12,San Bernardino,071,2135413,292724,291505,8965,300470,4715
2021-05-12,San Diego,073,3302833,279474,278402,14772,293174,3729
2021-05-12,San Francisco,075,870044,36541,36720,1278,37998,544
2021-05-12,San Joaquin,077,732212,72672,72043,3532,75575,1356
2021-05-12,San Luis Obispo,079,281455,21306,21021,729,21750,255
2021-05-12,San Mateo,081,765935,42204,42038,467,42505,426
2021-05-12,Santa Barbara,083,443738,34406,34218,1198,35416,456
2021-05-12,Santa Clara,085,1922200,118253,118897,756,119653,2005
2021-05-12,Santa Cruz,087,273765,16172,16123,813,16936,207
2021-05-12,Shasta,089,179085,12139,12092,1538,13630,200
2021-05-12,Sierra,091,2930,56,54,12,66,0
2021-05-12,Siskiyou,093,43540,1869,1760,338,2098,13
2021-05-12,Solano,095,438530,32577,32519,544,33063,252
2021-05-12,Sonoma,097,501317,29836,29976,331,30307,320
2021-05-12,Stanislaus,099,539301,55943,55632,5887,61519,919
2021-05-12,Sutter,101,95872,9443,9427,83,9510,112
2021-05-12,Tehama,103,63373,5026,4989,563,5552,62
2021-05-12,Trinity,105,12862,482,327,90,417,3
2021-05-12,Tulare,107,460477,50057,49001,9005,58006,838
2021-05-12,Tuolumne,109,53932,4000,4056,39,4095,63
2021-05-12,Ventura,111,848112,81166,80577,2986,83563,1010
2021-05-12,Yolo,113,214977,13914,13910,307,14217,210
2021-05-12,Yuba,115,75493,5994,5956,122,6078,47
2021-05-11,Alameda,001,1643700,87600,87413,1947,89360,1290
2021-05-11,Alpine,003,1148,87,88,0,88,0
2021-05-11,Amador,005,37829,3664,3657,33,3690,46
2021-05-11,Butte,007,227075,12398,12008,1806,13814,199
2021-05-11,Calaveras,009,45235,2126,2118,14,2132,52
2021-05-11,Colusa,011,21464,1935,1939,298,2237,14
2021-05-11,Contra Costa,013,1133247,68964,68406,1253,69659,806
2021-05-11,Del Norte,015,27424,1386,1347,12,1359,8
2021-05-11,El Dorado,017,186661,10181,10108,719,10827,112
2021-05-11,Fresno,019,978130,102319,101792,8670,110462,1686
2021-05-11,Glenn,021,27897,2416,2387,558,2945,17
2021-05-11,Humboldt,023,135768,4073,3964,33,3997,37
2021-05-11,Imperial,025,180216,28508,28413,2831,31244,722
2021-05-11,Inyo,027,18085,1402,1402,12,1414,36
2021-05-11,Kern,029,883053,96963,95938,10785,106723,1310
2021-05-11,Kings,031,150075,23125,22887,1089,23976,246
2021-05-11,Lake,033,64148,3495,3473,9,3482,43
2021-05-11,Lassen,035,31185,5191,5148,108,5256,6
2021-05-11,Los Angeles,037,10098052,1202301,1195100,41592,1236692,24048
2021-05-11,Madera,039,155013,16553,16459,928,17387,238
2021-05-11,Marin,041,260295,14030,13987,253,14240,227
2021-05-11,Mariposa,043,17540,427,421,11,432,5
2021-05-11,Mendocino,045,87422,3911,3821,79,3900,46
2021-05-11,Merced,047,269075,30886,30893,984,31877,449
2021-05-11,Modoc,049,8938,373,362,125,487,3
2021-05-11,Mono,051,14174,1250,1265,16,1281,3
2021-05-11,Monterey,053,433212,43117,42934,1876,44810,380
2021-05-11,Napa,055,140530,9863,9870,36,9906,81
2021-05-11,Nevada,057,99092,4773,4737,187,4924,70
2021-05-11,Orange,059,3164182,254885,253545,11288,264833,5017
2021-05-11,Placer,061,380077,22998,22615,1457,24072,287
2021-05-11,Plumas,063,18699,695,679,10,689,4
2021-05-11,Riverside,065,2383286,293442,287757,13983,301740,4429
2021-05-11,Sacramento,067,1510023,104904,104496,1750,106246,1616
2021-05-11,San Benito,069,59416,6051,6058,114,6172,63
2021-05-11,San Bernardino,071,2135413,292664,291421,8963,300384,4707
2021-05-11,San Diego,073,3302833,279339,278308,14753,293061,3725
2021-05-11,San Francisco,075,870044,36521,36707,1278,37985,543
2021-05-11,San Joaquin,077,732212,72624,71999,3529,75528,1356
2021-05-11,San Luis Obispo,079,281455,21299,21008,727,21735,255
2021-05-11,San Mateo,081,765935,42185,41985,466,42451,425
2021-05-11,Santa Barbara,083,443738,34396,34207,1198,35405,456
2021-05-11,Santa Clara,085,1922200,118207,118857,755,119612,2005
2021-05-11,Santa Cruz,087,273765,16168,16113,813,16926,206
2021-05-11,Shasta,089,179085,12116,12050,1532,13582,200
2021-05-11,Sierra,091,2930,56,54,12,66,0
2021-05-11,Siskiyou,093,43540,1859,1756,336,2092,13
2021-05-11,Solano,095,438530,32559,32499,542,33041,250
2021-05-11,Sonoma,097,501317,29821,29966,331,30297,318
2021-05-11,Stanislaus,099,539301,55895,55589,5883,61472,909
2021-05-11,Sutter,101,95872,9436,9417,83,9500,112
2021-05-11,Tehama,103,63373,5022,4985,562,5547,62
2021-05-11,Trinity,105,12862,482,327,89,416,3
2021-05-11,Tulare,107,460477,50030,48974,8991,57965,837
2021-05-11,Tuolumne,109,53932,3999,4056,39,4095,63
2021-05-11,Ventura,111,848112,81142,80544,2983,83527,1008
2021-05-11,Yolo,113,214977,13900,13902,304,14206,210
2021-05-11,Yuba,115,75493,5985,5950,122,6072,46
2021-05-10,Alameda,001,1643700,87530,87366,1946,89312,1284
2021-05-10,Alpine,003,1148,87,88,0,88,0
2021-05-10,Amador,005,37829,3663,3657,33,3690,46
2021-05-10,Butte,007,227075,12382,11993,1802,13795,199
2021-05-10,Calaveras,009,45235,2119,2118,14,2132,52
2021-05-10,Colusa,011,21464,1935,1939,298,2237,14
2021-05-10,Contra Costa,013,1133247,68900,68357,1253,69610,806
2021-05-10,Del Norte,015,27424,1383,1339,12,1351,8
2021-05-10,El Dorado,017,186661,10167,10093,719,10812,113
2021-05-10,Fresno,019,978130,102287,101755,8663,110418,1682
2021-05-10,Glenn,021,27897,2415,2384,556,2940,17
2021-05-10,Humboldt,023,135768,4043,3961,33,3994,36
2021-05-10,Imperial,025,180216,28494,28397,2827,31224,722
2021-05-10,Inyo,027,18085,1402,1401,12,1413,36
2021-05-10,Kern,029,883053,96920,95920,10771,106691,1310
2021-05-10,Kings,031,150075,23114,22884,1088,23972,246
2021-05-10,Lake,033,64148,3487,3471,9,3480,43
2021-05-10,Lassen,035,31185,5187,5148,108,5256,5
2021-05-10,Los Angeles,037,10098052,1202041,1194976,41576,1236552,24030
2021-05-10,Madera,039,155013,16543,16450,928,17378,238
2021-05-10,Marin,041,260295,14027,13981,253,14234,228
2021-05-10,Mariposa,043,17540,426,420,11,431,5
2021-05-10,Mendocino,045,87422,3905,3818,79,3897,46
2021-05-10,Merced,047,269075,30875,30880,984,31864,448
2021-05-10,Modoc,049,8938,373,361,125,486,3
2021-05-10,Mono,051,14174,1250,1265,16,1281,3
2021-05-10,Monterey,053,433212,43111,42927,1871,44798,380
2021-05-10,Napa,055,140530,9861,9860,36,9896,81
2021-05-10,Nevada,057,99092,4766,4735,187,4922,70
2021-05-10,Orange,059,3164182,254831,253484,11282,264766,5008
2021-05-10,Placer,061,380077,22976,22590,1454,24044,286
2021-05-10,Plumas,063,18699,694,679,10,689,4
2021-05-10,Riverside,065,2383286,293373,287689,13977,301666,4427
2021-05-10,Sacramento,067,1510023,104791,104378,1745,106123,1613
2021-05-10,San Benito,069,59416,6050,6058,114,6172,63
2021-05-10,San Bernardino,071,2135413,292612,291360,8962,300322,4707
2021-05-10,San Diego,073,3302833,279174,278183,14726,292909,3725
2021-05-10,San Francisco,075,870044,36502,36683,1278,37961,543
2021-05-10,San Joaquin,077,732212,72587,71954,3514,75468,1356
2021-05-10,San Luis Obispo,079,281455,21281,20993,726,21719,256
2021-05-10,San Mateo,081,765935,42167,41926,466,42392,424
2021-05-10,Santa Barbara,083,443738,34388,34201,1198,35399,456
2021-05-10,Santa Clara,085,1922200,118148,118822,755,119577,2003
2021-05-10,Santa Cruz,087,273765,16162,16114,813,16927,206
2021-05-10,Shasta,089,179085,12102,12036,1528,13564,200
2021-05-10,Sierra,091,2930,56,54,12,66,0
2021-05-10,Siskiyou,093,43540,1849,1752,334,2086,13
2021-05-10,Solano,095,438530,32539,32466,540,33006,250
2021-05-10,Sonoma,097,501317,29806,29955,330,30285,318
2021-05-10,Stanislaus,099,539301,55821,55541,5877,61418,898
2021-05-10,Sutter,101,95872,9430,9412,83,9495,111
2021-05-10,Tehama,103,63373,5018,4980,562,5542,62
2021-05-10,Trinity,105,12862,482,327,87,414,3
2021-05-10,Tulare,107,460477,50006,48956,8985,57941,837
2021-05-10,Tuolumne,109,53932,3995,4054,38,4092,63
2021-05-10,Ventura,111,848112,81126,80501,2981,83482,1008
2021-05-10,Yolo,113,214977,13888,13898,302,14200,209
2021-05-10,Yuba,115,75493,5983,5942,122,6064,46
2021-05-09,Alameda,001,1643700,87459,87292,1943,89235,1284
2021-05-09,Alpine,003,1148,87,88,0,88,0
2021-05-09,Amador,005,37829,3661,3655,33,3688,46
2021-05-09,Butte,007,227075,12363,11985,1798,13783,199
2021-05-09,Calaveras,009,45235,2118,2116,14,2130,52
2021-05-09,Colusa,011,21464,1934,1940,298,2238,14
2021-05-09,Contra Costa,013,1133247,68836,68302,1251,69553,806
2021-05-09,Del Norte,015,27424,1376,1338,12,1350,8
2021-05-09,El Dorado,017,186661,10153,10089,716,10805,113
2021-05-09,Fresno,019,978130,102249,101729,8654,110383,1682
2021-05-09,Glenn,021,27897,2408,2382,553,2935,17
2021-05-09,Humboldt,023,135768,4023,3950,33,3983,36
2021-05-09,Imperial,025,180216,28471,28388,2818,31206,722
2021-05-09,Inyo,027,18085,1402,1401,11,1412,36
2021-05-09,Kern,029,883053,96892,95903,10761,106664,1310
2021-05-09,Kings,031,150075,23105,22878,1088,23966,246
2021-05-09,Lake,033,64148,3483,3471,9,3480,43
2021-05-09,Lassen,035,31185,5185,5147,108,5255,5
2021-05-09,Los Angeles,037,10098052,1201781,1194820,41561,1236381,24026
2021-05-09,Madera,039,155013,16534,16444,922,17366,238
2021-05-09,Marin,041,260295,14016,13979,252,14231,228
2021-05-09,Mariposa,043,17540,423,420,11,431,5
2021-05-09,Mendocino,045,87422,3895,3814,79,3893,46
2021-05-09,Merced,047,269075,30852,30883,984,31867,448
2021-05-09,Modoc,049,8938,373,360,125,485,3
2021-05-09,Mono,051,14174,1250,1264,16,1280,3
2021-05-09,Monterey,053,433212,43093,42918,1871,44789,380
2021-05-09,Napa,055,140530,9850,9857,36,9893,81
2021-05-09,Nevada,057,99092,4759,4727,187,4914,70
2021-05-09,Orange,059,3164182,254777,253451,11274,264725,5008
2021-05-09,Placer,061,380077,22950,22566,1451,24017,286
2021-05-09,Plumas,063,18699,693,679,10,689,4
2021-05-09,Riverside,065,2383286,293293,287644,13971,301615,4427
2021-05-09,Sacramento,067,1510023,104642,104309,1739,106048,1612
2021-05-09,San Benito,069,59416,6048,6056,114,6170,63
2021-05-09,San Bernardino,071,2135413,292529,291337,8956,300293,4707
2021-05-09,San Diego,073,3302833,279007,277950,14704,292654,3725
2021-05-09,San Francisco,075,870044,36476,36669,1276,37945,543
2021-05-09,San Joaquin,077,732212,72541,71927,3513,75440,1356
2021-05-09,San Luis Obispo,079,281455,21271,20999,726,21725,256
2021-05-09,San Mateo,081,765935,42138,41903,466,42369,424
2021-05-09,Santa Barbara,083,443738,34375,34196,1197,35393,456
2021-05-09,Santa Clara,085,1922200,118094,118798,754,119552,2003
2021-05-09,Santa Cruz,087,273765,16156,16094,813,16907,206
2021-05-09,Shasta,089,179085,12072,12034,1523,13557,200
2021-05-09,Sierra,091,2930,56,54,12,66,0
2021-05-09,Siskiyou,093,43540,1843,1741,331,2072,13
2021-05-09,Solano,095,438530,32500,32434,537,32971,250
2021-05-09,Sonoma,097,501317,29792,29953,329,30282,318
2021-05-09,Stanislaus,099,539301,55755,55511,5873,61384,898
2021-05-09,Sutter,101,95872,9424,9413,83,9496,111
2021-05-09,Tehama,103,63373,5013,4979,562,5541,62
2021-05-09,Trinity,105,12862,482,327,87,414,3
2021-05-09,Tulare,107,460477,49979,48948,8980,57928,837
2021-05-09,Tuolumne,109,53932,3994,4053,38,4091,63
2021-05-09,Ventura,111,848112,81111,80487,2980,83467,1008
2021-05-09,Yolo,113,214977,13878,13897,301,14198,209
2021-05-09,Yuba,115,75493,5977,5934,122,6056,46
2021-05-08,Alameda,001,1643700,87416,87213,1939,89152,1284
2021-05-08,Alpine,003,1148,87,88,0,88,0
2021-05-08,Amador,005,37829,3659,3652,33,3685,46
2021-05-08,Butte,007,227075,12351,11962,1797,13759,199
2021-05-08,Calaveras,009,45235,2117,2114,14,2128,52
2021-05-08,Colusa,011,21464,1934,1939,298,2237,14
2021-05-08,Contra Costa,013,1133247,68803,68223,1249,69472,803
2021-05-08,Del Norte,015,27424,1373,1335,12,1347,8
2021-05-08,El Dorado,017,186661,10139,10079,716,10795,113
2021-05-08,Fresno,019,978130,102213,101676,8649,110325,1682
2021-05-08,Glenn,021,27897,2406,2382,551,2933,17
2021-05-08,Humboldt,023,135768,4007,3939,33,3972,36
2021-05-08,Imperial,025,180216,28463,28373,2818,31191,721
2021-05-08,Inyo,027,18085,1402,1402,11,1413,36
2021-05-08,Kern,029,883053,96867,95880,10748,106628,1310
2021-05-08,Kings,031,150075,23102,22872,1087,23959,246
2021-05-08,Lake,033,64148,3482,3470,9,3479,43
2021-05-08,Lassen,035,31185,5184,5145,108,5253,5
2021-05-08,Los Angeles,037,10098052,1201632,1194584,41545,1236129,24022
2021-05-08,Madera,039,155013,16530,16442,922,17364,238
2021-05-08,Marin,041,260295,14013,13974,251,14225,228
2021-05-08,Mariposa,043,17540,423,420,11,431,5
2021-05-08,Mendocino,045,87422,3890,3810,78,3888,46
2021-05-08,Merced,047,269075,30843,30876,984,31860,448
2021-05-08,Modoc,049,8938,373,360,124,484,3
2021-05-08,Mono,051,14174,1250,1262,16,1278,3
2021-05-08,Monterey,053,433212,43088,42914,1870,44784,380
2021-05-08,Napa,055,140530,9843,9853,36,9889,81
2021-05-08,Nevada,057,99092,4756,4716,187,4903,70
2021-05-08,Orange,059,3164182,254743,253412,11271,264683,5006
2021-05-08,Placer,061,380077,22932,22547,1449,23996,286
2021-05-08,Plumas,063,18699,692,679,10,689,4
2021-05-08,Riverside,065,2383286,293250,287574,13969,301543,4427
2021-05-08,Sacramento,067,1510023,104557,104208,1736,105944,1610
2021-05-08,San Benito,069,59416,6047,6048,114,6162,63
2021-05-08,San Bernardino,071,2135413,292486,291296,8956,300252,4707
2021-05-08,San Diego,073,3302833,278923,277760,14686,292446,3725
2021-05-08,San Francisco,075,870044,36453,36642,1276,37918,543
2021-05-08,San Joaquin,077,732212,72512,71869,3504,75373,1356
2021-05-08,San Luis Obispo,079,281455,21260,20992,726,21718,256
2021-05-08,San Mateo,081,765935,42127,41871,466,42337,424
2021-05-08,Santa Barbara,083,443738,34362,34185,1197,35382,456
2021-05-08,Santa Clara,085,1922200,118063,118751,754,119505,2003
2021-05-08,Santa Cruz,087,273765,16153,16089,813,16902,206
2021-05-08,Shasta,089,179085,12062,12030,1519,13549,200
2021-05-08,Sierra,091,2930,56,54,12,66,0
2021-05-08,Siskiyou,093,43540,1842,1741,327,2068,13
2021-05-08,Solano,095,438530,32475,32395,535,32930,249
2021-05-08,Sonoma,097,501317,29779,29942,329,30271,318
2021-05-08,Stanislaus,099,539301,55723,55467,5869,61336,898
2021-05-08,Sutter,101,95872,9421,9413,83,9496,111
2021-05-08,Tehama,103,63373,5011,4977,562,5539,62
2021-05-08,Trinity,105,12862,482,327,87,414,3
2021-05-08,Tulare,107,460477,49965,48929,8970,57899,837
2021-05-08,Tuolumne,109,53932,3993,4050,38,4088,63
2021-05-08,Ventura,111,848112,81100,80481,2977,83458,1008
2021-05-08,Yolo,113,214977,13875,13894,300,14194,209
2021-05-08,Yuba,115,75493,5969,5928,122,6050,46
2021-05-07,Alameda,001,1643700,87362,87128,1938,89066,1280
2021-05-07,Alpine,003,1148,87,88,0,88,0
2021-05-07,Amador,005,37829,3656,3651,33,3684,46
2021-05-07,Butte,007,227075,12331,11943,1794,13737,199
2021-05-07,Calaveras,009,45235,2115,2114,14,2128,52
2021-05-07,Colusa,011,21464,1934,1937,298,2235,14
2021-05-07,Contra Costa,013,1133247,68757,68156,1247,69403,804
2021-05-07,Del Norte,015,27424,1368,1329,12,1341,8
2021-05-07,El Dorado,017,186661,10126,10065,714,10779,112
2021-05-07,Fresno,019,978130,102180,101625,8648,110273,1684
2021-05-07,Glenn,021,27897,2403,2381,550,2931,17
2021-05-07,Humboldt,023,135768,3992,3919,33,3952,36
2021-05-07,Imperial,025,180216,28455,28352,2817,31169,721
2021-05-07,Inyo,027,18085,1402,1402,11,1413,36
2021-05-07,Kern,029,883053,96854,95839,10736,106575,1308
2021-05-07,Kings,031,150075,23101,22857,1086,23943,246
2021-05-07,Lake,033,64148,3480,3467,9,3476,43
2021-05-07,Lassen,035,31185,5183,5144,107,5251,5
2021-05-07,Los Angeles,037,10098052,1201455,1194294,41537,1235831,24008
2021-05-07,Madera,039,155013,16525,16439,921,17360,238
2021-05-07,Marin,041,260295,14009,13968,251,14219,228
2021-05-07,Mariposa,043,17540,422,419,11,430,5
2021-05-07,Mendocino,045,87422,3884,3805,78,3883,46
2021-05-07,Merced,047,269075,30840,30862,984,31846,446
2021-05-07,Modoc,049,8938,373,360,124,484,3
2021-05-07,Mono,051,14174,1249,1261,16,1277,3
2021-05-07,Monterey,053,433212,43082,42909,1868,44777,380
2021-05-07,Napa,055,140530,9842,9849,36,9885,81
2021-05-07,Nevada,057,99092,4752,4704,187,4891,70
2021-05-07,Orange,059,3164182,254703,253338,11262,264600,5000
2021-05-07,Placer,061,380077,22912,22524,1447,23971,286
2021-05-07,Plumas,063,18699,692,678,10,688,4
2021-05-07,Riverside,065,2383286,293192,287479,13968,301447,4426
2021-05-07,Sacramento,067,1510023,104485,104068,1731,105799,1609
2021-05-07,San Benito,069,59416,6046,6048,114,6162,63
2021-05-07,San Bernardino,071,2135413,292444,291185,8951,300136,4697
2021-05-07,San Diego,073,3302833,278838,277534,14671,292205,3718
2021-05-07,San Francisco,075,870044,36440,36616,1275,37891,543
2021-05-07,San Joaquin,077,732212,72472,71804,3502,75306,1351
2021-05-07,San Luis Obispo,079,281455,21253,20979,726,21705,256
2021-05-07,San Mateo,081,765935,42111,41844,466,42310,424
2021-05-07,Santa Barbara,083,443738,34352,34166,1197,35363,453
2021-05-07,Santa Clara,085,1922200,118030,118691,753,119444,2002
2021-05-07,Santa Cruz,087,273765,16150,16074,813,16887,206
2021-05-07,Shasta,089,179085,12040,12005,1517,13522,200
2021-05-07,Sierra,091,2930,56,54,12,66,0
2021-05-07,Siskiyou,093,43540,1839,1723,327,2050,13
2021-05-07,Solano,095,438530,32448,32352,533,32885,249
2021-05-07,Sonoma,097,501317,29761,29925,327,30252,318
2021-05-07,Stanislaus,099,539301,55682,55407,5863,61270,896
2021-05-07,Sutter,101,95872,9421,9407,82,9489,111
2021-05-07,Tehama,103,63373,5004,4974,562,5536,57
2021-05-07,Trinity,105,12862,482,327,87,414,3
2021-05-07,Tulare,107,460477,49948,48913,8965,57878,837
2021-05-07,Tuolumne,109,53932,3991,4048,38,4086,63
2021-05-07,Ventura,111,848112,81076,80444,2977,83421,1008
2021-05-07,Yolo,113,214977,13869,13875,299,14174,209
2021-05-07,Yuba,115,75493,5959,5910,122,6032,46
2021-05-06,Alameda,001,1643700,87285,87028,1935,88963,1278
2021-05-06,Alpine,003,1148,87,88,0,88,0
2021-05-06,Amador,005,37829,3654,3650,33,3683,46
2021-05-06,Butte,007,227075,12311,11929,1789,13718,198
2021-05-06,Calaveras,009,45235,2114,2111,14,2125,52
2021-05-06,Colusa,011,21464,1934,1935,298,2233,14
2021-05-06,Contra Costa,013,1133247,68702,68076,1244,69320,802
2021-05-06,Del Norte,015,27424,1360,1324,12,1336,6
2021-05-06,El Dorado,017,186661,10119,10048,714,10762,112
2021-05-06,Fresno,019,978130,102136,101536,8644,110180,1680
2021-05-06,Glenn,021,27897,2402,2380,549,2929,17
2021-05-06,Humboldt,023,135768,3967,3898,33,3931,36
2021-05-06,Imperial,025,180216,28444,28311,2816,31127,720
2021-05-06,Inyo,027,18085,1402,1401,11,1412,36
2021-05-06,Kern,029,883053,96829,95801,10719,106520,1307
2021-05-06,Kings,031,150075,23094,22848,1085,23933,246
2021-05-06,Lake,033,64148,3479,3465,9,3474,43
2021-05-06,Lassen,035,31185,5182,5143,107,5250,1
2021-05-06,Los Angeles,037,10098052,1201214,1193954,41520,1235474,23991
2021-05-06,Madera,039,155013,16517,16430,921,17351,238
2021-05-06,Marin,041,260295,14005,13956,251,14207,228
2021-05-06,Mariposa,043,17540,421,419,11,430,5
2021-05-06,Mendocino,045,87422,3873,3802,78,3880,46
2021-05-06,Merced,047,269075,30824,30863,983,31846,444
2021-05-06,Modoc,049,8938,373,360,124,484,3
2021-05-06,Mono,051,14174,1247,1261,16,1277,3
2021-05-06,Monterey,053,433212,43067,42899,1868,44767,379
2021-05-06,Napa,055,140530,9836,9843,36,9879,81
2021-05-06,Nevada,057,99092,4751,4687,187,4874,70
2021-05-06,Orange,059,3164182,254635,253286,11256,264542,4991
2021-05-06,Placer,061,380077,22890,22493,1447,23940,286
2021-05-06,Plumas,063,18699,692,678,10,688,4
2021-05-06,Riverside,065,2383286,293119,287399,13963,301362,4422
2021-05-06,Sacramento,067,1510023,104368,103956,1728,105684,1609
2021-05-06,San Benito,069,59416,6045,6045,114,6159,63
2021-05-06,San Bernardino,071,2135413,292374,291085,8950,300035,4683
2021-05-06,San Diego,073,3302833,278714,277324,14648,291972,3716
2021-05-06,San Francisco,075,870044,36425,36599,1275,37874,543
2021-05-06,San Joaquin,077,732212,72417,71729,3499,75228,1350
2021-05-06,San Luis Obispo,079,281455,21241,20965,724,21689,256
2021-05-06,San Mateo,081,765935,42093,41802,465,42267,424
2021-05-06,Santa Barbara,083,443738,34339,34152,1197,35349,453
2021-05-06,Santa Clara,085,1922200,117989,118591,753,119344,2001
2021-05-06,Santa Cruz,087,273765,16143,16050,813,16863,206
2021-05-06,Shasta,089,179085,12018,11983,1511,13494,199
2021-05-06,Sierra,091,2930,56,54,12,66,0
2021-05-06,Siskiyou,093,43540,1829,1711,326,2037,12
2021-05-06,Solano,095,438530,32422,32320,525,32845,249
2021-05-06,Sonoma,097,501317,29753,29911,327,30238,318
2021-05-06,Stanislaus,099,539301,55626,55323,5859,61182,834
2021-05-06,Sutter,101,95872,9415,9396,82,9478,111
2021-05-06,Tehama,103,63373,4999,4970,562,5532,53
2021-05-06,Trinity,105,12862,482,327,87,414,3
2021-05-06,Tulare,107,460477,49923,48890,8950,57840,836
2021-05-06,Tuolumne,109,53932,3987,4047,38,4085,63
2021-05-06,Ventura,111,848112,81045,80411,2974,83385,1005
2021-05-06,Yolo,113,214977,13862,13871,295,14166,209
2021-05-06,Yuba,115,75493,5947,5901,122,6023,46
2021-05-05,Alameda,001,1643700,87224,86950,1933,88883,1278
2021-05-05,Alpine,003,1148,87,88,0,88,0
2021-05-05,Amador,005,37829,3651,3650,33,3683,46
2021-05-05,Butte,007,227075,12293,11907,1786,13693,198
2021-05-05,Calaveras,009,45235,2110,2103,14,2117,52
2021-05-05,Colusa,011,21464,1933,1933,298,2231,14
2021-05-05,Contra Costa,013,1133247,68637,67997,1240,69237,803
2021-05-05,Del Norte,015,27424,1357,1317,12,1329,6
2021-05-05,El Dorado,017,186661,10108,10020,713,10733,111
2021-05-05,Fresno,019,978130,102087,101491,8635,110126,1680
2021-05-05,Glenn,021,27897,2399,2380,548,2928,17
2021-05-05,Humboldt,023,135768,3948,3886,32,3918,36
2021-05-05,Imperial,025,180216,28403,28295,2809,31104,720
2021-05-05,Inyo,027,18085,1401,1401,11,1412,36
2021-05-05,Kern,029,883053,96785,95753,10715,106468,1304
2021-05-05,Kings,031,150075,23088,22840,1084,23924,246
2021-05-05,Lake,033,64148,3476,3458,9,3467,43
2021-05-05,Lassen,035,31185,5182,5143,106,5249,1
2021-05-05,Los Angeles,037,10098052,1200942,1193608,41507,1235115,23977
2021-05-05,Madera,039,155013,16515,16423,921,17344,235
2021-05-05,Marin,041,260295,13997,13950,250,14200,228
2021-05-05,Mariposa,043,17540,421,418,11,429,5
2021-05-05,Mendocino,045,87422,3869,3799,78,3877,46
2021-05-05,Merced,047,269075,30803,30844,983,31827,444
2021-05-05,Modoc,049,8938,372,361,123,484,3
2021-05-05,Mono,051,14174,1247,1260,16,1276,3
2021-05-05,Monterey,053,433212,43053,42870,1865,44735,379
2021-05-05,Napa,055,140530,9830,9833,36,9869,81
2021-05-05,Nevada,057,99092,4748,4666,187,4853,70
2021-05-05,Orange,059,3164182,254577,253237,11252,264489,4978
2021-05-05,Placer,061,380077,22858,22362,1443,23805,287
2021-05-05,Plumas,063,18699,692,677,10,687,4
2021-05-05,Riverside,065,2383286,293024,287353,13953,301306,4414
2021-05-05,Sacramento,067,1510023,104280,103476,1723,105199,1607
2021-05-05,San Benito,069,59416,6036,6046,114,6160,63
2021-05-05,San Bernardino,071,2135413,292299,291008,8946,299954,4677
2021-05-05,San Diego,073,3302833,278577,277098,14628,291726,3716
2021-05-05,San Francisco,075,870044,36411,36577,1274,37851,543
2021-05-05,San Joaquin,077,732212,72364,71638,3496,75134,1345
2021-05-05,San Luis Obispo,079,281455,21233,20958,724,21682,256
2021-05-05,San Mateo,081,765935,42062,41755,464,42219,415
2021-05-05,Santa Barbara,083,443738,34324,34139,1196,35335,453
2021-05-05,Santa Clara,085,1922200,117959,118482,749,119231,1992
2021-05-05,Santa Cruz,087,273765,16137,16013,813,16826,207
2021-05-05,Shasta,089,179085,12002,11939,1507,13446,200
2021-05-05,Sierra,091,2930,56,54,12,66,0
2021-05-05,Siskiyou,093,43540,1812,1706,318,2024,11
2021-05-05,Solano,095,438530,32387,32250,523,32773,249
2021-05-05,Sonoma,097,501317,29740,29879,327,30206,318
2021-05-05,Stanislaus,099,539301,55569,55231,5857,61088,807
2021-05-05,Sutter,101,95872,9409,9387,82,9469,111
2021-05-05,Tehama,103,63373,4995,4968,562,5530,53
2021-05-05,Trinity,105,12862,482,326,87,413,3
2021-05-05,Tulare,107,460477,49899,48875,8943,57818,835
2021-05-05,Tuolumne,109,53932,3984,4040,38,4078,63
2021-05-05,Ventura,111,848112,81017,80372,2970,83342,1005
2021-05-05,Yolo,113,214977,13858,13846,293,14139,209
2021-05-05,Yuba,115,75493,5937,5895,121,6016,44
2021-05-04,Alameda,001,1643700,87132,86894,1933,88827,1277
2021-05-04,Alpine,003,1148,87,88,0,88,0
2021-05-04,Amador,005,37829,3651,3650,33,3683,46
2021-05-04,Butte,007,227075,12269,11883,1785,13668,198
2021-05-04,Calaveras,009,45235,2105,2100,14,2114,52
2021-05-04,Colusa,011,21464,1932,1933,298,2231,14
2021-05-04,Contra Costa,013,1133247,68558,67931,1237,69168,799
2021-05-04,Del Norte,015,27424,1357,1314,12,1326,6
2021-05-04,El Dorado,017,186661,10097,10009,709,10718,110
2021-05-04,Fresno,019,978130,102032,101451,8628,110079,1677
2021-05-04,Glenn,021,27897,2396,2379,545,2924,17
2021-05-04,Humboldt,023,135768,3922,3877,32,3909,36
2021-05-04,Imperial,025,180216,28383,28276,2805,31081,720
2021-05-04,Inyo,027,18085,1401,1399,11,1410,36
2021-05-04,Kern,029,883053,96749,95720,10697,106417,1301
2021-05-04,Kings,031,150075,23074,22822,1081,23903,246
2021-05-04,Lake,033,64148,3475,3454,9,3463,43
2021-05-04,Lassen,035,31185,5181,5142,106,5248,1
2021-05-04,Los Angeles,037,10098052,1200654,1193453,41495,1234948,23957
2021-05-04,Madera,039,155013,16514,16418,921,17339,235
2021-05-04,Marin,041,260295,13989,13935,250,14185,228
2021-05-04,Mariposa,043,17540,421,418,11,429,5
2021-05-04,Mendocino,045,87422,3864,3794,78,3872,46
2021-05-04,Merced,047,269075,30786,30829,983,31812,444
2021-05-04,Modoc,049,8938,371,360,122,482,3
2021-05-04,Mono,051,14174,1247,1260,16,1276,3
2021-05-04,Monterey,053,433212,43041,42845,1864,44709,380
2021-05-04,Napa,055,140530,9821,9824,36,9860,81
2021-05-04,Nevada,057,99092,4741,4656,187,4843,70
2021-05-04,Orange,059,3164182,254510,253177,11242,264419,4977
2021-05-04,Placer,061,380077,22829,22326,1440,23766,287
2021-05-04,Plumas,063,18699,691,675,10,685,4
2021-05-04,Riverside,065,2383286,292940,287285,13946,301231,4411
2021-05-04,Sacramento,067,1510023,104151,103383,1718,105101,1604
2021-05-04,San Benito,069,59416,6035,6039,114,6153,63
2021-05-04,San Bernardino,071,2135413,292222,290934,8939,299873,4668
2021-05-04,San Diego,073,3302833,278411,276879,14611,291490,3713
2021-05-04,San Francisco,075,870044,36393,36550,1274,37824,541
2021-05-04,San Joaquin,077,732212,72301,71582,3491,75073,1342
2021-05-04,San Luis Obispo,079,281455,21227,20923,722,21645,255
2021-05-04,San Mateo,081,765935,42036,41708,464,42172,415
2021-05-04,Santa Barbara,083,443738,34308,34131,1195,35326,453
2021-05-04,Santa Clara,085,1922200,117896,118431,748,119179,1988
2021-05-04,Santa Cruz,087,273765,16131,16005,813,16818,207
2021-05-04,Shasta,089,179085,11982,11923,1501,13424,198
2021-05-04,Sierra,091,2930,56,54,12,66,0
2021-05-04,Siskiyou,093,43540,1805,1694,316,2010,11
2021-05-04,Solano,095,438530,32346,32220,521,32741,249
2021-05-04,Sonoma,097,501317,29720,29867,326,30193,318
2021-05-04,Stanislaus,099,539301,55513,55165,5854,61019,807
2021-05-04,Sutter,101,95872,9404,9375,82,9457,111
2021-05-04,Tehama,103,63373,4992,4959,561,5520,53
2021-05-04,Trinity,105,12862,482,326,87,413,3
2021-05-04,Tulare,107,460477,49872,48857,8934,57791,835
2021-05-04,Tuolumne,109,53932,3982,4041,38,4079,61
2021-05-04,Ventura,111,848112,80988,80351,2968,83319,1005
2021-05-04,Yolo,113,214977,13845,13820,291,14111,208
2021-05-04,Yuba,115,75493,5931,5891,121,6012,44
2021-05-03,Alameda,001,1643700,87056,86845,1927,88772,1272
2021-05-03,Alpine,003,1148,87,88,0,88,0
2021-05-03,Amador,005,37829,3651,3651,33,3684,46
2021-05-03,Butte,007,227075,12259,11864,1782,13646,198
2021-05-03,Calaveras,009,45235,2104,2099,14,2113,50
2021-05-03,Colusa,011,21464,1931,1931,296,2227,14
2021-05-03,Contra Costa,013,1133247,68499,67895,1233,69128,799
2021-05-03,Del Norte,015,27424,1352,1306,11,1317,6
2021-05-03,El Dorado,017,186661,10079,9984,704,10688,110
2021-05-03,Fresno,019,978130,101976,101405,8617,110022,1678
2021-05-03,Glenn,021,27897,2396,2375,544,2919,17
2021-05-03,Humboldt,023,135768,3907,3865,32,3897,36
2021-05-03,Imperial,025,180216,28361,28280,2802,31082,720
2021-05-03,Inyo,027,18085,1400,1398,11,1409,36
2021-05-03,Kern,029,883053,96712,95693,10685,106378,1299
2021-05-03,Kings,031,150075,23065,22821,1081,23902,246
2021-05-03,Lake,033,64148,3473,3446,9,3455,43
2021-05-03,Lassen,035,31185,5180,5142,106,5248,1
2021-05-03,Los Angeles,037,10098052,1200386,1193261,41469,1234730,23942
2021-05-03,Madera,039,155013,16509,16414,920,17334,235
2021-05-03,Marin,041,260295,13983,13927,250,14177,228
2021-05-03,Mariposa,043,17540,421,418,11,429,5
2021-05-03,Mendocino,045,87422,3857,3792,78,3870,46
2021-05-03,Merced,047,269075,30775,30814,981,31795,444
2021-05-03,Modoc,049,8938,371,360,122,482,3
2021-05-03,Mono,051,14174,1247,1259,16,1275,3
2021-05-03,Monterey,053,433212,43029,42837,1862,44699,380
2021-05-03,Napa,055,140530,9816,9815,36,9851,81
2021-05-03,Nevada,057,99092,4733,4650,187,4837,70
2021-05-03,Orange,059,3164182,254451,253107,11233,264340,4968
2021-05-03,Placer,061,380077,22798,22289,1434,23723,287
2021-05-03,Plumas,063,18699,690,675,10,685,4
2021-05-03,Riverside,065,2383286,292866,287233,13945,301178,4412
2021-05-03,Sacramento,067,1510023,103998,103303,1708,105011,1602
2021-05-03,San Benito,069,59416,6034,6038,114,6152,63
2021-05-03,San Bernardino,071,2135413,292154,290886,8936,299822,4659
2021-05-03,San Diego,073,3302833,278248,276693,14586,291279,3712
2021-05-03,San Francisco,075,870044,36367,36538,1274,37812,541
2021-05-03,San Joaquin,077,732212,72250,71504,3488,74992,1325
2021-05-03,San Luis Obispo,079,281455,21211,20915,719,21634,254
2021-05-03,San Mateo,081,765935,42013,41689,463,42152,413
2021-05-03,Santa Barbara,083,443738,34296,34119,1195,35314,453
2021-05-03,Santa Clara,085,1922200,117842,118373,747,119120,1988
2021-05-03,Santa Cruz,087,273765,16128,16000,813,16813,207
2021-05-03,Shasta,089,179085,11959,11890,1496,13386,197
2021-05-03,Sierra,091,2930,56,54,12,66,0
2021-05-03,Siskiyou,093,43540,1799,1683,310,1993,11
2021-05-03,Solano,095,438530,32305,32201,520,32721,249
2021-05-03,Sonoma,097,501317,29708,29855,323,30178,318
2021-05-03,Stanislaus,099,539301,55447,55116,5845,60961,774
2021-05-03,Sutter,101,95872,9392,9370,82,9452,111
2021-05-03,Tehama,103,63373,4983,4952,561,5513,53
2021-05-03,Trinity,105,12862,482,326,87,413,3
2021-05-03,Tulare,107,460477,49855,48844,8924,57768,835
2021-05-03,Tuolumne,109,53932,3981,4038,38,4076,61
2021-05-03,Ventura,111,848112,80966,80291,2968,83259,1005
2021-05-03,Yolo,113,214977,13832,13809,289,14098,208
2021-05-03,Yuba,115,75493,5926,5880,121,6001,44
2021-05-02,Alameda,001,1643700,86971,86784,1926,88710,1272
2021-05-02,Alpine,003,1148,87,88,0,88,0
2021-05-02,Amador,005,37829,3651,3650,33,3683,46
2021-05-02,Butte,007,227075,12235,11859,1779,13638,198
2021-05-02,Calaveras,009,45235,2100,2098,14,2112,50
2021-05-02,Colusa,011,21464,1930,1931,295,2226,14
2021-05-02,Contra Costa,013,1133247,68414,67843,1231,69074,800
2021-05-02,Del Norte,015,27424,1345,1305,11,1316,6
2021-05-02,El Dorado,017,186661,10064,9962,703,10665,110
2021-05-02,Fresno,019,978130,101905,101372,8606,109978,1678
2021-05-02,Glenn,021,27897,2395,2374,542,2916,17
2021-05-02,Humboldt,023,135768,3895,3858,31,3889,36
2021-05-02,Imperial,025,180216,28327,28275,2792,31067,721
2021-05-02,Inyo,027,18085,1398,1398,11,1409,36
2021-05-02,Kern,029,883053,96654,95668,10678,106346,1299
2021-05-02,Kings,031,150075,23047,22816,1080,23896,246
2021-05-02,Lake,033,64148,3471,3443,9,3452,43
2021-05-02,Lassen,035,31185,5179,5142,105,5247,1
2021-05-02,Los Angeles,037,10098052,1200036,1193056,41446,1234502,23943
2021-05-02,Madera,039,155013,16503,16410,920,17330,235
2021-05-02,Marin,041,260295,13973,13917,250,14167,228
2021-05-02,Mariposa,043,17540,421,419,11,430,5
2021-05-02,Mendocino,045,87422,3852,3787,78,3865,46
2021-05-02,Merced,047,269075,30753,30793,979,31772,444
2021-05-02,Modoc,049,8938,370,360,122,482,3
2021-05-02,Mono,051,14174,1246,1259,16,1275,3
2021-05-02,Monterey,053,433212,43015,42837,1861,44698,380
2021-05-02,Napa,055,140530,9812,9805,36,9841,81
2021-05-02,Nevada,057,99092,4717,4635,187,4822,70
2021-05-02,Orange,059,3164182,254377,253025,11219,264244,4968
2021-05-02,Placer,061,380077,22769,22264,1431,23695,287
2021-05-02,Plumas,063,18699,690,675,10,685,4
2021-05-02,Riverside,065,2383286,292766,287197,13935,301132,4412
2021-05-02,Sacramento,067,1510023,103858,103153,1701,104854,1602
2021-05-02,San Benito,069,59416,6029,6037,114,6151,63
2021-05-02,San Bernardino,071,2135413,292055,290859,8934,299793,4655
2021-05-02,San Diego,073,3302833,278051,276521,14559,291080,3712
2021-05-02,San Francisco,075,870044,36341,36522,1274,37796,541
2021-05-02,San Joaquin,077,732212,72186,71447,3481,74928,1325
2021-05-02,San Luis Obispo,079,281455,21191,20910,718,21628,254
2021-05-02,San Mateo,081,765935,41997,41656,462,42118,412
2021-05-02,Santa Barbara,083,443738,34282,34106,1195,35301,453
2021-05-02,Santa Clara,085,1922200,117768,118321,747,119068,1988
2021-05-02,Santa Cruz,087,273765,16123,15995,812,16807,207
2021-05-02,Shasta,089,179085,11943,11885,1488,13373,197
2021-05-02,Sierra,091,2930,56,54,12,66,0
2021-05-02,Siskiyou,093,43540,1788,1661,309,1970,11
2021-05-02,Solano,095,438530,32266,32151,516,32667,249
2021-05-02,Sonoma,097,501317,29686,29842,323,30165,318
2021-05-02,Stanislaus,099,539301,55374,55057,5838,60895,774
2021-05-02,Sutter,101,95872,9385,9363,82,9445,111
2021-05-02,Tehama,103,63373,4978,4950,559,5509,53
2021-05-02,Trinity,105,12862,482,326,87,413,3
2021-05-02,Tulare,107,460477,49837,48834,8916,57750,835
2021-05-02,Tuolumne,109,53932,3978,4038,38,4076,61
2021-05-02,Ventura,111,848112,80929,80284,2967,83251,1005
2021-05-02,Yolo,113,214977,13820,13799,288,14087,208
2021-05-02,Yuba,115,75493,5916,5879,121,6000,44
2021-05-01,Alameda,001,1643700,86928,86704,1923,88627,1270
2021-05-01,Alpine,003,1148,87,88,0,88,0
2021-05-01,Amador,005,37829,3651,3650,33,3683,46
2021-05-01,Butte,007,227075,12221,11845,1774,13619,198
2021-05-01,Calaveras,009,45235,2098,2096,14,2110,50
2021-05-01,Colusa,011,21464,1929,1931,295,2226,14
2021-05-01,Contra Costa,013,1133247,68362,67779,1228,69007,800
2021-05-01,Del Norte,015,27424,1344,1292,11,1303,6
2021-05-01,El Dorado,017,186661,10050,9944,701,10645,110
2021-05-01,Fresno,019,978130,101860,101326,8600,109926,1678
2021-05-01,Glenn,021,27897,2392,2369,541,2910,17
2021-05-01,Humboldt,023,135768,3881,3845,31,3876,36
2021-05-01,Imperial,025,180216,28320,28262,2792,31054,721
2021-05-01,Inyo,027,18085,1398,1397,11,1408,36
2021-05-01,Kern,029,883053,96627,95645,10666,106311,1299
2021-05-01,Kings,031,150075,23044,22797,1079,23876,246
2021-05-01,Lake,033,64148,3469,3441,9,3450,43
2021-05-01,Lassen,035,31185,5177,5142,105,5247,1
2021-05-01,Los Angeles,037,10098052,1199867,1192781,41431,1234212,23946
2021-05-01,Madera,039,155013,16499,16408,920,17328,235
2021-05-01,Marin,041,260295,13966,13902,250,14152,228
2021-05-01,Mariposa,043,17540,421,418,11,429,5
2021-05-01,Mendocino,045,87422,3850,3782,78,3860,46
2021-05-01,Merced,047,269075,30735,30771,979,31750,444
2021-05-01,Modoc,049,8938,370,361,122,483,3
2021-05-01,Mono,051,14174,1246,1258,16,1274,3
2021-05-01,Monterey,053,433212,43009,42828,1861,44689,379
2021-05-01,Napa,055,140530,9809,9800,36,9836,81
2021-05-01,Nevada,057,99092,4712,4625,187,4812,70
2021-05-01,Orange,059,3164182,254334,252969,11208,264177,4964
2021-05-01,Placer,061,380077,22743,22240,1429,23669,287
2021-05-01,Plumas,063,18699,689,675,10,685,4
2021-05-01,Riverside,065,2383286,292727,287129,13933,301062,4412
2021-05-01,Sacramento,067,1510023,103777,103043,1700,104743,1602
2021-05-01,San Benito,069,59416,6026,6030,114,6144,63
2021-05-01,San Bernardino,071,2135413,292012,290802,8932,299734,4652
2021-05-01,San Diego,073,3302833,277927,276367,14538,290905,3706
2021-05-01,San Francisco,075,870044,36326,36496,1274,37770,541
2021-05-01,San Joaquin,077,732212,72138,71389,3479,74868,1325
2021-05-01,San Luis Obispo,079,281455,21186,20896,718,21614,254
2021-05-01,San Mateo,081,765935,41968,41617,461,42078,411
2021-05-01,Santa Barbara,083,443738,34277,34085,1194,35279,453
2021-05-01,Santa Clara,085,1922200,117716,118265,745,119010,1988
2021-05-01,Santa Cruz,087,273765,16120,15984,812,16796,207
2021-05-01,Shasta,089,179085,11923,11878,1480,13358,197
2021-05-01,Sierra,091,2930,56,53,12,65,0
2021-05-01,Siskiyou,093,43540,1780,1653,308,1961,11
2021-05-01,Solano,095,438530,32236,32124,508,32632,249
2021-05-01,Sonoma,097,501317,29683,29835,323,30158,318
2021-05-01,Stanislaus,099,539301,55339,55005,5832,60837,774
2021-05-01,Sutter,101,95872,9382,9358,82,9440,110
2021-05-01,Tehama,103,63373,4977,4950,558,5508,53
2021-05-01,Trinity,105,12862,482,326,86,412,3
2021-05-01,Tulare,107,460477,49830,48818,8910,57728,835
2021-05-01,Tuolumne,109,53932,3972,4035,38,4073,61
2021-05-01,Ventura,111,848112,80911,80268,2967,83235,1005
2021-05-01,Yolo,113,214977,13813,13784,286,14070,208
2021-05-01,Yuba,115,75493,5914,5875,121,5996,44
2021-04-30,Alameda,001,1643700,86867,86602,1920,88522,1268
2021-04-30,Alpine,003,1148,87,88,0,88,0
2021-04-30,Amador,005,37829,3649,3650,33,3683,46
2021-04-30,Butte,007,227075,12202,11812,1770,13582,197
2021-04-30,Calaveras,009,45235,2097,2087,14,2101,50
2021-04-30,Colusa,011,21464,1929,1931,294,2225,14
2021-04-30,Contra Costa,013,1133247,68314,67684,1225,68909,800
2021-04-30,Del Norte,015,27424,1332,1276,11,1287,6
2021-04-30,El Dorado,017,186661,10036,9906,701,10607,110
2021-04-30,Fresno,019,978130,101814,101263,8596,109859,1670
2021-04-30,Glenn,021,27897,2391,2369,541,2910,17
2021-04-30,Humboldt,023,135768,3868,3834,31,3865,36
2021-04-30,Imperial,025,180216,28311,28244,2789,31033,721
2021-04-30,Inyo,027,18085,1398,1397,11,1408,36
2021-04-30,Kern,029,883053,96610,95605,10662,106267,1298
2021-04-30,Kings,031,150075,23041,22793,1078,23871,246
2021-04-30,Lake,033,64148,3465,3440,9,3449,43
2021-04-30,Lassen,035,31185,5176,5140,105,5245,1
2021-04-30,Los Angeles,037,10098052,1199657,1192393,41418,1233811,23919
2021-04-30,Madera,039,155013,16493,16395,920,17315,235
2021-04-30,Marin,041,260295,13958,13895,248,14143,228
2021-04-30,Mariposa,043,17540,421,417,11,428,5
2021-04-30,Mendocino,045,87422,3846,3777,78,3855,46
2021-04-30,Merced,047,269075,30722,30740,978,31718,444
2021-04-30,Modoc,049,8938,369,360,122,482,3
2021-04-30,Mono,051,14174,1246,1258,16,1274,3
2021-04-30,Monterey,053,433212,42995,42810,1860,44670,379
2021-04-30,Napa,055,140530,9805,9792,36,9828,81
2021-04-30,Nevada,057,99092,4704,4608,187,4795,70
2021-04-30,Orange,059,3164182,254277,252883,11202,264085,4956
2021-04-30,Placer,061,380077,22724,22190,1425,23615,287
2021-04-30,Plumas,063,18699,689,677,10,687,4
2021-04-30,Riverside,065,2383286,292669,287030,13926,300956,4412
2021-04-30,Sacramento,067,1510023,103676,102864,1696,104560,1596
2021-04-30,San Benito,069,59416,6022,6024,113,6137,63
2021-04-30,San Bernardino,071,2135413,291951,290704,8931,299635,4640
2021-04-30,San Diego,073,3302833,277833,276157,14527,290684,3702
2021-04-30,San Francisco,075,870044,36315,36453,1273,37726,538
2021-04-30,San Joaquin,077,732212,72086,71311,3476,74787,1306
2021-04-30,San Luis Obispo,079,281455,21180,20884,718,21602,255
2021-04-30,San Mateo,081,765935,41953,41583,460,42043,380
2021-04-30,Santa Barbara,083,443738,34264,34061,1194,35255,451
2021-04-30,Santa Clara,085,1922200,117658,118170,741,118911,1988
2021-04-30,Santa Cruz,087,273765,16115,15975,812,16787,207
2021-04-30,Shasta,089,179085,11902,11848,1477,13325,197
2021-04-30,Sierra,091,2930,56,53,12,65,0
2021-04-30,Siskiyou,093,43540,1769,1628,305,1933,11
2021-04-30,Solano,095,438530,32204,32050,505,32555,249
2021-04-30,Sonoma,097,501317,29673,29816,321,30137,318
2021-04-30,Stanislaus,099,539301,55288,54938,5829,60767,774
2021-04-30,Sutter,101,95872,9380,9353,82,9435,110
2021-04-30,Tehama,103,63373,4975,4944,558,5502,53
2021-04-30,Trinity,105,12862,482,326,86,412,3
2021-04-30,Tulare,107,460477,49820,48797,8894,57691,836
2021-04-30,Tuolumne,109,53932,3971,4033,38,4071,61
2021-04-30,Ventura,111,848112,80871,80232,2962,83194,1004
2021-04-30,Yolo,113,214977,13801,13756,286,14042,208
2021-04-30,Yuba,115,75493,5906,5870,121,5991,44
2021-04-29,Alameda,001,1643700,86800,86490,1919,88409,1263
2021-04-29,Alpine,003,1148,87,88,0,88,0
2021-04-29,Amador,005,37829,3649,3649,33,3682,46
2021-04-29,Butte,007,227075,12187,11787,1768,13555,196
2021-04-29,Calaveras,009,45235,2094,2082,14,2096,50
2021-04-29,Colusa,011,21464,1929,1929,294,2223,14
2021-04-29,Contra Costa,013,1133247,68259,67606,1222,68828,795
2021-04-29,Del Norte,015,27424,1328,1271,11,1282,6
2021-04-29,El Dorado,017,186661,10016,9884,698,10582,107
2021-04-29,Fresno,019,978130,101760,101189,8585,109774,1667
2021-04-29,Glenn,021,27897,2388,2369,541,2910,17
2021-04-29,Humboldt,023,135768,3854,3815,31,3846,36
2021-04-29,Imperial,025,180216,28299,28235,2788,31023,720
2021-04-29,Inyo,027,18085,1398,1396,11,1407,36
2021-04-29,Kern,029,883053,96577,95547,10658,106205,1295
2021-04-29,Kings,031,150075,23031,22777,1073,23850,245
2021-04-29,Lake,033,64148,3457,3438,9,3447,43
2021-04-29,Lassen,035,31185,5176,5140,105,5245,1
2021-04-29,Los Angeles,037,10098052,1199379,1192068,41397,1233465,23899
2021-04-29,Madera,039,155013,16488,16383,919,17302,235
2021-04-29,Marin,041,260295,13954,13884,240,14124,228
2021-04-29,Mariposa,043,17540,420,416,11,427,5
2021-04-29,Mendocino,045,87422,3840,3774,78,3852,46
2021-04-29,Merced,047,269075,30702,30706,978,31684,444
2021-04-29,Modoc,049,8938,369,360,122,482,3
2021-04-29,Mono,051,14174,1244,1259,16,1275,3
2021-04-29,Monterey,053,433212,42978,42797,1859,44656,379
2021-04-29,Napa,055,140530,9791,9789,36,9825,81
2021-04-29,Nevada,057,99092,4693,4590,187,4777,70
2021-04-29,Orange,059,3164182,254207,252823,11187,264010,4934
2021-04-29,Placer,061,380077,22699,22161,1423,23584,286
2021-04-29,Plumas,063,18699,688,676,10,686,4
2021-04-29,Riverside,065,2383286,292601,286947,13923,300870,4409
2021-04-29,Sacramento,067,1510023,103543,102686,1686,104372,1593
2021-04-29,San Benito,069,59416,6021,6023,113,6136,63
2021-04-29,San Bernardino,071,2135413,291879,290606,8926,299532,4609
2021-04-29,San Diego,073,3302833,277683,275961,14510,290471,3700
2021-04-29,San Francisco,075,870044,36289,36412,1273,37685,537
2021-04-29,San Joaquin,077,732212,72020,71225,3471,74696,1301
2021-04-29,San Luis Obispo,079,281455,21169,20876,718,21594,255
2021-04-29,San Mateo,081,765935,41925,41538,459,41997,358
2021-04-29,Santa Barbara,083,443738,34248,34039,1192,35231,448
2021-04-29,Santa Clara,085,1922200,117603,118082,738,118820,1984
2021-04-29,Santa Cruz,087,273765,16109,15961,812,16773,205
2021-04-29,Shasta,089,179085,11871,11836,1469,13305,193
2021-04-29,Sierra,091,2930,56,53,12,65,0
2021-04-29,Siskiyou,093,43540,1760,1615,302,1917,11
2021-04-29,Solano,095,438530,32163,32002,501,32503,248
2021-04-29,Sonoma,097,501317,29658,29785,318,30103,318
2021-04-29,Stanislaus,099,539301,55221,54836,5824,60660,774
2021-04-29,Sutter,101,95872,9373,9346,82,9428,110
2021-04-29,Tehama,103,63373,4967,4939,558,5497,53
2021-04-29,Trinity,105,12862,482,326,86,412,3
2021-04-29,Tulare,107,460477,49802,48785,8882,57667,832
2021-04-29,Tuolumne,109,53932,3970,4030,38,4068,58
2021-04-29,Ventura,111,848112,80837,80188,2960,83148,1002
2021-04-29,Yolo,113,214977,13781,13745,285,14030,205
2021-04-29,Yuba,115,75493,5896,5865,121,5986,44
2021-04-28,Alameda,001,1643700,86728,86390,1915,88305,1260
2021-04-28,Alpine,003,1148,87,88,0,88,0
2021-04-28,Amador,005,37829,3649,3646,33,3679,46
2021-04-28,Butte,007,227075,12167,11762,1763,13525,196
2021-04-28,Calaveras,009,45235,2090,2078,13,2091,50
2021-04-28,Colusa,011,21464,1926,1927,293,2220,14
2021-04-28,Contra Costa,013,1133247,68199,67539,1221,68760,795
2021-04-28,Del Norte,015,27424,1320,1267,11,1278,6
2021-04-28,El Dorado,017,186661,9992,9873,698,10571,107
2021-04-28,Fresno,019,978130,101713,101161,8575,109736,1666
2021-04-28,Glenn,021,27897,2385,2368,541,2909,17
2021-04-28,Humboldt,023,135768,3838,3796,31,3827,36
2021-04-28,Imperial,025,180216,28285,28177,2786,30963,720
2021-04-28,Inyo,027,18085,1398,1396,10,1406,36
2021-04-28,Kern,029,883053,96547,95494,10649,106143,1295
2021-04-28,Kings,031,150075,23019,22767,1071,23838,245
2021-04-28,Lake,033,64148,3454,3433,9,3442,43
2021-04-28,Lassen,035,31185,5176,5138,105,5243,1
2021-04-28,Los Angeles,037,10098052,1199083,1191729,41371,1233100,23858
2021-04-28,Madera,039,155013,16484,16372,919,17291,235
2021-04-28,Marin,041,260295,13943,13866,240,14106,227
2021-04-28,Mariposa,043,17540,417,415,11,426,5
2021-04-28,Mendocino,045,87422,3834,3770,76,3846,46
2021-04-28,Merced,047,269075,30683,30649,978,31627,443
2021-04-28,Modoc,049,8938,369,360,122,482,3
2021-04-28,Mono,051,14174,1244,1258,16,1274,3
2021-04-28,Monterey,053,433212,42973,42776,1859,44635,379
2021-04-28,Napa,055,140530,9780,9777,36,9813,81
2021-04-28,Nevada,057,99092,4673,4570,187,4757,70
2021-04-28,Orange,059,3164182,254127,252747,11174,263921,4931
2021-04-28,Placer,061,380077,22672,22115,1422,23537,285
2021-04-28,Plumas,063,18699,688,676,10,686,4
2021-04-28,Riverside,065,2383286,292545,286868,13917,300785,4407
2021-04-28,Sacramento,067,1510023,103421,102613,1682,104295,1591
2021-04-28,San Benito,069,59416,6019,6021,113,6134,63
2021-04-28,San Bernardino,071,2135413,291800,290548,8916,299464,4582
2021-04-28,San Diego,073,3302833,277528,275821,14496,290317,3698
2021-04-28,San Francisco,075,870044,36259,36382,1272,37654,534
2021-04-28,San Joaquin,077,732212,71940,71171,3463,74634,1301
2021-04-28,San Luis Obispo,079,281455,21161,20851,718,21569,255
2021-04-28,San Mateo,081,765935,41900,41498,457,41955,358
2021-04-28,Santa Barbara,083,443738,34234,34003,1192,35195,448
2021-04-28,Santa Clara,085,1922200,117534,117997,736,118733,1969
2021-04-28,Santa Cruz,087,273765,16105,15943,811,16754,205
2021-04-28,Shasta,089,179085,11855,11815,1462,13277,192
2021-04-28,Sierra,091,2930,56,51,12,63,0
2021-04-28,Siskiyou,093,43540,1747,1603,300,1903,11
2021-04-28,Solano,095,438530,32131,31982,496,32478,248
2021-04-28,Sonoma,097,501317,29644,29773,314,30087,318
2021-04-28,Stanislaus,099,539301,55166,54745,5821,60566,774
2021-04-28,Sutter,101,95872,9368,9343,82,9425,110
2021-04-28,Tehama,103,63373,4961,4930,557,5487,53
2021-04-28,Trinity,105,12862,482,326,86,412,3
2021-04-28,Tulare,107,460477,49784,48754,8867,57621,832
2021-04-28,Tuolumne,109,53932,3967,4029,38,4067,58
2021-04-28,Ventura,111,848112,80802,80172,2958,83130,1000
2021-04-28,Yolo,113,214977,13766,13721,284,14005,205
2021-04-28,Yuba,115,75493,5890,5857,121,5978,44
2021-04-27,Alameda,001,1643700,86637,86301,1909,88210,1260
2021-04-27,Alpine,003,1148,87,88,0,88,0
2021-04-27,Amador,005,37829,3649,3645,33,3678,46
2021-04-27,Butte,007,227075,12142,11738,1757,13495,196
2021-04-27,Calaveras,009,45235,2089,2076,13,2089,50
2021-04-27,Colusa,011,21464,1925,1926,293,2219,14
2021-04-27,Contra Costa,013,1133247,68130,67470,1217,68687,791
2021-04-27,Del Norte,015,27424,1308,1266,11,1277,6
2021-04-27,El Dorado,017,186661,9963,9866,695,10561,106
2021-04-27,Fresno,019,978130,101648,101138,8565,109703,1663
2021-04-27,Glenn,021,27897,2385,2368,541,2909,17
2021-04-27,Humboldt,023,135768,3826,3780,31,3811,35
2021-04-27,Imperial,025,180216,28269,28149,2779,30928,720
2021-04-27,Inyo,027,18085,1398,1396,10,1406,36
2021-04-27,Kern,029,883053,96490,95466,10638,106104,1295
2021-04-27,Kings,031,150075,23004,22759,1069,23828,244
2021-04-27,Lake,033,64148,3453,3431,9,3440,43
2021-04-27,Lassen,035,31185,5176,5137,105,5242,1
2021-04-27,Los Angeles,037,10098052,1198760,1191504,41341,1232845,23825
2021-04-27,Madera,039,155013,16477,16365,919,17284,235
2021-04-27,Marin,041,260295,13921,13855,240,14095,227
2021-04-27,Mariposa,043,17540,416,413,11,424,5
2021-04-27,Mendocino,045,87422,3830,3765,76,3841,46
2021-04-27,Merced,047,269075,30643,30620,978,31598,443
2021-04-27,Modoc,049,8938,368,360,122,482,3
2021-04-27,Mono,051,14174,1244,1257,16,1273,3
2021-04-27,Monterey,053,433212,42955,42752,1856,44608,379
2021-04-27,Napa,055,140530,9773,9774,34,9808,81
2021-04-27,Nevada,057,99092,4658,4557,187,4744,70
2021-04-27,Orange,059,3164182,254058,252667,11169,263836,4925
2021-04-27,Placer,061,380077,22641,22050,1419,23469,285
2021-04-27,Plumas,063,18699,687,675,10,685,4
2021-04-27,Riverside,065,2383286,292469,286820,13913,300733,4405
2021-04-27,Sacramento,067,1510023,103292,102595,1672,104267,1589
2021-04-27,San Benito,069,59416,6014,6016,113,6129,63
2021-04-27,San Bernardino,071,2135413,291732,290461,8911,299372,4575
2021-04-27,San Diego,073,3302833,277371,275685,14476,290161,3692
2021-04-27,San Francisco,075,870044,36231,36358,1271,37629,533
2021-04-27,San Joaquin,077,732212,71887,71104,3457,74561,1301
2021-04-27,San Luis Obispo,079,281455,21154,20841,718,21559,255
2021-04-27,San Mateo,081,765935,41865,41474,456,41930,358
2021-04-27,Santa Barbara,083,443738,34211,33973,1191,35164,448
2021-04-27,Santa Clara,085,1922200,117484,117945,735,118680,1969
2021-04-27,Santa Cruz,087,273765,16098,15905,810,16715,205
2021-04-27,Shasta,089,179085,11827,11802,1455,13257,192
2021-04-27,Sierra,091,2930,56,51,12,63,0
2021-04-27,Siskiyou,093,43540,1732,1597,299,1896,11
2021-04-27,Solano,095,438530,32083,31964,495,32459,248
2021-04-27,Sonoma,097,501317,29626,29761,313,30074,318
2021-04-27,Stanislaus,099,539301,55096,54695,5813,60508,752
2021-04-27,Sutter,101,95872,9363,9342,82,9424,110
2021-04-27,Tehama,103,63373,4958,4922,553,5475,53
2021-04-27,Trinity,105,12862,482,326,86,412,3
2021-04-27,Tulare,107,460477,49768,48744,8858,57602,832
2021-04-27,Tuolumne,109,53932,3964,4028,38,4066,58
2021-04-27,Ventura,111,848112,80773,80152,2956,83108,1000
2021-04-27,Yolo,113,214977,13753,13697,282,13979,205
2021-04-27,Yuba,115,75493,5890,5853,121,5974,44
2021-04-26,Alameda,001,1643700,86545,86230,1906,88136,1256
2021-04-26,Alpine,003,1148,87,88,0,88,0
2021-04-26,Amador,005,37829,3648,3645,33,3678,46
2021-04-26,Butte,007,227075,12118,11720,1753,13473,196
2021-04-26,Calaveras,009,45235,2084,2074,13,2087,50
2021-04-26,Colusa,011,21464,1925,1925,292,2217,14
2021-04-26,Contra Costa,013,1133247,68062,67392,1213,68605,789
2021-04-26,Del Norte,015,27424,1299,1263,11,1274,6
2021-04-26,El Dorado,017,186661,9942,9849,694,10543,106
2021-04-26,Fresno,019,978130,101593,101099,8551,109650,1662
2021-04-26,Glenn,021,27897,2383,2367,541,2908,17
2021-04-26,Humboldt,023,135768,3816,3764,30,3794,35
2021-04-26,Imperial,025,180216,28256,28148,2774,30922,720
2021-04-26,Inyo,027,18085,1397,1396,10,1406,36
2021-04-26,Kern,029,883053,96463,95429,10632,106061,1295
2021-04-26,Kings,031,150075,23001,22756,1066,23822,244
2021-04-26,Lake,033,64148,3448,3428,9,3437,43
2021-04-26,Lassen,035,31185,5176,5138,105,5243,1
2021-04-26,Los Angeles,037,10098052,1198433,1191253,41322,1232575,23802
2021-04-26,Madera,039,155013,16465,16353,918,17271,231
2021-04-26,Marin,041,260295,13906,13849,240,14089,227
2021-04-26,Mariposa,043,17540,415,410,11,421,5
2021-04-26,Mendocino,045,87422,3828,3757,75,3832,46
2021-04-26,Merced,047,269075,30626,30611,975,31586,443
2021-04-26,Modoc,049,8938,368,360,122,482,3
2021-04-26,Mono,051,14174,1244,1258,16,1274,3
2021-04-26,Monterey,053,433212,42939,42740,1855,44595,379
2021-04-26,Napa,055,140530,9761,9769,34,9803,79
2021-04-26,Nevada,057,99092,4637,4548,187,4735,70
2021-04-26,Orange,059,3164182,253974,252592,11158,263750,4919
2021-04-26,Placer,061,380077,22612,22032,1414,23446,285
2021-04-26,Plumas,063,18699,687,670,10,680,4
2021-04-26,Riverside,065,2383286,292407,286724,13905,300629,4401
2021-04-26,Sacramento,067,1510023,103120,102459,1659,104118,1587
2021-04-26,San Benito,069,59416,6012,6013,113,6126,63
2021-04-26,San Bernardino,071,2135413,291681,290394,8910,299304,4572
2021-04-26,San Diego,073,3302833,277197,275541,14448,289989,3692
2021-04-26,San Francisco,075,870044,36203,36330,1270,37600,532
2021-04-26,San Joaquin,077,732212,71821,71050,3449,74499,1301
2021-04-26,San Luis Obispo,079,281455,21146,20830,717,21547,255
2021-04-26,San Mateo,081,765935,41835,41457,456,41913,357
2021-04-26,Santa Barbara,083,443738,34180,33948,1191,35139,448
2021-04-26,Santa Clara,085,1922200,117384,117874,732,118606,1968
2021-04-26,Santa Cruz,087,273765,16089,15877,810,16687,205
2021-04-26,Shasta,089,179085,11810,11787,1449,13236,192
2021-04-26,Sierra,091,2930,55,51,12,63,0
2021-04-26,Siskiyou,093,43540,1722,1592,296,1888,11
2021-04-26,Solano,095,438530,32038,31913,493,32406,247
2021-04-26,Sonoma,097,501317,29603,29755,311,30066,318
2021-04-26,Stanislaus,099,539301,55006,54638,5807,60445,744
2021-04-26,Sutter,101,95872,9358,9328,82,9410,110
2021-04-26,Tehama,103,63373,4953,4920,550,5470,53
2021-04-26,Trinity,105,12862,482,326,86,412,3
2021-04-26,Tulare,107,460477,49748,48735,8849,57584,831
2021-04-26,Tuolumne,109,53932,3963,4024,38,4062,58
2021-04-26,Ventura,111,848112,80748,80137,2953,83090,999
2021-04-26,Yolo,113,214977,13733,13684,279,13963,205
2021-04-26,Yuba,115,75493,5888,5851,121,5972,44
2021-04-25,Alameda,001,1643700,86441,86162,1899,88061,1256
2021-04-25,Alpine,003,1148,87,87,0,87,0
2021-04-25,Amador,005,37829,3647,3643,33,3676,46
2021-04-25,Butte,007,227075,12089,11709,1746,13455,196
2021-04-25,Calaveras,009,45235,2078,2072,12,2084,50
2021-04-25,Colusa,011,21464,1924,1924,292,2216,14
2021-04-25,Contra Costa,013,1133247,67969,67316,1212,68528,789
2021-04-25,Del Norte,015,27424,1293,1259,11,1270,6
2021-04-25,El Dorado,017,186661,9926,9837,692,10529,106
2021-04-25,Fresno,019,978130,101534,101061,8539,109600,1662
2021-04-25,Glenn,021,27897,2383,2366,541,2907,17
2021-04-25,Humboldt,023,135768,3803,3751,30,3781,35
2021-04-25,Imperial,025,180216,28230,28136,2771,30907,720
2021-04-25,Inyo,027,18085,1397,1396,10,1406,36
2021-04-25,Kern,029,883053,96397,95398,10619,106017,1295
2021-04-25,Kings,031,150075,22987,22755,1064,23819,244
2021-04-25,Lake,033,64148,3446,3427,9,3436,43
2021-04-25,Lassen,035,31185,5174,5138,105,5243,1
2021-04-25,Los Angeles,037,10098052,1198099,1190970,41302,1232272,23799
2021-04-25,Madera,039,155013,16453,16346,918,17264,231
2021-04-25,Marin,041,260295,13897,13852,240,14092,227
2021-04-25,Mariposa,043,17540,415,410,11,421,5
2021-04-25,Mendocino,045,87422,3821,3757,75,3832,46
2021-04-25,Merced,047,269075,30591,30586,975,31561,443
2021-04-25,Modoc,049,8938,368,360,122,482,3
2021-04-25,Mono,051,14174,1244,1257,16,1273,3
2021-04-25,Monterey,053,433212,42926,42737,1853,44590,379
2021-04-25,Napa,055,140530,9756,9762,34,9796,79
2021-04-25,Nevada,057,99092,4625,4536,187,4723,70
2021-04-25,Orange,059,3164182,253898,252531,11151,263682,4919
2021-04-25,Placer,061,380077,22565,22011,1406,23417,285
2021-04-25,Plumas,063,18699,686,670,10,680,4
2021-04-25,Riverside,065,2383286,292313,286651,13899,300550,4401
2021-04-25,Sacramento,067,1510023,102952,102319,1649,103968,1587
2021-04-25,San Benito,069,59416,6010,6014,112,6126,63
2021-04-25,San Bernardino,071,2135413,291606,290357,8902,299259,4571
2021-04-25,San Diego,073,3302833,276984,275412,14415,289827,3692
2021-04-25,San Francisco,075,870044,36172,36310,1270,37580,532
2021-04-25,San Joaquin,077,732212,71726,70987,3439,74426,1301
2021-04-25,San Luis Obispo,079,281455,21127,20820,715,21535,255
2021-04-25,San Mateo,081,765935,41800,41465,455,41920,356
2021-04-25,Santa Barbara,083,443738,34154,33931,1191,35122,448
2021-04-25,Santa Clara,085,1922200,117305,117778,730,118508,1968
2021-04-25,Santa Cruz,087,273765,16083,15868,808,16676,205
2021-04-25,Shasta,089,179085,11787,11784,1444,13228,192
2021-04-25,Sierra,091,2930,55,51,12,63,0
2021-04-25,Siskiyou,093,43540,1711,1580,294,1874,11
2021-04-25,Solano,095,438530,31991,31864,485,32349,247
2021-04-25,Sonoma,097,501317,29585,29756,311,30067,318
2021-04-25,Stanislaus,099,539301,54910,54543,5799,60342,744
2021-04-25,Sutter,101,95872,9352,9326,82,9408,110
2021-04-25,Tehama,103,63373,4949,4916,548,5464,53
2021-04-25,Trinity,105,12862,482,326,86,412,3
2021-04-25,Tulare,107,460477,49732,48728,8835,57563,831
2021-04-25,Tuolumne,109,53932,3961,4022,38,4060,58
2021-04-25,Ventura,111,848112,80724,80110,2953,83063,999
2021-04-25,Yolo,113,214977,13710,13667,277,13944,205
2021-04-25,Yuba,115,75493,5885,5849,120,5969,44
2021-04-24,Alameda,001,1643700,86387,86016,1897,87913,1257
2021-04-24,Alpine,003,1148,87,86,0,86,0
2021-04-24,Amador,005,37829,3646,3640,33,3673,46
2021-04-24,Butte,007,227075,12073,11678,1744,13422,196
2021-04-24,Calaveras,009,45235,2074,2067,12,2079,50
2021-04-24,Colusa,011,21464,1923,1921,292,2213,14
2021-04-24,Contra Costa,013,1133247,67899,67222,1210,68432,789
2021-04-24,Del Norte,015,27424,1288,1255,11,1266,6
2021-04-24,El Dorado,017,186661,9915,9814,691,10505,106
2021-04-24,Fresno,019,978130,101503,100991,8533,109524,1662
2021-04-24,Glenn,021,27897,2383,2363,541,2904,17
2021-04-24,Humboldt,023,135768,3789,3722,30,3752,35
2021-04-24,Imperial,025,180216,28223,28124,2770,30894,720
2021-04-24,Inyo,027,18085,1396,1396,10,1406,36
2021-04-24,Kern,029,883053,96378,95365,10609,105974,1295
2021-04-24,Kings,031,150075,22984,22749,1064,23813,244
2021-04-24,Lake,033,64148,3445,3426,9,3435,43
2021-04-24,Lassen,035,31185,5173,5137,105,5242,1
2021-04-24,Los Angeles,037,10098052,1197872,1190603,41286,1231889,23802
2021-04-24,Madera,039,155013,16450,16338,918,17256,231
2021-04-24,Marin,041,260295,13889,13847,240,14087,227
2021-04-24,Mariposa,043,17540,415,409,11,420,5
2021-04-24,Mendocino,045,87422,3819,3754,73,3827,46
2021-04-24,Merced,047,269075,30571,30559,975,31534,443
2021-04-24,Modoc,049,8938,368,360,122,482,3
2021-04-24,Mono,051,14174,1244,1256,16,1272,3
2021-04-24,Monterey,053,433212,42914,42727,1852,44579,379
2021-04-24,Napa,055,140530,9750,9756,34,9790,79
2021-04-24,Nevada,057,99092,4618,4522,187,4709,70
2021-04-24,Orange,059,3164182,253854,252441,11145,263586,4910
2021-04-24,Placer,061,380077,22553,21983,1405,23388,285
2021-04-24,Plumas,063,18699,685,670,10,680,4
2021-04-24,Riverside,065,2383286,292245,286552,13895,300447,4400
2021-04-24,Sacramento,067,1510023,102869,102179,1642,103821,1587
2021-04-24,San Benito,069,59416,6008,6007,112,6119,63
2021-04-24,San Bernardino,071,2135413,291557,290264,8901,299165,4568
2021-04-24,San Diego,073,3302833,276880,275252,14395,289647,3688
2021-04-24,San Francisco,075,870044,36143,36285,1266,37551,532
2021-04-24,San Joaquin,077,732212,71682,70911,3436,74347,1301
2021-04-24,San Luis Obispo,079,281455,21117,20797,714,21511,255
2021-04-24,San Mateo,081,765935,41787,41424,453,41877,355
2021-04-24,Santa Barbara,083,443738,34139,33911,1190,35101,448
2021-04-24,Santa Clara,085,1922200,117250,117674,728,118402,1968
2021-04-24,Santa Cruz,087,273765,16075,15840,808,16648,205
2021-04-24,Shasta,089,179085,11769,11770,1441,13211,192
2021-04-24,Sierra,091,2930,55,51,12,63,0
2021-04-24,Siskiyou,093,43540,1701,1574,293,1867,11
2021-04-24,Solano,095,438530,31968,31821,482,32303,247
2021-04-24,Sonoma,097,501317,29583,29739,311,30050,318
2021-04-24,Stanislaus,099,539301,54861,54455,5796,60251,744
2021-04-24,Sutter,101,95872,9349,9316,82,9398,110
2021-04-24,Tehama,103,63373,4944,4907,548,5455,53
2021-04-24,Trinity,105,12862,482,326,86,412,3
2021-04-24,Tulare,107,460477,49721,48705,8825,57530,830
2021-04-24,Tuolumne,109,53932,3957,4020,38,4058,58
2021-04-24,Ventura,111,848112,80711,80097,2951,83048,999
2021-04-24,Yolo,113,214977,13699,13653,277,13930,205
2021-04-24,Yuba,115,75493,5883,5837,120,5957,44
2021-04-23,Alameda,001,1643700,86313,85935,1894,87829,1256
2021-04-23,Alpine,003,1148,86,86,0,86,0
2021-04-23,Amador,005,37829,3645,3637,33,3670,46
2021-04-23,Butte,007,227075,12052,11672,1739,13411,196
2021-04-23,Calaveras,009,45235,2072,2064,12,2076,50
2021-04-23,Colusa,011,21464,1922,1921,292,2213,14
2021-04-23,Contra Costa,013,1133247,67844,67164,1208,68372,785
2021-04-23,Del Norte,015,27424,1287,1254,11,1265,6
2021-04-23,El Dorado,017,186661,9898,9788,688,10476,106
2021-04-23,Fresno,019,978130,101462,100928,8527,109455,1662
2021-04-23,Glenn,021,27897,2383,2361,540,2901,17
2021-04-23,Humboldt,023,135768,3779,3698,30,3728,35
2021-04-23,Imperial,025,180216,28208,28108,2768,30876,720
2021-04-23,Inyo,027,18085,1396,1395,10,1405,36
2021-04-23,Kern,029,883053,96353,95330,10603,105933,1295
2021-04-23,Kings,031,150075,22981,22735,1064,23799,244
2021-04-23,Lake,033,64148,3443,3425,9,3434,43
2021-04-23,Lassen,035,31185,5173,5141,105,5246,1
2021-04-23,Los Angeles,037,10098052,1197609,1190264,41260,1231524,23785
2021-04-23,Madera,039,155013,16441,16328,918,17246,231
2021-04-23,Marin,041,260295,13884,13838,240,14078,227
2021-04-23,Mariposa,043,17540,414,405,11,416,5
2021-04-23,Mendocino,045,87422,3817,3745,72,3817,46
2021-04-23,Merced,047,269075,30553,30530,975,31505,443
2021-04-23,Modoc,049,8938,368,360,122,482,3
2021-04-23,Mono,051,14174,1242,1256,16,1272,3
2021-04-23,Monterey,053,433212,42908,42722,1852,44574,377
2021-04-23,Napa,055,140530,9745,9752,34,9786,79
2021-04-23,Nevada,057,99092,4609,4510,187,4697,70
2021-04-23,Orange,059,3164182,253810,252399,11138,263537,4904
2021-04-23,Placer,061,380077,22530,21959,1404,23363,282
2021-04-23,Plumas,063,18699,684,670,10,680,4
2021-04-23,Riverside,065,2383286,292186,286456,13890,300346,4399
2021-04-23,Sacramento,067,1510023,102782,102041,1639,103680,1586
2021-04-23,San Benito,069,59416,6006,6005,112,6117,63
2021-04-23,San Bernardino,071,2135413,291506,290189,8900,299089,4568
2021-04-23,San Diego,073,3302833,276742,275097,14372,289469,3684
2021-04-23,San Francisco,075,870044,36126,36252,1265,37517,532
2021-04-23,San Joaquin,077,732212,71626,70840,3433,74273,1295
2021-04-23,San Luis Obispo,079,281455,21108,20781,713,21494,255
2021-04-23,San Mateo,081,765935,41760,41386,453,41839,355
2021-04-23,Santa Barbara,083,443738,34129,33895,1188,35083,447
2021-04-23,Santa Clara,085,1922200,117188,117593,727,118320,1965
2021-04-23,Santa Cruz,087,273765,16068,15802,808,16610,205
2021-04-23,Shasta,089,179085,11762,11759,1440,13199,192
2021-04-23,Sierra,091,2930,55,51,12,63,0
2021-04-23,Siskiyou,093,43540,1689,1567,292,1859,11
2021-04-23,Solano,095,438530,31936,31784,478,32262,247
2021-04-23,Sonoma,097,501317,29569,29727,311,30038,318
2021-04-23,Stanislaus,099,539301,54798,54391,5788,60179,744
2021-04-23,Sutter,101,95872,9347,9312,82,9394,110
2021-04-23,Tehama,103,63373,4941,4906,548,5454,53
2021-04-23,Trinity,105,12862,482,326,86,412,3
2021-04-23,Tulare,107,460477,49704,48694,8817,57511,829
2021-04-23,Tuolumne,109,53932,3956,4020,38,4058,58
2021-04-23,Ventura,111,848112,80692,80095,2951,83046,996
2021-04-23,Yolo,113,214977,13688,13647,276,13923,205
2021-04-23,Yuba,115,75493,5880,5828,120,5948,44
2021-04-22,Alameda,001,1643700,86223,85829,1893,87722,1253
2021-04-22,Alpine,003,1148,86,86,0,86,0
2021-04-22,Amador,005,37829,3644,3633,33,3666,46
2021-04-22,Butte,007,227075,12038,11656,1736,13392,196
2021-04-22,Calaveras,009,45235,2071,2059,12,2071,50
2021-04-22,Colusa,011,21464,1920,1920,290,2210,14
2021-04-22,Contra Costa,013,1133247,67772,67029,1203,68232,782
2021-04-22,Del Norte,015,27424,1282,1252,11,1263,6
2021-04-22,El Dorado,017,186661,9887,9773,685,10458,106
2021-04-22,Fresno,019,978130,101417,100864,8516,109380,1657
2021-04-22,Glenn,021,27897,2382,2361,540,2901,17
2021-04-22,Humboldt,023,135768,3770,3680,30,3710,35
2021-04-22,Imperial,025,180216,28187,28096,2765,30861,720
2021-04-22,Inyo,027,18085,1395,1394,10,1404,36
2021-04-22,Kern,029,883053,96310,95292,10588,105880,1299
2021-04-22,Kings,031,150075,22971,22725,1064,23789,243
2021-04-22,Lake,033,64148,3441,3423,9,3432,43
2021-04-22,Lassen,035,31185,5173,5155,105,5260,1
2021-04-22,Los Angeles,037,10098052,1197290,1189878,41238,1231116,23762
2021-04-22,Madera,039,155013,16422,16316,918,17234,231
2021-04-22,Marin,041,260295,13876,13832,240,14072,227
2021-04-22,Mariposa,043,17540,413,403,11,414,5
2021-04-22,Mendocino,045,87422,3811,3729,72,3801,46
2021-04-22,Merced,047,269075,30518,30490,974,31464,443
2021-04-22,Modoc,049,8938,368,360,122,482,3
2021-04-22,Mono,051,14174,1242,1254,16,1270,3
2021-04-22,Monterey,053,433212,42901,42708,1850,44558,377
2021-04-22,Napa,055,140530,9735,9734,34,9768,79
2021-04-22,Nevada,057,99092,4600,4504,185,4689,70
2021-04-22,Orange,059,3164182,253737,252307,11126,263433,4898
2021-04-22,Placer,061,380077,22500,21916,1400,23316,282
2021-04-22,Plumas,063,18699,683,670,10,680,4
2021-04-22,Riverside,065,2383286,292087,286362,13881,300243,4398
2021-04-22,Sacramento,067,1510023,102633,101870,1630,103500,1585
2021-04-22,San Benito,069,59416,6002,5998,112,6110,63
2021-04-22,San Bernardino,071,2135413,291435,290125,8891,299016,4571
2021-04-22,San Diego,073,3302833,276576,275913,14350,290263,3684
2021-04-22,San Francisco,075,870044,36104,36218,1262,37480,532
2021-04-22,San Joaquin,077,732212,71567,70751,3426,74177,1295
2021-04-22,San Luis Obispo,079,281455,21094,20761,713,21474,255
2021-04-22,San Mateo,081,765935,41733,41345,451,41796,355
2021-04-22,Santa Barbara,083,443738,34106,33870,1187,35057,446
2021-04-22,Santa Clara,085,1922200,117100,117457,723,118180,1954
2021-04-22,Santa Cruz,087,273765,16065,15737,807,16544,205
2021-04-22,Shasta,089,179085,11747,11738,1437,13175,192
2021-04-22,Sierra,091,2930,55,51,12,63,0
2021-04-22,Siskiyou,093,43540,1685,1564,291,1855,11
2021-04-22,Solano,095,438530,31890,31731,475,32206,247
2021-04-22,Sonoma,097,501317,29554,29705,307,30012,318
2021-04-22,Stanislaus,099,539301,54724,54313,5782,60095,744
2021-04-22,Sutter,101,95872,9343,9302,82,9384,110
2021-04-22,Tehama,103,63373,4935,4896,544,5440,53
2021-04-22,Trinity,105,12862,482,326,86,412,3
2021-04-22,Tulare,107,460477,49684,48669,8808,57477,828
2021-04-22,Tuolumne,109,53932,3952,4020,38,4058,58
2021-04-22,Ventura,111,848112,80666,80073,2949,83022,996
2021-04-22,Yolo,113,214977,13667,13616,276,13892,205
2021-04-22,Yuba,115,75493,5870,5825,120,5945,44
2021-04-21,Alameda,001,1643700,86144,85762,1891,87653,1249
2021-04-21,Alpine,003,1148,86,86,0,86,0
2021-04-21,Amador,005,37829,3641,3632,33,3665,46
2021-04-21,Butte,007,227075,12018,11643,1734,13377,196
2021-04-21,Calaveras,009,45235,2064,2057,12,2069,50
2021-04-21,Colusa,011,21464,1918,1920,289,2209,14
2021-04-21,Contra Costa,013,1133247,67706,66981,1202,68183,782
2021-04-21,Del Norte,015,27424,1278,1252,11,1263,6
2021-04-21,El Dorado,017,186661,9870,9760,683,10443,106
2021-04-21,Fresno,019,978130,101361,100838,8510,109348,1654
2021-04-21,Glenn,021,27897,2381,2361,540,2901,17
2021-04-21,Humboldt,023,135768,3750,3642,30,3672,35
2021-04-21,Imperial,025,180216,28175,28052,2763,30815,719
2021-04-21,Inyo,027,18085,1395,1392,10,1402,36
2021-04-21,Kern,029,883053,96264,95257,10578,105835,1297
2021-04-21,Kings,031,150075,22964,22713,1063,23776,243
2021-04-21,Lake,033,64148,3438,3421,9,3430,43
2021-04-21,Lassen,035,31185,5172,5156,105,5261,1
2021-04-21,Los Angeles,037,10098052,1196951,1189530,41217,1230747,23729
2021-04-21,Madera,039,155013,16417,16309,918,17227,231
2021-04-21,Marin,041,260295,13861,13822,240,14062,227
2021-04-21,Mariposa,043,17540,412,402,11,413,5
2021-04-21,Mendocino,045,87422,3809,3729,72,3801,46
2021-04-21,Merced,047,269075,30497,30471,973,31444,442
2021-04-21,Modoc,049,8938,368,360,122,482,3
2021-04-21,Mono,051,14174,1242,1254,16,1270,3
2021-04-21,Monterey,053,433212,42886,42699,1848,44547,377
2021-04-21,Napa,055,140530,9729,9727,34,9761,79
2021-04-21,Nevada,057,99092,4586,4499,185,4684,70
2021-04-21,Orange,059,3164182,253661,252243,11113,263356,4889
2021-04-21,Placer,061,380077,22469,21896,1395,23291,282
2021-04-21,Plumas,063,18699,683,670,10,680,4
2021-04-21,Riverside,065,2383286,291993,286299,13874,300173,4388
2021-04-21,Sacramento,067,1510023,102504,101803,1624,103427,1579
2021-04-21,San Benito,069,59416,5999,5998,112,6110,63
2021-04-21,San Bernardino,071,2135413,291360,290049,8889,298938,4572
2021-04-21,San Diego,073,3302833,276367,275632,14312,289944,3681
2021-04-21,San Francisco,075,870044,36084,36194,1261,37455,529
2021-04-21,San Joaquin,077,732212,71512,70687,3416,74103,1295
2021-04-21,San Luis Obispo,079,281455,21079,20724,712,21436,255
2021-04-21,San Mateo,081,765935,41701,41318,450,41768,355
2021-04-21,Santa Barbara,083,443738,34087,33830,1186,35016,445
2021-04-21,Santa Clara,085,1922200,117022,117318,717,118035,1946
2021-04-21,Santa Cruz,087,273765,16056,15698,807,16505,204
2021-04-21,Shasta,089,179085,11728,11722,1435,13157,192
2021-04-21,Sierra,091,2930,55,51,12,63,0
2021-04-21,Siskiyou,093,43540,1678,1557,291,1848,11
2021-04-21,Solano,095,438530,31851,31712,474,32186,244
2021-04-21,Sonoma,097,501317,29542,29697,305,30002,318
2021-04-21,Stanislaus,099,539301,54663,54290,5776,60066,742
2021-04-21,Sutter,101,95872,9335,9297,82,9379,110
2021-04-21,Tehama,103,63373,4928,4893,543,5436,53
2021-04-21,Trinity,105,12862,482,326,86,412,3
2021-04-21,Tulare,107,460477,49669,48653,8795,57448,828
2021-04-21,Tuolumne,109,53932,3949,4019,38,4057,58
2021-04-21,Ventura,111,848112,80634,80039,2946,82985,996
2021-04-21,Yolo,113,214977,13647,13606,275,13881,200
2021-04-21,Yuba,115,75493,5863,5822,119,5941,44
2021-04-20,Alameda,001,1643700,86050,85652,1889,87541,1248
2021-04-20,Alpine,003,1148,85,85,0,85,0
2021-04-20,Amador,005,37829,3640,3631,33,3664,46
2021-04-20,Butte,007,227075,11999,11619,1732,13351,196
2021-04-20,Calaveras,009,45235,2063,2053,12,2065,50
2021-04-20,Colusa,011,21464,1918,1915,288,2203,14
2021-04-20,Contra Costa,013,1133247,67622,66889,1199,68088,782
2021-04-20,Del Norte,015,27424,1277,1250,11,1261,6
2021-04-20,El Dorado,017,186661,9842,9743,681,10424,106
2021-04-20,Fresno,019,978130,101303,100768,8500,109268,1650
2021-04-20,Glenn,021,27897,2379,2359,539,2898,17
2021-04-20,Humboldt,023,135768,3731,3612,30,3642,35
2021-04-20,Imperial,025,180216,28156,28024,2759,30783,719
2021-04-20,Inyo,027,18085,1395,1393,10,1403,36
2021-04-20,Kern,029,883053,96228,95223,10561,105784,1295
2021-04-20,Kings,031,150075,22958,22693,1060,23753,243
2021-04-20,Lake,033,64148,3436,3418,9,3427,43
2021-04-20,Lassen,035,31185,5172,5155,105,5260,1
2021-04-20,Los Angeles,037,10098052,1196604,1189256,41188,1230444,23694
2021-04-20,Madera,039,155013,16411,16301,918,17219,231
2021-04-20,Marin,041,260295,13847,13807,240,14047,227
2021-04-20,Mariposa,043,17540,411,402,11,413,5
2021-04-20,Mendocino,045,87422,3808,3726,72,3798,46
2021-04-20,Merced,047,269075,30469,30439,973,31412,441
2021-04-20,Modoc,049,8938,368,359,122,481,3
2021-04-20,Mono,051,14174,1241,1254,16,1270,3
2021-04-20,Monterey,053,433212,42875,42663,1845,44508,363
2021-04-20,Napa,055,140530,9725,9711,34,9745,79
2021-04-20,Nevada,057,99092,4568,4485,185,4670,70
2021-04-20,Orange,059,3164182,253571,252134,11101,263235,4887
2021-04-20,Placer,061,380077,22435,21846,1391,23237,282
2021-04-20,Plumas,063,18699,682,670,10,680,4
2021-04-20,Riverside,065,2383286,291896,286194,13869,300063,4388
2021-04-20,Sacramento,067,1510023,102366,101629,1615,103244,1574
2021-04-20,San Benito,069,59416,5996,5988,112,6100,63
2021-04-20,San Bernardino,071,2135413,291280,289905,8887,298792,4569
2021-04-20,San Diego,073,3302833,276136,275369,14279,289648,3674
2021-04-20,San Francisco,075,870044,36065,36117,1260,37377,529
2021-04-20,San Joaquin,077,732212,71439,70590,3407,73997,1289
2021-04-20,San Luis Obispo,079,281455,21056,20691,704,21395,254
2021-04-20,San Mateo,081,765935,41670,41251,450,41701,355
2021-04-20,Santa Barbara,083,443738,34068,33803,1186,34989,445
2021-04-20,Santa Clara,085,1922200,116923,117228,713,117941,1944
2021-04-20,Santa Cruz,087,273765,16044,15647,807,16454,204
2021-04-20,Shasta,089,179085,11712,11677,1432,13109,189
2021-04-20,Sierra,091,2930,55,51,12,63,0
2021-04-20,Siskiyou,093,43540,1670,1551,290,1841,10
2021-04-20,Solano,095,438530,31796,31673,470,32143,243
2021-04-20,Sonoma,097,501317,29533,29676,303,29979,311
2021-04-20,Stanislaus,099,539301,54598,54236,5763,59999,735
2021-04-20,Sutter,101,95872,9331,9279,82,9361,109
2021-04-20,Tehama,103,63373,4923,4887,542,5429,52
2021-04-20,Trinity,105,12862,482,326,86,412,3
2021-04-20,Tulare,107,460477,49646,48650,8787,57437,831
2021-04-20,Tuolumne,109,53932,3949,4014,38,4052,58
2021-04-20,Ventura,111,848112,80606,80018,2944,82962,995
2021-04-20,Yolo,113,214977,13627,13581,274,13855,200
2021-04-20,Yuba,115,75493,5853,5814,119,5933,44
2021-04-19,Alameda,001,1643700,85930,85583,1886,87469,1247
2021-04-19,Alpine,003,1148,85,85,0,85,0
2021-04-19,Amador,005,37829,3639,3629,33,3662,46
2021-04-19,Butte,007,227075,11980,11601,1727,13328,196
2021-04-19,Calaveras,009,45235,2061,2050,12,2062,50
2021-04-19,Colusa,011,21464,1918,1913,287,2200,14
2021-04-19,Contra Costa,013,1133247,67544,66833,1197,68030,782
2021-04-19,Del Norte,015,27424,1275,1247,11,1258,6
2021-04-19,El Dorado,017,186661,9826,9726,676,10402,106
2021-04-19,Fresno,019,978130,101235,100702,8488,109190,1646
2021-04-19,Glenn,021,27897,2379,2358,538,2896,17
2021-04-19,Humboldt,023,135768,3711,3602,28,3630,35
2021-04-19,Imperial,025,180216,28135,27995,2759,30754,719
2021-04-19,Inyo,027,18085,1395,1392,10,1402,36
2021-04-19,Kern,029,883053,96198,95162,10546,105708,1290
2021-04-19,Kings,031,150075,22942,22688,1060,23748,243
2021-04-19,Lake,033,64148,3435,3416,9,3425,43
2021-04-19,Lassen,035,31185,5171,5156,105,5261,1
2021-04-19,Los Angeles,037,10098052,1196227,1188945,41163,1230108,23666
2021-04-19,Madera,039,155013,16400,16289,917,17206,231
2021-04-19,Marin,041,260295,13836,13804,239,14043,226
2021-04-19,Mariposa,043,17540,410,401,11,412,5
2021-04-19,Mendocino,045,87422,3806,3722,72,3794,46
2021-04-19,Merced,047,269075,30440,30422,972,31394,441
2021-04-19,Modoc,049,8938,368,359,122,481,3
2021-04-19,Mono,051,14174,1240,1254,16,1270,3
2021-04-19,Monterey,053,433212,42862,42642,1840,44482,356
2021-04-19,Napa,055,140530,9717,9680,34,9714,79
2021-04-19,Nevada,057,99092,4552,4477,185,4662,70
2021-04-19,Orange,059,3164182,253453,252013,11087,263100,4883
2021-04-19,Placer,061,380077,22412,21814,1387,23201,282
2021-04-19,Plumas,063,18699,682,665,10,675,4
2021-04-19,Riverside,065,2383286,291800,286087,13859,299946,4371
2021-04-19,Sacramento,067,1510023,102231,101482,1605,103087,1572
2021-04-19,San Benito,069,59416,5988,5989,112,6101,63
2021-04-19,San Bernardino,071,2135413,291194,289738,8881,298619,4561
2021-04-19,San Diego,073,3302833,275888,275113,14246,289359,3674
2021-04-19,San Francisco,075,870044,36030,36094,1257,37351,529
2021-04-19,San Joaquin,077,732212,71360,70514,3400,73914,1289
2021-04-19,San Luis Obispo,079,281455,21030,20669,698,21367,254
2021-04-19,San Mateo,081,765935,41637,41226,449,41675,355
2021-04-19,Santa Barbara,083,443738,34054,33786,1186,34972,446
2021-04-19,Santa Clara,085,1922200,116812,117099,709,117808,1944
2021-04-19,Santa Cruz,087,273765,16032,15600,807,16407,204
2021-04-19,Shasta,089,179085,11697,11662,1424,13086,189
2021-04-19,Sierra,091,2930,55,51,12,63,0
2021-04-19,Siskiyou,093,43540,1660,1544,290,1834,10
2021-04-19,Solano,095,438530,31757,31643,465,32108,239
2021-04-19,Sonoma,097,501317,29514,29667,303,29970,311
2021-04-19,Stanislaus,099,539301,54522,54179,5759,59938,728
2021-04-19,Sutter,101,95872,9320,9269,82,9351,109
2021-04-19,Tehama,103,63373,4918,4878,542,5420,52
2021-04-19,Trinity,105,12862,482,326,85,411,3
2021-04-19,Tulare,107,460477,49630,48630,8774,57404,831
2021-04-19,Tuolumne,109,53932,3948,4010,38,4048,58
2021-04-19,Ventura,111,848112,80580,80000,2942,82942,996
2021-04-19,Yolo,113,214977,13615,13572,271,13843,200
2021-04-19,Yuba,115,75493,5846,5804,118,5922,44
2021-04-18,Alameda,001,1643700,85816,85481,1878,87359,1247
2021-04-18,Alpine,003,1148,85,85,0,85,0
2021-04-18,Amador,005,37829,3636,3627,33,3660,46
2021-04-18,Butte,007,227075,11962,11591,1722,13313,196
2021-04-18,Calaveras,009,45235,2053,2047,12,2059,50
2021-04-18,Colusa,011,21464,1914,1912,286,2198,14
2021-04-18,Contra Costa,013,1133247,67441,66750,1193,67943,782
2021-04-18,Del Norte,015,27424,1275,1240,11,1251,6
2021-04-18,El Dorado,017,186661,9803,9710,674,10384,106
2021-04-18,Fresno,019,978130,101177,100621,8482,109103,1646
2021-04-18,Glenn,021,27897,2374,2358,538,2896,17
2021-04-18,Humboldt,023,135768,3683,3590,28,3618,35
2021-04-18,Imperial,025,180216,28120,27991,2753,30744,719
2021-04-18,Inyo,027,18085,1394,1392,10,1402,36
2021-04-18,Kern,029,883053,96162,95129,10530,105659,1290
2021-04-18,Kings,031,150075,22933,22685,1060,23745,243
2021-04-18,Lake,033,64148,3434,3413,9,3422,43
2021-04-18,Lassen,035,31185,5168,5156,105,5261,1
2021-04-18,Los Angeles,037,10098052,1195768,1188620,41140,1229760,23648
2021-04-18,Madera,039,155013,16389,16277,916,17193,231
2021-04-18,Marin,041,260295,13829,13801,238,14039,226
2021-04-18,Mariposa,043,17540,409,400,10,410,5
2021-04-18,Mendocino,045,87422,3803,3722,72,3794,46
2021-04-18,Merced,047,269075,30403,30405,970,31375,441
2021-04-18,Modoc,049,8938,368,359,122,481,3
2021-04-18,Mono,051,14174,1240,1254,16,1270,3
2021-04-18,Monterey,053,433212,42850,42638,1839,44477,356
2021-04-18,Napa,055,140530,9701,9674,34,9708,79
2021-04-18,Nevada,057,99092,4537,4464,185,4649,70
2021-04-18,Orange,059,3164182,253339,251940,11079,263019,4883
2021-04-18,Placer,061,380077,22368,21783,1381,23164,282
2021-04-18,Plumas,063,18699,681,665,10,675,4
2021-04-18,Riverside,065,2383286,291710,286043,13855,299898,4371
2021-04-18,Sacramento,067,1510023,102055,101354,1599,102953,1572
2021-04-18,San Benito,069,59416,5986,5989,112,6101,63
2021-04-18,San Bernardino,071,2135413,291100,289691,8872,298563,4556
2021-04-18,San Diego,073,3302833,275609,274961,14211,289172,3674
2021-04-18,San Francisco,075,870044,35993,36073,1253,37326,525
2021-04-18,San Joaquin,077,732212,71279,70466,3391,73857,1289
2021-04-18,San Luis Obispo,079,281455,21008,20656,692,21348,254
2021-04-18,San Mateo,081,765935,41608,41201,448,41649,352
2021-04-18,Santa Barbara,083,443738,34019,33769,1185,34954,446
2021-04-18,Santa Clara,085,1922200,116644,116996,703,117699,1944
2021-04-18,Santa Cruz,087,273765,16022,15580,806,16386,204
2021-04-18,Shasta,089,179085,11676,11658,1421,13079,189
2021-04-18,Sierra,091,2930,55,51,12,63,0
2021-04-18,Siskiyou,093,43540,1649,1538,288,1826,10
2021-04-18,Solano,095,438530,31707,31606,464,32070,239
2021-04-18,Sonoma,097,501317,29498,29660,301,29961,311
2021-04-18,Stanislaus,099,539301,54440,54132,5752,59884,728
2021-04-18,Sutter,101,95872,9306,9261,82,9343,109
2021-04-18,Tehama,103,63373,4909,4877,541,5418,52
2021-04-18,Trinity,105,12862,482,326,85,411,3
2021-04-18,Tulare,107,460477,49618,48618,8768,57386,829
2021-04-18,Tuolumne,109,53932,3947,4008,37,4045,58
2021-04-18,Ventura,111,848112,80550,79984,2938,82922,996
2021-04-18,Yolo,113,214977,13603,13562,269,13831,200
2021-04-18,Yuba,115,75493,5839,5804,118,5922,44
2021-04-17,Alameda,001,1643700,85743,85367,1874,87241,1247
2021-04-17,Alpine,003,1148,85,85,0,85,0
2021-04-17,Amador,005,37829,3634,3625,33,3658,46
2021-04-17,Butte,007,227075,11942,11573,1718,13291,196
2021-04-17,Calaveras,009,45235,2051,2045,12,2057,50
2021-04-17,Colusa,011,21464,1914,1912,286,2198,14
2021-04-17,Contra Costa,013,1133247,67392,66657,1185,67842,782
2021-04-17,Del Norte,015,27424,1275,1238,11,1249,6
2021-04-17,El Dorado,017,186661,9788,9692,671,10363,106
2021-04-17,Fresno,019,978130,101144,100562,8477,109039,1646
2021-04-17,Glenn,021,27897,2374,2357,538,2895,17
2021-04-17,Humboldt,023,135768,3659,3579,28,3607,35
2021-04-17,Imperial,025,180216,28109,27987,2751,30738,719
2021-04-17,Inyo,027,18085,1391,1392,10,1402,36
2021-04-17,Kern,029,883053,96144,95102,10526,105628,1290
2021-04-17,Kings,031,150075,22928,22678,1059,23737,243
2021-04-17,Lake,033,64148,3433,3409,9,3418,43
2021-04-17,Lassen,035,31185,5168,5154,105,5259,1
2021-04-17,Los Angeles,037,10098052,1195512,1188262,41107,1229369,23653
2021-04-17,Madera,039,155013,16385,16260,915,17175,231
2021-04-17,Marin,041,260295,13825,13797,238,14035,226
2021-04-17,Mariposa,043,17540,408,398,10,408,5
2021-04-17,Mendocino,045,87422,3800,3721,72,3793,46
2021-04-17,Merced,047,269075,30387,30392,969,31361,441
2021-04-17,Modoc,049,8938,368,357,122,479,3
2021-04-17,Mono,051,14174,1240,1253,16,1269,3
2021-04-17,Monterey,053,433212,42841,42630,1837,44467,356
2021-04-17,Napa,055,140530,9697,9666,34,9700,79
2021-04-17,Nevada,057,99092,4529,4457,185,4642,70
2021-04-17,Orange,059,3164182,253270,251873,11067,262940,4878
2021-04-17,Placer,061,380077,22345,21736,1376,23112,282
2021-04-17,Plumas,063,18699,680,666,10,676,4
2021-04-17,Riverside,065,2383286,291641,285963,13847,299810,4371
2021-04-17,Sacramento,067,1510023,101945,101172,1588,102760,1572
2021-04-17,San Benito,069,59416,5980,5986,112,6098,63
2021-04-17,San Bernardino,071,2135413,291045,289624,8869,298493,4555
2021-04-17,San Diego,073,3302833,275462,274812,14177,288989,3674
2021-04-17,San Francisco,075,870044,35972,36032,1250,37282,523
2021-04-17,San Joaquin,077,732212,71239,70372,3381,73753,1288
2021-04-17,San Luis Obispo,079,281455,20995,20642,689,21331,254
2021-04-17,San Mateo,081,765935,41585,41157,448,41605,352
2021-04-17,Santa Barbara,083,443738,33988,33738,1183,34921,446
2021-04-17,Santa Clara,085,1922200,116552,116887,701,117588,1944
2021-04-17,Santa Cruz,087,273765,16016,15571,806,16377,204
2021-04-17,Shasta,089,179085,11661,11647,1420,13067,189
2021-04-17,Sierra,091,2930,55,51,12,63,0
2021-04-17,Siskiyou,093,43540,1644,1539,287,1826,10
2021-04-17,Solano,095,438530,31676,31541,461,32002,239
2021-04-17,Sonoma,097,501317,29491,29637,301,29938,311
2021-04-17,Stanislaus,099,539301,54403,54058,5747,59805,728
2021-04-17,Sutter,101,95872,9300,9252,82,9334,109
2021-04-17,Tehama,103,63373,4903,4875,540,5415,52
2021-04-17,Trinity,105,12862,482,326,85,411,3
2021-04-17,Tulare,107,460477,49606,48603,8764,57367,829
2021-04-17,Tuolumne,109,53932,3945,4005,37,4042,58
2021-04-17,Ventura,111,848112,80529,79964,2938,82902,996
2021-04-17,Yolo,113,214977,13593,13580,269,13849,200
2021-04-17,Yuba,115,75493,5834,5802,117,5919,44
2021-04-16,Alameda,001,1643700,85664,85243,1872,87115,1245
2021-04-16,Alpine,003,1148,85,85,0,85,0
2021-04-16,Amador,005,37829,3629,3621,33,3654,46
2021-04-16,Butte,007,227075,11930,11549,1716,13265,196
2021-04-16,Calaveras,009,45235,2049,2042,12,2054,50
2021-04-16,Colusa,011,21464,1912,1911,286,2197,14
2021-04-16,Contra Costa,013,1133247,67338,66569,1182,67751,782
2021-04-16,Del Norte,015,27424,1274,1237,11,1248,6
2021-04-16,El Dorado,017,186661,9768,9665,667,10332,106
2021-04-16,Fresno,019,978130,101094,100500,8471,108971,1643
2021-04-16,Glenn,021,27897,2374,2355,538,2893,17
2021-04-16,Humboldt,023,135768,3638,3570,27,3597,35
2021-04-16,Imperial,025,180216,28099,27962,2750,30712,719
2021-04-16,Inyo,027,18085,1391,1392,10,1402,36
2021-04-16,Kern,029,883053,96115,95066,10523,105589,1288
2021-04-16,Kings,031,150075,22924,22667,1058,23725,243
2021-04-16,Lake,033,64148,3427,3406,9,3415,43
2021-04-16,Lassen,035,31185,5167,5155,105,5260,1
2021-04-16,Los Angeles,037,10098052,1195211,1187818,41071,1228889,23627
2021-04-16,Madera,039,155013,16379,16250,914,17164,231
2021-04-16,Marin,041,260295,13822,13788,238,14026,226
2021-04-16,Mariposa,043,17540,407,396,9,405,5
2021-04-16,Mendocino,045,87422,3798,3719,72,3791,46
2021-04-16,Merced,047,269075,30372,30355,969,31324,438
2021-04-16,Modoc,049,8938,368,355,122,477,3
2021-04-16,Mono,051,14174,1240,1253,16,1269,3
2021-04-16,Monterey,053,433212,42830,42620,1835,44455,351
2021-04-16,Napa,055,140530,9689,9653,34,9687,79
2021-04-16,Nevada,057,99092,4520,4443,185,4628,70
2021-04-16,Orange,059,3164182,253206,251770,11058,262828,4873
2021-04-16,Placer,061,380077,22318,21680,1371,23051,282
2021-04-16,Plumas,063,18699,679,665,10,675,4
2021-04-16,Riverside,065,2383286,291564,285818,13845,299663,4369
2021-04-16,Sacramento,067,1510023,101848,100993,1583,102576,1572
2021-04-16,San Benito,069,59416,5978,5982,112,6094,63
2021-04-16,San Bernardino,071,2135413,290998,289424,8868,298292,4550
2021-04-16,San Diego,073,3302833,275308,274567,14159,288726,3662
2021-04-16,San Francisco,075,870044,35946,35993,1246,37239,517
2021-04-16,San Joaquin,077,732212,71172,70280,3373,73653,1288
2021-04-16,San Luis Obispo,079,281455,20983,20623,688,21311,253
2021-04-16,San Mateo,081,765935,41556,41107,447,41554,352
2021-04-16,Santa Barbara,083,443738,33970,33703,1183,34886,446
2021-04-16,Santa Clara,085,1922200,116452,116693,698,117391,1941
2021-04-16,Santa Cruz,087,273765,16014,15539,806,16345,204
2021-04-16,Shasta,089,179085,11649,11623,1418,13041,189
2021-04-16,Sierra,091,2930,55,51,12,63,0
2021-04-16,Siskiyou,093,43540,1640,1530,285,1815,10
2021-04-16,Solano,095,438530,31637,31470,458,31928,239
2021-04-16,Sonoma,097,501317,29480,29617,301,29918,311
2021-04-16,Stanislaus,099,539301,54355,53983,5745,59728,728
2021-04-16,Sutter,101,95872,9294,9247,82,9329,109
2021-04-16,Tehama,103,63373,4902,4866,540,5406,52
2021-04-16,Trinity,105,12862,482,326,85,411,3
2021-04-16,Tulare,107,460477,49594,48583,8760,57343,830
2021-04-16,Tuolumne,109,53932,3942,4005,37,4042,58
2021-04-16,Ventura,111,848112,80504,79942,2933,82875,994
2021-04-16,Yolo,113,214977,13580,13559,267,13826,198
2021-04-16,Yuba,115,75493,5831,5795,116,5911,44
2021-04-15,Alameda,001,1643700,85557,85089,1870,86959,1246
2021-04-15,Alpine,003,1148,85,85,0,85,0
2021-04-15,Amador,005,37829,3628,3616,33,3649,46
2021-04-15,Butte,007,227075,11915,11529,1712,13241,196
2021-04-15,Calaveras,009,45235,2048,2039,12,2051,50
2021-04-15,Colusa,011,21464,1910,1909,285,2194,14
2021-04-15,Contra Costa,013,1133247,67264,66480,1178,67658,781
2021-04-15,Del Norte,015,27424,1267,1235,11,1246,6
2021-04-15,El Dorado,017,186661,9755,9639,665,10304,106
2021-04-15,Fresno,019,978130,101033,100431,8465,108896,1642
2021-04-15,Glenn,021,27897,2374,2354,538,2892,17
2021-04-15,Humboldt,023,135768,3616,3561,27,3588,35
2021-04-15,Imperial,025,180216,28071,27920,2747,30667,718
2021-04-15,Inyo,027,18085,1391,1393,10,1403,36
2021-04-15,Kern,029,883053,96082,94989,10509,105498,1289
2021-04-15,Kings,031,150075,22910,22648,1058,23706,242
2021-04-15,Lake,033,64148,3426,3399,9,3408,43
2021-04-15,Lassen,035,31185,5166,5152,105,5257,1
2021-04-15,Los Angeles,037,10098052,1194810,1187274,41035,1228309,23598
2021-04-15,Madera,039,155013,16364,16234,914,17148,231
2021-04-15,Marin,041,260295,13818,13783,237,14020,226
2021-04-15,Mariposa,043,17540,405,395,9,404,5
2021-04-15,Mendocino,045,87422,3797,3714,72,3786,46
2021-04-15,Merced,047,269075,30346,30325,968,31293,437
2021-04-15,Modoc,049,8938,368,355,122,477,3
2021-04-15,Mono,051,14174,1239,1253,16,1269,3
2021-04-15,Monterey,053,433212,42820,42604,1833,44437,347
2021-04-15,Napa,055,140530,9681,9645,34,9679,79
2021-04-15,Nevada,057,99092,4508,4434,184,4618,70
2021-04-15,Orange,059,3164182,253111,251679,11045,262724,4857
2021-04-15,Placer,061,380077,22288,21614,1364,22978,281
2021-04-15,Plumas,063,18699,677,665,10,675,4
2021-04-15,Riverside,065,2383286,291460,285698,13838,299536,4363
2021-04-15,Sacramento,067,1510023,101718,100782,1569,102351,1570
2021-04-15,San Benito,069,59416,5975,5969,111,6080,63
2021-04-15,San Bernardino,071,2135413,290909,289288,8861,298149,4544
2021-04-15,San Diego,073,3302833,275062,274250,14100,288350,3653
2021-04-15,San Francisco,075,870044,35927,35947,1244,37191,510
2021-04-15,San Joaquin,077,732212,71091,70189,3365,73554,1288
2021-04-15,San Luis Obispo,079,281455,20967,20591,685,21276,253
2021-04-15,San Mateo,081,765935,41517,41050,446,41496,352
2021-04-15,Santa Barbara,083,443738,33952,33672,1179,34851,446
2021-04-15,Santa Clara,085,1922200,116346,116602,694,117296,1927
2021-04-15,Santa Cruz,087,273765,16004,15509,806,16315,203
2021-04-15,Shasta,089,179085,11635,11597,1414,13011,191
2021-04-15,Sierra,091,2930,55,51,12,63,0
2021-04-15,Siskiyou,093,43540,1634,1524,285,1809,10
2021-04-15,Solano,095,438530,31599,31394,457,31851,239
2021-04-15,Sonoma,097,501317,29466,29587,301,29888,311
2021-04-15,Stanislaus,099,539301,54301,53918,5736,59654,728
2021-04-15,Sutter,101,95872,9287,9237,82,9319,109
2021-04-15,Tehama,103,63373,4900,4854,539,5393,52
2021-04-15,Trinity,105,12862,482,326,85,411,3
2021-04-15,Tulare,107,460477,49573,48556,8760,57316,829
2021-04-15,Tuolumne,109,53932,3942,4003,37,4040,57
2021-04-15,Ventura,111,848112,80485,79917,2931,82848,989
2021-04-15,Yolo,113,214977,13561,13547,265,13812,198
2021-04-15,Yuba,115,75493,5828,5788,116,5904,44
2021-04-14,Alameda,001,1643700,85460,85009,1869,86878,1247
2021-04-14,Alpine,003,1148,85,85,0,85,0
2021-04-14,Amador,005,37829,3627,3613,33,3646,46
2021-04-14,Butte,007,227075,11902,11513,1711,13224,196
2021-04-14,Calaveras,009,45235,2046,2037,12,2049,50
2021-04-14,Colusa,011,21464,1910,1905,285,2190,14
2021-04-14,Contra Costa,013,1133247,67178,66400,1172,67572,781
2021-04-14,Del Norte,015,27424,1267,1228,11,1239,6
2021-04-14,El Dorado,017,186661,9740,9625,660,10285,106
2021-04-14,Fresno,019,978130,100976,100376,8452,108828,1640
2021-04-14,Glenn,021,27897,2374,2353,538,2891,17
2021-04-14,Humboldt,023,135768,3594,3551,26,3577,35
2021-04-14,Imperial,025,180216,28049,27907,2745,30652,718
2021-04-14,Inyo,027,18085,1391,1392,10,1402,36
2021-04-14,Kern,029,883053,96057,94947,10502,105449,1287
2021-04-14,Kings,031,150075,22901,22641,1056,23697,243
2021-04-14,Lake,033,64148,3421,3396,9,3405,43
2021-04-14,Lassen,035,31185,5165,5151,105,5256,1
2021-04-14,Los Angeles,037,10098052,1194413,1186821,40989,1227810,23579
2021-04-14,Madera,039,155013,16355,16218,914,17132,231
2021-04-14,Marin,041,260295,13816,13768,236,14004,226
2021-04-14,Mariposa,043,17540,404,394,9,403,5
2021-04-14,Mendocino,045,87422,3792,3711,72,3783,46
2021-04-14,Merced,047,269075,30328,30296,968,31264,436
2021-04-14,Modoc,049,8938,368,355,122,477,3
2021-04-14,Mono,051,14174,1239,1252,16,1268,3
2021-04-14,Monterey,053,433212,42804,42595,1829,44424,347
2021-04-14,Napa,055,140530,9670,9643,34,9677,79
2021-04-14,Nevada,057,99092,4501,4421,184,4605,70
2021-04-14,Orange,059,3164182,253006,251568,11025,262593,4849
2021-04-14,Placer,061,380077,22255,21575,1363,22938,280
2021-04-14,Plumas,063,18699,677,665,10,675,4
2021-04-14,Riverside,065,2383286,291350,285583,13832,299415,4358
2021-04-14,Sacramento,067,1510023,101543,100645,1555,102200,1570
2021-04-14,San Benito,069,59416,5973,5960,111,6071,62
2021-04-14,San Bernardino,071,2135413,290842,289078,8858,297936,4523
2021-04-14,San Diego,073,3302833,274851,273969,14071,288040,3648
2021-04-14,San Francisco,075,870044,35889,35898,1243,37141,510
2021-04-14,San Joaquin,077,732212,71021,70095,3359,73454,1288
2021-04-14,San Luis Obispo,079,281455,20944,20561,675,21236,253
2021-04-14,San Mateo,081,765935,41477,40982,443,41425,352
2021-04-14,Santa Barbara,083,443738,33923,33650,1179,34829,445
2021-04-14,Santa Clara,085,1922200,116228,116488,691,117179,1922
2021-04-14,Santa Cruz,087,273765,15994,15481,806,16287,203
2021-04-14,Shasta,089,179085,11609,11581,1412,12993,190
2021-04-14,Sierra,091,2930,55,51,12,63,0
2021-04-14,Siskiyou,093,43540,1626,1518,284,1802,10
2021-04-14,Solano,095,438530,31546,31357,450,31807,239
2021-04-14,Sonoma,097,501317,29458,29572,299,29871,311
2021-04-14,Stanislaus,099,539301,54230,53836,5727,59563,727
2021-04-14,Sutter,101,95872,9279,9230,82,9312,106
2021-04-14,Tehama,103,63373,4894,4853,538,5391,52
2021-04-14,Trinity,105,12862,482,326,85,411,3
2021-04-14,Tulare,107,460477,49547,48527,8757,57284,827
2021-04-14,Tuolumne,109,53932,3941,3997,37,4034,57
2021-04-14,Ventura,111,848112,80449,79891,2929,82820,986
2021-04-14,Yolo,113,214977,13545,13530,263,13793,198
2021-04-14,Yuba,115,75493,5826,5778,116,5894,44
2021-04-13,Alameda,001,1643700,85354,84921,1865,86786,1239
2021-04-13,Alpine,003,1148,85,85,0,85,0
2021-04-13,Amador,005,37829,3624,3609,33,3642,46
2021-04-13,Butte,007,227075,11884,11497,1708,13205,196
2021-04-13,Calaveras,009,45235,2044,2035,12,2047,50
2021-04-13,Colusa,011,21464,1908,1905,283,2188,14
2021-04-13,Contra Costa,013,1133247,67088,66304,1172,67476,778
2021-04-13,Del Norte,015,27424,1262,1221,11,1232,6
2021-04-13,El Dorado,017,186661,9714,9609,658,10267,106
2021-04-13,Fresno,019,978130,100894,100357,8446,108803,1636
2021-04-13,Glenn,021,27897,2373,2351,538,2889,17
2021-04-13,Humboldt,023,135768,3577,3540,26,3566,35
2021-04-13,Imperial,025,180216,28030,27887,2737,30624,718
2021-04-13,Inyo,027,18085,1391,1391,10,1401,36
2021-04-13,Kern,029,883053,96013,94908,10490,105398,1285
2021-04-13,Kings,031,150075,22885,22636,1055,23691,243
2021-04-13,Lake,033,64148,3418,3390,9,3399,43
2021-04-13,Lassen,035,31185,5164,5147,105,5252,1
2021-04-13,Los Angeles,037,10098052,1193957,1186482,40947,1227429,23526
2021-04-13,Madera,039,155013,16345,16207,912,17119,231
2021-04-13,Marin,041,260295,13808,13760,235,13995,224
2021-04-13,Mariposa,043,17540,403,394,6,400,5
2021-04-13,Mendocino,045,87422,3786,3702,72,3774,46
2021-04-13,Merced,047,269075,30297,30276,966,31242,435
2021-04-13,Modoc,049,8938,368,355,122,477,3
2021-04-13,Mono,051,14174,1239,1251,16,1267,3
2021-04-13,Monterey,053,433212,42793,42577,1829,44406,347
2021-04-13,Napa,055,140530,9660,9627,34,9661,79
2021-04-13,Nevada,057,99092,4489,4415,184,4599,69
2021-04-13,Orange,059,3164182,252911,251491,11006,262497,4836
2021-04-13,Placer,061,380077,22218,21534,1360,22894,280
2021-04-13,Plumas,063,18699,676,665,10,675,4
2021-04-13,Riverside,065,2383286,291231,285505,13826,299331,4348
2021-04-13,Sacramento,067,1510023,101368,100551,1550,102101,1569
2021-04-13,San Benito,069,59416,5970,5946,111,6057,62
2021-04-13,San Bernardino,071,2135413,290726,288929,8852,297781,4521
2021-04-13,San Diego,073,3302833,274597,273709,14036,287745,3623
2021-04-13,San Francisco,075,870044,35853,35869,1239,37108,506
2021-04-13,San Joaquin,077,732212,70913,70034,3351,73385,1288
2021-04-13,San Luis Obispo,079,281455,20917,20536,665,21201,253
2021-04-13,San Mateo,081,765935,41432,40955,443,41398,353
2021-04-13,Santa Barbara,083,443738,33901,33613,1176,34789,444
2021-04-13,Santa Clara,085,1922200,116099,116363,690,117053,1923
2021-04-13,Santa Cruz,087,273765,15987,15449,806,16255,203
2021-04-13,Shasta,089,179085,11589,11536,1409,12945,189
2021-04-13,Sierra,091,2930,55,51,12,63,0
2021-04-13,Siskiyou,093,43540,1618,1511,280,1791,10
2021-04-13,Solano,095,438530,31497,31335,446,31781,239
2021-04-13,Sonoma,097,501317,29450,29544,298,29842,311
2021-04-13,Stanislaus,099,539301,54157,53797,5718,59515,722
2021-04-13,Sutter,101,95872,9275,9226,82,9308,106
2021-04-13,Tehama,103,63373,4887,4850,535,5385,52
2021-04-13,Trinity,105,12862,482,326,85,411,3
2021-04-13,Tulare,107,460477,49534,48511,8754,57265,825
2021-04-13,Tuolumne,109,53932,3939,3995,37,4032,57
2021-04-13,Ventura,111,848112,80417,79854,2927,82781,986
2021-04-13,Yolo,113,214977,13533,13516,262,13778,198
2021-04-13,Yuba,115,75493,5817,5776,116,5892,44
2021-04-12,Alameda,001,1643700,85252,84817,1864,86681,1238
2021-04-12,Alpine,003,1148,85,85,0,85,0
2021-04-12,Amador,005,37829,3623,3607,33,3640,46
2021-04-12,Butte,007,227075,11869,11488,1704,13192,193
2021-04-12,Calaveras,009,45235,2043,2033,12,2045,50
2021-04-12,Colusa,011,21464,1906,1904,281,2185,14
2021-04-12,Contra Costa,013,1133247,67006,66176,1172,67348,777
2021-04-12,Del Norte,015,27424,1259,1216,11,1227,6
2021-04-12,El Dorado,017,186661,9697,9588,656,10244,106
2021-04-12,Fresno,019,978130,100833,100277,8422,108699,1633
2021-04-12,Glenn,021,27897,2372,2349,538,2887,17
2021-04-12,Humboldt,023,135768,3563,3533,25,3558,35
2021-04-12,Imperial,025,180216,28000,27851,2731,30582,717
2021-04-12,Inyo,027,18085,1391,1390,10,1400,36
2021-04-12,Kern,029,883053,95976,94861,10479,105340,1283
2021-04-12,Kings,031,150075,22877,22621,1054,23675,241
2021-04-12,Lake,033,64148,3414,3380,9,3389,43
2021-04-12,Lassen,035,31185,5163,5147,105,5252,1
2021-04-12,Los Angeles,037,10098052,1193456,1186145,40907,1227052,23505
2021-04-12,Madera,039,155013,16333,16174,910,17084,231
2021-04-12,Marin,041,260295,13795,13751,233,13984,224
2021-04-12,Mariposa,043,17540,402,394,6,400,5
2021-04-12,Mendocino,045,87422,3785,3699,72,3771,46
2021-04-12,Merced,047,269075,30265,30261,964,31225,435
2021-04-12,Modoc,049,8938,366,352,122,474,3
2021-04-12,Mono,051,14174,1239,1251,16,1267,3
2021-04-12,Monterey,053,433212,42779,42555,1827,44382,346
2021-04-12,Napa,055,140530,9646,9603,34,9637,80
2021-04-12,Nevada,057,99092,4478,4408,184,4592,69
2021-04-12,Orange,059,3164182,252825,251350,10985,262335,4826
2021-04-12,Placer,061,380077,22168,21475,1357,22832,278
2021-04-12,Plumas,063,18699,674,666,10,676,4
2021-04-12,Riverside,065,2383286,291120,285361,13820,299181,4336
2021-04-12,Sacramento,067,1510023,101194,100394,1545,101939,1566
2021-04-12,San Benito,069,59416,5962,5942,110,6052,62
2021-04-12,San Bernardino,071,2135413,290619,288736,8840,297576,4493
2021-04-12,San Diego,073,3302833,274338,273431,14007,287438,3621
2021-04-12,San Francisco,075,870044,35819,35841,1238,37079,506
2021-04-12,San Joaquin,077,732212,70841,69968,3344,73312,1288
2021-04-12,San Luis Obispo,079,281455,20872,20515,652,21167,253
2021-04-12,San Mateo,081,765935,41390,40920,439,41359,353
2021-04-12,Santa Barbara,083,443738,33870,33606,1176,34782,444
2021-04-12,Santa Clara,085,1922200,115971,116252,688,116940,1923
2021-04-12,Santa Cruz,087,273765,15967,15406,806,16212,203
2021-04-12,Shasta,089,179085,11572,11509,1405,12914,189
2021-04-12,Sierra,091,2930,55,51,12,63,0
2021-04-12,Siskiyou,093,43540,1607,1511,278,1789,7
2021-04-12,Solano,095,438530,31455,31305,443,31748,238
2021-04-12,Sonoma,097,501317,29422,29500,298,29798,310
2021-04-12,Stanislaus,099,539301,54091,53722,5711,59433,707
2021-04-12,Sutter,101,95872,9264,9221,82,9303,106
2021-04-12,Tehama,103,63373,4878,4834,531,5365,52
2021-04-12,Trinity,105,12862,482,324,85,409,3
2021-04-12,Tulare,107,460477,49514,48495,8744,57239,824
2021-04-12,Tuolumne,109,53932,3935,3993,37,4030,57
2021-04-12,Ventura,111,848112,80384,79818,2925,82743,985
2021-04-12,Yolo,113,214977,13519,13510,261,13771,198
2021-04-12,Yuba,115,75493,5811,5773,116,5889,43
2021-04-11,Alameda,001,1643700,85115,84756,1858,86614,1238
2021-04-11,Alpine,003,1148,85,85,0,85,0
2021-04-11,Amador,005,37829,3621,3605,33,3638,46
2021-04-11,Butte,007,227075,11834,11487,1700,13187,193
2021-04-11,Calaveras,009,45235,2040,2036,12,2048,50
2021-04-11,Colusa,011,21464,1905,1904,280,2184,14
2021-04-11,Contra Costa,013,1133247,66897,66107,1170,67277,777
2021-04-11,Del Norte,015,27424,1253,1214,11,1225,6
2021-04-11,El Dorado,017,186661,9683,9575,653,10228,106
2021-04-11,Fresno,019,978130,100765,100230,8412,108642,1633
2021-04-11,Glenn,021,27897,2368,2348,538,2886,17
2021-04-11,Humboldt,023,135768,3553,3523,25,3548,35
2021-04-11,Imperial,025,180216,27976,27841,2729,30570,717
2021-04-11,Inyo,027,18085,1391,1390,10,1400,36
2021-04-11,Kern,029,883053,95915,94830,10471,105301,1283
2021-04-11,Kings,031,150075,22868,22618,1051,23669,241
2021-04-11,Lake,033,64148,3410,3377,9,3386,43
2021-04-11,Lassen,035,31185,5159,5147,105,5252,1
2021-04-11,Los Angeles,037,10098052,1192944,1185757,40865,1226622,23503
2021-04-11,Madera,039,155013,16314,16166,909,17075,231
2021-04-11,Marin,041,260295,13788,13741,232,13973,226
2021-04-11,Mariposa,043,17540,402,394,6,400,5
2021-04-11,Mendocino,045,87422,3783,3696,72,3768,46
2021-04-11,Merced,047,269075,30227,30249,963,31212,435
2021-04-11,Modoc,049,8938,365,352,120,472,3
2021-04-11,Mono,051,14174,1238,1250,16,1266,3
2021-04-11,Monterey,053,433212,42772,42547,1820,44367,346
2021-04-11,Napa,055,140530,9635,9592,34,9626,80
2021-04-11,Nevada,057,99092,4464,4394,184,4578,69
2021-04-11,Orange,059,3164182,252698,251233,10974,262207,4826
2021-04-11,Placer,061,380077,22110,21458,1352,22810,278
2021-04-11,Plumas,063,18699,674,666,10,676,4
2021-04-11,Riverside,065,2383286,290987,285269,13810,299079,4336
2021-04-11,Sacramento,067,1510023,101024,100296,1532,101828,1566
2021-04-11,San Benito,069,59416,5954,5941,109,6050,62
2021-04-11,San Bernardino,071,2135413,290510,288686,8834,297520,4492
2021-04-11,San Diego,073,3302833,274041,273287,13948,287235,3621
2021-04-11,San Francisco,075,870044,35783,35815,1235,37050,498
2021-04-11,San Joaquin,077,732212,70754,69939,3333,73272,1288
2021-04-11,San Luis Obispo,079,281455,20846,20501,649,21150,253
2021-04-11,San Mateo,081,765935,41332,40901,438,41339,353
2021-04-11,Santa Barbara,083,443738,33835,33591,1175,34766,444
2021-04-11,Santa Clara,085,1922200,115835,116161,685,116846,1923
2021-04-11,Santa Cruz,087,273765,15955,15382,806,16188,203
2021-04-11,Shasta,089,179085,11528,11504,1404,12908,189
2021-04-11,Sierra,091,2930,55,51,12,63,0
2021-04-11,Siskiyou,093,43540,1600,1509,275,1784,7
2021-04-11,Solano,095,438530,31403,31268,439,31707,238
2021-04-11,Sonoma,097,501317,29396,29496,294,29790,310
2021-04-11,Stanislaus,099,539301,54009,53683,5702,59385,707
2021-04-11,Sutter,101,95872,9255,9222,82,9304,106
2021-04-11,Tehama,103,63373,4875,4832,529,5361,52
2021-04-11,Trinity,105,12862,482,324,85,409,3
2021-04-11,Tulare,107,460477,49500,48479,8737,57216,824
2021-04-11,Tuolumne,109,53932,3933,3993,37,4030,57
2021-04-11,Ventura,111,848112,80336,79800,2919,82719,985
2021-04-11,Yolo,113,214977,13498,13496,259,13755,198
2021-04-11,Yuba,115,75493,5801,5768,116,5884,43
2021-04-10,Alameda,001,1643700,85051,84626,1858,86484,1238
2021-04-10,Alpine,003,1148,85,85,0,85,0
2021-04-10,Amador,005,37829,3619,3603,33,3636,46
2021-04-10,Butte,007,227075,11823,11482,1699,13181,193
2021-04-10,Calaveras,009,45235,2038,2032,12,2044,50
2021-04-10,Colusa,011,21464,1905,1902,280,2182,14
2021-04-10,Contra Costa,013,1133247,66836,66001,1167,67168,778
2021-04-10,Del Norte,015,27424,1250,1212,11,1223,6
2021-04-10,El Dorado,017,186661,9671,9549,650,10199,106
2021-04-10,Fresno,019,978130,100732,100135,8405,108540,1633
2021-04-10,Glenn,021,27897,2368,2343,538,2881,17
2021-04-10,Humboldt,023,135768,3543,3508,25,3533,35
2021-04-10,Imperial,025,180216,27962,27816,2729,30545,717
2021-04-10,Inyo,027,18085,1391,1387,10,1397,36
2021-04-10,Kern,029,883053,95901,94802,10465,105267,1284
2021-04-10,Kings,031,150075,22864,22614,1049,23663,241
2021-04-10,Lake,033,64148,3405,3368,9,3377,43
2021-04-10,Lassen,035,31185,5159,5146,104,5250,1
2021-04-10,Los Angeles,037,10098052,1192671,1185246,40847,1226093,23493
2021-04-10,Madera,039,155013,16306,16143,908,17051,231
2021-04-10,Marin,041,260295,13783,13731,232,13963,226
2021-04-10,Mariposa,043,17540,399,393,6,399,5
2021-04-10,Mendocino,045,87422,3781,3696,72,3768,46
2021-04-10,Merced,047,269075,30207,30225,962,31187,435
2021-04-10,Modoc,049,8938,365,352,120,472,3
2021-04-10,Mono,051,14174,1238,1249,16,1265,3
2021-04-10,Monterey,053,433212,42761,42527,1819,44346,346
2021-04-10,Napa,055,140530,9628,9569,34,9603,79
2021-04-10,Nevada,057,99092,4457,4379,184,4563,69
2021-04-10,Orange,059,3164182,252605,251139,10967,262106,4818
2021-04-10,Placer,061,380077,22079,21402,1346,22748,278
2021-04-10,Plumas,063,18699,674,666,10,676,4
2021-04-10,Riverside,065,2383286,290907,285082,13802,298884,4336
2021-04-10,Sacramento,067,1510023,100921,100048,1530,101578,1566
2021-04-10,San Benito,069,59416,5943,5932,108,6040,62
2021-04-10,San Bernardino,071,2135413,290446,288590,8827,297417,4489
2021-04-10,San Diego,073,3302833,273825,273058,13929,286987,3613
2021-04-10,San Francisco,075,870044,35753,35774,1232,37006,498
2021-04-10,San Joaquin,077,732212,70719,69852,3323,73175,1288
2021-04-10,San Luis Obispo,079,281455,20830,20461,648,21109,253
2021-04-10,San Mateo,081,765935,41299,40878,438,41316,350
2021-04-10,Santa Barbara,083,443738,33807,33541,1173,34714,444
2021-04-10,Santa Clara,085,1922200,115739,116015,684,116699,1923
2021-04-10,Santa Cruz,087,273765,15949,15360,806,16166,203
2021-04-10,Shasta,089,179085,11519,11492,1401,12893,189
2021-04-10,Sierra,091,2930,55,51,12,63,0
2021-04-10,Siskiyou,093,43540,1597,1512,275,1787,7
2021-04-10,Solano,095,438530,31369,31218,435,31653,238
2021-04-10,Sonoma,097,501317,29381,29469,294,29763,310
2021-04-10,Stanislaus,099,539301,53974,53596,5696,59292,707
2021-04-10,Sutter,101,95872,9253,9214,82,9296,106
2021-04-10,Tehama,103,63373,4873,4820,527,5347,52
2021-04-10,Trinity,105,12862,482,324,85,409,3
2021-04-10,Tulare,107,460477,49491,48470,8731,57201,824
2021-04-10,Tuolumne,109,53932,3930,3991,37,4028,57
2021-04-10,Ventura,111,848112,80308,79758,2917,82675,985
2021-04-10,Yolo,113,214977,13490,13494,258,13752,198
2021-04-10,Yuba,115,75493,5798,5757,115,5872,43
2021-04-09,Alameda,001,1643700,84983,84404,1850,86254,1237
2021-04-09,Alpine,003,1148,85,85,0,85,0
2021-04-09,Amador,005,37829,3618,3600,33,3633,46
2021-04-09,Butte,007,227075,11813,11454,1698,13152,193
2021-04-09,Calaveras,009,45235,2037,2028,12,2040,50
2021-04-09,Colusa,011,21464,1905,1898,280,2178,14
2021-04-09,Contra Costa,013,1133247,66743,65857,1161,67018,777
2021-04-09,Del Norte,015,27424,1249,1207,11,1218,6
2021-04-09,El Dorado,017,186661,9648,9528,646,10174,106
2021-04-09,Fresno,019,978130,100698,100027,8400,108427,1630
2021-04-09,Glenn,021,27897,2368,2337,538,2875,17
2021-04-09,Humboldt,023,135768,3533,3496,25,3521,35
2021-04-09,Imperial,025,180216,27947,27764,2727,30491,717
2021-04-09,Inyo,027,18085,1390,1386,10,1396,36
2021-04-09,Kern,029,883053,95863,94675,10463,105138,1282
2021-04-09,Kings,031,150075,22855,22595,1046,23641,242
2021-04-09,Lake,033,64148,3401,3362,9,3371,43
2021-04-09,Lassen,035,31185,5159,5140,104,5244,1
2021-04-09,Los Angeles,037,10098052,1192301,1184501,40818,1225319,23458
2021-04-09,Madera,039,155013,16303,16118,908,17026,231
2021-04-09,Marin,041,260295,13776,13721,232,13953,226
2021-04-09,Mariposa,043,17540,399,393,6,399,5
2021-04-09,Mendocino,045,87422,3779,3693,72,3765,46
2021-04-09,Merced,047,269075,30178,30179,961,31140,435
2021-04-09,Modoc,049,8938,364,352,120,472,3
2021-04-09,Mono,051,14174,1238,1247,16,1263,3
2021-04-09,Monterey,053,433212,42752,42481,1815,44296,344
2021-04-09,Napa,055,140530,9609,9574,34,9608,80
2021-04-09,Nevada,057,99092,4449,4373,184,4557,69
2021-04-09,Orange,059,3164182,252531,250852,10962,261814,4813
2021-04-09,Placer,061,380077,22048,21327,1338,22665,278
2021-04-09,Plumas,063,18699,673,666,10,676,4
2021-04-09,Riverside,065,2383286,290824,284562,13796,298358,4325
2021-04-09,Sacramento,067,1510023,100766,99722,1524,101246,1564
2021-04-09,San Benito,069,59416,5938,5925,107,6032,62
2021-04-09,San Bernardino,071,2135413,290377,288000,8824,296824,4467
2021-04-09,San Diego,073,3302833,273627,272697,13887,286584,3600
2021-04-09,San Francisco,075,870044,35712,35716,1227,36943,497
2021-04-09,San Joaquin,077,732212,70656,69675,3311,72986,1281
2021-04-09,San Luis Obispo,079,281455,20816,20427,648,21075,252
2021-04-09,San Mateo,081,765935,41263,40800,437,41237,350
2021-04-09,Santa Barbara,083,443738,33784,33424,1170,34594,444
2021-04-09,Santa Clara,085,1922200,115655,115749,682,116431,1923
2021-04-09,Santa Cruz,087,273765,15944,15331,806,16137,203
2021-04-09,Shasta,089,179085,11509,11478,1398,12876,188
2021-04-09,Sierra,091,2930,55,51,12,63,0
2021-04-09,Siskiyou,093,43540,1594,1510,274,1784,7
2021-04-09,Solano,095,438530,31336,31166,430,31596,238
2021-04-09,Sonoma,097,501317,29368,29433,294,29727,310
2021-04-09,Stanislaus,099,539301,53919,53504,5687,59191,705
2021-04-09,Sutter,101,95872,9246,9201,82,9283,106
2021-04-09,Tehama,103,63373,4867,4806,527,5333,52
2021-04-09,Trinity,105,12862,481,324,85,409,3
2021-04-09,Tulare,107,460477,49487,48430,8725,57155,824
2021-04-09,Tuolumne,109,53932,3929,3986,37,4023,57
2021-04-09,Ventura,111,848112,80280,79698,2917,82615,987
2021-04-09,Yolo,113,214977,13479,13478,256,13734,198
2021-04-09,Yuba,115,75493,5791,5754,115,5869,43
2021-04-08,Alameda,001,1643700,84877,84213,1847,86060,1232
2021-04-08,Alpine,003,1148,85,85,0,85,0
2021-04-08,Amador,005,37829,3614,3595,33,3628,46
2021-04-08,Butte,007,227075,11802,11414,1697,13111,193
2021-04-08,Calaveras,009,45235,2035,2027,12,2039,50
2021-04-08,Colusa,011,21464,1904,1897,280,2177,14
2021-04-08,Contra Costa,013,1133247,66633,65706,1158,66864,775
2021-04-08,Del Norte,015,27424,1243,1201,11,1212,6
2021-04-08,El Dorado,017,186661,9632,9513,641,10154,106
2021-04-08,Fresno,019,978130,100634,99935,8393,108328,1627
2021-04-08,Glenn,021,27897,2367,2337,538,2875,17
2021-04-08,Humboldt,023,135768,3523,3486,25,3511,35
2021-04-08,Imperial,025,180216,27919,27744,2723,30467,713
2021-04-08,Inyo,027,18085,1389,1386,10,1396,36
2021-04-08,Kern,029,883053,95817,94493,10450,104943,1281
2021-04-08,Kings,031,150075,22848,22589,1044,23633,243
2021-04-08,Lake,033,64148,3394,3360,9,3369,43
2021-04-08,Lassen,035,31185,5158,5136,104,5240,1
2021-04-08,Los Angeles,037,10098052,1191802,1184443,40780,1225223,23416
2021-04-08,Madera,039,155013,16291,16103,908,17011,231
2021-04-08,Marin,041,260295,13769,13704,232,13936,226
2021-04-08,Mariposa,043,17540,398,393,6,399,5
2021-04-08,Mendocino,045,87422,3777,3690,72,3762,45
2021-04-08,Merced,047,269075,30156,30163,961,31124,430
2021-04-08,Modoc,049,8938,364,352,120,472,3
2021-04-08,Mono,051,14174,1236,1247,16,1263,3
2021-04-08,Monterey,053,433212,42730,42437,1810,44247,342
2021-04-08,Napa,055,140530,9592,9569,34,9603,80
2021-04-08,Nevada,057,99092,4438,4367,184,4551,69
2021-04-08,Orange,059,3164182,252421,250529,10947,261476,4797
2021-04-08,Placer,061,380077,22007,21258,1329,22587,277
2021-04-08,Plumas,063,18699,673,665,10,675,4
2021-04-08,Riverside,065,2383286,290710,283853,13791,297644,4296
2021-04-08,Sacramento,067,1510023,100626,99319,1513,100832,1561
2021-04-08,San Benito,069,59416,5935,5914,105,6019,62
2021-04-08,San Bernardino,071,2135413,290279,287190,8821,296011,4445
2021-04-08,San Diego,073,3302833,273397,272495,13851,286346,3592
2021-04-08,San Francisco,075,870044,35689,35657,1226,36883,494
2021-04-08,San Joaquin,077,732212,70584,69479,3305,72784,1279
2021-04-08,San Luis Obispo,079,281455,20796,20402,646,21048,252
2021-04-08,San Mateo,081,765935,41223,40749,437,41186,350
2021-04-08,Santa Barbara,083,443738,33760,33309,1169,34478,444
2021-04-08,Santa Clara,085,1922200,115549,115487,681,116168,1905
2021-04-08,Santa Cruz,087,273765,15938,15296,806,16102,203
2021-04-08,Shasta,089,179085,11499,11466,1394,12860,186
2021-04-08,Sierra,091,2930,55,51,12,63,0
2021-04-08,Siskiyou,093,43540,1591,1511,274,1785,7
2021-04-08,Solano,095,438530,31287,31120,430,31550,238
2021-04-08,Sonoma,097,501317,29348,29410,293,29703,310
2021-04-08,Stanislaus,099,539301,53841,53401,5677,59078,706
2021-04-08,Sutter,101,95872,9242,9195,82,9277,106
2021-04-08,Tehama,103,63373,4863,4802,527,5329,52
2021-04-08,Trinity,105,12862,481,324,85,409,3
2021-04-08,Tulare,107,460477,49474,48409,8715,57124,821
2021-04-08,Tuolumne,109,53932,3929,3986,37,4023,57
2021-04-08,Ventura,111,848112,80243,79626,2913,82539,986
2021-04-08,Yolo,113,214977,13470,13468,255,13723,198
2021-04-08,Yuba,115,75493,5787,5743,115,5858,43
2021-04-07,Alameda,001,1643700,84794,84130,1845,85975,1224
2021-04-07,Alpine,003,1148,85,85,0,85,0
2021-04-07,Amador,005,37829,3611,3590,33,3623,46
2021-04-07,Butte,007,227075,11798,11405,1694,13099,193
2021-04-07,Calaveras,009,45235,2031,2022,12,2034,50
2021-04-07,Colusa,011,21464,1900,1894,279,2173,14
2021-04-07,Contra Costa,013,1133247,66547,65619,1157,66776,775
2021-04-07,Del Norte,015,27424,1241,1198,11,1209,6
2021-04-07,El Dorado,017,186661,9611,9500,636,10136,106
2021-04-07,Fresno,019,978130,100569,99865,8382,108247,1627
2021-04-07,Glenn,021,27897,2365,2337,537,2874,17
2021-04-07,Humboldt,023,135768,3511,3484,25,3509,35
2021-04-07,Imperial,025,180216,27895,27704,2717,30421,713
2021-04-07,Inyo,027,18085,1388,1386,10,1396,36
2021-04-07,Kern,029,883053,95781,94456,10435,104891,1275
2021-04-07,Kings,031,150075,22846,22589,1044,23633,243
2021-04-07,Lake,033,64148,3392,3358,9,3367,43
2021-04-07,Lassen,035,31185,5158,5137,104,5241,1
2021-04-07,Los Angeles,037,10098052,1191367,1183862,40758,1224620,23372
2021-04-07,Madera,039,155013,16272,16090,907,16997,231
2021-04-07,Marin,041,260295,13758,13688,230,13918,225
2021-04-07,Mariposa,043,17540,397,391,6,397,5
2021-04-07,Mendocino,045,87422,3776,3691,72,3763,45
2021-04-07,Merced,047,269075,30132,30132,957,31089,430
2021-04-07,Modoc,049,8938,364,351,120,471,3
2021-04-07,Mono,051,14174,1236,1246,16,1262,3
2021-04-07,Monterey,053,433212,42712,42427,1809,44236,341
2021-04-07,Napa,055,140530,9578,9556,34,9590,80
2021-04-07,Nevada,057,99092,4432,4364,184,4548,69
2021-04-07,Orange,059,3164182,252297,250378,10924,261302,4778
2021-04-07,Placer,061,380077,21962,21227,1321,22548,276
2021-04-07,Plumas,063,18699,673,665,10,675,4
2021-04-07,Riverside,065,2383286,290590,283749,13781,297530,4285
2021-04-07,Sacramento,067,1510023,100458,99202,1507,100709,1544
2021-04-07,San Benito,069,59416,5930,5912,104,6016,62
2021-04-07,San Bernardino,071,2135413,290161,286978,8816,295794,4433
2021-04-07,San Diego,073,3302833,273172,272195,13822,286017,3588
2021-04-07,San Francisco,075,870044,35649,35618,1222,36840,493
2021-04-07,San Joaquin,077,732212,70515,69375,3300,72675,1278
2021-04-07,San Luis Obispo,079,281455,20770,20373,643,21016,252
2021-04-07,San Mateo,081,765935,41179,40693,437,41130,350
2021-04-07,Santa Barbara,083,443738,33734,33289,1166,34455,444
2021-04-07,Santa Clara,085,1922200,115417,115311,679,115990,1900
2021-04-07,Santa Cruz,087,273765,15927,15275,806,16081,203
2021-04-07,Shasta,089,179085,11487,11456,1389,12845,184
2021-04-07,Sierra,091,2930,55,51,12,63,0
2021-04-07,Siskiyou,093,43540,1585,1512,273,1785,7
2021-04-07,Solano,095,438530,31236,31097,429,31526,238
2021-04-07,Sonoma,097,501317,29330,29394,292,29686,310
2021-04-07,Stanislaus,099,539301,53772,53344,5667,59011,686
2021-04-07,Sutter,101,95872,9239,9188,82,9270,106
2021-04-07,Tehama,103,63373,4855,4802,525,5327,52
2021-04-07,Trinity,105,12862,481,322,85,407,3
2021-04-07,Tulare,107,460477,49459,48386,8704,57090,820
2021-04-07,Tuolumne,109,53932,3927,3982,37,4019,57
2021-04-07,Ventura,111,848112,80209,79595,2911,82506,986
2021-04-07,Yolo,113,214977,13455,13450,253,13703,198
2021-04-07,Yuba,115,75493,5783,5737,115,5852,43
2021-04-06,Alameda,001,1643700,84680,84091,1841,85932,1223
2021-04-06,Alpine,003,1148,85,85,0,85,0
2021-04-06,Amador,005,37829,3610,3587,33,3620,45
2021-04-06,Butte,007,227075,11783,11396,1692,13088,193
2021-04-06,Calaveras,009,45235,2028,2021,12,2033,50
2021-04-06,Colusa,011,21464,1898,1894,277,2171,14
2021-04-06,Contra Costa,013,1133247,66469,65575,1156,66731,774
2021-04-06,Del Norte,015,27424,1236,1197,11,1208,6
2021-04-06,El Dorado,017,186661,9581,9489,634,10123,106
2021-04-06,Fresno,019,978130,100505,99814,8376,108190,1626
2021-04-06,Glenn,021,27897,2364,2335,536,2871,17
2021-04-06,Humboldt,023,135768,3502,3477,25,3502,35
2021-04-06,Imperial,025,180216,27861,27661,2707,30368,713
2021-04-06,Inyo,027,18085,1388,1379,10,1389,36
2021-04-06,Kern,029,883053,95737,94422,10429,104851,1259
2021-04-06,Kings,031,150075,22840,22587,1044,23631,240
2021-04-06,Lake,033,64148,3389,3358,9,3367,43
2021-04-06,Lassen,035,31185,5156,5137,104,5241,1
2021-04-06,Los Angeles,037,10098052,1190857,1183499,40718,1224217,23323
2021-04-06,Madera,039,155013,16252,16085,902,16987,230
2021-04-06,Marin,041,260295,13749,13675,227,13902,224
2021-04-06,Mariposa,043,17540,397,390,6,396,5
2021-04-06,Mendocino,045,87422,3774,3686,72,3758,45
2021-04-06,Merced,047,269075,30103,30100,952,31052,430
2021-04-06,Modoc,049,8938,363,351,120,471,3
2021-04-06,Mono,051,14174,1236,1246,16,1262,3
2021-04-06,Monterey,053,433212,42703,42412,1808,44220,341
2021-04-06,Napa,055,140530,9559,9509,34,9543,78
2021-04-06,Nevada,057,99092,4422,4356,182,4538,69
2021-04-06,Orange,059,3164182,252188,250304,10910,261214,4771
2021-04-06,Placer,061,380077,21914,21184,1319,22503,276
2021-04-06,Plumas,063,18699,673,665,10,675,4
2021-04-06,Riverside,065,2383286,290409,283622,13770,297392,4264
2021-04-06,Sacramento,067,1510023,100249,99110,1499,100609,1537
2021-04-06,San Benito,069,59416,5921,5907,104,6011,62
2021-04-06,San Bernardino,071,2135413,290047,286792,8806,295598,4428
2021-04-06,San Diego,073,3302833,272910,271867,13794,285661,3585
2021-04-06,San Francisco,075,870044,35606,35572,1222,36794,488
2021-04-06,San Joaquin,077,732212,70432,69316,3288,72604,1278
2021-04-06,San Luis Obispo,079,281455,20748,20350,640,20990,252
2021-04-06,San Mateo,081,765935,41131,40649,436,41085,350
2021-04-06,Santa Barbara,083,443738,33716,33257,1165,34422,443
2021-04-06,Santa Clara,085,1922200,115246,115184,678,115862,1900
2021-04-06,Santa Cruz,087,273765,15917,15252,806,16058,203
2021-04-06,Shasta,089,179085,11466,11443,1387,12830,184
2021-04-06,Sierra,091,2930,55,51,12,63,0
2021-04-06,Siskiyou,093,43540,1581,1510,272,1782,7
2021-04-06,Solano,095,438530,31189,31078,428,31506,237
2021-04-06,Sonoma,097,501317,29305,29386,290,29676,311
2021-04-06,Stanislaus,099,539301,53715,53304,5661,58965,686
2021-04-06,Sutter,101,95872,9229,9179,82,9261,106
2021-04-06,Tehama,103,63373,4846,4798,525,5323,52
2021-04-06,Trinity,105,12862,481,321,85,406,3
2021-04-06,Tulare,107,460477,49416,48372,8700,57072,819
2021-04-06,Tuolumne,109,53932,3927,3981,37,4018,57
2021-04-06,Ventura,111,848112,80172,79556,2909,82465,983
2021-04-06,Yolo,113,214977,13442,13443,252,13695,198
2021-04-06,Yuba,115,75493,5779,5733,114,5847,43
2021-04-05,Alameda,001,1643700,84564,84007,1837,85844,1219
2021-04-05,Alpine,003,1148,85,85,0,85,0
2021-04-05,Amador,005,37829,3607,3584,33,3617,45
2021-04-05,Butte,007,227075,11768,11384,1691,13075,193
2021-04-05,Calaveras,009,45235,2026,2019,12,2031,50
2021-04-05,Colusa,011,21464,1898,1894,276,2170,14
2021-04-05,Contra Costa,013,1133247,66403,65457,1154,66611,774
2021-04-05,Del Norte,015,27424,1234,1189,11,1200,6
2021-04-05,El Dorado,017,186661,9566,9463,634,10097,106
2021-04-05,Fresno,019,978130,100417,99755,8368,108123,1622
2021-04-05,Glenn,021,27897,2362,2335,536,2871,17
2021-04-05,Humboldt,023,135768,3493,3475,25,3500,35
2021-04-05,Imperial,025,180216,27829,27604,2701,30305,710
2021-04-05,Inyo,027,18085,1385,1377,10,1387,36
2021-04-05,Kern,029,883053,95682,94401,10404,104805,1249
2021-04-05,Kings,031,150075,22836,22580,1044,23624,239
2021-04-05,Lake,033,64148,3381,3359,9,3368,43
2021-04-05,Lassen,035,31185,5156,5138,103,5241,1
2021-04-05,Los Angeles,037,10098052,1190323,1183200,40667,1223867,23302
2021-04-05,Madera,039,155013,16238,16065,901,16966,230
2021-04-05,Marin,041,260295,13735,13666,223,13889,221
2021-04-05,Mariposa,043,17540,397,390,6,396,5
2021-04-05,Mendocino,045,87422,3772,3687,72,3759,45
2021-04-05,Merced,047,269075,30076,30068,951,31019,427
2021-04-05,Modoc,049,8938,361,346,120,466,3
2021-04-05,Mono,051,14174,1236,1246,16,1262,3
2021-04-05,Monterey,053,433212,42690,42396,1804,44200,341
2021-04-05,Napa,055,140530,9536,9492,34,9526,78
2021-04-05,Nevada,057,99092,4411,4346,182,4528,69
2021-04-05,Orange,059,3164182,252073,250177,10886,261063,4759
2021-04-05,Placer,061,380077,21868,21133,1312,22445,276
2021-04-05,Plumas,063,18699,673,666,10,676,4
2021-04-05,Riverside,065,2383286,290272,283549,13758,297307,4237
2021-04-05,Sacramento,067,1510023,100087,98908,1490,100398,1533
2021-04-05,San Benito,069,59416,5915,5904,104,6008,61
2021-04-05,San Bernardino,071,2135413,289937,286597,8803,295400,4425
2021-04-05,San Diego,073,3302833,272661,271655,13753,285408,3583
2021-04-05,San Francisco,075,870044,35575,35538,1222,36760,488
2021-04-05,San Joaquin,077,732212,70343,69214,3279,72493,1268
2021-04-05,San Luis Obispo,079,281455,20711,20333,640,20973,252
2021-04-05,San Mateo,081,765935,41087,40609,435,41044,350
2021-04-05,Santa Barbara,083,443738,33681,33235,1165,34400,443
2021-04-05,Santa Clara,085,1922200,115079,115091,675,115766,1893
2021-04-05,Santa Cruz,087,273765,15910,15228,806,16034,201
2021-04-05,Shasta,089,179085,11445,11435,1384,12819,184
2021-04-05,Sierra,091,2930,55,50,12,62,0
2021-04-05,Siskiyou,093,43540,1578,1509,270,1779,7
2021-04-05,Solano,095,438530,31148,31026,426,31452,237
2021-04-05,Sonoma,097,501317,29273,29361,288,29649,311
2021-04-05,Stanislaus,099,539301,53635,53238,5659,58897,686
2021-04-05,Sutter,101,95872,9222,9169,82,9251,106
2021-04-05,Tehama,103,63373,4840,4794,525,5319,52
2021-04-05,Trinity,105,12862,480,321,85,406,3
2021-04-05,Tulare,107,460477,49404,48356,8693,57049,818
2021-04-05,Tuolumne,109,53932,3926,3980,37,4017,57
2021-04-05,Ventura,111,848112,80141,79549,2906,82455,983
2021-04-05,Yolo,113,214977,13428,13427,251,13678,198
2021-04-05,Yuba,115,75493,5774,5728,113,5841,43
2021-04-04,Alameda,001,1643700,84446,83951,1833,85784,1219
2021-04-04,Alpine,003,1148,85,85,0,85,0
2021-04-04,Amador,005,37829,3601,3582,33,3615,45
2021-04-04,Butte,007,227075,11753,11375,1690,13065,193
2021-04-04,Calaveras,009,45235,2022,2020,12,2032,50
2021-04-04,Colusa,011,21464,1897,1893,276,2169,14
2021-04-04,Contra Costa,013,1133247,66297,65408,1149,66557,774
2021-04-04,Del Norte,015,27424,1226,1186,11,1197,6
2021-04-04,El Dorado,017,186661,9547,9455,630,10085,106
2021-04-04,Fresno,019,978130,100343,99702,8355,108057,1622
2021-04-04,Glenn,021,27897,2359,2335,535,2870,17
2021-04-04,Humboldt,023,135768,3482,3472,25,3497,35
2021-04-04,Imperial,025,180216,27773,27588,2698,30286,710
2021-04-04,Inyo,027,18085,1381,1377,10,1387,36
2021-04-04,Kern,029,883053,95638,94388,10383,104771,1247
2021-04-04,Kings,031,150075,22834,22580,1043,23623,239
2021-04-04,Lake,033,64148,3375,3355,8,3363,43
2021-04-04,Lassen,035,31185,5154,5138,103,5241,1
2021-04-04,Los Angeles,037,10098052,1189780,1182872,40623,1223495,23301
2021-04-04,Madera,039,155013,16212,16052,897,16949,230
2021-04-04,Marin,041,260295,13722,13663,222,13885,221
2021-04-04,Mariposa,043,17540,397,390,6,396,5
2021-04-04,Mendocino,045,87422,3769,3684,72,3756,45
2021-04-04,Merced,047,269075,30033,30048,948,30996,427
2021-04-04,Modoc,049,8938,361,346,120,466,3
2021-04-04,Mono,051,14174,1235,1245,16,1261,3
2021-04-04,Monterey,053,433212,42673,42391,1803,44194,341
2021-04-04,Napa,055,140530,9524,9486,34,9520,78
2021-04-04,Nevada,057,99092,4399,4337,182,4519,69
2021-04-04,Orange,059,3164182,251939,250117,10870,260987,4759
2021-04-04,Placer,061,380077,21823,21104,1294,22398,276
2021-04-04,Plumas,063,18699,673,666,10,676,4
2021-04-04,Riverside,065,2383286,290146,283537,13754,297291,4237
2021-04-04,Sacramento,067,1510023,99888,98821,1480,100301,1531
2021-04-04,San Benito,069,59416,5905,5901,100,6001,61
2021-04-04,San Bernardino,071,2135413,289797,286561,8795,295356,4423
2021-04-04,San Diego,073,3302833,272349,271528,13711,285239,3583
2021-04-04,San Francisco,075,870044,35521,35525,1219,36744,488
2021-04-04,San Joaquin,077,732212,70242,69147,3267,72414,1268
2021-04-04,San Luis Obispo,079,281455,20679,20328,632,20960,252
2021-04-04,San Mateo,081,765935,41044,40587,432,41019,350
2021-04-04,Santa Barbara,083,443738,33645,33213,1165,34378,443
2021-04-04,Santa Clara,085,1922200,114913,114976,668,115644,1893
2021-04-04,Santa Cruz,087,273765,15901,15219,806,16025,201
2021-04-04,Shasta,089,179085,11419,11433,1383,12816,184
2021-04-04,Sierra,091,2930,55,50,12,62,0
2021-04-04,Siskiyou,093,43540,1575,1509,266,1775,7
2021-04-04,Solano,095,438530,31101,31002,424,31426,237
2021-04-04,Sonoma,097,501317,29241,29340,286,29626,311
2021-04-04,Stanislaus,099,539301,53542,53181,5651,58832,686
2021-04-04,Sutter,101,95872,9215,9164,82,9246,106
2021-04-04,Tehama,103,63373,4828,4792,524,5316,52
2021-04-04,Trinity,105,12862,478,321,85,406,3
2021-04-04,Tulare,107,460477,49388,48343,8685,57028,818
2021-04-04,Tuolumne,109,53932,3918,3980,37,4017,57
2021-04-04,Ventura,111,848112,80098,79526,2904,82430,983
2021-04-04,Yolo,113,214977,13407,13425,250,13675,198
2021-04-04,Yuba,115,75493,5767,5722,113,5835,43
2021-04-03,Alameda,001,1643700,84379,83861,1831,85692,1218
2021-04-03,Alpine,003,1148,85,85,0,85,0
2021-04-03,Amador,005,37829,3598,3577,33,3610,45
2021-04-03,Butte,007,227075,11749,11359,1686,13045,193
2021-04-03,Calaveras,009,45235,2019,2019,12,2031,50
2021-04-03,Colusa,011,21464,1897,1891,276,2167,14
2021-04-03,Contra Costa,013,1133247,66225,65338,1149,66487,774
2021-04-03,Del Norte,015,27424,1221,1183,11,1194,6
2021-04-03,El Dorado,017,186661,9538,9448,629,10077,106
2021-04-03,Fresno,019,978130,100286,99602,8349,107951,1622
2021-04-03,Glenn,021,27897,2359,2334,534,2868,17
2021-04-03,Humboldt,023,135768,3480,3467,25,3492,35
2021-04-03,Imperial,025,180216,27757,27572,2694,30266,710
2021-04-03,Inyo,027,18085,1380,1376,10,1386,36
2021-04-03,Kern,029,883053,95612,94369,10367,104736,1243
2021-04-03,Kings,031,150075,22832,22580,1043,23623,239
2021-04-03,Lake,033,64148,3374,3350,8,3358,43
2021-04-03,Lassen,035,31185,5153,5136,103,5239,1
2021-04-03,Los Angeles,037,10098052,1189479,1182402,40605,1223007,23301
2021-04-03,Madera,039,155013,16203,16051,895,16946,230
2021-04-03,Marin,041,260295,13714,13658,221,13879,221
2021-04-03,Mariposa,043,17540,397,390,5,395,5
2021-04-03,Mendocino,045,87422,3768,3684,72,3756,45
2021-04-03,Merced,047,269075,30018,30031,948,30979,427
2021-04-03,Modoc,049,8938,361,346,120,466,3
2021-04-03,Mono,051,14174,1235,1245,16,1261,3
2021-04-03,Monterey,053,433212,42660,42376,1801,44177,341
2021-04-03,Napa,055,140530,9515,9473,34,9507,78
2021-04-03,Nevada,057,99092,4395,4323,182,4505,69
2021-04-03,Orange,059,3164182,251859,249982,10852,260834,4755
2021-04-03,Placer,061,380077,21792,21060,1290,22350,276
2021-04-03,Plumas,063,18699,673,666,10,676,4
2021-04-03,Riverside,065,2383286,290068,283423,13751,297174,4237
2021-04-03,Sacramento,067,1510023,99780,98660,1474,100134,1531
2021-04-03,San Benito,069,59416,5902,5893,99,5992,61
2021-04-03,San Bernardino,071,2135413,289732,286473,8789,295262,4422
2021-04-03,San Diego,073,3302833,272180,271335,13694,285029,3571
2021-04-03,San Francisco,075,870044,35502,35488,1217,36705,489
2021-04-03,San Joaquin,077,732212,70201,69100,3251,72351,1268
2021-04-03,San Luis Obispo,079,281455,20660,20301,632,20933,252
2021-04-03,San Mateo,081,765935,41019,40560,432,40992,350
2021-04-03,Santa Barbara,083,443738,33619,33172,1164,34336,443
2021-04-03,Santa Clara,085,1922200,114805,114865,666,115531,1893
2021-04-03,Santa Cruz,087,273765,15894,15205,806,16011,201
2021-04-03,Shasta,089,179085,11411,11418,1383,12801,184
2021-04-03,Sierra,091,2930,55,50,12,62,0
2021-04-03,Siskiyou,093,43540,1574,1509,266,1775,7
2021-04-03,Solano,095,438530,31080,30970,421,31391,237
2021-04-03,Sonoma,097,501317,29225,29315,285,29600,311
2021-04-03,Stanislaus,099,539301,53507,53137,5645,58782,686
2021-04-03,Sutter,101,95872,9209,9158,82,9240,106
2021-04-03,Tehama,103,63373,4821,4788,524,5312,52
2021-04-03,Trinity,105,12862,478,321,85,406,3
2021-04-03,Tulare,107,460477,49378,48327,8681,57008,818
2021-04-03,Tuolumne,109,53932,3918,3980,37,4017,57
2021-04-03,Ventura,111,848112,80077,79489,2902,82391,983
2021-04-03,Yolo,113,214977,13401,13414,250,13664,198
2021-04-03,Yuba,115,75493,5761,5716,113,5829,43
2021-04-02,Alameda,001,1643700,84305,83776,1828,85604,1217
2021-04-02,Alpine,003,1148,85,85,0,85,0
2021-04-02,Amador,005,37829,3594,3573,32,3605,45
2021-04-02,Butte,007,227075,11741,11350,1686,13036,193
2021-04-02,Calaveras,009,45235,2015,2010,12,2022,50
2021-04-02,Colusa,011,21464,1897,1891,276,2167,14
2021-04-02,Contra Costa,013,1133247,66161,65299,1148,66447,774
2021-04-02,Del Norte,015,27424,1218,1174,11,1185,6
2021-04-02,El Dorado,017,186661,9525,9437,626,10063,106
2021-04-02,Fresno,019,978130,100232,99551,8338,107889,1620
2021-04-02,Glenn,021,27897,2359,2331,534,2865,17
2021-04-02,Humboldt,023,135768,3476,3465,25,3490,35
2021-04-02,Imperial,025,180216,27744,27553,2687,30240,710
2021-04-02,Inyo,027,18085,1380,1377,10,1387,36
2021-04-02,Kern,029,883053,95594,94348,10364,104712,1233
2021-04-02,Kings,031,150075,22832,22571,1040,23611,239
2021-04-02,Lake,033,64148,3372,3348,8,3356,43
2021-04-02,Lassen,035,31185,5153,5134,103,5237,1
2021-04-02,Los Angeles,037,10098052,1189170,1181682,40582,1222264,23264
2021-04-02,Madera,039,155013,16194,16036,894,16930,230
2021-04-02,Marin,041,260295,13706,13649,221,13870,221
2021-04-02,Mariposa,043,17540,395,390,5,395,5
2021-04-02,Mendocino,045,87422,3765,3682,72,3754,45
2021-04-02,Merced,047,269075,29994,29998,948,30946,426
2021-04-02,Modoc,049,8938,358,346,120,466,3
2021-04-02,Mono,051,14174,1235,1246,16,1262,3
2021-04-02,Monterey,053,433212,42650,42359,1798,44157,341
2021-04-02,Napa,055,140530,9500,9453,34,9487,78
2021-04-02,Nevada,057,99092,4391,4323,182,4505,69
2021-04-02,Orange,059,3164182,251763,249891,10839,260730,4748
2021-04-02,Placer,061,380077,21756,21035,1284,22319,275
2021-04-02,Plumas,063,18699,673,666,10,676,4
2021-04-02,Riverside,065,2383286,289982,283328,13742,297070,4213
2021-04-02,Sacramento,067,1510023,99673,98648,1467,100115,1527
2021-04-02,San Benito,069,59416,5900,5888,97,5985,61
2021-04-02,San Bernardino,071,2135413,289659,286308,8785,295093,4417
2021-04-02,San Diego,073,3302833,271994,271036,13668,284704,3568
2021-04-02,San Francisco,075,870044,35467,35451,1215,36666,488
2021-04-02,San Joaquin,077,732212,70136,68996,3236,72232,1268
2021-04-02,San Luis Obispo,079,281455,20643,20271,631,20902,252
2021-04-02,San Mateo,081,765935,40977,40514,432,40946,350
2021-04-02,Santa Barbara,083,443738,33591,33145,1164,34309,443
2021-04-02,Santa Clara,085,1922200,114694,114777,664,115441,1882
2021-04-02,Santa Cruz,087,273765,15886,15216,806,16022,202
2021-04-02,Shasta,089,179085,11406,11377,1375,12752,181
2021-04-02,Sierra,091,2930,55,50,12,62,0
2021-04-02,Siskiyou,093,43540,1574,1508,265,1773,7
2021-04-02,Solano,095,438530,31051,30951,418,31369,237
2021-04-02,Sonoma,097,501317,29204,29288,284,29572,311
2021-04-02,Stanislaus,099,539301,53462,53073,5639,58712,687
2021-04-02,Sutter,101,95872,9201,9131,82,9213,106
2021-04-02,Tehama,103,63373,4814,4775,523,5298,52
2021-04-02,Trinity,105,12862,478,320,85,405,3
2021-04-02,Tulare,107,460477,49372,48306,8675,56981,818
2021-04-02,Tuolumne,109,53932,3915,3980,37,4017,57
2021-04-02,Ventura,111,848112,80049,79434,2900,82334,982
2021-04-02,Yolo,113,214977,13391,13381,250,13631,197
2021-04-02,Yuba,115,75493,5757,5709,113,5822,44
2021-04-01,Alameda,001,1643700,84226,83574,1823,85397,1216
2021-04-01,Alpine,003,1148,85,85,0,85,0
2021-04-01,Amador,005,37829,3590,3558,32,3590,45
2021-04-01,Butte,007,227075,11723,11328,1684,13012,193
2021-04-01,Calaveras,009,45235,2011,2006,12,2018,50
2021-04-01,Colusa,011,21464,1894,1890,276,2166,14
2021-04-01,Contra Costa,013,1133247,66101,65176,1146,66322,771
2021-04-01,Del Norte,015,27424,1213,1138,11,1149,6
2021-04-01,El Dorado,017,186661,9516,9393,622,10015,106
2021-04-01,Fresno,019,978130,100178,99317,8330,107647,1616
2021-04-01,Glenn,021,27897,2359,2322,533,2855,17
2021-04-01,Humboldt,023,135768,3472,3464,25,3489,35
2021-04-01,Imperial,025,180216,27714,27520,2681,30201,710
2021-04-01,Inyo,027,18085,1379,1374,10,1384,36
2021-04-01,Kern,029,883053,95558,94244,10352,104596,1233
2021-04-01,Kings,031,150075,22825,22560,1039,23599,239
2021-04-01,Lake,033,64148,3367,3337,8,3345,43
2021-04-01,Lassen,035,31185,5152,5132,103,5235,1
2021-04-01,Los Angeles,037,10098052,1188682,1181101,40556,1221657,23220
2021-04-01,Madera,039,155013,16178,16023,894,16917,230
2021-04-01,Marin,041,260295,13696,13635,221,13856,221
2021-04-01,Mariposa,043,17540,393,389,5,394,5
2021-04-01,Mendocino,045,87422,3765,3680,72,3752,45
2021-04-01,Merced,047,269075,29960,29820,948,30768,425
2021-04-01,Modoc,049,8938,357,346,120,466,3
2021-04-01,Mono,051,14174,1235,1245,16,1261,3
2021-04-01,Monterey,053,433212,42642,42324,1796,44120,339
2021-04-01,Napa,055,140530,9488,9410,34,9444,78
2021-04-01,Nevada,057,99092,4381,4288,181,4469,68
2021-04-01,Orange,059,3164182,251643,249617,10822,260439,4742
2021-04-01,Placer,061,380077,21717,20909,1272,22181,274
2021-04-01,Plumas,063,18699,673,664,10,674,4
2021-04-01,Riverside,065,2383286,289877,283128,13739,296867,4193
2021-04-01,Sacramento,067,1510023,99528,97952,1453,99405,1521
2021-04-01,San Benito,069,59416,5892,5878,96,5974,61
2021-04-01,San Bernardino,071,2135413,289542,286086,8776,294862,4404
2021-04-01,San Diego,073,3302833,271769,270540,13638,284178,3555
2021-04-01,San Francisco,075,870044,35446,35386,1212,36598,488
2021-04-01,San Joaquin,077,732212,70054,68802,3228,72030,1262
2021-04-01,San Luis Obispo,079,281455,20614,20235,630,20865,252
2021-04-01,San Mateo,081,765935,40936,40454,432,40886,350
2021-04-01,Santa Barbara,083,443738,33545,33096,1159,34255,443
2021-04-01,Santa Clara,085,1922200,114581,114606,663,115269,1874
2021-04-01,Santa Cruz,087,273765,15871,15271,806,16077,202
2021-04-01,Shasta,089,179085,11391,11355,1369,12724,181
2021-04-01,Sierra,091,2930,55,50,12,62,0
2021-04-01,Siskiyou,093,43540,1572,1507,264,1771,7
2021-04-01,Solano,095,438530,31018,30850,415,31265,237
2021-04-01,Sonoma,097,501317,29173,29241,277,29518,311
2021-04-01,Stanislaus,099,539301,53399,52825,5633,58458,687
2021-04-01,Sutter,101,95872,9189,9105,82,9187,106
2021-04-01,Tehama,103,63373,4808,4764,520,5284,52
2021-04-01,Trinity,105,12862,478,319,85,404,3
2021-04-01,Tulare,107,460477,49349,48279,8665,56944,817
2021-04-01,Tuolumne,109,53932,3913,3978,37,4015,57
2021-04-01,Ventura,111,848112,80025,79369,2899,82268,977
2021-04-01,Yolo,113,214977,13378,13342,250,13592,197
2021-04-01,Yuba,115,75493,5752,5694,113,5807,44
2021-03-31,Alameda,001,1643700,84144,83475,1818,85293,1215
2021-03-31,Alpine,003,1148,85,85,0,85,0
2021-03-31,Amador,005,37829,3587,3556,32,3588,45
2021-03-31,Butte,007,227075,11713,11321,1681,13002,193
2021-03-31,Calaveras,009,45235,2009,2005,12,2017,50
2021-03-31,Colusa,011,21464,1894,1890,276,2166,14
2021-03-31,Contra Costa,013,1133247,66016,65109,1145,66254,769
2021-03-31,Del Norte,015,27424,1204,1129,11,1140,6
2021-03-31,El Dorado,017,186661,9499,9390,622,10012,106
2021-03-31,Fresno,019,978130,100086,99240,8313,107553,1616
2021-03-31,Glenn,021,27897,2355,2318,531,2849,17
2021-03-31,Humboldt,023,135768,3466,3460,25,3485,35
2021-03-31,Imperial,025,180216,27694,27506,2678,30184,710
2021-03-31,Inyo,027,18085,1376,1373,9,1382,35
2021-03-31,Kern,029,883053,95515,94205,10343,104548,1229
2021-03-31,Kings,031,150075,22822,22540,1039,23579,239
2021-03-31,Lake,033,64148,3363,3332,8,3340,43
2021-03-31,Lassen,035,31185,5148,5132,103,5235,1
2021-03-31,Los Angeles,037,10098052,1188216,1180538,40516,1221054,23171
2021-03-31,Madera,039,155013,16164,16015,893,16908,229
2021-03-31,Marin,041,260295,13685,13624,221,13845,221
2021-03-31,Mariposa,043,17540,393,389,5,394,5
2021-03-31,Mendocino,045,87422,3759,3675,72,3747,45
2021-03-31,Merced,047,269075,29931,29780,948,30728,423
2021-03-31,Modoc,049,8938,357,346,120,466,3
2021-03-31,Mono,051,14174,1235,1245,16,1261,3
2021-03-31,Monterey,053,433212,42625,42309,1794,44103,338
2021-03-31,Napa,055,140530,9470,9401,34,9435,78
2021-03-31,Nevada,057,99092,4375,4283,181,4464,68
2021-03-31,Orange,059,3164182,251532,249518,10807,260325,4731
2021-03-31,Placer,061,380077,21667,20885,1265,22150,271
2021-03-31,Plumas,063,18699,672,663,10,673,4
2021-03-31,Riverside,065,2383286,289775,283006,13729,296735,4171
2021-03-31,Sacramento,067,1510023,99352,97760,1446,99206,1519
2021-03-31,San Benito,069,59416,5882,5875,96,5971,61
2021-03-31,San Bernardino,071,2135413,289448,285916,8773,294689,4356
2021-03-31,San Diego,073,3302833,271538,270288,13603,283891,3555
2021-03-31,San Francisco,075,870044,35402,35347,1211,36558,474
2021-03-31,San Joaquin,077,732212,69965,68685,3212,71897,1259
2021-03-31,San Luis Obispo,079,281455,20593,20215,629,20844,251
2021-03-31,San Mateo,081,765935,40906,40423,432,40855,350
2021-03-31,Santa Barbara,083,443738,33513,33052,1157,34209,443
2021-03-31,Santa Clara,085,1922200,114454,114499,663,115162,1874
2021-03-31,Santa Cruz,087,273765,15858,15295,805,16100,201
2021-03-31,Shasta,089,179085,11379,11327,1361,12688,179
2021-03-31,Sierra,091,2930,55,50,12,62,0
2021-03-31,Siskiyou,093,43540,1571,1505,264,1769,7
2021-03-31,Solano,095,438530,30972,30824,414,31238,235
2021-03-31,Sonoma,097,501317,29146,29216,277,29493,311
2021-03-31,Stanislaus,099,539301,53330,52782,5621,58403,687
2021-03-31,Sutter,101,95872,9178,9111,82,9193,106
2021-03-31,Tehama,103,63373,4803,4762,517,5279,52
2021-03-31,Trinity,105,12862,478,319,85,404,3
2021-03-31,Tulare,107,460477,49329,48261,8649,56910,816
2021-03-31,Tuolumne,109,53932,3912,3976,37,4013,57
2021-03-31,Ventura,111,848112,79993,79326,2895,82221,969
2021-03-31,Yolo,113,214977,13361,13359,249,13608,197
2021-03-31,Yuba,115,75493,5745,5686,113,5799,44
2021-03-30,Alameda,001,1643700,84044,83395,1815,85210,1211
2021-03-30,Alpine,003,1148,85,85,0,85,0
2021-03-30,Amador,005,37829,3584,3551,32,3583,45
2021-03-30,Butte,007,227075,11701,11296,1678,12974,193
2021-03-30,Calaveras,009,45235,2003,1997,12,2009,50
2021-03-30,Colusa,011,21464,1893,1890,275,2165,14
2021-03-30,Contra Costa,013,1133247,65927,65041,1143,66184,767
2021-03-30,Del Norte,015,27424,1196,1118,10,1128,6
2021-03-30,El Dorado,017,186661,9480,9381,619,10000,105
2021-03-30,Fresno,019,978130,100021,99156,8300,107456,1609
2021-03-30,Glenn,021,27897,2355,2310,530,2840,17
2021-03-30,Humboldt,023,135768,3464,3461,25,3486,35
2021-03-30,Imperial,025,180216,27665,27471,2676,30147,706
2021-03-30,Inyo,027,18085,1376,1374,9,1383,35
2021-03-30,Kern,029,883053,95473,94151,10334,104485,1221
2021-03-30,Kings,031,150075,22818,22530,1037,23567,238
2021-03-30,Lake,033,64148,3357,3330,8,3338,43
2021-03-30,Lassen,035,31185,5148,5132,103,5235,1
2021-03-30,Los Angeles,037,10098052,1187723,1180044,40494,1220538,23136
2021-03-30,Madera,039,155013,16154,16003,889,16892,229
2021-03-30,Marin,041,260295,13676,13611,213,13824,221
2021-03-30,Mariposa,043,17540,393,388,5,393,5
2021-03-30,Mendocino,045,87422,3757,3670,72,3742,45
2021-03-30,Merced,047,269075,29895,29731,948,30679,423
2021-03-30,Modoc,049,8938,356,346,120,466,3
2021-03-30,Mono,051,14174,1234,1245,16,1261,3
2021-03-30,Monterey,053,433212,42599,42308,1791,44099,338
2021-03-30,Napa,055,140530,9455,9391,34,9425,78
2021-03-30,Nevada,057,99092,4363,4266,180,4446,68
2021-03-30,Orange,059,3164182,251403,249412,10780,260192,4727
2021-03-30,Placer,061,380077,21627,20866,1259,22125,271
2021-03-30,Plumas,063,18699,672,661,10,671,4
2021-03-30,Riverside,065,2383286,289650,282930,13720,296650,4154
2021-03-30,Sacramento,067,1510023,99215,97718,1442,99160,1516
2021-03-30,San Benito,069,59416,5876,5870,96,5966,61
2021-03-30,San Bernardino,071,2135413,289339,285758,8764,294522,4343
2021-03-30,San Diego,073,3302833,271301,269998,13565,283563,3555
2021-03-30,San Francisco,075,870044,35352,35325,1210,36535,474
2021-03-30,San Joaquin,077,732212,69877,68613,3202,71815,1232
2021-03-30,San Luis Obispo,079,281455,20573,20194,629,20823,251
2021-03-30,San Mateo,081,765935,40861,40377,432,40809,349
2021-03-30,Santa Barbara,083,443738,33487,33016,1157,34173,441
2021-03-30,Santa Clara,085,1922200,114331,114413,662,115075,1873
2021-03-30,Santa Cruz,087,273765,15852,15278,805,16083,201
2021-03-30,Shasta,089,179085,11371,11316,1360,12676,184
2021-03-30,Sierra,091,2930,55,50,12,62,0
2021-03-30,Siskiyou,093,43540,1570,1501,264,1765,7
2021-03-30,Solano,095,438530,30942,30802,413,31215,232
2021-03-30,Sonoma,097,501317,29114,29198,277,29475,311
2021-03-30,Stanislaus,099,539301,53252,52690,5613,58303,677
2021-03-30,Sutter,101,95872,9174,9107,81,9188,106
2021-03-30,Tehama,103,63373,4794,4748,516,5264,52
2021-03-30,Trinity,105,12862,478,316,85,401,3
2021-03-30,Tulare,107,460477,49315,48249,8640,56889,815
2021-03-30,Tuolumne,109,53932,3907,3972,37,4009,57
2021-03-30,Ventura,111,848112,79949,79282,2892,82174,958
2021-03-30,Yolo,113,214977,13349,13353,249,13602,195
2021-03-30,Yuba,115,75493,5734,5679,107,5786,42
2021-03-29,Alameda,001,1643700,83943,83338,1813,85151,1211
2021-03-29,Alpine,003,1148,85,85,0,85,0
2021-03-29,Amador,005,37829,3578,3549,32,3581,45
2021-03-29,Butte,007,227075,11692,11291,1675,12966,191
2021-03-29,Calaveras,009,45235,2002,1998,12,2010,50
2021-03-29,Colusa,011,21464,1893,1889,274,2163,14
2021-03-29,Contra Costa,013,1133247,65858,64971,1142,66113,767
2021-03-29,Del Norte,015,27424,1191,1116,9,1125,6
2021-03-29,El Dorado,017,186661,9460,9374,613,9987,105
2021-03-29,Fresno,019,978130,99938,99085,8285,107370,1606
2021-03-29,Glenn,021,27897,2348,2310,530,2840,17
2021-03-29,Humboldt,023,135768,3459,3459,25,3484,34
2021-03-29,Imperial,025,180216,27645,27442,2673,30115,704
2021-03-29,Inyo,027,18085,1376,1372,9,1381,35
2021-03-29,Kern,029,883053,95426,94098,10314,104412,1220
2021-03-29,Kings,031,150075,22806,22522,1036,23558,238
2021-03-29,Lake,033,64148,3354,3325,8,3333,43
2021-03-29,Lassen,035,31185,5148,5131,103,5234,1
2021-03-29,Los Angeles,037,10098052,1187229,1179736,40454,1220190,23108
2021-03-29,Madera,039,155013,16134,15987,887,16874,210
2021-03-29,Marin,041,260295,13664,13600,209,13809,220
2021-03-29,Mariposa,043,17540,392,388,5,393,5
2021-03-29,Mendocino,045,87422,3754,3667,72,3739,45
2021-03-29,Merced,047,269075,29871,29699,948,30647,422
2021-03-29,Modoc,049,8938,355,344,120,464,3
2021-03-29,Mono,051,14174,1233,1243,16,1259,3
2021-03-29,Monterey,053,433212,42583,42305,1786,44091,337
2021-03-29,Napa,055,140530,9439,9379,34,9413,78
2021-03-29,Nevada,057,99092,4356,4258,180,4438,68
2021-03-29,Orange,059,3164182,251291,249295,10768,260063,4713
2021-03-29,Placer,061,380077,21592,20827,1252,22079,267
2021-03-29,Plumas,063,18699,671,660,10,670,4
2021-03-29,Riverside,065,2383286,289547,282867,13719,296586,4133
2021-03-29,Sacramento,067,1510023,99021,97577,1434,99011,1514
2021-03-29,San Benito,069,59416,5869,5865,96,5961,61
2021-03-29,San Bernardino,071,2135413,289242,285615,8760,294375,4335
2021-03-29,San Diego,073,3302833,271035,269771,13539,283310,3547
2021-03-29,San Francisco,075,870044,35317,35291,1207,36498,474
2021-03-29,San Joaquin,077,732212,69791,68537,3189,71726,1211
2021-03-29,San Luis Obispo,079,281455,20538,20176,628,20804,250
2021-03-29,San Mateo,081,765935,40819,40357,431,40788,348
2021-03-29,Santa Barbara,083,443738,33453,32983,1156,34139,439
2021-03-29,Santa Clara,085,1922200,114223,114335,657,114992,1871
2021-03-29,Santa Cruz,087,273765,15841,15249,804,16053,201
2021-03-29,Shasta,089,179085,11353,11313,1358,12671,183
2021-03-29,Sierra,091,2930,55,50,12,62,0
2021-03-29,Siskiyou,093,43540,1568,1497,263,1760,6
2021-03-29,Solano,095,438530,30903,30762,411,31173,232
2021-03-29,Sonoma,097,501317,29091,29184,274,29458,310
2021-03-29,Stanislaus,099,539301,53168,52614,5605,58219,677
2021-03-29,Sutter,101,95872,9167,9105,81,9186,106
2021-03-29,Tehama,103,63373,4786,4742,515,5257,52
2021-03-29,Trinity,105,12862,478,314,85,399,3
2021-03-29,Tulare,107,460477,49287,48226,8629,56855,815
2021-03-29,Tuolumne,109,53932,3905,3969,37,4006,57
2021-03-29,Ventura,111,848112,79907,79252,2892,82144,956
2021-03-29,Yolo,113,214977,13331,13346,249,13595,195
2021-03-29,Yuba,115,75493,5727,5671,106,5777,42
2021-03-28,Alameda,001,1643700,83822,83239,1811,85050,1212
2021-03-28,Alpine,003,1148,85,85,0,85,0
2021-03-28,Amador,005,37829,3574,3541,32,3573,45
2021-03-28,Butte,007,227075,11679,11285,1673,12958,191
2021-03-28,Calaveras,009,45235,2000,1995,12,2007,50
2021-03-28,Colusa,011,21464,1892,1889,274,2163,14
2021-03-28,Contra Costa,013,1133247,65784,64878,1138,66016,767
2021-03-28,Del Norte,015,27424,1184,1107,7,1114,6
2021-03-28,El Dorado,017,186661,9445,9371,611,9982,105
2021-03-28,Fresno,019,978130,99856,99004,8273,107277,1606
2021-03-28,Glenn,021,27897,2344,2309,528,2837,17
2021-03-28,Humboldt,023,135768,3456,3452,24,3476,34
2021-03-28,Imperial,025,180216,27618,27426,2670,30096,704
2021-03-28,Inyo,027,18085,1375,1372,9,1381,35
2021-03-28,Kern,029,883053,95381,94084,10303,104387,1219
2021-03-28,Kings,031,150075,22801,22514,1033,23547,238
2021-03-28,Lake,033,64148,3349,3320,8,3328,43
2021-03-28,Lassen,035,31185,5148,5131,102,5233,1
2021-03-28,Los Angeles,037,10098052,1186679,1179316,40395,1219711,23101
2021-03-28,Madera,039,155013,16119,15973,886,16859,210
2021-03-28,Marin,041,260295,13651,13594,207,13801,221
2021-03-28,Mariposa,043,17540,392,388,5,393,5
2021-03-28,Mendocino,045,87422,3752,3666,72,3738,45
2021-03-28,Merced,047,269075,29814,29679,948,30627,422
2021-03-28,Modoc,049,8938,355,344,120,464,3
2021-03-28,Mono,051,14174,1232,1242,16,1258,3
2021-03-28,Monterey,053,433212,42560,42294,1782,44076,337
2021-03-28,Napa,055,140530,9425,9368,34,9402,78
2021-03-28,Nevada,057,99092,4342,4239,180,4419,68
2021-03-28,Orange,059,3164182,251136,249238,10758,259996,4713
2021-03-28,Placer,061,380077,21549,20796,1246,22042,267
2021-03-28,Plumas,063,18699,669,657,10,667,4
2021-03-28,Riverside,065,2383286,289433,282811,13711,296522,4132
2021-03-28,Sacramento,067,1510023,98846,97425,1428,98853,1514
2021-03-28,San Benito,069,59416,5864,5862,96,5958,61
2021-03-28,San Bernardino,071,2135413,289123,285570,8751,294321,4332
2021-03-28,San Diego,073,3302833,270761,269476,13511,282987,3547
2021-03-28,San Francisco,075,870044,35271,35286,1203,36489,474
2021-03-28,San Joaquin,077,732212,69666,68459,3170,71629,1211
2021-03-28,San Luis Obispo,079,281455,20503,20172,625,20797,250
2021-03-28,San Mateo,081,765935,40774,40305,431,40736,348
2021-03-28,Santa Barbara,083,443738,33413,32953,1155,34108,439
2021-03-28,Santa Clara,085,1922200,114123,114232,653,114885,1871
2021-03-28,Santa Cruz,087,273765,15827,15238,803,16041,201
2021-03-28,Shasta,089,179085,11327,11308,1347,12655,183
2021-03-28,Sierra,091,2930,55,50,12,62,0
2021-03-28,Siskiyou,093,43540,1568,1497,262,1759,6
2021-03-28,Solano,095,438530,30866,30719,409,31128,232
2021-03-28,Sonoma,097,501317,29055,29161,272,29433,310
2021-03-28,Stanislaus,099,539301,53080,52567,5590,58157,678
2021-03-28,Sutter,101,95872,9158,9094,81,9175,106
2021-03-28,Tehama,103,63373,4776,4740,513,5253,52
2021-03-28,Trinity,105,12862,476,314,84,398,3
2021-03-28,Tulare,107,460477,49258,48218,8623,56841,815
2021-03-28,Tuolumne,109,53932,3902,3969,36,4005,57
2021-03-28,Ventura,111,848112,79856,79222,2887,82109,956
2021-03-28,Yolo,113,214977,13313,13325,248,13573,194
2021-03-28,Yuba,115,75493,5723,5662,106,5768,42
2021-03-27,Alameda,001,1643700,83751,83169,1807,84976,1211
2021-03-27,Alpine,003,1148,85,85,0,85,0
2021-03-27,Amador,005,37829,3569,3538,32,3570,45
2021-03-27,Butte,007,227075,11672,11278,1672,12950,191
2021-03-27,Calaveras,009,45235,1997,1992,12,2004,50
2021-03-27,Colusa,011,21464,1892,1889,274,2163,14
2021-03-27,Contra Costa,013,1133247,65714,64804,1135,65939,767
2021-03-27,Del Norte,015,27424,1174,1104,7,1111,6
2021-03-27,El Dorado,017,186661,9431,9367,611,9978,105
2021-03-27,Fresno,019,978130,99803,98901,8267,107168,1606
2021-03-27,Glenn,021,27897,2343,2308,528,2836,17
2021-03-27,Humboldt,023,135768,3451,3442,24,3466,34
2021-03-27,Imperial,025,180216,27606,27406,2667,30073,704
2021-03-27,Inyo,027,18085,1373,1372,9,1381,35
2021-03-27,Kern,029,883053,95361,94041,10291,104332,1217
2021-03-27,Kings,031,150075,22798,22502,1033,23535,238
2021-03-27,Lake,033,64148,3347,3317,8,3325,43
2021-03-27,Lassen,035,31185,5148,5129,102,5231,1
2021-03-27,Los Angeles,037,10098052,1186365,1178831,40368,1219199,23103
2021-03-27,Madera,039,155013,16112,15968,884,16852,210
2021-03-27,Marin,041,260295,13646,13579,207,13786,222
2021-03-27,Mariposa,043,17540,392,386,5,391,5
2021-03-27,Mendocino,045,87422,3750,3666,72,3738,45
2021-03-27,Merced,047,269075,29781,29647,946,30593,422
2021-03-27,Modoc,049,8938,355,344,120,464,3
2021-03-27,Mono,051,14174,1230,1241,16,1257,3
2021-03-27,Monterey,053,433212,42550,42271,1782,44053,337
2021-03-27,Napa,055,140530,9413,9360,34,9394,78
2021-03-27,Nevada,057,99092,4332,4231,180,4411,68
2021-03-27,Orange,059,3164182,251043,249160,10742,259902,4698
2021-03-27,Placer,061,380077,21529,20717,1239,21956,267
2021-03-27,Plumas,063,18699,668,655,10,665,4
2021-03-27,Riverside,065,2383286,289371,282707,13703,296410,4132
2021-03-27,Sacramento,067,1510023,98756,97247,1426,98673,1513
2021-03-27,San Benito,069,59416,5862,5862,94,5956,61
2021-03-27,San Bernardino,071,2135413,289061,285480,8749,294229,4325
2021-03-27,San Diego,073,3302833,270591,269271,13489,282760,3540
2021-03-27,San Francisco,075,870044,35247,35244,1201,36445,474
2021-03-27,San Joaquin,077,732212,69606,68365,3162,71527,1211
2021-03-27,San Luis Obispo,079,281455,20492,20153,622,20775,250
2021-03-27,San Mateo,081,765935,40751,40264,431,40695,348
2021-03-27,Santa Barbara,083,443738,33389,32921,1155,34076,439
2021-03-27,Santa Clara,085,1922200,114027,114124,651,114775,1871
2021-03-27,Santa Cruz,087,273765,15821,15215,803,16018,201
2021-03-27,Shasta,089,179085,11316,11288,1345,12633,183
2021-03-27,Sierra,091,2930,55,50,12,62,0
2021-03-27,Siskiyou,093,43540,1568,1497,262,1759,6
2021-03-27,Solano,095,438530,30838,30669,408,31077,232
2021-03-27,Sonoma,097,501317,29040,29133,270,29403,310
2021-03-27,Stanislaus,099,539301,53015,52497,5582,58079,678
2021-03-27,Sutter,101,95872,9150,9093,81,9174,106
2021-03-27,Tehama,103,63373,4770,4738,511,5249,52
2021-03-27,Trinity,105,12862,476,313,84,397,3
2021-03-27,Tulare,107,460477,49242,48203,8615,56818,813
2021-03-27,Tuolumne,109,53932,3899,3968,36,4004,57
2021-03-27,Ventura,111,848112,79829,79184,2885,82069,956
2021-03-27,Yolo,113,214977,13308,13317,247,13564,194
2021-03-27,Yuba,115,75493,5721,5657,106,5763,42
2021-03-26,Alameda,001,1643700,83689,83043,1805,84848,1208
2021-03-26,Alpine,003,1148,85,85,0,85,0
2021-03-26,Amador,005,37829,3564,3532,32,3564,45
2021-03-26,Butte,007,227075,11662,11278,1672,12950,191
2021-03-26,Calaveras,009,45235,1996,1989,12,2001,50
2021-03-26,Colusa,011,21464,1892,1889,274,2163,14
2021-03-26,Contra Costa,013,1133247,65654,64699,1133,65832,761
2021-03-26,Del Norte,015,27424,1171,1101,7,1108,6
2021-03-26,El Dorado,017,186661,9426,9353,611,9964,105
2021-03-26,Fresno,019,978130,99741,98731,8257,106988,1601
2021-03-26,Glenn,021,27897,2343,2307,527,2834,17
2021-03-26,Humboldt,023,135768,3449,3431,24,3455,34
2021-03-26,Imperial,025,180216,27582,27374,2667,30041,701
2021-03-26,Inyo,027,18085,1372,1369,9,1378,35
2021-03-26,Kern,029,883053,95335,93949,10285,104234,1211
2021-03-26,Kings,031,150075,22790,22493,1031,23524,239
2021-03-26,Lake,033,64148,3346,3314,8,3322,43
2021-03-26,Lassen,035,31185,5147,5131,102,5233,1
2021-03-26,Los Angeles,037,10098052,1186029,1178213,40354,1218567,23080
2021-03-26,Madera,039,155013,16102,15952,884,16836,210
2021-03-26,Marin,041,260295,13640,13553,202,13755,221
2021-03-26,Mariposa,043,17540,392,386,5,391,5
2021-03-26,Mendocino,045,87422,3749,3664,72,3736,45
2021-03-26,Merced,047,269075,29758,29613,944,30557,419
2021-03-26,Modoc,049,8938,355,344,120,464,3
2021-03-26,Mono,051,14174,1229,1236,16,1252,3
2021-03-26,Monterey,053,433212,42537,42241,1778,44019,338
2021-03-26,Napa,055,140530,9403,9349,34,9383,78
2021-03-26,Nevada,057,99092,4312,4222,180,4402,83
2021-03-26,Orange,059,3164182,250980,248995,10728,259723,4671
2021-03-26,Placer,061,380077,21503,20679,1238,21917,259
2021-03-26,Plumas,063,18699,667,654,10,664,4
2021-03-26,Riverside,065,2383286,289293,282602,13697,296299,4109
2021-03-26,Sacramento,067,1510023,98656,97040,1421,98461,1509
2021-03-26,San Benito,069,59416,5859,5855,94,5949,61
2021-03-26,San Bernardino,071,2135413,289005,285313,8747,294060,4288
2021-03-26,San Diego,073,3302833,270413,269045,13463,282508,3525
2021-03-26,San Francisco,075,870044,35221,35186,1201,36387,472
2021-03-26,San Joaquin,077,732212,69543,68249,3158,71407,1202
2021-03-26,San Luis Obispo,079,281455,20479,20118,622,20740,250
2021-03-26,San Mateo,081,765935,40716,40199,431,40630,348
2021-03-26,Santa Barbara,083,443738,33359,32895,1154,34049,439
2021-03-26,Santa Clara,085,1922200,113929,113959,650,114609,1868
2021-03-26,Santa Cruz,087,273765,15806,15199,802,16001,201
2021-03-26,Shasta,089,179085,11307,11276,1339,12615,182
2021-03-26,Sierra,091,2930,55,50,12,62,0
2021-03-26,Siskiyou,093,43540,1568,1493,261,1754,6
2021-03-26,Solano,095,438530,30813,30640,408,31048,205
2021-03-26,Sonoma,097,501317,29024,29101,267,29368,310
2021-03-26,Stanislaus,099,539301,52947,52420,5578,57998,678
2021-03-26,Sutter,101,95872,9147,9082,81,9163,104
2021-03-26,Tehama,103,63373,4769,4722,510,5232,51
2021-03-26,Trinity,105,12862,476,311,84,395,3
2021-03-26,Tulare,107,460477,49227,48179,8607,56786,813
2021-03-26,Tuolumne,109,53932,3898,3965,36,4001,57
2021-03-26,Ventura,111,848112,79795,79122,2883,82005,953
2021-03-26,Yolo,113,214977,13301,13299,245,13544,194
2021-03-26,Yuba,115,75493,5711,5653,106,5759,42
2021-03-25,Alameda,001,1643700,83593,82945,1803,84748,1206
2021-03-25,Alpine,003,1148,85,84,0,84,0
2021-03-25,Amador,005,37829,3562,3530,32,3562,45
2021-03-25,Butte,007,227075,11652,11270,1672,12942,188
2021-03-25,Calaveras,009,45235,1995,1982,12,1994,50
2021-03-25,Colusa,011,21464,1892,1888,274,2162,14
2021-03-25,Contra Costa,013,1133247,65587,64606,1129,65735,757
2021-03-25,Del Norte,015,27424,1165,1095,7,1102,6
2021-03-25,El Dorado,017,186661,9416,9331,611,9942,105
2021-03-25,Fresno,019,978130,99623,98602,8244,106846,1593
2021-03-25,Glenn,021,27897,2342,2302,526,2828,17
2021-03-25,Humboldt,023,135768,3444,3423,24,3447,34
2021-03-25,Imperial,025,180216,27565,27352,2665,30017,699
2021-03-25,Inyo,027,18085,1372,1369,9,1378,35
2021-03-25,Kern,029,883053,95303,93857,10280,104137,1206
2021-03-25,Kings,031,150075,22780,22472,1031,23503,237
2021-03-25,Lake,033,64148,3341,3312,8,3320,43
2021-03-25,Lassen,035,31185,5147,5129,102,5231,1
2021-03-25,Los Angeles,037,10098052,1185598,1177490,40319,1217809,23051
2021-03-25,Madera,039,155013,16083,15937,882,16819,210
2021-03-25,Marin,041,260295,13631,13538,199,13737,219
2021-03-25,Mariposa,043,17540,392,386,5,391,5
2021-03-25,Mendocino,045,87422,3748,3664,72,3736,45
2021-03-25,Merced,047,269075,29723,29576,936,30512,416
2021-03-25,Modoc,049,8938,355,343,120,463,3
2021-03-25,Mono,051,14174,1229,1235,16,1251,3
2021-03-25,Monterey,053,433212,42516,42220,1773,43993,336
2021-03-25,Napa,055,140530,9384,9321,34,9355,78
2021-03-25,Nevada,057,99092,4294,4202,178,4380,84
2021-03-25,Orange,059,3164182,250864,248871,10708,259579,4655
2021-03-25,Placer,061,380077,21462,20639,1231,21870,252
2021-03-25,Plumas,063,18699,667,654,10,664,4
2021-03-25,Riverside,065,2383286,289196,282492,13686,296178,4078
2021-03-25,Sacramento,067,1510023,98511,96823,1418,98241,1505
2021-03-25,San Benito,069,59416,5856,5850,94,5944,61
2021-03-25,San Bernardino,071,2135413,288923,285134,8742,293876,4222
2021-03-25,San Diego,073,3302833,270186,268623,13432,282055,3520
2021-03-25,San Francisco,075,870044,35182,35154,1199,36353,468
2021-03-25,San Joaquin,077,732212,69446,68089,3119,71208,1196
2021-03-25,San Luis Obispo,079,281455,20461,20076,622,20698,250
2021-03-25,San Mateo,081,765935,40676,40147,431,40578,348
2021-03-25,Santa Barbara,083,443738,33332,32857,1154,34011,439
2021-03-25,Santa Clara,085,1922200,113825,113877,648,114525,1868
2021-03-25,Santa Cruz,087,273765,15785,15170,802,15972,201
2021-03-25,Shasta,089,179085,11290,11262,1336,12598,181
2021-03-25,Sierra,091,2930,55,50,12,62,0
2021-03-25,Siskiyou,093,43540,1566,1491,260,1751,6
2021-03-25,Solano,095,438530,30752,30583,406,30989,193
2021-03-25,Sonoma,097,501317,28989,29060,263,29323,310
2021-03-25,Stanislaus,099,539301,52880,52321,5571,57892,678
2021-03-25,Sutter,101,95872,9138,9069,81,9150,104
2021-03-25,Tehama,103,63373,4767,4719,509,5228,52
2021-03-25,Trinity,105,12862,476,310,84,394,3
2021-03-25,Tulare,107,460477,49200,48148,8594,56742,811
2021-03-25,Tuolumne,109,53932,3897,3962,36,3998,57
2021-03-25,Ventura,111,848112,79754,79045,2879,81924,952
2021-03-25,Yolo,113,214977,13295,13287,245,13532,194
2021-03-25,Yuba,115,75493,5705,5647,100,5747,42
2021-03-24,Alameda,001,1643700,83499,82871,1800,84671,1199
2021-03-24,Alpine,003,1148,85,84,0,84,0
2021-03-24,Amador,005,37829,3556,3529,32,3561,45
2021-03-24,Butte,007,227075,11642,11252,1668,12920,187
2021-03-24,Calaveras,009,45235,1992,1975,12,1987,50
2021-03-24,Colusa,011,21464,1892,1886,274,2160,14
2021-03-24,Contra Costa,013,1133247,65507,64539,1128,65667,755
2021-03-24,Del Norte,015,27424,1160,1087,7,1094,6
2021-03-24,El Dorado,017,186661,9410,9319,610,9929,105
2021-03-24,Fresno,019,978130,99533,98437,8229,106666,1585
2021-03-24,Glenn,021,27897,2341,2297,525,2822,17
2021-03-24,Humboldt,023,135768,3441,3414,24,3438,34
2021-03-24,Imperial,025,180216,27556,27325,2664,29989,699
2021-03-24,Inyo,027,18085,1372,1368,9,1377,35
2021-03-24,Kern,029,883053,95255,93800,10271,104071,1198
2021-03-24,Kings,031,150075,22765,22456,1029,23485,237
2021-03-24,Lake,033,64148,3337,3307,8,3315,43
2021-03-24,Lassen,035,31185,5145,5130,101,5231,1
2021-03-24,Los Angeles,037,10098052,1185123,1177015,40283,1217298,22993
2021-03-24,Madera,039,155013,16074,15918,881,16799,210
2021-03-24,Marin,041,260295,13617,13526,197,13723,219
2021-03-24,Mariposa,043,17540,392,384,5,389,5
2021-03-24,Mendocino,045,87422,3745,3660,72,3732,45
2021-03-24,Merced,047,269075,29681,29525,936,30461,415
2021-03-24,Modoc,049,8938,354,341,120,461,3
2021-03-24,Mono,051,14174,1228,1243,16,1259,3
2021-03-24,Monterey,053,433212,42494,42201,1770,43971,335
2021-03-24,Napa,055,140530,9364,9310,34,9344,78
2021-03-24,Nevada,057,99092,4280,4191,177,4368,85
2021-03-24,Orange,059,3164182,250749,248775,10690,259465,4638
2021-03-24,Placer,061,380077,21431,20606,1223,21829,250
2021-03-24,Plumas,063,18699,665,652,10,662,4
2021-03-24,Riverside,065,2383286,289112,282410,13683,296093,4058
2021-03-24,Sacramento,067,1510023,98336,96628,1406,98034,1500
2021-03-24,San Benito,069,59416,5855,5847,94,5941,61
2021-03-24,San Bernardino,071,2135413,288838,284983,8740,293723,4170
2021-03-24,San Diego,073,3302833,269971,268413,13404,281817,3509
2021-03-24,San Francisco,075,870044,35154,35103,1196,36299,462
2021-03-24,San Joaquin,077,732212,69375,67978,3107,71085,1196
2021-03-24,San Luis Obispo,079,281455,20431,20021,621,20642,250
2021-03-24,San Mateo,081,765935,40626,40083,431,40514,348
2021-03-24,Santa Barbara,083,443738,33305,32810,1154,33964,438
2021-03-24,Santa Clara,085,1922200,113709,113757,645,114402,1851
2021-03-24,Santa Cruz,087,273765,15771,15138,801,15939,202
2021-03-24,Shasta,089,179085,11271,11243,1334,12577,181
2021-03-24,Sierra,091,2930,55,50,12,62,0
2021-03-24,Siskiyou,093,43540,1564,1490,260,1750,6
2021-03-24,Solano,095,438530,30715,30552,405,30957,178
2021-03-24,Sonoma,097,501317,28969,29034,259,29293,310
2021-03-24,Stanislaus,099,539301,52804,52259,5562,57821,677
2021-03-24,Sutter,101,95872,9122,9049,81,9130,104
2021-03-24,Tehama,103,63373,4761,4719,508,5227,49
2021-03-24,Trinity,105,12862,475,310,84,394,3
2021-03-24,Tulare,107,460477,49189,48109,8581,56690,808
2021-03-24,Tuolumne,109,53932,3896,3961,36,3997,57
2021-03-24,Ventura,111,848112,79702,78993,2872,81865,944
2021-03-24,Yolo,113,214977,13284,13269,245,13514,194
2021-03-24,Yuba,115,75493,5699,5634,97,5731,42
2021-03-23,Alameda,001,1643700,83397,82799,1796,84595,1190
2021-03-23,Alpine,003,1148,85,84,0,84,0
2021-03-23,Amador,005,37829,3550,3524,32,3556,45
2021-03-23,Butte,007,227075,11630,11227,1667,12894,187
2021-03-23,Calaveras,009,45235,1990,1971,12,1983,50
2021-03-23,Colusa,011,21464,1890,1885,273,2158,14
2021-03-23,Contra Costa,013,1133247,65408,64491,1127,65618,750
2021-03-23,Del Norte,015,27424,1155,1082,7,1089,6
2021-03-23,El Dorado,017,186661,9400,9318,608,9926,105
2021-03-23,Fresno,019,978130,99420,98362,8203,106565,1575
2021-03-23,Glenn,021,27897,2336,2293,523,2816,17
2021-03-23,Humboldt,023,135768,3432,3405,24,3429,34
2021-03-23,Imperial,025,180216,27548,27320,2664,29984,699
2021-03-23,Inyo,027,18085,1370,1364,9,1373,35
2021-03-23,Kern,029,883053,95148,93728,10264,103992,1191
2021-03-23,Kings,031,150075,22754,22439,1027,23466,237
2021-03-23,Lake,033,64148,3335,3294,8,3302,43
2021-03-23,Lassen,035,31185,5145,5130,101,5231,1
2021-03-23,Los Angeles,037,10098052,1184604,1176572,40245,1216817,22904
2021-03-23,Madera,039,155013,16058,15908,880,16788,210
2021-03-23,Marin,041,260295,13594,13514,195,13709,221
2021-03-23,Mariposa,043,17540,391,384,5,389,5
2021-03-23,Mendocino,045,87422,3743,3652,72,3724,45
2021-03-23,Merced,047,269075,29649,29485,936,30421,415
2021-03-23,Modoc,049,8938,353,342,120,462,3
2021-03-23,Mono,051,14174,1227,1263,16,1279,3
2021-03-23,Monterey,053,433212,42483,42180,1768,43948,335
2021-03-23,Napa,055,140530,9339,9299,34,9333,78
2021-03-23,Nevada,057,99092,4261,4179,176,4355,89
2021-03-23,Orange,059,3164182,250623,248661,10672,259333,4626
2021-03-23,Placer,061,380077,21396,20567,1219,21786,248
2021-03-23,Plumas,063,18699,665,652,10,662,4
2021-03-23,Riverside,065,2383286,289012,282317,13676,295993,4035
2021-03-23,Sacramento,067,1510023,98144,96521,1400,97921,1496
2021-03-23,San Benito,069,59416,5850,5845,93,5938,61
2021-03-23,San Bernardino,071,2135413,288754,284875,8732,293607,4134
2021-03-23,San Diego,073,3302833,269726,268156,13372,281528,3498
2021-03-23,San Francisco,075,870044,35096,35071,1190,36261,462
2021-03-23,San Joaquin,077,732212,69279,67903,3089,70992,1182
2021-03-23,San Luis Obispo,079,281455,20391,20009,620,20629,250
2021-03-23,San Mateo,081,765935,40570,40032,430,40462,348
2021-03-23,Santa Barbara,083,443738,33267,32771,1153,33924,438
2021-03-23,Santa Clara,085,1922200,113593,113645,642,114287,1848
2021-03-23,Santa Cruz,087,273765,15756,15106,801,15907,201
2021-03-23,Shasta,089,179085,11258,11234,1333,12567,175
2021-03-23,Sierra,091,2930,55,50,12,62,0
2021-03-23,Siskiyou,093,43540,1559,1485,258,1743,6
2021-03-23,Solano,095,438530,30674,30524,404,30928,178
2021-03-23,Sonoma,097,501317,28932,29020,258,29278,310
2021-03-23,Stanislaus,099,539301,52705,52148,5554,57702,677
2021-03-23,Sutter,101,95872,9114,9039,81,9120,104
2021-03-23,Tehama,103,63373,4750,4707,507,5214,46
2021-03-23,Trinity,105,12862,475,310,84,394,3
2021-03-23,Tulare,107,460477,49162,48095,8564,56659,808
2021-03-23,Tuolumne,109,53932,3893,3957,36,3993,57
2021-03-23,Ventura,111,848112,79641,78930,2869,81799,932
2021-03-23,Yolo,113,214977,13273,13255,245,13500,194
2021-03-23,Yuba,115,75493,5694,5628,97,5725,42
2021-03-22,Alameda,001,1643700,83304,82748,1790,84538,1189
2021-03-22,Alpine,003,1148,84,83,0,83,0
2021-03-22,Amador,005,37829,3542,3522,32,3554,44
2021-03-22,Butte,007,227075,11621,11211,1665,12876,185
2021-03-22,Calaveras,009,45235,1986,1963,12,1975,49
2021-03-22,Colusa,011,21464,1888,1885,273,2158,13
2021-03-22,Contra Costa,013,1133247,65313,64432,1125,65557,740
2021-03-22,Del Norte,015,27424,1149,1082,7,1089,6
2021-03-22,El Dorado,017,186661,9384,9310,605,9915,105
2021-03-22,Fresno,019,978130,99322,98276,8190,106466,1556
2021-03-22,Glenn,021,27897,2328,2291,523,2814,17
2021-03-22,Humboldt,023,135768,3427,3403,24,3427,34
2021-03-22,Imperial,025,180216,27533,27302,2660,29962,699
2021-03-22,Inyo,027,18085,1367,1363,9,1372,35
2021-03-22,Kern,029,883053,95077,93675,10247,103922,1178
2021-03-22,Kings,031,150075,22741,22433,1022,23455,236
2021-03-22,Lake,033,64148,3334,3290,8,3298,43
2021-03-22,Lassen,035,31185,5143,5129,101,5230,1
2021-03-22,Los Angeles,037,10098052,1184093,1176205,40212,1216417,22843
2021-03-22,Madera,039,155013,16043,15904,880,16784,210
2021-03-22,Marin,041,260295,13585,13501,194,13695,221
2021-03-22,Mariposa,043,17540,390,381,5,386,5
2021-03-22,Mendocino,045,87422,3741,3653,72,3725,45
2021-03-22,Merced,047,269075,29606,29468,933,30401,413
2021-03-22,Modoc,049,8938,351,342,120,462,3
2021-03-22,Mono,051,14174,1222,1263,16,1279,3
2021-03-22,Monterey,053,433212,42466,42161,1766,43927,335
2021-03-22,Napa,055,140530,9328,9288,34,9322,77
2021-03-22,Nevada,057,99092,4250,4174,172,4346,89
2021-03-22,Orange,059,3164182,250472,248517,10638,259155,4599
2021-03-22,Placer,061,380077,21361,20543,1214,21757,242
2021-03-22,Plumas,063,18699,665,652,10,662,4
2021-03-22,Riverside,065,2383286,288912,282242,13665,295907,4009
2021-03-22,Sacramento,067,1510023,97966,96385,1390,97775,1493
2021-03-22,San Benito,069,59416,5847,5844,92,5936,61
2021-03-22,San Bernardino,071,2135413,288667,284771,8720,293491,4107
2021-03-22,San Diego,073,3302833,269514,267913,13352,281265,3494
2021-03-22,San Francisco,075,870044,35054,35040,1186,36226,462
2021-03-22,San Joaquin,077,732212,69187,67815,3071,70886,1182
2021-03-22,San Luis Obispo,079,281455,20367,20000,619,20619,250
2021-03-22,San Mateo,081,765935,40519,40024,429,40453,348
2021-03-22,Santa Barbara,083,443738,33221,32756,1151,33907,437
2021-03-22,Santa Clara,085,1922200,113473,113575,642,114217,1845
2021-03-22,Santa Cruz,087,273765,15744,15077,800,15877,201
2021-03-22,Shasta,089,179085,11244,11218,1332,12550,150
2021-03-22,Sierra,091,2930,55,50,12,62,0
2021-03-22,Siskiyou,093,43540,1558,1487,257,1744,5
2021-03-22,Solano,095,438530,30634,30490,400,30890,171
2021-03-22,Sonoma,097,501317,28903,29010,254,29264,310
2021-03-22,Stanislaus,099,539301,52621,52083,5549,57632,677
2021-03-22,Sutter,101,95872,9101,9024,81,9105,104
2021-03-22,Tehama,103,63373,4742,4704,507,5211,45
2021-03-22,Trinity,105,12862,475,310,84,394,3
2021-03-22,Tulare,107,460477,49147,48074,8544,56618,807
2021-03-22,Tuolumne,109,53932,3890,3954,36,3990,57
2021-03-22,Ventura,111,848112,79593,78890,2866,81756,927
2021-03-22,Yolo,113,214977,13261,13243,244,13487,190
2021-03-22,Yuba,115,75493,5683,5627,95,5722,42
2021-03-21,Alameda,001,1643700,83213,82684,1787,84471,1187
2021-03-21,Alpine,003,1148,84,83,0,83,0
2021-03-21,Amador,005,37829,3538,3519,32,3551,44
2021-03-21,Butte,007,227075,11605,11208,1660,12868,185
2021-03-21,Calaveras,009,45235,1981,1962,12,1974,49
2021-03-21,Colusa,011,21464,1888,1885,273,2158,13
2021-03-21,Contra Costa,013,1133247,65230,64382,1122,65504,740
2021-03-21,Del Norte,015,27424,1134,1076,7,1083,6
2021-03-21,El Dorado,017,186661,9374,9302,600,9902,105
2021-03-21,Fresno,019,978130,99208,98211,8166,106377,1556
2021-03-21,Glenn,021,27897,2325,2288,522,2810,17
2021-03-21,Humboldt,023,135768,3422,3402,24,3426,34
2021-03-21,Imperial,025,180216,27515,27267,2652,29919,699
2021-03-21,Inyo,027,18085,1367,1363,9,1372,35
2021-03-21,Kern,029,883053,95011,93649,10238,103887,1170
2021-03-21,Kings,031,150075,22724,22422,1021,23443,236
2021-03-21,Lake,033,64148,3330,3286,8,3294,43
2021-03-21,Lassen,035,31185,5143,5129,101,5230,1
2021-03-21,Los Angeles,037,10098052,1183562,1175684,40164,1215848,22834
2021-03-21,Madera,039,155013,16023,15895,878,16773,210
2021-03-21,Marin,041,260295,13569,13495,193,13688,220
2021-03-21,Mariposa,043,17540,390,381,5,386,5
2021-03-21,Mendocino,045,87422,3738,3651,72,3723,45
2021-03-21,Merced,047,269075,29546,29446,927,30373,413
2021-03-21,Modoc,049,8938,351,341,120,461,3
2021-03-21,Mono,051,14174,1217,1263,16,1279,3
2021-03-21,Monterey,053,433212,42441,42153,1763,43916,335
2021-03-21,Napa,055,140530,9308,9282,34,9316,77
2021-03-21,Nevada,057,99092,4237,4169,172,4341,89
2021-03-21,Orange,059,3164182,250338,248442,10612,259054,4598
2021-03-21,Placer,061,380077,21325,20520,1206,21726,242
2021-03-21,Plumas,063,18699,665,653,10,663,4
2021-03-21,Riverside,065,2383286,288805,282187,13654,295841,4009
2021-03-21,Sacramento,067,1510023,97771,96269,1383,97652,1489
2021-03-21,San Benito,069,59416,5841,5842,92,5934,61
2021-03-21,San Bernardino,071,2135413,288579,284732,8714,293446,4094
2021-03-21,San Diego,073,3302833,269254,267724,13326,281050,3494
2021-03-21,San Francisco,075,870044,35008,35012,1179,36191,460
2021-03-21,San Joaquin,077,732212,69065,67729,3053,70782,1182
2021-03-21,San Luis Obispo,079,281455,20335,19979,617,20596,250
2021-03-21,San Mateo,081,765935,40474,39988,428,40416,344
2021-03-21,Santa Barbara,083,443738,33180,32743,1150,33893,437
2021-03-21,Santa Clara,085,1922200,113344,113487,639,114126,1840
2021-03-21,Santa Cruz,087,273765,15737,15064,800,15864,199
2021-03-21,Shasta,089,179085,11224,11215,1331,12546,150
2021-03-21,Sierra,091,2930,55,50,12,62,0
2021-03-21,Siskiyou,093,43540,1558,1486,256,1742,5
2021-03-21,Solano,095,438530,30594,30474,397,30871,171
2021-03-21,Sonoma,097,501317,28874,28986,253,29239,310
2021-03-21,Stanislaus,099,539301,52531,52014,5547,57561,677
2021-03-21,Sutter,101,95872,9088,9021,81,9102,104
2021-03-21,Tehama,103,63373,4738,4701,507,5208,45
2021-03-21,Trinity,105,12862,473,310,84,394,3
2021-03-21,Tulare,107,460477,49131,48060,8532,56592,807
2021-03-21,Tuolumne,109,53932,3888,3953,36,3989,57
2021-03-21,Ventura,111,848112,79529,78863,2861,81724,927
2021-03-21,Yolo,113,214977,13240,13235,244,13479,190
2021-03-21,Yuba,115,75493,5673,5624,95,5719,42
2021-03-20,Alameda,001,1643700,83145,82614,1785,84399,1178
2021-03-20,Alpine,003,1148,84,83,0,83,0
2021-03-20,Amador,005,37829,3536,3518,32,3550,44
2021-03-20,Butte,007,227075,11599,11199,1658,12857,185
2021-03-20,Calaveras,009,45235,1977,1961,12,1973,49
2021-03-20,Colusa,011,21464,1888,1883,273,2156,12
2021-03-20,Contra Costa,013,1133247,65170,64313,1122,65435,713
2021-03-20,Del Norte,015,27424,1133,1075,7,1082,6
2021-03-20,El Dorado,017,186661,9368,9290,600,9890,105
2021-03-20,Fresno,019,978130,99147,98112,8159,106271,1532
2021-03-20,Glenn,021,27897,2324,2288,520,2808,17
2021-03-20,Humboldt,023,135768,3415,3399,24,3423,33
2021-03-20,Imperial,025,180216,27509,27239,2650,29889,695
2021-03-20,Inyo,027,18085,1367,1362,9,1371,35
2021-03-20,Kern,029,883053,94982,93606,10234,103840,1155
2021-03-20,Kings,031,150075,22719,22415,1020,23435,236
2021-03-20,Lake,033,64148,3326,3280,8,3288,43
2021-03-20,Lassen,035,31185,5143,5128,101,5229,1
2021-03-20,Los Angeles,037,10098052,1183262,1175290,40139,1215429,22810
2021-03-20,Madera,039,155013,16015,15891,877,16768,210
2021-03-20,Marin,041,260295,13557,13470,189,13659,220
2021-03-20,Mariposa,043,17540,389,381,5,386,5
2021-03-20,Mendocino,045,87422,3737,3639,72,3711,43
2021-03-20,Merced,047,269075,29515,29411,924,30335,412
2021-03-20,Modoc,049,8938,350,341,120,461,3
2021-03-20,Mono,051,14174,1217,1256,16,1272,3
2021-03-20,Monterey,053,433212,42432,42146,1762,43908,334
2021-03-20,Napa,055,140530,9300,9274,34,9308,77
2021-03-20,Nevada,057,99092,4226,4164,171,4335,89
2021-03-20,Orange,059,3164182,250257,248348,10600,258948,4522
2021-03-20,Placer,061,380077,21303,20505,1204,21709,242
2021-03-20,Plumas,063,18699,662,652,10,662,4
2021-03-20,Riverside,065,2383286,288730,282081,13650,295731,4000
2021-03-20,Sacramento,067,1510023,97660,96126,1380,97506,1488
2021-03-20,San Benito,069,59416,5837,5840,92,5932,61
2021-03-20,San Bernardino,071,2135413,288514,284690,8710,293400,3965
2021-03-20,San Diego,073,3302833,269083,267532,13319,280851,3493
2021-03-20,San Francisco,075,870044,34985,34968,1172,36140,453
2021-03-20,San Joaquin,077,732212,69024,67662,3046,70708,1161
2021-03-20,San Luis Obispo,079,281455,20319,19951,611,20562,250
2021-03-20,San Mateo,081,765935,40440,39958,427,40385,344
2021-03-20,Santa Barbara,083,443738,33156,32723,1149,33872,434
2021-03-20,Santa Clara,085,1922200,113252,113384,638,114022,1799
2021-03-20,Santa Cruz,087,273765,15721,15053,800,15853,199
2021-03-20,Shasta,089,179085,11218,11211,1331,12542,147
2021-03-20,Sierra,091,2930,55,50,12,62,0
2021-03-20,Siskiyou,093,43540,1558,1483,256,1739,5
2021-03-20,Solano,095,438530,30564,30439,397,30836,170
2021-03-20,Sonoma,097,501317,28859,28962,253,29215,309
2021-03-20,Stanislaus,099,539301,52475,51925,5540,57465,673
2021-03-20,Sutter,101,95872,9080,9014,81,9095,103
2021-03-20,Tehama,103,63373,4733,4696,505,5201,33
2021-03-20,Trinity,105,12862,472,310,84,394,3
2021-03-20,Tulare,107,460477,49116,48030,8516,56546,804
2021-03-20,Tuolumne,109,53932,3885,3950,36,3986,57
2021-03-20,Ventura,111,848112,79492,78818,2859,81677,922
2021-03-20,Yolo,113,214977,13236,13226,244,13470,190
2021-03-20,Yuba,115,75493,5670,5621,94,5715,42
2021-03-19,Alameda,001,1643700,83073,82499,1784,84283,1187
2021-03-19,Alpine,003,1148,83,82,0,82,0
2021-03-19,Amador,005,37829,3533,3515,32,3547,44
2021-03-19,Butte,007,227075,11591,11191,1655,12846,185
2021-03-19,Calaveras,009,45235,1976,1957,12,1969,49
2021-03-19,Colusa,011,21464,1887,1883,273,2156,12
2021-03-19,Contra Costa,013,1133247,65111,64195,1119,65314,737
2021-03-19,Del Norte,015,27424,1127,1071,5,1076,6
2021-03-19,El Dorado,017,186661,9359,9274,600,9874,105
2021-03-19,Fresno,019,978130,99063,97969,8145,106114,1527
2021-03-19,Glenn,021,27897,2324,2282,520,2802,17
2021-03-19,Humboldt,023,135768,3406,3388,24,3412,33
2021-03-19,Imperial,025,180216,27497,27218,2646,29864,695
2021-03-19,Inyo,027,18085,1365,1356,9,1365,35
2021-03-19,Kern,029,883053,94949,93534,10221,103755,1152
2021-03-19,Kings,031,150075,22710,22369,1017,23386,235
2021-03-19,Lake,033,64148,3320,3262,8,3270,43
2021-03-19,Lassen,035,31185,5143,5126,101,5227,1
2021-03-19,Los Angeles,037,10098052,1182927,1174818,40122,1214940,22752
2021-03-19,Madera,039,155013,16008,15877,876,16753,210
2021-03-19,Marin,041,260295,13545,13441,189,13630,220
2021-03-19,Mariposa,043,17540,388,380,5,385,5
2021-03-19,Mendocino,045,87422,3736,3639,72,3711,45
2021-03-19,Merced,047,269075,29486,29376,923,30299,412
2021-03-19,Modoc,049,8938,350,341,120,461,3
2021-03-19,Mono,051,14174,1215,1244,16,1260,3
2021-03-19,Monterey,053,433212,42423,42125,1760,43885,335
2021-03-19,Napa,055,140530,9288,9256,34,9290,77
2021-03-19,Nevada,057,99092,4215,4156,171,4327,88
2021-03-19,Orange,059,3164182,250157,248146,10589,258735,4501
2021-03-19,Placer,061,380077,21285,20451,1202,21653,242
2021-03-19,Plumas,063,18699,662,650,10,660,4
2021-03-19,Riverside,065,2383286,288647,281937,13645,295582,3989
2021-03-19,Sacramento,067,1510023,97558,95934,1377,97311,1486
2021-03-19,San Benito,069,59416,5837,5845,92,5937,61
2021-03-19,San Bernardino,071,2135413,288442,284501,8708,293209,4017
2021-03-19,San Diego,073,3302833,268948,267173,13309,280482,3491
2021-03-19,San Francisco,075,870044,34940,34936,1169,36105,461
2021-03-19,San Joaquin,077,732212,68954,67515,3032,70547,1180
2021-03-19,San Luis Obispo,079,281455,20299,19913,609,20522,249
2021-03-19,San Mateo,081,765935,40416,39893,427,40320,344
2021-03-19,Santa Barbara,083,443738,33127,32685,1148,33833,435
2021-03-19,Santa Clara,085,1922200,113177,113232,637,113869,1797
2021-03-19,Santa Cruz,087,273765,15714,15026,800,15826,199
2021-03-19,Shasta,089,179085,11211,11104,1329,12433,103
2021-03-19,Sierra,091,2930,54,49,12,61,0
2021-03-19,Siskiyou,093,43540,1558,1480,255,1735,5
2021-03-19,Solano,095,438530,30534,30395,395,30790,172
2021-03-19,Sonoma,097,501317,28838,28932,251,29183,292
2021-03-19,Stanislaus,099,539301,52417,51755,5537,57292,679
2021-03-19,Sutter,101,95872,9078,9005,81,9086,103
2021-03-19,Tehama,103,63373,4725,4685,505,5190,33
2021-03-19,Trinity,105,12862,472,310,84,394,3
2021-03-19,Tulare,107,460477,49093,47989,8493,56482,805
2021-03-19,Tuolumne,109,53932,3882,3946,36,3982,57
2021-03-19,Ventura,111,848112,79454,78753,2855,81608,920
2021-03-19,Yolo,113,214977,13228,13197,244,13441,189
2021-03-19,Yuba,115,75493,5667,5615,93,5708,42
2021-03-18,Alameda,001,1643700,82992,82419,1781,84200,1189
2021-03-18,Alpine,003,1148,83,82,0,82,0
2021-03-18,Amador,005,37829,3529,3513,32,3545,44
2021-03-18,Butte,007,227075,11580,11179,1653,12832,185
2021-03-18,Calaveras,009,45235,1974,1954,12,1966,49
2021-03-18,Colusa,011,21464,1887,1882,273,2155,12
2021-03-18,Contra Costa,013,1133247,65038,64103,1116,65219,739
2021-03-18,Del Norte,015,27424,1118,1059,5,1064,6
2021-03-18,El Dorado,017,186661,9346,9261,599,9860,105
2021-03-18,Fresno,019,978130,98966,97856,8130,105986,1527
2021-03-18,Glenn,021,27897,2320,2275,519,2794,17
2021-03-18,Humboldt,023,135768,3398,3381,24,3405,34
2021-03-18,Imperial,025,180216,27481,27190,2640,29830,695
2021-03-18,Inyo,027,18085,1362,1354,9,1363,35
2021-03-18,Kern,029,883053,94892,93458,10207,103665,1158
2021-03-18,Kings,031,150075,22703,22354,1016,23370,235
2021-03-18,Lake,033,64148,3317,3260,8,3268,43
2021-03-18,Lassen,035,31185,5142,5126,101,5227,1
2021-03-18,Los Angeles,037,10098052,1182496,1174205,40093,1214298,22689
2021-03-18,Madera,039,155013,15996,15860,873,16733,211
2021-03-18,Marin,041,260295,13527,13435,188,13623,219
2021-03-18,Mariposa,043,17540,386,380,5,385,5
2021-03-18,Mendocino,045,87422,3726,3630,72,3702,45
2021-03-18,Merced,047,269075,29451,29317,923,30240,410
2021-03-18,Modoc,049,8938,350,341,120,461,3
2021-03-18,Mono,051,14174,1211,1215,16,1231,3
2021-03-18,Monterey,053,433212,42410,42105,1760,43865,335
2021-03-18,Napa,055,140530,9279,9243,34,9277,77
2021-03-18,Nevada,057,99092,4208,4154,171,4325,74
2021-03-18,Orange,059,3164182,250053,248050,10577,258627,4514
2021-03-18,Placer,061,380077,21253,20421,1199,21620,243
2021-03-18,Plumas,063,18699,660,648,10,658,4
2021-03-18,Riverside,065,2383286,288566,281789,13638,295427,3957
2021-03-18,Sacramento,067,1510023,97410,95819,1373,97192,1481
2021-03-18,San Benito,069,59416,5835,5842,92,5934,61
2021-03-18,San Bernardino,071,2135413,288361,284294,8678,292972,4076
2021-03-18,San Diego,073,3302833,268796,266752,13299,280051,3478
2021-03-18,San Francisco,075,870044,34901,34904,1168,36072,461
2021-03-18,San Joaquin,077,732212,68854,67301,3020,70321,1169
2021-03-18,San Luis Obispo,079,281455,20270,19894,608,20502,249
2021-03-18,San Mateo,081,765935,40375,39874,427,40301,344
2021-03-18,Santa Barbara,083,443738,33085,32640,1148,33788,434
2021-03-18,Santa Clara,085,1922200,113060,113119,633,113752,1808
2021-03-18,Santa Cruz,087,273765,15704,14998,800,15798,198
2021-03-18,Shasta,089,179085,11197,11059,1327,12386,100
2021-03-18,Sierra,091,2930,54,49,12,61,0
2021-03-18,Siskiyou,093,43540,1555,1480,254,1734,5
2021-03-18,Solano,095,438530,30492,30352,392,30744,172
2021-03-18,Sonoma,097,501317,28816,28915,249,29164,292
2021-03-18,Stanislaus,099,539301,52345,51615,5533,57148,682
2021-03-18,Sutter,101,95872,9066,8999,81,9080,103
2021-03-18,Tehama,103,63373,4719,4683,504,5187,35
2021-03-18,Trinity,105,12862,472,310,84,394,3
2021-03-18,Tulare,107,460477,49074,47964,8478,56442,805
2021-03-18,Tuolumne,109,53932,3882,3942,36,3978,57
2021-03-18,Ventura,111,848112,79397,78697,2855,81552,918
2021-03-18,Yolo,113,214977,13215,13183,244,13427,191
2021-03-18,Yuba,115,75493,5663,5612,93,5705,42
2021-03-17,Alameda,001,1643700,82916,82353,1776,84129,1185
2021-03-17,Alpine,003,1148,83,82,0,82,0
2021-03-17,Amador,005,37829,3527,3511,32,3543,44
2021-03-17,Butte,007,227075,11571,11170,1651,12821,185
2021-03-17,Calaveras,009,45235,1971,1946,12,1958,49
2021-03-17,Colusa,011,21464,1886,1882,273,2155,12
2021-03-17,Contra Costa,013,1133247,64969,64026,1115,65141,737
2021-03-17,Del Norte,015,27424,1114,1053,5,1058,6
2021-03-17,El Dorado,017,186661,9336,9252,599,9851,105
2021-03-17,Fresno,019,978130,98855,97727,8112,105839,1507
2021-03-17,Glenn,021,27897,2313,2269,518,2787,17
2021-03-17,Humboldt,023,135768,3390,3365,24,3389,33
2021-03-17,Imperial,025,180216,27465,27168,2638,29806,691
2021-03-17,Inyo,027,18085,1360,1351,9,1360,35
2021-03-17,Kern,029,883053,94836,93392,10194,103586,1149
2021-03-17,Kings,031,150075,22687,22336,1015,23351,233
2021-03-17,Lake,033,64148,3310,3251,8,3259,43
2021-03-17,Lassen,035,31185,5141,5125,101,5226,1
2021-03-17,Los Angeles,037,10098052,1182043,1173416,40060,1213476,22602
2021-03-17,Madera,039,155013,15989,15835,873,16708,214
2021-03-17,Marin,041,260295,13509,13428,187,13615,218
2021-03-17,Mariposa,043,17540,386,379,5,384,5
2021-03-17,Mendocino,045,87422,3722,3625,72,3697,44
2021-03-17,Merced,047,269075,29423,29250,919,30169,408
2021-03-17,Modoc,049,8938,350,341,120,461,3
2021-03-17,Mono,051,14174,1209,1212,16,1228,3
2021-03-17,Monterey,053,433212,42392,42061,1757,43818,334
2021-03-17,Napa,055,140530,9264,9219,34,9253,76
2021-03-17,Nevada,057,99092,4198,4145,171,4316,74
2021-03-17,Orange,059,3164182,249933,247943,10549,258492,4502
2021-03-17,Placer,061,380077,21226,20369,1197,21566,243
2021-03-17,Plumas,063,18699,659,645,10,655,4
2021-03-17,Riverside,065,2383286,288451,281649,13630,295279,3925
2021-03-17,Sacramento,067,1510023,97282,95650,1368,97018,1477
2021-03-17,San Benito,069,59416,5832,5841,92,5933,61
2021-03-17,San Bernardino,071,2135413,288244,284170,8673,292843,4049
2021-03-17,San Diego,073,3302833,268585,266313,13281,279594,3470
2021-03-17,San Francisco,075,870044,34866,34873,1167,36040,457
2021-03-17,San Joaquin,077,732212,68769,67093,3004,70097,1164
2021-03-17,San Luis Obispo,079,281455,20247,19858,604,20462,249
2021-03-17,San Mateo,081,765935,40345,39838,426,40264,344
2021-03-17,Santa Barbara,083,443738,33065,32585,1147,33732,433
2021-03-17,Santa Clara,085,1922200,112967,112983,632,113615,1805
2021-03-17,Santa Cruz,087,273765,15696,14967,800,15767,199
2021-03-17,Shasta,089,179085,11192,11045,1324,12369,100
2021-03-17,Sierra,091,2930,54,49,12,61,0
2021-03-17,Siskiyou,093,43540,1554,1479,252,1731,5
2021-03-17,Solano,095,438530,30466,30320,390,30710,171
2021-03-17,Sonoma,097,501317,28792,28877,248,29125,292
2021-03-17,Stanislaus,099,539301,52270,51524,5526,57050,682
2021-03-17,Sutter,101,95872,9056,8982,81,9063,103
2021-03-17,Tehama,103,63373,4713,4670,504,5174,34
2021-03-17,Trinity,105,12862,472,308,84,392,3
2021-03-17,Tulare,107,460477,49054,47929,8468,56397,805
2021-03-17,Tuolumne,109,53932,3879,3938,36,3974,57
2021-03-17,Ventura,111,848112,79342,78648,2852,81500,916
2021-03-17,Yolo,113,214977,13198,13169,244,13413,190
2021-03-17,Yuba,115,75493,5660,5603,93,5696,42
2021-03-16,Alameda,001,1643700,82804,82259,1774,84033,1177
2021-03-16,Alpine,003,1148,83,82,0,82,0
2021-03-16,Amador,005,37829,3525,3510,32,3542,44
2021-03-16,Butte,007,227075,11559,11154,1650,12804,184
2021-03-16,Calaveras,009,45235,1966,1945,12,1957,49
2021-03-16,Colusa,011,21464,1885,1882,273,2155,12
2021-03-16,Contra Costa,013,1133247,64886,63951,1112,65063,736
2021-03-16,Del Norte,015,27424,1106,1048,5,1053,6
2021-03-16,El Dorado,017,186661,9320,9249,599,9848,105
2021-03-16,Fresno,019,978130,98717,97638,8090,105728,1498
2021-03-16,Glenn,021,27897,2305,2267,514,2781,17
2021-03-16,Humboldt,023,135768,3386,3351,24,3375,33
2021-03-16,Imperial,025,180216,27454,27143,2636,29779,689
2021-03-16,Inyo,027,18085,1359,1346,9,1355,35
2021-03-16,Kern,029,883053,94770,93340,10179,103519,1144
2021-03-16,Kings,031,150075,22651,22320,1014,23334,233
2021-03-16,Lake,033,64148,3302,3246,8,3254,43
2021-03-16,Lassen,035,31185,5140,5126,101,5227,1
2021-03-16,Los Angeles,037,10098052,1181511,1172676,40022,1212698,22527
2021-03-16,Madera,039,155013,15973,15822,871,16693,214
2021-03-16,Marin,041,260295,13491,13419,187,13606,218
2021-03-16,Mariposa,043,17540,383,379,5,384,5
2021-03-16,Mendocino,045,87422,3717,3623,72,3695,44
2021-03-16,Merced,047,269075,29370,29198,918,30116,407
2021-03-16,Modoc,049,8938,350,341,120,461,3
2021-03-16,Mono,051,14174,1208,1207,16,1223,3
2021-03-16,Monterey,053,433212,42372,42023,1757,43780,334
2021-03-16,Napa,055,140530,9254,9209,34,9243,75
2021-03-16,Nevada,057,99092,4189,4132,170,4302,67
2021-03-16,Orange,059,3164182,249795,247843,10530,258373,4479
2021-03-16,Placer,061,380077,21192,20339,1193,21532,240
2021-03-16,Plumas,063,18699,658,643,10,653,4
2021-03-16,Riverside,065,2383286,288337,281540,13617,295157,3893
2021-03-16,Sacramento,067,1510023,97139,95522,1364,96886,1466
2021-03-16,San Benito,069,59416,5827,5831,92,5923,61
2021-03-16,San Bernardino,071,2135413,288114,283980,8666,292646,4032
2021-03-16,San Diego,073,3302833,268353,265903,13268,279171,3462
2021-03-16,San Francisco,075,870044,34837,34833,1162,35995,456
2021-03-16,San Joaquin,077,732212,68667,66856,2991,69847,1163
2021-03-16,San Luis Obispo,079,281455,20217,19832,602,20434,248
2021-03-16,San Mateo,081,765935,40311,39806,424,40230,344
2021-03-16,Santa Barbara,083,443738,33033,32556,1146,33702,433
2021-03-16,Santa Clara,085,1922200,112849,112845,629,113474,1797
2021-03-16,Santa Cruz,087,273765,15690,14926,800,15726,199
2021-03-16,Shasta,089,179085,11176,11035,1321,12356,100
2021-03-16,Sierra,091,2930,53,49,12,61,0
2021-03-16,Siskiyou,093,43540,1550,1477,252,1729,5
2021-03-16,Solano,095,438530,30432,30298,388,30686,171
2021-03-16,Sonoma,097,501317,28760,28850,246,29096,291
2021-03-16,Stanislaus,099,539301,52190,51410,5519,56929,683
2021-03-16,Sutter,101,95872,9048,8970,81,9051,102
2021-03-16,Tehama,103,63373,4709,4660,503,5163,34
2021-03-16,Trinity,105,12862,472,308,83,391,3
2021-03-16,Tulare,107,460477,49007,47895,8460,56355,803
2021-03-16,Tuolumne,109,53932,3876,3938,36,3974,57
2021-03-16,Ventura,111,848112,79275,78671,2845,81516,916
2021-03-16,Yolo,113,214977,13183,13162,244,13406,190
2021-03-16,Yuba,115,75493,5657,5596,92,5688,42
2021-03-15,Alameda,001,1643700,82716,82159,1774,83933,1167
2021-03-15,Alpine,003,1148,83,82,0,82,0
2021-03-15,Amador,005,37829,3524,3506,32,3538,44
2021-03-15,Butte,007,227075,11546,11141,1646,12787,185
2021-03-15,Calaveras,009,45235,1965,1941,12,1953,49
2021-03-15,Colusa,011,21464,1885,1883,273,2156,12
2021-03-15,Contra Costa,013,1133247,64824,63847,1111,64958,732
2021-03-15,Del Norte,015,27424,1103,1048,5,1053,6
2021-03-15,El Dorado,017,186661,9314,9235,598,9833,103
2021-03-15,Fresno,019,978130,98590,97520,8075,105595,1496
2021-03-15,Glenn,021,27897,2300,2261,511,2772,15
2021-03-15,Humboldt,023,135768,3380,3337,24,3361,32
2021-03-15,Imperial,025,180216,27433,27122,2634,29756,684
2021-03-15,Inyo,027,18085,1359,1346,9,1355,35
2021-03-15,Kern,029,883053,94710,93266,10172,103438,1141
2021-03-15,Kings,031,150075,22634,22294,1009,23303,233
2021-03-15,Lake,033,64148,3290,3237,8,3245,43
2021-03-15,Lassen,035,31185,5140,5125,101,5226,1
2021-03-15,Los Angeles,037,10098052,1180942,1172445,39987,1212432,22477
2021-03-15,Madera,039,155013,15962,15806,869,16675,214
2021-03-15,Marin,041,260295,13485,13408,186,13594,218
2021-03-15,Mariposa,043,17540,383,376,5,381,5
2021-03-15,Mendocino,045,87422,3713,3615,72,3687,44
2021-03-15,Merced,047,269075,29330,29169,917,30086,407
2021-03-15,Modoc,049,8938,350,340,120,460,3
2021-03-15,Mono,051,14174,1207,1206,16,1222,3
2021-03-15,Monterey,053,433212,42344,42011,1754,43765,333
2021-03-15,Napa,055,140530,9243,9196,34,9230,75
2021-03-15,Nevada,057,99092,4184,4123,169,4292,66
2021-03-15,Orange,059,3164182,249682,247697,10509,258206,4481
2021-03-15,Placer,061,380077,21169,20308,1193,21501,238
2021-03-15,Plumas,063,18699,658,642,10,652,4
2021-03-15,Riverside,065,2383286,288184,281367,13607,294974,3856
2021-03-15,Sacramento,067,1510023,96986,95414,1358,96772,1463
2021-03-15,San Benito,069,59416,5824,5831,92,5923,61
2021-03-15,San Bernardino,071,2135413,288021,283815,8658,292473,4004
2021-03-15,San Diego,073,3302833,268103,265646,13252,278898,3452
2021-03-15,San Francisco,075,870044,34802,34820,1158,35978,456
2021-03-15,San Joaquin,077,732212,68563,66622,2978,69600,1140
2021-03-15,San Luis Obispo,079,281455,20186,19813,598,20411,247
2021-03-15,San Mateo,081,765935,40257,39765,424,40189,344
2021-03-15,Santa Barbara,083,443738,33010,32529,1143,33672,431
2021-03-15,Santa Clara,085,1922200,112746,112729,627,113356,1798
2021-03-15,Santa Cruz,087,273765,15684,14899,798,15697,200
2021-03-15,Shasta,089,179085,11160,11019,1316,12335,92
2021-03-15,Sierra,091,2930,53,49,12,61,0
2021-03-15,Siskiyou,093,43540,1550,1475,252,1727,5
2021-03-15,Solano,095,438530,30403,30258,387,30645,171
2021-03-15,Sonoma,097,501317,28742,28814,243,29057,285
2021-03-15,Stanislaus,099,539301,52112,51357,5512,56869,683
2021-03-15,Sutter,101,95872,9042,8962,81,9043,102
2021-03-15,Tehama,103,63373,4699,4650,502,5152,34
2021-03-15,Trinity,105,12862,472,308,83,391,3
2021-03-15,Tulare,107,460477,48977,47857,8445,56302,800
2021-03-15,Tuolumne,109,53932,3874,3937,35,3972,57
2021-03-15,Ventura,111,848112,79221,78626,2844,81470,910
2021-03-15,Yolo,113,214977,13164,13131,242,13373,190
2021-03-15,Yuba,115,75493,5652,5585,91,5676,42
2021-03-14,Alameda,001,1643700,82630,82116,1771,83887,1168
2021-03-14,Alpine,003,1148,83,82,0,82,0
2021-03-14,Amador,005,37829,3519,3504,32,3536,44
2021-03-14,Butte,007,227075,11533,11140,1642,12782,185
2021-03-14,Calaveras,009,45235,1961,1939,12,1951,49
2021-03-14,Colusa,011,21464,1885,1883,273,2156,12
2021-03-14,Contra Costa,013,1133247,64719,63808,1110,64918,731
2021-03-14,Del Norte,015,27424,1089,1048,5,1053,6
2021-03-14,El Dorado,017,186661,9304,9231,598,9829,103
2021-03-14,Fresno,019,978130,98482,97461,8057,105518,1496
2021-03-14,Glenn,021,27897,2295,2260,508,2768,15
2021-03-14,Humboldt,023,135768,3366,3335,24,3359,32
2021-03-14,Imperial,025,180216,27415,27122,2630,29752,685
2021-03-14,Inyo,027,18085,1355,1346,9,1355,35
2021-03-14,Kern,029,883053,94627,93252,10154,103406,1141
2021-03-14,Kings,031,150075,22615,22292,1007,23299,232
2021-03-14,Lake,033,64148,3285,3237,8,3245,43
2021-03-14,Lassen,035,31185,5138,5125,101,5226,1
2021-03-14,Los Angeles,037,10098052,1180372,1172100,39951,1212051,22476
2021-03-14,Madera,039,155013,15937,15804,869,16673,214
2021-03-14,Marin,041,260295,13469,13405,184,13589,218
2021-03-14,Mariposa,043,17540,381,376,5,381,5
2021-03-14,Mendocino,045,87422,3708,3613,72,3685,44
2021-03-14,Merced,047,269075,29262,29149,913,30062,407
2021-03-14,Modoc,049,8938,350,340,120,460,3
2021-03-14,Mono,051,14174,1201,1206,16,1222,3
2021-03-14,Monterey,053,433212,42322,42007,1750,43757,333
2021-03-14,Napa,055,140530,9225,9194,34,9228,75
2021-03-14,Nevada,057,99092,4178,4122,167,4289,66
2021-03-14,Orange,059,3164182,249551,247656,10489,258145,4460
2021-03-14,Placer,061,380077,21135,20288,1185,21473,238
2021-03-14,Plumas,063,18699,656,642,10,652,4
2021-03-14,Riverside,065,2383286,288026,281332,13599,294931,3845
2021-03-14,Sacramento,067,1510023,96808,95343,1353,96696,1462
2021-03-14,San Benito,069,59416,5815,5829,92,5921,61
2021-03-14,San Bernardino,071,2135413,287897,283791,8647,292438,3996
2021-03-14,San Diego,073,3302833,267868,265468,13239,278707,3452
2021-03-14,San Francisco,075,870044,34763,34810,1155,35965,455
2021-03-14,San Joaquin,077,732212,68435,66563,2961,69524,1140
2021-03-14,San Luis Obispo,079,281455,20157,19806,596,20402,247
2021-03-14,San Mateo,081,765935,40218,39744,424,40168,342
2021-03-14,Santa Barbara,083,443738,32966,32514,1141,33655,431
2021-03-14,Santa Clara,085,1922200,112618,112648,626,113274,1796
2021-03-14,Santa Cruz,087,273765,15667,14887,796,15683,200
2021-03-14,Shasta,089,179085,11144,11019,1309,12328,92
2021-03-14,Sierra,091,2930,53,49,12,61,0
2021-03-14,Siskiyou,093,43540,1546,1473,251,1724,5
2021-03-14,Solano,095,438530,30371,30230,382,30612,171
2021-03-14,Sonoma,097,501317,28708,28798,239,29037,284
2021-03-14,Stanislaus,099,539301,51991,51306,5504,56810,690
2021-03-14,Sutter,101,95872,9026,8958,81,9039,102
2021-03-14,Tehama,103,63373,4687,4650,501,5151,34
2021-03-14,Trinity,105,12862,471,308,82,390,3
2021-03-14,Tulare,107,460477,48944,47845,8424,56269,800
2021-03-14,Tuolumne,109,53932,3872,3937,35,3972,57
2021-03-14,Ventura,111,848112,79168,78611,2838,81449,910
2021-03-14,Yolo,113,214977,13142,13128,238,13366,189
2021-03-14,Yuba,115,75493,5642,5583,91,5674,42
2021-03-13,Alameda,001,1643700,82570,82010,1771,83781,1168
2021-03-13,Alpine,003,1148,83,82,0,82,0
2021-03-13,Amador,005,37829,3516,3504,32,3536,44
2021-03-13,Butte,007,227075,11524,11131,1641,12772,185
2021-03-13,Calaveras,009,45235,1961,1939,12,1951,49
2021-03-13,Colusa,011,21464,1885,1882,273,2155,12
2021-03-13,Contra Costa,013,1133247,64658,63689,1110,64799,731
2021-03-13,Del Norte,015,27424,1085,1041,5,1046,6
2021-03-13,El Dorado,017,186661,9296,9221,598,9819,103
2021-03-13,Fresno,019,978130,98423,97324,8037,105361,1495
2021-03-13,Glenn,021,27897,2294,2260,507,2767,15
2021-03-13,Humboldt,023,135768,3359,3325,24,3349,32
2021-03-13,Imperial,025,180216,27410,27099,2625,29724,677
2021-03-13,Inyo,027,18085,1354,1344,9,1353,35
2021-03-13,Kern,029,883053,94588,93197,10148,103345,1140
2021-03-13,Kings,031,150075,22599,22265,1006,23271,232
2021-03-13,Lake,033,64148,3278,3234,7,3241,43
2021-03-13,Lassen,035,31185,5138,5125,101,5226,1
2021-03-13,Los Angeles,037,10098052,1180056,1171505,39908,1211413,22451
2021-03-13,Madera,039,155013,15925,15780,869,16649,214
2021-03-13,Marin,041,260295,13463,13391,182,13573,218
2021-03-13,Mariposa,043,17540,380,376,5,381,5
2021-03-13,Mendocino,045,87422,3704,3611,72,3683,44
2021-03-13,Merced,047,269075,29231,29106,913,30019,406
2021-03-13,Modoc,049,8938,350,340,119,459,3
2021-03-13,Mono,051,14174,1201,1207,16,1223,3
2021-03-13,Monterey,053,433212,42312,41989,1748,43737,332
2021-03-13,Napa,055,140530,9219,9190,34,9224,75
2021-03-13,Nevada,057,99092,4171,4111,166,4277,66
2021-03-13,Orange,059,3164182,249470,247514,10473,257987,4423
2021-03-13,Placer,061,380077,21114,20238,1182,21420,239
2021-03-13,Plumas,063,18699,654,642,10,652,4
2021-03-13,Riverside,065,2383286,287934,281191,13591,294782,3848
2021-03-13,Sacramento,067,1510023,96722,95192,1351,96543,1461
2021-03-13,San Benito,069,59416,5812,5823,92,5915,61
2021-03-13,San Bernardino,071,2135413,287844,283727,8641,292368,3972
2021-03-13,San Diego,073,3302833,267713,265270,13225,278495,3444
2021-03-13,San Francisco,075,870044,34746,34784,1146,35930,455
2021-03-13,San Joaquin,077,732212,68379,66480,2939,69419,1141
2021-03-13,San Luis Obispo,079,281455,20139,19789,595,20384,247
2021-03-13,San Mateo,081,765935,40191,39689,423,40112,341
2021-03-13,Santa Barbara,083,443738,32941,32486,1140,33626,431
2021-03-13,Santa Clara,085,1922200,112533,112531,625,113156,1790
2021-03-13,Santa Cruz,087,273765,15660,14875,796,15671,199
2021-03-13,Shasta,089,179085,11136,11021,1306,12327,108
2021-03-13,Sierra,091,2930,52,49,12,61,0
2021-03-13,Siskiyou,093,43540,1545,1470,251,1721,5
2021-03-13,Solano,095,438530,30354,30198,382,30580,171
2021-03-13,Sonoma,097,501317,28688,28762,235,28997,285
2021-03-13,Stanislaus,099,539301,51940,51257,5499,56756,695
2021-03-13,Sutter,101,95872,9019,8948,81,9029,102
2021-03-13,Tehama,103,63373,4685,4647,501,5148,33
2021-03-13,Trinity,105,12862,471,306,82,388,3
2021-03-13,Tulare,107,460477,48918,47818,8416,56234,798
2021-03-13,Tuolumne,109,53932,3869,3937,35,3972,57
2021-03-13,Ventura,111,848112,79119,78693,2838,81531,906
2021-03-13,Yolo,113,214977,13134,13087,237,13324,189
2021-03-13,Yuba,115,75493,5641,5577,91,5668,42
2021-03-12,Alameda,001,1643700,82494,81898,1770,83668,1164
2021-03-12,Alpine,003,1148,83,82,0,82,0
2021-03-12,Amador,005,37829,3513,3503,32,3535,44
2021-03-12,Butte,007,227075,11514,11126,1639,12765,184
2021-03-12,Calaveras,009,45235,1959,1916,12,1928,49
2021-03-12,Colusa,011,21464,1885,1883,273,2156,12
2021-03-12,Contra Costa,013,1133247,64582,63583,1110,64693,728
2021-03-12,Del Norte,015,27424,1079,1033,5,1038,6
2021-03-12,El Dorado,017,186661,9287,9219,598,9817,103
2021-03-12,Fresno,019,978130,98326,97185,8026,105211,1489
2021-03-12,Glenn,021,27897,2293,2258,506,2764,15
2021-03-12,Humboldt,023,135768,3354,3315,24,3339,32
2021-03-12,Imperial,025,180216,27399,27071,2623,29694,677
2021-03-12,Inyo,027,18085,1352,1339,9,1348,35
2021-03-12,Kern,029,883053,94554,93142,10132,103274,1132
2021-03-12,Kings,031,150075,22580,22233,1006,23239,232
2021-03-12,Lake,033,64148,3272,3226,6,3232,43
2021-03-12,Lassen,035,31185,5138,5125,100,5225,1
2021-03-12,Los Angeles,037,10098052,1179657,1170860,39891,1210751,22409
2021-03-12,Madera,039,155013,15913,15761,866,16627,214
2021-03-12,Marin,041,260295,13456,13375,182,13557,218
2021-03-12,Mariposa,043,17540,378,376,5,381,5
2021-03-12,Mendocino,045,87422,3701,3605,72,3677,43
2021-03-12,Merced,047,269075,29200,29064,913,29977,403
2021-03-12,Modoc,049,8938,350,340,119,459,3
2021-03-12,Mono,051,14174,1200,1206,16,1222,3
2021-03-12,Monterey,053,433212,42298,41964,1743,43707,329
2021-03-12,Napa,055,140530,9210,9180,34,9214,75
2021-03-12,Nevada,057,99092,4161,4101,166,4267,66
2021-03-12,Orange,059,3164182,249377,247388,10462,257850,4401
2021-03-12,Placer,061,380077,21081,20210,1177,21387,239
2021-03-12,Plumas,063,18699,653,641,10,651,4
2021-03-12,Riverside,065,2383286,287835,281037,13583,294620,3854
2021-03-12,Sacramento,067,1510023,96598,95061,1344,96405,1460
2021-03-12,San Benito,069,59416,5809,5817,92,5909,61
2021-03-12,San Bernardino,071,2135413,287787,283558,8636,292194,3917
2021-03-12,San Diego,073,3302833,267550,264886,13217,278103,3434
2021-03-12,San Francisco,075,870044,34725,34758,1143,35901,452
2021-03-12,San Joaquin,077,732212,68308,66482,2930,69412,1144
2021-03-12,San Luis Obispo,079,281455,20125,19769,593,20362,247
2021-03-12,San Mateo,081,765935,40155,39638,421,40059,341
2021-03-12,Santa Barbara,083,443738,32918,32457,1137,33594,429
2021-03-12,Santa Clara,085,1922200,112438,112396,624,113020,1766
2021-03-12,Santa Cruz,087,273765,15648,14846,794,15640,195
2021-03-12,Shasta,089,179085,11127,11143,1304,12447,153
2021-03-12,Sierra,091,2930,52,49,12,61,0
2021-03-12,Siskiyou,093,43540,1545,1468,250,1718,5
2021-03-12,Solano,095,438530,30335,30180,381,30561,171
2021-03-12,Sonoma,097,501317,28661,28714,235,28949,285
2021-03-12,Stanislaus,099,539301,51882,51146,5492,56638,701
2021-03-12,Sutter,101,95872,9013,8940,81,9021,101
2021-03-12,Tehama,103,63373,4681,4638,500,5138,33
2021-03-12,Trinity,105,12862,470,306,81,387,3
2021-03-12,Tulare,107,460477,48893,47772,8410,56182,798
2021-03-12,Tuolumne,109,53932,3868,3936,35,3971,57
2021-03-12,Ventura,111,848112,79076,78698,2834,81532,899
2021-03-12,Yolo,113,214977,13124,13061,230,13291,189
2021-03-12,Yuba,115,75493,5634,5563,90,5653,42
2021-03-11,Alameda,001,1643700,82401,81809,1765,83574,1164
2021-03-11,Alpine,003,1148,83,78,0,78,0
2021-03-11,Amador,005,37829,3512,3498,32,3530,42
2021-03-11,Butte,007,227075,11503,11110,1637,12747,185
2021-03-11,Calaveras,009,45235,1956,1915,12,1927,49
2021-03-11,Colusa,011,21464,1885,1883,273,2156,12
2021-03-11,Contra Costa,013,1133247,64509,63469,1108,64577,728
2021-03-11,Del Norte,015,27424,1074,1027,5,1032,6
2021-03-11,El Dorado,017,186661,9273,9211,598,9809,101
2021-03-11,Fresno,019,978130,98210,97026,7997,105023,1481
2021-03-11,Glenn,021,27897,2290,2255,506,2761,15
2021-03-11,Humboldt,023,135768,3337,3302,24,3326,32
2021-03-11,Imperial,025,180216,27392,27045,2620,29665,675
2021-03-11,Inyo,027,18085,1347,1335,9,1344,35
2021-03-11,Kern,029,883053,94498,93052,10093,103145,1121
2021-03-11,Kings,031,150075,22565,22183,1003,23186,230
2021-03-11,Lake,033,64148,3268,3214,6,3220,42
2021-03-11,Lassen,035,31185,5137,5124,100,5224,1
2021-03-11,Los Angeles,037,10098052,1179125,1170111,39859,1209970,22316
2021-03-11,Madera,039,155013,15902,15725,864,16589,214
2021-03-11,Marin,041,260295,13444,13356,181,13537,217
2021-03-11,Mariposa,043,17540,378,376,5,381,5
2021-03-11,Mendocino,045,87422,3694,3604,72,3676,42
2021-03-11,Merced,047,269075,29151,29001,912,29913,401
2021-03-11,Modoc,049,8938,350,340,119,459,3
2021-03-11,Mono,051,14174,1199,1206,16,1222,3
2021-03-11,Monterey,053,433212,42275,41936,1737,43673,329
2021-03-11,Napa,055,140530,9197,9173,34,9207,75
2021-03-11,Nevada,057,99092,4149,4085,164,4249,66
2021-03-11,Orange,059,3164182,249239,247217,10444,257661,4373
2021-03-11,Placer,061,380077,21038,20178,1173,21351,239
2021-03-11,Plumas,063,18699,652,640,10,650,4
2021-03-11,Riverside,065,2383286,287665,280881,13570,294451,3842
2021-03-11,Sacramento,067,1510023,96457,94912,1341,96253,1455
2021-03-11,San Benito,069,59416,5806,5816,92,5908,61
2021-03-11,San Bernardino,071,2135413,287690,283312,8630,291942,3869
2021-03-11,San Diego,073,3302833,267386,264524,13201,277725,3422
2021-03-11,San Francisco,075,870044,34689,34722,1137,35859,452
2021-03-11,San Joaquin,077,732212,68196,66522,2922,69444,1157
2021-03-11,San Luis Obispo,079,281455,20100,19748,592,20340,247
2021-03-11,San Mateo,081,765935,40118,39590,420,40010,341
2021-03-11,Santa Barbara,083,443738,32891,32408,1132,33540,430
2021-03-11,Santa Clara,085,1922200,112307,112246,621,112867,1765
2021-03-11,Santa Cruz,087,273765,15636,14812,793,15605,193
2021-03-11,Shasta,089,179085,11117,11139,1299,12438,158
2021-03-11,Sierra,091,2930,52,48,12,60,0
2021-03-11,Siskiyou,093,43540,1542,1466,250,1716,5
2021-03-11,Solano,095,438530,30307,30138,380,30518,171
2021-03-11,Sonoma,097,501317,28632,28677,235,28912,285
2021-03-11,Stanislaus,099,539301,51797,51038,5484,56522,707
2021-03-11,Sutter,101,95872,9007,8933,81,9014,101
2021-03-11,Tehama,103,63373,4672,4632,499,5131,33
2021-03-11,Trinity,105,12862,469,304,80,384,3
2021-03-11,Tulare,107,460477,48856,47709,8399,56108,797
2021-03-11,Tuolumne,109,53932,3866,3934,35,3969,57
2021-03-11,Ventura,111,848112,79026,78697,2830,81527,889
2021-03-11,Yolo,113,214977,13107,13041,228,13269,190
2021-03-11,Yuba,115,75493,5630,5553,90,5643,42
2021-03-10,Alameda,001,1643700,82294,81701,1760,83461,1160
2021-03-10,Alpine,003,1148,82,78,0,78,0
2021-03-10,Amador,005,37829,3510,3496,32,3528,42
2021-03-10,Butte,007,227075,11493,11096,1637,12733,185
2021-03-10,Calaveras,009,45235,1950,1913,12,1925,48
2021-03-10,Colusa,011,21464,1885,1882,273,2155,12
2021-03-10,Contra Costa,013,1133247,64410,63372,1104,64476,725
2021-03-10,Del Norte,015,27424,1072,1020,5,1025,5
2021-03-10,El Dorado,017,186661,9260,9203,598,9801,100
2021-03-10,Fresno,019,978130,98103,96866,7981,104847,1471
2021-03-10,Glenn,021,27897,2287,2253,504,2757,15
2021-03-10,Humboldt,023,135768,3327,3296,23,3319,32
2021-03-10,Imperial,025,180216,27377,27051,2620,29671,675
2021-03-10,Inyo,027,18085,1347,1328,9,1337,35
2021-03-10,Kern,029,883053,94432,92965,10072,103037,1102
2021-03-10,Kings,031,150075,22546,22166,1001,23167,226
2021-03-10,Lake,033,64148,3258,3207,6,3213,42
2021-03-10,Lassen,035,31185,5137,5120,100,5220,1
2021-03-10,Los Angeles,037,10098052,1178580,1169079,39832,1208911,22199
2021-03-10,Madera,039,155013,15881,15705,861,16566,212
2021-03-10,Marin,041,260295,13434,13348,180,13528,216
2021-03-10,Mariposa,043,17540,378,376,5,381,5
2021-03-10,Mendocino,045,87422,3689,3602,72,3674,42
2021-03-10,Merced,047,269075,29114,28927,909,29836,401
2021-03-10,Modoc,049,8938,349,338,119,457,3
2021-03-10,Mono,051,14174,1196,1204,16,1220,3
2021-03-10,Monterey,053,433212,42253,41920,1733,43653,329
2021-03-10,Napa,055,140530,9188,9165,34,9199,75
2021-03-10,Nevada,057,99092,4145,4074,164,4238,66
2021-03-10,Orange,059,3164182,249090,247075,10428,257503,4342
2021-03-10,Placer,061,380077,21003,20144,1167,21311,239
2021-03-10,Plumas,063,18699,651,639,10,649,4
2021-03-10,Riverside,065,2383286,287524,280708,13556,294264,3822
2021-03-10,Sacramento,067,1510023,96327,94796,1335,96131,1452
2021-03-10,San Benito,069,59416,5797,5811,92,5903,61
2021-03-10,San Bernardino,071,2135413,287598,283140,8624,291764,3841
2021-03-10,San Diego,073,3302833,267165,264094,13189,277283,3413
2021-03-10,San Francisco,075,870044,34654,34688,1129,35817,450
2021-03-10,San Joaquin,077,732212,68094,66483,2905,69388,1156
2021-03-10,San Luis Obispo,079,281455,20076,19710,588,20298,247
2021-03-10,San Mateo,081,765935,40094,39571,420,39991,338
2021-03-10,Santa Barbara,083,443738,32864,32356,1129,33485,429
2021-03-10,Santa Clara,085,1922200,112200,112103,617,112720,1759
2021-03-10,Santa Cruz,087,273765,15621,14790,792,15582,192
2021-03-10,Shasta,089,179085,11107,11125,1296,12421,155
2021-03-10,Sierra,091,2930,52,48,12,60,0
2021-03-10,Siskiyou,093,43540,1540,1458,250,1708,5
2021-03-10,Solano,095,438530,30277,30111,379,30490,170
2021-03-10,Sonoma,097,501317,28597,28638,234,28872,286
2021-03-10,Stanislaus,099,539301,51708,50968,5464,56432,706
2021-03-10,Sutter,101,95872,8996,8918,81,8999,101
2021-03-10,Tehama,103,63373,4662,4623,499,5122,33
2021-03-10,Trinity,105,12862,469,304,80,384,3
2021-03-10,Tulare,107,460477,48808,47659,8381,56040,793
2021-03-10,Tuolumne,109,53932,3865,3931,35,3966,57
2021-03-10,Ventura,111,848112,78949,78609,2828,81437,878
2021-03-10,Yolo,113,214977,13084,13021,227,13248,189
2021-03-10,Yuba,115,75493,5616,5545,89,5634,42
2021-03-09,Alameda,001,1643700,82207,81618,1760,83378,1151
2021-03-09,Alpine,003,1148,82,78,0,78,0
2021-03-09,Amador,005,37829,3508,3494,32,3526,42
2021-03-09,Butte,007,227075,11480,11092,1635,12727,185
2021-03-09,Calaveras,009,45235,1948,1913,12,1925,48
2021-03-09,Colusa,011,21464,1885,1880,273,2153,11
2021-03-09,Contra Costa,013,1133247,64317,63314,1102,64416,723
2021-03-09,Del Norte,015,27424,1064,1017,5,1022,5
2021-03-09,El Dorado,017,186661,9253,9198,598,9796,98
2021-03-09,Fresno,019,978130,97984,96744,7954,104698,1463
2021-03-09,Glenn,021,27897,2283,2251,502,2753,15
2021-03-09,Humboldt,023,135768,3315,3288,22,3310,32
2021-03-09,Imperial,025,180216,27368,27045,2616,29661,675
2021-03-09,Inyo,027,18085,1345,1324,9,1333,35
2021-03-09,Kern,029,883053,94353,92924,10054,102978,1088
2021-03-09,Kings,031,150075,22521,22143,999,23142,226
2021-03-09,Lake,033,64148,3252,3202,6,3208,42
2021-03-09,Lassen,035,31185,5137,5120,100,5220,1
2021-03-09,Los Angeles,037,10098052,1177984,1167967,39798,1207765,22080
2021-03-09,Madera,039,155013,15870,15701,859,16560,211
2021-03-09,Marin,041,260295,13416,13335,178,13513,214
2021-03-09,Mariposa,043,17540,378,376,5,381,5
2021-03-09,Mendocino,045,87422,3685,3595,72,3667,42
2021-03-09,Merced,047,269075,29052,28876,908,29784,399
2021-03-09,Modoc,049,8938,349,338,118,456,3
2021-03-09,Mono,051,14174,1195,1203,16,1219,3
2021-03-09,Monterey,053,433212,42234,41894,1725,43619,329
2021-03-09,Napa,055,140530,9174,9155,34,9189,75
2021-03-09,Nevada,057,99092,4137,4062,164,4226,66
2021-03-09,Orange,059,3164182,248947,246989,10408,257397,4310
2021-03-09,Placer,061,380077,20961,20122,1162,21284,239
2021-03-09,Plumas,063,18699,648,639,10,649,4
2021-03-09,Riverside,065,2383286,287389,280562,13552,294114,3821
2021-03-09,Sacramento,067,1510023,96159,94720,1329,96049,1442
2021-03-09,San Benito,069,59416,5793,5800,92,5892,61
2021-03-09,San Bernardino,071,2135413,287485,282971,8617,291588,3823
2021-03-09,San Diego,073,3302833,266933,263745,13168,276913,3405
2021-03-09,San Francisco,075,870044,34623,34654,1125,35779,450
2021-03-09,San Joaquin,077,732212,67966,66383,2895,69278,1150
2021-03-09,San Luis Obispo,079,281455,20058,19672,581,20253,245
2021-03-09,San Mateo,081,765935,40047,39535,418,39953,336
2021-03-09,Santa Barbara,083,443738,32823,32314,1127,33441,428
2021-03-09,Santa Clara,085,1922200,112089,111963,612,112575,1756
2021-03-09,Santa Cruz,087,273765,15599,14764,791,15555,188
2021-03-09,Shasta,089,179085,11100,11113,1291,12404,155
2021-03-09,Sierra,091,2930,52,48,12,60,0
2021-03-09,Siskiyou,093,43540,1536,1447,248,1695,5
2021-03-09,Solano,095,438530,30241,30090,377,30467,169
2021-03-09,Sonoma,097,501317,28547,28601,231,28832,284
2021-03-09,Stanislaus,099,539301,51611,50884,5455,56339,703
2021-03-09,Sutter,101,95872,8983,8914,81,8995,101
2021-03-09,Tehama,103,63373,4654,4620,498,5118,33
2021-03-09,Trinity,105,12862,469,304,80,384,3
2021-03-09,Tulare,107,460477,48781,47637,8360,55997,792
2021-03-09,Tuolumne,109,53932,3863,3929,35,3964,56
2021-03-09,Ventura,111,848112,78879,78526,2826,81352,863
2021-03-09,Yolo,113,214977,13073,13015,226,13241,189
2021-03-09,Yuba,115,75493,5609,5539,89,5628,42
2021-03-08,Alameda,001,1643700,82094,81543,1759,83302,1142
2021-03-08,Alpine,003,1148,82,78,0,78,0
2021-03-08,Amador,005,37829,3505,3490,32,3522,42
2021-03-08,Butte,007,227075,11465,11082,1634,12716,185
2021-03-08,Calaveras,009,45235,1944,1909,12,1921,48
2021-03-08,Colusa,011,21464,1885,1877,273,2150,11
2021-03-08,Contra Costa,013,1133247,64222,63240,1102,64342,719
2021-03-08,Del Norte,015,27424,1059,1012,5,1017,5
2021-03-08,El Dorado,017,186661,9250,9188,597,9785,97
2021-03-08,Fresno,019,978130,97885,96665,7933,104598,1442
2021-03-08,Glenn,021,27897,2282,2249,502,2751,15
2021-03-08,Humboldt,023,135768,3301,3278,22,3300,31
2021-03-08,Imperial,025,180216,27361,27033,2612,29645,663
2021-03-08,Inyo,027,18085,1343,1320,9,1329,35
2021-03-08,Kern,029,883053,94286,92857,10034,102891,1087
2021-03-08,Kings,031,150075,22500,22130,997,23127,226
2021-03-08,Lake,033,64148,3240,3195,6,3201,42
2021-03-08,Lassen,035,31185,5137,5119,100,5219,1
2021-03-08,Los Angeles,037,10098052,1177367,1163409,39766,1203175,21868
2021-03-08,Madera,039,155013,15860,15691,857,16548,211
2021-03-08,Marin,041,260295,13396,13328,176,13504,214
2021-03-08,Mariposa,043,17540,378,376,5,381,5
2021-03-08,Mendocino,045,87422,3683,3590,71,3661,42
2021-03-08,Merced,047,269075,28992,28841,907,29748,398
2021-03-08,Modoc,049,8938,349,338,118,456,3
2021-03-08,Mono,051,14174,1194,1200,16,1216,3
2021-03-08,Monterey,053,433212,42213,41863,1724,43587,328
2021-03-08,Napa,055,140530,9171,9146,34,9180,75
2021-03-08,Nevada,057,99092,4129,4059,164,4223,66
2021-03-08,Orange,059,3164182,248773,246900,10376,257276,4243
2021-03-08,Placer,061,380077,20926,20102,1151,21253,239
2021-03-08,Plumas,063,18699,647,635,10,645,4
2021-03-08,Riverside,065,2383286,287237,280463,13542,294005,3783
2021-03-08,Sacramento,067,1510023,95989,94654,1324,95978,1438
2021-03-08,San Benito,069,59416,5790,5797,92,5889,61
2021-03-08,San Bernardino,071,2135413,287376,282894,8610,291504,3811
2021-03-08,San Diego,073,3302833,266692,263272,13153,276425,3390
2021-03-08,San Francisco,075,870044,34596,34634,1121,35755,446
2021-03-08,San Joaquin,077,732212,67849,66307,2886,69193,1139
2021-03-08,San Luis Obispo,079,281455,20015,19656,578,20234,245
2021-03-08,San Mateo,081,765935,39998,39492,416,39908,335
2021-03-08,Santa Barbara,083,443738,32791,32293,1127,33420,427
2021-03-08,Santa Clara,085,1922200,111961,111882,610,112492,1756
2021-03-08,Santa Cruz,087,273765,15579,14729,791,15520,188
2021-03-08,Shasta,089,179085,11092,11088,1286,12374,155
2021-03-08,Sierra,091,2930,52,48,12,60,0
2021-03-08,Siskiyou,093,43540,1535,1440,248,1688,5
2021-03-08,Solano,095,438530,30201,30068,375,30443,169
2021-03-08,Sonoma,097,501317,28503,28571,230,28801,284
2021-03-08,Stanislaus,099,539301,51531,50825,5450,56275,690
2021-03-08,Sutter,101,95872,8980,8905,81,8986,100
2021-03-08,Tehama,103,63373,4651,4615,497,5112,33
2021-03-08,Trinity,105,12862,468,302,80,382,3
2021-03-08,Tulare,107,460477,48740,47587,8335,55922,791
2021-03-08,Tuolumne,109,53932,3862,3921,35,3956,56
2021-03-08,Ventura,111,848112,78808,78526,2818,81344,852
2021-03-08,Yolo,113,214977,13050,13000,225,13225,189
2021-03-08,Yuba,115,75493,5599,5530,89,5619,42
2021-03-07,Alameda,001,1643700,81976,81413,1758,83171,1145
2021-03-07,Alpine,003,1148,82,78,0,78,0
2021-03-07,Amador,005,37829,3502,3489,32,3521,42
2021-03-07,Butte,007,227075,11450,11075,1633,12708,185
2021-03-07,Calaveras,009,45235,1940,1906,12,1918,48
2021-03-07,Colusa,011,21464,1884,1876,273,2149,11
2021-03-07,Contra Costa,013,1133247,64123,63148,1100,64248,719
2021-03-07,Del Norte,015,27424,1054,1010,5,1015,5
2021-03-07,El Dorado,017,186661,9247,9184,596,9780,97
2021-03-07,Fresno,019,978130,97707,96549,7911,104460,1442
2021-03-07,Glenn,021,27897,2280,2244,502,2746,15
2021-03-07,Humboldt,023,135768,3291,3274,22,3296,31
2021-03-07,Imperial,025,180216,27352,27019,2609,29628,658
2021-03-07,Inyo,027,18085,1340,1320,9,1329,35
2021-03-07,Kern,029,883053,94199,92746,10004,102750,1086
2021-03-07,Kings,031,150075,22479,22103,996,23099,224
2021-03-07,Lake,033,64148,3234,3192,6,3198,42
2021-03-07,Lassen,035,31185,5136,5119,100,5219,1
2021-03-07,Los Angeles,037,10098052,1176643,1162749,39729,1202478,21857
2021-03-07,Madera,039,155013,15841,15675,857,16532,211
2021-03-07,Marin,041,260295,13388,13313,174,13487,214
2021-03-07,Mariposa,043,17540,377,376,5,381,5
2021-03-07,Mendocino,045,87422,3679,3581,71,3652,42
2021-03-07,Merced,047,269075,28919,28829,903,29732,399
2021-03-07,Modoc,049,8938,349,338,118,456,3
2021-03-07,Mono,051,14174,1192,1199,16,1215,3
2021-03-07,Monterey,053,433212,42191,41858,1721,43579,328
2021-03-07,Napa,055,140530,9161,9137,34,9171,75
2021-03-07,Nevada,057,99092,4115,4052,163,4215,66
2021-03-07,Orange,059,3164182,248581,246771,10348,257119,4218
2021-03-07,Placer,061,380077,20886,20070,1147,21217,239
2021-03-07,Plumas,063,18699,646,635,10,645,4
2021-03-07,Riverside,065,2383286,287088,280379,13533,293912,3779
2021-03-07,Sacramento,067,1510023,95812,94513,1316,95829,1437
2021-03-07,San Benito,069,59416,5783,5795,92,5887,61
2021-03-07,San Bernardino,071,2135413,287225,282860,8605,291465,3810
2021-03-07,San Diego,073,3302833,266411,262965,13129,276094,3390
2021-03-07,San Francisco,075,870044,34562,34594,1116,35710,445
2021-03-07,San Joaquin,077,732212,67714,66252,2872,69124,1139
2021-03-07,San Luis Obispo,079,281455,19978,19614,576,20190,245
2021-03-07,San Mateo,081,765935,39958,39436,413,39849,329
2021-03-07,Santa Barbara,083,443738,32744,32218,1126,33344,425
2021-03-07,Santa Clara,085,1922200,111815,111745,606,112351,1752
2021-03-07,Santa Cruz,087,273765,15557,14715,790,15505,189
2021-03-07,Shasta,089,179085,11079,11083,1278,12361,156
2021-03-07,Sierra,091,2930,51,48,12,60,0
2021-03-07,Siskiyou,093,43540,1532,1435,244,1679,5
2021-03-07,Solano,095,438530,30164,30027,375,30402,169
2021-03-07,Sonoma,097,501317,28454,28533,228,28761,284
2021-03-07,Stanislaus,099,539301,51399,50783,5433,56216,699
2021-03-07,Sutter,101,95872,8970,8900,81,8981,100
2021-03-07,Tehama,103,63373,4641,4614,494,5108,33
2021-03-07,Trinity,105,12862,468,302,80,382,3
2021-03-07,Tulare,107,460477,48681,47569,8304,55873,790
2021-03-07,Tuolumne,109,53932,3861,3922,34,3956,56
2021-03-07,Ventura,111,848112,78710,78487,2814,81301,851
2021-03-07,Yolo,113,214977,13031,12988,225,13213,189
2021-03-07,Yuba,115,75493,5594,5516,89,5605,42
2021-03-06,Alameda,001,1643700,81921,81310,1757,83067,1143
2021-03-06,Alpine,003,1148,82,78,0,78,0
2021-03-06,Amador,005,37829,3498,3487,32,3519,42
2021-03-06,Butte,007,227075,11447,11065,1632,12697,185
2021-03-06,Calaveras,009,45235,1937,1904,12,1916,48
2021-03-06,Colusa,011,21464,1882,1874,273,2147,11
2021-03-06,Contra Costa,013,1133247,64062,63040,1096,64136,719
2021-03-06,Del Norte,015,27424,1049,1000,5,1005,5
2021-03-06,El Dorado,017,186661,9243,9166,596,9762,97
2021-03-06,Fresno,019,978130,97612,96366,7900,104266,1440
2021-03-06,Glenn,021,27897,2280,2241,502,2743,15
2021-03-06,Humboldt,023,135768,3281,3260,22,3282,31
2021-03-06,Imperial,025,180216,27348,27009,2604,29613,658
2021-03-06,Inyo,027,18085,1337,1312,9,1321,35
2021-03-06,Kern,029,883053,94153,92684,9984,102668,1082
2021-03-06,Kings,031,150075,22463,22094,996,23090,224
2021-03-06,Lake,033,64148,3232,3189,6,3195,42
2021-03-06,Lassen,035,31185,5136,5119,100,5219,1
2021-03-06,Los Angeles,037,10098052,1176207,1161745,39699,1201444,21843
2021-03-06,Madera,039,155013,15832,15646,855,16501,211
2021-03-06,Marin,041,260295,13379,13289,174,13463,213
2021-03-06,Mariposa,043,17540,377,376,5,381,5
2021-03-06,Mendocino,045,87422,3677,3579,71,3650,42
2021-03-06,Merced,047,269075,28877,28771,903,29674,399
2021-03-06,Modoc,049,8938,348,338,118,456,3
2021-03-06,Mono,051,14174,1191,1198,16,1214,3
2021-03-06,Monterey,053,433212,42186,41838,1718,43556,327
2021-03-06,Napa,055,140530,9153,9129,34,9163,75
2021-03-06,Nevada,057,99092,4109,4044,163,4207,66
2021-03-06,Orange,059,3164182,248490,246634,10334,256968,4165
2021-03-06,Placer,061,380077,20863,20030,1145,21175,239
2021-03-06,Plumas,063,18699,646,634,10,644,4
2021-03-06,Riverside,065,2383286,286995,280225,13525,293750,3781
2021-03-06,Sacramento,067,1510023,95724,94332,1307,95639,1436
2021-03-06,San Benito,069,59416,5778,5793,92,5885,61
2021-03-06,San Bernardino,071,2135413,287141,282737,8603,291340,3791
2021-03-06,San Diego,073,3302833,266224,262778,13112,275890,3385
2021-03-06,San Francisco,075,870044,34531,34560,1112,35672,435
2021-03-06,San Joaquin,077,732212,67640,66162,2862,69024,1138
2021-03-06,San Luis Obispo,079,281455,19958,19592,574,20166,245
2021-03-06,San Mateo,081,765935,39933,39384,413,39797,329
2021-03-06,Santa Barbara,083,443738,32713,32176,1125,33301,424
2021-03-06,Santa Clara,085,1922200,111719,111570,604,112174,1749
2021-03-06,Santa Cruz,087,273765,15546,14701,790,15491,188
2021-03-06,Shasta,089,179085,11070,11076,1276,12352,158
2021-03-06,Sierra,091,2930,51,48,12,60,0
2021-03-06,Siskiyou,093,43540,1530,1432,244,1676,5
2021-03-06,Solano,095,438530,30135,30000,374,30374,169
2021-03-06,Sonoma,097,501317,28431,28484,226,28710,284
2021-03-06,Stanislaus,099,539301,51329,50691,5427,56118,711
2021-03-06,Sutter,101,95872,8964,8887,81,8968,100
2021-03-06,Tehama,103,63373,4641,4610,492,5102,33
2021-03-06,Trinity,105,12862,468,302,80,382,3
2021-03-06,Tulare,107,460477,48649,47515,8275,55790,789
2021-03-06,Tuolumne,109,53932,3859,3920,34,3954,56
2021-03-06,Ventura,111,848112,78655,78439,2813,81252,848
2021-03-06,Yolo,113,214977,13025,12951,225,13176,189
2021-03-06,Yuba,115,75493,5585,5504,89,5593,42
2021-03-05,Alameda,001,1643700,81831,81215,1755,82970,1141
2021-03-05,Alpine,003,1148,82,78,0,78,0
2021-03-05,Amador,005,37829,3497,3484,32,3516,42
2021-03-05,Butte,007,227075,11436,11050,1631,12681,185
2021-03-05,Calaveras,009,45235,1933,1902,12,1914,48
2021-03-05,Colusa,011,21464,1882,1874,273,2147,11
2021-03-05,Contra Costa,013,1133247,63982,62886,1093,63979,711
2021-03-05,Del Norte,015,27424,1045,995,5,1000,5
2021-03-05,El Dorado,017,186661,9238,9150,595,9745,97
2021-03-05,Fresno,019,978130,97504,96184,7881,104065,1432
2021-03-05,Glenn,021,27897,2277,2241,502,2743,15
2021-03-05,Humboldt,023,135768,3274,3234,22,3256,31
2021-03-05,Imperial,025,180216,27338,26970,2595,29565,651
2021-03-05,Inyo,027,18085,1333,1309,9,1318,35
2021-03-05,Kern,029,883053,94113,92601,9971,102572,1076
2021-03-05,Kings,031,150075,22445,22063,995,23058,224
2021-03-05,Lake,033,64148,3230,3185,6,3191,42
2021-03-05,Lassen,035,31185,5136,5117,98,5215,1
2021-03-05,Los Angeles,037,10098052,1175719,1160688,39668,1200356,21745
2021-03-05,Madera,039,155013,15822,15624,853,16477,211
2021-03-05,Marin,041,260295,13366,13275,173,13448,215
2021-03-05,Mariposa,043,17540,377,375,5,380,4
2021-03-05,Mendocino,045,87422,3674,3577,71,3648,42
2021-03-05,Merced,047,269075,28843,28734,902,29636,399
2021-03-05,Modoc,049,8938,348,337,118,455,3
2021-03-05,Mono,051,14174,1190,1197,16,1213,3
2021-03-05,Monterey,053,433212,42173,41802,1718,43520,325
2021-03-05,Napa,055,140530,9145,9109,34,9143,75
2021-03-05,Nevada,057,99092,4105,4033,163,4196,66
2021-03-05,Orange,059,3164182,248377,246489,10321,256810,4108
2021-03-05,Placer,061,380077,20837,19973,1141,21114,239
2021-03-05,Plumas,063,18699,646,635,10,645,4
2021-03-05,Riverside,065,2383286,286883,280075,13520,293595,3781
2021-03-05,Sacramento,067,1510023,95628,94182,1300,95482,1430
2021-03-05,San Benito,069,59416,5775,5790,92,5882,61
2021-03-05,San Bernardino,071,2135413,287048,282640,8599,291239,3774
2021-03-05,San Diego,073,3302833,265991,262357,13095,275452,3371
2021-03-05,San Francisco,075,870044,34491,34526,1108,35634,430
2021-03-05,San Joaquin,077,732212,67560,66041,2853,68894,1133
2021-03-05,San Luis Obispo,079,281455,19937,19557,572,20129,244
2021-03-05,San Mateo,081,765935,39901,39305,413,39718,326
2021-03-05,Santa Barbara,083,443738,32676,32139,1120,33259,424
2021-03-05,Santa Clara,085,1922200,111623,111384,604,111988,1745
2021-03-05,Santa Cruz,087,273765,15535,14694,790,15484,188
2021-03-05,Shasta,089,179085,11058,11062,1270,12332,148
2021-03-05,Sierra,091,2930,51,48,12,60,0
2021-03-05,Siskiyou,093,43540,1526,1429,243,1672,5
2021-03-05,Solano,095,438530,30118,29951,372,30323,168
2021-03-05,Sonoma,097,501317,28405,28417,226,28643,279
2021-03-05,Stanislaus,099,539301,51278,50606,5417,56023,721
2021-03-05,Sutter,101,95872,8957,8876,81,8957,100
2021-03-05,Tehama,103,63373,4632,4606,492,5098,33
2021-03-05,Trinity,105,12862,468,302,80,382,3
2021-03-05,Tulare,107,460477,48620,47469,8256,55725,789
2021-03-05,Tuolumne,109,53932,3857,3917,34,3951,56
2021-03-05,Ventura,111,848112,78588,78368,2812,81180,839
2021-03-05,Yolo,113,214977,13013,12920,224,13144,188
2021-03-05,Yuba,115,75493,5573,5496,89,5585,42
2021-03-04,Alameda,001,1643700,81722,81115,1755,82870,1136
2021-03-04,Alpine,003,1148,82,78,0,78,0
2021-03-04,Amador,005,37829,3496,3480,32,3512,42
2021-03-04,Butte,007,227075,11429,11033,1630,12663,185
2021-03-04,Calaveras,009,45235,1932,1896,12,1908,48
2021-03-04,Colusa,011,21464,1880,1873,268,2141,11
2021-03-04,Contra Costa,013,1133247,63883,62789,1091,63880,708
2021-03-04,Del Norte,015,27424,1037,989,5,994,5
2021-03-04,El Dorado,017,186661,9223,9133,595,9728,97
2021-03-04,Fresno,019,978130,97340,96023,7860,103883,1422
2021-03-04,Glenn,021,27897,2270,2236,501,2737,15
2021-03-04,Humboldt,023,135768,3260,3212,22,3234,31
2021-03-04,Imperial,025,180216,27326,26946,2592,29538,646
2021-03-04,Inyo,027,18085,1330,1300,9,1309,35
2021-03-04,Kern,029,883053,94024,92525,9952,102477,1070
2021-03-04,Kings,031,150075,22419,22025,992,23017,224
2021-03-04,Lake,033,64148,3222,3181,6,3187,42
2021-03-04,Lassen,035,31185,5136,5116,98,5214,1
2021-03-04,Los Angeles,037,10098052,1175110,1159405,39620,1199025,21610
2021-03-04,Madera,039,155013,15787,15596,850,16446,208
2021-03-04,Marin,041,260295,13349,13240,170,13410,215
2021-03-04,Mariposa,043,17540,377,376,5,381,4
2021-03-04,Mendocino,045,87422,3671,3569,71,3640,42
2021-03-04,Merced,047,269075,28793,28671,899,29570,396
2021-03-04,Modoc,049,8938,347,336,118,454,3
2021-03-04,Mono,051,14174,1190,1197,16,1213,3
2021-03-04,Monterey,053,433212,42153,41771,1715,43486,325
2021-03-04,Napa,055,140530,9137,9094,34,9128,74
2021-03-04,Nevada,057,99092,4095,4020,163,4183,66
2021-03-04,Orange,059,3164182,248220,246354,10304,256658,4096
2021-03-04,Placer,061,380077,20805,19900,1135,21035,239
2021-03-04,Plumas,063,18699,646,634,10,644,4
2021-03-04,Riverside,065,2383286,286753,279871,13507,293378,3766
2021-03-04,Sacramento,067,1510023,95493,93982,1297,95279,1426
2021-03-04,San Benito,069,59416,5775,5781,92,5873,61
2021-03-04,San Bernardino,071,2135413,286918,282407,8595,291002,3757
2021-03-04,San Diego,073,3302833,265732,261858,13051,274909,3359
2021-03-04,San Francisco,075,870044,34457,34480,1105,35585,426
2021-03-04,San Joaquin,077,732212,67467,65931,2843,68774,1129
2021-03-04,San Luis Obispo,079,281455,19899,19520,570,20090,243
2021-03-04,San Mateo,081,765935,39857,39225,412,39637,322
2021-03-04,Santa Barbara,083,443738,32639,32090,1119,33209,423
2021-03-04,Santa Clara,085,1922200,111489,111194,602,111796,1723
2021-03-04,Santa Cruz,087,273765,15516,14669,790,15459,186
2021-03-04,Shasta,089,179085,11055,11050,1261,12311,150
2021-03-04,Sierra,091,2930,51,48,12,60,0
2021-03-04,Siskiyou,093,43540,1520,1427,243,1670,5
2021-03-04,Solano,095,438530,30091,29905,371,30276,168
2021-03-04,Sonoma,097,501317,28350,28379,225,28604,279
2021-03-04,Stanislaus,099,539301,51188,50521,5409,55930,731
2021-03-04,Sutter,101,95872,8945,8849,81,8930,100
2021-03-04,Tehama,103,63373,4626,4604,492,5096,33
2021-03-04,Trinity,105,12862,468,302,80,382,3
2021-03-04,Tulare,107,460477,48575,47398,8231,55629,784
2021-03-04,Tuolumne,109,53932,3851,3916,34,3950,56
2021-03-04,Ventura,111,848112,78501,78184,2810,80994,831
2021-03-04,Yolo,113,214977,12993,12895,224,13119,189
2021-03-04,Yuba,115,75493,5561,5483,89,5572,41
2021-03-03,Alameda,001,1643700,81601,80972,1754,82726,1127
2021-03-03,Alpine,003,1148,82,77,0,77,0
2021-03-03,Amador,005,37829,3494,3478,31,3509,42
2021-03-03,Butte,007,227075,11422,11014,1629,12643,184
2021-03-03,Calaveras,009,45235,1931,1893,12,1905,48
2021-03-03,Colusa,011,21464,1879,1873,268,2141,11
2021-03-03,Contra Costa,013,1133247,63785,62668,1088,63756,708
2021-03-03,Del Norte,015,27424,1034,988,5,993,5
2021-03-03,El Dorado,017,186661,9213,9121,595,9716,97
2021-03-03,Fresno,019,978130,97196,95893,7842,103735,1415
2021-03-03,Glenn,021,27897,2270,2233,501,2734,15
2021-03-03,Humboldt,023,135768,3249,3196,22,3218,30
2021-03-03,Imperial,025,180216,27309,26939,2587,29526,640
2021-03-03,Inyo,027,18085,1322,1294,9,1303,35
2021-03-03,Kern,029,883053,93948,92434,9935,102369,1063
2021-03-03,Kings,031,150075,22403,22009,991,23000,223
2021-03-03,Lake,033,64148,3215,3175,6,3181,40
2021-03-03,Lassen,035,31185,5136,5115,98,5213,1
2021-03-03,Los Angeles,037,10098052,1174470,1157911,39579,1197490,21500
2021-03-03,Madera,039,155013,15768,15553,844,16397,203
2021-03-03,Marin,041,260295,13336,13216,170,13386,214
2021-03-03,Mariposa,043,17540,376,376,5,381,4
2021-03-03,Mendocino,045,87422,3663,3564,71,3635,42
2021-03-03,Merced,047,269075,28741,28625,899,29524,393
2021-03-03,Modoc,049,8938,347,333,117,450,3
2021-03-03,Mono,051,14174,1190,1191,16,1207,3
2021-03-03,Monterey,053,433212,42120,41731,1712,43443,325
2021-03-03,Napa,055,140530,9129,9090,34,9124,72
2021-03-03,Nevada,057,99092,4085,4009,163,4172,66
2021-03-03,Orange,059,3164182,248075,246120,10289,256409,4072
2021-03-03,Placer,061,380077,20779,19851,1132,20983,239
2021-03-03,Plumas,063,18699,645,631,10,641,4
2021-03-03,Riverside,065,2383286,286620,279626,13501,293127,3735
2021-03-03,Sacramento,067,1510023,95332,93819,1289,95108,1419
2021-03-03,San Benito,069,59416,5774,5774,92,5866,61
2021-03-03,San Bernardino,071,2135413,286776,282138,8588,290726,3664
2021-03-03,San Diego,073,3302833,265469,261350,13020,274370,3342
2021-03-03,San Francisco,075,870044,34425,34443,1102,35545,426
2021-03-03,San Joaquin,077,732212,67355,65855,2836,68691,1115
2021-03-03,San Luis Obispo,079,281455,19873,19479,567,20046,241
2021-03-03,San Mateo,081,765935,39811,39189,411,39600,319
2021-03-03,Santa Barbara,083,443738,32601,32027,1119,33146,421
2021-03-03,Santa Clara,085,1922200,111334,110991,600,111591,1720
2021-03-03,Santa Cruz,087,273765,15505,14645,790,15435,185
2021-03-03,Shasta,089,179085,11045,11023,1254,12277,150
2021-03-03,Sierra,091,2930,51,48,12,60,0
2021-03-03,Siskiyou,093,43540,1518,1424,243,1667,5
2021-03-03,Solano,095,438530,30055,29866,370,30236,167
2021-03-03,Sonoma,097,501317,28311,28307,224,28531,279
2021-03-03,Stanislaus,099,539301,51110,50438,5402,55840,730
2021-03-03,Sutter,101,95872,8936,8840,81,8921,99
2021-03-03,Tehama,103,63373,4623,4601,492,5093,32
2021-03-03,Trinity,105,12862,468,302,80,382,3
2021-03-03,Tulare,107,460477,48524,47348,8200,55548,778
2021-03-03,Tuolumne,109,53932,3849,3914,33,3947,56
2021-03-03,Ventura,111,848112,78418,78057,2804,80861,822
2021-03-03,Yolo,113,214977,12980,12890,224,13114,189
2021-03-03,Yuba,115,75493,5548,5479,89,5568,41
2021-03-02,Alameda,001,1643700,81482,80904,1752,82656,1116
2021-03-02,Alpine,003,1148,82,77,0,77,0
2021-03-02,Amador,005,37829,3492,3474,31,3505,42
2021-03-02,Butte,007,227075,11412,11007,1627,12634,182
2021-03-02,Calaveras,009,45235,1923,1890,12,1902,48
2021-03-02,Colusa,011,21464,1879,1872,267,2139,11
2021-03-02,Contra Costa,013,1133247,63674,62557,1084,63641,694
2021-03-02,Del Norte,015,27424,1027,983,5,988,5
2021-03-02,El Dorado,017,186661,9205,9116,595,9711,98
2021-03-02,Fresno,019,978130,97050,95785,7816,103601,1410
2021-03-02,Glenn,021,27897,2264,2232,500,2732,15
2021-03-02,Humboldt,023,135768,3230,3184,22,3206,30
2021-03-02,Imperial,025,180216,27299,26926,2585,29511,637
2021-03-02,Inyo,027,18085,1318,1292,9,1301,35
2021-03-02,Kern,029,883053,93842,92313,9908,102221,1046
2021-03-02,Kings,031,150075,22351,21999,989,22988,217
2021-03-02,Lake,033,64148,3209,3169,6,3175,40
2021-03-02,Lassen,035,31185,5131,5115,97,5212,1
2021-03-02,Los Angeles,037,10098052,1173833,1156826,39533,1196359,21395
2021-03-02,Madera,039,155013,15748,15523,841,16364,194
2021-03-02,Marin,041,260295,13313,13186,169,13355,214
2021-03-02,Mariposa,043,17540,376,376,5,381,4
2021-03-02,Mendocino,045,87422,3660,3562,70,3632,41
2021-03-02,Merced,047,269075,28684,28598,899,29497,389
2021-03-02,Modoc,049,8938,347,332,117,449,3
2021-03-02,Mono,051,14174,1189,1191,16,1207,3
2021-03-02,Monterey,053,433212,42093,41716,1710,43426,325
2021-03-02,Napa,055,140530,9117,9080,34,9114,71
2021-03-02,Nevada,057,99092,4076,3983,162,4145,66
2021-03-02,Orange,059,3164182,247929,246004,10272,256276,4037
2021-03-02,Placer,061,380077,20725,19828,1129,20957,239
2021-03-02,Plumas,063,18699,642,628,10,638,4
2021-03-02,Riverside,065,2383286,286447,279486,13493,292979,3721
2021-03-02,Sacramento,067,1510023,95165,93690,1287,94977,1411
2021-03-02,San Benito,069,59416,5767,5770,92,5862,60
2021-03-02,San Bernardino,071,2135413,286643,281919,8582,290501,3604
2021-03-02,San Diego,073,3302833,265225,260998,12998,273996,3317
2021-03-02,San Francisco,075,870044,34385,34387,1098,35485,424
2021-03-02,San Joaquin,077,732212,67247,65769,2818,68587,1111
2021-03-02,San Luis Obispo,079,281455,19840,19452,567,20019,241
2021-03-02,San Mateo,081,765935,39759,39148,410,39558,317
2021-03-02,Santa Barbara,083,443738,32552,31964,1115,33079,416
2021-03-02,Santa Clara,085,1922200,111155,110832,599,111431,1706
2021-03-02,Santa Cruz,087,273765,15491,14611,788,15399,185
2021-03-02,Shasta,089,179085,11031,11012,1243,12255,149
2021-03-02,Sierra,091,2930,51,48,12,60,0
2021-03-02,Siskiyou,093,43540,1514,1412,241,1653,5
2021-03-02,Solano,095,438530,30022,29827,368,30195,167
2021-03-02,Sonoma,097,501317,28256,28261,224,28485,279
2021-03-02,Stanislaus,099,539301,51023,50359,5389,55748,724
2021-03-02,Sutter,101,95872,8927,8832,81,8913,99
2021-03-02,Tehama,103,63373,4621,4597,492,5089,32
2021-03-02,Trinity,105,12862,468,301,80,381,3
2021-03-02,Tulare,107,460477,48461,47326,8180,55506,783
2021-03-02,Tuolumne,109,53932,3845,3908,33,3941,53
2021-03-02,Ventura,111,848112,78326,77952,2800,80752,780
2021-03-02,Yolo,113,214977,12963,12867,224,13091,189
2021-03-02,Yuba,115,75493,5540,5475,89,5564,41
2021-03-01,Alameda,001,1643700,81356,80805,1750,82555,1105
2021-03-01,Alpine,003,1148,80,77,0,77,0
2021-03-01,Amador,005,37829,3489,3469,31,3500,42
2021-03-01,Butte,007,227075,11396,10981,1622,12603,180
2021-03-01,Calaveras,009,45235,1919,1885,12,1897,46
2021-03-01,Colusa,011,21464,1878,1871,267,2138,11
2021-03-01,Contra Costa,013,1133247,63564,62458,1083,63541,694
2021-03-01,Del Norte,015,27424,1022,982,5,987,5
2021-03-01,El Dorado,017,186661,9181,9085,595,9680,98
2021-03-01,Fresno,019,978130,96912,95677,7794,103471,1405
2021-03-01,Glenn,021,27897,2259,2232,499,2731,15
2021-03-01,Humboldt,023,135768,3211,3179,22,3201,30
2021-03-01,Imperial,025,180216,27289,26913,2577,29490,636
2021-03-01,Inyo,027,18085,1315,1285,9,1294,35
2021-03-01,Kern,029,883053,93753,92219,9882,102101,1041
2021-03-01,Kings,031,150075,22334,21988,983,22971,217
2021-03-01,Lake,033,64148,3204,3164,6,3170,40
2021-03-01,Lassen,035,31185,5129,5111,97,5208,1
2021-03-01,Los Angeles,037,10098052,1173175,1155984,39491,1195475,21293
2021-03-01,Madera,039,155013,15719,15505,830,16335,194
2021-03-01,Marin,041,260295,13286,13161,168,13329,214
2021-03-01,Mariposa,043,17540,376,375,5,380,4
2021-03-01,Mendocino,045,87422,3653,3561,70,3631,41
2021-03-01,Merced,047,269075,28639,28575,895,29470,385
2021-03-01,Modoc,049,8938,344,331,116,447,3
2021-03-01,Mono,051,14174,1188,1192,16,1208,3
2021-03-01,Monterey,053,433212,42068,41697,1708,43405,324
2021-03-01,Napa,055,140530,9108,9056,34,9090,70
2021-03-01,Nevada,057,99092,4057,3979,162,4141,66
2021-03-01,Orange,059,3164182,247734,245852,10257,256109,3976
2021-03-01,Placer,061,380077,20687,19803,1126,20929,239
2021-03-01,Plumas,063,18699,642,628,10,638,4
2021-03-01,Riverside,065,2383286,286230,279323,13486,292809,3680
2021-03-01,Sacramento,067,1510023,95020,93546,1285,94831,1401
2021-03-01,San Benito,069,59416,5762,5772,92,5864,57
2021-03-01,San Bernardino,071,2135413,286500,281685,8578,290263,3603
2021-03-01,San Diego,073,3302833,264907,260622,12965,273587,3303
2021-03-01,San Francisco,075,870044,34341,34318,1090,35408,424
2021-03-01,San Joaquin,077,732212,67138,65699,2807,68506,1097
2021-03-01,San Luis Obispo,079,281455,19818,19429,565,19994,239
2021-03-01,San Mateo,081,765935,39707,39096,409,39505,314
2021-03-01,Santa Barbara,083,443738,32509,31909,1114,33023,413
2021-03-01,Santa Clara,085,1922200,110997,110684,596,111280,1704
2021-03-01,Santa Cruz,087,273765,15472,14575,787,15362,185
2021-03-01,Shasta,089,179085,11019,10990,1240,12230,149
2021-03-01,Sierra,091,2930,51,48,12,60,0
2021-03-01,Siskiyou,093,43540,1510,1408,239,1647,5
2021-03-01,Solano,095,438530,29979,29779,367,30146,166
2021-03-01,Sonoma,097,501317,28208,28222,222,28444,278
2021-03-01,Stanislaus,099,539301,50947,50293,5383,55676,722
2021-03-01,Sutter,101,95872,8915,8825,81,8906,99
2021-03-01,Tehama,103,63373,4617,4595,492,5087,32
2021-03-01,Trinity,105,12862,468,298,79,377,3
2021-03-01,Tulare,107,460477,48423,47275,8147,55422,781
2021-03-01,Tuolumne,109,53932,3842,3907,33,3940,53
2021-03-01,Ventura,111,848112,78244,77849,2798,80647,775
2021-03-01,Yolo,113,214977,12946,12854,222,13076,188
2021-03-01,Yuba,115,75493,5528,5466,89,5555,41
2021-02-28,Alameda,001,1643700,81235,80727,1748,82475,1105
2021-02-28,Alpine,003,1148,80,77,0,77,0
2021-02-28,Amador,005,37829,3484,3466,30,3496,42
2021-02-28,Butte,007,227075,11381,10970,1622,12592,180
2021-02-28,Calaveras,009,45235,1914,1881,12,1893,46
2021-02-28,Colusa,011,21464,1878,1871,266,2137,11
2021-02-28,Contra Costa,013,1133247,63437,62386,1078,63464,694
2021-02-28,Del Norte,015,27424,1020,981,5,986,5
2021-02-28,El Dorado,017,186661,9170,9082,595,9677,98
2021-02-28,Fresno,019,978130,96730,95548,7760,103308,1405
2021-02-28,Glenn,021,27897,2257,2230,497,2727,15
2021-02-28,Humboldt,023,135768,3188,3179,22,3201,30
2021-02-28,Imperial,025,180216,27262,26909,2570,29479,636
2021-02-28,Inyo,027,18085,1310,1282,9,1291,35
2021-02-28,Kern,029,883053,93638,92169,9861,102030,1012
2021-02-28,Kings,031,150075,22313,21967,982,22949,217
2021-02-28,Lake,033,64148,3199,3164,6,3170,40
2021-02-28,Lassen,035,31185,5128,5106,97,5203,1
2021-02-28,Los Angeles,037,10098052,1172389,1155141,39430,1194571,21261
2021-02-28,Madera,039,155013,15677,15496,827,16323,199
2021-02-28,Marin,041,260295,13263,13152,166,13318,214
2021-02-28,Mariposa,043,17540,376,374,5,379,4
2021-02-28,Mendocino,045,87422,3647,3558,70,3628,41
2021-02-28,Merced,047,269075,28575,28546,894,29440,384
2021-02-28,Modoc,049,8938,344,331,116,447,3
2021-02-28,Mono,051,14174,1185,1192,16,1208,3
2021-02-28,Monterey,053,433212,42036,41683,1707,43390,323
2021-02-28,Napa,055,140530,9089,9053,34,9087,70
2021-02-28,Nevada,057,99092,4044,3972,162,4134,66
2021-02-28,Orange,059,3164182,247535,245706,10250,255956,3970
2021-02-28,Placer,061,380077,20640,19775,1124,20899,239
2021-02-28,Plumas,063,18699,642,628,10,638,4
2021-02-28,Riverside,065,2383286,285997,279214,13475,292689,3661
2021-02-28,Sacramento,067,1510023,94836,93463,1280,94743,1398
2021-02-28,San Benito,069,59416,5751,5772,92,5864,57
2021-02-28,San Bernardino,071,2135413,286360,281620,8566,290186,3595
2021-02-28,San Diego,073,3302833,264611,260353,12931,273284,3303
2021-02-28,San Francisco,075,870044,34299,34291,1084,35375,417
2021-02-28,San Joaquin,077,732212,67030,65662,2798,68460,1097
2021-02-28,San Luis Obispo,079,281455,19782,19422,563,19985,237
2021-02-28,San Mateo,081,765935,39654,39059,408,39467,314
2021-02-28,Santa Barbara,083,443738,32456,31877,1114,32991,413
2021-02-28,Santa Clara,085,1922200,110798,110556,593,111149,1704
2021-02-28,Santa Cruz,087,273765,15443,14571,784,15355,185
2021-02-28,Shasta,089,179085,10998,10990,1236,12226,149
2021-02-28,Sierra,091,2930,51,48,12,60,0
2021-02-28,Siskiyou,093,43540,1502,1408,238,1646,5
2021-02-28,Solano,095,438530,29923,29758,361,30119,166
2021-02-28,Sonoma,097,501317,28145,28193,221,28414,279
2021-02-28,Stanislaus,099,539301,50857,50228,5370,55598,728
2021-02-28,Sutter,101,95872,8900,8825,81,8906,99
2021-02-28,Tehama,103,63373,4610,4590,492,5082,32
2021-02-28,Trinity,105,12862,468,298,79,377,3
2021-02-28,Tulare,107,460477,48361,47258,8116,55374,780
2021-02-28,Tuolumne,109,53932,3837,3905,33,3938,53
2021-02-28,Ventura,111,848112,78133,77749,2795,80544,775
2021-02-28,Yolo,113,214977,12924,12851,222,13073,188
2021-02-28,Yuba,115,75493,5518,5461,89,5550,41
2021-02-27,Alameda,001,1643700,81163,80565,1746,82311,1108
2021-02-27,Alpine,003,1148,80,77,0,77,0
2021-02-27,Amador,005,37829,3482,3463,30,3493,42
2021-02-27,Butte,007,227075,11369,10962,1622,12584,180
2021-02-27,Calaveras,009,45235,1909,1875,12,1887,46
2021-02-27,Colusa,011,21464,1877,1869,266,2135,11
2021-02-27,Contra Costa,013,1133247,63366,62248,1075,63323,693
2021-02-27,Del Norte,015,27424,1018,978,5,983,5
2021-02-27,El Dorado,017,186661,9166,9072,595,9667,98
2021-02-27,Fresno,019,978130,96653,95393,7749,103142,1400
2021-02-27,Glenn,021,27897,2256,2225,496,2721,15
2021-02-27,Humboldt,023,135768,3182,3167,22,3189,30
2021-02-27,Imperial,025,180216,27254,26903,2569,29472,633
2021-02-27,Inyo,027,18085,1307,1275,9,1284,35
2021-02-27,Kern,029,883053,93577,92053,9846,101899,996
2021-02-27,Kings,031,150075,22303,21955,979,22934,216
2021-02-27,Lake,033,64148,3196,3156,6,3162,40
2021-02-27,Lassen,035,31185,5128,5106,97,5203,1
2021-02-27,Los Angeles,037,10098052,1171895,1154275,39403,1193678,21158
2021-02-27,Madera,039,155013,15660,15467,826,16293,199
2021-02-27,Marin,041,260295,13239,13134,166,13300,214
2021-02-27,Mariposa,043,17540,376,374,5,379,4
2021-02-27,Mendocino,045,87422,3644,3555,70,3625,41
2021-02-27,Merced,047,269075,28533,28501,886,29387,384
2021-02-27,Modoc,049,8938,344,331,115,446,3
2021-02-27,Mono,051,14174,1183,1191,16,1207,3
2021-02-27,Monterey,053,433212,42027,41665,1707,43372,322
2021-02-27,Napa,055,140530,9078,9038,34,9072,71
2021-02-27,Nevada,057,99092,4038,3960,162,4122,66
2021-02-27,Orange,059,3164182,247408,245542,10239,255781,3960
2021-02-27,Placer,061,380077,20604,19726,1121,20847,239
2021-02-27,Plumas,063,18699,642,628,10,638,4
2021-02-27,Riverside,065,2383286,285886,279048,13465,292513,3663
2021-02-27,Sacramento,067,1510023,94753,93281,1270,94551,1396
2021-02-27,San Benito,069,59416,5750,5767,91,5858,57
2021-02-27,San Bernardino,071,2135413,286281,281471,8559,290030,3527
2021-02-27,San Diego,073,3302833,264421,260091,12893,272984,3284
2021-02-27,San Francisco,075,870044,34265,34260,1081,35341,413
2021-02-27,San Joaquin,077,732212,66984,65578,2796,68374,1100
2021-02-27,San Luis Obispo,079,281455,19761,19411,562,19973,237
2021-02-27,San Mateo,081,765935,39613,38998,407,39405,313
2021-02-27,Santa Barbara,083,443738,32422,31805,1113,32918,411
2021-02-27,Santa Clara,085,1922200,110650,110361,591,110952,1703
2021-02-27,Santa Cruz,087,273765,15434,14552,783,15335,185
2021-02-27,Shasta,089,179085,10992,10985,1232,12217,149
2021-02-27,Sierra,091,2930,51,48,12,60,0
2021-02-27,Siskiyou,093,43540,1500,1407,237,1644,5
2021-02-27,Solano,095,438530,29895,29718,360,30078,165
2021-02-27,Sonoma,097,501317,28101,28141,215,28356,281
2021-02-27,Stanislaus,099,539301,50802,50147,5360,55507,733
2021-02-27,Sutter,101,95872,8895,8820,81,8901,99
2021-02-27,Tehama,103,63373,4607,4584,492,5076,32
2021-02-27,Trinity,105,12862,468,298,79,377,3
2021-02-27,Tulare,107,460477,48324,47209,8090,55299,770
2021-02-27,Tuolumne,109,53932,3834,3899,33,3932,53
2021-02-27,Ventura,111,848112,78061,77623,2792,80415,771
2021-02-27,Yolo,113,214977,12912,12834,222,13056,188
2021-02-27,Yuba,115,75493,5515,5450,89,5539,39
2021-02-26,Alameda,001,1643700,81068,80387,1741,82128,1106
2021-02-26,Alpine,003,1148,80,77,0,77,0
2021-02-26,Amador,005,37829,3476,3457,30,3487,42
2021-02-26,Butte,007,227075,11358,10941,1622,12563,180
2021-02-26,Calaveras,009,45235,1906,1873,12,1885,46
2021-02-26,Colusa,011,21464,1877,1865,266,2131,11
2021-02-26,Contra Costa,013,1133247,63284,62114,1075,63189,685
2021-02-26,Del Norte,015,27424,1014,968,5,973,5
2021-02-26,El Dorado,017,186661,9161,9038,593,9631,98
2021-02-26,Fresno,019,978130,96550,95202,7741,102943,1391
2021-02-26,Glenn,021,27897,2253,2220,496,2716,15
2021-02-26,Humboldt,023,135768,3176,3152,22,3174,30
2021-02-26,Imperial,025,180216,27246,26888,2567,29455,631
2021-02-26,Inyo,027,18085,1305,1271,9,1280,34
2021-02-26,Kern,029,883053,93498,91884,9830,101714,997
2021-02-26,Kings,031,150075,22287,21917,976,22893,216
2021-02-26,Lake,033,64148,3191,3153,6,3159,40
2021-02-26,Lassen,035,31185,5128,5102,97,5199,1
2021-02-26,Los Angeles,037,10098052,1171321,1153131,39340,1192471,21070
2021-02-26,Madera,039,155013,15644,15436,824,16260,199
2021-02-26,Marin,041,260295,13225,13091,166,13257,214
2021-02-26,Mariposa,043,17540,376,375,5,380,4
2021-02-26,Mendocino,045,87422,3639,3549,70,3619,41
2021-02-26,Merced,047,269075,28499,28455,886,29341,382
2021-02-26,Modoc,049,8938,343,330,115,445,3
2021-02-26,Mono,051,14174,1181,1191,16,1207,3
2021-02-26,Monterey,053,433212,42001,41607,1707,43314,322
2021-02-26,Napa,055,140530,9072,9014,34,9048,70
2021-02-26,Nevada,057,99092,4027,3952,162,4114,66
2021-02-26,Orange,059,3164182,247268,245278,10229,255507,3918
2021-02-26,Placer,061,380077,20578,19712,1115,20827,239
2021-02-26,Plumas,063,18699,642,628,10,638,4
2021-02-26,Riverside,065,2383286,285742,278772,13459,292231,3653
2021-02-26,Sacramento,067,1510023,94630,93180,1267,94447,1390
2021-02-26,San Benito,069,59416,5749,5759,91,5850,57
2021-02-26,San Bernardino,071,2135413,286182,281132,8557,289689,3461
2021-02-26,San Diego,073,3302833,264194,259641,12872,272513,3271
2021-02-26,San Francisco,075,870044,34235,34213,1076,35289,413
2021-02-26,San Joaquin,077,732212,66903,65492,2790,68282,1070
2021-02-26,San Luis Obispo,079,281455,19745,19359,560,19919,234
2021-02-26,San Mateo,081,765935,39567,38922,407,39329,313
2021-02-26,Santa Barbara,083,443738,32378,31724,1112,32836,410
2021-02-26,Santa Clara,085,1922200,110518,110168,589,110757,1700
2021-02-26,Santa Cruz,087,273765,15422,14528,782,15310,185
2021-02-26,Shasta,089,179085,10985,10972,1223,12195,149
2021-02-26,Sierra,091,2930,51,47,12,59,0
2021-02-26,Siskiyou,093,43540,1500,1401,237,1638,5
2021-02-26,Solano,095,438530,29861,29651,359,30010,165
2021-02-26,Sonoma,097,501317,28072,28063,214,28277,280
2021-02-26,Stanislaus,099,539301,50745,50054,5352,55406,737
2021-02-26,Sutter,101,95872,8886,8806,81,8887,99
2021-02-26,Tehama,103,63373,4605,4581,492,5073,32
2021-02-26,Trinity,105,12862,467,298,79,377,3
2021-02-26,Tulare,107,460477,48289,47135,8060,55195,770
2021-02-26,Tuolumne,109,53932,3833,3896,33,3929,53
2021-02-26,Ventura,111,848112,77961,77534,2790,80324,765
2021-02-26,Yolo,113,214977,12905,12816,222,13038,188
2021-02-26,Yuba,115,75493,5510,5438,89,5527,39
2021-02-25,Alameda,001,1643700,80946,80181,1740,81921,1093
2021-02-25,Alpine,003,1148,80,77,0,77,0
2021-02-25,Amador,005,37829,3473,3448,30,3478,41
2021-02-25,Butte,007,227075,11337,10922,1617,12539,178
2021-02-25,Calaveras,009,45235,1898,1868,12,1880,46
2021-02-25,Colusa,011,21464,1874,1863,265,2128,11
2021-02-25,Contra Costa,013,1133247,63182,61910,1075,62985,686
2021-02-25,Del Norte,015,27424,1004,966,5,971,5
2021-02-25,El Dorado,017,186661,9145,9012,593,9605,98
2021-02-25,Fresno,019,978130,96406,95015,7718,102733,1377
2021-02-25,Glenn,021,27897,2250,2219,495,2714,15
2021-02-25,Humboldt,023,135768,3169,3129,22,3151,30
2021-02-25,Imperial,025,180216,27240,26855,2563,29418,628
2021-02-25,Inyo,027,18085,1299,1264,9,1273,33
2021-02-25,Kern,029,883053,93382,91735,9805,101540,992
2021-02-25,Kings,031,150075,22278,21900,973,22873,216
2021-02-25,Lake,033,64148,3182,3141,6,3147,40
2021-02-25,Lassen,035,31185,5127,5097,96,5193,1
2021-02-25,Los Angeles,037,10098052,1170580,1151846,39282,1191128,20931
2021-02-25,Madera,039,155013,15609,15414,820,16234,194
2021-02-25,Marin,041,260295,13201,13067,166,13233,214
2021-02-25,Mariposa,043,17540,376,375,5,380,4
2021-02-25,Mendocino,045,87422,3634,3542,70,3612,41
2021-02-25,Merced,047,269075,28449,28383,885,29268,382
2021-02-25,Modoc,049,8938,343,329,115,444,3
2021-02-25,Mono,051,14174,1180,1190,16,1206,3
2021-02-25,Monterey,053,433212,41976,41564,1702,43266,321
2021-02-25,Napa,055,140530,9046,8998,34,9032,70
2021-02-25,Nevada,057,99092,4010,3940,161,4101,66
2021-02-25,Orange,059,3164182,247096,245000,10219,255219,3882
2021-02-25,Placer,061,380077,20537,19661,1113,20774,239
2021-02-25,Plumas,063,18699,642,626,10,636,4
2021-02-25,Riverside,065,2383286,285554,278544,13438,291982,3646
2021-02-25,Sacramento,067,1510023,94472,92961,1255,94216,1386
2021-02-25,San Benito,069,59416,5744,5752,91,5843,58
2021-02-25,San Bernardino,071,2135413,286048,280946,8549,289495,3409
2021-02-25,San Diego,073,3302833,263900,258979,12842,271821,3260
2021-02-25,San Francisco,075,870044,34192,34138,1073,35211,408
2021-02-25,San Joaquin,077,732212,66819,65389,2778,68167,1047
2021-02-25,San Luis Obispo,079,281455,19724,19335,558,19893,234
2021-02-25,San Mateo,081,765935,39520,38872,407,39279,300
2021-02-25,Santa Barbara,083,443738,32301,31631,1111,32742,408
2021-02-25,Santa Clara,085,1922200,110354,109923,588,110511,1677
2021-02-25,Santa Cruz,087,273765,15403,14492,781,15273,185
2021-02-25,Shasta,089,179085,10973,10947,1218,12165,148
2021-02-25,Sierra,091,2930,51,47,12,59,0
2021-02-25,Siskiyou,093,43540,1496,1390,234,1624,4
2021-02-25,Solano,095,438530,29829,29616,359,29975,161
2021-02-25,Sonoma,097,501317,28018,28004,211,28215,278
2021-02-25,Stanislaus,099,539301,50655,49964,5342,55306,738
2021-02-25,Sutter,101,95872,8872,8789,80,8869,99
2021-02-25,Tehama,103,63373,4601,4578,490,5068,32
2021-02-25,Trinity,105,12862,467,297,79,376,3
2021-02-25,Tulare,107,460477,48239,47052,8034,55086,765
2021-02-25,Tuolumne,109,53932,3830,3894,33,3927,53
2021-02-25,Ventura,111,848112,77856,77395,2784,80179,751
2021-02-25,Yolo,113,214977,12888,12787,222,13009,188
2021-02-25,Yuba,115,75493,5503,5429,89,5518,39
2021-02-24,Alameda,001,1643700,80824,80070,1736,81806,1082
2021-02-24,Alpine,003,1148,79,77,0,77,0
2021-02-24,Amador,005,37829,3468,3444,30,3474,41
2021-02-24,Butte,007,227075,11325,10915,1613,12528,178
2021-02-24,Calaveras,009,45235,1896,1864,12,1876,31
2021-02-24,Colusa,011,21464,1872,1863,265,2128,11
2021-02-24,Contra Costa,013,1133247,63074,61776,1075,62851,663
2021-02-24,Del Norte,015,27424,1003,960,4,964,5
2021-02-24,El Dorado,017,186661,9133,8993,593,9586,98
2021-02-24,Fresno,019,978130,96259,94794,7702,102496,1369
2021-02-24,Glenn,021,27897,2248,2210,495,2705,14
2021-02-24,Humboldt,023,135768,3157,3123,22,3145,29
2021-02-24,Imperial,025,180216,27225,26843,2559,29402,596
2021-02-24,Inyo,027,18085,1294,1253,9,1262,32
2021-02-24,Kern,029,883053,93249,91525,9789,101314,992
2021-02-24,Kings,031,150075,22253,21871,971,22842,216
2021-02-24,Lake,033,64148,3175,3134,6,3140,40
2021-02-24,Lassen,035,31185,5123,5095,95,5190,1
2021-02-24,Los Angeles,037,10098052,1169818,1150322,39238,1189560,20817
2021-02-24,Madera,039,155013,15582,15390,820,16210,194
2021-02-24,Marin,041,260295,13178,13044,165,13209,214
2021-02-24,Mariposa,043,17540,376,374,5,379,4
2021-02-24,Mendocino,045,87422,3627,3540,70,3610,41
2021-02-24,Merced,047,269075,28410,28295,881,29176,383
2021-02-24,Modoc,049,8938,342,329,115,444,3
2021-02-24,Mono,051,14174,1178,1189,16,1205,3
2021-02-24,Monterey,053,433212,41951,41495,1700,43195,320
2021-02-24,Napa,055,140530,9029,8976,33,9009,70
2021-02-24,Nevada,057,99092,4000,3927,161,4088,66
2021-02-24,Orange,059,3164182,246879,244743,10206,254949,3835
2021-02-24,Placer,061,380077,20499,19648,1107,20755,239
2021-02-24,Plumas,063,18699,640,626,10,636,4
2021-02-24,Riverside,065,2383286,285326,278293,13429,291722,3603
2021-02-24,Sacramento,067,1510023,94318,92742,1250,93992,1375
2021-02-24,San Benito,069,59416,5743,5743,91,5834,57
2021-02-24,San Bernardino,071,2135413,285897,280583,8545,289128,3360
2021-02-24,San Diego,073,3302833,263606,258460,12826,271286,3230
2021-02-24,San Francisco,075,870044,34146,34061,1070,35131,406
2021-02-24,San Joaquin,077,732212,66708,65274,2776,68050,1019
2021-02-24,San Luis Obispo,079,281455,19701,19309,556,19865,233
2021-02-24,San Mateo,081,765935,39483,38763,407,39170,300
2021-02-24,Santa Barbara,083,443738,32249,31563,1108,32671,405
2021-02-24,Santa Clara,085,1922200,110203,109671,587,110258,1674
2021-02-24,Santa Cruz,087,273765,15382,14458,781,15239,185
2021-02-24,Shasta,089,179085,10959,10922,1215,12137,148
2021-02-24,Sierra,091,2930,51,47,12,59,0
2021-02-24,Siskiyou,093,43540,1489,1385,230,1615,4
2021-02-24,Solano,095,438530,29790,29577,357,29934,158
2021-02-24,Sonoma,097,501317,27954,27954,207,28161,278
2021-02-24,Stanislaus,099,539301,50584,49851,5334,55185,732
2021-02-24,Sutter,101,95872,8862,8778,80,8858,99
2021-02-24,Tehama,103,63373,4597,4566,490,5056,31
2021-02-24,Trinity,105,12862,467,294,78,372,3
2021-02-24,Tulare,107,460477,48183,46976,8006,54982,759
2021-02-24,Tuolumne,109,53932,3827,3887,33,3920,53
2021-02-24,Ventura,111,848112,77748,77238,2783,80021,718
2021-02-24,Yolo,113,214977,12875,12760,218,12978,188
2021-02-24,Yuba,115,75493,5492,5425,87,5512,39
2021-02-23,Alameda,001,1643700,80685,79948,1733,81681,1070
2021-02-23,Alpine,003,1148,78,77,0,77,0
2021-02-23,Amador,005,37829,3466,3440,30,3470,41
2021-02-23,Butte,007,227075,11310,10887,1609,12496,176
2021-02-23,Calaveras,009,45235,1895,1863,12,1875,21
2021-02-23,Colusa,011,21464,1869,1862,265,2127,11
2021-02-23,Contra Costa,013,1133247,62940,61613,1072,62685,661
2021-02-23,Del Norte,015,27424,1001,953,4,957,3
2021-02-23,El Dorado,017,186661,9120,8969,593,9562,96
2021-02-23,Fresno,019,978130,96098,94741,7688,102429,1356
2021-02-23,Glenn,021,27897,2246,2209,495,2704,14
2021-02-23,Humboldt,023,135768,3140,3108,22,3130,29
2021-02-23,Imperial,025,180216,27205,26816,2554,29370,591
2021-02-23,Inyo,027,18085,1290,1250,9,1259,32
2021-02-23,Kern,029,883053,93110,91390,9761,101151,982
2021-02-23,Kings,031,150075,22238,21839,967,22806,216
2021-02-23,Lake,033,64148,3167,3121,6,3127,40
2021-02-23,Lassen,035,31185,5120,5092,95,5187,1
2021-02-23,Los Angeles,037,10098052,1168951,1148965,39183,1188148,19887
2021-02-23,Madera,039,155013,15568,15352,814,16166,193
2021-02-23,Marin,041,260295,13158,13015,164,13179,214
2021-02-23,Mariposa,043,17540,376,374,5,379,4
2021-02-23,Mendocino,045,87422,3625,3540,69,3609,41
2021-02-23,Merced,047,269075,28322,28209,880,29089,381
2021-02-23,Modoc,049,8938,341,328,114,442,3
2021-02-23,Mono,051,14174,1178,1189,16,1205,3
2021-02-23,Monterey,053,433212,41910,41439,1694,43133,317
2021-02-23,Napa,055,140530,9017,8967,33,9000,70
2021-02-23,Nevada,057,99092,3992,3912,161,4073,66
2021-02-23,Orange,059,3164182,246681,244566,10187,254753,3843
2021-02-23,Placer,061,380077,20473,19608,1103,20711,238
2021-02-23,Plumas,063,18699,639,626,10,636,4
2021-02-23,Riverside,065,2383286,285089,278075,13414,291489,3599
2021-02-23,Sacramento,067,1510023,94161,92632,1244,93876,1370
2021-02-23,San Benito,069,59416,5737,5731,90,5821,57
2021-02-23,San Bernardino,071,2135413,285708,280279,8540,288819,3283
2021-02-23,San Diego,073,3302833,263230,257802,12796,270598,3218
2021-02-23,San Francisco,075,870044,34097,33994,1069,35063,405
2021-02-23,San Joaquin,077,732212,66609,65141,2769,67910,1004
2021-02-23,San Luis Obispo,079,281455,19672,19233,555,19788,230
2021-02-23,San Mateo,081,765935,39422,38662,407,39069,299
2021-02-23,Santa Barbara,083,443738,32194,31483,1106,32589,402
2021-02-23,Santa Clara,085,1922200,110006,109449,584,110033,1661
2021-02-23,Santa Cruz,087,273765,15353,14435,779,15214,178
2021-02-23,Shasta,089,179085,10947,10903,1211,12114,146
2021-02-23,Sierra,091,2930,51,47,12,59,0
2021-02-23,Siskiyou,093,43540,1484,1380,228,1608,4
2021-02-23,Solano,095,438530,29750,29545,354,29899,154
2021-02-23,Sonoma,097,501317,27911,27882,204,28086,278
2021-02-23,Stanislaus,099,539301,50506,49749,5318,55067,722
2021-02-23,Sutter,101,95872,8849,8766,80,8846,98
2021-02-23,Tehama,103,63373,4593,4556,489,5045,30
2021-02-23,Trinity,105,12862,467,292,77,369,3
2021-02-23,Tulare,107,460477,48104,46937,7972,54909,757
2021-02-23,Tuolumne,109,53932,3823,3864,33,3897,53
2021-02-23,Ventura,111,848112,77632,77093,2774,79867,689
2021-02-23,Yolo,113,214977,12846,12729,218,12947,188
2021-02-23,Yuba,115,75493,5479,5417,86,5503,38
2021-02-22,Alameda,001,1643700,80534,79796,1729,81525,1062
2021-02-22,Alpine,003,1148,78,77,0,77,0
2021-02-22,Amador,005,37829,3461,3438,30,3468,39
2021-02-22,Butte,007,227075,11297,10855,1604,12459,176
2021-02-22,Calaveras,009,45235,1893,1862,12,1874,21
2021-02-22,Colusa,011,21464,1869,1860,265,2125,11
2021-02-22,Contra Costa,013,1133247,62805,61478,1070,62548,661
2021-02-22,Del Norte,015,27424,1000,948,4,952,3
2021-02-22,El Dorado,017,186661,9103,8940,593,9533,96
2021-02-22,Fresno,019,978130,95936,94584,7671,102255,1351
2021-02-22,Glenn,021,27897,2242,2207,493,2700,14
2021-02-22,Humboldt,023,135768,3128,3095,22,3117,29
2021-02-22,Imperial,025,180216,27182,26778,2546,29324,590
2021-02-22,Inyo,027,18085,1285,1248,9,1257,32
2021-02-22,Kern,029,883053,92993,91201,9739,100940,982
2021-02-22,Kings,031,150075,22215,21801,964,22765,214
2021-02-22,Lake,033,64148,3161,3107,6,3113,40
2021-02-22,Lassen,035,31185,5120,5088,94,5182,1
2021-02-22,Los Angeles,037,10098052,1168078,1147541,39127,1186668,19730
2021-02-22,Madera,039,155013,15543,15325,810,16135,193
2021-02-22,Marin,041,260295,13134,12991,161,13152,213
2021-02-22,Mariposa,043,17540,375,374,5,379,4
2021-02-22,Mendocino,045,87422,3619,3535,69,3604,41
2021-02-22,Merced,047,269075,28254,28166,878,29044,379
2021-02-22,Modoc,049,8938,341,329,114,443,3
2021-02-22,Mono,051,14174,1174,1189,16,1205,3
2021-02-22,Monterey,053,433212,41860,41397,1688,43085,311
2021-02-22,Napa,055,140530,8990,8950,33,8983,69
2021-02-22,Nevada,057,99092,3983,3900,159,4059,66
2021-02-22,Orange,059,3164182,246445,244118,10169,254287,3843
2021-02-22,Placer,061,380077,20437,19587,1095,20682,238
2021-02-22,Plumas,063,18699,639,625,10,635,4
2021-02-22,Riverside,065,2383286,284825,277730,13406,291136,3567
2021-02-22,Sacramento,067,1510023,93994,92476,1233,93709,1359
2021-02-22,San Benito,069,59416,5735,5723,90,5813,57
2021-02-22,San Bernardino,071,2135413,285526,279984,8527,288511,3259
2021-02-22,San Diego,073,3302833,262820,257348,12763,270111,3189
2021-02-22,San Francisco,075,870044,34037,33947,1064,35011,405
2021-02-22,San Joaquin,077,732212,66510,65060,2756,67816,1001
2021-02-22,San Luis Obispo,079,281455,19635,19198,553,19751,229
2021-02-22,San Mateo,081,765935,39365,38542,404,38946,282
2021-02-22,Santa Barbara,083,443738,32128,31421,1103,32524,399
2021-02-22,Santa Clara,085,1922200,109794,109213,573,109786,1655
2021-02-22,Santa Cruz,087,273765,15327,14417,779,15196,176
2021-02-22,Shasta,089,179085,10932,10872,1206,12078,145
2021-02-22,Sierra,091,2930,51,47,12,59,0
2021-02-22,Siskiyou,093,43540,1478,1373,227,1600,4
2021-02-22,Solano,095,438530,29711,29508,353,29861,150
2021-02-22,Sonoma,097,501317,27866,27845,203,28048,278
2021-02-22,Stanislaus,099,539301,50401,49630,5299,54929,722
2021-02-22,Sutter,101,95872,8841,8698,80,8778,98
2021-02-22,Tehama,103,63373,4584,4550,489,5039,30
2021-02-22,Trinity,105,12862,467,287,76,363,3
2021-02-22,Tulare,107,460477,48041,46879,7940,54819,751
2021-02-22,Tuolumne,109,53932,3819,3856,33,3889,53
2021-02-22,Ventura,111,848112,77504,76947,2769,79716,677
2021-02-22,Yolo,113,214977,12819,12689,218,12907,183
2021-02-22,Yuba,115,75493,5476,5404,85,5489,38
2021-02-21,Alameda,001,1643700,80340,79649,1724,81373,1061
2021-02-21,Alpine,003,1148,78,77,0,77,0
2021-02-21,Amador,005,37829,3453,3435,30,3465,39
2021-02-21,Butte,007,227075,11274,10855,1602,12457,176
2021-02-21,Calaveras,009,45235,1892,1860,12,1872,21
2021-02-21,Colusa,011,21464,1868,1860,261,2121,11
2021-02-21,Contra Costa,013,1133247,62639,61364,1067,62431,661
2021-02-21,Del Norte,015,27424,994,942,4,946,3
2021-02-21,El Dorado,017,186661,9085,8927,592,9519,96
2021-02-21,Fresno,019,978130,95793,94374,7654,102028,1349
2021-02-21,Glenn,021,27897,2239,2201,491,2692,14
2021-02-21,Humboldt,023,135768,3116,3096,22,3118,29
2021-02-21,Imperial,025,180216,27163,26779,2542,29321,590
2021-02-21,Inyo,027,18085,1279,1232,9,1241,32
2021-02-21,Kern,029,883053,92868,91141,9700,100841,980
2021-02-21,Kings,031,150075,22179,21784,962,22746,213
2021-02-21,Lake,033,64148,3153,3100,6,3106,40
2021-02-21,Lassen,035,31185,5112,5077,94,5171,1
2021-02-21,Los Angeles,037,10098052,1167043,1146756,39079,1185835,19711
2021-02-21,Madera,039,155013,15510,15298,807,16105,192
2021-02-21,Marin,041,260295,13104,12968,161,13129,212
2021-02-21,Mariposa,043,17540,375,373,5,378,4
2021-02-21,Mendocino,045,87422,3614,3535,69,3604,41
2021-02-21,Merced,047,269075,28164,28106,866,28972,379
2021-02-21,Modoc,049,8938,338,329,114,443,3
2021-02-21,Mono,051,14174,1174,1189,16,1205,3
2021-02-21,Monterey,053,433212,41803,41373,1680,43053,309
2021-02-21,Napa,055,140530,8976,8929,33,8962,69
2021-02-21,Nevada,057,99092,3970,3895,159,4054,66
2021-02-21,Orange,059,3164182,246144,243985,10152,254137,3801
2021-02-21,Placer,061,380077,20401,19553,1091,20644,238
2021-02-21,Plumas,063,18699,639,625,10,635,4
2021-02-21,Riverside,065,2383286,284589,277555,13393,290948,3564
2021-02-21,Sacramento,067,1510023,93784,92288,1220,93508,1354
2021-02-21,San Benito,069,59416,5725,5716,87,5803,57
2021-02-21,San Bernardino,071,2135413,285279,279870,8513,288383,3247
2021-02-21,San Diego,073,3302833,262386,257027,12717,269744,3190
2021-02-21,San Francisco,075,870044,33973,33891,1060,34951,405
2021-02-21,San Joaquin,077,732212,66361,64997,2744,67741,1001
2021-02-21,San Luis Obispo,079,281455,19602,19178,551,19729,229
2021-02-21,San Mateo,081,765935,39306,38448,400,38848,282
2021-02-21,Santa Barbara,083,443738,32066,31374,1100,32474,399
2021-02-21,Santa Clara,085,1922200,109568,108992,564,109556,1654
2021-02-21,Santa Cruz,087,273765,15304,14401,778,15179,176
2021-02-21,Shasta,089,179085,10917,10867,1201,12068,145
2021-02-21,Sierra,091,2930,51,47,12,59,0
2021-02-21,Siskiyou,093,43540,1472,1371,227,1598,4
2021-02-21,Solano,095,438530,29654,29471,352,29823,150
2021-02-21,Sonoma,097,501317,27800,27793,196,27989,278
2021-02-21,Stanislaus,099,539301,50275,49527,5283,54810,726
2021-02-21,Sutter,101,95872,8823,8687,79,8766,97
2021-02-21,Tehama,103,63373,4572,4547,489,5036,30
2021-02-21,Trinity,105,12862,465,286,76,362,3
2021-02-21,Tulare,107,460477,47972,46830,7905,54735,749
2021-02-21,Tuolumne,109,53932,3805,3828,33,3861,53
2021-02-21,Ventura,111,848112,77356,76862,2755,79617,677
2021-02-21,Yolo,113,214977,12788,12670,218,12888,183
2021-02-21,Yuba,115,75493,5468,5396,84,5480,38
2021-02-20,Alameda,001,1643700,80250,79496,1720,81216,1055
2021-02-20,Alpine,003,1148,78,77,0,77,0
2021-02-20,Amador,005,37829,3451,3432,30,3462,39
2021-02-20,Butte,007,227075,11266,10838,1600,12438,176
2021-02-20,Calaveras,009,45235,1891,1858,12,1870,21
2021-02-20,Colusa,011,21464,1867,1858,261,2119,11
2021-02-20,Contra Costa,013,1133247,62550,61205,1065,62270,663
2021-02-20,Del Norte,015,27424,990,937,4,941,3
2021-02-20,El Dorado,017,186661,9075,8911,592,9503,96
2021-02-20,Fresno,019,978130,95709,94234,7634,101868,1341
2021-02-20,Glenn,021,27897,2235,2199,490,2689,14
2021-02-20,Humboldt,023,135768,3108,3073,22,3095,29
2021-02-20,Imperial,025,180216,27155,26771,2542,29313,590
2021-02-20,Inyo,027,18085,1275,1226,9,1235,32
2021-02-20,Kern,029,883053,92796,91025,9668,100693,968
2021-02-20,Kings,031,150075,22161,21773,961,22734,212
2021-02-20,Lake,033,64148,3146,3089,6,3095,40
2021-02-20,Lassen,035,31185,5110,5067,94,5161,1
2021-02-20,Los Angeles,037,10098052,1166477,1145594,39035,1184629,19630
2021-02-20,Madera,039,155013,15490,15274,806,16080,191
2021-02-20,Marin,041,260295,13083,12945,159,13104,211
2021-02-20,Mariposa,043,17540,375,372,5,377,4
2021-02-20,Mendocino,045,87422,3612,3533,69,3602,40
2021-02-20,Merced,047,269075,28119,28066,864,28930,379
2021-02-20,Modoc,049,8938,338,328,114,442,3
2021-02-20,Mono,051,14174,1173,1187,16,1203,3
2021-02-20,Monterey,053,433212,41783,41313,1678,42991,309
2021-02-20,Napa,055,140530,8967,8910,33,8943,69
2021-02-20,Nevada,057,99092,3960,3887,158,4045,66
2021-02-20,Orange,059,3164182,245975,243761,10139,253900,3755
2021-02-20,Placer,061,380077,20361,19509,1087,20596,236
2021-02-20,Plumas,063,18699,639,626,10,636,4
2021-02-20,Riverside,065,2383286,284434,277267,13383,290650,3559
2021-02-20,Sacramento,067,1510023,93660,92057,1218,93275,1352
2021-02-20,San Benito,069,59416,5713,5709,87,5796,57
2021-02-20,San Bernardino,071,2135413,285178,279608,8508,288116,3203
2021-02-20,San Diego,073,3302833,262144,256510,12688,269198,3188
2021-02-20,San Francisco,075,870044,33931,33820,1051,34871,399
2021-02-20,San Joaquin,077,732212,66288,64916,2739,67655,1001
2021-02-20,San Luis Obispo,079,281455,19578,19138,550,19688,229
2021-02-20,San Mateo,081,765935,39262,38371,399,38770,282
2021-02-20,Santa Barbara,083,443738,32032,31289,1099,32388,396
2021-02-20,Santa Clara,085,1922200,109392,108728,561,109289,1649
2021-02-20,Santa Cruz,087,273765,15293,14378,776,15154,176
2021-02-20,Shasta,089,179085,10903,10850,1196,12046,146
2021-02-20,Sierra,091,2930,51,47,12,59,0
2021-02-20,Siskiyou,093,43540,1469,1366,227,1593,4
2021-02-20,Solano,095,438530,29639,29440,350,29790,150
2021-02-20,Sonoma,097,501317,27771,27703,194,27897,278
2021-02-20,Stanislaus,099,539301,50220,49445,5270,54715,733
2021-02-20,Sutter,101,95872,8817,8681,79,8760,97
2021-02-20,Tehama,103,63373,4571,4545,489,5034,30
2021-02-20,Trinity,105,12862,464,285,75,360,3
2021-02-20,Tulare,107,460477,47936,46769,7883,54652,739
2021-02-20,Tuolumne,109,53932,3800,3823,33,3856,53
2021-02-20,Ventura,111,848112,77260,76757,2752,79509,671
2021-02-20,Yolo,113,214977,12774,12639,217,12856,183
2021-02-20,Yuba,115,75493,5465,5386,84,5470,38
2021-02-19,Alameda,001,1643700,80147,79318,1716,81034,1047
2021-02-19,Alpine,003,1148,78,77,0,77,0
2021-02-19,Amador,005,37829,3447,3427,30,3457,39
2021-02-19,Butte,007,227075,11256,10823,1595,12418,176
2021-02-19,Calaveras,009,45235,1890,1856,12,1868,21
2021-02-19,Colusa,011,21464,1867,1858,261,2119,11
2021-02-19,Contra Costa,013,1133247,62442,61017,1063,62080,651
2021-02-19,Del Norte,015,27424,985,932,4,936,2
2021-02-19,El Dorado,017,186661,9066,8882,591,9473,96
2021-02-19,Fresno,019,978130,95578,93973,7618,101591,1330
2021-02-19,Glenn,021,27897,2230,2199,489,2688,14
2021-02-19,Humboldt,023,135768,3096,3037,22,3059,29
2021-02-19,Imperial,025,180216,27150,26751,2539,29290,589
2021-02-19,Inyo,027,18085,1270,1212,9,1221,32
2021-02-19,Kern,029,883053,92726,90807,9627,100434,963
2021-02-19,Kings,031,150075,22147,21724,959,22683,211
2021-02-19,Lake,033,64148,3140,3078,6,3084,40
2021-02-19,Lassen,035,31185,5109,5057,94,5151,1
2021-02-19,Los Angeles,037,10098052,1165729,1143828,38994,1182822,19498
2021-02-19,Madera,039,155013,15473,15222,804,16026,188
2021-02-19,Marin,041,260295,13059,12919,157,13076,210
2021-02-19,Mariposa,043,17540,375,371,5,376,4
2021-02-19,Mendocino,045,87422,3610,3526,69,3595,39
2021-02-19,Merced,047,269075,28088,27985,861,28846,376
2021-02-19,Modoc,049,8938,338,328,114,442,3
2021-02-19,Mono,051,14174,1173,1186,16,1202,3
2021-02-19,Monterey,053,433212,41755,41209,1674,42883,309
2021-02-19,Napa,055,140530,8954,8899,33,8932,69
2021-02-19,Nevada,057,99092,3954,3863,158,4021,66
2021-02-19,Orange,059,3164182,245794,243397,10126,253523,3715
2021-02-19,Placer,061,380077,20339,19457,1087,20544,236
2021-02-19,Plumas,063,18699,637,624,10,634,4
2021-02-19,Riverside,065,2383286,284263,276941,13366,290307,3541
2021-02-19,Sacramento,067,1510023,93539,91815,1214,93029,1351
2021-02-19,San Benito,069,59416,5708,5699,87,5786,57
2021-02-19,San Bernardino,071,2135413,285051,279209,8503,287712,3117
2021-02-19,San Diego,073,3302833,261853,255799,12665,268464,3169
2021-02-19,San Francisco,075,870044,33883,33746,1045,34791,387
2021-02-19,San Joaquin,077,732212,66216,64774,2730,67504,988
2021-02-19,San Luis Obispo,079,281455,19548,19061,548,19609,230
2021-02-19,San Mateo,081,765935,39204,38256,397,38653,282
2021-02-19,Santa Barbara,083,443738,31968,31204,1098,32302,392
2021-02-19,Santa Clara,085,1922200,109179,108400,559,108959,1634
2021-02-19,Santa Cruz,087,273765,15278,14354,776,15130,176
2021-02-19,Shasta,089,179085,10891,10833,1193,12026,140
2021-02-19,Sierra,091,2930,51,47,12,59,0
2021-02-19,Siskiyou,093,43540,1465,1363,225,1588,4
2021-02-19,Solano,095,438530,29608,29383,349,29732,150
2021-02-19,Sonoma,097,501317,27724,27595,192,27787,280
2021-02-19,Stanislaus,099,539301,50159,49282,5254,54536,739
2021-02-19,Sutter,101,95872,8807,8665,79,8744,96
2021-02-19,Tehama,103,63373,4569,4535,489,5024,30
2021-02-19,Trinity,105,12862,462,282,73,355,3
2021-02-19,Tulare,107,460477,47891,46662,7858,54520,736
2021-02-19,Tuolumne,109,53932,3793,3817,33,3850,52
2021-02-19,Ventura,111,848112,77180,76582,2749,79331,667
2021-02-19,Yolo,113,214977,12758,12606,217,12823,183
2021-02-19,Yuba,115,75493,5455,5376,84,5460,38
2021-02-18,Alameda,001,1643700,80001,79111,1708,80819,1012
2021-02-18,Alpine,003,1148,78,77,0,77,0
2021-02-18,Amador,005,37829,3443,3417,29,3446,38
2021-02-18,Butte,007,227075,11238,10791,1592,12383,175
2021-02-18,Calaveras,009,45235,1885,1873,12,1885,21
2021-02-18,Colusa,011,21464,1865,1856,259,2115,11
2021-02-18,Contra Costa,013,1133247,62331,60868,1062,61930,640
2021-02-18,Del Norte,015,27424,980,929,4,933,2
2021-02-18,El Dorado,017,186661,9051,8850,590,9440,94
2021-02-18,Fresno,019,978130,95408,93734,7593,101327,1323
2021-02-18,Glenn,021,27897,2224,2195,489,2684,14
2021-02-18,Humboldt,023,135768,3084,3023,22,3045,29
2021-02-18,Imperial,025,180216,27124,26731,2534,29265,591
2021-02-18,Inyo,027,18085,1266,1213,8,1221,32
2021-02-18,Kern,029,883053,92568,90655,9596,100251,961
2021-02-18,Kings,031,150075,22123,21648,958,22606,211
2021-02-18,Lake,033,64148,3132,3066,6,3072,40
2021-02-18,Lassen,035,31185,5100,5052,94,5146,1
2021-02-18,Los Angeles,037,10098052,1164769,1141930,38929,1180859,19358
2021-02-18,Madera,039,155013,15451,15175,799,15974,188
2021-02-18,Marin,041,260295,13045,12895,157,13052,209
2021-02-18,Mariposa,043,17540,374,369,5,374,4
2021-02-18,Mendocino,045,87422,3607,3519,68,3587,39
2021-02-18,Merced,047,269075,28038,27870,855,28725,372
2021-02-18,Modoc,049,8938,336,327,113,440,3
2021-02-18,Mono,051,14174,1173,1182,16,1198,3
2021-02-18,Monterey,053,433212,41690,41091,1667,42758,307
2021-02-18,Napa,055,140530,8937,8877,33,8910,68
2021-02-18,Nevada,057,99092,3945,3836,157,3993,66
2021-02-18,Orange,059,3164182,245575,243098,10109,253207,3673
2021-02-18,Placer,061,380077,20312,19429,1086,20515,232
2021-02-18,Plumas,063,18699,637,624,10,634,4
2021-02-18,Riverside,065,2383286,283974,276595,13345,289940,3510
2021-02-18,Sacramento,067,1510023,93377,91476,1208,92684,1334
2021-02-18,San Benito,069,59416,5705,5697,86,5783,58
2021-02-18,San Bernardino,071,2135413,284841,278887,8489,287376,3066
2021-02-18,San Diego,073,3302833,261499,254987,12642,267629,3135
2021-02-18,San Francisco,075,870044,33825,33650,1042,34692,386
2021-02-18,San Joaquin,077,732212,66130,64634,2720,67354,982
2021-02-18,San Luis Obispo,079,281455,19506,18987,545,19532,230
2021-02-18,San Mateo,081,765935,39142,38185,393,38578,282
2021-02-18,Santa Barbara,083,443738,31889,31054,1091,32145,387
2021-02-18,Santa Clara,085,1922200,108952,108210,556,108766,1605
2021-02-18,Santa Cruz,087,273765,15252,14314,776,15090,176
2021-02-18,Shasta,089,179085,10871,10811,1190,12001,139
2021-02-18,Sierra,091,2930,50,47,12,59,0
2021-02-18,Siskiyou,093,43540,1460,1359,224,1583,4
2021-02-18,Solano,095,438530,29581,29349,348,29697,150
2021-02-18,Sonoma,097,501317,27656,27512,191,27703,281
2021-02-18,Stanislaus,099,539301,50061,49150,5239,54389,738
2021-02-18,Sutter,101,95872,8799,8654,79,8733,96
2021-02-18,Tehama,103,63373,4566,4528,488,5016,30
2021-02-18,Trinity,105,12862,461,282,73,355,3
2021-02-18,Tulare,107,460477,47828,46591,7818,54409,728
2021-02-18,Tuolumne,109,53932,3756,3811,33,3844,52
2021-02-18,Ventura,111,848112,77048,76442,2741,79183,659
2021-02-18,Yolo,113,214977,12731,12549,214,12763,183
2021-02-18,Yuba,115,75493,5438,5358,84,5442,38
2021-02-17,Alameda,001,1643700,79839,78895,1706,80601,1002
2021-02-17,Alpine,003,1148,78,77,0,77,0
2021-02-17,Amador,005,37829,3439,3415,29,3444,38
2021-02-17,Butte,007,227075,11220,10770,1589,12359,174
2021-02-17,Calaveras,009,45235,1885,1876,12,1888,21
2021-02-17,Colusa,011,21464,1862,1854,259,2113,10
2021-02-17,Contra Costa,013,1133247,62190,60723,1059,61782,635
2021-02-17,Del Norte,015,27424,973,920,4,924,2
2021-02-17,El Dorado,017,186661,9039,8847,590,9437,94
2021-02-17,Fresno,019,978130,95269,93555,7566,101121,1307
2021-02-17,Glenn,021,27897,2224,2189,488,2677,14
2021-02-17,Humboldt,023,135768,3069,3006,22,3028,29
2021-02-17,Imperial,025,180216,27109,26726,2532,29258,580
2021-02-17,Inyo,027,18085,1258,1197,8,1205,32
2021-02-17,Kern,029,883053,92449,90454,9551,100005,962
2021-02-17,Kings,031,150075,22085,21617,954,22571,211
2021-02-17,Lake,033,64148,3121,3057,2,3059,38
2021-02-17,Lassen,035,31185,5095,5052,93,5145,1
2021-02-17,Los Angeles,037,10098052,1163717,1139786,38866,1178652,19213
2021-02-17,Madera,039,155013,15425,15135,790,15925,177
2021-02-17,Marin,041,260295,13019,12881,157,13038,207
2021-02-17,Mariposa,043,17540,374,368,4,372,4
2021-02-17,Mendocino,045,87422,3605,3494,67,3561,39
2021-02-17,Merced,047,269075,27984,27824,846,28670,372
2021-02-17,Modoc,049,8938,336,327,113,440,3
2021-02-17,Mono,051,14174,1173,1180,16,1196,3
2021-02-17,Monterey,053,433212,41636,41014,1655,42669,304
2021-02-17,Napa,055,140530,8923,8865,33,8898,68
2021-02-17,Nevada,057,99092,3926,3822,154,3976,52
2021-02-17,Orange,059,3164182,245307,242716,10075,252791,3626
2021-02-17,Placer,061,380077,20279,19405,1082,20487,230
2021-02-17,Plumas,063,18699,636,623,10,633,4
2021-02-17,Riverside,065,2383286,283688,276289,13324,289613,3491
2021-02-17,Sacramento,067,1510023,93218,91309,1201,92510,1326
2021-02-17,San Benito,069,59416,5699,5661,86,5747,57
2021-02-17,San Bernardino,071,2135413,284633,278461,8470,286931,3020
2021-02-17,San Diego,073,3302833,261121,254177,12621,266798,3099
2021-02-17,San Francisco,075,870044,33749,33558,1037,34595,379
2021-02-17,San Joaquin,077,732212,66028,64556,2714,67270,979
2021-02-17,San Luis Obispo,079,281455,19460,18964,545,19509,230
2021-02-17,San Mateo,081,765935,39076,38124,392,38516,282
2021-02-17,Santa Barbara,083,443738,31821,30927,1090,32017,384
2021-02-17,Santa Clara,085,1922200,108720,107949,554,108503,1592
2021-02-17,Santa Cruz,087,273765,15219,14268,773,15041,174
2021-02-17,Shasta,089,179085,10851,10770,1189,11959,139
2021-02-17,Sierra,091,2930,50,47,12,59,0
2021-02-17,Siskiyou,093,43540,1454,1352,221,1573,4
2021-02-17,Solano,095,438530,29525,29288,348,29636,149
2021-02-17,Sonoma,097,501317,27582,27408,186,27594,281
2021-02-17,Stanislaus,099,539301,49952,49050,5223,54273,730
2021-02-17,Sutter,101,95872,8789,8681,79,8760,95
2021-02-17,Tehama,103,63373,4562,4511,487,4998,30
2021-02-17,Trinity,105,12862,461,277,71,348,3
2021-02-17,Tulare,107,460477,47763,46495,7791,54286,726
2021-02-17,Tuolumne,109,53932,3747,3806,33,3839,49
2021-02-17,Ventura,111,848112,76923,76234,2735,78969,646
2021-02-17,Yolo,113,214977,12714,12506,212,12718,182
2021-02-17,Yuba,115,75493,5429,5345,84,5429,38
2021-02-16,Alameda,001,1643700,79666,78756,1703,80459,997
2021-02-16,Alpine,003,1148,78,76,0,76,0
2021-02-16,Amador,005,37829,3432,3413,29,3442,39
2021-02-16,Butte,007,227075,11193,10748,1586,12334,164
2021-02-16,Calaveras,009,45235,1883,1872,12,1884,21
2021-02-16,Colusa,011,21464,1859,1852,257,2109,10
2021-02-16,Contra Costa,013,1133247,62042,60564,1054,61618,631
2021-02-16,Del Norte,015,27424,965,913,4,917,2
2021-02-16,El Dorado,017,186661,9029,8836,589,9425,94
2021-02-16,Fresno,019,978130,95105,93363,7536,100899,1293
2021-02-16,Glenn,021,27897,2216,2189,483,2672,14
2021-02-16,Humboldt,023,135768,3046,2994,21,3015,29
2021-02-16,Imperial,025,180216,27096,26711,2528,29239,580
2021-02-16,Inyo,027,18085,1250,1191,8,1199,32
2021-02-16,Kern,029,883053,92314,90267,9522,99789,959
2021-02-16,Kings,031,150075,22039,21583,950,22533,206
2021-02-16,Lake,033,64148,3112,3041,2,3043,38
2021-02-16,Lassen,035,31185,5083,5047,93,5140,1
2021-02-16,Los Angeles,037,10098052,1162466,1138262,38805,1177067,19044
2021-02-16,Madera,039,155013,15386,15120,785,15905,172
2021-02-16,Marin,041,260295,12995,12832,157,12989,205
2021-02-16,Mariposa,043,17540,374,367,4,371,4
2021-02-16,Mendocino,045,87422,3601,3489,67,3556,39
2021-02-16,Merced,047,269075,27911,27724,840,28564,368
2021-02-16,Modoc,049,8938,336,326,113,439,3
2021-02-16,Mono,051,14174,1173,1180,16,1196,3
2021-02-16,Monterey,053,433212,41562,40962,1646,42608,303
2021-02-16,Napa,055,140530,8910,8854,33,8887,66
2021-02-16,Nevada,057,99092,3913,3774,153,3927,47
2021-02-16,Orange,059,3164182,244985,242382,10059,252441,3612
2021-02-16,Placer,061,380077,20246,19367,1079,20446,230
2021-02-16,Plumas,063,18699,636,619,10,629,4
2021-02-16,Riverside,065,2383286,283382,275954,13300,289254,3471
2021-02-16,Sacramento,067,1510023,92963,91246,1195,92441,1305
2021-02-16,San Benito,069,59416,5691,5659,85,5744,56
2021-02-16,San Bernardino,071,2135413,284411,277947,8459,286406,2978
2021-02-16,San Diego,073,3302833,260657,253638,12582,266220,3042
2021-02-16,San Francisco,075,870044,33678,33491,1032,34523,373
2021-02-16,San Joaquin,077,732212,65905,64448,2711,67159,979
2021-02-16,San Luis Obispo,079,281455,19415,18925,542,19467,229
2021-02-16,San Mateo,081,765935,39017,38041,390,38431,277
2021-02-16,Santa Barbara,083,443738,31747,30865,1087,31952,378
2021-02-16,Santa Clara,085,1922200,108468,107754,551,108305,1591
2021-02-16,Santa Cruz,087,273765,15199,14256,772,15028,174
2021-02-16,Shasta,089,179085,10835,10736,1187,11923,139
2021-02-16,Sierra,091,2930,50,47,12,59,0
2021-02-16,Siskiyou,093,43540,1450,1351,221,1572,4
2021-02-16,Solano,095,438530,29485,29246,347,29593,148
2021-02-16,Sonoma,097,501317,27520,27380,180,27560,279
2021-02-16,Stanislaus,099,539301,49831,48927,5209,54136,716
2021-02-16,Sutter,101,95872,8766,8671,79,8750,95
2021-02-16,Tehama,103,63373,4553,4501,486,4987,30
2021-02-16,Trinity,105,12862,457,275,71,346,3
2021-02-16,Tulare,107,460477,47699,46444,7747,54191,716
2021-02-16,Tuolumne,109,53932,3745,3796,33,3829,49
2021-02-16,Ventura,111,848112,76778,76043,2731,78774,631
2021-02-16,Yolo,113,214977,12683,12457,212,12669,175
2021-02-16,Yuba,115,75493,5422,5332,83,5415,38
2021-02-15,Alameda,001,1643700,79468,78647,1692,80339,996
2021-02-15,Alpine,003,1148,78,76,0,76,0
2021-02-15,Amador,005,37829,3428,3409,29,3438,39
2021-02-15,Butte,007,227075,11175,10723,1582,12305,155
2021-02-15,Calaveras,009,45235,1879,1871,12,1883,21
2021-02-15,Colusa,011,21464,1859,1849,253,2102,10
2021-02-15,Contra Costa,013,1133247,61866,60444,1048,61492,631
2021-02-15,Del Norte,015,27424,961,913,4,917,2
2021-02-15,El Dorado,017,186661,9012,8816,589,9405,94
2021-02-15,Fresno,019,978130,94905,93231,7497,100728,1288
2021-02-15,Glenn,021,27897,2213,2185,480,2665,14
2021-02-15,Humboldt,023,135768,3039,2997,21,3018,29
2021-02-15,Imperial,025,180216,27076,26700,2524,29224,580
2021-02-15,Inyo,027,18085,1231,1184,8,1192,32
2021-02-15,Kern,029,883053,92170,90181,9490,99671,959
2021-02-15,Kings,031,150075,21994,21574,946,22520,205
2021-02-15,Lake,033,64148,3098,3030,1,3031,38
2021-02-15,Lassen,035,31185,5081,5047,92,5139,1
2021-02-15,Los Angeles,037,10098052,1161077,1137164,38741,1175905,18925
2021-02-15,Madera,039,155013,15355,15108,783,15891,106
2021-02-15,Marin,041,260295,12975,12810,154,12964,203
2021-02-15,Mariposa,043,17540,372,367,4,371,4
2021-02-15,Mendocino,045,87422,3589,3481,67,3548,39
2021-02-15,Merced,047,269075,27836,27656,833,28489,368
2021-02-15,Modoc,049,8938,336,326,113,439,3
2021-02-15,Mono,051,14174,1170,1178,16,1194,3
2021-02-15,Monterey,053,433212,41501,40911,1633,42544,302
2021-02-15,Napa,055,140530,8896,8837,33,8870,57
2021-02-15,Nevada,057,99092,3896,3767,152,3919,47
2021-02-15,Orange,059,3164182,244666,242176,10031,252207,3586
2021-02-15,Placer,061,380077,20220,19361,1078,20439,230
2021-02-15,Plumas,063,18699,636,620,10,630,4
2021-02-15,Riverside,065,2383286,283025,275771,13282,289053,3468
2021-02-15,Sacramento,067,1510023,92636,91091,1190,92281,1304
2021-02-15,San Benito,069,59416,5682,5649,85,5734,56
2021-02-15,San Bernardino,071,2135413,284154,277869,8451,286320,2945
2021-02-15,San Diego,073,3302833,260143,252940,12551,265491,3037
2021-02-15,San Francisco,075,870044,33604,33454,1026,34480,373
2021-02-15,San Joaquin,077,732212,65741,64382,2704,67086,979
2021-02-15,San Luis Obispo,079,281455,19362,18891,540,19431,227
2021-02-15,San Mateo,081,765935,38939,37969,387,38356,277
2021-02-15,Santa Barbara,083,443738,31644,30810,1084,31894,378
2021-02-15,Santa Clara,085,1922200,108233,107630,549,108179,1588
2021-02-15,Santa Cruz,087,273765,15167,14239,769,15008,175
2021-02-15,Shasta,089,179085,10815,10730,1182,11912,139
2021-02-15,Sierra,091,2930,50,47,12,59,0
2021-02-15,Siskiyou,093,43540,1442,1345,220,1565,4
2021-02-15,Solano,095,438530,29430,29225,347,29572,148
2021-02-15,Sonoma,097,501317,27434,27359,176,27535,276
2021-02-15,Stanislaus,099,539301,49706,48808,5196,54004,716
2021-02-15,Sutter,101,95872,8751,8652,79,8731,95
2021-02-15,Tehama,103,63373,4542,4492,484,4976,30
2021-02-15,Trinity,105,12862,456,274,71,345,3
2021-02-15,Tulare,107,460477,47628,46344,7708,54052,715
2021-02-15,Tuolumne,109,53932,3735,3794,33,3827,49
2021-02-15,Ventura,111,848112,76622,75889,2728,78617,629
2021-02-15,Yolo,113,214977,12646,12412,206,12618,175
2021-02-15,Yuba,115,75493,5405,5320,82,5402,38
2021-02-14,Alameda,001,1643700,79311,78442,1691,80133,995
2021-02-14,Alpine,003,1148,78,76,0,76,0
2021-02-14,Amador,005,37829,3423,3398,29,3427,39
2021-02-14,Butte,007,227075,11151,10717,1577,12294,155
2021-02-14,Calaveras,009,45235,1876,1866,12,1878,21
2021-02-14,Colusa,011,21464,1855,1845,250,2095,10
2021-02-14,Contra Costa,013,1133247,61718,60272,1045,61317,631
2021-02-14,Del Norte,015,27424,957,911,4,915,2
2021-02-14,El Dorado,017,186661,8981,8790,588,9378,94
2021-02-14,Fresno,019,978130,94734,93065,7474,100539,1287
2021-02-14,Glenn,021,27897,2211,2184,480,2664,14
2021-02-14,Humboldt,023,135768,3026,2992,21,3013,29
2021-02-14,Imperial,025,180216,27068,26696,2523,29219,580
2021-02-14,Inyo,027,18085,1225,1177,8,1185,32
2021-02-14,Kern,029,883053,92010,90038,9437,99475,959
2021-02-14,Kings,031,150075,21968,21538,944,22482,205
2021-02-14,Lake,033,64148,3089,3030,1,3031,38
2021-02-14,Lassen,035,31185,5077,5037,92,5129,1
2021-02-14,Los Angeles,037,10098052,1159737,1135450,38654,1174104,18898
2021-02-14,Madera,039,155013,15323,15089,779,15868,106
2021-02-14,Marin,041,260295,12951,12784,154,12938,201
2021-02-14,Mariposa,043,17540,372,365,4,369,4
2021-02-14,Mendocino,045,87422,3583,3475,67,3542,39
2021-02-14,Merced,047,269075,27758,27601,828,28429,368
2021-02-14,Modoc,049,8938,336,326,113,439,3
2021-02-14,Mono,051,14174,1169,1180,16,1196,3
2021-02-14,Monterey,053,433212,41451,40842,1628,42470,302
2021-02-14,Napa,055,140530,8876,8826,33,8859,57
2021-02-14,Nevada,057,99092,3880,3761,152,3913,47
2021-02-14,Orange,059,3164182,244354,241859,10012,251871,3564
2021-02-14,Placer,061,380077,20181,19313,1073,20386,230
2021-02-14,Plumas,063,18699,635,620,10,630,4
2021-02-14,Riverside,065,2383286,282691,275518,13263,288781,3471
2021-02-14,Sacramento,067,1510023,92429,90856,1186,92042,1304
2021-02-14,San Benito,069,59416,5674,5641,84,5725,56
2021-02-14,San Bernardino,071,2135413,283838,277664,8431,286095,2929
2021-02-14,San Diego,073,3302833,259651,252247,12503,264750,3037
2021-02-14,San Francisco,075,870044,33530,33374,1018,34392,372
2021-02-14,San Joaquin,077,732212,65642,64243,2690,66933,979
2021-02-14,San Luis Obispo,079,281455,19324,18868,537,19405,225
2021-02-14,San Mateo,081,765935,38855,37859,387,38246,277
2021-02-14,Santa Barbara,083,443738,31552,30744,1080,31824,377
2021-02-14,Santa Clara,085,1922200,108032,107412,545,107957,1582
2021-02-14,Santa Cruz,087,273765,15139,14225,764,14989,175
2021-02-14,Shasta,089,179085,10784,10720,1177,11897,139
2021-02-14,Sierra,091,2930,50,47,12,59,0
2021-02-14,Siskiyou,093,43540,1438,1340,220,1560,4
2021-02-14,Solano,095,438530,29392,29150,344,29494,148
2021-02-14,Sonoma,097,501317,27360,27266,174,27440,276
2021-02-14,Stanislaus,099,539301,49599,48672,5181,53853,716
2021-02-14,Sutter,101,95872,8728,8642,79,8721,95
2021-02-14,Tehama,103,63373,4534,4490,482,4972,30
2021-02-14,Trinity,105,12862,456,272,71,343,3
2021-02-14,Tulare,107,460477,47545,46263,7659,53922,715
2021-02-14,Tuolumne,109,53932,3734,3764,33,3797,49
2021-02-14,Ventura,111,848112,76447,75742,2717,78459,629
2021-02-14,Yolo,113,214977,12617,12399,205,12604,175
2021-02-14,Yuba,115,75493,5395,5314,82,5396,38
2021-02-13,Alameda,001,1643700,79196,78246,1688,79934,995
2021-02-13,Alpine,003,1148,78,76,0,76,0
2021-02-13,Amador,005,37829,3420,3387,29,3416,38
2021-02-13,Butte,007,227075,11135,10699,1576,12275,155
2021-02-13,Calaveras,009,45235,1872,1863,12,1875,21
2021-02-13,Colusa,011,21464,1855,1837,250,2087,10
2021-02-13,Contra Costa,013,1133247,61598,60100,1045,61145,629
2021-02-13,Del Norte,015,27424,955,908,4,912,2
2021-02-13,El Dorado,017,186661,8970,8758,587,9345,93
2021-02-13,Fresno,019,978130,94620,92807,7452,100259,1287
2021-02-13,Glenn,021,27897,2210,2182,480,2662,14
2021-02-13,Humboldt,023,135768,3013,2974,20,2994,29
2021-02-13,Imperial,025,180216,27061,26680,2521,29201,580
2021-02-13,Inyo,027,18085,1221,1168,8,1176,32
2021-02-13,Kern,029,883053,91921,89915,9411,99326,957
2021-02-13,Kings,031,150075,21953,21513,942,22455,205
2021-02-13,Lake,033,64148,3083,3025,1,3026,37
2021-02-13,Lassen,035,31185,5074,5028,92,5120,1
2021-02-13,Los Angeles,037,10098052,1158878,1133752,38607,1172359,18822
2021-02-13,Madera,039,155013,15314,15053,775,15828,106
2021-02-13,Marin,041,260295,12930,12757,154,12911,201
2021-02-13,Mariposa,043,17540,372,365,4,369,4
2021-02-13,Mendocino,045,87422,3573,3466,67,3533,38
2021-02-13,Merced,047,269075,27714,27541,825,28366,368
2021-02-13,Modoc,049,8938,336,325,113,438,3
2021-02-13,Mono,051,14174,1169,1176,16,1192,3
2021-02-13,Monterey,053,433212,41419,40731,1626,42357,301
2021-02-13,Napa,055,140530,8867,8809,33,8842,57
2021-02-13,Nevada,057,99092,3871,3742,151,3893,47
2021-02-13,Orange,059,3164182,244149,241545,9993,251538,3520
2021-02-13,Placer,061,380077,20161,19214,1073,20287,230
2021-02-13,Plumas,063,18699,635,616,10,626,4
2021-02-13,Riverside,065,2383286,282457,275276,13254,288530,3462
2021-02-13,Sacramento,067,1510023,92262,90401,1183,91584,1302
2021-02-13,San Benito,069,59416,5660,5633,84,5717,56
2021-02-13,San Bernardino,071,2135413,283686,277405,8419,285824,2899
2021-02-13,San Diego,073,3302833,259320,251679,12491,264170,3009
2021-02-13,San Francisco,075,870044,33480,33291,1008,34299,364
2021-02-13,San Joaquin,077,732212,65575,64105,2680,66785,977
2021-02-13,San Luis Obispo,079,281455,19296,18803,531,19334,225
2021-02-13,San Mateo,081,765935,38802,37745,387,38132,277
2021-02-13,Santa Barbara,083,443738,31500,30594,1078,31672,374
2021-02-13,Santa Clara,085,1922200,107847,107125,541,107666,1570
2021-02-13,Santa Cruz,087,273765,15112,14198,763,14961,173
2021-02-13,Shasta,089,179085,10772,10713,1172,11885,139
2021-02-13,Sierra,091,2930,50,47,12,59,0
2021-02-13,Siskiyou,093,43540,1435,1336,220,1556,4
2021-02-13,Solano,095,438530,29355,29084,344,29428,148
2021-02-13,Sonoma,097,501317,27313,27157,172,27329,276
2021-02-13,Stanislaus,099,539301,49530,48568,5175,53743,697
2021-02-13,Sutter,101,95872,8716,8626,79,8705,94
2021-02-13,Tehama,103,63373,4525,4484,481,4965,30
2021-02-13,Trinity,105,12862,455,272,70,342,3
2021-02-13,Tulare,107,460477,47495,46162,7628,53790,709
2021-02-13,Tuolumne,109,53932,3733,3752,33,3785,49
2021-02-13,Ventura,111,848112,76309,75481,2711,78192,618
2021-02-13,Yolo,113,214977,12605,12374,204,12578,175
2021-02-13,Yuba,115,75493,5387,5289,82,5371,38
2021-02-12,Alameda,001,1643700,79060,77958,1682,79640,974
2021-02-12,Alpine,003,1148,78,76,0,76,0
2021-02-12,Amador,005,37829,3416,3381,29,3410,38
2021-02-12,Butte,007,227075,11120,10655,1569,12224,155
2021-02-12,Calaveras,009,45235,1869,1860,12,1872,21
2021-02-12,Colusa,011,21464,1855,1836,250,2086,10
2021-02-12,Contra Costa,013,1133247,61448,59878,1041,60919,620
2021-02-12,Del Norte,015,27424,945,901,4,905,2
2021-02-12,El Dorado,017,186661,8954,8725,584,9309,92
2021-02-12,Fresno,019,978130,94466,92520,7432,99952,1273
2021-02-12,Glenn,021,27897,2207,2175,480,2655,14
2021-02-12,Humboldt,023,135768,3005,2961,20,2981,29
2021-02-12,Imperial,025,180216,27052,26646,2519,29165,585
2021-02-12,Inyo,027,18085,1215,1156,8,1164,32
2021-02-12,Kern,029,883053,91810,89532,9376,98908,949
2021-02-12,Kings,031,150075,21921,21462,937,22399,202
2021-02-12,Lake,033,64148,3079,3012,1,3013,36
2021-02-12,Lassen,035,31185,5072,5015,92,5107,1
2021-02-12,Los Angeles,037,10098052,1157673,1131185,38538,1169723,18637
2021-02-12,Madera,039,155013,15287,15022,772,15794,106
2021-02-12,Marin,041,260295,12904,12720,154,12874,200
2021-02-12,Mariposa,043,17540,371,365,4,369,4
2021-02-12,Mendocino,045,87422,3571,3447,67,3514,38
2021-02-12,Merced,047,269075,27663,27453,822,28275,367
2021-02-12,Modoc,049,8938,336,324,113,437,3
2021-02-12,Mono,051,14174,1168,1172,16,1188,3
2021-02-12,Monterey,053,433212,41372,40633,1617,42250,297
2021-02-12,Napa,055,140530,8855,8785,33,8818,55
2021-02-12,Nevada,057,99092,3866,3728,151,3879,47
2021-02-12,Orange,059,3164182,243911,241075,9979,251054,3505
2021-02-12,Placer,061,380077,20119,19174,1068,20242,230
2021-02-12,Plumas,063,18699,634,614,10,624,4
2021-02-12,Riverside,065,2383286,282180,274792,13236,288028,3438
2021-02-12,Sacramento,067,1510023,92059,90252,1182,91434,1295
2021-02-12,San Benito,069,59416,5644,5622,83,5705,56
2021-02-12,San Bernardino,071,2135413,283493,276890,8408,285298,2827
2021-02-12,San Diego,073,3302833,258938,250788,12465,263253,2979
2021-02-12,San Francisco,075,870044,33421,33179,1004,34183,359
2021-02-12,San Joaquin,077,732212,65481,63966,2672,66638,975
2021-02-12,San Luis Obispo,079,281455,19255,18687,530,19217,224
2021-02-12,San Mateo,081,765935,38730,37560,387,37947,254
2021-02-12,Santa Barbara,083,443738,31429,30454,1073,31527,372
2021-02-12,Santa Clara,085,1922200,107678,106759,538,107297,1543
2021-02-12,Santa Cruz,087,273765,15092,14147,763,14910,170
2021-02-12,Shasta,089,179085,10753,10693,1162,11855,142
2021-02-12,Sierra,091,2930,49,45,12,57,0
2021-02-12,Siskiyou,093,43540,1431,1324,217,1541,4
2021-02-12,Solano,095,438530,29323,28996,341,29337,147
2021-02-12,Sonoma,097,501317,27259,27064,168,27232,275
2021-02-12,Stanislaus,099,539301,49445,48418,5152,53570,697
2021-02-12,Sutter,101,95872,8702,8609,79,8688,93
2021-02-12,Tehama,103,63373,4517,4470,480,4950,27
2021-02-12,Trinity,105,12862,455,269,70,339,3
2021-02-12,Tulare,107,460477,47417,46016,7601,53617,710
2021-02-12,Tuolumne,109,53932,3730,3736,32,3768,49
2021-02-12,Ventura,111,848112,76141,75210,2704,77914,605
2021-02-12,Yolo,113,214977,12585,12340,204,12544,175
2021-02-12,Yuba,115,75493,5379,5274,82,5356,38
2021-02-11,Alameda,001,1643700,78833,77564,1677,79241,960
2021-02-11,Alpine,003,1148,77,76,0,76,0
2021-02-11,Amador,005,37829,3412,3368,29,3397,35
2021-02-11,Butte,007,227075,11096,10624,1567,12191,155
2021-02-11,Calaveras,009,45235,1866,1856,12,1868,21
2021-02-11,Colusa,011,21464,1850,1823,248,2071,10
2021-02-11,Contra Costa,013,1133247,61281,59633,1037,60670,605
2021-02-11,Del Norte,015,27424,940,894,4,898,2
2021-02-11,El Dorado,017,186661,8933,8698,584,9282,92
2021-02-11,Fresno,019,978130,94310,92168,7407,99575,1255
2021-02-11,Glenn,021,27897,2203,2166,479,2645,14
2021-02-11,Humboldt,023,135768,2992,2954,19,2973,29
2021-02-11,Imperial,025,180216,27029,26545,2517,29062,578
2021-02-11,Inyo,027,18085,1206,1144,8,1152,32
2021-02-11,Kern,029,883053,91619,89224,9332,98556,941
2021-02-11,Kings,031,150075,21891,21373,934,22307,202
2021-02-11,Lake,033,64148,3069,3002,1,3003,36
2021-02-11,Lassen,035,31185,5061,5004,89,5093,1
2021-02-11,Los Angeles,037,10098052,1156041,1128437,38468,1166905,18500
2021-02-11,Madera,039,155013,15266,14984,770,15754,106
2021-02-11,Marin,041,260295,12867,12682,154,12836,200
2021-02-11,Mariposa,043,17540,371,361,4,365,4
2021-02-11,Mendocino,045,87422,3564,3420,67,3487,38
2021-02-11,Merced,047,269075,27598,27325,818,28143,363
2021-02-11,Modoc,049,8938,335,317,113,430,3
2021-02-11,Mono,051,14174,1164,1173,16,1189,3
2021-02-11,Monterey,053,433212,41264,40469,1611,42080,295
2021-02-11,Napa,055,140530,8834,8777,33,8810,55
2021-02-11,Nevada,057,99092,3850,3720,151,3871,47
2021-02-11,Orange,059,3164182,243546,240590,9956,250546,3476
2021-02-11,Placer,061,380077,20079,19118,1067,20185,224
2021-02-11,Plumas,063,18699,633,592,10,602,4
2021-02-11,Riverside,065,2383286,281811,274313,13221,287534,3394
2021-02-11,Sacramento,067,1510023,91816,89988,1176,91164,1286
2021-02-11,San Benito,069,59416,5635,5609,83,5692,56
2021-02-11,San Bernardino,071,2135413,283177,276349,8394,284743,2774
2021-02-11,San Diego,073,3302833,258386,249971,12431,262402,2955
2021-02-11,San Francisco,075,870044,33336,33076,995,34071,356
2021-02-11,San Joaquin,077,732212,65311,63719,2662,66381,971
2021-02-11,San Luis Obispo,079,281455,19190,18615,526,19141,219
2021-02-11,San Mateo,081,765935,38639,37439,385,37824,253
2021-02-11,Santa Barbara,083,443738,31333,30375,1068,31443,370
2021-02-11,Santa Clara,085,1922200,107421,106392,532,106924,1507
2021-02-11,Santa Cruz,087,273765,15069,14088,758,14846,165
2021-02-11,Shasta,089,179085,10729,10672,1158,11830,140
2021-02-11,Sierra,091,2930,49,45,12,57,0
2021-02-11,Siskiyou,093,43540,1416,1320,217,1537,4
2021-02-11,Solano,095,438530,29271,28885,341,29226,138
2021-02-11,Sonoma,097,501317,27176,26971,165,27136,272
2021-02-11,Stanislaus,099,539301,49301,48205,5141,53346,697
2021-02-11,Sutter,101,95872,8688,8590,78,8668,93
2021-02-11,Tehama,103,63373,4511,4463,480,4943,26
2021-02-11,Trinity,105,12862,455,269,70,339,3
2021-02-11,Tulare,107,460477,47322,45897,7560,53457,706
2021-02-11,Tuolumne,109,53932,3693,3716,32,3748,48
2021-02-11,Ventura,111,848112,75940,74959,2695,77654,590
2021-02-11,Yolo,113,214977,12562,12303,202,12505,173
2021-02-11,Yuba,115,75493,5365,5261,80,5341,38
2021-02-10,Alameda,001,1643700,78630,77344,1676,79020,944
2021-02-10,Alpine,003,1148,77,76,0,76,0
2021-02-10,Amador,005,37829,3400,3348,29,3377,35
2021-02-10,Butte,007,227075,11070,10594,1566,12160,155
2021-02-10,Calaveras,009,45235,1864,1850,12,1862,21
2021-02-10,Colusa,011,21464,1843,1815,246,2061,10
2021-02-10,Contra Costa,013,1133247,61109,59488,1035,60523,590
2021-02-10,Del Norte,015,27424,934,888,4,892,2
2021-02-10,El Dorado,017,186661,8902,8682,580,9262,87
2021-02-10,Fresno,019,978130,94135,91876,7381,99257,1247
2021-02-10,Glenn,021,27897,2201,2160,476,2636,14
2021-02-10,Humboldt,023,135768,2984,2924,19,2943,29
2021-02-10,Imperial,025,180216,26990,26522,2514,29036,578
2021-02-10,Inyo,027,18085,1194,1138,8,1146,30
2021-02-10,Kern,029,883053,91412,88933,9278,98211,926
2021-02-10,Kings,031,150075,21848,21294,932,22226,197
2021-02-10,Lake,033,64148,3056,2975,1,2976,36
2021-02-10,Lassen,035,31185,5057,4993,89,5082,1
2021-02-10,Los Angeles,037,10098052,1154297,1125437,38339,1163776,18338
2021-02-10,Madera,039,155013,15228,14925,768,15693,105
2021-02-10,Marin,041,260295,12830,12651,154,12805,199
2021-02-10,Mariposa,043,17540,369,360,4,364,4
2021-02-10,Mendocino,045,87422,3549,3395,67,3462,38
2021-02-10,Merced,047,269075,27516,27246,807,28053,359
2021-02-10,Modoc,049,8938,334,315,111,426,3
2021-02-10,Mono,051,14174,1159,1170,16,1186,3
2021-02-10,Monterey,053,433212,41185,40366,1596,41962,288
2021-02-10,Napa,055,140530,8815,8769,33,8802,55
2021-02-10,Nevada,057,99092,3835,3693,149,3842,47
2021-02-10,Orange,059,3164182,243126,239974,9925,249899,3439
2021-02-10,Placer,061,380077,20040,19062,1062,20124,220
2021-02-10,Plumas,063,18699,630,589,10,599,2
2021-02-10,Riverside,065,2383286,281385,273721,13211,286932,3374
2021-02-10,Sacramento,067,1510023,91565,89653,1172,90825,1275
2021-02-10,San Benito,069,59416,5621,5591,83,5674,55
2021-02-10,San Bernardino,071,2135413,282814,275616,8378,283994,2696
2021-02-10,San Diego,073,3302833,257804,248858,12393,261251,2904
2021-02-10,San Francisco,075,870044,33254,32955,992,33947,351
2021-02-10,San Joaquin,077,732212,65170,63484,2648,66132,954
2021-02-10,San Luis Obispo,079,281455,19111,18549,524,19073,216
2021-02-10,San Mateo,081,765935,38549,37323,385,37708,245
2021-02-10,Santa Barbara,083,443738,31242,30216,1063,31279,359
2021-02-10,Santa Clara,085,1922200,107182,106048,529,106577,1489
2021-02-10,Santa Cruz,087,273765,15033,14007,756,14763,165
2021-02-10,Shasta,089,179085,10706,10645,1155,11800,142
2021-02-10,Sierra,091,2930,49,45,12,57,0
2021-02-10,Siskiyou,093,43540,1411,1314,216,1530,4
2021-02-10,Solano,095,438530,29196,28835,339,29174,137
2021-02-10,Sonoma,097,501317,27084,26881,163,27044,271
2021-02-10,Stanislaus,099,539301,49185,48016,5124,53140,696
2021-02-10,Sutter,101,95872,8671,8571,78,8649,93
2021-02-10,Tehama,103,63373,4503,4445,480,4925,23
2021-02-10,Trinity,105,12862,452,268,70,338,3
2021-02-10,Tulare,107,460477,47205,45782,7521,53303,696
2021-02-10,Tuolumne,109,53932,3685,3691,32,3723,48
2021-02-10,Ventura,111,848112,75713,74651,2678,77329,580
2021-02-10,Yolo,113,214977,12538,12276,201,12477,174
2021-02-10,Yuba,115,75493,5347,5241,80,5321,38
2021-02-09,Alameda,001,1643700,78367,77018,1673,78691,936
2021-02-09,Alpine,003,1148,77,76,0,76,0
2021-02-09,Amador,005,37829,3392,3347,29,3376,35
2021-02-09,Butte,007,227075,11043,10563,1564,12127,153
2021-02-09,Calaveras,009,45235,1860,1847,12,1859,21
2021-02-09,Colusa,011,21464,1834,1812,241,2053,10
2021-02-09,Contra Costa,013,1133247,60921,59307,1029,60336,583
2021-02-09,Del Norte,015,27424,928,886,4,890,2
2021-02-09,El Dorado,017,186661,8875,8663,579,9242,87
2021-02-09,Fresno,019,978130,93893,91730,7353,99083,1211
2021-02-09,Glenn,021,27897,2197,2156,475,2631,14
2021-02-09,Humboldt,023,135768,2976,2904,19,2923,29
2021-02-09,Imperial,025,180216,26963,26509,2511,29020,568
2021-02-09,Inyo,027,18085,1186,1137,8,1145,30
2021-02-09,Kern,029,883053,91163,88684,9232,97916,920
2021-02-09,Kings,031,150075,21806,21275,930,22205,196
2021-02-09,Lake,033,64148,3045,2955,1,2956,36
2021-02-09,Lassen,035,31185,5050,4983,89,5072,1
2021-02-09,Los Angeles,037,10098052,1152327,1122745,38253,1160998,18198
2021-02-09,Madera,039,155013,15208,14912,765,15677,105
2021-02-09,Marin,041,260295,12797,12623,153,12776,197
2021-02-09,Mariposa,043,17540,367,355,4,359,4
2021-02-09,Mendocino,045,87422,3531,3369,67,3436,38
2021-02-09,Merced,047,269075,27418,27166,802,27968,354
2021-02-09,Modoc,049,8938,333,316,111,427,3
2021-02-09,Mono,051,14174,1158,1167,16,1183,3
2021-02-09,Monterey,053,433212,41078,40279,1584,41863,285
2021-02-09,Napa,055,140530,8802,8749,33,8782,55
2021-02-09,Nevada,057,99092,3819,3687,149,3836,44
2021-02-09,Orange,059,3164182,242711,239169,9894,249063,3406
2021-02-09,Placer,061,380077,19975,19008,1055,20063,220
2021-02-09,Plumas,063,18699,630,584,10,594,2
2021-02-09,Riverside,065,2383286,280891,273465,13195,286660,3334
2021-02-09,Sacramento,067,1510023,91254,89378,1171,90549,1265
2021-02-09,San Benito,069,59416,5609,5566,82,5648,54
2021-02-09,San Bernardino,071,2135413,282441,274998,8365,283363,2613
2021-02-09,San Diego,073,3302833,257147,248048,12350,260398,2853
2021-02-09,San Francisco,075,870044,33175,32782,982,33764,349
2021-02-09,San Joaquin,077,732212,64996,63341,2643,65984,937
2021-02-09,San Luis Obispo,079,281455,19052,18489,523,19012,216
2021-02-09,San Mateo,081,765935,38418,37227,384,37611,235
2021-02-09,Santa Barbara,083,443738,31131,30118,1057,31175,351
2021-02-09,Santa Clara,085,1922200,106875,105762,526,106288,1463
2021-02-09,Santa Cruz,087,273765,14983,13958,751,14709,162
2021-02-09,Shasta,089,179085,10680,10595,1153,11748,139
2021-02-09,Sierra,091,2930,49,44,12,56,0
2021-02-09,Siskiyou,093,43540,1403,1306,214,1520,4
2021-02-09,Solano,095,438530,29119,28769,336,29105,131
2021-02-09,Sonoma,097,501317,26994,26826,161,26987,267
2021-02-09,Stanislaus,099,539301,49024,47906,5108,53014,679
2021-02-09,Sutter,101,95872,8654,8541,78,8619,92
2021-02-09,Tehama,103,63373,4496,4416,478,4894,22
2021-02-09,Trinity,105,12862,452,266,70,336,3
2021-02-09,Tulare,107,460477,47071,45704,7467,53171,686
2021-02-09,Tuolumne,109,53932,3666,3673,32,3705,48
2021-02-09,Ventura,111,848112,75463,74333,2670,77003,567
2021-02-09,Yolo,113,214977,12496,12220,201,12421,174
2021-02-09,Yuba,115,75493,5338,5235,80,5315,35
2021-02-08,Alameda,001,1643700,78104,76735,1668,78403,924
2021-02-08,Alpine,003,1148,77,73,0,73,0
2021-02-08,Amador,005,37829,3385,3344,28,3372,33
2021-02-08,Butte,007,227075,11021,10524,1561,12085,152
2021-02-08,Calaveras,009,45235,1859,1840,12,1852,21
2021-02-08,Colusa,011,21464,1826,1802,237,2039,10
2021-02-08,Contra Costa,013,1133247,60713,59039,1027,60066,567
2021-02-08,Del Norte,015,27424,925,885,4,889,2
2021-02-08,El Dorado,017,186661,8844,8627,577,9204,86
2021-02-08,Fresno,019,978130,93680,91430,7327,98757,1207
2021-02-08,Glenn,021,27897,2190,2148,473,2621,14
2021-02-08,Humboldt,023,135768,2968,2902,19,2921,29
2021-02-08,Imperial,025,180216,26943,26526,2509,29035,567
2021-02-08,Inyo,027,18085,1173,1126,8,1134,30
2021-02-08,Kern,029,883053,90948,88380,9174,97554,920
2021-02-08,Kings,031,150075,21744,21232,927,22159,195
2021-02-08,Lake,033,64148,3026,2949,1,2950,36
2021-02-08,Lassen,035,31185,5037,4976,89,5065,1
2021-02-08,Los Angeles,037,10098052,1150232,1120179,38134,1158313,17977
2021-02-08,Madera,039,155013,15172,14887,758,15645,93
2021-02-08,Marin,041,260295,12768,12591,153,12744,194
2021-02-08,Mariposa,043,17540,367,355,4,359,4
2021-02-08,Mendocino,045,87422,3517,3355,67,3422,38
2021-02-08,Merced,047,269075,27333,27082,797,27879,346
2021-02-08,Modoc,049,8938,331,318,111,429,3
2021-02-08,Mono,051,14174,1158,1165,16,1181,3
2021-02-08,Monterey,053,433212,40954,40186,1565,41751,283
2021-02-08,Napa,055,140530,8787,8719,33,8752,55
2021-02-08,Nevada,057,99092,3807,3671,149,3820,44
2021-02-08,Orange,059,3164182,242242,238715,9870,248585,3361
2021-02-08,Placer,061,380077,19933,18944,1049,19993,211
2021-02-08,Plumas,063,18699,629,584,10,594,2
2021-02-08,Riverside,065,2383286,280322,272904,13169,286073,3301
2021-02-08,Sacramento,067,1510023,90967,89267,1168,90435,1247
2021-02-08,San Benito,069,59416,5604,5553,81,5634,52
2021-02-08,San Bernardino,071,2135413,282037,274661,8359,283020,2587
2021-02-08,San Diego,073,3302833,256405,247259,12309,259568,2821
2021-02-08,San Francisco,075,870044,33081,32679,974,33653,348
2021-02-08,San Joaquin,077,732212,64835,63148,2633,65781,929
2021-02-08,San Luis Obispo,079,281455,18995,18421,518,18939,214
2021-02-08,San Mateo,081,765935,38309,37084,384,37468,232
2021-02-08,Santa Barbara,083,443738,31016,29978,1050,31028,340
2021-02-08,Santa Clara,085,1922200,106550,105413,518,105931,1456
2021-02-08,Santa Cruz,087,273765,14944,13921,745,14666,161
2021-02-08,Shasta,089,179085,10654,10574,1147,11721,137
2021-02-08,Sierra,091,2930,49,44,12,56,0
2021-02-08,Siskiyou,093,43540,1400,1303,214,1517,4
2021-02-08,Solano,095,438530,29055,28644,334,28978,130
2021-02-08,Sonoma,097,501317,26903,26760,160,26920,259
2021-02-08,Stanislaus,099,539301,48871,47704,5080,52784,679
2021-02-08,Sutter,101,95872,8635,8526,78,8604,92
2021-02-08,Tehama,103,63373,4481,4403,476,4879,22
2021-02-08,Trinity,105,12862,450,266,70,336,3
2021-02-08,Tulare,107,460477,46963,45617,7427,53044,673
2021-02-08,Tuolumne,109,53932,3658,3647,32,3679,48
2021-02-08,Ventura,111,848112,75206,74068,2664,76732,565
2021-02-08,Yolo,113,214977,12464,12169,200,12369,162
2021-02-08,Yuba,115,75493,5322,5215,80,5295,35
2021-02-07,Alameda,001,1643700,77801,76500,1660,78160,924
2021-02-07,Alpine,003,1148,74,72,0,72,0
2021-02-07,Amador,005,37829,3364,3343,28,3371,33
2021-02-07,Butte,007,227075,10988,10513,1551,12064,152
2021-02-07,Calaveras,009,45235,1854,1837,12,1849,21
2021-02-07,Colusa,011,21464,1815,1795,235,2030,10
2021-02-07,Contra Costa,013,1133247,60474,58836,1022,59858,566
2021-02-07,Del Norte,015,27424,921,881,4,885,2
2021-02-07,El Dorado,017,186661,8815,8596,575,9171,86
2021-02-07,Fresno,019,978130,93450,91184,7289,98473,1207
2021-02-07,Glenn,021,27897,2187,2141,470,2611,14
2021-02-07,Humboldt,023,135768,2947,2895,19,2914,28
2021-02-07,Imperial,025,180216,26914,26518,2503,29021,567
2021-02-07,Inyo,027,18085,1162,1124,8,1132,27
2021-02-07,Kern,029,883053,90703,88146,9117,97263,920
2021-02-07,Kings,031,150075,21683,21180,924,22104,192
2021-02-07,Lake,033,64148,3010,2940,1,2941,36
2021-02-07,Lassen,035,31185,5026,4973,89,5062,1
2021-02-07,Los Angeles,037,10098052,1147476,1117551,38006,1155557,17889
2021-02-07,Madera,039,155013,15138,14850,754,15604,93
2021-02-07,Marin,041,260295,12734,12571,151,12722,194
2021-02-07,Mariposa,043,17540,366,355,4,359,4
2021-02-07,Mendocino,045,87422,3500,3348,67,3415,38
2021-02-07,Merced,047,269075,27222,26977,785,27762,346
2021-02-07,Modoc,049,8938,331,317,107,424,3
2021-02-07,Mono,051,14174,1155,1165,16,1181,3
2021-02-07,Monterey,053,433212,40819,40113,1545,41658,283
2021-02-07,Napa,055,140530,8764,8701,33,8734,55
2021-02-07,Nevada,057,99092,3796,3643,149,3792,44
2021-02-07,Orange,059,3164182,241644,238155,9838,247993,3336
2021-02-07,Placer,061,380077,19886,18903,1036,19939,211
2021-02-07,Plumas,063,18699,629,584,10,594,2
2021-02-07,Riverside,065,2383286,279794,272301,13148,285449,3267
2021-02-07,Sacramento,067,1510023,90635,88919,1161,90080,1246
2021-02-07,San Benito,069,59416,5585,5548,80,5628,52
2021-02-07,San Bernardino,071,2135413,281455,274316,8334,282650,2587
2021-02-07,San Diego,073,3302833,255619,246561,12245,258806,2821
2021-02-07,San Francisco,075,870044,32960,32609,962,33571,348
2021-02-07,San Joaquin,077,732212,64562,63051,2618,65669,929
2021-02-07,San Luis Obispo,079,281455,18923,18349,511,18860,214
2021-02-07,San Mateo,081,765935,38175,36984,382,37366,232
2021-02-07,Santa Barbara,083,443738,30875,29815,1039,30854,340
2021-02-07,Santa Clara,085,1922200,106210,105118,508,105626,1450
2021-02-07,Santa Cruz,087,273765,14890,13887,741,14628,161
2021-02-07,Shasta,089,179085,10634,10570,1139,11709,137
2021-02-07,Sierra,091,2930,49,43,12,55,0
2021-02-07,Siskiyou,093,43540,1393,1295,212,1507,4
2021-02-07,Solano,095,438530,28945,28567,333,28900,130
2021-02-07,Sonoma,097,501317,26796,26684,156,26840,257
2021-02-07,Stanislaus,099,539301,48681,47551,5048,52599,679
2021-02-07,Sutter,101,95872,8607,8515,78,8593,92
2021-02-07,Tehama,103,63373,4467,4396,474,4870,22
2021-02-07,Trinity,105,12862,447,264,68,332,3
2021-02-07,Tulare,107,460477,46841,45520,7349,52869,671
2021-02-07,Tuolumne,109,53932,3634,3619,31,3650,48
2021-02-07,Ventura,111,848112,74897,73759,2652,76411,561
2021-02-07,Yolo,113,214977,12420,12135,200,12335,162
2021-02-07,Yuba,115,75493,5307,5198,78,5276,35
2021-02-06,Alameda,001,1643700,77647,76170,1649,77819,922
2021-02-06,Alpine,003,1148,74,72,0,72,0
2021-02-06,Amador,005,37829,3358,3306,28,3334,33
2021-02-06,Butte,007,227075,10971,10480,1547,12027,150
2021-02-06,Calaveras,009,45235,1852,1832,12,1844,21
2021-02-06,Colusa,011,21464,1813,1791,234,2025,10
2021-02-06,Contra Costa,013,1133247,60328,58567,1016,59583,566
2021-02-06,Del Norte,015,27424,917,879,4,883,2
2021-02-06,El Dorado,017,186661,8808,8575,571,9146,86
2021-02-06,Fresno,019,978130,93337,90944,7269,98213,1207
2021-02-06,Glenn,021,27897,2186,2136,469,2605,14
2021-02-06,Humboldt,023,135768,2936,2880,19,2899,28
2021-02-06,Imperial,025,180216,26904,26514,2502,29016,567
2021-02-06,Inyo,027,18085,1159,1113,8,1121,27
2021-02-06,Kern,029,883053,90551,87919,9071,96990,912
2021-02-06,Kings,031,150075,21653,21156,924,22080,190
2021-02-06,Lake,033,64148,3005,2920,1,2921,34
2021-02-06,Lassen,035,31185,5022,4964,88,5052,1
2021-02-06,Los Angeles,037,10098052,1146122,1114718,37908,1152626,17793
2021-02-06,Madera,039,155013,15117,14807,752,15559,93
2021-02-06,Marin,041,260295,12714,12531,151,12682,194
2021-02-06,Mariposa,043,17540,365,355,3,358,4
2021-02-06,Mendocino,045,87422,3482,3316,66,3382,38
2021-02-06,Merced,047,269075,27136,26881,778,27659,346
2021-02-06,Modoc,049,8938,331,313,107,420,3
2021-02-06,Mono,051,14174,1154,1159,16,1175,3
2021-02-06,Monterey,053,433212,40763,39995,1537,41532,282
2021-02-06,Napa,055,140530,8751,8639,33,8672,55
2021-02-06,Nevada,057,99092,3784,3624,149,3773,43
2021-02-06,Orange,059,3164182,241280,237391,9804,247195,3293
2021-02-06,Placer,061,380077,19849,18836,1033,19869,211
2021-02-06,Plumas,063,18699,629,584,10,594,2
2021-02-06,Riverside,065,2383286,279428,271741,13129,284870,3243
2021-02-06,Sacramento,067,1510023,90418,88532,1151,89683,1237
2021-02-06,San Benito,069,59416,5567,5516,80,5596,52
2021-02-06,San Bernardino,071,2135413,281149,273718,8311,282029,2564
2021-02-06,San Diego,073,3302833,255123,245331,12210,257541,2812
2021-02-06,San Francisco,075,870044,32886,32437,952,33389,346
2021-02-06,San Joaquin,077,732212,64483,62840,2607,65447,906
2021-02-06,San Luis Obispo,079,281455,18881,18284,507,18791,214
2021-02-06,San Mateo,081,765935,38107,36824,379,37203,232
2021-02-06,Santa Barbara,083,443738,30799,29645,1037,30682,337
2021-02-06,Santa Clara,085,1922200,105989,104639,503,105142,1439
2021-02-06,Santa Cruz,087,273765,14859,13845,737,14582,161
2021-02-06,Shasta,089,179085,10623,10561,1137,11698,137
2021-02-06,Sierra,091,2930,49,43,12,55,0
2021-02-06,Siskiyou,093,43540,1390,1289,211,1500,4
2021-02-06,Solano,095,438530,28909,28446,332,28778,129
2021-02-06,Sonoma,097,501317,26759,26564,154,26718,257
2021-02-06,Stanislaus,099,539301,48583,47325,5032,52357,679
2021-02-06,Sutter,101,95872,8599,8485,78,8563,92
2021-02-06,Tehama,103,63373,4460,4380,472,4852,22
2021-02-06,Trinity,105,12862,447,263,68,331,3
2021-02-06,Tulare,107,460477,46773,45349,7302,52651,664
2021-02-06,Tuolumne,109,53932,3627,3612,31,3643,48
2021-02-06,Ventura,111,848112,74717,73431,2646,76077,552
2021-02-06,Yolo,113,214977,12397,12061,200,12261,161
2021-02-06,Yuba,115,75493,5297,5177,77,5254,35
2021-02-05,Alameda,001,1643700,77422,75716,1647,77363,916
2021-02-05,Alpine,003,1148,74,72,0,72,0
2021-02-05,Amador,005,37829,3353,3299,27,3326,33
2021-02-05,Butte,007,227075,10953,10421,1541,11962,150
2021-02-05,Calaveras,009,45235,1848,1818,12,1830,21
2021-02-05,Colusa,011,21464,1809,1785,234,2019,10
2021-02-05,Contra Costa,013,1133247,60167,58195,1014,59209,560
2021-02-05,Del Norte,015,27424,916,874,4,878,2
2021-02-05,El Dorado,017,186661,8788,8527,569,9096,86
2021-02-05,Fresno,019,978130,93135,90513,7248,97761,1194
2021-02-05,Glenn,021,27897,2182,2122,463,2585,14
2021-02-05,Humboldt,023,135768,2926,2857,19,2876,28
2021-02-05,Imperial,025,180216,26885,26474,2501,28975,557
2021-02-05,Inyo,027,18085,1155,1104,8,1112,27
2021-02-05,Kern,029,883053,90382,87470,9004,96474,906
2021-02-05,Kings,031,150075,21615,21021,921,21942,190
2021-02-05,Lake,033,64148,2993,2906,1,2907,33
2021-02-05,Lassen,035,31185,5018,4936,88,5024,1
2021-02-05,Los Angeles,037,10098052,1144026,1110384,37772,1148156,17608
2021-02-05,Madera,039,155013,15083,14752,747,15499,95
2021-02-05,Marin,041,260295,12679,12479,151,12630,193
2021-02-05,Mariposa,043,17540,365,352,3,355,4
2021-02-05,Mendocino,045,87422,3468,3272,66,3338,38
2021-02-05,Merced,047,269075,27076,26760,777,27537,345
2021-02-05,Modoc,049,8938,331,312,107,419,3
2021-02-05,Mono,051,14174,1153,1157,16,1173,3
2021-02-05,Monterey,053,433212,40696,39840,1526,41366,281
2021-02-05,Napa,055,140530,8737,8598,33,8631,55
2021-02-05,Nevada,057,99092,3781,3607,149,3756,43
2021-02-05,Orange,059,3164182,240853,236335,9777,246112,3260
2021-02-05,Placer,061,380077,19813,18756,1031,19787,211
2021-02-05,Plumas,063,18699,627,578,10,588,2
2021-02-05,Riverside,065,2383286,279014,270666,13110,283776,3235
2021-02-05,Sacramento,067,1510023,90238,87992,1144,89136,1231
2021-02-05,San Benito,069,59416,5556,5502,80,5582,51
2021-02-05,San Bernardino,071,2135413,280811,272938,8293,281231,2495
2021-02-05,San Diego,073,3302833,254547,244066,12175,256241,2777
2021-02-05,San Francisco,075,870044,32796,32229,941,33170,337
2021-02-05,San Joaquin,077,732212,64333,62565,2599,65164,902
2021-02-05,San Luis Obispo,079,281455,18820,18152,503,18655,213
2021-02-05,San Mateo,081,765935,38023,36582,378,36960,227
2021-02-05,Santa Barbara,083,443738,30702,29455,1024,30479,334
2021-02-05,Santa Clara,085,1922200,105741,104112,501,104613,1421
2021-02-05,Santa Cruz,087,273765,14838,13776,735,14511,161
2021-02-05,Shasta,089,179085,10607,10507,1130,11637,136
2021-02-05,Sierra,091,2930,49,42,12,54,0
2021-02-05,Siskiyou,093,43540,1383,1276,209,1485,4
2021-02-05,Solano,095,438530,28859,28283,332,28615,127
2021-02-05,Sonoma,097,501317,26690,26423,151,26574,252
2021-02-05,Stanislaus,099,539301,48441,47024,5014,52038,678
2021-02-05,Sutter,101,95872,8579,8443,78,8521,92
2021-02-05,Tehama,103,63373,4452,4355,472,4827,22
2021-02-05,Trinity,105,12862,446,260,68,328,3
2021-02-05,Tulare,107,460477,46697,45138,7252,52390,663
2021-02-05,Tuolumne,109,53932,3601,3595,31,3626,45
2021-02-05,Ventura,111,848112,74472,72953,2634,75587,546
2021-02-05,Yolo,113,214977,12378,12025,195,12220,162
2021-02-05,Yuba,115,75493,5280,5145,77,5222,35
2021-02-04,Alameda,001,1643700,77137,75422,1641,77063,899
2021-02-04,Alpine,003,1148,73,72,0,72,0
2021-02-04,Amador,005,37829,3350,3288,27,3315,33
2021-02-04,Butte,007,227075,10920,10386,1533,11919,147
2021-02-04,Calaveras,009,45235,1846,1808,12,1820,21
2021-02-04,Colusa,011,21464,1805,1777,232,2009,10
2021-02-04,Contra Costa,013,1133247,59978,57991,1010,59001,550
2021-02-04,Del Norte,015,27424,910,870,4,874,2
2021-02-04,El Dorado,017,186661,8762,8490,566,9056,86
2021-02-04,Fresno,019,978130,92920,90126,7221,97347,1114
2021-02-04,Glenn,021,27897,2178,2102,462,2564,14
2021-02-04,Humboldt,023,135768,2916,2827,19,2846,28
2021-02-04,Imperial,025,180216,26838,26411,2498,28909,556
2021-02-04,Inyo,027,18085,1143,1084,8,1092,27
2021-02-04,Kern,029,883053,90109,87156,8926,96082,898
2021-02-04,Kings,031,150075,21564,20918,914,21832,187
2021-02-04,Lake,033,64148,2981,2882,1,2883,34
2021-02-04,Lassen,035,31185,5015,4927,88,5015,1
2021-02-04,Los Angeles,037,10098052,1141231,1106323,37644,1143967,17396
2021-02-04,Madera,039,155013,15053,14706,744,15450,95
2021-02-04,Marin,041,260295,12643,12431,151,12582,192
2021-02-04,Mariposa,043,17540,365,348,3,351,4
2021-02-04,Mendocino,045,87422,3450,3240,64,3304,38
2021-02-04,Merced,047,269075,26983,26629,774,27403,345
2021-02-04,Modoc,049,8938,331,309,107,416,3
2021-02-04,Mono,051,14174,1151,1153,16,1169,3
2021-02-04,Monterey,053,433212,40586,39619,1509,41128,279
2021-02-04,Napa,055,140530,8708,8573,33,8606,55
2021-02-04,Nevada,057,99092,3761,3590,148,3738,37
2021-02-04,Orange,059,3164182,240211,235677,9735,245412,3238
2021-02-04,Placer,061,380077,19753,18711,1022,19733,210
2021-02-04,Plumas,063,18699,624,562,10,572,2
2021-02-04,Riverside,065,2383286,278252,269851,13071,282922,3230
2021-02-04,Sacramento,067,1510023,89938,87658,1134,88792,1222
2021-02-04,San Benito,069,59416,5542,5488,79,5567,51
2021-02-04,San Bernardino,071,2135413,280261,272223,8274,280497,2409
2021-02-04,San Diego,073,3302833,253759,242613,12109,254722,2738
2021-02-04,San Francisco,075,870044,32682,32116,932,33048,326
2021-02-04,San Joaquin,077,732212,64108,62374,2591,64965,883
2021-02-04,San Luis Obispo,079,281455,18753,18058,501,18559,211
2021-02-04,San Mateo,081,765935,37903,36437,375,36812,226
2021-02-04,Santa Barbara,083,443738,30567,29344,1007,30351,322
2021-02-04,Santa Clara,085,1922200,105394,103781,498,104279,1404
2021-02-04,Santa Cruz,087,273765,14805,13713,727,14440,156
2021-02-04,Shasta,089,179085,10581,10466,1125,11591,131
2021-02-04,Sierra,091,2930,49,42,12,54,0
2021-02-04,Siskiyou,093,43540,1374,1273,209,1482,4
2021-02-04,Solano,095,438530,28756,28192,331,28523,120
2021-02-04,Sonoma,097,501317,26608,26276,147,26423,249
2021-02-04,Stanislaus,099,539301,48278,46822,4995,51817,678
2021-02-04,Sutter,101,95872,8559,8401,78,8479,92
2021-02-04,Tehama,103,63373,4436,4327,472,4799,21
2021-02-04,Trinity,105,12862,445,260,67,327,3
2021-02-04,Tulare,107,460477,46570,44983,7190,52173,656
2021-02-04,Tuolumne,109,53932,3561,3585,31,3616,45
2021-02-04,Ventura,111,848112,74140,72595,2621,75216,537
2021-02-04,Yolo,113,214977,12344,11982,194,12176,161
2021-02-04,Yuba,115,75493,5254,5135,77,5212,34
2021-02-03,Alameda,001,1643700,76809,74968,1637,76605,880
2021-02-03,Alpine,003,1148,73,72,0,72,0
2021-02-03,Amador,005,37829,3346,3281,27,3308,33
2021-02-03,Butte,007,227075,10883,10355,1526,11881,144
2021-02-03,Calaveras,009,45235,1832,1799,11,1810,21
2021-02-03,Colusa,011,21464,1800,1773,231,2004,10
2021-02-03,Contra Costa,013,1133247,59739,57762,998,58760,537
2021-02-03,Del Norte,015,27424,905,869,4,873,2
2021-02-03,El Dorado,017,186661,8742,8428,565,8993,86
2021-02-03,Fresno,019,978130,92699,89748,7182,96930,1015
2021-02-03,Glenn,021,27897,2168,2098,460,2558,14
2021-02-03,Humboldt,023,135768,2906,2800,19,2819,27
2021-02-03,Imperial,025,180216,26804,26363,2492,28855,547
2021-02-03,Inyo,027,18085,1133,1071,8,1079,27
2021-02-03,Kern,029,883053,89867,86771,8885,95656,877
2021-02-03,Kings,031,150075,21503,20831,912,21743,172
2021-02-03,Lake,033,64148,2964,2869,1,2870,33
2021-02-03,Lassen,035,31185,5003,4910,88,4998,1
2021-02-03,Los Angeles,037,10098052,1138153,1101890,37518,1139408,17163
2021-02-03,Madera,039,155013,15014,14605,742,15347,94
2021-02-03,Marin,041,260295,12609,12406,151,12557,190
2021-02-03,Mariposa,043,17540,364,347,3,350,4
2021-02-03,Mendocino,045,87422,3424,3236,63,3299,38
2021-02-03,Merced,047,269075,26867,26520,769,27289,343
2021-02-03,Modoc,049,8938,330,308,107,415,3
2021-02-03,Mono,051,14174,1144,1146,16,1162,3
2021-02-03,Monterey,053,433212,40459,39500,1491,40991,279
2021-02-03,Napa,055,140530,8673,8534,33,8567,54
2021-02-03,Nevada,057,99092,3747,3572,148,3720,35
2021-02-03,Orange,059,3164182,239469,234738,9703,244441,3189
2021-02-03,Placer,061,380077,19698,18646,1020,19666,210
2021-02-03,Plumas,063,18699,624,559,10,569,2
2021-02-03,Riverside,065,2383286,277513,269019,13041,282060,3195
2021-02-03,Sacramento,067,1510023,89615,87415,1130,88545,1212
2021-02-03,San Benito,069,59416,5524,5463,76,5539,51
2021-02-03,San Bernardino,071,2135413,279779,271477,8251,279728,2308
2021-02-03,San Diego,073,3302833,252858,241015,12062,253077,2683
2021-02-03,San Francisco,075,870044,32552,31983,927,32910,325
2021-02-03,San Joaquin,077,732212,63880,61976,2581,64557,880
2021-02-03,San Luis Obispo,079,281455,18675,17922,498,18420,206
2021-02-03,San Mateo,081,765935,37765,36227,371,36598,225
2021-02-03,Santa Barbara,083,443738,30418,29121,997,30118,315
2021-02-03,Santa Clara,085,1922200,105076,103278,496,103774,1364
2021-02-03,Santa Cruz,087,273765,14750,13611,721,14332,154
2021-02-03,Shasta,089,179085,10538,10422,1120,11542,130
2021-02-03,Sierra,091,2930,49,42,12,54,0
2021-02-03,Siskiyou,093,43540,1363,1268,208,1476,4
2021-02-03,Solano,095,438530,28634,28057,331,28388,119
2021-02-03,Sonoma,097,501317,26524,26155,146,26301,248
2021-02-03,Stanislaus,099,539301,48102,46598,4976,51574,662
2021-02-03,Sutter,101,95872,8534,8379,78,8457,90
2021-02-03,Tehama,103,63373,4414,4309,469,4778,21
2021-02-03,Trinity,105,12862,445,260,66,326,3
2021-02-03,Tulare,107,460477,46399,44838,7134,51972,640
2021-02-03,Tuolumne,109,53932,3550,3568,31,3599,45
2021-02-03,Ventura,111,848112,73804,72124,2610,74734,526
2021-02-03,Yolo,113,214977,12320,11933,193,12126,161
2021-02-03,Yuba,115,75493,5236,5124,77,5201,34
2021-02-02,Alameda,001,1643700,76464,74642,1625,76267,869
2021-02-02,Alpine,003,1148,73,72,0,72,0
2021-02-02,Amador,005,37829,3315,3275,27,3302,33
2021-02-02,Butte,007,227075,10856,10307,1518,11825,141
2021-02-02,Calaveras,009,45235,1823,1786,11,1797,21
2021-02-02,Colusa,011,21464,1792,1769,226,1995,9
2021-02-02,Contra Costa,013,1133247,59458,57551,994,58545,536
2021-02-02,Del Norte,015,27424,899,868,4,872,2
2021-02-02,El Dorado,017,186661,8702,8405,565,8970,84
2021-02-02,Fresno,019,978130,92398,89542,7146,96688,1009
2021-02-02,Glenn,021,27897,2156,2090,457,2547,14
2021-02-02,Humboldt,023,135768,2894,2784,19,2803,25
2021-02-02,Imperial,025,180216,26752,26317,2486,28803,535
2021-02-02,Inyo,027,18085,1130,1074,8,1082,27
2021-02-02,Kern,029,883053,89565,86485,8809,95294,867
2021-02-02,Kings,031,150075,21425,20785,904,21689,172
2021-02-02,Lake,033,64148,2944,2857,1,2858,33
2021-02-02,Lassen,035,31185,4996,4908,88,4996,1
2021-02-02,Los Angeles,037,10098052,1134772,1097573,37352,1134925,16913
2021-02-02,Madera,039,155013,14963,14595,737,15332,94
2021-02-02,Marin,041,260295,12580,12367,151,12518,189
2021-02-02,Mariposa,043,17540,361,345,3,348,4
2021-02-02,Mendocino,045,87422,3391,3210,63,3273,38
2021-02-02,Merced,047,269075,26770,26427,762,27189,340
2021-02-02,Modoc,049,8938,325,306,107,413,3
2021-02-02,Mono,051,14174,1142,1147,16,1163,3
2021-02-02,Monterey,053,433212,40323,39371,1477,40848,278
2021-02-02,Napa,055,140530,8644,8505,33,8538,53
2021-02-02,Nevada,057,99092,3732,3548,148,3696,20
2021-02-02,Orange,059,3164182,238667,233783,9668,243451,3152
2021-02-02,Placer,061,380077,19639,18615,1016,19631,205
2021-02-02,Plumas,063,18699,624,560,10,570,2
2021-02-02,Riverside,065,2383286,276651,267901,13007,280908,3169
2021-02-02,Sacramento,067,1510023,89325,87107,1119,88226,1202
2021-02-02,San Benito,069,59416,5510,5444,75,5519,50
2021-02-02,San Bernardino,071,2135413,279102,270486,8221,278707,2244
2021-02-02,San Diego,073,3302833,251819,240047,11975,252022,2629
2021-02-02,San Francisco,075,870044,32398,31788,917,32705,324
2021-02-02,San Joaquin,077,732212,63660,61708,2567,64275,878
2021-02-02,San Luis Obispo,079,281455,18581,17811,496,18307,201
2021-02-02,San Mateo,081,765935,37601,36004,365,36369,225
2021-02-02,Santa Barbara,083,443738,30247,28951,990,29941,304
2021-02-02,Santa Clara,085,1922200,104612,102872,491,103363,1349
2021-02-02,Santa Cruz,087,273765,14691,13572,717,14289,150
2021-02-02,Shasta,089,179085,10512,10371,1110,11481,128
2021-02-02,Sierra,091,2930,49,42,12,54,0
2021-02-02,Siskiyou,093,43540,1356,1252,205,1457,4
2021-02-02,Solano,095,438530,28538,27963,327,28290,118
2021-02-02,Sonoma,097,501317,26408,26054,146,26200,247
2021-02-02,Stanislaus,099,539301,47882,46306,4944,51250,641
2021-02-02,Sutter,101,95872,8511,8340,78,8418,89
2021-02-02,Tehama,103,63373,4401,4289,468,4757,21
2021-02-02,Trinity,105,12862,445,260,66,326,3
2021-02-02,Tulare,107,460477,46243,44720,7068,51788,625
2021-02-02,Tuolumne,109,53932,3538,3548,31,3579,39
2021-02-02,Ventura,111,848112,73386,71557,2600,74157,514
2021-02-02,Yolo,113,214977,12275,11886,186,12072,158
2021-02-02,Yuba,115,75493,5218,5111,77,5188,34
2021-02-01,Alameda,001,1643700,76109,74374,1620,75994,858
2021-02-01,Alpine,003,1148,73,72,0,72,0
2021-02-01,Amador,005,37829,3304,3234,27,3261,32
2021-02-01,Butte,007,227075,10814,10263,1514,11777,141
2021-02-01,Calaveras,009,45235,1815,1785,11,1796,21
2021-02-01,Colusa,011,21464,1787,1763,217,1980,9
2021-02-01,Contra Costa,013,1133247,59213,57324,993,58317,531
2021-02-01,Del Norte,015,27424,896,865,4,869,2
2021-02-01,El Dorado,017,186661,8663,8337,565,8902,83
2021-02-01,Fresno,019,978130,92066,89272,7111,96383,994
2021-02-01,Glenn,021,27897,2140,2086,449,2535,14
2021-02-01,Humboldt,023,135768,2872,2773,18,2791,25
2021-02-01,Imperial,025,180216,26709,26224,2484,28708,530
2021-02-01,Inyo,027,18085,1120,1072,8,1080,27
2021-02-01,Kern,029,883053,89168,86170,8740,94910,862
2021-02-01,Kings,031,150075,21334,20746,896,21642,172
2021-02-01,Lake,033,64148,2928,2843,1,2844,33
2021-02-01,Lassen,035,31185,4976,4907,88,4995,1
2021-02-01,Los Angeles,037,10098052,1130953,1094341,37182,1131523,16695
2021-02-01,Madera,039,155013,14928,14572,734,15306,94
2021-02-01,Marin,041,260295,12540,12341,150,12491,188
2021-02-01,Mariposa,043,17540,359,344,3,347,4
2021-02-01,Mendocino,045,87422,3358,3192,63,3255,37
2021-02-01,Merced,047,269075,26644,26282,753,27035,337
2021-02-01,Modoc,049,8938,319,303,103,406,1
2021-02-01,Mono,051,14174,1139,1145,16,1161,3
2021-02-01,Monterey,053,433212,40142,39196,1455,40651,278
2021-02-01,Napa,055,140530,8612,8449,33,8482,52
2021-02-01,Nevada,057,99092,3715,3535,147,3682,20
2021-02-01,Orange,059,3164182,237756,233155,9622,242777,3100
2021-02-01,Placer,061,380077,19573,18574,1009,19583,204
2021-02-01,Plumas,063,18699,622,554,10,564,2
2021-02-01,Riverside,065,2383286,275712,267025,12970,279995,3092
2021-02-01,Sacramento,067,1510023,88924,86856,1108,87964,1193
2021-02-01,San Benito,069,59416,5492,5432,75,5507,48
2021-02-01,San Bernardino,071,2135413,278407,270012,8181,278193,2172
2021-02-01,San Diego,073,3302833,250595,239121,11899,251020,2619
2021-02-01,San Francisco,075,870044,32264,31703,905,32608,324
2021-02-01,San Joaquin,077,732212,63455,61542,2556,64098,877
2021-02-01,San Luis Obispo,079,281455,18461,17690,489,18179,199
2021-02-01,San Mateo,081,765935,37452,35843,365,36208,220
2021-02-01,Santa Barbara,083,443738,30077,28837,982,29819,297
2021-02-01,Santa Clara,085,1922200,104197,102462,490,102952,1343
2021-02-01,Santa Cruz,087,273765,14638,13524,715,14239,149
2021-02-01,Shasta,089,179085,10487,10329,1104,11433,112
2021-02-01,Sierra,091,2930,49,42,12,54,0
2021-02-01,Siskiyou,093,43540,1349,1238,202,1440,4
2021-02-01,Solano,095,438530,28433,27844,326,28170,117
2021-02-01,Sonoma,097,501317,26320,26011,145,26156,243
2021-02-01,Stanislaus,099,539301,47623,46112,4916,51028,642
2021-02-01,Sutter,101,95872,8472,8313,78,8391,89
2021-02-01,Tehama,103,63373,4377,4263,468,4731,21
2021-02-01,Trinity,105,12862,443,260,66,326,3
2021-02-01,Tulare,107,460477,46099,44569,6987,51556,618
2021-02-01,Tuolumne,109,53932,3530,3534,31,3565,39
2021-02-01,Ventura,111,848112,72980,71104,2584,73688,502
2021-02-01,Yolo,113,214977,12230,11824,178,12002,151
2021-02-01,Yuba,115,75493,5204,5084,76,5160,33
2021-01-31,Alameda,001,1643700,75684,73979,1612,75591,857
2021-01-31,Alpine,003,1148,73,72,0,72,0
2021-01-31,Amador,005,37829,3294,3212,25,3237,32
2021-01-31,Butte,007,227075,10772,10215,1503,11718,140
2021-01-31,Calaveras,009,45235,1795,1778,11,1789,21
2021-01-31,Colusa,011,21464,1780,1754,212,1966,9
2021-01-31,Contra Costa,013,1133247,58882,57079,993,58072,531
2021-01-31,Del Norte,015,27424,894,865,4,869,2
2021-01-31,El Dorado,017,186661,8627,8317,563,8880,83
2021-01-31,Fresno,019,978130,91754,88852,7057,95909,994
2021-01-31,Glenn,021,27897,2129,2083,448,2531,14
2021-01-31,Humboldt,023,135768,2856,2767,18,2785,25
2021-01-31,Imperial,025,180216,26637,26206,2475,28681,530
2021-01-31,Inyo,027,18085,1107,1072,8,1080,27
2021-01-31,Kern,029,883053,88672,85872,8654,94526,861
2021-01-31,Kings,031,150075,21249,20709,884,21593,172
2021-01-31,Lake,033,64148,2907,2826,1,2827,33
2021-01-31,Lassen,035,31185,4960,4900,88,4988,1
2021-01-31,Los Angeles,037,10098052,1126335,1090304,36978,1127282,16609
2021-01-31,Madera,039,155013,14874,14496,726,15222,94
2021-01-31,Marin,041,260295,12493,12297,146,12443,185
2021-01-31,Mariposa,043,17540,357,344,3,347,4
2021-01-31,Mendocino,045,87422,3335,3181,62,3243,37
2021-01-31,Merced,047,269075,26500,26222,748,26970,337
2021-01-31,Modoc,049,8938,316,304,101,405,1
2021-01-31,Mono,051,14174,1136,1146,16,1162,3
2021-01-31,Monterey,053,433212,39961,39035,1428,40463,278
2021-01-31,Napa,055,140530,8570,8404,33,8437,52
2021-01-31,Nevada,057,99092,3693,3518,145,3663,20
2021-01-31,Orange,059,3164182,236738,232347,9581,241928,3053
2021-01-31,Placer,061,380077,19497,18506,998,19504,204
2021-01-31,Plumas,063,18699,621,554,10,564,2
2021-01-31,Riverside,065,2383286,274699,266145,12923,279068,3074
2021-01-31,Sacramento,067,1510023,88481,86560,1094,87654,1186
2021-01-31,San Benito,069,59416,5470,5425,73,5498,48
2021-01-31,San Bernardino,071,2135413,277378,269533,8150,277683,2156
2021-01-31,San Diego,073,3302833,249282,238039,11785,249824,2619
2021-01-31,San Francisco,075,870044,32073,31563,894,32457,323
2021-01-31,San Joaquin,077,732212,63053,61379,2546,63925,877
2021-01-31,San Luis Obispo,079,281455,18327,17615,484,18099,199
2021-01-31,San Mateo,081,765935,37262,35659,362,36021,219
2021-01-31,Santa Barbara,083,443738,29832,28570,973,29543,297
2021-01-31,Santa Clara,085,1922200,103649,101986,481,102467,1330
2021-01-31,Santa Cruz,087,273765,14543,13469,701,14170,149
2021-01-31,Shasta,089,179085,10442,10313,1095,11408,112
2021-01-31,Sierra,091,2930,48,43,12,55,0
2021-01-31,Siskiyou,093,43540,1339,1238,202,1440,4
2021-01-31,Solano,095,438530,28303,27678,326,28004,118
2021-01-31,Sonoma,097,501317,26217,25925,144,26069,243
2021-01-31,Stanislaus,099,539301,47337,45971,4879,50850,642
2021-01-31,Sutter,101,95872,8427,8289,78,8367,89
2021-01-31,Tehama,103,63373,4357,4256,467,4723,21
2021-01-31,Trinity,105,12862,441,260,66,326,3
2021-01-31,Tulare,107,460477,45932,44440,6906,51346,618
2021-01-31,Tuolumne,109,53932,3492,3519,31,3550,39
2021-01-31,Ventura,111,848112,72385,70635,2571,73206,502
2021-01-31,Yolo,113,214977,12169,11771,172,11943,151
2021-01-31,Yuba,115,75493,5184,5071,75,5146,33
2021-01-30,Alameda,001,1643700,75479,73622,1607,75229,850
2021-01-30,Alpine,003,1148,73,72,0,72,0
2021-01-30,Amador,005,37829,3290,3181,25,3206,32
2021-01-30,Butte,007,227075,10737,10177,1494,11671,139
2021-01-30,Calaveras,009,45235,1781,1763,11,1774,21
2021-01-30,Colusa,011,21464,1778,1748,212,1960,9
2021-01-30,Contra Costa,013,1133247,58698,56763,989,57752,531
2021-01-30,Del Norte,015,27424,893,865,4,869,2
2021-01-30,El Dorado,017,186661,8607,8299,562,8861,83
2021-01-30,Fresno,019,978130,91574,88476,7037,95513,964
2021-01-30,Glenn,021,27897,2126,2074,446,2520,14
2021-01-30,Humboldt,023,135768,2845,2742,18,2760,24
2021-01-30,Imperial,025,180216,26615,26160,2471,28631,530
2021-01-30,Inyo,027,18085,1103,1068,8,1076,27
2021-01-30,Kern,029,883053,88471,85572,8588,94160,848
2021-01-30,Kings,031,150075,21178,20605,879,21484,169
2021-01-30,Lake,033,64148,2901,2809,1,2810,33
2021-01-30,Lassen,035,31185,4956,4890,88,4978,1
2021-01-30,Los Angeles,037,10098052,1123952,1084763,36836,1121599,16484
2021-01-30,Madera,039,155013,14832,14443,721,15164,94
2021-01-30,Marin,041,260295,12465,12225,145,12370,185
2021-01-30,Mariposa,043,17540,355,344,3,347,4
2021-01-30,Mendocino,045,87422,3321,3153,61,3214,36
2021-01-30,Merced,047,269075,26425,26078,747,26825,335
2021-01-30,Modoc,049,8938,316,303,101,404,1
2021-01-30,Mono,051,14174,1136,1143,16,1159,3
2021-01-30,Monterey,053,433212,39901,38847,1425,40272,277
2021-01-30,Napa,055,140530,8554,8342,33,8375,52
2021-01-30,Nevada,057,99092,3674,3499,145,3644,20
2021-01-30,Orange,059,3164182,236194,231358,9544,240902,3013
2021-01-30,Placer,061,380077,19446,18430,992,19422,205
2021-01-30,Plumas,063,18699,619,554,10,564,2
2021-01-30,Riverside,065,2383286,274100,265137,12892,278029,3061
2021-01-30,Sacramento,067,1510023,88288,86388,1089,87477,1184
2021-01-30,San Benito,069,59416,5452,5401,72,5473,48
2021-01-30,San Bernardino,071,2135413,276959,268660,8131,276791,2122
2021-01-30,San Diego,073,3302833,248518,236765,11740,248505,2603
2021-01-30,San Francisco,075,870044,31972,31427,891,32318,316
2021-01-30,San Joaquin,077,732212,62921,61120,2537,63657,864
2021-01-30,San Luis Obispo,079,281455,18247,17522,482,18004,198
2021-01-30,San Mateo,081,765935,37123,35451,361,35812,219
2021-01-30,Santa Barbara,083,443738,29689,28342,971,29313,296
2021-01-30,Santa Clara,085,1922200,103303,101471,478,101949,1307
2021-01-30,Santa Cruz,087,273765,14503,13383,700,14083,149
2021-01-30,Shasta,089,179085,10423,10283,1092,11375,112
2021-01-30,Sierra,091,2930,48,43,12,55,0
2021-01-30,Siskiyou,093,43540,1336,1236,201,1437,4
2021-01-30,Solano,095,438530,28220,27511,324,27835,118
2021-01-30,Sonoma,097,501317,26169,25810,141,25951,243
2021-01-30,Stanislaus,099,539301,47208,45697,4855,50552,642
2021-01-30,Sutter,101,95872,8411,8226,78,8304,87
2021-01-30,Tehama,103,63373,4343,4229,466,4695,21
2021-01-30,Trinity,105,12862,441,259,66,325,3
2021-01-30,Tulare,107,460477,45797,44203,6869,51072,615
2021-01-30,Tuolumne,109,53932,3488,3508,31,3539,36
2021-01-30,Ventura,111,848112,72072,69931,2557,72488,493
2021-01-30,Yolo,113,214977,12155,11698,171,11869,151
2021-01-30,Yuba,115,75493,5174,5042,74,5116,33
2021-01-29,Alameda,001,1643700,75211,73210,1600,74810,841
2021-01-29,Alpine,003,1148,73,72,0,72,0
2021-01-29,Amador,005,37829,3278,3134,24,3158,32
2021-01-29,Butte,007,227075,10706,10122,1484,11606,138
2021-01-29,Calaveras,009,45235,1771,1757,11,1768,21
2021-01-29,Colusa,011,21464,1774,1734,211,1945,8
2021-01-29,Contra Costa,013,1133247,58526,56318,987,57305,529
2021-01-29,Del Norte,015,27424,892,865,4,869,2
2021-01-29,El Dorado,017,186661,8590,8231,561,8792,83
2021-01-29,Fresno,019,978130,91359,87936,6999,94935,962
2021-01-29,Glenn,021,27897,2121,2061,445,2506,14
2021-01-29,Humboldt,023,135768,2832,2707,18,2725,24
2021-01-29,Imperial,025,180216,26600,26045,2468,28513,521
2021-01-29,Inyo,027,18085,1091,1048,8,1056,27
2021-01-29,Kern,029,883053,88244,85044,8536,93580,836
2021-01-29,Kings,031,150075,21139,20466,874,21340,169
2021-01-29,Lake,033,64148,2892,2792,1,2793,32
2021-01-29,Lassen,035,31185,4953,4874,88,4962,1
2021-01-29,Los Angeles,037,10098052,1120476,1078329,36682,1115011,16190
2021-01-29,Madera,039,155013,14781,14377,721,15098,94
2021-01-29,Marin,041,260295,12422,12145,144,12289,185
2021-01-29,Mariposa,043,17540,354,342,3,345,4
2021-01-29,Mendocino,045,87422,3312,3131,60,3191,36
2021-01-29,Merced,047,269075,26350,25865,743,26608,334
2021-01-29,Modoc,049,8938,315,297,101,398,1
2021-01-29,Mono,051,14174,1134,1139,16,1155,3
2021-01-29,Monterey,053,433212,39781,38539,1417,39956,277
2021-01-29,Napa,055,140530,8523,8276,33,8309,52
2021-01-29,Nevada,057,99092,3665,3487,144,3631,20
2021-01-29,Orange,059,3164182,235516,229917,9506,239423,2967
2021-01-29,Placer,061,380077,19393,18367,988,19355,203
2021-01-29,Plumas,063,18699,618,548,10,558,2
2021-01-29,Riverside,065,2383286,273297,263504,12859,276363,3008
2021-01-29,Sacramento,067,1510023,88033,86320,1085,87405,1169
2021-01-29,San Benito,069,59416,5444,5386,72,5458,48
2021-01-29,San Bernardino,071,2135413,276443,267490,8091,275581,2095
2021-01-29,San Diego,073,3302833,247576,234637,11662,246299,2571
2021-01-29,San Francisco,075,870044,31832,31294,883,32177,307
2021-01-29,San Joaquin,077,732212,62776,60899,2522,63421,858
2021-01-29,San Luis Obispo,079,281455,18187,17440,477,17917,193
2021-01-29,San Mateo,081,765935,36989,35223,358,35581,218
2021-01-29,Santa Barbara,083,443738,29555,28105,965,29070,291
2021-01-29,Santa Clara,085,1922200,102940,101010,476,101486,1273
2021-01-29,Santa Cruz,087,273765,14450,13311,697,14008,148
2021-01-29,Shasta,089,179085,10406,10220,1088,11308,112
2021-01-29,Sierra,091,2930,48,43,12,55,0
2021-01-29,Siskiyou,093,43540,1335,1227,201,1428,4
2021-01-29,Solano,095,438530,28135,27352,322,27674,116
2021-01-29,Sonoma,097,501317,26112,25710,140,25850,243
2021-01-29,Stanislaus,099,539301,47060,45466,4836,50302,642
2021-01-29,Sutter,101,95872,8392,8181,78,8259,87
2021-01-29,Tehama,103,63373,4330,4191,464,4655,20
2021-01-29,Trinity,105,12862,441,260,66,326,3
2021-01-29,Tulare,107,460477,45690,43925,6830,50755,606
2021-01-29,Tuolumne,109,53932,3478,3483,31,3514,36
2021-01-29,Ventura,111,848112,71648,69511,2543,72054,484
2021-01-29,Yolo,113,214977,12117,11612,170,11782,151
2021-01-29,Yuba,115,75493,5158,5018,74,5092,32
2021-01-28,Alameda,001,1643700,74785,72758,1592,74350,833
2021-01-28,Alpine,003,1148,73,72,0,72,0
2021-01-28,Amador,005,37829,3241,3124,24,3148,31
2021-01-28,Butte,007,227075,10666,10037,1473,11510,138
2021-01-28,Calaveras,009,45235,1757,1747,10,1757,21
2021-01-28,Colusa,011,21464,1767,1731,207,1938,8
2021-01-28,Contra Costa,013,1133247,58282,55999,977,56976,525
2021-01-28,Del Norte,015,27424,891,862,4,866,2
2021-01-28,El Dorado,017,186661,8576,8198,556,8754,79
2021-01-28,Fresno,019,978130,91071,87401,6950,94351,949
2021-01-28,Glenn,021,27897,2116,2043,439,2482,14
2021-01-28,Humboldt,023,135768,2815,2686,18,2704,24
2021-01-28,Imperial,025,180216,26555,25984,2461,28445,517
2021-01-28,Inyo,027,18085,1086,1039,8,1047,27
2021-01-28,Kern,029,883053,87913,84708,8452,93160,817
2021-01-28,Kings,031,150075,21079,20328,870,21198,167
2021-01-28,Lake,033,64148,2877,2772,1,2773,32
2021-01-28,Lassen,035,31185,4947,4865,88,4953,1
2021-01-28,Los Angeles,037,10098052,1116579,1072412,36494,1108906,15967
2021-01-28,Madera,039,155013,14725,14301,717,15018,94
2021-01-28,Marin,041,260295,12369,12079,143,12222,183
2021-01-28,Mariposa,043,17540,354,334,3,337,4
2021-01-28,Mendocino,045,87422,3295,3110,60,3170,36
2021-01-28,Merced,047,269075,26225,25620,735,26355,328
2021-01-28,Modoc,049,8938,314,297,101,398,0
2021-01-28,Mono,051,14174,1132,1131,16,1147,3
2021-01-28,Monterey,053,433212,39580,38312,1399,39711,274
2021-01-28,Napa,055,140530,8476,8233,33,8266,50
2021-01-28,Nevada,057,99092,3650,3452,143,3595,19
2021-01-28,Orange,059,3164182,234537,228636,9476,238112,2860
2021-01-28,Placer,061,380077,19332,18246,985,19231,198
2021-01-28,Plumas,063,18699,617,547,10,557,2
2021-01-28,Riverside,065,2383286,272516,262342,12811,275153,2981
2021-01-28,Sacramento,067,1510023,87670,85698,1074,86772,1149
2021-01-28,San Benito,069,59416,5426,5344,71,5415,47
2021-01-28,San Bernardino,071,2135413,275747,266456,8070,274526,2057
2021-01-28,San Diego,073,3302833,246424,232967,11573,244540,2534
2021-01-28,San Francisco,075,870044,31695,31193,867,32060,290
2021-01-28,San Joaquin,077,732212,62511,60627,2507,63134,854
2021-01-28,San Luis Obispo,079,281455,18087,17279,475,17754,189
2021-01-28,San Mateo,081,765935,36820,34931,342,35273,218
2021-01-28,Santa Barbara,083,443738,29331,27674,952,28626,284
2021-01-28,Santa Clara,085,1922200,102472,100470,474,100944,1219
2021-01-28,Santa Cruz,087,273765,14361,13188,691,13879,145
2021-01-28,Shasta,089,179085,10372,10176,1080,11256,110
2021-01-28,Sierra,091,2930,48,43,12,55,0
2021-01-28,Siskiyou,093,43540,1328,1218,199,1417,4
2021-01-28,Solano,095,438530,27975,27163,321,27484,114
2021-01-28,Sonoma,097,501317,26021,25564,140,25704,236
2021-01-28,Stanislaus,099,539301,46843,45162,4814,49976,640
2021-01-28,Sutter,101,95872,8344,8136,78,8214,85
2021-01-28,Tehama,103,63373,4310,4163,461,4624,20
2021-01-28,Trinity,105,12862,439,260,66,326,3
2021-01-28,Tulare,107,460477,45533,43742,6752,50494,595
2021-01-28,Tuolumne,109,53932,3464,3472,31,3503,32
2021-01-28,Ventura,111,848112,71135,68896,2526,71422,475
2021-01-28,Yolo,113,214977,12075,11500,165,11665,151
2021-01-28,Yuba,115,75493,5142,4994,73,5067,32
2021-01-27,Alameda,001,1643700,74361,72188,1584,73772,815
2021-01-27,Alpine,003,1148,73,72,0,72,0
2021-01-27,Amador,005,37829,3225,3116,24,3140,31
2021-01-27,Butte,007,227075,10627,9988,1461,11449,138
2021-01-27,Calaveras,009,45235,1748,1737,10,1747,21
2021-01-27,Colusa,011,21464,1761,1724,205,1929,8
2021-01-27,Contra Costa,013,1133247,57984,55578,974,56552,507
2021-01-27,Del Norte,015,27424,890,859,4,863,2
2021-01-27,El Dorado,017,186661,8550,8141,555,8696,76
2021-01-27,Fresno,019,978130,90780,86886,6907,93793,938
2021-01-27,Glenn,021,27897,2112,2042,438,2480,14
2021-01-27,Humboldt,023,135768,2793,2630,18,2648,24
2021-01-27,Imperial,025,180216,26501,25861,2446,28307,504
2021-01-27,Inyo,027,18085,1082,1023,8,1031,27
2021-01-27,Kern,029,883053,87600,84244,8382,92626,809
2021-01-27,Kings,031,150075,20973,20211,862,21073,167
2021-01-27,Lake,033,64148,2857,2750,1,2751,32
2021-01-27,Lassen,035,31185,4941,4851,88,4939,1
2021-01-27,Los Angeles,037,10098052,1111792,1066569,36282,1102851,15757
2021-01-27,Madera,039,155013,14684,14194,712,14906,86
2021-01-27,Marin,041,260295,12332,12028,142,12170,180
2021-01-27,Mariposa,043,17540,354,333,3,336,4
2021-01-27,Mendocino,045,87422,3275,3095,60,3155,36
2021-01-27,Merced,047,269075,26066,25439,724,26163,315
2021-01-27,Modoc,049,8938,314,297,98,395,0
2021-01-27,Mono,051,14174,1130,1131,16,1147,3
2021-01-27,Monterey,053,433212,39375,38139,1380,39519,268
2021-01-27,Napa,055,140530,8403,8187,33,8220,46
2021-01-27,Nevada,057,99092,3628,3431,143,3574,18
2021-01-27,Orange,059,3164182,233417,227110,9422,236532,2832
2021-01-27,Placer,061,380077,19260,18106,974,19080,198
2021-01-27,Plumas,063,18699,617,544,10,554,2
2021-01-27,Riverside,065,2383286,271316,260796,12759,273555,2931
2021-01-27,Sacramento,067,1510023,87309,85428,1063,86491,1142
2021-01-27,San Benito,069,59416,5411,5284,71,5355,47
2021-01-27,San Bernardino,071,2135413,274894,265153,8039,273192,2019
2021-01-27,San Diego,073,3302833,245094,231478,11468,242946,2465
2021-01-27,San Francisco,075,870044,31552,31082,860,31942,287
2021-01-27,San Joaquin,077,732212,62242,60131,2484,62615,853
2021-01-27,San Luis Obispo,079,281455,17980,17119,471,17590,188
2021-01-27,San Mateo,081,765935,36665,34619,339,34958,216
2021-01-27,Santa Barbara,083,443738,29154,27435,946,28381,282
2021-01-27,Santa Clara,085,1922200,102068,99732,470,100202,1184
2021-01-27,Santa Cruz,087,273765,14291,13111,688,13799,143
2021-01-27,Shasta,089,179085,10338,10106,1074,11180,105
2021-01-27,Sierra,091,2930,48,44,12,56,0
2021-01-27,Siskiyou,093,43540,1322,1214,196,1410,4
2021-01-27,Solano,095,438530,27798,26982,314,27296,112
2021-01-27,Sonoma,097,501317,25922,25361,135,25496,237
2021-01-27,Stanislaus,099,539301,46657,44874,4787,49661,624
2021-01-27,Sutter,101,95872,8299,8093,77,8170,83
2021-01-27,Tehama,103,63373,4285,4133,457,4590,20
2021-01-27,Trinity,105,12862,439,260,66,326,3
2021-01-27,Tulare,107,460477,45345,43462,6681,50143,583
2021-01-27,Tuolumne,109,53932,3453,3464,31,3495,32
2021-01-27,Ventura,111,848112,70661,68291,2501,70792,468
2021-01-27,Yolo,113,214977,12028,11427,161,11588,151
2021-01-27,Yuba,115,75493,5126,4968,73,5041,32
2021-01-26,Alameda,001,1643700,73987,71851,1567,73418,789
2021-01-26,Alpine,003,1148,73,72,0,72,0
2021-01-26,Amador,005,37829,3214,3113,24,3137,31
2021-01-26,Butte,007,227075,10585,9943,1455,11398,136
2021-01-26,Calaveras,009,45235,1739,1723,10,1733,21
2021-01-26,Colusa,011,21464,1754,1719,202,1921,8
2021-01-26,Contra Costa,013,1133247,57703,55337,966,56303,491
2021-01-26,Del Norte,015,27424,889,856,4,860,2
2021-01-26,El Dorado,017,186661,8524,8115,552,8667,71
2021-01-26,Fresno,019,978130,90422,86673,6863,93536,923
2021-01-26,Glenn,021,27897,2102,2034,433,2467,13
2021-01-26,Humboldt,023,135768,2771,2612,17,2629,24
2021-01-26,Imperial,025,180216,26429,25812,2432,28244,498
2021-01-26,Inyo,027,18085,1075,1018,8,1026,27
2021-01-26,Kern,029,883053,87175,83868,8304,92172,790
2021-01-26,Kings,031,150075,20915,20156,857,21013,159
2021-01-26,Lake,033,64148,2848,2748,1,2749,32
2021-01-26,Lassen,035,31185,4935,4844,88,4932,1
2021-01-26,Los Angeles,037,10098052,1106520,1060492,36076,1096568,15458
2021-01-26,Madera,039,155013,14627,14130,706,14836,86
2021-01-26,Marin,041,260295,12287,11993,140,12133,179
2021-01-26,Mariposa,043,17540,352,332,3,335,3
2021-01-26,Mendocino,045,87422,3249,3076,59,3135,36
2021-01-26,Merced,047,269075,25926,25359,717,26076,309
2021-01-26,Modoc,049,8938,307,291,97,388,0
2021-01-26,Mono,051,14174,1128,1120,16,1136,3
2021-01-26,Monterey,053,433212,39181,37963,1359,39322,255
2021-01-26,Napa,055,140530,8346,8145,33,8178,43
2021-01-26,Nevada,057,99092,3621,3410,142,3552,18
2021-01-26,Orange,059,3164182,232294,225987,9377,235364,2760
2021-01-26,Placer,061,380077,19184,18016,972,18988,193
2021-01-26,Plumas,063,18699,615,536,10,546,2
2021-01-26,Riverside,065,2383286,269947,259399,12696,272095,2898
2021-01-26,Sacramento,067,1510023,86951,85062,1056,86118,1127
2021-01-26,San Benito,069,59416,5397,5251,70,5321,45
2021-01-26,San Bernardino,071,2135413,273894,263736,7995,271731,1970
2021-01-26,San Diego,073,3302833,243599,230063,11366,241429,2421
2021-01-26,San Francisco,075,870044,31419,30874,841,31715,286
2021-01-26,San Joaquin,077,732212,61989,59889,2468,62357,847
2021-01-26,San Luis Obispo,079,281455,17899,17016,468,17484,186
2021-01-26,San Mateo,081,765935,36471,34441,328,34769,213
2021-01-26,Santa Barbara,083,443738,28980,27321,934,28255,273
2021-01-26,Santa Clara,085,1922200,101590,99215,466,99681,1171
2021-01-26,Santa Cruz,087,273765,14225,13045,682,13727,134
2021-01-26,Shasta,089,179085,10303,10036,1066,11102,103
2021-01-26,Sierra,091,2930,48,43,12,55,0
2021-01-26,Siskiyou,093,43540,1308,1208,194,1402,4
2021-01-26,Solano,095,438530,27642,26858,308,27166,110
2021-01-26,Sonoma,097,501317,25804,25273,133,25406,236
2021-01-26,Stanislaus,099,539301,46472,44703,4746,49449,599
2021-01-26,Sutter,101,95872,8256,8067,77,8144,83
2021-01-26,Tehama,103,63373,4254,4115,457,4572,20
2021-01-26,Trinity,105,12862,439,260,66,326,3
2021-01-26,Tulare,107,460477,45142,43394,6611,50005,579
2021-01-26,Tuolumne,109,53932,3443,3451,31,3482,30
2021-01-26,Ventura,111,848112,70129,67526,2475,70001,448
2021-01-26,Yolo,113,214977,11983,11361,158,11519,148
2021-01-26,Yuba,115,75493,5101,4944,71,5015,31
2021-01-25,Alameda,001,1643700,73556,71255,1557,72812,780
2021-01-25,Alpine,003,1148,73,72,0,72,0
2021-01-25,Amador,005,37829,3174,3074,24,3098,30
2021-01-25,Butte,007,227075,10519,9865,1447,11312,133
2021-01-25,Calaveras,009,45235,1724,1713,10,1723,21
2021-01-25,Colusa,011,21464,1742,1709,198,1907,8
2021-01-25,Contra Costa,013,1133247,57345,54989,959,55948,488
2021-01-25,Del Norte,015,27424,888,855,4,859,2
2021-01-25,El Dorado,017,186661,8499,8060,552,8612,66
2021-01-25,Fresno,019,978130,90051,86336,6831,93167,913
2021-01-25,Glenn,021,27897,2094,2028,433,2461,13
2021-01-25,Humboldt,023,135768,2737,2587,17,2604,24
2021-01-25,Imperial,025,180216,26379,25745,2424,28169,491
2021-01-25,Inyo,027,18085,1069,1015,8,1023,27
2021-01-25,Kern,029,883053,86779,83401,8217,91618,787
2021-01-25,Kings,031,150075,20795,20067,853,20920,159
2021-01-25,Lake,033,64148,2829,2729,1,2730,32
2021-01-25,Lassen,035,31185,4908,4835,88,4923,1
2021-01-25,Los Angeles,037,10098052,1100579,1055181,35847,1091028,15163
2021-01-25,Madera,039,155013,14573,14068,701,14769,86
2021-01-25,Marin,041,260295,12235,11923,136,12059,177
2021-01-25,Mariposa,043,17540,349,331,3,334,3
2021-01-25,Mendocino,045,87422,3238,3054,59,3113,35
2021-01-25,Merced,047,269075,25787,25181,708,25889,305
2021-01-25,Modoc,049,8938,306,288,93,381,0
2021-01-25,Mono,051,14174,1125,1114,15,1129,3
2021-01-25,Monterey,053,433212,38927,37726,1340,39066,255
2021-01-25,Napa,055,140530,8312,8057,32,8089,43
2021-01-25,Nevada,057,99092,3607,3365,142,3507,18
2021-01-25,Orange,059,3164182,231085,225105,9336,234441,2696
2021-01-25,Placer,061,380077,19097,17936,957,18893,193
2021-01-25,Plumas,063,18699,612,533,10,543,2
2021-01-25,Riverside,065,2383286,268200,258082,12640,270722,2789
2021-01-25,Sacramento,067,1510023,86507,84653,1048,85701,1118
2021-01-25,San Benito,069,59416,5360,5238,69,5307,43
2021-01-25,San Bernardino,071,2135413,272945,263174,7959,271133,1947
2021-01-25,San Diego,073,3302833,241985,228630,11294,239924,2375
2021-01-25,San Francisco,075,870044,31270,30734,818,31552,288
2021-01-25,San Joaquin,077,732212,61694,59291,2443,61734,838
2021-01-25,San Luis Obispo,079,281455,17765,16868,463,17331,179
2021-01-25,San Mateo,081,765935,36237,34187,322,34509,213
2021-01-25,Santa Barbara,083,443738,28745,27065,924,27989,269
2021-01-25,Santa Clara,085,1922200,101020,98647,459,99106,1143
2021-01-25,Santa Cruz,087,273765,14138,12973,677,13650,133
2021-01-25,Shasta,089,179085,10262,9991,1055,11046,103
2021-01-25,Sierra,091,2930,48,42,12,54,0
2021-01-25,Siskiyou,093,43540,1300,1205,191,1396,4
2021-01-25,Solano,095,438530,27473,26648,307,26955,109
2021-01-25,Sonoma,097,501317,25697,25160,131,25291,233
2021-01-25,Stanislaus,099,539301,46226,44293,4702,48995,599
2021-01-25,Sutter,101,95872,8212,8023,77,8100,83
2021-01-25,Tehama,103,63373,4227,4082,453,4535,20
2021-01-25,Trinity,105,12862,439,262,66,328,3
2021-01-25,Tulare,107,460477,44927,43124,6506,49630,578
2021-01-25,Tuolumne,109,53932,3434,3422,31,3453,29
2021-01-25,Ventura,111,848112,69486,66910,2458,69368,439
2021-01-25,Yolo,113,214977,11896,11276,157,11433,140
2021-01-25,Yuba,115,75493,5077,4900,69,4969,31
2021-01-24,Alameda,001,1643700,73049,70823,1546,72369,780
2021-01-24,Alpine,003,1148,73,72,0,72,0
2021-01-24,Amador,005,37829,3141,3054,24,3078,30
2021-01-24,Butte,007,227075,10435,9820,1429,11249,133
2021-01-24,Calaveras,009,45235,1711,1704,10,1714,21
2021-01-24,Colusa,011,21464,1731,1689,192,1881,8
2021-01-24,Contra Costa,013,1133247,56954,54694,946,55640,488
2021-01-24,Del Norte,015,27424,884,855,4,859,2
2021-01-24,El Dorado,017,186661,8464,8003,548,8551,66
2021-01-24,Fresno,019,978130,89614,85808,6792,92600,911
2021-01-24,Glenn,021,27897,2086,2026,431,2457,13
2021-01-24,Humboldt,023,135768,2698,2562,17,2579,24
2021-01-24,Imperial,025,180216,26283,25707,2398,28105,488
2021-01-24,Inyo,027,18085,1053,1007,8,1015,27
2021-01-24,Kern,029,883053,86337,83125,8109,91234,785
2021-01-24,Kings,031,150075,20667,19988,837,20825,159
2021-01-24,Lake,033,64148,2811,2724,0,2724,32
2021-01-24,Lassen,035,31185,4897,4828,85,4913,1
2021-01-24,Los Angeles,037,10098052,1094196,1048757,35537,1084294,15119
2021-01-24,Madera,039,155013,14483,14000,695,14695,86
2021-01-24,Marin,041,260295,12168,11872,134,12006,177
2021-01-24,Mariposa,043,17540,345,322,3,325,3
2021-01-24,Mendocino,045,87422,3217,3037,58,3095,33
2021-01-24,Merced,047,269075,25574,25047,700,25747,305
2021-01-24,Modoc,049,8938,306,285,93,378,0
2021-01-24,Mono,051,14174,1118,1113,15,1128,3
2021-01-24,Monterey,053,433212,38649,37527,1308,38835,254
2021-01-24,Napa,055,140530,8270,8005,32,8037,43
2021-01-24,Nevada,057,99092,3565,3349,140,3489,18
2021-01-24,Orange,059,3164182,229654,223853,9266,233119,2632
2021-01-24,Placer,061,380077,18982,17839,937,18776,193
2021-01-24,Plumas,063,18699,609,532,10,542,2
2021-01-24,Riverside,065,2383286,266559,256767,12563,269330,2761
2021-01-24,Sacramento,067,1510023,85937,84110,1040,85150,1112
2021-01-24,San Benito,069,59416,5318,5223,66,5289,43
2021-01-24,San Bernardino,071,2135413,271620,262370,7905,270275,1935
2021-01-24,San Diego,073,3302833,240291,227193,11163,238356,2375
2021-01-24,San Francisco,075,870044,31083,30559,796,31355,275
2021-01-24,San Joaquin,077,732212,61266,59021,2427,61448,838
2021-01-24,San Luis Obispo,079,281455,17642,16758,461,17219,179
2021-01-24,San Mateo,081,765935,35992,33956,317,34273,213
2021-01-24,Santa Barbara,083,443738,28428,26735,914,27649,269
2021-01-24,Santa Clara,085,1922200,100373,98103,454,98557,1109
2021-01-24,Santa Cruz,087,273765,14052,12905,669,13574,133
2021-01-24,Shasta,089,179085,10191,9978,1046,11024,103
2021-01-24,Sierra,091,2930,47,42,12,54,0
2021-01-24,Siskiyou,093,43540,1293,1195,191,1386,4
2021-01-24,Solano,095,438530,27284,26515,303,26818,109
2021-01-24,Sonoma,097,501317,25534,25045,130,25175,233
2021-01-24,Stanislaus,099,539301,45915,44031,4642,48673,599
2021-01-24,Sutter,101,95872,8143,7980,77,8057,83
2021-01-24,Tehama,103,63373,4188,4062,446,4508,20
2021-01-24,Trinity,105,12862,439,262,66,328,3
2021-01-24,Tulare,107,460477,44708,43006,6413,49419,577
2021-01-24,Tuolumne,109,53932,3424,3416,31,3447,29
2021-01-24,Ventura,111,848112,68772,66347,2433,68780,439
2021-01-24,Yolo,113,214977,11811,11210,153,11363,140
2021-01-24,Yuba,115,75493,5037,4875,68,4943,31
2021-01-23,Alameda,001,1643700,72800,70080,1539,71619,780
2021-01-23,Alpine,003,1148,73,72,0,72,0
2021-01-23,Amador,005,37829,3138,3049,24,3073,30
2021-01-23,Butte,007,227075,10405,9757,1424,11181,133
2021-01-23,Calaveras,009,45235,1708,1695,10,1705,21
2021-01-23,Colusa,011,21464,1727,1672,191,1863,8
2021-01-23,Contra Costa,013,1133247,56740,54162,938,55100,487
2021-01-23,Del Norte,015,27424,883,855,4,859,2
2021-01-23,El Dorado,017,186661,8448,7984,546,8530,66
2021-01-23,Fresno,019,978130,89428,85274,6763,92037,910
2021-01-23,Glenn,021,27897,2083,2015,427,2442,13
2021-01-23,Humboldt,023,135768,2679,2493,16,2509,23
2021-01-23,Imperial,025,180216,26250,25581,2389,27970,487
2021-01-23,Inyo,027,18085,1044,987,8,995,27
2021-01-23,Kern,029,883053,86091,82602,8037,90639,783
2021-01-23,Kings,031,150075,20623,19904,835,20739,159
2021-01-23,Lake,033,64148,2803,2673,0,2673,32
2021-01-23,Lassen,035,31185,4896,4816,82,4898,1
2021-01-23,Los Angeles,037,10098052,1090977,1040961,35381,1076342,15034
2021-01-23,Madera,039,155013,14447,13858,692,14550,86
2021-01-23,Marin,041,260295,12112,11796,132,11928,177
2021-01-23,Mariposa,043,17540,345,323,3,326,3
2021-01-23,Mendocino,045,87422,3203,2991,58,3049,32
2021-01-23,Merced,047,269075,25481,24787,687,25474,303
2021-01-23,Modoc,049,8938,306,285,93,378,0
2021-01-23,Mono,051,14174,1116,1111,15,1126,3
2021-01-23,Monterey,053,433212,38566,37165,1303,38468,253
2021-01-23,Napa,055,140530,8245,7893,32,7925,43
2021-01-23,Nevada,057,99092,3554,3332,139,3471,18
2021-01-23,Orange,059,3164182,228885,221722,9226,230948,2618
2021-01-23,Placer,061,380077,18931,17617,932,18549,193
2021-01-23,Plumas,063,18699,608,528,10,538,2
2021-01-23,Riverside,065,2383286,265658,253636,12510,266146,2733
2021-01-23,Sacramento,067,1510023,85708,83408,1037,84445,1108
2021-01-23,San Benito,069,59416,5294,5166,65,5231,43
2021-01-23,San Bernardino,071,2135413,271075,260381,7873,268254,1922
2021-01-23,San Diego,073,3302833,239230,225556,11091,236647,2344
2021-01-23,San Francisco,075,870044,30978,30308,767,31075,268
2021-01-23,San Joaquin,077,732212,61140,58164,2417,60581,836
2021-01-23,San Luis Obispo,079,281455,17578,16652,458,17110,176
2021-01-23,San Mateo,081,765935,35816,33696,306,34002,213
2021-01-23,Santa Barbara,083,443738,28244,26234,905,27139,264
2021-01-23,Santa Clara,085,1922200,100018,97189,453,97642,1086
2021-01-23,Santa Cruz,087,273765,13994,12771,666,13437,127
2021-01-23,Shasta,089,179085,10161,9951,1045,10996,103
2021-01-23,Sierra,091,2930,47,41,12,53,0
2021-01-23,Siskiyou,093,43540,1283,1190,190,1380,4
2021-01-23,Solano,095,438530,27192,26261,301,26562,107
2021-01-23,Sonoma,097,501317,25454,24790,130,24920,232
2021-01-23,Stanislaus,099,539301,45751,43723,4613,48336,599
2021-01-23,Sutter,101,95872,8125,7943,76,8019,80
2021-01-23,Tehama,103,63373,4169,4006,445,4451,20
2021-01-23,Trinity,105,12862,439,262,66,328,3
2021-01-23,Tulare,107,460477,44555,42661,6353,49014,575
2021-01-23,Tuolumne,109,53932,3417,3407,31,3438,29
2021-01-23,Ventura,111,848112,68324,65581,2410,67991,438
2021-01-23,Yolo,113,214977,11769,11087,149,11236,141
2021-01-23,Yuba,115,75493,5025,4831,67,4898,30
2021-01-22,Alameda,001,1643700,72478,69693,1533,71226,751
2021-01-22,Alpine,003,1148,73,71,0,71,0
2021-01-22,Amador,005,37829,3133,3042,24,3066,30
2021-01-22,Butte,007,227075,10356,9711,1411,11122,133
2021-01-22,Calaveras,009,45235,1701,1672,10,1682,21
2021-01-22,Colusa,011,21464,1725,1668,191,1859,7
2021-01-22,Contra Costa,013,1133247,56502,53887,932,54819,485
2021-01-22,Del Norte,015,27424,882,852,4,856,2
2021-01-22,El Dorado,017,186661,8414,7877,543,8420,64
2021-01-22,Fresno,019,978130,89087,84744,6735,91479,892
2021-01-22,Glenn,021,27897,2078,1985,421,2406,13
2021-01-22,Humboldt,023,135768,2655,2452,16,2468,23
2021-01-22,Imperial,025,180216,26215,25562,2374,27936,474
2021-01-22,Inyo,027,18085,1033,961,8,969,26
2021-01-22,Kern,029,883053,85791,82101,7964,90065,771
2021-01-22,Kings,031,150075,20547,19760,831,20591,159
2021-01-22,Lake,033,64148,2791,2681,0,2681,32
2021-01-22,Lassen,035,31185,4887,4765,81,4846,1
2021-01-22,Los Angeles,037,10098052,1086525,1031177,35191,1066368,14777
2021-01-22,Madera,039,155013,14386,13781,691,14472,86
2021-01-22,Marin,041,260295,12075,11769,130,11899,177
2021-01-22,Mariposa,043,17540,345,323,3,326,3
2021-01-22,Mendocino,045,87422,3178,2994,57,3051,32
2021-01-22,Merced,047,269075,25358,24616,679,25295,290
2021-01-22,Modoc,049,8938,306,285,93,378,0
2021-01-22,Mono,051,14174,1116,1108,15,1123,3
2021-01-22,Monterey,053,433212,38412,36909,1298,38207,253
2021-01-22,Napa,055,140530,8199,7828,32,7860,40
2021-01-22,Nevada,057,99092,3529,3296,138,3434,18
2021-01-22,Orange,059,3164182,227932,220384,9179,229563,2542
2021-01-22,Placer,061,380077,18874,17636,917,18553,193
2021-01-22,Plumas,063,18699,606,522,10,532,2
2021-01-22,Riverside,065,2383286,264507,252440,12444,264884,2710
2021-01-22,Sacramento,067,1510023,85382,82861,1029,83890,1094
2021-01-22,San Benito,069,59416,5269,5143,65,5208,43
2021-01-22,San Bernardino,071,2135413,270253,259121,7840,266961,1849
2021-01-22,San Diego,073,3302833,237990,222576,11026,233602,2301
2021-01-22,San Francisco,075,870044,30865,30027,750,30777,266
2021-01-22,San Joaquin,077,732212,60958,58485,2404,60889,812
2021-01-22,San Luis Obispo,079,281455,17489,16336,455,16791,172
2021-01-22,San Mateo,081,765935,35594,33401,303,33704,211
2021-01-22,Santa Barbara,083,443738,28043,25989,894,26883,256
2021-01-22,Santa Clara,085,1922200,99578,96435,450,96885,1062
2021-01-22,Santa Cruz,087,273765,13936,12687,662,13349,123
2021-01-22,Shasta,089,179085,10142,9866,1043,10909,103
2021-01-22,Sierra,091,2930,47,40,12,52,0
2021-01-22,Siskiyou,093,43540,1279,1182,188,1370,4
2021-01-22,Solano,095,438530,27102,26048,299,26347,107
2021-01-22,Sonoma,097,501317,25369,24659,130,24789,232
2021-01-22,Stanislaus,099,539301,45594,43489,4580,48069,599
2021-01-22,Sutter,101,95872,8100,7878,76,7954,80
2021-01-22,Tehama,103,63373,4150,3993,444,4437,19
2021-01-22,Trinity,105,12862,438,263,66,329,3
2021-01-22,Tulare,107,460477,44375,42307,6283,48590,573
2021-01-22,Tuolumne,109,53932,3389,3379,31,3410,29
2021-01-22,Ventura,111,848112,67817,64404,2392,66796,426
2021-01-22,Yolo,113,214977,11735,11014,141,11155,141
2021-01-22,Yuba,115,75493,5001,4789,65,4854,29
2021-01-21,Alameda,001,1643700,72045,69314,1516,70830,739
2021-01-21,Alpine,003,1148,73,71,0,71,0
2021-01-21,Amador,005,37829,3111,3038,24,3062,29
2021-01-21,Butte,007,227075,10286,9643,1404,11047,130
2021-01-21,Calaveras,009,45235,1692,1647,10,1657,21
2021-01-21,Colusa,011,21464,1718,1662,188,1850,7
2021-01-21,Contra Costa,013,1133247,56084,53595,919,54514,478
2021-01-21,Del Norte,015,27424,880,850,3,853,2
2021-01-21,El Dorado,017,186661,8365,7823,540,8363,58
2021-01-21,Fresno,019,978130,88681,84137,6695,90832,889
2021-01-21,Glenn,021,27897,2071,1964,416,2380,13
2021-01-21,Humboldt,023,135768,2632,2423,16,2439,23
2021-01-21,Imperial,025,180216,26123,25509,2360,27869,463
2021-01-21,Inyo,027,18085,1024,946,8,954,26
2021-01-21,Kern,029,883053,85378,81328,7846,89174,769
2021-01-21,Kings,031,150075,20476,19633,813,20446,158
2021-01-21,Lake,033,64148,2775,2669,0,2669,32
2021-01-21,Lassen,035,31185,4880,4763,81,4844,1
2021-01-21,Los Angeles,037,10098052,1079871,1023055,34871,1057926,14537
2021-01-21,Madera,039,155013,14318,13664,683,14347,86
2021-01-21,Marin,041,260295,12019,11732,128,11860,173
2021-01-21,Mariposa,043,17540,341,322,3,325,3
2021-01-21,Mendocino,045,87422,3155,2967,55,3022,32
2021-01-21,Merced,047,269075,25203,24426,673,25099,245
2021-01-21,Modoc,049,8938,303,284,92,376,0
2021-01-21,Mono,051,14174,1111,1104,15,1119,3
2021-01-21,Monterey,053,433212,38135,36149,1288,37437,253
2021-01-21,Napa,055,140530,8135,7774,32,7806,40
2021-01-21,Nevada,057,99092,3500,3274,137,3411,18
2021-01-21,Orange,059,3164182,226555,218867,9124,227991,2540
2021-01-21,Placer,061,380077,18795,17553,913,18466,190
2021-01-21,Plumas,063,18699,602,518,10,528,2
2021-01-21,Riverside,065,2383286,262781,251007,12364,263371,2676
2021-01-21,Sacramento,067,1510023,84903,82303,1008,83311,1084
2021-01-21,San Benito,069,59416,5238,5100,60,5160,43
2021-01-21,San Bernardino,071,2135413,268904,257754,7775,265529,1832
2021-01-21,San Diego,073,3302833,236215,219729,10920,230649,2222
2021-01-21,San Francisco,075,870044,30688,29801,716,30517,266
2021-01-21,San Joaquin,077,732212,60649,58270,2384,60654,806
2021-01-21,San Luis Obispo,079,281455,17403,16153,447,16600,169
2021-01-21,San Mateo,081,765935,35348,33156,290,33446,210
2021-01-21,Santa Barbara,083,443738,27757,25654,881,26535,253
2021-01-21,Santa Clara,085,1922200,98951,96028,443,96471,1062
2021-01-21,Santa Cruz,087,273765,13852,12548,652,13200,119
2021-01-21,Shasta,089,179085,10099,9795,1027,10822,98
2021-01-21,Sierra,091,2930,47,40,12,52,0
2021-01-21,Siskiyou,093,43540,1276,1178,185,1363,4
2021-01-21,Solano,095,438530,26922,25885,295,26180,106
2021-01-21,Sonoma,097,501317,25230,24440,128,24568,230
2021-01-21,Stanislaus,099,539301,45290,43223,4536,47759,599
2021-01-21,Sutter,101,95872,8066,7822,76,7898,80
2021-01-21,Tehama,103,63373,4114,3938,444,4382,19
2021-01-21,Trinity,105,12862,438,261,66,327,3
2021-01-21,Tulare,107,460477,44164,42082,6207,48289,569
2021-01-21,Tuolumne,109,53932,3379,3365,30,3395,29
2021-01-21,Ventura,111,848112,67125,63995,2371,66366,420
2021-01-21,Yolo,113,214977,11647,10940,133,11073,141
2021-01-21,Yuba,115,75493,4970,4757,64,4821,29
2021-01-20,Alameda,001,1643700,71559,68785,1502,70287,702
2021-01-20,Alpine,003,1148,73,71,0,71,0
2021-01-20,Amador,005,37829,3080,3036,24,3060,29
2021-01-20,Butte,007,227075,10230,9582,1394,10976,130
2021-01-20,Calaveras,009,45235,1672,1637,9,1646,21
2021-01-20,Colusa,011,21464,1701,1630,183,1813,7
2021-01-20,Contra Costa,013,1133247,55631,53108,913,54021,461
2021-01-20,Del Norte,015,27424,879,848,3,851,2
2021-01-20,El Dorado,017,186661,8315,7785,537,8322,53
2021-01-20,Fresno,019,978130,88261,83591,6642,90233,872
2021-01-20,Glenn,021,27897,2053,1955,413,2368,13
2021-01-20,Humboldt,023,135768,2589,2390,16,2406,22
2021-01-20,Imperial,025,180216,26051,25380,2325,27705,461
2021-01-20,Inyo,027,18085,1014,901,8,909,26
2021-01-20,Kern,029,883053,84927,80701,7739,88440,754
2021-01-20,Kings,031,150075,20386,19522,805,20327,146
2021-01-20,Lake,033,64148,2753,2646,0,2646,31
2021-01-20,Lassen,035,31185,4872,4758,79,4837,1
2021-01-20,Los Angeles,037,10098052,1072387,1015608,34582,1050190,14299
2021-01-20,Madera,039,155013,14254,13585,678,14263,86
2021-01-20,Marin,041,260295,11965,11684,126,11810,171
2021-01-20,Mariposa,043,17540,339,322,3,325,3
2021-01-20,Mendocino,045,87422,3140,2957,55,3012,32
2021-01-20,Merced,047,269075,25029,24220,653,24873,243
2021-01-20,Modoc,049,8938,302,282,92,374,0
2021-01-20,Mono,051,14174,1104,1105,14,1119,3
2021-01-20,Monterey,053,433212,37817,35960,1266,37226,249
2021-01-20,Napa,055,140530,8066,7731,31,7762,40
2021-01-20,Nevada,057,99092,3468,3238,137,3375,18
2021-01-20,Orange,059,3164182,225016,216893,9063,225956,2500
2021-01-20,Placer,061,380077,18701,17455,895,18350,186
2021-01-20,Plumas,063,18699,600,512,10,522,2
2021-01-20,Riverside,065,2383286,260735,248686,12277,260963,2615
2021-01-20,Sacramento,067,1510023,84340,81687,997,82684,1072
2021-01-20,San Benito,069,59416,5207,5036,59,5095,35
2021-01-20,San Bernardino,071,2135413,267547,255921,7728,263649,1801
2021-01-20,San Diego,073,3302833,234360,218553,10816,229369,2174
2021-01-20,San Francisco,075,870044,30499,29665,696,30361,262
2021-01-20,San Joaquin,077,732212,60246,58025,2375,60400,783
2021-01-20,San Luis Obispo,079,281455,17222,15936,438,16374,164
2021-01-20,San Mateo,081,765935,35121,32929,289,33218,210
2021-01-20,Santa Barbara,083,443738,27440,25312,869,26181,248
2021-01-20,Santa Clara,085,1922200,98271,94995,441,95436,1040
2021-01-20,Santa Cruz,087,273765,13745,12460,639,13099,107
2021-01-20,Shasta,089,179085,10047,9697,1017,10714,98
2021-01-20,Sierra,091,2930,47,40,12,52,0
2021-01-20,Siskiyou,093,43540,1270,1163,184,1347,4
2021-01-20,Solano,095,438530,26729,25659,291,25950,106
2021-01-20,Sonoma,097,501317,25093,24262,126,24388,223
2021-01-20,Stanislaus,099,539301,45001,42955,4490,47445,585
2021-01-20,Sutter,101,95872,8014,7772,74,7846,80
2021-01-20,Tehama,103,63373,4089,3892,443,4335,19
2021-01-20,Trinity,105,12862,438,260,66,326,3
2021-01-20,Tulare,107,460477,43906,41799,6114,47913,559
2021-01-20,Tuolumne,109,53932,3365,3355,29,3384,29
2021-01-20,Ventura,111,848112,66169,63413,2342,65755,395
2021-01-20,Yolo,113,214977,11576,10852,130,10982,141
2021-01-20,Yuba,115,75493,4943,4729,64,4793,29
2021-01-19,Alameda,001,1643700,70902,68434,1492,69926,680
2021-01-19,Alpine,003,1148,73,71,0,71,0
2021-01-19,Amador,005,37829,3071,3024,24,3048,28
2021-01-19,Butte,007,227075,10164,9528,1380,10908,129
2021-01-19,Calaveras,009,45235,1656,1621,8,1629,21
2021-01-19,Colusa,011,21464,1679,1617,175,1792,7
2021-01-19,Contra Costa,013,1133247,55135,52730,902,53632,448
2021-01-19,Del Norte,015,27424,877,843,3,846,2
2021-01-19,El Dorado,017,186661,8255,7743,529,8272,47
2021-01-19,Fresno,019,978130,87739,83200,6590,89790,857
2021-01-19,Glenn,021,27897,2041,1948,408,2356,13
2021-01-19,Humboldt,023,135768,2565,2359,13,2372,22
2021-01-19,Imperial,025,180216,25969,25333,2307,27640,452
2021-01-19,Inyo,027,18085,1007,891,8,899,26
2021-01-19,Kern,029,883053,84340,80272,7632,87904,742
2021-01-19,Kings,031,150075,20247,19375,794,20169,143
2021-01-19,Lake,033,64148,2738,2625,0,2625,31
2021-01-19,Lassen,035,31185,4865,4753,79,4832,1
2021-01-19,Los Angeles,037,10098052,1063716,1010375,34310,1044685,14014
2021-01-19,Madera,039,155013,14138,13528,671,14199,86
2021-01-19,Marin,041,260295,11907,11654,122,11776,169
2021-01-19,Mariposa,043,17540,339,322,3,325,3
2021-01-19,Mendocino,045,87422,3123,2930,55,2985,32
2021-01-19,Merced,047,269075,24815,24108,647,24755,242
2021-01-19,Modoc,049,8938,301,281,92,373,0
2021-01-19,Mono,051,14174,1103,1106,14,1120,3
2021-01-19,Monterey,053,433212,37498,35840,1245,37085,248
2021-01-19,Napa,055,140530,8007,7672,31,7703,38
2021-01-19,Nevada,057,99092,3450,3216,135,3351,18
2021-01-19,Orange,059,3164182,223280,215244,8994,224238,2468
2021-01-19,Placer,061,380077,18603,17348,885,18233,182
2021-01-19,Plumas,063,18699,593,509,10,519,2
2021-01-19,Riverside,065,2383286,258651,246248,12198,258446,2585
2021-01-19,Sacramento,067,1510023,83802,81183,977,82160,1053
2021-01-19,San Benito,069,59416,5161,4988,58,5046,35
2021-01-19,San Bernardino,071,2135413,265804,253651,7670,261321,1777
2021-01-19,San Diego,073,3302833,231940,216833,10719,227552,2109
2021-01-19,San Francisco,075,870044,30281,29502,665,30167,261
2021-01-19,San Joaquin,077,732212,59862,57655,2362,60017,782
2021-01-19,San Luis Obispo,079,281455,16958,15855,435,16290,161
2021-01-19,San Mateo,081,765935,34836,32730,278,33008,208
2021-01-19,Santa Barbara,083,443738,27056,24991,853,25844,236
2021-01-19,Santa Clara,085,1922200,97493,94483,439,94922,1010
2021-01-19,Santa Cruz,087,273765,13628,12410,631,13041,106
2021-01-19,Shasta,089,179085,10011,9614,1007,10621,93
2021-01-19,Sierra,091,2930,47,40,10,50,0
2021-01-19,Siskiyou,093,43540,1262,1149,183,1332,4
2021-01-19,Solano,095,438530,26483,25520,290,25810,106
2021-01-19,Sonoma,097,501317,24912,24133,124,24257,223
2021-01-19,Stanislaus,099,539301,44650,42723,4433,47156,561
2021-01-19,Sutter,101,95872,7963,7709,68,7777,80
2021-01-19,Tehama,103,63373,4054,3876,441,4317,19
2021-01-19,Trinity,105,12862,437,260,66,326,3
2021-01-19,Tulare,107,460477,43628,41559,6018,47577,549
2021-01-19,Tuolumne,109,53932,3337,3328,29,3357,29
2021-01-19,Ventura,111,848112,65491,62656,2315,64971,383
2021-01-19,Yolo,113,214977,11490,10789,130,10919,134
2021-01-19,Yuba,115,75493,4910,4695,63,4758,29
2021-01-18,Alameda,001,1643700,70258,67938,1474,69412,680
2021-01-18,Alpine,003,1148,73,71,0,71,0
2021-01-18,Amador,005,37829,3057,3016,24,3040,28
2021-01-18,Butte,007,227075,10077,9474,1367,10841,129
2021-01-18,Calaveras,009,45235,1634,1617,7,1624,21
2021-01-18,Colusa,011,21464,1662,1608,170,1778,7
2021-01-18,Contra Costa,013,1133247,54620,52323,894,53217,448
2021-01-18,Del Norte,015,27424,876,840,3,843,2
2021-01-18,El Dorado,017,186661,8186,7707,527,8234,47
2021-01-18,Fresno,019,978130,87128,82485,6523,89008,857
2021-01-18,Glenn,021,27897,2024,1935,404,2339,13
2021-01-18,Humboldt,023,135768,2527,2343,13,2356,22
2021-01-18,Imperial,025,180216,25900,25317,2282,27599,452
2021-01-18,Inyo,027,18085,995,872,8,880,26
2021-01-18,Kern,029,883053,83700,79930,7541,87471,740
2021-01-18,Kings,031,150075,20077,19267,782,20049,141
2021-01-18,Lake,033,64148,2721,2591,0,2591,30
2021-01-18,Lassen,035,31185,4829,4749,78,4827,1
2021-01-18,Los Angeles,037,10098052,1054227,1002614,34019,1036633,13828
2021-01-18,Madera,039,155013,14024,13443,663,14106,85
2021-01-18,Marin,041,260295,11859,11607,120,11727,165
2021-01-18,Mariposa,043,17540,336,320,2,322,3
2021-01-18,Mendocino,045,87422,3100,2919,55,2974,31
2021-01-18,Merced,047,269075,24570,23927,631,24558,242
2021-01-18,Modoc,049,8938,298,281,89,370,0
2021-01-18,Mono,051,14174,1100,1101,14,1115,3
2021-01-18,Monterey,053,433212,37044,35549,1228,36777,247
2021-01-18,Napa,055,140530,7933,7601,31,7632,38
2021-01-18,Nevada,057,99092,3412,3199,134,3333,17
2021-01-18,Orange,059,3164182,221378,213866,8938,222804,2405
2021-01-18,Placer,061,380077,18487,17263,876,18139,182
2021-01-18,Plumas,063,18699,589,506,10,516,2
2021-01-18,Riverside,065,2383286,256332,244151,12104,256255,2568
2021-01-18,Sacramento,067,1510023,83123,80546,961,81507,1046
2021-01-18,San Benito,069,59416,5110,4963,56,5019,35
2021-01-18,San Bernardino,071,2135413,264031,252808,7611,260419,1775
2021-01-18,San Diego,073,3302833,229292,214335,10590,224925,2103
2021-01-18,San Francisco,075,870044,30075,29321,641,29962,259
2021-01-18,San Joaquin,077,732212,59344,57405,2340,59745,782
2021-01-18,San Luis Obispo,079,281455,16771,15742,425,16167,158
2021-01-18,San Mateo,081,765935,34522,32515,259,32774,208
2021-01-18,Santa Barbara,083,443738,26679,24638,839,25477,235
2021-01-18,Santa Clara,085,1922200,96600,93688,435,94123,992
2021-01-18,Santa Cruz,087,273765,13495,12298,618,12916,106
2021-01-18,Shasta,089,179085,9972,9600,997,10597,92
2021-01-18,Sierra,091,2930,46,40,10,50,0
2021-01-18,Siskiyou,093,43540,1250,1144,181,1325,4
2021-01-18,Solano,095,438530,26205,25344,285,25629,105
2021-01-18,Sonoma,097,501317,24642,24068,123,24191,223
2021-01-18,Stanislaus,099,539301,44292,42413,4383,46796,562
2021-01-18,Sutter,101,95872,7905,7680,66,7746,78
2021-01-18,Tehama,103,63373,4010,3854,434,4288,19
2021-01-18,Trinity,105,12862,437,260,66,326,3
2021-01-18,Tulare,107,460477,43339,41196,5906,47102,549
2021-01-18,Tuolumne,109,53932,3314,3318,28,3346,28
2021-01-18,Ventura,111,848112,65061,61859,2292,64151,379
2021-01-18,Yolo,113,214977,11360,10620,127,10747,134
2021-01-18,Yuba,115,75493,4882,4671,61,4732,29
2021-01-17,Alameda,001,1643700,69681,67375,1455,68830,676
2021-01-17,Alpine,003,1148,73,71,0,71,0
2021-01-17,Amador,005,37829,3050,3001,24,3025,28
2021-01-17,Butte,007,227075,10005,9411,1345,10756,129
2021-01-17,Calaveras,009,45235,1621,1608,7,1615,21
2021-01-17,Colusa,011,21464,1648,1588,165,1753,7
2021-01-17,Contra Costa,013,1133247,54132,51932,884,52816,447
2021-01-17,Del Norte,015,27424,876,838,3,841,2
2021-01-17,El Dorado,017,186661,8130,7659,515,8174,47
2021-01-17,Fresno,019,978130,86575,82039,6446,88485,857
2021-01-17,Glenn,021,27897,2014,1924,399,2323,9
2021-01-17,Humboldt,023,135768,2489,2322,11,2333,22
2021-01-17,Imperial,025,180216,25830,25253,2238,27491,451
2021-01-17,Inyo,027,18085,989,864,8,872,26
2021-01-17,Kern,029,883053,83152,79489,7455,86944,738
2021-01-17,Kings,031,150075,19941,19201,768,19969,131
2021-01-17,Lake,033,64148,2705,2572,0,2572,30
2021-01-17,Lassen,035,31185,4821,4740,77,4817,1
2021-01-17,Los Angeles,037,10098052,1047587,993028,33618,1026646,13741
2021-01-17,Madera,039,155013,13932,13328,658,13986,85
2021-01-17,Marin,041,260295,11806,11552,118,11670,164
2021-01-17,Mariposa,043,17540,336,319,2,321,3
2021-01-17,Mendocino,045,87422,3072,2912,54,2966,31
2021-01-17,Merced,047,269075,24355,23800,614,24414,242
2021-01-17,Modoc,049,8938,297,279,89,368,0
2021-01-17,Mono,051,14174,1093,1091,13,1104,3
2021-01-17,Monterey,053,433212,36807,35340,1203,36543,244
2021-01-17,Napa,055,140530,7877,7521,31,7552,38
2021-01-17,Nevada,057,99092,3387,3176,132,3308,17
2021-01-17,Orange,059,3164182,219372,212389,8863,221252,2359
2021-01-17,Placer,061,380077,18382,17194,861,18055,181
2021-01-17,Plumas,063,18699,588,505,9,514,2
2021-01-17,Riverside,065,2383286,254221,242206,11985,254191,2534
2021-01-17,Sacramento,067,1510023,82519,80154,948,81102,1045
2021-01-17,San Benito,069,59416,5071,4941,56,4997,35
2021-01-17,San Bernardino,071,2135413,261907,251487,7522,259009,1775
2021-01-17,San Diego,073,3302833,227098,211785,10483,222268,2103
2021-01-17,San Francisco,075,870044,29890,29139,602,29741,255
2021-01-17,San Joaquin,077,732212,58984,57094,2325,59419,780
2021-01-17,San Luis Obispo,079,281455,16649,15658,416,16074,157
2021-01-17,San Mateo,081,765935,34269,32186,236,32422,208
2021-01-17,Santa Barbara,083,443738,26222,24401,823,25224,235
2021-01-17,Santa Clara,085,1922200,95850,92752,432,93184,976
2021-01-17,Santa Cruz,087,273765,13383,12196,615,12811,106
2021-01-17,Shasta,089,179085,9914,9588,989,10577,92
2021-01-17,Sierra,091,2930,46,38,9,47,0
2021-01-17,Siskiyou,093,43540,1243,1136,178,1314,4
2021-01-17,Solano,095,438530,25975,25216,283,25499,105
2021-01-17,Sonoma,097,501317,24468,23871,123,23994,223
2021-01-17,Stanislaus,099,539301,43972,42221,4326,46547,562
2021-01-17,Sutter,101,95872,7841,7604,65,7669,77
2021-01-17,Tehama,103,63373,3980,3837,429,4266,18
2021-01-17,Trinity,105,12862,437,261,66,327,3
2021-01-17,Tulare,107,460477,43047,41016,5790,46806,549
2021-01-17,Tuolumne,109,53932,3297,3287,28,3315,27
2021-01-17,Ventura,111,848112,64217,61257,2245,63502,376
2021-01-17,Yolo,113,214977,11259,10519,125,10644,134
2021-01-17,Yuba,115,75493,4831,4640,59,4699,28
2021-01-16,Alameda,001,1643700,69356,66583,1442,68025,673
2021-01-16,Alpine,003,1148,73,71,0,71,0
2021-01-16,Amador,005,37829,3047,2986,24,3010,28
2021-01-16,Butte,007,227075,9975,9359,1325,10684,129
2021-01-16,Calaveras,009,45235,1607,1596,7,1603,21
2021-01-16,Colusa,011,21464,1636,1578,165,1743,7
2021-01-16,Contra Costa,013,1133247,53868,51363,877,52240,443
2021-01-16,Del Norte,015,27424,871,833,3,836,2
2021-01-16,El Dorado,017,186661,8108,7575,514,8089,47
2021-01-16,Fresno,019,978130,86301,81294,6393,87687,846
2021-01-16,Glenn,021,27897,2010,1894,395,2289,9
2021-01-16,Humboldt,023,135768,2469,2294,9,2303,22
2021-01-16,Imperial,025,180216,25796,25140,2231,27371,451
2021-01-16,Inyo,027,18085,985,845,8,853,25
2021-01-16,Kern,029,883053,82785,78865,7402,86267,733
2021-01-16,Kings,031,150075,19885,19072,765,19837,131
2021-01-16,Lake,033,64148,2695,2504,0,2504,30
2021-01-16,Lassen,035,31185,4809,4719,77,4796,1
2021-01-16,Los Angeles,037,10098052,1043509,982684,33377,1016061,13654
2021-01-16,Madera,039,155013,13866,13193,654,13847,85
2021-01-16,Marin,041,260295,11764,11482,118,11600,164
2021-01-16,Mariposa,043,17540,335,317,2,319,3
2021-01-16,Mendocino,045,87422,3058,2890,51,2941,31
2021-01-16,Merced,047,269075,24268,23478,600,24078,242
2021-01-16,Modoc,049,8938,297,278,89,367,0
2021-01-16,Mono,051,14174,1091,1079,13,1092,3
2021-01-16,Monterey,053,433212,36698,34972,1185,36157,243
2021-01-16,Napa,055,140530,7838,7356,31,7387,39
2021-01-16,Nevada,057,99092,3354,3144,132,3276,17
2021-01-16,Orange,059,3164182,218333,210111,8806,218917,2312
2021-01-16,Placer,061,380077,18317,16995,859,17854,177
2021-01-16,Plumas,063,18699,586,502,9,511,2
2021-01-16,Riverside,065,2383286,252863,239412,11868,251280,2506
2021-01-16,Sacramento,067,1510023,82141,79122,931,80053,1033
2021-01-16,San Benito,069,59416,5039,4875,56,4931,35
2021-01-16,San Bernardino,071,2135413,261126,249401,7456,256857,1755
2021-01-16,San Diego,073,3302833,225800,209895,10387,220282,2065
2021-01-16,San Francisco,075,870044,29763,28853,571,29424,244
2021-01-16,San Joaquin,077,732212,58737,56642,2294,58936,776
2021-01-16,San Luis Obispo,079,281455,16548,15466,414,15880,152
2021-01-16,San Mateo,081,765935,34105,31805,230,32035,208
2021-01-16,Santa Barbara,083,443738,26025,24088,816,24904,229
2021-01-16,Santa Clara,085,1922200,95383,91584,425,92009,954
2021-01-16,Santa Cruz,087,273765,13324,12026,613,12639,106
2021-01-16,Shasta,089,179085,9881,9547,985,10532,92
2021-01-16,Sierra,091,2930,45,38,9,47,0
2021-01-16,Siskiyou,093,43540,1238,1124,178,1302,4
2021-01-16,Solano,095,438530,25866,24732,277,25009,103
2021-01-16,Sonoma,097,501317,24378,23607,122,23729,223
2021-01-16,Stanislaus,099,539301,43782,41809,4275,46084,562
2021-01-16,Sutter,101,95872,7809,7560,65,7625,76
2021-01-16,Tehama,103,63373,3966,3783,429,4212,18
2021-01-16,Trinity,105,12862,437,261,66,327,3
2021-01-16,Tulare,107,460477,42866,40655,5717,46372,542
2021-01-16,Tuolumne,109,53932,3289,3269,28,3297,27
2021-01-16,Ventura,111,848112,63664,60368,2215,62583,369
2021-01-16,Yolo,113,214977,11211,10406,124,10530,134
2021-01-16,Yuba,115,75493,4800,4602,59,4661,27
2021-01-15,Alameda,001,1643700,68916,65416,1432,66848,672
2021-01-15,Alpine,003,1148,73,71,0,71,0
2021-01-15,Amador,005,37829,3040,2953,24,2977,28
2021-01-15,Butte,007,227075,9937,9233,1308,10541,129
2021-01-15,Calaveras,009,45235,1600,1538,7,1545,21
2021-01-15,Colusa,011,21464,1625,1541,161,1702,7
2021-01-15,Contra Costa,013,1133247,53538,50408,870,51278,428
2021-01-15,Del Norte,015,27424,867,828,2,830,2
2021-01-15,El Dorado,017,186661,8059,7439,505,7944,47
2021-01-15,Fresno,019,978130,85763,79950,6360,86310,832
2021-01-15,Glenn,021,27897,2005,1824,393,2217,9
2021-01-15,Humboldt,023,135768,2442,2218,8,2226,22
2021-01-15,Imperial,025,180216,25762,24944,2225,27169,446
2021-01-15,Inyo,027,18085,967,814,8,822,25
2021-01-15,Kern,029,883053,82373,77873,7337,85210,719
2021-01-15,Kings,031,150075,19776,18661,759,19420,131
2021-01-15,Lake,033,64148,2669,2434,0,2434,28
2021-01-15,Lassen,035,31185,4798,4693,75,4768,1
2021-01-15,Los Angeles,037,10098052,1036464,968979,33086,1002065,13404
2021-01-15,Madera,039,155013,13781,12883,651,13534,85
2021-01-15,Marin,041,260295,11713,11310,118,11428,160
2021-01-15,Mariposa,043,17540,333,307,2,309,3
2021-01-15,Mendocino,045,87422,3047,2835,51,2886,31
2021-01-15,Merced,047,269075,24155,23060,596,23656,239
2021-01-15,Modoc,049,8938,297,278,87,365,0
2021-01-15,Mono,051,14174,1088,1057,13,1070,3
2021-01-15,Monterey,053,433212,36486,34460,1126,35586,243
2021-01-15,Napa,055,140530,7776,7231,31,7262,38
2021-01-15,Nevada,057,99092,3341,3099,129,3228,17
2021-01-15,Orange,059,3164182,216975,207129,8754,215883,2254
2021-01-15,Placer,061,380077,18215,16712,850,17562,173
2021-01-15,Plumas,063,18699,583,499,9,508,2
2021-01-15,Riverside,065,2383286,251008,235235,11790,247025,2458
2021-01-15,Sacramento,067,1510023,81723,80279,923,81202,1023
2021-01-15,San Benito,069,59416,5000,4766,54,4820,35
2021-01-15,San Bernardino,071,2135413,259966,246182,7398,253580,1726
2021-01-15,San Diego,073,3302833,224051,206868,10322,217190,2037
2021-01-15,San Francisco,075,870044,29589,28574,551,29125,242
2021-01-15,San Joaquin,077,732212,58502,55885,2280,58165,748
2021-01-15,San Luis Obispo,079,281455,16415,15129,409,15538,148
2021-01-15,San Mateo,081,765935,33860,31291,226,31517,208
2021-01-15,Santa Barbara,083,443738,25745,23487,806,24293,226
2021-01-15,Santa Clara,085,1922200,94733,90103,420,90523,942
2021-01-15,Santa Cruz,087,273765,13215,11776,599,12375,105
2021-01-15,Shasta,089,179085,9842,9459,977,10436,91
2021-01-15,Sierra,091,2930,44,36,8,44,0
2021-01-15,Siskiyou,093,43540,1234,1119,177,1296,4
2021-01-15,Solano,095,438530,25717,24222,274,24496,103
2021-01-15,Sonoma,097,501317,24246,23204,121,23325,222
2021-01-15,Stanislaus,099,539301,43539,41178,4239,45417,562
2021-01-15,Sutter,101,95872,7762,7484,64,7548,75
2021-01-15,Tehama,103,63373,3945,3714,428,4142,17
2021-01-15,Trinity,105,12862,437,262,66,328,3
2021-01-15,Tulare,107,460477,42622,39951,5633,45584,535
2021-01-15,Tuolumne,109,53932,3273,3231,28,3259,27
2021-01-15,Ventura,111,848112,62919,59061,2182,61243,353
2021-01-15,Yolo,113,214977,11156,10240,123,10363,134
2021-01-15,Yuba,115,75493,4779,4549,59,4608,27
2021-01-14,Alameda,001,1643700,68264,64364,1416,65780,686
2021-01-14,Alpine,003,1148,73,71,0,71,0
2021-01-14,Amador,005,37829,3034,2940,24,2964,28
2021-01-14,Butte,007,227075,9852,9127,1287,10414,129
2021-01-14,Calaveras,009,45235,1583,1513,7,1520,21
2021-01-14,Colusa,011,21464,1610,1535,158,1693,7
2021-01-14,Contra Costa,013,1133247,52984,49545,856,50401,415
2021-01-14,Del Norte,015,27424,861,821,2,823,2
2021-01-14,El Dorado,017,186661,7985,7321,497,7818,45
2021-01-14,Fresno,019,978130,85130,79033,6284,85317,814
2021-01-14,Glenn,021,27897,1992,1798,388,2186,9
2021-01-14,Humboldt,023,135768,2399,2169,8,2177,22
2021-01-14,Imperial,025,180216,25652,24882,2189,27071,447
2021-01-14,Inyo,027,18085,960,790,8,798,25
2021-01-14,Kern,029,883053,81706,77070,7236,84306,705
2021-01-14,Kings,031,150075,19646,18405,755,19160,108
2021-01-14,Lake,033,64148,2626,2378,0,2378,27
2021-01-14,Lassen,035,31185,4788,4673,73,4746,1
2021-01-14,Los Angeles,037,10098052,1026459,954652,32706,987358,13147
2021-01-14,Madera,039,155013,13668,12742,640,13382,85
2021-01-14,Marin,041,260295,11639,11155,117,11272,159
2021-01-14,Mariposa,043,17540,330,302,2,304,3
2021-01-14,Mendocino,045,87422,3033,2801,49,2850,31
2021-01-14,Merced,047,269075,23926,22780,587,23367,239
2021-01-14,Modoc,049,8938,297,273,87,360,0
2021-01-14,Mono,051,14174,1080,1020,13,1033,3
2021-01-14,Monterey,053,433212,36071,34105,1106,35211,242
2021-01-14,Napa,055,140530,7691,7117,31,7148,38
2021-01-14,Nevada,057,99092,3314,3075,127,3202,17
2021-01-14,Orange,059,3164182,215045,204442,8668,213110,2162
2021-01-14,Placer,061,380077,18054,16488,843,17331,169
2021-01-14,Plumas,063,18699,575,496,9,505,2
2021-01-14,Riverside,065,2383286,248360,231684,11691,243375,2357
2021-01-14,Sacramento,067,1510023,81085,79137,899,80036,1007
2021-01-14,San Benito,069,59416,4964,4678,53,4731,35
2021-01-14,San Bernardino,071,2135413,257999,243379,7328,250707,1750
2021-01-14,San Diego,073,3302833,221657,204173,10202,214375,2005
2021-01-14,San Francisco,075,870044,29345,28200,503,28703,238
2021-01-14,San Joaquin,077,732212,57988,55058,2266,57324,739
2021-01-14,San Luis Obispo,079,281455,16254,14851,400,15251,146
2021-01-14,San Mateo,081,765935,33491,30694,217,30911,208
2021-01-14,Santa Barbara,083,443738,25333,23126,780,23906,219
2021-01-14,Santa Clara,085,1922200,93794,88505,413,88918,910
2021-01-14,Santa Cruz,087,273765,13068,11583,583,12166,109
2021-01-14,Shasta,089,179085,9792,9334,961,10295,90
2021-01-14,Sierra,091,2930,44,35,7,42,0
2021-01-14,Siskiyou,093,43540,1222,1108,174,1282,3
2021-01-14,Solano,095,438530,25458,23782,270,24052,103
2021-01-14,Sonoma,097,501317,24005,22910,121,23031,202
2021-01-14,Stanislaus,099,539301,43214,40597,4201,44798,574
2021-01-14,Sutter,101,95872,7703,7416,61,7477,74
2021-01-14,Tehama,103,63373,3916,3664,424,4088,17
2021-01-14,Trinity,105,12862,437,261,65,326,3
2021-01-14,Tulare,107,460477,42238,39565,5524,45089,533
2021-01-14,Tuolumne,109,53932,3252,3215,28,3243,28
2021-01-14,Ventura,111,848112,62047,57941,2144,60085,347
2021-01-14,Yolo,113,214977,11045,10097,117,10214,135
2021-01-14,Yuba,115,75493,4747,4496,59,4555,27
2021-01-13,Alameda,001,1643700,67510,63568,1399,64967,690
2021-01-13,Alpine,003,1148,73,71,0,71,0
2021-01-13,Amador,005,37829,3020,2914,24,2938,26
2021-01-13,Butte,007,227075,9773,9013,1273,10286,126
2021-01-13,Calaveras,009,45235,1561,1493,7,1500,21
2021-01-13,Colusa,011,21464,1598,1524,153,1677,7
2021-01-13,Contra Costa,013,1133247,52404,48877,844,49721,403
2021-01-13,Del Norte,015,27424,857,820,2,822,2
2021-01-13,El Dorado,017,186661,7892,7247,489,7736,43
2021-01-13,Fresno,019,978130,84411,78278,6242,84520,804
2021-01-13,Glenn,021,27897,1977,1792,380,2172,9
2021-01-13,Humboldt,023,135768,2367,2114,8,2122,22
2021-01-13,Imperial,025,180216,25528,24717,2156,26873,463
2021-01-13,Inyo,027,18085,948,785,8,793,25
2021-01-13,Kern,029,883053,81045,76049,7146,83195,704
2021-01-13,Kings,031,150075,19479,18121,733,18854,108
2021-01-13,Lake,033,64148,2582,2305,0,2305,27
2021-01-13,Lassen,035,31185,4781,4663,72,4735,1
2021-01-13,Los Angeles,037,10098052,1015684,937985,32296,970281,12873
2021-01-13,Madera,039,155013,13542,12570,635,13205,85
2021-01-13,Marin,041,260295,11583,11039,117,11156,161
2021-01-13,Mariposa,043,17540,328,304,2,306,3
2021-01-13,Mendocino,045,87422,3013,2790,49,2839,31
2021-01-13,Merced,047,269075,23686,22497,572,23069,241
2021-01-13,Modoc,049,8938,296,274,84,358,0
2021-01-13,Mono,051,14174,1076,1017,13,1030,3
2021-01-13,Monterey,053,433212,35651,33748,1082,34830,241
2021-01-13,Napa,055,140530,7577,7028,31,7059,36
2021-01-13,Nevada,057,99092,3289,3037,124,3161,17
2021-01-13,Orange,059,3164182,212957,201158,8599,209757,2172
2021-01-13,Placer,061,380077,17926,16272,829,17101,172
2021-01-13,Plumas,063,18699,573,490,9,499,2
2021-01-13,Riverside,065,2383286,245207,228192,11574,239766,2278
2021-01-13,Sacramento,067,1510023,80424,78268,892,79160,996
2021-01-13,San Benito,069,59416,4908,4583,52,4635,35
2021-01-13,San Bernardino,071,2135413,255625,240191,7256,247447,1759
2021-01-13,San Diego,073,3302833,219043,201578,10099,211677,1952
2021-01-13,San Francisco,075,870044,29105,27863,481,28344,238
2021-01-13,San Joaquin,077,732212,57364,54373,2236,56609,738
2021-01-13,San Luis Obispo,079,281455,16099,14625,389,15014,140
2021-01-13,San Mateo,081,765935,33150,30195,215,30410,207
2021-01-13,Santa Barbara,083,443738,24898,22714,756,23470,216
2021-01-13,Santa Clara,085,1922200,92818,87187,410,87597,911
2021-01-13,Santa Cruz,087,273765,12895,11423,569,11992,110
2021-01-13,Shasta,089,179085,9728,9180,947,10127,93
2021-01-13,Sierra,091,2930,44,33,7,40,0
2021-01-13,Siskiyou,093,43540,1216,1102,170,1272,3
2021-01-13,Solano,095,438530,25173,23503,269,23772,105
2021-01-13,Sonoma,097,501317,23756,22610,120,22730,206
2021-01-13,Stanislaus,099,539301,42812,40167,4147,44314,574
2021-01-13,Sutter,101,95872,7657,7350,60,7410,73
2021-01-13,Tehama,103,63373,3866,3589,419,4008,17
2021-01-13,Trinity,105,12862,437,260,65,325,3
2021-01-13,Tulare,107,460477,41830,39129,5420,44549,522
2021-01-13,Tuolumne,109,53932,3238,3196,28,3224,28
2021-01-13,Ventura,111,848112,61034,56453,2105,58558,338
2021-01-13,Yolo,113,214977,10944,9933,113,10046,135
2021-01-13,Yuba,115,75493,4705,4448,56,4504,27
2021-01-12,Alameda,001,1643700,66687,62642,1379,64021,677
2021-01-12,Alpine,003,1148,73,71,0,71,0
2021-01-12,Amador,005,37829,3003,2897,24,2921,26
2021-01-12,Butte,007,227075,9687,8883,1256,10139,124
2021-01-12,Calaveras,009,45235,1524,1475,7,1482,21
2021-01-12,Colusa,011,21464,1586,1510,149,1659,7
2021-01-12,Contra Costa,013,1133247,51761,48242,830,49072,399
2021-01-12,Del Norte,015,27424,852,816,2,818,2
2021-01-12,El Dorado,017,186661,7809,7156,478,7634,41
2021-01-12,Fresno,019,978130,83539,77651,6173,83824,796
2021-01-12,Glenn,021,27897,1951,1781,375,2156,9
2021-01-12,Humboldt,023,135768,2313,2077,7,2084,22
2021-01-12,Imperial,025,180216,25438,24566,2115,26681,457
2021-01-12,Inyo,027,18085,931,773,8,781,25
2021-01-12,Kern,029,883053,80340,75320,7048,82368,689
2021-01-12,Kings,031,150075,19267,18072,723,18795,108
2021-01-12,Lake,033,64148,2535,2260,0,2260,27
2021-01-12,Lassen,035,31185,4759,4659,70,4729,1
2021-01-12,Los Angeles,037,10098052,1004042,926295,31882,958177,12610
2021-01-12,Madera,039,155013,13401,12485,626,13111,85
2021-01-12,Marin,041,260295,11474,10960,117,11077,157
2021-01-12,Mariposa,043,17540,326,302,2,304,3
2021-01-12,Mendocino,045,87422,2993,2762,45,2807,31
2021-01-12,Merced,047,269075,23435,22172,550,22722,239
2021-01-12,Modoc,049,8938,294,274,84,358,0
2021-01-12,Mono,051,14174,1066,1008,13,1021,3
2021-01-12,Monterey,053,433212,35151,33381,1062,34443,240
2021-01-12,Napa,055,140530,7494,6936,31,6967,36
2021-01-12,Nevada,057,99092,3261,3014,122,3136,17
2021-01-12,Orange,059,3164182,210666,198260,8512,206772,2142
2021-01-12,Placer,061,380077,17756,16087,823,16910,163
2021-01-12,Plumas,063,18699,567,483,9,492,2
2021-01-12,Riverside,065,2383286,242076,225580,11434,237014,2266
2021-01-12,Sacramento,067,1510023,79684,77201,884,78085,985
2021-01-12,San Benito,069,59416,4840,4515,52,4567,35
2021-01-12,San Bernardino,071,2135413,253054,237008,7187,244195,1739
2021-01-12,San Diego,073,3302833,216129,198317,9982,208299,1898
2021-01-12,San Francisco,075,870044,28828,27531,448,27979,238
2021-01-12,San Joaquin,077,732212,56722,53630,2209,55839,725
2021-01-12,San Luis Obispo,079,281455,15851,14367,380,14747,132
2021-01-12,San Mateo,081,765935,32759,29747,203,29950,206
2021-01-12,Santa Barbara,083,443738,24483,22182,728,22910,209
2021-01-12,Santa Clara,085,1922200,91746,86075,402,86477,904
2021-01-12,Santa Cruz,087,273765,12680,11267,553,11820,110
2021-01-12,Shasta,089,179085,9655,9086,934,10020,84
2021-01-12,Sierra,091,2930,42,33,6,39,0
2021-01-12,Siskiyou,093,43540,1206,1091,164,1255,3
2021-01-12,Solano,095,438530,24870,23160,264,23424,102
2021-01-12,Sonoma,097,501317,23448,22403,120,22523,205
2021-01-12,Stanislaus,099,539301,42362,39615,4113,43728,571
2021-01-12,Sutter,101,95872,7594,7276,59,7335,73
2021-01-12,Tehama,103,63373,3830,3567,415,3982,17
2021-01-12,Trinity,105,12862,437,258,65,323,3
2021-01-12,Tulare,107,460477,41371,38797,5304,44101,509
2021-01-12,Tuolumne,109,53932,3205,3178,28,3206,28
2021-01-12,Ventura,111,848112,60062,55342,2072,57414,324
2021-01-12,Yolo,113,214977,10810,9857,103,9960,133
2021-01-12,Yuba,115,75493,4663,4389,56,4445,27
2021-01-11,Alameda,001,1643700,65825,61949,1362,63311,652
2021-01-11,Alpine,003,1148,73,70,0,70,0
2021-01-11,Amador,005,37829,2989,2867,24,2891,24
2021-01-11,Butte,007,227075,9574,8757,1238,9995,119
2021-01-11,Calaveras,009,45235,1506,1460,7,1467,21
2021-01-11,Colusa,011,21464,1568,1494,145,1639,7
2021-01-11,Contra Costa,013,1133247,51082,47728,821,48549,398
2021-01-11,Del Norte,015,27424,848,810,2,812,2
2021-01-11,El Dorado,017,186661,7715,6987,470,7457,36
2021-01-11,Fresno,019,978130,82659,76581,6096,82677,775
2021-01-11,Glenn,021,27897,1922,1763,369,2132,9
2021-01-11,Humboldt,023,135768,2274,2069,7,2076,22
2021-01-11,Imperial,025,180216,25323,24418,2080,26498,453
2021-01-11,Inyo,027,18085,913,763,8,771,25
2021-01-11,Kern,029,883053,79484,74489,6946,81435,682
2021-01-11,Kings,031,150075,19004,17909,715,18624,108
2021-01-11,Lake,033,64148,2483,2205,0,2205,26
2021-01-11,Lassen,035,31185,4736,4647,69,4716,1
2021-01-11,Los Angeles,037,10098052,990836,914434,31410,945844,12304
2021-01-11,Madera,039,155013,13268,12366,615,12981,85
2021-01-11,Marin,041,260295,11378,10814,114,10928,156
2021-01-11,Mariposa,043,17540,319,296,2,298,3
2021-01-11,Mendocino,045,87422,2965,2728,45,2773,31
2021-01-11,Merced,047,269075,23112,21884,536,22420,238
2021-01-11,Modoc,049,8938,293,271,83,354,0
2021-01-11,Mono,051,14174,1060,1006,13,1019,3
2021-01-11,Monterey,053,433212,34611,32858,999,33857,239
2021-01-11,Napa,055,140530,7392,6822,31,6853,36
2021-01-11,Nevada,057,99092,3233,2980,122,3102,17
2021-01-11,Orange,059,3164182,208084,196340,8411,204751,2113
2021-01-11,Placer,061,380077,17576,15919,813,16732,163
2021-01-11,Plumas,063,18699,563,477,9,486,2
2021-01-11,Riverside,065,2383286,238554,222907,11287,234194,2222
2021-01-11,Sacramento,067,1510023,78755,76009,868,76877,974
2021-01-11,San Benito,069,59416,4763,4482,45,4527,34
2021-01-11,San Bernardino,071,2135413,250219,235543,7088,242631,1739
2021-01-11,San Diego,073,3302833,212860,194793,9822,204615,1857
2021-01-11,San Francisco,075,870044,28553,27264,427,27691,238
2021-01-11,San Joaquin,077,732212,56111,53002,2179,55181,725
2021-01-11,San Luis Obispo,079,281455,15481,14213,372,14585,126
2021-01-11,San Mateo,081,765935,32314,29355,191,29546,206
2021-01-11,Santa Barbara,083,443738,24039,21740,711,22451,200
2021-01-11,Santa Clara,085,1922200,90543,84851,393,85244,877
2021-01-11,Santa Cruz,087,273765,12500,11093,529,11622,106
2021-01-11,Shasta,089,179085,9557,8977,921,9898,81
2021-01-11,Sierra,091,2930,41,33,6,39,0
2021-01-11,Siskiyou,093,43540,1197,1087,162,1249,3
2021-01-11,Solano,095,438530,24548,22893,259,23152,101
2021-01-11,Sonoma,097,501317,23201,22191,120,22311,205
2021-01-11,Stanislaus,099,539301,41870,39149,4062,43211,571
2021-01-11,Sutter,101,95872,7535,7204,58,7262,71
2021-01-11,Tehama,103,63373,3766,3524,394,3918,17
2021-01-11,Trinity,105,12862,437,256,65,321,2
2021-01-11,Tulare,107,460477,40956,38380,5225,43605,497
2021-01-11,Tuolumne,109,53932,3194,3165,28,3193,27
2021-01-11,Ventura,111,848112,58925,54202,2049,56251,320
2021-01-11,Yolo,113,214977,10599,9699,101,9800,129
2021-01-11,Yuba,115,75493,4625,4349,49,4398,27
2021-01-10,Alameda,001,1643700,64834,61111,1333,62444,650
2021-01-10,Alpine,003,1148,73,70,0,70,0
2021-01-10,Amador,005,37829,2965,2861,24,2885,24
2021-01-10,Butte,007,227075,9455,8665,1212,9877,119
2021-01-10,Calaveras,009,45235,1482,1449,7,1456,21
2021-01-10,Colusa,011,21464,1544,1478,144,1622,7
2021-01-10,Contra Costa,013,1133247,50295,47109,803,47912,398
2021-01-10,Del Norte,015,27424,845,809,2,811,2
2021-01-10,El Dorado,017,186661,7628,6904,452,7356,36
2021-01-10,Fresno,019,978130,81848,75621,5973,81594,775
2021-01-10,Glenn,021,27897,1901,1746,362,2108,9
2021-01-10,Humboldt,023,135768,2213,2049,7,2056,22
2021-01-10,Imperial,025,180216,25160,24233,2029,26262,453
2021-01-10,Inyo,027,18085,885,748,8,756,25
2021-01-10,Kern,029,883053,78657,73712,6813,80525,679
2021-01-10,Kings,031,150075,18785,17812,708,18520,108
2021-01-10,Lake,033,64148,2430,2174,0,2174,26
2021-01-10,Lassen,035,31185,4714,4642,69,4711,1
2021-01-10,Los Angeles,037,10098052,976254,901783,30782,932565,12170
2021-01-10,Madera,039,155013,13079,12179,600,12779,85
2021-01-10,Marin,041,260295,11257,10737,112,10849,155
2021-01-10,Mariposa,043,17540,319,291,2,293,3
2021-01-10,Mendocino,045,87422,2934,2706,42,2748,31
2021-01-10,Merced,047,269075,22838,21691,526,22217,238
2021-01-10,Modoc,049,8938,293,271,81,352,0
2021-01-10,Mono,051,14174,1042,965,13,978,3
2021-01-10,Monterey,053,433212,34171,32571,967,33538,237
2021-01-10,Napa,055,140530,7288,6687,29,6716,36
2021-01-10,Nevada,057,99092,3214,2959,118,3077,17
2021-01-10,Orange,059,3164182,205319,193766,8287,202053,2104
2021-01-10,Placer,061,380077,17390,15779,793,16572,163
2021-01-10,Plumas,063,18699,553,477,9,486,2
2021-01-10,Riverside,065,2383286,235176,219486,11097,230583,2216
2021-01-10,Sacramento,067,1510023,77793,75394,840,76234,965
2021-01-10,San Benito,069,59416,4665,4434,44,4478,34
2021-01-10,San Bernardino,071,2135413,246633,232171,6984,239155,1736
2021-01-10,San Diego,073,3302833,209194,191886,9655,201541,1857
2021-01-10,San Francisco,075,870044,28169,27054,396,27450,238
2021-01-10,San Joaquin,077,732212,55252,52535,2145,54680,725
2021-01-10,San Luis Obispo,079,281455,15151,13968,360,14328,122
2021-01-10,San Mateo,081,765935,31822,28972,177,29149,206
2021-01-10,Santa Barbara,083,443738,23488,21290,690,21980,200
2021-01-10,Santa Clara,085,1922200,89368,83779,384,84163,858
2021-01-10,Santa Cruz,087,273765,12287,10951,508,11459,106
2021-01-10,Shasta,089,179085,9445,8936,906,9842,81
2021-01-10,Sierra,091,2930,40,32,6,38,0
2021-01-10,Siskiyou,093,43540,1191,1075,159,1234,3
2021-01-10,Solano,095,438530,24147,22621,256,22877,101
2021-01-10,Sonoma,097,501317,22926,21925,119,22044,204
2021-01-10,Stanislaus,099,539301,41306,38809,3982,42791,571
2021-01-10,Sutter,101,95872,7474,7133,55,7188,71
2021-01-10,Tehama,103,63373,3693,3504,381,3885,17
2021-01-10,Trinity,105,12862,437,253,63,316,2
2021-01-10,Tulare,107,460477,40538,38012,5103,43115,497
2021-01-10,Tuolumne,109,53932,3160,3143,27,3170,27
2021-01-10,Ventura,111,848112,57656,53095,2005,55100,319
2021-01-10,Yolo,113,214977,10447,9610,100,9710,129
2021-01-10,Yuba,115,75493,4573,4300,46,4346,27
2021-01-09,Alameda,001,1643700,64310,60125,1317,61442,649
2021-01-09,Alpine,003,1148,73,70,0,70,0
2021-01-09,Amador,005,37829,2958,2809,24,2833,24
2021-01-09,Butte,007,227075,9374,8552,1188,9740,118
2021-01-09,Calaveras,009,45235,1472,1425,7,1432,21
2021-01-09,Colusa,011,21464,1538,1468,143,1611,7
2021-01-09,Contra Costa,013,1133247,49945,46406,788,47194,393
2021-01-09,Del Norte,015,27424,843,802,2,804,2
2021-01-09,El Dorado,017,186661,7596,6800,449,7249,36
2021-01-09,Fresno,019,978130,81439,74816,5933,80749,773
2021-01-09,Glenn,021,27897,1885,1707,358,2065,9
2021-01-09,Humboldt,023,135768,2195,2026,7,2033,22
2021-01-09,Imperial,025,180216,25092,24028,2015,26043,448
2021-01-09,Inyo,027,18085,875,734,8,742,25
2021-01-09,Kern,029,883053,78193,73015,6737,79752,677
2021-01-09,Kings,031,150075,18690,17679,704,18383,108
2021-01-09,Lake,033,64148,2395,2144,0,2144,26
2021-01-09,Lassen,035,31185,4702,4613,68,4681,1
2021-01-09,Los Angeles,037,10098052,970689,887949,30340,918289,12011
2021-01-09,Madera,039,155013,12988,12063,595,12658,85
2021-01-09,Marin,041,260295,11194,10634,111,10745,154
2021-01-09,Mariposa,043,17540,316,287,2,289,3
2021-01-09,Mendocino,045,87422,2916,2664,42,2706,31
2021-01-09,Merced,047,269075,22697,21357,516,21873,237
2021-01-09,Modoc,049,8938,293,271,80,351,0
2021-01-09,Mono,051,14174,1037,964,13,977,3
2021-01-09,Monterey,053,433212,34023,31948,958,32906,235
2021-01-09,Napa,055,140530,7218,6594,26,6620,36
2021-01-09,Nevada,057,99092,3192,2932,115,3047,17
2021-01-09,Orange,059,3164182,203812,191004,8194,199198,2034
2021-01-09,Placer,061,380077,17282,15609,791,16400,162
2021-01-09,Plumas,063,18699,551,477,9,486,2
2021-01-09,Riverside,065,2383286,233425,216076,10960,227036,2201
2021-01-09,Sacramento,067,1510023,77268,74482,835,75317,953
2021-01-09,San Benito,069,59416,4616,4335,44,4379,34
2021-01-09,San Bernardino,071,2135413,245446,228857,6915,235772,1714
2021-01-09,San Diego,073,3302833,207501,188598,9535,198133,1824
2021-01-09,San Francisco,075,870044,27994,26708,353,27061,235
2021-01-09,San Joaquin,077,732212,54903,51927,2125,54052,724
2021-01-09,San Luis Obispo,079,281455,15027,13647,349,13996,121
2021-01-09,San Mateo,081,765935,31525,28512,170,28682,205
2021-01-09,Santa Barbara,083,443738,23280,20971,681,21652,197
2021-01-09,Santa Clara,085,1922200,88526,82269,372,82641,808
2021-01-09,Santa Cruz,087,273765,12191,10717,503,11220,107
2021-01-09,Shasta,089,179085,9412,8893,902,9795,81
2021-01-09,Sierra,091,2930,38,32,6,38,0
2021-01-09,Siskiyou,093,43540,1187,1062,155,1217,3
2021-01-09,Solano,095,438530,23989,22226,255,22481,101
2021-01-09,Sonoma,097,501317,22805,21393,119,21512,202
2021-01-09,Stanislaus,099,539301,41010,38403,3944,42347,567
2021-01-09,Sutter,101,95872,7438,7072,54,7126,69
2021-01-09,Tehama,103,63373,3663,3451,369,3820,15
2021-01-09,Trinity,105,12862,437,252,63,315,2
2021-01-09,Tulare,107,460477,40283,37684,5037,42721,496
2021-01-09,Tuolumne,109,53932,3152,3117,26,3143,26
2021-01-09,Ventura,111,848112,56827,51988,1979,53967,306
2021-01-09,Yolo,113,214977,10376,9524,97,9621,129
2021-01-09,Yuba,115,75493,4545,4265,46,4311,27
2021-01-08,Alameda,001,1643700,63756,59172,1307,60479,646
2021-01-08,Alpine,003,1148,73,70,0,70,0
2021-01-08,Amador,005,37829,2951,2792,24,2816,24
2021-01-08,Butte,007,227075,9314,8430,1173,9603,115
2021-01-08,Calaveras,009,45235,1458,1385,7,1392,21
2021-01-08,Colusa,011,21464,1525,1448,142,1590,7
2021-01-08,Contra Costa,013,1133247,49419,45667,784,46451,381
2021-01-08,Del Norte,015,27424,841,795,2,797,2
2021-01-08,El Dorado,017,186661,7526,6690,437,7127,36
2021-01-08,Fresno,019,978130,80624,73689,5872,79561,771
2021-01-08,Glenn,021,27897,1870,1680,354,2034,9
2021-01-08,Humboldt,023,135768,2171,1988,7,1995,22
2021-01-08,Imperial,025,180216,25026,23751,2000,25751,446
2021-01-08,Inyo,027,18085,861,682,8,690,24
2021-01-08,Kern,029,883053,77630,71978,6664,78642,674
2021-01-08,Kings,031,150075,18562,17441,699,18140,108
2021-01-08,Lake,033,64148,2370,2098,0,2098,26
2021-01-08,Lassen,035,31185,4694,4598,66,4664,1
2021-01-08,Los Angeles,037,10098052,959895,871188,29908,901096,11796
2021-01-08,Madera,039,155013,12837,11846,586,12432,85
2021-01-08,Marin,041,260295,11100,10531,110,10641,153
2021-01-08,Mariposa,043,17540,315,273,2,275,3
2021-01-08,Mendocino,045,87422,2897,2634,39,2673,31
2021-01-08,Merced,047,269075,22502,20862,510,21372,236
2021-01-08,Modoc,049,8938,293,266,80,346,0
2021-01-08,Mono,051,14174,1027,951,13,964,3
2021-01-08,Monterey,053,433212,33764,31543,947,32490,224
2021-01-08,Napa,055,140530,7148,6544,26,6570,32
2021-01-08,Nevada,057,99092,3170,2888,115,3003,17
2021-01-08,Orange,059,3164182,201821,186608,8107,194715,1991
2021-01-08,Placer,061,380077,17151,15401,784,16185,161
2021-01-08,Plumas,063,18699,545,465,9,474,2
2021-01-08,Riverside,065,2383286,231028,212122,10829,222951,2184
2021-01-08,Sacramento,067,1510023,76686,73245,829,74074,939
2021-01-08,San Benito,069,59416,4579,4225,43,4268,33
2021-01-08,San Bernardino,071,2135413,243561,224267,6844,231111,1703
2021-01-08,San Diego,073,3302833,204965,185060,9441,194501,1771
2021-01-08,San Francisco,075,870044,27745,26378,329,26707,207
2021-01-08,San Joaquin,077,732212,54567,50990,2096,53086,710
2021-01-08,San Luis Obispo,079,281455,14893,13286,337,13623,119
2021-01-08,San Mateo,081,765935,31176,28072,167,28239,204
2021-01-08,Santa Barbara,083,443738,22997,20461,672,21133,189
2021-01-08,Santa Clara,085,1922200,87505,80561,369,80930,789
2021-01-08,Santa Cruz,087,273765,12051,10486,494,10980,106
2021-01-08,Shasta,089,179085,9362,8772,887,9659,81
2021-01-08,Sierra,091,2930,38,31,6,37,0
2021-01-08,Siskiyou,093,43540,1184,1027,154,1181,3
2021-01-08,Solano,095,438530,23818,21832,252,22084,100
2021-01-08,Sonoma,097,501317,22664,21178,119,21297,201
2021-01-08,Stanislaus,099,539301,40715,37858,3907,41765,566
2021-01-08,Sutter,101,95872,7388,6982,54,7036,68
2021-01-08,Tehama,103,63373,3640,3406,364,3770,15
2021-01-08,Trinity,105,12862,437,247,63,310,2
2021-01-08,Tulare,107,460477,40011,36946,4936,41882,491
2021-01-08,Tuolumne,109,53932,3144,3099,26,3125,19
2021-01-08,Ventura,111,848112,55961,50553,1955,52508,294
2021-01-08,Yolo,113,214977,10287,9391,93,9484,129
2021-01-08,Yuba,115,75493,4503,4195,45,4240,26
2021-01-07,Alameda,001,1643700,62883,57921,1280,59201,632
2021-01-07,Alpine,003,1148,71,70,0,70,0
2021-01-07,Amador,005,37829,2938,2740,23,2763,24
2021-01-07,Butte,007,227075,9217,8278,1146,9424,112
2021-01-07,Calaveras,009,45235,1441,1342,6,1348,21
2021-01-07,Colusa,011,21464,1513,1420,135,1555,7
2021-01-07,Contra Costa,013,1133247,48637,44756,767,45523,376
2021-01-07,Del Norte,015,27424,839,791,2,793,2
2021-01-07,El Dorado,017,186661,7425,6545,425,6970,36
2021-01-07,Fresno,019,978130,79667,72557,5773,78330,765
2021-01-07,Glenn,021,27897,1850,1639,342,1981,9
2021-01-07,Humboldt,023,135768,2144,1954,7,1961,22
2021-01-07,Imperial,025,180216,24834,23608,1948,25556,431
2021-01-07,Inyo,027,18085,848,656,8,664,20
2021-01-07,Kern,029,883053,76773,70953,6513,77466,660
2021-01-07,Kings,031,150075,18434,17238,690,17928,108
2021-01-07,Lake,033,64148,2315,2054,0,2054,26
2021-01-07,Lassen,035,31185,4689,4581,64,4645,1
2021-01-07,Los Angeles,037,10098052,945015,853187,29362,882549,11480
2021-01-07,Madera,039,155013,12680,11644,575,12219,76
2021-01-07,Marin,041,260295,11010,10364,108,10472,153
2021-01-07,Mariposa,043,17540,313,264,2,266,3
2021-01-07,Mendocino,045,87422,2842,2585,34,2619,30
2021-01-07,Merced,047,269075,22181,20510,495,21005,234
2021-01-07,Modoc,049,8938,293,265,80,345,0
2021-01-07,Mono,051,14174,1016,905,13,918,3
2021-01-07,Monterey,053,433212,33240,30903,922,31825,222
2021-01-07,Napa,055,140530,7038,6408,26,6434,32
2021-01-07,Nevada,057,99092,3136,2847,110,2957,17
2021-01-07,Orange,059,3164182,198979,181922,8009,189931,1974
2021-01-07,Placer,061,380077,16972,15155,755,15910,144
2021-01-07,Plumas,063,18699,543,454,9,463,2
2021-01-07,Riverside,065,2383286,227574,208177,10674,218851,2156
2021-01-07,Sacramento,067,1510023,75782,72342,808,73150,919
2021-01-07,San Benito,069,59416,4517,4112,39,4151,33
2021-01-07,San Bernardino,071,2135413,240022,219691,6762,226453,1666
2021-01-07,San Diego,073,3302833,201659,180510,9262,189772,1738
2021-01-07,San Francisco,075,870044,27412,25885,314,26199,202
2021-01-07,San Joaquin,077,732212,53883,50156,2065,52221,689
2021-01-07,San Luis Obispo,079,281455,14654,12810,324,13134,118
2021-01-07,San Mateo,081,765935,30666,27494,163,27657,201
2021-01-07,Santa Barbara,083,443738,22574,19931,659,20590,187
2021-01-07,Santa Clara,085,1922200,86290,78808,366,79174,775
2021-01-07,Santa Cruz,087,273765,11842,10228,487,10715,104
2021-01-07,Shasta,089,179085,9275,8612,879,9491,81
2021-01-07,Sierra,091,2930,38,31,6,37,0
2021-01-07,Siskiyou,093,43540,1179,1010,152,1162,3
2021-01-07,Solano,095,438530,23426,21384,248,21632,100
2021-01-07,Sonoma,097,501317,22400,20857,118,20975,200
2021-01-07,Stanislaus,099,539301,40288,37296,3856,41152,553
2021-01-07,Sutter,101,95872,7328,6890,53,6943,65
2021-01-07,Tehama,103,63373,3617,3330,357,3687,15
2021-01-07,Trinity,105,12862,437,247,63,310,2
2021-01-07,Tulare,107,460477,39610,36397,4799,41196,482
2021-01-07,Tuolumne,109,53932,3124,3068,25,3093,14
2021-01-07,Ventura,111,848112,54800,49083,1927,51010,288
2021-01-07,Yolo,113,214977,10149,9207,91,9298,128
2021-01-07,Yuba,115,75493,4461,4128,45,4173,25
2021-01-06,Alameda,001,1643700,62028,57081,1249,58330,616
2021-01-06,Alpine,003,1148,71,70,0,70,0
2021-01-06,Amador,005,37829,2917,2717,22,2739,24
2021-01-06,Butte,007,227075,9104,8147,1128,9275,110
2021-01-06,Calaveras,009,45235,1417,1321,6,1327,21
2021-01-06,Colusa,011,21464,1492,1385,130,1515,7
2021-01-06,Contra Costa,013,1133247,47832,44054,751,44805,358
2021-01-06,Del Norte,015,27424,833,780,2,782,2
2021-01-06,El Dorado,017,186661,7313,6397,412,6809,35
2021-01-06,Fresno,019,978130,78824,71404,5669,77073,752
2021-01-06,Glenn,021,27897,1825,1622,337,1959,9
2021-01-06,Humboldt,023,135768,2118,1912,7,1919,22
2021-01-06,Imperial,025,180216,24583,23400,1905,25305,431
2021-01-06,Inyo,027,18085,832,630,8,638,20
2021-01-06,Kern,029,883053,75830,69893,6382,76275,646
2021-01-06,Kings,031,150075,18236,17019,670,17689,108
2021-01-06,Lake,033,64148,2278,2033,0,2033,26
2021-01-06,Lassen,035,31185,4677,4560,60,4620,1
2021-01-06,Los Angeles,037,10098052,929080,835052,28664,863716,11285
2021-01-06,Madera,039,155013,12544,11407,569,11976,67
2021-01-06,Marin,041,260295,10882,10282,107,10389,153
2021-01-06,Mariposa,043,17540,310,259,2,261,3
2021-01-06,Mendocino,045,87422,2812,2561,34,2595,30
2021-01-06,Merced,047,269075,21843,20258,480,20738,232
2021-01-06,Modoc,049,8938,293,263,80,343,0
2021-01-06,Mono,051,14174,985,905,13,918,3
2021-01-06,Monterey,053,433212,32643,30387,889,31276,222
2021-01-06,Napa,055,140530,6908,6342,26,6368,32
2021-01-06,Nevada,057,99092,3116,2805,109,2914,15
2021-01-06,Orange,059,3164182,195523,177686,7867,185553,1935
2021-01-06,Placer,061,380077,16784,14940,737,15677,134
2021-01-06,Plumas,063,18699,535,445,9,454,2
2021-01-06,Riverside,065,2383286,223550,203714,10487,214201,2121
2021-01-06,Sacramento,067,1510023,74760,71572,791,72363,909
2021-01-06,San Benito,069,59416,4440,4031,38,4069,32
2021-01-06,San Bernardino,071,2135413,236297,215286,6655,221941,1634
2021-01-06,San Diego,073,3302833,198161,176660,9092,185752,1691
2021-01-06,San Francisco,075,870044,27041,25424,306,25730,199
2021-01-06,San Joaquin,077,732212,53124,49286,2023,51309,673
2021-01-06,San Luis Obispo,079,281455,14261,12305,317,12622,115
2021-01-06,San Mateo,081,765935,30242,27050,160,27210,200
2021-01-06,Santa Barbara,083,443738,22087,19453,649,20102,177
2021-01-06,Santa Clara,085,1922200,84883,77485,359,77844,746
2021-01-06,Santa Cruz,087,273765,11622,9954,469,10423,97
2021-01-06,Shasta,089,179085,9204,8482,872,9354,78
2021-01-06,Sierra,091,2930,37,31,6,37,0
2021-01-06,Siskiyou,093,43540,1167,998,148,1146,3
2021-01-06,Solano,095,438530,23040,21102,245,21347,99
2021-01-06,Sonoma,097,501317,22095,20558,118,20676,196
2021-01-06,Stanislaus,099,539301,39692,36751,3794,40545,553
2021-01-06,Sutter,101,95872,7246,6839,52,6891,59
2021-01-06,Tehama,103,63373,3589,3306,351,3657,15
2021-01-06,Trinity,105,12862,437,246,63,309,2
2021-01-06,Tulare,107,460477,39054,35882,4700,40582,465
2021-01-06,Tuolumne,109,53932,3104,3008,25,3033,14
2021-01-06,Ventura,111,848112,53556,47428,1903,49331,280
2021-01-06,Yolo,113,214977,9987,9083,88,9171,127
2021-01-06,Yuba,115,75493,4412,4097,45,4142,25
2021-01-05,Alameda,001,1643700,60907,56432,1214,57646,602
2021-01-05,Alpine,003,1148,71,70,0,70,0
2021-01-05,Amador,005,37829,2877,2695,22,2717,24
2021-01-05,Butte,007,227075,8964,8008,1102,9110,107
2021-01-05,Calaveras,009,45235,1371,1292,6,1298,21
2021-01-05,Colusa,011,21464,1467,1376,124,1500,7
2021-01-05,Contra Costa,013,1133247,46946,43442,740,44182,353
2021-01-05,Del Norte,015,27424,826,770,2,772,2
2021-01-05,El Dorado,017,186661,7195,6270,391,6661,32
2021-01-05,Fresno,019,978130,77601,70971,5576,76547,741
2021-01-05,Glenn,021,27897,1801,1608,324,1932,9
2021-01-05,Humboldt,023,135768,2082,1884,7,1891,22
2021-01-05,Imperial,025,180216,24410,23165,1860,25025,421
2021-01-05,Inyo,027,18085,818,627,8,635,20
2021-01-05,Kern,029,883053,74753,68257,6243,74500,624
2021-01-05,Kings,031,150075,18037,16860,647,17507,108
2021-01-05,Lake,033,64148,2231,2015,0,2015,25
2021-01-05,Lassen,035,31185,4662,4554,56,4610,1
2021-01-05,Los Angeles,037,10098052,910366,823783,27989,851772,11028
2021-01-05,Madera,039,155013,12368,11359,556,11915,67
2021-01-05,Marin,041,260295,10728,10214,105,10319,151
2021-01-05,Mariposa,043,17540,304,257,2,259,3
2021-01-05,Mendocino,045,87422,2776,2501,34,2535,30
2021-01-05,Merced,047,269075,21491,20051,469,20520,230
2021-01-05,Modoc,049,8938,293,254,80,334,0
2021-01-05,Mono,051,14174,979,896,13,909,3
2021-01-05,Monterey,053,433212,32071,30045,855,30900,213
2021-01-05,Napa,055,140530,6821,6264,26,6290,29
2021-01-05,Nevada,057,99092,3088,2781,107,2888,15
2021-01-05,Orange,059,3164182,191885,174869,7671,182540,1918
2021-01-05,Placer,061,380077,16561,14723,714,15437,133
2021-01-05,Plumas,063,18699,528,428,9,437,2
2021-01-05,Riverside,065,2383286,219418,200439,10314,210753,2069
2021-01-05,Sacramento,067,1510023,73833,70677,765,71442,888
2021-01-05,San Benito,069,59416,4338,3961,36,3997,28
2021-01-05,San Bernardino,071,2135413,232358,212522,6541,219063,1615
2021-01-05,San Diego,073,3302833,194022,172845,8878,181723,1654
2021-01-05,San Francisco,075,870044,26677,24989,288,25277,196
2021-01-05,San Joaquin,077,732212,52249,48969,1974,50943,663
2021-01-05,San Luis Obispo,079,281455,13861,12027,307,12334,106
2021-01-05,San Mateo,081,765935,29758,26486,158,26644,198
2021-01-05,Santa Barbara,083,443738,21644,19063,639,19702,172
2021-01-05,Santa Clara,085,1922200,83348,76355,346,76701,729
2021-01-05,Santa Cruz,087,273765,11349,9753,445,10198,93
2021-01-05,Shasta,089,179085,9097,8345,854,9199,73
2021-01-05,Sierra,091,2930,37,31,6,37,0
2021-01-05,Siskiyou,093,43540,1155,985,146,1131,3
2021-01-05,Solano,095,438530,22633,20860,240,21100,97
2021-01-05,Sonoma,097,501317,21733,20247,117,20364,194
2021-01-05,Stanislaus,099,539301,39147,36363,3746,40109,553
2021-01-05,Sutter,101,95872,7148,6769,51,6820,59
2021-01-05,Tehama,103,63373,3532,3255,346,3601,9
2021-01-05,Trinity,105,12862,437,246,63,309,2
2021-01-05,Tulare,107,460477,38432,35585,4554,40139,455
2021-01-05,Tuolumne,109,53932,3080,2996,20,3016,13
2021-01-05,Ventura,111,848112,52309,46456,1881,48337,264
2021-01-05,Yolo,113,214977,9811,8980,87,9067,127
2021-01-05,Yuba,115,75493,4353,4053,44,4097,21
2021-01-04,Alameda,001,1643700,59666,55899,1181,57080,583
2021-01-04,Alpine,003,1148,71,68,0,68,0
2021-01-04,Amador,005,37829,2837,2596,22,2618,24
2021-01-04,Butte,007,227075,8805,7893,1078,8971,105
2021-01-04,Calaveras,009,45235,1330,1276,5,1281,21
2021-01-04,Colusa,011,21464,1442,1368,110,1478,7
2021-01-04,Contra Costa,013,1133247,46095,43019,714,43733,353
2021-01-04,Del Norte,015,27424,817,770,2,772,2
2021-01-04,El Dorado,017,186661,7061,6152,375,6527,27
2021-01-04,Fresno,019,978130,76332,69871,5479,75350,726
2021-01-04,Glenn,021,27897,1771,1590,318,1908,9
2021-01-04,Humboldt,023,135768,2046,1845,7,1852,22
2021-01-04,Imperial,025,180216,24256,23035,1807,24842,420
2021-01-04,Inyo,027,18085,791,623,8,631,20
2021-01-04,Kern,029,883053,73668,67418,6046,73464,623
2021-01-04,Kings,031,150075,17760,16801,622,17423,108
2021-01-04,Lake,033,64148,2191,1984,0,1984,25
2021-01-04,Lassen,035,31185,4640,4550,55,4605,1
2021-01-04,Los Angeles,037,10098052,890272,813022,27115,840137,10790
2021-01-04,Madera,039,155013,12148,11204,534,11738,67
2021-01-04,Marin,041,260295,10592,10115,102,10217,151
2021-01-04,Mariposa,043,17540,298,253,2,255,3
2021-01-04,Mendocino,045,87422,2736,2460,30,2490,28
2021-01-04,Merced,047,269075,21076,19804,450,20254,230
2021-01-04,Modoc,049,8938,277,250,78,328,0
2021-01-04,Mono,051,14174,968,895,13,908,3
2021-01-04,Monterey,053,433212,31429,29659,832,30491,212
2021-01-04,Napa,055,140530,6680,6187,26,6213,29
2021-01-04,Nevada,057,99092,3050,2765,104,2869,15
2021-01-04,Orange,059,3164182,187993,172458,7544,180002,1918
2021-01-04,Placer,061,380077,16302,14622,701,15323,133
2021-01-04,Plumas,063,18699,518,419,9,428,1
2021-01-04,Riverside,065,2383286,214872,196809,10123,206932,2066
2021-01-04,Sacramento,067,1510023,72773,70164,755,70919,870
2021-01-04,San Benito,069,59416,4226,3914,36,3950,28
2021-01-04,San Bernardino,071,2135413,228128,210868,6390,217258,1615
2021-01-04,San Diego,073,3302833,189448,171031,8682,179713,1598
2021-01-04,San Francisco,075,870044,26291,24753,282,25035,191
2021-01-04,San Joaquin,077,732212,51348,48644,1933,50577,661
2021-01-04,San Luis Obispo,079,281455,13375,11945,299,12244,96
2021-01-04,San Mateo,081,765935,29194,26150,153,26303,198
2021-01-04,Santa Barbara,083,443738,21121,18735,608,19343,165
2021-01-04,Santa Clara,085,1922200,81601,75297,338,75635,727
2021-01-04,Santa Cruz,087,273765,11061,9680,428,10108,85
2021-01-04,Shasta,089,179085,8992,8224,837,9061,72
2021-01-04,Sierra,091,2930,36,30,6,36,0
2021-01-04,Siskiyou,093,43540,1138,980,143,1123,3
2021-01-04,Solano,095,438530,22130,20588,233,20821,97
2021-01-04,Sonoma,097,501317,21393,20210,116,20326,194
2021-01-04,Stanislaus,099,539301,38584,36141,3691,39832,553
2021-01-04,Sutter,101,95872,7050,6712,50,6762,56
2021-01-04,Tehama,103,63373,3458,3190,341,3531,9
2021-01-04,Trinity,105,12862,434,245,63,308,2
2021-01-04,Tulare,107,460477,37873,35060,4452,39512,455
2021-01-04,Tuolumne,109,53932,3055,2987,20,3007,13
2021-01-04,Ventura,111,848112,50808,45014,1861,46875,255
2021-01-04,Yolo,113,214977,9614,8834,81,8915,121
2021-01-04,Yuba,115,75493,4295,4023,44,4067,21
2021-01-03,Alameda,001,1643700,58413,55082,1151,56233,580
2021-01-03,Alpine,003,1148,69,68,0,68,0
2021-01-03,Amador,005,37829,2773,2565,22,2587,24
2021-01-03,Butte,007,227075,8613,7837,1025,8862,105
2021-01-03,Calaveras,009,45235,1293,1249,3,1252,21
2021-01-03,Colusa,011,21464,1413,1337,104,1441,7
2021-01-03,Contra Costa,013,1133247,45208,42432,689,43121,352
2021-01-03,Del Norte,015,27424,804,768,2,770,2
2021-01-03,El Dorado,017,186661,6934,6034,358,6392,27
2021-01-03,Fresno,019,978130,75181,69326,5359,74685,719
2021-01-03,Glenn,021,27897,1746,1581,310,1891,9
2021-01-03,Humboldt,023,135768,2009,1833,7,1840,21
2021-01-03,Imperial,025,180216,23996,22951,1729,24680,419
2021-01-03,Inyo,027,18085,774,615,8,623,20
2021-01-03,Kern,029,883053,72410,66895,5869,72764,609
2021-01-03,Kings,031,150075,17484,16593,592,17185,108
2021-01-03,Lake,033,64148,2138,1976,0,1976,24
2021-01-03,Lassen,035,31185,4607,4531,54,4585,1
2021-01-03,Los Angeles,037,10098052,868290,792168,26048,818216,10633
2021-01-03,Madera,039,155013,11926,11152,511,11663,67
2021-01-03,Marin,041,260295,10443,10034,97,10131,150
2021-01-03,Mariposa,043,17540,291,248,2,250,3
2021-01-03,Mendocino,045,87422,2696,2445,29,2474,24
2021-01-03,Merced,047,269075,20609,19600,424,20024,230
2021-01-03,Modoc,049,8938,273,245,77,322,0
2021-01-03,Mono,051,14174,943,893,13,906,3
2021-01-03,Monterey,053,433212,30835,29357,798,30155,191
2021-01-03,Napa,055,140530,6579,6094,26,6120,29
2021-01-03,Nevada,057,99092,2989,2742,101,2843,15
2021-01-03,Orange,059,3164182,183803,169881,7351,177232,1919
2021-01-03,Placer,061,380077,16053,14319,677,14996,133
2021-01-03,Plumas,063,18699,505,416,9,425,1
2021-01-03,Riverside,065,2383286,210003,195048,9876,204924,2005
2021-01-03,Sacramento,067,1510023,71565,68558,734,69292,859
2021-01-03,San Benito,069,59416,4129,3882,35,3917,28
2021-01-03,San Bernardino,071,2135413,222863,208294,6217,214511,1592
2021-01-03,San Diego,073,3302833,184188,168018,8453,176471,1592
2021-01-03,San Francisco,075,870044,25794,24588,265,24853,193
2021-01-03,San Joaquin,077,732212,50222,47899,1875,49774,661
2021-01-03,San Luis Obispo,079,281455,12905,11636,290,11926,95
2021-01-03,San Mateo,081,765935,28601,25770,146,25916,196
2021-01-03,Santa Barbara,083,443738,20391,18267,591,18858,164
2021-01-03,Santa Clara,085,1922200,80049,74534,332,74866,720
2021-01-03,Santa Cruz,087,273765,10757,9528,412,9940,84
2021-01-03,Shasta,089,179085,8866,8192,797,8989,72
2021-01-03,Sierra,091,2930,36,30,6,36,0
2021-01-03,Siskiyou,093,43540,1105,976,134,1110,3
2021-01-03,Solano,095,438530,21598,20105,227,20332,97
2021-01-03,Sonoma,097,501317,21005,19982,112,20094,193
2021-01-03,Stanislaus,099,539301,37895,35762,3609,39371,553
2021-01-03,Sutter,101,95872,6953,6664,49,6713,53
2021-01-03,Tehama,103,63373,3402,3176,333,3509,9
2021-01-03,Trinity,105,12862,429,243,61,304,2
2021-01-03,Tulare,107,460477,37311,34747,4303,39050,455
2021-01-03,Tuolumne,109,53932,2995,2978,17,2995,13
2021-01-03,Ventura,111,848112,48985,43748,1843,45591,254
2021-01-03,Yolo,113,214977,9456,8674,77,8751,121
2021-01-03,Yuba,115,75493,4241,3966,43,4009,20
2021-01-02,Alameda,001,1643700,57784,54518,1122,55640,581
2021-01-02,Alpine,003,1148,69,68,0,68,0
2021-01-02,Amador,005,37829,2754,2540,22,2562,24
2021-01-02,Butte,007,227075,8506,7750,1006,8756,105
2021-01-02,Calaveras,009,45235,1273,1230,3,1233,21
2021-01-02,Colusa,011,21464,1403,1332,103,1435,7
2021-01-02,Contra Costa,013,1133247,44686,41993,678,42671,352
2021-01-02,Del Norte,015,27424,802,764,2,766,2
2021-01-02,El Dorado,017,186661,6879,5959,354,6313,27
2021-01-02,Fresno,019,978130,74638,68740,5249,73989,717
2021-01-02,Glenn,021,27897,1729,1546,309,1855,9
2021-01-02,Humboldt,023,135768,1982,1815,7,1822,21
2021-01-02,Imperial,025,180216,23915,22867,1692,24559,420
2021-01-02,Inyo,027,18085,761,609,8,617,20
2021-01-02,Kern,029,883053,71690,66457,5757,72214,610
2021-01-02,Kings,031,150075,17390,16515,588,17103,108
2021-01-02,Lake,033,64148,2100,1925,0,1925,24
2021-01-02,Lassen,035,31185,4596,4457,53,4510,1
2021-01-02,Los Angeles,037,10098052,859931,791892,25348,817240,10633
2021-01-02,Madera,039,155013,11815,11039,500,11539,67
2021-01-02,Marin,041,260295,10397,9924,94,10018,151
2021-01-02,Mariposa,043,17540,284,243,2,245,3
2021-01-02,Mendocino,045,87422,2653,2428,28,2456,24
2021-01-02,Merced,047,269075,20467,19395,408,19803,230
2021-01-02,Modoc,049,8938,272,245,77,322,0
2021-01-02,Mono,051,14174,932,884,13,897,3
2021-01-02,Monterey,053,433212,30628,28991,787,29778,191
2021-01-02,Napa,055,140530,6520,5994,26,6020,29
2021-01-02,Nevada,057,99092,2960,2706,97,2803,15
2021-01-02,Orange,059,3164182,181600,168457,7202,175659,1918
2021-01-02,Placer,061,380077,15880,14182,668,14850,133
2021-01-02,Plumas,063,18699,502,413,9,422,1
2021-01-02,Riverside,065,2383286,207366,192069,9651,201720,2008
2021-01-02,Sacramento,067,1510023,70925,67810,717,68527,858
2021-01-02,San Benito,069,59416,4047,3829,35,3864,28
2021-01-02,San Bernardino,071,2135413,221241,206939,6092,213031,1597
2021-01-02,San Diego,073,3302833,181589,164498,8256,172754,1592
2021-01-02,San Francisco,075,870044,25535,24414,258,24672,194
2021-01-02,San Joaquin,077,732212,49844,47310,1845,49155,662
2021-01-02,San Luis Obispo,079,281455,12769,11467,284,11751,95
2021-01-02,San Mateo,081,765935,28265,25483,138,25621,196
2021-01-02,Santa Barbara,083,443738,20102,18135,588,18723,164
2021-01-02,Santa Clara,085,1922200,78885,73662,325,73987,720
2021-01-02,Santa Cruz,087,273765,10602,9340,403,9743,85
2021-01-02,Shasta,089,179085,8800,8154,786,8940,72
2021-01-02,Sierra,091,2930,36,28,6,34,0
2021-01-02,Siskiyou,093,43540,1094,949,132,1081,3
2021-01-02,Solano,095,438530,21402,19805,217,20022,97
2021-01-02,Sonoma,097,501317,20838,19761,112,19873,194
2021-01-02,Stanislaus,099,539301,37578,35431,3544,38975,553
2021-01-02,Sutter,101,95872,6900,6621,49,6670,53
2021-01-02,Tehama,103,63373,3376,3146,329,3475,9
2021-01-02,Trinity,105,12862,426,243,61,304,2
2021-01-02,Tulare,107,460477,36994,34479,4228,38707,455
2021-01-02,Tuolumne,109,53932,2981,2942,15,2957,13
2021-01-02,Ventura,111,848112,47832,43397,1808,45205,254
2021-01-02,Yolo,113,214977,9361,8571,75,8646,122
2021-01-02,Yuba,115,75493,4202,3930,42,3972,21
2021-01-01,Alameda,001,1643700,57123,53518,1106,54624,579
2021-01-01,Alpine,003,1148,69,68,0,68,0
2021-01-01,Amador,005,37829,2728,2513,20,2533,24
2021-01-01,Butte,007,227075,8405,7589,981,8570,105
2021-01-01,Calaveras,009,45235,1258,1186,3,1189,21
2021-01-01,Colusa,011,21464,1394,1314,101,1415,7
2021-01-01,Contra Costa,013,1133247,44203,41412,659,42071,351
2021-01-01,Del Norte,015,27424,796,758,2,760,2
2021-01-01,El Dorado,017,186661,6787,5832,346,6178,27
2021-01-01,Fresno,019,978130,73565,67484,5163,72647,717
2021-01-01,Glenn,021,27897,1713,1520,303,1823,9
2021-01-01,Humboldt,023,135768,1943,1783,7,1790,21
2021-01-01,Imperial,025,180216,23829,22715,1641,24356,418
2021-01-01,Inyo,027,18085,737,606,8,614,20
2021-01-01,Kern,029,883053,70864,65571,5649,71220,609
2021-01-01,Kings,031,150075,17207,16358,581,16939,108
2021-01-01,Lake,033,64148,2068,1888,0,1888,24
2021-01-01,Lassen,035,31185,4590,4377,53,4430,1
2021-01-01,Los Angeles,037,10098052,845758,775578,24644,800222,10515
2021-01-01,Madera,039,155013,11655,10752,491,11243,66
2021-01-01,Marin,041,260295,10291,9821,94,9915,148
2021-01-01,Mariposa,043,17540,276,236,2,238,3
2021-01-01,Mendocino,045,87422,2599,2400,28,2428,24
2021-01-01,Merced,047,269075,20283,19118,392,19510,229
2021-01-01,Modoc,049,8938,272,241,77,318,0
2021-01-01,Mono,051,14174,914,884,12,896,3
2021-01-01,Monterey,053,433212,30396,28465,779,29244,191
2021-01-01,Napa,055,140530,6434,5899,26,5925,28
2021-01-01,Nevada,057,99092,2936,2663,97,2760,15
2021-01-01,Orange,059,3164182,178803,165440,7058,172498,1893
2021-01-01,Placer,061,380077,15690,13987,652,14639,133
2021-01-01,Plumas,063,18699,497,412,9,421,1
2021-01-01,Riverside,065,2383286,204190,188674,9395,198069,1990
2021-01-01,Sacramento,067,1510023,70327,66956,700,67656,848
2021-01-01,San Benito,069,59416,4009,3773,35,3808,28
2021-01-01,San Bernardino,071,2135413,218435,203651,5960,209611,1590
2021-01-01,San Diego,073,3302833,178516,160071,8077,168148,1592
2021-01-01,San Francisco,075,870044,25260,24145,247,24392,187
2021-01-01,San Joaquin,077,732212,49557,46640,1799,48439,657
2021-01-01,San Luis Obispo,079,281455,12541,11160,276,11436,94
2021-01-01,San Mateo,081,765935,27817,25041,134,25175,194
2021-01-01,Santa Barbara,083,443738,19782,17759,578,18337,164
2021-01-01,Santa Clara,085,1922200,77622,71904,320,72224,680
2021-01-01,Santa Cruz,087,273765,10421,9146,393,9539,84
2021-01-01,Shasta,089,179085,8719,8102,769,8871,72
2021-01-01,Sierra,091,2930,36,26,6,32,0
2021-01-01,Siskiyou,093,43540,1080,944,127,1071,3
2021-01-01,Solano,095,438530,21190,19393,215,19608,97
2021-01-01,Sonoma,097,501317,20647,19513,112,19625,189
2021-01-01,Stanislaus,099,539301,37299,34978,3478,38456,553
2021-01-01,Sutter,101,95872,6843,6553,48,6601,52
2021-01-01,Tehama,103,63373,3318,3079,323,3402,9
2021-01-01,Trinity,105,12862,426,243,61,304,2
2021-01-01,Tulare,107,460477,36590,33994,4134,38128,454
2021-01-01,Tuolumne,109,53932,2965,2909,15,2924,13
2021-01-01,Ventura,111,848112,46339,42026,1781,43807,253
2021-01-01,Yolo,113,214977,9251,8461,72,8533,120
2021-01-01,Yuba,115,75493,4148,3845,41,3886,19
2020-12-31,Alameda,001,1643700,56582,52475,1075,53550,579
2020-12-31,Alpine,003,1148,69,66,0,66,0
2020-12-31,Amador,005,37829,2714,2493,20,2513,24
2020-12-31,Butte,007,227075,8331,7405,962,8367,105
2020-12-31,Calaveras,009,45235,1247,1161,3,1164,21
2020-12-31,Colusa,011,21464,1386,1301,98,1399,7
2020-12-31,Contra Costa,013,1133247,43824,40512,644,41156,336
2020-12-31,Del Norte,015,27424,795,748,2,750,2
2020-12-31,El Dorado,017,186661,6735,5662,337,5999,26
2020-12-31,Fresno,019,978130,73132,66442,5101,71543,711
2020-12-31,Glenn,021,27897,1688,1484,295,1779,9
2020-12-31,Humboldt,023,135768,1926,1713,7,1720,21
2020-12-31,Imperial,025,180216,23764,22494,1625,24119,417
2020-12-31,Inyo,027,18085,729,591,8,599,20
2020-12-31,Kern,029,883053,70394,64904,5557,70461,609
2020-12-31,Kings,031,150075,17132,16077,573,16650,108
2020-12-31,Lake,033,64148,2055,1848,0,1848,23
2020-12-31,Lassen,035,31185,4584,4340,52,4392,1
2020-12-31,Los Angeles,037,10098052,840435,755844,24176,780020,10320
2020-12-31,Madera,039,155013,11582,10609,483,11092,64
2020-12-31,Marin,041,260295,10248,9731,93,9824,148
2020-12-31,Mariposa,043,17540,274,217,2,219,3
2020-12-31,Mendocino,045,87422,2584,2367,24,2391,24
2020-12-31,Merced,047,269075,20193,18808,383,19191,226
2020-12-31,Modoc,049,8938,272,238,77,315,0
2020-12-31,Mono,051,14174,906,868,12,880,3
2020-12-31,Monterey,053,433212,30193,27720,767,28487,188
2020-12-31,Napa,055,140530,6371,5801,26,5827,28
2020-12-31,Nevada,057,99092,2913,2619,95,2714,15
2020-12-31,Orange,059,3164182,176923,161586,6925,168511,1866
2020-12-31,Placer,061,380077,15534,13708,649,14357,126
2020-12-31,Plumas,063,18699,492,401,8,409,1
2020-12-31,Riverside,065,2383286,202531,184193,9262,193455,1958
2020-12-31,Sacramento,067,1510023,69807,65817,689,66506,830
2020-12-31,San Benito,069,59416,3986,3673,35,3708,28
2020-12-31,San Bernardino,071,2135413,216849,199115,5891,205006,1586
2020-12-31,San Diego,073,3302833,176753,155593,7978,163571,1534
2020-12-31,San Francisco,075,870044,25032,23740,240,23980,183
2020-12-31,San Joaquin,077,732212,49245,45764,1761,47525,646
2020-12-31,San Luis Obispo,079,281455,12427,10846,276,11122,89
2020-12-31,San Mateo,081,765935,27488,24570,128,24698,192
2020-12-31,Santa Barbara,083,443738,19538,17434,571,18005,161
2020-12-31,Santa Clara,085,1922200,76840,70032,315,70347,665
2020-12-31,Santa Cruz,087,273765,10303,8909,381,9290,84
2020-12-31,Shasta,089,179085,8653,7996,759,8755,69
2020-12-31,Sierra,091,2930,36,26,6,32,0
2020-12-31,Siskiyou,093,43540,1064,940,124,1064,3
2020-12-31,Solano,095,438530,20961,18942,214,19156,97
2020-12-31,Sonoma,097,501317,20527,19129,111,19240,188
2020-12-31,Stanislaus,099,539301,37000,34398,3425,37823,552
2020-12-31,Sutter,101,95872,6812,6432,48,6480,51
2020-12-31,Tehama,103,63373,3286,3036,322,3358,9
2020-12-31,Trinity,105,12862,425,241,61,302,2
2020-12-31,Tulare,107,460477,36422,33412,4072,37484,446
2020-12-31,Tuolumne,109,53932,2956,2902,15,2917,12
2020-12-31,Ventura,111,848112,45829,40854,1764,42618,251
2020-12-31,Yolo,113,214977,9166,8295,71,8366,117
2020-12-31,Yuba,115,75493,4107,3799,40,3839,18
2020-12-30,Alameda,001,1643700,55819,50158,1024,51182,573
2020-12-30,Alpine,003,1148,69,66,0,66,0
2020-12-30,Amador,005,37829,2694,2418,19,2437,24
2020-12-30,Butte,007,227075,8170,7140,945,8085,103
2020-12-30,Calaveras,009,45235,1222,1135,3,1138,21
2020-12-30,Colusa,011,21464,1370,1289,92,1381,7
2020-12-30,Contra Costa,013,1133247,43239,39601,632,40233,337
2020-12-30,Del Norte,015,27424,790,726,2,728,2
2020-12-30,El Dorado,017,186661,6634,5595,327,5922,27
2020-12-30,Fresno,019,978130,72285,65566,4947,70513,711
2020-12-30,Glenn,021,27897,1657,1471,282,1753,9
2020-12-30,Humboldt,023,135768,1892,1654,7,1661,22
2020-12-30,Imperial,025,180216,23597,22098,1549,23647,412
2020-12-30,Inyo,027,18085,722,572,8,580,20
2020-12-30,Kern,029,883053,69666,63292,5413,68705,604
2020-12-30,Kings,031,150075,17013,15862,565,16427,108
2020-12-30,Lake,033,64148,2032,1731,0,1731,23
2020-12-30,Lassen,035,31185,4575,4300,52,4352,1
2020-12-30,Los Angeles,037,10098052,829547,741907,23479,765386,10046
2020-12-30,Madera,039,155013,11472,10249,472,10721,65
2020-12-30,Marin,041,260295,10158,9569,86,9655,148
2020-12-30,Mariposa,043,17540,270,214,2,216,3
2020-12-30,Mendocino,045,87422,2566,2291,21,2312,24
2020-12-30,Merced,047,269075,19902,18519,373,18892,225
2020-12-30,Modoc,049,8938,269,234,77,311,0
2020-12-30,Mono,051,14174,903,868,12,880,3
2020-12-30,Monterey,053,433212,29576,26977,745,27722,186
2020-12-30,Napa,055,140530,6265,5754,26,5780,28
2020-12-30,Nevada,057,99092,2878,2595,93,2688,15
2020-12-30,Orange,059,3164182,174267,153951,6735,160686,1863
2020-12-30,Placer,061,380077,15305,13540,637,14177,127
2020-12-30,Plumas,063,18699,487,397,8,405,1
2020-12-30,Riverside,065,2383286,199582,176402,9077,185479,1919
2020-12-30,Sacramento,067,1510023,68943,64119,671,64790,847
2020-12-30,San Benito,069,59416,3905,3464,31,3495,29
2020-12-30,San Bernardino,071,2135413,214283,192648,5805,198453,1591
2020-12-30,San Diego,073,3302833,173120,152510,7803,160313,1472
2020-12-30,San Francisco,075,870044,24739,23099,235,23334,182
2020-12-30,San Joaquin,077,732212,48553,44465,1719,46184,634
2020-12-30,San Luis Obispo,079,281455,12159,10542,268,10810,89
2020-12-30,San Mateo,081,765935,27059,24150,124,24274,190
2020-12-30,Santa Barbara,083,443738,19138,16895,548,17443,161
2020-12-30,Santa Clara,085,1922200,75583,67218,311,67529,661
2020-12-30,Santa Cruz,087,273765,10107,8787,372,9159,86
2020-12-30,Shasta,089,179085,8539,7818,745,8563,69
2020-12-30,Sierra,091,2930,36,25,6,31,0
2020-12-30,Siskiyou,093,43540,1057,913,115,1028,3
2020-12-30,Solano,095,438530,20569,18300,211,18511,96
2020-12-30,Sonoma,097,501317,20269,18947,111,19058,191
2020-12-30,Stanislaus,099,539301,36522,33730,3351,37081,526
2020-12-30,Sutter,101,95872,6749,6328,46,6374,51
2020-12-30,Tehama,103,63373,3242,2969,318,3287,9
2020-12-30,Trinity,105,12862,424,231,60,291,2
2020-12-30,Tulare,107,460477,35871,32413,4007,36420,430
2020-12-30,Tuolumne,109,53932,2945,2772,13,2785,12
2020-12-30,Ventura,111,848112,44541,39039,1740,40779,251
2020-12-30,Yolo,113,214977,9058,8067,69,8136,117
2020-12-30,Yuba,115,75493,4036,3612,40,3652,18
2020-12-29,Alameda,001,1643700,54758,50946,989,51935,552
2020-12-29,Alpine,003,1148,69,65,0,65,0
2020-12-29,Amador,005,37829,2642,2388,18,2406,23
2020-12-29,Butte,007,227075,7997,7178,923,8101,98
2020-12-29,Calaveras,009,45235,1177,1111,2,1113,21
2020-12-29,Colusa,011,21464,1349,1272,87,1359,7
2020-12-29,Contra Costa,013,1133247,42434,39225,601,39826,325
2020-12-29,Del Norte,015,27424,783,724,2,726,2
2020-12-29,El Dorado,017,186661,6505,5551,314,5865,22
2020-12-29,Fresno,019,978130,70909,65149,4791,69940,688
2020-12-29,Glenn,021,27897,1623,1454,275,1729,9
2020-12-29,Humboldt,023,135768,1845,1616,7,1623,19
2020-12-29,Imperial,025,180216,23386,22105,1463,23568,407
2020-12-29,Inyo,027,18085,705,571,8,579,19
2020-12-29,Kern,029,883053,68498,63096,5242,68338,589
2020-12-29,Kings,031,150075,16844,15777,553,16330,108
2020-12-29,Lake,033,64148,2000,1805,0,1805,22
2020-12-29,Lassen,035,31185,4560,4288,52,4340,1
2020-12-29,Los Angeles,037,10098052,809367,731907,22614,754521,9786
2020-12-29,Madera,039,155013,11159,10251,457,10708,64
2020-12-29,Marin,041,260295,10007,9595,83,9678,146
2020-12-29,Mariposa,043,17540,262,212,2,214,3
2020-12-29,Mendocino,045,87422,2523,2249,20,2269,24
2020-12-29,Merced,047,269075,19552,18464,358,18822,221
2020-12-29,Modoc,049,8938,266,232,77,309,0
2020-12-29,Mono,051,14174,894,868,12,880,3
2020-12-29,Monterey,053,433212,28934,26894,718,27612,185
2020-12-29,Napa,055,140530,6147,5663,26,5689,28
2020-12-29,Nevada,057,99092,2830,2550,92,2642,15
2020-12-29,Orange,059,3164182,170472,154411,6567,160978,1839
2020-12-29,Placer,061,380077,15094,13392,615,14007,126
2020-12-29,Plumas,063,18699,478,395,8,403,1
2020-12-29,Riverside,065,2383286,194979,177624,8823,186447,1904
2020-12-29,Sacramento,067,1510023,67897,65078,657,65735,820
2020-12-29,San Benito,069,59416,3786,3474,30,3504,25
2020-12-29,San Bernardino,071,2135413,209462,190476,5668,196144,1557
2020-12-29,San Diego,073,3302833,168897,150062,7572,157634,1435
2020-12-29,San Francisco,075,870044,24400,22996,227,23223,178
2020-12-29,San Joaquin,077,732212,47631,44699,1664,46363,622
2020-12-29,San Luis Obispo,079,281455,11863,10387,260,10647,80
2020-12-29,San Mateo,081,765935,26517,23773,112,23885,189
2020-12-29,Santa Barbara,083,443738,18669,16797,522,17319,155
2020-12-29,Santa Clara,085,1922200,74032,67581,308,67889,621
2020-12-29,Santa Cruz,087,273765,9837,8492,363,8855,84
2020-12-29,Shasta,089,179085,8434,7782,730,8512,65
2020-12-29,Sierra,091,2930,34,24,5,29,0
2020-12-29,Siskiyou,093,43540,1042,926,113,1039,3
2020-12-29,Solano,095,438530,20187,18412,206,18618,96
2020-12-29,Sonoma,097,501317,19933,18790,109,18899,187
2020-12-29,Stanislaus,099,539301,36020,33775,3288,37063,508
2020-12-29,Sutter,101,95872,6681,6302,46,6348,50
2020-12-29,Tehama,103,63373,3173,2962,304,3266,9
2020-12-29,Trinity,105,12862,423,241,60,301,2
2020-12-29,Tulare,107,460477,35211,32545,3874,36419,419
2020-12-29,Tuolumne,109,53932,2904,2797,13,2810,12
2020-12-29,Ventura,111,848112,43287,38669,1714,40383,235
2020-12-29,Yolo,113,214977,8929,8124,67,8191,111
2020-12-29,Yuba,115,75493,3954,3723,40,3763,18
2020-12-28,Alameda,001,1643700,53725,50405,968,51373,551
2020-12-28,Alpine,003,1148,68,65,0,65,0
2020-12-28,Amador,005,37829,2572,2255,18,2273,23
2020-12-28,Butte,007,227075,7830,7053,893,7946,86
2020-12-28,Calaveras,009,45235,1154,1102,2,1104,21
2020-12-28,Colusa,011,21464,1324,1255,73,1328,7
2020-12-28,Contra Costa,013,1133247,41499,38872,574,39446,324
2020-12-28,Del Norte,015,27424,773,718,2,720,2
2020-12-28,El Dorado,017,186661,6349,5441,302,5743,18
2020-12-28,Fresno,019,978130,69636,64274,4640,68914,679
2020-12-28,Glenn,021,27897,1589,1435,263,1698,9
2020-12-28,Humboldt,023,135768,1810,1579,7,1586,19
2020-12-28,Imperial,025,180216,23127,22003,1389,23392,405
2020-12-28,Inyo,027,18085,698,569,8,577,19
2020-12-28,Kern,029,883053,67430,62392,5038,67430,579
2020-12-28,Kings,031,150075,16627,15733,536,16269,108
2020-12-28,Lake,033,64148,1959,1785,0,1785,22
2020-12-28,Lassen,035,31185,4453,4284,51,4335,1
2020-12-28,Los Angeles,037,10098052,787029,720699,21800,742499,9544
2020-12-28,Madera,039,155013,10985,10123,434,10557,64
2020-12-28,Marin,041,260295,9899,9546,77,9623,145
2020-12-28,Mariposa,043,17540,238,211,2,213,3
2020-12-28,Mendocino,045,87422,2488,2214,20,2234,23
2020-12-28,Merced,047,269075,19232,18245,340,18585,213
2020-12-28,Modoc,049,8938,261,220,76,296,0
2020-12-28,Mono,051,14174,890,848,12,860,3
2020-12-28,Monterey,053,433212,28094,26529,707,27236,182
2020-12-28,Napa,055,140530,6038,5576,26,5602,26
2020-12-28,Nevada,057,99092,2782,2532,88,2620,15
2020-12-28,Orange,059,3164182,166367,152089,6389,158478,1839
2020-12-28,Placer,061,380077,14755,13234,588,13822,126
2020-12-28,Plumas,063,18699,474,391,8,399,0
2020-12-28,Riverside,065,2383286,190080,174029,8532,182561,1855
2020-12-28,Sacramento,067,1510023,66664,64322,632,64954,813
2020-12-28,San Benito,069,59416,3717,3429,29,3458,24
2020-12-28,San Bernardino,071,2135413,204367,188919,5551,194470,1552
2020-12-28,San Diego,073,3302833,164153,147528,7390,154918,1404
2020-12-28,San Francisco,075,870044,24040,22726,222,22948,178
2020-12-28,San Joaquin,077,732212,46697,44172,1632,45804,618
2020-12-28,San Luis Obispo,079,281455,11512,10260,256,10516,76
2020-12-28,San Mateo,081,765935,26042,23467,108,23575,189
2020-12-28,Santa Barbara,083,443738,18201,16579,510,17089,155
2020-12-28,Santa Clara,085,1922200,72545,66418,301,66719,619
2020-12-28,Santa Cruz,087,273765,9569,8310,353,8663,81
2020-12-28,Shasta,089,179085,8315,7688,717,8405,65
2020-12-28,Sierra,091,2930,31,24,5,29,0
2020-12-28,Siskiyou,093,43540,1026,915,108,1023,3
2020-12-28,Solano,095,438530,19615,18171,200,18371,96
2020-12-28,Sonoma,097,501317,19585,18667,107,18774,185
2020-12-28,Stanislaus,099,539301,35473,33473,3224,36697,507
2020-12-28,Sutter,101,95872,6598,6253,46,6299,49
2020-12-28,Tehama,103,63373,3120,2934,295,3229,9
2020-12-28,Trinity,105,12862,421,240,60,300,2
2020-12-28,Tulare,107,460477,34525,32010,3766,35776,404
2020-12-28,Tuolumne,109,53932,2887,2777,13,2790,12
2020-12-28,Ventura,111,848112,41618,37151,1667,38818,230
2020-12-28,Yolo,113,214977,8774,8031,66,8097,111
2020-12-28,Yuba,115,75493,3893,3679,39,3718,18
2020-12-27,Alameda,001,1643700,52485,49764,942,50706,551
2020-12-27,Alpine,003,1148,66,65,0,65,0
2020-12-27,Amador,005,37829,2451,2218,18,2236,23
2020-12-27,Butte,007,227075,7675,7016,857,7873,86
2020-12-27,Calaveras,009,45235,1107,1097,2,1099,21
2020-12-27,Colusa,011,21464,1299,1253,70,1323,7
2020-12-27,Contra Costa,013,1133247,40570,38428,545,38973,324
2020-12-27,Del Norte,015,27424,750,712,2,714,2
2020-12-27,El Dorado,017,186661,6135,5388,279,5667,18
2020-12-27,Fresno,019,978130,68388,63811,4433,68244,679
2020-12-27,Glenn,021,27897,1561,1434,249,1683,9
2020-12-27,Humboldt,023,135768,1766,1575,7,1582,17
2020-12-27,Imperial,025,180216,22831,21934,1276,23210,405
2020-12-27,Inyo,027,18085,676,565,7,572,18
2020-12-27,Kern,029,883053,66151,61914,4865,66779,568
2020-12-27,Kings,031,150075,16391,15593,502,16095,108
2020-12-27,Lake,033,64148,1903,1769,0,1769,22
2020-12-27,Lassen,035,31185,4376,4230,44,4274,1
2020-12-27,Los Angeles,037,10098052,765553,707260,20906,728166,9476
2020-12-27,Madera,039,155013,10727,10005,424,10429,64
2020-12-27,Marin,041,260295,9776,9477,71,9548,144
2020-12-27,Mariposa,043,17540,231,208,2,210,3
2020-12-27,Mendocino,045,87422,2441,2209,20,2229,23
2020-12-27,Merced,047,269075,18864,18075,324,18399,213
2020-12-27,Modoc,049,8938,252,221,72,293,0
2020-12-27,Mono,051,14174,877,849,12,861,3
2020-12-27,Monterey,053,433212,27545,26322,690,27012,181
2020-12-27,Napa,055,140530,5904,5496,26,5522,26
2020-12-27,Nevada,057,99092,2746,2519,88,2607,15
2020-12-27,Orange,059,3164182,161968,149276,6201,155477,1839
2020-12-27,Placer,061,380077,14459,13017,556,13573,126
2020-12-27,Plumas,063,18699,468,390,8,398,0
2020-12-27,Riverside,065,2383286,185165,171995,8226,180221,1836
2020-12-27,Sacramento,067,1510023,65459,63416,609,64025,811
2020-12-27,San Benito,069,59416,3631,3394,29,3423,24
2020-12-27,San Bernardino,071,2135413,199294,186776,5414,192190,1551
2020-12-27,San Diego,073,3302833,159746,145777,7203,152980,1402
2020-12-27,San Francisco,075,870044,23693,22514,213,22727,178
2020-12-27,San Joaquin,077,732212,45661,43529,1582,45111,618
2020-12-27,San Luis Obispo,079,281455,11104,10154,251,10405,76
2020-12-27,San Mateo,081,765935,25478,23136,104,23240,187
2020-12-27,Santa Barbara,083,443738,17676,16364,482,16846,155
2020-12-27,Santa Clara,085,1922200,70922,65288,296,65584,619
2020-12-27,Santa Cruz,087,273765,9303,8234,344,8578,81
2020-12-27,Shasta,089,179085,8191,7671,695,8366,65
2020-12-27,Sierra,091,2930,31,24,4,28,0
2020-12-27,Siskiyou,093,43540,1016,914,103,1017,3
2020-12-27,Solano,095,438530,19120,17840,194,18034,96
2020-12-27,Sonoma,097,501317,19293,18487,106,18593,185
2020-12-27,Stanislaus,099,539301,34870,33076,3130,36206,506
2020-12-27,Sutter,101,95872,6516,6218,44,6262,48
2020-12-27,Tehama,103,63373,3051,2922,278,3200,9
2020-12-27,Trinity,105,12862,414,240,58,298,2
2020-12-27,Tulare,107,460477,33928,31864,3647,35511,400
2020-12-27,Tuolumne,109,53932,2781,2750,11,2761,12
2020-12-27,Ventura,111,848112,40555,36661,1614,38275,230
2020-12-27,Yolo,113,214977,8583,7919,61,7980,111
2020-12-27,Yuba,115,75493,3829,3665,37,3702,18
2020-12-26,Alameda,001,1643700,51875,49084,929,50013,551
2020-12-26,Alpine,003,1148,66,65,0,65,0
2020-12-26,Amador,005,37829,2437,2189,18,2207,23
2020-12-26,Butte,007,227075,7580,6968,834,7802,86
2020-12-26,Calaveras,009,45235,1101,1084,2,1086,21
2020-12-26,Colusa,011,21464,1289,1240,70,1310,7
2020-12-26,Contra Costa,013,1133247,40106,38008,531,38539,324
2020-12-26,Del Norte,015,27424,744,709,2,711,2
2020-12-26,El Dorado,017,186661,6080,5279,275,5554,18
2020-12-26,Fresno,019,978130,67918,63080,4369,67449,679
2020-12-26,Glenn,021,27897,1540,1413,243,1656,9
2020-12-26,Humboldt,023,135768,1728,1545,7,1552,17
2020-12-26,Imperial,025,180216,22740,21734,1224,22958,405
2020-12-26,Inyo,027,18085,663,554,7,561,18
2020-12-26,Kern,029,883053,65479,61174,4716,65890,564
2020-12-26,Kings,031,150075,16273,15517,498,16015,108
2020-12-26,Lake,033,64148,1861,1710,0,1710,22
2020-12-26,Lassen,035,31185,4355,3981,44,4025,1
2020-12-26,Los Angeles,037,10098052,757003,694149,20401,714550,9424
2020-12-26,Madera,039,155013,10650,9908,412,10320,64
2020-12-26,Marin,041,260295,9741,9413,70,9483,143
2020-12-26,Mariposa,043,17540,230,206,2,208,3
2020-12-26,Mendocino,045,87422,2395,2194,20,2214,23
2020-12-26,Merced,047,269075,18705,17890,319,18209,213
2020-12-26,Modoc,049,8938,249,222,72,294,0
2020-12-26,Mono,051,14174,871,850,12,862,3
2020-12-26,Monterey,053,433212,27411,26010,681,26691,182
2020-12-26,Napa,055,140530,5846,5427,26,5453,26
2020-12-26,Nevada,057,99092,2718,2480,88,2568,15
2020-12-26,Orange,059,3164182,159763,147304,6108,153412,1838
2020-12-26,Placer,061,380077,14289,12816,541,13357,122
2020-12-26,Plumas,063,18699,465,381,8,389,0
2020-12-26,Riverside,065,2383286,182679,169360,8065,177425,1834
2020-12-26,Sacramento,067,1510023,64836,62435,599,63034,807
2020-12-26,San Benito,069,59416,3558,3330,29,3359,24
2020-12-26,San Bernardino,071,2135413,197628,185111,5332,190443,1551
2020-12-26,San Diego,073,3302833,157221,142644,7056,149700,1402
2020-12-26,San Francisco,075,870044,23458,22319,213,22532,177
2020-12-26,San Joaquin,077,732212,45274,42887,1533,44420,618
2020-12-26,San Luis Obispo,079,281455,11017,9945,246,10191,76
2020-12-26,San Mateo,081,765935,25139,22908,99,23007,187
2020-12-26,Santa Barbara,083,443738,17437,16159,476,16635,155
2020-12-26,Santa Clara,085,1922200,69852,64185,294,64479,618
2020-12-26,Santa Cruz,087,273765,9177,8113,335,8448,81
2020-12-26,Shasta,089,179085,8132,7641,682,8323,65
2020-12-26,Sierra,091,2930,31,24,4,28,0
2020-12-26,Siskiyou,093,43540,1009,909,99,1008,2
2020-12-26,Solano,095,438530,18875,17528,194,17722,96
2020-12-26,Sonoma,097,501317,19091,18261,104,18365,184
2020-12-26,Stanislaus,099,539301,34580,32678,3079,35757,505
2020-12-26,Sutter,101,95872,6457,6121,44,6165,48
2020-12-26,Tehama,103,63373,3023,2884,273,3157,9
2020-12-26,Trinity,105,12862,412,237,57,294,2
2020-12-26,Tulare,107,460477,33627,31665,3592,35257,398
2020-12-26,Tuolumne,109,53932,2770,2703,11,2714,12
2020-12-26,Ventura,111,848112,39590,36064,1583,37647,230
2020-12-26,Yolo,113,214977,8481,7785,59,7844,111
2020-12-26,Yuba,115,75493,3801,3599,37,3636,18
2020-12-25,Alameda,001,1643700,51310,48365,914,49279,542
2020-12-25,Alpine,003,1148,66,64,0,64,0
2020-12-25,Amador,005,37829,2394,2172,18,2190,23
2020-12-25,Butte,007,227075,7480,6873,816,7689,85
2020-12-25,Calaveras,009,45235,1098,1062,2,1064,21
2020-12-25,Colusa,011,21464,1277,1219,69,1288,7
2020-12-25,Contra Costa,013,1133247,39639,37480,505,37985,324
2020-12-25,Del Norte,015,27424,741,692,2,694,2
2020-12-25,El Dorado,017,186661,6015,5170,262,5432,16
2020-12-25,Fresno,019,978130,67053,62251,4287,66538,679
2020-12-25,Glenn,021,27897,1524,1390,236,1626,9
2020-12-25,Humboldt,023,135768,1688,1532,7,1539,16
2020-12-25,Imperial,025,180216,22645,21646,1213,22859,405
2020-12-25,Inyo,027,18085,654,546,7,553,18
2020-12-25,Kern,029,883053,64750,60417,4569,64986,562
2020-12-25,Kings,031,150075,16162,15460,494,15954,108
2020-12-25,Lake,033,64148,1842,1669,0,1669,20
2020-12-25,Lassen,035,31185,4340,3926,44,3970,1
2020-12-25,Los Angeles,037,10098052,743363,665600,19720,685320,9292
2020-12-25,Madera,039,155013,10482,9770,405,10175,64
2020-12-25,Marin,041,260295,9692,9375,67,9442,143
2020-12-25,Mariposa,043,17540,224,203,2,205,3
2020-12-25,Mendocino,045,87422,2352,2176,20,2196,23
2020-12-25,Merced,047,269075,18544,17726,312,18038,213
2020-12-25,Modoc,049,8938,248,221,72,293,0
2020-12-25,Mono,051,14174,869,843,12,855,3
2020-12-25,Monterey,053,433212,27136,25788,672,26460,182
2020-12-25,Napa,055,140530,5769,5351,26,5377,26
2020-12-25,Nevada,057,99092,2692,2458,86,2544,15
2020-12-25,Orange,059,3164182,157084,144542,5916,150458,1814
2020-12-25,Placer,061,380077,14104,12660,519,13179,122
2020-12-25,Plumas,063,18699,458,381,8,389,0
2020-12-25,Riverside,065,2383286,179394,166690,7749,174439,1825
2020-12-25,Sacramento,067,1510023,64145,61630,572,62202,796
2020-12-25,San Benito,069,59416,3518,3281,27,3308,24
2020-12-25,San Bernardino,071,2135413,194994,181812,5216,187028,1546
2020-12-25,San Diego,073,3302833,154741,139958,6878,146836,1402
2020-12-25,San Francisco,075,870044,23182,22130,208,22338,175
2020-12-25,San Joaquin,077,732212,44968,42089,1478,43567,614
2020-12-25,San Luis Obispo,079,281455,10834,9749,239,9988,76
2020-12-25,San Mateo,081,765935,24817,22568,97,22665,187
2020-12-25,Santa Barbara,083,443738,17213,15936,469,16405,155
2020-12-25,Santa Clara,085,1922200,68741,63173,285,63458,612
2020-12-25,Santa Cruz,087,273765,9034,8018,313,8331,81
2020-12-25,Shasta,089,179085,8059,7612,659,8271,65
2020-12-25,Sierra,091,2930,31,24,3,27,0
2020-12-25,Siskiyou,093,43540,1003,905,96,1001,2
2020-12-25,Solano,095,438530,18703,17280,192,17472,96
2020-12-25,Sonoma,097,501317,18915,18035,102,18137,184
2020-12-25,Stanislaus,099,539301,34286,32290,3032,35322,498
2020-12-25,Sutter,101,95872,6398,6051,43,6094,47
2020-12-25,Tehama,103,63373,2974,2839,260,3099,9
2020-12-25,Trinity,105,12862,408,236,57,293,2
2020-12-25,Tulare,107,460477,33239,31323,3527,34850,398
2020-12-25,Tuolumne,109,53932,2751,2674,11,2685,12
2020-12-25,Ventura,111,848112,38435,35514,1535,37049,230
2020-12-25,Yolo,113,214977,8384,7700,57,7757,111
2020-12-25,Yuba,115,75493,3765,3549,36,3585,17
2020-12-24,Alameda,001,1643700,50969,47527,895,48422,541
2020-12-24,Alpine,003,1148,66,64,0,64,0
2020-12-24,Amador,005,37829,2382,2145,18,2163,23
2020-12-24,Butte,007,227075,7441,6716,802,7518,84
2020-12-24,Calaveras,009,45235,1095,1032,2,1034,21
2020-12-24,Colusa,011,21464,1272,1188,68,1256,7
2020-12-24,Contra Costa,013,1133247,39394,36623,494,37117,311
2020-12-24,Del Norte,015,27424,741,678,2,680,2
2020-12-24,El Dorado,017,186661,5989,5042,254,5296,16
2020-12-24,Fresno,019,978130,66830,61435,4273,65708,663
2020-12-24,Glenn,021,27897,1513,1363,228,1591,9
2020-12-24,Humboldt,023,135768,1665,1516,7,1523,16
2020-12-24,Imperial,025,180216,22596,21545,1204,22749,402
2020-12-24,Inyo,027,18085,652,532,7,539,17
2020-12-24,Kern,029,883053,64463,59601,4556,64157,556
2020-12-24,Kings,031,150075,16122,15211,493,15704,108
2020-12-24,Lake,033,64148,1827,1629,0,1629,20
2020-12-24,Lassen,035,31185,4327,3894,44,3938,1
2020-12-24,Los Angeles,037,10098052,739196,664840,19460,684300,9288
2020-12-24,Madera,039,155013,10442,9547,398,9945,63
2020-12-24,Marin,041,260295,9658,9287,67,9354,143
2020-12-24,Mariposa,043,17540,220,197,2,199,3
2020-12-24,Mendocino,045,87422,2341,2150,20,2170,23
2020-12-24,Merced,047,269075,18473,17485,308,17793,212
2020-12-24,Modoc,049,8938,248,220,71,291,0
2020-12-24,Mono,051,14174,867,817,12,829,3
2020-12-24,Monterey,053,433212,27027,25131,665,25796,180
2020-12-24,Napa,055,140530,5714,5265,26,5291,26
2020-12-24,Nevada,057,99092,2668,2429,86,2515,15
2020-12-24,Orange,059,3164182,155603,141205,5865,147070,1775
2020-12-24,Placer,061,380077,14015,12457,512,12969,121
2020-12-24,Plumas,063,18699,455,376,8,384,0
2020-12-24,Riverside,065,2383286,178463,162435,7709,170144,1816
2020-12-24,Sacramento,067,1510023,63871,60596,570,61166,788
2020-12-24,San Benito,069,59416,3487,3183,27,3210,24
2020-12-24,San Bernardino,071,2135413,193956,176866,5182,182048,1533
2020-12-24,San Diego,073,3302833,153657,136952,6846,143798,1382
2020-12-24,San Francisco,075,870044,23014,21830,205,22035,175
2020-12-24,San Joaquin,077,732212,44804,41324,1460,42784,611
2020-12-24,San Luis Obispo,079,281455,10765,9504,237,9741,77
2020-12-24,San Mateo,081,765935,24621,22093,97,22190,186
2020-12-24,Santa Barbara,083,443738,17108,15644,461,16105,153
2020-12-24,Santa Clara,085,1922200,68136,61742,278,62020,591
2020-12-24,Santa Cruz,087,273765,8963,7856,301,8157,82
2020-12-24,Shasta,089,179085,8018,7540,642,8182,65
2020-12-24,Sierra,091,2930,28,23,1,24,0
2020-12-24,Siskiyou,093,43540,998,900,90,990,2
2020-12-24,Solano,095,438530,18562,16872,187,17059,96
2020-12-24,Sonoma,097,501317,18817,17710,102,17812,183
2020-12-24,Stanislaus,099,539301,34090,31848,3007,34855,498
2020-12-24,Sutter,101,95872,6357,5960,42,6002,47
2020-12-24,Tehama,103,63373,2958,2779,259,3038,9
2020-12-24,Trinity,105,12862,407,235,57,292,2
2020-12-24,Tulare,107,460477,33120,30827,3501,34328,390
2020-12-24,Tuolumne,109,53932,2743,2653,11,2664,12
2020-12-24,Ventura,111,848112,38155,34400,1528,35928,224
2020-12-24,Yolo,113,214977,8342,7566,57,7623,113
2020-12-24,Yuba,115,75493,3740,3483,36,3519,16
2020-12-23,Alameda,001,1643700,50397,46753,869,47622,537
2020-12-23,Alpine,003,1148,66,64,0,64,0
2020-12-23,Amador,005,37829,2313,2108,17,2125,23
2020-12-23,Butte,007,227075,7353,6588,776,7364,84
2020-12-23,Calaveras,009,45235,1087,1002,1,1003,21
2020-12-23,Colusa,011,21464,1261,1167,68,1235,7
2020-12-23,Contra Costa,013,1133247,38995,36190,481,36671,311
2020-12-23,Del Norte,015,27424,734,670,2,672,2
2020-12-23,El Dorado,017,186661,5914,4967,246,5213,14
2020-12-23,Fresno,019,978130,66222,60488,4207,64695,654
2020-12-23,Glenn,021,27897,1499,1349,224,1573,9
2020-12-23,Humboldt,023,135768,1640,1458,7,1465,16
2020-12-23,Imperial,025,180216,22501,21323,1175,22498,399
2020-12-23,Inyo,027,18085,640,517,7,524,17
2020-12-23,Kern,029,883053,63946,58656,4462,63118,549
2020-12-23,Kings,031,150075,16044,14923,490,15413,105
2020-12-23,Lake,033,64148,1813,1595,0,1595,20
2020-12-23,Lassen,035,31185,4317,3865,41,3906,1
2020-12-23,Los Angeles,037,10098052,730148,651958,18928,670886,9146
2020-12-23,Madera,039,155013,10283,9371,384,9755,63
2020-12-23,Marin,041,260295,9600,9199,64,9263,142
2020-12-23,Mariposa,043,17540,218,194,2,196,3
2020-12-23,Mendocino,045,87422,2329,2121,20,2141,23
2020-12-23,Merced,047,269075,18317,17250,301,17551,203
2020-12-23,Modoc,049,8938,244,197,70,267,0
2020-12-23,Mono,051,14174,864,814,12,826,3
2020-12-23,Monterey,053,433212,26728,24856,659,25515,176
2020-12-23,Napa,055,140530,5646,5172,26,5198,25
2020-12-23,Nevada,057,99092,2623,2406,85,2491,15
2020-12-23,Orange,059,3164182,153152,138050,5698,143748,1771
2020-12-23,Placer,061,380077,13805,12213,504,12717,111
2020-12-23,Plumas,063,18699,448,369,8,377,0
2020-12-23,Riverside,065,2383286,176191,158110,7551,165661,1790
2020-12-23,Sacramento,067,1510023,63223,59661,556,60217,779
2020-12-23,San Benito,069,59416,3433,3073,25,3098,24
2020-12-23,San Bernardino,071,2135413,191918,172888,5113,178001,1509
2020-12-23,San Diego,073,3302833,151231,134695,6709,141404,1350
2020-12-23,San Francisco,075,870044,22792,21498,202,21700,174
2020-12-23,San Joaquin,077,732212,44279,35664,1418,37082,602
2020-12-23,San Luis Obispo,079,281455,10623,9267,232,9499,74
2020-12-23,San Mateo,081,765935,24319,21780,95,21875,186
2020-12-23,Santa Barbara,083,443738,16898,15399,435,15834,152
2020-12-23,Santa Clara,085,1922200,67226,60455,273,60728,579
2020-12-23,Santa Cruz,087,273765,8803,7637,283,7920,75
2020-12-23,Shasta,089,179085,7945,7487,636,8123,66
2020-12-23,Sierra,091,2930,27,23,0,23,0
2020-12-23,Siskiyou,093,43540,977,891,89,980,2
2020-12-23,Solano,095,438530,18354,16626,182,16808,95
2020-12-23,Sonoma,097,501317,18613,17397,102,17499,182
2020-12-23,Stanislaus,099,539301,33747,31492,2954,34446,499
2020-12-23,Sutter,101,95872,6291,5871,42,5913,46
2020-12-23,Tehama,103,63373,2941,2737,255,2992,9
2020-12-23,Trinity,105,12862,407,234,56,290,2
2020-12-23,Tulare,107,460477,32828,30315,3462,33777,385
2020-12-23,Tuolumne,109,53932,2704,2540,11,2551,12
2020-12-23,Ventura,111,848112,37758,33377,1499,34876,216
2020-12-23,Yolo,113,214977,8264,7508,56,7564,112
2020-12-23,Yuba,115,75493,3687,3438,36,3474,14
2020-12-22,Alameda,001,1643700,49511,45751,839,46590,534
2020-12-22,Alpine,003,1148,66,64,0,64,0
2020-12-22,Amador,005,37829,2302,1839,17,1856,23
2020-12-22,Butte,007,227075,7225,6467,761,7228,85
2020-12-22,Calaveras,009,45235,1060,988,0,988,21
2020-12-22,Colusa,011,21464,1238,1150,64,1214,7
2020-12-22,Contra Costa,013,1133247,38368,35681,469,36150,301
2020-12-22,Del Norte,015,27424,727,666,2,668,2
2020-12-22,El Dorado,017,186661,5791,4885,234,5119,12
2020-12-22,Fresno,019,978130,65188,59640,4101,63741,640
2020-12-22,Glenn,021,27897,1476,1337,213,1550,9
2020-12-22,Humboldt,023,135768,1607,1440,7,1447,16
2020-12-22,Imperial,025,180216,22312,21128,1132,22260,398
2020-12-22,Inyo,027,18085,620,506,7,513,17
2020-12-22,Kern,029,883053,62994,57816,4325,62141,547
2020-12-22,Kings,031,150075,15902,14855,484,15339,102
2020-12-22,Lake,033,64148,1789,1569,0,1569,20
2020-12-22,Lassen,035,31185,4175,3848,39,3887,1
2020-12-22,Los Angeles,037,10098052,712904,635931,18240,654171,9013
2020-12-22,Madera,039,155013,10165,9187,368,9555,63
2020-12-22,Marin,041,260295,9536,9115,63,9178,142
2020-12-22,Mariposa,043,17540,215,194,2,196,3
2020-12-22,Mendocino,045,87422,2296,2092,20,2112,23
2020-12-22,Merced,047,269075,18071,17012,296,17308,201
2020-12-22,Modoc,049,8938,236,182,69,251,0
2020-12-22,Mono,051,14174,858,786,12,798,3
2020-12-22,Monterey,053,433212,26062,24152,638,24790,176
2020-12-22,Napa,055,140530,5557,5059,26,5085,23
2020-12-22,Nevada,057,99092,2595,2367,84,2451,14
2020-12-22,Orange,059,3164182,149811,134850,5526,140376,1774
2020-12-22,Placer,061,380077,13561,11943,484,12427,105
2020-12-22,Plumas,063,18699,442,360,8,368,0
2020-12-22,Riverside,065,2383286,172380,155059,7282,162341,1777
2020-12-22,Sacramento,067,1510023,62294,57966,537,58503,772
2020-12-22,San Benito,069,59416,3355,2998,25,3023,24
2020-12-22,San Bernardino,071,2135413,187340,169266,4965,174231,1500
2020-12-22,San Diego,073,3302833,147872,132097,6547,138644,1311
2020-12-22,San Francisco,075,870044,22523,21232,198,21430,174
2020-12-22,San Joaquin,077,732212,43522,39423,1369,40792,592
2020-12-22,San Luis Obispo,079,281455,10278,9174,227,9401,69
2020-12-22,San Mateo,081,765935,23992,21382,79,21461,186
2020-12-22,Santa Barbara,083,443738,16633,15189,425,15614,150
2020-12-22,Santa Clara,085,1922200,66059,59192,265,59457,569
2020-12-22,Santa Cruz,087,273765,8624,7471,257,7728,72
2020-12-22,Shasta,089,179085,7867,7371,619,7990,64
2020-12-22,Sierra,091,2930,27,23,0,23,0
2020-12-22,Siskiyou,093,43540,971,880,88,968,2
2020-12-22,Solano,095,438530,17951,16229,179,16408,95
2020-12-22,Sonoma,097,501317,18295,17216,102,17318,180
2020-12-22,Stanislaus,099,539301,33366,30914,2882,33796,499
2020-12-22,Sutter,101,95872,6230,5791,41,5832,46
2020-12-22,Tehama,103,63373,2891,2688,248,2936,9
2020-12-22,Trinity,105,12862,406,231,56,287,2
2020-12-22,Tulare,107,460477,32363,30025,3394,33419,377
2020-12-22,Tuolumne,109,53932,2652,2526,11,2537,12
2020-12-22,Ventura,111,848112,36993,32488,1456,33944,213
2020-12-22,Yolo,113,214977,8151,7388,55,7443,113
2020-12-22,Yuba,115,75493,3636,3379,36,3415,14
2020-12-21,Alameda,001,1643700,48608,44756,812,45568,518
2020-12-21,Alpine,003,1148,65,64,0,64,0
2020-12-21,Amador,005,37829,2225,1815,17,1832,23
2020-12-21,Butte,007,227075,7070,6335,737,7072,81
2020-12-21,Calaveras,009,45235,1030,963,0,963,21
2020-12-21,Colusa,011,21464,1211,1135,59,1194,7
2020-12-21,Contra Costa,013,1133247,37617,35207,432,35639,300
2020-12-21,Del Norte,015,27424,712,660,2,662,2
2020-12-21,El Dorado,017,186661,5644,4805,221,5026,10
2020-12-21,Fresno,019,978130,64036,58568,3957,62525,634
2020-12-21,Glenn,021,27897,1444,1323,205,1528,9
2020-12-21,Humboldt,023,135768,1584,1419,7,1426,16
2020-12-21,Imperial,025,180216,22043,20994,1087,22081,395
2020-12-21,Inyo,027,18085,599,482,7,489,17
2020-12-21,Kern,029,883053,62104,56836,4188,61024,541
2020-12-21,Kings,031,150075,15652,14760,469,15229,100
2020-12-21,Lake,033,64148,1734,1538,0,1538,20
2020-12-21,Lassen,035,31185,4015,3798,37,3835,1
2020-12-21,Los Angeles,037,10098052,693830,624129,17558,641687,8918
2020-12-21,Madera,039,155013,9971,9069,348,9417,63
2020-12-21,Marin,041,260295,9467,9035,63,9098,142
2020-12-21,Mariposa,043,17540,210,186,2,188,3
2020-12-21,Mendocino,045,87422,2265,2066,20,2086,23
2020-12-21,Merced,047,269075,17822,16710,280,16990,198
2020-12-21,Modoc,049,8938,222,181,68,249,0
2020-12-21,Mono,051,14174,846,781,12,793,3
2020-12-21,Monterey,053,433212,25530,23673,624,24297,174
2020-12-21,Napa,055,140530,5470,4952,26,4978,23
2020-12-21,Nevada,057,99092,2562,2337,84,2421,13
2020-12-21,Orange,059,3164182,146399,130444,5372,135816,1772
2020-12-21,Placer,061,380077,13330,11715,465,12180,105
2020-12-21,Plumas,063,18699,438,353,8,361,0
2020-12-21,Riverside,065,2383286,168155,151713,6956,158669,1743
2020-12-21,Sacramento,067,1510023,61274,57064,519,57583,759
2020-12-21,San Benito,069,59416,3287,2921,25,2946,22
2020-12-21,San Bernardino,071,2135413,182548,165086,4800,169886,1476
2020-12-21,San Diego,073,3302833,144421,129716,6383,136099,1284
2020-12-21,San Francisco,075,870044,22236,21086,196,21282,174
2020-12-21,San Joaquin,077,732212,42726,38811,1318,40129,586
2020-12-21,San Luis Obispo,079,281455,10089,9006,222,9228,64
2020-12-21,San Mateo,081,765935,23587,21035,76,21111,185
2020-12-21,Santa Barbara,083,443738,16359,14988,420,15408,149
2020-12-21,Santa Clara,085,1922200,64866,57699,253,57952,570
2020-12-21,Santa Cruz,087,273765,8412,7315,244,7559,69
2020-12-21,Shasta,089,179085,7802,7299,609,7908,64
2020-12-21,Sierra,091,2930,24,23,0,23,0
2020-12-21,Siskiyou,093,43540,963,878,87,965,2
2020-12-21,Solano,095,438530,17481,15878,174,16052,95
2020-12-21,Sonoma,097,501317,18022,17075,98,17173,176
2020-12-21,Stanislaus,099,539301,32908,30437,2808,33245,499
2020-12-21,Sutter,101,95872,6134,5708,41,5749,46
2020-12-21,Tehama,103,63373,2823,2656,240,2896,9
2020-12-21,Trinity,105,12862,404,226,54,280,2
2020-12-21,Tulare,107,460477,31863,29482,3305,32787,373
2020-12-21,Tuolumne,109,53932,2627,2423,9,2432,12
2020-12-21,Ventura,111,848112,35912,31759,1419,33178,212
2020-12-21,Yolo,113,214977,8006,7266,51,7317,109
2020-12-21,Yuba,115,75493,3577,3329,36,3365,14
2020-12-20,Alameda,001,1643700,47728,44004,789,44793,516
2020-12-20,Alpine,003,1148,65,64,0,64,0
2020-12-20,Amador,005,37829,2167,1771,17,1788,23
2020-12-20,Butte,007,227075,6925,6228,701,6929,81
2020-12-20,Calaveras,009,45235,1006,926,0,926,21
2020-12-20,Colusa,011,21464,1183,1121,52,1173,7
2020-12-20,Contra Costa,013,1133247,37031,34798,415,35213,301
2020-12-20,Del Norte,015,27424,690,652,2,654,2
2020-12-20,El Dorado,017,186661,5519,4697,212,4909,10
2020-12-20,Fresno,019,978130,63044,57616,3820,61436,634
2020-12-20,Glenn,021,27897,1435,1295,198,1493,9
2020-12-20,Humboldt,023,135768,1547,1386,6,1392,15
2020-12-20,Imperial,025,180216,21801,20882,982,21864,395
2020-12-20,Inyo,027,18085,584,476,7,483,17
2020-12-20,Kern,029,883053,61006,55983,4033,60016,540
2020-12-20,Kings,031,150075,15432,14629,452,15081,100
2020-12-20,Lake,033,64148,1688,1463,0,1463,20
2020-12-20,Lassen,035,31185,3961,3669,35,3704,1
2020-12-20,Los Angeles,037,10098052,675755,612975,16818,629793,8862
2020-12-20,Madera,039,155013,9761,8871,339,9210,63
2020-12-20,Marin,041,260295,9369,8948,59,9007,142
2020-12-20,Mariposa,043,17540,209,179,2,181,3
2020-12-20,Mendocino,045,87422,2240,2033,20,2053,23
2020-12-20,Merced,047,269075,17506,16435,273,16708,198
2020-12-20,Modoc,049,8938,222,181,66,247,0
2020-12-20,Mono,051,14174,828,774,12,786,3
2020-12-20,Monterey,053,433212,25047,23250,583,23833,173
2020-12-20,Napa,055,140530,5349,4865,24,4889,23
2020-12-20,Nevada,057,99092,2516,2289,78,2367,13
2020-12-20,Orange,059,3164182,142895,128780,5223,134003,1763
2020-12-20,Placer,061,380077,13104,11496,446,11942,105
2020-12-20,Plumas,063,18699,430,347,8,355,0
2020-12-20,Riverside,065,2383286,163948,148714,6664,155378,1742
2020-12-20,Sacramento,067,1510023,60274,56017,499,56516,755
2020-12-20,San Benito,069,59416,3215,2885,24,2909,21
2020-12-20,San Bernardino,071,2135413,177564,162810,4642,167452,1458
2020-12-20,San Diego,073,3302833,140703,126465,6213,132678,1280
2020-12-20,San Francisco,075,870044,21921,20937,193,21130,174
2020-12-20,San Joaquin,077,732212,41884,38268,1257,39525,587
2020-12-20,San Luis Obispo,079,281455,9796,8881,216,9097,63
2020-12-20,San Mateo,081,765935,23153,20764,72,20836,185
2020-12-20,Santa Barbara,083,443738,16037,14817,400,15217,148
2020-12-20,Santa Clara,085,1922200,63459,56860,247,57107,566
2020-12-20,Santa Cruz,087,273765,8204,7178,231,7409,69
2020-12-20,Shasta,089,179085,7687,7256,595,7851,64
2020-12-20,Sierra,091,2930,24,22,0,22,0
2020-12-20,Siskiyou,093,43540,953,870,86,956,2
2020-12-20,Solano,095,438530,17103,15533,163,15696,95
2020-12-20,Sonoma,097,501317,17747,16802,97,16899,175
2020-12-20,Stanislaus,099,539301,32385,29995,2706,32701,498
2020-12-20,Sutter,101,95872,6047,5601,41,5642,43
2020-12-20,Tehama,103,63373,2773,2602,222,2824,9
2020-12-20,Trinity,105,12862,396,221,53,274,2
2020-12-20,Tulare,107,460477,31346,29078,3209,32287,373
2020-12-20,Tuolumne,109,53932,2517,2152,8,2160,12
2020-12-20,Ventura,111,848112,35209,31335,1386,32721,210
2020-12-20,Yolo,113,214977,7855,7121,48,7169,109
2020-12-20,Yuba,115,75493,3530,3254,34,3288,12
2020-12-19,Alameda,001,1643700,47285,43109,782,43891,516
2020-12-19,Alpine,003,1148,65,64,0,64,0
2020-12-19,Amador,005,37829,2143,1754,17,1771,23
2020-12-19,Butte,007,227075,6825,6118,677,6795,81
2020-12-19,Calaveras,009,45235,989,900,0,900,21
2020-12-19,Colusa,011,21464,1175,1096,50,1146,7
2020-12-19,Contra Costa,013,1133247,36716,34321,401,34722,301
2020-12-19,Del Norte,015,27424,688,641,1,642,2
2020-12-19,El Dorado,017,186661,5452,4588,204,4792,10
2020-12-19,Fresno,019,978130,62719,55428,3752,59180,634
2020-12-19,Glenn,021,27897,1400,1286,197,1483,9
2020-12-19,Humboldt,023,135768,1530,1357,6,1363,15
2020-12-19,Imperial,025,180216,21711,20711,936,21647,395
2020-12-19,Inyo,027,18085,577,475,7,482,17
2020-12-19,Kern,029,883053,60521,55118,3925,59043,540
2020-12-19,Kings,031,150075,15353,14474,450,14924,100
2020-12-19,Lake,033,64148,1653,1438,0,1438,20
2020-12-19,Lassen,035,31185,3933,3595,35,3630,1
2020-12-19,Los Angeles,037,10098052,668659,599888,16282,616170,8804
2020-12-19,Madera,039,155013,9669,8717,327,9044,63
2020-12-19,Marin,041,260295,9330,8864,59,8923,142
2020-12-19,Mariposa,043,17540,207,177,2,179,3
2020-12-19,Mendocino,045,87422,2215,2008,20,2028,23
2020-12-19,Merced,047,269075,17367,16230,265,16495,198
2020-12-19,Modoc,049,8938,219,181,66,247,0
2020-12-19,Mono,051,14174,821,766,12,778,3
2020-12-19,Monterey,053,433212,24933,22799,577,23376,172
2020-12-19,Napa,055,140530,5287,4772,24,4796,23
2020-12-19,Nevada,057,99092,2494,2260,78,2338,13
2020-12-19,Orange,059,3164182,140973,125574,5072,130646,1733
2020-12-19,Placer,061,380077,12949,11246,440,11686,105
2020-12-19,Plumas,063,18699,427,343,8,351,0
2020-12-19,Riverside,065,2383286,161960,146703,6428,153131,1737
2020-12-19,Sacramento,067,1510023,59742,55169,485,55654,746
2020-12-19,San Benito,069,59416,3169,2820,23,2843,21
2020-12-19,San Bernardino,071,2135413,175996,159883,4535,164418,1433
2020-12-19,San Diego,073,3302833,138936,122972,6074,129046,1280
2020-12-19,San Francisco,075,870044,21770,20643,193,20836,174
2020-12-19,San Joaquin,077,732212,41481,37340,1207,38547,586
2020-12-19,San Luis Obispo,079,281455,9725,8788,213,9001,63
2020-12-19,San Mateo,081,765935,22943,20393,65,20458,182
2020-12-19,Santa Barbara,083,443738,15880,14667,394,15061,148
2020-12-19,Santa Clara,085,1922200,62648,55540,243,55783,558
2020-12-19,Santa Cruz,087,273765,8100,7054,226,7280,68
2020-12-19,Shasta,089,179085,7634,7221,583,7804,63
2020-12-19,Sierra,091,2930,24,23,0,23,0
2020-12-19,Siskiyou,093,43540,949,853,85,938,2
2020-12-19,Solano,095,438530,16937,15204,159,15363,95
2020-12-19,Sonoma,097,501317,17639,16553,97,16650,175
2020-12-19,Stanislaus,099,539301,32066,29555,2634,32189,498
2020-12-19,Sutter,101,95872,5990,5506,41,5547,41
2020-12-19,Tehama,103,63373,2722,2574,220,2794,9
2020-12-19,Trinity,105,12862,395,219,53,272,2
2020-12-19,Tulare,107,460477,31124,28734,3143,31877,375
2020-12-19,Tuolumne,109,53932,2504,2107,8,2115,12
2020-12-19,Ventura,111,848112,34928,30843,1356,32199,209
2020-12-19,Yolo,113,214977,7786,7025,47,7072,109
2020-12-19,Yuba,115,75493,3498,3168,34,3202,11
2020-12-18,Alameda,001,1643700,46750,42196,766,42962,515
2020-12-18,Alpine,003,1148,65,64,0,64,0
2020-12-18,Amador,005,37829,2126,1727,15,1742,20
2020-12-18,Butte,007,227075,6740,5891,651,6542,81
2020-12-18,Calaveras,009,45235,979,870,0,870,21
2020-12-18,Colusa,011,21464,1166,1068,50,1118,7
2020-12-18,Contra Costa,013,1133247,36431,33610,389,33999,300
2020-12-18,Del Norte,015,27424,683,627,0,627,2
2020-12-18,El Dorado,017,186661,5390,4494,195,4689,10
2020-12-18,Fresno,019,978130,61892,52643,3688,56331,613
2020-12-18,Glenn,021,27897,1383,1264,192,1456,9
2020-12-18,Humboldt,023,135768,1515,1331,6,1337,15
2020-12-18,Imperial,025,180216,21633,20430,889,21319,393
2020-12-18,Inyo,027,18085,557,454,7,461,17
2020-12-18,Kern,029,883053,59861,54220,3840,58060,533
2020-12-18,Kings,031,150075,15227,14284,444,14728,98
2020-12-18,Lake,033,64148,1642,1397,0,1397,20
2020-12-18,Lassen,035,31185,3925,3486,35,3521,1
2020-12-18,Los Angeles,037,10098052,656523,586413,15780,602193,8744
2020-12-18,Madera,039,155013,9567,8609,322,8931,63
2020-12-18,Marin,041,260295,9246,8799,59,8858,142
2020-12-18,Mariposa,043,17540,204,176,2,178,3
2020-12-18,Mendocino,045,87422,2197,1977,20,1997,24
2020-12-18,Merced,047,269075,17286,15956,262,16218,195
2020-12-18,Modoc,049,8938,219,179,66,245,0
2020-12-18,Mono,051,14174,813,731,12,743,3
2020-12-18,Monterey,053,433212,24639,22336,571,22907,165
2020-12-18,Napa,055,140530,5238,4688,24,4712,23
2020-12-18,Nevada,057,99092,2477,2220,77,2297,13
2020-12-18,Orange,059,3164182,138537,121681,4923,126604,1725
2020-12-18,Placer,061,380077,12778,10995,431,11426,104
2020-12-18,Plumas,063,18699,421,336,8,344,0
2020-12-18,Riverside,065,2383286,159118,142375,6159,148534,1733
2020-12-18,Sacramento,067,1510023,59116,53980,469,54449,736
2020-12-18,San Benito,069,59416,3120,2744,23,2767,21
2020-12-18,San Bernardino,071,2135413,173699,154272,4401,158673,1430
2020-12-18,San Diego,073,3302833,136758,120463,5935,126398,1253
2020-12-18,San Francisco,075,870044,21603,20315,187,20502,173
2020-12-18,San Joaquin,077,732212,41123,36484,1176,37660,559
2020-12-18,San Luis Obispo,079,281455,9626,8598,208,8806,62
2020-12-18,San Mateo,081,765935,22629,19971,61,20032,182
2020-12-18,Santa Barbara,083,443738,15739,14361,381,14742,148
2020-12-18,Santa Clara,085,1922200,61775,53992,234,54226,539
2020-12-18,Santa Cruz,087,273765,7985,6838,218,7056,68
2020-12-18,Shasta,089,179085,7597,7114,572,7686,62
2020-12-18,Sierra,091,2930,24,23,0,23,0
2020-12-18,Siskiyou,093,43540,947,840,85,925,2
2020-12-18,Solano,095,438530,16784,14667,155,14822,95
2020-12-18,Sonoma,097,501317,17519,16261,97,16358,173
2020-12-18,Stanislaus,099,539301,31793,28967,2598,31565,490
2020-12-18,Sutter,101,95872,5906,5399,41,5440,39
2020-12-18,Tehama,103,63373,2706,2523,210,2733,9
2020-12-18,Trinity,105,12862,394,215,53,268,2
2020-12-18,Tulare,107,460477,30847,28322,3064,31386,370
2020-12-18,Tuolumne,109,53932,2493,2067,8,2075,12
2020-12-18,Ventura,111,848112,34424,29907,1313,31220,209
2020-12-18,Yolo,113,214977,7718,6901,46,6947,109
2020-12-18,Yuba,115,75493,3440,3097,34,3131,11
2020-12-17,Alameda,001,1643700,45942,41548,733,42281,508
2020-12-17,Alpine,003,1148,65,64,0,64,0
2020-12-17,Amador,005,37829,2078,1703,13,1716,19
2020-12-17,Butte,007,227075,6614,5746,633,6379,78
2020-12-17,Calaveras,009,45235,956,848,0,848,21
2020-12-17,Colusa,011,21464,1155,1053,48,1101,7
2020-12-17,Contra Costa,013,1133247,35907,33006,355,33361,293
2020-12-17,Del Norte,015,27424,678,583,0,583,1
2020-12-17,El Dorado,017,186661,5245,4327,183,4510,9
2020-12-17,Fresno,019,978130,61029,49918,3562,53480,597
2020-12-17,Glenn,021,27897,1359,1244,185,1429,9
2020-12-17,Humboldt,023,135768,1482,1322,6,1328,14
2020-12-17,Imperial,025,180216,21468,20208,819,21027,391
2020-12-17,Inyo,027,18085,539,450,6,456,16
2020-12-17,Kern,029,883053,58904,53683,3707,57390,526
2020-12-17,Kings,031,150075,15124,14057,429,14486,98
2020-12-17,Lake,033,64148,1617,1374,0,1374,20
2020-12-17,Lassen,035,31185,3889,3417,35,3452,1
2020-12-17,Los Angeles,037,10098052,640874,571093,15227,586320,8657
2020-12-17,Madera,039,155013,9450,8465,318,8783,62
2020-12-17,Marin,041,260295,9182,8721,57,8778,142
2020-12-17,Mariposa,043,17540,200,172,2,174,3
2020-12-17,Mendocino,045,87422,2163,1942,20,1962,23
2020-12-17,Merced,047,269075,17023,15648,254,15902,192
2020-12-17,Modoc,049,8938,216,179,66,245,0
2020-12-17,Mono,051,14174,800,718,12,730,3
2020-12-17,Monterey,053,433212,24120,21951,556,22507,163
2020-12-17,Napa,055,140530,5126,4612,24,4636,23
2020-12-17,Nevada,057,99092,2436,2173,74,2247,13
2020-12-17,Orange,059,3164182,135156,118367,4787,123154,1725
2020-12-17,Placer,061,380077,12504,10756,417,11173,99
2020-12-17,Plumas,063,18699,412,324,8,332,0
2020-12-17,Riverside,065,2383286,155234,139325,5943,145268,1696
2020-12-17,Sacramento,067,1510023,58210,53189,446,53635,721
2020-12-17,San Benito,069,59416,3051,2645,22,2667,20
2020-12-17,San Bernardino,071,2135413,169764,149838,4284,154122,1425
2020-12-17,San Diego,073,3302833,133957,116852,5779,122631,1239
2020-12-17,San Francisco,075,870044,21316,19939,182,20121,170
2020-12-17,San Joaquin,077,732212,40396,35894,1139,37033,554
2020-12-17,San Luis Obispo,079,281455,9506,8365,206,8571,59
2020-12-17,San Mateo,081,765935,22258,19647,61,19708,181
2020-12-17,Santa Barbara,083,443738,15505,14207,374,14581,147
2020-12-17,Santa Clara,085,1922200,60607,52559,228,52787,527
2020-12-17,Santa Cruz,087,273765,7830,6687,204,6891,64
2020-12-17,Shasta,089,179085,7520,7000,553,7553,62
2020-12-17,Sierra,091,2930,23,23,0,23,0
2020-12-17,Siskiyou,093,43540,940,827,84,911,2
2020-12-17,Solano,095,438530,16478,14361,153,14514,96
2020-12-17,Sonoma,097,501317,17247,15993,96,16089,171
2020-12-17,Stanislaus,099,539301,31367,28582,2539,31121,489
2020-12-17,Sutter,101,95872,5807,5309,40,5349,39
2020-12-17,Tehama,103,63373,2658,2480,204,2684,9
2020-12-17,Trinity,105,12862,389,213,53,266,2
2020-12-17,Tulare,107,460477,30453,27852,2986,30838,358
2020-12-17,Tuolumne,109,53932,2202,1992,8,2000,11
2020-12-17,Ventura,111,848112,33814,29404,1276,30680,208
2020-12-17,Yolo,113,214977,7593,6800,45,6845,105
2020-12-17,Yuba,115,75493,3381,3035,32,3067,12
2020-12-16,Alameda,001,1643700,45088,40751,706,41457,497
2020-12-16,Alpine,003,1148,65,64,0,64,0
2020-12-16,Amador,005,37829,2031,1693,12,1705,19
2020-12-16,Butte,007,227075,6425,5659,604,6263,76
2020-12-16,Calaveras,009,45235,921,821,0,821,21
2020-12-16,Colusa,011,21464,1142,1038,43,1081,7
2020-12-16,Contra Costa,013,1133247,35350,32429,335,32764,293
2020-12-16,Del Norte,015,27424,676,575,0,575,1
2020-12-16,El Dorado,017,186661,5124,4237,174,4411,9
2020-12-16,Fresno,019,978130,60071,49173,3466,52639,584
2020-12-16,Glenn,021,27897,1341,1236,174,1410,9
2020-12-16,Humboldt,023,135768,1450,1308,5,1313,12
2020-12-16,Imperial,025,180216,21285,19980,753,20733,388
2020-12-16,Inyo,027,18085,526,444,6,450,16
2020-12-16,Kern,029,883053,58027,52896,3574,56470,522
2020-12-16,Kings,031,150075,14944,13734,412,14146,99
2020-12-16,Lake,033,64148,1577,1363,0,1363,20
2020-12-16,Lassen,035,31185,3856,3396,34,3430,1
2020-12-16,Los Angeles,037,10098052,624351,557907,14542,572449,8561
2020-12-16,Madera,039,155013,9325,8278,310,8588,62
2020-12-16,Marin,041,260295,9111,8641,57,8698,142
2020-12-16,Mariposa,043,17540,197,175,2,177,3
2020-12-16,Mendocino,045,87422,2128,1929,20,1949,23
2020-12-16,Merced,047,269075,16737,15443,250,15693,190
2020-12-16,Modoc,049,8938,213,178,66,244,0
2020-12-16,Mono,051,14174,781,702,12,714,3
2020-12-16,Monterey,053,433212,23562,21107,545,21652,163
2020-12-16,Napa,055,140530,5029,4544,24,4568,23
2020-12-16,Nevada,057,99092,2400,2149,72,2221,13
2020-12-16,Orange,059,3164182,131678,115260,4620,119880,1712
2020-12-16,Placer,061,380077,12267,10554,396,10950,96
2020-12-16,Plumas,063,18699,403,319,8,327,0
2020-12-16,Riverside,065,2383286,151109,135751,5695,141446,1664
2020-12-16,Sacramento,067,1510023,57237,52166,421,52587,715
2020-12-16,San Benito,069,59416,2960,2582,22,2604,20
2020-12-16,San Bernardino,071,2135413,165157,143565,4149,147714,1403
2020-12-16,San Diego,073,3302833,130853,114248,5625,119873,1217
2020-12-16,San Francisco,075,870044,21057,19624,182,19806,170
2020-12-16,San Joaquin,077,732212,39571,35010,1099,36109,547
2020-12-16,San Luis Obispo,079,281455,9310,8252,197,8449,58
2020-12-16,San Mateo,081,765935,21932,19292,57,19349,179
2020-12-16,Santa Barbara,083,443738,15256,13966,362,14328,144
2020-12-16,Santa Clara,085,1922200,59365,51502,225,51727,523
2020-12-16,Santa Cruz,087,273765,7646,6536,193,6729,63
2020-12-16,Shasta,089,179085,7447,6914,531,7445,62
2020-12-16,Sierra,091,2930,23,23,0,23,0
2020-12-16,Siskiyou,093,43540,932,818,84,902,2
2020-12-16,Solano,095,438530,16012,14157,149,14306,96
2020-12-16,Sonoma,097,501317,16991,15768,96,15864,170
2020-12-16,Stanislaus,099,539301,30863,28279,2466,30745,489
2020-12-16,Sutter,101,95872,5727,5223,40,5263,39
2020-12-16,Tehama,103,63373,2627,2441,178,2619,9
2020-12-16,Trinity,105,12862,383,212,53,265,2
2020-12-16,Tulare,107,460477,30030,27500,2886,30386,352
2020-12-16,Tuolumne,109,53932,2160,1941,8,1949,11
2020-12-16,Ventura,111,848112,33040,28566,1233,29799,203
2020-12-16,Yolo,113,214977,7464,6649,44,6693,103
2020-12-16,Yuba,115,75493,3295,2980,31,3011,11
2020-12-15,Alameda,001,1643700,44232,40026,684,40710,492
2020-12-15,Alpine,003,1148,65,64,0,64,0
2020-12-15,Amador,005,37829,1918,1669,10,1679,19
2020-12-15,Butte,007,227075,6287,5565,575,6140,75
2020-12-15,Calaveras,009,45235,889,799,0,799,21
2020-12-15,Colusa,011,21464,1129,1026,42,1068,7
2020-12-15,Contra Costa,013,1133247,34695,31423,321,31744,281
2020-12-15,Del Norte,015,27424,665,564,0,564,1
2020-12-15,El Dorado,017,186661,5016,4113,160,4273,9
2020-12-15,Fresno,019,978130,58696,47316,3332,50648,574
2020-12-15,Glenn,021,27897,1328,1207,158,1365,9
2020-12-15,Humboldt,023,135768,1430,1276,5,1281,12
2020-12-15,Imperial,025,180216,21066,19756,673,20429,380
2020-12-15,Inyo,027,18085,513,394,6,400,16
2020-12-15,Kern,029,883053,57015,52002,3471,55473,511
2020-12-15,Kings,031,150075,14780,13652,393,14045,97
2020-12-15,Lake,033,64148,1552,1341,0,1341,21
2020-12-15,Lassen,035,31185,3684,3378,33,3411,1
2020-12-15,Los Angeles,037,10098052,607987,536258,13905,550163,8429
2020-12-15,Madera,039,155013,9171,8118,303,8421,60
2020-12-15,Marin,041,260295,9004,8528,55,8583,141
2020-12-15,Mariposa,043,17540,193,171,2,173,3
2020-12-15,Mendocino,045,87422,2101,1883,20,1903,24
2020-12-15,Merced,047,269075,16442,15120,247,15367,190
2020-12-15,Modoc,049,8938,211,179,66,245,0
2020-12-15,Mono,051,14174,765,702,12,714,3
2020-12-15,Monterey,053,433212,22963,19905,484,20389,161
2020-12-15,Napa,055,140530,4926,4440,24,4464,23
2020-12-15,Nevada,057,99092,2367,2117,70,2187,11
2020-12-15,Orange,059,3164182,128021,112893,4467,117360,1689
2020-12-15,Placer,061,380077,12033,10301,374,10675,95
2020-12-15,Plumas,063,18699,398,313,8,321,0
2020-12-15,Riverside,065,2383286,147050,131822,5416,137238,1624
2020-12-15,Sacramento,067,1510023,56220,51076,408,51484,703
2020-12-15,San Benito,069,59416,2880,2520,21,2541,19
2020-12-15,San Bernardino,071,2135413,160700,137548,3997,141545,1351
2020-12-15,San Diego,073,3302833,127287,111441,5462,116903,1194
2020-12-15,San Francisco,075,870044,20748,19283,179,19462,171
2020-12-15,San Joaquin,077,732212,38647,33849,1062,34911,537
2020-12-15,San Luis Obispo,079,281455,9201,8074,194,8268,55
2020-12-15,San Mateo,081,765935,21522,18907,55,18962,178
2020-12-15,Santa Barbara,083,443738,15029,13782,354,14136,144
2020-12-15,Santa Clara,085,1922200,57930,50311,222,50533,505
2020-12-15,Santa Cruz,087,273765,7462,6361,178,6539,59
2020-12-15,Shasta,089,179085,7389,6794,506,7300,54
2020-12-15,Sierra,091,2930,23,23,0,23,0
2020-12-15,Siskiyou,093,43540,923,812,83,895,2
2020-12-15,Solano,095,438530,15662,13796,149,13945,95
2020-12-15,Sonoma,097,501317,16770,15406,96,15502,167
2020-12-15,Stanislaus,099,539301,30350,27823,2385,30208,485
2020-12-15,Sutter,101,95872,5629,5080,39,5119,36
2020-12-15,Tehama,103,63373,2590,2392,173,2565,9
2020-12-15,Trinity,105,12862,375,213,51,264,1
2020-12-15,Tulare,107,460477,29541,27026,2796,29822,342
2020-12-15,Tuolumne,109,53932,2130,1874,8,1882,8
2020-12-15,Ventura,111,848112,32418,27936,1186,29122,201
2020-12-15,Yolo,113,214977,7341,6531,42,6573,104
2020-12-15,Yuba,115,75493,3201,2891,30,2921,11
2020-12-14,Alameda,001,1643700,43337,39252,665,39917,487
2020-12-14,Alpine,003,1148,65,63,0,63,0
2020-12-14,Amador,005,37829,1846,1609,10,1619,19
2020-12-14,Butte,007,227075,6119,5202,558,5760,75
2020-12-14,Calaveras,009,45235,851,718,0,718,21
2020-12-14,Colusa,011,21464,1105,949,41,990,7
2020-12-14,Contra Costa,013,1133247,33997,30594,307,30901,281
2020-12-14,Del Norte,015,27424,659,560,0,560,1
2020-12-14,El Dorado,017,186661,4860,4018,144,4162,9
2020-12-14,Fresno,019,978130,57671,44726,3152,47878,560
2020-12-14,Glenn,021,27897,1302,1186,150,1336,9
2020-12-14,Humboldt,023,135768,1417,1256,5,1261,9
2020-12-14,Imperial,025,180216,20828,19608,595,20203,379
2020-12-14,Inyo,027,18085,499,382,6,388,16
2020-12-14,Kern,029,883053,55978,50538,3350,53888,510
2020-12-14,Kings,031,150075,14595,13491,366,13857,97
2020-12-14,Lake,033,64148,1503,1301,0,1301,21
2020-12-14,Lassen,035,31185,3585,2905,30,2935,1
2020-12-14,Los Angeles,037,10098052,590371,524668,13261,537929,8340
2020-12-14,Madera,039,155013,8904,8011,294,8305,60
2020-12-14,Marin,041,260295,8921,8475,53,8528,141
2020-12-14,Mariposa,043,17540,192,171,2,173,3
2020-12-14,Mendocino,045,87422,2080,1845,20,1865,24
2020-12-14,Merced,047,269075,16036,14572,233,14805,189
2020-12-14,Modoc,049,8938,205,180,64,244,0
2020-12-14,Mono,051,14174,757,685,12,697,3
2020-12-14,Monterey,053,433212,22442,19154,478,19632,155
2020-12-14,Napa,055,140530,4833,4289,24,4313,22
2020-12-14,Nevada,057,99092,2328,2070,67,2137,11
2020-12-14,Orange,059,3164182,124130,108602,4331,112933,1688
2020-12-14,Placer,061,380077,11752,9551,363,9914,95
2020-12-14,Plumas,063,18699,386,309,8,317,0
2020-12-14,Riverside,065,2383286,142919,123715,5153,128868,1588
2020-12-14,Sacramento,067,1510023,55113,50304,383,50687,691
2020-12-14,San Benito,069,59416,2814,2467,20,2487,19
2020-12-14,San Bernardino,071,2135413,156255,129151,3869,133020,1347
2020-12-14,San Diego,073,3302833,123551,109578,5277,114855,1162
2020-12-14,San Francisco,075,870044,20372,18904,177,19081,171
2020-12-14,San Joaquin,077,732212,37803,32522,1016,33538,534
2020-12-14,San Luis Obispo,079,281455,8953,7791,190,7981,52
2020-12-14,San Mateo,081,765935,21023,18361,52,18413,178
2020-12-14,Santa Barbara,083,443738,14757,13587,346,13933,144
2020-12-14,Santa Clara,085,1922200,56368,49180,210,49390,502
2020-12-14,Santa Cruz,087,273765,7276,6049,163,6212,54
2020-12-14,Shasta,089,179085,7300,6665,487,7152,54
2020-12-14,Sierra,091,2930,23,21,0,21,0
2020-12-14,Siskiyou,093,43540,900,764,77,841,2
2020-12-14,Solano,095,438530,15300,13352,148,13500,93
2020-12-14,Sonoma,097,501317,16463,14807,95,14902,167
2020-12-14,Stanislaus,099,539301,29817,27311,2336,29647,485
2020-12-14,Sutter,101,95872,5524,5001,32,5033,35
2020-12-14,Tehama,103,63373,2546,2344,170,2514,9
2020-12-14,Trinity,105,12862,371,205,49,254,1
2020-12-14,Tulare,107,460477,29068,25735,2705,28440,341
2020-12-14,Tuolumne,109,53932,2077,1647,8,1655,8
2020-12-14,Ventura,111,848112,31495,27436,1127,28563,202
2020-12-14,Yolo,113,214977,7181,6389,41,6430,95
2020-12-14,Yuba,115,75493,3139,2851,30,2881,11
2020-12-13,Alameda,001,1643700,42143,38064,639,38703,486
2020-12-13,Alpine,003,1148,65,63,0,63,0
2020-12-13,Amador,005,37829,1790,1457,9,1466,19
2020-12-13,Butte,007,227075,5970,5103,516,5619,75
2020-12-13,Calaveras,009,45235,815,710,0,710,21
2020-12-13,Colusa,011,21464,1089,945,37,982,7
2020-12-13,Contra Costa,013,1133247,33269,29667,301,29968,281
2020-12-13,Del Norte,015,27424,606,542,0,542,1
2020-12-13,El Dorado,017,186661,4759,3770,133,3903,9
2020-12-13,Fresno,019,978130,56565,44114,2993,47107,559
2020-12-13,Glenn,021,27897,1289,1171,139,1310,9
2020-12-13,Humboldt,023,135768,1394,1238,4,1242,9
2020-12-13,Imperial,025,180216,20535,19472,467,19939,379
2020-12-13,Inyo,027,18085,478,380,6,386,16
2020-12-13,Kern,029,883053,54952,49051,3196,52247,510
2020-12-13,Kings,031,150075,14315,13357,348,13705,97
2020-12-13,Lake,033,64148,1460,1271,0,1271,21
2020-12-13,Lassen,035,31185,3478,2867,25,2892,1
2020-12-13,Los Angeles,037,10098052,572765,517472,12556,530028,8294
2020-12-13,Madera,039,155013,8722,7909,280,8189,60
2020-12-13,Marin,041,260295,8801,8409,53,8462,141
2020-12-13,Mariposa,043,17540,188,167,2,169,3
2020-12-13,Mendocino,045,87422,2046,1793,20,1813,24
2020-12-13,Merced,047,269075,15686,14384,230,14614,189
2020-12-13,Modoc,049,8938,192,179,58,237,0
2020-12-13,Mono,051,14174,741,675,12,687,3
2020-12-13,Monterey,053,433212,22019,18913,464,19377,153
2020-12-13,Napa,055,140530,4727,4194,24,4218,22
2020-12-13,Nevada,057,99092,2280,2030,65,2095,11
2020-12-13,Orange,059,3164182,120197,104768,4157,108925,1688
2020-12-13,Placer,061,380077,11438,9405,345,9750,95
2020-12-13,Plumas,063,18699,380,291,8,299,0
2020-12-13,Riverside,065,2383286,138789,119691,4890,124581,1581
2020-12-13,Sacramento,067,1510023,53843,49480,353,49833,682
2020-12-13,San Benito,069,59416,2744,2408,19,2427,19
2020-12-13,San Bernardino,071,2135413,151359,126718,3706,130424,1333
2020-12-13,San Diego,073,3302833,119951,107372,5108,112480,1162
2020-12-13,San Francisco,075,870044,20027,18686,168,18854,167
2020-12-13,San Joaquin,077,732212,36999,32170,976,33146,534
2020-12-13,San Luis Obispo,079,281455,8761,7625,182,7807,52
2020-12-13,San Mateo,081,765935,20532,18090,46,18136,177
2020-12-13,Santa Barbara,083,443738,14489,13249,331,13580,144
2020-12-13,Santa Clara,085,1922200,54942,47920,201,48121,499
2020-12-13,Santa Cruz,087,273765,7027,5986,152,6138,54
2020-12-13,Shasta,089,179085,7226,6647,461,7108,54
2020-12-13,Sierra,091,2930,23,21,0,21,0
2020-12-13,Siskiyou,093,43540,888,762,72,834,2
2020-12-13,Solano,095,438530,14861,13276,145,13421,93
2020-12-13,Sonoma,097,501317,16148,14495,94,14589,167
2020-12-13,Stanislaus,099,539301,29254,26569,2271,28840,485
2020-12-13,Sutter,101,95872,5396,4798,28,4826,34
2020-12-13,Tehama,103,63373,2500,2325,155,2480,9
2020-12-13,Trinity,105,12862,365,204,49,253,1
2020-12-13,Tulare,107,460477,28577,25496,2618,28114,340
2020-12-13,Tuolumne,109,53932,2015,1611,8,1619,8
2020-12-13,Ventura,111,848112,30492,26588,1064,27652,202
2020-12-13,Yolo,113,214977,6997,6265,35,6300,95
2020-12-13,Yuba,115,75493,3074,2754,27,2781,11
2020-12-12,Alameda,001,1643700,41700,37027,619,37646,486
2020-12-12,Alpine,003,1148,65,63,0,63,0
2020-12-12,Amador,005,37829,1762,1236,8,1244,19
2020-12-12,Butte,007,227075,5897,4972,504,5476,73
2020-12-12,Calaveras,009,45235,805,708,0,708,21
2020-12-12,Colusa,011,21464,1069,945,35,980,7
2020-12-12,Contra Costa,013,1133247,32926,29506,292,29798,281
2020-12-12,Del Norte,015,27424,598,529,0,529,1
2020-12-12,El Dorado,017,186661,4684,3706,116,3822,9
2020-12-12,Fresno,019,978130,56213,43756,2933,46689,559
2020-12-12,Glenn,021,27897,1281,1143,135,1278,8
2020-12-12,Humboldt,023,135768,1375,1208,4,1212,9
2020-12-12,Imperial,025,180216,20451,18947,409,19356,379
2020-12-12,Inyo,027,18085,474,380,6,386,16
2020-12-12,Kern,029,883053,54432,48194,3108,51302,507
2020-12-12,Kings,031,150075,14226,13205,344,13549,96
2020-12-12,Lake,033,64148,1444,1232,0,1232,21
2020-12-12,Lassen,035,31185,3455,2866,22,2888,1
2020-12-12,Los Angeles,037,10098052,565967,504317,12049,516366,8269
2020-12-12,Madera,039,155013,8595,7765,277,8042,59
2020-12-12,Marin,041,260295,8747,8363,52,8415,141
2020-12-12,Mariposa,043,17540,187,164,2,166,3
2020-12-12,Mendocino,045,87422,2010,1771,20,1791,24
2020-12-12,Merced,047,269075,15595,14181,226,14407,188
2020-12-12,Modoc,049,8938,191,169,55,224,0
2020-12-12,Mono,051,14174,734,640,12,652,3
2020-12-12,Monterey,053,433212,21908,18596,435,19031,151
2020-12-12,Napa,055,140530,4682,4113,24,4137,22
2020-12-12,Nevada,057,99092,2262,1981,63,2044,10
2020-12-12,Orange,059,3164182,118314,100468,4009,104477,1674
2020-12-12,Placer,061,380077,11273,9390,340,9730,95
2020-12-12,Plumas,063,18699,374,291,8,299,0
2020-12-12,Riverside,065,2383286,136732,118335,4684,123019,1579
2020-12-12,Sacramento,067,1510023,53258,48319,340,48659,673
2020-12-12,San Benito,069,59416,2688,2355,19,2374,19
2020-12-12,San Bernardino,071,2135413,149728,125741,3604,129345,1321
2020-12-12,San Diego,073,3302833,118330,104958,5011,109969,1151
2020-12-12,San Francisco,075,870044,19837,18413,164,18577,167
2020-12-12,San Joaquin,077,732212,36672,32200,945,33145,534
2020-12-12,San Luis Obispo,079,281455,8662,7462,176,7638,50
2020-12-12,San Mateo,081,765935,20311,17574,45,17619,177
2020-12-12,Santa Barbara,083,443738,14337,13174,323,13497,144
2020-12-12,Santa Clara,085,1922200,53992,45892,198,46090,498
2020-12-12,Santa Cruz,087,273765,6929,5905,143,6048,54
2020-12-12,Shasta,089,179085,7191,6551,443,6994,54
2020-12-12,Sierra,091,2930,23,21,0,21,0
2020-12-12,Siskiyou,093,43540,886,762,69,831,2
2020-12-12,Solano,095,438530,14663,12748,138,12886,93
2020-12-12,Sonoma,097,501317,16028,14466,94,14560,166
2020-12-12,Stanislaus,099,539301,28953,26246,2219,28465,483
2020-12-12,Sutter,101,95872,5334,4717,28,4745,32
2020-12-12,Tehama,103,63373,2482,2252,150,2402,9
2020-12-12,Trinity,105,12862,363,204,47,251,1
2020-12-12,Tulare,107,460477,28318,25333,2560,27893,341
2020-12-12,Tuolumne,109,53932,1972,1536,8,1544,8
2020-12-12,Ventura,111,848112,30048,25955,1031,26986,202
2020-12-12,Yolo,113,214977,6915,6116,33,6149,95
2020-12-12,Yuba,115,75493,3047,2692,26,2718,10
2020-12-11,Alameda,001,1643700,41134,36281,607,36888,482
2020-12-11,Alpine,003,1148,65,63,0,63,0
2020-12-11,Amador,005,37829,1746,1213,8,1221,19
2020-12-11,Butte,007,227075,5824,4941,486,5427,73
2020-12-11,Calaveras,009,45235,789,697,0,697,21
2020-12-11,Colusa,011,21464,1059,923,33,956,7
2020-12-11,Contra Costa,013,1133247,32502,29036,288,29324,282
2020-12-11,Del Norte,015,27424,592,505,0,505,1
2020-12-11,El Dorado,017,186661,4603,3669,101,3770,9
2020-12-11,Fresno,019,978130,55201,43071,2868,45939,550
2020-12-11,Glenn,021,27897,1265,1135,130,1265,8
2020-12-11,Humboldt,023,135768,1357,1190,4,1194,9
2020-12-11,Imperial,025,180216,20361,18599,365,18964,377
2020-12-11,Inyo,027,18085,462,372,6,378,16
2020-12-11,Kern,029,883053,53754,47664,3046,50710,502
2020-12-11,Kings,031,150075,14082,13118,340,13458,94
2020-12-11,Lake,033,64148,1431,1205,0,1205,21
2020-12-11,Lassen,035,31185,3443,2790,21,2811,1
2020-12-11,Los Angeles,037,10098052,554167,493592,11638,505230,8198
2020-12-11,Madera,039,155013,8504,7648,267,7915,59
2020-12-11,Marin,041,260295,8654,8317,51,8368,141
2020-12-11,Mariposa,043,17540,186,164,2,166,3
2020-12-11,Mendocino,045,87422,1987,1769,20,1789,24
2020-12-11,Merced,047,269075,15475,14038,218,14256,186
2020-12-11,Modoc,049,8938,191,168,54,222,0
2020-12-11,Mono,051,14174,724,631,12,643,3
2020-12-11,Monterey,053,433212,21607,18421,430,18851,150
2020-12-11,Napa,055,140530,4627,4054,24,4078,22
2020-12-11,Nevada,057,99092,2245,1959,60,2019,10
2020-12-11,Orange,059,3164182,116006,98357,3906,102263,1656
2020-12-11,Placer,061,380077,11111,8904,324,9228,93
2020-12-11,Plumas,063,18699,366,286,8,294,0
2020-12-11,Riverside,065,2383286,133664,115329,4464,119793,1573
2020-12-11,Sacramento,067,1510023,52597,47468,332,47800,669
2020-12-11,San Benito,069,59416,2637,2319,19,2338,19
2020-12-11,San Bernardino,071,2135413,147038,123092,3488,126580,1313
2020-12-11,San Diego,073,3302833,116370,102468,4928,107396,1137
2020-12-11,San Francisco,075,870044,19607,18246,163,18409,165
2020-12-11,San Joaquin,077,732212,36326,32044,917,32961,534
2020-12-11,San Luis Obispo,079,281455,8501,7415,174,7589,49
2020-12-11,San Mateo,081,765935,20040,17240,34,17274,177
2020-12-11,Santa Barbara,083,443738,14193,12997,315,13312,144
2020-12-11,Santa Clara,085,1922200,52986,45101,189,45290,494
2020-12-11,Santa Cruz,087,273765,6816,5764,134,5898,50
2020-12-11,Shasta,089,179085,7146,6459,436,6895,54
2020-12-11,Sierra,091,2930,23,19,0,19,0
2020-12-11,Siskiyou,093,43540,879,753,66,819,2
2020-12-11,Solano,095,438530,14477,12554,134,12688,92
2020-12-11,Sonoma,097,501317,15861,14298,92,14390,166
2020-12-11,Stanislaus,099,539301,28686,25928,2177,28105,464
2020-12-11,Sutter,101,95872,5271,4600,27,4627,30
2020-12-11,Tehama,103,63373,2452,2232,146,2378,9
2020-12-11,Trinity,105,12862,360,204,47,251,1
2020-12-11,Tulare,107,460477,27958,24953,2513,27466,338
2020-12-11,Tuolumne,109,53932,1958,1510,8,1518,8
2020-12-11,Ventura,111,848112,29442,24999,1009,26008,202
2020-12-11,Yolo,113,214977,6809,6006,32,6038,95
2020-12-11,Yuba,115,75493,2987,2649,25,2674,10
2020-12-10,Alameda,001,1643700,40363,35686,585,36271,477
2020-12-10,Alpine,003,1148,65,63,0,63,0
2020-12-10,Amador,005,37829,1689,1191,8,1199,18
2020-12-10,Butte,007,227075,5708,4863,459,5322,72
2020-12-10,Calaveras,009,45235,771,684,0,684,21
2020-12-10,Colusa,011,21464,1036,909,28,937,7
2020-12-10,Contra Costa,013,1133247,31821,28413,282,28695,276
2020-12-10,Del Norte,015,27424,582,501,0,501,1
2020-12-10,El Dorado,017,186661,4485,3557,96,3653,9
2020-12-10,Fresno,019,978130,54221,42461,2725,45186,540
2020-12-10,Glenn,021,27897,1245,1126,121,1247,8
2020-12-10,Humboldt,023,135768,1337,1140,4,1144,9
2020-12-10,Imperial,025,180216,20145,18333,287,18620,370
2020-12-10,Inyo,027,18085,441,365,6,371,15
2020-12-10,Kern,029,883053,52770,47176,2880,50056,499
2020-12-10,Kings,031,150075,13924,12993,334,13327,92
2020-12-10,Lake,033,64148,1390,1167,0,1167,21
2020-12-10,Lassen,035,31185,3421,2764,17,2781,0
2020-12-10,Los Angeles,037,10098052,540207,480354,11111,491465,8149
2020-12-10,Madera,039,155013,8398,7445,252,7697,59
2020-12-10,Marin,041,260295,8601,8245,50,8295,140
2020-12-10,Mariposa,043,17540,185,160,2,162,3
2020-12-10,Mendocino,045,87422,1961,1748,17,1765,24
2020-12-10,Merced,047,269075,15229,13756,215,13971,186
2020-12-10,Modoc,049,8938,186,165,52,217,0
2020-12-10,Mono,051,14174,719,601,12,613,3
2020-12-10,Monterey,053,433212,21126,18266,420,18686,145
2020-12-10,Napa,055,140530,4541,3974,23,3997,22
2020-12-10,Nevada,057,99092,2209,1919,60,1979,10
2020-12-10,Orange,059,3164182,112909,95297,3744,99041,1651
2020-12-10,Placer,061,380077,10858,8906,306,9212,90
2020-12-10,Plumas,063,18699,355,281,8,289,0
2020-12-10,Riverside,065,2383286,129978,112794,4195,116989,1552
2020-12-10,Sacramento,067,1510023,51699,46471,311,46782,664
2020-12-10,San Benito,069,59416,2577,2268,18,2286,19
2020-12-10,San Bernardino,071,2135413,142808,120186,3314,123500,1306
2020-12-10,San Diego,073,3302833,113845,99601,4779,104380,1114
2020-12-10,San Francisco,075,870044,19295,17945,155,18100,164
2020-12-10,San Joaquin,077,732212,35691,31228,887,32115,534
2020-12-10,San Luis Obispo,079,281455,8337,7245,163,7408,49
2020-12-10,San Mateo,081,765935,19595,16701,24,16725,177
2020-12-10,Santa Barbara,083,443738,14016,12788,306,13094,143
2020-12-10,Santa Clara,085,1922200,51848,43939,174,44113,491
2020-12-10,Santa Cruz,087,273765,6648,5645,121,5766,48
2020-12-10,Shasta,089,179085,7078,6312,411,6723,53
2020-12-10,Sierra,091,2930,23,18,0,18,0
2020-12-10,Siskiyou,093,43540,869,712,65,777,2
2020-12-10,Solano,095,438530,14110,12017,128,12145,90
2020-12-10,Sonoma,097,501317,15606,14282,91,14373,167
2020-12-10,Stanislaus,099,539301,28222,25582,2108,27690,464
2020-12-10,Sutter,101,95872,5141,4528,25,4553,27
2020-12-10,Tehama,103,63373,2409,2190,136,2326,9
2020-12-10,Trinity,105,12862,356,202,45,247,1
2020-12-10,Tulare,107,460477,27504,24506,2447,26953,337
2020-12-10,Tuolumne,109,53932,1717,1451,8,1459,8
2020-12-10,Ventura,111,848112,28591,24075,965,25040,202
2020-12-10,Yolo,113,214977,6689,5896,31,5927,95
2020-12-10,Yuba,115,75493,2923,2604,24,2628,10
2020-12-09,Alameda,001,1643700,39519,35047,563,35610,470
2020-12-09,Alpine,003,1148,65,58,0,58,0
2020-12-09,Amador,005,37829,1646,1121,8,1129,19
2020-12-09,Butte,007,227075,5565,4733,439,5172,70
2020-12-09,Calaveras,009,45235,744,670,0,670,21
2020-12-09,Colusa,011,21464,1021,896,27,923,7
2020-12-09,Contra Costa,013,1133247,31115,28308,271,28579,273
2020-12-09,Del Norte,015,27424,569,481,0,481,2
2020-12-09,El Dorado,017,186661,4350,3449,88,3537,8
2020-12-09,Fresno,019,978130,53220,41954,2571,44525,533
2020-12-09,Glenn,021,27897,1231,1107,115,1222,8
2020-12-09,Humboldt,023,135768,1305,1086,4,1090,10
2020-12-09,Imperial,025,180216,19891,17757,250,18007,368
2020-12-09,Inyo,027,18085,428,356,6,362,15
2020-12-09,Kern,029,883053,51611,46379,2738,49117,494
2020-12-09,Kings,031,150075,13779,12716,326,13042,92
2020-12-09,Lake,033,64148,1363,1158,0,1158,20
2020-12-09,Lassen,035,31185,3352,2331,15,2346,0
2020-12-09,Los Angeles,037,10098052,526734,467971,10561,478532,8075
2020-12-09,Madera,039,155013,8285,7216,249,7465,59
2020-12-09,Marin,041,260295,8539,8182,49,8231,138
2020-12-09,Mariposa,043,17540,183,154,2,156,3
2020-12-09,Mendocino,045,87422,1935,1703,16,1719,24
2020-12-09,Merced,047,269075,14989,13588,208,13796,183
2020-12-09,Modoc,049,8938,181,146,43,189,0
2020-12-09,Mono,051,14174,707,601,12,613,3
2020-12-09,Monterey,053,433212,20726,17891,412,18303,143
2020-12-09,Napa,055,140530,4455,3858,22,3880,21
2020-12-09,Nevada,057,99092,2156,1864,60,1924,10
2020-12-09,Orange,059,3164182,109818,93763,3572,97335,1629
2020-12-09,Placer,061,380077,10596,8588,292,8880,85
2020-12-09,Plumas,063,18699,347,271,8,279,0
2020-12-09,Riverside,065,2383286,126280,110376,3988,114364,1543
2020-12-09,Sacramento,067,1510023,50636,45284,284,45568,659
2020-12-09,San Benito,069,59416,2504,2217,16,2233,19
2020-12-09,San Bernardino,071,2135413,138529,114516,3120,117636,1305
2020-12-09,San Diego,073,3302833,110865,97551,4640,102191,1103
2020-12-09,San Francisco,075,870044,18994,17628,154,17782,163
2020-12-09,San Joaquin,077,732212,34873,30539,862,31401,531
2020-12-09,San Luis Obispo,079,281455,8118,7105,155,7260,47
2020-12-09,San Mateo,081,765935,19144,16422,23,16445,175
2020-12-09,Santa Barbara,083,443738,13815,12630,296,12926,142
2020-12-09,Santa Clara,085,1922200,50700,42912,158,43070,489
2020-12-09,Santa Cruz,087,273765,6489,5527,106,5633,47
2020-12-09,Shasta,089,179085,7013,6105,396,6501,52
2020-12-09,Sierra,091,2930,23,18,0,18,0
2020-12-09,Siskiyou,093,43540,858,713,64,777,2
2020-12-09,Solano,095,438530,13762,11862,120,11982,90
2020-12-09,Sonoma,097,501317,15350,13994,88,14082,164
2020-12-09,Stanislaus,099,539301,27725,25157,2048,27205,463
2020-12-09,Sutter,101,95872,5023,4418,21,4439,24
2020-12-09,Tehama,103,63373,2373,2102,132,2234,9
2020-12-09,Trinity,105,12862,348,199,42,241,0
2020-12-09,Tulare,107,460477,26908,24124,2369,26493,334
2020-12-09,Tuolumne,109,53932,1684,1319,8,1327,8
2020-12-09,Ventura,111,848112,27728,23830,923,24753,201
2020-12-09,Yolo,113,214977,6565,5760,29,5789,95
2020-12-09,Yuba,115,75493,2855,2513,23,2536,10
2020-12-08,Alameda,001,1643700,38619,34373,547,34920,469
2020-12-08,Alpine,003,1148,64,53,0,53,0
2020-12-08,Amador,005,37829,1360,1043,8,1051,17
2020-12-08,Butte,007,227075,5406,4651,398,5049,70
2020-12-08,Calaveras,009,45235,720,657,0,657,21
2020-12-08,Colusa,011,21464,1005,875,26,901,6
2020-12-08,Contra Costa,013,1133247,30412,27926,254,28180,270
2020-12-08,Del Norte,015,27424,553,465,0,465,2
2020-12-08,El Dorado,017,186661,4226,3296,75,3371,8
2020-12-08,Fresno,019,978130,51957,41574,2413,43987,529
2020-12-08,Glenn,021,27897,1211,1094,107,1201,8
2020-12-08,Humboldt,023,135768,1279,1059,4,1063,10
2020-12-08,Imperial,025,180216,19374,17568,241,17809,363
2020-12-08,Inyo,027,18085,405,333,6,339,15
2020-12-08,Kern,029,883053,50318,45116,2582,47698,487
2020-12-08,Kings,031,150075,13625,12623,317,12940,90
2020-12-08,Lake,033,64148,1322,1127,0,1127,20
2020-12-08,Lassen,035,31185,3196,2165,15,2180,0
2020-12-08,Los Angeles,037,10098052,514050,459738,10077,469815,8004
2020-12-08,Madera,039,155013,8154,7082,236,7318,59
2020-12-08,Marin,041,260295,8459,8099,48,8147,137
2020-12-08,Mariposa,043,17540,179,150,2,152,2
2020-12-08,Mendocino,045,87422,1894,1666,16,1682,23
2020-12-08,Merced,047,269075,14679,13380,207,13587,181
2020-12-08,Modoc,049,8938,173,138,40,178,0
2020-12-08,Mono,051,14174,693,597,12,609,3
2020-12-08,Monterey,053,433212,20153,17752,405,18157,134
2020-12-08,Napa,055,140530,4368,3778,21,3799,22
2020-12-08,Nevada,057,99092,2102,1809,57,1866,11
2020-12-08,Orange,059,3164182,106597,91406,3407,94813,1629
2020-12-08,Placer,061,380077,10328,8224,287,8511,82
2020-12-08,Plumas,063,18699,337,258,8,266,0
2020-12-08,Riverside,065,2383286,122919,107620,3808,111428,1514
2020-12-08,Sacramento,067,1510023,49572,44635,268,44903,649
2020-12-08,San Benito,069,59416,2451,2180,16,2196,18
2020-12-08,San Bernardino,071,2135413,134181,110676,2994,113670,1301
2020-12-08,San Diego,073,3302833,107494,95447,4483,99930,1088
2020-12-08,San Francisco,075,870044,18684,17384,152,17536,162
2020-12-08,San Joaquin,077,732212,33978,30225,829,31054,530
2020-12-08,San Luis Obispo,079,281455,7989,6903,144,7047,45
2020-12-08,San Mateo,081,765935,18744,16305,23,16328,175
2020-12-08,Santa Barbara,083,443738,13630,12516,287,12803,141
2020-12-08,Santa Clara,085,1922200,49393,41309,149,41458,484
2020-12-08,Santa Cruz,087,273765,6311,5374,104,5478,45
2020-12-08,Shasta,089,179085,6904,5946,388,6334,50
2020-12-08,Sierra,091,2930,22,18,0,18,0
2020-12-08,Siskiyou,093,43540,844,704,62,766,2
2020-12-08,Solano,095,438530,13360,11669,118,11787,89
2020-12-08,Sonoma,097,501317,15091,13601,87,13688,164
2020-12-08,Stanislaus,099,539301,27234,24793,1985,26778,461
2020-12-08,Sutter,101,95872,4927,4342,20,4362,24
2020-12-08,Tehama,103,63373,2293,2057,124,2181,9
2020-12-08,Trinity,105,12862,339,198,41,239,0
2020-12-08,Tulare,107,460477,26304,23607,2307,25914,330
2020-12-08,Tuolumne,109,53932,1660,1264,8,1272,7
2020-12-08,Ventura,111,848112,27065,23665,880,24545,195
2020-12-08,Yolo,113,214977,6434,5560,29,5589,90
2020-12-08,Yuba,115,75493,2778,2477,23,2500,10
2020-12-07,Alameda,001,1643700,37753,33887,512,34399,466
2020-12-07,Alpine,003,1148,63,53,0,53,0
2020-12-07,Amador,005,37829,1285,993,7,1000,17
2020-12-07,Butte,007,227075,5270,4604,376,4980,67
2020-12-07,Calaveras,009,45235,688,606,0,606,21
2020-12-07,Colusa,011,21464,980,825,24,849,6
2020-12-07,Contra Costa,013,1133247,29798,27307,241,27548,270
2020-12-07,Del Norte,015,27424,541,424,0,424,2
2020-12-07,El Dorado,017,186661,4047,3275,68,3343,8
2020-12-07,Fresno,019,978130,50483,41098,2290,43388,526
2020-12-07,Glenn,021,27897,1192,1085,101,1186,8
2020-12-07,Humboldt,023,135768,1244,1023,4,1027,9
2020-12-07,Imperial,025,180216,18952,17234,227,17461,364
2020-12-07,Inyo,027,18085,390,333,6,339,15
2020-12-07,Kern,029,883053,49293,44409,2446,46855,486
2020-12-07,Kings,031,150075,13482,12412,307,12719,90
2020-12-07,Lake,033,64148,1293,1090,0,1090,20
2020-12-07,Lassen,035,31185,3099,2167,15,2182,0
2020-12-07,Los Angeles,037,10098052,500395,451052,9633,460685,7937
2020-12-07,Madera,039,155013,7889,6935,231,7166,59
2020-12-07,Marin,041,260295,8401,8049,47,8096,136
2020-12-07,Mariposa,043,17540,176,146,2,148,2
2020-12-07,Mendocino,045,87422,1858,1638,14,1652,23
2020-12-07,Merced,047,269075,14320,13250,197,13447,179
2020-12-07,Modoc,049,8938,166,128,37,165,0
2020-12-07,Mono,051,14174,680,590,12,602,3
2020-12-07,Monterey,053,433212,19672,17746,393,18139,132
2020-12-07,Napa,055,140530,4277,3684,21,3705,21
2020-12-07,Nevada,057,99092,2053,1777,56,1833,11
2020-12-07,Orange,059,3164182,103335,89793,3288,93081,1628
2020-12-07,Placer,061,380077,10001,7911,273,8184,82
2020-12-07,Plumas,063,18699,325,256,5,261,0
2020-12-07,Riverside,065,2383286,119721,102363,3625,105988,1491
2020-12-07,Sacramento,067,1510023,48477,43419,250,43669,638
2020-12-07,San Benito,069,59416,2400,2165,15,2180,18
2020-12-07,San Bernardino,071,2135413,130232,108161,2875,111036,1295
2020-12-07,San Diego,073,3302833,104705,94171,4302,98473,1062
2020-12-07,San Francisco,075,870044,18393,17220,145,17365,161
2020-12-07,San Joaquin,077,732212,33103,28188,802,28990,530
2020-12-07,San Luis Obispo,079,281455,7807,6782,137,6919,45
2020-12-07,San Mateo,081,765935,18303,16029,22,16051,175
2020-12-07,Santa Barbara,083,443738,13389,12362,277,12639,141
2020-12-07,Santa Clara,085,1922200,48005,40621,140,40761,484
2020-12-07,Santa Cruz,087,273765,6144,5152,99,5251,41
2020-12-07,Shasta,089,179085,6780,5742,373,6115,50
2020-12-07,Sierra,091,2930,20,18,0,18,0
2020-12-07,Siskiyou,093,43540,817,652,62,714,2
2020-12-07,Solano,095,438530,13020,11354,114,11468,89
2020-12-07,Sonoma,097,501317,14806,13376,87,13463,164
2020-12-07,Stanislaus,099,539301,26675,24479,1933,26412,454
2020-12-07,Sutter,101,95872,4786,4106,20,4126,24
2020-12-07,Tehama,103,63373,2239,2030,119,2149,9
2020-12-07,Trinity,105,12862,335,194,41,235,0
2020-12-07,Tulare,107,460477,25769,22760,2250,25010,328
2020-12-07,Tuolumne,109,53932,1575,1256,7,1263,7
2020-12-07,Ventura,111,848112,26478,23354,844,24198,191
2020-12-07,Yolo,113,214977,6270,5537,28,5565,90
2020-12-07,Yuba,115,75493,2710,2428,21,2449,10
2020-12-06,Alameda,001,1643700,36766,33477,492,33969,465
2020-12-06,Alpine,003,1148,59,53,0,53,0
2020-12-06,Amador,005,37829,1222,952,6,958,17
2020-12-06,Butte,007,227075,5117,4527,342,4869,67
2020-12-06,Calaveras,009,45235,669,606,0,606,21
2020-12-06,Colusa,011,21464,963,824,21,845,6
2020-12-06,Contra Costa,013,1133247,29192,26566,234,26800,270
2020-12-06,Del Norte,015,27424,486,414,0,414,2
2020-12-06,El Dorado,017,186661,3910,3086,63,3149,8
2020-12-06,Fresno,019,978130,49528,40869,2173,43042,526
2020-12-06,Glenn,021,27897,1182,1067,97,1164,8
2020-12-06,Humboldt,023,135768,1219,1004,4,1008,9
2020-12-06,Imperial,025,180216,18641,16922,217,17139,364
2020-12-06,Inyo,027,18085,377,333,6,339,15
2020-12-06,Kern,029,883053,48305,43899,2276,46175,486
2020-12-06,Kings,031,150075,13210,12056,290,12346,90
2020-12-06,Lake,033,64148,1255,1075,0,1075,20
2020-12-06,Lassen,035,31185,2994,2168,13,2181,0
2020-12-06,Los Angeles,037,10098052,486813,443230,9186,452416,7910
2020-12-06,Madera,039,155013,7718,6826,223,7049,59
2020-12-06,Marin,041,260295,8320,8013,45,8058,136
2020-12-06,Mariposa,043,17540,175,144,2,146,2
2020-12-06,Mendocino,045,87422,1818,1614,14,1628,23
2020-12-06,Merced,047,269075,13985,12928,188,13116,179
2020-12-06,Modoc,049,8938,153,125,29,154,0
2020-12-06,Mono,051,14174,658,586,10,596,3
2020-12-06,Monterey,053,433212,19053,17426,383,17809,130
2020-12-06,Napa,055,140530,4165,3644,21,3665,21
2020-12-06,Nevada,057,99092,1994,1710,53,1763,10
2020-12-06,Orange,059,3164182,100268,87737,3158,90895,1627
2020-12-06,Placer,061,380077,9720,7837,252,8089,82
2020-12-06,Plumas,063,18699,312,254,4,258,0
2020-12-06,Riverside,065,2383286,116627,100088,3401,103489,1482
2020-12-06,Sacramento,067,1510023,47237,42808,234,43042,638
2020-12-06,San Benito,069,59416,2363,2135,15,2150,18
2020-12-06,San Bernardino,071,2135413,126089,106927,2718,109645,1286
2020-12-06,San Diego,073,3302833,101673,92173,4148,96321,1062
2020-12-06,San Francisco,075,870044,18071,17107,137,17244,161
2020-12-06,San Joaquin,077,732212,32269,28188,773,28961,530
2020-12-06,San Luis Obispo,079,281455,7641,6723,132,6855,45
2020-12-06,San Mateo,081,765935,17798,15855,19,15874,175
2020-12-06,Santa Barbara,083,443738,13158,12252,268,12520,141
2020-12-06,Santa Clara,085,1922200,46629,39112,134,39246,482
2020-12-06,Santa Cruz,087,273765,5970,5069,93,5162,40
2020-12-06,Shasta,089,179085,6639,5743,351,6094,49
2020-12-06,Sierra,091,2930,20,17,0,17,0
2020-12-06,Siskiyou,093,43540,799,652,60,712,2
2020-12-06,Solano,095,438530,12733,11354,104,11458,88
2020-12-06,Sonoma,097,501317,14517,13238,86,13324,164
2020-12-06,Stanislaus,099,539301,26123,24036,1869,25905,454
2020-12-06,Sutter,101,95872,4670,4009,19,4028,21
2020-12-06,Tehama,103,63373,2180,1982,111,2093,9
2020-12-06,Trinity,105,12862,328,181,39,220,0
2020-12-06,Tulare,107,460477,25243,22756,2182,24938,327
2020-12-06,Tuolumne,109,53932,1479,1210,7,1217,7
2020-12-06,Ventura,111,848112,25936,23035,817,23852,191
2020-12-06,Yolo,113,214977,6109,5465,23,5488,90
2020-12-06,Yuba,115,75493,2666,2340,20,2360,10
2020-12-05,Alameda,001,1643700,36406,32781,481,33262,465
2020-12-05,Alpine,003,1148,58,53,0,53,0
2020-12-05,Amador,005,37829,1198,847,6,853,17
2020-12-05,Butte,007,227075,5049,4455,323,4778,66
2020-12-05,Calaveras,009,45235,657,606,0,606,21
2020-12-05,Colusa,011,21464,945,825,18,843,6
2020-12-05,Contra Costa,013,1133247,28900,26217,227,26444,270
2020-12-05,Del Norte,015,27424,480,408,0,408,2
2020-12-05,El Dorado,017,186661,3845,3061,58,3119,8
2020-12-05,Fresno,019,978130,49209,40568,2118,42686,525
2020-12-05,Glenn,021,27897,1169,1056,91,1147,8
2020-12-05,Humboldt,023,135768,1186,979,4,983,9
2020-12-05,Imperial,025,180216,18475,16544,215,16759,362
2020-12-05,Inyo,027,18085,372,332,6,338,15
2020-12-05,Kern,029,883053,47841,43332,2190,45522,484
2020-12-05,Kings,031,150075,13129,11898,287,12185,90
2020-12-05,Lake,033,64148,1230,1069,0,1069,20
2020-12-05,Lassen,035,31185,2803,2168,11,2179,0
2020-12-05,Los Angeles,037,10098052,481016,433120,8866,441986,7888
2020-12-05,Madera,039,155013,7625,6619,216,6835,59
2020-12-05,Marin,041,260295,8293,7961,45,8006,136
2020-12-05,Mariposa,043,17540,170,143,2,145,2
2020-12-05,Mendocino,045,87422,1779,1585,14,1599,23
2020-12-05,Merced,047,269075,13878,12747,177,12924,180
2020-12-05,Modoc,049,8938,153,118,28,146,0
2020-12-05,Mono,051,14174,653,554,10,564,3
2020-12-05,Monterey,053,433212,18907,17077,379,17456,127
2020-12-05,Napa,055,140530,4094,3565,21,3586,21
2020-12-05,Nevada,057,99092,1979,1642,51,1693,10
2020-12-05,Orange,059,3164182,98810,85735,3062,88797,1612
2020-12-05,Placer,061,380077,9600,7811,243,8054,78
2020-12-05,Plumas,063,18699,305,246,1,247,0
2020-12-05,Riverside,065,2383286,115015,98612,3223,101835,1477
2020-12-05,Sacramento,067,1510023,46569,41878,219,42097,625
2020-12-05,San Benito,069,59416,2319,2073,15,2088,18
2020-12-05,San Bernardino,071,2135413,124566,105382,2588,107970,1283
2020-12-05,San Diego,073,3302833,100322,90470,4067,94537,1055
2020-12-05,San Francisco,075,870044,17887,16786,133,16919,161
2020-12-05,San Joaquin,077,732212,32005,28105,740,28845,523
2020-12-05,San Luis Obispo,079,281455,7574,6623,129,6752,44
2020-12-05,San Mateo,081,765935,17541,15512,19,15531,175
2020-12-05,Santa Barbara,083,443738,13058,12107,262,12369,141
2020-12-05,Santa Clara,085,1922200,45891,38339,129,38468,474
2020-12-05,Santa Cruz,087,273765,5896,4997,91,5088,40
2020-12-05,Shasta,089,179085,6578,5653,340,5993,49
2020-12-05,Sierra,091,2930,20,17,0,17,0
2020-12-05,Siskiyou,093,43540,791,649,59,708,2
2020-12-05,Solano,095,438530,12564,11351,102,11453,87
2020-12-05,Sonoma,097,501317,14421,13137,86,13223,164
2020-12-05,Stanislaus,099,539301,25810,23662,1834,25496,454
2020-12-05,Sutter,101,95872,4603,3937,19,3956,20
2020-12-05,Tehama,103,63373,2164,1926,109,2035,9
2020-12-05,Trinity,105,12862,327,177,39,216,0
2020-12-05,Tulare,107,460477,25027,22660,2124,24784,324
2020-12-05,Tuolumne,109,53932,1422,1180,7,1187,7
2020-12-05,Ventura,111,848112,25565,22710,803,23513,191
2020-12-05,Yolo,113,214977,6032,5351,22,5373,90
2020-12-05,Yuba,115,75493,2629,2275,20,2295,10
2020-12-04,Alameda,001,1643700,35857,31871,468,32339,465
2020-12-04,Alpine,003,1148,58,53,0,53,0
2020-12-04,Amador,005,37829,1184,766,3,769,16
2020-12-04,Butte,007,227075,4977,4336,303,4639,65
2020-12-04,Calaveras,009,45235,652,585,0,585,21
2020-12-04,Colusa,011,21464,931,790,17,807,6
2020-12-04,Contra Costa,013,1133247,28555,25705,215,25920,264
2020-12-04,Del Norte,015,27424,469,401,0,401,2
2020-12-04,El Dorado,017,186661,3757,2933,55,2988,7
2020-12-04,Fresno,019,978130,48500,40108,2050,42158,522
2020-12-04,Glenn,021,27897,1163,1017,83,1100,8
2020-12-04,Humboldt,023,135768,1168,960,4,964,9
2020-12-04,Imperial,025,180216,18233,16484,215,16699,362
2020-12-04,Inyo,027,18085,364,324,6,330,15
2020-12-04,Kern,029,883053,47290,42497,2087,44584,485
2020-12-04,Kings,031,150075,13036,11767,281,12048,88
2020-12-04,Lake,033,64148,1202,1018,0,1018,20
2020-12-04,Lassen,035,31185,2796,2167,10,2177,0
2020-12-04,Los Angeles,037,10098052,472405,424164,8567,432731,7845
2020-12-04,Madera,039,155013,7534,6479,213,6692,58
2020-12-04,Marin,041,260295,8242,7896,43,7939,136
2020-12-04,Mariposa,043,17540,170,136,2,138,2
2020-12-04,Mendocino,045,87422,1760,1563,13,1576,23
2020-12-04,Merced,047,269075,13763,12474,169,12643,177
2020-12-04,Modoc,049,8938,153,115,28,143,0
2020-12-04,Mono,051,14174,648,549,10,559,3
2020-12-04,Monterey,053,433212,18697,16737,370,17107,127
2020-12-04,Napa,055,140530,4040,3432,21,3453,19
2020-12-04,Nevada,057,99092,1954,1560,48,1608,10
2020-12-04,Orange,059,3164182,96889,83738,2997,86735,1597
2020-12-04,Placer,061,380077,9475,7461,229,7690,76
2020-12-04,Plumas,063,18699,298,232,0,232,0
2020-12-04,Riverside,065,2383286,112816,95255,3066,98321,1475
2020-12-04,Sacramento,067,1510023,45804,41061,202,41263,618
2020-12-04,San Benito,069,59416,2286,2006,15,2021,17
2020-12-04,San Bernardino,071,2135413,122296,102418,2480,104898,1290
2020-12-04,San Diego,073,3302833,98838,88183,3980,92163,1047
2020-12-04,San Francisco,075,870044,17696,16499,133,16632,161
2020-12-04,San Joaquin,077,732212,31568,27806,703,28509,522
2020-12-04,San Luis Obispo,079,281455,7489,6473,126,6599,42
2020-12-04,San Mateo,081,765935,17253,15112,18,15130,173
2020-12-04,Santa Barbara,083,443738,12951,11947,255,12202,141
2020-12-04,Santa Clara,085,1922200,44971,37465,123,37588,468
2020-12-04,Santa Cruz,087,273765,5809,4985,89,5074,32
2020-12-04,Shasta,089,179085,6490,5439,330,5769,49
2020-12-04,Sierra,091,2930,19,17,0,17,0
2020-12-04,Siskiyou,093,43540,784,639,56,695,2
2020-12-04,Solano,095,438530,12418,11037,99,11136,87
2020-12-04,Sonoma,097,501317,14273,12962,85,13047,164
2020-12-04,Stanislaus,099,539301,25540,23206,1789,24995,448
2020-12-04,Sutter,101,95872,4530,3791,14,3805,20
2020-12-04,Tehama,103,63373,2124,1876,104,1980,9
2020-12-04,Trinity,105,12862,325,172,39,211,0
2020-12-04,Tulare,107,460477,24744,22273,2052,24325,322
2020-12-04,Tuolumne,109,53932,1391,1134,7,1141,7
2020-12-04,Ventura,111,848112,25188,22024,786,22810,189
2020-12-04,Yolo,113,214977,5958,5294,21,5315,87
2020-12-04,Yuba,115,75493,2586,2225,19,2244,10
2020-12-03,Alameda,001,1643700,35095,31184,449,31633,465
2020-12-03,Alpine,003,1148,57,53,0,53,0
2020-12-03,Amador,005,37829,1133,653,3,656,16
2020-12-03,Butte,007,227075,4881,4305,284,4589,65
2020-12-03,Calaveras,009,45235,633,572,0,572,21
2020-12-03,Colusa,011,21464,918,774,17,791,6
2020-12-03,Contra Costa,013,1133247,28055,25464,208,25672,265
2020-12-03,Del Norte,015,27424,465,388,0,388,2
2020-12-03,El Dorado,017,186661,3631,2740,53,2793,6
2020-12-03,Fresno,019,978130,47747,39680,1978,41658,516
2020-12-03,Glenn,021,27897,1145,997,75,1072,8
2020-12-03,Humboldt,023,135768,1138,923,4,927,9
2020-12-03,Imperial,025,180216,18027,16436,204,16640,359
2020-12-03,Inyo,027,18085,361,321,6,327,15
2020-12-03,Kern,029,883053,46443,42062,1986,44048,483
2020-12-03,Kings,031,150075,12936,11658,269,11927,87
2020-12-03,Lake,033,64148,1187,991,0,991,20
2020-12-03,Lassen,035,31185,2756,2128,9,2137,0
2020-12-03,Los Angeles,037,10098052,462313,415805,8203,424008,7787
2020-12-03,Madera,039,155013,7411,6398,208,6606,58
2020-12-03,Marin,041,260295,8182,7861,39,7900,136
2020-12-03,Mariposa,043,17540,166,132,2,134,2
2020-12-03,Mendocino,045,87422,1743,1547,10,1557,23
2020-12-03,Merced,047,269075,13518,12310,161,12471,177
2020-12-03,Modoc,049,8938,151,114,28,142,0
2020-12-03,Mono,051,14174,626,527,10,537,3
2020-12-03,Monterey,053,433212,18235,16218,359,16577,125
2020-12-03,Napa,055,140530,3926,3360,21,3381,19
2020-12-03,Nevada,057,99092,1876,1472,47,1519,10
2020-12-03,Orange,059,3164182,94356,82187,2927,85114,1591
2020-12-03,Placer,061,380077,9273,7270,213,7483,73
2020-12-03,Plumas,063,18699,284,223,0,223,0
2020-12-03,Riverside,065,2383286,110053,92489,2904,95393,1461
2020-12-03,Sacramento,067,1510023,44744,40280,187,40467,614
2020-12-03,San Benito,069,59416,2240,1967,15,1982,16
2020-12-03,San Bernardino,071,2135413,118973,100787,2396,103183,1283
2020-12-03,San Diego,073,3302833,97023,86144,3862,90006,1040
2020-12-03,San Francisco,075,870044,17474,16236,132,16368,161
2020-12-03,San Joaquin,077,732212,30845,27239,656,27895,522
2020-12-03,San Luis Obispo,079,281455,7321,6388,125,6513,42
2020-12-03,San Mateo,081,765935,16900,14909,18,14927,173
2020-12-03,Santa Barbara,083,443738,12822,11829,249,12078,141
2020-12-03,Santa Clara,085,1922200,43775,36621,117,36738,465
2020-12-03,Santa Cruz,087,273765,5666,4850,85,4935,28
2020-12-03,Shasta,089,179085,6381,5330,323,5653,48
2020-12-03,Sierra,091,2930,19,17,0,17,0
2020-12-03,Siskiyou,093,43540,769,629,53,682,2
2020-12-03,Solano,095,438530,12204,10857,96,10953,87
2020-12-03,Sonoma,097,501317,14030,12772,84,12856,164
2020-12-03,Stanislaus,099,539301,25131,22821,1741,24562,447
2020-12-03,Sutter,101,95872,4447,3727,14,3741,20
2020-12-03,Tehama,103,63373,2071,1832,95,1927,9
2020-12-03,Trinity,105,12862,322,166,39,205,0
2020-12-03,Tulare,107,460477,24345,21993,1959,23952,321
2020-12-03,Tuolumne,109,53932,1349,1105,7,1112,7
2020-12-03,Ventura,111,848112,24485,21555,773,22328,187
2020-12-03,Yolo,113,214977,5820,5069,21,5090,87
2020-12-03,Yuba,115,75493,2516,2182,18,2200,10
2020-12-02,Alameda,001,1643700,34469,30697,439,31136,463
2020-12-02,Alpine,003,1148,56,52,0,52,0
2020-12-02,Amador,005,37829,1061,585,3,588,16
2020-12-02,Butte,007,227075,4758,4243,274,4517,65
2020-12-02,Calaveras,009,45235,617,553,0,553,21
2020-12-02,Colusa,011,21464,902,756,16,772,6
2020-12-02,Contra Costa,013,1133247,27595,25147,196,25343,264
2020-12-02,Del Norte,015,27424,451,384,0,384,2
2020-12-02,El Dorado,017,186661,3529,2638,49,2687,5
2020-12-02,Fresno,019,978130,46991,39324,1877,41201,507
2020-12-02,Glenn,021,27897,1128,995,67,1062,7
2020-12-02,Humboldt,023,135768,1112,899,4,903,9
2020-12-02,Imperial,025,180216,17603,16360,196,16556,356
2020-12-02,Inyo,027,18085,354,314,6,320,15
2020-12-02,Kern,029,883053,45546,41660,1889,43549,479
2020-12-02,Kings,031,150075,12583,11531,255,11786,86
2020-12-02,Lake,033,64148,1157,971,0,971,20
2020-12-02,Lassen,035,31185,2697,2115,9,2124,0
2020-12-02,Los Angeles,037,10098052,452268,408289,7866,416155,7739
2020-12-02,Madera,039,155013,7287,6370,202,6572,57
2020-12-02,Marin,041,260295,8135,7819,37,7856,136
2020-12-02,Mariposa,043,17540,163,131,2,133,2
2020-12-02,Mendocino,045,87422,1710,1524,10,1534,23
2020-12-02,Merced,047,269075,13275,12168,154,12322,173
2020-12-02,Modoc,049,8938,148,113,28,141,0
2020-12-02,Mono,051,14174,617,520,10,530,3
2020-12-02,Monterey,053,433212,17755,16064,320,16384,121
2020-12-02,Napa,055,140530,3823,3298,20,3318,19
2020-12-02,Nevada,057,99092,1814,1430,46,1476,9
2020-12-02,Orange,059,3164182,92159,81046,2847,83893,1569
2020-12-02,Placer,061,380077,9041,6941,199,7140,73
2020-12-02,Plumas,063,18699,271,218,0,218,0
2020-12-02,Riverside,065,2383286,107333,90089,2723,92812,1451
2020-12-02,Sacramento,067,1510023,43704,39334,176,39510,597
2020-12-02,San Benito,069,59416,2175,1921,15,1936,16
2020-12-02,San Bernardino,071,2135413,115405,98567,2288,100855,1240
2020-12-02,San Diego,073,3302833,95107,84640,3747,88387,1035
2020-12-02,San Francisco,075,870044,17238,16058,130,16188,157
2020-12-02,San Joaquin,077,732212,30224,26740,632,27372,519
2020-12-02,San Luis Obispo,079,281455,7223,6324,123,6447,42
2020-12-02,San Mateo,081,765935,16537,14757,17,14774,170
2020-12-02,Santa Barbara,083,443738,12671,11705,237,11942,140
2020-12-02,Santa Clara,085,1922200,42661,35878,117,35995,458
2020-12-02,Santa Cruz,087,273765,5534,4766,82,4848,27
2020-12-02,Shasta,089,179085,6257,5188,306,5494,47
2020-12-02,Sierra,091,2930,19,17,0,17,0
2020-12-02,Siskiyou,093,43540,753,624,51,675,1
2020-12-02,Solano,095,438530,11958,10701,92,10793,87
2020-12-02,Sonoma,097,501317,13790,12635,83,12718,163
2020-12-02,Stanislaus,099,539301,24630,22615,1686,24301,448
2020-12-02,Sutter,101,95872,4286,3604,14,3618,18
2020-12-02,Tehama,103,63373,2027,1800,80,1880,9
2020-12-02,Trinity,105,12862,312,165,38,203,0
2020-12-02,Tulare,107,460477,23965,21789,1878,23667,321
2020-12-02,Tuolumne,109,53932,1308,1076,7,1083,7
2020-12-02,Ventura,111,848112,24074,21208,755,21963,186
2020-12-02,Yolo,113,214977,5709,5053,20,5073,87
2020-12-02,Yuba,115,75493,2439,2119,17,2136,10
2020-12-01,Alameda,001,1643700,33781,30252,429,30681,460
2020-12-01,Alpine,003,1148,56,41,0,41,0
2020-12-01,Amador,005,37829,914,575,2,577,16
2020-12-01,Butte,007,227075,4652,4177,260,4437,65
2020-12-01,Calaveras,009,45235,599,544,0,544,21
2020-12-01,Colusa,011,21464,885,747,16,763,6
2020-12-01,Contra Costa,013,1133247,27022,24788,188,24976,264
2020-12-01,Del Norte,015,27424,423,357,0,357,2
2020-12-01,El Dorado,017,186661,3384,2542,44,2586,4
2020-12-01,Fresno,019,978130,46089,39004,1799,40803,505
2020-12-01,Glenn,021,27897,1107,989,62,1051,7
2020-12-01,Humboldt,023,135768,1081,886,4,890,9
2020-12-01,Imperial,025,180216,17290,16278,192,16470,356
2020-12-01,Inyo,027,18085,347,304,6,310,15
2020-12-01,Kern,029,883053,44743,41345,1758,43103,478
2020-12-01,Kings,031,150075,12268,11415,241,11656,86
2020-12-01,Lake,033,64148,1139,969,0,969,19
2020-12-01,Lassen,035,31185,2531,2047,8,2055,0
2020-12-01,Los Angeles,037,10098052,441908,403266,7538,410804,7704
2020-12-01,Madera,039,155013,7170,6270,192,6462,57
2020-12-01,Marin,041,260295,8065,7787,36,7823,136
2020-12-01,Mariposa,043,17540,158,128,2,130,2
2020-12-01,Mendocino,045,87422,1676,1497,10,1507,23
2020-12-01,Merced,047,269075,13032,12032,145,12177,172
2020-12-01,Modoc,049,8938,143,113,24,137,0
2020-12-01,Mono,051,14174,604,520,10,530,3
2020-12-01,Monterey,053,433212,17248,15835,309,16144,121
2020-12-01,Napa,055,140530,3739,3124,19,3143,19
2020-12-01,Nevada,057,99092,1752,1411,45,1456,9
2020-12-01,Orange,059,3164182,90061,79468,2759,82227,1567
2020-12-01,Placer,061,380077,8717,6794,192,6986,72
2020-12-01,Plumas,063,18699,259,201,0,201,0
2020-12-01,Riverside,065,2383286,104525,88530,2561,91091,1448
2020-12-01,Sacramento,067,1510023,42656,38966,171,39137,589
2020-12-01,San Benito,069,59416,2120,1888,15,1903,15
2020-12-01,San Bernardino,071,2135413,111933,95854,2164,98018,1220
2020-12-01,San Diego,073,3302833,92850,83423,3637,87060,1019
2020-12-01,San Francisco,075,870044,16957,15797,126,15923,157
2020-12-01,San Joaquin,077,732212,29424,26432,610,27042,514
2020-12-01,San Luis Obispo,079,281455,7081,6264,118,6382,40
2020-12-01,San Mateo,081,765935,16212,14495,17,14512,170
2020-12-01,Santa Barbara,083,443738,12532,11611,227,11838,140
2020-12-01,Santa Clara,085,1922200,41404,35397,111,35508,452
2020-12-01,Santa Cruz,087,273765,5376,4638,74,4712,27
2020-12-01,Shasta,089,179085,6129,5077,286,5363,47
2020-12-01,Sierra,091,2930,19,17,0,17,0
2020-12-01,Siskiyou,093,43540,739,608,47,655,1
2020-12-01,Solano,095,438530,11698,10604,87,10691,87
2020-12-01,Sonoma,097,501317,13585,12491,80,12571,163
2020-12-01,Stanislaus,099,539301,24173,22351,1629,23980,447
2020-12-01,Sutter,101,95872,4145,3538,14,3552,17
2020-12-01,Tehama,103,63373,1964,1773,70,1843,9
2020-12-01,Trinity,105,12862,298,165,32,197,0
2020-12-01,Tulare,107,460477,23510,21645,1808,23453,319
2020-12-01,Tuolumne,109,53932,1272,1052,5,1057,7
2020-12-01,Ventura,111,848112,23461,20604,733,21337,186
2020-12-01,Yolo,113,214977,5568,4928,20,4948,86
2020-12-01,Yuba,115,75493,2373,2088,16,2104,10
2020-11-30,Alameda,001,1643700,32965,29972,411,30383,457
2020-11-30,Alpine,003,1148,54,41,0,41,0
2020-11-30,Amador,005,37829,873,559,2,561,16
2020-11-30,Butte,007,227075,4535,4148,244,4392,65
2020-11-30,Calaveras,009,45235,577,478,0,478,21
2020-11-30,Colusa,011,21464,858,737,12,749,6
2020-11-30,Contra Costa,013,1133247,26441,24365,184,24549,264
2020-11-30,Del Norte,015,27424,400,339,0,339,2
2020-11-30,El Dorado,017,186661,3210,2488,39,2527,4
2020-11-30,Fresno,019,978130,44978,38712,1685,40397,500
2020-11-30,Glenn,021,27897,1084,954,57,1011,5
2020-11-30,Humboldt,023,135768,1034,870,4,874,9
2020-11-30,Imperial,025,180216,17037,16212,171,16383,356
2020-11-30,Inyo,027,18085,342,304,5,309,15
2020-11-30,Kern,029,883053,43980,40941,1622,42563,473
2020-11-30,Kings,031,150075,12120,11346,226,11572,85
2020-11-30,Lake,033,64148,1108,939,0,939,18
2020-11-30,Lassen,035,31185,2438,1793,8,1801,0
2020-11-30,Los Angeles,037,10098052,431248,396202,7206,403408,7658
2020-11-30,Madera,039,155013,7004,6210,178,6388,57
2020-11-30,Marin,041,260295,8022,7764,35,7799,136
2020-11-30,Mariposa,043,17540,151,123,2,125,2
2020-11-30,Mendocino,045,87422,1648,1482,10,1492,23
2020-11-30,Merced,047,269075,12757,11913,134,12047,172
2020-11-30,Modoc,049,8938,133,113,24,137,0
2020-11-30,Mono,051,14174,582,519,10,529,3
2020-11-30,Monterey,053,433212,16817,15837,301,16138,119
2020-11-30,Napa,055,140530,3639,3091,19,3110,18
2020-11-30,Nevada,057,99092,1666,1347,42,1389,9
2020-11-30,Orange,059,3164182,87949,78711,2663,81374,1568
2020-11-30,Placer,061,380077,8422,6575,179,6754,72
2020-11-30,Plumas,063,18699,248,192,0,192,0
2020-11-30,Riverside,065,2383286,101531,87722,2414,90136,1446
2020-11-30,Sacramento,067,1510023,41576,37834,162,37996,586
2020-11-30,San Benito,069,59416,2073,1875,14,1889,15
2020-11-30,San Bernardino,071,2135413,108205,92704,2052,94756,1220
2020-11-30,San Diego,073,3302833,90487,82045,3510,85555,997
2020-11-30,San Francisco,075,870044,16657,15638,123,15761,157
2020-11-30,San Joaquin,077,732212,28718,25742,584,26326,509
2020-11-30,San Luis Obispo,079,281455,6946,6224,116,6340,36
2020-11-30,San Mateo,081,765935,15852,14276,17,14293,170
2020-11-30,Santa Barbara,083,443738,12354,11572,219,11791,140
2020-11-30,Santa Clara,085,1922200,40196,35019,110,35129,451
2020-11-30,Santa Cruz,087,273765,5238,4558,70,4628,26
2020-11-30,Shasta,089,179085,5985,4933,257,5190,44
2020-11-30,Sierra,091,2930,19,16,0,16,0
2020-11-30,Siskiyou,093,43540,730,605,43,648,1
2020-11-30,Solano,095,438530,11436,10392,82,10474,87
2020-11-30,Sonoma,097,501317,13340,12232,76,12308,163
2020-11-30,Stanislaus,099,539301,23711,22110,1585,23695,446
2020-11-30,Sutter,101,95872,3988,3430,13,3443,16
2020-11-30,Tehama,103,63373,1916,1724,64,1788,9
2020-11-30,Trinity,105,12862,292,162,32,194,0
2020-11-30,Tulare,107,460477,23123,20833,1713,22546,319
2020-11-30,Tuolumne,109,53932,1228,1027,5,1032,7
2020-11-30,Ventura,111,848112,22705,20308,717,21025,180
2020-11-30,Yolo,113,214977,5456,4894,20,4914,81
2020-11-30,Yuba,115,75493,2312,2028,14,2042,10
2020-11-29,Alameda,001,1643700,32180,29918,389,30307,457
2020-11-29,Alpine,003,1148,51,41,0,41,0
2020-11-29,Amador,005,37829,722,548,2,550,16
2020-11-29,Butte,007,227075,4433,4008,227,4235,65
2020-11-29,Calaveras,009,45235,545,478,0,478,21
2020-11-29,Colusa,011,21464,829,723,8,731,6
2020-11-29,Contra Costa,013,1133247,25938,24165,178,24343,264
2020-11-29,Del Norte,015,27424,394,339,0,339,2
2020-11-29,El Dorado,017,186661,3079,2447,38,2485,4
2020-11-29,Fresno,019,978130,44025,38568,1613,40181,500
2020-11-29,Glenn,021,27897,1061,951,55,1006,4
2020-11-29,Humboldt,023,135768,1005,856,4,860,9
2020-11-29,Imperial,025,180216,16808,16138,143,16281,356
2020-11-29,Inyo,027,18085,327,289,5,294,15
2020-11-29,Kern,029,883053,43217,40596,1474,42070,473
2020-11-29,Kings,031,150075,11970,11247,208,11455,85
2020-11-29,Lake,033,64148,1084,927,0,927,18
2020-11-29,Lassen,035,31185,2335,1793,8,1801,0
2020-11-29,Los Angeles,037,10098052,420857,391162,6907,398069,7642
2020-11-29,Madera,039,155013,6861,6184,172,6356,57
2020-11-29,Marin,041,260295,7956,7739,33,7772,135
2020-11-29,Mariposa,043,17540,147,123,2,125,2
2020-11-29,Mendocino,045,87422,1614,1473,10,1483,23
2020-11-29,Merced,047,269075,12518,11773,125,11898,172
2020-11-29,Modoc,049,8938,129,105,22,127,0
2020-11-29,Mono,051,14174,559,515,9,524,3
2020-11-29,Monterey,053,433212,16505,15621,294,15915,119
2020-11-29,Napa,055,140530,3534,3090,18,3108,18
2020-11-29,Nevada,057,99092,1585,1311,40,1351,9
2020-11-29,Orange,059,3164182,85929,78057,2616,80673,1567
2020-11-29,Placer,061,380077,8124,6535,167,6702,72
2020-11-29,Plumas,063,18699,243,191,0,191,0
2020-11-29,Riverside,065,2383286,99138,87383,2261,89644,1442
2020-11-29,Sacramento,067,1510023,40497,37415,153,37568,585
2020-11-29,San Benito,069,59416,2029,1860,14,1874,15
2020-11-29,San Bernardino,071,2135413,104856,92052,1936,93988,1223
2020-11-29,San Diego,073,3302833,88076,81086,3357,84443,997
2020-11-29,San Francisco,075,870044,16376,15571,116,15687,153
2020-11-29,San Joaquin,077,732212,27976,25740,578,26318,509
2020-11-29,San Luis Obispo,079,281455,6824,6145,116,6261,36
2020-11-29,San Mateo,081,765935,15519,14177,17,14194,169
2020-11-29,Santa Barbara,083,443738,12199,11520,215,11735,140
2020-11-29,Santa Clara,085,1922200,38990,34234,104,34338,451
2020-11-29,Santa Cruz,087,273765,5079,4490,68,4558,26
2020-11-29,Shasta,089,179085,5810,4935,229,5164,43
2020-11-29,Sierra,091,2930,19,16,0,16,0
2020-11-29,Siskiyou,093,43540,707,590,41,631,1
2020-11-29,Solano,095,438530,11204,10393,78,10471,87
2020-11-29,Sonoma,097,501317,13088,12052,72,12124,163
2020-11-29,Stanislaus,099,539301,23215,21701,1551,23252,446
2020-11-29,Sutter,101,95872,3870,3297,13,3310,16
2020-11-29,Tehama,103,63373,1866,1710,48,1758,9
2020-11-29,Trinity,105,12862,289,159,30,189,0
2020-11-29,Tulare,107,460477,22754,20793,1637,22430,319
2020-11-29,Tuolumne,109,53932,1191,988,5,993,7
2020-11-29,Ventura,111,848112,22020,19952,704,20656,179
2020-11-29,Yolo,113,214977,5318,4830,19,4849,80
2020-11-29,Yuba,115,75493,2256,1959,14,1973,10
2020-11-28,Alameda,001,1643700,31870,29368,384,29752,456
2020-11-28,Alpine,003,1148,51,41,0,41,0
2020-11-28,Amador,005,37829,645,536,2,538,16
2020-11-28,Butte,007,227075,4375,3894,223,4117,65
2020-11-28,Calaveras,009,45235,541,478,0,478,21
2020-11-28,Colusa,011,21464,820,711,6,717,6
2020-11-28,Contra Costa,013,1133247,25605,23798,174,23972,264
2020-11-28,Del Norte,015,27424,384,328,0,328,2
2020-11-28,El Dorado,017,186661,3011,2415,32,2447,4
2020-11-28,Fresno,019,978130,43677,38288,1574,39862,500
2020-11-28,Glenn,021,27897,1050,925,51,976,4
2020-11-28,Humboldt,023,135768,970,844,4,848,9
2020-11-28,Imperial,025,180216,16743,16019,141,16160,356
2020-11-28,Inyo,027,18085,319,289,5,294,15
2020-11-28,Kern,029,883053,42854,40255,1386,41641,473
2020-11-28,Kings,031,150075,11905,11070,201,11271,85
2020-11-28,Lake,033,64148,1069,920,0,920,18
2020-11-28,Lassen,035,31185,2268,1714,8,1722,0
2020-11-28,Los Angeles,037,10098052,415941,386194,6751,392945,7625
2020-11-28,Madera,039,155013,6759,6119,165,6284,57
2020-11-28,Marin,041,260295,7926,7696,29,7725,135
2020-11-28,Mariposa,043,17540,144,120,2,122,2
2020-11-28,Mendocino,045,87422,1583,1458,10,1468,22
2020-11-28,Merced,047,269075,12420,11688,119,11807,172
2020-11-28,Modoc,049,8938,126,103,22,125,0
2020-11-28,Mono,051,14174,553,505,9,514,3
2020-11-28,Monterey,053,433212,16339,15328,290,15618,118
2020-11-28,Napa,055,140530,3482,3033,18,3051,18
2020-11-28,Nevada,057,99092,1557,1272,38,1310,9
2020-11-28,Orange,059,3164182,84832,76882,2569,79451,1568
2020-11-28,Placer,061,380077,7963,6497,164,6661,70
2020-11-28,Plumas,063,18699,236,188,0,188,0
2020-11-28,Riverside,065,2383286,97728,86854,2159,89013,1440
2020-11-28,Sacramento,067,1510023,39918,36905,149,37054,580
2020-11-28,San Benito,069,59416,1982,1835,14,1849,15
2020-11-28,San Bernardino,071,2135413,103457,91183,1838,93021,1224
2020-11-28,San Diego,073,3302833,86822,80020,3273,83293,997
2020-11-28,San Francisco,075,870044,16200,15450,108,15558,153
2020-11-28,San Joaquin,077,732212,27777,25742,563,26305,509
2020-11-28,San Luis Obispo,079,281455,6754,6106,112,6218,36
2020-11-28,San Mateo,081,765935,15328,14040,17,14057,169
2020-11-28,Santa Barbara,083,443738,12097,11481,210,11691,140
2020-11-28,Santa Clara,085,1922200,38246,33701,102,33803,449
2020-11-28,Santa Cruz,087,273765,5002,4426,68,4494,26
2020-11-28,Shasta,089,179085,5732,4882,222,5104,43
2020-11-28,Sierra,091,2930,19,16,0,16,0
2020-11-28,Siskiyou,093,43540,697,558,38,596,1
2020-11-28,Solano,095,438530,11085,10252,76,10328,87
2020-11-28,Sonoma,097,501317,12985,12008,63,12071,162
2020-11-28,Stanislaus,099,539301,22976,21574,1516,23090,446
2020-11-28,Sutter,101,95872,3786,3244,13,3257,15
2020-11-28,Tehama,103,63373,1850,1678,44,1722,9
2020-11-28,Trinity,105,12862,286,157,28,185,0
2020-11-28,Tulare,107,460477,22558,20701,1595,22296,319
2020-11-28,Tuolumne,109,53932,1169,976,5,981,7
2020-11-28,Ventura,111,848112,21722,19510,694,20204,179
2020-11-28,Yolo,113,214977,5244,4739,17,4756,80
2020-11-28,Yuba,115,75493,2203,1912,14,1926,10
2020-11-27,Alameda,001,1643700,31431,29064,373,29437,450
2020-11-27,Alpine,003,1148,51,41,0,41,0
2020-11-27,Amador,005,37829,598,498,1,499,16
2020-11-27,Butte,007,227075,4334,3894,217,4111,65
2020-11-27,Calaveras,009,45235,532,478,0,478,21
2020-11-27,Colusa,011,21464,803,694,4,698,6
2020-11-27,Contra Costa,013,1133247,25345,23463,168,23631,264
2020-11-27,Del Norte,015,27424,378,307,0,307,2
2020-11-27,El Dorado,017,186661,2940,2238,29,2267,4
2020-11-27,Fresno,019,978130,43271,37994,1516,39510,500
2020-11-27,Glenn,021,27897,1037,891,46,937,4
2020-11-27,Humboldt,023,135768,951,795,3,798,9
2020-11-27,Imperial,025,180216,16675,15960,132,16092,356
2020-11-27,Inyo,027,18085,313,289,5,294,15
2020-11-27,Kern,029,883053,42430,39707,1316,41023,473
2020-11-27,Kings,031,150075,11819,10667,183,10850,85
2020-11-27,Lake,033,64148,1033,909,0,909,18
2020-11-27,Lassen,035,31185,2256,1714,8,1722,0
2020-11-27,Los Angeles,037,10098052,409434,382740,6595,389335,7606
2020-11-27,Madera,039,155013,6687,6050,159,6209,57
2020-11-27,Marin,041,260295,7883,7660,29,7689,135
2020-11-27,Mariposa,043,17540,142,118,2,120,2
2020-11-27,Mendocino,045,87422,1569,1387,9,1396,22
2020-11-27,Merced,047,269075,12314,11550,112,11662,172
2020-11-27,Modoc,049,8938,125,100,22,122,0
2020-11-27,Mono,051,14174,549,498,9,507,3
2020-11-27,Monterey,053,433212,16171,14753,290,15043,113
2020-11-27,Napa,055,140530,3442,2988,18,3006,18
2020-11-27,Nevada,057,99092,1527,1184,36,1220,9
2020-11-27,Orange,059,3164182,83542,75151,2530,77681,1568
2020-11-27,Placer,061,380077,7802,6283,154,6437,68
2020-11-27,Plumas,063,18699,233,188,0,188,0
2020-11-27,Riverside,065,2383286,96117,85769,2006,87775,1440
2020-11-27,Sacramento,067,1510023,39296,36579,144,36723,579
2020-11-27,San Benito,069,59416,1948,1805,13,1818,15
2020-11-27,San Bernardino,071,2135413,101946,90254,1757,92011,1224
2020-11-27,San Diego,073,3302833,85628,78161,3184,81345,996
2020-11-27,San Francisco,075,870044,16045,15377,106,15483,153
2020-11-27,San Joaquin,077,732212,27556,25741,543,26284,509
2020-11-27,San Luis Obispo,079,281455,6671,6039,109,6148,36
2020-11-27,San Mateo,081,765935,15125,13872,16,13888,169
2020-11-27,Santa Barbara,083,443738,12004,11340,207,11547,140
2020-11-27,Santa Clara,085,1922200,37571,32935,95,33030,449
2020-11-27,Santa Cruz,087,273765,4931,4358,66,4424,26
2020-11-27,Shasta,089,179085,5655,4710,209,4919,43
2020-11-27,Sierra,091,2930,18,16,0,16,0
2020-11-27,Siskiyou,093,43540,682,554,35,589,1
2020-11-27,Solano,095,438530,10966,10044,73,10117,87
2020-11-27,Sonoma,097,501317,12853,11924,61,11985,162
2020-11-27,Stanislaus,099,539301,22748,21185,1486,22671,446
2020-11-27,Sutter,101,95872,3719,3101,13,3114,15
2020-11-27,Tehama,103,63373,1822,1649,40,1689,9
2020-11-27,Trinity,105,12862,282,151,28,179,0
2020-11-27,Tulare,107,460477,22370,20634,1538,22172,319
2020-11-27,Tuolumne,109,53932,1137,881,5,886,7
2020-11-27,Ventura,111,848112,21398,19379,672,20051,179
2020-11-27,Yolo,113,214977,5195,4737,17,4754,79
2020-11-27,Yuba,115,75493,2174,1864,13,1877,10
2020-11-26,Alameda,001,1643700,31020,28797,354,29151,447
2020-11-26,Alpine,003,1148,51,41,0,41,0
2020-11-26,Amador,005,37829,590,488,1,489,16
2020-11-26,Butte,007,227075,4271,3894,211,4105,65
2020-11-26,Calaveras,009,45235,504,478,0,478,21
2020-11-26,Colusa,011,21464,789,694,4,698,6
2020-11-26,Contra Costa,013,1133247,25011,23468,162,23630,264
2020-11-26,Del Norte,015,27424,367,307,0,307,2
2020-11-26,El Dorado,017,186661,2859,2217,27,2244,4
2020-11-26,Fresno,019,978130,42865,37724,1471,39195,500
2020-11-26,Glenn,021,27897,1021,892,44,936,4
2020-11-26,Humboldt,023,135768,929,795,2,797,9
2020-11-26,Imperial,025,180216,16566,15722,128,15850,355
2020-11-26,Inyo,027,18085,312,289,5,294,15
2020-11-26,Kern,029,883053,41980,39123,1254,40377,471
2020-11-26,Kings,031,150075,11764,10475,171,10646,85
2020-11-26,Lake,033,64148,1020,890,0,890,18
2020-11-26,Lassen,035,31185,2241,1714,8,1722,0
2020-11-26,Los Angeles,037,10098052,404285,378340,6358,384698,7581
2020-11-26,Madera,039,155013,6612,6003,153,6156,57
2020-11-26,Marin,041,260295,7846,7610,29,7639,135
2020-11-26,Mariposa,043,17540,137,116,2,118,2
2020-11-26,Mendocino,045,87422,1555,1387,7,1394,22
2020-11-26,Merced,047,269075,12166,11440,110,11550,172
2020-11-26,Modoc,049,8938,123,100,22,122,0
2020-11-26,Mono,051,14174,541,485,9,494,2
2020-11-26,Monterey,053,433212,15934,14750,282,15032,113
2020-11-26,Napa,055,140530,3378,2988,18,3006,18
2020-11-26,Nevada,057,99092,1481,1184,36,1220,9
2020-11-26,Orange,059,3164182,82154,74264,2468,76732,1563
2020-11-26,Placer,061,380077,7640,6278,145,6423,68
2020-11-26,Plumas,063,18699,225,188,0,188,0
2020-11-26,Riverside,065,2383286,94513,85774,1882,87656,1440
2020-11-26,Sacramento,067,1510023,38654,35854,136,35990,580
2020-11-26,San Benito,069,59416,1921,1769,13,1782,15
2020-11-26,San Bernardino,071,2135413,100296,89727,1665,91392,1223
2020-11-26,San Diego,073,3302833,84018,76359,3080,79439,996
2020-11-26,San Francisco,075,870044,15908,15156,103,15259,153
2020-11-26,San Joaquin,077,732212,27300,25738,531,26269,509
2020-11-26,San Luis Obispo,079,281455,6578,5964,106,6070,36
2020-11-26,San Mateo,081,765935,14936,13715,15,13730,169
2020-11-26,Santa Barbara,083,443738,11923,11277,206,11483,139
2020-11-26,Santa Clara,085,1922200,36929,32411,87,32498,446
2020-11-26,Santa Cruz,087,273765,4800,4269,60,4329,26
2020-11-26,Shasta,089,179085,5573,4712,198,4910,43
2020-11-26,Sierra,091,2930,18,15,0,15,0
2020-11-26,Siskiyou,093,43540,672,526,34,560,1
2020-11-26,Solano,095,438530,10823,9941,71,10012,87
2020-11-26,Sonoma,097,501317,12705,11922,59,11981,162
2020-11-26,Stanislaus,099,539301,22516,21186,1445,22631,445
2020-11-26,Sutter,101,95872,3625,3101,12,3113,15
2020-11-26,Tehama,103,63373,1780,1612,37,1649,9
2020-11-26,Trinity,105,12862,278,139,28,167,0
2020-11-26,Tulare,107,460477,22131,20649,1474,22123,319
2020-11-26,Tuolumne,109,53932,1109,871,5,876,7
2020-11-26,Ventura,111,848112,20902,19058,658,19716,179
2020-11-26,Yolo,113,214977,5107,4566,17,4583,76
2020-11-26,Yuba,115,75493,2114,1865,11,1876,10
2020-11-25,Alameda,001,1643700,30805,28378,346,28724,447
2020-11-25,Alpine,003,1148,51,41,0,41,0
2020-11-25,Amador,005,37829,580,484,1,485,16
2020-11-25,Butte,007,227075,4240,3848,208,4056,64
2020-11-25,Calaveras,009,45235,501,475,0,475,21
2020-11-25,Colusa,011,21464,772,693,4,697,6
2020-11-25,Contra Costa,013,1133247,24856,23307,161,23468,263
2020-11-25,Del Norte,015,27424,366,304,0,304,2
2020-11-25,El Dorado,017,186661,2823,2154,27,2181,4
2020-11-25,Fresno,019,978130,42632,37349,1449,38798,494
2020-11-25,Glenn,021,27897,1004,891,42,933,4
2020-11-25,Humboldt,023,135768,921,777,2,779,9
2020-11-25,Imperial,025,180216,16496,15640,126,15766,355
2020-11-25,Inyo,027,18085,310,289,5,294,15
2020-11-25,Kern,029,883053,41824,38878,1235,40113,467
2020-11-25,Kings,031,150075,11729,10417,167,10584,85
2020-11-25,Lake,033,64148,1003,878,0,878,18
2020-11-25,Lassen,035,31185,2198,1701,8,1709,0
2020-11-25,Los Angeles,037,10098052,401258,373919,6254,380173,7545
2020-11-25,Madera,039,155013,6590,5989,150,6139,57
2020-11-25,Marin,041,260295,7819,7601,28,7629,135
2020-11-25,Mariposa,043,17540,136,114,2,116,2
2020-11-25,Mendocino,045,87422,1536,1373,7,1380,22
2020-11-25,Merced,047,269075,12108,11346,110,11456,172
2020-11-25,Modoc,049,8938,123,96,22,118,0
2020-11-25,Mono,051,14174,536,487,9,496,2
2020-11-25,Monterey,053,433212,15817,14695,280,14975,113
2020-11-25,Napa,055,140530,3345,2945,18,2963,17
2020-11-25,Nevada,057,99092,1463,1170,34,1204,9
2020-11-25,Orange,059,3164182,81400,73014,2448,75462,1551
2020-11-25,Placer,061,380077,7564,6221,144,6365,68
2020-11-25,Plumas,063,18699,220,183,0,183,0
2020-11-25,Riverside,065,2383286,93969,85077,1864,86941,1438
2020-11-25,Sacramento,067,1510023,38318,35687,133,35820,574
2020-11-25,San Benito,069,59416,1898,1764,13,1777,15
2020-11-25,San Bernardino,071,2135413,99456,88469,1637,90106,1225
2020-11-25,San Diego,073,3302833,83361,75307,3044,78351,988
2020-11-25,San Francisco,075,870044,15803,15053,101,15154,153
2020-11-25,San Joaquin,077,732212,27173,25556,519,26075,515
2020-11-25,San Luis Obispo,079,281455,6535,5913,105,6018,34
2020-11-25,San Mateo,081,765935,14821,13614,15,13629,170
2020-11-25,Santa Barbara,083,443738,11873,11183,206,11389,138
2020-11-25,Santa Clara,085,1922200,36482,32032,86,32118,442
2020-11-25,Santa Cruz,087,273765,4748,4202,59,4261,25
2020-11-25,Shasta,089,179085,5527,4588,191,4779,43
2020-11-25,Sierra,091,2930,18,15,0,15,0
2020-11-25,Siskiyou,093,43540,665,499,34,533,1
2020-11-25,Solano,095,438530,10718,9832,70,9902,87
2020-11-25,Sonoma,097,501317,12642,11775,58,11833,162
2020-11-25,Stanislaus,099,539301,22385,21022,1418,22440,445
2020-11-25,Sutter,101,95872,3581,3064,12,3076,14
2020-11-25,Tehama,103,63373,1768,1587,32,1619,9
2020-11-25,Trinity,105,12862,276,135,28,163,0
2020-11-25,Tulare,107,460477,22041,20528,1443,21971,318
2020-11-25,Tuolumne,109,53932,1092,842,5,847,7
2020-11-25,Ventura,111,848112,20807,18914,652,19566,179
2020-11-25,Yolo,113,214977,5071,4527,17,4544,76
2020-11-25,Yuba,115,75493,2088,1840,11,1851,10
2020-11-24,Alameda,001,1643700,30327,28030,335,28365,444
2020-11-24,Alpine,003,1148,51,41,0,41,0
2020-11-24,Amador,005,37829,555,470,1,471,16
2020-11-24,Butte,007,227075,4155,3798,200,3998,63
2020-11-24,Calaveras,009,45235,494,466,0,466,21
2020-11-24,Colusa,011,21464,754,682,4,686,6
2020-11-24,Contra Costa,013,1133247,24503,23072,155,23227,259
2020-11-24,Del Norte,015,27424,357,298,0,298,2
2020-11-24,El Dorado,017,186661,2718,2005,26,2031,4
2020-11-24,Fresno,019,978130,42229,37021,1372,38393,493
2020-11-24,Glenn,021,27897,986,883,38,921,4
2020-11-24,Humboldt,023,135768,902,774,2,776,9
2020-11-24,Imperial,025,180216,16393,15600,120,15720,355
2020-11-24,Inyo,027,18085,309,282,5,287,15
2020-11-24,Kern,029,883053,41350,38551,1157,39708,465
2020-11-24,Kings,031,150075,11462,10338,154,10492,85
2020-11-24,Lake,033,64148,987,872,0,872,18
2020-11-24,Lassen,035,31185,2175,1657,8,1665,0
2020-11-24,Los Angeles,037,10098052,394949,370008,6017,376025,7501
2020-11-24,Madera,039,155013,6505,5881,144,6025,57
2020-11-24,Marin,041,260295,7772,7591,28,7619,135
2020-11-24,Mariposa,043,17540,126,114,1,115,2
2020-11-24,Mendocino,045,87422,1514,1346,6,1352,22
2020-11-24,Merced,047,269075,11919,11268,105,11373,171
2020-11-24,Modoc,049,8938,119,91,22,113,0
2020-11-24,Mono,051,14174,532,483,9,492,2
2020-11-24,Monterey,053,433212,15556,14354,268,14622,113
2020-11-24,Napa,055,140530,3279,2904,18,2922,17
2020-11-24,Nevada,057,99092,1399,1156,32,1188,9
2020-11-24,Orange,059,3164182,79956,71975,2367,74342,1547
2020-11-24,Placer,061,380077,7383,6147,137,6284,67
2020-11-24,Plumas,063,18699,217,180,0,180,0
2020-11-24,Riverside,065,2383286,92210,83685,1735,85420,1420
2020-11-24,Sacramento,067,1510023,37638,35097,126,35223,568
2020-11-24,San Benito,069,59416,1866,1740,12,1752,15
2020-11-24,San Bernardino,071,2135413,97120,86645,1536,88181,1226
2020-11-24,San Diego,073,3302833,81951,74363,2973,77336,984
2020-11-24,San Francisco,075,870044,15608,14874,97,14971,153
2020-11-24,San Joaquin,077,732212,26857,25318,491,25809,517
2020-11-24,San Luis Obispo,079,281455,6472,5805,104,5909,34
2020-11-24,San Mateo,081,765935,14612,13558,14,13572,170
2020-11-24,Santa Barbara,083,443738,11767,11154,204,11358,138
2020-11-24,Santa Clara,085,1922200,35692,31564,82,31646,438
2020-11-24,Santa Cruz,087,273765,4635,4132,58,4190,25
2020-11-24,Shasta,089,179085,5427,4410,172,4582,43
2020-11-24,Sierra,091,2930,18,15,0,15,0
2020-11-24,Siskiyou,093,43540,647,473,31,504,1
2020-11-24,Solano,095,438530,10547,9716,69,9785,86
2020-11-24,Sonoma,097,501317,12462,11644,55,11699,162
2020-11-24,Stanislaus,099,539301,22143,20830,1375,22205,438
2020-11-24,Sutter,101,95872,3475,2974,12,2986,14
2020-11-24,Tehama,103,63373,1718,1565,27,1592,9
2020-11-24,Trinity,105,12862,269,129,27,156,0
2020-11-24,Tulare,107,460477,21792,20319,1378,21697,315
2020-11-24,Tuolumne,109,53932,1063,832,5,837,7
2020-11-24,Ventura,111,848112,20425,18637,642,19279,179
2020-11-24,Yolo,113,214977,4987,4420,17,4437,76
2020-11-24,Yuba,115,75493,2037,1804,9,1813,10
2020-11-23,Alameda,001,1643700,29913,27718,323,28041,444
2020-11-23,Alpine,003,1148,49,41,0,41,0
2020-11-23,Amador,005,37829,514,457,1,458,16
2020-11-23,Butte,007,227075,4091,3765,194,3959,61
2020-11-23,Calaveras,009,45235,477,434,0,434,21
2020-11-23,Colusa,011,21464,740,662,4,666,6
2020-11-23,Contra Costa,013,1133247,24231,22674,150,22824,260
2020-11-23,Del Norte,015,27424,335,296,0,296,2
2020-11-23,El Dorado,017,186661,2598,2005,25,2030,4
2020-11-23,Fresno,019,978130,41780,36688,1309,37997,488
2020-11-23,Glenn,021,27897,960,853,38,891,4
2020-11-23,Humboldt,023,135768,889,746,2,748,9
2020-11-23,Imperial,025,180216,16222,15104,114,15218,355
2020-11-23,Inyo,027,18085,301,279,5,284,15
2020-11-23,Kern,029,883053,40837,38245,1094,39339,463
2020-11-23,Kings,031,150075,11042,10204,147,10351,85
2020-11-23,Lake,033,64148,964,840,0,840,18
2020-11-23,Lassen,035,31185,2095,1271,7,1278,0
2020-11-23,Los Angeles,037,10098052,388858,366374,5768,372142,7447
2020-11-23,Madera,039,155013,6379,5787,140,5927,56
2020-11-23,Marin,041,260295,7730,7543,28,7571,135
2020-11-23,Mariposa,043,17540,125,97,1,98,2
2020-11-23,Mendocino,045,87422,1484,1330,6,1336,22
2020-11-23,Merced,047,269075,11731,11148,102,11250,169
2020-11-23,Modoc,049,8938,105,91,21,112,0
2020-11-23,Mono,051,14174,519,480,9,489,2
2020-11-23,Monterey,053,433212,15277,14265,262,14527,112
2020-11-23,Napa,055,140530,3213,2811,17,2828,17
2020-11-23,Nevada,057,99092,1310,1087,32,1119,9
2020-11-23,Orange,059,3164182,78554,71074,2321,73395,1546
2020-11-23,Placer,061,380077,7181,5999,136,6135,66
2020-11-23,Plumas,063,18699,213,172,0,172,0
2020-11-23,Riverside,065,2383286,90431,82175,1670,83845,1415
2020-11-23,Sacramento,067,1510023,37069,34141,119,34260,556
2020-11-23,San Benito,069,59416,1838,1729,11,1740,15
2020-11-23,San Bernardino,071,2135413,95013,84387,1473,85860,1224
2020-11-23,San Diego,073,3302833,80489,72817,2885,75702,968
2020-11-23,San Francisco,075,870044,15450,14646,95,14741,153
2020-11-23,San Joaquin,077,732212,26508,24622,487,25109,517
2020-11-23,San Luis Obispo,079,281455,6390,5772,102,5874,34
2020-11-23,San Mateo,081,765935,14420,13364,14,13378,170
2020-11-23,Santa Barbara,083,443738,11660,10944,200,11144,137
2020-11-23,Santa Clara,085,1922200,35042,31064,79,31143,435
2020-11-23,Santa Cruz,087,273765,4524,4003,54,4057,25
2020-11-23,Shasta,089,179085,5309,4100,160,4260,43
2020-11-23,Sierra,091,2930,17,15,0,15,0
2020-11-23,Siskiyou,093,43540,620,460,30,490,0
2020-11-23,Solano,095,438530,10390,9394,66,9460,86
2020-11-23,Sonoma,097,501317,12289,11507,51,11558,160
2020-11-23,Stanislaus,099,539301,21850,20487,1342,21829,436
2020-11-23,Sutter,101,95872,3338,2840,11,2851,14
2020-11-23,Tehama,103,63373,1670,1526,24,1550,9
2020-11-23,Trinity,105,12862,260,120,25,145,0
2020-11-23,Tulare,107,460477,21497,19818,1312,21130,315
2020-11-23,Tuolumne,109,53932,1023,774,5,779,7
2020-11-23,Ventura,111,848112,20049,18480,629,19109,179
2020-11-23,Yolo,113,214977,4907,4265,16,4281,75
2020-11-23,Yuba,115,75493,1970,1702,9,1711,10
2020-11-22,Alameda,001,1643700,29478,27472,312,27784,444
2020-11-22,Alpine,003,1148,46,41,0,41,0
2020-11-22,Amador,005,37829,502,450,1,451,16
2020-11-22,Butte,007,227075,4040,3712,187,3899,61
2020-11-22,Calaveras,009,45235,465,434,0,434,21
2020-11-22,Colusa,011,21464,722,642,3,645,6
2020-11-22,Contra Costa,013,1133247,23926,22407,145,22552,260
2020-11-22,Del Norte,015,27424,311,271,0,271,2
2020-11-22,El Dorado,017,186661,2488,1917,22,1939,4
2020-11-22,Fresno,019,978130,41298,36315,1254,37569,488
2020-11-22,Glenn,021,27897,938,832,34,866,4
2020-11-22,Humboldt,023,135768,873,729,2,731,9
2020-11-22,Imperial,025,180216,16017,15109,69,15178,355
2020-11-22,Inyo,027,18085,295,279,5,284,15
2020-11-22,Kern,029,883053,40258,37904,1060,38964,463
2020-11-22,Kings,031,150075,10941,10035,138,10173,85
2020-11-22,Lake,033,64148,942,834,0,834,18
2020-11-22,Lassen,035,31185,1930,1211,6,1217,0
2020-11-22,Los Angeles,037,10098052,382579,360341,5517,365858,7438
2020-11-22,Madera,039,155013,6299,5745,129,5874,56
2020-11-22,Marin,041,260295,7695,7506,27,7533,135
2020-11-22,Mariposa,043,17540,124,95,1,96,2
2020-11-22,Mendocino,045,87422,1460,1285,5,1290,22
2020-11-22,Merced,047,269075,11582,10939,102,11041,169
2020-11-22,Modoc,049,8938,104,87,19,106,0
2020-11-22,Mono,051,14174,504,481,9,490,2
2020-11-22,Monterey,053,433212,15035,13887,256,14143,111
2020-11-22,Napa,055,140530,3132,2778,17,2795,17
2020-11-22,Nevada,057,99092,1252,1052,32,1084,9
2020-11-22,Orange,059,3164182,77141,69913,2282,72195,1546
2020-11-22,Placer,061,380077,6954,5880,126,6006,66
2020-11-22,Plumas,063,18699,200,172,0,172,0
2020-11-22,Riverside,065,2383286,88836,81565,1609,83174,1409
2020-11-22,Sacramento,067,1510023,36337,33421,106,33527,555
2020-11-22,San Benito,069,59416,1809,1704,11,1715,15
2020-11-22,San Bernardino,071,2135413,92669,83505,1403,84908,1224
2020-11-22,San Diego,073,3302833,78752,71649,2810,74459,968
2020-11-22,San Francisco,075,870044,15279,14515,94,14609,153
2020-11-22,San Joaquin,077,732212,26209,24619,475,25094,517
2020-11-22,San Luis Obispo,079,281455,6281,5664,101,5765,34
2020-11-22,San Mateo,081,765935,14215,13228,14,13242,170
2020-11-22,Santa Barbara,083,443738,11525,10946,195,11141,137
2020-11-22,Santa Clara,085,1922200,34364,30633,77,30710,434
2020-11-22,Santa Cruz,087,273765,4442,3896,47,3943,25
2020-11-22,Shasta,089,179085,5151,4100,142,4242,43
2020-11-22,Sierra,091,2930,17,13,0,13,0
2020-11-22,Siskiyou,093,43540,588,411,30,441,0
2020-11-22,Solano,095,438530,10219,9363,62,9425,86
2020-11-22,Sonoma,097,501317,12131,11415,49,11464,159
2020-11-22,Stanislaus,099,539301,21523,20223,1312,21535,436
2020-11-22,Sutter,101,95872,3220,2677,11,2688,13
2020-11-22,Tehama,103,63373,1636,1457,19,1476,9
2020-11-22,Trinity,105,12862,254,114,25,139,0
2020-11-22,Tulare,107,460477,21246,19818,1242,21060,314
2020-11-22,Tuolumne,109,53932,997,689,5,694,7
2020-11-22,Ventura,111,848112,19688,18105,615,18720,179
2020-11-22,Yolo,113,214977,4806,4206,16,4222,75
2020-11-22,Yuba,115,75493,1917,1672,9,1681,10
2020-11-21,Alameda,001,1643700,29291,27424,310,27734,444
2020-11-21,Alpine,003,1148,46,41,0,41,0
2020-11-21,Amador,005,37829,488,450,1,451,16
2020-11-21,Butte,007,227075,3992,3664,184,3848,61
2020-11-21,Calaveras,009,45235,459,434,0,434,21
2020-11-21,Colusa,011,21464,713,642,3,645,6
2020-11-21,Contra Costa,013,1133247,23773,22338,143,22481,260
2020-11-21,Del Norte,015,27424,306,271,0,271,2
2020-11-21,El Dorado,017,186661,2439,1900,21,1921,4
2020-11-21,Fresno,019,978130,41042,35973,1220,37193,482
2020-11-21,Glenn,021,27897,933,829,32,861,4
2020-11-21,Humboldt,023,135768,863,728,2,730,9
2020-11-21,Imperial,025,180216,15940,15053,69,15122,355
2020-11-21,Inyo,027,18085,293,283,5,288,15
2020-11-21,Kern,029,883053,40002,37403,1025,38428,463
2020-11-21,Kings,031,150075,10893,10019,134,10153,85
2020-11-21,Lake,033,64148,929,832,0,832,18
2020-11-21,Lassen,035,31185,1862,1211,6,1217,0
2020-11-21,Los Angeles,037,10098052,379400,357754,5372,363126,7428
2020-11-21,Madera,039,155013,6262,5706,129,5835,56
2020-11-21,Marin,041,260295,7672,7488,26,7514,134
2020-11-21,Mariposa,043,17540,124,92,1,93,2
2020-11-21,Mendocino,045,87422,1429,1282,5,1287,22
2020-11-21,Merced,047,269075,11521,10849,101,10950,169
2020-11-21,Modoc,049,8938,100,87,18,105,0
2020-11-21,Mono,051,14174,499,469,9,478,2
2020-11-21,Monterey,053,433212,14937,13886,251,14137,110
2020-11-21,Napa,055,140530,3098,2757,17,2774,17
2020-11-21,Nevada,057,99092,1240,1018,31,1049,9
2020-11-21,Orange,059,3164182,76338,69021,2252,71273,1543
2020-11-21,Placer,061,380077,6841,5778,123,5901,65
2020-11-21,Plumas,063,18699,195,172,0,172,0
2020-11-21,Riverside,065,2383286,88059,80676,1563,82239,1407
2020-11-21,Sacramento,067,1510023,35942,33133,98,33231,548
2020-11-21,San Benito,069,59416,1790,1691,11,1702,15
2020-11-21,San Bernardino,071,2135413,91792,83206,1327,84533,1222
2020-11-21,San Diego,073,3302833,77973,70711,2755,73466,966
2020-11-21,San Francisco,075,870044,15176,14445,93,14538,153
2020-11-21,San Joaquin,077,732212,26076,24620,460,25080,517
2020-11-21,San Luis Obispo,079,281455,6228,5618,98,5716,34
2020-11-21,San Mateo,081,765935,14113,13138,14,13152,170
2020-11-21,Santa Barbara,083,443738,11474,10922,192,11114,137
2020-11-21,Santa Clara,085,1922200,33980,30377,74,30451,433
2020-11-21,Santa Cruz,087,273765,4385,3898,47,3945,25
2020-11-21,Shasta,089,179085,5078,4095,139,4234,42
2020-11-21,Sierra,091,2930,17,13,0,13,0
2020-11-21,Siskiyou,093,43540,572,403,30,433,0
2020-11-21,Solano,095,438530,10129,9290,59,9349,86
2020-11-21,Sonoma,097,501317,12056,11394,47,11441,158
2020-11-21,Stanislaus,099,539301,21380,20111,1287,21398,435
2020-11-21,Sutter,101,95872,3160,2615,10,2625,13
2020-11-21,Tehama,103,63373,1616,1435,18,1453,9
2020-11-21,Trinity,105,12862,251,110,24,134,0
2020-11-21,Tulare,107,460477,21120,19752,1208,20960,313
2020-11-21,Tuolumne,109,53932,978,690,5,695,7
2020-11-21,Ventura,111,848112,19524,18040,605,18645,177
2020-11-21,Yolo,113,214977,4731,4147,15,4162,75
2020-11-21,Yuba,115,75493,1885,1643,9,1652,10
2020-11-20,Alameda,001,1643700,29076,27221,303,27524,444
2020-11-20,Alpine,003,1148,46,20,0,20,0
2020-11-20,Amador,005,37829,484,446,1,447,16
2020-11-20,Butte,007,227075,3960,3618,180,3798,60
2020-11-20,Calaveras,009,45235,447,424,0,424,21
2020-11-20,Colusa,011,21464,705,631,2,633,6
2020-11-20,Contra Costa,013,1133247,23587,22116,139,22255,260
2020-11-20,Del Norte,015,27424,302,264,0,264,2
2020-11-20,El Dorado,017,186661,2343,1868,19,1887,4
2020-11-20,Fresno,019,978130,40748,35635,1190,36825,480
2020-11-20,Glenn,021,27897,921,826,30,856,4
2020-11-20,Humboldt,023,135768,854,714,1,715,9
2020-11-20,Imperial,025,180216,15878,14864,64,14928,353
2020-11-20,Inyo,027,18085,291,262,5,267,15
2020-11-20,Kern,029,883053,39709,37143,999,38142,462
2020-11-20,Kings,031,150075,10845,9903,133,10036,85
2020-11-20,Lake,033,64148,920,820,0,820,18
2020-11-20,Lassen,035,31185,1777,1212,5,1217,0
2020-11-20,Los Angeles,037,10098052,375518,353554,5208,358762,7398
2020-11-20,Madera,039,155013,6169,5635,128,5763,54
2020-11-20,Marin,041,260295,7648,7467,25,7492,134
2020-11-20,Mariposa,043,17540,116,89,1,90,2
2020-11-20,Mendocino,045,87422,1409,1269,5,1274,22
2020-11-20,Merced,047,269075,11435,10729,101,10830,167
2020-11-20,Modoc,049,8938,100,83,18,101,0
2020-11-20,Mono,051,14174,497,469,9,478,2
2020-11-20,Monterey,053,433212,14812,13738,242,13980,110
2020-11-20,Napa,055,140530,3068,2718,17,2735,17
2020-11-20,Nevada,057,99092,1222,990,30,1020,9
2020-11-20,Orange,059,3164182,75501,68212,2214,70426,1532
2020-11-20,Placer,061,380077,6706,5687,108,5795,66
2020-11-20,Plumas,063,18699,193,163,0,163,0
2020-11-20,Riverside,065,2383286,87048,79613,1500,81113,1405
2020-11-20,Sacramento,067,1510023,35566,32832,89,32921,549
2020-11-20,San Benito,069,59416,1778,1668,11,1679,15
2020-11-20,San Bernardino,071,2135413,90426,81203,1246,82449,1220
2020-11-20,San Diego,073,3302833,76975,69233,2673,71906,960
2020-11-20,San Francisco,075,870044,15072,14327,92,14419,153
2020-11-20,San Joaquin,077,732212,25923,24460,447,24907,515
2020-11-20,San Luis Obispo,079,281455,6172,5524,95,5619,34
2020-11-20,San Mateo,081,765935,13980,12980,13,12993,169
2020-11-20,Santa Barbara,083,443738,11418,10825,186,11011,136
2020-11-20,Santa Clara,085,1922200,33558,30002,69,30071,431
2020-11-20,Santa Cruz,087,273765,4319,3815,47,3862,25
2020-11-20,Shasta,089,179085,5004,3861,134,3995,42
2020-11-20,Sierra,091,2930,17,12,0,12,0
2020-11-20,Siskiyou,093,43540,559,387,29,416,0
2020-11-20,Solano,095,438530,10037,9216,57,9273,85
2020-11-20,Sonoma,097,501317,11972,11316,46,11362,158
2020-11-20,Stanislaus,099,539301,21225,19889,1261,21150,433
2020-11-20,Sutter,101,95872,3110,2580,10,2590,13
2020-11-20,Tehama,103,63373,1601,1410,15,1425,9
2020-11-20,Trinity,105,12862,250,102,24,126,0
2020-11-20,Tulare,107,460477,20987,19568,1169,20737,311
2020-11-20,Tuolumne,109,53932,939,662,5,667,7
2020-11-20,Ventura,111,848112,19356,17741,577,18318,175
2020-11-20,Yolo,113,214977,4653,4081,14,4095,74
2020-11-20,Yuba,115,75493,1857,1611,9,1620,10
2020-11-19,Alameda,001,1643700,28730,26971,295,27266,441
2020-11-19,Alpine,003,1148,43,20,0,20,0
2020-11-19,Amador,005,37829,480,436,1,437,16
2020-11-19,Butte,007,227075,3911,3576,173,3749,60
2020-11-19,Calaveras,009,45235,437,417,0,417,21
2020-11-19,Colusa,011,21464,687,621,2,623,6
2020-11-19,Contra Costa,013,1133247,23314,21886,136,22022,259
2020-11-19,Del Norte,015,27424,294,251,0,251,2
2020-11-19,El Dorado,017,186661,2269,1825,18,1843,4
2020-11-19,Fresno,019,978130,40298,35278,1133,36411,478
2020-11-19,Glenn,021,27897,899,806,29,835,4
2020-11-19,Humboldt,023,135768,834,693,1,694,9
2020-11-19,Imperial,025,180216,15669,14507,64,14571,349
2020-11-19,Inyo,027,18085,289,262,5,267,15
2020-11-19,Kern,029,883053,39288,36779,957,37736,459
2020-11-19,Kings,031,150075,10697,9763,125,9888,85
2020-11-19,Lake,033,64148,906,809,0,809,18
2020-11-19,Lassen,035,31185,1660,1201,3,1204,0
2020-11-19,Los Angeles,037,10098052,370498,349493,5038,354531,7365
2020-11-19,Madera,039,155013,6097,5540,120,5660,54
2020-11-19,Marin,041,260295,7617,7451,25,7476,134
2020-11-19,Mariposa,043,17540,109,88,0,88,2
2020-11-19,Mendocino,045,87422,1388,1237,5,1242,23
2020-11-19,Merced,047,269075,11294,10634,95,10729,167
2020-11-19,Modoc,049,8938,97,82,18,100,0
2020-11-19,Mono,051,14174,489,468,9,477,2
2020-11-19,Monterey,053,433212,14597,13369,230,13599,108
2020-11-19,Napa,055,140530,3014,2641,17,2658,17
2020-11-19,Nevada,057,99092,1181,945,29,974,9
2020-11-19,Orange,059,3164182,74238,66998,2169,69167,1530
2020-11-19,Placer,061,380077,6515,5612,107,5719,65
2020-11-19,Plumas,063,18699,188,158,0,158,0
2020-11-19,Riverside,065,2383286,85563,78535,1429,79964,1402
2020-11-19,Sacramento,067,1510023,35053,32367,87,32454,546
2020-11-19,San Benito,069,59416,1755,1643,11,1654,15
2020-11-19,San Bernardino,071,2135413,88531,79244,1166,80410,1215
2020-11-19,San Diego,073,3302833,75725,68142,2569,70711,952
2020-11-19,San Francisco,075,870044,14915,14178,86,14264,153
2020-11-19,San Joaquin,077,732212,25603,24270,436,24706,516
2020-11-19,San Luis Obispo,079,281455,6095,5410,91,5501,34
2020-11-19,San Mateo,081,765935,13842,12714,13,12727,169
2020-11-19,Santa Barbara,083,443738,11338,10741,183,10924,136
2020-11-19,Santa Clara,085,1922200,33000,29630,68,29698,424
2020-11-19,Santa Cruz,087,273765,4228,3679,45,3724,25
2020-11-19,Shasta,089,179085,4866,3685,124,3809,42
2020-11-19,Sierra,091,2930,17,11,0,11,0
2020-11-19,Siskiyou,093,43540,534,360,28,388,0
2020-11-19,Solano,095,438530,9900,9093,53,9146,84
2020-11-19,Sonoma,097,501317,11802,11205,44,11249,156
2020-11-19,Stanislaus,099,539301,20985,19736,1219,20955,433
2020-11-19,Sutter,101,95872,3011,2509,10,2519,13
2020-11-19,Tehama,103,63373,1568,1373,12,1385,9
2020-11-19,Trinity,105,12862,244,97,24,121,0
2020-11-19,Tulare,107,460477,20765,19384,1104,20488,304
2020-11-19,Tuolumne,109,53932,906,602,5,607,7
2020-11-19,Ventura,111,848112,19003,17300,564,17864,174
2020-11-19,Yolo,113,214977,4557,3973,14,3987,72
2020-11-19,Yuba,115,75493,1817,1568,9,1577,10
2020-11-18,Alameda,001,1643700,28468,26610,290,26900,440
2020-11-18,Alpine,003,1148,42,16,0,16,0
2020-11-18,Amador,005,37829,475,430,1,431,16
2020-11-18,Butte,007,227075,3858,3537,160,3697,59
2020-11-18,Calaveras,009,45235,433,409,0,409,21
2020-11-18,Colusa,011,21464,674,611,2,613,6
2020-11-18,Contra Costa,013,1133247,23047,21685,132,21817,258
2020-11-18,Del Norte,015,27424,281,240,0,240,2
2020-11-18,El Dorado,017,186661,2181,1799,17,1816,4
2020-11-18,Fresno,019,978130,39858,34997,1082,36079,474
2020-11-18,Glenn,021,27897,883,803,27,830,4
2020-11-18,Humboldt,023,135768,820,690,1,691,9
2020-11-18,Imperial,025,180216,15447,14428,63,14491,348
2020-11-18,Inyo,027,18085,287,262,5,267,15
2020-11-18,Kern,029,883053,38899,36537,907,37444,456
2020-11-18,Kings,031,150075,10549,9696,122,9818,85
2020-11-18,Lake,033,64148,893,802,0,802,18
2020-11-18,Lassen,035,31185,1560,1124,3,1127,0
2020-11-18,Los Angeles,037,10098052,365631,344675,4852,349527,7338
2020-11-18,Madera,039,155013,6010,5519,108,5627,54
2020-11-18,Marin,041,260295,7593,7435,25,7460,134
2020-11-18,Mariposa,043,17540,106,88,0,88,2
2020-11-18,Mendocino,045,87422,1368,1237,5,1242,23
2020-11-18,Merced,047,269075,11178,10536,94,10630,166
2020-11-18,Modoc,049,8938,94,77,18,95,0
2020-11-18,Mono,051,14174,484,468,9,477,2
2020-11-18,Monterey,053,433212,14402,13340,216,13556,108
2020-11-18,Napa,055,140530,2967,2607,17,2624,17
2020-11-18,Nevada,057,99092,1141,933,27,960,9
2020-11-18,Orange,059,3164182,73141,66381,2144,68525,1521
2020-11-18,Placer,061,380077,6337,5543,102,5645,64
2020-11-18,Plumas,063,18699,183,143,0,143,0
2020-11-18,Riverside,065,2383286,84098,77739,1326,79065,1387
2020-11-18,Sacramento,067,1510023,34428,31816,79,31895,541
2020-11-18,San Benito,069,59416,1730,1632,10,1642,15
2020-11-18,San Bernardino,071,2135413,86771,77400,1086,78486,1206
2020-11-18,San Diego,073,3302833,74431,67243,2509,69752,945
2020-11-18,San Francisco,075,870044,14771,14057,84,14141,153
2020-11-18,San Joaquin,077,732212,25337,24146,421,24567,517
2020-11-18,San Luis Obispo,079,281455,6019,5322,90,5412,34
2020-11-18,San Mateo,081,765935,13689,12631,12,12643,169
2020-11-18,Santa Barbara,083,443738,11259,10684,176,10860,136
2020-11-18,Santa Clara,085,1922200,32535,29285,63,29348,421
2020-11-18,Santa Cruz,087,273765,4136,3618,43,3661,25
2020-11-18,Shasta,089,179085,4730,3547,120,3667,42
2020-11-18,Sierra,091,2930,17,11,0,11,0
2020-11-18,Siskiyou,093,43540,502,351,27,378,0
2020-11-18,Solano,095,438530,9768,8994,51,9045,84
2020-11-18,Sonoma,097,501317,11695,11129,41,11170,155
2020-11-18,Stanislaus,099,539301,20742,19609,1194,20803,431
2020-11-18,Sutter,101,95872,2893,2442,10,2452,13
2020-11-18,Tehama,103,63373,1529,1338,12,1350,8
2020-11-18,Trinity,105,12862,230,95,23,118,0
2020-11-18,Tulare,107,460477,20555,19286,1053,20339,306
2020-11-18,Tuolumne,109,53932,871,590,5,595,7
2020-11-18,Ventura,111,848112,18678,17169,549,17718,173
2020-11-18,Yolo,113,214977,4483,3929,14,3943,71
2020-11-18,Yuba,115,75493,1763,1540,9,1549,10
2020-11-17,Alameda,001,1643700,28141,26425,280,26705,439
2020-11-17,Alpine,003,1148,40,12,0,12,0
2020-11-17,Amador,005,37829,464,423,1,424,16
2020-11-17,Butte,007,227075,3816,3500,150,3650,59
2020-11-17,Calaveras,009,45235,418,405,0,405,21
2020-11-17,Colusa,011,21464,663,606,1,607,6
2020-11-17,Contra Costa,013,1133247,22774,21557,127,21684,256
2020-11-17,Del Norte,015,27424,275,233,0,233,2
2020-11-17,El Dorado,017,186661,2122,1758,17,1775,4
2020-11-17,Fresno,019,978130,39260,34765,1023,35788,472
2020-11-17,Glenn,021,27897,872,795,26,821,4
2020-11-17,Humboldt,023,135768,798,685,1,686,9
2020-11-17,Imperial,025,180216,15211,14204,61,14265,346
2020-11-17,Inyo,027,18085,286,263,5,268,15
2020-11-17,Kern,029,883053,38449,36164,854,37018,455
2020-11-17,Kings,031,150075,10476,9653,115,9768,85
2020-11-17,Lake,033,64148,873,792,0,792,18
2020-11-17,Lassen,035,31185,1481,1124,3,1127,0
2020-11-17,Los Angeles,037,10098052,360679,340933,4689,345622,7302
2020-11-17,Madera,039,155013,5921,5485,101,5586,54
2020-11-17,Marin,041,260295,7561,7404,24,7428,134
2020-11-17,Mariposa,043,17540,103,87,0,87,2
2020-11-17,Mendocino,045,87422,1347,1216,5,1221,23
2020-11-17,Merced,047,269075,11034,10457,87,10544,162
2020-11-17,Modoc,049,8938,88,71,17,88,0
2020-11-17,Mono,051,14174,479,459,9,468,2
2020-11-17,Monterey,053,433212,14173,13220,206,13426,108
2020-11-17,Napa,055,140530,2913,2568,17,2585,17
2020-11-17,Nevada,057,99092,1100,918,26,944,9
2020-11-17,Orange,059,3164182,71991,65757,2116,67873,1519
2020-11-17,Placer,061,380077,6175,5435,96,5531,63
2020-11-17,Plumas,063,18699,175,142,0,142,0
2020-11-17,Riverside,065,2383286,82711,77079,1235,78314,1379
2020-11-17,Sacramento,067,1510023,33829,31341,75,31416,538
2020-11-17,San Benito,069,59416,1714,1611,4,1615,15
2020-11-17,San Bernardino,071,2135413,84956,76134,997,77131,1188
2020-11-17,San Diego,073,3302833,73178,66321,2453,68774,933
2020-11-17,San Francisco,075,870044,14605,13952,83,14035,153
2020-11-17,San Joaquin,077,732212,25065,23997,401,24398,516
2020-11-17,San Luis Obispo,079,281455,5923,5235,90,5325,34
2020-11-17,San Mateo,081,765935,13527,12491,11,12502,169
2020-11-17,Santa Barbara,083,443738,11173,10597,171,10768,136
2020-11-17,Santa Clara,085,1922200,31988,29013,62,29075,419
2020-11-17,Santa Cruz,087,273765,4052,3548,40,3588,25
2020-11-17,Shasta,089,179085,4568,3457,108,3565,40
2020-11-17,Sierra,091,2930,15,11,0,11,0
2020-11-17,Siskiyou,093,43540,454,333,26,359,0
2020-11-17,Solano,095,438530,9623,8905,50,8955,84
2020-11-17,Sonoma,097,501317,11561,11084,39,11123,155
2020-11-17,Stanislaus,099,539301,20518,19466,1166,20632,425
2020-11-17,Sutter,101,95872,2810,2370,9,2379,12
2020-11-17,Tehama,103,63373,1479,1290,12,1302,7
2020-11-17,Trinity,105,12862,213,83,23,106,0
2020-11-17,Tulare,107,460477,20324,19176,991,20167,305
2020-11-17,Tuolumne,109,53932,833,568,5,573,7
2020-11-17,Ventura,111,848112,18406,16797,531,17328,173
2020-11-17,Yolo,113,214977,4305,3887,13,3900,70
2020-11-17,Yuba,115,75493,1715,1519,9,1528,10
2020-11-16,Alameda,001,1643700,27794,26063,275,26338,436
2020-11-16,Alpine,003,1148,37,12,0,12,0
2020-11-16,Amador,005,37829,456,414,1,415,16
2020-11-16,Butte,007,227075,3777,3490,142,3632,58
2020-11-16,Calaveras,009,45235,410,402,0,402,21
2020-11-16,Colusa,011,21464,654,601,1,602,6
2020-11-16,Contra Costa,013,1133247,22508,21386,122,21508,256
2020-11-16,Del Norte,015,27424,268,225,0,225,2
2020-11-16,El Dorado,017,186661,2062,1694,15,1709,4
2020-11-16,Fresno,019,978130,38770,34593,969,35562,471
2020-11-16,Glenn,021,27897,860,786,25,811,4
2020-11-16,Humboldt,023,135768,782,660,1,661,9
2020-11-16,Imperial,025,180216,14963,14111,61,14172,346
2020-11-16,Inyo,027,18085,283,263,5,268,15
2020-11-16,Kern,029,883053,38055,36049,811,36860,455
2020-11-16,Kings,031,150075,10209,9569,111,9680,85
2020-11-16,Lake,033,64148,861,784,0,784,18
2020-11-16,Lassen,035,31185,1300,1124,3,1127,0
2020-11-16,Los Angeles,037,10098052,355936,338778,4514,343292,7277
2020-11-16,Madera,039,155013,5834,5433,95,5528,54
2020-11-16,Marin,041,260295,7532,7359,24,7383,134
2020-11-16,Mariposa,043,17540,100,86,0,86,2
2020-11-16,Mendocino,045,87422,1322,1209,5,1214,23
2020-11-16,Merced,047,269075,10896,10399,84,10483,162
2020-11-16,Modoc,049,8938,86,71,17,88,0
2020-11-16,Mono,051,14174,477,453,9,462,2
2020-11-16,Monterey,053,433212,13927,13089,196,13285,107
2020-11-16,Napa,055,140530,2837,2536,17,2553,17
2020-11-16,Nevada,057,99092,1057,889,24,913,9
2020-11-16,Orange,059,3164182,70894,65396,2102,67498,1519
2020-11-16,Placer,061,380077,6055,5387,87,5474,63
2020-11-16,Plumas,063,18699,168,127,0,127,0
2020-11-16,Riverside,065,2383286,81336,76449,1170,77619,1379
2020-11-16,Sacramento,067,1510023,33191,30954,69,31023,534
2020-11-16,San Benito,069,59416,1696,1603,3,1606,15
2020-11-16,San Bernardino,071,2135413,83129,74401,928,75329,1186
2020-11-16,San Diego,073,3302833,71867,65603,2381,67984,926
2020-11-16,San Francisco,075,870044,14446,13847,80,13927,153
2020-11-16,San Joaquin,077,732212,24777,23515,392,23907,513
2020-11-16,San Luis Obispo,079,281455,5819,5161,85,5246,34
2020-11-16,San Mateo,081,765935,13367,12398,11,12409,169
2020-11-16,Santa Barbara,083,443738,11109,10565,167,10732,135
2020-11-16,Santa Clara,085,1922200,31423,28673,61,28734,419
2020-11-16,Santa Cruz,087,273765,3979,3520,40,3560,25
2020-11-16,Shasta,089,179085,4418,3284,103,3387,37
2020-11-16,Sierra,091,2930,15,11,0,11,0
2020-11-16,Siskiyou,093,43540,427,294,26,320,0
2020-11-16,Solano,095,438530,9424,8827,50,8877,84
2020-11-16,Sonoma,097,501317,11469,10961,38,10999,155
2020-11-16,Stanislaus,099,539301,20281,19333,1139,20472,425
2020-11-16,Sutter,101,95872,2704,2322,9,2331,12
2020-11-16,Tehama,103,63373,1434,1261,8,1269,7
2020-11-16,Trinity,105,12862,201,67,23,90,0
2020-11-16,Tulare,107,460477,20145,18891,938,19829,305
2020-11-16,Tuolumne,109,53932,797,543,5,548,7
2020-11-16,Ventura,111,848112,18068,16691,523,17214,172
2020-11-16,Yolo,113,214977,4209,3858,13,3871,70
2020-11-16,Yuba,115,75493,1679,1500,8,1508,10
2020-11-15,Alameda,001,1643700,27476,25879,269,26148,436
2020-11-15,Alpine,003,1148,35,12,0,12,0
2020-11-15,Amador,005,37829,444,409,1,410,16
2020-11-15,Butte,007,227075,3723,3452,133,3585,58
2020-11-15,Calaveras,009,45235,396,386,0,386,21
2020-11-15,Colusa,011,21464,645,601,1,602,6
2020-11-15,Contra Costa,013,1133247,22209,21179,121,21300,256
2020-11-15,Del Norte,015,27424,253,224,0,224,2
2020-11-15,El Dorado,017,186661,2000,1683,14,1697,4
2020-11-15,Fresno,019,978130,38257,34297,931,35228,471
2020-11-15,Glenn,021,27897,848,783,24,807,4
2020-11-15,Humboldt,023,135768,753,653,1,654,9
2020-11-15,Imperial,025,180216,14726,13940,61,14001,346
2020-11-15,Inyo,027,18085,273,263,5,268,15
2020-11-15,Kern,029,883053,37650,35911,776,36687,455
2020-11-15,Kings,031,150075,10016,9533,107,9640,85
2020-11-15,Lake,033,64148,852,777,0,777,17
2020-11-15,Lassen,035,31185,1253,1124,3,1127,0
2020-11-15,Los Angeles,037,10098052,350896,336035,4341,340376,7271
2020-11-15,Madera,039,155013,5737,5391,89,5480,54
2020-11-15,Marin,041,260295,7506,7347,24,7371,133
2020-11-15,Mariposa,043,17540,97,86,0,86,2
2020-11-15,Mendocino,045,87422,1303,1197,5,1202,22
2020-11-15,Merced,047,269075,10763,10350,84,10434,162
2020-11-15,Modoc,049,8938,85,68,17,85,0
2020-11-15,Mono,051,14174,475,453,9,462,2
2020-11-15,Monterey,053,433212,13730,12999,183,13182,107
2020-11-15,Napa,055,140530,2778,2509,15,2524,17
2020-11-15,Nevada,057,99092,1002,859,24,883,9
2020-11-15,Orange,059,3164182,69853,65008,2086,67094,1519
2020-11-15,Placer,061,380077,5900,5330,79,5409,63
2020-11-15,Plumas,063,18699,162,127,0,127,0
2020-11-15,Riverside,065,2383286,80012,75531,1111,76642,1374
2020-11-15,Sacramento,067,1510023,32565,30601,65,30666,534
2020-11-15,San Benito,069,59416,1671,1589,2,1591,15
2020-11-15,San Bernardino,071,2135413,80975,73769,853,74622,1185
2020-11-15,San Diego,073,3302833,70366,64770,2324,67094,926
2020-11-15,San Francisco,075,870044,14270,13757,79,13836,153
2020-11-15,San Joaquin,077,732212,24568,23516,376,23892,513
2020-11-15,San Luis Obispo,079,281455,5694,5120,83,5203,34
2020-11-15,San Mateo,081,765935,13190,12348,11,12359,169
2020-11-15,Santa Barbara,083,443738,11014,10516,165,10681,135
2020-11-15,Santa Clara,085,1922200,30969,28289,60,28349,418
2020-11-15,Santa Cruz,087,273765,3841,3439,39,3478,25
2020-11-15,Shasta,089,179085,4244,3290,94,3384,37
2020-11-15,Sierra,091,2930,15,11,0,11,0
2020-11-15,Siskiyou,093,43540,408,294,26,320,0
2020-11-15,Solano,095,438530,9263,8713,47,8760,84
2020-11-15,Sonoma,097,501317,11349,10833,37,10870,154
2020-11-15,Stanislaus,099,539301,20009,19228,1114,20342,425
2020-11-15,Sutter,101,95872,2614,2230,9,2239,12
2020-11-15,Tehama,103,63373,1383,1222,7,1229,7
2020-11-15,Trinity,105,12862,191,67,21,88,0
2020-11-15,Tulare,107,460477,19928,18891,885,19776,305
2020-11-15,Tuolumne,109,53932,755,486,5,491,7
2020-11-15,Ventura,111,848112,17794,16564,515,17079,172
2020-11-15,Yolo,113,214977,4106,3819,12,3831,67
2020-11-15,Yuba,115,75493,1638,1470,7,1477,10
2020-11-14,Alameda,001,1643700,27209,25714,267,25981,435
2020-11-14,Alpine,003,1148,35,12,0,12,0
2020-11-14,Amador,005,37829,435,404,0,404,16
2020-11-14,Butte,007,227075,3687,3434,119,3553,58
2020-11-14,Calaveras,009,45235,395,386,0,386,21
2020-11-14,Colusa,011,21464,633,601,1,602,6
2020-11-14,Contra Costa,013,1133247,22070,20975,114,21089,256
2020-11-14,Del Norte,015,27424,247,219,0,219,2
2020-11-14,El Dorado,017,186661,1956,1648,14,1662,4
2020-11-14,Fresno,019,978130,38007,33969,894,34863,471
2020-11-14,Glenn,021,27897,839,772,21,793,3
2020-11-14,Humboldt,023,135768,738,643,1,644,9
2020-11-14,Imperial,025,180216,14633,13932,60,13992,346
2020-11-14,Inyo,027,18085,272,263,5,268,15
2020-11-14,Kern,029,883053,37441,35626,757,36383,454
2020-11-14,Kings,031,150075,9981,9490,104,9594,85
2020-11-14,Lake,033,64148,843,773,0,773,17
2020-11-14,Lassen,035,31185,1239,833,3,836,0
2020-11-14,Los Angeles,037,10098052,348189,333021,4232,337253,7269
2020-11-14,Madera,039,155013,5707,5371,87,5458,54
2020-11-14,Marin,041,260295,7490,7325,24,7349,133
2020-11-14,Mariposa,043,17540,96,86,0,86,2
2020-11-14,Mendocino,045,87422,1287,1181,5,1186,22
2020-11-14,Merced,047,269075,10707,10286,82,10368,161
2020-11-14,Modoc,049,8938,84,64,16,80,0
2020-11-14,Mono,051,14174,475,453,9,462,2
2020-11-14,Monterey,053,433212,13634,12854,173,13027,105
2020-11-14,Napa,055,140530,2744,2473,15,2488,17
2020-11-14,Nevada,057,99092,986,835,24,859,9
2020-11-14,Orange,059,3164182,69232,64340,2075,66415,1517
2020-11-14,Placer,061,380077,5824,5215,73,5288,63
2020-11-14,Plumas,063,18699,157,128,0,128,0
2020-11-14,Riverside,065,2383286,79270,74910,1071,75981,1373
2020-11-14,Sacramento,067,1510023,32239,30298,65,30363,532
2020-11-14,San Benito,069,59416,1656,1573,2,1575,15
2020-11-14,San Bernardino,071,2135413,80041,72868,821,73689,1184
2020-11-14,San Diego,073,3302833,69601,63715,2272,65987,926
2020-11-14,San Francisco,075,870044,14182,13661,78,13739,153
2020-11-14,San Joaquin,077,732212,24477,23516,368,23884,511
2020-11-14,San Luis Obispo,079,281455,5630,5073,78,5151,34
2020-11-14,San Mateo,081,765935,13082,12293,11,12304,169
2020-11-14,Santa Barbara,083,443738,10960,10482,163,10645,135
2020-11-14,Santa Clara,085,1922200,30685,27962,58,28020,416
2020-11-14,Santa Cruz,087,273765,3786,3402,39,3441,25
2020-11-14,Shasta,089,179085,4160,3195,92,3287,37
2020-11-14,Sierra,091,2930,15,11,0,11,0
2020-11-14,Siskiyou,093,43540,395,292,26,318,0
2020-11-14,Solano,095,438530,9183,8655,46,8701,84
2020-11-14,Sonoma,097,501317,11296,10769,37,10806,154
2020-11-14,Stanislaus,099,539301,19867,19068,1092,20160,424
2020-11-14,Sutter,101,95872,2569,2182,9,2191,12
2020-11-14,Tehama,103,63373,1362,1206,6,1212,7
2020-11-14,Trinity,105,12862,186,67,21,88,0
2020-11-14,Tulare,107,460477,19833,18853,857,19710,305
2020-11-14,Tuolumne,109,53932,727,448,5,453,7
2020-11-14,Ventura,111,848112,17648,16297,504,16801,172
2020-11-14,Yolo,113,214977,4063,3765,10,3775,65
2020-11-14,Yuba,115,75493,1609,1453,7,1460,10
2020-11-13,Alameda,001,1643700,26993,25515,262,25777,434
2020-11-13,Alpine,003,1148,35,12,0,12,0
2020-11-13,Amador,005,37829,432,397,0,397,16
2020-11-13,Butte,007,227075,3663,3402,110,3512,58
2020-11-13,Calaveras,009,45235,391,378,0,378,21
2020-11-13,Colusa,011,21464,625,598,1,599,6
2020-11-13,Contra Costa,013,1133247,21897,20799,114,20913,256
2020-11-13,Del Norte,015,27424,244,208,0,208,2
2020-11-13,El Dorado,017,186661,1911,1611,13,1624,4
2020-11-13,Fresno,019,978130,37760,33693,880,34573,470
2020-11-13,Glenn,021,27897,825,755,17,772,3
2020-11-13,Humboldt,023,135768,723,638,1,639,9
2020-11-13,Imperial,025,180216,14563,13790,59,13849,341
2020-11-13,Inyo,027,18085,271,262,5,267,15
2020-11-13,Kern,029,883053,37239,35431,740,36171,453
2020-11-13,Kings,031,150075,9922,9428,103,9531,85
2020-11-13,Lake,033,64148,837,770,0,770,17
2020-11-13,Lassen,035,31185,1230,832,3,835,0
2020-11-13,Los Angeles,037,10098052,345064,329364,4125,333489,7248
2020-11-13,Madera,039,155013,5667,5340,86,5426,54
2020-11-13,Marin,041,260295,7477,7307,23,7330,133
2020-11-13,Mariposa,043,17540,94,86,0,86,2
2020-11-13,Mendocino,045,87422,1275,1173,5,1178,22
2020-11-13,Merced,047,269075,10651,10185,79,10264,159
2020-11-13,Modoc,049,8938,84,63,14,77,0
2020-11-13,Mono,051,14174,475,448,8,456,2
2020-11-13,Monterey,053,433212,13438,12681,161,12842,104
2020-11-13,Napa,055,140530,2705,2440,15,2455,17
2020-11-13,Nevada,057,99092,967,798,24,822,9
2020-11-13,Orange,059,3164182,68633,63804,2055,65859,1514
2020-11-13,Placer,061,380077,5719,5122,67,5189,63
2020-11-13,Plumas,063,18699,151,125,0,125,0
2020-11-13,Riverside,065,2383286,78531,74138,1042,75180,1372
2020-11-13,Sacramento,067,1510023,31921,29787,60,29847,524
2020-11-13,San Benito,069,59416,1644,1553,1,1554,15
2020-11-13,San Bernardino,071,2135413,78993,71895,800,72695,1184
2020-11-13,San Diego,073,3302833,68754,62978,2234,65212,921
2020-11-13,San Francisco,075,870044,14089,13516,76,13592,146
2020-11-13,San Joaquin,077,732212,24382,23314,362,23676,510
2020-11-13,San Luis Obispo,079,281455,5563,4960,75,5035,34
2020-11-13,San Mateo,081,765935,12988,12182,11,12193,169
2020-11-13,Santa Barbara,083,443738,10908,10405,161,10566,134
2020-11-13,Santa Clara,085,1922200,30358,27609,56,27665,415
2020-11-13,Santa Cruz,087,273765,3713,3343,39,3382,25
2020-11-13,Shasta,089,179085,4077,2983,88,3071,37
2020-11-13,Sierra,091,2930,15,11,0,11,0
2020-11-13,Siskiyou,093,43540,390,280,25,305,0
2020-11-13,Solano,095,438530,9092,8525,46,8571,84
2020-11-13,Sonoma,097,501317,11235,10685,35,10720,151
2020-11-13,Stanislaus,099,539301,19742,18936,1064,20000,422
2020-11-13,Sutter,101,95872,2523,2121,8,2129,12
2020-11-13,Tehama,103,63373,1334,1167,6,1173,7
2020-11-13,Trinity,105,12862,184,64,21,85,0
2020-11-13,Tulare,107,460477,19709,18714,816,19530,305
2020-11-13,Tuolumne,109,53932,694,427,5,432,7
2020-11-13,Ventura,111,848112,17502,16172,490,16662,171
2020-11-13,Yolo,113,214977,4012,3716,10,3726,65
2020-11-13,Yuba,115,75493,1582,1435,7,1442,10
2020-11-12,Alameda,001,1643700,26726,25345,262,25607,432
2020-11-12,Alpine,003,1148,34,12,0,12,0
2020-11-12,Amador,005,37829,431,392,0,392,16
2020-11-12,Butte,007,227075,3614,3347,107,3454,58
2020-11-12,Calaveras,009,45235,386,373,0,373,21
2020-11-12,Colusa,011,21464,620,591,1,592,6
2020-11-12,Contra Costa,013,1133247,21690,20619,112,20731,255
2020-11-12,Del Norte,015,27424,237,203,0,203,2
2020-11-12,El Dorado,017,186661,1865,1573,9,1582,4
2020-11-12,Fresno,019,978130,37412,33459,838,34297,468
2020-11-12,Glenn,021,27897,806,727,17,744,3
2020-11-12,Humboldt,023,135768,710,625,1,626,9
2020-11-12,Imperial,025,180216,14398,13619,59,13678,341
2020-11-12,Inyo,027,18085,270,255,5,260,15
2020-11-12,Kern,029,883053,36974,35207,725,35932,451
2020-11-12,Kings,031,150075,9855,9335,102,9437,85
2020-11-12,Lake,033,64148,828,764,0,764,17
2020-11-12,Lassen,035,31185,1161,832,2,834,0
2020-11-12,Los Angeles,037,10098052,341323,327001,4023,331024,7223
2020-11-12,Madera,039,155013,5632,5273,81,5354,54
2020-11-12,Marin,041,260295,7448,7268,23,7291,133
2020-11-12,Mariposa,043,17540,92,84,0,84,2
2020-11-12,Mendocino,045,87422,1256,1142,5,1147,22
2020-11-12,Merced,047,269075,10537,10107,76,10183,158
2020-11-12,Modoc,049,8938,84,63,14,77,0
2020-11-12,Mono,051,14174,474,442,8,450,2
2020-11-12,Monterey,053,433212,13317,12489,147,12636,100
2020-11-12,Napa,055,140530,2643,2398,15,2413,16
2020-11-12,Nevada,057,99092,944,780,23,803,9
2020-11-12,Orange,059,3164182,67888,63232,2036,65268,1514
2020-11-12,Placer,061,380077,5609,5044,58,5102,62
2020-11-12,Plumas,063,18699,147,121,0,121,0
2020-11-12,Riverside,065,2383286,77598,73381,999,74380,1362
2020-11-12,Sacramento,067,1510023,31430,29459,53,29512,520
2020-11-12,San Benito,069,59416,1624,1525,1,1526,15
2020-11-12,San Bernardino,071,2135413,77627,70758,761,71519,1183
2020-11-12,San Diego,073,3302833,67774,62336,2183,64519,918
2020-11-12,San Francisco,075,870044,13990,13289,75,13364,146
2020-11-12,San Joaquin,077,732212,24189,23002,341,23343,509
2020-11-12,San Luis Obispo,079,281455,5499,4898,74,4972,33
2020-11-12,San Mateo,081,765935,12864,12086,10,12096,169
2020-11-12,Santa Barbara,083,443738,10846,10325,156,10481,134
2020-11-12,Santa Clara,085,1922200,29982,27261,55,27316,414
2020-11-12,Santa Cruz,087,273765,3630,3317,37,3354,25
2020-11-12,Shasta,089,179085,3939,2825,77,2902,37
2020-11-12,Sierra,091,2930,15,11,0,11,0
2020-11-12,Siskiyou,093,43540,373,275,20,295,0
2020-11-12,Solano,095,438530,8992,8417,45,8462,85
2020-11-12,Sonoma,097,501317,11133,10602,34,10636,151
2020-11-12,Stanislaus,099,539301,19573,18787,1035,19822,422
2020-11-12,Sutter,101,95872,2439,2075,7,2082,12
2020-11-12,Tehama,103,63373,1307,1117,6,1123,7
2020-11-12,Trinity,105,12862,176,62,20,82,0
2020-11-12,Tulare,107,460477,19597,18545,778,19323,305
2020-11-12,Tuolumne,109,53932,655,353,5,358,7
2020-11-12,Ventura,111,848112,17252,16013,484,16497,158
2020-11-12,Yolo,113,214977,3968,3646,10,3656,63
2020-11-12,Yuba,115,75493,1547,1410,7,1417,10
2020-11-11,Alameda,001,1643700,26483,25140,260,25400,429
2020-11-11,Alpine,003,1148,29,12,0,12,0
2020-11-11,Amador,005,37829,424,389,0,389,16
2020-11-11,Butte,007,227075,3588,3348,94,3442,58
2020-11-11,Calaveras,009,45235,376,373,0,373,21
2020-11-11,Colusa,011,21464,614,591,1,592,6
2020-11-11,Contra Costa,013,1133247,21472,20452,110,20562,255
2020-11-11,Del Norte,015,27424,230,203,0,203,2
2020-11-11,El Dorado,017,186661,1819,1564,8,1572,4
2020-11-11,Fresno,019,978130,37092,33287,803,34090,468
2020-11-11,Glenn,021,27897,790,722,16,738,3
2020-11-11,Humboldt,023,135768,696,623,1,624,9
2020-11-11,Imperial,025,180216,14227,13623,57,13680,340
2020-11-11,Inyo,027,18085,268,255,5,260,15
2020-11-11,Kern,029,883053,36699,35014,708,35722,449
2020-11-11,Kings,031,150075,9749,9263,99,9362,85
2020-11-11,Lake,033,64148,818,763,0,763,17
2020-11-11,Lassen,035,31185,1136,831,2,833,0
2020-11-11,Los Angeles,037,10098052,337960,324567,3936,328503,7220
2020-11-11,Madera,039,155013,5597,5248,79,5327,54
2020-11-11,Marin,041,260295,7425,7268,23,7291,133
2020-11-11,Mariposa,043,17540,92,84,0,84,2
2020-11-11,Mendocino,045,87422,1244,1142,5,1147,22
2020-11-11,Merced,047,269075,10466,10074,74,10148,157
2020-11-11,Modoc,049,8938,80,62,13,75,0
2020-11-11,Mono,051,14174,472,443,8,451,2
2020-11-11,Monterey,053,433212,13173,12417,143,12560,100
2020-11-11,Napa,055,140530,2594,2365,12,2377,15
2020-11-11,Nevada,057,99092,902,741,23,764,9
2020-11-11,Orange,059,3164182,67250,62929,2013,64942,1506
2020-11-11,Placer,061,380077,5525,4981,50,5031,60
2020-11-11,Plumas,063,18699,145,111,0,111,0
2020-11-11,Riverside,065,2383286,76694,72953,953,73906,1361
2020-11-11,Sacramento,067,1510023,30973,28968,51,29019,520
2020-11-11,San Benito,069,59416,1610,1512,1,1513,15
2020-11-11,San Bernardino,071,2135413,76340,70374,734,71108,1182
2020-11-11,San Diego,073,3302833,66839,61746,2122,63868,918
2020-11-11,San Francisco,075,870044,13882,13287,74,13361,146
2020-11-11,San Joaquin,077,732212,24029,23001,335,23336,509
2020-11-11,San Luis Obispo,079,281455,5424,4832,71,4903,33
2020-11-11,San Mateo,081,765935,12749,12008,10,12018,169
2020-11-11,Santa Barbara,083,443738,10781,10278,156,10434,134
2020-11-11,Santa Clara,085,1922200,29629,27075,54,27129,413
2020-11-11,Santa Cruz,087,273765,3562,3247,37,3284,25
2020-11-11,Shasta,089,179085,3815,2766,67,2833,36
2020-11-11,Sierra,091,2930,13,11,0,11,0
2020-11-11,Siskiyou,093,43540,342,261,17,278,0
2020-11-11,Solano,095,438530,8874,8353,43,8396,85
2020-11-11,Sonoma,097,501317,11059,10498,34,10532,150
2020-11-11,Stanislaus,099,539301,19435,18671,1005,19676,422
2020-11-11,Sutter,101,95872,2391,2049,6,2055,12
2020-11-11,Tehama,103,63373,1265,1105,5,1110,7
2020-11-11,Trinity,105,12862,165,62,20,82,0
2020-11-11,Tulare,107,460477,19466,18500,747,19247,305
2020-11-11,Tuolumne,109,53932,599,354,4,358,7
2020-11-11,Ventura,111,848112,17037,15801,470,16271,158
2020-11-11,Yolo,113,214977,3917,3606,10,3616,63
2020-11-11,Yuba,115,75493,1532,1400,7,1407,10
2020-11-10,Alameda,001,1643700,26253,25008,257,25265,424
2020-11-10,Alpine,003,1148,29,9,0,9,0
2020-11-10,Amador,005,37829,418,384,0,384,16
2020-11-10,Butte,007,227075,3552,3327,90,3417,58
2020-11-10,Calaveras,009,45235,371,367,0,367,21
2020-11-10,Colusa,011,21464,606,590,1,591,6
2020-11-10,Contra Costa,013,1133247,21265,20326,108,20434,255
2020-11-10,Del Norte,015,27424,224,196,0,196,2
2020-11-10,El Dorado,017,186661,1758,1551,8,1559,4
2020-11-10,Fresno,019,978130,36822,33024,765,33789,465
2020-11-10,Glenn,021,27897,782,719,12,731,3
2020-11-10,Humboldt,023,135768,679,610,1,611,9
2020-11-10,Imperial,025,180216,14098,13570,57,13627,338
2020-11-10,Inyo,027,18085,267,252,5,257,14
2020-11-10,Kern,029,883053,36422,34858,689,35547,448
2020-11-10,Kings,031,150075,9702,9236,92,9328,85
2020-11-10,Lake,033,64148,808,762,0,762,16
2020-11-10,Lassen,035,31185,1121,830,2,832,0
2020-11-10,Los Angeles,037,10098052,334708,322569,3821,326390,7205
2020-11-10,Madera,039,155013,5555,5229,73,5302,54
2020-11-10,Marin,041,260295,7406,7259,23,7282,133
2020-11-10,Mariposa,043,17540,90,84,0,84,2
2020-11-10,Mendocino,045,87422,1236,1137,5,1142,22
2020-11-10,Merced,047,269075,10404,9992,68,10060,157
2020-11-10,Modoc,049,8938,78,61,13,74,0
2020-11-10,Mono,051,14174,470,443,8,451,2
2020-11-10,Monterey,053,433212,13035,12335,135,12470,100
2020-11-10,Napa,055,140530,2556,2341,10,2351,15
2020-11-10,Nevada,057,99092,886,734,23,757,9
2020-11-10,Orange,059,3164182,66699,62597,2003,64600,1504
2020-11-10,Placer,061,380077,5445,4902,49,4951,60
2020-11-10,Plumas,063,18699,141,108,0,108,0
2020-11-10,Riverside,065,2383286,76052,72316,926,73242,1359
2020-11-10,Sacramento,067,1510023,30566,28677,48,28725,519
2020-11-10,San Benito,069,59416,1595,1508,1,1509,15
2020-11-10,San Bernardino,071,2135413,75170,69666,701,70367,1182
2020-11-10,San Diego,073,3302833,65948,61085,2085,63170,915
2020-11-10,San Francisco,075,870044,13765,13210,74,13284,146
2020-11-10,San Joaquin,077,732212,23864,22865,328,23193,508
2020-11-10,San Luis Obispo,079,281455,5360,4780,68,4848,33
2020-11-10,San Mateo,081,765935,12648,11939,10,11949,169
2020-11-10,Santa Barbara,083,443738,10714,10252,152,10404,134
2020-11-10,Santa Clara,085,1922200,29285,26917,53,26970,409
2020-11-10,Santa Cruz,087,273765,3498,3221,37,3258,25
2020-11-10,Shasta,089,179085,3673,2686,59,2745,36
2020-11-10,Sierra,091,2930,12,10,0,10,0
2020-11-10,Siskiyou,093,43540,326,263,16,279,0
2020-11-10,Solano,095,438530,8776,8299,43,8342,85
2020-11-10,Sonoma,097,501317,10972,10414,34,10448,150
2020-11-10,Stanislaus,099,539301,19301,18592,981,19573,420
2020-11-10,Sutter,101,95872,2296,2035,5,2040,12
2020-11-10,Tehama,103,63373,1239,1099,4,1103,7
2020-11-10,Trinity,105,12862,156,62,18,80,0
2020-11-10,Tulare,107,460477,19352,18430,723,19153,305
2020-11-10,Tuolumne,109,53932,551,353,4,357,7
2020-11-10,Ventura,111,848112,16854,15625,468,16093,158
2020-11-10,Yolo,113,214977,3856,3573,10,3583,63
2020-11-10,Yuba,115,75493,1509,1392,7,1399,10
2020-11-09,Alameda,001,1643700,26004,24899,253,25152,424
2020-11-09,Alpine,003,1148,27,6,0,6,0
2020-11-09,Amador,005,37829,409,380,0,380,16
2020-11-09,Butte,007,227075,3507,3301,81,3382,57
2020-11-09,Calaveras,009,45235,367,360,0,360,21
2020-11-09,Colusa,011,21464,600,583,1,584,6
2020-11-09,Contra Costa,013,1133247,21092,20193,106,20299,255
2020-11-09,Del Norte,015,27424,218,195,0,195,2
2020-11-09,El Dorado,017,186661,1717,1515,8,1523,4
2020-11-09,Fresno,019,978130,36511,32755,725,33480,465
2020-11-09,Glenn,021,27897,776,714,9,723,3
2020-11-09,Humboldt,023,135768,666,607,1,608,9
2020-11-09,Imperial,025,180216,13981,13508,55,13563,338
2020-11-09,Inyo,027,18085,267,252,5,257,14
2020-11-09,Kern,029,883053,36191,34764,653,35417,448
2020-11-09,Kings,031,150075,9632,9141,90,9231,84
2020-11-09,Lake,033,64148,799,755,0,755,16
2020-11-09,Lassen,035,31185,1025,799,2,801,0
2020-11-09,Los Angeles,037,10098052,331611,320370,3745,324115,7180
2020-11-09,Madera,039,155013,5509,5209,70,5279,54
2020-11-09,Marin,041,260295,7380,7237,22,7259,131
2020-11-09,Mariposa,043,17540,90,84,0,84,2
2020-11-09,Mendocino,045,87422,1224,1132,5,1137,22
2020-11-09,Merced,047,269075,10301,9922,65,9987,157
2020-11-09,Modoc,049,8938,74,54,12,66,0
2020-11-09,Mono,051,14174,467,352,8,360,2
2020-11-09,Monterey,053,433212,12888,12148,126,12274,98
2020-11-09,Napa,055,140530,2513,2309,10,2319,15
2020-11-09,Nevada,057,99092,849,729,22,751,9
2020-11-09,Orange,059,3164182,66058,62335,1991,64326,1501
2020-11-09,Placer,061,380077,5360,4843,37,4880,60
2020-11-09,Plumas,063,18699,134,102,0,102,0
2020-11-09,Riverside,065,2383286,75269,72059,892,72951,1346
2020-11-09,Sacramento,067,1510023,30094,28200,48,28248,516
2020-11-09,San Benito,069,59416,1586,1506,1,1507,15
2020-11-09,San Bernardino,071,2135413,74115,69015,659,69674,1182
2020-11-09,San Diego,073,3302833,65093,60572,2045,62617,908
2020-11-09,San Francisco,075,870044,13646,12984,71,13055,146
2020-11-09,San Joaquin,077,732212,23699,22512,323,22835,505
2020-11-09,San Luis Obispo,079,281455,5273,4746,66,4812,32
2020-11-09,San Mateo,081,765935,12541,11857,10,11867,169
2020-11-09,Santa Barbara,083,443738,10657,10214,146,10360,134
2020-11-09,Santa Clara,085,1922200,28890,26693,53,26746,409
2020-11-09,Santa Cruz,087,273765,3440,3194,37,3231,25
2020-11-09,Shasta,089,179085,3519,2581,50,2631,36
2020-11-09,Sierra,091,2930,10,10,0,10,0
2020-11-09,Siskiyou,093,43540,315,257,14,271,0
2020-11-09,Solano,095,438530,8660,8254,42,8296,85
2020-11-09,Sonoma,097,501317,10864,10310,34,10344,150
2020-11-09,Stanislaus,099,539301,19147,18482,964,19446,418
2020-11-09,Sutter,101,95872,2229,2010,4,2014,12
2020-11-09,Tehama,103,63373,1203,1071,3,1074,7
2020-11-09,Trinity,105,12862,149,46,18,64,0
2020-11-09,Tulare,107,460477,19232,18272,691,18963,304
2020-11-09,Tuolumne,109,53932,497,346,4,350,7
2020-11-09,Ventura,111,848112,16652,15568,465,16033,156
2020-11-09,Yolo,113,214977,3796,3522,9,3531,62
2020-11-09,Yuba,115,75493,1476,1380,7,1387,10
2020-11-08,Alameda,001,1643700,25774,24731,253,24984,424
2020-11-08,Alpine,003,1148,24,6,0,6,0
2020-11-08,Amador,005,37829,402,376,0,376,16
2020-11-08,Butte,007,227075,3469,3285,74,3359,57
2020-11-08,Calaveras,009,45235,365,360,0,360,21
2020-11-08,Colusa,011,21464,597,583,1,584,6
2020-11-08,Contra Costa,013,1133247,20922,20031,104,20135,254
2020-11-08,Del Norte,015,27424,210,195,0,195,2
2020-11-08,El Dorado,017,186661,1679,1502,8,1510,4
2020-11-08,Fresno,019,978130,36174,32619,687,33306,465
2020-11-08,Glenn,021,27897,770,707,8,715,3
2020-11-08,Humboldt,023,135768,650,605,1,606,9
2020-11-08,Imperial,025,180216,13865,13428,55,13483,338
2020-11-08,Inyo,027,18085,263,252,5,257,14
2020-11-08,Kern,029,883053,35972,34644,636,35280,448
2020-11-08,Kings,031,150075,9498,9026,87,9113,84
2020-11-08,Lake,033,64148,791,754,0,754,16
2020-11-08,Lassen,035,31185,877,799,2,801,0
2020-11-08,Los Angeles,037,10098052,328485,318960,3677,322637,7176
2020-11-08,Madera,039,155013,5440,5196,67,5263,54
2020-11-08,Marin,041,260295,7360,7227,22,7249,131
2020-11-08,Mariposa,043,17540,90,83,0,83,2
2020-11-08,Mendocino,045,87422,1215,1129,5,1134,22
2020-11-08,Merced,047,269075,10226,9885,63,9948,157
2020-11-08,Modoc,049,8938,70,54,12,66,0
2020-11-08,Mono,051,14174,461,352,8,360,2
2020-11-08,Monterey,053,433212,12743,12122,115,12237,98
2020-11-08,Napa,055,140530,2473,2274,10,2284,15
2020-11-08,Nevada,057,99092,833,715,22,737,9
2020-11-08,Orange,059,3164182,65469,62034,1977,64011,1501
2020-11-08,Placer,061,380077,5257,4800,32,4832,60
2020-11-08,Plumas,063,18699,129,102,0,102,0
2020-11-08,Riverside,065,2383286,74614,71442,850,72292,1345
2020-11-08,Sacramento,067,1510023,29534,28059,45,28104,515
2020-11-08,San Benito,069,59416,1571,1496,1,1497,15
2020-11-08,San Bernardino,071,2135413,72864,68412,620,69032,1182
2020-11-08,San Diego,073,3302833,64248,60199,2001,62200,908
2020-11-08,San Francisco,075,870044,13515,12985,66,13051,146
2020-11-08,San Joaquin,077,732212,23505,22514,319,22833,505
2020-11-08,San Luis Obispo,079,281455,5207,4698,61,4759,32
2020-11-08,San Mateo,081,765935,12422,11783,10,11793,169
2020-11-08,Santa Barbara,083,443738,10587,10180,144,10324,134
2020-11-08,Santa Clara,085,1922200,28516,26442,52,26494,410
2020-11-08,Santa Cruz,087,273765,3383,3134,37,3171,25
2020-11-08,Shasta,089,179085,3382,2582,44,2626,36
2020-11-08,Sierra,091,2930,10,7,0,7,0
2020-11-08,Siskiyou,093,43540,303,246,13,259,0
2020-11-08,Solano,095,438530,8539,8132,41,8173,85
2020-11-08,Sonoma,097,501317,10757,10229,34,10263,149
2020-11-08,Stanislaus,099,539301,18971,18413,943,19356,418
2020-11-08,Sutter,101,95872,2171,1980,4,1984,12
2020-11-08,Tehama,103,63373,1179,1054,3,1057,7
2020-11-08,Trinity,105,12862,146,46,17,63,0
2020-11-08,Tulare,107,460477,19089,18272,661,18933,304
2020-11-08,Tuolumne,109,53932,470,341,4,345,7
2020-11-08,Ventura,111,848112,16457,15504,457,15961,156
2020-11-08,Yolo,113,214977,3735,3492,9,3501,61
2020-11-08,Yuba,115,75493,1455,1369,7,1376,10
2020-11-07,Alameda,001,1643700,25664,24578,251,24829,424
2020-11-07,Alpine,003,1148,24,6,0,6,0
2020-11-07,Amador,005,37829,399,375,0,375,16
2020-11-07,Butte,007,227075,3457,3277,69,3346,57
2020-11-07,Calaveras,009,45235,363,360,0,360,21
2020-11-07,Colusa,011,21464,597,583,1,584,6
2020-11-07,Contra Costa,013,1133247,20821,19943,103,20046,254
2020-11-07,Del Norte,015,27424,206,194,0,194,2
2020-11-07,El Dorado,017,186661,1654,1495,7,1502,4
2020-11-07,Fresno,019,978130,36020,32497,664,33161,465
2020-11-07,Glenn,021,27897,762,707,8,715,3
2020-11-07,Humboldt,023,135768,639,590,1,591,9
2020-11-07,Imperial,025,180216,13807,13388,54,13442,338
2020-11-07,Inyo,027,18085,261,252,5,257,14
2020-11-07,Kern,029,883053,35817,34513,626,35139,448
2020-11-07,Kings,031,150075,9465,9005,81,9086,84
2020-11-07,Lake,033,64148,787,751,0,751,16
2020-11-07,Lassen,035,31185,861,799,2,801,0
2020-11-07,Los Angeles,037,10098052,326977,316756,3609,320365,7174
2020-11-07,Madera,039,155013,5418,5177,65,5242,54
2020-11-07,Marin,041,260295,7349,7215,22,7237,131
2020-11-07,Mariposa,043,17540,90,81,0,81,2
2020-11-07,Mendocino,045,87422,1204,1118,5,1123,22
2020-11-07,Merced,047,269075,10194,9855,59,9914,157
2020-11-07,Modoc,049,8938,70,51,12,63,0
2020-11-07,Mono,051,14174,458,352,8,360,2
2020-11-07,Monterey,053,433212,12674,12030,111,12141,98
2020-11-07,Napa,055,140530,2443,2260,9,2269,15
2020-11-07,Nevada,057,99092,816,710,22,732,9
2020-11-07,Orange,059,3164182,65183,62038,1971,64009,1505
2020-11-07,Placer,061,380077,5194,4745,32,4777,60
2020-11-07,Plumas,063,18699,127,94,0,94,0
2020-11-07,Riverside,065,2383286,74219,71153,822,71975,1345
2020-11-07,Sacramento,067,1510023,29283,27773,45,27818,515
2020-11-07,San Benito,069,59416,1559,1489,1,1490,15
2020-11-07,San Bernardino,071,2135413,72349,67935,609,68544,1182
2020-11-07,San Diego,073,3302833,63736,59682,1969,61651,909
2020-11-07,San Francisco,075,870044,13454,12980,65,13045,146
2020-11-07,San Joaquin,077,732212,23396,22517,313,22830,505
2020-11-07,San Luis Obispo,079,281455,5158,4668,58,4726,32
2020-11-07,San Mateo,081,765935,12359,11711,10,11721,169
2020-11-07,Santa Barbara,083,443738,10545,10157,142,10299,134
2020-11-07,Santa Clara,085,1922200,28311,26244,51,26295,410
2020-11-07,Santa Cruz,087,273765,3345,3130,37,3167,25
2020-11-07,Shasta,089,179085,3313,2547,42,2589,36
2020-11-07,Sierra,091,2930,10,7,0,7,0
2020-11-07,Siskiyou,093,43540,299,241,13,254,0
2020-11-07,Solano,095,438530,8487,8066,41,8107,85
2020-11-07,Sonoma,097,501317,10711,10200,34,10234,149
2020-11-07,Stanislaus,099,539301,18862,18386,926,19312,418
2020-11-07,Sutter,101,95872,2131,1973,4,1977,12
2020-11-07,Tehama,103,63373,1155,1043,3,1046,7
2020-11-07,Trinity,105,12862,146,42,16,58,0
2020-11-07,Tulare,107,460477,19033,18229,644,18873,304
2020-11-07,Tuolumne,109,53932,459,327,4,331,7
2020-11-07,Ventura,111,848112,16397,15364,452,15816,156
2020-11-07,Yolo,113,214977,3704,3486,9,3495,61
2020-11-07,Yuba,115,75493,1440,1349,7,1356,10
2020-11-06,Alameda,001,1643700,25532,24389,249,24638,420
2020-11-06,Alpine,003,1148,24,6,0,6,0
2020-11-06,Amador,005,37829,397,369,0,369,16
2020-11-06,Butte,007,227075,3432,3254,61,3315,57
2020-11-06,Calaveras,009,45235,362,359,0,359,21
2020-11-06,Colusa,011,21464,595,580,1,581,6
2020-11-06,Contra Costa,013,1133247,20672,19744,103,19847,252
2020-11-06,Del Norte,015,27424,203,194,0,194,2
2020-11-06,El Dorado,017,186661,1628,1475,7,1482,4
2020-11-06,Fresno,019,978130,35832,32278,647,32925,460
2020-11-06,Glenn,021,27897,756,707,7,714,3
2020-11-06,Humboldt,023,135768,636,587,1,588,9
2020-11-06,Imperial,025,180216,13754,13230,54,13284,338
2020-11-06,Inyo,027,18085,259,246,5,251,14
2020-11-06,Kern,029,883053,35652,34360,608,34968,443
2020-11-06,Kings,031,150075,9441,8883,79,8962,83
2020-11-06,Lake,033,64148,786,741,0,741,16
2020-11-06,Lassen,035,31185,853,794,2,796,0
2020-11-06,Los Angeles,037,10098052,325004,314356,3556,317912,7160
2020-11-06,Madera,039,155013,5402,5136,64,5200,54
2020-11-06,Marin,041,260295,7328,7184,22,7206,131
2020-11-06,Mariposa,043,17540,89,79,0,79,2
2020-11-06,Mendocino,045,87422,1199,1113,5,1118,22
2020-11-06,Merced,047,269075,10154,9778,56,9834,157
2020-11-06,Modoc,049,8938,70,48,12,60,0
2020-11-06,Mono,051,14174,452,308,8,316,1
2020-11-06,Monterey,053,433212,12557,11914,110,12024,96
2020-11-06,Napa,055,140530,2418,2189,9,2198,15
2020-11-06,Nevada,057,99092,803,692,21,713,9
2020-11-06,Orange,059,3164182,64880,61049,1961,63010,1494
2020-11-06,Placer,061,380077,5121,4680,32,4712,60
2020-11-06,Plumas,063,18699,122,90,0,90,0
2020-11-06,Riverside,065,2383286,73769,70409,781,71190,1341
2020-11-06,Sacramento,067,1510023,28991,27489,43,27532,514
2020-11-06,San Benito,069,59416,1550,1479,1,1480,15
2020-11-06,San Bernardino,071,2135413,71753,66740,588,67328,1179
2020-11-06,San Diego,073,3302833,63212,59143,1937,61080,907
2020-11-06,San Francisco,075,870044,13384,12825,64,12889,146
2020-11-06,San Joaquin,077,732212,23311,22424,303,22727,502
2020-11-06,San Luis Obispo,079,281455,5093,4531,52,4583,32
2020-11-06,San Mateo,081,765935,12284,11587,10,11597,168
2020-11-06,Santa Barbara,083,443738,10509,10118,137,10255,133
2020-11-06,Santa Clara,085,1922200,28069,25831,51,25882,402
2020-11-06,Santa Cruz,087,273765,3308,3063,37,3100,25
2020-11-06,Shasta,089,179085,3240,2475,41,2516,35
2020-11-06,Sierra,091,2930,9,7,0,7,0
2020-11-06,Siskiyou,093,43540,286,237,12,249,0
2020-11-06,Solano,095,438530,8422,7959,41,8000,85
2020-11-06,Sonoma,097,501317,10661,10142,34,10176,149
2020-11-06,Stanislaus,099,539301,18774,18250,917,19167,417
2020-11-06,Sutter,101,95872,2104,1937,2,1939,12
2020-11-06,Tehama,103,63373,1134,1024,3,1027,6
2020-11-06,Trinity,105,12862,143,41,16,57,0
2020-11-06,Tulare,107,460477,18969,18136,619,18755,300
2020-11-06,Tuolumne,109,53932,438,316,4,320,5
2020-11-06,Ventura,111,848112,16311,15222,449,15671,154
2020-11-06,Yolo,113,214977,3675,3420,9,3429,62
2020-11-06,Yuba,115,75493,1427,1335,7,1342,10
2020-11-05,Alameda,001,1643700,25354,24270,249,24519,420
2020-11-05,Alpine,003,1148,24,6,0,6,0
2020-11-05,Amador,005,37829,394,363,0,363,16
2020-11-05,Butte,007,227075,3409,3239,55,3294,57
2020-11-05,Calaveras,009,45235,355,333,0,333,19
2020-11-05,Colusa,011,21464,591,574,1,575,6
2020-11-05,Contra Costa,013,1133247,20490,19656,101,19757,252
2020-11-05,Del Norte,015,27424,201,192,0,192,2
2020-11-05,El Dorado,017,186661,1604,1466,7,1473,4
2020-11-05,Fresno,019,978130,35588,32056,622,32678,460
2020-11-05,Glenn,021,27897,736,702,7,709,3
2020-11-05,Humboldt,023,135768,625,581,1,582,9
2020-11-05,Imperial,025,180216,13662,13178,52,13230,337
2020-11-05,Inyo,027,18085,259,247,5,252,14
2020-11-05,Kern,029,883053,35450,34232,594,34826,443
2020-11-05,Kings,031,150075,9286,8846,76,8922,83
2020-11-05,Lake,033,64148,782,739,0,739,16
2020-11-05,Lassen,035,31185,822,782,2,784,0
2020-11-05,Los Angeles,037,10098052,322648,312381,3503,315884,7146
2020-11-05,Madera,039,155013,5363,5129,61,5190,54
2020-11-05,Marin,041,260295,7306,7171,22,7193,131
2020-11-05,Mariposa,043,17540,88,79,0,79,2
2020-11-05,Mendocino,045,87422,1187,1112,5,1117,22
2020-11-05,Merced,047,269075,10095,9753,51,9804,155
2020-11-05,Modoc,049,8938,69,47,11,58,0
2020-11-05,Mono,051,14174,450,307,8,315,1
2020-11-05,Monterey,053,433212,12449,11784,106,11890,96
2020-11-05,Napa,055,140530,2391,2158,9,2167,15
2020-11-05,Nevada,057,99092,781,687,20,707,9
2020-11-05,Orange,059,3164182,64433,60740,1951,62691,1484
2020-11-05,Placer,061,380077,5052,4627,27,4654,60
2020-11-05,Plumas,063,18699,114,90,0,90,0
2020-11-05,Riverside,065,2383286,73058,70094,723,70817,1338
2020-11-05,Sacramento,067,1510023,28610,27232,42,27274,512
2020-11-05,San Benito,069,59416,1535,1477,1,1478,15
2020-11-05,San Bernardino,071,2135413,70926,66407,575,66982,1174
2020-11-05,San Diego,073,3302833,62586,58659,1911,60570,904
2020-11-05,San Francisco,075,870044,13272,12726,63,12789,146
2020-11-05,San Joaquin,077,732212,23147,22318,299,22617,502
2020-11-05,San Luis Obispo,079,281455,5026,4459,50,4509,32
2020-11-05,San Mateo,081,765935,12190,11535,10,11545,168
2020-11-05,Santa Barbara,083,443738,10465,10080,134,10214,133
2020-11-05,Santa Clara,085,1922200,27802,25651,51,25702,402
2020-11-05,Santa Cruz,087,273765,3270,3023,37,3060,25
2020-11-05,Shasta,089,179085,3150,2401,40,2441,34
2020-11-05,Sierra,091,2930,9,6,0,6,0
2020-11-05,Siskiyou,093,43540,275,228,12,240,0
2020-11-05,Solano,095,438530,8339,7842,41,7883,85
2020-11-05,Sonoma,097,501317,10549,10064,33,10097,145
2020-11-05,Stanislaus,099,539301,18660,18194,904,19098,417
2020-11-05,Sutter,101,95872,2072,1925,2,1927,12
2020-11-05,Tehama,103,63373,1112,1015,2,1017,6
2020-11-05,Trinity,105,12862,127,41,15,56,0
2020-11-05,Tulare,107,460477,18881,18049,592,18641,301
2020-11-05,Tuolumne,109,53932,409,312,4,316,5
2020-11-05,Ventura,111,848112,16145,15113,438,15551,155
2020-11-05,Yolo,113,214977,3625,3391,9,3400,61
2020-11-05,Yuba,115,75493,1409,1322,7,1329,10
2020-11-04,Alameda,001,1643700,25177,24172,247,24419,418
2020-11-04,Alpine,003,1148,20,5,0,5,0
2020-11-04,Amador,005,37829,391,362,0,362,16
2020-11-04,Butte,007,227075,3383,3218,52,3270,57
2020-11-04,Calaveras,009,45235,352,290,0,290,19
2020-11-04,Colusa,011,21464,589,571,1,572,6
2020-11-04,Contra Costa,013,1133247,20323,19472,98,19570,251
2020-11-04,Del Norte,015,27424,197,188,0,188,2
2020-11-04,El Dorado,017,186661,1589,1448,4,1452,4
2020-11-04,Fresno,019,978130,35355,31952,594,32546,457
2020-11-04,Glenn,021,27897,732,701,6,707,3
2020-11-04,Humboldt,023,135768,616,571,1,572,9
2020-11-04,Imperial,025,180216,13564,13087,52,13139,335
2020-11-04,Inyo,027,18085,258,247,5,252,14
2020-11-04,Kern,029,883053,35295,34027,583,34610,439
2020-11-04,Kings,031,150075,9252,8817,74,8891,83
2020-11-04,Lake,033,64148,775,735,0,735,16
2020-11-04,Lassen,035,31185,817,781,2,783,0
2020-11-04,Los Angeles,037,10098052,320338,310456,3423,313879,7124
2020-11-04,Madera,039,155013,5343,5083,57,5140,54
2020-11-04,Marin,041,260295,7294,7157,22,7179,131
2020-11-04,Mariposa,043,17540,88,79,0,79,2
2020-11-04,Mendocino,045,87422,1169,1089,5,1094,22
2020-11-04,Merced,047,269075,10045,9717,49,9766,153
2020-11-04,Modoc,049,8938,59,47,11,58,0
2020-11-04,Mono,051,14174,447,237,7,244,1
2020-11-04,Monterey,053,433212,12244,11743,100,11843,96
2020-11-04,Napa,055,140530,2337,2133,9,2142,15
2020-11-04,Nevada,057,99092,762,675,20,695,9
2020-11-04,Orange,059,3164182,63999,60463,1928,62391,1483
2020-11-04,Placer,061,380077,4973,4526,24,4550,60
2020-11-04,Plumas,063,18699,112,88,0,88,0
2020-11-04,Riverside,065,2383286,72441,69562,664,70226,1335
2020-11-04,Sacramento,067,1510023,28259,27005,41,27046,510
2020-11-04,San Benito,069,59416,1520,1464,1,1465,15
2020-11-04,San Bernardino,071,2135413,70129,65891,552,66443,1169
2020-11-04,San Diego,073,3302833,61940,58126,1885,60011,904
2020-11-04,San Francisco,075,870044,13188,12649,60,12709,146
2020-11-04,San Joaquin,077,732212,23010,22197,286,22483,500
2020-11-04,San Luis Obispo,079,281455,4959,4389,48,4437,32
2020-11-04,San Mateo,081,765935,12095,11456,10,11466,168
2020-11-04,Santa Barbara,083,443738,10427,10026,133,10159,132
2020-11-04,Santa Clara,085,1922200,27539,25487,51,25538,393
2020-11-04,Santa Cruz,087,273765,3233,2997,37,3034,25
2020-11-04,Shasta,089,179085,3020,2321,35,2356,34
2020-11-04,Sierra,091,2930,9,6,0,6,0
2020-11-04,Siskiyou,093,43540,266,222,12,234,0
2020-11-04,Solano,095,438530,8240,7733,41,7774,85
2020-11-04,Sonoma,097,501317,10455,9965,33,9998,142
2020-11-04,Stanislaus,099,539301,18543,18114,889,19003,416
2020-11-04,Sutter,101,95872,2038,1916,2,1918,12
2020-11-04,Tehama,103,63373,1088,997,2,999,6
2020-11-04,Trinity,105,12862,123,37,15,52,0
2020-11-04,Tulare,107,460477,18772,17952,564,18516,298
2020-11-04,Tuolumne,109,53932,387,310,4,314,5
2020-11-04,Ventura,111,848112,16004,14936,435,15371,155
2020-11-04,Yolo,113,214977,3584,3361,9,3370,62
2020-11-04,Yuba,115,75493,1388,1312,7,1319,10
2020-11-03,Alameda,001,1643700,24993,24055,245,24300,418
2020-11-03,Alpine,003,1148,19,4,0,4,0
2020-11-03,Amador,005,37829,386,361,0,361,16
2020-11-03,Butte,007,227075,3359,3211,47,3258,57
2020-11-03,Calaveras,009,45235,348,287,0,287,19
2020-11-03,Colusa,011,21464,584,572,1,573,6
2020-11-03,Contra Costa,013,1133247,20168,19416,98,19514,250
2020-11-03,Del Norte,015,27424,196,187,0,187,2
2020-11-03,El Dorado,017,186661,1567,1445,3,1448,4
2020-11-03,Fresno,019,978130,35085,31856,572,32428,457
2020-11-03,Glenn,021,27897,726,698,6,704,3
2020-11-03,Humboldt,023,135768,610,570,1,571,8
2020-11-03,Imperial,025,180216,13475,13044,50,13094,335
2020-11-03,Inyo,027,18085,257,244,5,249,14
2020-11-03,Kern,029,883053,35104,33957,572,34529,439
2020-11-03,Kings,031,150075,9089,8783,69,8852,83
2020-11-03,Lake,033,64148,765,732,0,732,16
2020-11-03,Lassen,035,31185,808,782,2,784,0
2020-11-03,Los Angeles,037,10098052,317882,308812,3355,312167,7104
2020-11-03,Madera,039,155013,5306,5058,56,5114,54
2020-11-03,Marin,041,260295,7274,7147,21,7168,131
2020-11-03,Mariposa,043,17540,87,79,0,79,2
2020-11-03,Mendocino,045,87422,1154,1084,5,1089,22
2020-11-03,Merced,047,269075,9992,9713,48,9761,153
2020-11-03,Modoc,049,8938,57,47,9,56,0
2020-11-03,Mono,051,14174,443,210,7,217,1
2020-11-03,Monterey,053,433212,12175,11703,93,11796,94
2020-11-03,Napa,055,140530,2301,2130,9,2139,15
2020-11-03,Nevada,057,99092,742,670,19,689,9
2020-11-03,Orange,059,3164182,63570,60283,1917,62200,1477
2020-11-03,Placer,061,380077,4899,4514,24,4538,60
2020-11-03,Plumas,063,18699,109,86,0,86,0
2020-11-03,Riverside,065,2383286,71822,69300,639,69939,1325
2020-11-03,Sacramento,067,1510023,27879,26841,40,26881,510
2020-11-03,San Benito,069,59416,1510,1463,1,1464,15
2020-11-03,San Bernardino,071,2135413,69318,65320,544,65864,1159
2020-11-03,San Diego,073,3302833,61264,57722,1841,59563,901
2020-11-03,San Francisco,075,870044,13065,12585,60,12645,146
2020-11-03,San Joaquin,077,732212,22875,22109,280,22389,500
2020-11-03,San Luis Obispo,079,281455,4874,4371,46,4417,32
2020-11-03,San Mateo,081,765935,12000,11406,10,11416,162
2020-11-03,Santa Barbara,083,443738,10373,10008,128,10136,132
2020-11-03,Santa Clara,085,1922200,27267,25386,50,25436,393
2020-11-03,Santa Cruz,087,273765,3183,2980,36,3016,25
2020-11-03,Shasta,089,179085,2926,2288,28,2316,33
2020-11-03,Sierra,091,2930,7,6,0,6,0
2020-11-03,Siskiyou,093,43540,262,219,11,230,0
2020-11-03,Solano,095,438530,8157,7691,41,7732,85
2020-11-03,Sonoma,097,501317,10353,9906,33,9939,142
2020-11-03,Stanislaus,099,539301,18422,18080,878,18958,416
2020-11-03,Sutter,101,95872,2005,1914,2,1916,12
2020-11-03,Tehama,103,63373,1067,988,2,990,6
2020-11-03,Trinity,105,12862,116,36,14,50,0
2020-11-03,Tulare,107,460477,18666,17890,539,18429,297
2020-11-03,Tuolumne,109,53932,364,302,4,306,5
2020-11-03,Ventura,111,848112,15877,14816,428,15244,155
2020-11-03,Yolo,113,214977,3533,3343,9,3352,61
2020-11-03,Yuba,115,75493,1375,1295,7,1302,10
2020-11-02,Alameda,001,1643700,24797,23991,242,24233,419
2020-11-02,Alpine,003,1148,16,4,0,4,0
2020-11-02,Amador,005,37829,378,357,0,357,16
2020-11-02,Butte,007,227075,3339,3198,44,3242,57
2020-11-02,Calaveras,009,45235,348,282,0,282,18
2020-11-02,Colusa,011,21464,579,571,1,572,6
2020-11-02,Contra Costa,013,1133247,20014,19339,97,19436,250
2020-11-02,Del Norte,015,27424,193,175,0,175,2
2020-11-02,El Dorado,017,186661,1543,1405,3,1408,4
2020-11-02,Fresno,019,978130,34815,31738,555,32293,451
2020-11-02,Glenn,021,27897,720,692,5,697,3
2020-11-02,Humboldt,023,135768,601,569,1,570,8
2020-11-02,Imperial,025,180216,13395,13004,49,13053,334
2020-11-02,Inyo,027,18085,254,243,5,248,14
2020-11-02,Kern,029,883053,34946,33834,562,34396,437
2020-11-02,Kings,031,150075,9059,8654,66,8720,82
2020-11-02,Lake,033,64148,759,728,0,728,17
2020-11-02,Lassen,035,31185,800,782,2,784,0
2020-11-02,Los Angeles,037,10098052,315537,307620,3277,310897,7079
2020-11-02,Madera,039,155013,5276,5033,55,5088,54
2020-11-02,Marin,041,260295,7256,7132,20,7152,125
2020-11-02,Mariposa,043,17540,87,79,0,79,2
2020-11-02,Mendocino,045,87422,1140,1076,5,1081,21
2020-11-02,Merced,047,269075,9930,9664,42,9706,152
2020-11-02,Modoc,049,8938,54,45,5,50,0
2020-11-02,Mono,051,14174,441,211,7,218,1
2020-11-02,Monterey,053,433212,12068,11602,90,11692,93
2020-11-02,Napa,055,140530,2259,2081,9,2090,15
2020-11-02,Nevada,057,99092,726,656,19,675,9
2020-11-02,Orange,059,3164182,63165,59996,1901,61897,1474
2020-11-02,Placer,061,380077,4831,4461,22,4483,60
2020-11-02,Plumas,063,18699,101,86,0,86,0
2020-11-02,Riverside,065,2383286,71191,68833,598,69431,1321
2020-11-02,Sacramento,067,1510023,27537,26676,38,26714,508
2020-11-02,San Benito,069,59416,1498,1459,1,1460,15
2020-11-02,San Bernardino,071,2135413,68464,64629,533,65162,1157
2020-11-02,San Diego,073,3302833,60541,57429,1796,59225,891
2020-11-02,San Francisco,075,870044,12968,12436,59,12495,145
2020-11-02,San Joaquin,077,732212,22735,21919,272,22191,500
2020-11-02,San Luis Obispo,079,281455,4774,4303,43,4346,31
2020-11-02,San Mateo,081,765935,11891,11328,10,11338,161
2020-11-02,Santa Barbara,083,443738,10332,9985,123,10108,130
2020-11-02,Santa Clara,085,1922200,26977,25222,50,25272,387
2020-11-02,Santa Cruz,087,273765,3141,2943,36,2979,25
2020-11-02,Shasta,089,179085,2823,2174,24,2198,33
2020-11-02,Sierra,091,2930,7,6,0,6,0
2020-11-02,Siskiyou,093,43540,252,216,11,227,0
2020-11-02,Solano,095,438530,8039,7665,41,7706,84
2020-11-02,Sonoma,097,501317,10270,9796,32,9828,140
2020-11-02,Stanislaus,099,539301,18326,18005,869,18874,412
2020-11-02,Sutter,101,95872,1981,1895,2,1897,12
2020-11-02,Tehama,103,63373,1044,971,2,973,6
2020-11-02,Trinity,105,12862,110,30,14,44,0
2020-11-02,Tulare,107,460477,18573,17774,518,18292,299
2020-11-02,Tuolumne,109,53932,343,302,4,306,5
2020-11-02,Ventura,111,848112,15736,14767,414,15181,156
2020-11-02,Yolo,113,214977,3484,3318,9,3327,61
2020-11-02,Yuba,115,75493,1362,1280,7,1287,10
2020-11-01,Alameda,001,1643700,24634,23892,240,24132,419
2020-11-01,Alpine,003,1148,10,4,0,4,0
2020-11-01,Amador,005,37829,375,352,0,352,16
2020-11-01,Butte,007,227075,3315,3185,43,3228,57
2020-11-01,Calaveras,009,45235,347,282,0,282,18
2020-11-01,Colusa,011,21464,577,567,1,568,6
2020-11-01,Contra Costa,013,1133247,19840,19246,96,19342,250
2020-11-01,Del Norte,015,27424,189,175,0,175,2
2020-11-01,El Dorado,017,186661,1527,1394,3,1397,4
2020-11-01,Fresno,019,978130,34557,31613,535,32148,451
2020-11-01,Glenn,021,27897,711,688,3,691,3
2020-11-01,Humboldt,023,135768,593,568,1,569,8
2020-11-01,Imperial,025,180216,13304,12969,47,13016,334
2020-11-01,Inyo,027,18085,252,241,5,246,14
2020-11-01,Kern,029,883053,34765,33760,467,34227,437
2020-11-01,Kings,031,150075,9021,8641,65,8706,82
2020-11-01,Lake,033,64148,753,727,0,727,17
2020-11-01,Lassen,035,31185,800,782,2,784,0
2020-11-01,Los Angeles,037,10098052,312969,306217,3184,309401,7077
2020-11-01,Madera,039,155013,5228,5019,53,5072,54
2020-11-01,Marin,041,260295,7239,7124,20,7144,125
2020-11-01,Mariposa,043,17540,83,79,0,79,2
2020-11-01,Mendocino,045,87422,1127,1074,5,1079,21
2020-11-01,Merced,047,269075,9869,9626,42,9668,152
2020-11-01,Modoc,049,8938,53,45,5,50,0
2020-11-01,Mono,051,14174,412,211,6,217,1
2020-11-01,Monterey,053,433212,11960,11587,87,11674,93
2020-11-01,Napa,055,140530,2225,2067,9,2076,15
2020-11-01,Nevada,057,99092,710,646,18,664,9
2020-11-01,Orange,059,3164182,62763,59733,1874,61607,1475
2020-11-01,Placer,061,380077,4765,4422,21,4443,58
2020-11-01,Plumas,063,18699,96,86,0,86,0
2020-11-01,Riverside,065,2383286,70561,68493,562,69055,1319
2020-11-01,Sacramento,067,1510023,27216,26442,38,26480,508
2020-11-01,San Benito,069,59416,1483,1451,1,1452,15
2020-11-01,San Bernardino,071,2135413,67621,64339,512,64851,1157
2020-11-01,San Diego,073,3302833,59853,57122,1756,58878,891
2020-11-01,San Francisco,075,870044,12845,12436,54,12490,145
2020-11-01,San Joaquin,077,732212,22607,21919,266,22185,500
2020-11-01,San Luis Obispo,079,281455,4694,4303,42,4345,31
2020-11-01,San Mateo,081,765935,11810,11280,10,11290,160
2020-11-01,Santa Barbara,083,443738,10281,9969,107,10076,130
2020-11-01,Santa Clara,085,1922200,26697,25090,50,25140,386
2020-11-01,Santa Cruz,087,273765,3088,2921,36,2957,25
2020-11-01,Shasta,089,179085,2688,2172,23,2195,33
2020-11-01,Sierra,091,2930,7,6,0,6,0
2020-11-01,Siskiyou,093,43540,247,205,11,216,0
2020-11-01,Solano,095,438530,7949,7591,41,7632,84
2020-11-01,Sonoma,097,501317,10178,9688,32,9720,140
2020-11-01,Stanislaus,099,539301,18225,17961,849,18810,412
2020-11-01,Sutter,101,95872,1955,1888,1,1889,12
2020-11-01,Tehama,103,63373,1027,965,2,967,5
2020-11-01,Trinity,105,12862,108,30,13,43,0
2020-11-01,Tulare,107,460477,18461,17774,487,18261,299
2020-11-01,Tuolumne,109,53932,321,295,4,299,5
2020-11-01,Ventura,111,848112,15587,14686,383,15069,156
2020-11-01,Yolo,113,214977,3436,3303,9,3312,60
2020-11-01,Yuba,115,75493,1345,1273,7,1280,10
2020-10-31,Alameda,001,1643700,24519,23780,236,24016,416
2020-10-31,Alpine,003,1148,10,4,0,4,0
2020-10-31,Amador,005,37829,371,347,0,347,16
2020-10-31,Butte,007,227075,3302,3172,41,3213,57
2020-10-31,Calaveras,009,45235,347,280,0,280,18
2020-10-31,Colusa,011,21464,575,555,1,556,6
2020-10-31,Contra Costa,013,1133247,19734,19161,96,19257,249
2020-10-31,Del Norte,015,27424,188,175,0,175,2
2020-10-31,El Dorado,017,186661,1518,1390,3,1393,4
2020-10-31,Fresno,019,978130,34421,31558,532,32090,451
2020-10-31,Glenn,021,27897,709,678,3,681,3
2020-10-31,Humboldt,023,135768,590,561,1,562,8
2020-10-31,Imperial,025,180216,13262,12912,47,12959,334
2020-10-31,Inyo,027,18085,251,241,5,246,14
2020-10-31,Kern,029,883053,34662,33666,457,34123,437
2020-10-31,Kings,031,150075,9000,8612,64,8676,82
2020-10-31,Lake,033,64148,749,724,0,724,16
2020-10-31,Lassen,035,31185,795,782,2,784,0
2020-10-31,Los Angeles,037,10098052,311597,304704,3140,307844,7073
2020-10-31,Madera,039,155013,5210,5013,50,5063,54
2020-10-31,Marin,041,260295,7223,7112,20,7132,125
2020-10-31,Mariposa,043,17540,83,79,0,79,2
2020-10-31,Mendocino,045,87422,1119,1066,5,1071,21
2020-10-31,Merced,047,269075,9836,9597,41,9638,151
2020-10-31,Modoc,049,8938,52,34,4,38,0
2020-10-31,Mono,051,14174,263,194,5,199,1
2020-10-31,Monterey,053,433212,11892,11539,83,11622,93
2020-10-31,Napa,055,140530,2206,2040,9,2049,15
2020-10-31,Nevada,057,99092,692,644,18,662,9
2020-10-31,Orange,059,3164182,62504,59488,1856,61344,1473
2020-10-31,Placer,061,380077,4715,4374,20,4394,58
2020-10-31,Plumas,063,18699,95,85,0,85,0
2020-10-31,Riverside,065,2383286,70204,68178,539,68717,1319
2020-10-31,Sacramento,067,1510023,27017,26316,36,26352,507
2020-10-31,San Benito,069,59416,1476,1448,1,1449,15
2020-10-31,San Bernardino,071,2135413,67196,64016,502,64518,1157
2020-10-31,San Diego,073,3302833,59400,56769,1728,58497,891
2020-10-31,San Francisco,075,870044,12771,12438,53,12491,145
2020-10-31,San Joaquin,077,732212,22532,21918,257,22175,500
2020-10-31,San Luis Obispo,079,281455,4625,4285,39,4324,31
2020-10-31,San Mateo,081,765935,11758,11253,10,11263,160
2020-10-31,Santa Barbara,083,443738,10253,9957,99,10056,130
2020-10-31,Santa Clara,085,1922200,26529,24957,50,25007,379
2020-10-31,Santa Cruz,087,273765,3053,2895,35,2930,25
2020-10-31,Shasta,089,179085,2634,2122,22,2144,33
2020-10-31,Sierra,091,2930,7,6,0,6,0
2020-10-31,Siskiyou,093,43540,245,200,11,211,0
2020-10-31,Solano,095,438530,7885,7545,41,7586,84
2020-10-31,Sonoma,097,501317,10125,9648,32,9680,140
2020-10-31,Stanislaus,099,539301,18162,17920,833,18753,412
2020-10-31,Sutter,101,95872,1946,1876,1,1877,12
2020-10-31,Tehama,103,63373,1017,953,2,955,5
2020-10-31,Trinity,105,12862,105,30,13,43,0
2020-10-31,Tulare,107,460477,18412,17758,479,18237,299
2020-10-31,Tuolumne,109,53932,314,290,4,294,5
2020-10-31,Ventura,111,848112,15503,14635,365,15000,155
2020-10-31,Yolo,113,214977,3401,3290,9,3299,60
2020-10-31,Yuba,115,75493,1329,1260,6,1266,10
2020-10-30,Alameda,001,1643700,24439,23676,234,23910,401
2020-10-30,Alpine,003,1148,10,4,0,4,0
2020-10-30,Amador,005,37829,371,344,0,344,16
2020-10-30,Butte,007,227075,3297,3160,41,3201,57
2020-10-30,Calaveras,009,45235,346,279,0,279,18
2020-10-30,Colusa,011,21464,573,554,1,555,6
2020-10-30,Contra Costa,013,1133247,19662,19074,96,19170,249
2020-10-30,Del Norte,015,27424,187,175,0,175,2
2020-10-30,El Dorado,017,186661,1505,1386,3,1389,4
2020-10-30,Fresno,019,978130,34299,31409,523,31932,446
2020-10-30,Glenn,021,27897,703,674,2,676,3
2020-10-30,Humboldt,023,135768,589,561,1,562,7
2020-10-30,Imperial,025,180216,13221,12853,47,12900,334
2020-10-30,Inyo,027,18085,250,241,5,246,14
2020-10-30,Kern,029,883053,34569,33583,456,34039,437
2020-10-30,Kings,031,150075,8990,8564,62,8626,82
2020-10-30,Lake,033,64148,749,720,0,720,16
2020-10-30,Lassen,035,31185,789,777,2,779,0
2020-10-30,Los Angeles,037,10098052,310161,303425,3105,306530,7060
2020-10-30,Madera,039,155013,5198,4991,48,5039,54
2020-10-30,Marin,041,260295,7203,7097,20,7117,125
2020-10-30,Mariposa,043,17540,83,78,0,78,2
2020-10-30,Mendocino,045,87422,1117,1062,5,1067,21
2020-10-30,Merced,047,269075,9804,9539,41,9580,150
2020-10-30,Modoc,049,8938,51,34,3,37,0
2020-10-30,Mono,051,14174,262,193,5,198,1
2020-10-30,Monterey,053,433212,11829,11491,78,11569,92
2020-10-30,Napa,055,140530,2188,2028,9,2037,15
2020-10-30,Nevada,057,99092,686,634,18,652,9
2020-10-30,Orange,059,3164182,62262,59334,1844,61178,1469
2020-10-30,Placer,061,380077,4668,4335,20,4355,58
2020-10-30,Plumas,063,18699,92,80,0,80,0
2020-10-30,Riverside,065,2383286,69864,67752,519,68271,1317
2020-10-30,Sacramento,067,1510023,26869,26147,36,26183,505
2020-10-30,San Benito,069,59416,1470,1440,1,1441,15
2020-10-30,San Bernardino,071,2135413,66781,63512,499,64011,1156
2020-10-30,San Diego,073,3302833,58995,56387,1706,58093,888
2020-10-30,San Francisco,075,870044,12716,12384,53,12437,145
2020-10-30,San Joaquin,077,732212,22465,21849,251,22100,500
2020-10-30,San Luis Obispo,079,281455,4582,4256,39,4295,31
2020-10-30,San Mateo,081,765935,11699,11207,10,11217,159
2020-10-30,Santa Barbara,083,443738,10230,9937,99,10036,128
2020-10-30,Santa Clara,085,1922200,26380,24811,50,24861,378
2020-10-30,Santa Cruz,087,273765,3035,2874,35,2909,25
2020-10-30,Shasta,089,179085,2590,2048,21,2069,32
2020-10-30,Sierra,091,2930,7,6,0,6,0
2020-10-30,Siskiyou,093,43540,245,192,11,203,0
2020-10-30,Solano,095,438530,7824,7497,41,7538,84
2020-10-30,Sonoma,097,501317,10050,9602,32,9634,140
2020-10-30,Stanislaus,099,539301,18114,17861,817,18678,410
2020-10-30,Sutter,101,95872,1933,1860,1,1861,12
2020-10-30,Tehama,103,63373,1013,932,2,934,5
2020-10-30,Trinity,105,12862,105,29,13,42,0
2020-10-30,Tulare,107,460477,18367,17682,464,18146,299
2020-10-30,Tuolumne,109,53932,307,286,4,290,4
2020-10-30,Ventura,111,848112,15430,14578,353,14931,154
2020-10-30,Yolo,113,214977,3384,3263,9,3272,60
2020-10-30,Yuba,115,75493,1321,1256,6,1262,10
2020-10-29,Alameda,001,1643700,24275,23530,233,23763,401
2020-10-29,Alpine,003,1148,7,4,0,4,0
2020-10-29,Amador,005,37829,367,338,0,338,16
2020-10-29,Butte,007,227075,3279,3143,40,3183,57
2020-10-29,Calaveras,009,45235,344,278,0,278,13
2020-10-29,Colusa,011,21464,569,552,1,553,6
2020-10-29,Contra Costa,013,1133247,19563,18933,95,19028,249
2020-10-29,Del Norte,015,27424,185,174,0,174,2
2020-10-29,El Dorado,017,186661,1483,1370,3,1373,4
2020-10-29,Fresno,019,978130,34142,31321,516,31837,445
2020-10-29,Glenn,021,27897,701,673,2,675,3
2020-10-29,Humboldt,023,135768,584,559,1,560,7
2020-10-29,Imperial,025,180216,13177,12769,47,12816,334
2020-10-29,Inyo,027,18085,248,238,5,243,14
2020-10-29,Kern,029,883053,34468,33460,452,33912,437
2020-10-29,Kings,031,150075,8836,8502,61,8563,82
2020-10-29,Lake,033,64148,746,702,0,702,16
2020-10-29,Lassen,035,31185,788,772,2,774,0
2020-10-29,Los Angeles,037,10098052,308533,302246,3058,305304,7046
2020-10-29,Madera,039,155013,5168,4970,46,5016,53
2020-10-29,Marin,041,260295,7189,7083,20,7103,125
2020-10-29,Mariposa,043,17540,81,78,0,78,2
2020-10-29,Mendocino,045,87422,1111,1058,5,1063,21
2020-10-29,Merced,047,269075,9751,9496,41,9537,150
2020-10-29,Modoc,049,8938,49,31,3,34,0
2020-10-29,Mono,051,14174,255,176,5,181,1
2020-10-29,Monterey,053,433212,11748,11425,76,11501,92
2020-10-29,Napa,055,140530,2164,2009,9,2018,15
2020-10-29,Nevada,057,99092,679,632,18,650,9
2020-10-29,Orange,059,3164182,61994,59046,1824,60870,1464
2020-10-29,Placer,061,380077,4623,4270,18,4288,58
2020-10-29,Plumas,063,18699,90,69,0,69,0
2020-10-29,Riverside,065,2383286,69487,67268,489,67757,1304
2020-10-29,Sacramento,067,1510023,26657,25978,35,26013,507
2020-10-29,San Benito,069,59416,1465,1431,1,1432,15
2020-10-29,San Bernardino,071,2135413,66213,62968,489,63457,1150
2020-10-29,San Diego,073,3302833,58529,55916,1677,57593,885
2020-10-29,San Francisco,075,870044,12637,12312,53,12365,145
2020-10-29,San Joaquin,077,732212,22381,21736,239,21975,498
2020-10-29,San Luis Obispo,079,281455,4552,4223,38,4261,31
2020-10-29,San Mateo,081,765935,11653,11145,10,11155,157
2020-10-29,Santa Barbara,083,443738,10197,9902,97,9999,128
2020-10-29,Santa Clara,085,1922200,26228,24614,50,24664,377
2020-10-29,Santa Cruz,087,273765,3010,2850,35,2885,24
2020-10-29,Shasta,089,179085,2527,2008,21,2029,32
2020-10-29,Sierra,091,2930,6,6,0,6,0
2020-10-29,Siskiyou,093,43540,229,185,11,196,0
2020-10-29,Solano,095,438530,7762,7453,41,7494,78
2020-10-29,Sonoma,097,501317,9986,9533,32,9565,140
2020-10-29,Stanislaus,099,539301,18061,17790,796,18586,410
2020-10-29,Sutter,101,95872,1925,1852,1,1853,12
2020-10-29,Tehama,103,63373,995,925,2,927,5
2020-10-29,Trinity,105,12862,100,28,12,40,0
2020-10-29,Tulare,107,460477,18289,17627,445,18072,299
2020-10-29,Tuolumne,109,53932,302,279,4,283,4
2020-10-29,Ventura,111,848112,15339,14486,349,14835,154
2020-10-29,Yolo,113,214977,3355,3246,9,3255,60
2020-10-29,Yuba,115,75493,1310,1248,6,1254,10
2020-10-28,Alameda,001,1643700,24175,23468,232,23700,400
2020-10-28,Alpine,003,1148,6,4,0,4,0
2020-10-28,Amador,005,37829,364,337,0,337,16
2020-10-28,Butte,007,227075,3263,3134,37,3171,56
2020-10-28,Calaveras,009,45235,343,278,0,278,13
2020-10-28,Colusa,011,21464,566,551,1,552,6
2020-10-28,Contra Costa,013,1133247,19476,18828,94,18922,246
2020-10-28,Del Norte,015,27424,182,173,0,173,2
2020-10-28,El Dorado,017,186661,1471,1363,3,1366,4
2020-10-28,Fresno,019,978130,34020,31195,510,31705,444
2020-10-28,Glenn,021,27897,697,673,2,675,3
2020-10-28,Humboldt,023,135768,580,559,1,560,7
2020-10-28,Imperial,025,180216,13128,12730,46,12776,333
2020-10-28,Inyo,027,18085,248,238,5,243,14
2020-10-28,Kern,029,883053,34366,33424,433,33857,436
2020-10-28,Kings,031,150075,8814,8486,60,8546,82
2020-10-28,Lake,033,64148,743,700,0,700,15
2020-10-28,Lassen,035,31185,784,771,2,773,0
2020-10-28,Los Angeles,037,10098052,307074,300726,3016,303742,7031
2020-10-28,Madera,039,155013,5151,4954,45,4999,53
2020-10-28,Marin,041,260295,7178,7079,20,7099,126
2020-10-28,Mariposa,043,17540,81,78,0,78,2
2020-10-28,Mendocino,045,87422,1110,1037,5,1042,20
2020-10-28,Merced,047,269075,9725,9480,40,9520,150
2020-10-28,Modoc,049,8938,48,31,2,33,0
2020-10-28,Mono,051,14174,237,176,5,181,1
2020-10-28,Monterey,053,433212,11690,11330,74,11404,89
2020-10-28,Napa,055,140530,2138,1998,8,2006,15
2020-10-28,Nevada,057,99092,671,629,18,647,9
2020-10-28,Orange,059,3164182,61730,58801,1808,60609,1459
2020-10-28,Placer,061,380077,4567,4236,18,4254,57
2020-10-28,Plumas,063,18699,89,67,0,67,0
2020-10-28,Riverside,065,2383286,69089,67003,465,67468,1302
2020-10-28,Sacramento,067,1510023,26461,25838,34,25872,506
2020-10-28,San Benito,069,59416,1457,1429,1,1430,15
2020-10-28,San Bernardino,071,2135413,65753,62778,480,63258,1154
2020-10-28,San Diego,073,3302833,58146,55556,1648,57204,881
2020-10-28,San Francisco,075,870044,12579,12261,52,12313,145
2020-10-28,San Joaquin,077,732212,22297,21707,228,21935,498
2020-10-28,San Luis Obispo,079,281455,4508,4197,35,4232,31
2020-10-28,San Mateo,081,765935,11586,11101,10,11111,157
2020-10-28,Santa Barbara,083,443738,10173,9872,95,9967,127
2020-10-28,Santa Clara,085,1922200,26084,24503,50,24553,375
2020-10-28,Santa Cruz,087,273765,2979,2836,35,2871,24
2020-10-28,Shasta,089,179085,2447,1996,20,2016,31
2020-10-28,Sierra,091,2930,6,6,0,6,0
2020-10-28,Siskiyou,093,43540,226,182,10,192,0
2020-10-28,Solano,095,438530,7703,7362,41,7403,77
2020-10-28,Sonoma,097,501317,9896,9457,27,9484,140
2020-10-28,Stanislaus,099,539301,17996,17765,787,18552,409
2020-10-28,Sutter,101,95872,1916,1840,1,1841,12
2020-10-28,Tehama,103,63373,984,921,2,923,5
2020-10-28,Trinity,105,12862,93,28,11,39,0
2020-10-28,Tulare,107,460477,18232,17569,429,17998,297
2020-10-28,Tuolumne,109,53932,299,277,4,281,4
2020-10-28,Ventura,111,848112,15266,14409,340,14749,153
2020-10-28,Yolo,113,214977,3331,3230,9,3239,60
2020-10-28,Yuba,115,75493,1298,1245,6,1251,10
2020-10-27,Alameda,001,1643700,24060,23365,230,23595,400
2020-10-27,Alpine,003,1148,6,3,0,3,0
2020-10-27,Amador,005,37829,361,335,0,335,16
2020-10-27,Butte,007,227075,3247,3107,34,3141,56
2020-10-27,Calaveras,009,45235,341,277,0,277,13
2020-10-27,Colusa,011,21464,561,549,1,550,6
2020-10-27,Contra Costa,013,1133247,19371,18766,94,18860,246
2020-10-27,Del Norte,015,27424,179,173,0,173,2
2020-10-27,El Dorado,017,186661,1458,1351,3,1354,4
2020-10-27,Fresno,019,978130,33901,31096,505,31601,442
2020-10-27,Glenn,021,27897,695,667,1,668,3
2020-10-27,Humboldt,023,135768,577,559,1,560,7
2020-10-27,Imperial,025,180216,13079,12680,45,12725,333
2020-10-27,Inyo,027,18085,248,231,5,236,14
2020-10-27,Kern,029,883053,34249,33328,429,33757,436
2020-10-27,Kings,031,150075,8783,8411,60,8471,83
2020-10-27,Lake,033,64148,740,700,0,700,15
2020-10-27,Lassen,035,31185,782,764,2,766,0
2020-10-27,Los Angeles,037,10098052,305689,299438,2987,302425,7008
2020-10-27,Madera,039,155013,5121,4942,44,4986,53
2020-10-27,Marin,041,260295,7162,7070,20,7090,126
2020-10-27,Mariposa,043,17540,80,78,0,78,2
2020-10-27,Mendocino,045,87422,1104,1033,4,1037,20
2020-10-27,Merced,047,269075,9685,9449,40,9489,150
2020-10-27,Modoc,049,8938,46,31,2,33,0
2020-10-27,Mono,051,14174,223,169,5,174,1
2020-10-27,Monterey,053,433212,11634,11261,72,11333,88
2020-10-27,Napa,055,140530,2122,1979,8,1987,15
2020-10-27,Nevada,057,99092,665,622,18,640,8
2020-10-27,Orange,059,3164182,61459,58550,1792,60342,1448
2020-10-27,Placer,061,380077,4518,4197,16,4213,57
2020-10-27,Plumas,063,18699,86,63,0,63,0
2020-10-27,Riverside,065,2383286,68736,66699,420,67119,1299
2020-10-27,Sacramento,067,1510023,26274,25701,33,25734,501
2020-10-27,San Benito,069,59416,1452,1428,1,1429,15
2020-10-27,San Bernardino,071,2135413,65290,62357,467,62824,1154
2020-10-27,San Diego,073,3302833,57673,55226,1625,56851,877
2020-10-27,San Francisco,075,870044,12504,12218,51,12269,140
2020-10-27,San Joaquin,077,732212,22206,21637,219,21856,496
2020-10-27,San Luis Obispo,079,281455,4480,4148,31,4179,31
2020-10-27,San Mateo,081,765935,11537,11074,10,11084,156
2020-10-27,Santa Barbara,083,443738,10143,9874,94,9968,125
2020-10-27,Santa Clara,085,1922200,25942,24368,50,24418,367
2020-10-27,Santa Cruz,087,273765,2949,2815,34,2849,24
2020-10-27,Shasta,089,179085,2360,1962,20,1982,29
2020-10-27,Sierra,091,2930,6,6,0,6,0
2020-10-27,Siskiyou,093,43540,217,181,10,191,0
2020-10-27,Solano,095,438530,7634,7298,41,7339,77
2020-10-27,Sonoma,097,501317,9829,9389,27,9416,140
2020-10-27,Stanislaus,099,539301,17928,17720,780,18500,408
2020-10-27,Sutter,101,95872,1903,1832,1,1833,12
2020-10-27,Tehama,103,63373,970,913,2,915,5
2020-10-27,Trinity,105,12862,90,28,11,39,0
2020-10-27,Tulare,107,460477,18169,17520,406,17926,296
2020-10-27,Tuolumne,109,53932,295,275,4,279,4
2020-10-27,Ventura,111,848112,15183,14347,333,14680,153
2020-10-27,Yolo,113,214977,3317,3216,9,3225,58
2020-10-27,Yuba,115,75493,1285,1235,6,1241,10
2020-10-26,Alameda,001,1643700,23947,23284,229,23513,398
2020-10-26,Alpine,003,1148,4,3,0,3,0
2020-10-26,Amador,005,37829,357,331,0,331,16
2020-10-26,Butte,007,227075,3235,3095,32,3127,56
2020-10-26,Calaveras,009,45235,337,274,0,274,13
2020-10-26,Colusa,011,21464,559,548,1,549,6
2020-10-26,Contra Costa,013,1133247,19275,18718,93,18811,245
2020-10-26,Del Norte,015,27424,179,171,0,171,2
2020-10-26,El Dorado,017,186661,1444,1336,3,1339,4
2020-10-26,Fresno,019,978130,33788,30969,498,31467,441
2020-10-26,Glenn,021,27897,688,660,1,661,3
2020-10-26,Humboldt,023,135768,569,554,1,555,7
2020-10-26,Imperial,025,180216,13025,12654,41,12695,333
2020-10-26,Inyo,027,18085,248,226,5,231,14
2020-10-26,Kern,029,883053,34165,33233,424,33657,432
2020-10-26,Kings,031,150075,8761,8264,58,8322,82
2020-10-26,Lake,033,64148,738,697,0,697,15
2020-10-26,Lassen,035,31185,779,764,2,766,0
2020-10-26,Los Angeles,037,10098052,304261,297961,2945,300906,6979
2020-10-26,Madera,039,155013,5100,4922,43,4965,53
2020-10-26,Marin,041,260295,7156,7064,19,7083,104
2020-10-26,Mariposa,043,17540,80,77,0,77,2
2020-10-26,Mendocino,045,87422,1096,1026,4,1030,20
2020-10-26,Merced,047,269075,9638,9375,39,9414,150
2020-10-26,Modoc,049,8938,44,28,0,28,0
2020-10-26,Mono,051,14174,217,167,5,172,1
2020-10-26,Monterey,053,433212,11584,11207,68,11275,87
2020-10-26,Napa,055,140530,2090,1966,8,1974,14
2020-10-26,Nevada,057,99092,658,618,18,636,8
2020-10-26,Orange,059,3164182,61256,58377,1773,60150,1442
2020-10-26,Placer,061,380077,4476,4161,15,4176,57
2020-10-26,Plumas,063,18699,84,63,0,63,0
2020-10-26,Riverside,065,2383286,68284,66475,394,66869,1294
2020-10-26,Sacramento,067,1510023,26091,25555,31,25586,496
2020-10-26,San Benito,069,59416,1444,1424,1,1425,15
2020-10-26,San Bernardino,071,2135413,64820,61871,464,62335,1153
2020-10-26,San Diego,073,3302833,57280,54957,1587,56544,870
2020-10-26,San Francisco,075,870044,12444,12072,51,12123,138
2020-10-26,San Joaquin,077,732212,22123,21459,213,21672,495
2020-10-26,San Luis Obispo,079,281455,4455,4133,31,4164,31
2020-10-26,San Mateo,081,765935,11493,11037,10,11047,156
2020-10-26,Santa Barbara,083,443738,10119,9827,94,9921,122
2020-10-26,Santa Clara,085,1922200,25752,24258,49,24307,365
2020-10-26,Santa Cruz,087,273765,2923,2808,34,2842,24
2020-10-26,Shasta,089,179085,2306,1889,20,1909,29
2020-10-26,Sierra,091,2930,6,6,0,6,0
2020-10-26,Siskiyou,093,43540,209,179,10,189,0
2020-10-26,Solano,095,438530,7554,7271,41,7312,62
2020-10-26,Sonoma,097,501317,9749,9315,27,9342,140
2020-10-26,Stanislaus,099,539301,17878,17666,770,18436,400
2020-10-26,Sutter,101,95872,1895,1817,1,1818,12
2020-10-26,Tehama,103,63373,950,892,2,894,5
2020-10-26,Trinity,105,12862,89,26,11,37,0
2020-10-26,Tulare,107,460477,18092,17432,383,17815,296
2020-10-26,Tuolumne,109,53932,286,271,4,275,4
2020-10-26,Ventura,111,848112,15113,14330,330,14660,154
2020-10-26,Yolo,113,214977,3298,3206,9,3215,58
2020-10-26,Yuba,115,75493,1269,1226,6,1232,10
2020-10-25,Alameda,001,1643700,23841,23192,229,23421,398
2020-10-25,Alpine,003,1148,3,3,0,3,0
2020-10-25,Amador,005,37829,346,330,0,330,16
2020-10-25,Butte,007,227075,3216,3087,32,3119,56
2020-10-25,Calaveras,009,45235,336,274,0,274,13
2020-10-25,Colusa,011,21464,555,548,1,549,6
2020-10-25,Contra Costa,013,1133247,19174,18640,93,18733,245
2020-10-25,Del Norte,015,27424,175,171,0,171,2
2020-10-25,El Dorado,017,186661,1429,1328,3,1331,4
2020-10-25,Fresno,019,978130,33654,30858,485,31343,441
2020-10-25,Glenn,021,27897,685,652,1,653,3
2020-10-25,Humboldt,023,135768,566,554,1,555,7
2020-10-25,Imperial,025,180216,12975,12572,41,12613,333
2020-10-25,Inyo,027,18085,245,226,5,231,14
2020-10-25,Kern,029,883053,34058,33185,420,33605,432
2020-10-25,Kings,031,150075,8728,8246,56,8302,82
2020-10-25,Lake,033,64148,721,695,0,695,15
2020-10-25,Lassen,035,31185,776,764,2,766,0
2020-10-25,Los Angeles,037,10098052,302699,297110,2908,300018,6973
2020-10-25,Madera,039,155013,5070,4909,38,4947,53
2020-10-25,Marin,041,260295,7146,7052,19,7071,102
2020-10-25,Mariposa,043,17540,80,77,0,77,2
2020-10-25,Mendocino,045,87422,1089,1024,4,1028,20
2020-10-25,Merced,047,269075,9573,9352,37,9389,150
2020-10-25,Modoc,049,8938,39,28,0,28,0
2020-10-25,Mono,051,14174,209,167,5,172,1
2020-10-25,Monterey,053,433212,11501,11182,63,11245,87
2020-10-25,Napa,055,140530,2060,1962,8,1970,14
2020-10-25,Nevada,057,99092,650,616,18,634,8
2020-10-25,Orange,059,3164182,60968,58185,1764,59949,1443
2020-10-25,Placer,061,380077,4424,4140,15,4155,57
2020-10-25,Plumas,063,18699,84,63,0,63,0
2020-10-25,Riverside,065,2383286,67832,66192,378,66570,1289
2020-10-25,Sacramento,067,1510023,25875,25445,28,25473,496
2020-10-25,San Benito,069,59416,1437,1423,1,1424,15
2020-10-25,San Bernardino,071,2135413,64279,61551,452,62003,1153
2020-10-25,San Diego,073,3302833,56817,54599,1555,56154,870
2020-10-25,San Francisco,075,870044,12371,12072,51,12123,137
2020-10-25,San Joaquin,077,732212,22015,21459,205,21664,495
2020-10-25,San Luis Obispo,079,281455,4413,4126,29,4155,31
2020-10-25,San Mateo,081,765935,11448,10987,10,10997,156
2020-10-25,Santa Barbara,083,443738,10099,9814,94,9908,122
2020-10-25,Santa Clara,085,1922200,25564,24087,49,24136,365
2020-10-25,Santa Cruz,087,273765,2896,2789,34,2823,24
2020-10-25,Shasta,089,179085,2242,1889,20,1909,29
2020-10-25,Sierra,091,2930,6,6,0,6,0
2020-10-25,Siskiyou,093,43540,206,176,10,186,0
2020-10-25,Solano,095,438530,7476,7197,41,7238,60
2020-10-25,Sonoma,097,501317,9656,9235,26,9261,140
2020-10-25,Stanislaus,099,539301,17821,17641,760,18401,400
2020-10-25,Sutter,101,95872,1877,1811,1,1812,12
2020-10-25,Tehama,103,63373,933,880,2,882,5
2020-10-25,Trinity,105,12862,85,26,11,37,0
2020-10-25,Tulare,107,460477,18019,17431,373,17804,296
2020-10-25,Tuolumne,109,53932,281,271,4,275,4
2020-10-25,Ventura,111,848112,15020,14300,324,14624,154
2020-10-25,Yolo,113,214977,3277,3190,9,3199,58
2020-10-25,Yuba,115,75493,1261,1219,6,1225,10
2020-10-24,Alameda,001,1643700,23770,23099,226,23325,398
2020-10-24,Alpine,003,1148,3,3,0,3,0
2020-10-24,Amador,005,37829,345,328,0,328,16
2020-10-24,Butte,007,227075,3207,3078,32,3110,56
2020-10-24,Calaveras,009,45235,334,274,0,274,13
2020-10-24,Colusa,011,21464,550,548,1,549,6
2020-10-24,Contra Costa,013,1133247,19107,18567,93,18660,244
2020-10-24,Del Norte,015,27424,174,171,0,171,2
2020-10-24,El Dorado,017,186661,1413,1317,3,1320,4
2020-10-24,Fresno,019,978130,33593,30752,480,31232,441
2020-10-24,Glenn,021,27897,682,650,1,651,3
2020-10-24,Humboldt,023,135768,564,553,1,554,7
2020-10-24,Imperial,025,180216,12948,12469,41,12510,333
2020-10-24,Inyo,027,18085,245,226,5,231,14
2020-10-24,Kern,029,883053,34000,33105,414,33519,432
2020-10-24,Kings,031,150075,8718,8228,55,8283,82
2020-10-24,Lake,033,64148,716,696,0,696,15
2020-10-24,Lassen,035,31185,775,764,2,766,0
2020-10-24,Los Angeles,037,10098052,301880,296323,2886,299209,6969
2020-10-24,Madera,039,155013,5057,4898,37,4935,53
2020-10-24,Marin,041,260295,7137,7042,19,7061,102
2020-10-24,Mariposa,043,17540,80,77,0,77,2
2020-10-24,Mendocino,045,87422,1077,1022,4,1026,20
2020-10-24,Merced,047,269075,9549,9351,37,9388,150
2020-10-24,Modoc,049,8938,38,28,0,28,0
2020-10-24,Mono,051,14174,195,167,5,172,1
2020-10-24,Monterey,053,433212,11432,11153,62,11215,87
2020-10-24,Napa,055,140530,2043,1957,8,1965,14
2020-10-24,Nevada,057,99092,646,608,18,626,8
2020-10-24,Orange,059,3164182,60813,57928,1754,59682,1441
2020-10-24,Placer,061,380077,4393,4093,15,4108,57
2020-10-24,Plumas,063,18699,78,63,0,63,0
2020-10-24,Riverside,065,2383286,67624,65902,363,66265,1288
2020-10-24,Sacramento,067,1510023,25794,25372,28,25400,496
2020-10-24,San Benito,069,59416,1432,1417,1,1418,15
2020-10-24,San Bernardino,071,2135413,64039,61351,443,61794,1153
2020-10-24,San Diego,073,3302833,56540,54330,1542,55872,868
2020-10-24,San Francisco,075,870044,12313,12073,50,12123,137
2020-10-24,San Joaquin,077,732212,21963,21458,200,21658,495
2020-10-24,San Luis Obispo,079,281455,4388,4119,28,4147,31
2020-10-24,San Mateo,081,765935,11409,10942,10,10952,155
2020-10-24,Santa Barbara,083,443738,10082,9781,94,9875,122
2020-10-24,Santa Clara,085,1922200,25477,23978,49,24027,365
2020-10-24,Santa Cruz,087,273765,2877,2775,34,2809,24
2020-10-24,Shasta,089,179085,2197,1878,20,1898,29
2020-10-24,Sierra,091,2930,6,6,0,6,0
2020-10-24,Siskiyou,093,43540,205,174,10,184,0
2020-10-24,Solano,095,438530,7423,7189,41,7230,60
2020-10-24,Sonoma,097,501317,9622,9179,26,9205,140
2020-10-24,Stanislaus,099,539301,17777,17574,744,18318,400
2020-10-24,Sutter,101,95872,1868,1804,1,1805,12
2020-10-24,Tehama,103,63373,925,872,2,874,5
2020-10-24,Trinity,105,12862,85,25,11,36,0
2020-10-24,Tulare,107,460477,17996,17406,362,17768,295
2020-10-24,Tuolumne,109,53932,278,269,4,273,4
2020-10-24,Ventura,111,848112,14967,14240,323,14563,154
2020-10-24,Yolo,113,214977,3265,3164,9,3173,57
2020-10-24,Yuba,115,75493,1258,1210,6,1216,10
2020-10-23,Alameda,001,1643700,23698,23047,224,23271,393
2020-10-23,Alpine,003,1148,3,3,0,3,0
2020-10-23,Amador,005,37829,344,324,0,324,16
2020-10-23,Butte,007,227075,3198,3059,32,3091,55
2020-10-23,Calaveras,009,45235,333,273,0,273,13
2020-10-23,Colusa,011,21464,550,547,1,548,6
2020-10-23,Contra Costa,013,1133247,19037,18483,92,18575,244
2020-10-23,Del Norte,015,27424,174,171,0,171,2
2020-10-23,El Dorado,017,186661,1404,1310,3,1313,4
2020-10-23,Fresno,019,978130,33526,30590,476,31066,441
2020-10-23,Glenn,021,27897,679,644,1,645,3
2020-10-23,Humboldt,023,135768,562,553,1,554,7
2020-10-23,Imperial,025,180216,12917,12398,40,12438,333
2020-10-23,Inyo,027,18085,244,226,5,231,14
2020-10-23,Kern,029,883053,33932,33077,409,33486,431
2020-10-23,Kings,031,150075,8709,8218,55,8273,82
2020-10-23,Lake,033,64148,714,689,0,689,15
2020-10-23,Lassen,035,31185,774,764,2,766,0
2020-10-23,Los Angeles,037,10098052,300798,294287,2858,297145,6956
2020-10-23,Madera,039,155013,5052,4888,37,4925,53
2020-10-23,Marin,041,260295,7124,7029,19,7048,102
2020-10-23,Mariposa,043,17540,80,77,0,77,2
2020-10-23,Mendocino,045,87422,1074,1019,4,1023,20
2020-10-23,Merced,047,269075,9535,9327,37,9364,149
2020-10-23,Modoc,049,8938,38,28,0,28,0
2020-10-23,Mono,051,14174,194,159,5,164,1
2020-10-23,Monterey,053,433212,11385,11099,58,11157,86
2020-10-23,Napa,055,140530,2035,1942,8,1950,14
2020-10-23,Nevada,057,99092,642,604,18,622,8
2020-10-23,Orange,059,3164182,60642,57595,1739,59334,1430
2020-10-23,Placer,061,380077,4347,4073,15,4088,57
2020-10-23,Plumas,063,18699,75,63,0,63,0
2020-10-23,Riverside,065,2383286,67385,65512,355,65867,1279
2020-10-23,Sacramento,067,1510023,25688,25224,28,25252,496
2020-10-23,San Benito,069,59416,1430,1412,1,1413,15
2020-10-23,San Bernardino,071,2135413,63752,60854,429,61283,1150
2020-10-23,San Diego,073,3302833,56234,53944,1515,55459,867
2020-10-23,San Francisco,075,870044,12282,12015,50,12065,137
2020-10-23,San Joaquin,077,732212,21907,21361,194,21555,495
2020-10-23,San Luis Obispo,079,281455,4362,4102,28,4130,31
2020-10-23,San Mateo,081,765935,11360,10872,10,10882,155
2020-10-23,Santa Barbara,083,443738,10066,9751,94,9845,121
2020-10-23,Santa Clara,085,1922200,25375,23822,49,23871,364
2020-10-23,Santa Cruz,087,273765,2863,2757,34,2791,24
2020-10-23,Shasta,089,179085,2160,1846,19,1865,29
2020-10-23,Sierra,091,2930,6,6,0,6,0
2020-10-23,Siskiyou,093,43540,201,172,10,182,0
2020-10-23,Solano,095,438530,7393,7174,41,7215,59
2020-10-23,Sonoma,097,501317,9566,9112,26,9138,139
2020-10-23,Stanislaus,099,539301,17740,17496,737,18233,395
2020-10-23,Sutter,101,95872,1861,1797,1,1798,12
2020-10-23,Tehama,103,63373,916,862,2,864,5
2020-10-23,Trinity,105,12862,85,26,11,37,0
2020-10-23,Tulare,107,460477,17951,17334,350,17684,295
2020-10-23,Tuolumne,109,53932,276,254,4,258,4
2020-10-23,Ventura,111,848112,14938,14192,323,14515,155
2020-10-23,Yolo,113,214977,3253,3140,9,3149,57
2020-10-23,Yuba,115,75493,1254,1206,6,1212,10
2020-10-22,Alameda,001,1643700,23595,22915,224,23139,393
2020-10-22,Alpine,003,1148,3,3,0,3,0
2020-10-22,Amador,005,37829,340,317,0,317,16
2020-10-22,Butte,007,227075,3188,3046,30,3076,55
2020-10-22,Calaveras,009,45235,330,273,0,273,13
2020-10-22,Colusa,011,21464,550,547,1,548,6
2020-10-22,Contra Costa,013,1133247,18965,18393,92,18485,243
2020-10-22,Del Norte,015,27424,173,168,0,168,2
2020-10-22,El Dorado,017,186661,1394,1308,3,1311,4
2020-10-22,Fresno,019,978130,33416,30471,468,30939,438
2020-10-22,Glenn,021,27897,672,643,1,644,3
2020-10-22,Humboldt,023,135768,561,548,1,549,7
2020-10-22,Imperial,025,180216,12864,12311,39,12350,333
2020-10-22,Inyo,027,18085,241,220,5,225,14
2020-10-22,Kern,029,883053,33851,32991,406,33397,431
2020-10-22,Kings,031,150075,8458,8201,55,8256,82
2020-10-22,Lake,033,64148,710,678,0,678,15
2020-10-22,Lassen,035,31185,771,764,2,766,0
2020-10-22,Los Angeles,037,10098052,299423,291599,2799,294398,6935
2020-10-22,Madera,039,155013,5031,4847,37,4884,52
2020-10-22,Marin,041,260295,7117,7014,19,7033,102
2020-10-22,Mariposa,043,17540,80,77,0,77,2
2020-10-22,Mendocino,045,87422,1069,1016,4,1020,20
2020-10-22,Merced,047,269075,9507,9323,37,9360,149
2020-10-22,Modoc,049,8938,34,26,0,26,0
2020-10-22,Mono,051,14174,189,156,5,161,1
2020-10-22,Monterey,053,433212,11326,11059,55,11114,84
2020-10-22,Napa,055,140530,2020,1928,8,1936,14
2020-10-22,Nevada,057,99092,636,600,18,618,8
2020-10-22,Orange,059,3164182,60427,57418,1722,59140,1422
2020-10-22,Placer,061,380077,4298,4036,15,4051,57
2020-10-22,Plumas,063,18699,72,62,0,62,0
2020-10-22,Riverside,065,2383286,67051,65104,335,65439,1279
2020-10-22,Sacramento,067,1510023,25548,25054,28,25082,492
2020-10-22,San Benito,069,59416,1426,1403,1,1404,15
2020-10-22,San Bernardino,071,2135413,63350,60402,414,60816,1149
2020-10-22,San Diego,073,3302833,55847,53514,1496,55010,866
2020-10-22,San Francisco,075,870044,12224,11991,48,12039,137
2020-10-22,San Joaquin,077,732212,21834,21282,188,21470,495
2020-10-22,San Luis Obispo,079,281455,4346,4081,28,4109,31
2020-10-22,San Mateo,081,765935,11304,10796,10,10806,155
2020-10-22,Santa Barbara,083,443738,10032,9710,92,9802,120
2020-10-22,Santa Clara,085,1922200,25221,23621,49,23670,363
2020-10-22,Santa Cruz,087,273765,2845,2738,33,2771,24
2020-10-22,Shasta,089,179085,2114,1799,19,1818,29
2020-10-22,Sierra,091,2930,6,6,0,6,0
2020-10-22,Siskiyou,093,43540,201,169,10,179,0
2020-10-22,Solano,095,438530,7347,7116,41,7157,59
2020-10-22,Sonoma,097,501317,9500,9052,25,9077,139
2020-10-22,Stanislaus,099,539301,17686,17440,725,18165,395
2020-10-22,Sutter,101,95872,1847,1794,1,1795,12
2020-10-22,Tehama,103,63373,905,852,2,854,5
2020-10-22,Trinity,105,12862,84,26,11,37,0
2020-10-22,Tulare,107,460477,17885,17265,337,17602,293
2020-10-22,Tuolumne,109,53932,274,252,4,256,4
2020-10-22,Ventura,111,848112,14891,14124,321,14445,154
2020-10-22,Yolo,113,214977,3241,3116,9,3125,58
2020-10-22,Yuba,115,75493,1247,1199,5,1204,10
2020-10-21,Alameda,001,1643700,23507,22853,222,23075,392
2020-10-21,Alpine,003,1148,3,3,0,3,0
2020-10-21,Amador,005,37829,335,313,0,313,16
2020-10-21,Butte,007,227075,3176,3041,30,3071,55
2020-10-21,Calaveras,009,45235,329,272,0,272,13
2020-10-21,Colusa,011,21464,550,546,1,547,6
2020-10-21,Contra Costa,013,1133247,18891,18299,92,18391,243
2020-10-21,Del Norte,015,27424,173,169,0,169,2
2020-10-21,El Dorado,017,186661,1382,1305,2,1307,4
2020-10-21,Fresno,019,978130,33320,30328,463,30791,433
2020-10-21,Glenn,021,27897,667,640,1,641,3
2020-10-21,Humboldt,023,135768,560,548,1,549,7
2020-10-21,Imperial,025,180216,12807,12210,39,12249,331
2020-10-21,Inyo,027,18085,237,220,5,225,14
2020-10-21,Kern,029,883053,33776,32956,405,33361,430
2020-10-21,Kings,031,150075,8431,8186,55,8241,80
2020-10-21,Lake,033,64148,709,676,0,676,15
2020-10-21,Lassen,035,31185,770,764,2,766,0
2020-10-21,Los Angeles,037,10098052,298083,288096,2757,290853,6923
2020-10-21,Madera,039,155013,5006,4831,37,4868,52
2020-10-21,Marin,041,260295,7108,7002,19,7021,102
2020-10-21,Mariposa,043,17540,80,77,0,77,2
2020-10-21,Mendocino,045,87422,1067,1011,4,1015,21
2020-10-21,Merced,047,269075,9483,9319,35,9354,149
2020-10-21,Modoc,049,8938,33,26,0,26,0
2020-10-21,Mono,051,14174,187,156,5,161,1
2020-10-21,Monterey,053,433212,11288,11005,54,11059,83
2020-10-21,Napa,055,140530,2005,1918,8,1926,13
2020-10-21,Nevada,057,99092,630,597,18,615,8
2020-10-21,Orange,059,3164182,60214,57189,1713,58902,1409
2020-10-21,Placer,061,380077,4261,4007,15,4022,56
2020-10-21,Plumas,063,18699,69,58,0,58,0
2020-10-21,Riverside,065,2383286,66755,64778,311,65089,1278
2020-10-21,Sacramento,067,1510023,25354,24908,28,24936,490
2020-10-21,San Benito,069,59416,1425,1401,1,1402,14
2020-10-21,San Bernardino,071,2135413,62942,59948,407,60355,1141
2020-10-21,San Diego,073,3302833,55495,53279,1468,54747,863
2020-10-21,San Francisco,075,870044,12175,11976,47,12023,137
2020-10-21,San Joaquin,077,732212,21758,21201,182,21383,495
2020-10-21,San Luis Obispo,079,281455,4331,4055,26,4081,31
2020-10-21,San Mateo,081,765935,11255,10730,10,10740,155
2020-10-21,Santa Barbara,083,443738,10014,9681,91,9772,121
2020-10-21,Santa Clara,085,1922200,25095,23537,49,23586,361
2020-10-21,Santa Cruz,087,273765,2822,2729,33,2762,24
2020-10-21,Shasta,089,179085,2077,1777,19,1796,27
2020-10-21,Sierra,091,2930,6,6,0,6,0
2020-10-21,Siskiyou,093,43540,197,169,10,179,0
2020-10-21,Solano,095,438530,7301,7088,41,7129,59
2020-10-21,Sonoma,097,501317,9420,8987,25,9012,138
2020-10-21,Stanislaus,099,539301,17636,17419,717,18136,392
2020-10-21,Sutter,101,95872,1832,1786,1,1787,12
2020-10-21,Tehama,103,63373,889,824,2,826,5
2020-10-21,Trinity,105,12862,78,25,10,35,0
2020-10-21,Tulare,107,460477,17847,17204,323,17527,292
2020-10-21,Tuolumne,109,53932,273,251,4,255,4
2020-10-21,Ventura,111,848112,14828,14050,318,14368,153
2020-10-21,Yolo,113,214977,3222,3095,9,3104,58
2020-10-21,Yuba,115,75493,1238,1194,5,1199,10
2020-10-20,Alameda,001,1643700,23404,22750,218,22968,391
2020-10-20,Alpine,003,1148,3,3,0,3,0
2020-10-20,Amador,005,37829,334,313,0,313,16
2020-10-20,Butte,007,227075,3164,3027,30,3057,56
2020-10-20,Calaveras,009,45235,328,273,0,273,13
2020-10-20,Colusa,011,21464,547,546,1,547,6
2020-10-20,Contra Costa,013,1133247,18799,18246,92,18338,241
2020-10-20,Del Norte,015,27424,172,169,0,169,2
2020-10-20,El Dorado,017,186661,1376,1295,2,1297,4
2020-10-20,Fresno,019,978130,33217,30220,457,30677,431
2020-10-20,Glenn,021,27897,662,638,1,639,3
2020-10-20,Humboldt,023,135768,556,545,1,546,7
2020-10-20,Imperial,025,180216,12738,12114,39,12153,330
2020-10-20,Inyo,027,18085,237,218,5,223,14
2020-10-20,Kern,029,883053,33701,32889,392,33281,429
2020-10-20,Kings,031,150075,8413,8178,54,8232,80
2020-10-20,Lake,033,64148,707,675,0,675,15
2020-10-20,Lassen,035,31185,769,757,2,759,0
2020-10-20,Los Angeles,037,10098052,296591,287727,2707,290434,6891
2020-10-20,Madera,039,155013,4989,4823,37,4860,52
2020-10-20,Marin,041,260295,7093,6994,19,7013,101
2020-10-20,Mariposa,043,17540,79,77,0,77,2
2020-10-20,Mendocino,045,87422,1065,1004,4,1008,21
2020-10-20,Merced,047,269075,9461,9323,35,9358,149
2020-10-20,Modoc,049,8938,32,26,0,26,0
2020-10-20,Mono,051,14174,187,156,5,161,1
2020-10-20,Monterey,053,433212,11245,10942,51,10993,81
2020-10-20,Napa,055,140530,1986,1912,8,1920,13
2020-10-20,Nevada,057,99092,620,596,18,614,8
2020-10-20,Orange,059,3164182,59950,56914,1703,58617,1397
2020-10-20,Placer,061,380077,4223,3997,15,4012,56
2020-10-20,Plumas,063,18699,66,53,0,53,0
2020-10-20,Riverside,065,2383286,66375,64452,299,64751,1275
2020-10-20,Sacramento,067,1510023,25227,24767,27,24794,485
2020-10-20,San Benito,069,59416,1422,1398,1,1399,14
2020-10-20,San Bernardino,071,2135413,62560,59571,405,59976,1109
2020-10-20,San Diego,073,3302833,55159,53004,1448,54452,857
2020-10-20,San Francisco,075,870044,12128,12013,46,12059,126
2020-10-20,San Joaquin,077,732212,21679,21173,172,21345,490
2020-10-20,San Luis Obispo,079,281455,4313,4043,25,4068,31
2020-10-20,San Mateo,081,765935,11208,10659,10,10669,155
2020-10-20,Santa Barbara,083,443738,9985,9664,89,9753,121
2020-10-20,Santa Clara,085,1922200,24958,23406,49,23455,358
2020-10-20,Santa Cruz,087,273765,2799,2710,33,2743,23
2020-10-20,Shasta,089,179085,2054,1747,19,1766,20
2020-10-20,Sierra,091,2930,6,6,0,6,0
2020-10-20,Siskiyou,093,43540,189,168,10,178,0
2020-10-20,Solano,095,438530,7252,7044,41,7085,57
2020-10-20,Sonoma,097,501317,9357,8904,23,8927,135
2020-10-20,Stanislaus,099,539301,17582,17367,713,18080,393
2020-10-20,Sutter,101,95872,1823,1783,1,1784,12
2020-10-20,Tehama,103,63373,874,813,2,815,5
2020-10-20,Trinity,105,12862,77,25,10,35,0
2020-10-20,Tulare,107,460477,17780,17156,318,17474,289
2020-10-20,Tuolumne,109,53932,271,250,4,254,4
2020-10-20,Ventura,111,848112,14764,13980,316,14296,152
2020-10-20,Yolo,113,214977,3199,3083,9,3092,56
2020-10-20,Yuba,115,75493,1228,1191,5,1196,10
2020-10-19,Alameda,001,1643700,23292,22647,217,22864,392
2020-10-19,Alpine,003,1148,3,3,0,3,0
2020-10-19,Amador,005,37829,328,313,0,313,16
2020-10-19,Butte,007,227075,3153,3026,30,3056,55
2020-10-19,Calaveras,009,45235,327,268,0,268,13
2020-10-19,Colusa,011,21464,547,544,1,545,6
2020-10-19,Contra Costa,013,1133247,18701,18173,92,18265,239
2020-10-19,Del Norte,015,27424,169,167,0,167,2
2020-10-19,El Dorado,017,186661,1355,1287,2,1289,4
2020-10-19,Fresno,019,978130,33108,30152,451,30603,431
2020-10-19,Glenn,021,27897,657,635,0,635,3
2020-10-19,Humboldt,023,135768,556,543,1,544,7
2020-10-19,Imperial,025,180216,12684,12036,37,12073,330
2020-10-19,Inyo,027,18085,236,218,5,223,14
2020-10-19,Kern,029,883053,33625,32840,389,33229,428
2020-10-19,Kings,031,150075,8395,8173,54,8227,80
2020-10-19,Lake,033,64148,704,673,0,673,15
2020-10-19,Lassen,035,31185,768,757,2,759,0
2020-10-19,Los Angeles,037,10098052,295104,287119,2669,289788,6858
2020-10-19,Madera,039,155013,4974,4787,37,4824,52
2020-10-19,Marin,041,260295,7075,6981,19,7000,100
2020-10-19,Mariposa,043,17540,79,77,0,77,2
2020-10-19,Mendocino,045,87422,1060,1001,4,1005,21
2020-10-19,Merced,047,269075,9436,9305,31,9336,148
2020-10-19,Modoc,049,8938,31,26,0,26,0
2020-10-19,Mono,051,14174,182,156,5,161,1
2020-10-19,Monterey,053,433212,11184,10907,51,10958,80
2020-10-19,Napa,055,140530,1974,1892,8,1900,12
2020-10-19,Nevada,057,99092,617,590,18,608,8
2020-10-19,Orange,059,3164182,59665,56652,1688,58340,1396
2020-10-19,Placer,061,380077,4174,3962,15,3977,49
2020-10-19,Plumas,063,18699,64,52,0,52,0
2020-10-19,Riverside,065,2383286,65944,64016,283,64299,1272
2020-10-19,Sacramento,067,1510023,25088,24542,27,24569,483
2020-10-19,San Benito,069,59416,1415,1395,1,1396,14
2020-10-19,San Bernardino,071,2135413,62110,59265,394,59659,1100
2020-10-19,San Diego,073,3302833,54773,52739,1423,54162,853
2020-10-19,San Francisco,075,870044,12084,11879,46,11925,126
2020-10-19,San Joaquin,077,732212,21604,20930,164,21094,489
2020-10-19,San Luis Obispo,079,281455,4297,4016,25,4041,31
2020-10-19,San Mateo,081,765935,11162,10568,10,10578,154
2020-10-19,Santa Barbara,083,443738,9950,9632,89,9721,121
2020-10-19,Santa Clara,085,1922200,24808,23301,49,23350,352
2020-10-19,Santa Cruz,087,273765,2782,2705,33,2738,19
2020-10-19,Shasta,089,179085,2010,1709,18,1727,20
2020-10-19,Sierra,091,2930,6,6,0,6,0
2020-10-19,Siskiyou,093,43540,182,167,10,177,0
2020-10-19,Solano,095,438530,7211,7003,41,7044,57
2020-10-19,Sonoma,097,501317,9270,8830,23,8853,135
2020-10-19,Stanislaus,099,539301,17531,17342,703,18045,390
2020-10-19,Sutter,101,95872,1818,1773,1,1774,12
2020-10-19,Tehama,103,63373,871,793,2,795,5
2020-10-19,Trinity,105,12862,75,23,10,33,0
2020-10-19,Tulare,107,460477,17730,17047,311,17358,291
2020-10-19,Tuolumne,109,53932,269,247,4,251,4
2020-10-19,Ventura,111,848112,14698,13930,313,14243,152
2020-10-19,Yolo,113,214977,3186,3069,9,3078,56
2020-10-19,Yuba,115,75493,1221,1183,5,1188,10
2020-10-18,Alameda,001,1643700,23188,22546,216,22762,392
2020-10-18,Alpine,003,1148,3,3,0,3,0
2020-10-18,Amador,005,37829,316,313,0,313,16
2020-10-18,Butte,007,227075,3140,3019,30,3049,55
2020-10-18,Calaveras,009,45235,326,267,0,267,13
2020-10-18,Colusa,011,21464,545,544,1,545,6
2020-10-18,Contra Costa,013,1133247,18602,18120,92,18212,237
2020-10-18,Del Norte,015,27424,169,167,0,167,2
2020-10-18,El Dorado,017,186661,1346,1283,2,1285,4
2020-10-18,Fresno,019,978130,32979,30051,443,30494,430
2020-10-18,Glenn,021,27897,655,634,0,634,3
2020-10-18,Humboldt,023,135768,553,540,1,541,7
2020-10-18,Imperial,025,180216,12622,11987,35,12022,330
2020-10-18,Inyo,027,18085,233,215,5,220,14
2020-10-18,Kern,029,883053,33552,32799,382,33181,428
2020-10-18,Kings,031,150075,8380,8159,54,8213,80
2020-10-18,Lake,033,64148,697,670,0,670,15
2020-10-18,Lassen,035,31185,768,757,2,759,0
2020-10-18,Los Angeles,037,10098052,293397,286187,2626,288813,6857
2020-10-18,Madera,039,155013,4949,4770,36,4806,52
2020-10-18,Marin,041,260295,7054,6969,19,6988,99
2020-10-18,Mariposa,043,17540,79,77,0,77,2
2020-10-18,Mendocino,045,87422,1058,988,4,992,21
2020-10-18,Merced,047,269075,9401,9292,31,9323,148
2020-10-18,Modoc,049,8938,30,26,0,26,0
2020-10-18,Mono,051,14174,177,155,5,160,1
2020-10-18,Monterey,053,433212,11131,10872,51,10923,80
2020-10-18,Napa,055,140530,1961,1882,8,1890,12
2020-10-18,Nevada,057,99092,611,582,18,600,8
2020-10-18,Orange,059,3164182,59367,56394,1672,58066,1396
2020-10-18,Placer,061,380077,4126,3938,15,3953,49
2020-10-18,Plumas,063,18699,62,52,0,52,0
2020-10-18,Riverside,065,2383286,65631,63765,262,64027,1270
2020-10-18,Sacramento,067,1510023,24933,24425,27,24452,482
2020-10-18,San Benito,069,59416,1408,1395,1,1396,14
2020-10-18,San Bernardino,071,2135413,61610,58893,386,59279,1098
2020-10-18,San Diego,073,3302833,54384,52359,1402,53761,853
2020-10-18,San Francisco,075,870044,12045,11878,46,11924,126
2020-10-18,San Joaquin,077,732212,21521,20931,151,21082,489
2020-10-18,San Luis Obispo,079,281455,4266,4009,23,4032,31
2020-10-18,San Mateo,081,765935,11103,10503,10,10513,154
2020-10-18,Santa Barbara,083,443738,9911,9608,88,9696,121
2020-10-18,Santa Clara,085,1922200,24635,23169,49,23218,352
2020-10-18,Santa Cruz,087,273765,2768,2692,33,2725,19
2020-10-18,Shasta,089,179085,1985,1708,18,1726,20
2020-10-18,Sierra,091,2930,6,6,0,6,0
2020-10-18,Siskiyou,093,43540,182,167,10,177,0
2020-10-18,Solano,095,438530,7164,6962,41,7003,57
2020-10-18,Sonoma,097,501317,9193,8781,22,8803,134
2020-10-18,Stanislaus,099,539301,17475,17290,694,17984,390
2020-10-18,Sutter,101,95872,1809,1764,1,1765,12
2020-10-18,Tehama,103,63373,839,774,2,776,5
2020-10-18,Trinity,105,12862,75,20,10,30,0
2020-10-18,Tulare,107,460477,17636,17048,302,17350,290
2020-10-18,Tuolumne,109,53932,264,245,4,249,4
2020-10-18,Ventura,111,848112,14619,13901,312,14213,151
2020-10-18,Yolo,113,214977,3147,3059,9,3068,55
2020-10-18,Yuba,115,75493,1210,1176,5,1181,10
2020-10-17,Alameda,001,1643700,23142,22394,214,22608,398
2020-10-17,Alpine,003,1148,3,3,0,3,0
2020-10-17,Amador,005,37829,314,309,0,309,16
2020-10-17,Butte,007,227075,3132,3012,28,3040,55
2020-10-17,Calaveras,009,45235,326,267,0,267,13
2020-10-17,Colusa,011,21464,544,544,1,545,6
2020-10-17,Contra Costa,013,1133247,18549,18005,92,18097,237
2020-10-17,Del Norte,015,27424,169,167,0,167,2
2020-10-17,El Dorado,017,186661,1342,1277,2,1279,4
2020-10-17,Fresno,019,978130,32925,29911,441,30352,430
2020-10-17,Glenn,021,27897,652,633,0,633,3
2020-10-17,Humboldt,023,135768,550,535,1,536,7
2020-10-17,Imperial,025,180216,12594,11962,35,11997,330
2020-10-17,Inyo,027,18085,228,212,5,217,14
2020-10-17,Kern,029,883053,33501,32710,379,33089,428
2020-10-17,Kings,031,150075,8374,8151,53,8204,80
2020-10-17,Lake,033,64148,694,663,0,663,15
2020-10-17,Lassen,035,31185,768,757,2,759,0
2020-10-17,Los Angeles,037,10098052,292644,285858,2599,288457,6844
2020-10-17,Madera,039,155013,4943,4759,36,4795,53
2020-10-17,Marin,041,260295,7051,6958,19,6977,99
2020-10-17,Mariposa,043,17540,78,77,0,77,2
2020-10-17,Mendocino,045,87422,1051,977,4,981,21
2020-10-17,Merced,047,269075,9387,9275,31,9306,148
2020-10-17,Modoc,049,8938,30,26,0,26,0
2020-10-17,Mono,051,14174,176,155,5,160,1
2020-10-17,Monterey,053,433212,11091,10807,50,10857,80
2020-10-17,Napa,055,140530,1952,1866,8,1874,12
2020-10-17,Nevada,057,99092,610,580,18,598,8
2020-10-17,Orange,059,3164182,59225,56197,1665,57862,1396
2020-10-17,Placer,061,380077,4099,3898,15,3913,49
2020-10-17,Plumas,063,18699,62,52,0,52,0
2020-10-17,Riverside,065,2383286,65433,63171,252,63423,1270
2020-10-17,Sacramento,067,1510023,24849,24304,27,24331,482
2020-10-17,San Benito,069,59416,1404,1389,1,1390,14
2020-10-17,San Bernardino,071,2135413,61340,58415,379,58794,1097
2020-10-17,San Diego,073,3302833,54159,51986,1391,53377,853
2020-10-17,San Francisco,075,870044,12017,11877,45,11922,126
2020-10-17,San Joaquin,077,732212,21467,20932,145,21077,489
2020-10-17,San Luis Obispo,079,281455,4251,3979,23,4002,31
2020-10-17,San Mateo,081,765935,11075,10423,10,10433,153
2020-10-17,Santa Barbara,083,443738,9892,9588,86,9674,121
2020-10-17,Santa Clara,085,1922200,24546,22997,49,23046,349
2020-10-17,Santa Cruz,087,273765,2754,2680,33,2713,19
2020-10-17,Shasta,089,179085,1959,1679,18,1697,20
2020-10-17,Sierra,091,2930,6,6,0,6,0
2020-10-17,Siskiyou,093,43540,181,167,10,177,0
2020-10-17,Solano,095,438530,7138,6929,41,6970,57
2020-10-17,Sonoma,097,501317,9150,8725,22,8747,134
2020-10-17,Stanislaus,099,539301,17435,17232,685,17917,390
2020-10-17,Sutter,101,95872,1807,1762,1,1763,12
2020-10-17,Tehama,103,63373,823,764,2,766,5
2020-10-17,Trinity,105,12862,75,20,10,30,0
2020-10-17,Tulare,107,460477,17606,16995,293,17288,290
2020-10-17,Tuolumne,109,53932,264,241,4,245,4
2020-10-17,Ventura,111,848112,14574,13845,309,14154,151
2020-10-17,Yolo,113,214977,3132,3045,7,3052,55
2020-10-17,Yuba,115,75493,1205,1164,5,1169,10
2020-10-16,Alameda,001,1643700,23088,22315,214,22529,397
2020-10-16,Alpine,003,1148,3,3,0,3,0
2020-10-16,Amador,005,37829,314,309,0,309,16
2020-10-16,Butte,007,227075,3121,3004,28,3032,54
2020-10-16,Calaveras,009,45235,326,267,0,267,13
2020-10-16,Colusa,011,21464,543,544,1,545,6
2020-10-16,Contra Costa,013,1133247,18496,17956,92,18048,237
2020-10-16,Del Norte,015,27424,169,166,0,166,2
2020-10-16,El Dorado,017,186661,1336,1273,2,1275,4
2020-10-16,Fresno,019,978130,32849,29796,440,30236,427
2020-10-16,Glenn,021,27897,647,632,0,632,3
2020-10-16,Humboldt,023,135768,550,533,1,534,7
2020-10-16,Imperial,025,180216,12554,11885,35,11920,330
2020-10-16,Inyo,027,18085,224,212,5,217,14
2020-10-16,Kern,029,883053,33458,32660,377,33037,428
2020-10-16,Kings,031,150075,8365,8146,52,8198,80
2020-10-16,Lake,033,64148,692,644,0,644,14
2020-10-16,Lassen,035,31185,768,757,2,759,0
2020-10-16,Los Angeles,037,10098052,291582,284988,2578,287566,6835
2020-10-16,Madera,039,155013,4931,4736,35,4771,53
2020-10-16,Marin,041,260295,7041,6933,19,6952,99
2020-10-16,Mariposa,043,17540,78,76,0,76,2
2020-10-16,Mendocino,045,87422,1044,974,4,978,21
2020-10-16,Merced,047,269075,9370,9246,31,9277,148
2020-10-16,Modoc,049,8938,30,26,0,26,0
2020-10-16,Mono,051,14174,174,155,5,160,1
2020-10-16,Monterey,053,433212,11056,10727,50,10777,79
2020-10-16,Napa,055,140530,1943,1855,8,1863,12
2020-10-16,Nevada,057,99092,608,579,18,597,8
2020-10-16,Orange,059,3164182,59047,56091,1659,57750,1388
2020-10-16,Placer,061,380077,4079,3864,15,3879,49
2020-10-16,Plumas,063,18699,61,52,0,52,0
2020-10-16,Riverside,065,2383286,65208,62986,251,63237,1267
2020-10-16,Sacramento,067,1510023,24755,24144,27,24171,479
2020-10-16,San Benito,069,59416,1401,1388,1,1389,14
2020-10-16,San Bernardino,071,2135413,61070,58233,379,58612,1069
2020-10-16,San Diego,073,3302833,53917,51785,1377,53162,850
2020-10-16,San Francisco,075,870044,11995,11840,44,11884,126
2020-10-16,San Joaquin,077,732212,21422,20910,144,21054,489
2020-10-16,San Luis Obispo,079,281455,4235,3952,23,3975,32
2020-10-16,San Mateo,081,765935,11050,10405,10,10415,153
2020-10-16,Santa Barbara,083,443738,9874,9549,86,9635,119
2020-10-16,Santa Clara,085,1922200,24459,22920,49,22969,345
2020-10-16,Santa Cruz,087,273765,2741,2666,33,2699,20
2020-10-16,Shasta,089,179085,1937,1660,18,1678,20
2020-10-16,Sierra,091,2930,6,6,0,6,0
2020-10-16,Siskiyou,093,43540,179,167,10,177,0
2020-10-16,Solano,095,438530,7115,6879,41,6920,55
2020-10-16,Sonoma,097,501317,9094,8652,22,8674,133
2020-10-16,Stanislaus,099,539301,17401,17201,677,17878,366
2020-10-16,Sutter,101,95872,1799,1756,1,1757,12
2020-10-16,Tehama,103,63373,822,737,2,739,3
2020-10-16,Trinity,105,12862,75,20,10,30,0
2020-10-16,Tulare,107,460477,17574,16965,285,17250,290
2020-10-16,Tuolumne,109,53932,261,237,4,241,4
2020-10-16,Ventura,111,848112,14531,13805,304,14109,152
2020-10-16,Yolo,113,214977,3123,3030,7,3037,55
2020-10-16,Yuba,115,75493,1205,1155,5,1160,10
2020-10-15,Alameda,001,1643700,23020,22267,213,22480,390
2020-10-15,Alpine,003,1148,3,3,0,3,0
2020-10-15,Amador,005,37829,314,309,0,309,16
2020-10-15,Butte,007,227075,3109,3000,27,3027,54
2020-10-15,Calaveras,009,45235,325,267,0,267,13
2020-10-15,Colusa,011,21464,542,543,1,544,6
2020-10-15,Contra Costa,013,1133247,18429,17893,91,17984,237
2020-10-15,Del Norte,015,27424,169,164,0,164,2
2020-10-15,El Dorado,017,186661,1331,1265,2,1267,4
2020-10-15,Fresno,019,978130,32752,29727,437,30164,425
2020-10-15,Glenn,021,27897,642,632,0,632,3
2020-10-15,Humboldt,023,135768,546,531,1,532,7
2020-10-15,Imperial,025,180216,12513,11820,33,11853,330
2020-10-15,Inyo,027,18085,224,210,5,215,14
2020-10-15,Kern,029,883053,33377,32593,374,32967,427
2020-10-15,Kings,031,150075,8350,8134,52,8186,80
2020-10-15,Lake,033,64148,690,642,0,642,14
2020-10-15,Lassen,035,31185,767,752,2,754,0
2020-10-15,Los Angeles,037,10098052,290297,284019,2544,286563,6807
2020-10-15,Madera,039,155013,4919,4723,34,4757,50
2020-10-15,Marin,041,260295,7033,6912,19,6931,99
2020-10-15,Mariposa,043,17540,78,76,0,76,2
2020-10-15,Mendocino,045,87422,1038,963,4,967,21
2020-10-15,Merced,047,269075,9343,9213,31,9244,147
2020-10-15,Modoc,049,8938,30,26,0,26,0
2020-10-15,Mono,051,14174,174,155,5,160,1
2020-10-15,Monterey,053,433212,10989,10677,49,10726,79
2020-10-15,Napa,055,140530,1930,1842,8,1850,12
2020-10-15,Nevada,057,99092,604,575,18,593,8
2020-10-15,Orange,059,3164182,58830,55952,1647,57599,1379
2020-10-15,Placer,061,380077,4050,3848,15,3863,48
2020-10-15,Plumas,063,18699,58,52,0,52,0
2020-10-15,Riverside,065,2383286,64877,62819,248,63067,1266
2020-10-15,Sacramento,067,1510023,24639,24068,27,24095,474
2020-10-15,San Benito,069,59416,1398,1384,1,1385,14
2020-10-15,San Bernardino,071,2135413,60731,58068,376,58444,1067
2020-10-15,San Diego,073,3302833,53633,51472,1361,52833,847
2020-10-15,San Francisco,075,870044,11967,11808,41,11849,126
2020-10-15,San Joaquin,077,732212,21349,20880,138,21018,487
2020-10-15,San Luis Obispo,079,281455,4218,3934,23,3957,32
2020-10-15,San Mateo,081,765935,11010,10340,10,10350,152
2020-10-15,Santa Barbara,083,443738,9850,9526,85,9611,117
2020-10-15,Santa Clara,085,1922200,24343,22808,49,22857,343
2020-10-15,Santa Cruz,087,273765,2727,2656,33,2689,13
2020-10-15,Shasta,089,179085,1926,1635,18,1653,20
2020-10-15,Sierra,091,2930,6,6,0,6,0
2020-10-15,Siskiyou,093,43540,175,166,10,176,0
2020-10-15,Solano,095,438530,7076,6830,41,6871,55
2020-10-15,Sonoma,097,501317,9002,8571,22,8593,133
2020-10-15,Stanislaus,099,539301,17363,17151,663,17814,366
2020-10-15,Sutter,101,95872,1796,1752,1,1753,12
2020-10-15,Tehama,103,63373,795,726,2,728,3
2020-10-15,Trinity,105,12862,75,20,10,30,0
2020-10-15,Tulare,107,460477,17514,16918,270,17188,289
2020-10-15,Tuolumne,109,53932,259,236,4,240,4
2020-10-15,Ventura,111,848112,14475,13750,299,14049,152
2020-10-15,Yolo,113,214977,3103,3014,7,3021,55
2020-10-15,Yuba,115,75493,1198,1151,5,1156,10
2020-10-14,Alameda,001,1643700,22921,22227,212,22439,398
2020-10-14,Alpine,003,1148,3,3,0,3,0
2020-10-14,Amador,005,37829,312,308,0,308,16
2020-10-14,Butte,007,227075,3101,2995,27,3022,54
2020-10-14,Calaveras,009,45235,325,266,0,266,12
2020-10-14,Colusa,011,21464,542,543,1,544,6
2020-10-14,Contra Costa,013,1133247,18372,17820,89,17909,236
2020-10-14,Del Norte,015,27424,168,163,0,163,2
2020-10-14,El Dorado,017,186661,1325,1264,2,1266,4
2020-10-14,Fresno,019,978130,32637,29650,431,30081,424
2020-10-14,Glenn,021,27897,641,629,0,629,3
2020-10-14,Humboldt,023,135768,543,531,1,532,7
2020-10-14,Imperial,025,180216,12476,11765,30,11795,330
2020-10-14,Inyo,027,18085,223,209,4,213,14
2020-10-14,Kern,029,883053,33302,32528,372,32900,425
2020-10-14,Kings,031,150075,8332,8118,52,8170,80
2020-10-14,Lake,033,64148,689,642,0,642,14
2020-10-14,Lassen,035,31185,765,752,2,754,0
2020-10-14,Los Angeles,037,10098052,288984,282918,2500,285418,6786
2020-10-14,Madera,039,155013,4904,4713,33,4746,50
2020-10-14,Marin,041,260295,7027,6907,19,6926,99
2020-10-14,Mariposa,043,17540,77,76,0,76,2
2020-10-14,Mendocino,045,87422,1032,955,4,959,21
2020-10-14,Merced,047,269075,9318,9201,29,9230,147
2020-10-14,Modoc,049,8938,30,27,0,27,0
2020-10-14,Mono,051,14174,174,155,5,160,1
2020-10-14,Monterey,053,433212,10938,10616,49,10665,78
2020-10-14,Napa,055,140530,1913,1837,8,1845,12
2020-10-14,Nevada,057,99092,602,573,18,591,7
2020-10-14,Orange,059,3164182,58616,55756,1638,57394,1348
2020-10-14,Placer,061,380077,4027,3829,15,3844,48
2020-10-14,Plumas,063,18699,54,52,0,52,0
2020-10-14,Riverside,065,2383286,64594,62607,247,62854,1261
2020-10-14,Sacramento,067,1510023,24495,24013,27,24040,472
2020-10-14,San Benito,069,59416,1396,1381,0,1381,14
2020-10-14,San Bernardino,071,2135413,60404,57774,373,58147,1063
2020-10-14,San Diego,073,3302833,53314,51329,1337,52666,844
2020-10-14,San Francisco,075,870044,11935,11783,40,11823,123
2020-10-14,San Joaquin,077,732212,21270,20845,124,20969,487
2020-10-14,San Luis Obispo,079,281455,4195,3901,22,3923,32
2020-10-14,San Mateo,081,765935,10959,10309,10,10319,132
2020-10-14,Santa Barbara,083,443738,9815,9509,85,9594,117
2020-10-14,Santa Clara,085,1922200,24194,22735,49,22784,343
2020-10-14,Santa Cruz,087,273765,2717,2618,33,2651,13
2020-10-14,Shasta,089,179085,1888,1553,18,1571,20
2020-10-14,Sierra,091,2930,6,6,0,6,0
2020-10-14,Siskiyou,093,43540,175,166,10,176,0
2020-10-14,Solano,095,438530,7020,6786,41,6827,55
2020-10-14,Sonoma,097,501317,8949,8514,22,8536,133
2020-10-14,Stanislaus,099,539301,17318,17105,660,17765,365
2020-10-14,Sutter,101,95872,1787,1747,1,1748,12
2020-10-14,Tehama,103,63373,784,721,2,723,3
2020-10-14,Trinity,105,12862,74,20,10,30,0
2020-10-14,Tulare,107,460477,17451,16863,257,17120,287
2020-10-14,Tuolumne,109,53932,258,236,4,240,4
2020-10-14,Ventura,111,848112,14422,13697,295,13992,152
2020-10-14,Yolo,113,214977,3085,3007,7,3014,55
2020-10-14,Yuba,115,75493,1190,1147,5,1152,10
2020-10-13,Alameda,001,1643700,22817,22185,210,22395,389
2020-10-13,Alpine,003,1148,3,3,0,3,0
2020-10-13,Amador,005,37829,310,306,0,306,16
2020-10-13,Butte,007,227075,3092,2992,27,3019,54
2020-10-13,Calaveras,009,45235,321,262,0,262,12
2020-10-13,Colusa,011,21464,542,541,1,542,6
2020-10-13,Contra Costa,013,1133247,18314,17783,89,17872,234
2020-10-13,Del Norte,015,27424,168,163,0,163,2
2020-10-13,El Dorado,017,186661,1316,1262,2,1264,4
2020-10-13,Fresno,019,978130,32515,29579,427,30006,424
2020-10-13,Glenn,021,27897,640,629,0,629,3
2020-10-13,Humboldt,023,135768,541,523,1,524,7
2020-10-13,Imperial,025,180216,12441,11727,29,11756,327
2020-10-13,Inyo,027,18085,220,207,4,211,14
2020-10-13,Kern,029,883053,33227,32497,370,32867,419
2020-10-13,Kings,031,150075,8323,8111,52,8163,80
2020-10-13,Lake,033,64148,686,639,0,639,12
2020-10-13,Lassen,035,31185,763,752,2,754,0
2020-10-13,Los Angeles,037,10098052,287707,281716,2457,284173,6767
2020-10-13,Madera,039,155013,4886,4700,33,4733,50
2020-10-13,Marin,041,260295,7005,6900,18,6918,97
2020-10-13,Mariposa,043,17540,77,76,0,76,2
2020-10-13,Mendocino,045,87422,1023,950,4,954,21
2020-10-13,Merced,047,269075,9301,9181,29,9210,146
2020-10-13,Modoc,049,8938,29,28,0,28,0
2020-10-13,Mono,051,14174,174,155,4,159,1
2020-10-13,Monterey,053,433212,10877,10574,48,10622,78
2020-10-13,Napa,055,140530,1904,1825,8,1833,12
2020-10-13,Nevada,057,99092,595,572,18,590,7
2020-10-13,Orange,059,3164182,58403,55515,1625,57140,1326
2020-10-13,Placer,061,380077,3989,3825,15,3840,48
2020-10-13,Plumas,063,18699,52,51,0,51,0
2020-10-13,Riverside,065,2383286,64274,62279,245,62524,1254
2020-10-13,Sacramento,067,1510023,24418,23930,27,23957,466
2020-10-13,San Benito,069,59416,1388,1380,0,1380,14
2020-10-13,San Bernardino,071,2135413,60064,57411,371,57782,1061
2020-10-13,San Diego,073,3302833,53021,51026,1320,52346,840
2020-10-13,San Francisco,075,870044,11900,11659,40,11699,122
2020-10-13,San Joaquin,077,732212,21209,20822,120,20942,481
2020-10-13,San Luis Obispo,079,281455,4179,3892,21,3913,32
2020-10-13,San Mateo,081,765935,10916,10286,10,10296,130
2020-10-13,Santa Barbara,083,443738,9784,9489,85,9574,117
2020-10-13,Santa Clara,085,1922200,24067,22678,49,22727,343
2020-10-13,Santa Cruz,087,273765,2699,2603,33,2636,13
2020-10-13,Shasta,089,179085,1864,1606,18,1624,20
2020-10-13,Sierra,091,2930,6,6,0,6,0
2020-10-13,Siskiyou,093,43540,174,163,10,173,0
2020-10-13,Solano,095,438530,6985,6761,41,6802,55
2020-10-13,Sonoma,097,501317,8866,8456,22,8478,133
2020-10-13,Stanislaus,099,539301,17273,17082,655,17737,362
2020-10-13,Sutter,101,95872,1778,1748,1,1749,12
2020-10-13,Tehama,103,63373,776,717,2,719,3
2020-10-13,Trinity,105,12862,70,19,9,28,0
2020-10-13,Tulare,107,460477,17392,16822,249,17071,286
2020-10-13,Tuolumne,109,53932,256,235,4,239,4
2020-10-13,Ventura,111,848112,14368,13645,291,13936,151
2020-10-13,Yolo,113,214977,3077,2983,6,2989,55
2020-10-13,Yuba,115,75493,1185,1143,5,1148,10
2020-10-12,Alameda,001,1643700,22737,22126,209,22335,389
2020-10-12,Alpine,003,1148,3,3,0,3,0
2020-10-12,Amador,005,37829,309,305,0,305,16
2020-10-12,Butte,007,227075,3086,2975,27,3002,54
2020-10-12,Calaveras,009,45235,321,262,0,262,12
2020-10-12,Colusa,011,21464,542,541,1,542,6
2020-10-12,Contra Costa,013,1133247,18239,17728,89,17817,233
2020-10-12,Del Norte,015,27424,168,161,0,161,2
2020-10-12,El Dorado,017,186661,1313,1254,2,1256,4
2020-10-12,Fresno,019,978130,32382,29523,423,29946,421
2020-10-12,Glenn,021,27897,639,626,0,626,3
2020-10-12,Humboldt,023,135768,538,522,1,523,7
2020-10-12,Imperial,025,180216,12402,11689,28,11717,328
2020-10-12,Inyo,027,18085,217,201,4,205,14
2020-10-12,Kern,029,883053,33134,32425,367,32792,419
2020-10-12,Kings,031,150075,8317,8106,51,8157,80
2020-10-12,Lake,033,64148,680,633,0,633,12
2020-10-12,Lassen,035,31185,763,752,2,754,0
2020-10-12,Los Angeles,037,10098052,286490,280961,2429,283390,6747
2020-10-12,Madera,039,155013,4867,4689,33,4722,50
2020-10-12,Marin,041,260295,6988,6886,18,6904,97
2020-10-12,Mariposa,043,17540,77,76,0,76,2
2020-10-12,Mendocino,045,87422,1017,947,4,951,21
2020-10-12,Merced,047,269075,9280,9141,29,9170,146
2020-10-12,Modoc,049,8938,29,27,0,27,0
2020-10-12,Mono,051,14174,174,154,4,158,1
2020-10-12,Monterey,053,433212,10811,10473,48,10521,77
2020-10-12,Napa,055,140530,1896,1819,8,1827,11
2020-10-12,Nevada,057,99092,591,570,18,588,7
2020-10-12,Orange,059,3164182,58173,55373,1615,56988,1326
2020-10-12,Placer,061,380077,3957,3808,14,3822,48
2020-10-12,Plumas,063,18699,52,51,0,51,0
2020-10-12,Riverside,065,2383286,63963,62279,241,62520,1254
2020-10-12,Sacramento,067,1510023,24312,23807,27,23834,466
2020-10-12,San Benito,069,59416,1385,1376,0,1376,13
2020-10-12,San Bernardino,071,2135413,59690,57235,370,57605,1061
2020-10-12,San Diego,073,3302833,52731,50748,1293,52041,826
2020-10-12,San Francisco,075,870044,11868,11659,40,11699,122
2020-10-12,San Joaquin,077,732212,21146,20701,114,20815,480
2020-10-12,San Luis Obispo,079,281455,4151,3874,21,3895,32
2020-10-12,San Mateo,081,765935,10868,10262,10,10272,130
2020-10-12,Santa Barbara,083,443738,9746,9462,85,9547,117
2020-10-12,Santa Clara,085,1922200,23952,22578,49,22627,343
2020-10-12,Santa Cruz,087,273765,2682,2590,33,2623,13
2020-10-12,Shasta,089,179085,1839,1515,18,1533,20
2020-10-12,Sierra,091,2930,6,6,0,6,0
2020-10-12,Siskiyou,093,43540,173,162,10,172,0
2020-10-12,Solano,095,438530,6946,6742,41,6783,55
2020-10-12,Sonoma,097,501317,8795,8377,22,8399,133
2020-10-12,Stanislaus,099,539301,17224,17051,646,17697,361
2020-10-12,Sutter,101,95872,1770,1741,1,1742,12
2020-10-12,Tehama,103,63373,760,708,2,710,3
2020-10-12,Trinity,105,12862,69,19,9,28,0
2020-10-12,Tulare,107,460477,17340,16742,242,16984,286
2020-10-12,Tuolumne,109,53932,251,234,4,238,4
2020-10-12,Ventura,111,848112,14306,13617,287,13904,151
2020-10-12,Yolo,113,214977,3062,2964,6,2970,55
2020-10-12,Yuba,115,75493,1174,1141,5,1146,10
2020-10-11,Alameda,001,1643700,22647,22057,205,22262,392
2020-10-11,Alpine,003,1148,3,3,0,3,0
2020-10-11,Amador,005,37829,307,305,0,305,16
2020-10-11,Butte,007,227075,3078,2967,26,2993,54
2020-10-11,Calaveras,009,45235,319,262,0,262,12
2020-10-11,Colusa,011,21464,540,541,1,542,6
2020-10-11,Contra Costa,013,1133247,18155,17678,89,17767,233
2020-10-11,Del Norte,015,27424,166,161,0,161,2
2020-10-11,El Dorado,017,186661,1304,1242,2,1244,4
2020-10-11,Fresno,019,978130,32244,29419,415,29834,421
2020-10-11,Glenn,021,27897,637,625,0,625,3
2020-10-11,Humboldt,023,135768,537,521,1,522,7
2020-10-11,Imperial,025,180216,12342,11614,26,11640,328
2020-10-11,Inyo,027,18085,213,201,4,205,14
2020-10-11,Kern,029,883053,33047,32399,360,32759,418
2020-10-11,Kings,031,150075,8300,8094,50,8144,80
2020-10-11,Lake,033,64148,667,631,0,631,12
2020-10-11,Lassen,035,31185,762,752,2,754,0
2020-10-11,Los Angeles,037,10098052,285052,280190,2387,282577,6745
2020-10-11,Madera,039,155013,4839,4680,32,4712,50
2020-10-11,Marin,041,260295,6979,6870,18,6888,97
2020-10-11,Mariposa,043,17540,77,76,0,76,2
2020-10-11,Mendocino,045,87422,1010,944,4,948,21
2020-10-11,Merced,047,269075,9262,9124,29,9153,146
2020-10-11,Modoc,049,8938,29,27,0,27,0
2020-10-11,Mono,051,14174,174,154,4,158,1
2020-10-11,Monterey,053,433212,10760,10445,46,10491,77
2020-10-11,Napa,055,140530,1880,1811,8,1819,11
2020-10-11,Nevada,057,99092,589,569,18,587,7
2020-10-11,Orange,059,3164182,57943,55202,1609,56811,1326
2020-10-11,Placer,061,380077,3936,3787,14,3801,48
2020-10-11,Plumas,063,18699,52,51,0,51,0
2020-10-11,Riverside,065,2383286,63674,62112,237,62349,1254
2020-10-11,Sacramento,067,1510023,24170,23778,27,23805,466
2020-10-11,San Benito,069,59416,1384,1374,0,1374,13
2020-10-11,San Bernardino,071,2135413,59235,56997,368,57365,1061
2020-10-11,San Diego,073,3302833,52381,50553,1271,51824,826
2020-10-11,San Francisco,075,870044,11825,11659,40,11699,122
2020-10-11,San Joaquin,077,732212,21071,20700,104,20804,480
2020-10-11,San Luis Obispo,079,281455,4134,3874,20,3894,32
2020-10-11,San Mateo,081,765935,10837,10240,10,10250,130
2020-10-11,Santa Barbara,083,443738,9715,9440,84,9524,117
2020-10-11,Santa Clara,085,1922200,23809,22487,48,22535,336
2020-10-11,Santa Cruz,087,273765,2668,2578,33,2611,13
2020-10-11,Shasta,089,179085,1809,1515,17,1532,20
2020-10-11,Sierra,091,2930,6,6,0,6,0
2020-10-11,Siskiyou,093,43540,172,162,10,172,0
2020-10-11,Solano,095,438530,6892,6685,41,6726,53
2020-10-11,Sonoma,097,501317,8738,8319,22,8341,133
2020-10-11,Stanislaus,099,539301,17160,17007,630,17637,360
2020-10-11,Sutter,101,95872,1767,1742,1,1743,12
2020-10-11,Tehama,103,63373,736,702,2,704,3
2020-10-11,Trinity,105,12862,69,19,9,28,0
2020-10-11,Tulare,107,460477,17276,16741,234,16975,286
2020-10-11,Tuolumne,109,53932,247,234,4,238,4
2020-10-11,Ventura,111,848112,14245,13604,282,13886,151
2020-10-11,Yolo,113,214977,3032,2952,6,2958,55
2020-10-11,Yuba,115,75493,1162,1137,5,1142,10
2020-10-10,Alameda,001,1643700,22597,21979,204,22183,398
2020-10-10,Alpine,003,1148,3,3,0,3,0
2020-10-10,Amador,005,37829,306,304,0,304,16
2020-10-10,Butte,007,227075,3073,2962,25,2987,54
2020-10-10,Calaveras,009,45235,318,262,0,262,12
2020-10-10,Colusa,011,21464,540,541,1,542,6
2020-10-10,Contra Costa,013,1133247,18119,17566,88,17654,233
2020-10-10,Del Norte,015,27424,166,161,0,161,2
2020-10-10,El Dorado,017,186661,1302,1240,2,1242,4
2020-10-10,Fresno,019,978130,32180,29286,413,29699,421
2020-10-10,Glenn,021,27897,637,623,0,623,3
2020-10-10,Humboldt,023,135768,534,518,1,519,7
2020-10-10,Imperial,025,180216,12327,11591,26,11617,327
2020-10-10,Inyo,027,18085,210,201,4,205,14
2020-10-10,Kern,029,883053,33010,32338,360,32698,418
2020-10-10,Kings,031,150075,8296,8078,50,8128,80
2020-10-10,Lake,033,64148,666,630,0,630,11
2020-10-10,Lassen,035,31185,762,752,2,754,0
2020-10-10,Los Angeles,037,10098052,284332,279213,2353,281566,6743
2020-10-10,Madera,039,155013,4826,4662,32,4694,50
2020-10-10,Marin,041,260295,6970,6852,18,6870,97
2020-10-10,Mariposa,043,17540,77,76,0,76,2
2020-10-10,Mendocino,045,87422,1003,935,4,939,21
2020-10-10,Merced,047,269075,9256,9105,28,9133,146
2020-10-10,Modoc,049,8938,29,27,0,27,0
2020-10-10,Mono,051,14174,174,154,4,158,1
2020-10-10,Monterey,053,433212,10727,10410,46,10456,75
2020-10-10,Napa,055,140530,1873,1804,8,1812,11
2020-10-10,Nevada,057,99092,586,564,18,582,6
2020-10-10,Orange,059,3164182,57822,54965,1604,56569,1324
2020-10-10,Placer,061,380077,3919,3757,14,3771,48
2020-10-10,Plumas,063,18699,52,51,0,51,0
2020-10-10,Riverside,065,2383286,63470,61845,235,62080,1254
2020-10-10,Sacramento,067,1510023,24103,23689,27,23716,466
2020-10-10,San Benito,069,59416,1382,1370,0,1370,13
2020-10-10,San Bernardino,071,2135413,59073,56683,366,57049,1061
2020-10-10,San Diego,073,3302833,52151,50145,1253,51398,825
2020-10-10,San Francisco,075,870044,11804,11663,40,11703,122
2020-10-10,San Joaquin,077,732212,21043,20700,100,20800,481
2020-10-10,San Luis Obispo,079,281455,4114,3832,20,3852,32
2020-10-10,San Mateo,081,765935,10800,10218,10,10228,130
2020-10-10,Santa Barbara,083,443738,9704,9417,84,9501,116
2020-10-10,Santa Clara,085,1922200,23717,22354,48,22402,330
2020-10-10,Santa Cruz,087,273765,2654,2572,33,2605,13
2020-10-10,Shasta,089,179085,1792,1473,17,1490,20
2020-10-10,Sierra,091,2930,6,6,0,6,0
2020-10-10,Siskiyou,093,43540,172,161,10,171,0
2020-10-10,Solano,095,438530,6866,6655,41,6696,53
2020-10-10,Sonoma,097,501317,8718,8235,22,8257,133
2020-10-10,Stanislaus,099,539301,17125,16960,622,17582,360
2020-10-10,Sutter,101,95872,1764,1735,1,1736,12
2020-10-10,Tehama,103,63373,729,693,2,695,3
2020-10-10,Trinity,105,12862,69,19,9,28,0
2020-10-10,Tulare,107,460477,17241,16709,229,16938,286
2020-10-10,Tuolumne,109,53932,247,233,4,237,4
2020-10-10,Ventura,111,848112,14220,13520,282,13802,151
2020-10-10,Yolo,113,214977,3023,2939,6,2945,55
2020-10-10,Yuba,115,75493,1160,1134,5,1139,10
2020-10-09,Alameda,001,1643700,22549,21924,204,22128,399
2020-10-09,Alpine,003,1148,3,3,0,3,0
2020-10-09,Amador,005,37829,306,303,0,303,16
2020-10-09,Butte,007,227075,3070,2956,25,2981,51
2020-10-09,Calaveras,009,45235,316,262,0,262,11
2020-10-09,Colusa,011,21464,540,541,1,542,6
2020-10-09,Contra Costa,013,1133247,18069,17487,88,17575,229
2020-10-09,Del Norte,015,27424,165,161,0,161,2
2020-10-09,El Dorado,017,186661,1298,1234,2,1236,4
2020-10-09,Fresno,019,978130,32107,29208,411,29619,417
2020-10-09,Glenn,021,27897,632,617,0,617,3
2020-10-09,Humboldt,023,135768,532,516,1,517,7
2020-10-09,Imperial,025,180216,12300,11516,26,11542,330
2020-10-09,Inyo,027,18085,207,200,4,204,14
2020-10-09,Kern,029,883053,32967,32237,358,32595,417
2020-10-09,Kings,031,150075,8289,7993,48,8041,80
2020-10-09,Lake,033,64148,656,610,0,610,11
2020-10-09,Lassen,035,31185,762,751,2,753,0
2020-10-09,Los Angeles,037,10098052,283198,278039,2328,280367,6715
2020-10-09,Madera,039,155013,4816,4646,32,4678,50
2020-10-09,Marin,041,260295,6956,6838,18,6856,96
2020-10-09,Mariposa,043,17540,77,76,0,76,2
2020-10-09,Mendocino,045,87422,993,933,4,937,20
2020-10-09,Merced,047,269075,9242,9095,28,9123,145
2020-10-09,Modoc,049,8938,29,27,0,27,0
2020-10-09,Mono,051,14174,174,154,4,158,1
2020-10-09,Monterey,053,433212,10693,10369,46,10415,75
2020-10-09,Napa,055,140530,1864,1795,8,1803,11
2020-10-09,Nevada,057,99092,581,561,18,579,6
2020-10-09,Orange,059,3164182,57650,54746,1599,56345,1305
2020-10-09,Placer,061,380077,3905,3737,14,3751,48
2020-10-09,Plumas,063,18699,52,50,0,50,0
2020-10-09,Riverside,065,2383286,63234,61529,234,61763,1252
2020-10-09,Sacramento,067,1510023,24033,23606,27,23633,457
2020-10-09,San Benito,069,59416,1377,1367,0,1367,13
2020-10-09,San Bernardino,071,2135413,58833,56434,364,56798,1057
2020-10-09,San Diego,073,3302833,51875,49825,1242,51067,821
2020-10-09,San Francisco,075,870044,11774,11620,40,11660,120
2020-10-09,San Joaquin,077,732212,21013,20648,91,20739,481
2020-10-09,San Luis Obispo,079,281455,4095,3810,20,3830,32
2020-10-09,San Mateo,081,765935,10772,10140,10,10150,130
2020-10-09,Santa Barbara,083,443738,9676,9396,84,9480,116
2020-10-09,Santa Clara,085,1922200,23615,22251,47,22298,328
2020-10-09,Santa Cruz,087,273765,2645,2555,33,2588,13
2020-10-09,Shasta,089,179085,1765,1353,16,1369,20
2020-10-09,Sierra,091,2930,6,6,0,6,0
2020-10-09,Siskiyou,093,43540,170,156,10,166,0
2020-10-09,Solano,095,438530,6827,6614,41,6655,53
2020-10-09,Sonoma,097,501317,8664,8133,22,8155,133
2020-10-09,Stanislaus,099,539301,17101,16904,613,17517,362
2020-10-09,Sutter,101,95872,1760,1732,1,1733,12
2020-10-09,Tehama,103,63373,723,682,2,684,3
2020-10-09,Trinity,105,12862,69,25,9,34,0
2020-10-09,Tulare,107,460477,17201,16644,220,16864,286
2020-10-09,Tuolumne,109,53932,244,230,4,234,4
2020-10-09,Ventura,111,848112,14184,13469,279,13748,151
2020-10-09,Yolo,113,214977,3016,2928,6,2934,55
2020-10-09,Yuba,115,75493,1159,1129,5,1134,10
2020-10-08,Alameda,001,1643700,22468,21826,203,22029,395
2020-10-08,Alpine,003,1148,3,3,0,3,0
2020-10-08,Amador,005,37829,305,302,0,302,16
2020-10-08,Butte,007,227075,3060,2935,25,2960,51
2020-10-08,Calaveras,009,45235,315,262,0,262,11
2020-10-08,Colusa,011,21464,540,539,1,540,6
2020-10-08,Contra Costa,013,1133247,18009,17418,87,17505,228
2020-10-08,Del Norte,015,27424,165,151,0,151,2
2020-10-08,El Dorado,017,186661,1297,1230,2,1232,4
2020-10-08,Fresno,019,978130,32002,29111,411,29522,416
2020-10-08,Glenn,021,27897,629,616,0,616,3
2020-10-08,Humboldt,023,135768,528,515,1,516,7
2020-10-08,Imperial,025,180216,12261,11405,26,11431,330
2020-10-08,Inyo,027,18085,204,199,4,203,14
2020-10-08,Kern,029,883053,32909,32169,353,32522,411
2020-10-08,Kings,031,150075,8283,7968,48,8016,80
2020-10-08,Lake,033,64148,651,604,0,604,11
2020-10-08,Lassen,035,31185,757,751,2,753,0
2020-10-08,Los Angeles,037,10098052,281998,276763,2288,279051,6699
2020-10-08,Madera,039,155013,4797,4637,32,4669,50
2020-10-08,Marin,041,260295,6942,6810,18,6828,96
2020-10-08,Mariposa,043,17540,77,76,0,76,2
2020-10-08,Mendocino,045,87422,988,930,4,934,20
2020-10-08,Merced,047,269075,9222,9069,28,9097,144
2020-10-08,Modoc,049,8938,29,27,0,27,0
2020-10-08,Mono,051,14174,174,153,4,157,1
2020-10-08,Monterey,053,433212,10626,10343,46,10389,75
2020-10-08,Napa,055,140530,1849,1779,8,1787,11
2020-10-08,Nevada,057,99092,578,556,18,574,6
2020-10-08,Orange,059,3164182,57457,54523,1588,56111,1293
2020-10-08,Placer,061,380077,3887,3715,14,3729,48
2020-10-08,Plumas,063,18699,52,50,0,50,0
2020-10-08,Riverside,065,2383286,62965,61105,232,61337,1244
2020-10-08,Sacramento,067,1510023,23925,23482,27,23509,454
2020-10-08,San Benito,069,59416,1372,1367,0,1367,13
2020-10-08,San Bernardino,071,2135413,58468,56152,363,56515,1048
2020-10-08,San Diego,073,3302833,51595,49468,1210,50678,819
2020-10-08,San Francisco,075,870044,11736,11608,40,11648,115
2020-10-08,San Joaquin,077,732212,20962,20576,86,20662,478
2020-10-08,San Luis Obispo,079,281455,4079,3785,20,3805,32
2020-10-08,San Mateo,081,765935,10740,10044,10,10054,130
2020-10-08,Santa Barbara,083,443738,9647,9374,84,9458,116
2020-10-08,Santa Clara,085,1922200,23513,22095,47,22142,323
2020-10-08,Santa Cruz,087,273765,2633,2535,33,2568,13
2020-10-08,Shasta,089,179085,1731,1305,16,1321,20
2020-10-08,Sierra,091,2930,6,6,0,6,0
2020-10-08,Siskiyou,093,43540,170,156,10,166,0
2020-10-08,Solano,095,438530,6803,6556,41,6597,53
2020-10-08,Sonoma,097,501317,8598,8063,22,8085,132
2020-10-08,Stanislaus,099,539301,17055,16821,605,17426,360
2020-10-08,Sutter,101,95872,1760,1725,1,1726,12
2020-10-08,Tehama,103,63373,714,676,2,678,3
2020-10-08,Trinity,105,12862,68,25,9,34,0
2020-10-08,Tulare,107,460477,17140,16573,211,16784,283
2020-10-08,Tuolumne,109,53932,243,230,4,234,4
2020-10-08,Ventura,111,848112,14136,13399,277,13676,151
2020-10-08,Yolo,113,214977,2999,2914,6,2920,55
2020-10-08,Yuba,115,75493,1154,1126,5,1131,10
2020-10-07,Alameda,001,1643700,22391,21736,203,21939,395
2020-10-07,Alpine,003,1148,3,3,0,3,0
2020-10-07,Amador,005,37829,305,302,0,302,16
2020-10-07,Butte,007,227075,3048,2927,25,2952,47
2020-10-07,Calaveras,009,45235,313,262,0,262,11
2020-10-07,Colusa,011,21464,539,539,0,539,6
2020-10-07,Contra Costa,013,1133247,17939,17346,86,17432,225
2020-10-07,Del Norte,015,27424,164,149,0,149,2
2020-10-07,El Dorado,017,186661,1289,1219,2,1221,4
2020-10-07,Fresno,019,978130,31881,29069,406,29475,413
2020-10-07,Glenn,021,27897,629,615,0,615,3
2020-10-07,Humboldt,023,135768,525,512,1,513,7
2020-10-07,Imperial,025,180216,12224,11289,24,11313,330
2020-10-07,Inyo,027,18085,204,199,4,203,14
2020-10-07,Kern,029,883053,32836,32068,352,32420,410
2020-10-07,Kings,031,150075,8268,7948,48,7996,80
2020-10-07,Lake,033,64148,650,599,0,599,11
2020-10-07,Lassen,035,31185,757,751,2,753,0
2020-10-07,Los Angeles,037,10098052,280818,275559,2254,277813,6681
2020-10-07,Madera,039,155013,4777,4618,32,4650,50
2020-10-07,Marin,041,260295,6915,6790,18,6808,95
2020-10-07,Mariposa,043,17540,77,75,0,75,2
2020-10-07,Mendocino,045,87422,982,927,4,931,19
2020-10-07,Merced,047,269075,9185,9045,27,9072,144
2020-10-07,Modoc,049,8938,29,27,0,27,0
2020-10-07,Mono,051,14174,173,153,3,156,1
2020-10-07,Monterey,053,433212,10567,10272,46,10318,75
2020-10-07,Napa,055,140530,1836,1774,8,1782,11
2020-10-07,Nevada,057,99092,574,552,18,570,6
2020-10-07,Orange,059,3164182,57239,54332,1578,55910,1277
2020-10-07,Placer,061,380077,3871,3693,14,3707,48
2020-10-07,Plumas,063,18699,52,50,0,50,0
2020-10-07,Riverside,065,2383286,62618,60857,228,61085,1241
2020-10-07,Sacramento,067,1510023,23828,23380,27,23407,452
2020-10-07,San Benito,069,59416,1369,1363,0,1363,13
2020-10-07,San Bernardino,071,2135413,58120,55738,362,56100,1043
2020-10-07,San Diego,073,3302833,51279,49177,1186,50363,813
2020-10-07,San Francisco,075,870044,11701,11551,40,11591,115
2020-10-07,San Joaquin,077,732212,20909,20527,79,20606,478
2020-10-07,San Luis Obispo,079,281455,4049,3749,20,3769,32
2020-10-07,San Mateo,081,765935,10697,9980,10,9990,130
2020-10-07,Santa Barbara,083,443738,9621,9350,83,9433,116
2020-10-07,Santa Clara,085,1922200,23385,21993,47,22040,320
2020-10-07,Santa Cruz,087,273765,2621,2518,33,2551,14
2020-10-07,Shasta,089,179085,1688,1268,16,1284,20
2020-10-07,Sierra,091,2930,6,6,0,6,0
2020-10-07,Siskiyou,093,43540,168,154,10,164,0
2020-10-07,Solano,095,438530,6768,6526,41,6567,53
2020-10-07,Sonoma,097,501317,8523,7993,21,8014,130
2020-10-07,Stanislaus,099,539301,17020,16786,599,17385,357
2020-10-07,Sutter,101,95872,1756,1723,1,1724,12
2020-10-07,Tehama,103,63373,705,666,2,668,3
2020-10-07,Trinity,105,12862,64,25,8,33,0
2020-10-07,Tulare,107,460477,17097,16483,202,16685,282
2020-10-07,Tuolumne,109,53932,243,227,4,231,3
2020-10-07,Ventura,111,848112,14086,13333,271,13604,150
2020-10-07,Yolo,113,214977,2973,2904,6,2910,55
2020-10-07,Yuba,115,75493,1148,1120,5,1125,10
2020-10-06,Alameda,001,1643700,22300,21698,201,21899,385
2020-10-06,Alpine,003,1148,3,3,0,3,0
2020-10-06,Amador,005,37829,303,301,0,301,16
2020-10-06,Butte,007,227075,3041,2925,25,2950,47
2020-10-06,Calaveras,009,45235,313,261,0,261,11
2020-10-06,Colusa,011,21464,538,538,0,538,6
2020-10-06,Contra Costa,013,1133247,17860,17295,86,17381,219
2020-10-06,Del Norte,015,27424,164,144,0,144,2
2020-10-06,El Dorado,017,186661,1285,1211,2,1213,4
2020-10-06,Fresno,019,978130,31737,29022,403,29425,412
2020-10-06,Glenn,021,27897,626,604,0,604,3
2020-10-06,Humboldt,023,135768,522,508,1,509,7
2020-10-06,Imperial,025,180216,12186,11196,23,11219,327
2020-10-06,Inyo,027,18085,202,198,4,202,14
2020-10-06,Kern,029,883053,32759,32006,350,32356,407
2020-10-06,Kings,031,150075,8252,7943,48,7991,81
2020-10-06,Lake,033,64148,644,596,0,596,11
2020-10-06,Lassen,035,31185,757,743,2,745,0
2020-10-06,Los Angeles,037,10098052,279582,274115,2204,276319,6657
2020-10-06,Madera,039,155013,4765,4608,32,4640,50
2020-10-06,Marin,041,260295,6901,6766,18,6784,91
2020-10-06,Mariposa,043,17540,77,75,0,75,2
2020-10-06,Mendocino,045,87422,975,920,4,924,19
2020-10-06,Merced,047,269075,9149,9034,26,9060,143
2020-10-06,Modoc,049,8938,29,26,0,26,0
2020-10-06,Mono,051,14174,173,153,3,156,1
2020-10-06,Monterey,053,433212,10511,10235,44,10279,72
2020-10-06,Napa,055,140530,1830,1770,8,1778,11
2020-10-06,Nevada,057,99092,572,551,18,569,6
2020-10-06,Orange,059,3164182,57024,54203,1569,55772,1273
2020-10-06,Placer,061,380077,3849,3680,14,3694,48
2020-10-06,Plumas,063,18699,52,49,0,49,0
2020-10-06,Riverside,065,2383286,62353,60593,225,60818,1238
2020-10-06,Sacramento,067,1510023,23741,23322,27,23349,442
2020-10-06,San Benito,069,59416,1368,1358,0,1358,12
2020-10-06,San Bernardino,071,2135413,57805,55416,358,55774,1040
2020-10-06,San Diego,073,3302833,50942,48823,1169,49992,806
2020-10-06,San Francisco,075,870044,11675,11513,39,11552,115
2020-10-06,San Joaquin,077,732212,20869,20481,76,20557,477
2020-10-06,San Luis Obispo,079,281455,4014,3723,20,3743,32
2020-10-06,San Mateo,081,765935,10664,9934,10,9944,129
2020-10-06,Santa Barbara,083,443738,9592,9331,82,9413,116
2020-10-06,Santa Clara,085,1922200,23290,21914,47,21961,320
2020-10-06,Santa Cruz,087,273765,2599,2510,33,2543,12
2020-10-06,Shasta,089,179085,1648,1242,16,1258,18
2020-10-06,Sierra,091,2930,6,6,0,6,0
2020-10-06,Siskiyou,093,43540,168,154,10,164,0
2020-10-06,Solano,095,438530,6722,6506,41,6547,52
2020-10-06,Sonoma,097,501317,8430,7895,21,7916,130
2020-10-06,Stanislaus,099,539301,16975,16759,593,17352,354
2020-10-06,Sutter,101,95872,1754,1722,1,1723,12
2020-10-06,Tehama,103,63373,696,660,2,662,3
2020-10-06,Trinity,105,12862,64,25,8,33,0
2020-10-06,Tulare,107,460477,17055,16456,194,16650,280
2020-10-06,Tuolumne,109,53932,242,227,4,231,2
2020-10-06,Ventura,111,848112,14019,13242,266,13508,150
2020-10-06,Yolo,113,214977,2959,2899,6,2905,56
2020-10-06,Yuba,115,75493,1147,1114,5,1119,10
2020-10-05,Alameda,001,1643700,22212,21637,198,21835,383
2020-10-05,Alpine,003,1148,3,2,0,2,0
2020-10-05,Amador,005,37829,303,299,0,299,16
2020-10-05,Butte,007,227075,3031,2910,25,2935,46
2020-10-05,Calaveras,009,45235,313,259,0,259,11
2020-10-05,Colusa,011,21464,538,537,0,537,6
2020-10-05,Contra Costa,013,1133247,17783,17250,86,17336,216
2020-10-05,Del Norte,015,27424,161,142,0,142,2
2020-10-05,El Dorado,017,186661,1281,1202,2,1204,4
2020-10-05,Fresno,019,978130,31620,29136,403,29539,408
2020-10-05,Glenn,021,27897,624,603,0,603,3
2020-10-05,Humboldt,023,135768,521,506,1,507,6
2020-10-05,Imperial,025,180216,12146,11169,21,11190,327
2020-10-05,Inyo,027,18085,202,197,4,201,14
2020-10-05,Kern,029,883053,32680,31933,346,32279,404
2020-10-05,Kings,031,150075,8155,7932,48,7980,80
2020-10-05,Lake,033,64148,640,592,0,592,10
2020-10-05,Lassen,035,31185,756,743,2,745,0
2020-10-05,Los Angeles,037,10098052,278496,273200,2162,275362,6632
2020-10-05,Madera,039,155013,4757,4598,30,4628,50
2020-10-05,Marin,041,260295,6884,6751,18,6769,91
2020-10-05,Mariposa,043,17540,77,75,0,75,2
2020-10-05,Mendocino,045,87422,967,913,4,917,19
2020-10-05,Merced,047,269075,9130,9021,25,9046,143
2020-10-05,Modoc,049,8938,29,26,0,26,0
2020-10-05,Mono,051,14174,173,152,3,155,1
2020-10-05,Monterey,053,433212,10464,10187,44,10231,72
2020-10-05,Napa,055,140530,1819,1760,8,1768,11
2020-10-05,Nevada,057,99092,569,550,17,567,6
2020-10-05,Orange,059,3164182,56808,54103,1556,55659,1271
2020-10-05,Placer,061,380077,3823,3670,14,3684,46
2020-10-05,Plumas,063,18699,51,49,0,49,0
2020-10-05,Riverside,065,2383286,62033,60454,221,60675,1232
2020-10-05,Sacramento,067,1510023,23637,23207,27,23234,438
2020-10-05,San Benito,069,59416,1365,1356,0,1356,12
2020-10-05,San Bernardino,071,2135413,57497,55100,357,55457,1031
2020-10-05,San Diego,073,3302833,50606,48662,1145,49807,803
2020-10-05,San Francisco,075,870044,11636,11476,36,11512,110
2020-10-05,San Joaquin,077,732212,20798,20319,73,20392,476
2020-10-05,San Luis Obispo,079,281455,3987,3710,20,3730,32
2020-10-05,San Mateo,081,765935,10637,9896,10,9906,128
2020-10-05,Santa Barbara,083,443738,9570,9309,82,9391,116
2020-10-05,Santa Clara,085,1922200,23173,21861,47,21908,319
2020-10-05,Santa Cruz,087,273765,2587,2492,33,2525,9
2020-10-05,Shasta,089,179085,1615,1158,16,1174,18
2020-10-05,Sierra,091,2930,6,6,0,6,0
2020-10-05,Siskiyou,093,43540,168,153,10,163,0
2020-10-05,Solano,095,438530,6683,6475,41,6516,52
2020-10-05,Sonoma,097,501317,8338,7817,21,7838,130
2020-10-05,Stanislaus,099,539301,16940,16730,586,17316,351
2020-10-05,Sutter,101,95872,1746,1719,1,1720,12
2020-10-05,Tehama,103,63373,688,642,2,644,3
2020-10-05,Trinity,105,12862,62,22,8,30,0
2020-10-05,Tulare,107,460477,16996,16343,190,16533,278
2020-10-05,Tuolumne,109,53932,239,226,4,230,2
2020-10-05,Ventura,111,848112,13950,13224,246,13470,149
2020-10-05,Yolo,113,214977,2940,2889,6,2895,56
2020-10-05,Yuba,115,75493,1134,1108,5,1113,9
2020-10-04,Alameda,001,1643700,22116,21597,198,21795,383
2020-10-04,Alpine,003,1148,3,2,0,2,0
2020-10-04,Amador,005,37829,301,297,0,297,16
2020-10-04,Butte,007,227075,3017,2903,25,2928,46
2020-10-04,Calaveras,009,45235,313,259,0,259,11
2020-10-04,Colusa,011,21464,537,537,0,537,6
2020-10-04,Contra Costa,013,1133247,17718,17192,86,17278,214
2020-10-04,Del Norte,015,27424,157,142,0,142,2
2020-10-04,El Dorado,017,186661,1277,1196,2,1198,4
2020-10-04,Fresno,019,978130,31497,29065,403,29468,408
2020-10-04,Glenn,021,27897,622,601,0,601,3
2020-10-04,Humboldt,023,135768,520,506,1,507,6
2020-10-04,Imperial,025,180216,12107,11127,21,11148,327
2020-10-04,Inyo,027,18085,199,195,4,199,14
2020-10-04,Kern,029,883053,32606,31906,343,32249,404
2020-10-04,Kings,031,150075,8140,7919,48,7967,80
2020-10-04,Lake,033,64148,626,589,0,589,10
2020-10-04,Lassen,035,31185,756,743,2,745,0
2020-10-04,Los Angeles,037,10098052,277107,272822,2116,274938,6625
2020-10-04,Madera,039,155013,4741,4587,30,4617,50
2020-10-04,Marin,041,260295,6864,6741,18,6759,91
2020-10-04,Mariposa,043,17540,77,75,0,75,2
2020-10-04,Mendocino,045,87422,954,905,4,909,18
2020-10-04,Merced,047,269075,9105,9006,25,9031,140
2020-10-04,Modoc,049,8938,29,26,0,26,0
2020-10-04,Mono,051,14174,172,152,2,154,1
2020-10-04,Monterey,053,433212,10423,10141,43,10184,72
2020-10-04,Napa,055,140530,1807,1759,8,1767,11
2020-10-04,Nevada,057,99092,565,547,16,563,6
2020-10-04,Orange,059,3164182,56572,53966,1547,55513,1270
2020-10-04,Placer,061,380077,3802,3664,14,3678,46
2020-10-04,Plumas,063,18699,51,49,0,49,0
2020-10-04,Riverside,065,2383286,61747,60251,217,60468,1226
2020-10-04,Sacramento,067,1510023,23524,23162,27,23189,438
2020-10-04,San Benito,069,59416,1365,1355,0,1355,12
2020-10-04,San Bernardino,071,2135413,57051,55100,355,55455,1031
2020-10-04,San Diego,073,3302833,50239,48438,1120,49558,803
2020-10-04,San Francisco,075,870044,11604,11474,34,11508,110
2020-10-04,San Joaquin,077,732212,20721,20320,67,20387,476
2020-10-04,San Luis Obispo,079,281455,3962,3688,20,3708,31
2020-10-04,San Mateo,081,765935,10576,9858,10,9868,128
2020-10-04,Santa Barbara,083,443738,9544,9276,80,9356,116
2020-10-04,Santa Clara,085,1922200,23036,21780,47,21827,316
2020-10-04,Santa Cruz,087,273765,2571,2483,33,2516,9
2020-10-04,Shasta,089,179085,1517,1158,15,1173,18
2020-10-04,Sierra,091,2930,6,6,0,6,0
2020-10-04,Siskiyou,093,43540,168,153,10,163,0
2020-10-04,Solano,095,438530,6632,6445,41,6486,52
2020-10-04,Sonoma,097,501317,8250,7794,21,7815,129
2020-10-04,Stanislaus,099,539301,16890,16711,577,17288,351
2020-10-04,Sutter,101,95872,1742,1711,1,1712,11
2020-10-04,Tehama,103,63373,673,637,2,639,3
2020-10-04,Trinity,105,12862,61,21,8,29,0
2020-10-04,Tulare,107,460477,16919,16343,178,16521,278
2020-10-04,Tuolumne,109,53932,237,226,4,230,2
2020-10-04,Ventura,111,848112,13868,13197,229,13426,149
2020-10-04,Yolo,113,214977,2929,2875,6,2881,56
2020-10-04,Yuba,115,75493,1130,1103,5,1108,9
2020-10-03,Alameda,001,1643700,22070,21510,197,21707,386
2020-10-03,Alpine,003,1148,3,2,0,2,0
2020-10-03,Amador,005,37829,300,296,0,296,16
2020-10-03,Butte,007,227075,3011,2894,25,2919,46
2020-10-03,Calaveras,009,45235,313,259,0,259,11
2020-10-03,Colusa,011,21464,536,537,0,537,6
2020-10-03,Contra Costa,013,1133247,17668,17087,84,17171,213
2020-10-03,Del Norte,015,27424,153,142,0,142,2
2020-10-03,El Dorado,017,186661,1270,1188,2,1190,4
2020-10-03,Fresno,019,978130,31437,28975,402,29377,408
2020-10-03,Glenn,021,27897,620,601,0,601,3
2020-10-03,Humboldt,023,135768,519,504,1,505,6
2020-10-03,Imperial,025,180216,12084,11090,21,11111,327
2020-10-03,Inyo,027,18085,199,194,4,198,14
2020-10-03,Kern,029,883053,32556,31864,340,32204,403
2020-10-03,Kings,031,150075,8136,7887,48,7935,80
2020-10-03,Lake,033,64148,616,588,0,588,10
2020-10-03,Lassen,035,31185,756,743,2,745,0
2020-10-03,Los Angeles,037,10098052,276402,271869,2087,273956,6620
2020-10-03,Madera,039,155013,4724,4565,30,4595,50
2020-10-03,Marin,041,260295,6858,6728,18,6746,91
2020-10-03,Mariposa,043,17540,77,75,0,75,2
2020-10-03,Mendocino,045,87422,952,898,4,902,18
2020-10-03,Merced,047,269075,9092,8986,25,9011,139
2020-10-03,Modoc,049,8938,29,26,0,26,0
2020-10-03,Mono,051,14174,171,152,2,154,1
2020-10-03,Monterey,053,433212,10389,10092,40,10132,72
2020-10-03,Napa,055,140530,1803,1752,8,1760,11
2020-10-03,Nevada,057,99092,564,544,16,560,6
2020-10-03,Orange,059,3164182,56455,53573,1542,55115,1268
2020-10-03,Placer,061,380077,3791,3648,14,3662,47
2020-10-03,Plumas,063,18699,51,48,0,48,0
2020-10-03,Riverside,065,2383286,61595,59991,215,60206,1226
2020-10-03,Sacramento,067,1510023,23473,23076,27,23103,437
2020-10-03,San Benito,069,59416,1365,1351,0,1351,12
2020-10-03,San Bernardino,071,2135413,56878,55004,352,55356,1031
2020-10-03,San Diego,073,3302833,50008,48202,1103,49305,798
2020-10-03,San Francisco,075,870044,11579,11475,32,11507,110
2020-10-03,San Joaquin,077,732212,20695,20322,67,20389,476
2020-10-03,San Luis Obispo,079,281455,3938,3670,20,3690,31
2020-10-03,San Mateo,081,765935,10550,9822,9,9831,128
2020-10-03,Santa Barbara,083,443738,9531,9256,80,9336,116
2020-10-03,Santa Clara,085,1922200,22956,21672,47,21719,309
2020-10-03,Santa Cruz,087,273765,2563,2476,33,2509,9
2020-10-03,Shasta,089,179085,1489,1117,14,1131,18
2020-10-03,Sierra,091,2930,6,6,0,6,0
2020-10-03,Siskiyou,093,43540,168,152,10,162,0
2020-10-03,Solano,095,438530,6606,6419,41,6460,52
2020-10-03,Sonoma,097,501317,8207,7747,21,7768,129
2020-10-03,Stanislaus,099,539301,16857,16645,573,17218,351
2020-10-03,Sutter,101,95872,1738,1705,1,1706,11
2020-10-03,Tehama,103,63373,667,630,2,632,3
2020-10-03,Trinity,105,12862,61,15,8,23,0
2020-10-03,Tulare,107,460477,16875,16322,174,16496,278
2020-10-03,Tuolumne,109,53932,236,224,4,228,2
2020-10-03,Ventura,111,848112,13829,13150,225,13375,148
2020-10-03,Yolo,113,214977,2922,2863,6,2869,56
2020-10-03,Yuba,115,75493,1122,1097,5,1102,8
2020-10-02,Alameda,001,1643700,22015,21404,196,21600,382
2020-10-02,Alpine,003,1148,3,2,0,2,0
2020-10-02,Amador,005,37829,299,296,0,296,16
2020-10-02,Butte,007,227075,3001,2879,25,2904,46
2020-10-02,Calaveras,009,45235,312,259,0,259,11
2020-10-02,Colusa,011,21464,535,537,0,537,6
2020-10-02,Contra Costa,013,1133247,17625,17002,83,17085,213
2020-10-02,Del Norte,015,27424,152,141,0,141,2
2020-10-02,El Dorado,017,186661,1263,1168,2,1170,4
2020-10-02,Fresno,019,978130,31354,28855,402,29257,403
2020-10-02,Glenn,021,27897,615,594,0,594,3
2020-10-02,Humboldt,023,135768,518,503,1,504,6
2020-10-02,Imperial,025,180216,12062,11024,21,11045,327
2020-10-02,Inyo,027,18085,197,191,4,195,14
2020-10-02,Kern,029,883053,32504,31790,338,32128,399
2020-10-02,Kings,031,150075,8127,7716,48,7764,79
2020-10-02,Lake,033,64148,610,579,0,579,10
2020-10-02,Lassen,035,31185,756,742,2,744,0
2020-10-02,Los Angeles,037,10098052,275501,270935,2059,272994,6602
2020-10-02,Madera,039,155013,4715,4537,30,4567,49
2020-10-02,Marin,041,260295,6841,6717,18,6735,91
2020-10-02,Mariposa,043,17540,77,75,0,75,2
2020-10-02,Mendocino,045,87422,947,883,4,887,18
2020-10-02,Merced,047,269075,9082,8961,25,8986,139
2020-10-02,Modoc,049,8938,29,26,0,26,0
2020-10-02,Mono,051,14174,171,150,2,152,1
2020-10-02,Monterey,053,433212,10355,9997,40,10037,71
2020-10-02,Napa,055,140530,1797,1737,8,1745,11
2020-10-02,Nevada,057,99092,561,543,16,559,6
2020-10-02,Orange,059,3164182,56324,53299,1535,54834,1262
2020-10-02,Placer,061,380077,3771,3612,14,3626,46
2020-10-02,Plumas,063,18699,51,48,0,48,0
2020-10-02,Riverside,065,2383286,61374,59673,212,59885,1223
2020-10-02,Sacramento,067,1510023,23408,22818,27,22845,436
2020-10-02,San Benito,069,59416,1361,1347,0,1347,12
2020-10-02,San Bernardino,071,2135413,56691,54613,352,54965,1028
2020-10-02,San Diego,073,3302833,49755,47793,1088,48881,794
2020-10-02,San Francisco,075,870044,11556,11398,32,11430,110
2020-10-02,San Joaquin,077,732212,20661,20235,66,20301,474
2020-10-02,San Luis Obispo,079,281455,3915,3654,20,3674,31
2020-10-02,San Mateo,081,765935,10509,9745,9,9754,128
2020-10-02,Santa Barbara,083,443738,9508,9234,80,9314,116
2020-10-02,Santa Clara,085,1922200,22870,21545,46,21591,305
2020-10-02,Santa Cruz,087,273765,2546,2463,33,2496,9
2020-10-02,Shasta,089,179085,1454,1046,14,1060,18
2020-10-02,Sierra,091,2930,6,6,0,6,0
2020-10-02,Siskiyou,093,43540,168,151,10,161,0
2020-10-02,Solano,095,438530,6576,6385,41,6426,52
2020-10-02,Sonoma,097,501317,8150,7662,21,7683,125
2020-10-02,Stanislaus,099,539301,16816,16609,564,17173,349
2020-10-02,Sutter,101,95872,1737,1693,1,1694,11
2020-10-02,Tehama,103,63373,662,619,2,621,3
2020-10-02,Trinity,105,12862,61,15,8,23,0
2020-10-02,Tulare,107,460477,16834,16245,167,16412,278
2020-10-02,Tuolumne,109,53932,234,225,4,229,2
2020-10-02,Ventura,111,848112,13790,13120,221,13341,146
2020-10-02,Yolo,113,214977,2917,2845,6,2851,55
2020-10-02,Yuba,115,75493,1120,1090,5,1095,8
2020-10-01,Alameda,001,1643700,21954,21349,192,21541,383
2020-10-01,Alpine,003,1148,3,2,0,2,0
2020-10-01,Amador,005,37829,299,294,0,294,16
2020-10-01,Butte,007,227075,2993,2865,25,2890,45
2020-10-01,Calaveras,009,45235,312,257,0,257,11
2020-10-01,Colusa,011,21464,535,536,0,536,6
2020-10-01,Contra Costa,013,1133247,17563,16898,83,16981,211
2020-10-01,Del Norte,015,27424,147,140,0,140,2
2020-10-01,El Dorado,017,186661,1259,1162,1,1163,4
2020-10-01,Fresno,019,978130,31274,28796,400,29196,397
2020-10-01,Glenn,021,27897,611,593,0,593,3
2020-10-01,Humboldt,023,135768,518,499,1,500,6
2020-10-01,Imperial,025,180216,12019,10928,19,10947,325
2020-10-01,Inyo,027,18085,197,191,4,195,14
2020-10-01,Kern,029,883053,32441,31678,333,32011,399
2020-10-01,Kings,031,150075,8116,7688,45,7733,79
2020-10-01,Lake,033,64148,604,572,0,572,11
2020-10-01,Lassen,035,31185,753,742,2,744,0
2020-10-01,Los Angeles,037,10098052,274459,271513,2025,273538,6621
2020-10-01,Madera,039,155013,4692,4508,30,4538,48
2020-10-01,Marin,041,260295,6827,6710,18,6728,92
2020-10-01,Mariposa,043,17540,77,76,0,76,2
2020-10-01,Mendocino,045,87422,942,874,4,878,19
2020-10-01,Merced,047,269075,9054,8942,25,8967,138
2020-10-01,Modoc,049,8938,29,26,0,26,0
2020-10-01,Mono,051,14174,169,150,2,152,1
2020-10-01,Monterey,053,433212,10279,9958,40,9998,71
2020-10-01,Napa,055,140530,1789,1729,8,1737,11
2020-10-01,Nevada,057,99092,560,543,16,559,6
2020-10-01,Orange,059,3164182,56159,53088,1522,54610,1257
2020-10-01,Placer,061,380077,3744,3599,14,3613,45
2020-10-01,Plumas,063,18699,51,48,0,48,0
2020-10-01,Riverside,065,2383286,61122,59293,206,59499,1223
2020-10-01,Sacramento,067,1510023,23296,22714,26,22740,433
2020-10-01,San Benito,069,59416,1359,1346,0,1346,12
2020-10-01,San Bernardino,071,2135413,56397,54350,349,54699,1021
2020-10-01,San Diego,073,3302833,49473,47487,1068,48555,792
2020-10-01,San Francisco,075,870044,11525,11284,30,11314,110
2020-10-01,San Joaquin,077,732212,20614,20204,63,20267,471
2020-10-01,San Luis Obispo,079,281455,3888,3625,20,3645,31
2020-10-01,San Mateo,081,765935,10464,9681,9,9690,128
2020-10-01,Santa Barbara,083,443738,9467,9215,80,9295,118
2020-10-01,Santa Clara,085,1922200,22769,21398,46,21444,305
2020-10-01,Santa Cruz,087,273765,2531,2418,33,2451,10
2020-10-01,Shasta,089,179085,1403,991,14,1005,18
2020-10-01,Sierra,091,2930,6,6,0,6,0
2020-10-01,Siskiyou,093,43540,165,150,10,160,0
2020-10-01,Solano,095,438530,6538,6352,41,6393,52
2020-10-01,Sonoma,097,501317,8083,7569,21,7590,125
2020-10-01,Stanislaus,099,539301,16783,16555,558,17113,346
2020-10-01,Sutter,101,95872,1732,1684,1,1685,11
2020-10-01,Tehama,103,63373,652,606,2,608,3
2020-10-01,Trinity,105,12862,61,15,8,23,0
2020-10-01,Tulare,107,460477,16759,16182,164,16346,275
2020-10-01,Tuolumne,109,53932,234,223,4,227,2
2020-10-01,Ventura,111,848112,13738,13057,207,13264,146
2020-10-01,Yolo,113,214977,2899,2833,6,2839,55
2020-10-01,Yuba,115,75493,1116,1082,5,1087,8
2020-09-30,Alameda,001,1643700,21875,21271,189,21460,380
2020-09-30,Alpine,003,1148,3,2,0,2,0
2020-09-30,Amador,005,37829,299,294,0,294,16
2020-09-30,Butte,007,227075,2985,2858,25,2883,44
2020-09-30,Calaveras,009,45235,311,258,0,258,11
2020-09-30,Colusa,011,21464,534,534,0,534,6
2020-09-30,Contra Costa,013,1133247,17494,16819,83,16902,211
2020-09-30,Del Norte,015,27424,146,140,0,140,2
2020-09-30,El Dorado,017,186661,1247,1157,1,1158,4
2020-09-30,Fresno,019,978130,31183,28706,397,29103,395
2020-09-30,Glenn,021,27897,606,592,0,592,3
2020-09-30,Humboldt,023,135768,516,497,1,498,6
2020-09-30,Imperial,025,180216,11994,10868,19,10887,287
2020-09-30,Inyo,027,18085,196,189,4,193,14
2020-09-30,Kern,029,883053,32366,31601,332,31933,398
2020-09-30,Kings,031,150075,8087,7685,45,7730,79
2020-09-30,Lake,033,64148,598,567,0,567,10
2020-09-30,Lassen,035,31185,750,742,2,744,0
2020-09-30,Los Angeles,037,10098052,273234,270260,1992,272252,6568
2020-09-30,Madera,039,155013,4683,4477,30,4507,47
2020-09-30,Marin,041,260295,6803,6700,17,6717,91
2020-09-30,Mariposa,043,17540,77,76,0,76,2
2020-09-30,Mendocino,045,87422,936,867,4,871,17
2020-09-30,Merced,047,269075,9034,8926,25,8951,136
2020-09-30,Modoc,049,8938,29,26,0,26,0
2020-09-30,Mono,051,14174,169,150,2,152,1
2020-09-30,Monterey,053,433212,10229,9898,39,9937,70
2020-09-30,Napa,055,140530,1775,1728,8,1736,11
2020-09-30,Nevada,057,99092,558,540,16,556,6
2020-09-30,Orange,059,3164182,55968,52916,1506,54422,1251
2020-09-30,Placer,061,380077,3723,3585,14,3599,43
2020-09-30,Plumas,063,18699,51,48,0,48,0
2020-09-30,Riverside,065,2383286,60767,59074,202,59276,1220
2020-09-30,Sacramento,067,1510023,23192,22613,26,22639,429
2020-09-30,San Benito,069,59416,1356,1342,0,1342,12
2020-09-30,San Bernardino,071,2135413,56119,53988,347,54335,1018
2020-09-30,San Diego,073,3302833,49169,47182,1047,48229,783
2020-09-30,San Francisco,075,870044,11495,11247,30,11277,106
2020-09-30,San Joaquin,077,732212,20531,20150,61,20211,461
2020-09-30,San Luis Obispo,079,281455,3863,3597,20,3617,31
2020-09-30,San Mateo,081,765935,10422,9634,9,9643,128
2020-09-30,Santa Barbara,083,443738,9441,9186,80,9266,115
2020-09-30,Santa Clara,085,1922200,22664,21318,46,21364,302
2020-09-30,Santa Cruz,087,273765,2518,2405,33,2438,10
2020-09-30,Shasta,089,179085,1347,976,13,989,17
2020-09-30,Sierra,091,2930,6,6,0,6,0
2020-09-30,Siskiyou,093,43540,163,150,10,160,0
2020-09-30,Solano,095,438530,6496,6315,41,6356,51
2020-09-30,Sonoma,097,501317,7994,7494,21,7515,125
2020-09-30,Stanislaus,099,539301,16736,16531,552,17083,343
2020-09-30,Sutter,101,95872,1716,1680,1,1681,10
2020-09-30,Tehama,103,63373,646,594,2,596,3
2020-09-30,Trinity,105,12862,58,15,8,23,0
2020-09-30,Tulare,107,460477,16693,16117,157,16274,274
2020-09-30,Tuolumne,109,53932,232,224,4,228,2
2020-09-30,Ventura,111,848112,13703,12968,191,13159,145
2020-09-30,Yolo,113,214977,2886,2822,6,2828,55
2020-09-30,Yuba,115,75493,1113,1075,5,1080,8
2020-09-29,Alameda,001,1643700,21798,21241,185,21426,374
2020-09-29,Alpine,003,1148,3,2,0,2,0
2020-09-29,Amador,005,37829,297,294,0,294,16
2020-09-29,Butte,007,227075,2971,2848,25,2873,44
2020-09-29,Calaveras,009,45235,309,261,0,261,11
2020-09-29,Colusa,011,21464,534,534,0,534,6
2020-09-29,Contra Costa,013,1133247,17439,16716,81,16797,209
2020-09-29,Del Norte,015,27424,142,142,0,142,2
2020-09-29,El Dorado,017,186661,1238,1151,1,1152,4
2020-09-29,Fresno,019,978130,31088,28621,396,29017,394
2020-09-29,Glenn,021,27897,602,589,0,589,3
2020-09-29,Humboldt,023,135768,514,497,1,498,6
2020-09-29,Imperial,025,180216,11960,10811,19,10830,283
2020-09-29,Inyo,027,18085,195,188,4,192,14
2020-09-29,Kern,029,883053,32311,31534,331,31865,397
2020-09-29,Kings,031,150075,8031,7681,45,7726,78
2020-09-29,Lake,033,64148,596,566,0,566,11
2020-09-29,Lassen,035,31185,750,741,2,743,0
2020-09-29,Los Angeles,037,10098052,272018,269246,1963,271209,6545
2020-09-29,Madera,039,155013,4659,4453,30,4483,47
2020-09-29,Marin,041,260295,6782,6692,17,6709,91
2020-09-29,Mariposa,043,17540,77,74,0,74,2
2020-09-29,Mendocino,045,87422,926,854,4,858,17
2020-09-29,Merced,047,269075,9021,8892,23,8915,136
2020-09-29,Modoc,049,8938,29,26,0,26,0
2020-09-29,Mono,051,14174,169,149,2,151,1
2020-09-29,Monterey,053,433212,10174,9826,37,9863,70
2020-09-29,Napa,055,140530,1772,1727,8,1735,11
2020-09-29,Nevada,057,99092,553,539,16,555,6
2020-09-29,Orange,059,3164182,55782,52755,1495,54250,1231
2020-09-29,Placer,061,380077,3701,3570,14,3584,42
2020-09-29,Plumas,063,18699,51,48,0,48,0
2020-09-29,Riverside,065,2383286,60437,58863,195,59058,1208
2020-09-29,Sacramento,067,1510023,23071,22547,26,22573,425
2020-09-29,San Benito,069,59416,1351,1341,0,1341,12
2020-09-29,San Bernardino,071,2135413,55810,53753,346,54099,1012
2020-09-29,San Diego,073,3302833,48892,46987,1024,48011,781
2020-09-29,San Francisco,075,870044,11459,11142,30,11172,104
2020-09-29,San Joaquin,077,732212,20465,20094,59,20153,454
2020-09-29,San Luis Obispo,079,281455,3841,3581,20,3601,31
2020-09-29,San Mateo,081,765935,10375,9619,9,9628,127
2020-09-29,Santa Barbara,083,443738,9421,9149,79,9228,114
2020-09-29,Santa Clara,085,1922200,22528,21233,45,21278,302
2020-09-29,Santa Cruz,087,273765,2503,2383,32,2415,10
2020-09-29,Shasta,089,179085,1286,943,13,956,17
2020-09-29,Sierra,091,2930,6,6,0,6,0
2020-09-29,Siskiyou,093,43540,157,150,10,160,0
2020-09-29,Solano,095,438530,6462,6303,41,6344,51
2020-09-29,Sonoma,097,501317,7922,7426,21,7447,125
2020-09-29,Stanislaus,099,539301,16705,16505,546,17051,341
2020-09-29,Sutter,101,95872,1710,1677,1,1678,10
2020-09-29,Tehama,103,63373,628,585,2,587,2
2020-09-29,Trinity,105,12862,56,16,8,24,0
2020-09-29,Tulare,107,460477,16629,16055,150,16205,270
2020-09-29,Tuolumne,109,53932,232,224,4,228,2
2020-09-29,Ventura,111,848112,13646,12875,188,13063,145
2020-09-29,Yolo,113,214977,2873,2818,6,2824,55
2020-09-29,Yuba,115,75493,1111,1071,5,1076,8
2020-09-28,Alameda,001,1643700,21711,21133,185,21318,370
2020-09-28,Alpine,003,1148,3,2,0,2,0
2020-09-28,Amador,005,37829,295,294,0,294,16
2020-09-28,Butte,007,227075,2956,2837,25,2862,44
2020-09-28,Calaveras,009,45235,309,257,0,257,11
2020-09-28,Colusa,011,21464,533,531,0,531,6
2020-09-28,Contra Costa,013,1133247,17374,16653,81,16734,195
2020-09-28,Del Norte,015,27424,142,138,0,138,2
2020-09-28,El Dorado,017,186661,1231,1144,1,1145,4
2020-09-28,Fresno,019,978130,31006,28517,388,28905,389
2020-09-28,Glenn,021,27897,600,585,0,585,3
2020-09-28,Humboldt,023,135768,508,495,1,496,6
2020-09-28,Imperial,025,180216,11925,10777,19,10796,283
2020-09-28,Inyo,027,18085,194,188,4,192,14
2020-09-28,Kern,029,883053,32246,31481,327,31808,395
2020-09-28,Kings,031,150075,7890,7661,43,7704,78
2020-09-28,Lake,033,64148,592,559,0,559,10
2020-09-28,Lassen,035,31185,749,737,2,739,0
2020-09-28,Los Angeles,037,10098052,270912,268404,1933,270337,6508
2020-09-28,Madera,039,155013,4638,4438,30,4468,47
2020-09-28,Marin,041,260295,6766,6676,17,6693,91
2020-09-28,Mariposa,043,17540,77,74,0,74,2
2020-09-28,Mendocino,045,87422,911,850,4,854,17
2020-09-28,Merced,047,269075,8993,8869,23,8892,136
2020-09-28,Modoc,049,8938,29,26,0,26,0
2020-09-28,Mono,051,14174,169,148,2,150,1
2020-09-28,Monterey,053,433212,10109,9780,35,9815,69
2020-09-28,Napa,055,140530,1760,1705,8,1713,11
2020-09-28,Nevada,057,99092,545,538,16,554,6
2020-09-28,Orange,059,3164182,55576,52633,1486,54119,1196
2020-09-28,Placer,061,380077,3680,3572,14,3586,42
2020-09-28,Plumas,063,18699,50,48,0,48,0
2020-09-28,Riverside,065,2383286,60139,58570,186,58756,1198
2020-09-28,Sacramento,067,1510023,22924,22392,26,22418,423
2020-09-28,San Benito,069,59416,1348,1336,0,1336,11
2020-09-28,San Bernardino,071,2135413,55463,53501,346,53847,988
2020-09-28,San Diego,073,3302833,48574,46736,1004,47740,776
2020-09-28,San Francisco,075,870044,11425,11114,30,11144,100
2020-09-28,San Joaquin,077,732212,20416,19982,58,20040,448
2020-09-28,San Luis Obispo,079,281455,3820,3567,20,3587,31
2020-09-28,San Mateo,081,765935,10324,9582,9,9591,127
2020-09-28,Santa Barbara,083,443738,9403,9121,79,9200,114
2020-09-28,Santa Clara,085,1922200,22411,21180,45,21225,271
2020-09-28,Santa Cruz,087,273765,2493,2359,32,2391,9
2020-09-28,Shasta,089,179085,1232,883,10,893,17
2020-09-28,Sierra,091,2930,6,6,0,6,0
2020-09-28,Siskiyou,093,43540,157,149,10,159,0
2020-09-28,Solano,095,438530,6426,6254,41,6295,51
2020-09-28,Sonoma,097,501317,7846,7369,21,7390,125
2020-09-28,Stanislaus,099,539301,16665,16467,539,17006,336
2020-09-28,Sutter,101,95872,1703,1676,1,1677,10
2020-09-28,Tehama,103,63373,620,579,2,581,2
2020-09-28,Trinity,105,12862,56,16,8,24,0
2020-09-28,Tulare,107,460477,16576,15918,145,16063,270
2020-09-28,Tuolumne,109,53932,232,225,4,229,2
2020-09-28,Ventura,111,848112,13568,12812,181,12993,139
2020-09-28,Yolo,113,214977,2856,2809,6,2815,55
2020-09-28,Yuba,115,75493,1108,1062,5,1067,7
2020-09-27,Alameda,001,1643700,21630,21077,181,21258,370
2020-09-27,Alpine,003,1148,3,2,0,2,0
2020-09-27,Amador,005,37829,295,291,0,291,16
2020-09-27,Butte,007,227075,2944,2833,25,2858,44
2020-09-27,Calaveras,009,45235,308,257,0,257,11
2020-09-27,Colusa,011,21464,532,531,0,531,6
2020-09-27,Contra Costa,013,1133247,17272,16596,80,16676,195
2020-09-27,Del Norte,015,27424,142,138,0,138,2
2020-09-27,El Dorado,017,186661,1216,1130,1,1131,4
2020-09-27,Fresno,019,978130,30900,28441,388,28829,389
2020-09-27,Glenn,021,27897,596,576,0,576,3
2020-09-27,Humboldt,023,135768,506,492,1,493,6
2020-09-27,Imperial,025,180216,11891,10743,18,10761,283
2020-09-27,Inyo,027,18085,192,188,4,192,14
2020-09-27,Kern,029,883053,32127,31462,324,31786,395
2020-09-27,Kings,031,150075,7870,7641,43,7684,78
2020-09-27,Lake,033,64148,588,555,0,555,10
2020-09-27,Lassen,035,31185,749,737,2,739,0
2020-09-27,Los Angeles,037,10098052,269737,267754,1912,269666,6507
2020-09-27,Madera,039,155013,4609,4416,30,4446,47
2020-09-27,Marin,041,260295,6756,6663,17,6680,91
2020-09-27,Mariposa,043,17540,77,74,0,74,2
2020-09-27,Mendocino,045,87422,905,846,4,850,17
2020-09-27,Merced,047,269075,8959,8853,23,8876,136
2020-09-27,Modoc,049,8938,29,26,0,26,0
2020-09-27,Mono,051,14174,169,148,2,150,1
2020-09-27,Monterey,053,433212,10049,9724,34,9758,69
2020-09-27,Napa,055,140530,1755,1690,8,1698,11
2020-09-27,Nevada,057,99092,544,537,16,553,6
2020-09-27,Orange,059,3164182,55301,52458,1477,53935,1195
2020-09-27,Placer,061,380077,3667,3562,14,3576,42
2020-09-27,Plumas,063,18699,50,48,0,48,0
2020-09-27,Riverside,065,2383286,59843,58509,178,58687,1191
2020-09-27,Sacramento,067,1510023,22826,22356,26,22382,422
2020-09-27,San Benito,069,59416,1348,1331,0,1331,11
2020-09-27,San Bernardino,071,2135413,55027,53127,346,53473,988
2020-09-27,San Diego,073,3302833,48230,46612,987,47599,776
2020-09-27,San Francisco,075,870044,11373,11114,30,11144,100
2020-09-27,San Joaquin,077,732212,20356,19981,58,20039,448
2020-09-27,San Luis Obispo,079,281455,3799,3562,20,3582,31
2020-09-27,San Mateo,081,765935,10256,9566,9,9575,127
2020-09-27,Santa Barbara,083,443738,9382,9090,78,9168,114
2020-09-27,Santa Clara,085,1922200,22302,21091,45,21136,271
2020-09-27,Santa Cruz,087,273765,2471,2359,32,2391,9
2020-09-27,Shasta,089,179085,1189,883,9,892,17
2020-09-27,Sierra,091,2930,6,6,0,6,0
2020-09-27,Siskiyou,093,43540,156,149,10,159,0
2020-09-27,Solano,095,438530,6391,6211,41,6252,51
2020-09-27,Sonoma,097,501317,7765,7336,21,7357,124
2020-09-27,Stanislaus,099,539301,16614,16448,533,16981,336
2020-09-27,Sutter,101,95872,1696,1672,1,1673,10
2020-09-27,Tehama,103,63373,603,573,2,575,2
2020-09-27,Trinity,105,12862,56,16,8,24,0
2020-09-27,Tulare,107,460477,16498,15918,136,16054,270
2020-09-27,Tuolumne,109,53932,231,224,4,228,2
2020-09-27,Ventura,111,848112,13479,12775,172,12947,139
2020-09-27,Yolo,113,214977,2842,2796,6,2802,55
2020-09-27,Yuba,115,75493,1098,1059,5,1064,7
2020-09-26,Alameda,001,1643700,21572,21019,180,21199,370
2020-09-26,Alpine,003,1148,3,2,0,2,0
2020-09-26,Amador,005,37829,294,291,0,291,16
2020-09-26,Butte,007,227075,2936,2827,25,2852,44
2020-09-26,Calaveras,009,45235,308,257,0,257,11
2020-09-26,Colusa,011,21464,532,529,0,529,6
2020-09-26,Contra Costa,013,1133247,17230,16508,80,16588,194
2020-09-26,Del Norte,015,27424,142,138,0,138,2
2020-09-26,El Dorado,017,186661,1211,1127,1,1128,4
2020-09-26,Fresno,019,978130,30833,28336,388,28724,389
2020-09-26,Glenn,021,27897,596,576,0,576,3
2020-09-26,Humboldt,023,135768,506,491,1,492,6
2020-09-26,Imperial,025,180216,11874,10721,18,10739,283
2020-09-26,Inyo,027,18085,191,187,4,191,14
2020-09-26,Kern,029,883053,32076,31410,324,31734,394
2020-09-26,Kings,031,150075,7858,7537,43,7580,78
2020-09-26,Lake,033,64148,585,549,0,549,10
2020-09-26,Lassen,035,31185,749,737,2,739,0
2020-09-26,Los Angeles,037,10098052,269103,266931,1897,268828,6497
2020-09-26,Madera,039,155013,4593,4410,30,4440,47
2020-09-26,Marin,041,260295,6743,6641,17,6658,91
2020-09-26,Mariposa,043,17540,76,74,0,74,2
2020-09-26,Mendocino,045,87422,900,836,4,840,17
2020-09-26,Merced,047,269075,8947,8841,22,8863,136
2020-09-26,Modoc,049,8938,29,26,0,26,0
2020-09-26,Mono,051,14174,169,148,2,150,1
2020-09-26,Monterey,053,433212,10022,9651,34,9685,68
2020-09-26,Napa,055,140530,1753,1681,8,1689,11
2020-09-26,Nevada,057,99092,544,534,16,550,6
2020-09-26,Orange,059,3164182,55161,52203,1471,53674,1194
2020-09-26,Placer,061,380077,3654,3551,14,3565,42
2020-09-26,Plumas,063,18699,49,48,0,48,0
2020-09-26,Riverside,065,2383286,59708,58076,176,58252,1190
2020-09-26,Sacramento,067,1510023,22770,22269,26,22295,421
2020-09-26,San Benito,069,59416,1346,1325,0,1325,11
2020-09-26,San Bernardino,071,2135413,54893,53122,346,53468,988
2020-09-26,San Diego,073,3302833,48025,46333,973,47306,775
2020-09-26,San Francisco,075,870044,11345,11113,30,11143,100
2020-09-26,San Joaquin,077,732212,20321,19982,56,20038,449
2020-09-26,San Luis Obispo,079,281455,3782,3546,20,3566,31
2020-09-26,San Mateo,081,765935,10222,9509,9,9518,127
2020-09-26,Santa Barbara,083,443738,9371,9061,78,9139,114
2020-09-26,Santa Clara,085,1922200,22231,20967,44,21011,270
2020-09-26,Santa Cruz,087,273765,2463,2336,32,2368,9
2020-09-26,Shasta,089,179085,1139,856,8,864,17
2020-09-26,Sierra,091,2930,6,6,0,6,0
2020-09-26,Siskiyou,093,43540,155,149,10,159,0
2020-09-26,Solano,095,438530,6372,6209,41,6250,51
2020-09-26,Sonoma,097,501317,7740,7285,20,7305,124
2020-09-26,Stanislaus,099,539301,16589,16421,524,16945,336
2020-09-26,Sutter,101,95872,1691,1662,1,1663,10
2020-09-26,Tehama,103,63373,591,560,2,562,2
2020-09-26,Trinity,105,12862,54,16,8,24,0
2020-09-26,Tulare,107,460477,16472,15881,134,16015,270
2020-09-26,Tuolumne,109,53932,231,223,4,227,2
2020-09-26,Ventura,111,848112,13444,12729,171,12900,137
2020-09-26,Yolo,113,214977,2840,2789,6,2795,55
2020-09-26,Yuba,115,75493,1094,1056,5,1061,7
2020-09-25,Alameda,001,1643700,21518,20911,180,21091,367
2020-09-25,Alpine,003,1148,3,2,0,2,0
2020-09-25,Amador,005,37829,294,289,0,289,16
2020-09-25,Butte,007,227075,2931,2819,25,2844,43
2020-09-25,Calaveras,009,45235,308,257,0,257,11
2020-09-25,Colusa,011,21464,532,528,0,528,6
2020-09-25,Contra Costa,013,1133247,17171,16401,80,16481,194
2020-09-25,Del Norte,015,27424,142,138,0,138,2
2020-09-25,El Dorado,017,186661,1207,1104,1,1105,4
2020-09-25,Fresno,019,978130,30773,28199,387,28586,385
2020-09-25,Glenn,021,27897,594,570,0,570,3
2020-09-25,Humboldt,023,135768,505,489,1,490,5
2020-09-25,Imperial,025,180216,11856,10681,18,10699,283
2020-09-25,Inyo,027,18085,189,187,4,191,14
2020-09-25,Kern,029,883053,32023,31333,322,31655,393
2020-09-25,Kings,031,150075,7853,7450,43,7493,77
2020-09-25,Lake,033,64148,584,539,0,539,9
2020-09-25,Lassen,035,31185,749,737,2,739,0
2020-09-25,Los Angeles,037,10098052,268314,265713,1883,267596,6483
2020-09-25,Madera,039,155013,4574,4369,30,4399,48
2020-09-25,Marin,041,260295,6740,6622,17,6639,90
2020-09-25,Mariposa,043,17540,76,74,0,74,2
2020-09-25,Mendocino,045,87422,885,819,3,822,17
2020-09-25,Merced,047,269075,8931,8830,22,8852,135
2020-09-25,Modoc,049,8938,29,26,0,26,0
2020-09-25,Mono,051,14174,169,149,2,151,1
2020-09-25,Monterey,053,433212,9970,9581,34,9615,68
2020-09-25,Napa,055,140530,1751,1669,8,1677,11
2020-09-25,Nevada,057,99092,542,529,16,545,6
2020-09-25,Orange,059,3164182,55034,52031,1463,53494,1184
2020-09-25,Placer,061,380077,3643,3527,14,3541,41
2020-09-25,Plumas,063,18699,49,48,0,48,0
2020-09-25,Riverside,065,2383286,59532,57783,171,57954,1183
2020-09-25,Sacramento,067,1510023,22693,22132,26,22158,418
2020-09-25,San Benito,069,59416,1345,1318,0,1318,11
2020-09-25,San Bernardino,071,2135413,54739,52814,346,53160,987
2020-09-25,San Diego,073,3302833,47823,46003,957,46960,775
2020-09-25,San Francisco,075,870044,11311,11066,29,11095,100
2020-09-25,San Joaquin,077,732212,20269,19909,56,19965,449
2020-09-25,San Luis Obispo,079,281455,3770,3512,20,3532,31
2020-09-25,San Mateo,081,765935,10186,9447,9,9456,127
2020-09-25,Santa Barbara,083,443738,9347,9026,78,9104,114
2020-09-25,Santa Clara,085,1922200,22167,20812,43,20855,265
2020-09-25,Santa Cruz,087,273765,2451,2309,31,2340,9
2020-09-25,Shasta,089,179085,1105,806,8,814,16
2020-09-25,Sierra,091,2930,6,6,0,6,0
2020-09-25,Siskiyou,093,43540,155,149,10,159,0
2020-09-25,Solano,095,438530,6356,6179,41,6220,50
2020-09-25,Sonoma,097,501317,7700,7202,20,7222,124
2020-09-25,Stanislaus,099,539301,16571,16381,522,16903,326
2020-09-25,Sutter,101,95872,1688,1655,1,1656,10
2020-09-25,Tehama,103,63373,583,546,2,548,2
2020-09-25,Trinity,105,12862,54,15,8,23,0
2020-09-25,Tulare,107,460477,16432,15815,132,15947,267
2020-09-25,Tuolumne,109,53932,231,223,4,227,2
2020-09-25,Ventura,111,848112,13401,12664,168,12832,137
2020-09-25,Yolo,113,214977,2832,2784,6,2790,55
2020-09-25,Yuba,115,75493,1089,1049,5,1054,5
2020-09-24,Alameda,001,1643700,21443,20838,177,21015,364
2020-09-24,Alpine,003,1148,3,2,0,2,0
2020-09-24,Amador,005,37829,294,288,0,288,16
2020-09-24,Butte,007,227075,2920,2803,25,2828,43
2020-09-24,Calaveras,009,45235,308,258,0,258,11
2020-09-24,Colusa,011,21464,532,523,0,523,6
2020-09-24,Contra Costa,013,1133247,17089,16252,80,16332,192
2020-09-24,Del Norte,015,27424,138,137,0,137,2
2020-09-24,El Dorado,017,186661,1198,1093,1,1094,4
2020-09-24,Fresno,019,978130,30667,28106,383,28489,375
2020-09-24,Glenn,021,27897,590,567,0,567,3
2020-09-24,Humboldt,023,135768,502,482,1,483,5
2020-09-24,Imperial,025,180216,11832,10622,18,10640,283
2020-09-24,Inyo,027,18085,189,187,4,191,13
2020-09-24,Kern,029,883053,31960,31273,320,31593,388
2020-09-24,Kings,031,150075,7837,7428,43,7471,76
2020-09-24,Lake,033,64148,575,531,0,531,9
2020-09-24,Lassen,035,31185,748,737,2,739,0
2020-09-24,Los Angeles,037,10098052,267273,264374,1865,266239,6452
2020-09-24,Madera,039,155013,4555,4344,30,4374,48
2020-09-24,Marin,041,260295,6712,6588,17,6605,85
2020-09-24,Mariposa,043,17540,76,74,0,74,2
2020-09-24,Mendocino,045,87422,881,810,3,813,17
2020-09-24,Merced,047,269075,8902,8813,21,8834,135
2020-09-24,Modoc,049,8938,29,24,0,24,0
2020-09-24,Mono,051,14174,169,149,2,151,1
2020-09-24,Monterey,053,433212,9904,9544,31,9575,67
2020-09-24,Napa,055,140530,1739,1661,8,1669,11
2020-09-24,Nevada,057,99092,541,527,16,543,6
2020-09-24,Orange,059,3164182,54826,51749,1445,53194,1164
2020-09-24,Placer,061,380077,3628,3514,14,3528,41
2020-09-24,Plumas,063,18699,49,48,0,48,0
2020-09-24,Riverside,065,2383286,59265,57491,165,57656,1172
2020-09-24,Sacramento,067,1510023,22567,21985,25,22010,417
2020-09-24,San Benito,069,59416,1343,1308,0,1308,11
2020-09-24,San Bernardino,071,2135413,54403,52455,345,52800,988
2020-09-24,San Diego,073,3302833,47554,45598,942,46540,773
2020-09-24,San Francisco,075,870044,11264,10992,29,11021,99
2020-09-24,San Joaquin,077,732212,20231,19851,55,19906,444
2020-09-24,San Luis Obispo,079,281455,3754,3480,20,3500,31
2020-09-24,San Mateo,081,765935,10138,9376,9,9385,127
2020-09-24,Santa Barbara,083,443738,9295,8988,77,9065,114
2020-09-24,Santa Clara,085,1922200,22079,20689,43,20732,262
2020-09-24,Santa Cruz,087,273765,2431,2300,29,2329,9
2020-09-24,Shasta,089,179085,1068,773,5,778,14
2020-09-24,Sierra,091,2930,6,6,0,6,0
2020-09-24,Siskiyou,093,43540,155,149,10,159,0
2020-09-24,Solano,095,438530,6323,6137,41,6178,49
2020-09-24,Sonoma,097,501317,7619,7163,20,7183,122
2020-09-24,Stanislaus,099,539301,16534,16326,517,16843,326
2020-09-24,Sutter,101,95872,1685,1646,1,1647,10
2020-09-24,Tehama,103,63373,580,540,2,542,2
2020-09-24,Trinity,105,12862,54,15,8,23,0
2020-09-24,Tulare,107,460477,16367,15754,131,15885,267
2020-09-24,Tuolumne,109,53932,231,224,4,228,2
2020-09-24,Ventura,111,848112,13319,12617,167,12784,138
2020-09-24,Yolo,113,214977,2825,2776,6,2782,55
2020-09-24,Yuba,115,75493,1084,1042,5,1047,5
2020-09-23,Alameda,001,1643700,21375,20718,175,20893,361
2020-09-23,Alpine,003,1148,3,2,0,2,0
2020-09-23,Amador,005,37829,293,288,0,288,16
2020-09-23,Butte,007,227075,2912,2790,25,2815,43
2020-09-23,Calaveras,009,45235,307,258,0,258,11
2020-09-23,Colusa,011,21464,531,521,0,521,6
2020-09-23,Contra Costa,013,1133247,17025,16167,79,16246,192
2020-09-23,Del Norte,015,27424,136,137,0,137,2
2020-09-23,El Dorado,017,186661,1184,1088,1,1089,4
2020-09-23,Fresno,019,978130,30572,28019,381,28400,371
2020-09-23,Glenn,021,27897,583,561,0,561,3
2020-09-23,Humboldt,023,135768,498,477,1,478,5
2020-09-23,Imperial,025,180216,11806,10587,18,10605,284
2020-09-23,Inyo,027,18085,188,177,4,181,13
2020-09-23,Kern,029,883053,31916,31172,318,31490,387
2020-09-23,Kings,031,150075,7815,7406,43,7449,76
2020-09-23,Lake,033,64148,570,519,0,519,9
2020-09-23,Lassen,035,31185,748,736,2,738,0
2020-09-23,Los Angeles,037,10098052,266256,263318,1836,265154,6421
2020-09-23,Madera,039,155013,4540,4311,30,4341,48
2020-09-23,Marin,041,260295,6693,6567,17,6584,85
2020-09-23,Mariposa,043,17540,76,74,0,74,2
2020-09-23,Mendocino,045,87422,880,801,2,803,17
2020-09-23,Merced,047,269075,8881,8785,20,8805,134
2020-09-23,Modoc,049,8938,29,24,0,24,0
2020-09-23,Mono,051,14174,169,149,2,151,1
2020-09-23,Monterey,053,433212,9835,9452,30,9482,67
2020-09-23,Napa,055,140530,1730,1653,8,1661,11
2020-09-23,Nevada,057,99092,540,523,16,539,6
2020-09-23,Orange,059,3164182,54599,51658,1437,53095,1155
2020-09-23,Placer,061,380077,3616,3506,14,3520,41
2020-09-23,Plumas,063,18699,49,48,0,48,0
2020-09-23,Riverside,065,2383286,58959,57257,162,57419,1165
2020-09-23,Sacramento,067,1510023,22490,21821,25,21846,415
2020-09-23,San Benito,069,59416,1337,1305,0,1305,10
2020-09-23,San Bernardino,071,2135413,54108,52132,344,52476,973
2020-09-23,San Diego,073,3302833,47278,45427,923,46350,767
2020-09-23,San Francisco,075,870044,11215,10926,29,10955,95
2020-09-23,San Joaquin,077,732212,20178,19785,55,19840,439
2020-09-23,San Luis Obispo,079,281455,3736,3447,20,3467,31
2020-09-23,San Mateo,081,765935,10098,9351,9,9360,127
2020-09-23,Santa Barbara,083,443738,9266,8952,77,9029,112
2020-09-23,Santa Clara,085,1922200,21968,20575,40,20615,260
2020-09-23,Santa Cruz,087,273765,2412,2283,29,2312,9
2020-09-23,Shasta,089,179085,1029,756,4,760,14
2020-09-23,Sierra,091,2930,6,6,0,6,0
2020-09-23,Siskiyou,093,43540,155,149,10,159,0
2020-09-23,Solano,095,438530,6298,6123,41,6164,50
2020-09-23,Sonoma,097,501317,7543,7091,20,7111,122
2020-09-23,Stanislaus,099,539301,16504,16271,514,16785,317
2020-09-23,Sutter,101,95872,1681,1646,1,1647,10
2020-09-23,Tehama,103,63373,574,533,2,535,2
2020-09-23,Trinity,105,12862,53,15,8,23,0
2020-09-23,Tulare,107,460477,16302,15664,130,15794,266
2020-09-23,Tuolumne,109,53932,231,223,4,227,2
2020-09-23,Ventura,111,848112,13263,12591,164,12755,137
2020-09-23,Yolo,113,214977,2807,2766,6,2772,55
2020-09-23,Yuba,115,75493,1082,1038,5,1043,5
2020-09-22,Alameda,001,1643700,21295,20607,173,20780,355
2020-09-22,Alpine,003,1148,2,2,0,2,0
2020-09-22,Amador,005,37829,292,287,0,287,16
2020-09-22,Butte,007,227075,2907,2776,25,2801,43
2020-09-22,Calaveras,009,45235,307,258,0,258,11
2020-09-22,Colusa,011,21464,529,518,0,518,6
2020-09-22,Contra Costa,013,1133247,16935,16090,79,16169,190
2020-09-22,Del Norte,015,27424,136,137,0,137,2
2020-09-22,El Dorado,017,186661,1165,1076,1,1077,4
2020-09-22,Fresno,019,978130,30477,27944,378,28322,369
2020-09-22,Glenn,021,27897,580,560,0,560,3
2020-09-22,Humboldt,023,135768,497,476,1,477,5
2020-09-22,Imperial,025,180216,11777,10529,18,10547,284
2020-09-22,Inyo,027,18085,188,177,4,181,13
2020-09-22,Kern,029,883053,31848,31110,311,31421,383
2020-09-22,Kings,031,150075,7758,7395,42,7437,76
2020-09-22,Lake,033,64148,562,516,0,516,9
2020-09-22,Lassen,035,31185,747,736,2,738,0
2020-09-22,Los Angeles,037,10098052,265190,262117,1810,263927,6394
2020-09-22,Madera,039,155013,4524,4303,30,4333,47
2020-09-22,Marin,041,260295,6679,6561,17,6578,84
2020-09-22,Mariposa,043,17540,76,74,0,74,2
2020-09-22,Mendocino,045,87422,860,794,1,795,18
2020-09-22,Merced,047,269075,8851,8769,20,8789,132
2020-09-22,Modoc,049,8938,29,24,0,24,0
2020-09-22,Mono,051,14174,168,149,2,151,1
2020-09-22,Monterey,053,433212,9777,9393,30,9423,67
2020-09-22,Napa,055,140530,1713,1652,8,1660,11
2020-09-22,Nevada,057,99092,540,523,16,539,6
2020-09-22,Orange,059,3164182,54349,51528,1429,52957,1132
2020-09-22,Placer,061,380077,3604,3492,14,3506,40
2020-09-22,Plumas,063,18699,49,48,0,48,0
2020-09-22,Riverside,065,2383286,58475,57066,158,57224,1162
2020-09-22,Sacramento,067,1510023,22370,21745,25,21770,410
2020-09-22,San Benito,069,59416,1332,1305,0,1305,10
2020-09-22,San Bernardino,071,2135413,53834,51899,344,52243,971
2020-09-22,San Diego,073,3302833,46971,45149,904,46053,765
2020-09-22,San Francisco,075,870044,11171,10893,28,10921,95
2020-09-22,San Joaquin,077,732212,20131,19755,54,19809,426
2020-09-22,San Luis Obispo,079,281455,3713,3420,20,3440,31
2020-09-22,San Mateo,081,765935,10060,9291,9,9300,127
2020-09-22,Santa Barbara,083,443738,9236,8927,76,9003,111
2020-09-22,Santa Clara,085,1922200,21849,20514,40,20554,253
2020-09-22,Santa Cruz,087,273765,2389,2264,29,2293,8
2020-09-22,Shasta,089,179085,994,723,4,727,14
2020-09-22,Sierra,091,2930,6,6,0,6,0
2020-09-22,Siskiyou,093,43540,155,149,10,159,0
2020-09-22,Solano,095,438530,6267,6107,41,6148,48
2020-09-22,Sonoma,097,501317,7464,7068,19,7087,117
2020-09-22,Stanislaus,099,539301,16481,16231,507,16738,316
2020-09-22,Sutter,101,95872,1675,1638,1,1639,10
2020-09-22,Tehama,103,63373,566,529,2,531,2
2020-09-22,Trinity,105,12862,53,15,8,23,0
2020-09-22,Tulare,107,460477,16235,15616,126,15742,263
2020-09-22,Tuolumne,109,53932,230,224,4,228,1
2020-09-22,Ventura,111,848112,13211,12507,160,12667,136
2020-09-22,Yolo,113,214977,2800,2763,6,2769,54
2020-09-22,Yuba,115,75493,1073,1035,5,1040,5
2020-09-21,Alameda,001,1643700,21216,20501,172,20673,343
2020-09-21,Alpine,003,1148,2,2,0,2,0
2020-09-21,Amador,005,37829,290,286,0,286,16
2020-09-21,Butte,007,227075,2893,2769,25,2794,41
2020-09-21,Calaveras,009,45235,305,256,0,256,10
2020-09-21,Colusa,011,21464,528,517,0,517,6
2020-09-21,Contra Costa,013,1133247,16848,16008,79,16087,189
2020-09-21,Del Norte,015,27424,136,132,0,132,2
2020-09-21,El Dorado,017,186661,1156,1074,1,1075,4
2020-09-21,Fresno,019,978130,30375,27843,371,28214,362
2020-09-21,Glenn,021,27897,576,556,0,556,3
2020-09-21,Humboldt,023,135768,493,473,1,474,5
2020-09-21,Imperial,025,180216,11746,10521,17,10538,284
2020-09-21,Inyo,027,18085,187,177,4,181,12
2020-09-21,Kern,029,883053,31776,31031,309,31340,379
2020-09-21,Kings,031,150075,7645,7297,41,7338,76
2020-09-21,Lake,033,64148,557,508,0,508,8
2020-09-21,Lassen,035,31185,745,735,2,737,0
2020-09-21,Los Angeles,037,10098052,264103,261418,1765,263183,6360
2020-09-21,Madera,039,155013,4513,4275,29,4304,47
2020-09-21,Marin,041,260295,6668,6538,16,6554,84
2020-09-21,Mariposa,043,17540,75,74,0,74,2
2020-09-21,Mendocino,045,87422,845,778,0,778,18
2020-09-21,Merced,047,269075,8832,8749,18,8767,128
2020-09-21,Modoc,049,8938,29,22,0,22,0
2020-09-21,Mono,051,14174,168,147,2,149,1
2020-09-21,Monterey,053,433212,9713,9331,27,9358,66
2020-09-21,Napa,055,140530,1702,1641,8,1649,11
2020-09-21,Nevada,057,99092,538,515,16,531,6
2020-09-21,Orange,059,3164182,54127,51363,1422,52785,1110
2020-09-21,Placer,061,380077,3594,3473,14,3487,40
2020-09-21,Plumas,063,18699,49,47,0,47,0
2020-09-21,Riverside,065,2383286,58201,57001,151,57152,1153
2020-09-21,Sacramento,067,1510023,22189,21568,25,21593,404
2020-09-21,San Benito,069,59416,1330,1298,0,1298,10
2020-09-21,San Bernardino,071,2135413,53548,51654,344,51998,970
2020-09-21,San Diego,073,3302833,46687,44927,883,45810,760
2020-09-21,San Francisco,075,870044,11123,10743,28,10771,95
2020-09-21,San Joaquin,077,732212,20073,19579,54,19633,423
2020-09-21,San Luis Obispo,079,281455,3687,3406,20,3426,27
2020-09-21,San Mateo,081,765935,10008,9239,9,9248,127
2020-09-21,Santa Barbara,083,443738,9208,8911,76,8987,110
2020-09-21,Santa Clara,085,1922200,21748,20432,40,20472,252
2020-09-21,Santa Cruz,087,273765,2372,2257,27,2284,8
2020-09-21,Shasta,089,179085,944,696,4,700,14
2020-09-21,Sierra,091,2930,6,6,0,6,0
2020-09-21,Siskiyou,093,43540,155,146,10,156,0
2020-09-21,Solano,095,438530,6243,6019,41,6060,46
2020-09-21,Sonoma,097,501317,7388,7017,19,7036,117
2020-09-21,Stanislaus,099,539301,16451,16186,507,16693,310
2020-09-21,Sutter,101,95872,1668,1634,1,1635,10
2020-09-21,Tehama,103,63373,547,513,2,515,2
2020-09-21,Trinity,105,12862,53,15,8,23,0
2020-09-21,Tulare,107,460477,16161,15528,117,15645,260
2020-09-21,Tuolumne,109,53932,230,221,4,225,1
2020-09-21,Ventura,111,848112,13127,12477,154,12631,133
2020-09-21,Yolo,113,214977,2794,2752,6,2758,54
2020-09-21,Yuba,115,75493,1069,1033,5,1038,1
2020-09-20,Alameda,001,1643700,21116,20425,169,20594,343
2020-09-20,Alpine,003,1148,2,2,0,2,0
2020-09-20,Amador,005,37829,289,286,0,286,16
2020-09-20,Butte,007,227075,2881,2764,25,2789,39
2020-09-20,Calaveras,009,45235,301,256,0,256,10
2020-09-20,Colusa,011,21464,526,510,0,510,6
2020-09-20,Contra Costa,013,1133247,16714,15917,78,15995,189
2020-09-20,Del Norte,015,27424,134,132,0,132,2
2020-09-20,El Dorado,017,186661,1141,1073,1,1074,4
2020-09-20,Fresno,019,978130,30261,27769,366,28135,362
2020-09-20,Glenn,021,27897,572,550,0,550,3
2020-09-20,Humboldt,023,135768,493,472,1,473,5
2020-09-20,Imperial,025,180216,11719,10496,15,10511,284
2020-09-20,Inyo,027,18085,187,177,4,181,12
2020-09-20,Kern,029,883053,31693,30992,306,31298,379
2020-09-20,Kings,031,150075,7598,7159,40,7199,76
2020-09-20,Lake,033,64148,545,492,0,492,8
2020-09-20,Lassen,035,31185,745,735,2,737,0
2020-09-20,Los Angeles,037,10098052,262874,260770,1739,262509,6347
2020-09-20,Madera,039,155013,4493,4257,29,4286,47
2020-09-20,Marin,041,260295,6642,6533,16,6549,83
2020-09-20,Mariposa,043,17540,75,74,0,74,2
2020-09-20,Mendocino,045,87422,833,765,0,765,18
2020-09-20,Merced,047,269075,8805,8745,18,8763,128
2020-09-20,Modoc,049,8938,27,22,0,22,0
2020-09-20,Mono,051,14174,167,147,2,149,1
2020-09-20,Monterey,053,433212,9635,9312,27,9339,65
2020-09-20,Napa,055,140530,1693,1626,8,1634,11
2020-09-20,Nevada,057,99092,535,511,16,527,6
2020-09-20,Orange,059,3164182,53886,51233,1412,52645,1110
2020-09-20,Placer,061,380077,3579,3452,14,3466,40
2020-09-20,Plumas,063,18699,49,47,0,47,0
2020-09-20,Riverside,065,2383286,58000,56783,145,56928,1147
2020-09-20,Sacramento,067,1510023,22002,21394,24,21418,401
2020-09-20,San Benito,069,59416,1319,1291,0,1291,9
2020-09-20,San Bernardino,071,2135413,53227,51559,342,51901,970
2020-09-20,San Diego,073,3302833,46314,44579,854,45433,760
2020-09-20,San Francisco,075,870044,11069,10743,28,10771,95
2020-09-20,San Joaquin,077,732212,20008,19578,47,19625,423
2020-09-20,San Luis Obispo,079,281455,3659,3393,20,3413,27
2020-09-20,San Mateo,081,765935,9941,9198,9,9207,127
2020-09-20,Santa Barbara,083,443738,9172,8880,75,8955,110
2020-09-20,Santa Clara,085,1922200,21627,20330,39,20369,252
2020-09-20,Santa Cruz,087,273765,2352,2199,27,2226,8
2020-09-20,Shasta,089,179085,903,696,3,699,14
2020-09-20,Sierra,091,2930,6,6,0,6,0
2020-09-20,Siskiyou,093,43540,155,146,10,156,0
2020-09-20,Solano,095,438530,6199,6020,41,6061,46
2020-09-20,Sonoma,097,501317,7284,6954,19,6973,117
2020-09-20,Stanislaus,099,539301,16420,16159,500,16659,310
2020-09-20,Sutter,101,95872,1662,1624,1,1625,10
2020-09-20,Tehama,103,63373,534,509,2,511,2
2020-09-20,Trinity,105,12862,53,15,8,23,0
2020-09-20,Tulare,107,460477,16075,15528,111,15639,260
2020-09-20,Tuolumne,109,53932,230,221,4,225,1
2020-09-20,Ventura,111,848112,13061,12406,150,12556,133
2020-09-20,Yolo,113,214977,2786,2745,6,2751,54
2020-09-20,Yuba,115,75493,1062,1029,5,1034,1
2020-09-19,Alameda,001,1643700,21065,20349,166,20515,343
2020-09-19,Alpine,003,1148,2,2,0,2,0
2020-09-19,Amador,005,37829,289,285,0,285,16
2020-09-19,Butte,007,227075,2875,2748,25,2773,38
2020-09-19,Calaveras,009,45235,301,256,0,256,10
2020-09-19,Colusa,011,21464,526,507,0,507,6
2020-09-19,Contra Costa,013,1133247,16651,15783,78,15861,186
2020-09-19,Del Norte,015,27424,133,132,0,132,2
2020-09-19,El Dorado,017,186661,1135,1068,0,1068,4
2020-09-19,Fresno,019,978130,30188,27668,366,28034,362
2020-09-19,Glenn,021,27897,569,547,0,547,3
2020-09-19,Humboldt,023,135768,492,471,1,472,5
2020-09-19,Imperial,025,180216,11704,10496,15,10511,284
2020-09-19,Inyo,027,18085,187,177,4,181,12
2020-09-19,Kern,029,883053,31639,30886,303,31189,379
2020-09-19,Kings,031,150075,7592,7130,40,7170,76
2020-09-19,Lake,033,64148,545,465,0,465,8
2020-09-19,Lassen,035,31185,745,731,2,733,0
2020-09-19,Los Angeles,037,10098052,262248,259801,1725,261526,6325
2020-09-19,Madera,039,155013,4470,4237,29,4266,47
2020-09-19,Marin,041,260295,6635,6513,15,6528,81
2020-09-19,Mariposa,043,17540,75,74,0,74,2
2020-09-19,Mendocino,045,87422,830,750,0,750,18
2020-09-19,Merced,047,269075,8794,8717,17,8734,128
2020-09-19,Modoc,049,8938,27,22,0,22,0
2020-09-19,Mono,051,14174,167,147,2,149,1
2020-09-19,Monterey,053,433212,9593,9237,27,9264,65
2020-09-19,Napa,055,140530,1685,1614,8,1622,11
2020-09-19,Nevada,057,99092,533,505,16,521,6
2020-09-19,Orange,059,3164182,53757,50999,1405,52404,1105
2020-09-19,Placer,061,380077,3570,3412,14,3426,40
2020-09-19,Plumas,063,18699,49,47,0,47,0
2020-09-19,Riverside,065,2383286,57873,56562,144,56706,1147
2020-09-19,Sacramento,067,1510023,21948,21297,24,21321,396
2020-09-19,San Benito,069,59416,1315,1276,0,1276,9
2020-09-19,San Bernardino,071,2135413,53071,51353,339,51692,971
2020-09-19,San Diego,073,3302833,46086,44295,831,45126,773
2020-09-19,San Francisco,075,870044,11036,10741,28,10769,95
2020-09-19,San Joaquin,077,732212,19971,19580,47,19627,424
2020-09-19,San Luis Obispo,079,281455,3638,3369,20,3389,27
2020-09-19,San Mateo,081,765935,9910,9158,9,9167,127
2020-09-19,Santa Barbara,083,443738,9152,8862,75,8937,106
2020-09-19,Santa Clara,085,1922200,21538,20170,39,20209,251
2020-09-19,Santa Cruz,087,273765,2338,2198,26,2224,8
2020-09-19,Shasta,089,179085,876,687,3,690,14
2020-09-19,Sierra,091,2930,6,6,0,6,0
2020-09-19,Siskiyou,093,43540,155,146,10,156,0
2020-09-19,Solano,095,438530,6183,5998,41,6039,46
2020-09-19,Sonoma,097,501317,7251,6905,19,6924,117
2020-09-19,Stanislaus,099,539301,16380,16109,493,16602,313
2020-09-19,Sutter,101,95872,1661,1602,1,1603,10
2020-09-19,Tehama,103,63373,529,498,2,500,2
2020-09-19,Trinity,105,12862,53,15,8,23,0
2020-09-19,Tulare,107,460477,16026,15485,108,15593,260
2020-09-19,Tuolumne,109,53932,230,217,4,221,1
2020-09-19,Ventura,111,848112,13029,12328,150,12478,133
2020-09-19,Yolo,113,214977,2778,2739,6,2745,54
2020-09-19,Yuba,115,75493,1055,1023,5,1028,1
2020-09-18,Alameda,001,1643700,21000,20222,160,20382,341
2020-09-18,Alpine,003,1148,2,2,0,2,0
2020-09-18,Amador,005,37829,289,285,0,285,16
2020-09-18,Butte,007,227075,2873,2738,25,2763,37
2020-09-18,Calaveras,009,45235,301,255,0,255,9
2020-09-18,Colusa,011,21464,526,504,0,504,6
2020-09-18,Contra Costa,013,1133247,16566,15667,78,15745,185
2020-09-18,Del Norte,015,27424,133,131,0,131,2
2020-09-18,El Dorado,017,186661,1122,1063,0,1063,4
2020-09-18,Fresno,019,978130,30123,27560,366,27926,359
2020-09-18,Glenn,021,27897,566,541,0,541,3
2020-09-18,Humboldt,023,135768,489,470,1,471,5
2020-09-18,Imperial,025,180216,11689,10460,15,10475,283
2020-09-18,Inyo,027,18085,187,177,4,181,12
2020-09-18,Kern,029,883053,31581,30742,300,31042,373
2020-09-18,Kings,031,150075,7582,7062,40,7102,74
2020-09-18,Lake,033,64148,539,458,0,458,8
2020-09-18,Lassen,035,31185,744,731,2,733,0
2020-09-18,Los Angeles,037,10098052,261487,258488,1707,260195,6324
2020-09-18,Madera,039,155013,4458,4211,29,4240,45
2020-09-18,Marin,041,260295,6620,6475,15,6490,81
2020-09-18,Mariposa,043,17540,75,74,0,74,2
2020-09-18,Mendocino,045,87422,822,739,0,739,18
2020-09-18,Merced,047,269075,8782,8691,16,8707,127
2020-09-18,Modoc,049,8938,27,22,0,22,0
2020-09-18,Mono,051,14174,165,147,2,149,1
2020-09-18,Monterey,053,433212,9551,9183,27,9210,64
2020-09-18,Napa,055,140530,1679,1604,8,1612,11
2020-09-18,Nevada,057,99092,530,504,16,520,6
2020-09-18,Orange,059,3164182,53610,50733,1393,52126,1107
2020-09-18,Placer,061,380077,3559,3389,14,3403,40
2020-09-18,Plumas,063,18699,49,45,0,45,0
2020-09-18,Riverside,065,2383286,57753,56248,140,56388,1143
2020-09-18,Sacramento,067,1510023,21865,21105,24,21129,391
2020-09-18,San Benito,069,59416,1307,1257,0,1257,8
2020-09-18,San Bernardino,071,2135413,52927,51106,336,51442,970
2020-09-18,San Diego,073,3302833,45836,44009,826,44835,757
2020-09-18,San Francisco,075,870044,10998,10644,27,10671,95
2020-09-18,San Joaquin,077,732212,19927,19531,46,19577,423
2020-09-18,San Luis Obispo,079,281455,3614,3328,20,3348,27
2020-09-18,San Mateo,081,765935,9870,9062,9,9071,127
2020-09-18,Santa Barbara,083,443738,9131,8824,75,8899,107
2020-09-18,Santa Clara,085,1922200,21440,20058,39,20097,252
2020-09-18,Santa Cruz,087,273765,2317,2180,25,2205,8
2020-09-18,Shasta,089,179085,841,668,3,671,14
2020-09-18,Sierra,091,2930,6,6,0,6,0
2020-09-18,Siskiyou,093,43540,154,146,10,156,0
2020-09-18,Solano,095,438530,6167,5961,41,6002,46
2020-09-18,Sonoma,097,501317,7203,6856,19,6875,114
2020-09-18,Stanislaus,099,539301,16352,16042,487,16529,277
2020-09-18,Sutter,101,95872,1653,1586,1,1587,10
2020-09-18,Tehama,103,63373,529,490,2,492,2
2020-09-18,Trinity,105,12862,53,15,7,22,0
2020-09-18,Tulare,107,460477,15993,15435,104,15539,259
2020-09-18,Tuolumne,109,53932,229,216,4,220,1
2020-09-18,Ventura,111,848112,12968,12236,146,12382,133
2020-09-18,Yolo,113,214977,2772,2732,6,2738,54
2020-09-18,Yuba,115,75493,1051,1020,5,1025,1
2020-09-17,Alameda,001,1643700,20901,20146,160,20306,339
2020-09-17,Alpine,003,1148,2,2,0,2,0
2020-09-17,Amador,005,37829,287,284,0,284,16
2020-09-17,Butte,007,227075,2855,2720,25,2745,38
2020-09-17,Calaveras,009,45235,301,254,0,254,9
2020-09-17,Colusa,011,21464,524,499,0,499,6
2020-09-17,Contra Costa,013,1133247,16476,15576,78,15654,184
2020-09-17,Del Norte,015,27424,133,131,0,131,2
2020-09-17,El Dorado,017,186661,1113,1057,0,1057,4
2020-09-17,Fresno,019,978130,30013,27487,361,27848,355
2020-09-17,Glenn,021,27897,565,541,0,541,3
2020-09-17,Humboldt,023,135768,483,466,1,467,5
2020-09-17,Imperial,025,180216,11672,10436,15,10451,281
2020-09-17,Inyo,027,18085,187,176,4,180,12
2020-09-17,Kern,029,883053,31520,30627,293,30920,372
2020-09-17,Kings,031,150075,7511,7015,40,7055,72
2020-09-17,Lake,033,64148,529,433,0,433,8
2020-09-17,Lassen,035,31185,742,731,2,733,0
2020-09-17,Los Angeles,037,10098052,260547,257246,1693,258939,6318
2020-09-17,Madera,039,155013,4424,4152,29,4181,45
2020-09-17,Marin,041,260295,6599,6457,15,6472,81
2020-09-17,Mariposa,043,17540,75,74,0,74,2
2020-09-17,Mendocino,045,87422,811,737,0,737,18
2020-09-17,Merced,047,269075,8763,8671,16,8687,119
2020-09-17,Modoc,049,8938,27,22,0,22,0
2020-09-17,Mono,051,14174,165,147,2,149,1
2020-09-17,Monterey,053,433212,9489,9113,25,9138,62
2020-09-17,Napa,055,140530,1668,1592,8,1600,11
2020-09-17,Nevada,057,99092,528,494,16,510,6
2020-09-17,Orange,059,3164182,53430,50537,1381,51918,1098
2020-09-17,Placer,061,380077,3538,3368,14,3382,40
2020-09-17,Plumas,063,18699,49,45,0,45,0
2020-09-17,Riverside,065,2383286,57527,56007,139,56146,1134
2020-09-17,Sacramento,067,1510023,21630,20895,24,20919,385
2020-09-17,San Benito,069,59416,1304,1252,0,1252,8
2020-09-17,San Bernardino,071,2135413,52726,50770,336,51106,904
2020-09-17,San Diego,073,3302833,45556,43621,814,44435,754
2020-09-17,San Francisco,075,870044,10903,10564,27,10591,95
2020-09-17,San Joaquin,077,732212,19868,19439,46,19485,416
2020-09-17,San Luis Obispo,079,281455,3584,3299,20,3319,27
2020-09-17,San Mateo,081,765935,9828,8984,9,8993,127
2020-09-17,Santa Barbara,083,443738,9107,8779,75,8854,107
2020-09-17,Santa Clara,085,1922200,21323,19825,39,19864,254
2020-09-17,Santa Cruz,087,273765,2301,2155,25,2180,7
2020-09-17,Shasta,089,179085,802,660,3,663,12
2020-09-17,Sierra,091,2930,6,6,0,6,0
2020-09-17,Siskiyou,093,43540,154,146,10,156,0
2020-09-17,Solano,095,438530,6144,5915,41,5956,44
2020-09-17,Sonoma,097,501317,7139,6754,19,6773,114
2020-09-17,Stanislaus,099,539301,16319,15984,483,16467,277
2020-09-17,Sutter,101,95872,1648,1572,1,1573,10
2020-09-17,Tehama,103,63373,515,487,2,489,2
2020-09-17,Trinity,105,12862,53,15,7,22,0
2020-09-17,Tulare,107,460477,15940,15344,102,15446,258
2020-09-17,Tuolumne,109,53932,228,214,4,218,1
2020-09-17,Ventura,111,848112,12881,12167,142,12309,130
2020-09-17,Yolo,113,214977,2763,2724,6,2730,53
2020-09-17,Yuba,115,75493,1047,1015,5,1020,1
2020-09-16,Alameda,001,1643700,20803,20009,158,20167,333
2020-09-16,Alpine,003,1148,2,2,0,2,0
2020-09-16,Amador,005,37829,287,284,0,284,16
2020-09-16,Butte,007,227075,2845,2704,25,2729,38
2020-09-16,Calaveras,009,45235,301,254,0,254,9
2020-09-16,Colusa,011,21464,522,497,0,497,6
2020-09-16,Contra Costa,013,1133247,16390,15473,78,15551,183
2020-09-16,Del Norte,015,27424,133,131,0,131,2
2020-09-16,El Dorado,017,186661,1105,1049,0,1049,4
2020-09-16,Fresno,019,978130,29906,27381,359,27740,343
2020-09-16,Glenn,021,27897,563,539,0,539,3
2020-09-16,Humboldt,023,135768,482,455,1,456,4
2020-09-16,Imperial,025,180216,11649,10401,15,10416,277
2020-09-16,Inyo,027,18085,186,176,4,180,12
2020-09-16,Kern,029,883053,31460,30570,292,30862,371
2020-09-16,Kings,031,150075,7486,7002,37,7039,71
2020-09-16,Lake,033,64148,518,417,0,417,6
2020-09-16,Lassen,035,31185,741,730,2,732,0
2020-09-16,Los Angeles,037,10098052,259569,256101,1675,257776,6299
2020-09-16,Madera,039,155013,4401,4138,29,4167,45
2020-09-16,Marin,041,260295,6571,6430,15,6445,77
2020-09-16,Mariposa,043,17540,75,74,0,74,2
2020-09-16,Mendocino,045,87422,802,727,0,727,18
2020-09-16,Merced,047,269075,8742,8646,16,8662,118
2020-09-16,Modoc,049,8938,27,22,0,22,0
2020-09-16,Mono,051,14174,165,147,2,149,1
2020-09-16,Monterey,053,433212,9435,8997,25,9022,62
2020-09-16,Napa,055,140530,1654,1587,8,1595,11
2020-09-16,Nevada,057,99092,523,495,15,510,6
2020-09-16,Orange,059,3164182,53230,50414,1372,51786,1096
2020-09-16,Placer,061,380077,3520,3351,14,3365,39
2020-09-16,Plumas,063,18699,49,45,0,45,0
2020-09-16,Riverside,065,2383286,57334,55811,131,55942,1127
2020-09-16,Sacramento,067,1510023,21535,20610,24,20634,377
2020-09-16,San Benito,069,59416,1296,1244,0,1244,8
2020-09-16,San Bernardino,071,2135413,52500,50509,335,50844,907
2020-09-16,San Diego,073,3302833,45264,43447,793,44240,748
2020-09-16,San Francisco,075,870044,10856,10502,27,10529,90
2020-09-16,San Joaquin,077,732212,19814,19377,45,19422,409
2020-09-16,San Luis Obispo,079,281455,3553,3285,20,3305,28
2020-09-16,San Mateo,081,765935,9763,8944,9,8953,127
2020-09-16,Santa Barbara,083,443738,9074,8764,75,8839,107
2020-09-16,Santa Clara,085,1922200,21204,19684,39,19723,253
2020-09-16,Santa Cruz,087,273765,2260,2089,24,2113,7
2020-09-16,Shasta,089,179085,776,635,3,638,11
2020-09-16,Sierra,091,2930,6,6,0,6,0
2020-09-16,Siskiyou,093,43540,153,145,10,155,0
2020-09-16,Solano,095,438530,6114,5899,41,5940,44
2020-09-16,Sonoma,097,501317,7078,6731,19,6750,104
2020-09-16,Stanislaus,099,539301,16271,15897,475,16372,263
2020-09-16,Sutter,101,95872,1635,1567,1,1568,10
2020-09-16,Tehama,103,63373,507,485,2,487,2
2020-09-16,Trinity,105,12862,53,15,7,22,0
2020-09-16,Tulare,107,460477,15896,15314,95,15409,258
2020-09-16,Tuolumne,109,53932,227,210,4,214,1
2020-09-16,Ventura,111,848112,12810,12073,140,12213,130
2020-09-16,Yolo,113,214977,2756,2709,6,2715,53
2020-09-16,Yuba,115,75493,1045,1000,5,1005,1
2020-09-15,Alameda,001,1643700,20696,19931,155,20086,327
2020-09-15,Alpine,003,1148,2,2,0,2,0
2020-09-15,Amador,005,37829,286,282,0,282,16
2020-09-15,Butte,007,227075,2832,2695,23,2718,38
2020-09-15,Calaveras,009,45235,301,248,0,248,5
2020-09-15,Colusa,011,21464,516,497,0,497,6
2020-09-15,Contra Costa,013,1133247,16287,15423,77,15500,180
2020-09-15,Del Norte,015,27424,133,129,0,129,2
2020-09-15,El Dorado,017,186661,1100,1046,0,1046,4
2020-09-15,Fresno,019,978130,29799,27312,354,27666,343
2020-09-15,Glenn,021,27897,562,531,0,531,3
2020-09-15,Humboldt,023,135768,480,456,1,457,4
2020-09-15,Imperial,025,180216,11624,10376,15,10391,277
2020-09-15,Inyo,027,18085,186,176,4,180,12
2020-09-15,Kern,029,883053,31347,30429,289,30718,368
2020-09-15,Kings,031,150075,7328,6977,37,7014,70
2020-09-15,Lake,033,64148,504,416,0,416,4
2020-09-15,Lassen,035,31185,737,719,2,721,0
2020-09-15,Los Angeles,037,10098052,258462,255048,1653,256701,6269
2020-09-15,Madera,039,155013,4382,4122,29,4151,45
2020-09-15,Marin,041,260295,6540,6423,15,6438,77
2020-09-15,Mariposa,043,17540,75,74,0,74,2
2020-09-15,Mendocino,045,87422,784,724,0,724,18
2020-09-15,Merced,047,269075,8712,8633,16,8649,114
2020-09-15,Modoc,049,8938,26,21,0,21,0
2020-09-15,Mono,051,14174,165,147,2,149,1
2020-09-15,Monterey,053,433212,9386,8943,25,8968,62
2020-09-15,Napa,055,140530,1640,1580,8,1588,11
2020-09-15,Nevada,057,99092,518,494,15,509,6
2020-09-15,Orange,059,3164182,53048,50294,1357,51651,1088
2020-09-15,Placer,061,380077,3496,3331,14,3345,38
2020-09-15,Plumas,063,18699,49,44,0,44,0
2020-09-15,Riverside,065,2383286,57040,55569,121,55690,1118
2020-09-15,Sacramento,067,1510023,21392,20487,24,20511,372
2020-09-15,San Benito,069,59416,1289,1237,0,1237,7
2020-09-15,San Bernardino,071,2135413,52284,50333,334,50667,904
2020-09-15,San Diego,073,3302833,44945,43183,773,43956,742
2020-09-15,San Francisco,075,870044,10798,10414,27,10441,90
2020-09-15,San Joaquin,077,732212,19762,19313,45,19358,401
2020-09-15,San Luis Obispo,079,281455,3533,3262,20,3282,28
2020-09-15,San Mateo,081,765935,9693,8895,9,8904,127
2020-09-15,Santa Barbara,083,443738,9049,8724,74,8798,104
2020-09-15,Santa Clara,085,1922200,21068,19610,39,19649,252
2020-09-15,Santa Cruz,087,273765,2234,2079,23,2102,7
2020-09-15,Shasta,089,179085,764,627,3,630,11
2020-09-15,Sierra,091,2930,6,6,0,6,0
2020-09-15,Siskiyou,093,43540,153,143,10,153,0
2020-09-15,Solano,095,438530,6080,5878,41,5919,45
2020-09-15,Sonoma,097,501317,7039,6701,19,6720,104
2020-09-15,Stanislaus,099,539301,16223,15880,473,16353,260
2020-09-15,Sutter,101,95872,1623,1556,1,1557,10
2020-09-15,Tehama,103,63373,495,484,2,486,2
2020-09-15,Trinity,105,12862,53,15,7,22,0
2020-09-15,Tulare,107,460477,15819,15203,93,15296,254
2020-09-15,Tuolumne,109,53932,227,209,4,213,1
2020-09-15,Ventura,111,848112,12757,11932,139,12071,128
2020-09-15,Yolo,113,214977,2752,2708,6,2714,53
2020-09-15,Yuba,115,75493,1039,991,4,995,1
2020-09-14,Alameda,001,1643700,20569,19851,154,20005,306
2020-09-14,Alpine,003,1148,2,2,0,2,0
2020-09-14,Amador,005,37829,284,281,0,281,16
2020-09-14,Butte,007,227075,2815,2642,23,2665,37
2020-09-14,Calaveras,009,45235,301,244,0,244,3
2020-09-14,Colusa,011,21464,515,486,0,486,6
2020-09-14,Contra Costa,013,1133247,16163,15354,76,15430,174
2020-09-14,Del Norte,015,27424,130,116,0,116,2
2020-09-14,El Dorado,017,186661,1096,1039,0,1039,3
2020-09-14,Fresno,019,978130,29714,27232,351,27583,344
2020-09-14,Glenn,021,27897,554,521,0,521,3
2020-09-14,Humboldt,023,135768,477,437,1,438,4
2020-09-14,Imperial,025,180216,11604,10340,15,10355,273
2020-09-14,Inyo,027,18085,186,176,4,180,12
2020-09-14,Kern,029,883053,31259,30344,288,30632,368
2020-09-14,Kings,031,150075,7246,6950,37,6987,70
2020-09-14,Lake,033,64148,484,407,0,407,4
2020-09-14,Lassen,035,31185,737,719,2,721,0
2020-09-14,Los Angeles,037,10098052,257435,254622,1628,256250,6226
2020-09-14,Madera,039,155013,4368,4104,29,4133,45
2020-09-14,Marin,041,260295,6519,6409,15,6424,70
2020-09-14,Mariposa,043,17540,75,74,0,74,2
2020-09-14,Mendocino,045,87422,767,710,0,710,17
2020-09-14,Merced,047,269075,8693,8593,16,8609,112
2020-09-14,Modoc,049,8938,26,21,0,21,0
2020-09-14,Mono,051,14174,165,147,2,149,1
2020-09-14,Monterey,053,433212,9315,8845,24,8869,61
2020-09-14,Napa,055,140530,1623,1576,8,1584,11
2020-09-14,Nevada,057,99092,513,489,15,504,6
2020-09-14,Orange,059,3164182,52887,50149,1341,51490,1079
2020-09-14,Placer,061,380077,3475,3302,14,3316,38
2020-09-14,Plumas,063,18699,48,42,0,42,0
2020-09-14,Riverside,065,2383286,56821,55488,116,55604,1113
2020-09-14,Sacramento,067,1510023,21197,20377,23,20400,367
2020-09-14,San Benito,069,59416,1274,1233,0,1233,7
2020-09-14,San Bernardino,071,2135413,52060,50163,333,50496,895
2020-09-14,San Diego,073,3302833,44634,42889,753,43642,734
2020-09-14,San Francisco,075,870044,10731,10255,25,10280,90
2020-09-14,San Joaquin,077,732212,19688,19111,44,19155,397
2020-09-14,San Luis Obispo,079,281455,3508,3248,20,3268,25
2020-09-14,San Mateo,081,765935,9631,8847,9,8856,127
2020-09-14,Santa Barbara,083,443738,9024,8692,74,8766,104
2020-09-14,Santa Clara,085,1922200,20879,19545,39,19584,247
2020-09-14,Santa Cruz,087,273765,2213,2016,22,2038,7
2020-09-14,Shasta,089,179085,741,584,3,587,10
2020-09-14,Sierra,091,2930,6,6,0,6,0
2020-09-14,Siskiyou,093,43540,152,143,10,153,0
2020-09-14,Solano,095,438530,6045,5834,41,5875,44
2020-09-14,Sonoma,097,501317,6976,6630,19,6649,102
2020-09-14,Stanislaus,099,539301,16178,15812,470,16282,253
2020-09-14,Sutter,101,95872,1612,1549,1,1550,10
2020-09-14,Tehama,103,63373,493,475,2,477,1
2020-09-14,Trinity,105,12862,52,14,7,21,0
2020-09-14,Tulare,107,460477,15749,15096,87,15183,254
2020-09-14,Tuolumne,109,53932,226,208,4,212,1
2020-09-14,Ventura,111,848112,12655,11903,136,12039,125
2020-09-14,Yolo,113,214977,2741,2687,6,2693,53
2020-09-14,Yuba,115,75493,1031,977,4,981,1
2020-09-13,Alameda,001,1643700,20463,19815,151,19966,306
2020-09-13,Alpine,003,1148,2,2,0,2,0
2020-09-13,Amador,005,37829,281,279,0,279,16
2020-09-13,Butte,007,227075,2793,2640,23,2663,37
2020-09-13,Calaveras,009,45235,300,246,0,246,3
2020-09-13,Colusa,011,21464,511,486,0,486,6
2020-09-13,Contra Costa,013,1133247,16055,15284,76,15360,172
2020-09-13,Del Norte,015,27424,127,116,0,116,1
2020-09-13,El Dorado,017,186661,1091,1035,0,1035,2
2020-09-13,Fresno,019,978130,29606,27196,342,27538,345
2020-09-13,Glenn,021,27897,550,517,0,517,3
2020-09-13,Humboldt,023,135768,477,434,1,435,4
2020-09-13,Imperial,025,180216,11567,10304,14,10318,273
2020-09-13,Inyo,027,18085,186,176,4,180,12
2020-09-13,Kern,029,883053,31166,30277,281,30558,368
2020-09-13,Kings,031,150075,7227,6937,37,6974,70
2020-09-13,Lake,033,64148,465,397,0,397,4
2020-09-13,Lassen,035,31185,734,719,2,721,0
2020-09-13,Los Angeles,037,10098052,256288,253950,1612,255562,6203
2020-09-13,Madera,039,155013,4311,4090,29,4119,45
2020-09-13,Marin,041,260295,6498,6395,15,6410,70
2020-09-13,Mariposa,043,17540,75,74,0,74,2
2020-09-13,Mendocino,045,87422,760,707,0,707,17
2020-09-13,Merced,047,269075,8659,8575,15,8590,112
2020-09-13,Modoc,049,8938,26,21,0,21,0
2020-09-13,Mono,051,14174,165,147,2,149,1
2020-09-13,Monterey,053,433212,9233,8826,23,8849,61
2020-09-13,Napa,055,140530,1616,1563,8,1571,11
2020-09-13,Nevada,057,99092,505,486,15,501,6
2020-09-13,Orange,059,3164182,52671,50061,1334,51395,1075
2020-09-13,Placer,061,380077,3445,3291,14,3305,38
2020-09-13,Plumas,063,18699,48,42,0,42,0
2020-09-13,Riverside,065,2383286,56614,55235,105,55340,1108
2020-09-13,Sacramento,067,1510023,20851,20279,23,20302,367
2020-09-13,San Benito,069,59416,1266,1217,0,1217,7
2020-09-13,San Bernardino,071,2135413,51775,49968,331,50299,895
2020-09-13,San Diego,073,3302833,44308,42681,719,43400,734
2020-09-13,San Francisco,075,870044,10653,10254,25,10279,90
2020-09-13,San Joaquin,077,732212,19616,19110,43,19153,396
2020-09-13,San Luis Obispo,079,281455,3471,3240,20,3260,24
2020-09-13,San Mateo,081,765935,9570,8811,9,8820,127
2020-09-13,Santa Barbara,083,443738,8987,8690,74,8764,104
2020-09-13,Santa Clara,085,1922200,20743,19456,38,19494,245
2020-09-13,Santa Cruz,087,273765,2180,2016,20,2036,7
2020-09-13,Shasta,089,179085,729,583,3,586,10
2020-09-13,Sierra,091,2930,6,6,0,6,0
2020-09-13,Siskiyou,093,43540,152,143,9,152,0
2020-09-13,Solano,095,438530,5999,5810,41,5851,43
2020-09-13,Sonoma,097,501317,6911,6592,19,6611,95
2020-09-13,Stanislaus,099,539301,16115,15759,458,16217,253
2020-09-13,Sutter,101,95872,1599,1539,1,1540,10
2020-09-13,Tehama,103,63373,489,476,2,478,1
2020-09-13,Trinity,105,12862,52,14,7,21,0
2020-09-13,Tulare,107,460477,15678,15098,86,15184,254
2020-09-13,Tuolumne,109,53932,223,208,4,212,1
2020-09-13,Ventura,111,848112,12547,11855,135,11990,123
2020-09-13,Yolo,113,214977,2729,2675,6,2681,53
2020-09-13,Yuba,115,75493,1026,967,4,971,1
2020-09-12,Alameda,001,1643700,20404,19758,151,19909,307
2020-09-12,Alpine,003,1148,2,2,0,2,0
2020-09-12,Amador,005,37829,280,278,0,278,16
2020-09-12,Butte,007,227075,2786,2629,22,2651,37
2020-09-12,Calaveras,009,45235,298,246,0,246,3
2020-09-12,Colusa,011,21464,507,486,0,486,6
2020-09-12,Contra Costa,013,1133247,15980,15135,75,15210,174
2020-09-12,Del Norte,015,27424,126,116,0,116,1
2020-09-12,El Dorado,017,186661,1084,1034,0,1034,2
2020-09-12,Fresno,019,978130,29535,27076,342,27418,345
2020-09-12,Glenn,021,27897,549,517,0,517,3
2020-09-12,Humboldt,023,135768,476,430,1,431,4
2020-09-12,Imperial,025,180216,11555,10305,14,10319,273
2020-09-12,Inyo,027,18085,186,177,4,181,12
2020-09-12,Kern,029,883053,31100,30202,281,30483,368
2020-09-12,Kings,031,150075,7217,6895,37,6932,70
2020-09-12,Lake,033,64148,459,393,0,393,4
2020-09-12,Lassen,035,31185,734,719,2,721,0
2020-09-12,Los Angeles,037,10098052,255729,253156,1591,254747,6193
2020-09-12,Madera,039,155013,4300,4058,29,4087,43
2020-09-12,Marin,041,260295,6489,6393,15,6408,69
2020-09-12,Mariposa,043,17540,75,72,0,72,2
2020-09-12,Mendocino,045,87422,757,700,0,700,17
2020-09-12,Merced,047,269075,8650,8533,15,8548,112
2020-09-12,Modoc,049,8938,25,21,0,21,0
2020-09-12,Mono,051,14174,165,147,2,149,1
2020-09-12,Monterey,053,433212,9197,8743,23,8766,61
2020-09-12,Napa,055,140530,1613,1556,8,1564,11
2020-09-12,Nevada,057,99092,504,482,15,497,6
2020-09-12,Orange,059,3164182,52556,49895,1331,51226,1078
2020-09-12,Placer,061,380077,3428,3280,14,3294,38
2020-09-12,Plumas,063,18699,48,42,0,42,0
2020-09-12,Riverside,065,2383286,56485,55058,101,55159,1108
2020-09-12,Sacramento,067,1510023,20782,20184,23,20207,367
2020-09-12,San Benito,069,59416,1263,1208,0,1208,7
2020-09-12,San Bernardino,071,2135413,51684,49945,329,50274,896
2020-09-12,San Diego,073,3302833,44113,42416,710,43126,747
2020-09-12,San Francisco,075,870044,10608,10257,25,10282,90
2020-09-12,San Joaquin,077,732212,19588,19108,43,19151,396
2020-09-12,San Luis Obispo,079,281455,3444,3220,20,3240,24
2020-09-12,San Mateo,081,765935,9525,8759,9,8768,127
2020-09-12,Santa Barbara,083,443738,8973,8642,74,8716,104
2020-09-12,Santa Clara,085,1922200,20659,19330,38,19368,237
2020-09-12,Santa Cruz,087,273765,2168,2016,20,2036,7
2020-09-12,Shasta,089,179085,717,569,3,572,10
2020-09-12,Sierra,091,2930,6,6,0,6,0
2020-09-12,Siskiyou,093,43540,152,141,9,150,0
2020-09-12,Solano,095,438530,5975,5772,41,5813,43
2020-09-12,Sonoma,097,501317,6887,6531,19,6550,95
2020-09-12,Stanislaus,099,539301,16083,15675,455,16130,253
2020-09-12,Sutter,101,95872,1593,1529,1,1530,10
2020-09-12,Tehama,103,63373,486,471,2,473,1
2020-09-12,Trinity,105,12862,52,15,7,22,0
2020-09-12,Tulare,107,460477,15632,15018,85,15103,254
2020-09-12,Tuolumne,109,53932,223,208,4,212,1
2020-09-12,Ventura,111,848112,12496,11759,133,11892,123
2020-09-12,Yolo,113,214977,2722,2646,6,2652,53
2020-09-12,Yuba,115,75493,1022,963,4,967,1
2020-09-11,Alameda,001,1643700,20349,19625,150,19775,298
2020-09-11,Alpine,003,1148,2,2,0,2,0
2020-09-11,Amador,005,37829,280,277,0,277,16
2020-09-11,Butte,007,227075,2775,2605,22,2627,37
2020-09-11,Calaveras,009,45235,297,242,0,242,1
2020-09-11,Colusa,011,21464,506,484,0,484,6
2020-09-11,Contra Costa,013,1133247,15928,15001,72,15073,173
2020-09-11,Del Norte,015,27424,126,115,0,115,1
2020-09-11,El Dorado,017,186661,1081,1024,0,1024,2
2020-09-11,Fresno,019,978130,29455,26917,341,27258,344
2020-09-11,Glenn,021,27897,544,515,0,515,3
2020-09-11,Humboldt,023,135768,474,426,1,427,4
2020-09-11,Imperial,025,180216,11537,10286,14,10300,273
2020-09-11,Inyo,027,18085,186,176,4,180,12
2020-09-11,Kern,029,883053,31032,30059,280,30339,365
2020-09-11,Kings,031,150075,7200,6770,37,6807,70
2020-09-11,Lake,033,64148,452,382,0,382,4
2020-09-11,Lassen,035,31185,734,719,2,721,0
2020-09-11,Los Angeles,037,10098052,255048,252057,1580,253637,6172
2020-09-11,Madera,039,155013,4281,4018,29,4047,43
2020-09-11,Marin,041,260295,6486,6364,15,6379,69
2020-09-11,Mariposa,043,17540,75,72,0,72,2
2020-09-11,Mendocino,045,87422,746,700,0,700,17
2020-09-11,Merced,047,269075,8629,8489,15,8504,109
2020-09-11,Modoc,049,8938,25,21,0,21,0
2020-09-11,Mono,051,14174,165,145,2,147,1
2020-09-11,Monterey,053,433212,9149,8595,23,8618,61
2020-09-11,Napa,055,140530,1602,1543,8,1551,11
2020-09-11,Nevada,057,99092,497,483,15,498,6
2020-09-11,Orange,059,3164182,52427,49755,1319,51074,1068
2020-09-11,Placer,061,380077,3413,3254,14,3268,37
2020-09-11,Plumas,063,18699,48,42,0,42,0
2020-09-11,Riverside,065,2383286,56350,54717,98,54815,1099
2020-09-11,Sacramento,067,1510023,20697,20012,23,20035,358
2020-09-11,San Benito,069,59416,1253,1202,0,1202,7
2020-09-11,San Bernardino,071,2135413,51584,49682,329,50011,871
2020-09-11,San Diego,073,3302833,43893,41971,704,42675,730
2020-09-11,San Francisco,075,870044,10560,10133,24,10157,89
2020-09-11,San Joaquin,077,732212,19540,19019,43,19062,391
2020-09-11,San Luis Obispo,079,281455,3426,3190,20,3210,24
2020-09-11,San Mateo,081,765935,9483,8611,9,8620,127
2020-09-11,Santa Barbara,083,443738,8940,8592,73,8665,103
2020-09-11,Santa Clara,085,1922200,20570,19065,38,19103,234
2020-09-11,Santa Cruz,087,273765,2151,1997,20,2017,7
2020-09-11,Shasta,089,179085,707,568,3,571,10
2020-09-11,Sierra,091,2930,6,6,0,6,0
2020-09-11,Siskiyou,093,43540,151,139,9,148,0
2020-09-11,Solano,095,438530,5958,5742,41,5783,42
2020-09-11,Sonoma,097,501317,6842,6469,19,6488,91
2020-09-11,Stanislaus,099,539301,16045,15613,452,16065,253
2020-09-11,Sutter,101,95872,1583,1505,1,1506,11
2020-09-11,Tehama,103,63373,483,466,2,468,1
2020-09-11,Trinity,105,12862,52,16,7,23,0
2020-09-11,Tulare,107,460477,15601,14932,83,15015,251
2020-09-11,Tuolumne,109,53932,223,208,4,212,1
2020-09-11,Ventura,111,848112,12442,11700,131,11831,123
2020-09-11,Yolo,113,214977,2711,2632,6,2638,53
2020-09-11,Yuba,115,75493,1014,946,4,950,1
2020-09-10,Alameda,001,1643700,20275,19509,150,19659,292
2020-09-10,Alpine,003,1148,2,2,0,2,0
2020-09-10,Amador,005,37829,279,277,0,277,16
2020-09-10,Butte,007,227075,2758,2590,22,2612,37
2020-09-10,Calaveras,009,45235,297,244,0,244,1
2020-09-10,Colusa,011,21464,504,482,0,482,6
2020-09-10,Contra Costa,013,1133247,15858,14909,72,14981,172
2020-09-10,Del Norte,015,27424,125,112,0,112,1
2020-09-10,El Dorado,017,186661,1078,1020,0,1020,2
2020-09-10,Fresno,019,978130,29333,26783,341,27124,338
2020-09-10,Glenn,021,27897,534,511,0,511,3
2020-09-10,Humboldt,023,135768,463,422,1,423,4
2020-09-10,Imperial,025,180216,11521,10251,14,10265,270
2020-09-10,Inyo,027,18085,185,176,4,180,11
2020-09-10,Kern,029,883053,30950,29988,276,30264,363
2020-09-10,Kings,031,150075,7170,6739,37,6776,70
2020-09-10,Lake,033,64148,445,377,0,377,4
2020-09-10,Lassen,035,31185,733,716,2,718,0
2020-09-10,Los Angeles,037,10098052,254077,251003,1558,252561,6132
2020-09-10,Madera,039,155013,4263,3979,29,4008,43
2020-09-10,Marin,041,260295,6474,6344,15,6359,68
2020-09-10,Mariposa,043,17540,75,72,0,72,2
2020-09-10,Mendocino,045,87422,736,697,0,697,16
2020-09-10,Merced,047,269075,8583,8461,15,8476,109
2020-09-10,Modoc,049,8938,25,21,0,21,0
2020-09-10,Mono,051,14174,165,145,2,147,1
2020-09-10,Monterey,053,433212,9079,8570,23,8593,59
2020-09-10,Napa,055,140530,1596,1536,8,1544,11
2020-09-10,Nevada,057,99092,493,478,15,493,6
2020-09-10,Orange,059,3164182,52264,49617,1313,50930,1057
2020-09-10,Placer,061,380077,3394,3233,14,3247,37
2020-09-10,Plumas,063,18699,48,42,0,42,0
2020-09-10,Riverside,065,2383286,56032,54417,95,54512,1091
2020-09-10,Sacramento,067,1510023,20575,19618,22,19640,354
2020-09-10,San Benito,069,59416,1247,1201,0,1201,5
2020-09-10,San Bernardino,071,2135413,51395,49467,327,49794,867
2020-09-10,San Diego,073,3302833,43627,41610,677,42287,725
2020-09-10,San Francisco,075,870044,10483,10082,24,10106,89
2020-09-10,San Joaquin,077,732212,19487,18854,43,18897,389
2020-09-10,San Luis Obispo,079,281455,3412,3161,20,3181,24
2020-09-10,San Mateo,081,765935,9437,8529,9,8538,125
2020-09-10,Santa Barbara,083,443738,8896,8552,73,8625,100
2020-09-10,Santa Clara,085,1922200,20456,18870,38,18908,231
2020-09-10,Santa Cruz,087,273765,2136,1986,18,2004,7
2020-09-10,Shasta,089,179085,696,566,3,569,10
2020-09-10,Sierra,091,2930,6,6,0,6,0
2020-09-10,Siskiyou,093,43540,151,137,9,146,0
2020-09-10,Solano,095,438530,5918,5696,41,5737,42
2020-09-10,Sonoma,097,501317,6793,6424,19,6443,91
2020-09-10,Stanislaus,099,539301,15991,15509,447,15956,243
2020-09-10,Sutter,101,95872,1571,1494,1,1495,11
2020-09-10,Tehama,103,63373,476,466,2,468,1
2020-09-10,Trinity,105,12862,52,15,7,22,0
2020-09-10,Tulare,107,460477,15546,14860,80,14940,250
2020-09-10,Tuolumne,109,53932,222,205,4,209,1
2020-09-10,Ventura,111,848112,12348,11600,124,11724,122
2020-09-10,Yolo,113,214977,2706,2612,6,2618,53
2020-09-10,Yuba,115,75493,1008,941,4,945,1
2020-09-09,Alameda,001,1643700,20196,19399,149,19548,289
2020-09-09,Alpine,003,1148,2,2,0,2,0
2020-09-09,Amador,005,37829,278,276,0,276,16
2020-09-09,Butte,007,227075,2741,2561,22,2583,37
2020-09-09,Calaveras,009,45235,297,242,0,242,1
2020-09-09,Colusa,011,21464,499,479,0,479,6
2020-09-09,Contra Costa,013,1133247,15772,14816,72,14888,171
2020-09-09,Del Norte,015,27424,121,109,0,109,1
2020-09-09,El Dorado,017,186661,1075,1020,0,1020,2
2020-09-09,Fresno,019,978130,29230,26724,336,27060,329
2020-09-09,Glenn,021,27897,531,508,0,508,3
2020-09-09,Humboldt,023,135768,461,420,1,421,4
2020-09-09,Imperial,025,180216,11500,10233,14,10247,268
2020-09-09,Inyo,027,18085,184,173,4,177,2
2020-09-09,Kern,029,883053,30852,29925,273,30198,355
2020-09-09,Kings,031,150075,7152,6721,37,6758,72
2020-09-09,Lake,033,64148,437,371,0,371,4
2020-09-09,Lassen,035,31185,732,714,2,716,0
2020-09-09,Los Angeles,037,10098052,253208,249876,1539,251415,6091
2020-09-09,Madera,039,155013,4237,3926,29,3955,43
2020-09-09,Marin,041,260295,6455,6321,15,6336,68
2020-09-09,Mariposa,043,17540,74,72,0,72,2
2020-09-09,Mendocino,045,87422,728,695,0,695,16
2020-09-09,Merced,047,269075,8557,8441,15,8456,107
2020-09-09,Modoc,049,8938,24,20,0,20,0
2020-09-09,Mono,051,14174,165,145,2,147,1
2020-09-09,Monterey,053,433212,9007,8527,23,8550,59
2020-09-09,Napa,055,140530,1586,1531,8,1539,11
2020-09-09,Nevada,057,99092,489,476,15,491,6
2020-09-09,Orange,059,3164182,52084,49394,1305,50699,1054
2020-09-09,Placer,061,380077,3374,3222,14,3236,36
2020-09-09,Plumas,063,18699,46,42,0,42,0
2020-09-09,Riverside,065,2383286,55803,54320,92,54412,1081
2020-09-09,Sacramento,067,1510023,20469,19474,21,19495,347
2020-09-09,San Benito,069,59416,1243,1199,0,1199,5
2020-09-09,San Bernardino,071,2135413,51197,49264,326,49590,866
2020-09-09,San Diego,073,3302833,43338,41326,665,41991,721
2020-09-09,San Francisco,075,870044,10433,9996,23,10019,86
2020-09-09,San Joaquin,077,732212,19423,18799,42,18841,388
2020-09-09,San Luis Obispo,079,281455,3394,3131,20,3151,24
2020-09-09,San Mateo,081,765935,9376,8478,9,8487,125
2020-09-09,Santa Barbara,083,443738,8853,8528,73,8601,97
2020-09-09,Santa Clara,085,1922200,20324,18759,38,18797,228
2020-09-09,Santa Cruz,087,273765,2113,1967,18,1985,7
2020-09-09,Shasta,089,179085,684,562,3,565,10
2020-09-09,Sierra,091,2930,6,6,0,6,0
2020-09-09,Siskiyou,093,43540,149,137,9,146,0
2020-09-09,Solano,095,438530,5886,5680,41,5721,36
2020-09-09,Sonoma,097,501317,6726,6397,19,6416,92
2020-09-09,Stanislaus,099,539301,15952,15469,436,15905,243
2020-09-09,Sutter,101,95872,1563,1487,1,1488,11
2020-09-09,Tehama,103,63373,473,462,2,464,1
2020-09-09,Trinity,105,12862,52,14,7,21,0
2020-09-09,Tulare,107,460477,15497,14787,75,14862,249
2020-09-09,Tuolumne,109,53932,221,204,3,207,1
2020-09-09,Ventura,111,848112,12257,11497,121,11618,121
2020-09-09,Yolo,113,214977,2695,2604,6,2610,53
2020-09-09,Yuba,115,75493,1003,936,4,940,1
2020-09-08,Alameda,001,1643700,20088,19293,149,19442,288
2020-09-08,Alpine,003,1148,2,2,0,2,0
2020-09-08,Amador,005,37829,278,276,0,276,16
2020-09-08,Butte,007,227075,2723,2453,22,2475,36
2020-09-08,Calaveras,009,45235,295,233,0,233,1
2020-09-08,Colusa,011,21464,497,475,0,475,6
2020-09-08,Contra Costa,013,1133247,15644,14740,69,14809,171
2020-09-08,Del Norte,015,27424,121,109,0,109,2
2020-09-08,El Dorado,017,186661,1072,1011,0,1011,2
2020-09-08,Fresno,019,978130,29110,26640,332,26972,329
2020-09-08,Glenn,021,27897,527,492,0,492,3
2020-09-08,Humboldt,023,135768,459,420,1,421,4
2020-09-08,Imperial,025,180216,11484,10198,14,10212,267
2020-09-08,Inyo,027,18085,184,169,4,173,2
2020-09-08,Kern,029,883053,30766,29850,271,30121,351
2020-09-08,Kings,031,150075,7114,6658,37,6695,72
2020-09-08,Lake,033,64148,427,370,0,370,4
2020-09-08,Lassen,035,31185,732,710,2,712,0
2020-09-08,Los Angeles,037,10098052,252281,249217,1511,250728,6034
2020-09-08,Madera,039,155013,4213,3904,29,3933,43
2020-09-08,Marin,041,260295,6424,6313,15,6328,68
2020-09-08,Mariposa,043,17540,74,72,0,72,2
2020-09-08,Mendocino,045,87422,721,690,0,690,16
2020-09-08,Merced,047,269075,8534,8381,15,8396,104
2020-09-08,Modoc,049,8938,24,20,0,20,0
2020-09-08,Mono,051,14174,165,145,2,147,1
2020-09-08,Monterey,053,433212,8922,8491,23,8514,59
2020-09-08,Napa,055,140530,1582,1518,8,1526,11
2020-09-08,Nevada,057,99092,489,470,15,485,6
2020-09-08,Orange,059,3164182,51943,49214,1301,50515,1044
2020-09-08,Placer,061,380077,3360,3205,14,3219,36
2020-09-08,Plumas,063,18699,46,42,0,42,0
2020-09-08,Riverside,065,2383286,55589,54168,89,54257,1069
2020-09-08,Sacramento,067,1510023,20234,19411,20,19431,347
2020-09-08,San Benito,069,59416,1236,1188,0,1188,5
2020-09-08,San Bernardino,071,2135413,51008,49034,325,49359,856
2020-09-08,San Diego,073,3302833,43022,41079,653,41732,709
2020-09-08,San Francisco,075,870044,10360,9821,23,9844,86
2020-09-08,San Joaquin,077,732212,19345,18550,42,18592,388
2020-09-08,San Luis Obispo,079,281455,3379,3120,20,3140,23
2020-09-08,San Mateo,081,765935,9300,8460,9,8469,125
2020-09-08,Santa Barbara,083,443738,8819,8488,72,8560,96
2020-09-08,Santa Clara,085,1922200,20148,18645,38,18683,228
2020-09-08,Santa Cruz,087,273765,2085,1903,18,1921,7
2020-09-08,Shasta,089,179085,676,556,3,559,10
2020-09-08,Sierra,091,2930,6,6,0,6,0
2020-09-08,Siskiyou,093,43540,147,136,9,145,0
2020-09-08,Solano,095,438530,5849,5654,41,5695,36
2020-09-08,Sonoma,097,501317,6657,6356,19,6375,92
2020-09-08,Stanislaus,099,539301,15888,15415,424,15839,238
2020-09-08,Sutter,101,95872,1548,1473,1,1474,11
2020-09-08,Tehama,103,63373,469,458,2,460,1
2020-09-08,Trinity,105,12862,51,13,7,20,0
2020-09-08,Tulare,107,460477,15417,14635,74,14709,249
2020-09-08,Tuolumne,109,53932,220,197,3,200,1
2020-09-08,Ventura,111,848112,12188,11475,118,11593,118
2020-09-08,Yolo,113,214977,2685,2580,6,2586,53
2020-09-08,Yuba,115,75493,991,923,4,927,1
2020-09-07,Alameda,001,1643700,19966,19188,143,19331,281
2020-09-07,Alpine,003,1148,2,2,0,2,0
2020-09-07,Amador,005,37829,278,276,0,276,16
2020-09-07,Butte,007,227075,2690,2450,21,2471,30
2020-09-07,Calaveras,009,45235,285,234,0,234,1
2020-09-07,Colusa,011,21464,496,475,0,475,6
2020-09-07,Contra Costa,013,1133247,15531,14637,66,14703,172
2020-09-07,Del Norte,015,27424,121,109,0,109,2
2020-09-07,El Dorado,017,186661,1061,1011,0,1011,2
2020-09-07,Fresno,019,978130,29016,26565,329,26894,329
2020-09-07,Glenn,021,27897,522,488,0,488,3
2020-09-07,Humboldt,023,135768,450,416,1,417,4
2020-09-07,Imperial,025,180216,11453,10199,12,10211,267
2020-09-07,Inyo,027,18085,184,169,4,173,2
2020-09-07,Kern,029,883053,30645,29790,266,30056,348
2020-09-07,Kings,031,150075,6989,6630,37,6667,72
2020-09-07,Lake,033,64148,404,367,0,367,2
2020-09-07,Lassen,035,31185,732,709,2,711,0
2020-09-07,Los Angeles,037,10098052,251237,248804,1489,250293,6030
2020-09-07,Madera,039,155013,4182,3889,28,3917,43
2020-09-07,Marin,041,260295,6394,6296,15,6311,67
2020-09-07,Mariposa,043,17540,74,72,0,72,2
2020-09-07,Mendocino,045,87422,713,687,0,687,16
2020-09-07,Merced,047,269075,8487,8381,15,8396,104
2020-09-07,Modoc,049,8938,23,20,0,20,0
2020-09-07,Mono,051,14174,165,145,2,147,1
2020-09-07,Monterey,053,433212,8843,8463,23,8486,57
2020-09-07,Napa,055,140530,1570,1514,8,1522,11
2020-09-07,Nevada,057,99092,487,469,15,484,6
2020-09-07,Orange,059,3164182,51772,49132,1297,50429,1042
2020-09-07,Placer,061,380077,3329,3188,13,3201,36
2020-09-07,Plumas,063,18699,45,42,0,42,0
2020-09-07,Riverside,065,2383286,55314,54178,83,54261,1069
2020-09-07,Sacramento,067,1510023,19991,19292,19,19311,345
2020-09-07,San Benito,069,59416,1230,1180,0,1180,4
2020-09-07,San Bernardino,071,2135413,50780,49043,323,49366,821
2020-09-07,San Diego,073,3302833,42622,40868,626,41494,708
2020-09-07,San Francisco,075,870044,10309,9813,22,9835,85
2020-09-07,San Joaquin,077,732212,19264,18552,40,18592,386
2020-09-07,San Luis Obispo,079,281455,3342,3116,20,3136,23
2020-09-07,San Mateo,081,765935,9218,8409,9,8418,125
2020-09-07,Santa Barbara,083,443738,8775,8479,72,8551,95
2020-09-07,Santa Clara,085,1922200,19990,18596,37,18633,226
2020-09-07,Santa Cruz,087,273765,2057,1902,18,1920,7
2020-09-07,Shasta,089,179085,666,556,3,559,10
2020-09-07,Sierra,091,2930,6,6,0,6,0
2020-09-07,Siskiyou,093,43540,146,133,9,142,0
2020-09-07,Solano,095,438530,5784,5640,41,5681,36
2020-09-07,Sonoma,097,501317,6590,6268,19,6287,85
2020-09-07,Stanislaus,099,539301,15823,15343,412,15755,236
2020-09-07,Sutter,101,95872,1531,1468,1,1469,11
2020-09-07,Tehama,103,63373,466,453,2,455,1
2020-09-07,Trinity,105,12862,51,13,7,20,0
2020-09-07,Tulare,107,460477,15311,14637,72,14709,249
2020-09-07,Tuolumne,109,53932,219,196,3,199,1
2020-09-07,Ventura,111,848112,12093,11463,115,11578,118
2020-09-07,Yolo,113,214977,2668,2565,5,2570,53
2020-09-07,Yuba,115,75493,975,923,3,926,1
2020-09-06,Alameda,001,1643700,19908,19029,141,19170,281
2020-09-06,Alpine,003,1148,2,2,0,2,0
2020-09-06,Amador,005,37829,276,275,0,275,16
2020-09-06,Butte,007,227075,2681,2446,21,2467,30
2020-09-06,Calaveras,009,45235,285,235,0,235,1
2020-09-06,Colusa,011,21464,492,475,0,475,6
2020-09-06,Contra Costa,013,1133247,15451,14565,65,14630,171
2020-09-06,Del Norte,015,27424,121,109,0,109,2
2020-09-06,El Dorado,017,186661,1059,1008,0,1008,2
2020-09-06,Fresno,019,978130,28952,26471,327,26798,329
2020-09-06,Glenn,021,27897,516,474,0,474,3
2020-09-06,Humboldt,023,135768,447,404,1,405,4
2020-09-06,Imperial,025,180216,11436,10152,12,10164,267
2020-09-06,Inyo,027,18085,184,169,4,173,2
2020-09-06,Kern,029,883053,30589,29699,262,29961,348
2020-09-06,Kings,031,150075,6969,6561,36,6597,72
2020-09-06,Lake,033,64148,401,362,0,362,2
2020-09-06,Lassen,035,31185,732,709,2,711,0
2020-09-06,Los Angeles,037,10098052,250607,248316,1475,249791,6004
2020-09-06,Madera,039,155013,4138,3867,28,3895,42
2020-09-06,Marin,041,260295,6382,6276,15,6291,67
2020-09-06,Mariposa,043,17540,74,72,0,72,2
2020-09-06,Mendocino,045,87422,712,672,0,672,16
2020-09-06,Merced,047,269075,8467,8327,15,8342,104
2020-09-06,Modoc,049,8938,23,20,0,20,0
2020-09-06,Mono,051,14174,164,145,2,147,1
2020-09-06,Monterey,053,433212,8803,8403,22,8425,56
2020-09-06,Napa,055,140530,1566,1501,6,1507,11
2020-09-06,Nevada,057,99092,487,467,14,481,6
2020-09-06,Orange,059,3164182,51659,48931,1293,50224,1042
2020-09-06,Placer,061,380077,3312,3169,13,3182,36
2020-09-06,Plumas,063,18699,44,42,0,42,0
2020-09-06,Riverside,065,2383286,55198,53970,81,54051,1069
2020-09-06,Sacramento,067,1510023,19896,19128,19,19147,340
2020-09-06,San Benito,069,59416,1228,1178,0,1178,4
2020-09-06,San Bernardino,071,2135413,50671,48923,323,49246,823
2020-09-06,San Diego,073,3302833,42374,40652,620,41272,707
2020-09-06,San Francisco,075,870044,10235,9813,22,9835,85
2020-09-06,San Joaquin,077,732212,19215,18558,40,18598,386
2020-09-06,San Luis Obispo,079,281455,3331,3101,20,3121,23
2020-09-06,San Mateo,081,765935,9165,8387,9,8396,125
2020-09-06,Santa Barbara,083,443738,8745,8434,72,8506,95
2020-09-06,Santa Clara,085,1922200,19889,18495,37,18532,207
2020-09-06,Santa Cruz,087,273765,2050,1902,18,1920,7
2020-09-06,Shasta,089,179085,660,550,3,553,10
2020-09-06,Sierra,091,2930,6,6,0,6,0
2020-09-06,Siskiyou,093,43540,146,132,9,141,0
2020-09-06,Solano,095,438530,5758,5619,41,5660,37
2020-09-06,Sonoma,097,501317,6561,6212,19,6231,85
2020-09-06,Stanislaus,099,539301,15779,15288,408,15696,236
2020-09-06,Sutter,101,95872,1518,1451,1,1452,11
2020-09-06,Tehama,103,63373,465,455,2,457,1
2020-09-06,Trinity,105,12862,50,13,7,20,0
2020-09-06,Tulare,107,460477,15268,14636,71,14707,249
2020-09-06,Tuolumne,109,53932,216,194,3,197,1
2020-09-06,Ventura,111,848112,12048,11315,115,11430,118
2020-09-06,Yolo,113,214977,2654,2556,5,2561,53
2020-09-06,Yuba,115,75493,966,913,3,916,1
2020-09-05,Alameda,001,1643700,19861,18973,139,19112,279
2020-09-05,Alpine,003,1148,2,2,0,2,0
2020-09-05,Amador,005,37829,276,274,0,274,16
2020-09-05,Butte,007,227075,2665,2406,20,2426,30
2020-09-05,Calaveras,009,45235,285,237,0,237,1
2020-09-05,Colusa,011,21464,488,472,0,472,6
2020-09-05,Contra Costa,013,1133247,15374,14456,63,14519,173
2020-09-05,Del Norte,015,27424,121,109,0,109,2
2020-09-05,El Dorado,017,186661,1059,1007,0,1007,2
2020-09-05,Fresno,019,978130,28884,26325,327,26652,331
2020-09-05,Glenn,021,27897,515,474,0,474,3
2020-09-05,Humboldt,023,135768,445,402,1,403,4
2020-09-05,Imperial,025,180216,11419,10151,12,10163,268
2020-09-05,Inyo,027,18085,184,169,4,173,2
2020-09-05,Kern,029,883053,30529,29645,258,29903,347
2020-09-05,Kings,031,150075,6960,6518,36,6554,66
2020-09-05,Lake,033,64148,398,359,0,359,2
2020-09-05,Lassen,035,31185,732,709,2,711,0
2020-09-05,Los Angeles,037,10098052,250072,247572,1463,249035,6001
2020-09-05,Madera,039,155013,4097,3851,28,3879,42
2020-09-05,Marin,041,260295,6375,6259,15,6274,66
2020-09-05,Mariposa,043,17540,74,72,0,72,2
2020-09-05,Mendocino,045,87422,711,658,0,658,16
2020-09-05,Merced,047,269075,8435,8297,13,8310,104
2020-09-05,Modoc,049,8938,23,19,0,19,0
2020-09-05,Mono,051,14174,164,145,2,147,1
2020-09-05,Monterey,053,433212,8773,8301,22,8323,56
2020-09-05,Napa,055,140530,1560,1484,6,1490,11
2020-09-05,Nevada,057,99092,484,461,14,475,6
2020-09-05,Orange,059,3164182,51557,48726,1288,50014,1039
2020-09-05,Placer,061,380077,3302,3141,13,3154,35
2020-09-05,Plumas,063,18699,44,42,0,42,0
2020-09-05,Riverside,065,2383286,55092,53780,81,53861,1066
2020-09-05,Sacramento,067,1510023,19805,18955,19,18974,339
2020-09-05,San Benito,069,59416,1226,1153,0,1153,4
2020-09-05,San Bernardino,071,2135413,50596,48800,322,49122,825
2020-09-05,San Diego,073,3302833,42181,40344,608,40952,717
2020-09-05,San Francisco,075,870044,10202,9812,21,9833,85
2020-09-05,San Joaquin,077,732212,19187,18557,40,18597,386
2020-09-05,San Luis Obispo,079,281455,3321,3083,20,3103,23
2020-09-05,San Mateo,081,765935,9120,8352,9,8361,124
2020-09-05,Santa Barbara,083,443738,8729,8404,72,8476,96
2020-09-05,Santa Clara,085,1922200,19805,18311,37,18348,207
2020-09-05,Santa Cruz,087,273765,2042,1904,18,1922,7
2020-09-05,Shasta,089,179085,659,544,3,547,10
2020-09-05,Sierra,091,2930,6,6,0,6,0
2020-09-05,Siskiyou,093,43540,145,131,9,140,0
2020-09-05,Solano,095,438530,5746,5579,41,5620,37
2020-09-05,Sonoma,097,501317,6528,6149,19,6168,85
2020-09-05,Stanislaus,099,539301,15731,15198,404,15602,236
2020-09-05,Sutter,101,95872,1511,1445,1,1446,11
2020-09-05,Tehama,103,63373,464,447,2,449,1
2020-09-05,Trinity,105,12862,50,13,7,20,0
2020-09-05,Tulare,107,460477,15211,14576,69,14645,249
2020-09-05,Tuolumne,109,53932,216,194,3,197,1
2020-09-05,Ventura,111,848112,12005,11254,115,11369,118
2020-09-05,Yolo,113,214977,2644,2534,5,2539,53
2020-09-05,Yuba,115,75493,960,902,3,905,1
2020-09-04,Alameda,001,1643700,19793,18843,137,18980,276
2020-09-04,Alpine,003,1148,2,2,0,2,0
2020-09-04,Amador,005,37829,275,274,0,274,16
2020-09-04,Butte,007,227075,2642,2325,20,2345,28
2020-09-04,Calaveras,009,45235,283,237,0,237,1
2020-09-04,Colusa,011,21464,486,467,0,467,6
2020-09-04,Contra Costa,013,1133247,15294,14355,62,14417,164
2020-09-04,Del Norte,015,27424,121,109,0,109,2
2020-09-04,El Dorado,017,186661,1055,992,0,992,2
2020-09-04,Fresno,019,978130,28779,26147,326,26473,321
2020-09-04,Glenn,021,27897,507,463,0,463,3
2020-09-04,Humboldt,023,135768,440,390,1,391,4
2020-09-04,Imperial,025,180216,11410,10136,11,10147,267
2020-09-04,Inyo,027,18085,184,169,4,173,2
2020-09-04,Kern,029,883053,30461,29526,255,29781,345
2020-09-04,Kings,031,150075,6947,6259,36,6295,66
2020-09-04,Lake,033,64148,398,347,0,347,2
2020-09-04,Lassen,035,31185,732,708,2,710,0
2020-09-04,Los Angeles,037,10098052,249506,246396,1443,247839,5977
2020-09-04,Madera,039,155013,4084,3838,28,3866,42
2020-09-04,Marin,041,260295,6363,6251,15,6266,66
2020-09-04,Mariposa,043,17540,74,72,0,72,2
2020-09-04,Mendocino,045,87422,709,646,0,646,16
2020-09-04,Merced,047,269075,8415,8214,13,8227,104
2020-09-04,Modoc,049,8938,23,15,0,15,0
2020-09-04,Mono,051,14174,164,145,2,147,1
2020-09-04,Monterey,053,433212,8728,8208,22,8230,56
2020-09-04,Napa,055,140530,1551,1475,6,1481,11
2020-09-04,Nevada,057,99092,481,455,14,469,6
2020-09-04,Orange,059,3164182,51433,48488,1281,49769,1031
2020-09-04,Placer,061,380077,3290,3101,13,3114,35
2020-09-04,Plumas,063,18699,44,42,0,42,0
2020-09-04,Riverside,065,2383286,54979,53606,76,53682,1066
2020-09-04,Sacramento,067,1510023,19717,18765,19,18784,337
2020-09-04,San Benito,069,59416,1217,1137,0,1137,4
2020-09-04,San Bernardino,071,2135413,50503,48497,320,48817,800
2020-09-04,San Diego,073,3302833,41951,39901,599,40500,701
2020-09-04,San Francisco,075,870044,10162,9694,20,9714,85
2020-09-04,San Joaquin,077,732212,19133,18438,40,18478,376
2020-09-04,San Luis Obispo,079,281455,3306,3049,19,3068,21
2020-09-04,San Mateo,081,765935,9076,8275,9,8284,122
2020-09-04,Santa Barbara,083,443738,8699,8340,72,8412,96
2020-09-04,Santa Clara,085,1922200,19697,18074,37,18111,209
2020-09-04,Santa Cruz,087,273765,2025,1896,17,1913,7
2020-09-04,Shasta,089,179085,656,536,3,539,10
2020-09-04,Sierra,091,2930,6,6,0,6,0
2020-09-04,Siskiyou,093,43540,145,129,9,138,0
2020-09-04,Solano,095,438530,5733,5552,41,5593,37
2020-09-04,Sonoma,097,501317,6463,6050,19,6069,85
2020-09-04,Stanislaus,099,539301,15697,15074,395,15469,233
2020-09-04,Sutter,101,95872,1495,1425,1,1426,11
2020-09-04,Tehama,103,63373,460,442,2,444,1
2020-09-04,Trinity,105,12862,50,13,7,20,0
2020-09-04,Tulare,107,460477,15183,14501,65,14566,247
2020-09-04,Tuolumne,109,53932,216,193,3,196,1
2020-09-04,Ventura,111,848112,11963,11171,115,11286,114
2020-09-04,Yolo,113,214977,2630,2495,5,2500,53
2020-09-04,Yuba,115,75493,955,884,3,887,1
2020-09-03,Alameda,001,1643700,19690,18687,137,18824,275
2020-09-03,Alpine,003,1148,2,2,0,2,0
2020-09-03,Amador,005,37829,275,274,0,274,16
2020-09-03,Butte,007,227075,2597,2274,20,2294,27
2020-09-03,Calaveras,009,45235,282,238,0,238,1
2020-09-03,Colusa,011,21464,484,464,0,464,6
2020-09-03,Contra Costa,013,1133247,15187,14206,59,14265,159
2020-09-03,Del Norte,015,27424,118,109,0,109,2
2020-09-03,El Dorado,017,186661,1051,983,0,983,2
2020-09-03,Fresno,019,978130,28660,25978,321,26299,313
2020-09-03,Glenn,021,27897,503,460,0,460,3
2020-09-03,Humboldt,023,135768,435,390,1,391,4
2020-09-03,Imperial,025,180216,11390,10083,9,10092,255
2020-09-03,Inyo,027,18085,182,171,4,175,3
2020-09-03,Kern,029,883053,30369,29426,241,29667,340
2020-09-03,Kings,031,150075,6867,6200,36,6236,64
2020-09-03,Lake,033,64148,389,347,0,347,2
2020-09-03,Lassen,035,31185,732,707,2,709,0
2020-09-03,Los Angeles,037,10098052,248647,245026,1422,246448,5931
2020-09-03,Madera,039,155013,4065,3780,28,3808,43
2020-09-03,Marin,041,260295,6344,6175,15,6190,66
2020-09-03,Mariposa,043,17540,74,71,0,71,2
2020-09-03,Mendocino,045,87422,700,638,0,638,16
2020-09-03,Merced,047,269075,8373,8136,13,8149,105
2020-09-03,Modoc,049,8938,23,14,0,14,0
2020-09-03,Mono,051,14174,163,144,2,146,1
2020-09-03,Monterey,053,433212,8674,8128,22,8150,56
2020-09-03,Napa,055,140530,1544,1466,6,1472,10
2020-09-03,Nevada,057,99092,478,453,14,467,6
2020-09-03,Orange,059,3164182,51246,48226,1266,49492,1009
2020-09-03,Placer,061,380077,3272,3069,13,3082,34
2020-09-03,Plumas,063,18699,44,39,0,39,0
2020-09-03,Riverside,065,2383286,54799,53341,72,53413,1052
2020-09-03,Sacramento,067,1510023,19589,18553,18,18571,328
2020-09-03,San Benito,069,59416,1206,1121,0,1121,4
2020-09-03,San Bernardino,071,2135413,50337,48165,319,48484,800
2020-09-03,San Diego,073,3302833,41637,39448,583,40031,700
2020-09-03,San Francisco,075,870044,10096,9636,18,9654,84
2020-09-03,San Joaquin,077,732212,19056,18331,40,18371,371
2020-09-03,San Luis Obispo,079,281455,3289,3023,19,3042,21
2020-09-03,San Mateo,081,765935,9002,8211,9,8220,122
2020-09-03,Santa Barbara,083,443738,8651,8277,72,8349,96
2020-09-03,Santa Clara,085,1922200,19517,17879,37,17916,208
2020-09-03,Santa Cruz,087,273765,2010,1870,17,1887,7
2020-09-03,Shasta,089,179085,651,535,3,538,10
2020-09-03,Sierra,091,2930,6,6,0,6,0
2020-09-03,Siskiyou,093,43540,145,128,9,137,0
2020-09-03,Solano,095,438530,5713,5499,40,5539,36
2020-09-03,Sonoma,097,501317,6401,5997,19,6016,62
2020-09-03,Stanislaus,099,539301,15645,14985,391,15376,217
2020-09-03,Sutter,101,95872,1485,1412,1,1413,11
2020-09-03,Tehama,103,63373,456,436,2,438,1
2020-09-03,Trinity,105,12862,48,13,7,20,0
2020-09-03,Tulare,107,460477,15117,14408,64,14472,244
2020-09-03,Tuolumne,109,53932,216,193,3,196,1
2020-09-03,Ventura,111,848112,11845,11109,112,11221,112
2020-09-03,Yolo,113,214977,2614,2475,5,2480,53
2020-09-03,Yuba,115,75493,948,867,3,870,1
2020-09-02,Alameda,001,1643700,19570,18522,134,18656,260
2020-09-02,Alpine,003,1148,2,2,0,2,0
2020-09-02,Amador,005,37829,275,245,0,245,14
2020-09-02,Butte,007,227075,2551,2241,20,2261,27
2020-09-02,Calaveras,009,45235,281,235,0,235,1
2020-09-02,Colusa,011,21464,480,460,0,460,6
2020-09-02,Contra Costa,013,1133247,15098,14097,57,14154,159
2020-09-02,Del Norte,015,27424,117,109,0,109,2
2020-09-02,El Dorado,017,186661,1047,975,0,975,2
2020-09-02,Fresno,019,978130,28512,25785,318,26103,292
2020-09-02,Glenn,021,27897,498,457,0,457,3
2020-09-02,Humboldt,023,135768,432,381,1,382,4
2020-09-02,Imperial,025,180216,11374,9832,9,9841,255
2020-09-02,Inyo,027,18085,182,171,4,175,3
2020-09-02,Kern,029,883053,30277,29288,235,29523,335
2020-09-02,Kings,031,150075,6782,6142,36,6178,64
2020-09-02,Lake,033,64148,385,342,0,342,2
2020-09-02,Lassen,035,31185,730,706,2,708,0
2020-09-02,Los Angeles,037,10098052,247717,243999,1394,245393,5887
2020-09-02,Madera,039,155013,4045,3735,28,3763,41
2020-09-02,Marin,041,260295,6329,6131,15,6146,66
2020-09-02,Mariposa,043,17540,74,71,0,71,2
2020-09-02,Mendocino,045,87422,690,636,0,636,15
2020-09-02,Merced,047,269075,8342,8097,12,8109,103
2020-09-02,Modoc,049,8938,22,11,0,11,0
2020-09-02,Mono,051,14174,163,145,2,147,1
2020-09-02,Monterey,053,433212,8610,8070,22,8092,56
2020-09-02,Napa,055,140530,1532,1454,6,1460,10
2020-09-02,Nevada,057,99092,472,452,13,465,6
2020-09-02,Orange,059,3164182,51065,47871,1256,49127,994
2020-09-02,Placer,061,380077,3247,3047,12,3059,33
2020-09-02,Plumas,063,18699,44,39,0,39,0
2020-09-02,Riverside,065,2383286,54597,52923,69,52992,1032
2020-09-02,Sacramento,067,1510023,19356,18355,17,18372,316
2020-09-02,San Benito,069,59416,1193,1107,0,1107,4
2020-09-02,San Bernardino,071,2135413,50174,47766,316,48082,794
2020-09-02,San Diego,073,3302833,41317,39123,569,39692,695
2020-09-02,San Francisco,075,870044,10027,9587,18,9605,84
2020-09-02,San Joaquin,077,732212,18975,18194,39,18233,352
2020-09-02,San Luis Obispo,079,281455,3263,3002,18,3020,21
2020-09-02,San Mateo,081,765935,8945,8148,9,8157,122
2020-09-02,Santa Barbara,083,443738,8596,8206,71,8277,94
2020-09-02,Santa Clara,085,1922200,19363,17673,37,17710,206
2020-09-02,Santa Cruz,087,273765,1987,1850,17,1867,7
2020-09-02,Shasta,089,179085,650,531,3,534,10
2020-09-02,Sierra,091,2930,6,6,0,6,0
2020-09-02,Siskiyou,093,43540,144,127,9,136,0
2020-09-02,Solano,095,438530,5685,5463,40,5503,36
2020-09-02,Sonoma,097,501317,6339,5846,19,5865,62
2020-09-02,Stanislaus,099,539301,15575,14854,384,15238,220
2020-09-02,Sutter,101,95872,1470,1401,1,1402,10
2020-09-02,Tehama,103,63373,453,429,2,431,1
2020-09-02,Trinity,105,12862,48,13,7,20,0
2020-09-02,Tulare,107,460477,15050,14298,63,14361,244
2020-09-02,Tuolumne,109,53932,216,190,3,193,1
2020-09-02,Ventura,111,848112,11758,11031,111,11142,111
2020-09-02,Yolo,113,214977,2593,2449,5,2454,54
2020-09-02,Yuba,115,75493,941,856,3,859,1
2020-09-01,Alameda,001,1643700,19430,18382,131,18513,248
2020-09-01,Alpine,003,1148,2,2,0,2,0
2020-09-01,Amador,005,37829,274,244,0,244,13
2020-09-01,Butte,007,227075,2494,2146,20,2166,26
2020-09-01,Calaveras,009,45235,273,228,0,228,1
2020-09-01,Colusa,011,21464,476,454,0,454,6
2020-09-01,Contra Costa,013,1133247,15004,13998,55,14053,158
2020-09-01,Del Norte,015,27424,116,108,0,108,2
2020-09-01,El Dorado,017,186661,1039,972,0,972,2
2020-09-01,Fresno,019,978130,28365,25542,315,25857,290
2020-09-01,Glenn,021,27897,491,449,0,449,3
2020-09-01,Humboldt,023,135768,426,378,1,379,4
2020-09-01,Imperial,025,180216,11348,9782,9,9791,250
2020-09-01,Inyo,027,18085,182,171,4,175,3
2020-09-01,Kern,029,883053,30186,29162,230,29392,332
2020-09-01,Kings,031,150075,6751,6088,36,6124,62
2020-09-01,Lake,033,64148,382,341,0,341,2
2020-09-01,Lassen,035,31185,727,706,2,708,0
2020-09-01,Los Angeles,037,10098052,246628,242633,1370,244003,5832
2020-09-01,Madera,039,155013,4016,3703,27,3730,41
2020-09-01,Marin,041,260295,6314,6102,15,6117,67
2020-09-01,Mariposa,043,17540,73,72,0,72,2
2020-09-01,Mendocino,045,87422,675,626,0,626,15
2020-09-01,Merced,047,269075,8289,8046,11,8057,103
2020-09-01,Modoc,049,8938,20,10,0,10,0
2020-09-01,Mono,051,14174,163,145,2,147,1
2020-09-01,Monterey,053,433212,8503,7926,22,7948,56
2020-09-01,Napa,055,140530,1517,1446,6,1452,10
2020-09-01,Nevada,057,99092,466,450,13,463,6
2020-09-01,Orange,059,3164182,50901,47671,1237,48908,976
2020-09-01,Placer,061,380077,3225,3013,12,3025,33
2020-09-01,Plumas,063,18699,44,39,0,39,0
2020-09-01,Riverside,065,2383286,54378,52785,68,52853,1027
2020-09-01,Sacramento,067,1510023,19172,18217,16,18233,305
2020-09-01,San Benito,069,59416,1181,1089,0,1089,4
2020-09-01,San Bernardino,071,2135413,49967,47371,315,47686,786
2020-09-01,San Diego,073,3302833,40959,38873,531,39404,688
2020-09-01,San Francisco,075,870044,9958,9492,18,9510,83
2020-09-01,San Joaquin,077,732212,18893,17915,38,17953,341
2020-09-01,San Luis Obispo,079,281455,3237,2970,18,2988,21
2020-09-01,San Mateo,081,765935,8865,8132,9,8141,122
2020-09-01,Santa Barbara,083,443738,8546,8142,70,8212,93
2020-09-01,Santa Clara,085,1922200,19184,17319,37,17356,204
2020-09-01,Santa Cruz,087,273765,1963,1752,17,1769,7
2020-09-01,Shasta,089,179085,642,527,3,530,9
2020-09-01,Sierra,091,2930,6,6,0,6,0
2020-09-01,Siskiyou,093,43540,141,128,8,136,0
2020-09-01,Solano,095,438530,5659,5438,40,5478,34
2020-09-01,Sonoma,097,501317,6249,5733,19,5752,60
2020-09-01,Stanislaus,099,539301,15499,14784,374,15158,212
2020-09-01,Sutter,101,95872,1459,1389,1,1390,10
2020-09-01,Tehama,103,63373,449,422,2,424,1
2020-09-01,Trinity,105,12862,47,13,6,19,0
2020-09-01,Tulare,107,460477,14967,14156,63,14219,241
2020-09-01,Tuolumne,109,53932,210,183,3,186,1
2020-09-01,Ventura,111,848112,11680,10899,106,11005,108
2020-09-01,Yolo,113,214977,2577,2440,5,2445,51
2020-09-01,Yuba,115,75493,932,841,3,844,1
2020-08-31,Alameda,001,1643700,19285,18148,131,18279,248
2020-08-31,Alpine,003,1148,2,2,0,2,0
2020-08-31,Amador,005,37829,274,243,0,243,13
2020-08-31,Butte,007,227075,2430,2069,20,2089,26
2020-08-31,Calaveras,009,45235,268,212,0,212,1
2020-08-31,Colusa,011,21464,475,443,0,443,6
2020-08-31,Contra Costa,013,1133247,14877,13902,52,13954,153
2020-08-31,Del Norte,015,27424,116,108,0,108,2
2020-08-31,El Dorado,017,186661,1032,965,0,965,2
2020-08-31,Fresno,019,978130,28144,25185,309,25494,290
2020-08-31,Glenn,021,27897,479,437,0,437,3
2020-08-31,Humboldt,023,135768,424,374,1,375,4
2020-08-31,Imperial,025,180216,11317,9759,9,9768,250
2020-08-31,Inyo,027,18085,181,160,4,164,3
2020-08-31,Kern,029,883053,30088,29067,229,29296,318
2020-08-31,Kings,031,150075,6483,6037,36,6073,62
2020-08-31,Lake,033,64148,366,341,0,341,2
2020-08-31,Lassen,035,31185,724,706,2,708,0
2020-08-31,Los Angeles,037,10098052,245525,241793,1342,243135,5787
2020-08-31,Madera,039,155013,3993,3662,26,3688,35
2020-08-31,Marin,041,260295,6278,6074,15,6089,67
2020-08-31,Mariposa,043,17540,73,69,0,69,2
2020-08-31,Mendocino,045,87422,663,618,0,618,15
2020-08-31,Merced,047,269075,8227,7991,11,8002,79
2020-08-31,Modoc,049,8938,18,10,0,10,0
2020-08-31,Mono,051,14174,163,145,2,147,1
2020-08-31,Monterey,053,433212,8396,7839,22,7861,56
2020-08-31,Napa,055,140530,1509,1434,6,1440,10
2020-08-31,Nevada,057,99092,464,447,13,460,6
2020-08-31,Orange,059,3164182,50701,47392,1209,48601,965
2020-08-31,Placer,061,380077,3176,2989,12,3001,33
2020-08-31,Plumas,063,18699,43,39,0,39,0
2020-08-31,Riverside,065,2383286,54156,52508,66,52574,1020
2020-08-31,Sacramento,067,1510023,18935,17999,16,18015,303
2020-08-31,San Benito,069,59416,1165,1080,0,1080,4
2020-08-31,San Bernardino,071,2135413,49756,47370,314,47684,755
2020-08-31,San Diego,073,3302833,40592,38606,498,39104,682
2020-08-31,San Francisco,075,870044,9879,9293,15,9308,83
2020-08-31,San Joaquin,077,732212,18806,17807,37,17844,338
2020-08-31,San Luis Obispo,079,281455,3214,2951,17,2968,21
2020-08-31,San Mateo,081,765935,8795,8065,9,8074,122
2020-08-31,Santa Barbara,083,443738,8500,8124,70,8194,94
2020-08-31,Santa Clara,085,1922200,18995,17211,37,17248,202
2020-08-31,Santa Cruz,087,273765,1938,1742,17,1759,7
2020-08-31,Shasta,089,179085,637,528,3,531,9
2020-08-31,Sierra,091,2930,6,6,0,6,0
2020-08-31,Siskiyou,093,43540,140,127,8,135,0
2020-08-31,Solano,095,438530,5627,5302,39,5341,34
2020-08-31,Sonoma,097,501317,6174,5650,19,5669,60
2020-08-31,Stanislaus,099,539301,15424,14685,365,15050,213
2020-08-31,Sutter,101,95872,1444,1365,1,1366,10
2020-08-31,Tehama,103,63373,446,421,2,423,1
2020-08-31,Trinity,105,12862,47,13,6,19,0
2020-08-31,Tulare,107,460477,14880,13985,61,14046,237
2020-08-31,Tuolumne,109,53932,210,178,3,181,1
2020-08-31,Ventura,111,848112,11592,10866,105,10971,108
2020-08-31,Yolo,113,214977,2559,2423,5,2428,51
2020-08-31,Yuba,115,75493,918,830,3,833,1
2020-08-30,Alameda,001,1643700,19161,18099,129,18228,248
2020-08-30,Alpine,003,1148,2,2,0,2,0
2020-08-30,Amador,005,37829,273,240,0,240,13
2020-08-30,Butte,007,227075,2349,1988,20,2008,26
2020-08-30,Calaveras,009,45235,259,211,0,211,1
2020-08-30,Colusa,011,21464,474,440,0,440,6
2020-08-30,Contra Costa,013,1133247,14739,13780,52,13832,150
2020-08-30,Del Norte,015,27424,115,108,0,108,2
2020-08-30,El Dorado,017,186661,1022,962,0,962,2
2020-08-30,Fresno,019,978130,28017,24963,308,25271,291
2020-08-30,Glenn,021,27897,472,437,0,437,3
2020-08-30,Humboldt,023,135768,413,362,1,363,4
2020-08-30,Imperial,025,180216,11298,9703,9,9712,250
2020-08-30,Inyo,027,18085,181,160,4,164,3
2020-08-30,Kern,029,883053,29995,28987,229,29216,317
2020-08-30,Kings,031,150075,6437,6000,36,6036,62
2020-08-30,Lake,033,64148,361,334,0,334,2
2020-08-30,Lassen,035,31185,722,706,2,708,0
2020-08-30,Los Angeles,037,10098052,244389,240775,1309,242084,5772
2020-08-30,Madera,039,155013,3964,3626,26,3652,33
2020-08-30,Marin,041,260295,6248,6060,15,6075,66
2020-08-30,Mariposa,043,17540,73,69,0,69,2
2020-08-30,Mendocino,045,87422,657,611,0,611,13
2020-08-30,Merced,047,269075,8152,7960,11,7971,79
2020-08-30,Modoc,049,8938,13,10,0,10,0
2020-08-30,Mono,051,14174,163,145,2,147,1
2020-08-30,Monterey,053,433212,8312,7816,22,7838,54
2020-08-30,Napa,055,140530,1497,1423,6,1429,10
2020-08-30,Nevada,057,99092,461,445,13,458,6
2020-08-30,Orange,059,3164182,50506,47283,1195,48478,965
2020-08-30,Placer,061,380077,3143,2961,12,2973,32
2020-08-30,Plumas,063,18699,42,39,0,39,0
2020-08-30,Riverside,065,2383286,53976,52227,64,52291,1017
2020-08-30,Sacramento,067,1510023,18757,17751,16,17767,300
2020-08-30,San Benito,069,59416,1155,1071,0,1071,4
2020-08-30,San Bernardino,071,2135413,49499,47201,314,47515,755
2020-08-30,San Diego,073,3302833,40194,38302,477,38779,682
2020-08-30,San Francisco,075,870044,9781,9294,12,9306,83
2020-08-30,San Joaquin,077,732212,18689,17637,36,17673,338
2020-08-30,San Luis Obispo,079,281455,3189,2934,17,2951,21
2020-08-30,San Mateo,081,765935,8718,8013,8,8021,122
2020-08-30,Santa Barbara,083,443738,8440,8088,70,8158,93
2020-08-30,Santa Clara,085,1922200,18819,17045,37,17082,202
2020-08-30,Santa Cruz,087,273765,1912,1743,17,1760,7
2020-08-30,Shasta,089,179085,634,525,3,528,9
2020-08-30,Sierra,091,2930,6,6,0,6,0
2020-08-30,Siskiyou,093,43540,138,125,8,133,0
2020-08-30,Solano,095,438530,5583,5303,39,5342,34
2020-08-30,Sonoma,097,501317,6116,5590,19,5609,60
2020-08-30,Stanislaus,099,539301,15353,14580,356,14936,209
2020-08-30,Sutter,101,95872,1422,1351,1,1352,10
2020-08-30,Tehama,103,63373,437,419,2,421,1
2020-08-30,Trinity,105,12862,47,13,6,19,0
2020-08-30,Tulare,107,460477,14785,13985,60,14045,236
2020-08-30,Tuolumne,109,53932,206,178,3,181,1
2020-08-30,Ventura,111,848112,11479,10775,100,10875,108
2020-08-30,Yolo,113,214977,2531,2391,4,2395,51
2020-08-30,Yuba,115,75493,904,832,3,835,1
2020-08-29,Alameda,001,1643700,19094,17888,129,18017,250
2020-08-29,Alpine,003,1148,2,2,0,2,0
2020-08-29,Amador,005,37829,273,239,0,239,13
2020-08-29,Butte,007,227075,2318,1948,20,1968,26
2020-08-29,Calaveras,009,45235,255,211,0,211,1
2020-08-29,Colusa,011,21464,471,440,0,440,6
2020-08-29,Contra Costa,013,1133247,14666,13663,51,13714,159
2020-08-29,Del Norte,015,27424,115,108,0,108,1
2020-08-29,El Dorado,017,186661,1019,958,0,958,2
2020-08-29,Fresno,019,978130,27962,24821,308,25129,291
2020-08-29,Glenn,021,27897,466,437,0,437,3
2020-08-29,Humboldt,023,135768,410,363,1,364,4
2020-08-29,Imperial,025,180216,11283,9698,9,9707,250
2020-08-29,Inyo,027,18085,181,160,4,164,3
2020-08-29,Kern,029,883053,29954,28947,228,29175,317
2020-08-29,Kings,031,150075,6422,5906,36,5942,62
2020-08-29,Lake,033,64148,360,329,0,329,2
2020-08-29,Lassen,035,31185,722,706,2,708,0
2020-08-29,Los Angeles,037,10098052,243759,239815,1296,241111,5762
2020-08-29,Madera,039,155013,3955,3605,25,3630,33
2020-08-29,Marin,041,260295,6236,6007,15,6022,64
2020-08-29,Mariposa,043,17540,73,69,0,69,2
2020-08-29,Mendocino,045,87422,652,596,0,596,13
2020-08-29,Merced,047,269075,8122,7867,11,7878,79
2020-08-29,Modoc,049,8938,13,9,0,9,0
2020-08-29,Mono,051,14174,163,145,2,147,1
2020-08-29,Monterey,053,433212,8267,7680,22,7702,53
2020-08-29,Napa,055,140530,1494,1413,6,1419,10
2020-08-29,Nevada,057,99092,461,442,13,455,5
2020-08-29,Orange,059,3164182,50396,47007,1185,48192,960
2020-08-29,Placer,061,380077,3126,2935,12,2947,32
2020-08-29,Plumas,063,18699,41,39,0,39,0
2020-08-29,Riverside,065,2383286,53865,51918,62,51980,1016
2020-08-29,Sacramento,067,1510023,18685,17588,16,17604,291
2020-08-29,San Benito,069,59416,1146,1045,0,1045,4
2020-08-29,San Bernardino,071,2135413,49384,46849,314,47163,755
2020-08-29,San Diego,073,3302833,39928,38049,459,38508,694
2020-08-29,San Francisco,075,870044,9753,9291,11,9302,83
2020-08-29,San Joaquin,077,732212,18645,17493,36,17529,335
2020-08-29,San Luis Obispo,079,281455,3164,2917,17,2934,21
2020-08-29,San Mateo,081,765935,8676,7928,8,7936,122
2020-08-29,Santa Barbara,083,443738,8414,8052,69,8121,93
2020-08-29,Santa Clara,085,1922200,18722,16898,36,16934,202
2020-08-29,Santa Cruz,087,273765,1900,1746,17,1763,7
2020-08-29,Shasta,089,179085,626,522,3,525,9
2020-08-29,Sierra,091,2930,6,6,0,6,0
2020-08-29,Siskiyou,093,43540,138,121,8,129,0
2020-08-29,Solano,095,438530,5562,5303,39,5342,34
2020-08-29,Sonoma,097,501317,6082,5537,19,5556,60
2020-08-29,Stanislaus,099,539301,15304,14479,346,14825,208
2020-08-29,Sutter,101,95872,1417,1333,1,1334,9
2020-08-29,Tehama,103,63373,436,417,2,419,1
2020-08-29,Trinity,105,12862,46,11,6,17,0
2020-08-29,Tulare,107,460477,14747,13890,59,13949,236
2020-08-29,Tuolumne,109,53932,206,178,3,181,1
2020-08-29,Ventura,111,848112,11437,10705,100,10805,108
2020-08-29,Yolo,113,214977,2513,2357,4,2361,51
2020-08-29,Yuba,115,75493,895,822,3,825,1
2020-08-28,Alameda,001,1643700,19011,17729,128,17857,237
2020-08-28,Alpine,003,1148,2,2,0,2,0
2020-08-28,Amador,005,37829,273,234,0,234,13
2020-08-28,Butte,007,227075,2288,1886,20,1906,25
2020-08-28,Calaveras,009,45235,253,207,0,207,1
2020-08-28,Colusa,011,21464,470,441,0,441,6
2020-08-28,Contra Costa,013,1133247,14595,13522,50,13572,158
2020-08-28,Del Norte,015,27424,115,107,0,107,1
2020-08-28,El Dorado,017,186661,1013,949,0,949,2
2020-08-28,Fresno,019,978130,27828,24612,308,24920,282
2020-08-28,Glenn,021,27897,459,429,0,429,3
2020-08-28,Humboldt,023,135768,406,362,1,363,4
2020-08-28,Imperial,025,180216,11269,9656,9,9665,241
2020-08-28,Inyo,027,18085,180,160,4,164,2
2020-08-28,Kern,029,883053,29906,28744,228,28972,306
2020-08-28,Kings,031,150075,6415,5829,35,5864,62
2020-08-28,Lake,033,64148,355,320,0,320,2
2020-08-28,Lassen,035,31185,722,704,2,706,0
2020-08-28,Los Angeles,037,10098052,242949,238544,1272,239816,5740
2020-08-28,Madera,039,155013,3936,3552,25,3577,33
2020-08-28,Marin,041,260295,6214,5991,15,6006,63
2020-08-28,Mariposa,043,17540,73,67,0,67,2
2020-08-28,Mendocino,045,87422,647,588,0,588,11
2020-08-28,Merced,047,269075,8092,7803,11,7814,77
2020-08-28,Modoc,049,8938,13,6,0,6,0
2020-08-28,Mono,051,14174,163,145,2,147,1
2020-08-28,Monterey,053,433212,8210,7591,22,7613,53
2020-08-28,Napa,055,140530,1486,1403,5,1408,10
2020-08-28,Nevada,057,99092,460,438,13,451,5
2020-08-28,Orange,059,3164182,50296,46696,1170,47866,942
2020-08-28,Placer,061,380077,3115,2891,12,2903,32
2020-08-28,Plumas,063,18699,41,39,0,39,0
2020-08-28,Riverside,065,2383286,53733,51510,59,51569,1008
2020-08-28,Sacramento,067,1510023,18588,17119,16,17135,283
2020-08-28,San Benito,069,59416,1130,1016,0,1016,3
2020-08-28,San Bernardino,071,2135413,49266,46553,310,46863,754
2020-08-28,San Diego,073,3302833,39698,37786,444,38230,676
2020-08-28,San Francisco,075,870044,9700,9135,11,9146,83
2020-08-28,San Joaquin,077,732212,18592,17114,35,17149,314
2020-08-28,San Luis Obispo,079,281455,3147,2849,17,2866,20
2020-08-28,San Mateo,081,765935,8629,7783,8,7791,121
2020-08-28,Santa Barbara,083,443738,8382,8001,69,8070,92
2020-08-28,Santa Clara,085,1922200,18591,16696,36,16732,201
2020-08-28,Santa Cruz,087,273765,1888,1747,17,1764,7
2020-08-28,Shasta,089,179085,622,516,3,519,9
2020-08-28,Sierra,091,2930,6,6,0,6,0
2020-08-28,Siskiyou,093,43540,136,119,8,127,0
2020-08-28,Solano,095,438530,5543,5219,39,5258,34
2020-08-28,Sonoma,097,501317,6047,5425,18,5443,58
2020-08-28,Stanislaus,099,539301,15262,14176,342,14518,190
2020-08-28,Sutter,101,95872,1407,1308,1,1309,9
2020-08-28,Tehama,103,63373,431,410,2,412,1
2020-08-28,Trinity,105,12862,46,11,6,17,0
2020-08-28,Tulare,107,460477,14701,13776,59,13835,236
2020-08-28,Tuolumne,109,53932,206,176,3,179,1
2020-08-28,Ventura,111,848112,11401,10606,98,10704,103
2020-08-28,Yolo,113,214977,2504,2323,4,2327,51
2020-08-28,Yuba,115,75493,886,810,3,813,1
2020-08-27,Alameda,001,1643700,18866,17584,125,17709,234
2020-08-27,Alpine,003,1148,2,2,0,2,0
2020-08-27,Amador,005,37829,272,233,0,233,13
2020-08-27,Butte,007,227075,2222,1803,19,1822,25
2020-08-27,Calaveras,009,45235,247,204,0,204,1
2020-08-27,Colusa,011,21464,468,438,0,438,6
2020-08-27,Contra Costa,013,1133247,14494,13379,49,13428,158
2020-08-27,Del Norte,015,27424,115,107,0,107,1
2020-08-27,El Dorado,017,186661,1009,942,0,942,2
2020-08-27,Fresno,019,978130,27645,24367,303,24670,272
2020-08-27,Glenn,021,27897,451,429,0,429,3
2020-08-27,Humboldt,023,135768,398,358,1,359,4
2020-08-27,Imperial,025,180216,11242,9608,9,9617,235
2020-08-27,Inyo,027,18085,180,157,3,160,2
2020-08-27,Kern,029,883053,29834,28635,219,28854,294
2020-08-27,Kings,031,150075,6393,5759,35,5794,62
2020-08-27,Lake,033,64148,353,314,0,314,2
2020-08-27,Lassen,035,31185,722,703,2,705,0
2020-08-27,Los Angeles,037,10098052,241948,237103,1256,238359,5704
2020-08-27,Madera,039,155013,3910,3465,25,3490,33
2020-08-27,Marin,041,260295,6190,5929,15,5944,62
2020-08-27,Mariposa,043,17540,73,67,0,67,2
2020-08-27,Mendocino,045,87422,638,581,0,581,10
2020-08-27,Merced,047,269075,8047,7765,11,7776,75
2020-08-27,Modoc,049,8938,11,5,0,5,0
2020-08-27,Mono,051,14174,163,145,2,147,1
2020-08-27,Monterey,053,433212,8116,7501,22,7523,52
2020-08-27,Napa,055,140530,1480,1397,5,1402,10
2020-08-27,Nevada,057,99092,457,435,13,448,5
2020-08-27,Orange,059,3164182,50139,46449,1159,47608,935
2020-08-27,Placer,061,380077,3084,2869,12,2881,32
2020-08-27,Plumas,063,18699,40,39,0,39,0
2020-08-27,Riverside,065,2383286,53525,51306,56,51362,999
2020-08-27,Sacramento,067,1510023,18390,16875,16,16891,281
2020-08-27,San Benito,069,59416,1114,987,0,987,3
2020-08-27,San Bernardino,071,2135413,49040,46345,303,46648,751
2020-08-27,San Diego,073,3302833,39427,37501,424,37925,673
2020-08-27,San Francisco,075,870044,9634,9014,11,9025,83
2020-08-27,San Joaquin,077,732212,18512,16989,35,17024,314
2020-08-27,San Luis Obispo,079,281455,3122,2808,17,2825,20
2020-08-27,San Mateo,081,765935,8520,7728,8,7736,121
2020-08-27,Santa Barbara,083,443738,8344,7934,69,8003,92
2020-08-27,Santa Clara,085,1922200,18408,16495,36,16531,199
2020-08-27,Santa Cruz,087,273765,1871,1734,17,1751,7
2020-08-27,Shasta,089,179085,616,512,3,515,9
2020-08-27,Sierra,091,2930,6,6,0,6,0
2020-08-27,Siskiyou,093,43540,136,118,8,126,0
2020-08-27,Solano,095,438530,5505,5167,39,5206,34
2020-08-27,Sonoma,097,501317,5935,5357,18,5375,58
2020-08-27,Stanislaus,099,539301,15181,14080,339,14419,186
2020-08-27,Sutter,101,95872,1387,1296,1,1297,9
2020-08-27,Tehama,103,63373,427,398,2,400,1
2020-08-27,Trinity,105,12862,46,11,6,17,0
2020-08-27,Tulare,107,460477,14609,13666,58,13724,231
2020-08-27,Tuolumne,109,53932,201,174,3,177,1
2020-08-27,Ventura,111,848112,11338,10483,94,10577,102
2020-08-27,Yolo,113,214977,2480,2293,4,2297,51
2020-08-27,Yuba,115,75493,875,807,3,810,1
2020-08-26,Alameda,001,1643700,18704,17373,125,17498,233
2020-08-26,Alpine,003,1148,2,2,0,2,0
2020-08-26,Amador,005,37829,272,229,0,229,13
2020-08-26,Butte,007,227075,2155,1765,17,1782,25
2020-08-26,Calaveras,009,45235,240,201,0,201,1
2020-08-26,Colusa,011,21464,462,433,0,433,5
2020-08-26,Contra Costa,013,1133247,14357,13248,49,13297,157
2020-08-26,Del Norte,015,27424,114,86,0,86,1
2020-08-26,El Dorado,017,186661,1007,938,0,938,2
2020-08-26,Fresno,019,978130,27497,24071,301,24372,255
2020-08-26,Glenn,021,27897,449,429,0,429,3
2020-08-26,Humboldt,023,135768,386,357,1,358,4
2020-08-26,Imperial,025,180216,11220,9453,9,9462,227
2020-08-26,Inyo,027,18085,177,157,3,160,2
2020-08-26,Kern,029,883053,29695,28507,216,28723,286
2020-08-26,Kings,031,150075,6372,5720,35,5755,62
2020-08-26,Lake,033,64148,348,308,0,308,2
2020-08-26,Lassen,035,31185,722,702,2,704,0
2020-08-26,Los Angeles,037,10098052,240938,235499,1224,236723,5665
2020-08-26,Madera,039,155013,3881,3458,25,3483,32
2020-08-26,Marin,041,260295,6173,5887,15,5902,56
2020-08-26,Mariposa,043,17540,73,68,0,68,2
2020-08-26,Mendocino,045,87422,627,581,0,581,10
2020-08-26,Merced,047,269075,8014,7720,11,7731,74
2020-08-26,Modoc,049,8938,8,5,0,5,0
2020-08-26,Mono,051,14174,163,141,2,143,1
2020-08-26,Monterey,053,433212,8023,7439,22,7461,51
2020-08-26,Napa,055,140530,1467,1382,5,1387,10
2020-08-26,Nevada,057,99092,454,432,13,445,2
2020-08-26,Orange,059,3164182,49955,46157,1144,47301,905
2020-08-26,Placer,061,380077,3062,2846,10,2856,32
2020-08-26,Plumas,063,18699,39,39,0,39,0
2020-08-26,Riverside,065,2383286,53283,51138,56,51194,987
2020-08-26,Sacramento,067,1510023,18227,16708,16,16724,271
2020-08-26,San Benito,069,59416,1099,978,0,978,3
2020-08-26,San Bernardino,071,2135413,48831,45840,299,46139,743
2020-08-26,San Diego,073,3302833,39089,37224,397,37621,668
2020-08-26,San Francisco,075,870044,9558,8938,11,8949,81
2020-08-26,San Joaquin,077,732212,18423,16845,34,16879,309
2020-08-26,San Luis Obispo,079,281455,3094,2761,17,2778,20
2020-08-26,San Mateo,081,765935,8453,7655,8,7663,121
2020-08-26,Santa Barbara,083,443738,8310,7904,69,7973,90
2020-08-26,Santa Clara,085,1922200,18231,16283,36,16319,198
2020-08-26,Santa Cruz,087,273765,1860,1726,17,1743,7
2020-08-26,Shasta,089,179085,611,511,3,514,9
2020-08-26,Sierra,091,2930,6,6,0,6,0
2020-08-26,Siskiyou,093,43540,133,109,8,117,0
2020-08-26,Solano,095,438530,5481,5131,38,5169,34
2020-08-26,Sonoma,097,501317,5861,5283,18,5301,58
2020-08-26,Stanislaus,099,539301,15104,13964,333,14297,186
2020-08-26,Sutter,101,95872,1369,1275,1,1276,9
2020-08-26,Tehama,103,63373,424,396,2,398,1
2020-08-26,Trinity,105,12862,45,10,6,16,0
2020-08-26,Tulare,107,460477,14542,13568,58,13626,232
2020-08-26,Tuolumne,109,53932,200,172,3,175,1
2020-08-26,Ventura,111,848112,11266,10412,87,10499,100
2020-08-26,Yolo,113,214977,2458,2279,4,2283,49
2020-08-26,Yuba,115,75493,860,779,3,782,1
2020-08-25,Alameda,001,1643700,18547,17278,125,17403,232
2020-08-25,Alpine,003,1148,2,2,0,2,0
2020-08-25,Amador,005,37829,272,227,0,227,13
2020-08-25,Butte,007,227075,2088,1718,17,1735,24
2020-08-25,Calaveras,009,45235,238,196,0,196,1
2020-08-25,Colusa,011,21464,455,430,0,430,5
2020-08-25,Contra Costa,013,1133247,14219,13181,48,13229,156
2020-08-25,Del Norte,015,27424,113,83,0,83,1
2020-08-25,El Dorado,017,186661,1004,928,0,928,2
2020-08-25,Fresno,019,978130,27308,23932,300,24232,250
2020-08-25,Glenn,021,27897,446,429,0,429,3
2020-08-25,Humboldt,023,135768,381,342,1,343,4
2020-08-25,Imperial,025,180216,11192,9381,9,9390,217
2020-08-25,Inyo,027,18085,175,144,3,147,1
2020-08-25,Kern,029,883053,29558,28416,216,28632,285
2020-08-25,Kings,031,150075,6215,5702,35,5737,59
2020-08-25,Lake,033,64148,343,304,0,304,2
2020-08-25,Lassen,035,31185,721,692,2,694,0
2020-08-25,Los Angeles,037,10098052,239644,233961,1174,235135,5612
2020-08-25,Madera,039,155013,3866,3446,24,3470,32
2020-08-25,Marin,041,260295,6135,5860,15,5875,56
2020-08-25,Mariposa,043,17540,73,67,0,67,2
2020-08-25,Mendocino,045,87422,619,571,0,571,10
2020-08-25,Merced,047,269075,7947,7693,10,7703,69
2020-08-25,Modoc,049,8938,8,5,0,5,0
2020-08-25,Mono,051,14174,163,129,2,131,1
2020-08-25,Monterey,053,433212,7943,7333,22,7355,51
2020-08-25,Napa,055,140530,1460,1374,5,1379,10
2020-08-25,Nevada,057,99092,450,430,13,443,2
2020-08-25,Orange,059,3164182,49761,45737,1128,46865,902
2020-08-25,Placer,061,380077,3043,2829,7,2836,31
2020-08-25,Plumas,063,18699,39,39,0,39,0
2020-08-25,Riverside,065,2383286,53052,50889,56,50945,981
2020-08-25,Sacramento,067,1510023,18074,16601,16,16617,265
2020-08-25,San Benito,069,59416,1083,973,0,973,3
2020-08-25,San Bernardino,071,2135413,48596,45544,296,45840,727
2020-08-25,San Diego,073,3302833,38810,36996,375,37371,665
2020-08-25,San Francisco,075,870044,9480,8848,11,8859,81
2020-08-25,San Joaquin,077,732212,18296,16795,34,16829,306
2020-08-25,San Luis Obispo,079,281455,3034,2731,16,2747,20
2020-08-25,San Mateo,081,765935,8393,7636,8,7644,120
2020-08-25,Santa Barbara,083,443738,8258,7854,69,7923,90
2020-08-25,Santa Clara,085,1922200,18058,16199,36,16235,194
2020-08-25,Santa Cruz,087,273765,1841,1708,17,1725,7
2020-08-25,Shasta,089,179085,607,511,3,514,9
2020-08-25,Sierra,091,2930,6,6,0,6,0
2020-08-25,Siskiyou,093,43540,132,109,8,117,0
2020-08-25,Solano,095,438530,5420,5114,38,5152,34
2020-08-25,Sonoma,097,501317,5776,5148,18,5166,56
2020-08-25,Stanislaus,099,539301,14996,13886,322,14208,182
2020-08-25,Sutter,101,95872,1352,1259,1,1260,9
2020-08-25,Tehama,103,63373,421,394,2,396,1
2020-08-25,Trinity,105,12862,44,10,6,16,0
2020-08-25,Tulare,107,460477,14439,13514,57,13571,224
2020-08-25,Tuolumne,109,53932,198,172,3,175,1
2020-08-25,Ventura,111,848112,11181,10313,82,10395,99
2020-08-25,Yolo,113,214977,2445,2254,4,2258,50
2020-08-25,Yuba,115,75493,850,775,3,778,1
2020-08-24,Alameda,001,1643700,18353,16913,124,17037,231
2020-08-24,Alpine,003,1148,2,2,0,2,0
2020-08-24,Amador,005,37829,270,227,0,227,13
2020-08-24,Butte,007,227075,2004,1649,17,1666,23
2020-08-24,Calaveras,009,45235,228,187,0,187,1
2020-08-24,Colusa,011,21464,451,425,0,425,5
2020-08-24,Contra Costa,013,1133247,14104,12906,46,12952,153
2020-08-24,Del Norte,015,27424,113,80,0,80,1
2020-08-24,El Dorado,017,186661,996,908,0,908,2
2020-08-24,Fresno,019,978130,27120,23618,293,23911,235
2020-08-24,Glenn,021,27897,444,421,0,421,2
2020-08-24,Humboldt,023,135768,377,340,1,341,4
2020-08-24,Imperial,025,180216,11158,9323,9,9332,210
2020-08-24,Inyo,027,18085,171,144,3,147,2
2020-08-24,Kern,029,883053,29461,28157,210,28367,277
2020-08-24,Kings,031,150075,6127,5652,35,5687,60
2020-08-24,Lake,033,64148,329,302,0,302,2
2020-08-24,Lassen,035,31185,721,693,2,695,0
2020-08-24,Los Angeles,037,10098052,238283,233036,1155,234191,5562
2020-08-24,Madera,039,155013,3839,3418,24,3442,32
2020-08-24,Marin,041,260295,6072,5834,15,5849,56
2020-08-24,Mariposa,043,17540,71,66,0,66,2
2020-08-24,Mendocino,045,87422,604,550,0,550,10
2020-08-24,Merced,047,269075,7869,7605,10,7615,69
2020-08-24,Modoc,049,8938,8,5,0,5,0
2020-08-24,Mono,051,14174,163,129,2,131,1
2020-08-24,Monterey,053,433212,7834,7212,21,7233,50
2020-08-24,Napa,055,140530,1447,1358,5,1363,10
2020-08-24,Nevada,057,99092,445,423,13,436,2
2020-08-24,Orange,059,3164182,49568,45536,1118,46654,887
2020-08-24,Placer,061,380077,2997,2793,7,2800,31
2020-08-24,Plumas,063,18699,39,37,0,37,0
2020-08-24,Riverside,065,2383286,52774,50496,56,50552,975
2020-08-24,Sacramento,067,1510023,17877,16318,16,16334,249
2020-08-24,San Benito,069,59416,1062,961,0,961,3
2020-08-24,San Bernardino,071,2135413,48333,45199,294,45493,720
2020-08-24,San Diego,073,3302833,38522,36729,347,37076,660
2020-08-24,San Francisco,075,870044,9397,8621,10,8631,81
2020-08-24,San Joaquin,077,732212,18155,16565,33,16598,305
2020-08-24,San Luis Obispo,079,281455,3006,2705,16,2721,20
2020-08-24,San Mateo,081,765935,8326,7502,8,7510,120
2020-08-24,Santa Barbara,083,443738,8217,7784,69,7853,90
2020-08-24,Santa Clara,085,1922200,17854,16049,36,16085,192
2020-08-24,Santa Cruz,087,273765,1821,1627,16,1643,6
2020-08-24,Shasta,089,179085,605,505,3,508,9
2020-08-24,Sierra,091,2930,6,6,0,6,0
2020-08-24,Siskiyou,093,43540,128,107,8,115,0
2020-08-24,Solano,095,438530,5371,4979,36,5015,32
2020-08-24,Sonoma,097,501317,5674,5071,18,5089,56
2020-08-24,Stanislaus,099,539301,14897,13521,308,13829,171
2020-08-24,Sutter,101,95872,1333,1219,1,1220,9
2020-08-24,Tehama,103,63373,416,388,2,390,1
2020-08-24,Trinity,105,12862,44,10,6,16,0
2020-08-24,Tulare,107,460477,14332,13360,56,13416,223
2020-08-24,Tuolumne,109,53932,197,170,3,173,1
2020-08-24,Ventura,111,848112,11101,10261,78,10339,99
2020-08-24,Yolo,113,214977,2411,2239,4,2243,47
2020-08-24,Yuba,115,75493,833,750,3,753,1
2020-08-23,Alameda,001,1643700,18130,16786,123,16909,231
2020-08-23,Alpine,003,1148,2,2,0,2,0
2020-08-23,Amador,005,37829,267,227,0,227,13
2020-08-23,Butte,007,227075,1890,1637,17,1654,23
2020-08-23,Calaveras,009,45235,218,187,0,187,1
2020-08-23,Colusa,011,21464,444,424,0,424,5
2020-08-23,Contra Costa,013,1133247,13944,12642,46,12688,153
2020-08-23,Del Norte,015,27424,113,80,0,80,1
2020-08-23,El Dorado,017,186661,983,901,0,901,2
2020-08-23,Fresno,019,978130,26916,23414,289,23703,235
2020-08-23,Glenn,021,27897,437,421,0,421,2
2020-08-23,Humboldt,023,135768,375,341,1,342,4
2020-08-23,Imperial,025,180216,11130,9243,9,9252,210
2020-08-23,Inyo,027,18085,168,144,3,147,2
2020-08-23,Kern,029,883053,29312,28028,205,28233,277
2020-08-23,Kings,031,150075,6084,5628,35,5663,60
2020-08-23,Lake,033,64148,325,299,0,299,2
2020-08-23,Lassen,035,31185,720,693,2,695,0
2020-08-23,Los Angeles,037,10098052,236690,231833,1085,232918,5549
2020-08-23,Madera,039,155013,3807,3401,23,3424,32
2020-08-23,Marin,041,260295,6033,5807,14,5821,50
2020-08-23,Mariposa,043,17540,71,66,0,66,2
2020-08-23,Mendocino,045,87422,600,550,0,550,10
2020-08-23,Merced,047,269075,7800,7574,9,7583,69
2020-08-23,Modoc,049,8938,7,5,0,5,0
2020-08-23,Mono,051,14174,163,129,2,131,1
2020-08-23,Monterey,053,433212,7744,7173,21,7194,50
2020-08-23,Napa,055,140530,1435,1348,5,1353,10
2020-08-23,Nevada,057,99092,440,421,13,434,2
2020-08-23,Orange,059,3164182,49331,45267,1107,46374,887
2020-08-23,Placer,061,380077,2958,2772,7,2779,31
2020-08-23,Plumas,063,18699,39,37,0,37,0
2020-08-23,Riverside,065,2383286,52504,50293,54,50347,955
2020-08-23,Sacramento,067,1510023,17653,16084,15,16099,243
2020-08-23,San Benito,069,59416,1049,938,0,938,3
2020-08-23,San Bernardino,071,2135413,48064,45010,284,45294,719
2020-08-23,San Diego,073,3302833,38201,36542,320,36862,660
2020-08-23,San Francisco,075,870044,9302,8564,9,8573,80
2020-08-23,San Joaquin,077,732212,18022,16069,32,16101,305
2020-08-23,San Luis Obispo,079,281455,2964,2679,16,2695,20
2020-08-23,San Mateo,081,765935,8231,7450,8,7458,120
2020-08-23,Santa Barbara,083,443738,8149,7725,69,7794,90
2020-08-23,Santa Clara,085,1922200,17659,15912,34,15946,191
2020-08-23,Santa Cruz,087,273765,1795,1627,16,1643,6
2020-08-23,Shasta,089,179085,600,501,3,504,9
2020-08-23,Sierra,091,2930,6,6,0,6,0
2020-08-23,Siskiyou,093,43540,123,107,8,115,0
2020-08-23,Solano,095,438530,5313,4977,34,5011,32
2020-08-23,Sonoma,097,501317,5586,5018,18,5036,56
2020-08-23,Stanislaus,099,539301,14762,13483,285,13768,171
2020-08-23,Sutter,101,95872,1311,1203,1,1204,9
2020-08-23,Tehama,103,63373,406,381,2,383,1
2020-08-23,Trinity,105,12862,44,10,6,16,0
2020-08-23,Tulare,107,460477,14200,13303,53,13356,223
2020-08-23,Tuolumne,109,53932,194,164,3,167,1
2020-08-23,Ventura,111,848112,11000,10126,74,10200,99
2020-08-23,Yolo,113,214977,2383,2210,4,2214,47
2020-08-23,Yuba,115,75493,812,750,3,753,1
2020-08-22,Alameda,001,1643700,18036,16648,122,16770,231
2020-08-22,Alpine,003,1148,2,2,0,2,0
2020-08-22,Amador,005,37829,266,224,0,224,13
2020-08-22,Butte,007,227075,1839,1618,17,1635,22
2020-08-22,Calaveras,009,45235,215,187,0,187,1
2020-08-22,Colusa,011,21464,440,419,0,419,5
2020-08-22,Contra Costa,013,1133247,13857,12522,46,12568,153
2020-08-22,Del Norte,015,27424,112,80,0,80,1
2020-08-22,El Dorado,017,186661,981,900,0,900,2
2020-08-22,Fresno,019,978130,26819,23197,288,23485,235
2020-08-22,Glenn,021,27897,436,421,0,421,2
2020-08-22,Humboldt,023,135768,365,334,1,335,4
2020-08-22,Imperial,025,180216,11122,9244,9,9253,210
2020-08-22,Inyo,027,18085,168,144,3,147,1
2020-08-22,Kern,029,883053,29258,27807,205,28012,277
2020-08-22,Kings,031,150075,6075,5447,35,5482,60
2020-08-22,Lake,033,64148,323,291,0,291,2
2020-08-22,Lassen,035,31185,720,693,2,695,0
2020-08-22,Los Angeles,037,10098052,236033,230858,1067,231925,5540
2020-08-22,Madera,039,155013,3788,3330,23,3353,32
2020-08-22,Marin,041,260295,6021,5789,14,5803,49
2020-08-22,Mariposa,043,17540,71,66,0,66,2
2020-08-22,Mendocino,045,87422,597,529,0,529,10
2020-08-22,Merced,047,269075,7772,7493,9,7502,69
2020-08-22,Modoc,049,8938,7,5,0,5,0
2020-08-22,Mono,051,14174,163,129,2,131,1
2020-08-22,Monterey,053,433212,7696,7081,21,7102,50
2020-08-22,Napa,055,140530,1430,1328,5,1333,11
2020-08-22,Nevada,057,99092,440,411,13,424,2
2020-08-22,Orange,059,3164182,49190,45131,1101,46232,885
2020-08-22,Placer,061,380077,2944,2734,7,2741,30
2020-08-22,Plumas,063,18699,39,37,0,37,0
2020-08-22,Riverside,065,2383286,52356,49944,53,49997,953
2020-08-22,Sacramento,067,1510023,17541,15516,15,15531,239
2020-08-22,San Benito,069,59416,1033,912,0,912,3
2020-08-22,San Bernardino,071,2135413,47935,44803,280,45083,719
2020-08-22,San Diego,073,3302833,38019,36205,309,36514,673
2020-08-22,San Francisco,075,870044,9242,8568,9,8577,80
2020-08-22,San Joaquin,077,732212,17966,16068,32,16100,305
2020-08-22,San Luis Obispo,079,281455,2938,2660,16,2676,20
2020-08-22,San Mateo,081,765935,8184,7361,8,7369,120
2020-08-22,Santa Barbara,083,443738,8123,7685,69,7754,90
2020-08-22,Santa Clara,085,1922200,17551,15590,34,15624,190
2020-08-22,Santa Cruz,087,273765,1779,1628,15,1643,6
2020-08-22,Shasta,089,179085,598,493,3,496,9
2020-08-22,Sierra,091,2930,6,6,0,6,0
2020-08-22,Siskiyou,093,43540,123,106,8,114,0
2020-08-22,Solano,095,438530,5283,4944,33,4977,32
2020-08-22,Sonoma,097,501317,5540,4891,18,4909,57
2020-08-22,Stanislaus,099,539301,14712,13380,268,13648,170
2020-08-22,Sutter,101,95872,1304,1189,1,1190,8
2020-08-22,Tehama,103,63373,405,368,2,370,1
2020-08-22,Trinity,105,12862,44,8,6,14,0
2020-08-22,Tulare,107,460477,14133,13196,53,13249,222
2020-08-22,Tuolumne,109,53932,192,162,3,165,1
2020-08-22,Ventura,111,848112,10945,9959,72,10031,99
2020-08-22,Yolo,113,214977,2367,2188,4,2192,47
2020-08-22,Yuba,115,75493,800,738,3,741,1
2020-08-21,Alameda,001,1643700,17944,16413,122,16535,232
2020-08-21,Alpine,003,1148,2,2,0,2,0
2020-08-21,Amador,005,37829,265,223,0,223,11
2020-08-21,Butte,007,227075,1800,1582,17,1599,19
2020-08-21,Calaveras,009,45235,215,182,0,182,1
2020-08-21,Colusa,011,21464,438,418,0,418,5
2020-08-21,Contra Costa,013,1133247,13768,12333,45,12378,149
2020-08-21,Del Norte,015,27424,112,78,0,78,1
2020-08-21,El Dorado,017,186661,977,885,0,885,2
2020-08-21,Fresno,019,978130,26649,22840,287,23127,232
2020-08-21,Glenn,021,27897,432,418,0,418,2
2020-08-21,Humboldt,023,135768,362,331,1,332,4
2020-08-21,Imperial,025,180216,11106,9166,9,9175,204
2020-08-21,Inyo,027,18085,168,144,3,147,1
2020-08-21,Kern,029,883053,29199,27567,203,27770,269
2020-08-21,Kings,031,150075,6053,5391,35,5426,60
2020-08-21,Lake,033,64148,321,281,0,281,2
2020-08-21,Lassen,035,31185,720,693,2,695,0
2020-08-21,Los Angeles,037,10098052,235160,229235,1047,230282,5494
2020-08-21,Madera,039,155013,3758,3271,23,3294,31
2020-08-21,Marin,041,260295,6001,5762,14,5776,49
2020-08-21,Mariposa,043,17540,71,66,0,66,2
2020-08-21,Mendocino,045,87422,587,505,0,505,10
2020-08-21,Merced,047,269075,7743,7357,9,7366,69
2020-08-21,Modoc,049,8938,7,5,0,5,0
2020-08-21,Mono,051,14174,163,128,2,130,1
2020-08-21,Monterey,053,433212,7624,6974,21,6995,49
2020-08-21,Napa,055,140530,1421,1317,5,1322,10
2020-08-21,Nevada,057,99092,439,406,13,419,2
2020-08-21,Orange,059,3164182,49049,44625,1092,45717,875
2020-08-21,Placer,061,380077,2928,2698,6,2704,30
2020-08-21,Plumas,063,18699,39,36,0,36,0
2020-08-21,Riverside,065,2383286,52161,49409,53,49462,932
2020-08-21,Sacramento,067,1510023,17418,15247,15,15262,237
2020-08-21,San Benito,069,59416,1023,891,0,891,3
2020-08-21,San Bernardino,071,2135413,47815,44249,276,44525,668
2020-08-21,San Diego,073,3302833,37815,35914,292,36206,652
2020-08-21,San Francisco,075,870044,9192,8375,9,8384,80
2020-08-21,San Joaquin,077,732212,17883,15888,30,15918,301
2020-08-21,San Luis Obispo,079,281455,2915,2640,16,2656,19
2020-08-21,San Mateo,081,765935,8126,7253,8,7261,120
2020-08-21,Santa Barbara,083,443738,8082,7645,69,7714,86
2020-08-21,Santa Clara,085,1922200,17399,15399,34,15433,190
2020-08-21,Santa Cruz,087,273765,1767,1617,15,1632,6
2020-08-21,Shasta,089,179085,598,486,3,489,9
2020-08-21,Sierra,091,2930,6,6,0,6,0
2020-08-21,Siskiyou,093,43540,123,103,6,109,0
2020-08-21,Solano,095,438530,5260,4891,32,4923,32
2020-08-21,Sonoma,097,501317,5470,4816,18,4834,57
2020-08-21,Stanislaus,099,539301,14643,13282,253,13535,161
2020-08-21,Sutter,101,95872,1291,1173,1,1174,8
2020-08-21,Tehama,103,63373,403,357,2,359,1
2020-08-21,Trinity,105,12862,44,8,6,14,0
2020-08-21,Tulare,107,460477,14061,13002,52,13054,217
2020-08-21,Tuolumne,109,53932,184,161,3,164,1
2020-08-21,Ventura,111,848112,10880,9865,70,9935,98
2020-08-21,Yolo,113,214977,2351,2164,4,2168,46
2020-08-21,Yuba,115,75493,796,717,3,720,1
2020-08-20,Alameda,001,1643700,17785,16174,122,16296,229
2020-08-20,Alpine,003,1148,2,2,0,2,0
2020-08-20,Amador,005,37829,263,222,0,222,11
2020-08-20,Butte,007,227075,1749,1549,17,1566,18
2020-08-20,Calaveras,009,45235,212,179,0,179,1
2020-08-20,Colusa,011,21464,436,415,0,415,5
2020-08-20,Contra Costa,013,1133247,13640,12108,44,12152,144
2020-08-20,Del Norte,015,27424,112,78,0,78,1
2020-08-20,El Dorado,017,186661,973,881,0,881,2
2020-08-20,Fresno,019,978130,26467,22535,282,22817,228
2020-08-20,Glenn,021,27897,427,414,0,414,2
2020-08-20,Humboldt,023,135768,357,318,1,319,4
2020-08-20,Imperial,025,180216,11087,9086,9,9095,196
2020-08-20,Inyo,027,18085,167,144,3,147,1
2020-08-20,Kern,029,883053,29031,27337,192,27529,267
2020-08-20,Kings,031,150075,6013,5347,34,5381,59
2020-08-20,Lake,033,64148,316,280,0,280,2
2020-08-20,Lassen,035,31185,719,693,2,695,0
2020-08-20,Los Angeles,037,10098052,233937,227492,1028,228520,5445
2020-08-20,Madera,039,155013,3732,3197,23,3220,31
2020-08-20,Marin,041,260295,5983,5745,14,5759,47
2020-08-20,Mariposa,043,17540,71,67,0,67,2
2020-08-20,Mendocino,045,87422,576,497,0,497,10
2020-08-20,Merced,047,269075,7668,7173,9,7182,68
2020-08-20,Modoc,049,8938,7,5,0,5,0
2020-08-20,Mono,051,14174,163,128,2,130,1
2020-08-20,Monterey,053,433212,7553,6892,21,6913,47
2020-08-20,Napa,055,140530,1413,1306,5,1311,10
2020-08-20,Nevada,057,99092,438,401,13,414,2
2020-08-20,Orange,059,3164182,48822,44299,1081,45380,849
2020-08-20,Placer,061,380077,2912,2681,6,2687,30
2020-08-20,Plumas,063,18699,39,36,0,36,0
2020-08-20,Riverside,065,2383286,51942,48953,52,49005,927
2020-08-20,Sacramento,067,1510023,17176,14992,15,15007,231
2020-08-20,San Benito,069,59416,1010,866,0,866,3
2020-08-20,San Bernardino,071,2135413,47559,43627,272,43899,665
2020-08-20,San Diego,073,3302833,37595,35610,274,35884,644
2020-08-20,San Francisco,075,870044,9106,8262,9,8271,72
2020-08-20,San Joaquin,077,732212,17790,15778,30,15808,297
2020-08-20,San Luis Obispo,079,281455,2895,2590,16,2606,19
2020-08-20,San Mateo,081,765935,8060,7188,8,7196,120
2020-08-20,Santa Barbara,083,443738,8044,7571,69,7640,81
2020-08-20,Santa Clara,085,1922200,17227,15162,34,15196,190
2020-08-20,Santa Cruz,087,273765,1754,1581,15,1596,6
2020-08-20,Shasta,089,179085,597,478,3,481,9
2020-08-20,Sierra,091,2930,6,6,0,6,0
2020-08-20,Siskiyou,093,43540,122,102,1,103,0
2020-08-20,Solano,095,438530,5216,4843,32,4875,31
2020-08-20,Sonoma,097,501317,5398,4737,18,4755,54
2020-08-20,Stanislaus,099,539301,14547,13120,244,13364,161
2020-08-20,Sutter,101,95872,1267,1158,1,1159,8
2020-08-20,Tehama,103,63373,397,350,2,352,1
2020-08-20,Trinity,105,12862,44,8,6,14,0
2020-08-20,Tulare,107,460477,13953,12907,51,12958,217
2020-08-20,Tuolumne,109,53932,180,159,3,162,1
2020-08-20,Ventura,111,848112,10767,9744,69,9813,93
2020-08-20,Yolo,113,214977,2329,2150,4,2154,47
2020-08-20,Yuba,115,75493,779,709,3,712,1
2020-08-19,Alameda,001,1643700,17626,15874,121,15995,226
2020-08-19,Alpine,003,1148,2,2,0,2,0
2020-08-19,Amador,005,37829,262,219,0,219,9
2020-08-19,Butte,007,227075,1706,1517,17,1534,16
2020-08-19,Calaveras,009,45235,209,177,0,177,1
2020-08-19,Colusa,011,21464,435,415,0,415,5
2020-08-19,Contra Costa,013,1133247,13528,11895,42,11937,142
2020-08-19,Del Norte,015,27424,112,78,0,78,1
2020-08-19,El Dorado,017,186661,967,870,0,870,2
2020-08-19,Fresno,019,978130,26278,22167,273,22440,221
2020-08-19,Glenn,021,27897,425,414,0,414,2
2020-08-19,Humboldt,023,135768,354,316,1,317,4
2020-08-19,Imperial,025,180216,11059,9041,9,9050,192
2020-08-19,Inyo,027,18085,165,140,3,143,1
2020-08-19,Kern,029,883053,28914,27142,188,27330,263
2020-08-19,Kings,031,150075,5840,5301,32,5333,59
2020-08-19,Lake,033,64148,313,277,0,277,2
2020-08-19,Lassen,035,31185,711,693,2,695,0
2020-08-19,Los Angeles,037,10098052,232665,226006,988,226994,5399
2020-08-19,Madera,039,155013,3698,3158,21,3179,30
2020-08-19,Marin,041,260295,5959,5723,13,5736,46
2020-08-19,Mariposa,043,17540,71,64,0,64,2
2020-08-19,Mendocino,045,87422,560,495,0,495,8
2020-08-19,Merced,047,269075,7541,7082,6,7088,66
2020-08-19,Modoc,049,8938,7,5,0,5,0
2020-08-19,Mono,051,14174,163,128,2,130,1
2020-08-19,Monterey,053,433212,7451,6693,21,6714,45
2020-08-19,Napa,055,140530,1408,1293,5,1298,10
2020-08-19,Nevada,057,99092,431,398,13,411,2
2020-08-19,Orange,059,3164182,48617,43938,1078,45016,829
2020-08-19,Placer,061,380077,2890,2659,6,2665,28
2020-08-19,Plumas,063,18699,39,36,0,36,0
2020-08-19,Riverside,065,2383286,51693,48741,52,48793,922
2020-08-19,Sacramento,067,1510023,16995,14764,15,14779,229
2020-08-19,San Benito,069,59416,993,853,0,853,3
2020-08-19,San Bernardino,071,2135413,47260,43224,266,43490,661
2020-08-19,San Diego,073,3302833,37346,35378,259,35637,638
2020-08-19,San Francisco,075,870044,9041,8236,9,8245,72
2020-08-19,San Joaquin,077,732212,17664,15677,29,15706,296
2020-08-19,San Luis Obispo,079,281455,2855,2553,16,2569,19
2020-08-19,San Mateo,081,765935,7992,7146,8,7154,119
2020-08-19,Santa Barbara,083,443738,7995,7499,69,7568,80
2020-08-19,Santa Clara,085,1922200,17081,14994,34,15028,189
2020-08-19,Santa Cruz,087,273765,1728,1554,15,1569,6
2020-08-19,Shasta,089,179085,593,475,3,478,9
2020-08-19,Sierra,091,2930,6,6,0,6,0
2020-08-19,Siskiyou,093,43540,121,103,1,104,0
2020-08-19,Solano,095,438530,5175,4807,32,4839,31
2020-08-19,Sonoma,097,501317,5319,4614,18,4632,54
2020-08-19,Stanislaus,099,539301,14444,13084,222,13306,160
2020-08-19,Sutter,101,95872,1233,1146,1,1147,8
2020-08-19,Tehama,103,63373,391,342,2,344,1
2020-08-19,Trinity,105,12862,43,8,6,14,0
2020-08-19,Tulare,107,460477,13855,12756,51,12807,217
2020-08-19,Tuolumne,109,53932,177,159,3,162,1
2020-08-19,Ventura,111,848112,10675,9587,67,9654,91
2020-08-19,Yolo,113,214977,2306,2126,4,2130,47
2020-08-19,Yuba,115,75493,767,701,3,704,1
2020-08-18,Alameda,001,1643700,17449,15627,119,15746,223
2020-08-18,Alpine,003,1148,2,2,0,2,0
2020-08-18,Amador,005,37829,261,215,0,215,9
2020-08-18,Butte,007,227075,1673,1491,17,1508,16
2020-08-18,Calaveras,009,45235,205,174,0,174,1
2020-08-18,Colusa,011,21464,434,415,0,415,5
2020-08-18,Contra Costa,013,1133247,13408,11689,40,11729,141
2020-08-18,Del Norte,015,27424,111,78,0,78,0
2020-08-18,El Dorado,017,186661,962,866,0,866,2
2020-08-18,Fresno,019,978130,26057,21798,267,22065,212
2020-08-18,Glenn,021,27897,425,407,0,407,2
2020-08-18,Humboldt,023,135768,352,315,1,316,4
2020-08-18,Imperial,025,180216,11025,8968,9,8977,189
2020-08-18,Inyo,027,18085,164,140,3,143,1
2020-08-18,Kern,029,883053,28761,26978,184,27162,263
2020-08-18,Kings,031,150075,5805,5269,31,5300,58
2020-08-18,Lake,033,64148,310,274,0,274,2
2020-08-18,Lassen,035,31185,711,693,2,695,0
2020-08-18,Los Angeles,037,10098052,231405,224218,951,225169,5339
2020-08-18,Madera,039,155013,3670,3125,21,3146,28
2020-08-18,Marin,041,260295,5929,5708,13,5721,47
2020-08-18,Mariposa,043,17540,71,61,0,61,2
2020-08-18,Mendocino,045,87422,551,468,0,468,8
2020-08-18,Merced,047,269075,7493,6940,6,6946,66
2020-08-18,Modoc,049,8938,7,5,0,5,0
2020-08-18,Mono,051,14174,162,129,2,131,1
2020-08-18,Monterey,053,433212,7359,6691,20,6711,44
2020-08-18,Napa,055,140530,1405,1274,5,1279,10
2020-08-18,Nevada,057,99092,424,389,13,402,2
2020-08-18,Orange,059,3164182,48392,43659,1063,44722,809
2020-08-18,Placer,061,380077,2864,2644,5,2649,28
2020-08-18,Plumas,063,18699,39,34,0,34,0
2020-08-18,Riverside,065,2383286,51363,48447,52,48499,917
2020-08-18,Sacramento,067,1510023,16766,14610,14,14624,222
2020-08-18,San Benito,069,59416,973,836,0,836,3
2020-08-18,San Bernardino,071,2135413,46977,42827,260,43087,648
2020-08-18,San Diego,073,3302833,37053,35164,227,35391,633
2020-08-18,San Francisco,075,870044,8955,8016,9,8025,72
2020-08-18,San Joaquin,077,732212,17548,15509,28,15537,290
2020-08-18,San Luis Obispo,079,281455,2830,2535,15,2550,18
2020-08-18,San Mateo,081,765935,7930,7074,8,7082,119
2020-08-18,Santa Barbara,083,443738,7953,7472,69,7541,81
2020-08-18,Santa Clara,085,1922200,16908,14786,33,14819,184
2020-08-18,Santa Cruz,087,273765,1715,1509,15,1524,6
2020-08-18,Shasta,089,179085,589,468,3,471,9
2020-08-18,Sierra,091,2930,6,6,0,6,0
2020-08-18,Siskiyou,093,43540,120,103,1,104,0
2020-08-18,Solano,095,438530,5148,4700,32,4732,31
2020-08-18,Sonoma,097,501317,5250,4506,18,4524,48
2020-08-18,Stanislaus,099,539301,14346,12935,206,13141,149
2020-08-18,Sutter,101,95872,1214,1126,1,1127,8
2020-08-18,Tehama,103,63373,381,333,2,335,1
2020-08-18,Trinity,105,12862,41,8,6,14,0
2020-08-18,Tulare,107,460477,13724,12637,48,12685,212
2020-08-18,Tuolumne,109,53932,174,159,3,162,1
2020-08-18,Ventura,111,848112,10585,9536,62,9598,89
2020-08-18,Yolo,113,214977,2283,2102,4,2106,47
2020-08-18,Yuba,115,75493,759,679,3,682,1
2020-08-17,Alameda,001,1643700,17255,15454,118,15572,221
2020-08-17,Alpine,003,1148,2,2,0,2,0
2020-08-17,Amador,005,37829,261,215,0,215,9
2020-08-17,Butte,007,227075,1628,1463,17,1480,15
2020-08-17,Calaveras,009,45235,201,167,0,167,1
2020-08-17,Colusa,011,21464,431,408,0,408,5
2020-08-17,Contra Costa,013,1133247,13271,11442,40,11482,141
2020-08-17,Del Norte,015,27424,107,77,0,77,0
2020-08-17,El Dorado,017,186661,959,846,0,846,2
2020-08-17,Fresno,019,978130,25848,21316,260,21576,211
2020-08-17,Glenn,021,27897,424,402,0,402,2
2020-08-17,Humboldt,023,135768,348,302,1,303,4
2020-08-17,Imperial,025,180216,10984,8897,9,8906,188
2020-08-17,Inyo,027,18085,156,124,3,127,1
2020-08-17,Kern,029,883053,28614,26773,173,26946,249
2020-08-17,Kings,031,150075,5767,5249,31,5280,58
2020-08-17,Lake,033,64148,305,270,0,270,2
2020-08-17,Lassen,035,31185,711,666,2,668,0
2020-08-17,Los Angeles,037,10098052,229893,223418,903,224321,5282
2020-08-17,Madera,039,155013,3627,3050,20,3070,26
2020-08-17,Marin,041,260295,5906,5683,12,5695,46
2020-08-17,Mariposa,043,17540,71,61,0,61,2
2020-08-17,Mendocino,045,87422,533,454,0,454,8
2020-08-17,Merced,047,269075,7398,6814,6,6820,66
2020-08-17,Modoc,049,8938,7,5,0,5,0
2020-08-17,Mono,051,14174,162,126,2,128,1
2020-08-17,Monterey,053,433212,7259,6553,20,6573,44
2020-08-17,Napa,055,140530,1384,1255,5,1260,10
2020-08-17,Nevada,057,99092,419,383,13,396,2
2020-08-17,Orange,059,3164182,48182,43621,1050,44671,804
2020-08-17,Placer,061,380077,2839,2609,5,2614,28
2020-08-17,Plumas,063,18699,39,33,0,33,0
2020-08-17,Riverside,065,2383286,51031,48062,50,48112,916
2020-08-17,Sacramento,067,1510023,16546,14333,14,14347,219
2020-08-17,San Benito,069,59416,958,822,0,822,2
2020-08-17,San Bernardino,071,2135413,46632,42005,252,42257,604
2020-08-17,San Diego,073,3302833,36787,34962,213,35175,626
2020-08-17,San Francisco,075,870044,8884,7600,9,7609,72
2020-08-17,San Joaquin,077,732212,17385,15323,27,15350,280
2020-08-17,San Luis Obispo,079,281455,2797,2527,15,2542,18
2020-08-17,San Mateo,081,765935,7873,6987,7,6994,118
2020-08-17,Santa Barbara,083,443738,7911,7438,69,7507,80
2020-08-17,Santa Clara,085,1922200,16687,14546,33,14579,183
2020-08-17,Santa Cruz,087,273765,1699,1453,14,1467,6
2020-08-17,Shasta,089,179085,583,467,3,470,9
2020-08-17,Sierra,091,2930,6,6,0,6,0
2020-08-17,Siskiyou,093,43540,119,103,0,103,0
2020-08-17,Solano,095,438530,5091,4479,32,4511,31
2020-08-17,Sonoma,097,501317,5161,4402,16,4418,48
2020-08-17,Stanislaus,099,539301,14221,12745,199,12944,148
2020-08-17,Sutter,101,95872,1198,1071,1,1072,8
2020-08-17,Tehama,103,63373,372,324,2,326,1
2020-08-17,Trinity,105,12862,41,8,6,14,0
2020-08-17,Tulare,107,460477,13611,12487,47,12534,210
2020-08-17,Tuolumne,109,53932,171,157,3,160,1
2020-08-17,Ventura,111,848112,10462,9490,57,9547,89
2020-08-17,Yolo,113,214977,2256,2083,4,2087,47
2020-08-17,Yuba,115,75493,744,647,3,650,1
2020-08-16,Alameda,001,1643700,16964,15338,118,15456,221
2020-08-16,Alpine,003,1148,2,2,0,2,0
2020-08-16,Amador,005,37829,258,215,0,215,9
2020-08-16,Butte,007,227075,1590,1432,17,1449,15
2020-08-16,Calaveras,009,45235,194,167,0,167,1
2020-08-16,Colusa,011,21464,429,407,0,407,5
2020-08-16,Contra Costa,013,1133247,13085,11255,40,11295,140
2020-08-16,Del Norte,015,27424,103,77,0,77,0
2020-08-16,El Dorado,017,186661,947,843,0,843,2
2020-08-16,Fresno,019,978130,25627,21010,255,21265,211
2020-08-16,Glenn,021,27897,422,400,0,400,2
2020-08-16,Humboldt,023,135768,346,301,1,302,4
2020-08-16,Imperial,025,180216,10940,8883,9,8892,188
2020-08-16,Inyo,027,18085,149,125,2,127,1
2020-08-16,Kern,029,883053,28413,26520,165,26685,249
2020-08-16,Kings,031,150075,5736,5146,31,5177,58
2020-08-16,Lake,033,64148,301,269,0,269,2
2020-08-16,Lassen,035,31185,711,666,2,668,0
2020-08-16,Los Angeles,037,10098052,228329,222236,873,223109,5263
2020-08-16,Madera,039,155013,3582,3013,20,3033,26
2020-08-16,Marin,041,260295,5880,5664,12,5676,46
2020-08-16,Mariposa,043,17540,71,61,0,61,2
2020-08-16,Mendocino,045,87422,525,451,0,451,8
2020-08-16,Merced,047,269075,7316,6744,6,6750,66
2020-08-16,Modoc,049,8938,7,5,0,5,0
2020-08-16,Mono,051,14174,162,126,2,128,1
2020-08-16,Monterey,053,433212,7161,6516,19,6535,44
2020-08-16,Napa,055,140530,1366,1241,3,1244,10
2020-08-16,Nevada,057,99092,409,379,13,392,2
2020-08-16,Orange,059,3164182,47933,43303,1039,44342,803
2020-08-16,Placer,061,380077,2811,2583,4,2587,28
2020-08-16,Plumas,063,18699,39,33,0,33,0
2020-08-16,Riverside,065,2383286,50700,47669,49,47718,910
2020-08-16,Sacramento,067,1510023,16306,14210,14,14224,219
2020-08-16,San Benito,069,59416,929,815,0,815,2
2020-08-16,San Bernardino,071,2135413,46208,41724,244,41968,603
2020-08-16,San Diego,073,3302833,36523,34680,198,34878,626
2020-08-16,San Francisco,075,870044,8796,7602,9,7611,72
2020-08-16,San Joaquin,077,732212,17182,15288,27,15315,280
2020-08-16,San Luis Obispo,079,281455,2768,2494,15,2509,17
2020-08-16,San Mateo,081,765935,7798,6942,7,6949,118
2020-08-16,Santa Barbara,083,443738,7862,7368,69,7437,79
2020-08-16,Santa Clara,085,1922200,16489,14329,33,14362,183
2020-08-16,Santa Cruz,087,273765,1672,1449,13,1462,6
2020-08-16,Shasta,089,179085,576,465,3,468,9
2020-08-16,Sierra,091,2930,6,6,0,6,0
2020-08-16,Siskiyou,093,43540,118,102,0,102,0
2020-08-16,Solano,095,438530,5031,4479,32,4511,31
2020-08-16,Sonoma,097,501317,5057,4329,16,4345,46
2020-08-16,Stanislaus,099,539301,14063,12668,189,12857,148
2020-08-16,Sutter,101,95872,1180,1071,1,1072,8
2020-08-16,Tehama,103,63373,362,318,2,320,1
2020-08-16,Trinity,105,12862,38,8,6,14,0
2020-08-16,Tulare,107,460477,13479,12334,44,12378,211
2020-08-16,Tuolumne,109,53932,171,156,3,159,1
2020-08-16,Ventura,111,848112,10353,9408,52,9460,89
2020-08-16,Yolo,113,214977,2237,2057,4,2061,47
2020-08-16,Yuba,115,75493,735,647,2,649,1
2020-08-15,Alameda,001,1643700,16887,15165,118,15283,221
2020-08-15,Alpine,003,1148,2,2,0,2,0
2020-08-15,Amador,005,37829,258,210,0,210,9
2020-08-15,Butte,007,227075,1568,1409,17,1426,15
2020-08-15,Calaveras,009,45235,192,167,0,167,1
2020-08-15,Colusa,011,21464,428,401,0,401,5
2020-08-15,Contra Costa,013,1133247,12989,11106,40,11146,138
2020-08-15,Del Norte,015,27424,103,77,0,77,0
2020-08-15,El Dorado,017,186661,942,838,0,838,2
2020-08-15,Fresno,019,978130,25511,20603,253,20856,211
2020-08-15,Glenn,021,27897,422,398,0,398,2
2020-08-15,Humboldt,023,135768,345,301,1,302,4
2020-08-15,Imperial,025,180216,10920,8794,9,8803,188
2020-08-15,Inyo,027,18085,149,123,2,125,1
2020-08-15,Kern,029,883053,28325,26338,165,26503,249
2020-08-15,Kings,031,150075,5718,5039,31,5070,56
2020-08-15,Lake,033,64148,299,268,0,268,2
2020-08-15,Lassen,035,31185,711,666,2,668,0
2020-08-15,Los Angeles,037,10098052,227577,221043,864,221907,5252
2020-08-15,Madera,039,155013,3532,2950,20,2970,26
2020-08-15,Marin,041,260295,5873,5628,12,5640,46
2020-08-15,Mariposa,043,17540,71,61,0,61,2
2020-08-15,Mendocino,045,87422,521,444,0,444,8
2020-08-15,Merced,047,269075,7282,6656,6,6662,66
2020-08-15,Modoc,049,8938,7,5,0,5,0
2020-08-15,Mono,051,14174,162,126,2,128,1
2020-08-15,Monterey,053,433212,7116,6162,19,6181,44
2020-08-15,Napa,055,140530,1356,1232,3,1235,10
2020-08-15,Nevada,057,99092,409,376,13,389,2
2020-08-15,Orange,059,3164182,47820,42811,1028,43839,801
2020-08-15,Placer,061,380077,2790,2551,4,2555,27
2020-08-15,Plumas,063,18699,39,33,0,33,0
2020-08-15,Riverside,065,2383286,50549,46720,49,46769,910
2020-08-15,Sacramento,067,1510023,16196,14018,14,14032,219
2020-08-15,San Benito,069,59416,916,805,0,805,2
2020-08-15,San Bernardino,071,2135413,46056,41231,242,41473,602
2020-08-15,San Diego,073,3302833,36357,34346,184,34530,639
2020-08-15,San Francisco,075,870044,8732,7601,9,7610,69
2020-08-15,San Joaquin,077,732212,17109,15113,27,15140,280
2020-08-15,San Luis Obispo,079,281455,2751,2461,15,2476,17
2020-08-15,San Mateo,081,765935,7761,6860,7,6867,118
2020-08-15,Santa Barbara,083,443738,7834,7338,69,7407,79
2020-08-15,Santa Clara,085,1922200,16393,14105,33,14138,183
2020-08-15,Santa Cruz,087,273765,1651,1449,13,1462,6
2020-08-15,Shasta,089,179085,573,458,3,461,9
2020-08-15,Sierra,091,2930,6,6,0,6,0
2020-08-15,Siskiyou,093,43540,117,100,0,100,0
2020-08-15,Solano,095,438530,5009,4477,32,4509,31
2020-08-15,Sonoma,097,501317,5002,4134,16,4150,45
2020-08-15,Stanislaus,099,539301,13999,12541,188,12729,149
2020-08-15,Sutter,101,95872,1169,1046,1,1047,8
2020-08-15,Tehama,103,63373,361,312,2,314,1
2020-08-15,Trinity,105,12862,36,6,6,12,0
2020-08-15,Tulare,107,460477,13441,12262,44,12306,211
2020-08-15,Tuolumne,109,53932,171,155,3,158,1
2020-08-15,Ventura,111,848112,10294,9379,50,9429,89
2020-08-15,Yolo,113,214977,2225,2031,4,2035,46
2020-08-15,Yuba,115,75493,731,623,2,625,1
2020-08-14,Alameda,001,1643700,16748,14909,118,15027,221
2020-08-14,Alpine,003,1148,2,2,0,2,0
2020-08-14,Amador,005,37829,258,209,0,209,9
2020-08-14,Butte,007,227075,1559,1384,17,1401,15
2020-08-14,Calaveras,009,45235,188,165,0,165,1
2020-08-14,Colusa,011,21464,426,399,0,399,5
2020-08-14,Contra Costa,013,1133247,12877,10893,40,10933,137
2020-08-14,Del Norte,015,27424,103,76,0,76,0
2020-08-14,El Dorado,017,186661,934,827,0,827,2
2020-08-14,Fresno,019,978130,25377,19900,253,20153,208
2020-08-14,Glenn,021,27897,420,395,0,395,2
2020-08-14,Humboldt,023,135768,339,294,1,295,4
2020-08-14,Imperial,025,180216,10896,8756,9,8765,185
2020-08-14,Inyo,027,18085,148,115,2,117,1
2020-08-14,Kern,029,883053,28221,25893,164,26057,249
2020-08-14,Kings,031,150075,5704,4953,31,4984,56
2020-08-14,Lake,033,64148,290,267,0,267,2
2020-08-14,Lassen,035,31185,711,665,2,667,0
2020-08-14,Los Angeles,037,10098052,226410,219083,847,219930,5222
2020-08-14,Madera,039,155013,3502,2876,20,2896,26
2020-08-14,Marin,041,260295,5862,5601,12,5613,46
2020-08-14,Mariposa,043,17540,70,61,0,61,2
2020-08-14,Mendocino,045,87422,512,432,0,432,8
2020-08-14,Merced,047,269075,7252,6466,6,6472,67
2020-08-14,Modoc,049,8938,7,5,0,5,0
2020-08-14,Mono,051,14174,162,126,2,128,1
2020-08-14,Monterey,053,433212,7065,6121,19,6140,41
2020-08-14,Napa,055,140530,1346,1230,3,1233,10
2020-08-14,Nevada,057,99092,405,377,13,390,2
2020-08-14,Orange,059,3164182,47670,42399,1015,43414,798
2020-08-14,Placer,061,380077,2771,2546,4,2550,26
2020-08-14,Plumas,063,18699,38,33,0,33,0
2020-08-14,Riverside,065,2383286,50320,46456,49,46505,891
2020-08-14,Sacramento,067,1510023,16046,13645,14,13659,212
2020-08-14,San Benito,069,59416,899,783,0,783,2
2020-08-14,San Bernardino,071,2135413,45869,40442,239,40681,594
2020-08-14,San Diego,073,3302833,36163,34067,177,34244,622
2020-08-14,San Francisco,075,870044,8673,7467,9,7476,69
2020-08-14,San Joaquin,077,732212,17009,14925,27,14952,276
2020-08-14,San Luis Obispo,079,281455,2736,2422,15,2437,17
2020-08-14,San Mateo,081,765935,7702,6655,7,6662,118
2020-08-14,Santa Barbara,083,443738,7784,7302,69,7371,77
2020-08-14,Santa Clara,085,1922200,16227,13785,32,13817,183
2020-08-14,Santa Cruz,087,273765,1629,1418,12,1430,6
2020-08-14,Shasta,089,179085,568,446,3,449,9
2020-08-14,Sierra,091,2930,6,5,0,5,0
2020-08-14,Siskiyou,093,43540,117,98,0,98,0
2020-08-14,Solano,095,438530,4988,4421,32,4453,31
2020-08-14,Sonoma,097,501317,4943,4087,13,4100,45
2020-08-14,Stanislaus,099,539301,13922,12379,184,12563,140
2020-08-14,Sutter,101,95872,1161,1039,1,1040,8
2020-08-14,Tehama,103,63373,357,305,2,307,1
2020-08-14,Trinity,105,12862,36,6,6,12,0
2020-08-14,Tulare,107,460477,13364,12009,44,12053,211
2020-08-14,Tuolumne,109,53932,170,155,3,158,1
2020-08-14,Ventura,111,848112,10219,9313,50,9363,89
2020-08-14,Yolo,113,214977,2211,1991,4,1995,45
2020-08-14,Yuba,115,75493,715,606,2,608,1
2020-08-13,Alameda,001,1643700,16471,14385,118,14503,218
2020-08-13,Alpine,003,1148,2,2,0,2,0
2020-08-13,Amador,005,37829,258,198,0,198,8
2020-08-13,Butte,007,227075,1534,1345,17,1362,15
2020-08-13,Calaveras,009,45235,186,162,0,162,1
2020-08-13,Colusa,011,21464,426,395,0,395,5
2020-08-13,Contra Costa,013,1133247,12723,10545,39,10584,136
2020-08-13,Del Norte,015,27424,102,74,0,74,0
2020-08-13,El Dorado,017,186661,929,803,0,803,2
2020-08-13,Fresno,019,978130,25150,19157,247,19404,201
2020-08-13,Glenn,021,27897,416,392,0,392,1
2020-08-13,Humboldt,023,135768,331,281,1,282,4
2020-08-13,Imperial,025,180216,10865,8640,9,8649,170
2020-08-13,Inyo,027,18085,144,97,2,99,1
2020-08-13,Kern,029,883053,28054,25472,161,25633,242
2020-08-13,Kings,031,150075,5669,4824,31,4855,52
2020-08-13,Lake,033,64148,285,263,0,263,2
2020-08-13,Lassen,035,31185,711,652,2,654,0
2020-08-13,Los Angeles,037,10098052,225033,216497,826,217323,5179
2020-08-13,Madera,039,155013,3458,2675,19,2694,25
2020-08-13,Marin,041,260295,5846,5503,12,5515,44
2020-08-13,Mariposa,043,17540,69,61,0,61,2
2020-08-13,Mendocino,045,87422,507,401,0,401,8
2020-08-13,Merced,047,269075,7135,5945,6,5951,63
2020-08-13,Modoc,049,8938,7,5,0,5,0
2020-08-13,Mono,051,14174,162,124,2,126,1
2020-08-13,Monterey,053,433212,6982,5925,19,5944,38
2020-08-13,Napa,055,140530,1337,1179,3,1182,10
2020-08-13,Nevada,057,99092,401,362,13,375,1
2020-08-13,Orange,059,3164182,47431,42019,1003,43022,773
2020-08-13,Placer,061,380077,2748,2460,4,2464,26
2020-08-13,Plumas,063,18699,38,32,0,32,0
2020-08-13,Riverside,065,2383286,50024,45327,49,45376,885
2020-08-13,Sacramento,067,1510023,15844,13237,14,13251,197
2020-08-13,San Benito,069,59416,870,757,0,757,2
2020-08-13,San Bernardino,071,2135413,45474,39395,233,39628,591
2020-08-13,San Diego,073,3302833,35927,33661,159,33820,627
2020-08-13,San Francisco,075,870044,8579,7277,9,7286,69
2020-08-13,San Joaquin,077,732212,16854,14537,26,14563,261
2020-08-13,San Luis Obispo,079,281455,2713,2283,15,2298,16
2020-08-13,San Mateo,081,765935,7640,6503,7,6510,117
2020-08-13,Santa Barbara,083,443738,7739,7129,68,7197,74
2020-08-13,Santa Clara,085,1922200,16004,13257,32,13289,182
2020-08-13,Santa Cruz,087,273765,1604,1383,12,1395,6
2020-08-13,Shasta,089,179085,563,428,3,431,9
2020-08-13,Sierra,091,2930,6,5,0,5,0
2020-08-13,Siskiyou,093,43540,117,95,0,95,0
2020-08-13,Solano,095,438530,4951,4305,32,4337,31
2020-08-13,Sonoma,097,501317,4869,3902,13,3915,45
2020-08-13,Stanislaus,099,539301,13792,11953,168,12121,136
2020-08-13,Sutter,101,95872,1139,992,1,993,8
2020-08-13,Tehama,103,63373,348,302,2,304,1
2020-08-13,Trinity,105,12862,35,6,6,12,0
2020-08-13,Tulare,107,460477,13220,11692,41,11733,210
2020-08-13,Tuolumne,109,53932,169,152,3,155,1
2020-08-13,Ventura,111,848112,10130,9114,50,9164,90
2020-08-13,Yolo,113,214977,2184,1938,4,1942,44
2020-08-13,Yuba,115,75493,699,568,2,570,1
2020-08-12,Alameda,001,1643700,16259,14214,118,14332,215
2020-08-12,Alpine,003,1148,2,2,0,2,0
2020-08-12,Amador,005,37829,255,197,0,197,8
2020-08-12,Butte,007,227075,1506,1317,17,1334,15
2020-08-12,Calaveras,009,45235,183,157,0,157,1
2020-08-12,Colusa,011,21464,421,394,0,394,5
2020-08-12,Contra Costa,013,1133247,12578,10304,38,10342,134
2020-08-12,Del Norte,015,27424,101,74,0,74,0
2020-08-12,El Dorado,017,186661,911,794,0,794,2
2020-08-12,Fresno,019,978130,24920,18690,241,18931,194
2020-08-12,Glenn,021,27897,413,388,0,388,1
2020-08-12,Humboldt,023,135768,324,281,1,282,4
2020-08-12,Imperial,025,180216,10842,8566,9,8575,167
2020-08-12,Inyo,027,18085,127,97,2,99,1
2020-08-12,Kern,029,883053,27862,25191,159,25350,232
2020-08-12,Kings,031,150075,5630,4736,31,4767,50
2020-08-12,Lake,033,64148,283,253,0,253,2
2020-08-12,Lassen,035,31185,710,651,2,653,0
2020-08-12,Los Angeles,037,10098052,223642,214542,810,215352,5119
2020-08-12,Madera,039,155013,3424,2681,17,2698,23
2020-08-12,Marin,041,260295,5824,5423,12,5435,44
2020-08-12,Mariposa,043,17540,69,61,0,61,2
2020-08-12,Mendocino,045,87422,488,386,0,386,9
2020-08-12,Merced,047,269075,7073,5777,6,5783,66
2020-08-12,Modoc,049,8938,7,5,0,5,0
2020-08-12,Mono,051,14174,161,124,2,126,1
2020-08-12,Monterey,053,433212,6878,5919,19,5938,38
2020-08-12,Napa,055,140530,1327,1161,3,1164,10
2020-08-12,Nevada,057,99092,396,357,13,370,1
2020-08-12,Orange,059,3164182,47180,41576,979,42555,754
2020-08-12,Placer,061,380077,2716,2417,4,2421,25
2020-08-12,Plumas,063,18699,38,31,0,31,0
2020-08-12,Riverside,065,2383286,49676,44747,49,44796,867
2020-08-12,Sacramento,067,1510023,15632,12528,14,12542,189
2020-08-12,San Benito,069,59416,857,751,0,751,2
2020-08-12,San Bernardino,071,2135413,45131,38811,224,39035,589
2020-08-12,San Diego,073,3302833,35718,33395,139,33534,608
2020-08-12,San Francisco,075,870044,8496,7194,9,7203,66
2020-08-12,San Joaquin,077,732212,16707,14154,26,14180,253
2020-08-12,San Luis Obispo,079,281455,2688,2263,15,2278,15
2020-08-12,San Mateo,081,765935,7561,6427,7,6434,117
2020-08-12,Santa Barbara,083,443738,7679,7049,66,7115,74
2020-08-12,Santa Clara,085,1922200,15828,13002,32,13034,182
2020-08-12,Santa Cruz,087,273765,1575,1382,11,1393,6
2020-08-12,Shasta,089,179085,559,417,3,420,9
2020-08-12,Sierra,091,2930,5,4,0,4,0
2020-08-12,Siskiyou,093,43540,116,90,0,90,0
2020-08-12,Solano,095,438530,4906,4258,32,4290,31
2020-08-12,Sonoma,097,501317,4795,3847,13,3860,47
2020-08-12,Stanislaus,099,539301,13653,11682,160,11842,136
2020-08-12,Sutter,101,95872,1115,987,1,988,7
2020-08-12,Tehama,103,63373,338,289,2,291,1
2020-08-12,Trinity,105,12862,34,6,6,12,0
2020-08-12,Tulare,107,460477,13092,11460,41,11501,211
2020-08-12,Tuolumne,109,53932,168,150,3,153,1
2020-08-12,Ventura,111,848112,10043,9005,50,9055,87
2020-08-12,Yolo,113,214977,2160,1921,4,1925,44
2020-08-12,Yuba,115,75493,677,549,1,550,1
2020-08-11,Alameda,001,1643700,15999,13960,115,14075,204
2020-08-11,Alpine,003,1148,2,2,0,2,0
2020-08-11,Amador,005,37829,249,187,0,187,3
2020-08-11,Butte,007,227075,1479,1296,17,1313,15
2020-08-11,Calaveras,009,45235,181,161,0,161,1
2020-08-11,Colusa,011,21464,416,390,0,390,5
2020-08-11,Contra Costa,013,1133247,12389,10012,36,10048,131
2020-08-11,Del Norte,015,27424,100,73,0,73,0
2020-08-11,El Dorado,017,186661,904,786,0,786,2
2020-08-11,Fresno,019,978130,24598,18344,238,18582,187
2020-08-11,Glenn,021,27897,411,380,0,380,1
2020-08-11,Humboldt,023,135768,319,283,1,284,4
2020-08-11,Imperial,025,180216,10787,8518,9,8527,165
2020-08-11,Inyo,027,18085,122,97,2,99,1
2020-08-11,Kern,029,883053,27527,25042,157,25199,230
2020-08-11,Kings,031,150075,5439,4696,31,4727,50
2020-08-11,Lake,033,64148,280,243,0,243,2
2020-08-11,Lassen,035,31185,704,605,2,607,0
2020-08-11,Los Angeles,037,10098052,222147,212421,786,213207,5065
2020-08-11,Madera,039,155013,3370,2673,17,2690,22
2020-08-11,Marin,041,260295,5796,5287,11,5298,44
2020-08-11,Mariposa,043,17540,68,60,0,60,2
2020-08-11,Mendocino,045,87422,478,385,0,385,9
2020-08-11,Merced,047,269075,6978,5322,5,5327,65
2020-08-11,Modoc,049,8938,7,5,0,5,0
2020-08-11,Mono,051,14174,161,124,2,126,1
2020-08-11,Monterey,053,433212,6770,5624,19,5643,36
2020-08-11,Napa,055,140530,1316,1143,2,1145,11
2020-08-11,Nevada,057,99092,393,358,13,371,1
2020-08-11,Orange,059,3164182,46960,41205,957,42162,742
2020-08-11,Placer,061,380077,2684,2393,4,2397,24
2020-08-11,Plumas,063,18699,38,31,0,31,0
2020-08-11,Riverside,065,2383286,49319,44237,49,44286,836
2020-08-11,Sacramento,067,1510023,15341,12298,14,12312,182
2020-08-11,San Benito,069,59416,845,750,0,750,2
2020-08-11,San Bernardino,071,2135413,44790,38467,217,38684,584
2020-08-11,San Diego,073,3302833,35451,33159,120,33279,602
2020-08-11,San Francisco,075,870044,8400,6988,9,6997,66
2020-08-11,San Joaquin,077,732212,16530,13997,21,14018,251
2020-08-11,San Luis Obispo,079,281455,2631,2234,15,2249,15
2020-08-11,San Mateo,081,765935,7487,6339,7,6346,117
2020-08-11,Santa Barbara,083,443738,7629,6942,66,7008,70
2020-08-11,Santa Clara,085,1922200,15606,12920,32,12952,183
2020-08-11,Santa Cruz,087,273765,1552,1352,11,1363,4
2020-08-11,Shasta,089,179085,555,416,3,419,9
2020-08-11,Sierra,091,2930,5,4,0,4,0
2020-08-11,Siskiyou,093,43540,116,90,0,90,0
2020-08-11,Solano,095,438530,4858,4206,31,4237,31
2020-08-11,Sonoma,097,501317,4701,3752,13,3765,45
2020-08-11,Stanislaus,099,539301,13549,11592,148,11740,128
2020-08-11,Sutter,101,95872,1093,964,1,965,7
2020-08-11,Tehama,103,63373,334,289,2,291,1
2020-08-11,Trinity,105,12862,34,5,6,11,0
2020-08-11,Tulare,107,460477,12967,11392,40,11432,201
2020-08-11,Tuolumne,109,53932,163,146,3,149,1
2020-08-11,Ventura,111,848112,9975,8953,49,9002,88
2020-08-11,Yolo,113,214977,2138,1912,4,1916,44
2020-08-11,Yuba,115,75493,666,540,1,541,1
2020-08-10,Alameda,001,1643700,15759,13420,114,13534,203
2020-08-10,Alpine,003,1148,2,2,0,2,0
2020-08-10,Amador,005,37829,248,172,0,172,2
2020-08-10,Butte,007,227075,1455,1174,15,1189,15
2020-08-10,Calaveras,009,45235,171,121,0,121,1
2020-08-10,Colusa,011,21464,414,387,0,387,4
2020-08-10,Contra Costa,013,1133247,12236,9454,34,9488,130
2020-08-10,Del Norte,015,27424,98,69,0,69,0
2020-08-10,El Dorado,017,186661,892,771,0,771,2
2020-08-10,Fresno,019,978130,24317,17978,237,18215,183
2020-08-10,Glenn,021,27897,408,381,0,381,1
2020-08-10,Humboldt,023,135768,313,277,1,278,4
2020-08-10,Imperial,025,180216,10743,8465,9,8474,165
2020-08-10,Inyo,027,18085,122,97,2,99,1
2020-08-10,Kern,029,883053,27301,24499,156,24655,215
2020-08-10,Kings,031,150075,5333,4588,31,4619,50
2020-08-10,Lake,033,64148,273,239,0,239,2
2020-08-10,Lassen,035,31185,704,588,2,590,0
2020-08-10,Los Angeles,037,10098052,220577,211035,768,211803,5003
2020-08-10,Madera,039,155013,3337,2365,16,2381,22
2020-08-10,Marin,041,260295,5751,5242,10,5252,44
2020-08-10,Mariposa,043,17540,68,57,0,57,2
2020-08-10,Mendocino,045,87422,454,364,0,364,1
2020-08-10,Merced,047,269075,6897,4913,5,4918,51
2020-08-10,Modoc,049,8938,7,5,0,5,0
2020-08-10,Mono,051,14174,161,123,2,125,1
2020-08-10,Monterey,053,433212,6660,5358,19,5377,34
2020-08-10,Napa,055,140530,1298,1084,2,1086,8
2020-08-10,Nevada,057,99092,385,356,13,369,1
2020-08-10,Orange,059,3164182,46690,40445,939,41384,721
2020-08-10,Placer,061,380077,2645,2298,4,2302,21
2020-08-10,Plumas,063,18699,38,27,0,27,0
2020-08-10,Riverside,065,2383286,48934,43296,48,43344,830
2020-08-10,Sacramento,067,1510023,15030,12059,14,12073,168
2020-08-10,San Benito,069,59416,832,743,0,743,2
2020-08-10,San Bernardino,071,2135413,44413,37367,208,37575,579
2020-08-10,San Diego,073,3302833,35185,32977,104,33081,594
2020-08-10,San Francisco,075,870044,8310,6816,8,6824,66
2020-08-10,San Joaquin,077,732212,16348,13308,21,13329,240
2020-08-10,San Luis Obispo,079,281455,2532,2208,14,2222,15
2020-08-10,San Mateo,081,765935,7410,6222,7,6229,117
2020-08-10,Santa Barbara,083,443738,7574,6869,66,6935,66
2020-08-10,Santa Clara,085,1922200,15346,12615,31,12646,182
2020-08-10,Santa Cruz,087,273765,1532,1239,10,1249,4
2020-08-10,Shasta,089,179085,551,384,3,387,9
2020-08-10,Sierra,091,2930,5,3,0,3,0
2020-08-10,Siskiyou,093,43540,113,88,0,88,0
2020-08-10,Solano,095,438530,4798,4101,31,4132,31
2020-08-10,Sonoma,097,501317,4532,3640,9,3649,42
2020-08-10,Stanislaus,099,539301,13367,10855,131,10986,106
2020-08-10,Sutter,101,95872,1068,865,1,866,7
2020-08-10,Tehama,103,63373,327,282,2,284,1
2020-08-10,Trinity,105,12862,31,5,6,11,0
2020-08-10,Tulare,107,460477,12794,10750,38,10788,194
2020-08-10,Tuolumne,109,53932,163,143,2,145,1
2020-08-10,Ventura,111,848112,9891,8851,48,8899,85
2020-08-10,Yolo,113,214977,2115,1840,4,1844,45
2020-08-10,Yuba,115,75493,649,527,1,528,1
2020-08-09,Alameda,001,1643700,15479,13241,112,13353,203
2020-08-09,Alpine,003,1148,2,2,0,2,0
2020-08-09,Amador,005,37829,243,153,0,153,2
2020-08-09,Butte,007,227075,1411,1155,15,1170,15
2020-08-09,Calaveras,009,45235,166,122,0,122,1
2020-08-09,Colusa,011,21464,410,371,0,371,4
2020-08-09,Contra Costa,013,1133247,12008,9214,33,9247,130
2020-08-09,Del Norte,015,27424,98,69,0,69,0
2020-08-09,El Dorado,017,186661,884,748,0,748,2
2020-08-09,Fresno,019,978130,24008,17846,233,18079,183
2020-08-09,Glenn,021,27897,406,354,0,354,1
2020-08-09,Humboldt,023,135768,307,279,1,280,4
2020-08-09,Imperial,025,180216,10700,8310,8,8318,165
2020-08-09,Inyo,027,18085,117,86,1,87,1
2020-08-09,Kern,029,883053,27045,23680,156,23836,215
2020-08-09,Kings,031,150075,5290,4446,30,4476,50
2020-08-09,Lake,033,64148,266,225,0,225,2
2020-08-09,Lassen,035,31185,698,589,2,591,0
2020-08-09,Los Angeles,037,10098052,218520,208810,746,209556,4984
2020-08-09,Madera,039,155013,3278,2322,12,2334,22
2020-08-09,Marin,041,260295,5708,5204,10,5214,44
2020-08-09,Mariposa,043,17540,66,56,0,56,2
2020-08-09,Mendocino,045,87422,444,283,0,283,1
2020-08-09,Merced,047,269075,6799,4735,4,4739,51
2020-08-09,Modoc,049,8938,7,4,0,4,0
2020-08-09,Mono,051,14174,160,113,2,115,1
2020-08-09,Monterey,053,433212,6536,5199,19,5218,34
2020-08-09,Napa,055,140530,1279,1062,2,1064,8
2020-08-09,Nevada,057,99092,377,332,13,345,1
2020-08-09,Orange,059,3164182,46391,39244,924,40168,722
2020-08-09,Placer,061,380077,2616,2211,4,2215,20
2020-08-09,Plumas,063,18699,38,27,0,27,0
2020-08-09,Riverside,065,2383286,48588,41894,48,41942,828
2020-08-09,Sacramento,067,1510023,14750,11301,14,11315,167
2020-08-09,San Benito,069,59416,813,687,0,687,2
2020-08-09,San Bernardino,071,2135413,43938,36092,208,36300,579
2020-08-09,San Diego,073,3302833,34894,32749,93,32842,594
2020-08-09,San Francisco,075,870044,8195,6820,8,6828,66
2020-08-09,San Joaquin,077,732212,16143,12933,20,12953,240
2020-08-09,San Luis Obispo,079,281455,2496,2124,14,2138,15
2020-08-09,San Mateo,081,765935,7315,6094,7,6101,117
2020-08-09,Santa Barbara,083,443738,7486,6669,66,6735,66
2020-08-09,Santa Clara,085,1922200,15076,11878,31,11909,181
2020-08-09,Santa Cruz,087,273765,1508,1246,10,1256,4
2020-08-09,Shasta,089,179085,547,361,3,364,9
2020-08-09,Sierra,091,2930,5,3,0,3,0
2020-08-09,Siskiyou,093,43540,112,74,0,74,0
2020-08-09,Solano,095,438530,4745,3954,30,3984,31
2020-08-09,Sonoma,097,501317,4396,3531,7,3538,41
2020-08-09,Stanislaus,099,539301,13159,10264,118,10382,106
2020-08-09,Sutter,101,95872,1034,857,1,858,7
2020-08-09,Tehama,103,63373,319,265,2,267,1
2020-08-09,Trinity,105,12862,31,5,6,11,0
2020-08-09,Tulare,107,460477,12602,10630,35,10665,194
2020-08-09,Tuolumne,109,53932,160,143,2,145,1
2020-08-09,Ventura,111,848112,9743,8633,47,8680,85
2020-08-09,Yolo,113,214977,2084,1765,4,1769,44
2020-08-09,Yuba,115,75493,629,442,1,443,1
2020-08-08,Alameda,001,1643700,15369,13087,112,13199,204
2020-08-08,Alpine,003,1148,2,2,0,2,0
2020-08-08,Amador,005,37829,243,139,0,139,2
2020-08-08,Butte,007,227075,1393,1140,15,1155,15
2020-08-08,Calaveras,009,45235,165,122,0,122,1
2020-08-08,Colusa,011,21464,409,368,0,368,4
2020-08-08,Contra Costa,013,1133247,11899,9104,33,9137,129
2020-08-08,Del Norte,015,27424,97,69,0,69,0
2020-08-08,El Dorado,017,186661,877,734,0,734,2
2020-08-08,Fresno,019,978130,23871,17538,231,17769,183
2020-08-08,Glenn,021,27897,406,344,0,344,1
2020-08-08,Humboldt,023,135768,304,277,1,278,4
2020-08-08,Imperial,025,180216,10685,8213,8,8221,165
2020-08-08,Inyo,027,18085,113,86,1,87,1
2020-08-08,Kern,029,883053,26931,22803,156,22959,215
2020-08-08,Kings,031,150075,5276,4367,30,4397,49
2020-08-08,Lake,033,64148,264,221,0,221,2
2020-08-08,Lassen,035,31185,698,589,2,591,0
2020-08-08,Los Angeles,037,10098052,217634,206971,735,207706,4974
2020-08-08,Madera,039,155013,3247,2275,12,2287,22
2020-08-08,Marin,041,260295,5688,5118,10,5128,44
2020-08-08,Mariposa,043,17540,65,55,0,55,2
2020-08-08,Mendocino,045,87422,442,264,0,264,1
2020-08-08,Merced,047,269075,6759,4570,4,4574,51
2020-08-08,Modoc,049,8938,7,4,0,4,0
2020-08-08,Mono,051,14174,160,113,2,115,1
2020-08-08,Monterey,053,433212,6478,5101,19,5120,33
2020-08-08,Napa,055,140530,1271,1062,2,1064,8
2020-08-08,Nevada,057,99092,375,325,13,338,1
2020-08-08,Orange,059,3164182,46261,38688,915,39603,718
2020-08-08,Placer,061,380077,2599,2153,4,2157,20
2020-08-08,Plumas,063,18699,38,27,0,27,0
2020-08-08,Riverside,065,2383286,48384,41412,48,41460,823
2020-08-08,Sacramento,067,1510023,14621,11144,14,11158,166
2020-08-08,San Benito,069,59416,805,684,0,684,2
2020-08-08,San Bernardino,071,2135413,43742,35691,207,35898,531
2020-08-08,San Diego,073,3302833,34705,32332,84,32416,593
2020-08-08,San Francisco,075,870044,8129,6820,8,6828,66
2020-08-08,San Joaquin,077,732212,16062,12559,19,12578,240
2020-08-08,San Luis Obispo,079,281455,2473,2081,14,2095,15
2020-08-08,San Mateo,081,765935,7257,6021,7,6028,117
2020-08-08,Santa Barbara,083,443738,7448,6598,66,6664,66
2020-08-08,Santa Clara,085,1922200,14924,11615,31,11646,181
2020-08-08,Santa Cruz,087,273765,1494,1247,10,1257,4
2020-08-08,Shasta,089,179085,545,343,3,346,9
2020-08-08,Sierra,091,2930,5,3,0,3,0
2020-08-08,Siskiyou,093,43540,112,73,0,73,0
2020-08-08,Solano,095,438530,4724,3889,29,3918,31
2020-08-08,Sonoma,097,501317,4364,3399,7,3406,41
2020-08-08,Stanislaus,099,539301,13084,9963,113,10076,105
2020-08-08,Sutter,101,95872,1024,830,1,831,7
2020-08-08,Tehama,103,63373,318,251,2,253,1
2020-08-08,Trinity,105,12862,31,5,6,11,0
2020-08-08,Tulare,107,460477,12526,10505,35,10540,192
2020-08-08,Tuolumne,109,53932,160,143,2,145,1
2020-08-08,Ventura,111,848112,9688,8462,46,8508,85
2020-08-08,Yolo,113,214977,2071,1725,4,1729,44
2020-08-08,Yuba,115,75493,620,430,1,431,1
2020-08-07,Alameda,001,1643700,15259,12805,112,12917,204
2020-08-07,Alpine,003,1148,2,2,0,2,0
2020-08-07,Amador,005,37829,241,125,0,125,2
2020-08-07,Butte,007,227075,1375,1092,15,1107,13
2020-08-07,Calaveras,009,45235,165,119,0,119,1
2020-08-07,Colusa,011,21464,408,358,0,358,4
2020-08-07,Contra Costa,013,1133247,11750,8810,33,8843,126
2020-08-07,Del Norte,015,27424,97,69,0,69,0
2020-08-07,El Dorado,017,186661,872,724,0,724,2
2020-08-07,Fresno,019,978130,23711,17290,231,17521,171
2020-08-07,Glenn,021,27897,405,339,0,339,1
2020-08-07,Humboldt,023,135768,300,274,1,275,4
2020-08-07,Imperial,025,180216,10660,8085,8,8093,164
2020-08-07,Inyo,027,18085,112,81,1,82,1
2020-08-07,Kern,029,883053,26805,22143,153,22296,206
2020-08-07,Kings,031,150075,5259,4315,30,4345,48
2020-08-07,Lake,033,64148,262,215,0,215,1
2020-08-07,Lassen,035,31185,697,588,2,590,0
2020-08-07,Los Angeles,037,10098052,216182,204406,723,205129,4924
2020-08-07,Madera,039,155013,3215,2245,12,2257,20
2020-08-07,Marin,041,260295,5659,5094,10,5104,43
2020-08-07,Mariposa,043,17540,65,53,0,53,2
2020-08-07,Mendocino,045,87422,428,262,0,262,1
2020-08-07,Merced,047,269075,6716,4358,4,4362,30
2020-08-07,Modoc,049,8938,7,4,0,4,0
2020-08-07,Mono,051,14174,160,112,2,114,1
2020-08-07,Monterey,053,433212,6403,5041,19,5060,33
2020-08-07,Napa,055,140530,1266,1055,2,1057,8
2020-08-07,Nevada,057,99092,372,324,13,337,1
2020-08-07,Orange,059,3164182,46049,38459,898,39357,701
2020-08-07,Placer,061,380077,2581,2078,4,2082,20
2020-08-07,Plumas,063,18699,38,25,0,25,0
2020-08-07,Riverside,065,2383286,48121,40902,47,40949,810
2020-08-07,Sacramento,067,1510023,14476,10798,14,10812,160
2020-08-07,San Benito,069,59416,799,647,0,647,2
2020-08-07,San Bernardino,071,2135413,43495,35200,206,35406,524
2020-08-07,San Diego,073,3302833,34520,31781,81,31862,586
2020-08-07,San Francisco,075,870044,8051,6765,8,6773,66
2020-08-07,San Joaquin,077,732212,15977,12392,19,12411,223
2020-08-07,San Luis Obispo,079,281455,2442,2050,14,2064,14
2020-08-07,San Mateo,081,765935,7198,5948,7,5955,117
2020-08-07,Santa Barbara,083,443738,7397,6509,66,6575,66
2020-08-07,Santa Clara,085,1922200,14725,11409,31,11440,180
2020-08-07,Santa Cruz,087,273765,1476,1234,10,1244,5
2020-08-07,Shasta,089,179085,540,342,3,345,9
2020-08-07,Sierra,091,2930,5,3,0,3,0
2020-08-07,Siskiyou,093,43540,109,73,0,73,0
2020-08-07,Solano,095,438530,4692,3844,28,3872,31
2020-08-07,Sonoma,097,501317,4300,3329,7,3336,34
2020-08-07,Stanislaus,099,539301,12962,9665,103,9768,98
2020-08-07,Sutter,101,95872,1020,807,1,808,6
2020-08-07,Tehama,103,63373,314,246,2,248,1
2020-08-07,Trinity,105,12862,30,5,6,11,0
2020-08-07,Tulare,107,460477,12449,10292,35,10327,195
2020-08-07,Tuolumne,109,53932,159,136,2,138,1
2020-08-07,Ventura,111,848112,9628,8356,44,8400,84
2020-08-07,Yolo,113,214977,2044,1689,4,1693,37
2020-08-07,Yuba,115,75493,615,413,1,414,1
2020-08-06,Alameda,001,1643700,15036,12474,111,12585,200
2020-08-06,Alpine,003,1148,2,2,0,2,0
2020-08-06,Amador,005,37829,227,125,0,125,0
2020-08-06,Butte,007,227075,1356,1060,15,1075,13
2020-08-06,Calaveras,009,45235,163,117,0,117,1
2020-08-06,Colusa,011,21464,405,358,0,358,3
2020-08-06,Contra Costa,013,1133247,11556,8583,32,8615,124
2020-08-06,Del Norte,015,27424,97,69,0,69,0
2020-08-06,El Dorado,017,186661,861,703,0,703,1
2020-08-06,Fresno,019,978130,23413,17031,224,17255,161
2020-08-06,Glenn,021,27897,400,332,0,332,1
2020-08-06,Humboldt,023,135768,295,266,1,267,4
2020-08-06,Imperial,025,180216,10617,8064,8,8072,163
2020-08-06,Inyo,027,18085,104,83,1,84,1
2020-08-06,Kern,029,883053,26569,21843,152,21995,197
2020-08-06,Kings,031,150075,5197,4264,29,4293,47
2020-08-06,Lake,033,64148,259,209,0,209,1
2020-08-06,Lassen,035,31185,695,588,2,590,0
2020-08-06,Los Angeles,037,10098052,214116,201372,707,202079,4874
2020-08-06,Madera,039,155013,3167,2240,11,2251,19
2020-08-06,Marin,041,260295,5627,5058,10,5068,43
2020-08-06,Mariposa,043,17540,64,52,0,52,2
2020-08-06,Mendocino,045,87422,414,260,0,260,1
2020-08-06,Merced,047,269075,6615,4235,4,4239,30
2020-08-06,Modoc,049,8938,7,4,0,4,0
2020-08-06,Mono,051,14174,159,111,2,113,1
2020-08-06,Monterey,053,433212,6294,5001,18,5019,33
2020-08-06,Napa,055,140530,1252,1032,2,1034,8
2020-08-06,Nevada,057,99092,367,321,13,334,1
2020-08-06,Orange,059,3164182,45757,38399,893,39292,694
2020-08-06,Placer,061,380077,2555,2045,4,2049,20
2020-08-06,Plumas,063,18699,37,25,0,25,0
2020-08-06,Riverside,065,2383286,47726,40269,47,40316,781
2020-08-06,Sacramento,067,1510023,14247,10548,14,10562,153
2020-08-06,San Benito,069,59416,791,626,0,626,2
2020-08-06,San Bernardino,071,2135413,43091,34819,204,35023,516
2020-08-06,San Diego,073,3302833,34253,31129,74,31203,583
2020-08-06,San Francisco,075,870044,7958,6737,7,6744,60
2020-08-06,San Joaquin,077,732212,15818,12269,19,12288,203
2020-08-06,San Luis Obispo,079,281455,2418,2000,13,2013,13
2020-08-06,San Mateo,081,765935,7098,5885,7,5892,117
2020-08-06,Santa Barbara,083,443738,7337,6620,66,6686,65
2020-08-06,Santa Clara,085,1922200,14496,11280,31,11311,178
2020-08-06,Santa Cruz,087,273765,1455,1215,10,1225,4
2020-08-06,Shasta,089,179085,531,343,3,346,9
2020-08-06,Sierra,091,2930,5,3,0,3,0
2020-08-06,Siskiyou,093,43540,109,73,0,73,0
2020-08-06,Solano,095,438530,4649,3784,28,3812,29
2020-08-06,Sonoma,097,501317,4236,3259,7,3266,33
2020-08-06,Stanislaus,099,539301,12812,9566,87,9653,98
2020-08-06,Sutter,101,95872,989,797,1,798,6
2020-08-06,Tehama,103,63373,311,242,2,244,1
2020-08-06,Trinity,105,12862,27,5,6,11,0
2020-08-06,Tulare,107,460477,12290,10169,35,10204,195
2020-08-06,Tuolumne,109,53932,158,136,2,138,1
2020-08-06,Ventura,111,848112,9513,8245,41,8286,80
2020-08-06,Yolo,113,214977,2020,1662,4,1666,36
2020-08-06,Yuba,115,75493,606,407,0,407,1
2020-08-05,Alameda,001,1643700,14822,12140,111,12251,193
2020-08-05,Alpine,003,1148,2,2,0,2,0
2020-08-05,Amador,005,37829,217,123,0,123,0
2020-08-05,Butte,007,227075,1322,1038,14,1052,13
2020-08-05,Calaveras,009,45235,160,116,0,116,1
2020-08-05,Colusa,011,21464,401,354,0,354,3
2020-08-05,Contra Costa,013,1133247,11392,8362,32,8394,122
2020-08-05,Del Norte,015,27424,96,69,0,69,0
2020-08-05,El Dorado,017,186661,853,692,0,692,1
2020-08-05,Fresno,019,978130,23169,16625,219,16844,159
2020-08-05,Glenn,021,27897,397,330,0,330,1
2020-08-05,Humboldt,023,135768,293,249,1,250,4
2020-08-05,Imperial,025,180216,10582,8036,8,8044,163
2020-08-05,Inyo,027,18085,102,62,1,63,1
2020-08-05,Kern,029,883053,26381,21540,147,21687,194
2020-08-05,Kings,031,150075,5152,4192,27,4219,47
2020-08-05,Lake,033,64148,252,209,0,209,1
2020-08-05,Lassen,035,31185,648,557,2,559,0
2020-08-05,Los Angeles,037,10098052,212203,198355,688,199043,4832
2020-08-05,Madera,039,155013,3125,2172,11,2183,19
2020-08-05,Marin,041,260295,5595,5036,10,5046,43
2020-08-05,Mariposa,043,17540,64,52,0,52,2
2020-08-05,Mendocino,045,87422,402,248,0,248,1
2020-08-05,Merced,047,269075,6480,4119,4,4123,30
2020-08-05,Modoc,049,8938,7,3,0,3,0
2020-08-05,Mono,051,14174,159,104,2,106,1
2020-08-05,Monterey,053,433212,6179,4936,18,4954,32
2020-08-05,Napa,055,140530,1240,1020,2,1022,8
2020-08-05,Nevada,057,99092,358,327,13,340,2
2020-08-05,Orange,059,3164182,45448,37907,885,38792,663
2020-08-05,Placer,061,380077,2514,1989,4,1993,18
2020-08-05,Plumas,063,18699,36,25,0,25,0
2020-08-05,Riverside,065,2383286,47334,39454,45,39499,761
2020-08-05,Sacramento,067,1510023,14028,10261,13,10274,151
2020-08-05,San Benito,069,59416,782,613,0,613,2
2020-08-05,San Bernardino,071,2135413,42629,34442,199,34641,504
2020-08-05,San Diego,073,3302833,34029,30866,58,30924,578
2020-08-05,San Francisco,075,870044,7865,6701,7,6708,60
2020-08-05,San Joaquin,077,732212,15655,12148,19,12167,199
2020-08-05,San Luis Obispo,079,281455,2394,1928,13,1941,13
2020-08-05,San Mateo,081,765935,7002,5695,7,5702,116
2020-08-05,Santa Barbara,083,443738,7276,6597,66,6663,63
2020-08-05,Santa Clara,085,1922200,14262,11074,31,11105,176
2020-08-05,Santa Cruz,087,273765,1435,1192,8,1200,4
2020-08-05,Shasta,089,179085,525,338,3,341,9
2020-08-05,Sierra,091,2930,5,3,0,3,0
2020-08-05,Siskiyou,093,43540,105,72,0,72,0
2020-08-05,Solano,095,438530,4598,3750,27,3777,29
2020-08-05,Sonoma,097,501317,4154,3173,7,3180,33
2020-08-05,Stanislaus,099,539301,12653,9408,82,9490,97
2020-08-05,Sutter,101,95872,978,780,1,781,6
2020-08-05,Tehama,103,63373,308,231,2,233,1
2020-08-05,Trinity,105,12862,27,5,6,11,0
2020-08-05,Tulare,107,460477,12150,9924,35,9959,192
2020-08-05,Tuolumne,109,53932,158,137,2,139,0
2020-08-05,Ventura,111,848112,9397,8162,37,8199,75
2020-08-05,Yolo,113,214977,1992,1634,4,1638,36
2020-08-05,Yuba,115,75493,589,400,0,400,1
2020-08-04,Alameda,001,1643700,14605,11983,110,12093,192
2020-08-04,Alpine,003,1148,2,2,0,2,0
2020-08-04,Amador,005,37829,202,123,0,123,0
2020-08-04,Butte,007,227075,1298,1011,14,1025,10
2020-08-04,Calaveras,009,45235,156,116,0,116,1
2020-08-04,Colusa,011,21464,396,354,0,354,3
2020-08-04,Contra Costa,013,1133247,11225,8210,32,8242,122
2020-08-04,Del Norte,015,27424,94,69,0,69,0
2020-08-04,El Dorado,017,186661,843,668,0,668,1
2020-08-04,Fresno,019,978130,22885,16272,211,16483,154
2020-08-04,Glenn,021,27897,396,325,0,325,1
2020-08-04,Humboldt,023,135768,283,241,1,242,4
2020-08-04,Imperial,025,180216,10545,7974,8,7982,163
2020-08-04,Inyo,027,18085,88,59,1,60,1
2020-08-04,Kern,029,883053,26098,21403,147,21550,190
2020-08-04,Kings,031,150075,5087,4163,27,4190,47
2020-08-04,Lake,033,64148,252,206,0,206,1
2020-08-04,Lassen,035,31185,645,556,2,558,0
2020-08-04,Los Angeles,037,10098052,210278,196014,657,196671,4764
2020-08-04,Madera,039,155013,3081,2161,7,2168,19
2020-08-04,Marin,041,260295,5564,5020,9,5029,43
2020-08-04,Mariposa,043,17540,64,51,0,51,2
2020-08-04,Mendocino,045,87422,377,248,0,248,1
2020-08-04,Merced,047,269075,6366,4085,4,4089,30
2020-08-04,Modoc,049,8938,7,3,0,3,0
2020-08-04,Mono,051,14174,158,104,1,105,1
2020-08-04,Monterey,053,433212,6065,4892,18,4910,32
2020-08-04,Napa,055,140530,1227,994,0,994,8
2020-08-04,Nevada,057,99092,357,322,13,335,2
2020-08-04,Orange,059,3164182,45072,37844,879,38723,659
2020-08-04,Placer,061,380077,2477,1964,4,1968,17
2020-08-04,Plumas,063,18699,36,25,0,25,0
2020-08-04,Riverside,065,2383286,46949,38991,44,39035,743
2020-08-04,Sacramento,067,1510023,13810,10205,13,10218,146
2020-08-04,San Benito,069,59416,766,608,0,608,2
2020-08-04,San Bernardino,071,2135413,42080,34215,194,34409,495
2020-08-04,San Diego,073,3302833,33736,30518,46,30564,568
2020-08-04,San Francisco,075,870044,7777,6568,7,6575,60
2020-08-04,San Joaquin,077,732212,15526,12087,16,12103,189
2020-08-04,San Luis Obispo,079,281455,2364,1886,13,1899,13
2020-08-04,San Mateo,081,765935,6896,5690,7,5697,116
2020-08-04,Santa Barbara,083,443738,7216,6591,66,6657,61
2020-08-04,Santa Clara,085,1922200,13961,10986,30,11016,175
2020-08-04,Santa Cruz,087,273765,1416,1202,8,1210,4
2020-08-04,Shasta,089,179085,519,335,3,338,9
2020-08-04,Sierra,091,2930,5,1,0,1,0
2020-08-04,Siskiyou,093,43540,103,71,0,71,0
2020-08-04,Solano,095,438530,4527,3690,27,3717,29
2020-08-04,Sonoma,097,501317,4087,3108,7,3115,33
2020-08-04,Stanislaus,099,539301,12485,9359,74,9433,97
2020-08-04,Sutter,101,95872,964,761,1,762,6
2020-08-04,Tehama,103,63373,301,226,2,228,1
2020-08-04,Trinity,105,12862,27,5,6,11,0
2020-08-04,Tulare,107,460477,11970,9866,35,9901,192
2020-08-04,Tuolumne,109,53932,157,127,2,129,0
2020-08-04,Ventura,111,848112,9283,8134,35,8169,75
2020-08-04,Yolo,113,214977,1966,1626,4,1630,37
2020-08-04,Yuba,115,75493,574,398,0,398,1
2020-08-03,Alameda,001,1643700,14421,11817,106,11923,189
2020-08-03,Alpine,003,1148,2,2,0,2,0
2020-08-03,Amador,005,37829,198,119,0,119,0
2020-08-03,Butte,007,227075,1252,989,13,1002,9
2020-08-03,Calaveras,009,45235,153,117,0,117,1
2020-08-03,Colusa,011,21464,392,336,0,336,2
2020-08-03,Contra Costa,013,1133247,11028,8069,29,8098,120
2020-08-03,Del Norte,015,27424,90,68,0,68,0
2020-08-03,El Dorado,017,186661,832,645,0,645,1
2020-08-03,Fresno,019,978130,22591,15945,205,16150,151
2020-08-03,Glenn,021,27897,389,316,0,316,1
2020-08-03,Humboldt,023,135768,276,234,1,235,4
2020-08-03,Imperial,025,180216,10491,7953,8,7961,161
2020-08-03,Inyo,027,18085,85,57,1,58,1
2020-08-03,Kern,029,883053,25731,21285,140,21425,176
2020-08-03,Kings,031,150075,4975,4107,26,4133,47
2020-08-03,Lake,033,64148,245,201,0,201,1
2020-08-03,Lassen,035,31185,645,555,2,557,0
2020-08-03,Los Angeles,037,10098052,208251,194103,626,194729,4706
2020-08-03,Madera,039,155013,3032,2143,6,2149,18
2020-08-03,Marin,041,260295,5517,5001,9,5010,43
2020-08-03,Mariposa,043,17540,63,52,0,52,2
2020-08-03,Mendocino,045,87422,354,248,0,248,1
2020-08-03,Merced,047,269075,6244,4028,4,4032,29
2020-08-03,Modoc,049,8938,7,2,0,2,0
2020-08-03,Mono,051,14174,158,104,1,105,1
2020-08-03,Monterey,053,433212,5914,4806,15,4821,28
2020-08-03,Napa,055,140530,1213,973,0,973,8
2020-08-03,Nevada,057,99092,352,315,13,328,2
2020-08-03,Orange,059,3164182,44678,37705,869,38574,651
2020-08-03,Placer,061,380077,2422,1947,3,1950,16
2020-08-03,Plumas,063,18699,36,25,0,25,0
2020-08-03,Riverside,065,2383286,46481,38642,44,38686,740
2020-08-03,Sacramento,067,1510023,13615,10143,13,10156,142
2020-08-03,San Benito,069,59416,754,603,0,603,2
2020-08-03,San Bernardino,071,2135413,41553,33979,188,34167,444
2020-08-03,San Diego,073,3302833,33422,30228,36,30264,565
2020-08-03,San Francisco,075,870044,7683,6319,7,6326,60
2020-08-03,San Joaquin,077,732212,15329,12007,15,12022,189
2020-08-03,San Luis Obispo,079,281455,2322,1863,10,1873,14
2020-08-03,San Mateo,081,765935,6815,5661,7,5668,115
2020-08-03,Santa Barbara,083,443738,7172,6580,66,6646,59
2020-08-03,Santa Clara,085,1922200,13685,10747,30,10777,172
2020-08-03,Santa Cruz,087,273765,1396,1154,8,1162,4
2020-08-03,Shasta,089,179085,512,322,3,325,9
2020-08-03,Sierra,091,2930,5,1,0,1,0
2020-08-03,Siskiyou,093,43540,99,67,0,67,0
2020-08-03,Solano,095,438530,4458,3610,26,3636,29
2020-08-03,Sonoma,097,501317,3986,3079,6,3085,33
2020-08-03,Stanislaus,099,539301,12276,9308,66,9374,96
2020-08-03,Sutter,101,95872,940,713,1,714,6
2020-08-03,Tehama,103,63373,293,225,2,227,1
2020-08-03,Trinity,105,12862,27,5,6,11,0
2020-08-03,Tulare,107,460477,11786,9703,35,9738,188
2020-08-03,Tuolumne,109,53932,157,123,2,125,0
2020-08-03,Ventura,111,848112,9192,8084,32,8116,74
2020-08-03,Yolo,113,214977,1931,1598,3,1601,37
2020-08-03,Yuba,115,75493,550,393,0,393,1
2020-08-02,Alameda,001,1643700,14174,11696,94,11790,188
2020-08-02,Alpine,003,1148,2,2,0,2,0
2020-08-02,Amador,005,37829,193,117,0,117,0
2020-08-02,Butte,007,227075,1217,987,13,1000,9
2020-08-02,Calaveras,009,45235,150,116,0,116,1
2020-08-02,Colusa,011,21464,387,335,0,335,2
2020-08-02,Contra Costa,013,1133247,10789,7995,29,8024,118
2020-08-02,Del Norte,015,27424,89,68,0,68,0
2020-08-02,El Dorado,017,186661,822,643,0,643,1
2020-08-02,Fresno,019,978130,22316,15759,199,15958,151
2020-08-02,Glenn,021,27897,388,315,0,315,1
2020-08-02,Humboldt,023,135768,271,232,1,233,4
2020-08-02,Imperial,025,180216,10428,7919,7,7926,157
2020-08-02,Inyo,027,18085,84,45,1,46,1
2020-08-02,Kern,029,883053,25433,21162,138,21300,176
2020-08-02,Kings,031,150075,4913,3964,25,3989,47
2020-08-02,Lake,033,64148,240,201,0,201,1
2020-08-02,Lassen,035,31185,645,555,2,557,0
2020-08-02,Los Angeles,037,10098052,206172,192480,608,193088,4698
2020-08-02,Madera,039,155013,2966,2123,4,2127,18
2020-08-02,Marin,041,260295,5482,4985,9,4994,43
2020-08-02,Mariposa,043,17540,61,52,0,52,2
2020-08-02,Mendocino,045,87422,344,247,0,247,1
2020-08-02,Merced,047,269075,6103,4011,4,4015,29
2020-08-02,Modoc,049,8938,7,2,0,2,0
2020-08-02,Mono,051,14174,151,104,1,105,1
2020-08-02,Monterey,053,433212,5788,4698,15,4713,28
2020-08-02,Napa,055,140530,1198,956,0,956,8
2020-08-02,Nevada,057,99092,349,314,13,327,2
2020-08-02,Orange,059,3164182,44297,37266,858,38124,651
2020-08-02,Placer,061,380077,2383,1920,3,1923,15
2020-08-02,Plumas,063,18699,36,25,0,25,0
2020-08-02,Riverside,065,2383286,46048,38507,43,38550,735
2020-08-02,Sacramento,067,1510023,13336,10099,13,10112,142
2020-08-02,San Benito,069,59416,740,599,0,599,2
2020-08-02,San Bernardino,071,2135413,40952,33643,184,33827,443
2020-08-02,San Diego,073,3302833,33082,29885,27,29912,565
2020-08-02,San Francisco,075,870044,7565,6297,7,6304,60
2020-08-02,San Joaquin,077,732212,15043,11937,13,11950,189
2020-08-02,San Luis Obispo,079,281455,2259,1821,10,1831,14
2020-08-02,San Mateo,081,765935,6700,5618,7,5625,115
2020-08-02,Santa Barbara,083,443738,7081,6532,66,6598,59
2020-08-02,Santa Clara,085,1922200,13467,10577,30,10607,172
2020-08-02,Santa Cruz,087,273765,1376,1162,8,1170,4
2020-08-02,Shasta,089,179085,508,318,3,321,9
2020-08-02,Sierra,091,2930,4,1,0,1,0
2020-08-02,Siskiyou,093,43540,99,65,0,65,0
2020-08-02,Solano,095,438530,4399,3609,26,3635,29
2020-08-02,Sonoma,097,501317,3902,3005,6,3011,33
2020-08-02,Stanislaus,099,539301,12061,9277,61,9338,96
2020-08-02,Sutter,101,95872,905,714,1,715,6
2020-08-02,Tehama,103,63373,287,222,2,224,1
2020-08-02,Trinity,105,12862,27,5,6,11,0
2020-08-02,Tulare,107,460477,11577,9593,35,9628,188
2020-08-02,Tuolumne,109,53932,154,123,2,125,0
2020-08-02,Ventura,111,848112,9045,8014,32,8046,73
2020-08-02,Yolo,113,214977,1906,1588,3,1591,37
2020-08-02,Yuba,115,75493,530,393,0,393,1
2020-08-01,Alameda,001,1643700,14062,11590,94,11684,188
2020-08-01,Alpine,003,1148,2,2,0,2,0
2020-08-01,Amador,005,37829,189,109,0,109,0
2020-08-01,Butte,007,227075,1203,976,13,989,9
2020-08-01,Calaveras,009,45235,146,116,0,116,1
2020-08-01,Colusa,011,21464,386,327,0,327,2
2020-08-01,Contra Costa,013,1133247,10656,7867,28,7895,116
2020-08-01,Del Norte,015,27424,89,68,0,68,0
2020-08-01,El Dorado,017,186661,819,637,0,637,1
2020-08-01,Fresno,019,978130,22179,15448,199,15647,149
2020-08-01,Glenn,021,27897,387,311,0,311,1
2020-08-01,Humboldt,023,135768,270,232,1,233,4
2020-08-01,Imperial,025,180216,10392,7919,7,7926,156
2020-08-01,Inyo,027,18085,82,45,1,46,1
2020-08-01,Kern,029,883053,25275,20796,134,20930,176
2020-08-01,Kings,031,150075,4887,3948,25,3973,47
2020-08-01,Lake,033,64148,238,194,0,194,1
2020-08-01,Lassen,035,31185,644,555,2,557,0
2020-08-01,Los Angeles,037,10098052,205279,191023,581,191604,4674
2020-08-01,Madera,039,155013,2927,2103,4,2107,18
2020-08-01,Marin,041,260295,5467,4945,9,4954,43
2020-08-01,Mariposa,043,17540,61,50,0,50,2
2020-08-01,Mendocino,045,87422,337,243,0,243,1
2020-08-01,Merced,047,269075,6055,3972,4,3976,29
2020-08-01,Modoc,049,8938,7,2,0,2,0
2020-08-01,Mono,051,14174,150,104,1,105,1
2020-08-01,Monterey,053,433212,5721,4611,14,4625,28
2020-08-01,Napa,055,140530,1189,923,0,923,8
2020-08-01,Nevada,057,99092,345,305,13,318,2
2020-08-01,Orange,059,3164182,44070,36703,852,37555,648
2020-08-01,Placer,061,380077,2349,1891,3,1894,14
2020-08-01,Plumas,063,18699,35,25,0,25,0
2020-08-01,Riverside,065,2383286,45836,38216,41,38257,704
2020-08-01,Sacramento,067,1510023,13185,10044,13,10057,141
2020-08-01,San Benito,069,59416,729,579,0,579,2
2020-08-01,San Bernardino,071,2135413,40716,32947,183,33130,440
2020-08-01,San Diego,073,3302833,32865,29579,19,29598,565
2020-08-01,San Francisco,075,870044,7503,6296,7,6303,60
2020-08-01,San Joaquin,077,732212,14970,11807,12,11819,189
2020-08-01,San Luis Obispo,079,281455,2230,1798,10,1808,13
2020-08-01,San Mateo,081,765935,6646,5520,7,5527,115
2020-08-01,Santa Barbara,083,443738,7041,6465,66,6531,59
2020-08-01,Santa Clara,085,1922200,13316,10281,29,10310,171
2020-08-01,Santa Cruz,087,273765,1360,1164,8,1172,4
2020-08-01,Shasta,089,179085,503,312,3,315,9
2020-08-01,Sierra,091,2930,3,1,0,1,0
2020-08-01,Siskiyou,093,43540,99,64,0,64,0
2020-08-01,Solano,095,438530,4365,3591,25,3616,29
2020-08-01,Sonoma,097,501317,3856,2890,6,2896,29
2020-08-01,Stanislaus,099,539301,11943,9221,53,9274,96
2020-08-01,Sutter,101,95872,901,714,1,715,6
2020-08-01,Tehama,103,63373,284,220,2,222,1
2020-08-01,Trinity,105,12862,27,5,6,11,0
2020-08-01,Tulare,107,460477,11509,9520,35,9555,188
2020-08-01,Tuolumne,109,53932,154,123,2,125,0
2020-08-01,Ventura,111,848112,8999,7819,32,7851,73
2020-08-01,Yolo,113,214977,1896,1557,3,1560,37
2020-08-01,Yuba,115,75493,525,387,0,387,1
2020-07-31,Alameda,001,1643700,13931,11441,94,11535,187
2020-07-31,Alpine,003,1148,2,2,0,2,0
2020-07-31,Amador,005,37829,188,98,0,98,0
2020-07-31,Butte,007,227075,1180,925,13,938,7
2020-07-31,Calaveras,009,45235,146,112,0,112,1
2020-07-31,Colusa,011,21464,376,319,0,319,2
2020-07-31,Contra Costa,013,1133247,10508,7697,27,7724,113
2020-07-31,Del Norte,015,27424,88,68,0,68,0
2020-07-31,El Dorado,017,186661,808,616,0,616,1
2020-07-31,Fresno,019,978130,21958,15083,199,15282,133
2020-07-31,Glenn,021,27897,380,304,0,304,1
2020-07-31,Humboldt,023,135768,263,229,1,230,4
2020-07-31,Imperial,025,180216,10360,7886,7,7893,155
2020-07-31,Inyo,027,18085,72,45,1,46,1
2020-07-31,Kern,029,883053,25034,20061,130,20191,173
2020-07-31,Kings,031,150075,4859,3807,25,3832,45
2020-07-31,Lake,033,64148,237,191,0,191,1
2020-07-31,Lassen,035,31185,639,544,2,546,0
2020-07-31,Los Angeles,037,10098052,203679,188688,568,189256,4628
2020-07-31,Madera,039,155013,2880,2036,4,2040,19
2020-07-31,Marin,041,260295,5423,4885,6,4891,43
2020-07-31,Mariposa,043,17540,61,49,0,49,2
2020-07-31,Mendocino,045,87422,322,232,0,232,1
2020-07-31,Merced,047,269075,5972,3789,4,3793,30
2020-07-31,Modoc,049,8938,6,0,0,0,0
2020-07-31,Mono,051,14174,149,104,1,105,1
2020-07-31,Monterey,053,433212,5629,4493,14,4507,24
2020-07-31,Napa,055,140530,1177,897,0,897,7
2020-07-31,Nevada,057,99092,343,302,13,315,2
2020-07-31,Orange,059,3164182,43771,36196,837,37033,620
2020-07-31,Placer,061,380077,2324,1853,3,1856,14
2020-07-31,Plumas,063,18699,34,25,0,25,0
2020-07-31,Riverside,065,2383286,45446,37612,40,37652,694
2020-07-31,Sacramento,067,1510023,13007,9872,13,9885,132
2020-07-31,San Benito,069,59416,721,567,0,567,2
2020-07-31,San Bernardino,071,2135413,40386,32332,182,32514,434
2020-07-31,San Diego,073,3302833,32631,29050,11,29061,561
2020-07-31,San Francisco,075,870044,7404,6126,7,6133,60
2020-07-31,San Joaquin,077,732212,14830,11561,12,11573,177
2020-07-31,San Luis Obispo,079,281455,2161,1746,10,1756,12
2020-07-31,San Mateo,081,765935,6574,5416,7,5423,115
2020-07-31,Santa Barbara,083,443738,6974,6375,66,6441,58
2020-07-31,Santa Clara,085,1922200,13095,9863,29,9892,171
2020-07-31,Santa Cruz,087,273765,1337,1118,8,1126,4
2020-07-31,Shasta,089,179085,493,305,3,308,9
2020-07-31,Sierra,091,2930,3,1,0,1,0
2020-07-31,Siskiyou,093,43540,97,61,0,61,0
2020-07-31,Solano,095,438530,4318,3510,24,3534,29
2020-07-31,Sonoma,097,501317,3798,2745,6,2751,27
2020-07-31,Stanislaus,099,539301,11836,9061,48,9109,94
2020-07-31,Sutter,101,95872,896,714,1,715,6
2020-07-31,Tehama,103,63373,281,213,2,215,1
2020-07-31,Trinity,105,12862,27,5,6,11,0
2020-07-31,Tulare,107,460477,11388,9365,35,9400,184
2020-07-31,Tuolumne,109,53932,154,120,2,122,0
2020-07-31,Ventura,111,848112,8924,7521,32,7553,71
2020-07-31,Yolo,113,214977,1870,1522,3,1525,38
2020-07-31,Yuba,115,75493,516,369,0,369,1
2020-07-30,Alameda,001,1643700,13728,11303,54,11357,185
2020-07-30,Alpine,003,1148,2,2,0,2,0
2020-07-30,Amador,005,37829,170,97,0,97,0
2020-07-30,Butte,007,227075,1164,915,13,928,7
2020-07-30,Calaveras,009,45235,142,111,0,111,1
2020-07-30,Colusa,011,21464,373,315,0,315,2
2020-07-30,Contra Costa,013,1133247,10323,7615,26,7641,112
2020-07-30,Del Norte,015,27424,88,68,0,68,0
2020-07-30,El Dorado,017,186661,801,608,0,608,1
2020-07-30,Fresno,019,978130,21622,14793,193,14986,133
2020-07-30,Glenn,021,27897,373,297,0,297,1
2020-07-30,Humboldt,023,135768,261,228,1,229,4
2020-07-30,Imperial,025,180216,10301,7849,7,7856,151
2020-07-30,Inyo,027,18085,68,44,1,45,1
2020-07-30,Kern,029,883053,24741,19552,126,19678,171
2020-07-30,Kings,031,150075,4755,3785,25,3810,43
2020-07-30,Lake,033,64148,231,181,0,181,1
2020-07-30,Lassen,035,31185,636,544,2,546,0
2020-07-30,Los Angeles,037,10098052,201650,186177,537,186714,4564
2020-07-30,Madera,039,155013,2810,2007,4,2011,18
2020-07-30,Marin,041,260295,5381,4835,5,4840,39
2020-07-30,Mariposa,043,17540,61,49,0,49,1
2020-07-30,Mendocino,045,87422,315,232,0,232,1
2020-07-30,Merced,047,269075,5807,3695,4,3699,30
2020-07-30,Modoc,049,8938,6,0,0,0,0
2020-07-30,Mono,051,14174,148,104,1,105,1
2020-07-30,Monterey,053,433212,5517,4352,14,4366,24
2020-07-30,Napa,055,140530,1160,874,0,874,7
2020-07-30,Nevada,057,99092,338,292,13,305,2
2020-07-30,Orange,059,3164182,43356,36105,812,36917,607
2020-07-30,Placer,061,380077,2273,1821,3,1824,14
2020-07-30,Plumas,063,18699,33,25,0,25,0
2020-07-30,Riverside,065,2383286,44905,37308,40,37348,685
2020-07-30,Sacramento,067,1510023,12788,9704,13,9717,126
2020-07-30,San Benito,069,59416,708,558,0,558,2
2020-07-30,San Bernardino,071,2135413,39862,32010,182,32192,427
2020-07-30,San Diego,073,3302833,32284,28670,9,28679,558
2020-07-30,San Francisco,075,870044,7304,6107,7,6114,59
2020-07-30,San Joaquin,077,732212,14636,11435,12,11447,161
2020-07-30,San Luis Obispo,079,281455,2126,1703,10,1713,12
2020-07-30,San Mateo,081,765935,6479,5369,7,5376,115
2020-07-30,Santa Barbara,083,443738,6894,6273,66,6339,52
2020-07-30,Santa Clara,085,1922200,12859,9708,28,9736,170
2020-07-30,Santa Cruz,087,273765,1309,1087,8,1095,4
2020-07-30,Shasta,089,179085,489,306,3,309,8
2020-07-30,Sierra,091,2930,3,1,0,1,0
2020-07-30,Siskiyou,093,43540,96,60,0,60,0
2020-07-30,Solano,095,438530,4267,3463,24,3487,29
2020-07-30,Sonoma,097,501317,3726,2684,6,2690,25
2020-07-30,Stanislaus,099,539301,11623,8890,40,8930,94
2020-07-30,Sutter,101,95872,877,698,1,699,6
2020-07-30,Tehama,103,63373,278,208,2,210,1
2020-07-30,Trinity,105,12862,26,4,6,10,0
2020-07-30,Tulare,107,460477,11259,9167,35,9202,177
2020-07-30,Tuolumne,109,53932,153,119,2,121,0
2020-07-30,Ventura,111,848112,8812,7304,30,7334,69
2020-07-30,Yolo,113,214977,1850,1511,3,1514,37
2020-07-30,Yuba,115,75493,503,362,0,362,1
2020-07-29,Alameda,001,1643700,13509,11177,49,11226,180
2020-07-29,Alpine,003,1148,2,2,0,2,0
2020-07-29,Amador,005,37829,162,80,0,80,0
2020-07-29,Butte,007,227075,1138,889,11,900,7
2020-07-29,Calaveras,009,45235,136,107,0,107,1
2020-07-29,Colusa,011,21464,369,302,0,302,2
2020-07-29,Contra Costa,013,1133247,10119,7520,26,7546,108
2020-07-29,Del Norte,015,27424,88,68,0,68,0
2020-07-29,El Dorado,017,186661,791,588,0,588,1
2020-07-29,Fresno,019,978130,21330,14312,193,14505,125
2020-07-29,Glenn,021,27897,366,294,0,294,1
2020-07-29,Humboldt,023,135768,258,221,1,222,4
2020-07-29,Imperial,025,180216,10253,7825,7,7832,147
2020-07-29,Inyo,027,18085,63,44,1,45,1
2020-07-29,Kern,029,883053,24403,19073,123,19196,162
2020-07-29,Kings,031,150075,4707,3755,25,3780,43
2020-07-29,Lake,033,64148,229,179,0,179,1
2020-07-29,Lassen,035,31185,621,513,2,515,0
2020-07-29,Los Angeles,037,10098052,199624,183600,520,184120,4523
2020-07-29,Madera,039,155013,2756,1941,4,1945,18
2020-07-29,Marin,041,260295,5343,4747,5,4752,34
2020-07-29,Mariposa,043,17540,60,47,0,47,1
2020-07-29,Mendocino,045,87422,307,228,0,228,0
2020-07-29,Merced,047,269075,5667,3605,4,3609,25
2020-07-29,Modoc,049,8938,5,0,0,0,0
2020-07-29,Mono,051,14174,145,102,1,103,1
2020-07-29,Monterey,053,433212,5418,4252,14,4266,24
2020-07-29,Napa,055,140530,1132,866,0,866,7
2020-07-29,Nevada,057,99092,334,288,13,301,1
2020-07-29,Orange,059,3164182,42922,35339,800,36139,589
2020-07-29,Placer,061,380077,2241,1798,3,1801,14
2020-07-29,Plumas,063,18699,33,25,0,25,0
2020-07-29,Riverside,065,2383286,44313,36968,40,37008,678
2020-07-29,Sacramento,067,1510023,12542,9538,13,9551,122
2020-07-29,San Benito,069,59416,693,537,0,537,2
2020-07-29,San Bernardino,071,2135413,39373,31168,171,31339,417
2020-07-29,San Diego,073,3302833,31959,28289,8,28297,552
2020-07-29,San Francisco,075,870044,7210,6041,7,6048,56
2020-07-29,San Joaquin,077,732212,14388,11249,9,11258,154
2020-07-29,San Luis Obispo,079,281455,2105,1673,10,1683,11
2020-07-29,San Mateo,081,765935,6391,5305,7,5312,114
2020-07-29,Santa Barbara,083,443738,6826,6215,66,6281,31
2020-07-29,Santa Clara,085,1922200,12652,9567,28,9595,165
2020-07-29,Santa Cruz,087,273765,1285,1051,8,1059,4
2020-07-29,Shasta,089,179085,477,297,3,300,8
2020-07-29,Sierra,091,2930,2,1,0,1,0
2020-07-29,Siskiyou,093,43540,94,58,0,58,0
2020-07-29,Solano,095,438530,4213,3380,24,3404,29
2020-07-29,Sonoma,097,501317,3649,2598,6,2604,26
2020-07-29,Stanislaus,099,539301,11402,8745,34,8779,94
2020-07-29,Sutter,101,95872,849,678,1,679,6
2020-07-29,Tehama,103,63373,274,206,2,208,1
2020-07-29,Trinity,105,12862,26,4,6,10,0
2020-07-29,Tulare,107,460477,11088,9028,35,9063,156
2020-07-29,Tuolumne,109,53932,153,118,2,120,0
2020-07-29,Ventura,111,848112,8707,7161,30,7191,68
2020-07-29,Yolo,113,214977,1824,1488,3,1491,36
2020-07-29,Yuba,115,75493,487,350,0,350,1
2020-07-28,Alameda,001,1643700,13281,10875,48,10923,180
2020-07-28,Alpine,003,1148,2,2,0,2,0
2020-07-28,Amador,005,37829,152,77,0,77,0
2020-07-28,Butte,007,227075,1103,857,11,868,7
2020-07-28,Calaveras,009,45235,135,105,0,105,1
2020-07-28,Colusa,011,21464,363,290,0,290,2
2020-07-28,Contra Costa,013,1133247,9897,7426,26,7452,107
2020-07-28,Del Norte,015,27424,87,68,0,68,0
2020-07-28,El Dorado,017,186661,776,558,0,558,1
2020-07-28,Fresno,019,978130,20994,13933,187,14120,125
2020-07-28,Glenn,021,27897,364,289,0,289,1
2020-07-28,Humboldt,023,135768,257,218,1,219,4
2020-07-28,Imperial,025,180216,10217,7804,7,7811,145
2020-07-28,Inyo,027,18085,61,43,1,44,1
2020-07-28,Kern,029,883053,24040,18834,117,18951,155
2020-07-28,Kings,031,150075,4661,3721,25,3746,41
2020-07-28,Lake,033,64148,225,179,0,179,1
2020-07-28,Lassen,035,31185,615,508,2,510,0
2020-07-28,Los Angeles,037,10098052,197395,179107,497,179604,4435
2020-07-28,Madera,039,155013,2690,1889,4,1893,18
2020-07-28,Marin,041,260295,5274,4698,5,4703,23
2020-07-28,Mariposa,043,17540,58,45,0,45,1
2020-07-28,Mendocino,045,87422,296,222,0,222,0
2020-07-28,Merced,047,269075,5522,3446,4,3450,23
2020-07-28,Modoc,049,8938,4,0,0,0,0
2020-07-28,Mono,051,14174,144,102,1,103,1
2020-07-28,Monterey,053,433212,5297,4047,14,4061,22
2020-07-28,Napa,055,140530,1110,824,0,824,6
2020-07-28,Nevada,057,99092,329,278,13,291,1
2020-07-28,Orange,059,3164182,42464,34832,787,35619,582
2020-07-28,Placer,061,380077,2206,1759,3,1762,14
2020-07-28,Plumas,063,18699,33,22,0,22,0
2020-07-28,Riverside,065,2383286,43711,36458,40,36498,668
2020-07-28,Sacramento,067,1510023,12283,9429,12,9441,117
2020-07-28,San Benito,069,59416,683,503,0,503,2
2020-07-28,San Bernardino,071,2135413,38849,30493,167,30660,412
2020-07-28,San Diego,073,3302833,31609,28007,6,28013,547
2020-07-28,San Francisco,075,870044,7097,5888,7,5895,56
2020-07-28,San Joaquin,077,732212,14105,10958,7,10965,141
2020-07-28,San Luis Obispo,079,281455,2072,1636,10,1646,9
2020-07-28,San Mateo,081,765935,6317,5171,7,5178,114
2020-07-28,Santa Barbara,083,443738,6763,6110,64,6174,31
2020-07-28,Santa Clara,085,1922200,12417,9307,28,9335,165
2020-07-28,Santa Cruz,087,273765,1258,1018,8,1026,4
2020-07-28,Shasta,089,179085,465,275,3,278,8
2020-07-28,Sierra,091,2930,2,1,0,1,0
2020-07-28,Siskiyou,093,43540,90,57,0,57,0
2020-07-28,Solano,095,438530,4166,3292,23,3315,29
2020-07-28,Sonoma,097,501317,3576,2553,6,2559,20
2020-07-28,Stanislaus,099,539301,11180,8492,26,8518,92
2020-07-28,Sutter,101,95872,812,653,0,653,2
2020-07-28,Tehama,103,63373,269,199,2,201,1
2020-07-28,Trinity,105,12862,26,3,6,9,0
2020-07-28,Tulare,107,460477,10901,8787,35,8822,96
2020-07-28,Tuolumne,109,53932,152,116,2,118,0
2020-07-28,Ventura,111,848112,8581,7045,29,7074,68
2020-07-28,Yolo,113,214977,1796,1459,3,1462,36
2020-07-28,Yuba,115,75493,470,333,0,333,1
2020-07-27,Alameda,001,1643700,13054,10645,45,10690,176
2020-07-27,Alpine,003,1148,2,2,0,2,0
2020-07-27,Amador,005,37829,147,72,0,72,0
2020-07-27,Butte,007,227075,1076,843,11,854,7
2020-07-27,Calaveras,009,45235,131,103,0,103,1
2020-07-27,Colusa,011,21464,356,271,0,271,2
2020-07-27,Contra Costa,013,1133247,9675,7256,26,7282,104
2020-07-27,Del Norte,015,27424,86,67,0,67,0
2020-07-27,El Dorado,017,186661,764,548,0,548,1
2020-07-27,Fresno,019,978130,20647,13485,181,13666,117
2020-07-27,Glenn,021,27897,362,277,0,277,1
2020-07-27,Humboldt,023,135768,252,218,1,219,4
2020-07-27,Imperial,025,180216,10167,7789,7,7796,144
2020-07-27,Inyo,027,18085,61,43,1,44,1
2020-07-27,Kern,029,883053,23538,17994,111,18105,148
2020-07-27,Kings,031,150075,4412,3685,25,3710,39
2020-07-27,Lake,033,64148,221,176,0,176,1
2020-07-27,Lassen,035,31185,615,503,2,505,0
2020-07-27,Los Angeles,037,10098052,194975,176351,479,176830,4379
2020-07-27,Madera,039,155013,2625,1793,4,1797,17
2020-07-27,Marin,041,260295,5186,4669,5,4674,22
2020-07-27,Mariposa,043,17540,58,43,0,43,1
2020-07-27,Mendocino,045,87422,283,209,0,209,0
2020-07-27,Merced,047,269075,5382,3292,4,3296,23
2020-07-27,Modoc,049,8938,3,0,0,0,0
2020-07-27,Mono,051,14174,140,99,1,100,1
2020-07-27,Monterey,053,433212,5107,3960,14,3974,21
2020-07-27,Napa,055,140530,1095,769,0,769,6
2020-07-27,Nevada,057,99092,325,268,13,281,1
2020-07-27,Orange,059,3164182,42024,34649,771,35420,566
2020-07-27,Placer,061,380077,2156,1679,3,1682,12
2020-07-27,Plumas,063,18699,33,22,0,22,0
2020-07-27,Riverside,065,2383286,43032,35822,40,35862,667
2020-07-27,Sacramento,067,1510023,11990,9091,12,9103,114
2020-07-27,San Benito,069,59416,668,498,0,498,2
2020-07-27,San Bernardino,071,2135413,38256,29928,157,30085,401
2020-07-27,San Diego,073,3302833,31235,27509,5,27514,533
2020-07-27,San Francisco,075,870044,7010,5825,7,5832,55
2020-07-27,San Joaquin,077,732212,13816,10728,7,10735,129
2020-07-27,San Luis Obispo,079,281455,2027,1612,10,1622,9
2020-07-27,San Mateo,081,765935,6208,5108,7,5115,113
2020-07-27,Santa Barbara,083,443738,6682,6026,62,6088,30
2020-07-27,Santa Clara,085,1922200,12148,9157,27,9184,166
2020-07-27,Santa Cruz,087,273765,1235,984,8,992,4
2020-07-27,Shasta,089,179085,458,275,3,278,8
2020-07-27,Sierra,091,2930,2,1,0,1,0
2020-07-27,Siskiyou,093,43540,88,54,0,54,0
2020-07-27,Solano,095,438530,4099,3198,22,3220,29
2020-07-27,Sonoma,097,501317,3485,2504,6,2510,20
2020-07-27,Stanislaus,099,539301,10953,8288,18,8306,84
2020-07-27,Sutter,101,95872,786,620,0,620,2
2020-07-27,Tehama,103,63373,261,192,2,194,1
2020-07-27,Trinity,105,12862,26,3,6,9,0
2020-07-27,Tulare,107,460477,10683,8462,35,8497,172
2020-07-27,Tuolumne,109,53932,149,115,2,117,0
2020-07-27,Ventura,111,848112,8453,6998,28,7026,68
2020-07-27,Yolo,113,214977,1751,1439,3,1442,33
2020-07-27,Yuba,115,75493,450,328,0,328,1
2020-07-26,Alameda,001,1643700,12816,10489,44,10533,176
2020-07-26,Alpine,003,1148,2,2,0,2,0
2020-07-26,Amador,005,37829,141,67,0,67,0
2020-07-26,Butte,007,227075,1039,822,11,833,5
2020-07-26,Calaveras,009,45235,128,103,0,103,1
2020-07-26,Colusa,011,21464,347,270,0,270,2
2020-07-26,Contra Costa,013,1133247,9438,7095,26,7121,104
2020-07-26,Del Norte,015,27424,84,67,0,67,0
2020-07-26,El Dorado,017,186661,746,539,0,539,1
2020-07-26,Fresno,019,978130,20256,13209,173,13382,117
2020-07-26,Glenn,021,27897,354,265,0,265,1
2020-07-26,Humboldt,023,135768,246,214,1,215,4
2020-07-26,Imperial,025,180216,10094,7781,7,7788,144
2020-07-26,Inyo,027,18085,56,43,1,44,1
2020-07-26,Kern,029,883053,23014,17394,108,17502,148
2020-07-26,Kings,031,150075,4353,3591,25,3616,39
2020-07-26,Lake,033,64148,213,174,0,174,1
2020-07-26,Lassen,035,31185,574,503,2,505,0
2020-07-26,Los Angeles,037,10098052,192408,174322,461,174783,4364
2020-07-26,Madera,039,155013,2538,1744,4,1748,17
2020-07-26,Marin,041,260295,5140,4595,5,4600,22
2020-07-26,Mariposa,043,17540,56,43,0,43,1
2020-07-26,Mendocino,045,87422,274,206,0,206,0
2020-07-26,Merced,047,269075,5202,3251,3,3254,23
2020-07-26,Modoc,049,8938,3,0,0,0,0
2020-07-26,Mono,051,14174,136,82,1,83,1
2020-07-26,Monterey,053,433212,4941,3901,14,3915,21
2020-07-26,Napa,055,140530,1076,769,0,769,6
2020-07-26,Nevada,057,99092,322,261,13,274,1
2020-07-26,Orange,059,3164182,41499,34352,740,35092,564
2020-07-26,Placer,061,380077,2091,1628,3,1631,12
2020-07-26,Plumas,063,18699,33,22,0,22,0
2020-07-26,Riverside,065,2383286,42472,35636,40,35676,665
2020-07-26,Sacramento,067,1510023,11686,8972,12,8984,114
2020-07-26,San Benito,069,59416,656,495,0,495,2
2020-07-26,San Bernardino,071,2135413,37615,29545,148,29693,400
2020-07-26,San Diego,073,3302833,30839,26986,4,26990,533
2020-07-26,San Francisco,075,870044,6902,5823,7,5830,55
2020-07-26,San Joaquin,077,732212,13523,10637,7,10644,129
2020-07-26,San Luis Obispo,079,281455,1984,1565,10,1575,8
2020-07-26,San Mateo,081,765935,6102,5078,7,5085,113
2020-07-26,Santa Barbara,083,443738,6580,5939,62,6001,30
2020-07-26,Santa Clara,085,1922200,11919,8986,27,9013,166
2020-07-26,Santa Cruz,087,273765,1208,970,8,978,4
2020-07-26,Shasta,089,179085,451,265,3,268,8
2020-07-26,Sierra,091,2930,2,1,0,1,0
2020-07-26,Siskiyou,093,43540,86,54,0,54,0
2020-07-26,Solano,095,438530,4019,3197,20,3217,29
2020-07-26,Sonoma,097,501317,3396,2503,5,2508,20
2020-07-26,Stanislaus,099,539301,10692,8228,17,8245,84
2020-07-26,Sutter,101,95872,772,612,0,612,2
2020-07-26,Tehama,103,63373,254,175,2,177,1
2020-07-26,Trinity,105,12862,26,3,6,9,0
2020-07-26,Tulare,107,460477,10476,8392,35,8427,172
2020-07-26,Tuolumne,109,53932,144,113,2,115,0
2020-07-26,Ventura,111,848112,8246,6844,28,6872,67
2020-07-26,Yolo,113,214977,1720,1408,3,1411,33
2020-07-26,Yuba,115,75493,431,313,0,313,1
2020-07-25,Alameda,001,1643700,12719,10361,42,10403,176
2020-07-25,Alpine,003,1148,2,2,0,2,0
2020-07-25,Amador,005,37829,138,67,0,67,0
2020-07-25,Butte,007,227075,1030,810,11,821,5
2020-07-25,Calaveras,009,45235,124,103,0,103,1
2020-07-25,Colusa,011,21464,340,265,0,265,2
2020-07-25,Contra Costa,013,1133247,9293,6920,26,6946,104
2020-07-25,Del Norte,015,27424,84,67,0,67,0
2020-07-25,El Dorado,017,186661,735,528,0,528,1
2020-07-25,Fresno,019,978130,20070,12866,173,13039,117
2020-07-25,Glenn,021,27897,352,260,0,260,1
2020-07-25,Humboldt,023,135768,243,212,1,213,4
2020-07-25,Imperial,025,180216,10068,7727,7,7734,144
2020-07-25,Inyo,027,18085,55,43,1,44,1
2020-07-25,Kern,029,883053,22796,16910,107,17017,148
2020-07-25,Kings,031,150075,4336,3516,25,3541,39
2020-07-25,Lake,033,64148,211,173,0,173,1
2020-07-25,Lassen,035,31185,574,503,2,505,0
2020-07-25,Los Angeles,037,10098052,191277,172611,454,173065,4357
2020-07-25,Madera,039,155013,2506,1724,4,1728,17
2020-07-25,Marin,041,260295,5124,4562,5,4567,22
2020-07-25,Mariposa,043,17540,55,43,0,43,1
2020-07-25,Mendocino,045,87422,268,190,0,190,0
2020-07-25,Merced,047,269075,5123,3176,3,3179,23
2020-07-25,Modoc,049,8938,3,0,0,0,0
2020-07-25,Mono,051,14174,136,82,1,83,1
2020-07-25,Monterey,053,433212,4864,3805,14,3819,21
2020-07-25,Napa,055,140530,1063,746,0,746,6
2020-07-25,Nevada,057,99092,320,257,13,270,1
2020-07-25,Orange,059,3164182,41279,33978,719,34697,561
2020-07-25,Placer,061,380077,2075,1596,3,1599,12
2020-07-25,Plumas,063,18699,33,22,0,22,0
2020-07-25,Riverside,065,2383286,42203,34921,40,34961,655
2020-07-25,Sacramento,067,1510023,11540,8674,12,8686,113
2020-07-25,San Benito,069,59416,640,492,0,492,2
2020-07-25,San Bernardino,071,2135413,37336,29265,145,29410,394
2020-07-25,San Diego,073,3302833,30578,26703,3,26706,533
2020-07-25,San Francisco,075,870044,6844,5644,7,5651,55
2020-07-25,San Joaquin,077,732212,13397,10347,6,10353,129
2020-07-25,San Luis Obispo,079,281455,1964,1530,9,1539,8
2020-07-25,San Mateo,081,765935,6039,5023,7,5030,113
2020-07-25,Santa Barbara,083,443738,6545,5880,62,5942,30
2020-07-25,Santa Clara,085,1922200,11785,8767,27,8794,166
2020-07-25,Santa Cruz,087,273765,1191,939,8,947,4
2020-07-25,Shasta,089,179085,446,263,1,264,8
2020-07-25,Sierra,091,2930,2,1,0,1,0
2020-07-25,Siskiyou,093,43540,84,54,0,54,0
2020-07-25,Solano,095,438530,3979,3107,18,3125,29
2020-07-25,Sonoma,097,501317,3357,2412,5,2417,20
2020-07-25,Stanislaus,099,539301,10588,7994,14,8008,84
2020-07-25,Sutter,101,95872,753,603,0,603,2
2020-07-25,Tehama,103,63373,253,169,2,171,1
2020-07-25,Trinity,105,12862,26,3,6,9,0
2020-07-25,Tulare,107,460477,10376,8310,35,8345,172
2020-07-25,Tuolumne,109,53932,143,99,2,101,0
2020-07-25,Ventura,111,848112,8173,6662,28,6690,62
2020-07-25,Yolo,113,214977,1705,1357,3,1360,35
2020-07-25,Yuba,115,75493,425,312,0,312,1
2020-07-24,Alameda,001,1643700,12577,10216,39,10255,176
2020-07-24,Alpine,003,1148,2,2,0,2,0
2020-07-24,Amador,005,37829,136,66,0,66,0
2020-07-24,Butte,007,227075,1018,751,11,762,5
2020-07-24,Calaveras,009,45235,120,102,0,102,0
2020-07-24,Colusa,011,21464,337,255,0,255,2
2020-07-24,Contra Costa,013,1133247,9147,6814,26,6840,100
2020-07-24,Del Norte,015,27424,84,66,0,66,0
2020-07-24,El Dorado,017,186661,713,516,0,516,1
2020-07-24,Fresno,019,978130,19844,12564,173,12737,115
2020-07-24,Glenn,021,27897,349,251,0,251,1
2020-07-24,Humboldt,023,135768,240,210,1,211,4
2020-07-24,Imperial,025,180216,10046,7686,7,7693,141
2020-07-24,Inyo,027,18085,55,41,1,42,1
2020-07-24,Kern,029,883053,22555,16124,107,16231,143
2020-07-24,Kings,031,150075,4306,3471,25,3496,39
2020-07-24,Lake,033,64148,209,167,0,167,1
2020-07-24,Lassen,035,31185,574,503,2,505,0
2020-07-24,Los Angeles,037,10098052,189258,169078,443,169521,4302
2020-07-24,Madera,039,155013,2473,1679,4,1683,16
2020-07-24,Marin,041,260295,5097,4517,5,4522,22
2020-07-24,Mariposa,043,17540,55,41,0,41,1
2020-07-24,Mendocino,045,87422,261,188,0,188,0
2020-07-24,Merced,047,269075,5038,3100,3,3103,23
2020-07-24,Modoc,049,8938,3,0,0,0,0
2020-07-24,Mono,051,14174,135,82,1,83,1
2020-07-24,Monterey,053,433212,4792,3748,14,3762,21
2020-07-24,Napa,055,140530,1050,741,0,741,6
2020-07-24,Nevada,057,99092,317,255,13,268,1
2020-07-24,Orange,059,3164182,40991,33530,703,34233,557
2020-07-24,Placer,061,380077,2044,1551,3,1554,12
2020-07-24,Plumas,063,18699,33,22,0,22,0
2020-07-24,Riverside,065,2383286,41780,34513,39,34552,631
2020-07-24,Sacramento,067,1510023,11352,8570,12,8582,110
2020-07-24,San Benito,069,59416,633,485,0,485,2
2020-07-24,San Bernardino,071,2135413,36962,28990,140,29130,386
2020-07-24,San Diego,073,3302833,30278,26100,3,26103,524
2020-07-24,San Francisco,075,870044,6750,5611,7,5618,55
2020-07-24,San Joaquin,077,732212,13248,10190,6,10196,118
2020-07-24,San Luis Obispo,079,281455,1940,1476,9,1485,8
2020-07-24,San Mateo,081,765935,5976,4954,7,4961,112
2020-07-24,Santa Barbara,083,443738,6491,5776,60,5836,30
2020-07-24,Santa Clara,085,1922200,11620,8658,27,8685,165
2020-07-24,Santa Cruz,087,273765,1171,930,8,938,4
2020-07-24,Shasta,089,179085,438,262,1,263,8
2020-07-24,Sierra,091,2930,2,1,0,1,0
2020-07-24,Siskiyou,093,43540,84,53,0,53,0
2020-07-24,Solano,095,438530,3943,3062,15,3077,29
2020-07-24,Sonoma,097,501317,3305,2345,5,2350,20
2020-07-24,Stanislaus,099,539301,10416,7861,11,7872,82
2020-07-24,Sutter,101,95872,742,593,0,593,2
2020-07-24,Tehama,103,63373,245,170,2,172,1
2020-07-24,Trinity,105,12862,25,3,6,9,0
2020-07-24,Tulare,107,460477,10282,8167,33,8200,167
2020-07-24,Tuolumne,109,53932,137,99,2,101,0
2020-07-24,Ventura,111,848112,8088,6553,28,6581,60
2020-07-24,Yolo,113,214977,1691,1329,3,1332,35
2020-07-24,Yuba,115,75493,410,307,0,307,1
2020-07-23,Alameda,001,1643700,12336,9924,39,9963,171
2020-07-23,Alpine,003,1148,2,2,0,2,0
2020-07-23,Amador,005,37829,119,61,0,61,0
2020-07-23,Butte,007,227075,1003,726,10,736,5
2020-07-23,Calaveras,009,45235,113,102,0,102,0
2020-07-23,Colusa,011,21464,329,242,0,242,2
2020-07-23,Contra Costa,013,1133247,8947,6619,24,6643,98
2020-07-23,Del Norte,015,27424,84,66,0,66,0
2020-07-23,El Dorado,017,186661,702,491,0,491,1
2020-07-23,Fresno,019,978130,19488,12164,170,12334,112
2020-07-23,Glenn,021,27897,344,246,0,246,1
2020-07-23,Humboldt,023,135768,239,208,1,209,4
2020-07-23,Imperial,025,180216,9996,7604,7,7611,138
2020-07-23,Inyo,027,18085,53,38,1,39,1
2020-07-23,Kern,029,883053,22148,14491,103,14594,128
2020-07-23,Kings,031,150075,4194,3371,25,3396,39
2020-07-23,Lake,033,64148,200,160,0,160,1
2020-07-23,Lassen,035,31185,571,503,2,505,0
2020-07-23,Los Angeles,037,10098052,186714,167198,417,167615,4265
2020-07-23,Madera,039,155013,2407,1659,3,1662,13
2020-07-23,Marin,041,260295,5045,4423,5,4428,22
2020-07-23,Mariposa,043,17540,55,40,0,40,1
2020-07-23,Mendocino,045,87422,251,178,0,178,0
2020-07-23,Merced,047,269075,4882,2972,3,2975,22
2020-07-23,Modoc,049,8938,3,0,0,0,0
2020-07-23,Mono,051,14174,131,82,1,83,1
2020-07-23,Monterey,053,433212,4674,3655,14,3669,21
2020-07-23,Napa,055,140530,1026,713,0,713,5
2020-07-23,Nevada,057,99092,314,247,13,260,1
2020-07-23,Orange,059,3164182,40495,32863,673,33536,544
2020-07-23,Placer,061,380077,2001,1519,3,1522,12
2020-07-23,Plumas,063,18699,32,21,0,21,0
2020-07-23,Riverside,065,2383286,41175,33833,39,33872,630
2020-07-23,Sacramento,067,1510023,11121,8222,12,8234,108
2020-07-23,San Benito,069,59416,618,478,0,478,2
2020-07-23,San Bernardino,071,2135413,36442,28121,134,28255,369
2020-07-23,San Diego,073,3302833,29904,25109,3,25112,505
2020-07-23,San Francisco,075,870044,6649,5543,7,5550,55
2020-07-23,San Joaquin,077,732212,13029,9861,6,9867,111
2020-07-23,San Luis Obispo,079,281455,1911,1438,9,1447,7
2020-07-23,San Mateo,081,765935,5871,4895,7,4902,113
2020-07-23,Santa Barbara,083,443738,6416,5628,60,5688,30
2020-07-23,Santa Clara,085,1922200,11402,8458,27,8485,165
2020-07-23,Santa Cruz,087,273765,1135,887,8,895,3
2020-07-23,Shasta,089,179085,427,254,1,255,9
2020-07-23,Sierra,091,2930,2,1,0,1,0
2020-07-23,Siskiyou,093,43540,82,53,0,53,0
2020-07-23,Solano,095,438530,3879,2962,13,2975,29
2020-07-23,Sonoma,097,501317,3229,2289,5,2294,18
2020-07-23,Stanislaus,099,539301,10174,7603,11,7614,71
2020-07-23,Sutter,101,95872,709,570,0,570,2
2020-07-23,Tehama,103,63373,239,158,2,160,1
2020-07-23,Trinity,105,12862,24,3,6,9,0
2020-07-23,Tulare,107,460477,10093,7898,33,7931,168
2020-07-23,Tuolumne,109,53932,137,93,2,95,0
2020-07-23,Ventura,111,848112,7964,6303,28,6331,56
2020-07-23,Yolo,113,214977,1673,1279,3,1282,35
2020-07-23,Yuba,115,75493,390,297,0,297,1
2020-07-22,Alameda,001,1643700,12117,9678,38,9716,169
2020-07-22,Alpine,003,1148,2,2,0,2,0
2020-07-22,Amador,005,37829,117,58,0,58,0
2020-07-22,Butte,007,227075,967,694,10,704,5
2020-07-22,Calaveras,009,45235,113,98,0,98,0
2020-07-22,Colusa,011,21464,322,236,0,236,0
2020-07-22,Contra Costa,013,1133247,8721,6401,24,6425,98
2020-07-22,Del Norte,015,27424,84,66,0,66,0
2020-07-22,El Dorado,017,186661,689,466,0,466,1
2020-07-22,Fresno,019,978130,19125,11756,164,11920,110
2020-07-22,Glenn,021,27897,338,236,0,236,1
2020-07-22,Humboldt,023,135768,237,201,1,202,4
2020-07-22,Imperial,025,180216,9936,7533,7,7540,134
2020-07-22,Inyo,027,18085,49,38,1,39,1
2020-07-22,Kern,029,883053,21715,13513,96,13609,127
2020-07-22,Kings,031,150075,4138,3271,25,3296,38
2020-07-22,Lake,033,64148,197,160,0,160,1
2020-07-22,Lassen,035,31185,568,500,2,502,0
2020-07-22,Los Angeles,037,10098052,184066,165242,394,165636,4218
2020-07-22,Madera,039,155013,2332,1578,3,1581,10
2020-07-22,Marin,041,260295,4989,4373,5,4378,23
2020-07-22,Mariposa,043,17540,55,38,0,38,1
2020-07-22,Mendocino,045,87422,244,166,0,166,0
2020-07-22,Merced,047,269075,4755,2828,3,2831,15
2020-07-22,Modoc,049,8938,3,0,0,0,0
2020-07-22,Mono,051,14174,128,82,1,83,1
2020-07-22,Monterey,053,433212,4573,3533,14,3547,20
2020-07-22,Napa,055,140530,1004,687,0,687,5
2020-07-22,Nevada,057,99092,308,239,12,251,1
2020-07-22,Orange,059,3164182,39996,32047,664,32711,522
2020-07-22,Placer,061,380077,1945,1469,3,1472,12
2020-07-22,Plumas,063,18699,31,20,0,20,0
2020-07-22,Riverside,065,2383286,40539,33093,39,33132,612
2020-07-22,Sacramento,067,1510023,10857,8028,11,8039,106
2020-07-22,San Benito,069,59416,604,465,0,465,2
2020-07-22,San Bernardino,071,2135413,35920,26820,123,26943,348
2020-07-22,San Diego,073,3302833,29516,25109,2,25111,505
2020-07-22,San Francisco,075,870044,6545,5473,6,5479,53
2020-07-22,San Joaquin,077,732212,12753,9628,6,9634,102
2020-07-22,San Luis Obispo,079,281455,1865,1373,9,1382,7
2020-07-22,San Mateo,081,765935,5782,4796,7,4803,112
2020-07-22,Santa Barbara,083,443738,6331,5508,58,5566,29
2020-07-22,Santa Clara,085,1922200,11156,8266,27,8293,166
2020-07-22,Santa Cruz,087,273765,1112,866,8,874,3
2020-07-22,Shasta,089,179085,417,246,1,247,9
2020-07-22,Sierra,091,2930,1,1,0,1,0
2020-07-22,Siskiyou,093,43540,81,52,0,52,0
2020-07-22,Solano,095,438530,3818,2839,12,2851,29
2020-07-22,Sonoma,097,501317,3152,2255,5,2260,17
2020-07-22,Stanislaus,099,539301,10003,7401,11,7412,71
2020-07-22,Sutter,101,95872,685,551,0,551,2
2020-07-22,Tehama,103,63373,231,155,2,157,1
2020-07-22,Trinity,105,12862,23,3,6,9,0
2020-07-22,Tulare,107,460477,9860,7640,33,7673,167
2020-07-22,Tuolumne,109,53932,133,91,2,93,0
2020-07-22,Ventura,111,848112,7836,6223,26,6249,56
2020-07-22,Yolo,113,214977,1630,1233,3,1236,34
2020-07-22,Yuba,115,75493,375,288,0,288,1
2020-07-21,Alameda,001,1643700,11903,9390,38,9428,166
2020-07-21,Alpine,003,1148,2,2,0,2,0
2020-07-21,Amador,005,37829,112,55,0,55,0
2020-07-21,Butte,007,227075,922,659,9,668,5
2020-07-21,Calaveras,009,45235,107,96,0,96,0
2020-07-21,Colusa,011,21464,298,227,0,227,0
2020-07-21,Contra Costa,013,1133247,8479,6210,24,6234,98
2020-07-21,Del Norte,015,27424,84,66,0,66,0
2020-07-21,El Dorado,017,186661,681,440,0,440,1
2020-07-21,Fresno,019,978130,18726,11412,158,11570,107
2020-07-21,Glenn,021,27897,331,229,0,229,1
2020-07-21,Humboldt,023,135768,235,198,1,199,4
2020-07-21,Imperial,025,180216,9887,7458,7,7465,128
2020-07-21,Inyo,027,18085,48,38,1,39,1
2020-07-21,Kern,029,883053,21293,11998,90,12088,119
2020-07-21,Kings,031,150075,4073,3187,24,3211,38
2020-07-21,Lake,033,64148,197,157,0,157,1
2020-07-21,Lassen,035,31185,566,474,2,476,0
2020-07-21,Los Angeles,037,10098052,181084,162205,371,162576,4159
2020-07-21,Madera,039,155013,2267,1508,3,1511,10
2020-07-21,Marin,041,260295,4917,4318,5,4323,21
2020-07-21,Mariposa,043,17540,54,37,0,37,1
2020-07-21,Mendocino,045,87422,233,160,0,160,0
2020-07-21,Merced,047,269075,4576,2725,3,2728,15
2020-07-21,Modoc,049,8938,3,0,0,0,0
2020-07-21,Mono,051,14174,124,79,1,80,1
2020-07-21,Monterey,053,433212,4441,3404,13,3417,20
2020-07-21,Napa,055,140530,977,660,0,660,5
2020-07-21,Nevada,057,99092,306,228,10,238,1
2020-07-21,Orange,059,3164182,39499,31356,632,31988,515
2020-07-21,Placer,061,380077,1904,1413,3,1416,11
2020-07-21,Plumas,063,18699,31,19,0,19,0
2020-07-21,Riverside,065,2383286,39838,32231,39,32270,583
2020-07-21,Sacramento,067,1510023,10585,7789,10,7799,102
2020-07-21,San Benito,069,59416,593,444,0,444,2
2020-07-21,San Bernardino,071,2135413,35271,25323,116,25439,343
2020-07-21,San Diego,073,3302833,29067,24522,2,24524,487
2020-07-21,San Francisco,075,870044,6436,5377,6,5383,53
2020-07-21,San Joaquin,077,732212,12424,9150,6,9156,99
2020-07-21,San Luis Obispo,079,281455,1815,1338,9,1347,7
2020-07-21,San Mateo,081,765935,5690,4733,7,4740,111
2020-07-21,Santa Barbara,083,443738,6250,5422,57,5479,29
2020-07-21,Santa Clara,085,1922200,10893,7989,27,8016,164
2020-07-21,Santa Cruz,087,273765,1079,835,8,843,3
2020-07-21,Shasta,089,179085,409,241,1,242,9
2020-07-21,Sierra,091,2930,1,1,0,1,0
2020-07-21,Siskiyou,093,43540,81,48,0,48,0
2020-07-21,Solano,095,438530,3745,2727,12,2739,27
2020-07-21,Sonoma,097,501317,3095,2200,5,2205,17
2020-07-21,Stanislaus,099,539301,9740,6984,11,6995,69
2020-07-21,Sutter,101,95872,669,533,0,533,2
2020-07-21,Tehama,103,63373,221,150,2,152,1
2020-07-21,Trinity,105,12862,23,2,6,8,0
2020-07-21,Tulare,107,460477,9658,7447,33,7480,167
2020-07-21,Tuolumne,109,53932,131,75,2,77,0
2020-07-21,Ventura,111,848112,7704,6131,26,6157,55
2020-07-21,Yolo,113,214977,1576,1204,3,1207,34
2020-07-21,Yuba,115,75493,369,269,0,269,1
2020-07-20,Alameda,001,1643700,11649,9244,37,9281,162
2020-07-20,Alpine,003,1148,2,2,0,2,0
2020-07-20,Amador,005,37829,109,53,0,53,0
2020-07-20,Butte,007,227075,884,586,9,595,4
2020-07-20,Calaveras,009,45235,104,90,0,90,0
2020-07-20,Colusa,011,21464,287,217,0,217,0
2020-07-20,Contra Costa,013,1133247,8271,5823,24,5847,97
2020-07-20,Del Norte,015,27424,84,61,0,61,0
2020-07-20,El Dorado,017,186661,658,407,0,407,0
2020-07-20,Fresno,019,978130,18285,10891,156,11047,106
2020-07-20,Glenn,021,27897,323,225,0,225,1
2020-07-20,Humboldt,023,135768,228,194,1,195,4
2020-07-20,Imperial,025,180216,9847,7337,7,7344,124
2020-07-20,Inyo,027,18085,46,38,1,39,1
2020-07-20,Kern,029,883053,20783,10908,86,10994,118
2020-07-20,Kings,031,150075,4023,3093,24,3117,37
2020-07-20,Lake,033,64148,194,147,0,147,1
2020-07-20,Lassen,035,31185,564,474,2,476,0
2020-07-20,Los Angeles,037,10098052,178126,159202,344,159546,4108
2020-07-20,Madera,039,155013,2192,1433,3,1436,10
2020-07-20,Marin,041,260295,4835,4255,5,4260,21
2020-07-20,Mariposa,043,17540,53,36,0,36,1
2020-07-20,Mendocino,045,87422,220,153,0,153,0
2020-07-20,Merced,047,269075,4406,2584,3,2587,15
2020-07-20,Modoc,049,8938,3,0,0,0,0
2020-07-20,Mono,051,14174,118,78,1,79,1
2020-07-20,Monterey,053,433212,4335,3205,13,3218,19
2020-07-20,Napa,055,140530,942,632,0,632,5
2020-07-20,Nevada,057,99092,298,218,10,228,1
2020-07-20,Orange,059,3164182,38890,30337,602,30939,507
2020-07-20,Placer,061,380077,1852,1364,3,1367,11
2020-07-20,Plumas,063,18699,30,17,0,17,0
2020-07-20,Riverside,065,2383286,39008,31163,39,31202,581
2020-07-20,Sacramento,067,1510023,10257,7369,10,7379,99
2020-07-20,San Benito,069,59416,575,433,0,433,2
2020-07-20,San Bernardino,071,2135413,34460,24226,112,24338,338
2020-07-20,San Diego,073,3302833,28625,24137,2,24139,478
2020-07-20,San Francisco,075,870044,6315,5090,6,5096,53
2020-07-20,San Joaquin,077,732212,12068,8583,6,8589,97
2020-07-20,San Luis Obispo,079,281455,1773,1282,9,1291,6
2020-07-20,San Mateo,081,765935,5589,4609,7,4616,111
2020-07-20,Santa Barbara,083,443738,6134,5266,55,5321,29
2020-07-20,Santa Clara,085,1922200,10664,7711,26,7737,164
2020-07-20,Santa Cruz,087,273765,1047,758,8,766,3
2020-07-20,Shasta,089,179085,394,233,1,234,9
2020-07-20,Sierra,091,2930,1,1,0,1,0
2020-07-20,Siskiyou,093,43540,77,42,0,42,0
2020-07-20,Solano,095,438530,3662,2537,12,2549,26
2020-07-20,Sonoma,097,501317,2987,2148,5,2153,17
2020-07-20,Stanislaus,099,539301,9457,6835,11,6846,58
2020-07-20,Sutter,101,95872,636,507,0,507,2
2020-07-20,Tehama,103,63373,211,146,2,148,1
2020-07-20,Trinity,105,12862,23,2,6,8,0
2020-07-20,Tulare,107,460477,9424,6974,33,7007,166
2020-07-20,Tuolumne,109,53932,130,75,2,77,0
2020-07-20,Ventura,111,848112,7570,5912,26,5938,52
2020-07-20,Yolo,113,214977,1536,1155,3,1158,30
2020-07-20,Yuba,115,75493,349,258,0,258,1
2020-07-19,Alameda,001,1643700,11410,9227,31,9258,162
2020-07-19,Alpine,003,1148,2,2,0,2,0
2020-07-19,Amador,005,37829,102,51,0,51,0
2020-07-19,Butte,007,227075,859,555,9,564,4
2020-07-19,Calaveras,009,45235,102,89,0,89,0
2020-07-19,Colusa,011,21464,279,187,0,187,0
2020-07-19,Contra Costa,013,1133247,7980,5691,22,5713,95
2020-07-19,Del Norte,015,27424,83,61,0,61,0
2020-07-19,El Dorado,017,186661,640,385,0,385,0
2020-07-19,Fresno,019,978130,17761,10639,144,10783,106
2020-07-19,Glenn,021,27897,309,215,0,215,0
2020-07-19,Humboldt,023,135768,220,195,1,196,4
2020-07-19,Imperial,025,180216,9756,7280,7,7287,124
2020-07-19,Inyo,027,18085,42,38,1,39,1
2020-07-19,Kern,029,883053,20166,10094,79,10173,115
2020-07-19,Kings,031,150075,3937,3035,24,3059,37
2020-07-19,Lake,033,64148,189,144,0,144,1
2020-07-19,Lassen,035,31185,545,474,2,476,0
2020-07-19,Los Angeles,037,10098052,174685,156039,321,156360,4100
2020-07-19,Madera,039,155013,2115,1301,3,1304,10
2020-07-19,Marin,041,260295,4780,4172,5,4177,21
2020-07-19,Mariposa,043,17540,49,35,0,35,1
2020-07-19,Mendocino,045,87422,215,137,0,137,0
2020-07-19,Merced,047,269075,4199,2460,3,2463,15
2020-07-19,Modoc,049,8938,3,0,0,0,0
2020-07-19,Mono,051,14174,107,63,1,64,1
2020-07-19,Monterey,053,433212,4215,3079,13,3092,18
2020-07-19,Napa,055,140530,913,612,0,612,5
2020-07-19,Nevada,057,99092,292,210,10,220,1
2020-07-19,Orange,059,3164182,38326,29941,589,30530,505
2020-07-19,Placer,061,380077,1804,1246,3,1249,11
2020-07-19,Plumas,063,18699,30,17,0,17,0
2020-07-19,Riverside,065,2383286,38303,30340,39,30379,581
2020-07-19,Sacramento,067,1510023,9865,6985,10,6995,97
2020-07-19,San Benito,069,59416,559,412,0,412,2
2020-07-19,San Bernardino,071,2135413,33688,23928,100,24028,337
2020-07-19,San Diego,073,3302833,28124,23684,2,23686,478
2020-07-19,San Francisco,075,870044,6168,5094,6,5100,52
2020-07-19,San Joaquin,077,732212,11661,8308,6,8314,93
2020-07-19,San Luis Obispo,079,281455,1729,1262,8,1270,6
2020-07-19,San Mateo,081,765935,5482,4522,7,4529,110
2020-07-19,Santa Barbara,083,443738,6031,5145,52,5197,29
2020-07-19,Santa Clara,085,1922200,10420,7403,26,7429,164
2020-07-19,Santa Cruz,087,273765,1003,753,8,761,3
2020-07-19,Shasta,089,179085,381,218,1,219,9
2020-07-19,Sierra,091,2930,1,1,0,1,0
2020-07-19,Siskiyou,093,43540,75,42,0,42,0
2020-07-19,Solano,095,438530,3556,2551,12,2563,26
2020-07-19,Sonoma,097,501317,2887,2074,5,2079,17
2020-07-19,Stanislaus,099,539301,9161,6508,11,6519,58
2020-07-19,Sutter,101,95872,605,480,0,480,2
2020-07-19,Tehama,103,63373,207,138,2,140,1
2020-07-19,Trinity,105,12862,23,2,6,8,0
2020-07-19,Tulare,107,460477,9176,6856,33,6889,166
2020-07-19,Tuolumne,109,53932,125,75,2,77,0
2020-07-19,Ventura,111,848112,7380,5706,26,5732,52
2020-07-19,Yolo,113,214977,1496,1127,3,1130,30
2020-07-19,Yuba,115,75493,329,240,0,240,1
2020-07-18,Alameda,001,1643700,11274,9089,30,9119,162
2020-07-18,Alpine,003,1148,2,2,0,2,0
2020-07-18,Amador,005,37829,98,49,0,49,0
2020-07-18,Butte,007,227075,850,551,9,560,4
2020-07-18,Calaveras,009,45235,98,89,0,89,0
2020-07-18,Colusa,011,21464,274,182,0,182,0
2020-07-18,Contra Costa,013,1133247,7845,5617,22,5639,95
2020-07-18,Del Norte,015,27424,83,61,0,61,0
2020-07-18,El Dorado,017,186661,637,385,0,385,0
2020-07-18,Fresno,019,978130,17512,10381,142,10523,106
2020-07-18,Glenn,021,27897,303,212,0,212,0
2020-07-18,Humboldt,023,135768,217,189,1,190,4
2020-07-18,Imperial,025,180216,9725,7268,7,7275,124
2020-07-18,Inyo,027,18085,42,38,1,39,1
2020-07-18,Kern,029,883053,19863,9250,76,9326,114
2020-07-18,Kings,031,150075,3897,2996,23,3019,37
2020-07-18,Lake,033,64148,186,142,0,142,1
2020-07-18,Lassen,035,31185,544,474,2,476,0
2020-07-18,Los Angeles,037,10098052,173240,153265,310,153575,4088
2020-07-18,Madera,039,155013,2069,1260,3,1263,9
2020-07-18,Marin,041,260295,4751,4089,5,4094,21
2020-07-18,Mariposa,043,17540,49,35,0,35,1
2020-07-18,Mendocino,045,87422,209,137,0,137,0
2020-07-18,Merced,047,269075,4080,2424,3,2427,15
2020-07-18,Modoc,049,8938,3,0,0,0,0
2020-07-18,Mono,051,14174,105,54,1,55,1
2020-07-18,Monterey,053,433212,4147,3020,13,3033,17
2020-07-18,Napa,055,140530,902,609,0,609,5
2020-07-18,Nevada,057,99092,288,204,9,213,1
2020-07-18,Orange,059,3164182,38007,29603,568,30171,493
2020-07-18,Placer,061,380077,1781,1233,3,1236,11
2020-07-18,Plumas,063,18699,30,17,0,17,0
2020-07-18,Riverside,065,2383286,37950,30245,38,30283,581
2020-07-18,Sacramento,067,1510023,9620,6739,10,6749,95
2020-07-18,San Benito,069,59416,544,407,0,407,2
2020-07-18,San Bernardino,071,2135413,33227,23680,93,23773,336
2020-07-18,San Diego,073,3302833,27821,23116,2,23118,478
2020-07-18,San Francisco,075,870044,6066,5051,6,5057,52
2020-07-18,San Joaquin,077,732212,11448,8118,6,8124,93
2020-07-18,San Luis Obispo,079,281455,1694,1234,8,1242,6
2020-07-18,San Mateo,081,765935,5422,4488,7,4495,110
2020-07-18,Santa Barbara,083,443738,5971,5110,50,5160,29
2020-07-18,Santa Clara,085,1922200,10270,7255,25,7280,164
2020-07-18,Santa Cruz,087,273765,986,751,8,759,3
2020-07-18,Shasta,089,179085,372,216,1,217,9
2020-07-18,Sierra,091,2930,1,1,0,1,0
2020-07-18,Siskiyou,093,43540,71,42,0,42,0
2020-07-18,Solano,095,438530,3515,2503,12,2515,26
2020-07-18,Sonoma,097,501317,2836,2019,5,2024,15
2020-07-18,Stanislaus,099,539301,9026,6344,11,6355,58
2020-07-18,Sutter,101,95872,599,473,0,473,2
2020-07-18,Tehama,103,63373,202,136,2,138,1
2020-07-18,Trinity,105,12862,23,2,6,8,0
2020-07-18,Tulare,107,460477,9085,6810,32,6842,167
2020-07-18,Tuolumne,109,53932,122,75,2,77,0
2020-07-18,Ventura,111,848112,7298,5630,26,5656,52
2020-07-18,Yolo,113,214977,1468,1077,3,1080,30
2020-07-18,Yuba,115,75493,318,237,0,237,1
2020-07-17,Alameda,001,1643700,11133,8893,29,8922,160
2020-07-17,Alpine,003,1148,2,1,0,1,0
2020-07-17,Amador,005,37829,96,48,0,48,0
2020-07-17,Butte,007,227075,836,497,9,506,4
2020-07-17,Calaveras,009,45235,96,86,0,86,0
2020-07-17,Colusa,011,21464,272,146,0,146,0
2020-07-17,Contra Costa,013,1133247,7697,5483,22,5505,93
2020-07-17,Del Norte,015,27424,82,60,0,60,0
2020-07-17,El Dorado,017,186661,621,368,0,368,0
2020-07-17,Fresno,019,978130,17213,9954,142,10096,104
2020-07-17,Glenn,021,27897,296,203,0,203,0
2020-07-17,Humboldt,023,135768,216,185,1,186,4
2020-07-17,Imperial,025,180216,9703,7193,7,7200,120
2020-07-17,Inyo,027,18085,42,38,1,39,1
2020-07-17,Kern,029,883053,19543,8291,75,8366,113
2020-07-17,Kings,031,150075,3858,2978,23,3001,37
2020-07-17,Lake,033,64148,184,139,0,139,1
2020-07-17,Lassen,035,31185,525,391,2,393,0
2020-07-17,Los Angeles,037,10098052,170867,150481,298,150779,4052
2020-07-17,Madera,039,155013,2025,1214,3,1217,9
2020-07-17,Marin,041,260295,4714,3839,5,3844,21
2020-07-17,Mariposa,043,17540,47,35,0,35,1
2020-07-17,Mendocino,045,87422,201,126,0,126,0
2020-07-17,Merced,047,269075,4004,2328,3,2331,12
2020-07-17,Modoc,049,8938,2,0,0,0,0
2020-07-17,Mono,051,14174,100,54,1,55,1
2020-07-17,Monterey,053,433212,4018,2922,13,2935,18
2020-07-17,Napa,055,140530,888,598,0,598,5
2020-07-17,Nevada,057,99092,281,200,9,209,1
2020-07-17,Orange,059,3164182,37544,28962,535,29497,485
2020-07-17,Placer,061,380077,1752,1207,3,1210,11
2020-07-17,Plumas,063,18699,27,16,0,16,0
2020-07-17,Riverside,065,2383286,37352,29639,38,29677,580
2020-07-17,Sacramento,067,1510023,9376,6563,10,6573,95
2020-07-17,San Benito,069,59416,529,399,0,399,2
2020-07-17,San Bernardino,071,2135413,32707,23057,90,23147,322
2020-07-17,San Diego,073,3302833,27432,22491,2,22493,472
2020-07-17,San Francisco,075,870044,5972,4967,6,4973,52
2020-07-17,San Joaquin,077,732212,11204,7925,6,7931,86
2020-07-17,San Luis Obispo,079,281455,1657,1190,8,1198,6
2020-07-17,San Mateo,081,765935,5326,4407,7,4414,110
2020-07-17,Santa Barbara,083,443738,5899,5001,49,5050,29
2020-07-17,Santa Clara,085,1922200,10052,7080,25,7105,164
2020-07-17,Santa Cruz,087,273765,964,716,8,724,3
2020-07-17,Shasta,089,179085,360,213,1,214,8
2020-07-17,Sierra,091,2930,1,1,0,1,0
2020-07-17,Siskiyou,093,43540,70,40,0,40,0
2020-07-17,Solano,095,438530,3466,2452,12,2464,26
2020-07-17,Sonoma,097,501317,2788,1982,5,1987,15
2020-07-17,Stanislaus,099,539301,8852,6220,11,6231,56
2020-07-17,Sutter,101,95872,586,458,0,458,2
2020-07-17,Tehama,103,63373,198,128,2,130,1
2020-07-17,Trinity,105,12862,23,2,6,8,0
2020-07-17,Tulare,107,460477,8949,6671,32,6703,166
2020-07-17,Tuolumne,109,53932,121,73,2,75,0
2020-07-17,Ventura,111,848112,7214,5451,26,5477,51
2020-07-17,Yolo,113,214977,1444,1055,3,1058,30
2020-07-17,Yuba,115,75493,308,231,0,231,1
2020-07-16,Alameda,001,1643700,10899,8719,24,8743,153
2020-07-16,Alpine,003,1148,2,1,0,1,0
2020-07-16,Amador,005,37829,93,46,0,46,0
2020-07-16,Butte,007,227075,799,465,8,473,4
2020-07-16,Calaveras,009,45235,94,82,0,82,0
2020-07-16,Colusa,011,21464,263,140,0,140,0
2020-07-16,Contra Costa,013,1133247,7485,5338,16,5354,91
2020-07-16,Del Norte,015,27424,82,60,0,60,0
2020-07-16,El Dorado,017,186661,604,357,0,357,0
2020-07-16,Fresno,019,978130,16702,9481,133,9614,101
2020-07-16,Glenn,021,27897,287,190,0,190,0
2020-07-16,Humboldt,023,135768,214,184,1,185,4
2020-07-16,Imperial,025,180216,9608,7148,7,7155,113
2020-07-16,Inyo,027,18085,42,38,1,39,1
2020-07-16,Kern,029,883053,19021,7435,73,7508,112
2020-07-16,Kings,031,150075,3691,2937,23,2960,37
2020-07-16,Lake,033,64148,179,128,0,128,1
2020-07-16,Lassen,035,31185,524,355,2,357,0
2020-07-16,Los Angeles,037,10098052,167649,147759,275,148034,3994
2020-07-16,Madera,039,155013,1961,1192,3,1195,8
2020-07-16,Marin,041,260295,4642,3546,5,3551,21
2020-07-16,Mariposa,043,17540,45,34,0,34,1
2020-07-16,Mendocino,045,87422,196,121,0,121,0
2020-07-16,Merced,047,269075,3842,2228,3,2231,12
2020-07-16,Modoc,049,8938,1,0,0,0,0
2020-07-16,Mono,051,14174,97,53,1,54,1
2020-07-16,Monterey,053,433212,3914,2857,12,2869,18
2020-07-16,Napa,055,140530,859,581,0,581,5
2020-07-16,Nevada,057,99092,278,191,9,200,1
2020-07-16,Orange,059,3164182,36843,28525,499,29024,471
2020-07-16,Placer,061,380077,1704,1168,3,1171,11
2020-07-16,Plumas,063,18699,25,16,0,16,0
2020-07-16,Riverside,065,2383286,36607,28904,36,28940,577
2020-07-16,Sacramento,067,1510023,9063,6440,9,6449,91
2020-07-16,San Benito,069,59416,512,389,0,389,2
2020-07-16,San Bernardino,071,2135413,31846,22355,72,22427,321
2020-07-16,San Diego,073,3302833,26945,21857,2,21859,465
2020-07-16,San Francisco,075,870044,5831,4838,6,4844,52
2020-07-16,San Joaquin,077,732212,10841,7713,6,7719,82
2020-07-16,San Luis Obispo,079,281455,1613,1146,8,1154,6
2020-07-16,San Mateo,081,765935,5222,4336,7,4343,110
2020-07-16,Santa Barbara,083,443738,5804,4872,48,4920,28
2020-07-16,Santa Clara,085,1922200,9772,6990,23,7013,164
2020-07-16,Santa Cruz,087,273765,923,698,8,706,3
2020-07-16,Shasta,089,179085,345,208,1,209,7
2020-07-16,Sierra,091,2930,1,1,0,1,0
2020-07-16,Siskiyou,093,43540,67,39,0,39,0
2020-07-16,Solano,095,438530,3372,2372,12,2384,25
2020-07-16,Sonoma,097,501317,2698,1954,5,1959,14
2020-07-16,Stanislaus,099,539301,8570,6077,10,6087,56
2020-07-16,Sutter,101,95872,570,444,0,444,2
2020-07-16,Tehama,103,63373,188,126,2,128,1
2020-07-16,Trinity,105,12862,23,2,5,7,0
2020-07-16,Tulare,107,460477,8733,6467,31,6498,163
2020-07-16,Tuolumne,109,53932,116,71,2,73,0
2020-07-16,Ventura,111,848112,7052,5231,26,5257,50
2020-07-16,Yolo,113,214977,1403,1034,3,1037,29
2020-07-16,Yuba,115,75493,290,221,0,221,1
2020-07-15,Alameda,001,1643700,10694,8615,19,8634,153
2020-07-15,Alpine,003,1148,2,1,0,1,0
2020-07-15,Amador,005,37829,72,44,0,44,0
2020-07-15,Butte,007,227075,757,420,8,428,4
2020-07-15,Calaveras,009,45235,94,75,0,75,0
2020-07-15,Colusa,011,21464,258,135,0,135,0
2020-07-15,Contra Costa,013,1133247,7254,5246,16,5262,90
2020-07-15,Del Norte,015,27424,81,60,0,60,0
2020-07-15,El Dorado,017,186661,580,339,0,339,0
2020-07-15,Fresno,019,978130,16228,9124,126,9250,101
2020-07-15,Glenn,021,27897,278,184,0,184,0
2020-07-15,Humboldt,023,135768,212,181,1,182,4
2020-07-15,Imperial,025,180216,9541,7110,7,7117,110
2020-07-15,Inyo,027,18085,42,36,1,37,1
2020-07-15,Kern,029,883053,18401,7155,70,7225,108
2020-07-15,Kings,031,150075,3630,2906,23,2929,37
2020-07-15,Lake,033,64148,177,122,0,122,1
2020-07-15,Lassen,035,31185,520,319,2,321,0
2020-07-15,Los Angeles,037,10098052,164186,143343,260,143603,3946
2020-07-15,Madera,039,155013,1892,1147,3,1150,4
2020-07-15,Marin,041,260295,4587,3458,5,3463,21
2020-07-15,Mariposa,043,17540,45,34,0,34,1
2020-07-15,Mendocino,045,87422,193,119,0,119,0
2020-07-15,Merced,047,269075,3692,2156,3,2159,12
2020-07-15,Modoc,049,8938,1,0,0,0,0
2020-07-15,Mono,051,14174,95,52,1,53,1
2020-07-15,Monterey,053,433212,3802,2780,12,2792,18
2020-07-15,Napa,055,140530,833,573,0,573,5
2020-07-15,Nevada,057,99092,274,185,7,192,1
2020-07-15,Orange,059,3164182,36043,27718,465,28183,454
2020-07-15,Placer,061,380077,1646,1145,3,1148,11
2020-07-15,Plumas,063,18699,25,16,0,16,0
2020-07-15,Riverside,065,2383286,35825,28492,34,28526,568
2020-07-15,Sacramento,067,1510023,8682,6217,9,6226,91
2020-07-15,San Benito,069,59416,503,388,0,388,2
2020-07-15,San Bernardino,071,2135413,31056,21508,56,21564,317
2020-07-15,San Diego,073,3302833,26478,21448,2,21450,448
2020-07-15,San Francisco,075,870044,5717,4757,6,4763,50
2020-07-15,San Joaquin,077,732212,10409,7381,5,7386,75
2020-07-15,San Luis Obispo,079,281455,1570,1097,8,1105,6
2020-07-15,San Mateo,081,765935,5109,4258,7,4265,109
2020-07-15,Santa Barbara,083,443738,5688,4733,48,4781,28
2020-07-15,Santa Clara,085,1922200,9468,6900,23,6923,164
2020-07-15,Santa Cruz,087,273765,887,660,7,667,3
2020-07-15,Shasta,089,179085,336,193,1,194,7
2020-07-15,Sierra,091,2930,1,1,0,1,0
2020-07-15,Siskiyou,093,43540,66,38,0,38,0
2020-07-15,Solano,095,438530,3277,2343,12,2355,25
2020-07-15,Sonoma,097,501317,2600,1920,5,1925,14
2020-07-15,Stanislaus,099,539301,8273,5777,10,5787,56
2020-07-15,Sutter,101,95872,544,433,0,433,2
2020-07-15,Tehama,103,63373,180,126,2,128,1
2020-07-15,Trinity,105,12862,22,2,5,7,0
2020-07-15,Tulare,107,460477,8522,6320,30,6350,156
2020-07-15,Tuolumne,109,53932,109,68,2,70,0
2020-07-15,Ventura,111,848112,6875,5087,26,5113,50
2020-07-15,Yolo,113,214977,1371,1002,3,1005,27
2020-07-15,Yuba,115,75493,278,221,0,221,1
2020-07-14,Alameda,001,1643700,10352,8388,13,8401,151
2020-07-14,Alpine,003,1148,2,1,0,1,0
2020-07-14,Amador,005,37829,68,44,0,44,0
2020-07-14,Butte,007,227075,711,382,8,390,4
2020-07-14,Calaveras,009,45235,92,74,0,74,0
2020-07-14,Colusa,011,21464,248,128,0,128,0
2020-07-14,Contra Costa,013,1133247,7017,5110,14,5124,90
2020-07-14,Del Norte,015,27424,80,60,0,60,0
2020-07-14,El Dorado,017,186661,565,324,0,324,0
2020-07-14,Fresno,019,978130,15808,8941,121,9062,98
2020-07-14,Glenn,021,27897,268,177,0,177,0
2020-07-14,Humboldt,023,135768,209,175,1,176,4
2020-07-14,Imperial,025,180216,9412,7095,7,7102,109
2020-07-14,Inyo,027,18085,42,35,1,36,1
2020-07-14,Kern,029,883053,17642,6979,57,7036,107
2020-07-14,Kings,031,150075,3563,2867,22,2889,37
2020-07-14,Lake,033,64148,171,120,0,120,1
2020-07-14,Lassen,035,31185,503,263,2,265,0
2020-07-14,Los Angeles,037,10098052,161053,140632,230,140862,3900
2020-07-14,Madera,039,155013,1818,1118,3,1121,4
2020-07-14,Marin,041,260295,4473,3451,5,3456,21
2020-07-14,Mariposa,043,17540,41,32,0,32,1
2020-07-14,Mendocino,045,87422,185,110,0,110,0
2020-07-14,Merced,047,269075,3513,2084,3,2087,12
2020-07-14,Modoc,049,8938,1,0,0,0,0
2020-07-14,Mono,051,14174,85,48,1,49,1
2020-07-14,Monterey,053,433212,3688,2724,12,2736,18
2020-07-14,Napa,055,140530,777,557,0,557,4
2020-07-14,Nevada,057,99092,257,180,6,186,1
2020-07-14,Orange,059,3164182,35163,26915,418,27333,432
2020-07-14,Placer,061,380077,1588,1122,3,1125,11
2020-07-14,Plumas,063,18699,24,14,0,14,0
2020-07-14,Riverside,065,2383286,35068,27850,33,27883,547
2020-07-14,Sacramento,067,1510023,8328,5978,9,5987,87
2020-07-14,San Benito,069,59416,484,360,0,360,2
2020-07-14,San Bernardino,071,2135413,30204,20489,46,20535,316
2020-07-14,San Diego,073,3302833,25858,20887,2,20889,436
2020-07-14,San Francisco,075,870044,5567,4659,5,4664,50
2020-07-14,San Joaquin,077,732212,9981,7143,5,7148,75
2020-07-14,San Luis Obispo,079,281455,1532,1060,8,1068,5
2020-07-14,San Mateo,081,765935,5016,4173,7,4180,108
2020-07-14,Santa Barbara,083,443738,5564,4641,46,4687,28
2020-07-14,Santa Clara,085,1922200,9140,6686,20,6706,164
2020-07-14,Santa Cruz,087,273765,848,639,7,646,3
2020-07-14,Shasta,089,179085,327,190,1,191,7
2020-07-14,Sierra,091,2930,1,1,0,1,0
2020-07-14,Siskiyou,093,43540,65,38,0,38,0
2020-07-14,Solano,095,438530,3177,2266,10,2276,25
2020-07-14,Sonoma,097,501317,2507,1866,5,1871,14
2020-07-14,Stanislaus,099,539301,7899,5631,9,5640,53
2020-07-14,Sutter,101,95872,525,405,0,405,2
2020-07-14,Tehama,103,63373,168,123,2,125,1
2020-07-14,Trinity,105,12862,21,2,5,7,0
2020-07-14,Tulare,107,460477,8276,6199,30,6229,156
2020-07-14,Tuolumne,109,53932,104,68,2,70,0
2020-07-14,Ventura,111,848112,6714,4950,26,4976,50
2020-07-14,Yolo,113,214977,1323,966,3,969,27
2020-07-14,Yuba,115,75493,261,210,0,210,1
2020-07-13,Alameda,001,1643700,10043,8115,13,8128,148
2020-07-13,Alpine,003,1148,2,1,0,1,0
2020-07-13,Amador,005,37829,64,42,0,42,0
2020-07-13,Butte,007,227075,675,354,8,362,4
2020-07-13,Calaveras,009,45235,84,63,0,63,0
2020-07-13,Colusa,011,21464,242,116,0,116,0
2020-07-13,Contra Costa,013,1133247,6744,4882,12,4894,88
2020-07-13,Del Norte,015,27424,74,59,0,59,0
2020-07-13,El Dorado,017,186661,534,298,0,298,0
2020-07-13,Fresno,019,978130,15377,8666,116,8782,95
2020-07-13,Glenn,021,27897,261,168,0,168,0
2020-07-13,Humboldt,023,135768,204,174,1,175,4
2020-07-13,Imperial,025,180216,9327,7052,7,7059,109
2020-07-13,Inyo,027,18085,41,35,1,36,1
2020-07-13,Kern,029,883053,16957,6808,52,6860,107
2020-07-13,Kings,031,150075,3512,2824,22,2846,37
2020-07-13,Lake,033,64148,166,118,0,118,1
2020-07-13,Lassen,035,31185,498,237,2,239,0
2020-07-13,Los Angeles,037,10098052,157822,136368,216,136584,3829
2020-07-13,Madera,039,155013,1749,1059,3,1062,4
2020-07-13,Marin,041,260295,4370,3402,5,3407,21
2020-07-13,Mariposa,043,17540,40,31,0,31,1
2020-07-13,Mendocino,045,87422,181,87,0,87,0
2020-07-13,Merced,047,269075,3364,2007,3,2010,12
2020-07-13,Modoc,049,8938,1,0,0,0,0
2020-07-13,Mono,051,14174,81,47,0,47,1
2020-07-13,Monterey,053,433212,3565,2613,9,2622,18
2020-07-13,Napa,055,140530,741,534,0,534,4
2020-07-13,Nevada,057,99092,243,172,6,178,1
2020-07-13,Orange,059,3164182,34299,25978,388,26366,423
2020-07-13,Placer,061,380077,1543,1096,3,1099,11
2020-07-13,Plumas,063,18699,22,14,0,14,0
2020-07-13,Riverside,065,2383286,34143,27136,31,27167,545
2020-07-13,Sacramento,067,1510023,8031,5747,9,5756,85
2020-07-13,San Benito,069,59416,471,343,0,343,2
2020-07-13,San Bernardino,071,2135413,29326,19610,40,19650,313
2020-07-13,San Diego,073,3302833,25291,20348,2,20350,422
2020-07-13,San Francisco,075,870044,5439,4534,4,4538,50
2020-07-13,San Joaquin,077,732212,9564,6927,5,6932,71
2020-07-13,San Luis Obispo,079,281455,1501,989,8,997,5
2020-07-13,San Mateo,081,765935,4885,4057,7,4064,108
2020-07-13,Santa Barbara,083,443738,5450,4441,45,4486,28
2020-07-13,Santa Clara,085,1922200,8817,6488,19,6507,164
2020-07-13,Santa Cruz,087,273765,810,574,7,581,3
2020-07-13,Shasta,089,179085,316,185,1,186,6
2020-07-13,Sierra,091,2930,1,1,0,1,0
2020-07-13,Siskiyou,093,43540,61,37,0,37,0
2020-07-13,Solano,095,438530,3065,2046,10,2056,23
2020-07-13,Sonoma,097,501317,2396,1818,5,1823,14
2020-07-13,Stanislaus,099,539301,7596,5324,8,5332,53
2020-07-13,Sutter,101,95872,487,379,0,379,2
2020-07-13,Tehama,103,63373,155,112,2,114,1
2020-07-13,Trinity,105,12862,21,2,5,7,0
2020-07-13,Tulare,107,460477,8015,5930,28,5958,147
2020-07-13,Tuolumne,109,53932,96,56,2,58,0
2020-07-13,Ventura,111,848112,6524,4800,23,4823,50
2020-07-13,Yolo,113,214977,1277,941,3,944,27
2020-07-13,Yuba,115,75493,246,194,0,194,1
2020-07-12,Alameda,001,1643700,9772,8056,13,8069,148
2020-07-12,Alpine,003,1148,2,1,0,1,0
2020-07-12,Amador,005,37829,54,40,0,40,0
2020-07-12,Butte,007,227075,625,341,7,348,4
2020-07-12,Calaveras,009,45235,84,62,0,62,0
2020-07-12,Colusa,011,21464,208,116,0,116,0
2020-07-12,Contra Costa,013,1133247,6473,4708,10,4718,88
2020-07-12,Del Norte,015,27424,63,59,0,59,0
2020-07-12,El Dorado,017,186661,512,290,0,290,0
2020-07-12,Fresno,019,978130,14950,8407,111,8518,95
2020-07-12,Glenn,021,27897,248,166,0,166,0
2020-07-12,Humboldt,023,135768,200,174,1,175,4
2020-07-12,Imperial,025,180216,9208,6999,6,7005,109
2020-07-12,Inyo,027,18085,39,35,1,36,1
2020-07-12,Kern,029,883053,16213,6662,49,6711,105
2020-07-12,Kings,031,150075,3450,2779,22,2801,34
2020-07-12,Lake,033,64148,157,114,0,114,1
2020-07-12,Lassen,035,31185,491,237,2,239,0
2020-07-12,Los Angeles,037,10098052,154406,133830,187,134017,3816
2020-07-12,Madera,039,155013,1694,1025,3,1028,4
2020-07-12,Marin,041,260295,4293,3358,5,3363,21
2020-07-12,Mariposa,043,17540,39,31,0,31,1
2020-07-12,Mendocino,045,87422,162,88,0,88,0
2020-07-12,Merced,047,269075,3234,1908,3,1911,12
2020-07-12,Modoc,049,8938,1,0,0,0,0
2020-07-12,Mono,051,14174,71,45,0,45,1
2020-07-12,Monterey,053,433212,3450,2521,9,2530,18
2020-07-12,Napa,055,140530,709,519,0,519,4
2020-07-12,Nevada,057,99092,233,166,6,172,1
2020-07-12,Orange,059,3164182,33424,25399,379,25778,422
2020-07-12,Placer,061,380077,1487,1058,3,1061,11
2020-07-12,Plumas,063,18699,21,14,0,14,0
2020-07-12,Riverside,065,2383286,33383,26404,31,26435,542
2020-07-12,Sacramento,067,1510023,7719,5515,7,5522,85
2020-07-12,San Benito,069,59416,456,324,0,324,2
2020-07-12,San Bernardino,071,2135413,28413,19042,35,19077,312
2020-07-12,San Diego,073,3302833,24662,19929,2,19931,422
2020-07-12,San Francisco,075,870044,5289,4535,4,4539,50
2020-07-12,San Joaquin,077,732212,9202,6703,5,6708,71
2020-07-12,San Luis Obispo,079,281455,1454,972,7,979,5
2020-07-12,San Mateo,081,765935,4767,3988,7,3995,108
2020-07-12,Santa Barbara,083,443738,5320,4353,44,4397,28
2020-07-12,Santa Clara,085,1922200,8579,6252,18,6270,164
2020-07-12,Santa Cruz,087,273765,768,573,5,578,3
2020-07-12,Shasta,089,179085,310,173,1,174,6
2020-07-12,Sierra,091,2930,1,1,0,1,0
2020-07-12,Siskiyou,093,43540,59,36,0,36,0
2020-07-12,Solano,095,438530,2940,2037,10,2047,23
2020-07-12,Sonoma,097,501317,2302,1743,5,1748,13
2020-07-12,Stanislaus,099,539301,7292,5177,8,5185,53
2020-07-12,Sutter,101,95872,469,362,0,362,2
2020-07-12,Tehama,103,63373,148,111,2,113,1
2020-07-12,Trinity,105,12862,21,2,5,7,0
2020-07-12,Tulare,107,460477,7760,5864,27,5891,146
2020-07-12,Tuolumne,109,53932,88,52,2,54,0
2020-07-12,Ventura,111,848112,6308,4724,22,4746,50
2020-07-12,Yolo,113,214977,1236,889,3,892,27
2020-07-12,Yuba,115,75493,235,188,0,188,1
2020-07-11,Alameda,001,1643700,9670,7845,13,7858,148
2020-07-11,Alpine,003,1148,2,1,0,1,0
2020-07-11,Amador,005,37829,50,37,0,37,0
2020-07-11,Butte,007,227075,609,325,7,332,4
2020-07-11,Calaveras,009,45235,81,62,0,62,0
2020-07-11,Colusa,011,21464,203,110,0,110,0
2020-07-11,Contra Costa,013,1133247,6356,4650,10,4660,87
2020-07-11,Del Norte,015,27424,63,59,0,59,0
2020-07-11,El Dorado,017,186661,501,283,0,283,0
2020-07-11,Fresno,019,978130,14690,8086,109,8195,95
2020-07-11,Glenn,021,27897,240,161,0,161,0
2020-07-11,Humboldt,023,135768,199,174,1,175,4
2020-07-11,Imperial,025,180216,9169,6884,6,6890,109
2020-07-11,Inyo,027,18085,39,35,1,36,1
2020-07-11,Kern,029,883053,15856,6509,48,6557,103
2020-07-11,Kings,031,150075,3423,2753,22,2775,33
2020-07-11,Lake,033,64148,156,110,0,110,1
2020-07-11,Lassen,035,31185,490,237,2,239,0
2020-07-11,Los Angeles,037,10098052,152689,130479,177,130656,3802
2020-07-11,Madera,039,155013,1653,988,3,991,4
2020-07-11,Marin,041,260295,4265,3191,5,3196,21
2020-07-11,Mariposa,043,17540,39,31,0,31,1
2020-07-11,Mendocino,045,87422,158,88,0,88,0
2020-07-11,Merced,047,269075,3153,1851,3,1854,12
2020-07-11,Modoc,049,8938,1,0,0,0,0
2020-07-11,Mono,051,14174,68,45,0,45,1
2020-07-11,Monterey,053,433212,3361,2376,8,2384,18
2020-07-11,Napa,055,140530,697,509,0,509,4
2020-07-11,Nevada,057,99092,224,163,5,168,1
2020-07-11,Orange,059,3164182,33047,24430,365,24795,422
2020-07-11,Placer,061,380077,1452,1029,3,1032,11
2020-07-11,Plumas,063,18699,21,12,0,12,0
2020-07-11,Riverside,065,2383286,32992,25994,31,26025,538
2020-07-11,Sacramento,067,1510023,7545,5367,7,5374,84
2020-07-11,San Benito,069,59416,441,314,0,314,2
2020-07-11,San Bernardino,071,2135413,27976,18907,33,18940,310
2020-07-11,San Diego,073,3302833,24277,19371,2,19373,422
2020-07-11,San Francisco,075,870044,5193,4430,3,4433,50
2020-07-11,San Joaquin,077,732212,9024,6518,5,6523,72
2020-07-11,San Luis Obispo,079,281455,1406,930,7,937,4
2020-07-11,San Mateo,081,765935,4699,3956,7,3963,108
2020-07-11,Santa Barbara,083,443738,5251,4283,43,4326,28
2020-07-11,Santa Clara,085,1922200,8420,5959,18,5977,164
2020-07-11,Santa Cruz,087,273765,737,571,5,576,3
2020-07-11,Shasta,089,179085,303,168,1,169,6
2020-07-11,Sierra,091,2930,1,1,0,1,0
2020-07-11,Siskiyou,093,43540,59,36,0,36,0
2020-07-11,Solano,095,438530,2899,2034,10,2044,23
2020-07-11,Sonoma,097,501317,2265,1690,5,1695,13
2020-07-11,Stanislaus,099,539301,7151,4911,8,4919,51
2020-07-11,Sutter,101,95872,453,352,0,352,2
2020-07-11,Tehama,103,63373,146,111,2,113,1
2020-07-11,Trinity,105,12862,21,2,5,7,0
2020-07-11,Tulare,107,460477,7654,5780,27,5807,149
2020-07-11,Tuolumne,109,53932,86,50,2,52,0
2020-07-11,Ventura,111,848112,6212,4545,21,4566,49
2020-07-11,Yolo,113,214977,1207,833,3,836,27
2020-07-11,Yuba,115,75493,225,175,0,175,1
2020-07-10,Alameda,001,1643700,9513,7551,13,7564,147
2020-07-10,Alpine,003,1148,2,1,0,1,0
2020-07-10,Amador,005,37829,46,37,0,37,0
2020-07-10,Butte,007,227075,598,318,7,325,4
2020-07-10,Calaveras,009,45235,81,61,0,61,0
2020-07-10,Colusa,011,21464,197,103,0,103,0
2020-07-10,Contra Costa,013,1133247,6213,4482,10,4492,86
2020-07-10,Del Norte,015,27424,63,57,0,57,0
2020-07-10,El Dorado,017,186661,483,266,0,266,0
2020-07-10,Fresno,019,978130,14358,7760,106,7866,93
2020-07-10,Glenn,021,27897,235,157,0,157,0
2020-07-10,Humboldt,023,135768,198,168,1,169,4
2020-07-10,Imperial,025,180216,9124,6878,5,6883,98
2020-07-10,Inyo,027,18085,39,35,1,36,1
2020-07-10,Kern,029,883053,15423,6344,47,6391,102
2020-07-10,Kings,031,150075,3387,2707,22,2729,33
2020-07-10,Lake,033,64148,149,104,0,104,1
2020-07-10,Lassen,035,31185,489,235,2,237,0
2020-07-10,Los Angeles,037,10098052,150270,127503,171,127674,3750
2020-07-10,Madera,039,155013,1607,914,3,917,4
2020-07-10,Marin,041,260295,4202,3101,5,3106,21
2020-07-10,Mariposa,043,17540,38,31,0,31,1
2020-07-10,Mendocino,045,87422,150,88,0,88,0
2020-07-10,Merced,047,269075,3074,1802,3,1805,12
2020-07-10,Modoc,049,8938,1,0,0,0,0
2020-07-10,Mono,051,14174,67,45,0,45,1
2020-07-10,Monterey,053,433212,3282,2285,8,2293,18
2020-07-10,Napa,055,140530,686,496,0,496,4
2020-07-10,Nevada,057,99092,219,161,5,166,1
2020-07-10,Orange,059,3164182,32459,23692,362,24054,416
2020-07-10,Placer,061,380077,1411,1002,3,1005,11
2020-07-10,Plumas,063,18699,19,12,0,12,0
2020-07-10,Riverside,065,2383286,32475,25481,31,25512,533
2020-07-10,Sacramento,067,1510023,7290,5181,7,5188,81
2020-07-10,San Benito,069,59416,432,302,0,302,2
2020-07-10,San Bernardino,071,2135413,27450,18242,30,18272,308
2020-07-10,San Diego,073,3302833,23896,18862,2,18864,420
2020-07-10,San Francisco,075,870044,5102,4305,3,4308,50
2020-07-10,San Joaquin,077,732212,8791,6225,5,6230,67
2020-07-10,San Luis Obispo,079,281455,1368,891,7,898,4
2020-07-10,San Mateo,081,765935,4634,3844,7,3851,107
2020-07-10,Santa Barbara,083,443738,5154,4177,42,4219,28
2020-07-10,Santa Clara,085,1922200,8196,5819,18,5837,164
2020-07-10,Santa Cruz,087,273765,710,540,5,545,3
2020-07-10,Shasta,089,179085,299,158,1,159,6
2020-07-10,Sierra,091,2930,1,1,0,1,0
2020-07-10,Siskiyou,093,43540,59,31,0,31,0
2020-07-10,Solano,095,438530,2852,1950,10,1960,23
2020-07-10,Sonoma,097,501317,2218,1606,4,1610,13
2020-07-10,Stanislaus,099,539301,6981,4781,8,4789,46
2020-07-10,Sutter,101,95872,446,338,0,338,2
2020-07-10,Tehama,103,63373,145,107,2,109,1
2020-07-10,Trinity,105,12862,21,2,5,7,0
2020-07-10,Tulare,107,460477,7517,5677,27,5704,150
2020-07-10,Tuolumne,109,53932,85,49,2,51,0
2020-07-10,Ventura,111,848112,6098,4416,21,4437,48
2020-07-10,Yolo,113,214977,1183,794,3,797,27
2020-07-10,Yuba,115,75493,211,164,0,164,1
2020-07-09,Alameda,001,1643700,9277,7433,13,7446,146
2020-07-09,Alpine,003,1148,2,1,0,1,0
2020-07-09,Amador,005,37829,43,36,0,36,0
2020-07-09,Butte,007,227075,566,295,7,302,4
2020-07-09,Calaveras,009,45235,80,59,0,59,0
2020-07-09,Colusa,011,21464,189,97,0,97,0
2020-07-09,Contra Costa,013,1133247,5970,4388,10,4398,86
2020-07-09,Del Norte,015,27424,63,57,0,57,0
2020-07-09,El Dorado,017,186661,458,255,0,255,0
2020-07-09,Fresno,019,978130,13903,7385,103,7488,90
2020-07-09,Glenn,021,27897,225,150,0,150,0
2020-07-09,Humboldt,023,135768,195,166,1,167,4
2020-07-09,Imperial,025,180216,9029,6778,5,6783,87
2020-07-09,Inyo,027,18085,37,35,1,36,1
2020-07-09,Kern,029,883053,14778,6100,45,6145,95
2020-07-09,Kings,031,150075,3323,2686,21,2707,33
2020-07-09,Lake,033,64148,146,99,0,99,1
2020-07-09,Lassen,035,31185,433,221,2,223,0
2020-07-09,Los Angeles,037,10098052,147012,125062,147,125209,3698
2020-07-09,Madera,039,155013,1530,850,3,853,4
2020-07-09,Marin,041,260295,4051,2975,4,2979,20
2020-07-09,Mariposa,043,17540,38,32,0,32,1
2020-07-09,Mendocino,045,87422,146,88,0,88,0
2020-07-09,Merced,047,269075,2941,1728,3,1731,11
2020-07-09,Modoc,049,8938,1,0,0,0,0
2020-07-09,Mono,051,14174,63,45,0,45,1
2020-07-09,Monterey,053,433212,3157,2223,8,2231,17
2020-07-09,Napa,055,140530,669,468,0,468,4
2020-07-09,Nevada,057,99092,213,156,5,161,1
2020-07-09,Orange,059,3164182,31488,22960,344,23304,407
2020-07-09,Placer,061,380077,1368,982,3,985,11
2020-07-09,Plumas,063,18699,19,12,0,12,0
2020-07-09,Riverside,065,2383286,31582,24980,30,25010,529
2020-07-09,Sacramento,067,1510023,6963,4950,7,4957,81
2020-07-09,San Benito,069,59416,416,295,0,295,2
2020-07-09,San Bernardino,071,2135413,26577,17339,24,17363,307
2020-07-09,San Diego,073,3302833,23304,18404,2,18406,415
2020-07-09,San Francisco,075,870044,4970,4143,3,4146,50
2020-07-09,San Joaquin,077,732212,8432,6004,5,6009,66
2020-07-09,San Luis Obispo,079,281455,1328,869,7,876,3
2020-07-09,San Mateo,081,765935,4507,3792,7,3799,106
2020-07-09,Santa Barbara,083,443738,5021,4068,42,4110,28
2020-07-09,Santa Clara,085,1922200,7939,5638,18,5656,164
2020-07-09,Santa Cruz,087,273765,683,526,5,531,3
2020-07-09,Shasta,089,179085,293,155,1,156,5
2020-07-09,Sierra,091,2930,1,1,0,1,0
2020-07-09,Siskiyou,093,43540,55,31,0,31,0
2020-07-09,Solano,095,438530,2754,1892,10,1902,23
2020-07-09,Sonoma,097,501317,2132,1584,4,1588,13
2020-07-09,Stanislaus,099,539301,6665,4633,7,4640,46
2020-07-09,Sutter,101,95872,429,321,0,321,2
2020-07-09,Tehama,103,63373,140,102,2,104,1
2020-07-09,Trinity,105,12862,21,2,5,7,0
2020-07-09,Tulare,107,460477,7298,5501,26,5527,146
2020-07-09,Tuolumne,109,53932,84,47,2,49,0
2020-07-09,Ventura,111,848112,5930,4278,21,4299,47
2020-07-09,Yolo,113,214977,1136,764,3,767,27
2020-07-09,Yuba,115,75493,194,152,0,152,1
2020-07-08,Alameda,001,1643700,8985,7335,13,7348,142
2020-07-08,Alpine,003,1148,2,1,0,1,0
2020-07-08,Amador,005,37829,40,35,0,35,0
2020-07-08,Butte,007,227075,529,281,7,288,3
2020-07-08,Calaveras,009,45235,75,58,0,58,0
2020-07-08,Colusa,011,21464,176,90,0,90,0
2020-07-08,Contra Costa,013,1133247,5724,4268,8,4276,84
2020-07-08,Del Norte,015,27424,61,57,0,57,0
2020-07-08,El Dorado,017,186661,437,248,0,248,0
2020-07-08,Fresno,019,978130,13486,7102,95,7197,86
2020-07-08,Glenn,021,27897,214,146,0,146,0
2020-07-08,Humboldt,023,135768,192,162,1,163,4
2020-07-08,Imperial,025,180216,8942,6727,5,6732,76
2020-07-08,Inyo,027,18085,37,35,1,36,1
2020-07-08,Kern,029,883053,14200,5873,43,5916,91
2020-07-08,Kings,031,150075,3263,2629,18,2647,33
2020-07-08,Lake,033,64148,139,97,0,97,1
2020-07-08,Lassen,035,31185,337,221,2,223,0
2020-07-08,Los Angeles,037,10098052,143812,123462,120,123582,3650
2020-07-08,Madera,039,155013,1460,828,3,831,4
2020-07-08,Marin,041,260295,3952,2756,4,2760,17
2020-07-08,Mariposa,043,17540,38,31,0,31,1
2020-07-08,Mendocino,045,87422,133,84,0,84,0
2020-07-08,Merced,047,269075,2822,1578,3,1581,11
2020-07-08,Modoc,049,8938,1,0,0,0,0
2020-07-08,Mono,051,14174,60,45,0,45,1
2020-07-08,Monterey,053,433212,3039,2182,7,2189,17
2020-07-08,Napa,055,140530,647,468,0,468,4
2020-07-08,Nevada,057,99092,204,156,5,161,1
2020-07-08,Orange,059,3164182,30535,22088,339,22427,378
2020-07-08,Placer,061,380077,1321,948,3,951,11
2020-07-08,Plumas,063,18699,19,12,0,12,0
2020-07-08,Riverside,065,2383286,30617,24042,29,24071,508
2020-07-08,Sacramento,067,1510023,6675,4799,7,4806,80
2020-07-08,San Benito,069,59416,400,282,0,282,2
2020-07-08,San Bernardino,071,2135413,25722,16510,20,16530,296
2020-07-08,San Diego,073,3302833,22737,17844,2,17846,406
2020-07-08,San Francisco,075,870044,4881,4093,3,4096,50
2020-07-08,San Joaquin,077,732212,8089,5759,5,5764,61
2020-07-08,San Luis Obispo,079,281455,1276,825,7,832,2
2020-07-08,San Mateo,081,765935,4386,3733,7,3740,106
2020-07-08,Santa Barbara,083,443738,4902,3985,42,4027,28
2020-07-08,Santa Clara,085,1922200,7706,5510,18,5528,164
2020-07-08,Santa Cruz,087,273765,650,509,4,513,3
2020-07-08,Shasta,089,179085,284,148,1,149,6
2020-07-08,Sierra,091,2930,1,1,0,1,0
2020-07-08,Siskiyou,093,43540,55,31,0,31,0
2020-07-08,Solano,095,438530,2638,1821,10,1831,23
2020-07-08,Sonoma,097,501317,2057,1495,4,1499,9
2020-07-08,Stanislaus,099,539301,6365,4344,7,4351,46
2020-07-08,Sutter,101,95872,404,298,0,298,2
2020-07-08,Tehama,103,63373,134,100,2,102,1
2020-07-08,Trinity,105,12862,20,2,5,7,0
2020-07-08,Tulare,107,460477,7106,5307,21,5328,138
2020-07-08,Tuolumne,109,53932,80,42,2,44,0
2020-07-08,Ventura,111,848112,5765,4139,21,4160,47
2020-07-08,Yolo,113,214977,1093,727,3,730,26
2020-07-08,Yuba,115,75493,181,145,0,145,1
2020-07-07,Alameda,001,1643700,8665,7097,12,7109,141
2020-07-07,Alpine,003,1148,2,1,0,1,0
2020-07-07,Amador,005,37829,40,33,0,33,0
2020-07-07,Butte,007,227075,486,269,7,276,3
2020-07-07,Calaveras,009,45235,73,58,0,58,0
2020-07-07,Colusa,011,21464,143,84,0,84,0
2020-07-07,Contra Costa,013,1133247,5488,4131,7,4138,84
2020-07-07,Del Norte,015,27424,61,57,0,57,0
2020-07-07,El Dorado,017,186661,417,244,0,244,0
2020-07-07,Fresno,019,978130,13033,6738,95,6833,84
2020-07-07,Glenn,021,27897,205,145,0,145,0
2020-07-07,Humboldt,023,135768,189,150,1,151,4
2020-07-07,Imperial,025,180216,8843,6678,5,6683,51
2020-07-07,Inyo,027,18085,36,32,1,33,1
2020-07-07,Kern,029,883053,13501,5645,39,5684,88
2020-07-07,Kings,031,150075,3200,2623,16,2639,33
2020-07-07,Lake,033,64148,129,94,0,94,1
2020-07-07,Lassen,035,31185,266,219,2,221,0
2020-07-07,Los Angeles,037,10098052,140245,121026,112,121138,3588
2020-07-07,Madera,039,155013,1416,794,3,797,4
2020-07-07,Marin,041,260295,3863,2627,4,2631,17
2020-07-07,Mariposa,043,17540,38,31,0,31,1
2020-07-07,Mendocino,045,87422,125,82,0,82,0
2020-07-07,Merced,047,269075,2648,1531,3,1534,10
2020-07-07,Modoc,049,8938,1,0,0,0,0
2020-07-07,Mono,051,14174,59,42,0,42,1
2020-07-07,Monterey,053,433212,2896,2166,7,2173,17
2020-07-07,Napa,055,140530,628,459,0,459,4
2020-07-07,Nevada,057,99092,198,150,5,155,1
2020-07-07,Orange,059,3164182,29524,21741,325,22066,373
2020-07-07,Placer,061,380077,1280,930,3,933,11
2020-07-07,Plumas,063,18699,17,12,0,12,0
2020-07-07,Riverside,065,2383286,29602,23279,29,23308,499
2020-07-07,Sacramento,067,1510023,6331,4592,7,4599,76
2020-07-07,San Benito,069,59416,382,274,0,274,2
2020-07-07,San Bernardino,071,2135413,24851,16004,18,16022,277
2020-07-07,San Diego,073,3302833,22022,17580,2,17582,399
2020-07-07,San Francisco,075,870044,4788,4045,2,4047,50
2020-07-07,San Joaquin,077,732212,7747,5547,5,5552,59
2020-07-07,San Luis Obispo,079,281455,1215,795,7,802,2
2020-07-07,San Mateo,081,765935,4271,3691,7,3698,106
2020-07-07,Santa Barbara,083,443738,4774,3866,41,3907,27
2020-07-07,Santa Clara,085,1922200,7437,5438,18,5456,164
2020-07-07,Santa Cruz,087,273765,616,502,3,505,2
2020-07-07,Shasta,089,179085,271,144,1,145,6
2020-07-07,Sierra,091,2930,1,1,0,1,0
2020-07-07,Siskiyou,093,43540,54,30,0,30,0
2020-07-07,Solano,095,438530,2527,1776,9,1785,22
2020-07-07,Sonoma,097,501317,1986,1473,4,1477,8
2020-07-07,Stanislaus,099,539301,6026,4101,7,4108,46
2020-07-07,Sutter,101,95872,378,273,0,273,2
2020-07-07,Tehama,103,63373,125,95,2,97,1
2020-07-07,Trinity,105,12862,20,2,5,7,0
2020-07-07,Tulare,107,460477,6926,5189,19,5208,137
2020-07-07,Tuolumne,109,53932,74,40,2,42,0
2020-07-07,Ventura,111,848112,5596,3992,19,4011,46
2020-07-07,Yolo,113,214977,1025,706,3,709,26
2020-07-07,Yuba,115,75493,161,138,0,138,1
2020-07-06,Alameda,001,1643700,8427,6970,12,6982,141
2020-07-06,Alpine,003,1148,1,1,0,1,0
2020-07-06,Amador,005,37829,38,33,0,33,0
2020-07-06,Butte,007,227075,430,257,7,264,2
2020-07-06,Calaveras,009,45235,70,45,0,45,0
2020-07-06,Colusa,011,21464,134,80,0,80,0
2020-07-06,Contra Costa,013,1133247,5258,3901,6,3907,83
2020-07-06,Del Norte,015,27424,60,57,0,57,0
2020-07-06,El Dorado,017,186661,402,232,0,232,0
2020-07-06,Fresno,019,978130,12565,6364,89,6453,82
2020-07-06,Glenn,021,27897,197,129,0,129,0
2020-07-06,Humboldt,023,135768,187,148,1,149,3
2020-07-06,Imperial,025,180216,8724,6443,5,6448,47
2020-07-06,Inyo,027,18085,36,32,1,33,1
2020-07-06,Kern,029,883053,12695,5491,37,5528,82
2020-07-06,Kings,031,150075,3149,2583,11,2594,33
2020-07-06,Lake,033,64148,122,93,0,93,1
2020-07-06,Lassen,035,31185,264,219,2,221,0
2020-07-06,Los Angeles,037,10098052,136645,116707,98,116805,3541
2020-07-06,Madera,039,155013,1346,734,3,737,4
2020-07-06,Marin,041,260295,3623,2136,4,2140,17
2020-07-06,Mariposa,043,17540,36,31,0,31,1
2020-07-06,Mendocino,045,87422,108,72,0,72,0
2020-07-06,Merced,047,269075,2497,1396,3,1399,10
2020-07-06,Modoc,049,8938,1,0,0,0,0
2020-07-06,Mono,051,14174,58,40,0,40,1
2020-07-06,Monterey,053,433212,2806,2078,7,2085,15
2020-07-06,Napa,055,140530,610,454,0,454,4
2020-07-06,Nevada,057,99092,192,146,5,151,1
2020-07-06,Orange,059,3164182,28462,20167,288,20455,372
2020-07-06,Placer,061,380077,1218,904,3,907,11
2020-07-06,Plumas,063,18699,17,11,0,11,0
2020-07-06,Riverside,065,2383286,28549,22485,28,22513,477
2020-07-06,Sacramento,067,1510023,5981,4420,7,4427,71
2020-07-06,San Benito,069,59416,367,264,0,264,2
2020-07-06,San Bernardino,071,2135413,23995,15346,15,15361,272
2020-07-06,San Diego,073,3302833,21308,17002,2,17004,387
2020-07-06,San Francisco,075,870044,4667,3861,2,3863,50
2020-07-06,San Joaquin,077,732212,7377,5104,5,5109,57
2020-07-06,San Luis Obispo,079,281455,1157,751,7,758,2
2020-07-06,San Mateo,081,765935,4179,3650,6,3656,106
2020-07-06,Santa Barbara,083,443738,4637,3763,40,3803,27
2020-07-06,Santa Clara,085,1922200,7166,5369,18,5387,165
2020-07-06,Santa Cruz,087,273765,594,466,2,468,2
2020-07-06,Shasta,089,179085,261,143,1,144,6
2020-07-06,Sierra,091,2930,1,1,0,1,0
2020-07-06,Siskiyou,093,43540,50,30,0,30,0
2020-07-06,Solano,095,438530,2394,1668,9,1677,22
2020-07-06,Sonoma,097,501317,1922,1369,4,1373,8
2020-07-06,Stanislaus,099,539301,5624,3983,7,3990,46
2020-07-06,Sutter,101,95872,351,250,0,250,2
2020-07-06,Tehama,103,63373,122,95,2,97,1
2020-07-06,Trinity,105,12862,19,2,5,7,0
2020-07-06,Tulare,107,460477,6721,5039,17,5056,136
2020-07-06,Tuolumne,109,53932,71,30,2,32,0
2020-07-06,Ventura,111,848112,5403,3912,19,3931,44
2020-07-06,Yolo,113,214977,969,685,3,688,26
2020-07-06,Yuba,115,75493,147,124,0,124,1
2020-07-05,Alameda,001,1643700,8175,6861,12,6873,141
2020-07-05,Alpine,003,1148,1,1,0,1,0
2020-07-05,Amador,005,37829,36,31,0,31,0
2020-07-05,Butte,007,227075,395,248,7,255,2
2020-07-05,Calaveras,009,45235,66,45,0,45,0
2020-07-05,Colusa,011,21464,124,79,0,79,0
2020-07-05,Contra Costa,013,1133247,5018,3665,5,3670,80
2020-07-05,Del Norte,015,27424,60,57,0,57,0
2020-07-05,El Dorado,017,186661,384,227,0,227,0
2020-07-05,Fresno,019,978130,11998,6186,87,6273,82
2020-07-05,Glenn,021,27897,194,129,0,129,0
2020-07-05,Humboldt,023,135768,183,147,1,148,3
2020-07-05,Imperial,025,180216,8590,6441,5,6446,47
2020-07-05,Inyo,027,18085,35,32,1,33,1
2020-07-05,Kern,029,883053,11986,5351,37,5388,82
2020-07-05,Kings,031,150075,3066,2546,10,2556,31
2020-07-05,Lake,033,64148,122,92,0,92,1
2020-07-05,Lassen,035,31185,258,219,2,221,0
2020-07-05,Los Angeles,037,10098052,133425,115133,92,115225,3495
2020-07-05,Madera,039,155013,1268,564,3,567,4
2020-07-05,Marin,041,260295,3440,2080,4,2084,17
2020-07-05,Mariposa,043,17540,36,31,0,31,1
2020-07-05,Mendocino,045,87422,105,72,0,72,0
2020-07-05,Merced,047,269075,2352,1340,3,1343,10
2020-07-05,Modoc,049,8938,1,0,0,0,0
2020-07-05,Mono,051,14174,54,39,0,39,1
2020-07-05,Monterey,053,433212,2703,1994,7,2001,15
2020-07-05,Napa,055,140530,580,450,0,450,4
2020-07-05,Nevada,057,99092,186,141,5,146,1
2020-07-05,Orange,059,3164182,27521,19430,275,19705,372
2020-07-05,Placer,061,380077,1161,855,3,858,11
2020-07-05,Plumas,063,18699,16,11,0,11,0
2020-07-05,Riverside,065,2383286,27692,21511,28,21539,474
2020-07-05,Sacramento,067,1510023,5666,4265,6,4271,71
2020-07-05,San Benito,069,59416,348,258,0,258,2
2020-07-05,San Bernardino,071,2135413,23117,15026,15,15041,270
2020-07-05,San Diego,073,3302833,20620,16728,2,16730,387
2020-07-05,San Francisco,075,870044,4549,3861,2,3863,50
2020-07-05,San Joaquin,077,732212,7058,5015,5,5020,57
2020-07-05,San Luis Obispo,079,281455,1078,730,7,737,2
2020-07-05,San Mateo,081,765935,4068,3575,6,3581,106
2020-07-05,Santa Barbara,083,443738,4489,3671,37,3708,27
2020-07-05,Santa Clara,085,1922200,6874,5237,18,5255,162
2020-07-05,Santa Cruz,087,273765,576,467,0,467,2
2020-07-05,Shasta,089,179085,255,138,1,139,6
2020-07-05,Sierra,091,2930,1,1,0,1,0
2020-07-05,Siskiyou,093,43540,46,30,0,30,0
2020-07-05,Solano,095,438530,2274,1547,9,1556,22
2020-07-05,Sonoma,097,501317,1841,1369,4,1373,8
2020-07-05,Stanislaus,099,539301,5293,3777,6,3783,45
2020-07-05,Sutter,101,95872,323,241,0,241,2
2020-07-05,Tehama,103,63373,120,95,2,97,1
2020-07-05,Trinity,105,12862,19,2,5,7,0
2020-07-05,Tulare,107,460477,6462,4981,15,4996,135
2020-07-05,Tuolumne,109,53932,66,30,2,32,0
2020-07-05,Ventura,111,848112,5200,3866,19,3885,44
2020-07-05,Yolo,113,214977,929,644,3,647,26
2020-07-05,Yuba,115,75493,137,115,0,115,1
2020-07-04,Alameda,001,1643700,8063,6737,12,6749,141
2020-07-04,Alpine,003,1148,1,1,0,1,0
2020-07-04,Amador,005,37829,35,31,0,31,0
2020-07-04,Butte,007,227075,377,224,7,231,2
2020-07-04,Calaveras,009,45235,66,45,0,45,0
2020-07-04,Colusa,011,21464,123,76,0,76,0
2020-07-04,Contra Costa,013,1133247,4870,3583,5,3588,80
2020-07-04,Del Norte,015,27424,60,50,0,50,0
2020-07-04,El Dorado,017,186661,365,211,0,211,0
2020-07-04,Fresno,019,978130,11681,5999,85,6084,82
2020-07-04,Glenn,021,27897,187,128,0,128,0
2020-07-04,Humboldt,023,135768,176,144,1,145,3
2020-07-04,Imperial,025,180216,8542,6441,5,6446,47
2020-07-04,Inyo,027,18085,35,32,1,33,1
2020-07-04,Kern,029,883053,11682,5231,37,5268,81
2020-07-04,Kings,031,150075,3023,2509,10,2519,31
2020-07-04,Lake,033,64148,115,86,0,86,1
2020-07-04,Lassen,035,31185,258,219,2,221,0
2020-07-04,Los Angeles,037,10098052,131609,107256,81,107337,3462
2020-07-04,Madera,039,155013,1222,568,3,571,4
2020-07-04,Marin,041,260295,3411,1962,4,1966,17
2020-07-04,Mariposa,043,17540,36,28,0,28,1
2020-07-04,Mendocino,045,87422,105,72,0,72,0
2020-07-04,Merced,047,269075,2249,1252,2,1254,10
2020-07-04,Modoc,049,8938,1,0,0,0,0
2020-07-04,Mono,051,14174,54,37,0,37,1
2020-07-04,Monterey,053,433212,2623,1878,7,1885,15
2020-07-04,Napa,055,140530,571,426,0,426,4
2020-07-04,Nevada,057,99092,183,125,5,130,1
2020-07-04,Orange,059,3164182,27088,19247,262,19509,372
2020-07-04,Placer,061,380077,1126,796,3,799,11
2020-07-04,Plumas,063,18699,16,11,0,11,0
2020-07-04,Riverside,065,2383286,27325,21508,28,21536,474
2020-07-04,Sacramento,067,1510023,5495,4039,6,4045,71
2020-07-04,San Benito,069,59416,335,255,0,255,2
2020-07-04,San Bernardino,071,2135413,22690,14636,13,14649,270
2020-07-04,San Diego,073,3302833,20160,16166,2,16168,387
2020-07-04,San Francisco,075,870044,4457,3861,2,3863,50
2020-07-04,San Joaquin,077,732212,6845,4807,5,4812,57
2020-07-04,San Luis Obispo,079,281455,1038,699,7,706,2
2020-07-04,San Mateo,081,765935,4005,3532,6,3538,106
2020-07-04,Santa Barbara,083,443738,4414,3520,35,3555,27
2020-07-04,Santa Clara,085,1922200,6682,5045,17,5062,161
2020-07-04,Santa Cruz,087,273765,566,466,0,466,2
2020-07-04,Shasta,089,179085,252,135,1,136,6
2020-07-04,Sierra,091,2930,1,1,0,1,0
2020-07-04,Siskiyou,093,43540,39,30,0,30,0
2020-07-04,Solano,095,438530,2238,1548,9,1557,22
2020-07-04,Sonoma,097,501317,1815,1370,4,1374,8
2020-07-04,Stanislaus,099,539301,5135,3572,6,3578,44
2020-07-04,Sutter,101,95872,304,225,0,225,2
2020-07-04,Tehama,103,63373,117,92,2,94,1
2020-07-04,Trinity,105,12862,19,2,5,7,0
2020-07-04,Tulare,107,460477,6350,4802,14,4816,135
2020-07-04,Tuolumne,109,53932,62,30,2,32,0
2020-07-04,Ventura,111,848112,5076,3687,19,3706,44
2020-07-04,Yolo,113,214977,904,615,3,618,26
2020-07-04,Yuba,115,75493,130,102,0,102,1
2020-07-03,Alameda,001,1643700,7942,6486,12,6498,141
2020-07-03,Alpine,003,1148,1,1,0,1,0
2020-07-03,Amador,005,37829,35,25,0,25,0
2020-07-03,Butte,007,227075,365,212,7,219,2
2020-07-03,Calaveras,009,45235,66,44,0,44,0
2020-07-03,Colusa,011,21464,117,70,0,70,0
2020-07-03,Contra Costa,013,1133247,4736,3447,5,3452,78
2020-07-03,Del Norte,015,27424,60,50,0,50,0
2020-07-03,El Dorado,017,186661,353,201,0,201,0
2020-07-03,Fresno,019,978130,11376,5783,83,5866,81
2020-07-03,Glenn,021,27897,182,122,0,122,0
2020-07-03,Humboldt,023,135768,172,143,1,144,3
2020-07-03,Imperial,025,180216,8494,6345,5,6350,47
2020-07-03,Inyo,027,18085,35,32,1,33,1
2020-07-03,Kern,029,883053,11421,5213,37,5250,81
2020-07-03,Kings,031,150075,2987,2492,10,2502,31
2020-07-03,Lake,033,64148,108,83,0,83,0
2020-07-03,Lassen,035,31185,258,219,2,221,0
2020-07-03,Los Angeles,037,10098052,130093,107236,77,107313,3461
2020-07-03,Madera,039,155013,1177,565,3,568,4
2020-07-03,Marin,041,260295,3382,1776,4,1780,17
2020-07-03,Mariposa,043,17540,36,28,0,28,1
2020-07-03,Mendocino,045,87422,104,72,0,72,0
2020-07-03,Merced,047,269075,2183,1188,2,1190,10
2020-07-03,Modoc,049,8938,1,0,0,0,0
2020-07-03,Mono,051,14174,54,37,0,37,1
2020-07-03,Monterey,053,433212,2552,1804,7,1811,15
2020-07-03,Napa,055,140530,553,388,0,388,4
2020-07-03,Nevada,057,99092,182,125,5,130,1
2020-07-03,Orange,059,3164182,26697,18819,254,19073,366
2020-07-03,Placer,061,380077,1099,745,3,748,11
2020-07-03,Plumas,063,18699,16,11,0,11,0
2020-07-03,Riverside,065,2383286,27019,21171,28,21199,472
2020-07-03,Sacramento,067,1510023,5361,3711,6,3717,71
2020-07-03,San Benito,069,59416,328,243,0,243,2
2020-07-03,San Bernardino,071,2135413,22301,14040,13,14053,269
2020-07-03,San Diego,073,3302833,19704,15698,2,15700,387
2020-07-03,San Francisco,075,870044,4410,3781,2,3783,50
2020-07-03,San Joaquin,077,732212,6707,4416,4,4420,56
2020-07-03,San Luis Obispo,079,281455,1003,676,7,683,2
2020-07-03,San Mateo,081,765935,3948,3439,6,3445,106
2020-07-03,Santa Barbara,083,443738,4327,3406,34,3440,27
2020-07-03,Santa Clara,085,1922200,6570,4820,17,4837,161
2020-07-03,Santa Cruz,087,273765,553,436,0,436,2
2020-07-03,Shasta,089,179085,244,113,1,114,6
2020-07-03,Sierra,091,2930,1,1,0,1,0
2020-07-03,Siskiyou,093,43540,36,30,0,30,0
2020-07-03,Solano,095,438530,2194,1496,8,1504,22
2020-07-03,Sonoma,097,501317,1767,1282,4,1286,8
2020-07-03,Stanislaus,099,539301,5010,3021,6,3027,43
2020-07-03,Sutter,101,95872,294,205,0,205,2
2020-07-03,Tehama,103,63373,115,89,2,91,1
2020-07-03,Trinity,105,12862,19,2,5,7,0
2020-07-03,Tulare,107,460477,6235,4656,14,4670,134
2020-07-03,Tuolumne,109,53932,60,27,2,29,0
2020-07-03,Ventura,111,848112,4980,3536,19,3555,44
2020-07-03,Yolo,113,214977,870,586,3,589,25
2020-07-03,Yuba,115,75493,125,96,0,96,1
2020-07-02,Alameda,001,1643700,7816,6386,12,6398,139
2020-07-02,Alpine,003,1148,1,1,0,1,0
2020-07-02,Amador,005,37829,34,23,0,23,0
2020-07-02,Butte,007,227075,348,199,7,206,2
2020-07-02,Calaveras,009,45235,62,42,0,42,0
2020-07-02,Colusa,011,21464,109,60,0,60,0
2020-07-02,Contra Costa,013,1133247,4552,3347,5,3352,77
2020-07-02,Del Norte,015,27424,59,50,0,50,0
2020-07-02,El Dorado,017,186661,342,193,0,193,0
2020-07-02,Fresno,019,978130,10916,5402,83,5485,78
2020-07-02,Glenn,021,27897,176,114,0,114,0
2020-07-02,Humboldt,023,135768,168,138,1,139,3
2020-07-02,Imperial,025,180216,8392,6236,5,6241,47
2020-07-02,Inyo,027,18085,35,29,1,30,1
2020-07-02,Kern,029,883053,10885,5036,35,5071,78
2020-07-02,Kings,031,150075,2936,2419,10,2429,31
2020-07-02,Lake,033,64148,104,81,0,81,0
2020-07-02,Lassen,035,31185,256,218,2,220,0
2020-07-02,Los Angeles,037,10098052,128076,107144,54,107198,3458
2020-07-02,Madera,039,155013,1109,548,3,551,4
2020-07-02,Marin,041,260295,3297,1706,4,1710,17
2020-07-02,Mariposa,043,17540,35,28,0,28,1
2020-07-02,Mendocino,045,87422,100,71,0,71,0
2020-07-02,Merced,047,269075,2086,1122,2,1124,10
2020-07-02,Modoc,049,8938,1,0,0,0,0
2020-07-02,Mono,051,14174,54,37,0,37,1
2020-07-02,Monterey,053,433212,2492,1796,7,1803,15
2020-07-02,Napa,055,140530,536,352,0,352,4
2020-07-02,Nevada,057,99092,176,118,4,122,1
2020-07-02,Orange,059,3164182,25933,17056,241,17297,360
2020-07-02,Placer,061,380077,1075,740,3,743,11
2020-07-02,Plumas,063,18699,15,8,0,8,0
2020-07-02,Riverside,065,2383286,26446,20253,28,20281,458
2020-07-02,Sacramento,067,1510023,5134,3587,6,3593,70
2020-07-02,San Benito,069,59416,320,236,0,236,2
2020-07-02,San Bernardino,071,2135413,21764,13185,13,13198,260
2020-07-02,San Diego,073,3302833,19242,15208,2,15210,377
2020-07-02,San Francisco,075,870044,4315,3676,2,3678,50
2020-07-02,San Joaquin,077,732212,6360,4243,4,4247,56
2020-07-02,San Luis Obispo,079,281455,958,659,7,666,2
2020-07-02,San Mateo,081,765935,3868,3390,6,3396,107
2020-07-02,Santa Barbara,083,443738,4227,3385,32,3417,27
2020-07-02,Santa Clara,085,1922200,6444,4722,17,4739,160
2020-07-02,Santa Cruz,087,273765,530,414,0,414,2
2020-07-02,Shasta,089,179085,241,110,1,111,5
2020-07-02,Sierra,091,2930,1,1,0,1,0
2020-07-02,Siskiyou,093,43540,36,30,0,30,0
2020-07-02,Solano,095,438530,2111,1429,8,1437,21
2020-07-02,Sonoma,097,501317,1709,1244,4,1248,6
2020-07-02,Stanislaus,099,539301,4838,2850,6,2856,41
2020-07-02,Sutter,101,95872,282,195,0,195,2
2020-07-02,Tehama,103,63373,113,86,2,88,1
2020-07-02,Trinity,105,12862,19,2,5,7,0
2020-07-02,Tulare,107,460477,6068,4559,13,4572,132
2020-07-02,Tuolumne,109,53932,57,23,2,25,0
2020-07-02,Ventura,111,848112,4824,3394,19,3413,42
2020-07-02,Yolo,113,214977,838,554,3,557,24
2020-07-02,Yuba,115,75493,115,93,0,93,1
2020-07-01,Alameda,001,1643700,7594,6125,12,6137,137
2020-07-01,Alpine,003,1148,1,1,0,1,0
2020-07-01,Amador,005,37829,33,22,0,22,0
2020-07-01,Butte,007,227075,323,185,7,192,2
2020-07-01,Calaveras,009,45235,60,37,0,37,0
2020-07-01,Colusa,011,21464,103,53,0,53,0
2020-07-01,Contra Costa,013,1133247,4340,3259,5,3264,76
2020-07-01,Del Norte,015,27424,59,50,0,50,0
2020-07-01,El Dorado,017,186661,315,183,0,183,0
2020-07-01,Fresno,019,978130,10482,5111,80,5191,76
2020-07-01,Glenn,021,27897,170,110,0,110,0
2020-07-01,Humboldt,023,135768,163,134,0,134,3
2020-07-01,Imperial,025,180216,8295,6150,5,6155,46
2020-07-01,Inyo,027,18085,34,30,1,31,1
2020-07-01,Kern,029,883053,10252,4853,33,4886,78
2020-07-01,Kings,031,150075,2868,2360,10,2370,30
2020-07-01,Lake,033,64148,103,75,0,75,0
2020-07-01,Lassen,035,31185,255,217,2,219,0
2020-07-01,Los Angeles,037,10098052,124874,105325,45,105370,3408
2020-07-01,Madera,039,155013,1068,519,3,522,4
2020-07-01,Marin,041,260295,3140,1636,4,1640,17
2020-07-01,Mariposa,043,17540,35,29,0,29,1
2020-07-01,Mendocino,045,87422,96,70,0,70,0
2020-07-01,Merced,047,269075,1986,1052,2,1054,10
2020-07-01,Modoc,049,8938,1,0,0,0,0
2020-07-01,Mono,051,14174,51,37,0,37,1
2020-07-01,Monterey,053,433212,2384,1703,6,1709,15
2020-07-01,Napa,055,140530,513,347,0,347,4
2020-07-01,Nevada,057,99092,166,115,4,119,1
2020-07-01,Orange,059,3164182,25048,15662,220,15882,343
2020-07-01,Placer,061,380077,1028,713,3,716,11
2020-07-01,Plumas,063,18699,13,8,0,8,0
2020-07-01,Riverside,065,2383286,25604,19537,27,19564,457
2020-07-01,Sacramento,067,1510023,4879,3425,6,3431,64
2020-07-01,San Benito,069,59416,311,219,0,219,2
2020-07-01,San Bernardino,071,2135413,20867,12712,10,12722,253
2020-07-01,San Diego,073,3302833,18683,14624,2,14626,372
2020-07-01,San Francisco,075,870044,4222,3626,2,3628,50
2020-07-01,San Joaquin,077,732212,6002,3990,4,3994,54
2020-07-01,San Luis Obispo,079,281455,931,613,7,620,1
2020-07-01,San Mateo,081,765935,3806,3326,6,3332,84
2020-07-01,Santa Barbara,083,443738,4107,3268,31,3299,27
2020-07-01,Santa Clara,085,1922200,6257,4547,16,4563,159
2020-07-01,Santa Cruz,087,273765,508,398,0,398,2
2020-07-01,Shasta,089,179085,236,104,1,105,5
2020-07-01,Sierra,091,2930,1,1,0,1,0
2020-07-01,Siskiyou,093,43540,36,28,0,28,0
2020-07-01,Solano,095,438530,2022,1350,8,1358,21
2020-07-01,Sonoma,097,501317,1613,1178,4,1182,6
2020-07-01,Stanislaus,099,539301,4559,2619,6,2625,41
2020-07-01,Sutter,101,95872,269,188,0,188,2
2020-07-01,Tehama,103,63373,106,80,2,82,1
2020-07-01,Trinity,105,12862,19,2,4,6,0
2020-07-01,Tulare,107,460477,5890,4359,13,4372,128
2020-07-01,Tuolumne,109,53932,54,17,2,19,0
2020-07-01,Ventura,111,848112,4681,3224,17,3241,41
2020-07-01,Yolo,113,214977,788,526,3,529,24
2020-07-01,Yuba,115,75493,110,57,0,57,1
2020-06-30,Alameda,001,1643700,7345,5959,10,5969,137
2020-06-30,Alpine,003,1148,1,1,0,1,0
2020-06-30,Amador,005,37829,33,21,0,21,0
2020-06-30,Butte,007,227075,306,163,7,170,2
2020-06-30,Calaveras,009,45235,55,31,0,31,0
2020-06-30,Colusa,011,21464,94,33,0,33,0
2020-06-30,Contra Costa,013,1133247,4133,3140,5,3145,75
2020-06-30,Del Norte,015,27424,59,48,0,48,0
2020-06-30,El Dorado,017,186661,302,175,0,175,0
2020-06-30,Fresno,019,978130,10034,4826,75,4901,75
2020-06-30,Glenn,021,27897,165,96,0,96,0
2020-06-30,Humboldt,023,135768,159,132,0,132,3
2020-06-30,Imperial,025,180216,8198,5968,5,5973,45
2020-06-30,Inyo,027,18085,34,30,1,31,1
2020-06-30,Kern,029,883053,9605,4721,30,4751,75
2020-06-30,Kings,031,150075,2819,2315,7,2322,30
2020-06-30,Lake,033,64148,95,56,0,56,0
2020-06-30,Lassen,035,31185,248,215,2,217,0
2020-06-30,Los Angeles,037,10098052,121295,103640,42,103682,3378
2020-06-30,Madera,039,155013,1011,475,3,478,4
2020-06-30,Marin,041,260295,3069,1614,4,1618,17
2020-06-30,Mariposa,043,17540,34,27,0,27,1
2020-06-30,Mendocino,045,87422,91,65,0,65,0
2020-06-30,Merced,047,269075,1849,970,2,972,10
2020-06-30,Modoc,049,8938,1,0,0,0,0
2020-06-30,Mono,051,14174,49,36,0,36,1
2020-06-30,Monterey,053,433212,2286,1657,6,1663,15
2020-06-30,Napa,055,140530,488,342,0,342,4
2020-06-30,Nevada,057,99092,158,113,4,117,1
2020-06-30,Orange,059,3164182,24117,14354,210,14564,335
2020-06-30,Placer,061,380077,1001,667,3,670,11
2020-06-30,Plumas,063,18699,12,8,0,8,0
2020-06-30,Riverside,065,2383286,24888,18656,26,18682,449
2020-06-30,Sacramento,067,1510023,4590,3246,6,3252,64
2020-06-30,San Benito,069,59416,300,200,0,200,2
2020-06-30,San Bernardino,071,2135413,19883,12375,10,12385,249
2020-06-30,San Diego,073,3302833,17979,14150,2,14152,365
2020-06-30,San Francisco,075,870044,4117,3555,1,3556,50
2020-06-30,San Joaquin,077,732212,5627,3744,4,3748,52
2020-06-30,San Luis Obispo,079,281455,893,583,7,590,1
2020-06-30,San Mateo,081,765935,3728,3268,6,3274,84
2020-06-30,Santa Barbara,083,443738,3991,3102,31,3133,25
2020-06-30,Santa Clara,085,1922200,6055,4346,16,4362,157
2020-06-30,Santa Cruz,087,273765,483,379,0,379,2
2020-06-30,Shasta,089,179085,220,100,1,101,5
2020-06-30,Sierra,091,2930,1,1,0,1,0
2020-06-30,Siskiyou,093,43540,35,26,0,26,0
2020-06-30,Solano,095,438530,1930,1256,8,1264,21
2020-06-30,Sonoma,097,501317,1549,1122,4,1126,6
2020-06-30,Stanislaus,099,539301,4261,2578,6,2584,41
2020-06-30,Sutter,101,95872,246,168,0,168,2
2020-06-30,Tehama,103,63373,104,75,2,77,1
2020-06-30,Trinity,105,12862,19,2,4,6,0
2020-06-30,Tulare,107,460477,5681,4207,13,4220,117
2020-06-30,Tuolumne,109,53932,50,16,2,18,0
2020-06-30,Ventura,111,848112,4547,3030,17,3047,40
2020-06-30,Yolo,113,214977,750,515,3,518,24
2020-06-30,Yuba,115,75493,106,55,0,55,1
2020-06-29,Alameda,001,1643700,7135,5766,10,5776,135
2020-06-29,Alpine,003,1148,1,1,0,1,0
2020-06-29,Amador,005,37829,30,20,0,20,0
2020-06-29,Butte,007,227075,285,157,7,164,2
2020-06-29,Calaveras,009,45235,53,30,0,30,0
2020-06-29,Colusa,011,21464,89,17,0,17,0
2020-06-29,Contra Costa,013,1133247,3970,2976,4,2980,75
2020-06-29,Del Norte,015,27424,59,47,0,47,0
2020-06-29,El Dorado,017,186661,288,163,0,163,0
2020-06-29,Fresno,019,978130,9686,4531,73,4604,74
2020-06-29,Glenn,021,27897,156,77,0,77,0
2020-06-29,Humboldt,023,135768,158,128,0,128,3
2020-06-29,Imperial,025,180216,8067,5512,5,5517,45
2020-06-29,Inyo,027,18085,33,29,0,29,1
2020-06-29,Kern,029,883053,8942,4613,28,4641,73
2020-06-29,Kings,031,150075,2754,2280,7,2287,20
2020-06-29,Lake,033,64148,88,53,0,53,0
2020-06-29,Lassen,035,31185,240,77,2,79,0
2020-06-29,Los Angeles,037,10098052,118256,100846,36,100882,3337
2020-06-29,Madera,039,155013,954,422,3,425,4
2020-06-29,Marin,041,260295,2993,1517,4,1521,17
2020-06-29,Mariposa,043,17540,32,25,0,25,1
2020-06-29,Mendocino,045,87422,88,63,0,63,0
2020-06-29,Merced,047,269075,1743,848,2,850,10
2020-06-29,Modoc,049,8938,1,0,0,0,0
2020-06-29,Mono,051,14174,47,35,0,35,1
2020-06-29,Monterey,053,433212,2214,1614,6,1620,14
2020-06-29,Napa,055,140530,466,317,0,317,4
2020-06-29,Nevada,057,99092,155,107,3,110,1
2020-06-29,Orange,059,3164182,23127,13682,194,13876,324
2020-06-29,Placer,061,380077,965,628,3,631,11
2020-06-29,Plumas,063,18699,12,6,0,6,0
2020-06-29,Riverside,065,2383286,23854,17683,26,17709,432
2020-06-29,Sacramento,067,1510023,4303,2985,6,2991,62
2020-06-29,San Benito,069,59416,285,193,0,193,2
2020-06-29,San Bernardino,071,2135413,18922,11643,10,11653,245
2020-06-29,San Diego,073,3302833,17402,13834,2,13836,361
2020-06-29,San Francisco,075,870044,4040,3389,1,3390,50
2020-06-29,San Joaquin,077,732212,5269,3202,4,3206,52
2020-06-29,San Luis Obispo,079,281455,859,544,7,551,1
2020-06-29,San Mateo,081,765935,3674,3170,6,3176,84
2020-06-29,Santa Barbara,083,443738,3882,2933,30,2963,25
2020-06-29,Santa Clara,085,1922200,5883,4231,16,4247,157
2020-06-29,Santa Cruz,087,273765,465,348,0,348,2
2020-06-29,Shasta,089,179085,212,94,1,95,5
2020-06-29,Sierra,091,2930,1,1,0,1,0
2020-06-29,Siskiyou,093,43540,35,25,0,25,0
2020-06-29,Solano,095,438530,1828,1077,8,1085,21
2020-06-29,Sonoma,097,501317,1477,1103,4,1107,5
2020-06-29,Stanislaus,099,539301,4055,2400,5,2405,36
2020-06-29,Sutter,101,95872,224,152,0,152,2
2020-06-29,Tehama,103,63373,100,63,2,65,1
2020-06-29,Trinity,105,12862,18,2,4,6,0
2020-06-29,Tulare,107,460477,5526,3906,12,3918,117
2020-06-29,Tuolumne,109,53932,46,16,2,18,0
2020-06-29,Ventura,111,848112,4400,2794,17,2811,40
2020-06-29,Yolo,113,214977,717,483,3,486,24
2020-06-29,Yuba,115,75493,93,55,0,55,1
2020-06-28,Alameda,001,1643700,6876,5698,10,5708,135
2020-06-28,Alpine,003,1148,1,1,0,1,0
2020-06-28,Amador,005,37829,28,20,0,20,0
2020-06-28,Butte,007,227075,265,150,7,157,2
2020-06-28,Calaveras,009,45235,48,30,0,30,0
2020-06-28,Colusa,011,21464,74,17,0,17,0
2020-06-28,Contra Costa,013,1133247,3780,2803,4,2807,73
2020-06-28,Del Norte,015,27424,58,47,0,47,0
2020-06-28,El Dorado,017,186661,276,162,0,162,0
2020-06-28,Fresno,019,978130,9325,4365,73,4438,74
2020-06-28,Glenn,021,27897,148,77,0,77,0
2020-06-28,Humboldt,023,135768,155,127,0,127,3
2020-06-28,Imperial,025,180216,7879,5513,4,5517,45
2020-06-28,Inyo,027,18085,33,29,0,29,1
2020-06-28,Kern,029,883053,8391,4541,26,4567,72
2020-06-28,Kings,031,150075,2694,2234,7,2241,18
2020-06-28,Lake,033,64148,84,53,0,53,0
2020-06-28,Lassen,035,31185,240,77,2,79,0
2020-06-28,Los Angeles,037,10098052,115055,98003,32,98035,3316
2020-06-28,Madera,039,155013,906,424,3,427,4
2020-06-28,Marin,041,260295,2647,1473,4,1477,17
2020-06-28,Mariposa,043,17540,32,24,0,24,1
2020-06-28,Mendocino,045,87422,86,63,0,63,0
2020-06-28,Merced,047,269075,1630,814,2,816,10
2020-06-28,Modoc,049,8938,1,0,0,0,0
2020-06-28,Mono,051,14174,47,35,0,35,1
2020-06-28,Monterey,053,433212,2132,1560,6,1566,13
2020-06-28,Napa,055,140530,432,307,0,307,4
2020-06-28,Nevada,057,99092,144,102,3,105,1
2020-06-28,Orange,059,3164182,22153,13213,176,13389,324
2020-06-28,Placer,061,380077,926,618,3,621,11
2020-06-28,Plumas,063,18699,11,6,0,6,0
2020-06-28,Riverside,065,2383286,23027,16848,25,16873,432
2020-06-28,Sacramento,067,1510023,4075,2803,6,2809,63
2020-06-28,San Benito,069,59416,274,190,0,190,2
2020-06-28,San Bernardino,071,2135413,18168,11344,9,11353,245
2020-06-28,San Diego,073,3302833,16857,13333,2,13335,361
2020-06-28,San Francisco,075,870044,3961,3388,1,3389,50
2020-06-28,San Joaquin,077,732212,4932,3201,4,3205,52
2020-06-28,San Luis Obispo,079,281455,819,531,6,537,1
2020-06-28,San Mateo,081,765935,3596,3124,6,3130,84
2020-06-28,Santa Barbara,083,443738,3737,2872,30,2902,25
2020-06-28,Santa Clara,085,1922200,5721,4131,16,4147,156
2020-06-28,Santa Cruz,087,273765,442,349,0,349,2
2020-06-28,Shasta,089,179085,199,89,0,89,5
2020-06-28,Sierra,091,2930,1,1,0,1,0
2020-06-28,Siskiyou,093,43540,35,25,0,25,0
2020-06-28,Solano,095,438530,1753,1077,8,1085,21
2020-06-28,Sonoma,097,501317,1423,1084,4,1088,5
2020-06-28,Stanislaus,099,539301,3849,2376,5,2381,36
2020-06-28,Sutter,101,95872,198,145,0,145,2
2020-06-28,Tehama,103,63373,93,63,2,65,1
2020-06-28,Trinity,105,12862,17,2,4,6,0
2020-06-28,Tulare,107,460477,5358,3812,12,3824,117
2020-06-28,Tuolumne,109,53932,41,14,2,16,0
2020-06-28,Ventura,111,848112,4242,2650,17,2667,40
2020-06-28,Yolo,113,214977,682,468,3,471,24
2020-06-28,Yuba,115,75493,89,39,0,39,1
2020-06-27,Alameda,001,1643700,6780,5581,10,5591,135
2020-06-27,Alpine,003,1148,1,1,0,1,0
2020-06-27,Amador,005,37829,26,20,0,20,0
2020-06-27,Butte,007,227075,257,137,7,144,2
2020-06-27,Calaveras,009,45235,46,30,0,30,0
2020-06-27,Colusa,011,21464,68,17,0,17,0
2020-06-27,Contra Costa,013,1133247,3685,2717,3,2720,72
2020-06-27,Del Norte,015,27424,58,47,0,47,0
2020-06-27,El Dorado,017,186661,270,159,0,159,0
2020-06-27,Fresno,019,978130,9079,4238,73,4311,74
2020-06-27,Glenn,021,27897,144,77,0,77,0
2020-06-27,Humboldt,023,135768,153,127,0,127,3
2020-06-27,Imperial,025,180216,7818,5513,4,5517,45
2020-06-27,Inyo,027,18085,33,29,0,29,1
2020-06-27,Kern,029,883053,8127,4411,25,4436,70
2020-06-27,Kings,031,150075,2668,2187,7,2194,18
2020-06-27,Lake,033,64148,81,42,0,42,0
2020-06-27,Lassen,035,31185,240,33,2,35,0
2020-06-27,Los Angeles,037,10098052,113313,95341,29,95370,3291
2020-06-27,Madera,039,155013,863,427,2,429,4
2020-06-27,Marin,041,260295,2602,1423,4,1427,17
2020-06-27,Mariposa,043,17540,31,22,0,22,1
2020-06-27,Mendocino,045,87422,86,63,0,63,0
2020-06-27,Merced,047,269075,1572,807,1,808,10
2020-06-27,Modoc,049,8938,1,0,0,0,0
2020-06-27,Mono,051,14174,46,35,0,35,1
2020-06-27,Monterey,053,433212,2068,1455,6,1461,12
2020-06-27,Napa,055,140530,422,282,0,282,3
2020-06-27,Nevada,057,99092,140,102,2,104,1
2020-06-27,Orange,059,3164182,21642,12951,171,13122,320
2020-06-27,Placer,061,380077,905,584,3,587,10
2020-06-27,Plumas,063,18699,11,6,0,6,0
2020-06-27,Riverside,065,2383286,22638,16209,25,16234,432
2020-06-27,Sacramento,067,1510023,3958,2685,6,2691,63
2020-06-27,San Benito,069,59416,267,182,0,182,2
2020-06-27,San Bernardino,071,2135413,17789,11238,9,11247,243
2020-06-27,San Diego,073,3302833,16492,12836,2,12838,360
2020-06-27,San Francisco,075,870044,3906,3332,1,3333,49
2020-06-27,San Joaquin,077,732212,4766,2995,4,2999,52
2020-06-27,San Luis Obispo,079,281455,795,505,6,511,1
2020-06-27,San Mateo,081,765935,3539,3083,6,3089,83
2020-06-27,Santa Barbara,083,443738,3665,2799,30,2829,25
2020-06-27,Santa Clara,085,1922200,5615,4006,16,4022,157
2020-06-27,Santa Cruz,087,273765,435,347,0,347,2
2020-06-27,Shasta,089,179085,194,87,0,87,5
2020-06-27,Sierra,091,2930,1,1,0,1,0
2020-06-27,Siskiyou,093,43540,35,25,0,25,0
2020-06-27,Solano,095,438530,1720,1076,8,1084,21
2020-06-27,Sonoma,097,501317,1392,1004,4,1008,5
2020-06-27,Stanislaus,099,539301,3749,2164,5,2169,36
2020-06-27,Sutter,101,95872,191,141,0,141,2
2020-06-27,Tehama,103,63373,90,63,2,65,1
2020-06-27,Trinity,105,12862,17,2,4,6,0
2020-06-27,Tulare,107,460477,5262,3810,12,3822,117
2020-06-27,Tuolumne,109,53932,40,13,2,15,0
2020-06-27,Ventura,111,848112,4142,2471,17,2488,40
2020-06-27,Yolo,113,214977,658,432,3,435,24
2020-06-27,Yuba,115,75493,81,39,0,39,1
2020-06-26,Alameda,001,1643700,6694,5502,9,5511,132
2020-06-26,Alpine,003,1148,1,1,0,1,0
2020-06-26,Amador,005,37829,25,20,0,20,0
2020-06-26,Butte,007,227075,242,135,7,142,2
2020-06-26,Calaveras,009,45235,44,30,0,30,0
2020-06-26,Colusa,011,21464,63,17,0,17,0
2020-06-26,Contra Costa,013,1133247,3572,2676,3,2679,72
2020-06-26,Del Norte,015,27424,57,47,0,47,0
2020-06-26,El Dorado,017,186661,262,159,0,159,0
2020-06-26,Fresno,019,978130,8853,4166,73,4239,74
2020-06-26,Glenn,021,27897,137,71,0,71,0
2020-06-26,Humboldt,023,135768,151,126,0,126,3
2020-06-26,Imperial,025,180216,7755,5400,4,5404,44
2020-06-26,Inyo,027,18085,32,29,0,29,1
2020-06-26,Kern,029,883053,7797,4366,25,4391,70
2020-06-26,Kings,031,150075,2636,2176,6,2182,18
2020-06-26,Lake,033,64148,80,42,0,42,0
2020-06-26,Lassen,035,31185,239,30,2,32,0
2020-06-26,Los Angeles,037,10098052,111147,93328,29,93357,3275
2020-06-26,Madera,039,155013,831,409,2,411,4
2020-06-26,Marin,041,260295,2566,1406,4,1410,17
2020-06-26,Mariposa,043,17540,30,21,0,21,1
2020-06-26,Mendocino,045,87422,83,63,0,63,0
2020-06-26,Merced,047,269075,1526,797,1,798,10
2020-06-26,Modoc,049,8938,1,0,0,0,0
2020-06-26,Mono,051,14174,45,35,0,35,1
2020-06-26,Monterey,053,433212,2016,1449,6,1455,12
2020-06-26,Napa,055,140530,412,277,0,277,3
2020-06-26,Nevada,057,99092,136,101,1,102,1
2020-06-26,Orange,059,3164182,20966,12659,168,12827,320
2020-06-26,Placer,061,380077,877,584,3,587,10
2020-06-26,Plumas,063,18699,11,6,0,6,0
2020-06-26,Riverside,065,2383286,22175,15858,25,15883,430
2020-06-26,Sacramento,067,1510023,3793,2687,6,2693,63
2020-06-26,San Benito,069,59416,263,176,0,176,2
2020-06-26,San Bernardino,071,2135413,17412,11111,9,11120,243
2020-06-26,San Diego,073,3302833,16127,12402,2,12404,358
2020-06-26,San Francisco,075,870044,3850,3330,1,3331,49
2020-06-26,San Joaquin,077,732212,4552,2943,4,2947,52
2020-06-26,San Luis Obispo,079,281455,780,498,6,504,1
2020-06-26,San Mateo,081,765935,3487,3055,6,3061,83
2020-06-26,Santa Barbara,083,443738,3575,2784,28,2812,25
2020-06-26,Santa Clara,085,1922200,5514,3968,16,3984,156
2020-06-26,Santa Cruz,087,273765,428,344,0,344,2
2020-06-26,Shasta,089,179085,187,86,0,86,5
2020-06-26,Sierra,091,2930,1,1,0,1,0
2020-06-26,Siskiyou,093,43540,34,24,0,24,0
2020-06-26,Solano,095,438530,1678,1068,8,1076,21
2020-06-26,Sonoma,097,501317,1360,977,4,981,5
2020-06-26,Stanislaus,099,539301,3636,2157,5,2162,36
2020-06-26,Sutter,101,95872,184,138,0,138,2
2020-06-26,Tehama,103,63373,87,63,2,65,1
2020-06-26,Trinity,105,12862,17,2,4,6,0
2020-06-26,Tulare,107,460477,5173,3720,12,3732,117
2020-06-26,Tuolumne,109,53932,38,10,2,12,0
2020-06-26,Ventura,111,848112,4056,2444,17,2461,40
2020-06-26,Yolo,113,214977,634,418,3,421,24
2020-06-26,Yuba,115,75493,75,38,0,38,1
2020-06-25,Alameda,001,1643700,6505,5398,9,5407,130
2020-06-25,Alpine,003,1148,1,1,0,1,0
2020-06-25,Amador,005,37829,24,18,0,18,0
2020-06-25,Butte,007,227075,237,127,7,134,1
2020-06-25,Calaveras,009,45235,39,26,0,26,0
2020-06-25,Colusa,011,21464,53,14,0,14,0
2020-06-25,Contra Costa,013,1133247,3387,2591,3,2594,71
2020-06-25,Del Norte,015,27424,55,47,0,47,0
2020-06-25,El Dorado,017,186661,254,150,0,150,0
2020-06-25,Fresno,019,978130,8540,3938,72,4010,71
2020-06-25,Glenn,021,27897,132,59,0,59,0
2020-06-25,Humboldt,023,135768,150,121,0,121,3
2020-06-25,Imperial,025,180216,7626,5192,4,5196,44
2020-06-25,Inyo,027,18085,29,27,0,27,1
2020-06-25,Kern,029,883053,7372,4236,22,4258,69
2020-06-25,Kings,031,150075,2584,2110,6,2116,17
2020-06-25,Lake,033,64148,79,42,0,42,0
2020-06-25,Lassen,035,31185,233,13,2,15,0
2020-06-25,Los Angeles,037,10098052,108380,91524,29,91553,3239
2020-06-25,Madera,039,155013,787,380,2,382,4
2020-06-25,Marin,041,260295,2464,1321,4,1325,17
2020-06-25,Mariposa,043,17540,29,20,0,20,1
2020-06-25,Mendocino,045,87422,80,61,0,61,0
2020-06-25,Merced,047,269075,1439,747,1,748,10
2020-06-25,Modoc,049,8938,1,0,0,0,0
2020-06-25,Mono,051,14174,44,35,0,35,1
2020-06-25,Monterey,053,433212,1928,1426,5,1431,12
2020-06-25,Napa,055,140530,394,260,0,260,3
2020-06-25,Nevada,057,99092,128,92,1,93,1
2020-06-25,Orange,059,3164182,20044,12221,166,12387,311
2020-06-25,Placer,061,380077,823,574,3,577,10
2020-06-25,Plumas,063,18699,10,6,0,6,0
2020-06-25,Riverside,065,2383286,21420,15224,25,15249,427
2020-06-25,Sacramento,067,1510023,3570,2519,6,2525,62
2020-06-25,San Benito,069,59416,255,174,0,174,2
2020-06-25,San Bernardino,071,2135413,16661,10590,9,10599,242
2020-06-25,San Diego,073,3302833,15588,11963,2,11965,352
2020-06-25,San Francisco,075,870044,3784,3252,1,3253,48
2020-06-25,San Joaquin,077,732212,4279,2803,4,2807,50
2020-06-25,San Luis Obispo,079,281455,748,473,6,479,1
2020-06-25,San Mateo,081,765935,3419,2996,6,3002,82
2020-06-25,Santa Barbara,083,443738,3469,2622,27,2649,25
2020-06-25,Santa Clara,085,1922200,5365,3871,16,3887,156
2020-06-25,Santa Cruz,087,273765,416,335,0,335,2
2020-06-25,Shasta,089,179085,177,84,0,84,5
2020-06-25,Sierra,091,2930,1,1,0,1,0
2020-06-25,Siskiyou,093,43540,33,24,0,24,0
2020-06-25,Solano,095,438530,1625,1034,8,1042,21
2020-06-25,Sonoma,097,501317,1313,953,3,956,5
2020-06-25,Stanislaus,099,539301,3424,2130,5,2135,36
2020-06-25,Sutter,101,95872,172,126,0,126,2
2020-06-25,Tehama,103,63373,83,59,2,61,1
2020-06-25,Trinity,105,12862,17,2,4,6,0
2020-06-25,Tulare,107,460477,5042,3656,12,3668,117
2020-06-25,Tuolumne,109,53932,37,10,1,11,0
2020-06-25,Ventura,111,848112,3874,2346,16,2362,40
2020-06-25,Yolo,113,214977,605,397,3,400,24
2020-06-25,Yuba,115,75493,64,38,0,38,1
2020-06-24,Alameda,001,1643700,6343,5242,9,5251,123
2020-06-24,Alpine,003,1148,1,1,0,1,0
2020-06-24,Amador,005,37829,22,16,0,16,0
2020-06-24,Butte,007,227075,221,119,7,126,1
2020-06-24,Calaveras,009,45235,37,26,0,26,0
2020-06-24,Colusa,011,21464,44,11,0,11,0
2020-06-24,Contra Costa,013,1133247,3232,2520,3,2523,66
2020-06-24,Del Norte,015,27424,49,47,0,47,0
2020-06-24,El Dorado,017,186661,238,149,0,149,0
2020-06-24,Fresno,019,978130,8209,3765,72,3837,71
2020-06-24,Glenn,021,27897,124,54,0,54,0
2020-06-24,Humboldt,023,135768,150,117,0,117,3
2020-06-24,Imperial,025,180216,7508,5138,4,5142,38
2020-06-24,Inyo,027,18085,29,28,0,28,1
2020-06-24,Kern,029,883053,6979,4155,20,4175,67
2020-06-24,Kings,031,150075,2520,2063,6,2069,16
2020-06-24,Lake,033,64148,66,40,0,40,0
2020-06-24,Lassen,035,31185,232,9,2,11,0
2020-06-24,Los Angeles,037,10098052,105620,89566,29,89595,3186
2020-06-24,Madera,039,155013,765,373,2,375,4
2020-06-24,Marin,041,260295,2236,1261,4,1265,17
2020-06-24,Mariposa,043,17540,28,19,0,19,1
2020-06-24,Mendocino,045,87422,80,60,0,60,0
2020-06-24,Merced,047,269075,1353,696,1,697,8
2020-06-24,Modoc,049,8938,1,0,0,0,0
2020-06-24,Mono,051,14174,42,35,0,35,1
2020-06-24,Monterey,053,433212,1851,1407,5,1412,12
2020-06-24,Napa,055,140530,377,258,0,258,3
2020-06-24,Nevada,057,99092,122,92,1,93,1
2020-06-24,Orange,059,3164182,19047,11804,148,11952,303
2020-06-24,Placer,061,380077,784,548,3,551,10
2020-06-24,Plumas,063,18699,10,6,0,6,0
2020-06-24,Riverside,065,2383286,20573,14946,25,14971,410
2020-06-24,Sacramento,067,1510023,3365,2446,5,2451,62
2020-06-24,San Benito,069,59416,251,171,0,171,2
2020-06-24,San Bernardino,071,2135413,15848,10211,9,10220,239
2020-06-24,San Diego,073,3302833,15085,11628,2,11630,347
2020-06-24,San Francisco,075,870044,3721,3216,1,3217,48
2020-06-24,San Joaquin,077,732212,4058,2680,4,2684,49
2020-06-24,San Luis Obispo,079,281455,716,461,5,466,1
2020-06-24,San Mateo,081,765935,3362,2964,6,2970,82
2020-06-24,Santa Barbara,083,443738,3349,2569,25,2594,22
2020-06-24,Santa Clara,085,1922200,5234,3812,16,3828,155
2020-06-24,Santa Cruz,087,273765,404,329,0,329,2
2020-06-24,Shasta,089,179085,169,83,0,83,5
2020-06-24,Sierra,091,2930,1,1,0,1,0
2020-06-24,Siskiyou,093,43540,32,24,0,24,0
2020-06-24,Solano,095,438530,1535,979,7,986,21
2020-06-24,Sonoma,097,501317,1264,933,3,936,4
2020-06-24,Stanislaus,099,539301,3245,2039,5,2044,36
2020-06-24,Sutter,101,95872,159,118,0,118,2
2020-06-24,Tehama,103,63373,81,55,2,57,1
2020-06-24,Trinity,105,12862,16,2,3,5,0
2020-06-24,Tulare,107,460477,4887,3541,10,3551,116
2020-06-24,Tuolumne,109,53932,32,9,1,10,0
2020-06-24,Ventura,111,848112,3533,2314,16,2330,42
2020-06-24,Yolo,113,214977,570,376,3,379,24
2020-06-24,Yuba,115,75493,58,37,0,37,1
2020-06-23,Alameda,001,1643700,6162,5159,9,5168,121
2020-06-23,Alpine,003,1148,1,1,0,1,0
2020-06-23,Amador,005,37829,21,13,0,13,0
2020-06-23,Butte,007,227075,203,111,7,118,1
2020-06-23,Calaveras,009,45235,37,26,0,26,0
2020-06-23,Colusa,011,21464,40,7,0,7,0
2020-06-23,Contra Costa,013,1133247,3106,2453,3,2456,60
2020-06-23,Del Norte,015,27424,48,46,0,46,0
2020-06-23,El Dorado,017,186661,229,142,0,142,0
2020-06-23,Fresno,019,978130,7558,3569,70,3639,67
2020-06-23,Glenn,021,27897,120,47,0,47,0
2020-06-23,Humboldt,023,135768,150,110,0,110,3
2020-06-23,Imperial,025,180216,7345,5025,4,5029,38
2020-06-23,Inyo,027,18085,29,26,0,26,1
2020-06-23,Kern,029,883053,6611,4087,17,4104,64
2020-06-23,Kings,031,150075,2455,1727,6,1733,16
2020-06-23,Lake,033,64148,60,40,0,40,0
2020-06-23,Lassen,035,31185,228,9,2,11,0
2020-06-23,Los Angeles,037,10098052,102680,88433,28,88461,3152
2020-06-23,Madera,039,155013,726,369,2,371,4
2020-06-23,Marin,041,260295,1968,1139,4,1143,17
2020-06-23,Mariposa,043,17540,26,18,0,18,1
2020-06-23,Mendocino,045,87422,79,61,0,61,0
2020-06-23,Merced,047,269075,1256,656,1,657,8
2020-06-23,Modoc,049,8938,1,0,0,0,0
2020-06-23,Mono,051,14174,42,35,0,35,1
2020-06-23,Monterey,053,433212,1781,1346,5,1351,12
2020-06-23,Napa,055,140530,362,230,0,230,3
2020-06-23,Nevada,057,99092,116,81,1,82,1
2020-06-23,Orange,059,3164182,18079,11071,145,11216,278
2020-06-23,Placer,061,380077,758,525,3,528,10
2020-06-23,Plumas,063,18699,9,6,0,6,0
2020-06-23,Riverside,065,2383286,19552,14469,25,14494,406
2020-06-23,Sacramento,067,1510023,3186,2374,5,2379,62
2020-06-23,San Benito,069,59416,237,167,0,167,2
2020-06-23,San Bernardino,071,2135413,15066,9771,9,9780,229
2020-06-23,San Diego,073,3302833,14565,11296,2,11298,341
2020-06-23,San Francisco,075,870044,3647,3177,1,3178,48
2020-06-23,San Joaquin,077,732212,3799,2502,4,2506,48
2020-06-23,San Luis Obispo,079,281455,685,445,5,450,1
2020-06-23,San Mateo,081,765935,3297,2907,6,2913,81
2020-06-23,Santa Barbara,083,443738,3252,2498,25,2523,22
2020-06-23,Santa Clara,085,1922200,5088,3700,16,3716,155
2020-06-23,Santa Cruz,087,273765,394,313,0,313,2
2020-06-23,Shasta,089,179085,160,81,0,81,5
2020-06-23,Sierra,091,2930,1,1,0,1,0
2020-06-23,Siskiyou,093,43540,30,24,0,24,0
2020-06-23,Solano,095,438530,1478,941,6,947,21
2020-06-23,Sonoma,097,501317,1211,912,3,915,4
2020-06-23,Stanislaus,099,539301,3069,1850,5,1855,35
2020-06-23,Sutter,101,95872,149,112,0,112,2
2020-06-23,Tehama,103,63373,79,50,2,52,1
2020-06-23,Trinity,105,12862,16,2,3,5,0
2020-06-23,Tulare,107,460477,4765,3456,10,3466,111
2020-06-23,Tuolumne,109,53932,27,9,0,9,0
2020-06-23,Ventura,111,848112,3373,2209,15,2224,40
2020-06-23,Yolo,113,214977,544,350,0,350,24
2020-06-23,Yuba,115,75493,55,35,0,35,1
2020-06-22,Alameda,001,1643700,6011,4944,9,4953,121
2020-06-22,Alpine,003,1148,1,1,0,1,0
2020-06-22,Amador,005,37829,18,12,0,12,0
2020-06-22,Butte,007,227075,184,104,7,111,1
2020-06-22,Calaveras,009,45235,35,20,0,20,0
2020-06-22,Colusa,011,21464,37,7,0,7,0
2020-06-22,Contra Costa,013,1133247,2964,2363,3,2366,60
2020-06-22,Del Norte,015,27424,48,46,0,46,0
2020-06-22,El Dorado,017,186661,220,137,0,137,0
2020-06-22,Fresno,019,978130,7026,3425,70,3495,67
2020-06-22,Glenn,021,27897,111,40,0,40,0
2020-06-22,Humboldt,023,135768,147,110,0,110,3
2020-06-22,Imperial,025,180216,7189,4700,4,4704,38
2020-06-22,Inyo,027,18085,29,26,0,26,1
2020-06-22,Kern,029,883053,6259,3982,15,3997,60
2020-06-22,Kings,031,150075,2406,1513,6,1519,13
2020-06-22,Lake,033,64148,54,37,0,37,0
2020-06-22,Lassen,035,31185,118,7,2,9,0
2020-06-22,Los Angeles,037,10098052,99783,85925,27,85952,3117
2020-06-22,Madera,039,155013,701,333,2,335,4
2020-06-22,Marin,041,260295,1711,1029,4,1033,17
2020-06-22,Mariposa,043,17540,25,18,0,18,1
2020-06-22,Mendocino,045,87422,74,48,0,48,0
2020-06-22,Merced,047,269075,1167,619,1,620,8
2020-06-22,Modoc,049,8938,1,0,0,0,0
2020-06-22,Mono,051,14174,42,34,0,34,1
2020-06-22,Monterey,053,433212,1720,1293,5,1298,12
2020-06-22,Napa,055,140530,338,222,0,222,3
2020-06-22,Nevada,057,99092,111,79,1,80,1
2020-06-22,Orange,059,3164182,17147,10711,142,10853,275
2020-06-22,Placer,061,380077,732,512,3,515,9
2020-06-22,Plumas,063,18699,7,6,0,6,0
2020-06-22,Riverside,065,2383286,18580,13948,25,13973,403
2020-06-22,Sacramento,067,1510023,2969,2243,5,2248,62
2020-06-22,San Benito,069,59416,228,164,0,164,2
2020-06-22,San Bernardino,071,2135413,14289,9133,9,9142,229
2020-06-22,San Diego,073,3302833,14073,11098,2,11100,338
2020-06-22,San Francisco,075,870044,3554,3000,1,3001,47
2020-06-22,San Joaquin,077,732212,3551,2332,4,2336,48
2020-06-22,San Luis Obispo,079,281455,652,422,5,427,1
2020-06-22,San Mateo,081,765935,3224,2813,5,2818,81
2020-06-22,Santa Barbara,083,443738,3160,2447,25,2472,21
2020-06-22,Santa Clara,085,1922200,4925,3580,16,3596,155
2020-06-22,Santa Cruz,087,273765,381,290,0,290,3
2020-06-22,Shasta,089,179085,157,77,0,77,5
2020-06-22,Sierra,091,2930,1,1,0,1,0
2020-06-22,Siskiyou,093,43540,30,23,0,23,0
2020-06-22,Solano,095,438530,1400,784,5,789,21
2020-06-22,Sonoma,097,501317,1166,860,1,861,4
2020-06-22,Stanislaus,099,539301,2884,1784,5,1789,35
2020-06-22,Sutter,101,95872,140,100,0,100,2
2020-06-22,Tehama,103,63373,75,38,2,40,1
2020-06-22,Trinity,105,12862,16,2,3,5,0
2020-06-22,Tulare,107,460477,4627,3185,10,3195,111
2020-06-22,Tuolumne,109,53932,18,8,0,8,0
2020-06-22,Ventura,111,848112,3224,2065,15,2080,39
2020-06-22,Yolo,113,214977,518,333,0,333,24
2020-06-22,Yuba,115,75493,50,36,0,36,1
2020-06-21,Alameda,001,1643700,5816,4835,9,4844,121
2020-06-21,Alpine,003,1148,1,1,0,1,0
2020-06-21,Amador,005,37829,13,12,0,12,0
2020-06-21,Butte,007,227075,170,97,7,104,1
2020-06-21,Calaveras,009,45235,35,20,0,20,0
2020-06-21,Colusa,011,21464,29,7,0,7,0
2020-06-21,Contra Costa,013,1133247,2838,2282,3,2285,60
2020-06-21,Del Norte,015,27424,47,46,0,46,0
2020-06-21,El Dorado,017,186661,211,132,0,132,0
2020-06-21,Fresno,019,978130,6455,3296,68,3364,67
2020-06-21,Glenn,021,27897,102,40,0,40,0
2020-06-21,Humboldt,023,135768,142,108,0,108,3
2020-06-21,Imperial,025,180216,7006,4701,4,4705,38
2020-06-21,Inyo,027,18085,27,26,0,26,1
2020-06-21,Kern,029,883053,5967,3918,14,3932,60
2020-06-21,Kings,031,150075,2342,1334,6,1340,11
2020-06-21,Lake,033,64148,49,36,0,36,0
2020-06-21,Lassen,035,31185,25,7,2,9,0
2020-06-21,Los Angeles,037,10098052,96901,83383,26,83409,3101
2020-06-21,Madera,039,155013,667,319,2,321,4
2020-06-21,Marin,041,260295,1554,907,4,911,17
2020-06-21,Mariposa,043,17540,22,18,0,18,1
2020-06-21,Mendocino,045,87422,71,48,0,48,0
2020-06-21,Merced,047,269075,1072,577,1,578,8
2020-06-21,Modoc,049,8938,1,0,0,0,0
2020-06-21,Mono,051,14174,42,34,0,34,1
2020-06-21,Monterey,053,433212,1647,1227,5,1232,12
2020-06-21,Napa,055,140530,323,218,0,218,3
2020-06-21,Nevada,057,99092,108,79,1,80,1
2020-06-21,Orange,059,3164182,16315,10563,138,10701,275
2020-06-21,Placer,061,380077,692,498,3,501,9
2020-06-21,Plumas,063,18699,7,6,0,6,0
2020-06-21,Riverside,065,2383286,17874,13528,24,13552,402
2020-06-21,Sacramento,067,1510023,2768,2156,4,2160,62
2020-06-21,San Benito,069,59416,214,151,0,151,2
2020-06-21,San Bernardino,071,2135413,13514,8925,8,8933,229
2020-06-21,San Diego,073,3302833,13527,10796,2,10798,338
2020-06-21,San Francisco,075,870044,3448,3000,1,3001,47
2020-06-21,San Joaquin,077,732212,3315,2188,4,2192,48
2020-06-21,San Luis Obispo,079,281455,626,418,5,423,1
2020-06-21,San Mateo,081,765935,3166,2781,5,2786,81
2020-06-21,Santa Barbara,083,443738,3053,2430,24,2454,21
2020-06-21,Santa Clara,085,1922200,4787,3514,16,3530,154
2020-06-21,Santa Cruz,087,273765,371,290,0,290,3
2020-06-21,Shasta,089,179085,147,75,0,75,5
2020-06-21,Sierra,091,2930,1,1,0,1,0
2020-06-21,Siskiyou,093,43540,30,23,0,23,0
2020-06-21,Solano,095,438530,1300,783,4,787,21
2020-06-21,Sonoma,097,501317,1116,836,1,837,4
2020-06-21,Stanislaus,099,539301,2698,1688,5,1693,35
2020-06-21,Sutter,101,95872,132,96,0,96,2
2020-06-21,Tehama,103,63373,64,35,2,37,1
2020-06-21,Trinity,105,12862,15,2,3,5,0
2020-06-21,Tulare,107,460477,4458,3173,10,3183,111
2020-06-21,Tuolumne,109,53932,16,8,0,8,0
2020-06-21,Ventura,111,848112,3046,2021,15,2036,39
2020-06-21,Yolo,113,214977,486,323,0,323,24
2020-06-21,Yuba,115,75493,46,35,0,35,1
2020-06-20,Alameda,001,1643700,5754,4758,9,4767,119
2020-06-20,Alpine,003,1148,1,1,0,1,0
2020-06-20,Amador,005,37829,13,12,0,12,0
2020-06-20,Butte,007,227075,163,94,7,101,1
2020-06-20,Calaveras,009,45235,35,20,0,20,0
2020-06-20,Colusa,011,21464,26,7,0,7,0
2020-06-20,Contra Costa,013,1133247,2779,2231,3,2234,54
2020-06-20,Del Norte,015,27424,47,46,0,46,0
2020-06-20,El Dorado,017,186661,206,130,0,130,0
2020-06-20,Fresno,019,978130,6329,3222,65,3287,67
2020-06-20,Glenn,021,27897,97,40,0,40,0
2020-06-20,Humboldt,023,135768,142,108,0,108,3
2020-06-20,Imperial,025,180216,6925,4616,4,4620,37
2020-06-20,Inyo,027,18085,27,26,0,26,1
2020-06-20,Kern,029,883053,5802,3836,14,3850,59
2020-06-20,Kings,031,150075,2318,1331,6,1337,9
2020-06-20,Lake,033,64148,49,37,0,37,0
2020-06-20,Lassen,035,31185,24,7,2,9,0
2020-06-20,Los Angeles,037,10098052,95329,81604,25,81629,3093
2020-06-20,Madera,039,155013,634,321,2,323,4
2020-06-20,Marin,041,260295,1534,879,4,883,17
2020-06-20,Mariposa,043,17540,22,18,0,18,1
2020-06-20,Mendocino,045,87422,70,48,0,48,0
2020-06-20,Merced,047,269075,1032,566,1,567,8
2020-06-20,Modoc,049,8938,1,0,0,0,0
2020-06-20,Mono,051,14174,42,34,0,34,1
2020-06-20,Monterey,053,433212,1611,1181,5,1186,12
2020-06-20,Napa,055,140530,314,212,0,212,3
2020-06-20,Nevada,057,99092,105,73,1,74,1
2020-06-20,Orange,059,3164182,15965,10284,134,10418,273
2020-06-20,Placer,061,380077,667,483,3,486,9
2020-06-20,Plumas,063,18699,6,6,0,6,0
2020-06-20,Riverside,065,2383286,17575,13021,24,13045,402
2020-06-20,Sacramento,067,1510023,2697,2069,4,2073,63
2020-06-20,San Benito,069,59416,210,139,0,139,2
2020-06-20,San Bernardino,071,2135413,13152,8718,8,8726,229
2020-06-20,San Diego,073,3302833,13204,10486,2,10488,338
2020-06-20,San Francisco,075,870044,3404,2999,1,3000,47
2020-06-20,San Joaquin,077,732212,3233,2046,4,2050,48
2020-06-20,San Luis Obispo,079,281455,613,405,5,410,1
2020-06-20,San Mateo,081,765935,3118,2755,5,2760,81
2020-06-20,Santa Barbara,083,443738,2997,2358,23,2381,21
2020-06-20,Santa Clara,085,1922200,4713,3435,16,3451,154
2020-06-20,Santa Cruz,087,273765,369,287,0,287,3
2020-06-20,Shasta,089,179085,141,66,0,66,5
2020-06-20,Sierra,091,2930,1,1,0,1,0
2020-06-20,Siskiyou,093,43540,29,22,0,22,0
2020-06-20,Solano,095,438530,1276,784,4,788,21
2020-06-20,Sonoma,097,501317,1080,806,1,807,4
2020-06-20,Stanislaus,099,539301,2590,1598,5,1603,35
2020-06-20,Sutter,101,95872,130,89,0,89,2
2020-06-20,Tehama,103,63373,62,35,2,37,1
2020-06-20,Trinity,105,12862,15,2,3,5,0
2020-06-20,Tulare,107,460477,4385,3172,10,3182,111
2020-06-20,Tuolumne,109,53932,13,8,0,8,0
2020-06-20,Ventura,111,848112,2981,1946,15,1961,37
2020-06-20,Yolo,113,214977,470,309,0,309,24
2020-06-20,Yuba,115,75493,44,34,0,34,1
2020-06-19,Alameda,001,1643700,5683,4646,9,4655,119
2020-06-19,Alpine,003,1148,1,1,0,1,0
2020-06-19,Amador,005,37829,13,12,0,12,0
2020-06-19,Butte,007,227075,158,91,7,98,1
2020-06-19,Calaveras,009,45235,34,20,0,20,0
2020-06-19,Colusa,011,21464,24,7,0,7,0
2020-06-19,Contra Costa,013,1133247,2699,2106,3,2109,54
2020-06-19,Del Norte,015,27424,47,46,0,46,0
2020-06-19,El Dorado,017,186661,197,124,0,124,0
2020-06-19,Fresno,019,978130,6167,3109,63,3172,61
2020-06-19,Glenn,021,27897,91,40,0,40,0
2020-06-19,Humboldt,023,135768,140,106,0,106,3
2020-06-19,Imperial,025,180216,6834,4504,4,4508,36
2020-06-19,Inyo,027,18085,27,26,0,26,1
2020-06-19,Kern,029,883053,5579,3742,13,3755,57
2020-06-19,Kings,031,150075,2297,1285,6,1291,9
2020-06-19,Lake,033,64148,46,36,0,36,0
2020-06-19,Lassen,035,31185,23,7,2,9,0
2020-06-19,Los Angeles,037,10098052,93350,79572,24,79596,3047
2020-06-19,Madera,039,155013,615,300,2,302,4
2020-06-19,Marin,041,260295,1505,829,4,833,17
2020-06-19,Mariposa,043,17540,21,18,0,18,1
2020-06-19,Mendocino,045,87422,69,48,0,48,0
2020-06-19,Merced,047,269075,987,529,1,530,8
2020-06-19,Modoc,049,8938,1,0,0,0,0
2020-06-19,Mono,051,14174,42,34,0,34,1
2020-06-19,Monterey,053,433212,1582,1159,5,1164,12
2020-06-19,Napa,055,140530,304,209,0,209,3
2020-06-19,Nevada,057,99092,102,71,1,72,1
2020-06-19,Orange,059,3164182,15432,9972,127,10099,260
2020-06-19,Placer,061,380077,649,464,3,467,9
2020-06-19,Plumas,063,18699,6,5,0,5,0
2020-06-19,Riverside,065,2383286,17170,12710,24,12734,398
2020-06-19,Sacramento,067,1510023,2614,1976,4,1980,64
2020-06-19,San Benito,069,59416,209,136,0,136,2
2020-06-19,San Bernardino,071,2135413,12746,8454,7,8461,226
2020-06-19,San Diego,073,3302833,12841,10352,2,10354,332
2020-06-19,San Francisco,075,870044,3349,2968,1,2969,47
2020-06-19,San Joaquin,077,732212,3110,1969,4,1973,48
2020-06-19,San Luis Obispo,079,281455,597,392,5,397,1
2020-06-19,San Mateo,081,765935,3079,2713,5,2718,81
2020-06-19,Santa Barbara,083,443738,2924,2284,21,2305,21
2020-06-19,Santa Clara,085,1922200,4639,3376,16,3392,154
2020-06-19,Santa Cruz,087,273765,359,283,0,283,3
2020-06-19,Shasta,089,179085,137,58,0,58,5
2020-06-19,Sierra,091,2930,1,1,0,1,0
2020-06-19,Siskiyou,093,43540,29,21,0,21,0
2020-06-19,Solano,095,438530,1238,755,4,759,21
2020-06-19,Sonoma,097,501317,1053,803,1,804,4
2020-06-19,Stanislaus,099,539301,2480,1549,5,1554,35
2020-06-19,Sutter,101,95872,129,89,0,89,2
2020-06-19,Tehama,103,63373,61,35,2,37,1
2020-06-19,Trinity,105,12862,15,2,3,5,0
2020-06-19,Tulare,107,460477,4314,3053,10,3063,107
2020-06-19,Tuolumne,109,53932,12,8,0,8,0
2020-06-19,Ventura,111,848112,2897,1865,15,1880,37
2020-06-19,Yolo,113,214977,451,303,0,303,24
2020-06-19,Yuba,115,75493,43,33,0,33,1
2020-06-18,Alameda,001,1643700,5553,4589,9,4598,118
2020-06-18,Alpine,003,1148,1,1,0,1,0
2020-06-18,Amador,005,37829,12,12,0,12,0
2020-06-18,Butte,007,227075,153,88,7,95,1
2020-06-18,Calaveras,009,45235,34,20,0,20,0
2020-06-18,Colusa,011,21464,20,7,0,7,0
2020-06-18,Contra Costa,013,1133247,2593,2072,3,2075,53
2020-06-18,Del Norte,015,27424,47,46,0,46,0
2020-06-18,El Dorado,017,186661,193,121,0,121,0
2020-06-18,Fresno,019,978130,5900,2947,62,3009,57
2020-06-18,Glenn,021,27897,82,35,0,35,0
2020-06-18,Humboldt,023,135768,139,106,0,106,3
2020-06-18,Imperial,025,180216,6685,4366,4,4370,36
2020-06-18,Inyo,027,18085,26,25,0,25,1
2020-06-18,Kern,029,883053,5361,3634,13,3647,57
2020-06-18,Kings,031,150075,2238,1141,6,1147,8
2020-06-18,Lake,033,64148,45,36,0,36,0
2020-06-18,Lassen,035,31185,22,5,2,7,0
2020-06-18,Los Angeles,037,10098052,91081,78244,24,78268,3009
2020-06-18,Madera,039,155013,580,288,2,290,4
2020-06-18,Marin,041,260295,1442,819,4,823,17
2020-06-18,Mariposa,043,17540,19,18,0,18,1
2020-06-18,Mendocino,045,87422,65,45,0,45,0
2020-06-18,Merced,047,269075,934,486,1,487,7
2020-06-18,Modoc,049,8938,1,0,0,0,0
2020-06-18,Mono,051,14174,42,34,0,34,1
2020-06-18,Monterey,053,433212,1514,1127,5,1132,12
2020-06-18,Napa,055,140530,289,205,0,205,3
2020-06-18,Nevada,057,99092,98,68,1,69,1
2020-06-18,Orange,059,3164182,14777,9597,108,9705,255
2020-06-18,Placer,061,380077,626,457,3,460,9
2020-06-18,Plumas,063,18699,6,5,0,5,0
2020-06-18,Riverside,065,2383286,16554,12410,24,12434,392
2020-06-18,Sacramento,067,1510023,2498,1938,4,1942,63
2020-06-18,San Benito,069,59416,203,134,0,134,2
2020-06-18,San Bernardino,071,2135413,12106,8141,7,8148,226
2020-06-18,San Diego,073,3302833,12419,10094,2,10096,331
2020-06-18,San Francisco,075,870044,3300,2951,1,2952,47
2020-06-18,San Joaquin,077,732212,2958,1908,4,1912,47
2020-06-18,San Luis Obispo,079,281455,577,378,5,383,1
2020-06-18,San Mateo,081,765935,3040,2674,5,2679,78
2020-06-18,Santa Barbara,083,443738,2850,2201,21,2222,19
2020-06-18,Santa Clara,085,1922200,4536,3338,16,3354,152
2020-06-18,Santa Cruz,087,273765,342,275,0,275,3
2020-06-18,Shasta,089,179085,126,51,0,51,4
2020-06-18,Sierra,091,2930,1,1,0,1,0
2020-06-18,Siskiyou,093,43540,29,18,0,18,0
2020-06-18,Solano,095,438530,1200,735,4,739,21
2020-06-18,Sonoma,097,501317,1011,789,1,790,4
2020-06-18,Stanislaus,099,539301,2346,1495,5,1500,35
2020-06-18,Sutter,101,95872,125,85,0,85,2
2020-06-18,Tehama,103,63373,56,31,2,33,1
2020-06-18,Trinity,105,12862,15,2,3,5,0
2020-06-18,Tulare,107,460477,4192,3005,10,3015,107
2020-06-18,Tuolumne,109,53932,11,8,0,8,0
2020-06-18,Ventura,111,848112,2771,1781,15,1796,37
2020-06-18,Yolo,113,214977,418,294,0,294,24
2020-06-18,Yuba,115,75493,42,32,0,32,1
2020-06-17,Alameda,001,1643700,5430,4485,9,4494,117
2020-06-17,Alpine,003,1148,1,1,0,1,0
2020-06-17,Amador,005,37829,11,10,0,10,0
2020-06-17,Butte,007,227075,144,81,7,88,1
2020-06-17,Calaveras,009,45235,34,20,0,20,0
2020-06-17,Colusa,011,21464,19,7,0,7,0
2020-06-17,Contra Costa,013,1133247,2496,2020,3,2023,45
2020-06-17,Del Norte,015,27424,47,45,0,45,0
2020-06-17,El Dorado,017,186661,186,116,0,116,0
2020-06-17,Fresno,019,978130,5674,2801,59,2860,56
2020-06-17,Glenn,021,27897,75,31,0,31,0
2020-06-17,Humboldt,023,135768,137,105,0,105,3
2020-06-17,Imperial,025,180216,6512,4108,4,4112,36
2020-06-17,Inyo,027,18085,25,25,0,25,1
2020-06-17,Kern,029,883053,5160,3547,13,3560,56
2020-06-17,Kings,031,150075,2208,1097,6,1103,7
2020-06-17,Lake,033,64148,44,32,0,32,0
2020-06-17,Lassen,035,31185,18,5,2,7,0
2020-06-17,Los Angeles,037,10098052,88774,77166,24,77190,2973
2020-06-17,Madera,039,155013,558,258,2,260,4
2020-06-17,Marin,041,260295,1250,771,3,774,17
2020-06-17,Mariposa,043,17540,18,18,0,18,1
2020-06-17,Mendocino,045,87422,63,42,0,42,0
2020-06-17,Merced,047,269075,862,460,1,461,7
2020-06-17,Modoc,049,8938,1,0,0,0,0
2020-06-17,Mono,051,14174,42,34,0,34,1
2020-06-17,Monterey,053,433212,1462,1077,5,1082,12
2020-06-17,Napa,055,140530,274,202,0,202,3
2020-06-17,Nevada,057,99092,94,57,1,58,1
2020-06-17,Orange,059,3164182,14171,9278,102,9380,230
2020-06-17,Placer,061,380077,606,427,3,430,9
2020-06-17,Plumas,063,18699,6,5,0,5,0
2020-06-17,Riverside,065,2383286,15918,11859,24,11883,370
2020-06-17,Sacramento,067,1510023,2391,1889,4,1893,63
2020-06-17,San Benito,069,59416,198,116,0,116,2
2020-06-17,San Bernardino,071,2135413,11554,7670,7,7677,225
2020-06-17,San Diego,073,3302833,12040,9856,2,9858,327
2020-06-17,San Francisco,075,870044,3261,2906,1,2907,46
2020-06-17,San Joaquin,077,732212,2785,1825,4,1829,46
2020-06-17,San Luis Obispo,079,281455,557,362,5,367,1
2020-06-17,San Mateo,081,765935,2993,2649,5,2654,78
2020-06-17,Santa Barbara,083,443738,2777,2147,19,2166,19
2020-06-17,Santa Clara,085,1922200,4443,3264,15,3279,148
2020-06-17,Santa Cruz,087,273765,336,265,0,265,2
2020-06-17,Shasta,089,179085,124,51,0,51,4
2020-06-17,Sierra,091,2930,1,1,0,1,0
2020-06-17,Siskiyou,093,43540,28,16,0,16,0
2020-06-17,Solano,095,438530,1150,722,4,726,21
2020-06-17,Sonoma,097,501317,985,748,1,749,4
2020-06-17,Stanislaus,099,539301,2222,1387,5,1392,35
2020-06-17,Sutter,101,95872,119,79,0,79,2
2020-06-17,Tehama,103,63373,41,24,2,26,1
2020-06-17,Trinity,105,12862,14,2,3,5,0
2020-06-17,Tulare,107,460477,4082,2882,10,2892,106
2020-06-17,Tuolumne,109,53932,11,7,0,7,0
2020-06-17,Ventura,111,848112,2671,1729,15,1744,37
2020-06-17,Yolo,113,214977,398,277,0,277,24
2020-06-17,Yuba,115,75493,41,30,0,30,1
2020-06-16,Alameda,001,1643700,5312,4428,9,4437,113
2020-06-16,Alpine,003,1148,1,1,0,1,0
2020-06-16,Amador,005,37829,11,10,0,10,0
2020-06-16,Butte,007,227075,140,79,7,86,1
2020-06-16,Calaveras,009,45235,31,19,0,19,0
2020-06-16,Colusa,011,21464,16,7,0,7,0
2020-06-16,Contra Costa,013,1133247,2405,1971,2,1973,45
2020-06-16,Del Norte,015,27424,47,45,0,45,0
2020-06-16,El Dorado,017,186661,180,115,0,115,0
2020-06-16,Fresno,019,978130,5436,2731,57,2788,50
2020-06-16,Glenn,021,27897,71,30,0,30,0
2020-06-16,Humboldt,023,135768,134,105,0,105,3
2020-06-16,Imperial,025,180216,6353,3939,4,3943,36
2020-06-16,Inyo,027,18085,25,24,0,24,1
2020-06-16,Kern,029,883053,4937,3496,13,3509,55
2020-06-16,Kings,031,150075,2162,1044,6,1050,6
2020-06-16,Lake,033,64148,44,31,0,31,0
2020-06-16,Lassen,035,31185,15,5,2,7,0
2020-06-16,Los Angeles,037,10098052,86452,75051,24,75075,2942
2020-06-16,Madera,039,155013,532,239,2,241,3
2020-06-16,Marin,041,260295,1197,725,3,728,17
2020-06-16,Mariposa,043,17540,18,17,0,17,1
2020-06-16,Mendocino,045,87422,62,35,0,35,0
2020-06-16,Merced,047,269075,814,436,1,437,7
2020-06-16,Modoc,049,8938,1,0,0,0,0
2020-06-16,Mono,051,14174,42,34,0,34,1
2020-06-16,Monterey,053,433212,1414,1019,5,1024,12
2020-06-16,Napa,055,140530,259,196,0,196,3
2020-06-16,Nevada,057,99092,91,53,1,54,1
2020-06-16,Orange,059,3164182,13587,9163,98,9261,223
2020-06-16,Placer,061,380077,574,392,3,395,9
2020-06-16,Plumas,063,18699,6,5,0,5,0
2020-06-16,Riverside,065,2383286,15243,11638,24,11662,364
2020-06-16,Sacramento,067,1510023,2282,1825,4,1829,60
2020-06-16,San Benito,069,59416,190,110,0,110,2
2020-06-16,San Bernardino,071,2135413,11011,7463,7,7470,225
2020-06-16,San Diego,073,3302833,11678,9732,1,9733,323
2020-06-16,San Francisco,075,870044,3210,2893,1,2894,46
2020-06-16,San Joaquin,077,732212,2632,1718,4,1722,47
2020-06-16,San Luis Obispo,079,281455,533,343,5,348,1
2020-06-16,San Mateo,081,765935,2939,2618,5,2623,77
2020-06-16,Santa Barbara,083,443738,2710,2090,19,2109,16
2020-06-16,Santa Clara,085,1922200,4332,3228,14,3242,148
2020-06-16,Santa Cruz,087,273765,320,257,0,257,2
2020-06-16,Shasta,089,179085,115,51,0,51,4
2020-06-16,Sierra,091,2930,1,1,0,1,0
2020-06-16,Siskiyou,093,43540,27,15,0,15,0
2020-06-16,Solano,095,438530,1060,694,4,698,19
2020-06-16,Sonoma,097,501317,953,739,1,740,4
2020-06-16,Stanislaus,099,539301,2069,1278,5,1283,36
2020-06-16,Sutter,101,95872,112,73,0,73,2
2020-06-16,Tehama,103,63373,37,24,2,26,1
2020-06-16,Trinity,105,12862,14,2,3,5,0
2020-06-16,Tulare,107,460477,3963,2802,10,2812,96
2020-06-16,Tuolumne,109,53932,11,7,0,7,0
2020-06-16,Ventura,111,848112,2570,1676,15,1691,37
2020-06-16,Yolo,113,214977,375,262,0,262,24
2020-06-16,Yuba,115,75493,39,29,0,29,1
2020-06-15,Alameda,001,1643700,5186,4323,9,4332,112
2020-06-15,Alpine,003,1148,1,1,0,1,0
2020-06-15,Amador,005,37829,11,10,0,10,0
2020-06-15,Butte,007,227075,132,78,7,85,1
2020-06-15,Calaveras,009,45235,31,18,0,18,0
2020-06-15,Colusa,011,21464,14,7,0,7,0
2020-06-15,Contra Costa,013,1133247,2328,1918,2,1920,43
2020-06-15,Del Norte,015,27424,47,45,0,45,0
2020-06-15,El Dorado,017,186661,170,114,0,114,0
2020-06-15,Fresno,019,978130,5224,2616,56,2672,48
2020-06-15,Glenn,021,27897,66,21,0,21,0
2020-06-15,Humboldt,023,135768,132,105,0,105,3
2020-06-15,Imperial,025,180216,6178,3726,4,3730,36
2020-06-15,Inyo,027,18085,25,23,0,23,1
2020-06-15,Kern,029,883053,4713,3417,13,3430,55
2020-06-15,Kings,031,150075,2085,1022,6,1028,6
2020-06-15,Lake,033,64148,44,31,0,31,0
2020-06-15,Lassen,035,31185,15,5,2,7,0
2020-06-15,Los Angeles,037,10098052,84265,73705,24,73729,2908
2020-06-15,Madera,039,155013,510,203,2,205,3
2020-06-15,Marin,041,260295,1030,708,3,711,17
2020-06-15,Mariposa,043,17540,18,17,0,17,1
2020-06-15,Mendocino,045,87422,53,33,0,33,0
2020-06-15,Merced,047,269075,768,414,1,415,7
2020-06-15,Modoc,049,8938,1,0,0,0,0
2020-06-15,Mono,051,14174,42,34,0,34,1
2020-06-15,Monterey,053,433212,1348,998,5,1003,12
2020-06-15,Napa,055,140530,251,187,0,187,3
2020-06-15,Nevada,057,99092,85,52,1,53,1
2020-06-15,Orange,059,3164182,13019,8944,90,9034,212
2020-06-15,Placer,061,380077,552,386,3,389,9
2020-06-15,Plumas,063,18699,6,4,0,4,0
2020-06-15,Riverside,065,2383286,14625,11376,23,11399,364
2020-06-15,Sacramento,067,1510023,2166,1791,4,1795,60
2020-06-15,San Benito,069,59416,184,108,0,108,2
2020-06-15,San Bernardino,071,2135413,10507,7189,7,7196,224
2020-06-15,San Diego,073,3302833,11338,9612,1,9613,320
2020-06-15,San Francisco,075,870044,3166,2833,1,2834,45
2020-06-15,San Joaquin,077,732212,2496,1667,4,1671,43
2020-06-15,San Luis Obispo,079,281455,518,332,5,337,1
2020-06-15,San Mateo,081,765935,2892,2591,5,2596,75
2020-06-15,Santa Barbara,083,443738,2641,2054,19,2073,16
2020-06-15,Santa Clara,085,1922200,4232,3204,14,3218,148
2020-06-15,Santa Cruz,087,273765,309,254,0,254,2
2020-06-15,Shasta,089,179085,109,50,0,50,4
2020-06-15,Sierra,091,2930,1,1,0,1,0
2020-06-15,Siskiyou,093,43540,26,14,0,14,0
2020-06-15,Solano,095,438530,1000,638,4,642,19
2020-06-15,Sonoma,097,501317,924,726,1,727,4
2020-06-15,Stanislaus,099,539301,1952,1253,5,1258,35
2020-06-15,Sutter,101,95872,102,71,0,71,2
2020-06-15,Tehama,103,63373,37,17,2,19,1
2020-06-15,Trinity,105,12862,13,2,3,5,0
2020-06-15,Tulare,107,460477,3849,2662,10,2672,96
2020-06-15,Tuolumne,109,53932,10,7,0,7,0
2020-06-15,Ventura,111,848112,2489,1656,15,1671,37
2020-06-15,Yolo,113,214977,355,255,0,255,24
2020-06-15,Yuba,115,75493,39,28,0,28,1
2020-06-14,Alameda,001,1643700,5041,4271,9,4280,112
2020-06-14,Alpine,003,1148,1,1,0,1,0
2020-06-14,Amador,005,37829,11,10,0,10,0
2020-06-14,Butte,007,227075,124,78,7,85,1
2020-06-14,Calaveras,009,45235,30,18,0,18,0
2020-06-14,Colusa,011,21464,13,7,0,7,0
2020-06-14,Contra Costa,013,1133247,2259,1893,2,1895,43
2020-06-14,Del Norte,015,27424,47,45,0,45,0
2020-06-14,El Dorado,017,186661,166,110,0,110,0
2020-06-14,Fresno,019,978130,5039,2585,55,2640,48
2020-06-14,Glenn,021,27897,51,21,0,21,0
2020-06-14,Humboldt,023,135768,128,105,0,105,3
2020-06-14,Imperial,025,180216,5947,3730,4,3734,36
2020-06-14,Inyo,027,18085,24,23,0,23,1
2020-06-14,Kern,029,883053,4502,3328,13,3341,55
2020-06-14,Kings,031,150075,2034,1022,5,1027,6
2020-06-14,Lake,033,64148,41,31,0,31,0
2020-06-14,Lassen,035,31185,15,5,2,7,0
2020-06-14,Los Angeles,037,10098052,81939,72932,23,72955,2887
2020-06-14,Madera,039,155013,491,203,2,205,3
2020-06-14,Marin,041,260295,865,689,2,691,17
2020-06-14,Mariposa,043,17540,18,16,0,16,1
2020-06-14,Mendocino,045,87422,50,33,0,33,0
2020-06-14,Merced,047,269075,717,403,1,404,7
2020-06-14,Modoc,049,8938,1,0,0,0,0
2020-06-14,Mono,051,14174,42,34,0,34,1
2020-06-14,Monterey,053,433212,1287,949,5,954,12
2020-06-14,Napa,055,140530,229,181,0,181,3
2020-06-14,Nevada,057,99092,81,52,1,53,1
2020-06-14,Orange,059,3164182,12592,8744,85,8829,211
2020-06-14,Placer,061,380077,526,369,3,372,9
2020-06-14,Plumas,063,18699,5,4,0,4,0
2020-06-14,Riverside,065,2383286,14183,11218,23,11241,364
2020-06-14,Sacramento,067,1510023,2079,1750,4,1754,60
2020-06-14,San Benito,069,59416,173,104,0,104,2
2020-06-14,San Bernardino,071,2135413,9966,7015,7,7022,224
2020-06-14,San Diego,073,3302833,10963,9442,1,9443,319
2020-06-14,San Francisco,075,870044,3126,2834,1,2835,45
2020-06-14,San Joaquin,077,732212,2345,1603,4,1607,43
2020-06-14,San Luis Obispo,079,281455,503,330,5,335,1
2020-06-14,San Mateo,081,765935,2834,2571,5,2576,75
2020-06-14,Santa Barbara,083,443738,2564,2049,19,2068,17
2020-06-14,Santa Clara,085,1922200,4137,3178,14,3192,148
2020-06-14,Santa Cruz,087,273765,295,254,0,254,2
2020-06-14,Shasta,089,179085,103,48,0,48,4
2020-06-14,Sierra,091,2930,1,1,0,1,0
2020-06-14,Siskiyou,093,43540,25,13,0,13,0
2020-06-14,Solano,095,438530,951,638,4,642,19
2020-06-14,Sonoma,097,501317,896,724,1,725,4
2020-06-14,Stanislaus,099,539301,1804,1159,5,1164,35
2020-06-14,Sutter,101,95872,97,63,0,63,2
2020-06-14,Tehama,103,63373,34,17,2,19,1
2020-06-14,Trinity,105,12862,13,2,3,5,0
2020-06-14,Tulare,107,460477,3715,2646,10,2656,96
2020-06-14,Tuolumne,109,53932,10,7,0,7,0
2020-06-14,Ventura,111,848112,2390,1610,14,1624,37
2020-06-14,Yolo,113,214977,339,254,0,254,24
2020-06-14,Yuba,115,75493,38,28,0,28,1
2020-06-13,Alameda,001,1643700,4978,4196,9,4205,112
2020-06-13,Alpine,003,1148,1,1,0,1,0
2020-06-13,Amador,005,37829,10,10,0,10,0
2020-06-13,Butte,007,227075,115,72,7,79,1
2020-06-13,Calaveras,009,45235,28,18,0,18,0
2020-06-13,Colusa,011,21464,12,7,0,7,0
2020-06-13,Contra Costa,013,1133247,2223,1868,2,1870,43
2020-06-13,Del Norte,015,27424,47,45,0,45,0
2020-06-13,El Dorado,017,186661,162,110,0,110,0
2020-06-13,Fresno,019,978130,4941,2499,55,2554,48
2020-06-13,Glenn,021,27897,49,21,0,21,0
2020-06-13,Humboldt,023,135768,127,104,0,104,3
2020-06-13,Imperial,025,180216,5874,3646,4,3650,36
2020-06-13,Inyo,027,18085,24,23,0,23,1
2020-06-13,Kern,029,883053,4393,3239,13,3252,55
2020-06-13,Kings,031,150075,2014,1023,5,1028,6
2020-06-13,Lake,033,64148,40,29,0,29,0
2020-06-13,Lassen,035,31185,15,5,2,7,0
2020-06-13,Los Angeles,037,10098052,80901,71938,23,71961,2874
2020-06-13,Madera,039,155013,487,203,2,205,3
2020-06-13,Marin,041,260295,834,677,2,679,17
2020-06-13,Mariposa,043,17540,18,16,0,16,1
2020-06-13,Mendocino,045,87422,50,33,0,33,0
2020-06-13,Merced,047,269075,699,376,1,377,7
2020-06-13,Modoc,049,8938,1,0,0,0,0
2020-06-13,Mono,051,14174,42,35,0,35,1
2020-06-13,Monterey,053,433212,1249,900,5,905,11
2020-06-13,Napa,055,140530,226,171,0,171,3
2020-06-13,Nevada,057,99092,79,52,1,53,1
2020-06-13,Orange,059,3164182,12348,8581,82,8663,211
2020-06-13,Placer,061,380077,509,346,3,349,9
2020-06-13,Plumas,063,18699,5,4,0,4,0
2020-06-13,Riverside,065,2383286,13904,10931,23,10954,364
2020-06-13,Sacramento,067,1510023,2025,1713,4,1717,60
2020-06-13,San Benito,069,59416,166,99,0,99,2
2020-06-13,San Bernardino,071,2135413,9741,6885,7,6892,224
2020-06-13,San Diego,073,3302833,10791,9316,1,9317,319
2020-06-13,San Francisco,075,870044,3106,2834,1,2835,44
2020-06-13,San Joaquin,077,732212,2264,1461,4,1465,43
2020-06-13,San Luis Obispo,079,281455,492,326,5,331,1
2020-06-13,San Mateo,081,765935,2811,2551,5,2556,75
2020-06-13,Santa Barbara,083,443738,2506,1999,19,2018,15
2020-06-13,Santa Clara,085,1922200,4094,3141,14,3155,148
2020-06-13,Santa Cruz,087,273765,289,254,0,254,2
2020-06-13,Shasta,089,179085,101,48,0,48,4
2020-06-13,Sierra,091,2930,1,1,0,1,0
2020-06-13,Siskiyou,093,43540,25,13,0,13,0
2020-06-13,Solano,095,438530,923,637,4,641,19
2020-06-13,Sonoma,097,501317,881,711,1,712,4
2020-06-13,Stanislaus,099,539301,1747,1122,5,1127,33
2020-06-13,Sutter,101,95872,96,62,0,62,2
2020-06-13,Tehama,103,63373,33,17,2,19,1
2020-06-13,Trinity,105,12862,13,2,3,5,0
2020-06-13,Tulare,107,460477,3683,2626,10,2636,96
2020-06-13,Tuolumne,109,53932,9,7,0,7,0
2020-06-13,Ventura,111,848112,2344,1567,14,1581,37
2020-06-13,Yolo,113,214977,318,251,0,251,24
2020-06-13,Yuba,115,75493,38,28,0,28,1
2020-06-12,Alameda,001,1643700,4905,4167,9,4176,109
2020-06-12,Alpine,003,1148,1,1,0,1,0
2020-06-12,Amador,005,37829,10,10,0,10,0
2020-06-12,Butte,007,227075,111,71,7,78,1
2020-06-12,Calaveras,009,45235,25,18,0,18,0
2020-06-12,Colusa,011,21464,12,7,0,7,0
2020-06-12,Contra Costa,013,1133247,2186,1827,2,1829,43
2020-06-12,Del Norte,015,27424,47,45,0,45,0
2020-06-12,El Dorado,017,186661,162,110,0,110,0
2020-06-12,Fresno,019,978130,4803,2428,55,2483,47
2020-06-12,Glenn,021,27897,46,21,0,21,0
2020-06-12,Humboldt,023,135768,125,105,0,105,3
2020-06-12,Imperial,025,180216,5790,3543,4,3547,36
2020-06-12,Inyo,027,18085,24,23,0,23,1
2020-06-12,Kern,029,883053,4276,3152,13,3165,54
2020-06-12,Kings,031,150075,2001,987,5,992,6
2020-06-12,Lake,033,64148,39,29,0,29,0
2020-06-12,Lassen,035,31185,15,5,2,7,0
2020-06-12,Los Angeles,037,10098052,79495,70385,23,70408,2814
2020-06-12,Madera,039,155013,462,187,2,189,3
2020-06-12,Marin,041,260295,831,649,2,651,17
2020-06-12,Mariposa,043,17540,18,16,0,16,1
2020-06-12,Mendocino,045,87422,50,33,0,33,0
2020-06-12,Merced,047,269075,665,372,1,373,7
2020-06-12,Modoc,049,8938,1,0,0,0,0
2020-06-12,Mono,051,14174,39,35,0,35,1
2020-06-12,Monterey,053,433212,1208,864,4,868,11
2020-06-12,Napa,055,140530,223,162,0,162,3
2020-06-12,Nevada,057,99092,73,52,1,53,1
2020-06-12,Orange,059,3164182,12042,8440,81,8521,203
2020-06-12,Placer,061,380077,492,333,3,336,9
2020-06-12,Plumas,063,18699,5,4,0,4,0
2020-06-12,Riverside,065,2383286,13567,10616,23,10639,364
2020-06-12,Sacramento,067,1510023,1970,1702,4,1706,60
2020-06-12,San Benito,069,59416,159,96,0,96,2
2020-06-12,San Bernardino,071,2135413,9473,6707,7,6714,223
2020-06-12,San Diego,073,3302833,10621,9132,1,9133,313
2020-06-12,San Francisco,075,870044,3072,2823,1,2824,44
2020-06-12,San Joaquin,077,732212,2184,1406,4,1410,43
2020-06-12,San Luis Obispo,079,281455,476,321,5,326,1
2020-06-12,San Mateo,081,765935,2776,2533,5,2538,75
2020-06-12,Santa Barbara,083,443738,2452,1969,19,1988,14
2020-06-12,Santa Clara,085,1922200,4050,3099,14,3113,149
2020-06-12,Santa Cruz,087,273765,281,251,0,251,2
2020-06-12,Shasta,089,179085,94,48,0,48,5
2020-06-12,Sierra,091,2930,1,1,0,1,0
2020-06-12,Siskiyou,093,43540,25,13,0,13,0
2020-06-12,Solano,095,438530,909,620,4,624,19
2020-06-12,Sonoma,097,501317,862,696,1,697,4
2020-06-12,Stanislaus,099,539301,1688,1092,5,1097,33
2020-06-12,Sutter,101,95872,95,56,0,56,2
2020-06-12,Tehama,103,63373,32,13,2,15,1
2020-06-12,Trinity,105,12862,13,2,3,5,0
2020-06-12,Tulare,107,460477,3629,2552,10,2562,95
2020-06-12,Tuolumne,109,53932,9,7,0,7,0
2020-06-12,Ventura,111,848112,2292,1534,14,1548,35
2020-06-12,Yolo,113,214977,306,243,0,243,24
2020-06-12,Yuba,115,75493,36,27,0,27,1
2020-06-11,Alameda,001,1643700,4775,4073,8,4081,108
2020-06-11,Alpine,003,1148,1,1,0,1,0
2020-06-11,Amador,005,37829,9,10,0,10,0
2020-06-11,Butte,007,227075,105,72,7,79,1
2020-06-11,Calaveras,009,45235,24,16,0,16,0
2020-06-11,Colusa,011,21464,12,7,0,7,0
2020-06-11,Contra Costa,013,1133247,2133,1797,2,1799,43
2020-06-11,Del Norte,015,27424,47,45,0,45,0
2020-06-11,El Dorado,017,186661,154,109,0,109,0
2020-06-11,Fresno,019,978130,4648,2338,55,2393,45
2020-06-11,Glenn,021,27897,42,21,0,21,0
2020-06-11,Humboldt,023,135768,121,113,0,113,3
2020-06-11,Imperial,025,180216,5634,3463,4,3467,36
2020-06-11,Inyo,027,18085,22,23,0,23,1
2020-06-11,Kern,029,883053,4124,3047,11,3058,54
2020-06-11,Kings,031,150075,1968,963,5,968,6
2020-06-11,Lake,033,64148,39,28,0,28,0
2020-06-11,Lassen,035,31185,15,5,2,7,0
2020-06-11,Los Angeles,037,10098052,77829,68807,22,68829,2800
2020-06-11,Madera,039,155013,444,178,2,180,3
2020-06-11,Marin,041,260295,783,637,2,639,17
2020-06-11,Mariposa,043,17540,18,16,0,16,1
2020-06-11,Mendocino,045,87422,41,35,0,35,0
2020-06-11,Merced,047,269075,625,370,1,371,7
2020-06-11,Modoc,049,8938,1,0,0,0,0
2020-06-11,Mono,051,14174,39,35,0,35,1
2020-06-11,Monterey,053,433212,1161,813,4,817,11
2020-06-11,Napa,055,140530,214,162,0,162,3
2020-06-11,Nevada,057,99092,67,50,1,51,1
2020-06-11,Orange,059,3164182,11734,8304,80,8384,188
2020-06-11,Placer,061,380077,473,321,3,324,9
2020-06-11,Plumas,063,18699,5,4,0,4,0
2020-06-11,Riverside,065,2383286,13214,10014,23,10037,361
2020-06-11,Sacramento,067,1510023,1922,1669,4,1673,60
2020-06-11,San Benito,069,59416,153,94,0,94,2
2020-06-11,San Bernardino,071,2135413,9176,6509,7,6516,221
2020-06-11,San Diego,073,3302833,10391,9000,0,9000,308
2020-06-11,San Francisco,075,870044,3043,2766,1,2767,44
2020-06-11,San Joaquin,077,732212,2072,1351,4,1355,43
2020-06-11,San Luis Obispo,079,281455,462,307,5,312,1
2020-06-11,San Mateo,081,765935,2738,2499,5,2504,74
2020-06-11,Santa Barbara,083,443738,2391,1895,19,1914,14
2020-06-11,Santa Clara,085,1922200,3983,3049,14,3063,149
2020-06-11,Santa Cruz,087,273765,277,247,0,247,2
2020-06-11,Shasta,089,179085,87,47,0,47,5
2020-06-11,Sierra,091,2930,1,1,0,1,0
2020-06-11,Siskiyou,093,43540,25,14,0,14,0
2020-06-11,Solano,095,438530,883,616,4,620,19
2020-06-11,Sonoma,097,501317,839,682,1,683,4
2020-06-11,Stanislaus,099,539301,1597,1062,5,1067,30
2020-06-11,Sutter,101,95872,92,56,0,56,2
2020-06-11,Tehama,103,63373,27,10,2,12,1
2020-06-11,Trinity,105,12862,11,2,3,5,0
2020-06-11,Tulare,107,460477,3530,2473,10,2483,95
2020-06-11,Tuolumne,109,53932,9,7,0,7,0
2020-06-11,Ventura,111,848112,2215,1491,13,1504,34
2020-06-11,Yolo,113,214977,298,230,0,230,24
2020-06-11,Yuba,115,75493,36,27,0,27,1
2020-06-10,Alameda,001,1643700,4675,4027,7,4034,107
2020-06-10,Alpine,003,1148,1,1,0,1,0
2020-06-10,Amador,005,37829,9,10,0,10,0
2020-06-10,Butte,007,227075,102,71,7,78,1
2020-06-10,Calaveras,009,45235,24,16,0,16,0
2020-06-10,Colusa,011,21464,11,7,0,7,0
2020-06-10,Contra Costa,013,1133247,2089,1778,2,1780,43
2020-06-10,Del Norte,015,27424,47,45,0,45,0
2020-06-10,El Dorado,017,186661,151,109,0,109,0
2020-06-10,Fresno,019,978130,4471,2324,55,2379,45
2020-06-10,Glenn,021,27897,39,21,0,21,0
2020-06-10,Humboldt,023,135768,117,112,0,112,3
2020-06-10,Imperial,025,180216,5486,3454,4,3458,36
2020-06-10,Inyo,027,18085,22,23,0,23,1
2020-06-10,Kern,029,883053,3999,3000,10,3010,54
2020-06-10,Kings,031,150075,1922,952,4,956,6
2020-06-10,Lake,033,64148,39,28,0,28,0
2020-06-10,Lassen,035,31185,15,5,2,7,0
2020-06-10,Los Angeles,037,10098052,76309,67018,22,67040,2752
2020-06-10,Madera,039,155013,430,176,1,177,3
2020-06-10,Marin,041,260295,752,633,2,635,17
2020-06-10,Mariposa,043,17540,17,16,0,16,1
2020-06-10,Mendocino,045,87422,40,35,0,35,0
2020-06-10,Merced,047,269075,592,370,1,371,7
2020-06-10,Modoc,049,8938,1,0,0,0,0
2020-06-10,Mono,051,14174,39,35,0,35,1
2020-06-10,Monterey,053,433212,1107,791,4,795,11
2020-06-10,Napa,055,140530,211,159,0,159,3
2020-06-10,Nevada,057,99092,65,50,1,51,1
2020-06-10,Orange,059,3164182,11458,8222,77,8299,184
2020-06-10,Placer,061,380077,448,309,3,312,9
2020-06-10,Plumas,063,18699,5,4,0,4,0
2020-06-10,Riverside,065,2383286,12891,9857,23,9880,361
2020-06-10,Sacramento,067,1510023,1883,1643,2,1645,59
2020-06-10,San Benito,069,59416,144,94,0,94,2
2020-06-10,San Bernardino,071,2135413,8884,6438,7,6445,219
2020-06-10,San Diego,073,3302833,10227,8839,0,8839,305
2020-06-10,San Francisco,075,870044,3018,2774,1,2775,44
2020-06-10,San Joaquin,077,732212,1943,1282,4,1286,41
2020-06-10,San Luis Obispo,079,281455,442,306,5,311,1
2020-06-10,San Mateo,081,765935,2698,2492,5,2497,74
2020-06-10,Santa Barbara,083,443738,2335,1878,19,1897,13
2020-06-10,Santa Clara,085,1922200,3932,3032,14,3046,149
2020-06-10,Santa Cruz,087,273765,273,242,0,242,2
2020-06-10,Shasta,089,179085,82,45,0,45,5
2020-06-10,Sierra,091,2930,1,1,0,1,0
2020-06-10,Siskiyou,093,43540,25,14,0,14,0
2020-06-10,Solano,095,438530,847,608,4,612,19
2020-06-10,Sonoma,097,501317,821,673,1,674,4
2020-06-10,Stanislaus,099,539301,1507,1030,5,1035,29
2020-06-10,Sutter,101,95872,91,56,0,56,2
2020-06-10,Tehama,103,63373,25,10,2,12,1
2020-06-10,Trinity,105,12862,11,2,3,5,0
2020-06-10,Tulare,107,460477,3437,2455,10,2465,95
2020-06-10,Tuolumne,109,53932,9,7,0,7,0
2020-06-10,Ventura,111,848112,2169,1446,12,1458,34
2020-06-10,Yolo,113,214977,290,226,0,226,24
2020-06-10,Yuba,115,75493,35,27,0,27,1
2020-06-09,Alameda,001,1643700,4565,3963,7,3970,103
2020-06-09,Alpine,003,1148,1,1,0,1,0
2020-06-09,Amador,005,37829,9,10,0,10,0
2020-06-09,Butte,007,227075,101,70,6,76,1
2020-06-09,Calaveras,009,45235,24,16,0,16,0
2020-06-09,Colusa,011,21464,10,7,0,7,0
2020-06-09,Contra Costa,013,1133247,2048,1744,2,1746,42
2020-06-09,Del Norte,015,27424,47,45,0,45,0
2020-06-09,El Dorado,017,186661,141,108,0,108,0
2020-06-09,Fresno,019,978130,4319,2278,55,2333,43
2020-06-09,Glenn,021,27897,38,19,0,19,0
2020-06-09,Humboldt,023,135768,115,113,0,113,2
2020-06-09,Imperial,025,180216,5334,3067,4,3071,36
2020-06-09,Inyo,027,18085,22,22,0,22,1
2020-06-09,Kern,029,883053,3871,2920,10,2930,51
2020-06-09,Kings,031,150075,1890,934,4,938,6
2020-06-09,Lake,033,64148,39,28,0,28,0
2020-06-09,Lassen,035,31185,15,5,2,7,0
2020-06-09,Los Angeles,037,10098052,74651,65827,22,65849,2692
2020-06-09,Madera,039,155013,415,172,1,173,3
2020-06-09,Marin,041,260295,716,616,2,618,17
2020-06-09,Mariposa,043,17540,17,16,0,16,1
2020-06-09,Mendocino,045,87422,36,35,0,35,0
2020-06-09,Merced,047,269075,563,349,1,350,7
2020-06-09,Modoc,049,8938,1,0,0,0,0
2020-06-09,Mono,051,14174,39,35,0,35,1
2020-06-09,Monterey,053,433212,1066,772,4,776,11
2020-06-09,Napa,055,140530,201,156,0,156,3
2020-06-09,Nevada,057,99092,57,50,1,51,1
2020-06-09,Orange,059,3164182,11217,7991,75,8066,174
2020-06-09,Placer,061,380077,435,301,3,304,9
2020-06-09,Plumas,063,18699,5,4,0,4,0
2020-06-09,Riverside,065,2383286,12513,9511,23,9534,354
2020-06-09,Sacramento,067,1510023,1829,1625,2,1627,59
2020-06-09,San Benito,069,59416,138,95,0,95,2
2020-06-09,San Bernardino,071,2135413,8560,6268,6,6274,217
2020-06-09,San Diego,073,3302833,10042,8731,0,8731,301
2020-06-09,San Francisco,075,870044,2993,2749,1,2750,44
2020-06-09,San Joaquin,077,732212,1837,1240,4,1244,41
2020-06-09,San Luis Obispo,079,281455,429,301,4,305,1
2020-06-09,San Mateo,081,765935,2667,2463,5,2468,74
2020-06-09,Santa Barbara,083,443738,2277,1854,19,1873,13
2020-06-09,Santa Clara,085,1922200,3864,3006,13,3019,147
2020-06-09,Santa Cruz,087,273765,267,237,0,237,2
2020-06-09,Shasta,089,179085,78,44,0,44,4
2020-06-09,Sierra,091,2930,1,1,0,1,0
2020-06-09,Siskiyou,093,43540,20,10,0,10,0
2020-06-09,Solano,095,438530,812,596,4,600,18
2020-06-09,Sonoma,097,501317,798,661,1,662,4
2020-06-09,Stanislaus,099,539301,1406,993,5,998,25
2020-06-09,Sutter,101,95872,88,56,0,56,2
2020-06-09,Tehama,103,63373,25,9,2,11,1
2020-06-09,Trinity,105,12862,10,2,3,5,0
2020-06-09,Tulare,107,460477,3371,2393,10,2403,91
2020-06-09,Tuolumne,109,53932,9,8,0,8,0
2020-06-09,Ventura,111,848112,2103,1407,12,1419,34
2020-06-09,Yolo,113,214977,279,226,0,226,24
2020-06-09,Yuba,115,75493,34,27,0,27,1
2020-06-08,Alameda,001,1643700,4485,3937,7,3944,103
2020-06-08,Alpine,003,1148,1,1,0,1,0
2020-06-08,Amador,005,37829,9,10,0,10,0
2020-06-08,Butte,007,227075,97,68,6,74,1
2020-06-08,Calaveras,009,45235,24,16,0,16,0
2020-06-08,Colusa,011,21464,9,7,0,7,0
2020-06-08,Contra Costa,013,1133247,2005,1714,2,1716,41
2020-06-08,Del Norte,015,27424,47,45,0,45,0
2020-06-08,El Dorado,017,186661,137,107,0,107,0
2020-06-08,Fresno,019,978130,4195,2194,54,2248,42
2020-06-08,Glenn,021,27897,36,17,0,17,0
2020-06-08,Humboldt,023,135768,115,112,0,112,2
2020-06-08,Imperial,025,180216,5182,3051,4,3055,21
2020-06-08,Inyo,027,18085,22,22,0,22,1
2020-06-08,Kern,029,883053,3740,2853,9,2862,49
2020-06-08,Kings,031,150075,1814,892,4,896,6
2020-06-08,Lake,033,64148,39,28,0,28,0
2020-06-08,Lassen,035,31185,15,4,2,6,0
2020-06-08,Los Angeles,037,10098052,73189,64634,22,64656,2640
2020-06-08,Madera,039,155013,385,154,1,155,3
2020-06-08,Marin,041,260295,675,596,2,598,17
2020-06-08,Mariposa,043,17540,16,16,0,16,1
2020-06-08,Mendocino,045,87422,34,32,0,32,0
2020-06-08,Merced,047,269075,529,331,1,332,7
2020-06-08,Modoc,049,8938,1,0,0,0,0
2020-06-08,Mono,051,14174,39,35,0,35,1
2020-06-08,Monterey,053,433212,1015,751,3,754,10
2020-06-08,Napa,055,140530,185,151,0,151,3
2020-06-08,Nevada,057,99092,56,50,1,51,1
2020-06-08,Orange,059,3164182,10966,7786,73,7859,160
2020-06-08,Placer,061,380077,418,290,3,293,9
2020-06-08,Plumas,063,18699,5,4,0,4,0
2020-06-08,Riverside,065,2383286,12144,9246,23,9269,347
2020-06-08,Sacramento,067,1510023,1779,1591,2,1593,59
2020-06-08,San Benito,069,59416,131,93,0,93,2
2020-06-08,San Bernardino,071,2135413,8239,6122,6,6128,214
2020-06-08,San Diego,073,3302833,9885,8621,0,8621,296
2020-06-08,San Francisco,075,870044,2965,2715,1,2716,43
2020-06-08,San Joaquin,077,732212,1730,1198,4,1202,40
2020-06-08,San Luis Obispo,079,281455,423,300,4,304,1
2020-06-08,San Mateo,081,765935,2637,2431,4,2435,74
2020-06-08,Santa Barbara,083,443738,2221,1824,17,1841,13
2020-06-08,Santa Clara,085,1922200,3818,2971,13,2984,146
2020-06-08,Santa Cruz,087,273765,266,234,0,234,2
2020-06-08,Shasta,089,179085,74,43,0,43,4
2020-06-08,Sierra,091,2930,1,1,0,1,0
2020-06-08,Siskiyou,093,43540,20,8,0,8,0
2020-06-08,Solano,095,438530,785,560,4,564,19
2020-06-08,Sonoma,097,501317,782,654,1,655,4
2020-06-08,Stanislaus,099,539301,1324,956,5,961,28
2020-06-08,Sutter,101,95872,81,55,0,55,2
2020-06-08,Tehama,103,63373,19,8,2,10,1
2020-06-08,Trinity,105,12862,10,2,3,5,0
2020-06-08,Tulare,107,460477,3288,2301,10,2311,91
2020-06-08,Tuolumne,109,53932,8,8,0,8,0
2020-06-08,Ventura,111,848112,2045,1382,12,1394,30
2020-06-08,Yolo,113,214977,268,228,0,228,24
2020-06-08,Yuba,115,75493,32,27,0,27,1
2020-06-07,Alameda,001,1643700,4372,3866,7,3873,102
2020-06-07,Alpine,003,1148,1,1,0,1,0
2020-06-07,Amador,005,37829,9,10,0,10,0
2020-06-07,Butte,007,227075,95,64,5,69,1
2020-06-07,Calaveras,009,45235,22,16,0,16,0
2020-06-07,Colusa,011,21464,9,7,0,7,0
2020-06-07,Contra Costa,013,1133247,1954,1653,1,1654,38
2020-06-07,Del Norte,015,27424,45,45,0,45,0
2020-06-07,El Dorado,017,186661,137,104,0,104,0
2020-06-07,Fresno,019,978130,4065,2144,54,2198,41
2020-06-07,Glenn,021,27897,29,16,0,16,0
2020-06-07,Humboldt,023,135768,115,112,0,112,2
2020-06-07,Imperial,025,180216,5031,3048,4,3052,19
2020-06-07,Inyo,027,18085,22,21,0,21,1
2020-06-07,Kern,029,883053,3609,2771,9,2780,46
2020-06-07,Kings,031,150075,1765,882,4,886,6
2020-06-07,Lake,033,64148,36,28,0,28,0
2020-06-07,Lassen,035,31185,14,4,2,6,0
2020-06-07,Los Angeles,037,10098052,71486,63750,22,63772,2629
2020-06-07,Madera,039,155013,368,149,1,150,3
2020-06-07,Marin,041,260295,661,584,2,586,17
2020-06-07,Mariposa,043,17540,16,16,0,16,1
2020-06-07,Mendocino,045,87422,34,32,0,32,0
2020-06-07,Merced,047,269075,496,318,1,319,7
2020-06-07,Modoc,049,8938,1,0,0,0,0
2020-06-07,Mono,051,14174,39,35,0,35,1
2020-06-07,Monterey,053,433212,968,732,3,735,10
2020-06-07,Napa,055,140530,177,142,0,142,3
2020-06-07,Nevada,057,99092,55,50,1,51,1
2020-06-07,Orange,059,3164182,10709,7643,71,7714,158
2020-06-07,Placer,061,380077,397,273,2,275,9
2020-06-07,Plumas,063,18699,5,4,0,4,0
2020-06-07,Riverside,065,2383286,11848,9105,23,9128,344
2020-06-07,Sacramento,067,1510023,1731,1568,2,1570,59
2020-06-07,San Benito,069,59416,128,92,0,92,2
2020-06-07,San Bernardino,071,2135413,7954,6033,6,6039,214
2020-06-07,San Diego,073,3302833,9706,8478,0,8478,296
2020-06-07,San Francisco,075,870044,2921,2674,0,2674,43
2020-06-07,San Joaquin,077,732212,1629,1126,4,1130,37
2020-06-07,San Luis Obispo,079,281455,413,296,4,300,1
2020-06-07,San Mateo,081,765935,2610,2399,4,2403,73
2020-06-07,Santa Barbara,083,443738,2164,1818,17,1835,13
2020-06-07,Santa Clara,085,1922200,3766,2947,13,2960,146
2020-06-07,Santa Cruz,087,273765,258,230,0,230,2
2020-06-07,Shasta,089,179085,73,41,0,41,4
2020-06-07,Sierra,091,2930,1,1,0,1,0
2020-06-07,Siskiyou,093,43540,20,8,0,8,0
2020-06-07,Solano,095,438530,762,560,4,564,19
2020-06-07,Sonoma,097,501317,751,639,1,640,4
2020-06-07,Stanislaus,099,539301,1244,905,5,910,28
2020-06-07,Sutter,101,95872,73,55,0,55,2
2020-06-07,Tehama,103,63373,16,8,2,10,1
2020-06-07,Trinity,105,12862,8,2,3,5,0
2020-06-07,Tulare,107,460477,3166,2219,10,2229,90
2020-06-07,Tuolumne,109,53932,8,4,0,4,0
2020-06-07,Ventura,111,848112,1979,1337,12,1349,30
2020-06-07,Yolo,113,214977,258,224,0,224,24
2020-06-07,Yuba,115,75493,32,27,0,27,1
2020-06-06,Alameda,001,1643700,4327,3801,7,3808,102
2020-06-06,Alpine,003,1148,1,1,0,1,0
2020-06-06,Amador,005,37829,9,10,0,10,0
2020-06-06,Butte,007,227075,94,63,5,68,1
2020-06-06,Calaveras,009,45235,20,16,0,16,0
2020-06-06,Colusa,011,21464,9,7,0,7,0
2020-06-06,Contra Costa,013,1133247,1933,1619,1,1620,37
2020-06-06,Del Norte,015,27424,45,45,0,45,0
2020-06-06,El Dorado,017,186661,132,104,0,104,0
2020-06-06,Fresno,019,978130,4010,2117,54,2171,41
2020-06-06,Glenn,021,27897,27,16,0,16,0
2020-06-06,Humboldt,023,135768,115,112,0,112,2
2020-06-06,Imperial,025,180216,4955,3047,4,3051,19
2020-06-06,Inyo,027,18085,22,21,0,21,1
2020-06-06,Kern,029,883053,3539,2695,9,2704,46
2020-06-06,Kings,031,150075,1746,882,4,886,6
2020-06-06,Lake,033,64148,36,28,0,28,0
2020-06-06,Lassen,035,31185,14,4,2,6,0
2020-06-06,Los Angeles,037,10098052,70739,62269,22,62291,2607
2020-06-06,Madera,039,155013,359,149,1,150,3
2020-06-06,Marin,041,260295,656,556,2,558,17
2020-06-06,Mariposa,043,17540,16,16,0,16,1
2020-06-06,Mendocino,045,87422,34,32,0,32,0
2020-06-06,Merced,047,269075,494,315,1,316,7
2020-06-06,Modoc,049,8938,1,0,0,0,0
2020-06-06,Mono,051,14174,39,35,0,35,1
2020-06-06,Monterey,053,433212,944,679,3,682,10
2020-06-06,Napa,055,140530,171,136,0,136,3
2020-06-06,Nevada,057,99092,54,50,1,51,1
2020-06-06,Orange,059,3164182,10550,7576,70,7646,157
2020-06-06,Placer,061,380077,385,270,2,272,9
2020-06-06,Plumas,063,18699,5,4,0,4,0
2020-06-06,Riverside,065,2383286,11670,8935,23,8958,345
2020-06-06,Sacramento,067,1510023,1708,1533,2,1535,59
2020-06-06,San Benito,069,59416,118,92,0,92,2
2020-06-06,San Bernardino,071,2135413,7806,5946,6,5952,214
2020-06-06,San Diego,073,3302833,9585,8347,0,8347,296
2020-06-06,San Francisco,075,870044,2906,2674,0,2674,43
2020-06-06,San Joaquin,077,732212,1589,1076,4,1080,37
2020-06-06,San Luis Obispo,079,281455,407,295,4,299,1
2020-06-06,San Mateo,081,765935,2595,2342,4,2346,72
2020-06-06,Santa Barbara,083,443738,2124,1815,17,1832,13
2020-06-06,Santa Clara,085,1922200,3725,2934,13,2947,144
2020-06-06,Santa Cruz,087,273765,256,226,0,226,2
2020-06-06,Shasta,089,179085,73,40,0,40,4
2020-06-06,Sierra,091,2930,1,1,0,1,0
2020-06-06,Siskiyou,093,43540,18,8,0,8,0
2020-06-06,Solano,095,438530,747,560,4,564,19
2020-06-06,Sonoma,097,501317,739,622,1,623,4
2020-06-06,Stanislaus,099,539301,1210,858,5,863,27
2020-06-06,Sutter,101,95872,73,51,0,51,2
2020-06-06,Tehama,103,63373,15,8,2,10,1
2020-06-06,Trinity,105,12862,8,2,2,4,0
2020-06-06,Tulare,107,460477,3133,2213,10,2223,90
2020-06-06,Tuolumne,109,53932,8,4,0,4,0
2020-06-06,Ventura,111,848112,1955,1303,12,1315,30
2020-06-06,Yolo,113,214977,256,223,0,223,24
2020-06-06,Yuba,115,75493,32,27,0,27,1
2020-06-05,Alameda,001,1643700,4276,3734,7,3741,102
2020-06-05,Alpine,003,1148,1,1,0,1,0
2020-06-05,Amador,005,37829,9,10,0,10,0
2020-06-05,Butte,007,227075,91,61,5,66,1
2020-06-05,Calaveras,009,45235,19,16,0,16,0
2020-06-05,Colusa,011,21464,9,7,0,7,0
2020-06-05,Contra Costa,013,1133247,1918,1575,1,1576,37
2020-06-05,Del Norte,015,27424,45,45,0,45,0
2020-06-05,El Dorado,017,186661,130,101,0,101,0
2020-06-05,Fresno,019,978130,3946,2051,53,2104,38
2020-06-05,Glenn,021,27897,25,16,0,16,0
2020-06-05,Humboldt,023,135768,114,111,0,111,2
2020-06-05,Imperial,025,180216,4849,2778,4,2782,19
2020-06-05,Inyo,027,18085,22,21,0,21,1
2020-06-05,Kern,029,883053,3450,2624,9,2633,46
2020-06-05,Kings,031,150075,1731,865,4,869,6
2020-06-05,Lake,033,64148,35,28,0,28,0
2020-06-05,Lassen,035,31185,13,4,2,6,0
2020-06-05,Los Angeles,037,10098052,69592,60955,22,60977,2553
2020-06-05,Madera,039,155013,337,144,1,145,3
2020-06-05,Marin,041,260295,647,546,2,548,17
2020-06-05,Mariposa,043,17540,16,16,0,16,1
2020-06-05,Mendocino,045,87422,34,32,0,32,0
2020-06-05,Merced,047,269075,492,309,1,310,7
2020-06-05,Modoc,049,8938,1,0,0,0,0
2020-06-05,Mono,051,14174,39,35,0,35,1
2020-06-05,Monterey,053,433212,912,649,3,652,10
2020-06-05,Napa,055,140530,168,123,0,123,3
2020-06-05,Nevada,057,99092,54,50,1,51,1
2020-06-05,Orange,059,3164182,10353,7391,68,7459,153
2020-06-05,Placer,061,380077,375,265,2,267,9
2020-06-05,Plumas,063,18699,5,4,0,4,0
2020-06-05,Riverside,065,2383286,11411,8700,23,8723,345
2020-06-05,Sacramento,067,1510023,1686,1514,2,1516,59
2020-06-05,San Benito,069,59416,116,92,0,92,2
2020-06-05,San Bernardino,071,2135413,7624,5869,5,5874,212
2020-06-05,San Diego,073,3302833,9470,8182,0,8182,294
2020-06-05,San Francisco,075,870044,2888,2675,0,2675,43
2020-06-05,San Joaquin,077,732212,1510,1046,4,1050,36
2020-06-05,San Luis Obispo,079,281455,400,293,4,297,1
2020-06-05,San Mateo,081,765935,2570,2331,4,2335,72
2020-06-05,Santa Barbara,083,443738,2091,1795,17,1812,13
2020-06-05,Santa Clara,085,1922200,3690,2902,13,2915,144
2020-06-05,Santa Cruz,087,273765,253,222,0,222,2
2020-06-05,Shasta,089,179085,72,40,0,40,4
2020-06-05,Sierra,091,2930,1,1,0,1,0
2020-06-05,Siskiyou,093,43540,16,8,0,8,0
2020-06-05,Solano,095,438530,740,558,4,562,19
2020-06-05,Sonoma,097,501317,718,618,1,619,4
2020-06-05,Stanislaus,099,539301,1177,842,5,847,27
2020-06-05,Sutter,101,95872,73,49,0,49,2
2020-06-05,Tehama,103,63373,15,7,2,9,1
2020-06-05,Trinity,105,12862,8,1,2,3,0
2020-06-05,Tulare,107,460477,3084,2180,10,2190,90
2020-06-05,Tuolumne,109,53932,8,4,0,4,0
2020-06-05,Ventura,111,848112,1922,1274,12,1286,30
2020-06-05,Yolo,113,214977,255,216,0,216,24
2020-06-05,Yuba,115,75493,32,27,0,27,1
2020-06-04,Alameda,001,1643700,4177,3643,7,3650,99
2020-06-04,Alpine,003,1148,1,1,0,1,0
2020-06-04,Amador,005,37829,9,10,0,10,0
2020-06-04,Butte,007,227075,87,57,4,61,1
2020-06-04,Calaveras,009,45235,19,15,0,15,0
2020-06-04,Colusa,011,21464,9,7,0,7,0
2020-06-04,Contra Costa,013,1133247,1860,1551,1,1552,37
2020-06-04,Del Norte,015,27424,45,45,0,45,0
2020-06-04,El Dorado,017,186661,128,101,0,101,0
2020-06-04,Fresno,019,978130,3840,2007,52,2059,35
2020-06-04,Glenn,021,27897,22,16,0,16,0
2020-06-04,Humboldt,023,135768,114,109,0,109,2
2020-06-04,Imperial,025,180216,4666,2631,4,2635,19
2020-06-04,Inyo,027,18085,22,20,0,20,1
2020-06-04,Kern,029,883053,3334,2530,9,2539,46
2020-06-04,Kings,031,150075,1661,842,4,846,6
2020-06-04,Lake,033,64148,34,27,0,27,0
2020-06-04,Lassen,035,31185,11,4,2,6,0
2020-06-04,Los Angeles,037,10098052,68124,59596,22,59618,2515
2020-06-04,Madera,039,155013,329,127,1,128,3
2020-06-04,Marin,041,260295,625,533,2,535,14
2020-06-04,Mariposa,043,17540,16,16,0,16,1
2020-06-04,Mendocino,045,87422,34,29,0,29,0
2020-06-04,Merced,047,269075,472,304,1,305,7
2020-06-04,Modoc,049,8938,1,0,0,0,0
2020-06-04,Mono,051,14174,39,35,0,35,1
2020-06-04,Monterey,053,433212,877,621,2,623,10
2020-06-04,Napa,055,140530,164,117,0,117,3
2020-06-04,Nevada,057,99092,53,49,1,50,1
2020-06-04,Orange,059,3164182,10099,7192,67,7259,148
2020-06-04,Placer,061,380077,359,256,2,258,9
2020-06-04,Plumas,063,18699,4,4,0,4,0
2020-06-04,Riverside,065,2383286,11133,8473,23,8496,341
2020-06-04,Sacramento,067,1510023,1659,1492,2,1494,58
2020-06-04,San Benito,069,59416,114,88,0,88,2
2020-06-04,San Bernardino,071,2135413,7355,5726,5,5731,207
2020-06-04,San Diego,073,3302833,9307,7942,0,7942,288
2020-06-04,San Francisco,075,870044,2855,2636,0,2636,43
2020-06-04,San Joaquin,077,732212,1448,1016,4,1020,36
2020-06-04,San Luis Obispo,079,281455,389,288,4,292,1
2020-06-04,San Mateo,081,765935,2544,2284,4,2288,72
2020-06-04,Santa Barbara,083,443738,2059,1750,16,1766,13
2020-06-04,Santa Clara,085,1922200,3656,2871,13,2884,144
2020-06-04,Santa Cruz,087,273765,247,218,0,218,2
2020-06-04,Shasta,089,179085,66,40,0,40,4
2020-06-04,Sierra,091,2930,1,1,0,1,0
2020-06-04,Siskiyou,093,43540,15,8,0,8,0
2020-06-04,Solano,095,438530,723,551,4,555,19
2020-06-04,Sonoma,097,501317,699,591,1,592,4
2020-06-04,Stanislaus,099,539301,1101,806,5,811,28
2020-06-04,Sutter,101,95872,68,46,0,46,2
2020-06-04,Tehama,103,63373,14,6,1,7,1
2020-06-04,Trinity,105,12862,8,1,2,3,0
2020-06-04,Tulare,107,460477,2967,2086,10,2096,90
2020-06-04,Tuolumne,109,53932,7,4,0,4,0
2020-06-04,Ventura,111,848112,1878,1236,11,1247,30
2020-06-04,Yolo,113,214977,250,216,0,216,24
2020-06-04,Yuba,115,75493,31,27,0,27,1
2020-06-03,Alameda,001,1643700,4118,3589,6,3595,99
2020-06-03,Alpine,003,1148,1,1,0,1,0
2020-06-03,Amador,005,37829,9,10,0,10,0
2020-06-03,Butte,007,227075,85,53,4,57,1
2020-06-03,Calaveras,009,45235,18,15,0,15,0
2020-06-03,Colusa,011,21464,9,7,0,7,0
2020-06-03,Contra Costa,013,1133247,1812,1511,1,1512,37
2020-06-03,Del Norte,015,27424,45,39,0,39,0
2020-06-03,El Dorado,017,186661,125,90,0,90,0
2020-06-03,Fresno,019,978130,3741,1943,52,1995,35
2020-06-03,Glenn,021,27897,22,16,0,16,0
2020-06-03,Humboldt,023,135768,114,103,0,103,2
2020-06-03,Imperial,025,180216,4493,2540,4,2544,19
2020-06-03,Inyo,027,18085,22,20,0,20,1
2020-06-03,Kern,029,883053,3238,2452,8,2460,44
2020-06-03,Kings,031,150075,1596,744,4,748,6
2020-06-03,Lake,033,64148,32,26,0,26,0
2020-06-03,Lassen,035,31185,11,4,2,6,0
2020-06-03,Los Angeles,037,10098052,66517,58166,22,58188,2472
2020-06-03,Madera,039,155013,321,117,1,118,3
2020-06-03,Marin,041,260295,607,527,2,529,14
2020-06-03,Mariposa,043,17540,16,16,0,16,1
2020-06-03,Mendocino,045,87422,33,29,0,29,0
2020-06-03,Merced,047,269075,458,299,1,300,7
2020-06-03,Modoc,049,8938,1,0,0,0,0
2020-06-03,Mono,051,14174,39,35,0,35,1
2020-06-03,Monterey,053,433212,849,592,2,594,10
2020-06-03,Napa,055,140530,163,116,0,116,3
2020-06-03,Nevada,057,99092,52,43,1,44,1
2020-06-03,Orange,059,3164182,9873,6939,66,7005,145
2020-06-03,Placer,061,380077,339,243,2,245,9
2020-06-03,Plumas,063,18699,4,4,0,4,0
2020-06-03,Riverside,065,2383286,10858,8208,23,8231,335
2020-06-03,Sacramento,067,1510023,1629,1457,2,1459,58
2020-06-03,San Benito,069,59416,108,88,0,88,2
2020-06-03,San Bernardino,071,2135413,7132,5565,5,5570,203
2020-06-03,San Diego,073,3302833,9159,7800,0,7800,283
2020-06-03,San Francisco,075,870044,2824,2608,0,2608,43
2020-06-03,San Joaquin,077,732212,1384,1004,4,1008,35
2020-06-03,San Luis Obispo,079,281455,384,279,4,283,1
2020-06-03,San Mateo,081,765935,2516,2243,4,2247,71
2020-06-03,Santa Barbara,083,443738,2020,1722,15,1737,12
2020-06-03,Santa Clara,085,1922200,3614,2836,13,2849,144
2020-06-03,Santa Cruz,087,273765,241,217,0,217,2
2020-06-03,Shasta,089,179085,63,40,0,40,4
2020-06-03,Sierra,091,2930,1,1,0,1,0
2020-06-03,Siskiyou,093,43540,14,8,0,8,0
2020-06-03,Solano,095,438530,698,543,2,545,18
2020-06-03,Sonoma,097,501317,687,578,1,579,4
2020-06-03,Stanislaus,099,539301,1061,780,5,785,27
2020-06-03,Sutter,101,95872,60,45,0,45,2
2020-06-03,Tehama,103,63373,14,6,1,7,1
2020-06-03,Trinity,105,12862,8,1,2,3,0
2020-06-03,Tulare,107,460477,2898,2041,10,2051,88
2020-06-03,Tuolumne,109,53932,5,4,0,4,0
2020-06-03,Ventura,111,848112,1811,1202,11,1213,30
2020-06-03,Yolo,113,214977,246,213,0,213,24
2020-06-03,Yuba,115,75493,31,27,0,27,1
2020-06-02,Alameda,001,1643700,4042,3517,6,3523,99
2020-06-02,Alpine,003,1148,1,1,0,1,0
2020-06-02,Amador,005,37829,9,10,0,10,0
2020-06-02,Butte,007,227075,81,51,3,54,1
2020-06-02,Calaveras,009,45235,18,15,0,15,0
2020-06-02,Colusa,011,21464,9,7,0,7,0
2020-06-02,Contra Costa,013,1133247,1780,1505,1,1506,37
2020-06-02,Del Norte,015,27424,45,39,0,39,0
2020-06-02,El Dorado,017,186661,124,88,0,88,0
2020-06-02,Fresno,019,978130,3628,1917,52,1969,34
2020-06-02,Glenn,021,27897,21,16,0,16,0
2020-06-02,Humboldt,023,135768,114,101,0,101,2
2020-06-02,Imperial,025,180216,4300,2459,4,2463,19
2020-06-02,Inyo,027,18085,20,20,0,20,1
2020-06-02,Kern,029,883053,3139,2406,6,2412,41
2020-06-02,Kings,031,150075,1568,720,4,724,5
2020-06-02,Lake,033,64148,32,25,0,25,0
2020-06-02,Lassen,035,31185,10,4,2,6,0
2020-06-02,Los Angeles,037,10098052,65115,57144,22,57166,2430
2020-06-02,Madera,039,155013,300,110,1,111,2
2020-06-02,Marin,041,260295,580,509,2,511,14
2020-06-02,Mariposa,043,17540,16,16,0,16,1
2020-06-02,Mendocino,045,87422,33,29,0,29,0
2020-06-02,Merced,047,269075,442,297,1,298,6
2020-06-02,Modoc,049,8938,1,0,0,0,0
2020-06-02,Mono,051,14174,39,35,0,35,1
2020-06-02,Monterey,053,433212,819,582,2,584,10
2020-06-02,Napa,055,140530,154,116,0,116,3
2020-06-02,Nevada,057,99092,51,41,1,42,1
2020-06-02,Orange,059,3164182,9672,6790,65,6855,142
2020-06-02,Placer,061,380077,325,226,2,228,9
2020-06-02,Plumas,063,18699,4,4,0,4,0
2020-06-02,Riverside,065,2383286,10562,8091,21,8112,330
2020-06-02,Sacramento,067,1510023,1600,1428,2,1430,58
2020-06-02,San Benito,069,59416,107,86,0,86,2
2020-06-02,San Bernardino,071,2135413,6924,5438,5,5443,202
2020-06-02,San Diego,073,3302833,9013,7676,0,7676,276
2020-06-02,San Francisco,075,870044,2789,2554,0,2554,43
2020-06-02,San Joaquin,077,732212,1318,985,4,989,35
2020-06-02,San Luis Obispo,079,281455,378,275,4,279,1
2020-06-02,San Mateo,081,765935,2481,2203,4,2207,71
2020-06-02,Santa Barbara,083,443738,1977,1703,15,1718,12
2020-06-02,Santa Clara,085,1922200,3564,2819,13,2832,144
2020-06-02,Santa Cruz,087,273765,236,215,0,215,2
2020-06-02,Shasta,089,179085,62,38,0,38,4
2020-06-02,Sierra,091,2930,1,1,0,1,0
2020-06-02,Siskiyou,093,43540,13,8,0,8,0
2020-06-02,Solano,095,438530,683,537,1,538,18
2020-06-02,Sonoma,097,501317,676,571,1,572,4
2020-06-02,Stanislaus,099,539301,1002,772,5,777,27
2020-06-02,Sutter,101,95872,57,43,0,43,2
2020-06-02,Tehama,103,63373,14,6,1,7,1
2020-06-02,Trinity,105,12862,8,1,2,3,0
2020-06-02,Tulare,107,460477,2818,2012,10,2022,86
2020-06-02,Tuolumne,109,53932,5,4,0,4,0
2020-06-02,Ventura,111,848112,1758,1178,11,1189,30
2020-06-02,Yolo,113,214977,244,213,0,213,24
2020-06-02,Yuba,115,75493,31,27,0,27,1
2020-06-01,Alameda,001,1643700,3976,3460,6,3466,98
2020-06-01,Alpine,003,1148,1,1,0,1,0
2020-06-01,Amador,005,37829,9,10,0,10,0
2020-06-01,Butte,007,227075,80,50,2,52,1
2020-06-01,Calaveras,009,45235,18,15,0,15,0
2020-06-01,Colusa,011,21464,9,7,0,7,0
2020-06-01,Contra Costa,013,1133247,1744,1486,1,1487,37
2020-06-01,Del Norte,015,27424,45,38,0,38,0
2020-06-01,El Dorado,017,186661,122,88,0,88,0
2020-06-01,Fresno,019,978130,3533,1854,50,1904,33
2020-06-01,Glenn,021,27897,21,16,0,16,0
2020-06-01,Humboldt,023,135768,114,98,0,98,2
2020-06-01,Imperial,025,180216,4078,2366,4,2370,14
2020-06-01,Inyo,027,18085,20,20,0,20,1
2020-06-01,Kern,029,883053,3056,2366,6,2372,38
2020-06-01,Kings,031,150075,1300,703,4,707,4
2020-06-01,Lake,033,64148,32,22,0,22,0
2020-06-01,Lassen,035,31185,10,4,2,6,0
2020-06-01,Los Angeles,037,10098052,63652,55899,22,55921,2367
2020-06-01,Madera,039,155013,288,103,1,104,2
2020-06-01,Marin,041,260295,539,495,2,497,14
2020-06-01,Mariposa,043,17540,16,16,0,16,1
2020-06-01,Mendocino,045,87422,33,28,0,28,0
2020-06-01,Merced,047,269075,423,289,1,290,6
2020-06-01,Modoc,049,8938,1,0,0,0,0
2020-06-01,Mono,051,14174,39,35,0,35,1
2020-06-01,Monterey,053,433212,794,554,2,556,10
2020-06-01,Napa,055,140530,151,114,0,114,3
2020-06-01,Nevada,057,99092,51,41,1,42,1
2020-06-01,Orange,059,3164182,9475,6640,64,6704,135
2020-06-01,Placer,061,380077,313,218,2,220,9
2020-06-01,Plumas,063,18699,4,4,0,4,0
2020-06-01,Riverside,065,2383286,10110,7921,20,7941,322
2020-06-01,Sacramento,067,1510023,1561,1415,2,1417,58
2020-06-01,San Benito,069,59416,104,86,0,86,2
2020-06-01,San Bernardino,071,2135413,6718,5310,5,5315,202
2020-06-01,San Diego,073,3302833,8833,7556,0,7556,269
2020-06-01,San Francisco,075,870044,2752,2546,0,2546,43
2020-06-01,San Joaquin,077,732212,1253,957,4,961,35
2020-06-01,San Luis Obispo,079,281455,374,275,4,279,1
2020-06-01,San Mateo,081,765935,2451,2190,4,2194,71
2020-06-01,Santa Barbara,083,443738,1939,1671,14,1685,10
2020-06-01,Santa Clara,085,1922200,3526,2797,12,2809,142
2020-06-01,Santa Cruz,087,273765,232,215,0,215,2
2020-06-01,Shasta,089,179085,62,38,0,38,4
2020-06-01,Sierra,091,2930,1,1,0,1,0
2020-06-01,Siskiyou,093,43540,13,7,0,7,0
2020-06-01,Solano,095,438530,659,529,1,530,17
2020-06-01,Sonoma,097,501317,660,565,1,566,4
2020-06-01,Stanislaus,099,539301,965,758,5,763,27
2020-06-01,Sutter,101,95872,52,43,0,43,2
2020-06-01,Tehama,103,63373,11,5,1,6,1
2020-06-01,Trinity,105,12862,7,1,2,3,0
2020-06-01,Tulare,107,460477,2703,1976,10,1986,84
2020-06-01,Tuolumne,109,53932,4,4,0,4,0
2020-06-01,Ventura,111,848112,1706,1163,11,1174,29
2020-06-01,Yolo,113,214977,241,212,0,212,24
2020-06-01,Yuba,115,75493,30,26,0,26,1
2020-05-31,Alameda,001,1643700,3871,3362,6,3368,98
2020-05-31,Alpine,003,1148,1,1,0,1,0
2020-05-31,Amador,005,37829,9,10,0,10,0
2020-05-31,Butte,007,227075,78,51,2,53,0
2020-05-31,Calaveras,009,45235,15,15,0,15,0
2020-05-31,Colusa,011,21464,9,5,0,5,0
2020-05-31,Contra Costa,013,1133247,1710,1458,1,1459,37
2020-05-31,Del Norte,015,27424,45,37,0,37,0
2020-05-31,El Dorado,017,186661,118,88,0,88,0
2020-05-31,Fresno,019,978130,3368,1780,44,1824,31
2020-05-31,Glenn,021,27897,20,16,0,16,0
2020-05-31,Humboldt,023,135768,112,98,0,98,2
2020-05-31,Imperial,025,180216,3811,2197,4,2201,14
2020-05-31,Inyo,027,18085,20,20,0,20,1
2020-05-31,Kern,029,883053,2921,2300,6,2306,38
2020-05-31,Kings,031,150075,1263,703,4,707,3
2020-05-31,Lake,033,64148,32,19,0,19,0
2020-05-31,Lassen,035,31185,10,4,2,6,0
2020-05-31,Los Angeles,037,10098052,62362,54925,22,54947,2344
2020-05-31,Madera,039,155013,270,101,1,102,2
2020-05-31,Marin,041,260295,529,486,2,488,14
2020-05-31,Mariposa,043,17540,16,16,0,16,1
2020-05-31,Mendocino,045,87422,33,24,0,24,0
2020-05-31,Merced,047,269075,396,288,0,288,6
2020-05-31,Modoc,049,8938,0,0,0,0,0
2020-05-31,Mono,051,14174,39,34,0,34,1
2020-05-31,Monterey,053,433212,720,545,2,547,10
2020-05-31,Napa,055,140530,149,114,0,114,3
2020-05-31,Nevada,057,99092,50,41,1,42,1
2020-05-31,Orange,059,3164182,9265,6532,63,6595,135
2020-05-31,Placer,061,380077,291,215,2,217,9
2020-05-31,Plumas,063,18699,4,4,0,4,0
2020-05-31,Riverside,065,2383286,9854,7704,20,7724,321
2020-05-31,Sacramento,067,1510023,1530,1398,2,1400,57
2020-05-31,San Benito,069,59416,98,85,0,85,2
2020-05-31,San Bernardino,071,2135413,6450,5185,5,5190,198
2020-05-31,San Diego,073,3302833,8639,7483,0,7483,269
2020-05-31,San Francisco,075,870044,2716,2501,0,2501,43
2020-05-31,San Joaquin,077,732212,1188,888,4,892,34
2020-05-31,San Luis Obispo,079,281455,364,271,4,275,1
2020-05-31,San Mateo,081,765935,2405,2169,4,2173,71
2020-05-31,Santa Barbara,083,443738,1885,1662,13,1675,9
2020-05-31,Santa Clara,085,1922200,3482,2785,12,2797,142
2020-05-31,Santa Cruz,087,273765,229,210,0,210,2
2020-05-31,Shasta,089,179085,60,38,0,38,4
2020-05-31,Sierra,091,2930,1,1,0,1,0
2020-05-31,Siskiyou,093,43540,12,7,0,7,0
2020-05-31,Solano,095,438530,633,512,1,513,6
2020-05-31,Sonoma,097,501317,640,555,1,556,4
2020-05-31,Stanislaus,099,539301,911,738,5,743,27
2020-05-31,Sutter,101,95872,50,42,0,42,2
2020-05-31,Tehama,103,63373,10,4,1,5,1
2020-05-31,Trinity,105,12862,7,1,2,3,0
2020-05-31,Tulare,107,460477,2630,1884,10,1894,82
2020-05-31,Tuolumne,109,53932,4,4,0,4,0
2020-05-31,Ventura,111,848112,1645,1151,11,1162,30
2020-05-31,Yolo,113,214977,235,211,0,211,24
2020-05-31,Yuba,115,75493,30,26,0,26,1
2020-05-30,Alameda,001,1643700,3845,3304,6,3310,96
2020-05-30,Alpine,003,1148,1,1,0,1,0
2020-05-30,Amador,005,37829,9,10,0,10,0
2020-05-30,Butte,007,227075,77,44,2,46,0
2020-05-30,Calaveras,009,45235,14,15,0,15,0
2020-05-30,Colusa,011,21464,8,5,0,5,0
2020-05-30,Contra Costa,013,1133247,1694,1429,1,1430,37
2020-05-30,Del Norte,015,27424,45,37,0,37,0
2020-05-30,El Dorado,017,186661,117,86,0,86,0
2020-05-30,Fresno,019,978130,3307,1744,43,1787,31
2020-05-30,Glenn,021,27897,19,16,0,16,0
2020-05-30,Humboldt,023,135768,111,98,0,98,2
2020-05-30,Imperial,025,180216,3721,2091,4,2095,14
2020-05-30,Inyo,027,18085,20,20,0,20,1
2020-05-30,Kern,029,883053,2852,2217,6,2223,38
2020-05-30,Kings,031,150075,1249,703,4,707,3
2020-05-30,Lake,033,64148,31,18,0,18,0
2020-05-30,Lassen,035,31185,10,4,2,6,0
2020-05-30,Los Angeles,037,10098052,61826,53627,22,53649,2319
2020-05-30,Madera,039,155013,265,101,1,102,2
2020-05-30,Marin,041,260295,529,462,2,464,14
2020-05-30,Mariposa,043,17540,16,16,0,16,1
2020-05-30,Mendocino,045,87422,33,24,0,24,0
2020-05-30,Merced,047,269075,395,285,0,285,6
2020-05-30,Modoc,049,8938,0,0,0,0,0
2020-05-30,Mono,051,14174,39,34,0,34,1
2020-05-30,Monterey,053,433212,704,520,2,522,10
2020-05-30,Napa,055,140530,147,113,0,113,3
2020-05-30,Nevada,057,99092,50,41,1,42,1
2020-05-30,Orange,059,3164182,9108,6354,63,6417,134
2020-05-30,Placer,061,380077,283,199,1,200,9
2020-05-30,Plumas,063,18699,4,4,0,4,0
2020-05-30,Riverside,065,2383286,9710,7492,20,7512,316
2020-05-30,Sacramento,067,1510023,1519,1384,2,1386,57
2020-05-30,San Benito,069,59416,97,85,0,85,2
2020-05-30,San Bernardino,071,2135413,6341,5122,5,5127,198
2020-05-30,San Diego,073,3302833,8546,7387,0,7387,269
2020-05-30,San Francisco,075,870044,2691,2496,0,2496,41
2020-05-30,San Joaquin,077,732212,1150,888,4,892,34
2020-05-30,San Luis Obispo,079,281455,359,270,4,274,1
2020-05-30,San Mateo,081,765935,2381,2129,4,2133,71
2020-05-30,Santa Barbara,083,443738,1865,1660,13,1673,9
2020-05-30,Santa Clara,085,1922200,3466,2741,12,2753,141
2020-05-30,Santa Cruz,087,273765,229,206,0,206,2
2020-05-30,Shasta,089,179085,60,36,0,36,4
2020-05-30,Sierra,091,2930,1,1,0,1,0
2020-05-30,Siskiyou,093,43540,11,7,0,7,0
2020-05-30,Solano,095,438530,626,512,1,513,6
2020-05-30,Sonoma,097,501317,630,551,1,552,4
2020-05-30,Stanislaus,099,539301,894,712,5,717,27
2020-05-30,Sutter,101,95872,49,40,0,40,2
2020-05-30,Tehama,103,63373,10,4,1,5,1
2020-05-30,Trinity,105,12862,7,1,2,3,0
2020-05-30,Tulare,107,460477,2593,1879,10,1889,81
2020-05-30,Tuolumne,109,53932,4,4,0,4,0
2020-05-30,Ventura,111,848112,1628,1116,11,1127,30
2020-05-30,Yolo,113,214977,231,210,0,210,24
2020-05-30,Yuba,115,75493,30,25,0,25,1
2020-05-29,Alameda,001,1643700,3810,3209,6,3215,96
2020-05-29,Alpine,003,1148,1,1,0,1,0
2020-05-29,Amador,005,37829,9,10,0,10,0
2020-05-29,Butte,007,227075,72,41,2,43,0
2020-05-29,Calaveras,009,45235,14,15,0,15,0
2020-05-29,Colusa,011,21464,8,5,0,5,0
2020-05-29,Contra Costa,013,1133247,1678,1411,1,1412,37
2020-05-29,Del Norte,015,27424,45,37,0,37,0
2020-05-29,El Dorado,017,186661,116,85,0,85,0
2020-05-29,Fresno,019,978130,3257,1687,43,1730,31
2020-05-29,Glenn,021,27897,19,14,0,14,0
2020-05-29,Humboldt,023,135768,110,98,0,98,2
2020-05-29,Imperial,025,180216,3603,1607,4,1611,14
2020-05-29,Inyo,027,18085,20,20,0,20,1
2020-05-29,Kern,029,883053,2794,2128,6,2134,36
2020-05-29,Kings,031,150075,1238,693,4,697,3
2020-05-29,Lake,033,64148,30,17,0,17,0
2020-05-29,Lassen,035,31185,10,0,2,2,0
2020-05-29,Los Angeles,037,10098052,60871,51578,22,51600,2273
2020-05-29,Madera,039,155013,250,98,1,99,2
2020-05-29,Marin,041,260295,521,448,2,450,14
2020-05-29,Mariposa,043,17540,16,16,0,16,1
2020-05-29,Mendocino,045,87422,31,25,0,25,0
2020-05-29,Merced,047,269075,390,285,0,285,7
2020-05-29,Modoc,049,8938,0,0,0,0,0
2020-05-29,Mono,051,14174,38,34,0,34,1
2020-05-29,Monterey,053,433212,674,479,2,481,10
2020-05-29,Napa,055,140530,144,113,0,113,3
2020-05-29,Nevada,057,99092,50,41,1,42,1
2020-05-29,Orange,059,3164182,8923,6176,61,6237,133
2020-05-29,Placer,061,380077,261,199,1,200,9
2020-05-29,Plumas,063,18699,4,4,0,4,0
2020-05-29,Riverside,065,2383286,9524,7376,20,7396,313
2020-05-29,Sacramento,067,1510023,1496,1360,2,1362,57
2020-05-29,San Benito,069,59416,97,84,0,84,2
2020-05-29,San Bernardino,071,2135413,6233,4983,5,4988,196
2020-05-29,San Diego,073,3302833,8423,7242,0,7242,266
2020-05-29,San Francisco,075,870044,2667,2453,0,2453,41
2020-05-29,San Joaquin,077,732212,1113,855,4,859,34
2020-05-29,San Luis Obispo,079,281455,355,270,4,274,1
2020-05-29,San Mateo,081,765935,2365,2103,4,2107,71
2020-05-29,Santa Barbara,083,443738,1836,1656,13,1669,9
2020-05-29,Santa Clara,085,1922200,3438,2707,12,2719,141
2020-05-29,Santa Cruz,087,273765,226,203,0,203,2
2020-05-29,Shasta,089,179085,60,36,0,36,4
2020-05-29,Sierra,091,2930,1,1,0,1,0
2020-05-29,Siskiyou,093,43540,11,7,0,7,0
2020-05-29,Solano,095,438530,618,498,1,499,6
2020-05-29,Sonoma,097,501317,619,537,1,538,4
2020-05-29,Stanislaus,099,539301,864,698,5,703,27
2020-05-29,Sutter,101,95872,47,40,0,40,2
2020-05-29,Tehama,103,63373,9,4,1,5,1
2020-05-29,Trinity,105,12862,7,1,2,3,0
2020-05-29,Tulare,107,460477,2555,1852,10,1862,80
2020-05-29,Tuolumne,109,53932,4,4,0,4,0
2020-05-29,Ventura,111,848112,1604,1093,11,1104,29
2020-05-29,Yolo,113,214977,227,211,0,211,24
2020-05-29,Yuba,115,75493,29,25,0,25,1
2020-05-28,Alameda,001,1643700,3710,3083,6,3089,94
2020-05-28,Alpine,003,1148,1,1,0,1,0
2020-05-28,Amador,005,37829,9,10,0,10,0
2020-05-28,Butte,007,227075,71,40,2,42,0
2020-05-28,Calaveras,009,45235,13,15,0,15,0
2020-05-28,Colusa,011,21464,8,5,0,5,0
2020-05-28,Contra Costa,013,1133247,1639,1392,1,1393,37
2020-05-28,Del Norte,015,27424,45,37,0,37,0
2020-05-28,El Dorado,017,186661,113,82,0,82,0
2020-05-28,Fresno,019,978130,3176,1653,42,1695,31
2020-05-28,Glenn,021,27897,18,14,0,14,0
2020-05-28,Humboldt,023,135768,109,97,0,97,2
2020-05-28,Imperial,025,180216,3408,1430,4,1434,14
2020-05-28,Inyo,027,18085,20,20,0,20,1
2020-05-28,Kern,029,883053,2716,2069,6,2075,36
2020-05-28,Kings,031,150075,901,626,4,630,3
2020-05-28,Lake,033,64148,29,17,0,17,0
2020-05-28,Lassen,035,31185,10,0,2,2,0
2020-05-28,Los Angeles,037,10098052,59292,49861,22,49883,2222
2020-05-28,Madera,039,155013,232,93,1,94,2
2020-05-28,Marin,041,260295,496,443,2,445,14
2020-05-28,Mariposa,043,17540,16,16,0,16,1
2020-05-28,Mendocino,045,87422,29,24,0,24,0
2020-05-28,Merced,047,269075,381,283,0,283,7
2020-05-28,Modoc,049,8938,0,0,0,0,0
2020-05-28,Mono,051,14174,38,34,0,34,1
2020-05-28,Monterey,053,433212,642,471,2,473,10
2020-05-28,Napa,055,140530,141,113,0,113,3
2020-05-28,Nevada,057,99092,45,41,1,42,1
2020-05-28,Orange,059,3164182,8727,6045,61,6106,130
2020-05-28,Placer,061,380077,254,196,1,197,9
2020-05-28,Plumas,063,18699,4,4,0,4,0
2020-05-28,Riverside,065,2383286,9121,7240,19,7259,304
2020-05-28,Sacramento,067,1510023,1476,1339,2,1341,57
2020-05-28,San Benito,069,59416,96,82,0,82,2
2020-05-28,San Bernardino,071,2135413,6068,4831,5,4836,191
2020-05-28,San Diego,073,3302833,8266,7102,0,7102,260
2020-05-28,San Francisco,075,870044,2633,2417,0,2417,40
2020-05-28,San Joaquin,077,732212,1078,840,4,844,34
2020-05-28,San Luis Obispo,079,281455,352,267,4,271,1
2020-05-28,San Mateo,081,765935,2338,2070,4,2074,71
2020-05-28,Santa Barbara,083,443738,1800,1642,12,1654,9
2020-05-28,Santa Clara,085,1922200,3398,2698,12,2710,140
2020-05-28,Santa Cruz,087,273765,225,201,0,201,2
2020-05-28,Shasta,089,179085,58,36,0,36,4
2020-05-28,Sierra,091,2930,1,1,0,1,0
2020-05-28,Siskiyou,093,43540,9,6,0,6,0
2020-05-28,Solano,095,438530,601,489,1,490,6
2020-05-28,Sonoma,097,501317,597,529,1,530,4
2020-05-28,Stanislaus,099,539301,823,684,5,689,27
2020-05-28,Sutter,101,95872,47,40,0,40,2
2020-05-28,Tehama,103,63373,9,4,1,5,1
2020-05-28,Trinity,105,12862,6,1,2,3,0
2020-05-28,Tulare,107,460477,2519,1832,10,1842,79
2020-05-28,Tuolumne,109,53932,4,4,0,4,0
2020-05-28,Ventura,111,848112,1571,1083,11,1094,29
2020-05-28,Yolo,113,214977,224,206,0,206,22
2020-05-28,Yuba,115,75493,28,24,0,24,1
2020-05-27,Alameda,001,1643700,3626,3037,6,3043,94
2020-05-27,Alpine,003,1148,1,1,0,1,0
2020-05-27,Amador,005,37829,9,10,0,10,0
2020-05-27,Butte,007,227075,68,40,1,41,0
2020-05-27,Calaveras,009,45235,12,15,0,15,0
2020-05-27,Colusa,011,21464,8,5,0,5,0
2020-05-27,Contra Costa,013,1133247,1599,1373,1,1374,37
2020-05-27,Del Norte,015,27424,45,34,0,34,0
2020-05-27,El Dorado,017,186661,112,82,0,82,0
2020-05-27,Fresno,019,978130,3088,1620,42,1662,27
2020-05-27,Glenn,021,27897,18,14,0,14,0
2020-05-27,Humboldt,023,135768,109,86,0,86,2
2020-05-27,Imperial,025,180216,3227,1369,4,1373,14
2020-05-27,Inyo,027,18085,20,20,0,20,1
2020-05-27,Kern,029,883053,2651,1999,6,2005,37
2020-05-27,Kings,031,150075,874,586,4,590,3
2020-05-27,Lake,033,64148,29,13,0,13,0
2020-05-27,Lassen,035,31185,10,0,2,2,0
2020-05-27,Los Angeles,037,10098052,57917,48711,22,48733,2177
2020-05-27,Madera,039,155013,223,91,1,92,2
2020-05-27,Marin,041,260295,467,439,2,441,14
2020-05-27,Mariposa,043,17540,16,16,0,16,1
2020-05-27,Mendocino,045,87422,28,21,0,21,0
2020-05-27,Merced,047,269075,377,278,0,278,7
2020-05-27,Modoc,049,8938,0,0,0,0,0
2020-05-27,Mono,051,14174,38,34,0,34,1
2020-05-27,Monterey,053,433212,602,443,2,445,8
2020-05-27,Napa,055,140530,136,112,0,112,3
2020-05-27,Nevada,057,99092,44,41,1,42,1
2020-05-27,Orange,059,3164182,8572,5849,61,5910,121
2020-05-27,Placer,061,380077,235,196,0,196,9
2020-05-27,Plumas,063,18699,4,4,0,4,0
2020-05-27,Riverside,065,2383286,8742,7156,19,7175,299
2020-05-27,Sacramento,067,1510023,1448,1318,2,1320,50
2020-05-27,San Benito,069,59416,93,74,0,74,2
2020-05-27,San Bernardino,071,2135413,5884,4708,5,4713,183
2020-05-27,San Diego,073,3302833,8115,6985,0,6985,255
2020-05-27,San Francisco,075,870044,2604,2394,0,2394,40
2020-05-27,San Joaquin,077,732212,1037,825,4,829,34
2020-05-27,San Luis Obispo,079,281455,347,266,4,270,1
2020-05-27,San Mateo,081,765935,2298,2045,4,2049,71
2020-05-27,Santa Barbara,083,443738,1782,1629,12,1641,9
2020-05-27,Santa Clara,085,1922200,3365,2680,12,2692,140
2020-05-27,Santa Cruz,087,273765,221,202,0,202,2
2020-05-27,Shasta,089,179085,55,36,0,36,4
2020-05-27,Sierra,091,2930,1,1,0,1,0
2020-05-27,Siskiyou,093,43540,9,6,0,6,0
2020-05-27,Solano,095,438530,581,477,1,478,5
2020-05-27,Sonoma,097,501317,583,521,1,522,4
2020-05-27,Stanislaus,099,539301,798,675,5,680,27
2020-05-27,Sutter,101,95872,46,40,0,40,2
2020-05-27,Tehama,103,63373,9,3,1,4,1
2020-05-27,Trinity,105,12862,6,1,2,3,0
2020-05-27,Tulare,107,460477,2467,1817,10,1827,77
2020-05-27,Tuolumne,109,53932,4,4,0,4,0
2020-05-27,Ventura,111,848112,1546,1065,11,1076,28
2020-05-27,Yolo,113,214977,223,204,0,204,22
2020-05-27,Yuba,115,75493,28,24,0,24,1
2020-05-26,Alameda,001,1643700,3531,2956,6,2962,92
2020-05-26,Alpine,003,1148,1,1,0,1,0
2020-05-26,Amador,005,37829,9,10,0,10,0
2020-05-26,Butte,007,227075,66,37,1,38,0
2020-05-26,Calaveras,009,45235,12,13,0,13,0
2020-05-26,Colusa,011,21464,8,4,0,4,0
2020-05-26,Contra Costa,013,1133247,1564,1352,1,1353,37
2020-05-26,Del Norte,015,27424,44,30,0,30,0
2020-05-26,El Dorado,017,186661,108,79,0,79,0
2020-05-26,Fresno,019,978130,3001,1496,42,1538,22
2020-05-26,Glenn,021,27897,16,12,0,12,0
2020-05-26,Humboldt,023,135768,107,81,0,81,2
2020-05-26,Imperial,025,180216,3011,1369,4,1373,14
2020-05-26,Inyo,027,18085,20,20,0,20,1
2020-05-26,Kern,029,883053,2573,1890,6,1896,31
2020-05-26,Kings,031,150075,806,449,3,452,2
2020-05-26,Lake,033,64148,27,12,0,12,0
2020-05-26,Lassen,035,31185,9,0,2,2,0
2020-05-26,Los Angeles,037,10098052,56450,47760,22,47782,2121
2020-05-26,Madera,039,155013,207,83,1,84,2
2020-05-26,Marin,041,260295,455,424,2,426,14
2020-05-26,Mariposa,043,17540,16,16,0,16,1
2020-05-26,Mendocino,045,87422,26,20,0,20,0
2020-05-26,Merced,047,269075,363,266,0,266,7
2020-05-26,Modoc,049,8938,0,1,0,1,0
2020-05-26,Mono,051,14174,37,34,0,34,1
2020-05-26,Monterey,053,433212,574,424,1,425,8
2020-05-26,Napa,055,140530,131,109,0,109,3
2020-05-26,Nevada,057,99092,43,41,1,42,1
2020-05-26,Orange,059,3164182,8302,5651,60,5711,115
2020-05-26,Placer,061,380077,230,188,0,188,9
2020-05-26,Plumas,063,18699,4,4,0,4,0
2020-05-26,Riverside,065,2383286,8295,6917,19,6936,284
2020-05-26,Sacramento,067,1510023,1422,1298,2,1300,50
2020-05-26,San Benito,069,59416,88,69,0,69,2
2020-05-26,San Bernardino,071,2135413,5716,4430,5,4435,175
2020-05-26,San Diego,073,3302833,7972,6884,0,6884,249
2020-05-26,San Francisco,075,870044,2571,2363,0,2363,40
2020-05-26,San Joaquin,077,732212,990,760,4,764,33
2020-05-26,San Luis Obispo,079,281455,345,260,4,264,1
2020-05-26,San Mateo,081,765935,2260,1967,3,1970,71
2020-05-26,Santa Barbara,083,443738,1762,1590,11,1601,9
2020-05-26,Santa Clara,085,1922200,3332,2659,12,2671,139
2020-05-26,Santa Cruz,087,273765,219,197,0,197,2
2020-05-26,Shasta,089,179085,55,36,0,36,4
2020-05-26,Sierra,091,2930,1,1,0,1,0
2020-05-26,Siskiyou,093,43540,8,6,0,6,0
2020-05-26,Solano,095,438530,563,470,1,471,5
2020-05-26,Sonoma,097,501317,575,509,0,509,4
2020-05-26,Stanislaus,099,539301,777,663,5,668,27
2020-05-26,Sutter,101,95872,45,39,0,39,2
2020-05-26,Tehama,103,63373,8,2,1,3,1
2020-05-26,Trinity,105,12862,6,1,2,3,0
2020-05-26,Tulare,107,460477,2411,1768,10,1778,76
2020-05-26,Tuolumne,109,53932,4,2,0,2,0
2020-05-26,Ventura,111,848112,1509,1033,8,1041,27
2020-05-26,Yolo,113,214977,217,198,0,198,22
2020-05-26,Yuba,115,75493,27,24,0,24,1
2020-05-25,Alameda,001,1643700,3438,2900,5,2905,92
2020-05-25,Alpine,003,1148,1,1,0,1,0
2020-05-25,Amador,005,37829,9,10,0,10,0
2020-05-25,Butte,007,227075,63,37,1,38,0
2020-05-25,Calaveras,009,45235,12,13,0,13,0
2020-05-25,Colusa,011,21464,7,4,0,4,0
2020-05-25,Contra Costa,013,1133247,1531,1348,1,1349,37
2020-05-25,Del Norte,015,27424,44,20,0,20,0
2020-05-25,El Dorado,017,186661,100,78,0,78,0
2020-05-25,Fresno,019,978130,2897,1496,40,1536,22
2020-05-25,Glenn,021,27897,16,12,0,12,0
2020-05-25,Humboldt,023,135768,106,81,0,81,2
2020-05-25,Imperial,025,180216,2800,1369,4,1373,14
2020-05-25,Inyo,027,18085,19,20,0,20,1
2020-05-25,Kern,029,883053,2502,1890,6,1896,31
2020-05-25,Kings,031,150075,776,447,3,450,2
2020-05-25,Lake,033,64148,25,13,0,13,0
2020-05-25,Lassen,035,31185,9,0,2,2,0
2020-05-25,Los Angeles,037,10098052,54639,45952,21,45973,2094
2020-05-25,Madera,039,155013,194,83,1,84,2
2020-05-25,Marin,041,260295,437,415,2,417,14
2020-05-25,Mariposa,043,17540,16,15,0,15,1
2020-05-25,Mendocino,045,87422,23,19,0,19,0
2020-05-25,Merced,047,269075,356,262,0,262,6
2020-05-25,Modoc,049,8938,0,1,0,1,0
2020-05-25,Mono,051,14174,37,34,0,34,1
2020-05-25,Monterey,053,433212,544,418,1,419,8
2020-05-25,Napa,055,140530,131,107,0,107,3
2020-05-25,Nevada,057,99092,43,41,1,42,1
2020-05-25,Orange,059,3164182,8080,5601,59,5660,115
2020-05-25,Placer,061,380077,226,186,0,186,9
2020-05-25,Plumas,063,18699,4,4,0,4,0
2020-05-25,Riverside,065,2383286,8064,6900,19,6919,284
2020-05-25,Sacramento,067,1510023,1402,1290,1,1291,50
2020-05-25,San Benito,069,59416,87,70,0,70,2
2020-05-25,San Bernardino,071,2135413,5526,4393,4,4397,175
2020-05-25,San Diego,073,3302833,7796,6799,0,6799,249
2020-05-25,San Francisco,075,870044,2534,2358,0,2358,40
2020-05-25,San Joaquin,077,732212,964,760,4,764,33
2020-05-25,San Luis Obispo,079,281455,342,260,4,264,1
2020-05-25,San Mateo,081,765935,2224,1938,3,1941,71
2020-05-25,Santa Barbara,083,443738,1752,1590,11,1601,9
2020-05-25,Santa Clara,085,1922200,3299,2647,12,2659,139
2020-05-25,Santa Cruz,087,273765,217,191,0,191,2
2020-05-25,Shasta,089,179085,54,36,0,36,4
2020-05-25,Sierra,091,2930,1,1,0,1,0
2020-05-25,Siskiyou,093,43540,8,6,0,6,0
2020-05-25,Solano,095,438530,549,437,1,438,5
2020-05-25,Sonoma,097,501317,563,496,0,496,4
2020-05-25,Stanislaus,099,539301,747,651,5,656,27
2020-05-25,Sutter,101,95872,45,38,0,38,2
2020-05-25,Tehama,103,63373,7,2,1,3,1
2020-05-25,Trinity,105,12862,6,1,2,3,0
2020-05-25,Tulare,107,460477,2347,1747,10,1757,76
2020-05-25,Tuolumne,109,53932,4,2,0,2,0
2020-05-25,Ventura,111,848112,1468,1020,8,1028,27
2020-05-25,Yolo,113,214977,215,197,0,197,22
2020-05-25,Yuba,115,75493,26,24,0,24,1
2020-05-24,Alameda,001,1643700,3365,2830,5,2835,92
2020-05-24,Alpine,003,1148,1,1,0,1,0
2020-05-24,Amador,005,37829,9,9,0,9,0
2020-05-24,Butte,007,227075,61,35,1,36,0
2020-05-24,Calaveras,009,45235,12,13,0,13,0
2020-05-24,Colusa,011,21464,7,4,0,4,0
2020-05-24,Contra Costa,013,1133247,1503,1325,1,1326,37
2020-05-24,Del Norte,015,27424,43,16,0,16,0
2020-05-24,El Dorado,017,186661,99,76,0,76,0
2020-05-24,Fresno,019,978130,2830,1455,39,1494,22
2020-05-24,Glenn,021,27897,15,12,0,12,0
2020-05-24,Humboldt,023,135768,106,81,0,81,2
2020-05-24,Imperial,025,180216,2674,1369,4,1373,14
2020-05-24,Inyo,027,18085,19,20,0,20,1
2020-05-24,Kern,029,883053,2429,1861,5,1866,31
2020-05-24,Kings,031,150075,765,446,3,449,2
2020-05-24,Lake,033,64148,24,12,0,12,0
2020-05-24,Lassen,035,31185,8,0,2,2,0
2020-05-24,Los Angeles,037,10098052,53625,44954,21,44975,2085
2020-05-24,Madera,039,155013,188,83,1,84,2
2020-05-24,Marin,041,260295,435,401,2,403,14
2020-05-24,Mariposa,043,17540,16,15,0,15,1
2020-05-24,Mendocino,045,87422,22,19,0,19,0
2020-05-24,Merced,047,269075,355,258,0,258,6
2020-05-24,Modoc,049,8938,0,0,0,0,0
2020-05-24,Mono,051,14174,37,34,0,34,1
2020-05-24,Monterey,053,433212,516,405,1,406,8
2020-05-24,Napa,055,140530,129,104,0,104,3
2020-05-24,Nevada,057,99092,43,41,1,42,1
2020-05-24,Orange,059,3164182,7926,5439,58,5497,113
2020-05-24,Placer,061,380077,218,184,0,184,9
2020-05-24,Plumas,063,18699,4,4,0,4,0
2020-05-24,Riverside,065,2383286,7923,6571,19,6590,284
2020-05-24,Sacramento,067,1510023,1386,1283,1,1284,50
2020-05-24,San Benito,069,59416,86,67,0,67,2
2020-05-24,San Bernardino,071,2135413,5418,4262,4,4266,175
2020-05-24,San Diego,073,3302833,7653,6703,0,6703,249
2020-05-24,San Francisco,075,870044,2510,2318,0,2318,40
2020-05-24,San Joaquin,077,732212,945,760,4,764,33
2020-05-24,San Luis Obispo,079,281455,340,257,4,261,1
2020-05-24,San Mateo,081,765935,2189,1925,3,1928,71
2020-05-24,Santa Barbara,083,443738,1739,1573,11,1584,9
2020-05-24,Santa Clara,085,1922200,3279,2623,12,2635,139
2020-05-24,Santa Cruz,087,273765,214,185,0,185,2
2020-05-24,Shasta,089,179085,53,36,0,36,4
2020-05-24,Sierra,091,2930,1,1,0,1,0
2020-05-24,Siskiyou,093,43540,7,6,0,6,0
2020-05-24,Solano,095,438530,541,436,0,436,5
2020-05-24,Sonoma,097,501317,552,485,0,485,4
2020-05-24,Stanislaus,099,539301,727,634,5,639,27
2020-05-24,Sutter,101,95872,45,38,0,38,2
2020-05-24,Tehama,103,63373,5,2,1,3,1
2020-05-24,Trinity,105,12862,6,1,2,3,0
2020-05-24,Tulare,107,460477,2301,1684,10,1694,74
2020-05-24,Tuolumne,109,53932,4,2,0,2,0
2020-05-24,Ventura,111,848112,1456,982,8,990,27
2020-05-24,Yolo,113,214977,213,192,0,192,22
2020-05-24,Yuba,115,75493,26,24,0,24,1
2020-05-23,Alameda,001,1643700,3324,2783,5,2788,91
2020-05-23,Alpine,003,1148,1,1,0,1,0
2020-05-23,Amador,005,37829,9,9,0,9,0
2020-05-23,Butte,007,227075,60,34,1,35,0
2020-05-23,Calaveras,009,45235,12,13,0,13,0
2020-05-23,Colusa,011,21464,7,4,0,4,0
2020-05-23,Contra Costa,013,1133247,1492,1302,1,1303,36
2020-05-23,Del Norte,015,27424,43,10,0,10,0
2020-05-23,El Dorado,017,186661,99,74,0,74,0
2020-05-23,Fresno,019,978130,2810,1447,39,1486,21
2020-05-23,Glenn,021,27897,15,12,0,12,0
2020-05-23,Humboldt,023,135768,104,80,0,80,2
2020-05-23,Imperial,025,180216,2586,1283,4,1287,14
2020-05-23,Inyo,027,18085,19,20,0,20,1
2020-05-23,Kern,029,883053,2386,1806,5,1811,31
2020-05-23,Kings,031,150075,761,444,3,447,2
2020-05-23,Lake,033,64148,23,10,0,10,0
2020-05-23,Lassen,035,31185,8,0,2,2,0
2020-05-23,Los Angeles,037,10098052,53084,44029,21,44050,2069
2020-05-23,Madera,039,155013,184,83,1,84,2
2020-05-23,Marin,041,260295,435,393,1,394,14
2020-05-23,Mariposa,043,17540,16,15,0,15,1
2020-05-23,Mendocino,045,87422,22,13,0,13,0
2020-05-23,Merced,047,269075,352,247,0,247,6
2020-05-23,Modoc,049,8938,0,0,0,0,0
2020-05-23,Mono,051,14174,36,34,0,34,1
2020-05-23,Monterey,053,433212,502,397,1,398,8
2020-05-23,Napa,055,140530,125,101,0,101,3
2020-05-23,Nevada,057,99092,43,41,1,42,1
2020-05-23,Orange,059,3164182,7767,5313,57,5370,113
2020-05-23,Placer,061,380077,212,184,0,184,9
2020-05-23,Plumas,063,18699,4,4,0,4,0
2020-05-23,Riverside,065,2383286,7832,6460,19,6479,284
2020-05-23,Sacramento,067,1510023,1370,1275,1,1276,50
2020-05-23,San Benito,069,59416,81,67,0,67,2
2020-05-23,San Bernardino,071,2135413,5324,4172,4,4176,175
2020-05-23,San Diego,073,3302833,7562,6561,0,6561,249
2020-05-23,San Francisco,075,870044,2491,2312,0,2312,40
2020-05-23,San Joaquin,077,732212,930,759,4,763,33
2020-05-23,San Luis Obispo,079,281455,336,256,4,260,1
2020-05-23,San Mateo,081,765935,2161,1862,3,1865,71
2020-05-23,Santa Barbara,083,443738,1730,1566,11,1577,9
2020-05-23,Santa Clara,085,1922200,3265,2593,11,2604,139
2020-05-23,Santa Cruz,087,273765,212,177,0,177,2
2020-05-23,Shasta,089,179085,53,35,0,35,4
2020-05-23,Sierra,091,2930,1,1,0,1,0
2020-05-23,Siskiyou,093,43540,7,6,0,6,0
2020-05-23,Solano,095,438530,536,435,0,435,5
2020-05-23,Sonoma,097,501317,538,462,0,462,4
2020-05-23,Stanislaus,099,539301,719,625,5,630,27
2020-05-23,Sutter,101,95872,44,38,0,38,2
2020-05-23,Tehama,103,63373,5,2,1,3,1
2020-05-23,Trinity,105,12862,6,1,2,3,0
2020-05-23,Tulare,107,460477,2280,1682,10,1692,73
2020-05-23,Tuolumne,109,53932,4,2,0,2,0
2020-05-23,Ventura,111,848112,1436,961,8,969,27
2020-05-23,Yolo,113,214977,212,188,0,188,22
2020-05-23,Yuba,115,75493,26,24,0,24,1
2020-05-22,Alameda,001,1643700,3270,2722,5,2727,91
2020-05-22,Alpine,003,1148,1,1,0,1,0
2020-05-22,Amador,005,37829,9,9,0,9,0
2020-05-22,Butte,007,227075,58,34,1,35,0
2020-05-22,Calaveras,009,45235,12,13,0,13,0
2020-05-22,Colusa,011,21464,7,4,0,4,0
2020-05-22,Contra Costa,013,1133247,1480,1272,1,1273,36
2020-05-22,Del Norte,015,27424,41,9,0,9,0
2020-05-22,El Dorado,017,186661,96,74,0,74,0
2020-05-22,Fresno,019,978130,2751,1399,38,1437,20
2020-05-22,Glenn,021,27897,15,12,0,12,0
2020-05-22,Humboldt,023,135768,104,80,0,80,2
2020-05-22,Imperial,025,180216,2486,1214,4,1218,14
2020-05-22,Inyo,027,18085,19,20,0,20,1
2020-05-22,Kern,029,883053,2337,1749,5,1754,28
2020-05-22,Kings,031,150075,758,428,3,431,2
2020-05-22,Lake,033,64148,22,10,0,10,0
2020-05-22,Lassen,035,31185,6,0,2,2,0
2020-05-22,Los Angeles,037,10098052,52292,43025,21,43046,2027
2020-05-22,Madera,039,155013,180,82,1,83,2
2020-05-22,Marin,041,260295,431,372,1,373,14
2020-05-22,Mariposa,043,17540,16,15,0,15,1
2020-05-22,Mendocino,045,87422,21,13,0,13,0
2020-05-22,Merced,047,269075,352,233,0,233,6
2020-05-22,Modoc,049,8938,0,0,0,0,0
2020-05-22,Mono,051,14174,36,34,0,34,1
2020-05-22,Monterey,053,433212,491,372,1,373,8
2020-05-22,Napa,055,140530,123,97,0,97,3
2020-05-22,Nevada,057,99092,42,41,1,42,1
2020-05-22,Orange,059,3164182,7570,5144,55,5199,113
2020-05-22,Placer,061,380077,212,181,0,181,9
2020-05-22,Plumas,063,18699,4,4,0,4,0
2020-05-22,Riverside,065,2383286,7717,6351,19,6370,283
2020-05-22,Sacramento,067,1510023,1354,1262,1,1263,50
2020-05-22,San Benito,069,59416,80,64,0,64,2
2020-05-22,San Bernardino,071,2135413,5249,4107,4,4111,173
2020-05-22,San Diego,073,3302833,7476,6436,0,6436,242
2020-05-22,San Francisco,075,870044,2473,2251,0,2251,40
2020-05-22,San Joaquin,077,732212,917,747,4,751,33
2020-05-22,San Luis Obispo,079,281455,336,254,4,258,1
2020-05-22,San Mateo,081,765935,2142,1847,3,1850,71
2020-05-22,Santa Barbara,083,443738,1720,1554,11,1565,9
2020-05-22,Santa Clara,085,1922200,3244,2537,11,2548,139
2020-05-22,Santa Cruz,087,273765,209,171,0,171,2
2020-05-22,Shasta,089,179085,53,34,0,34,4
2020-05-22,Sierra,091,2930,1,0,0,0,0
2020-05-22,Siskiyou,093,43540,7,6,0,6,0
2020-05-22,Solano,095,438530,533,431,0,431,4
2020-05-22,Sonoma,097,501317,534,444,0,444,4
2020-05-22,Stanislaus,099,539301,709,616,5,621,27
2020-05-22,Sutter,101,95872,44,38,0,38,2
2020-05-22,Tehama,103,63373,5,2,0,2,1
2020-05-22,Trinity,105,12862,6,1,2,3,0
2020-05-22,Tulare,107,460477,2250,1662,10,1672,73
2020-05-22,Tuolumne,109,53932,4,2,0,2,0
2020-05-22,Ventura,111,848112,1418,937,8,945,27
2020-05-22,Yolo,113,214977,210,187,0,187,22
2020-05-22,Yuba,115,75493,26,24,0,24,1
2020-05-21,Alameda,001,1643700,3205,2606,5,2611,89
2020-05-21,Alpine,003,1148,1,1,0,1,0
2020-05-21,Amador,005,37829,9,9,0,9,0
2020-05-21,Butte,007,227075,57,31,1,32,0
2020-05-21,Calaveras,009,45235,11,13,0,13,0
2020-05-21,Colusa,011,21464,7,4,0,4,0
2020-05-21,Contra Costa,013,1133247,1444,1243,1,1244,36
2020-05-21,Del Norte,015,27424,38,9,0,9,0
2020-05-21,El Dorado,017,186661,94,67,0,67,0
2020-05-21,Fresno,019,978130,2659,1362,38,1400,20
2020-05-21,Glenn,021,27897,14,12,0,12,0
2020-05-21,Humboldt,023,135768,103,79,0,79,0
2020-05-21,Imperial,025,180216,2327,1096,4,1100,14
2020-05-21,Inyo,027,18085,19,20,0,20,1
2020-05-21,Kern,029,883053,2261,1684,4,1688,27
2020-05-21,Kings,031,150075,737,417,2,419,2
2020-05-21,Lake,033,64148,17,10,0,10,0
2020-05-21,Lassen,035,31185,6,0,2,2,0
2020-05-21,Los Angeles,037,10098052,51258,42063,21,42084,1996
2020-05-21,Madera,039,155013,177,82,1,83,2
2020-05-21,Marin,041,260295,420,359,1,360,14
2020-05-21,Mariposa,043,17540,16,15,0,15,1
2020-05-21,Mendocino,045,87422,21,12,0,12,0
2020-05-21,Merced,047,269075,341,226,0,226,6
2020-05-21,Modoc,049,8938,0,0,0,0,0
2020-05-21,Mono,051,14174,36,33,0,33,1
2020-05-21,Monterey,053,433212,480,363,1,364,8
2020-05-21,Napa,055,140530,121,96,0,96,3
2020-05-21,Nevada,057,99092,42,41,1,42,1
2020-05-21,Orange,059,3164182,7367,4975,54,5029,106
2020-05-21,Placer,061,380077,205,176,0,176,8
2020-05-21,Plumas,063,18699,4,4,0,4,0
2020-05-21,Riverside,065,2383286,7530,6245,19,6264,279
2020-05-21,Sacramento,067,1510023,1341,1258,1,1259,56
2020-05-21,San Benito,069,59416,77,61,0,61,2
2020-05-21,San Bernardino,071,2135413,5102,3950,4,3954,167
2020-05-21,San Diego,073,3302833,7340,6317,0,6317,241
2020-05-21,San Francisco,075,870044,2449,2248,0,2248,37
2020-05-21,San Joaquin,077,732212,881,730,4,734,33
2020-05-21,San Luis Obispo,079,281455,336,251,3,254,1
2020-05-21,San Mateo,081,765935,2105,1791,3,1794,74
2020-05-21,Santa Barbara,083,443738,1702,1541,11,1552,10
2020-05-21,Santa Clara,085,1922200,3222,2520,11,2531,138
2020-05-21,Santa Cruz,087,273765,201,164,0,164,3
2020-05-21,Shasta,089,179085,51,34,0,34,4
2020-05-21,Sierra,091,2930,1,0,0,0,0
2020-05-21,Siskiyou,093,43540,7,6,0,6,0
2020-05-21,Solano,095,438530,524,424,0,424,4
2020-05-21,Sonoma,097,501317,516,427,0,427,4
2020-05-21,Stanislaus,099,539301,698,602,5,607,27
2020-05-21,Sutter,101,95872,43,38,0,38,2
2020-05-21,Tehama,103,63373,4,2,0,2,1
2020-05-21,Trinity,105,12862,5,1,2,3,0
2020-05-21,Tulare,107,460477,2200,1606,8,1614,73
2020-05-21,Tuolumne,109,53932,2,2,0,2,0
2020-05-21,Ventura,111,848112,1369,907,8,915,30
2020-05-21,Yolo,113,214977,207,185,0,185,22
2020-05-21,Yuba,115,75493,26,24,0,24,1
2020-05-20,Alameda,001,1643700,3132,2554,5,2559,89
2020-05-20,Alpine,003,1148,1,1,0,1,0
2020-05-20,Amador,005,37829,9,9,0,9,0
2020-05-20,Butte,007,227075,54,30,1,31,0
2020-05-20,Calaveras,009,45235,11,13,0,13,0
2020-05-20,Colusa,011,21464,7,3,0,3,0
2020-05-20,Contra Costa,013,1133247,1414,1223,1,1224,33
2020-05-20,Del Norte,015,27424,31,9,0,9,0
2020-05-20,El Dorado,017,186661,93,67,0,67,0
2020-05-20,Fresno,019,978130,2586,1329,37,1366,17
2020-05-20,Glenn,021,27897,13,12,0,12,0
2020-05-20,Humboldt,023,135768,100,73,0,73,0
2020-05-20,Imperial,025,180216,2214,1047,4,1051,14
2020-05-20,Inyo,027,18085,19,20,0,20,1
2020-05-20,Kern,029,883053,2198,1639,3,1642,27
2020-05-20,Kings,031,150075,593,403,2,405,2
2020-05-20,Lake,033,64148,17,9,0,9,0
2020-05-20,Lassen,035,31185,5,0,2,2,0
2020-05-20,Los Angeles,037,10098052,50264,40932,21,40953,1955
2020-05-20,Madera,039,155013,175,82,1,83,2
2020-05-20,Marin,041,260295,393,348,1,349,14
2020-05-20,Mariposa,043,17540,16,15,0,15,1
2020-05-20,Mendocino,045,87422,21,12,0,12,0
2020-05-20,Merced,047,269075,334,225,0,225,6
2020-05-20,Modoc,049,8938,0,0,0,0,0
2020-05-20,Mono,051,14174,36,33,0,33,1
2020-05-20,Monterey,053,433212,466,356,1,357,8
2020-05-20,Napa,055,140530,114,93,0,93,3
2020-05-20,Nevada,057,99092,42,41,1,42,1
2020-05-20,Orange,059,3164182,7159,4866,52,4918,96
2020-05-20,Placer,061,380077,203,176,0,176,8
2020-05-20,Plumas,063,18699,4,4,0,4,0
2020-05-20,Riverside,065,2383286,7387,6090,19,6109,265
2020-05-20,Sacramento,067,1510023,1331,1244,1,1245,56
2020-05-20,San Benito,069,59416,76,61,0,61,2
2020-05-20,San Bernardino,071,2135413,4975,3771,4,3775,161
2020-05-20,San Diego,073,3302833,7223,6142,0,6142,230
2020-05-20,San Francisco,075,870044,2426,2199,0,2199,37
2020-05-20,San Joaquin,077,732212,845,713,4,717,33
2020-05-20,San Luis Obispo,079,281455,330,249,3,252,1
2020-05-20,San Mateo,081,765935,2052,1739,3,1742,74
2020-05-20,Santa Barbara,083,443738,1680,1524,11,1535,10
2020-05-20,Santa Clara,085,1922200,3201,2508,10,2518,138
2020-05-20,Santa Cruz,087,273765,198,163,0,163,3
2020-05-20,Shasta,089,179085,51,34,0,34,4
2020-05-20,Sierra,091,2930,1,0,0,0,0
2020-05-20,Siskiyou,093,43540,7,6,0,6,0
2020-05-20,Solano,095,438530,519,418,0,418,4
2020-05-20,Sonoma,097,501317,507,411,0,411,4
2020-05-20,Stanislaus,099,539301,682,584,4,588,25
2020-05-20,Sutter,101,95872,43,38,0,38,2
2020-05-20,Tehama,103,63373,4,2,0,2,1
2020-05-20,Trinity,105,12862,4,1,1,2,0
2020-05-20,Tulare,107,460477,2159,1585,8,1593,71
2020-05-20,Tuolumne,109,53932,2,2,0,2,0
2020-05-20,Ventura,111,848112,1333,879,8,887,29
2020-05-20,Yolo,113,214977,204,184,0,184,22
2020-05-20,Yuba,115,75493,26,23,0,23,1
2020-05-19,Alameda,001,1643700,3055,2493,3,2496,88
2020-05-19,Alpine,003,1148,1,1,0,1,0
2020-05-19,Amador,005,37829,9,9,0,9,0
2020-05-19,Butte,007,227075,52,25,1,26,0
2020-05-19,Calaveras,009,45235,11,13,0,13,0
2020-05-19,Colusa,011,21464,5,3,0,3,0
2020-05-19,Contra Costa,013,1133247,1391,1205,1,1206,33
2020-05-19,Del Norte,015,27424,28,8,0,8,0
2020-05-19,El Dorado,017,186661,90,67,0,67,0
2020-05-19,Fresno,019,978130,2473,1288,36,1324,15
2020-05-19,Glenn,021,27897,13,12,0,12,0
2020-05-19,Humboldt,023,135768,100,72,0,72,0
2020-05-19,Imperial,025,180216,2052,1012,4,1016,14
2020-05-19,Inyo,027,18085,19,20,0,20,1
2020-05-19,Kern,029,883053,2100,1601,3,1604,26
2020-05-19,Kings,031,150075,582,393,2,395,2
2020-05-19,Lake,033,64148,14,11,0,11,0
2020-05-19,Lassen,035,31185,5,0,2,2,0
2020-05-19,Los Angeles,037,10098052,49058,39670,21,39691,1906
2020-05-19,Madera,039,155013,171,80,1,81,2
2020-05-19,Marin,041,260295,369,340,1,341,14
2020-05-19,Mariposa,043,17540,16,15,0,15,1
2020-05-19,Mendocino,045,87422,21,12,0,12,0
2020-05-19,Merced,047,269075,326,222,0,222,5
2020-05-19,Modoc,049,8938,0,0,0,0,0
2020-05-19,Mono,051,14174,36,33,0,33,1
2020-05-19,Monterey,053,433212,454,350,1,351,8
2020-05-19,Napa,055,140530,113,93,0,93,3
2020-05-19,Nevada,057,99092,42,41,1,42,1
2020-05-19,Orange,059,3164182,6965,4746,50,4796,90
2020-05-19,Placer,061,380077,201,177,0,177,8
2020-05-19,Plumas,063,18699,4,5,0,5,0
2020-05-19,Riverside,065,2383286,7227,5963,18,5981,265
2020-05-19,Sacramento,067,1510023,1317,1239,1,1240,57
2020-05-19,San Benito,069,59416,74,59,0,59,2
2020-05-19,San Bernardino,071,2135413,4825,3656,4,3660,158
2020-05-19,San Diego,073,3302833,7079,6028,0,6028,222
2020-05-19,San Francisco,075,870044,2392,2186,0,2186,37
2020-05-19,San Joaquin,077,732212,823,705,4,709,33
2020-05-19,San Luis Obispo,079,281455,329,245,3,248,1
2020-05-19,San Mateo,081,765935,2011,1704,3,1707,71
2020-05-19,Santa Barbara,083,443738,1664,1521,11,1532,10
2020-05-19,Santa Clara,085,1922200,3151,2480,10,2490,138
2020-05-19,Santa Cruz,087,273765,187,161,0,161,3
2020-05-19,Shasta,089,179085,51,34,0,34,4
2020-05-19,Sierra,091,2930,0,0,0,0,0
2020-05-19,Siskiyou,093,43540,7,6,0,6,0
2020-05-19,Solano,095,438530,505,415,0,415,4
2020-05-19,Sonoma,097,501317,496,389,0,389,4
2020-05-19,Stanislaus,099,539301,668,582,4,586,25
2020-05-19,Sutter,101,95872,43,38,0,38,2
2020-05-19,Tehama,103,63373,4,2,0,2,1
2020-05-19,Trinity,105,12862,3,1,0,1,0
2020-05-19,Tulare,107,460477,2111,1551,8,1559,68
2020-05-19,Tuolumne,109,53932,2,2,0,2,0
2020-05-19,Ventura,111,848112,1292,861,7,868,28
2020-05-19,Yolo,113,214977,202,183,0,183,22
2020-05-19,Yuba,115,75493,26,23,0,23,1
2020-05-18,Alameda,001,1643700,2982,2442,3,2445,84
2020-05-18,Alpine,003,1148,1,1,0,1,0
2020-05-18,Amador,005,37829,9,8,0,8,0
2020-05-18,Butte,007,227075,50,24,1,25,0
2020-05-18,Calaveras,009,45235,11,13,0,13,0
2020-05-18,Colusa,011,21464,5,3,0,3,0
2020-05-18,Contra Costa,013,1133247,1360,1173,1,1174,33
2020-05-18,Del Norte,015,27424,23,8,0,8,0
2020-05-18,El Dorado,017,186661,88,67,0,67,0
2020-05-18,Fresno,019,978130,2395,1244,35,1279,14
2020-05-18,Glenn,021,27897,13,11,0,11,0
2020-05-18,Humboldt,023,135768,100,70,0,70,0
2020-05-18,Imperial,025,180216,1899,767,4,771,14
2020-05-18,Inyo,027,18085,19,20,0,20,1
2020-05-18,Kern,029,883053,2051,1566,3,1569,26
2020-05-18,Kings,031,150075,551,381,2,383,2
2020-05-18,Lake,033,64148,13,9,0,9,0
2020-05-18,Lassen,035,31185,5,0,2,2,0
2020-05-18,Los Angeles,037,10098052,48037,38477,21,38498,1825
2020-05-18,Madera,039,155013,165,74,1,75,2
2020-05-18,Marin,041,260295,356,329,1,330,14
2020-05-18,Mariposa,043,17540,16,15,0,15,1
2020-05-18,Mendocino,045,87422,16,12,0,12,0
2020-05-18,Merced,047,269075,316,217,0,217,5
2020-05-18,Modoc,049,8938,0,0,0,0,0
2020-05-18,Mono,051,14174,36,33,0,33,1
2020-05-18,Monterey,053,433212,443,345,1,346,8
2020-05-18,Napa,055,140530,109,92,0,92,3
2020-05-18,Nevada,057,99092,42,41,1,42,1
2020-05-18,Orange,059,3164182,6776,4558,48,4606,88
2020-05-18,Placer,061,380077,199,176,0,176,8
2020-05-18,Plumas,063,18699,4,5,0,5,0
2020-05-18,Riverside,065,2383286,7027,5873,18,5891,253
2020-05-18,Sacramento,067,1510023,1311,1233,0,1233,57
2020-05-18,San Benito,069,59416,72,59,0,59,2
2020-05-18,San Bernardino,071,2135413,4678,3558,4,3562,156
2020-05-18,San Diego,073,3302833,6946,5948,0,5948,211
2020-05-18,San Francisco,075,870044,2369,2183,0,2183,36
2020-05-18,San Joaquin,077,732212,811,697,4,701,33
2020-05-18,San Luis Obispo,079,281455,325,243,3,246,1
2020-05-18,San Mateo,081,765935,1973,1701,3,1704,68
2020-05-18,Santa Barbara,083,443738,1652,1501,11,1512,10
2020-05-18,Santa Clara,085,1922200,3118,2468,10,2478,137
2020-05-18,Santa Cruz,087,273765,185,160,0,160,3
2020-05-18,Shasta,089,179085,50,34,0,34,4
2020-05-18,Sierra,091,2930,0,0,0,0,0
2020-05-18,Siskiyou,093,43540,7,6,0,6,0
2020-05-18,Solano,095,438530,495,398,0,398,4
2020-05-18,Sonoma,097,501317,478,387,0,387,4
2020-05-18,Stanislaus,099,539301,656,572,4,576,25
2020-05-18,Sutter,101,95872,43,38,0,38,2
2020-05-18,Tehama,103,63373,4,2,0,2,1
2020-05-18,Trinity,105,12862,3,1,0,1,0
2020-05-18,Tulare,107,460477,2067,1491,8,1499,63
2020-05-18,Tuolumne,109,53932,2,2,0,2,0
2020-05-18,Ventura,111,848112,1269,850,6,856,27
2020-05-18,Yolo,113,214977,197,183,0,183,22
2020-05-18,Yuba,115,75493,26,23,0,23,1
2020-05-17,Alameda,001,1643700,2887,2389,3,2392,83
2020-05-17,Alpine,003,1148,1,1,0,1,0
2020-05-17,Amador,005,37829,9,8,0,8,0
2020-05-17,Butte,007,227075,49,23,1,24,0
2020-05-17,Calaveras,009,45235,11,13,0,13,0
2020-05-17,Colusa,011,21464,3,3,0,3,0
2020-05-17,Contra Costa,013,1133247,1321,1155,1,1156,33
2020-05-17,Del Norte,015,27424,23,7,0,7,0
2020-05-17,El Dorado,017,186661,88,65,0,65,0
2020-05-17,Fresno,019,978130,2289,1213,32,1245,14
2020-05-17,Glenn,021,27897,13,9,0,9,0
2020-05-17,Humboldt,023,135768,93,70,0,70,0
2020-05-17,Imperial,025,180216,1751,715,4,719,14
2020-05-17,Inyo,027,18085,19,20,0,20,1
2020-05-17,Kern,029,883053,1973,1546,3,1549,26
2020-05-17,Kings,031,150075,504,356,2,358,2
2020-05-17,Lake,033,64148,13,7,0,7,0
2020-05-17,Lassen,035,31185,5,0,2,2,0
2020-05-17,Los Angeles,037,10098052,46799,37996,21,38017,1807
2020-05-17,Madera,039,155013,163,69,1,70,2
2020-05-17,Marin,041,260295,345,315,1,316,14
2020-05-17,Mariposa,043,17540,15,15,0,15,1
2020-05-17,Mendocino,045,87422,15,10,0,10,0
2020-05-17,Merced,047,269075,305,214,0,214,5
2020-05-17,Modoc,049,8938,0,0,0,0,0
2020-05-17,Mono,051,14174,36,32,0,32,1
2020-05-17,Monterey,053,433212,423,342,1,343,8
2020-05-17,Napa,055,140530,105,89,0,89,3
2020-05-17,Nevada,057,99092,42,41,1,42,1
2020-05-17,Orange,059,3164182,6597,4466,47,4513,88
2020-05-17,Placer,061,380077,194,175,0,175,8
2020-05-17,Plumas,063,18699,4,4,0,4,0
2020-05-17,Riverside,065,2383286,6854,5776,18,5794,245
2020-05-17,Sacramento,067,1510023,1300,1224,0,1224,56
2020-05-17,San Benito,069,59416,71,59,0,59,2
2020-05-17,San Bernardino,071,2135413,4528,3467,4,3471,155
2020-05-17,San Diego,073,3302833,6814,5838,0,5838,209
2020-05-17,San Francisco,075,870044,2342,2132,0,2132,36
2020-05-17,San Joaquin,077,732212,781,688,4,692,32
2020-05-17,San Luis Obispo,079,281455,323,242,3,245,1
2020-05-17,San Mateo,081,765935,1936,1680,3,1683,68
2020-05-17,Santa Barbara,083,443738,1629,1457,11,1468,10
2020-05-17,Santa Clara,085,1922200,3080,2453,10,2463,135
2020-05-17,Santa Cruz,087,273765,174,155,0,155,3
2020-05-17,Shasta,089,179085,49,34,0,34,4
2020-05-17,Sierra,091,2930,0,0,0,0,0
2020-05-17,Siskiyou,093,43540,7,6,0,6,0
2020-05-17,Solano,095,438530,483,392,0,392,4
2020-05-17,Sonoma,097,501317,457,376,0,376,4
2020-05-17,Stanislaus,099,539301,645,566,4,570,25
2020-05-17,Sutter,101,95872,42,38,0,38,2
2020-05-17,Tehama,103,63373,3,2,0,2,1
2020-05-17,Trinity,105,12862,2,1,0,1,0
2020-05-17,Tulare,107,460477,1991,1430,7,1437,63
2020-05-17,Tuolumne,109,53932,2,2,0,2,0
2020-05-17,Ventura,111,848112,1224,838,6,844,27
2020-05-17,Yolo,113,214977,195,182,0,182,22
2020-05-17,Yuba,115,75493,26,21,0,21,1
2020-05-16,Alameda,001,1643700,2837,2327,3,2330,83
2020-05-16,Alpine,003,1148,1,1,0,1,0
2020-05-16,Amador,005,37829,9,8,0,8,0
2020-05-16,Butte,007,227075,44,22,1,23,0
2020-05-16,Calaveras,009,45235,11,13,0,13,0
2020-05-16,Colusa,011,21464,3,3,0,3,0
2020-05-16,Contra Costa,013,1133247,1303,1136,1,1137,33
2020-05-16,Del Norte,015,27424,19,4,0,4,0
2020-05-16,El Dorado,017,186661,88,65,0,65,0
2020-05-16,Fresno,019,978130,2232,1177,32,1209,14
2020-05-16,Glenn,021,27897,13,9,0,9,0
2020-05-16,Humboldt,023,135768,91,69,0,69,0
2020-05-16,Imperial,025,180216,1687,712,4,716,14
2020-05-16,Inyo,027,18085,19,20,0,20,1
2020-05-16,Kern,029,883053,1937,1509,3,1512,26
2020-05-16,Kings,031,150075,494,356,2,358,2
2020-05-16,Lake,033,64148,13,7,0,7,0
2020-05-16,Lassen,035,31185,4,0,2,2,0
2020-05-16,Los Angeles,037,10098052,46222,37352,21,37373,1778
2020-05-16,Madera,039,155013,161,70,1,71,2
2020-05-16,Marin,041,260295,341,297,1,298,14
2020-05-16,Mariposa,043,17540,15,15,0,15,1
2020-05-16,Mendocino,045,87422,15,10,0,10,0
2020-05-16,Merced,047,269075,303,201,0,201,5
2020-05-16,Modoc,049,8938,0,0,0,0,0
2020-05-16,Mono,051,14174,36,32,0,32,1
2020-05-16,Monterey,053,433212,408,329,1,330,8
2020-05-16,Napa,055,140530,105,86,0,86,3
2020-05-16,Nevada,057,99092,42,41,1,42,1
2020-05-16,Orange,059,3164182,6521,4396,47,4443,87
2020-05-16,Placer,061,380077,192,174,0,174,8
2020-05-16,Plumas,063,18699,4,4,0,4,0
2020-05-16,Riverside,065,2383286,6769,5633,18,5651,243
2020-05-16,Sacramento,067,1510023,1293,1209,0,1209,55
2020-05-16,San Benito,069,59416,66,58,0,58,2
2020-05-16,San Bernardino,071,2135413,4456,3362,4,3366,155
2020-05-16,San Diego,073,3302833,6728,5664,0,5664,209
2020-05-16,San Francisco,075,870044,2319,2094,0,2094,36
2020-05-16,San Joaquin,077,732212,773,668,4,672,32
2020-05-16,San Luis Obispo,079,281455,322,240,3,243,1
2020-05-16,San Mateo,081,765935,1921,1652,3,1655,68
2020-05-16,Santa Barbara,083,443738,1616,1422,10,1432,10
2020-05-16,Santa Clara,085,1922200,3062,2420,10,2430,135
2020-05-16,Santa Cruz,087,273765,171,154,0,154,3
2020-05-16,Shasta,089,179085,49,33,0,33,4
2020-05-16,Sierra,091,2930,0,0,0,0,0
2020-05-16,Siskiyou,093,43540,7,6,0,6,0
2020-05-16,Solano,095,438530,478,392,0,392,4
2020-05-16,Sonoma,097,501317,444,356,0,356,4
2020-05-16,Stanislaus,099,539301,636,546,4,550,24
2020-05-16,Sutter,101,95872,42,35,0,35,2
2020-05-16,Tehama,103,63373,3,2,0,2,1
2020-05-16,Trinity,105,12862,2,1,0,1,0
2020-05-16,Tulare,107,460477,1973,1426,7,1433,63
2020-05-16,Tuolumne,109,53932,2,2,0,2,0
2020-05-16,Ventura,111,848112,1198,813,6,819,25
2020-05-16,Yolo,113,214977,194,181,0,181,22
2020-05-16,Yuba,115,75493,26,21,0,21,1
2020-05-15,Alameda,001,1643700,2803,2289,3,2292,83
2020-05-15,Alpine,003,1148,1,1,0,1,0
2020-05-15,Amador,005,37829,9,8,0,8,0
2020-05-15,Butte,007,227075,42,22,1,23,0
2020-05-15,Calaveras,009,45235,11,13,0,13,0
2020-05-15,Colusa,011,21464,3,3,0,3,0
2020-05-15,Contra Costa,013,1133247,1285,1106,1,1107,33
2020-05-15,Del Norte,015,27424,14,4,0,4,0
2020-05-15,El Dorado,017,186661,88,64,0,64,0
2020-05-15,Fresno,019,978130,2165,1126,32,1158,14
2020-05-15,Glenn,021,27897,13,9,0,9,0
2020-05-15,Humboldt,023,135768,90,60,0,60,0
2020-05-15,Imperial,025,180216,1603,680,0,680,14
2020-05-15,Inyo,027,18085,19,20,0,20,1
2020-05-15,Kern,029,883053,1881,1472,3,1475,25
2020-05-15,Kings,031,150075,491,347,2,349,2
2020-05-15,Lake,033,64148,13,7,0,7,0
2020-05-15,Lassen,035,31185,4,0,2,2,0
2020-05-15,Los Angeles,037,10098052,45436,36317,21,36338,1734
2020-05-15,Madera,039,155013,160,71,1,72,2
2020-05-15,Marin,041,260295,333,295,1,296,14
2020-05-15,Mariposa,043,17540,15,15,0,15,1
2020-05-15,Mendocino,045,87422,15,10,0,10,0
2020-05-15,Merced,047,269075,300,191,0,191,5
2020-05-15,Modoc,049,8938,0,0,0,0,0
2020-05-15,Mono,051,14174,36,31,0,31,1
2020-05-15,Monterey,053,433212,402,321,1,322,8
2020-05-15,Napa,055,140530,105,83,0,83,3
2020-05-15,Nevada,057,99092,42,41,1,42,1
2020-05-15,Orange,059,3164182,6348,4281,47,4328,87
2020-05-15,Placer,061,380077,190,174,0,174,8
2020-05-15,Plumas,063,18699,4,4,0,4,0
2020-05-15,Riverside,065,2383286,6655,5496,18,5514,233
2020-05-15,Sacramento,067,1510023,1283,1203,0,1203,55
2020-05-15,San Benito,069,59416,63,57,0,57,2
2020-05-15,San Bernardino,071,2135413,4378,3225,4,3229,153
2020-05-15,San Diego,073,3302833,6621,5525,0,5525,208
2020-05-15,San Francisco,075,870044,2303,2062,0,2062,36
2020-05-15,San Joaquin,077,732212,767,656,4,660,32
2020-05-15,San Luis Obispo,079,281455,320,237,3,240,1
2020-05-15,San Mateo,081,765935,1899,1612,3,1615,68
2020-05-15,Santa Barbara,083,443738,1607,1409,9,1418,10
2020-05-15,Santa Clara,085,1922200,3019,2395,9,2404,135
2020-05-15,Santa Cruz,087,273765,170,146,0,146,3
2020-05-15,Shasta,089,179085,48,33,0,33,4
2020-05-15,Sierra,091,2930,0,0,0,0,0
2020-05-15,Siskiyou,093,43540,6,5,0,5,0
2020-05-15,Solano,095,438530,474,388,0,388,4
2020-05-15,Sonoma,097,501317,436,349,0,349,4
2020-05-15,Stanislaus,099,539301,629,540,4,544,23
2020-05-15,Sutter,101,95872,41,35,0,35,2
2020-05-15,Tehama,103,63373,3,1,0,1,1
2020-05-15,Trinity,105,12862,2,1,0,1,0
2020-05-15,Tulare,107,460477,1945,1356,7,1363,61
2020-05-15,Tuolumne,109,53932,2,2,0,2,0
2020-05-15,Ventura,111,848112,1180,789,5,794,25
2020-05-15,Yolo,113,214977,193,182,0,182,22
2020-05-15,Yuba,115,75493,26,21,0,21,1
2020-05-14,Alameda,001,1643700,2710,2255,3,2258,80
2020-05-14,Alpine,003,1148,1,1,0,1,0
2020-05-14,Amador,005,37829,9,8,0,8,0
2020-05-14,Butte,007,227075,40,22,1,23,0
2020-05-14,Calaveras,009,45235,11,13,0,13,0
2020-05-14,Colusa,011,21464,3,3,0,3,0
2020-05-14,Contra Costa,013,1133247,1259,1090,1,1091,32
2020-05-14,Del Norte,015,27424,14,4,0,4,0
2020-05-14,El Dorado,017,186661,79,59,0,59,0
2020-05-14,Fresno,019,978130,2105,1038,28,1066,12
2020-05-14,Glenn,021,27897,12,8,0,8,0
2020-05-14,Humboldt,023,135768,88,59,0,59,0
2020-05-14,Imperial,025,180216,1486,652,0,652,13
2020-05-14,Inyo,027,18085,19,20,0,20,1
2020-05-14,Kern,029,883053,1839,1430,3,1433,21
2020-05-14,Kings,031,150075,475,342,2,344,1
2020-05-14,Lake,033,64148,13,7,0,7,0
2020-05-14,Lassen,035,31185,4,0,2,2,0
2020-05-14,Los Angeles,037,10098052,44261,35427,21,35448,1693
2020-05-14,Madera,039,155013,151,69,1,70,2
2020-05-14,Marin,041,260295,315,283,1,284,14
2020-05-14,Mariposa,043,17540,15,15,0,15,0
2020-05-14,Mendocino,045,87422,14,10,0,10,0
2020-05-14,Merced,047,269075,290,182,0,182,3
2020-05-14,Modoc,049,8938,0,0,0,0,0
2020-05-14,Mono,051,14174,36,31,0,31,1
2020-05-14,Monterey,053,433212,392,317,1,318,7
2020-05-14,Napa,055,140530,103,83,0,83,3
2020-05-14,Nevada,057,99092,41,41,1,42,1
2020-05-14,Orange,059,3164182,6172,4163,45,4208,83
2020-05-14,Placer,061,380077,190,172,0,172,8
2020-05-14,Plumas,063,18699,4,4,0,4,0
2020-05-14,Riverside,065,2383286,6471,5339,18,5357,224
2020-05-14,Sacramento,067,1510023,1271,1181,0,1181,55
2020-05-14,San Benito,069,59416,61,56,0,56,2
2020-05-14,San Bernardino,071,2135413,4199,3149,4,3153,149
2020-05-14,San Diego,073,3302833,6486,5393,0,5393,200
2020-05-14,San Francisco,075,870044,2270,2029,0,2029,36
2020-05-14,San Joaquin,077,732212,752,643,4,647,31
2020-05-14,San Luis Obispo,079,281455,317,236,3,239,1
2020-05-14,San Mateo,081,765935,1867,1588,3,1591,67
2020-05-14,Santa Barbara,083,443738,1593,1395,9,1404,11
2020-05-14,Santa Clara,085,1922200,2996,2380,9,2389,134
2020-05-14,Santa Cruz,087,273765,168,145,0,145,3
2020-05-14,Shasta,089,179085,48,33,0,33,4
2020-05-14,Sierra,091,2930,0,0,0,0,0
2020-05-14,Siskiyou,093,43540,6,5,0,5,0
2020-05-14,Solano,095,438530,465,372,0,372,4
2020-05-14,Sonoma,097,501317,419,333,0,333,4
2020-05-14,Stanislaus,099,539301,610,533,4,537,23
2020-05-14,Sutter,101,95872,41,34,0,34,2
2020-05-14,Tehama,103,63373,3,1,0,1,1
2020-05-14,Trinity,105,12862,2,1,0,1,0
2020-05-14,Tulare,107,460477,1906,1317,7,1324,55
2020-05-14,Tuolumne,109,53932,2,2,0,2,0
2020-05-14,Ventura,111,848112,1149,760,5,765,25
2020-05-14,Yolo,113,214977,193,180,0,180,22
2020-05-14,Yuba,115,75493,26,21,0,21,1
2020-05-13,Alameda,001,1643700,2652,2181,3,2184,78
2020-05-13,Alpine,003,1148,1,1,0,1,0
2020-05-13,Amador,005,37829,9,8,0,8,0
2020-05-13,Butte,007,227075,40,21,1,22,0
2020-05-13,Calaveras,009,45235,11,13,0,13,0
2020-05-13,Colusa,011,21464,3,3,0,3,0
2020-05-13,Contra Costa,013,1133247,1237,1082,1,1083,32
2020-05-13,Del Norte,015,27424,13,4,0,4,0
2020-05-13,El Dorado,017,186661,78,58,0,58,0
2020-05-13,Fresno,019,978130,2010,993,28,1021,10
2020-05-13,Glenn,021,27897,11,6,0,6,0
2020-05-13,Humboldt,023,135768,82,58,0,58,0
2020-05-13,Imperial,025,180216,1416,610,0,610,11
2020-05-13,Inyo,027,18085,19,20,0,20,1
2020-05-13,Kern,029,883053,1793,1390,3,1393,19
2020-05-13,Kings,031,150075,461,314,2,316,1
2020-05-13,Lake,033,64148,13,7,0,7,0
2020-05-13,Lassen,035,31185,4,0,2,2,0
2020-05-13,Los Angeles,037,10098052,42955,34574,21,34595,1643
2020-05-13,Madera,039,155013,142,69,1,70,2
2020-05-13,Marin,041,260295,302,278,1,279,14
2020-05-13,Mariposa,043,17540,15,15,0,15,0
2020-05-13,Mendocino,045,87422,14,10,0,10,0
2020-05-13,Merced,047,269075,287,176,0,176,3
2020-05-13,Modoc,049,8938,0,0,0,0,0
2020-05-13,Mono,051,14174,35,31,0,31,1
2020-05-13,Monterey,053,433212,382,309,1,310,6
2020-05-13,Napa,055,140530,103,81,0,81,3
2020-05-13,Nevada,057,99092,41,41,1,42,1
2020-05-13,Orange,059,3164182,5926,4025,43,4068,79
2020-05-13,Placer,061,380077,189,170,0,170,8
2020-05-13,Plumas,063,18699,4,4,0,4,0
2020-05-13,Riverside,065,2383286,6348,5204,18,5222,216
2020-05-13,Sacramento,067,1510023,1256,1173,0,1173,53
2020-05-13,San Benito,069,59416,61,55,0,55,2
2020-05-13,San Bernardino,071,2135413,3943,3064,3,3067,140
2020-05-13,San Diego,073,3302833,6350,5280,0,5280,194
2020-05-13,San Francisco,075,870044,2242,2004,0,2004,35
2020-05-13,San Joaquin,077,732212,731,639,3,642,31
2020-05-13,San Luis Obispo,079,281455,315,231,3,234,1
2020-05-13,San Mateo,081,765935,1835,1550,3,1553,66
2020-05-13,Santa Barbara,083,443738,1580,1382,9,1391,10
2020-05-13,Santa Clara,085,1922200,2976,2370,9,2379,132
2020-05-13,Santa Cruz,087,273765,164,142,0,142,2
2020-05-13,Shasta,089,179085,48,32,0,32,4
2020-05-13,Sierra,091,2930,0,0,0,0,0
2020-05-13,Siskiyou,093,43540,6,5,0,5,0
2020-05-13,Solano,095,438530,452,368,0,368,4
2020-05-13,Sonoma,097,501317,409,330,0,330,4
2020-05-13,Stanislaus,099,539301,601,521,4,525,15
2020-05-13,Sutter,101,95872,41,33,0,33,2
2020-05-13,Tehama,103,63373,3,1,0,1,1
2020-05-13,Trinity,105,12862,2,2,0,2,0
2020-05-13,Tulare,107,460477,1873,1283,7,1290,54
2020-05-13,Tuolumne,109,53932,2,2,0,2,0
2020-05-13,Ventura,111,848112,1118,742,5,747,25
2020-05-13,Yolo,113,214977,191,178,0,178,22
2020-05-13,Yuba,115,75493,24,19,0,19,1
2020-05-12,Alameda,001,1643700,2587,2146,3,2149,74
2020-05-12,Alpine,003,1148,1,1,0,1,0
2020-05-12,Amador,005,37829,9,8,0,8,0
2020-05-12,Butte,007,227075,38,20,1,21,0
2020-05-12,Calaveras,009,45235,10,13,0,13,0
2020-05-12,Colusa,011,21464,3,3,0,3,0
2020-05-12,Contra Costa,013,1133247,1206,1067,1,1068,32
2020-05-12,Del Norte,015,27424,10,3,0,3,0
2020-05-12,El Dorado,017,186661,75,56,0,56,0
2020-05-12,Fresno,019,978130,1926,978,26,1004,9
2020-05-12,Glenn,021,27897,10,6,0,6,0
2020-05-12,Humboldt,023,135768,79,58,0,58,0
2020-05-12,Imperial,025,180216,1284,602,0,602,9
2020-05-12,Inyo,027,18085,19,20,0,20,1
2020-05-12,Kern,029,883053,1752,1363,3,1366,18
2020-05-12,Kings,031,150075,440,302,2,304,1
2020-05-12,Lake,033,64148,13,7,0,7,0
2020-05-12,Lassen,035,31185,4,0,2,2,0
2020-05-12,Los Angeles,037,10098052,41960,33281,20,33301,1601
2020-05-12,Madera,039,155013,136,69,1,70,2
2020-05-12,Marin,041,260295,297,274,1,275,14
2020-05-12,Mariposa,043,17540,15,15,0,15,0
2020-05-12,Mendocino,045,87422,14,10,0,10,0
2020-05-12,Merced,047,269075,276,175,0,175,3
2020-05-12,Modoc,049,8938,0,0,0,0,0
2020-05-12,Mono,051,14174,35,31,0,31,1
2020-05-12,Monterey,053,433212,375,298,1,299,6
2020-05-12,Napa,055,140530,101,80,0,80,3
2020-05-12,Nevada,057,99092,41,41,1,42,1
2020-05-12,Orange,059,3164182,5743,3843,41,3884,78
2020-05-12,Placer,061,380077,188,170,0,170,8
2020-05-12,Plumas,063,18699,4,4,0,4,0
2020-05-12,Riverside,065,2383286,6226,5134,18,5152,210
2020-05-12,Sacramento,067,1510023,1236,1166,0,1166,52
2020-05-12,San Benito,069,59416,61,55,0,55,2
2020-05-12,San Bernardino,071,2135413,3791,2997,3,3000,131
2020-05-12,San Diego,073,3302833,6206,3,0,3,0
2020-05-12,San Francisco,075,870044,2207,1981,0,1981,35
2020-05-12,San Joaquin,077,732212,716,625,3,628,30
2020-05-12,San Luis Obispo,079,281455,312,226,3,229,1
2020-05-12,San Mateo,081,765935,1809,1533,3,1536,66
2020-05-12,Santa Barbara,083,443738,1546,1377,9,1386,10
2020-05-12,Santa Clara,085,1922200,2946,2362,9,2371,131
2020-05-12,Santa Cruz,087,273765,162,141,0,141,2
2020-05-12,Shasta,089,179085,47,33,0,33,4
2020-05-12,Sierra,091,2930,0,0,0,0,0
2020-05-12,Siskiyou,093,43540,6,5,0,5,0
2020-05-12,Solano,095,438530,444,361,0,361,4
2020-05-12,Sonoma,097,501317,386,308,0,308,4
2020-05-12,Stanislaus,099,539301,594,515,4,519,15
2020-05-12,Sutter,101,95872,41,33,0,33,2
2020-05-12,Tehama,103,63373,3,1,0,1,1
2020-05-12,Trinity,105,12862,2,1,0,1,0
2020-05-12,Tulare,107,460477,1841,1261,7,1268,52
2020-05-12,Tuolumne,109,53932,2,2,0,2,0
2020-05-12,Ventura,111,848112,1062,718,5,723,20
2020-05-12,Yolo,113,214977,190,176,0,176,22
2020-05-12,Yuba,115,75493,24,19,0,19,1
2020-05-11,Alameda,001,1643700,2537,2103,3,2106,71
2020-05-11,Alpine,003,1148,1,1,0,1,0
2020-05-11,Amador,005,37829,9,8,0,8,0
2020-05-11,Butte,007,227075,37,19,1,20,0
2020-05-11,Calaveras,009,45235,10,13,0,13,0
2020-05-11,Colusa,011,21464,3,3,0,3,0
2020-05-11,Contra Costa,013,1133247,1192,1052,1,1053,32
2020-05-11,Del Norte,015,27424,8,3,0,3,0
2020-05-11,El Dorado,017,186661,75,55,0,55,0
2020-05-11,Fresno,019,978130,1835,937,25,962,8
2020-05-11,Glenn,021,27897,10,6,0,6,0
2020-05-11,Humboldt,023,135768,76,56,0,56,0
2020-05-11,Imperial,025,180216,1178,562,0,562,9
2020-05-11,Inyo,027,18085,19,20,0,20,1
2020-05-11,Kern,029,883053,1700,1331,3,1334,17
2020-05-11,Kings,031,150075,417,289,1,290,1
2020-05-11,Lake,033,64148,12,7,0,7,0
2020-05-11,Lassen,035,31185,4,0,2,2,0
2020-05-11,Los Angeles,037,10098052,40781,32279,20,32299,1553
2020-05-11,Madera,039,155013,127,68,1,69,2
2020-05-11,Marin,041,260295,288,271,1,272,14
2020-05-11,Mariposa,043,17540,15,15,0,15,0
2020-05-11,Mendocino,045,87422,14,10,0,10,0
2020-05-11,Merced,047,269075,261,158,0,158,3
2020-05-11,Modoc,049,8938,0,0,0,0,0
2020-05-11,Mono,051,14174,35,30,0,30,1
2020-05-11,Monterey,053,433212,372,286,1,287,6
2020-05-11,Napa,055,140530,95,79,0,79,2
2020-05-11,Nevada,057,99092,41,41,1,42,1
2020-05-11,Orange,059,3164182,5528,3699,34,3733,77
2020-05-11,Placer,061,380077,188,170,0,170,8
2020-05-11,Plumas,063,18699,4,4,0,4,0
2020-05-11,Riverside,065,2383286,6068,5082,17,5099,203
2020-05-11,Sacramento,067,1510023,1221,1160,0,1160,52
2020-05-11,San Benito,069,59416,59,52,0,52,2
2020-05-11,San Bernardino,071,2135413,3681,2945,3,2948,124
2020-05-11,San Diego,073,3302833,6053,5067,0,5067,175
2020-05-11,San Francisco,075,870044,2160,1974,0,1974,35
2020-05-11,San Joaquin,077,732212,706,620,3,623,30
2020-05-11,San Luis Obispo,079,281455,310,224,3,227,1
2020-05-11,San Mateo,081,765935,1783,1499,2,1501,66
2020-05-11,Santa Barbara,083,443738,1525,1372,8,1380,10
2020-05-11,Santa Clara,085,1922200,2929,2340,9,2349,129
2020-05-11,Santa Cruz,087,273765,159,140,0,140,2
2020-05-11,Shasta,089,179085,47,31,0,31,4
2020-05-11,Sierra,091,2930,0,0,0,0,0
2020-05-11,Siskiyou,093,43540,6,5,0,5,0
2020-05-11,Solano,095,438530,439,354,0,354,4
2020-05-11,Sonoma,097,501317,376,303,0,303,3
2020-05-11,Stanislaus,099,539301,584,507,4,511,14
2020-05-11,Sutter,101,95872,40,32,0,32,2
2020-05-11,Tehama,103,63373,3,1,0,1,1
2020-05-11,Trinity,105,12862,2,1,0,1,0
2020-05-11,Tulare,107,460477,1792,1203,7,1210,49
2020-05-11,Tuolumne,109,53932,2,2,0,2,0
2020-05-11,Ventura,111,848112,1001,698,4,702,19
2020-05-11,Yolo,113,214977,190,174,0,174,20
2020-05-11,Yuba,115,75493,24,18,0,18,1
2020-05-10,Alameda,001,1643700,2460,2047,3,2050,71
2020-05-10,Alpine,003,1148,1,1,0,1,0
2020-05-10,Amador,005,37829,9,8,0,8,0
2020-05-10,Butte,007,227075,32,18,1,19,0
2020-05-10,Calaveras,009,45235,10,13,0,13,0
2020-05-10,Colusa,011,21464,3,3,0,3,0
2020-05-10,Contra Costa,013,1133247,1178,1046,0,1046,31
2020-05-10,Del Norte,015,27424,7,3,0,3,0
2020-05-10,El Dorado,017,186661,75,55,0,55,0
2020-05-10,Fresno,019,978130,1749,894,25,919,8
2020-05-10,Glenn,021,27897,10,6,0,6,0
2020-05-10,Humboldt,023,135768,72,56,0,56,0
2020-05-10,Imperial,025,180216,1082,509,0,509,7
2020-05-10,Inyo,027,18085,19,20,0,20,1
2020-05-10,Kern,029,883053,1649,1300,2,1302,16
2020-05-10,Kings,031,150075,404,266,1,267,1
2020-05-10,Lake,033,64148,12,7,0,7,0
2020-05-10,Lassen,035,31185,4,0,2,2,0
2020-05-10,Los Angeles,037,10098052,39521,31711,20,31731,1514
2020-05-10,Madera,039,155013,125,65,1,66,2
2020-05-10,Marin,041,260295,280,267,1,268,14
2020-05-10,Mariposa,043,17540,15,15,0,15,0
2020-05-10,Mendocino,045,87422,13,10,0,10,0
2020-05-10,Merced,047,269075,246,154,0,154,3
2020-05-10,Modoc,049,8938,0,0,0,0,0
2020-05-10,Mono,051,14174,35,27,0,27,1
2020-05-10,Monterey,053,433212,358,282,1,283,6
2020-05-10,Napa,055,140530,89,79,0,79,2
2020-05-10,Nevada,057,99092,41,41,1,42,1
2020-05-10,Orange,059,3164182,5385,3627,34,3661,76
2020-05-10,Placer,061,380077,187,168,0,168,8
2020-05-10,Plumas,063,18699,4,4,0,4,0
2020-05-10,Riverside,065,2383286,5946,4951,17,4968,193
2020-05-10,Sacramento,067,1510023,1205,1152,0,1152,52
2020-05-10,San Benito,069,59416,59,52,0,52,2
2020-05-10,San Bernardino,071,2135413,3583,2910,3,2913,121
2020-05-10,San Diego,073,3302833,5901,4928,0,4928,175
2020-05-10,San Francisco,075,870044,2142,1953,0,1953,35
2020-05-10,San Joaquin,077,732212,691,611,3,614,29
2020-05-10,San Luis Obispo,079,281455,307,218,3,221,1
2020-05-10,San Mateo,081,765935,1761,1463,2,1465,65
2020-05-10,Santa Barbara,083,443738,1512,1323,8,1331,10
2020-05-10,Santa Clara,085,1922200,2902,2331,9,2340,129
2020-05-10,Santa Cruz,087,273765,158,139,0,139,2
2020-05-10,Shasta,089,179085,47,31,0,31,4
2020-05-10,Sierra,091,2930,0,0,0,0,0
2020-05-10,Siskiyou,093,43540,5,5,0,5,0
2020-05-10,Solano,095,438530,429,322,0,322,4
2020-05-10,Sonoma,097,501317,366,290,0,290,3
2020-05-10,Stanislaus,099,539301,577,498,4,502,14
2020-05-10,Sutter,101,95872,37,31,0,31,2
2020-05-10,Tehama,103,63373,3,1,0,1,1
2020-05-10,Trinity,105,12862,2,1,0,1,0
2020-05-10,Tulare,107,460477,1722,1143,7,1150,47
2020-05-10,Tuolumne,109,53932,2,2,0,2,0
2020-05-10,Ventura,111,848112,943,690,2,692,19
2020-05-10,Yolo,113,214977,190,173,0,173,20
2020-05-10,Yuba,115,75493,23,17,0,17,1
2020-05-09,Alameda,001,1643700,2417,2011,3,2014,71
2020-05-09,Alpine,003,1148,1,1,0,1,0
2020-05-09,Amador,005,37829,8,8,0,8,0
2020-05-09,Butte,007,227075,31,18,1,19,0
2020-05-09,Calaveras,009,45235,10,13,0,13,0
2020-05-09,Colusa,011,21464,3,3,0,3,0
2020-05-09,Contra Costa,013,1133247,1164,1039,0,1039,31
2020-05-09,Del Norte,015,27424,7,3,0,3,0
2020-05-09,El Dorado,017,186661,72,54,0,54,0
2020-05-09,Fresno,019,978130,1711,861,24,885,8
2020-05-09,Glenn,021,27897,9,6,0,6,0
2020-05-09,Humboldt,023,135768,70,55,0,55,0
2020-05-09,Imperial,025,180216,1026,474,0,474,7
2020-05-09,Inyo,027,18085,19,20,0,20,1
2020-05-09,Kern,029,883053,1613,1262,1,1263,15
2020-05-09,Kings,031,150075,399,264,1,265,1
2020-05-09,Lake,033,64148,12,7,0,7,0
2020-05-09,Lassen,035,31185,4,0,2,2,0
2020-05-09,Los Angeles,037,10098052,38899,31268,20,31288,1499
2020-05-09,Madera,039,155013,124,61,1,62,2
2020-05-09,Marin,041,260295,279,261,1,262,14
2020-05-09,Mariposa,043,17540,15,15,0,15,0
2020-05-09,Mendocino,045,87422,13,10,0,10,0
2020-05-09,Merced,047,269075,242,153,0,153,3
2020-05-09,Modoc,049,8938,0,0,0,0,0
2020-05-09,Mono,051,14174,35,27,0,27,1
2020-05-09,Monterey,053,433212,351,273,1,274,6
2020-05-09,Napa,055,140530,88,78,0,78,2
2020-05-09,Nevada,057,99092,41,41,1,42,1
2020-05-09,Orange,059,3164182,5303,3506,33,3539,75
2020-05-09,Placer,061,380077,186,168,0,168,8
2020-05-09,Plumas,063,18699,4,4,0,4,0
2020-05-09,Riverside,065,2383286,5851,4871,17,4888,183
2020-05-09,Sacramento,067,1510023,1201,1150,0,1150,52
2020-05-09,San Benito,069,59416,58,52,0,52,2
2020-05-09,San Bernardino,071,2135413,3527,2825,3,2828,121
2020-05-09,San Diego,073,3302833,5789,4778,0,4778,175
2020-05-09,San Francisco,075,870044,2127,1944,0,1944,34
2020-05-09,San Joaquin,077,732212,682,605,3,608,28
2020-05-09,San Luis Obispo,079,281455,303,213,3,216,1
2020-05-09,San Mateo,081,765935,1742,1453,2,1455,65
2020-05-09,Santa Barbara,083,443738,1502,1245,8,1253,10
2020-05-09,Santa Clara,085,1922200,2888,2317,9,2326,128
2020-05-09,Santa Cruz,087,273765,157,138,0,138,2
2020-05-09,Shasta,089,179085,47,31,0,31,4
2020-05-09,Sierra,091,2930,0,0,0,0,0
2020-05-09,Siskiyou,093,43540,5,5,0,5,0
2020-05-09,Solano,095,438530,423,321,0,321,4
2020-05-09,Sonoma,097,501317,362,288,0,288,3
2020-05-09,Stanislaus,099,539301,569,491,4,495,12
2020-05-09,Sutter,101,95872,37,31,0,31,2
2020-05-09,Tehama,103,63373,2,1,0,1,1
2020-05-09,Trinity,105,12862,2,1,0,1,0
2020-05-09,Tulare,107,460477,1694,1083,7,1090,47
2020-05-09,Tuolumne,109,53932,2,2,0,2,0
2020-05-09,Ventura,111,848112,922,679,2,681,19
2020-05-09,Yolo,113,214977,190,172,0,172,18
2020-05-09,Yuba,115,75493,23,17,0,17,1
2020-05-08,Alameda,001,1643700,2374,1955,3,1958,70
2020-05-08,Alpine,003,1148,1,1,0,1,0
2020-05-08,Amador,005,37829,8,8,0,8,0
2020-05-08,Butte,007,227075,31,18,1,19,0
2020-05-08,Calaveras,009,45235,10,13,0,13,0
2020-05-08,Colusa,011,21464,3,3,0,3,0
2020-05-08,Contra Costa,013,1133247,1152,1024,0,1024,29
2020-05-08,Del Norte,015,27424,7,3,0,3,0
2020-05-08,El Dorado,017,186661,71,54,0,54,0
2020-05-08,Fresno,019,978130,1669,838,22,860,8
2020-05-08,Glenn,021,27897,8,6,0,6,0
2020-05-08,Humboldt,023,135768,67,54,0,54,0
2020-05-08,Imperial,025,180216,981,467,0,467,7
2020-05-08,Inyo,027,18085,19,20,0,20,1
2020-05-08,Kern,029,883053,1582,1214,1,1215,13
2020-05-08,Kings,031,150075,390,236,1,237,1
2020-05-08,Lake,033,64148,12,7,0,7,0
2020-05-08,Lassen,035,31185,4,0,2,2,0
2020-05-08,Los Angeles,037,10098052,38167,30357,20,30377,1447
2020-05-08,Madera,039,155013,121,57,1,58,2
2020-05-08,Marin,041,260295,279,257,1,258,14
2020-05-08,Mariposa,043,17540,15,15,0,15,0
2020-05-08,Mendocino,045,87422,13,10,0,10,0
2020-05-08,Merced,047,269075,241,151,0,151,3
2020-05-08,Modoc,049,8938,0,0,0,0,0
2020-05-08,Mono,051,14174,32,27,0,27,1
2020-05-08,Monterey,053,433212,343,265,1,266,6
2020-05-08,Napa,055,140530,87,78,0,78,2
2020-05-08,Nevada,057,99092,41,41,1,42,1
2020-05-08,Orange,059,3164182,5157,3395,33,3428,72
2020-05-08,Placer,061,380077,184,166,0,166,8
2020-05-08,Plumas,063,18699,4,4,0,4,0
2020-05-08,Riverside,065,2383286,5751,4672,16,4688,181
2020-05-08,Sacramento,067,1510023,1196,1145,0,1145,51
2020-05-08,San Benito,069,59416,58,51,0,51,2
2020-05-08,San Bernardino,071,2135413,3479,2631,3,2634,119
2020-05-08,San Diego,073,3302833,5682,4664,0,4664,169
2020-05-08,San Francisco,075,870044,2109,1890,0,1890,33
2020-05-08,San Joaquin,077,732212,675,595,3,598,28
2020-05-08,San Luis Obispo,079,281455,300,210,3,213,1
2020-05-08,San Mateo,081,765935,1657,1423,2,1425,62
2020-05-08,Santa Barbara,083,443738,1493,1054,6,1060,8
2020-05-08,Santa Clara,085,1922200,2865,2285,9,2294,128
2020-05-08,Santa Cruz,087,273765,153,137,0,137,2
2020-05-08,Shasta,089,179085,47,31,0,31,4
2020-05-08,Sierra,091,2930,0,0,0,0,0
2020-05-08,Siskiyou,093,43540,5,5,0,5,0
2020-05-08,Solano,095,438530,418,314,0,314,4
2020-05-08,Sonoma,097,501317,357,285,0,285,3
2020-05-08,Stanislaus,099,539301,555,487,4,491,12
2020-05-08,Sutter,101,95872,37,30,0,30,2
2020-05-08,Tehama,103,63373,2,1,0,1,1
2020-05-08,Trinity,105,12862,2,0,0,0,0
2020-05-08,Tulare,107,460477,1649,1050,6,1056,43
2020-05-08,Tuolumne,109,53932,2,2,0,2,0
2020-05-08,Ventura,111,848112,904,665,2,667,19
2020-05-08,Yolo,113,214977,189,172,0,172,18
2020-05-08,Yuba,115,75493,22,16,0,16,1
2020-05-07,Alameda,001,1643700,2314,1914,3,1917,68
2020-05-07,Alpine,003,1148,1,1,0,1,0
2020-05-07,Amador,005,37829,8,8,0,8,0
2020-05-07,Butte,007,227075,31,19,1,20,0
2020-05-07,Calaveras,009,45235,10,13,0,13,0
2020-05-07,Colusa,011,21464,3,3,0,3,0
2020-05-07,Contra Costa,013,1133247,1138,1005,0,1005,29
2020-05-07,Del Norte,015,27424,6,3,0,3,0
2020-05-07,El Dorado,017,186661,70,54,0,54,0
2020-05-07,Fresno,019,978130,1584,812,21,833,8
2020-05-07,Glenn,021,27897,8,5,0,5,0
2020-05-07,Humboldt,023,135768,66,54,0,54,0
2020-05-07,Imperial,025,180216,918,442,0,442,6
2020-05-07,Inyo,027,18085,19,20,0,20,1
2020-05-07,Kern,029,883053,1538,1176,1,1177,13
2020-05-07,Kings,031,150075,367,219,1,220,1
2020-05-07,Lake,033,64148,11,7,0,7,0
2020-05-07,Lassen,035,31185,4,0,2,2,0
2020-05-07,Los Angeles,037,10098052,37046,29544,20,29564,1399
2020-05-07,Madera,039,155013,117,54,1,55,2
2020-05-07,Marin,041,260295,272,252,1,253,14
2020-05-07,Mariposa,043,17540,15,15,0,15,0
2020-05-07,Mendocino,045,87422,13,10,0,10,0
2020-05-07,Merced,047,269075,233,146,0,146,3
2020-05-07,Modoc,049,8938,0,0,0,0,0
2020-05-07,Mono,051,14174,32,26,0,26,1
2020-05-07,Monterey,053,433212,335,249,1,250,6
2020-05-07,Napa,055,140530,87,78,0,78,2
2020-05-07,Nevada,057,99092,41,41,1,42,1
2020-05-07,Orange,059,3164182,4972,3283,32,3315,69
2020-05-07,Placer,061,380077,184,165,0,165,8
2020-05-07,Plumas,063,18699,4,4,0,4,0
2020-05-07,Riverside,065,2383286,5635,4608,16,4624,170
2020-05-07,Sacramento,067,1510023,1190,1139,0,1139,50
2020-05-07,San Benito,069,59416,58,50,0,50,2
2020-05-07,San Bernardino,071,2135413,3387,2522,3,2525,115
2020-05-07,San Diego,073,3302833,5525,4431,0,4431,165
2020-05-07,San Francisco,075,870044,2078,1852,0,1852,33
2020-05-07,San Joaquin,077,732212,662,583,3,586,28
2020-05-07,San Luis Obispo,079,281455,289,209,3,212,1
2020-05-07,San Mateo,081,765935,1635,1398,2,1400,58
2020-05-07,Santa Barbara,083,443738,1465,720,5,725,8
2020-05-07,Santa Clara,085,1922200,2827,2281,9,2290,127
2020-05-07,Santa Cruz,087,273765,150,136,0,136,2
2020-05-07,Shasta,089,179085,46,31,0,31,4
2020-05-07,Sierra,091,2930,0,0,0,0,0
2020-05-07,Siskiyou,093,43540,5,5,0,5,0
2020-05-07,Solano,095,438530,412,307,0,307,4
2020-05-07,Sonoma,097,501317,345,282,0,282,3
2020-05-07,Stanislaus,099,539301,546,466,4,470,10
2020-05-07,Sutter,101,95872,37,29,0,29,2
2020-05-07,Tehama,103,63373,2,1,0,1,1
2020-05-07,Trinity,105,12862,2,0,0,0,0
2020-05-07,Tulare,107,460477,1581,1001,6,1007,41
2020-05-07,Tuolumne,109,53932,2,2,0,2,0
2020-05-07,Ventura,111,848112,880,647,1,648,19
2020-05-07,Yolo,113,214977,188,172,0,172,18
2020-05-07,Yuba,115,75493,22,16,0,16,1
2020-05-06,Alameda,001,1643700,2276,1864,3,1867,67
2020-05-06,Alpine,003,1148,1,1,0,1,0
2020-05-06,Amador,005,37829,8,8,0,8,0
2020-05-06,Butte,007,227075,30,19,1,20,0
2020-05-06,Calaveras,009,45235,10,13,0,13,0
2020-05-06,Colusa,011,21464,3,3,0,3,0
2020-05-06,Contra Costa,013,1133247,1117,990,0,990,29
2020-05-06,Del Norte,015,27424,6,3,0,3,0
2020-05-06,El Dorado,017,186661,68,53,0,53,0
2020-05-06,Fresno,019,978130,1521,773,19,792,8
2020-05-06,Glenn,021,27897,8,3,0,3,0
2020-05-06,Humboldt,023,135768,65,54,0,54,0
2020-05-06,Imperial,025,180216,850,399,0,399,6
2020-05-06,Inyo,027,18085,19,20,0,20,1
2020-05-06,Kern,029,883053,1483,1112,1,1113,12
2020-05-06,Kings,031,150075,349,208,1,209,1
2020-05-06,Lake,033,64148,11,7,0,7,0
2020-05-06,Lassen,035,31185,4,0,2,2,0
2020-05-06,Los Angeles,037,10098052,36041,28687,20,28707,1347
2020-05-06,Madera,039,155013,115,55,1,56,2
2020-05-06,Marin,041,260295,265,244,1,245,14
2020-05-06,Mariposa,043,17540,15,14,0,14,0
2020-05-06,Mendocino,045,87422,13,10,0,10,0
2020-05-06,Merced,047,269075,226,140,0,140,3
2020-05-06,Modoc,049,8938,0,0,0,0,0
2020-05-06,Mono,051,14174,32,26,0,26,1
2020-05-06,Monterey,053,433212,327,246,1,247,6
2020-05-06,Napa,055,140530,86,78,0,78,2
2020-05-06,Nevada,057,99092,41,41,1,42,1
2020-05-06,Orange,059,3164182,4788,3156,31,3187,66
2020-05-06,Placer,061,380077,181,164,0,164,8
2020-05-06,Plumas,063,18699,4,4,0,4,0
2020-05-06,Riverside,065,2383286,5491,4535,16,4551,163
2020-05-06,Sacramento,067,1510023,1184,1135,0,1135,49
2020-05-06,San Benito,069,59416,57,50,0,50,2
2020-05-06,San Bernardino,071,2135413,3265,2426,2,2428,110
2020-05-06,San Diego,073,3302833,5392,4321,0,4321,158
2020-05-06,San Francisco,075,870044,2052,1804,0,1804,32
2020-05-06,San Joaquin,077,732212,649,581,3,584,28
2020-05-06,San Luis Obispo,079,281455,286,207,3,210,1
2020-05-06,San Mateo,081,765935,1605,1348,2,1350,57
2020-05-06,Santa Barbara,083,443738,1424,565,4,569,8
2020-05-06,Santa Clara,085,1922200,2811,2270,8,2278,127
2020-05-06,Santa Cruz,087,273765,146,135,0,135,2
2020-05-06,Shasta,089,179085,45,31,0,31,4
2020-05-06,Sierra,091,2930,0,0,0,0,0
2020-05-06,Siskiyou,093,43540,5,5,0,5,0
2020-05-06,Solano,095,438530,402,300,0,300,4
2020-05-06,Sonoma,097,501317,329,269,0,269,3
2020-05-06,Stanislaus,099,539301,530,434,4,438,9
2020-05-06,Sutter,101,95872,37,29,0,29,2
2020-05-06,Tehama,103,63373,2,1,0,1,1
2020-05-06,Trinity,105,12862,2,0,0,0,0
2020-05-06,Tulare,107,460477,1533,963,6,969,40
2020-05-06,Tuolumne,109,53932,2,2,0,2,0
2020-05-06,Ventura,111,848112,853,619,1,620,19
2020-05-06,Yolo,113,214977,187,172,0,172,18
2020-05-06,Yuba,115,75493,22,15,0,15,1
2020-05-05,Alameda,001,1643700,2233,1819,3,1822,67
2020-05-05,Alpine,003,1148,1,1,0,1,0
2020-05-05,Amador,005,37829,8,8,0,8,0
2020-05-05,Butte,007,227075,29,19,1,20,0
2020-05-05,Calaveras,009,45235,10,13,0,13,0
2020-05-05,Colusa,011,21464,3,3,0,3,0
2020-05-05,Contra Costa,013,1133247,1099,976,0,976,29
2020-05-05,Del Norte,015,27424,6,3,0,3,0
2020-05-05,El Dorado,017,186661,66,54,0,54,0
2020-05-05,Fresno,019,978130,1448,726,17,743,8
2020-05-05,Glenn,021,27897,8,3,0,3,0
2020-05-05,Humboldt,023,135768,62,54,0,54,0
2020-05-05,Imperial,025,180216,795,389,0,389,6
2020-05-05,Inyo,027,18085,19,20,0,20,1
2020-05-05,Kern,029,883053,1431,1084,1,1085,11
2020-05-05,Kings,031,150075,331,187,1,188,1
2020-05-05,Lake,033,64148,10,7,0,7,0
2020-05-05,Lassen,035,31185,4,0,2,2,0
2020-05-05,Los Angeles,037,10098052,34970,27867,20,27887,1289
2020-05-05,Madera,039,155013,112,53,1,54,2
2020-05-05,Marin,041,260295,259,244,1,245,14
2020-05-05,Mariposa,043,17540,15,14,0,14,0
2020-05-05,Mendocino,045,87422,13,10,0,10,0
2020-05-05,Merced,047,269075,221,141,0,141,3
2020-05-05,Modoc,049,8938,0,0,0,0,0
2020-05-05,Mono,051,14174,32,25,0,25,1
2020-05-05,Monterey,053,433212,313,240,1,241,6
2020-05-05,Napa,055,140530,86,74,0,74,2
2020-05-05,Nevada,057,99092,41,41,1,42,1
2020-05-05,Orange,059,3164182,4664,3041,31,3072,63
2020-05-05,Placer,061,380077,181,162,0,162,8
2020-05-05,Plumas,063,18699,4,4,0,4,0
2020-05-05,Riverside,065,2383286,5381,4309,16,4325,161
2020-05-05,Sacramento,067,1510023,1177,1125,0,1125,48
2020-05-05,San Benito,069,59416,56,50,0,50,2
2020-05-05,San Bernardino,071,2135413,3172,2345,2,2347,104
2020-05-05,San Diego,073,3302833,5249,4162,0,4162,150
2020-05-05,San Francisco,075,870044,2017,1779,0,1779,31
2020-05-05,San Joaquin,077,732212,640,577,3,580,26
2020-05-05,San Luis Obispo,079,281455,284,203,3,206,1
2020-05-05,San Mateo,081,765935,1573,1335,2,1337,56
2020-05-05,Santa Barbara,083,443738,1200,541,4,545,7
2020-05-05,Santa Clara,085,1922200,2765,2249,7,2256,124
2020-05-05,Santa Cruz,087,273765,143,134,0,134,2
2020-05-05,Shasta,089,179085,44,31,0,31,4
2020-05-05,Sierra,091,2930,0,0,0,0,0
2020-05-05,Siskiyou,093,43540,5,5,0,5,0
2020-05-05,Solano,095,438530,386,299,0,299,4
2020-05-05,Sonoma,097,501317,326,263,0,263,3
2020-05-05,Stanislaus,099,539301,518,430,4,434,9
2020-05-05,Sutter,101,95872,36,29,0,29,2
2020-05-05,Tehama,103,63373,2,1,0,1,1
2020-05-05,Trinity,105,12862,2,0,0,0,0
2020-05-05,Tulare,107,460477,1437,869,6,875,40
2020-05-05,Tuolumne,109,53932,2,2,0,2,0
2020-05-05,Ventura,111,848112,829,607,1,608,19
2020-05-05,Yolo,113,214977,185,171,0,171,18
2020-05-05,Yuba,115,75493,22,15,0,15,1
2020-05-04,Alameda,001,1643700,2174,1762,3,1765,65
2020-05-04,Alpine,003,1148,1,1,0,1,0
2020-05-04,Amador,005,37829,7,8,0,8,0
2020-05-04,Butte,007,227075,28,16,1,17,0
2020-05-04,Calaveras,009,45235,10,13,0,13,0
2020-05-04,Colusa,011,21464,3,3,0,3,0
2020-05-04,Contra Costa,013,1133247,1081,949,0,949,28
2020-05-04,Del Norte,015,27424,5,3,0,3,0
2020-05-04,El Dorado,017,186661,65,51,0,51,0
2020-05-04,Fresno,019,978130,1378,680,16,696,8
2020-05-04,Glenn,021,27897,8,4,0,4,0
2020-05-04,Humboldt,023,135768,60,54,0,54,0
2020-05-04,Imperial,025,180216,743,351,0,351,6
2020-05-04,Inyo,027,18085,19,20,0,20,1
2020-05-04,Kern,029,883053,1389,1047,1,1048,8
2020-05-04,Kings,031,150075,314,153,1,154,1
2020-05-04,Lake,033,64148,9,7,0,7,0
2020-05-04,Lassen,035,31185,3,0,2,2,0
2020-05-04,Los Angeles,037,10098052,33672,26243,18,26261,1235
2020-05-04,Madera,039,155013,110,52,1,53,2
2020-05-04,Marin,041,260295,254,244,1,245,13
2020-05-04,Mariposa,043,17540,15,13,0,13,0
2020-05-04,Mendocino,045,87422,13,10,0,10,0
2020-05-04,Merced,047,269075,221,138,0,138,3
2020-05-04,Modoc,049,8938,0,0,0,0,0
2020-05-04,Mono,051,14174,32,25,0,25,1
2020-05-04,Monterey,053,433212,302,237,1,238,6
2020-05-04,Napa,055,140530,86,72,0,72,2
2020-05-04,Nevada,057,99092,41,41,1,42,1
2020-05-04,Orange,059,3164182,4526,2931,28,2959,57
2020-05-04,Placer,061,380077,179,162,0,162,8
2020-05-04,Plumas,063,18699,4,4,0,4,0
2020-05-04,Riverside,065,2383286,5287,4221,16,4237,147
2020-05-04,Sacramento,067,1510023,1167,1119,0,1119,44
2020-05-04,San Benito,069,59416,54,49,0,49,2
2020-05-04,San Bernardino,071,2135413,3031,2184,2,2186,99
2020-05-04,San Diego,073,3302833,5108,4022,0,4022,144
2020-05-04,San Francisco,075,870044,1979,1760,0,1760,31
2020-05-04,San Joaquin,077,732212,626,574,3,577,26
2020-05-04,San Luis Obispo,079,281455,281,202,3,205,1
2020-05-04,San Mateo,081,765935,1548,1313,2,1315,53
2020-05-04,Santa Barbara,083,443738,951,524,4,528,7
2020-05-04,Santa Clara,085,1922200,2750,2238,7,2245,119
2020-05-04,Santa Cruz,087,273765,142,133,0,133,2
2020-05-04,Shasta,089,179085,42,31,0,31,4
2020-05-04,Sierra,091,2930,0,0,0,0,0
2020-05-04,Siskiyou,093,43540,5,5,0,5,0
2020-05-04,Solano,095,438530,372,293,0,293,4
2020-05-04,Sonoma,097,501317,312,256,0,256,4
2020-05-04,Stanislaus,099,539301,512,422,4,426,8
2020-05-04,Sutter,101,95872,33,28,0,28,2
2020-05-04,Tehama,103,63373,2,1,0,1,1
2020-05-04,Trinity,105,12862,1,0,0,0,0
2020-05-04,Tulare,107,460477,1358,760,6,766,40
2020-05-04,Tuolumne,109,53932,2,3,0,3,0
2020-05-04,Ventura,111,848112,808,590,1,591,19
2020-05-04,Yolo,113,214977,184,171,0,171,18
2020-05-04,Yuba,115,75493,19,16,0,16,1
2020-05-03,Alameda,001,1643700,2117,1731,3,1734,64
2020-05-03,Alpine,003,1148,1,1,0,1,0
2020-05-03,Amador,005,37829,7,8,0,8,0
2020-05-03,Butte,007,227075,28,17,1,18,0
2020-05-03,Calaveras,009,45235,10,13,0,13,0
2020-05-03,Colusa,011,21464,3,3,0,3,0
2020-05-03,Contra Costa,013,1133247,1065,945,0,945,28
2020-05-03,Del Norte,015,27424,5,3,0,3,0
2020-05-03,El Dorado,017,186661,63,49,0,49,0
2020-05-03,Fresno,019,978130,1285,646,14,660,8
2020-05-03,Glenn,021,27897,7,5,0,5,0
2020-05-03,Humboldt,023,135768,59,54,0,54,0
2020-05-03,Imperial,025,180216,687,351,0,351,6
2020-05-03,Inyo,027,18085,19,20,0,20,1
2020-05-03,Kern,029,883053,1334,1025,1,1026,8
2020-05-03,Kings,031,150075,294,137,1,138,1
2020-05-03,Lake,033,64148,9,7,0,7,0
2020-05-03,Lassen,035,31185,3,0,2,2,0
2020-05-03,Los Angeles,037,10098052,32688,25708,18,25726,1210
2020-05-03,Madera,039,155013,103,46,1,47,2
2020-05-03,Marin,041,260295,249,243,1,244,13
2020-05-03,Mariposa,043,17540,15,13,0,13,0
2020-05-03,Mendocino,045,87422,13,10,0,10,0
2020-05-03,Merced,047,269075,213,134,0,134,3
2020-05-03,Modoc,049,8938,0,0,0,0,0
2020-05-03,Mono,051,14174,32,25,0,25,1
2020-05-03,Monterey,053,433212,293,235,1,236,6
2020-05-03,Napa,055,140530,86,72,0,72,2
2020-05-03,Nevada,057,99092,41,41,1,42,1
2020-05-03,Orange,059,3164182,4352,2859,27,2886,55
2020-05-03,Placer,061,380077,179,161,0,161,8
2020-05-03,Plumas,063,18699,4,4,0,4,0
2020-05-03,Riverside,065,2383286,5182,4034,16,4050,139
2020-05-03,Sacramento,067,1510023,1158,1109,0,1109,43
2020-05-03,San Benito,069,59416,54,49,0,49,2
2020-05-03,San Bernardino,071,2135413,2970,2123,2,2125,99
2020-05-03,San Diego,073,3302833,4970,3929,0,3929,142
2020-05-03,San Francisco,075,870044,1950,1692,0,1692,30
2020-05-03,San Joaquin,077,732212,619,570,3,573,26
2020-05-03,San Luis Obispo,079,281455,278,200,3,203,1
2020-05-03,San Mateo,081,765935,1520,1277,2,1279,53
2020-05-03,Santa Barbara,083,443738,591,512,4,516,7
2020-05-03,Santa Clara,085,1922200,2713,2235,7,2242,116
2020-05-03,Santa Cruz,087,273765,142,133,0,133,2
2020-05-03,Shasta,089,179085,40,31,0,31,4
2020-05-03,Sierra,091,2930,0,0,0,0,0
2020-05-03,Siskiyou,093,43540,5,5,0,5,0
2020-05-03,Solano,095,438530,362,266,0,266,4
2020-05-03,Sonoma,097,501317,303,254,0,254,4
2020-05-03,Stanislaus,099,539301,484,411,4,415,8
2020-05-03,Sutter,101,95872,31,28,0,28,2
2020-05-03,Tehama,103,63373,2,1,0,1,1
2020-05-03,Trinity,105,12862,1,0,0,0,0
2020-05-03,Tulare,107,460477,1279,736,6,742,40
2020-05-03,Tuolumne,109,53932,2,3,0,3,0
2020-05-03,Ventura,111,848112,774,583,1,584,19
2020-05-03,Yolo,113,214977,183,171,0,171,18
2020-05-03,Yuba,115,75493,19,16,0,16,1
2020-05-02,Alameda,001,1643700,2080,1678,3,1681,63
2020-05-02,Alpine,003,1148,1,1,0,1,0
2020-05-02,Amador,005,37829,7,8,0,8,0
2020-05-02,Butte,007,227075,28,17,1,18,0
2020-05-02,Calaveras,009,45235,10,13,0,13,0
2020-05-02,Colusa,011,21464,3,3,0,3,0
2020-05-02,Contra Costa,013,1133247,1047,929,0,929,28
2020-05-02,Del Norte,015,27424,5,3,0,3,0
2020-05-02,El Dorado,017,186661,63,47,0,47,0
2020-05-02,Fresno,019,978130,1259,629,13,642,8
2020-05-02,Glenn,021,27897,7,5,0,5,0
2020-05-02,Humboldt,023,135768,59,54,0,54,0
2020-05-02,Imperial,025,180216,660,345,0,345,6
2020-05-02,Inyo,027,18085,19,20,0,20,1
2020-05-02,Kern,029,883053,1308,1007,1,1008,8
2020-05-02,Kings,031,150075,291,120,1,121,1
2020-05-02,Lake,033,64148,9,7,0,7,0
2020-05-02,Lassen,035,31185,3,0,2,2,0
2020-05-02,Los Angeles,037,10098052,32159,24955,18,24973,1192
2020-05-02,Madera,039,155013,103,46,1,47,2
2020-05-02,Marin,041,260295,248,243,1,244,13
2020-05-02,Mariposa,043,17540,15,13,0,13,0
2020-05-02,Mendocino,045,87422,13,10,0,10,0
2020-05-02,Merced,047,269075,210,131,0,131,3
2020-05-02,Modoc,049,8938,0,0,0,0,0
2020-05-02,Mono,051,14174,32,25,0,25,1
2020-05-02,Monterey,053,433212,287,225,1,226,5
2020-05-02,Napa,055,140530,86,71,0,71,2
2020-05-02,Nevada,057,99092,41,41,1,42,1
2020-05-02,Orange,059,3164182,4238,2774,27,2801,52
2020-05-02,Placer,061,380077,177,150,0,150,8
2020-05-02,Plumas,063,18699,4,4,0,4,0
2020-05-02,Riverside,065,2383286,5116,3997,16,4013,137
2020-05-02,Sacramento,067,1510023,1155,1097,0,1097,43
2020-05-02,San Benito,069,59416,54,49,0,49,2
2020-05-02,San Bernardino,071,2135413,2931,2124,2,2126,99
2020-05-02,San Diego,073,3302833,4868,3844,0,3844,138
2020-05-02,San Francisco,075,870044,1927,1632,0,1632,29
2020-05-02,San Joaquin,077,732212,611,559,3,562,25
2020-05-02,San Luis Obispo,079,281455,272,193,3,196,1
2020-05-02,San Mateo,081,765935,1504,1272,2,1274,52
2020-05-02,Santa Barbara,083,443738,583,506,4,510,7
2020-05-02,Santa Clara,085,1922200,2703,2203,7,2210,115
2020-05-02,Santa Cruz,087,273765,141,131,0,131,2
2020-05-02,Shasta,089,179085,40,31,0,31,4
2020-05-02,Sierra,091,2930,0,0,0,0,0
2020-05-02,Siskiyou,093,43540,5,5,0,5,0
2020-05-02,Solano,095,438530,355,267,0,267,4
2020-05-02,Sonoma,097,501317,300,250,0,250,3
2020-05-02,Stanislaus,099,539301,476,388,4,392,8
2020-05-02,Sutter,101,95872,31,28,0,28,2
2020-05-02,Tehama,103,63373,2,1,0,1,1
2020-05-02,Trinity,105,12862,1,0,0,0,0
2020-05-02,Tulare,107,460477,1236,711,6,717,35
2020-05-02,Tuolumne,109,53932,2,3,0,3,0
2020-05-02,Ventura,111,848112,760,564,1,565,19
2020-05-02,Yolo,113,214977,183,169,0,169,17
2020-05-02,Yuba,115,75493,19,16,0,16,1
2020-05-01,Alameda,001,1643700,2042,1630,3,1633,63
2020-05-01,Alpine,003,1148,1,1,0,1,0
2020-05-01,Amador,005,37829,7,8,0,8,0
2020-05-01,Butte,007,227075,28,17,1,18,0
2020-05-01,Calaveras,009,45235,10,13,0,13,0
2020-05-01,Colusa,011,21464,3,3,0,3,0
2020-05-01,Contra Costa,013,1133247,1033,915,0,915,28
2020-05-01,Del Norte,015,27424,5,3,0,3,0
2020-05-01,El Dorado,017,186661,63,47,0,47,0
2020-05-01,Fresno,019,978130,1228,617,13,630,7
2020-05-01,Glenn,021,27897,7,4,0,4,0
2020-05-01,Humboldt,023,135768,59,54,0,54,0
2020-05-01,Imperial,025,180216,623,337,0,337,6
2020-05-01,Inyo,027,18085,19,20,0,20,1
2020-05-01,Kern,029,883053,1281,972,1,973,8
2020-05-01,Kings,031,150075,274,112,1,113,1
2020-05-01,Lake,033,64148,9,6,0,6,0
2020-05-01,Lassen,035,31185,3,0,2,2,0
2020-05-01,Los Angeles,037,10098052,31403,24306,18,24324,1155
2020-05-01,Madera,039,155013,99,46,1,47,2
2020-05-01,Marin,041,260295,248,242,1,243,13
2020-05-01,Mariposa,043,17540,15,10,0,10,0
2020-05-01,Mendocino,045,87422,13,11,0,11,0
2020-05-01,Merced,047,269075,207,131,0,131,3
2020-05-01,Modoc,049,8938,0,0,0,0,0
2020-05-01,Mono,051,14174,32,25,0,25,1
2020-05-01,Monterey,053,433212,283,222,1,223,5
2020-05-01,Napa,055,140530,86,69,0,69,2
2020-05-01,Nevada,057,99092,41,41,1,42,1
2020-05-01,Orange,059,3164182,4161,2660,25,2685,51
2020-05-01,Placer,061,380077,176,149,0,149,8
2020-05-01,Plumas,063,18699,4,4,0,4,0
2020-05-01,Riverside,065,2383286,5052,3893,16,3909,132
2020-05-01,Sacramento,067,1510023,1150,1081,0,1081,43
2020-05-01,San Benito,069,59416,54,49,0,49,2
2020-05-01,San Bernardino,071,2135413,2876,2084,2,2086,98
2020-05-01,San Diego,073,3302833,4777,3713,0,3713,134
2020-05-01,San Francisco,075,870044,1883,1552,0,1552,29
2020-05-01,San Joaquin,077,732212,607,554,3,557,25
2020-05-01,San Luis Obispo,079,281455,269,186,3,189,1
2020-05-01,San Mateo,081,765935,1482,1222,2,1224,52
2020-05-01,Santa Barbara,083,443738,574,499,3,502,7
2020-05-01,Santa Clara,085,1922200,2691,2176,7,2183,112
2020-05-01,Santa Cruz,087,273765,141,127,0,127,2
2020-05-01,Shasta,089,179085,40,31,0,31,4
2020-05-01,Sierra,091,2930,0,0,0,0,0
2020-05-01,Siskiyou,093,43540,5,5,0,5,0
2020-05-01,Solano,095,438530,347,266,0,266,4
2020-05-01,Sonoma,097,501317,297,242,0,242,3
2020-05-01,Stanislaus,099,539301,471,384,4,388,8
2020-05-01,Sutter,101,95872,31,28,0,28,2
2020-05-01,Tehama,103,63373,2,1,0,1,1
2020-05-01,Trinity,105,12862,1,0,0,0,0
2020-05-01,Tulare,107,460477,1192,685,6,691,32
2020-05-01,Tuolumne,109,53932,2,3,0,3,0
2020-05-01,Ventura,111,848112,747,556,1,557,18
2020-05-01,Yolo,113,214977,183,165,0,165,18
2020-05-01,Yuba,115,75493,19,16,0,16,1
2020-04-30,Alameda,001,1643700,1982,1599,3,1602,60
2020-04-30,Alpine,003,1148,1,1,0,1,0
2020-04-30,Amador,005,37829,7,8,0,8,0
2020-04-30,Butte,007,227075,28,16,1,17,0
2020-04-30,Calaveras,009,45235,10,13,0,13,0
2020-04-30,Colusa,011,21464,3,3,0,3,0
2020-04-30,Contra Costa,013,1133247,1011,900,0,900,25
2020-04-30,Del Norte,015,27424,4,3,0,3,0
2020-04-30,El Dorado,017,186661,63,44,0,44,0
2020-04-30,Fresno,019,978130,1163,562,10,572,7
2020-04-30,Glenn,021,27897,7,4,0,4,0
2020-04-30,Humboldt,023,135768,59,54,0,54,0
2020-04-30,Imperial,025,180216,577,322,0,322,6
2020-04-30,Inyo,027,18085,19,20,0,20,1
2020-04-30,Kern,029,883053,1249,941,1,942,8
2020-04-30,Kings,031,150075,262,87,1,88,1
2020-04-30,Lake,033,64148,9,6,0,6,0
2020-04-30,Lassen,035,31185,3,0,2,2,0
2020-04-30,Los Angeles,037,10098052,30396,23284,18,23302,1099
2020-04-30,Madera,039,155013,88,46,1,47,2
2020-04-30,Marin,041,260295,248,240,1,241,13
2020-04-30,Mariposa,043,17540,15,3,0,3,0
2020-04-30,Mendocino,045,87422,13,11,0,11,0
2020-04-30,Merced,047,269075,200,122,0,122,3
2020-04-30,Modoc,049,8938,0,0,0,0,0
2020-04-30,Mono,051,14174,31,25,0,25,1
2020-04-30,Monterey,053,433212,273,213,1,214,5
2020-04-30,Napa,055,140530,84,69,0,69,2
2020-04-30,Nevada,057,99092,41,41,1,42,1
2020-04-30,Orange,059,3164182,3938,2591,22,2613,46
2020-04-30,Placer,061,380077,175,148,0,148,8
2020-04-30,Plumas,063,18699,4,4,0,4,0
2020-04-30,Riverside,065,2383286,4952,3820,15,3835,124
2020-04-30,Sacramento,067,1510023,1144,1071,0,1071,43
2020-04-30,San Benito,069,59416,54,48,0,48,2
2020-04-30,San Bernardino,071,2135413,2674,2020,2,2022,96
2020-04-30,San Diego,073,3302833,4606,3566,0,3566,124
2020-04-30,San Francisco,075,870044,1849,1518,0,1518,26
2020-04-30,San Joaquin,077,732212,599,548,3,551,25
2020-04-30,San Luis Obispo,079,281455,266,182,3,185,1
2020-04-30,San Mateo,081,765935,1452,1194,2,1196,52
2020-04-30,Santa Barbara,083,443738,562,490,3,493,7
2020-04-30,Santa Clara,085,1922200,2651,2172,7,2179,111
2020-04-30,Santa Cruz,087,273765,140,126,0,126,2
2020-04-30,Shasta,089,179085,39,31,0,31,4
2020-04-30,Sierra,091,2930,0,0,0,0,0
2020-04-30,Siskiyou,093,43540,5,5,0,5,0
2020-04-30,Solano,095,438530,337,262,0,262,4
2020-04-30,Sonoma,097,501317,288,233,0,233,3
2020-04-30,Stanislaus,099,539301,464,378,4,382,7
2020-04-30,Sutter,101,95872,31,28,0,28,2
2020-04-30,Tehama,103,63373,1,1,0,1,1
2020-04-30,Trinity,105,12862,1,0,0,0,0
2020-04-30,Tulare,107,460477,1127,637,6,643,31
2020-04-30,Tuolumne,109,53932,2,3,0,3,0
2020-04-30,Ventura,111,848112,719,547,1,548,18
2020-04-30,Yolo,113,214977,182,164,0,164,16
2020-04-30,Yuba,115,75493,19,15,0,15,1
2020-04-29,Alameda,001,1643700,1924,1564,2,1566,60
2020-04-29,Alpine,003,1148,1,1,0,1,0
2020-04-29,Amador,005,37829,7,8,0,8,0
2020-04-29,Butte,007,227075,28,16,1,17,0
2020-04-29,Calaveras,009,45235,10,13,0,13,0
2020-04-29,Colusa,011,21464,3,3,0,3,0
2020-04-29,Contra Costa,013,1133247,992,885,0,885,25
2020-04-29,Del Norte,015,27424,4,3,0,3,0
2020-04-29,El Dorado,017,186661,61,44,0,44,0
2020-04-29,Fresno,019,978130,1111,544,10,554,7
2020-04-29,Glenn,021,27897,7,4,0,4,0
2020-04-29,Humboldt,023,135768,59,53,0,53,0
2020-04-29,Imperial,025,180216,547,300,0,300,6
2020-04-29,Inyo,027,18085,19,20,0,20,1
2020-04-29,Kern,029,883053,1206,910,1,911,6
2020-04-29,Kings,031,150075,243,80,1,81,1
2020-04-29,Lake,033,64148,9,6,0,6,0
2020-04-29,Lassen,035,31185,3,0,2,2,0
2020-04-29,Los Angeles,037,10098052,29419,22560,18,22578,1043
2020-04-29,Madera,039,155013,86,45,1,46,2
2020-04-29,Marin,041,260295,245,234,1,235,13
2020-04-29,Mariposa,043,17540,15,1,0,1,0
2020-04-29,Mendocino,045,87422,13,11,0,11,0
2020-04-29,Merced,047,269075,193,116,0,116,3
2020-04-29,Modoc,049,8938,0,0,0,0,0
2020-04-29,Mono,051,14174,31,25,0,25,1
2020-04-29,Monterey,053,433212,265,204,1,205,5
2020-04-29,Napa,055,140530,82,68,0,68,2
2020-04-29,Nevada,057,99092,41,41,1,42,1
2020-04-29,Orange,059,3164182,3802,2421,21,2442,43
2020-04-29,Placer,061,380077,173,145,0,145,8
2020-04-29,Plumas,063,18699,4,4,0,4,0
2020-04-29,Riverside,065,2383286,4876,3700,15,3715,116
2020-04-29,Sacramento,067,1510023,1122,1055,0,1055,41
2020-04-29,San Benito,069,59416,54,48,0,48,2
2020-04-29,San Bernardino,071,2135413,2587,1975,1,1976,91
2020-04-29,San Diego,073,3302833,4464,3434,0,3434,120
2020-04-29,San Francisco,075,870044,1820,1489,0,1489,23
2020-04-29,San Joaquin,077,732212,591,540,3,543,25
2020-04-29,San Luis Obispo,079,281455,264,181,3,184,1
2020-04-29,San Mateo,081,765935,1426,1170,2,1172,50
2020-04-29,Santa Barbara,083,443738,547,477,3,480,7
2020-04-29,Santa Clara,085,1922200,2625,2147,7,2154,108
2020-04-29,Santa Cruz,087,273765,139,124,0,124,2
2020-04-29,Shasta,089,179085,38,31,0,31,4
2020-04-29,Sierra,091,2930,0,0,0,0,0
2020-04-29,Siskiyou,093,43540,5,5,0,5,0
2020-04-29,Solano,095,438530,313,252,0,252,3
2020-04-29,Sonoma,097,501317,280,230,0,230,2
2020-04-29,Stanislaus,099,539301,451,374,4,378,5
2020-04-29,Sutter,101,95872,31,28,0,28,2
2020-04-29,Tehama,103,63373,1,1,0,1,1
2020-04-29,Trinity,105,12862,1,0,0,0,0
2020-04-29,Tulare,107,460477,1054,615,5,620,30
2020-04-29,Tuolumne,109,53932,2,4,0,4,0
2020-04-29,Ventura,111,848112,695,530,1,531,18
2020-04-29,Yolo,113,214977,179,161,0,161,11
2020-04-29,Yuba,115,75493,19,15,0,15,1
2020-04-28,Alameda,001,1643700,1867,1525,2,1527,55
2020-04-28,Alpine,003,1148,1,1,0,1,0
2020-04-28,Amador,005,37829,7,8,0,8,0
2020-04-28,Butte,007,227075,28,16,1,17,0
2020-04-28,Calaveras,009,45235,10,13,0,13,0
2020-04-28,Colusa,011,21464,3,3,0,3,0
2020-04-28,Contra Costa,013,1133247,985,866,0,866,25
2020-04-28,Del Norte,015,27424,4,3,0,3,0
2020-04-28,El Dorado,017,186661,60,43,0,43,0
2020-04-28,Fresno,019,978130,1060,525,8,533,7
2020-04-28,Glenn,021,27897,5,4,0,4,0
2020-04-28,Humboldt,023,135768,58,53,0,53,0
2020-04-28,Imperial,025,180216,513,295,0,295,6
2020-04-28,Inyo,027,18085,19,20,0,20,1
2020-04-28,Kern,029,883053,1163,882,1,883,5
2020-04-28,Kings,031,150075,230,57,1,58,1
2020-04-28,Lake,033,64148,9,6,0,6,0
2020-04-28,Lassen,035,31185,3,0,2,2,0
2020-04-28,Los Angeles,037,10098052,28353,21029,18,21047,984
2020-04-28,Madera,039,155013,86,44,1,45,2
2020-04-28,Marin,041,260295,244,228,1,229,12
2020-04-28,Mariposa,043,17540,15,0,0,0,0
2020-04-28,Mendocino,045,87422,13,10,0,10,0
2020-04-28,Merced,047,269075,186,108,0,108,3
2020-04-28,Modoc,049,8938,0,0,0,0,0
2020-04-28,Mono,051,14174,31,25,0,25,1
2020-04-28,Monterey,053,433212,259,191,1,192,5
2020-04-28,Napa,055,140530,81,67,0,67,2
2020-04-28,Nevada,057,99092,41,41,1,42,1
2020-04-28,Orange,059,3164182,3637,2324,20,2344,42
2020-04-28,Placer,061,380077,163,143,0,143,8
2020-04-28,Plumas,063,18699,4,4,0,4,0
2020-04-28,Riverside,065,2383286,4781,3504,15,3519,113
2020-04-28,Sacramento,067,1510023,1107,1044,0,1044,41
2020-04-28,San Benito,069,59416,52,46,0,46,2
2020-04-28,San Bernardino,071,2135413,2510,1891,1,1892,89
2020-04-28,San Diego,073,3302833,4334,3316,0,3316,118
2020-04-28,San Francisco,075,870044,1785,1471,0,1471,23
2020-04-28,San Joaquin,077,732212,585,532,3,535,25
2020-04-28,San Luis Obispo,079,281455,257,172,3,175,1
2020-04-28,San Mateo,081,765935,1413,1129,2,1131,48
2020-04-28,Santa Barbara,083,443738,542,469,2,471,7
2020-04-28,Santa Clara,085,1922200,2591,2130,7,2137,106
2020-04-28,Santa Cruz,087,273765,139,123,0,123,2
2020-04-28,Shasta,089,179085,38,29,0,29,4
2020-04-28,Sierra,091,2930,0,0,0,0,0
2020-04-28,Siskiyou,093,43540,5,5,0,5,0
2020-04-28,Solano,095,438530,294,246,0,246,3
2020-04-28,Sonoma,097,501317,277,226,0,226,1
2020-04-28,Stanislaus,099,539301,435,330,4,334,5
2020-04-28,Sutter,101,95872,31,25,0,25,2
2020-04-28,Tehama,103,63373,1,1,0,1,1
2020-04-28,Trinity,105,12862,1,0,0,0,0
2020-04-28,Tulare,107,460477,958,579,5,584,30
2020-04-28,Tuolumne,109,53932,2,4,0,4,0
2020-04-28,Ventura,111,848112,675,517,1,518,17
2020-04-28,Yolo,113,214977,179,160,0,160,10
2020-04-28,Yuba,115,75493,19,15,0,15,1
2020-04-27,Alameda,001,1643700,1807,1494,2,1496,53
2020-04-27,Alpine,003,1148,1,1,0,1,0
2020-04-27,Amador,005,37829,7,8,0,8,0
2020-04-27,Butte,007,227075,27,16,1,17,0
2020-04-27,Calaveras,009,45235,10,13,0,13,0
2020-04-27,Colusa,011,21464,3,3,0,3,0
2020-04-27,Contra Costa,013,1133247,973,843,0,843,25
2020-04-27,Del Norte,015,27424,4,3,0,3,0
2020-04-27,El Dorado,017,186661,59,43,0,43,0
2020-04-27,Fresno,019,978130,957,504,7,511,7
2020-04-27,Glenn,021,27897,5,4,0,4,0
2020-04-27,Humboldt,023,135768,58,52,0,52,0
2020-04-27,Imperial,025,180216,483,290,0,290,6
2020-04-27,Inyo,027,18085,19,20,0,20,1
2020-04-27,Kern,029,883053,1124,865,1,866,4
2020-04-27,Kings,031,150075,207,48,1,49,1
2020-04-27,Lake,033,64148,8,6,0,6,0
2020-04-27,Lassen,035,31185,3,0,2,2,0
2020-04-27,Los Angeles,037,10098052,27335,20456,18,20474,931
2020-04-27,Madera,039,155013,84,42,1,43,2
2020-04-27,Marin,041,260295,239,227,1,228,12
2020-04-27,Mariposa,043,17540,14,0,0,0,0
2020-04-27,Mendocino,045,87422,13,10,0,10,0
2020-04-27,Merced,047,269075,183,108,0,108,3
2020-04-27,Modoc,049,8938,0,0,0,0,0
2020-04-27,Mono,051,14174,31,23,0,23,1
2020-04-27,Monterey,053,433212,252,185,1,186,4
2020-04-27,Napa,055,140530,77,64,0,64,2
2020-04-27,Nevada,057,99092,41,39,1,40,1
2020-04-27,Orange,059,3164182,3468,2198,20,2218,42
2020-04-27,Placer,061,380077,163,142,0,142,8
2020-04-27,Plumas,063,18699,4,4,0,4,0
2020-04-27,Riverside,065,2383286,4658,3381,15,3396,100
2020-04-27,Sacramento,067,1510023,1092,1035,0,1035,41
2020-04-27,San Benito,069,59416,50,45,0,45,2
2020-04-27,San Bernardino,071,2135413,2396,1742,1,1743,82
2020-04-27,San Diego,073,3302833,4208,3143,0,3143,113
2020-04-27,San Francisco,075,870044,1731,1453,0,1453,23
2020-04-27,San Joaquin,077,732212,579,522,3,525,25
2020-04-27,San Luis Obispo,079,281455,249,166,3,169,1
2020-04-27,San Mateo,081,765935,1391,1092,2,1094,46
2020-04-27,Santa Barbara,083,443738,533,466,2,468,7
2020-04-27,Santa Clara,085,1922200,2566,2104,6,2110,105
2020-04-27,Santa Cruz,087,273765,139,123,0,123,2
2020-04-27,Shasta,089,179085,38,29,0,29,4
2020-04-27,Sierra,091,2930,0,0,0,0,0
2020-04-27,Siskiyou,093,43540,5,5,0,5,0
2020-04-27,Solano,095,438530,294,222,0,222,3
2020-04-27,Sonoma,097,501317,268,220,0,220,1
2020-04-27,Stanislaus,099,539301,419,316,4,320,5
2020-04-27,Sutter,101,95872,29,26,0,26,2
2020-04-27,Tehama,103,63373,1,1,0,1,1
2020-04-27,Trinity,105,12862,1,0,0,0,0
2020-04-27,Tulare,107,460477,887,535,5,540,28
2020-04-27,Tuolumne,109,53932,2,3,0,3,0
2020-04-27,Ventura,111,848112,656,513,1,514,17
2020-04-27,Yolo,113,214977,176,160,0,160,9
2020-04-27,Yuba,115,75493,19,15,0,15,1
2020-04-26,Alameda,001,1643700,1746,1449,2,1451,52
2020-04-26,Alpine,003,1148,1,1,0,1,0
2020-04-26,Amador,005,37829,7,8,0,8,0
2020-04-26,Butte,007,227075,27,16,1,17,0
2020-04-26,Calaveras,009,45235,10,13,0,13,0
2020-04-26,Colusa,011,21464,3,3,0,3,0
2020-04-26,Contra Costa,013,1133247,957,830,0,830,25
2020-04-26,Del Norte,015,27424,3,3,0,3,0
2020-04-26,El Dorado,017,186661,57,41,0,41,0
2020-04-26,Fresno,019,978130,863,476,7,483,7
2020-04-26,Glenn,021,27897,5,4,0,4,0
2020-04-26,Humboldt,023,135768,58,53,0,53,0
2020-04-26,Imperial,025,180216,449,272,0,272,6
2020-04-26,Inyo,027,18085,19,20,0,20,1
2020-04-26,Kern,029,883053,1074,831,1,832,4
2020-04-26,Kings,031,150075,182,33,1,34,1
2020-04-26,Lake,033,64148,8,6,0,6,0
2020-04-26,Lassen,035,31185,3,0,2,2,0
2020-04-26,Los Angeles,037,10098052,26184,19570,18,19588,901
2020-04-26,Madera,039,155013,82,39,1,40,2
2020-04-26,Marin,041,260295,233,225,1,226,12
2020-04-26,Mariposa,043,17540,14,0,0,0,0
2020-04-26,Mendocino,045,87422,13,5,0,5,0
2020-04-26,Merced,047,269075,166,104,0,104,3
2020-04-26,Modoc,049,8938,0,0,0,0,0
2020-04-26,Mono,051,14174,31,23,0,23,1
2020-04-26,Monterey,053,433212,245,182,1,183,4
2020-04-26,Napa,055,140530,76,62,0,62,2
2020-04-26,Nevada,057,99092,41,37,1,38,1
2020-04-26,Orange,059,3164182,3303,2124,20,2144,40
2020-04-26,Placer,061,380077,162,141,0,141,8
2020-04-26,Plumas,063,18699,4,4,0,4,0
2020-04-26,Riverside,065,2383286,4515,3301,15,3316,95
2020-04-26,Sacramento,067,1510023,1083,1027,0,1027,41
2020-04-26,San Benito,069,59416,50,45,0,45,2
2020-04-26,San Bernardino,071,2135413,2300,1681,1,1682,82
2020-04-26,San Diego,073,3302833,4066,3045,0,3045,111
2020-04-26,San Francisco,075,870044,1692,1403,0,1403,23
2020-04-26,San Joaquin,077,732212,571,514,3,517,25
2020-04-26,San Luis Obispo,079,281455,246,165,3,168,1
2020-04-26,San Mateo,081,765935,1365,1070,2,1072,46
2020-04-26,Santa Barbara,083,443738,526,464,2,466,7
2020-04-26,Santa Clara,085,1922200,2543,2097,5,2102,102
2020-04-26,Santa Cruz,087,273765,139,116,0,116,2
2020-04-26,Shasta,089,179085,35,29,0,29,4
2020-04-26,Sierra,091,2930,0,0,0,0,0
2020-04-26,Siskiyou,093,43540,5,5,0,5,0
2020-04-26,Solano,095,438530,285,205,0,205,3
2020-04-26,Sonoma,097,501317,257,216,0,216,1
2020-04-26,Stanislaus,099,539301,404,294,4,298,4
2020-04-26,Sutter,101,95872,29,26,0,26,2
2020-04-26,Tehama,103,63373,1,1,0,1,1
2020-04-26,Trinity,105,12862,1,0,0,0,0
2020-04-26,Tulare,107,460477,828,497,5,502,28
2020-04-26,Tuolumne,109,53932,2,3,0,3,0
2020-04-26,Ventura,111,848112,638,509,1,510,17
2020-04-26,Yolo,113,214977,175,158,0,158,8
2020-04-26,Yuba,115,75493,18,15,0,15,1
2020-04-25,Alameda,001,1643700,1721,1396,2,1398,52
2020-04-25,Alpine,003,1148,1,1,0,1,0
2020-04-25,Amador,005,37829,7,8,0,8,0
2020-04-25,Butte,007,227075,26,16,1,17,0
2020-04-25,Calaveras,009,45235,10,12,0,12,0
2020-04-25,Colusa,011,21464,3,3,0,3,0
2020-04-25,Contra Costa,013,1133247,943,821,0,821,24
2020-04-25,Del Norte,015,27424,2,2,0,2,0
2020-04-25,El Dorado,017,186661,56,41,0,41,0
2020-04-25,Fresno,019,978130,831,459,6,465,7
2020-04-25,Glenn,021,27897,5,4,0,4,0
2020-04-25,Humboldt,023,135768,58,53,0,53,0
2020-04-25,Imperial,025,180216,432,232,0,232,6
2020-04-25,Inyo,027,18085,19,20,0,20,1
2020-04-25,Kern,029,883053,1043,802,1,803,4
2020-04-25,Kings,031,150075,170,33,1,34,1
2020-04-25,Lake,033,64148,6,6,0,6,0
2020-04-25,Lassen,035,31185,3,0,2,2,0
2020-04-25,Los Angeles,037,10098052,25550,19144,18,19162,881
2020-04-25,Madera,039,155013,79,39,1,40,2
2020-04-25,Marin,041,260295,233,215,1,216,12
2020-04-25,Mariposa,043,17540,14,0,0,0,0
2020-04-25,Mendocino,045,87422,12,5,0,5,0
2020-04-25,Merced,047,269075,166,103,0,103,3
2020-04-25,Modoc,049,8938,0,0,0,0,0
2020-04-25,Mono,051,14174,31,23,0,23,1
2020-04-25,Monterey,053,433212,243,173,1,174,4
2020-04-25,Napa,055,140530,76,60,0,60,2
2020-04-25,Nevada,057,99092,41,37,1,38,1
2020-04-25,Orange,059,3164182,3194,2047,20,2067,40
2020-04-25,Placer,061,380077,162,137,0,137,8
2020-04-25,Plumas,063,18699,4,4,0,4,0
2020-04-25,Riverside,065,2383286,4425,3037,15,3052,93
2020-04-25,Sacramento,067,1510023,1081,1015,0,1015,41
2020-04-25,San Benito,069,59416,50,45,0,45,2
2020-04-25,San Bernardino,071,2135413,2255,1675,1,1676,82
2020-04-25,San Diego,073,3302833,3966,2945,0,2945,111
2020-04-25,San Francisco,075,870044,1667,1341,0,1341,22
2020-04-25,San Joaquin,077,732212,564,497,3,500,24
2020-04-25,San Luis Obispo,079,281455,245,159,3,162,1
2020-04-25,San Mateo,081,765935,1347,1054,2,1056,46
2020-04-25,Santa Barbara,083,443738,519,457,2,459,7
2020-04-25,Santa Clara,085,1922200,2521,2045,4,2049,99
2020-04-25,Santa Cruz,087,273765,139,112,0,112,2
2020-04-25,Shasta,089,179085,35,29,0,29,4
2020-04-25,Sierra,091,2930,0,0,0,0,0
2020-04-25,Siskiyou,093,43540,5,5,0,5,0
2020-04-25,Solano,095,438530,281,203,0,203,3
2020-04-25,Sonoma,097,501317,253,199,0,199,1
2020-04-25,Stanislaus,099,539301,396,276,4,280,4
2020-04-25,Sutter,101,95872,29,24,0,24,2
2020-04-25,Tehama,103,63373,1,1,0,1,1
2020-04-25,Trinity,105,12862,0,0,0,0,0
2020-04-25,Tulare,107,460477,795,478,5,483,28
2020-04-25,Tuolumne,109,53932,2,2,0,2,0
2020-04-25,Ventura,111,848112,624,494,1,495,16
2020-04-25,Yolo,113,214977,175,157,0,157,8
2020-04-25,Yuba,115,75493,17,15,0,15,1
2020-04-24,Alameda,001,1643700,1690,1385,2,1387,50
2020-04-24,Alpine,003,1148,1,1,0,1,0
2020-04-24,Amador,005,37829,7,8,0,8,0
2020-04-24,Butte,007,227075,25,15,1,16,0
2020-04-24,Calaveras,009,45235,10,12,0,12,0
2020-04-24,Colusa,011,21464,3,3,0,3,0
2020-04-24,Contra Costa,013,1133247,934,806,0,806,23
2020-04-24,Del Norte,015,27424,2,2,0,2,0
2020-04-24,El Dorado,017,186661,55,41,0,41,0
2020-04-24,Fresno,019,978130,808,449,6,455,7
2020-04-24,Glenn,021,27897,5,4,0,4,0
2020-04-24,Humboldt,023,135768,58,53,0,53,0
2020-04-24,Imperial,025,180216,416,232,0,232,6
2020-04-24,Inyo,027,18085,19,20,0,20,0
2020-04-24,Kern,029,883053,1019,770,1,771,4
2020-04-24,Kings,031,150075,141,30,1,31,1
2020-04-24,Lake,033,64148,6,6,0,6,0
2020-04-24,Lassen,035,31185,3,0,2,2,0
2020-04-24,Los Angeles,037,10098052,24619,18553,18,18571,836
2020-04-24,Madera,039,155013,79,39,1,40,2
2020-04-24,Marin,041,260295,233,211,1,212,11
2020-04-24,Mariposa,043,17540,8,0,0,0,0
2020-04-24,Mendocino,045,87422,12,5,0,5,0
2020-04-24,Merced,047,269075,163,102,0,102,3
2020-04-24,Modoc,049,8938,0,0,0,0,0
2020-04-24,Mono,051,14174,30,23,0,23,1
2020-04-24,Monterey,053,433212,236,167,1,168,4
2020-04-24,Napa,055,140530,75,59,0,59,2
2020-04-24,Nevada,057,99092,41,36,1,37,1
2020-04-24,Orange,059,3164182,3087,1945,20,1965,39
2020-04-24,Placer,061,380077,160,137,0,137,8
2020-04-24,Plumas,063,18699,4,4,0,4,0
2020-04-24,Riverside,065,2383286,4344,3044,15,3059,87
2020-04-24,Sacramento,067,1510023,1075,1009,0,1009,41
2020-04-24,San Benito,069,59416,50,45,0,45,2
2020-04-24,San Bernardino,071,2135413,2220,1667,1,1668,80
2020-04-24,San Diego,073,3302833,3855,2828,0,2828,102
2020-04-24,San Francisco,075,870044,1609,1345,0,1345,22
2020-04-24,San Joaquin,077,732212,557,484,3,487,24
2020-04-24,San Luis Obispo,079,281455,242,151,3,154,1
2020-04-24,San Mateo,081,765935,1324,1004,2,1006,43
2020-04-24,Santa Barbara,083,443738,513,450,2,452,6
2020-04-24,Santa Clara,085,1922200,2478,2026,4,2030,98
2020-04-24,Santa Cruz,087,273765,135,111,0,111,2
2020-04-24,Shasta,089,179085,35,28,0,28,4
2020-04-24,Sierra,091,2930,0,0,0,0,0
2020-04-24,Siskiyou,093,43540,5,5,0,5,0
2020-04-24,Solano,095,438530,279,203,0,203,3
2020-04-24,Sonoma,097,501317,249,199,0,199,1
2020-04-24,Stanislaus,099,539301,393,273,4,277,4
2020-04-24,Sutter,101,95872,28,24,0,24,2
2020-04-24,Tehama,103,63373,1,1,0,1,1
2020-04-24,Trinity,105,12862,0,0,0,0,0
2020-04-24,Tulare,107,460477,767,459,5,464,27
2020-04-24,Tuolumne,109,53932,2,2,0,2,0
2020-04-24,Ventura,111,848112,614,489,1,490,16
2020-04-24,Yolo,113,214977,174,155,0,155,8
2020-04-24,Yuba,115,75493,16,15,0,15,1
2020-04-23,Alameda,001,1643700,1652,1336,2,1338,46
2020-04-23,Alpine,003,1148,1,1,0,1,0
2020-04-23,Amador,005,37829,7,8,0,8,0
2020-04-23,Butte,007,227075,25,15,1,16,0
2020-04-23,Calaveras,009,45235,10,12,0,12,0
2020-04-23,Colusa,011,21464,3,3,0,3,0
2020-04-23,Contra Costa,013,1133247,913,786,0,786,23
2020-04-23,Del Norte,015,27424,2,2,0,2,0
2020-04-23,El Dorado,017,186661,54,39,0,39,0
2020-04-23,Fresno,019,978130,770,426,6,432,7
2020-04-23,Glenn,021,27897,5,3,0,3,0
2020-04-23,Humboldt,023,135768,58,53,0,53,0
2020-04-23,Imperial,025,180216,395,181,0,181,4
2020-04-23,Inyo,027,18085,19,19,0,19,0
2020-04-23,Kern,029,883053,971,732,1,733,4
2020-04-23,Kings,031,150075,126,28,1,29,1
2020-04-23,Lake,033,64148,6,6,0,6,0
2020-04-23,Lassen,035,31185,3,0,2,2,0
2020-04-23,Los Angeles,037,10098052,23559,17548,17,17565,784
2020-04-23,Madera,039,155013,77,37,1,38,2
2020-04-23,Marin,041,260295,220,209,1,210,11
2020-04-23,Mariposa,043,17540,7,0,0,0,0
2020-04-23,Mendocino,045,87422,10,5,0,5,0
2020-04-23,Merced,047,269075,159,98,0,98,3
2020-04-23,Modoc,049,8938,0,0,0,0,0
2020-04-23,Mono,051,14174,30,23,0,23,1
2020-04-23,Monterey,053,433212,232,161,1,162,4
2020-04-23,Napa,055,140530,68,59,0,59,2
2020-04-23,Nevada,057,99092,41,36,1,37,1
2020-04-23,Orange,059,3164182,2909,1841,19,1860,37
2020-04-23,Placer,061,380077,157,136,0,136,8
2020-04-23,Plumas,063,18699,4,4,0,4,0
2020-04-23,Riverside,065,2383286,4230,2935,14,2949,78
2020-04-23,Sacramento,067,1510023,1063,978,0,978,41
2020-04-23,San Benito,069,59416,47,43,0,43,2
2020-04-23,San Bernardino,071,2135413,2155,1604,1,1605,79
2020-04-23,San Diego,073,3302833,3694,2645,0,2645,100
2020-04-23,San Francisco,075,870044,1584,1312,0,1312,21
2020-04-23,San Joaquin,077,732212,547,479,3,482,20
2020-04-23,San Luis Obispo,079,281455,238,146,3,149,1
2020-04-23,San Mateo,081,765935,1285,970,2,972,42
2020-04-23,Santa Barbara,083,443738,507,445,2,447,6
2020-04-23,Santa Clara,085,1922200,2443,1996,4,2000,95
2020-04-23,Santa Cruz,087,273765,134,110,0,110,2
2020-04-23,Shasta,089,179085,35,27,0,27,3
2020-04-23,Sierra,091,2930,0,0,0,0,0
2020-04-23,Siskiyou,093,43540,5,5,0,5,0
2020-04-23,Solano,095,438530,265,196,0,196,3
2020-04-23,Sonoma,097,501317,237,187,0,187,1
2020-04-23,Stanislaus,099,539301,389,254,4,258,4
2020-04-23,Sutter,101,95872,28,24,0,24,2
2020-04-23,Tehama,103,63373,1,1,0,1,1
2020-04-23,Trinity,105,12862,0,0,0,0,0
2020-04-23,Tulare,107,460477,738,440,5,445,25
2020-04-23,Tuolumne,109,53932,2,2,0,2,0
2020-04-23,Ventura,111,848112,600,479,1,480,16
2020-04-23,Yolo,113,214977,171,151,0,151,8
2020-04-23,Yuba,115,75493,16,15,0,15,1
2020-04-22,Alameda,001,1643700,1603,1275,2,1277,46
2020-04-22,Alpine,003,1148,1,1,0,1,0
2020-04-22,Amador,005,37829,7,7,0,7,0
2020-04-22,Butte,007,227075,24,15,1,16,0
2020-04-22,Calaveras,009,45235,10,12,0,12,0
2020-04-22,Colusa,011,21464,3,3,0,3,0
2020-04-22,Contra Costa,013,1133247,898,772,0,772,22
2020-04-22,Del Norte,015,27424,2,2,0,2,0
2020-04-22,El Dorado,017,186661,54,39,0,39,0
2020-04-22,Fresno,019,978130,730,388,6,394,7
2020-04-22,Glenn,021,27897,5,3,0,3,0
2020-04-22,Humboldt,023,135768,58,53,0,53,0
2020-04-22,Imperial,025,180216,384,170,0,170,3
2020-04-22,Inyo,027,18085,19,18,0,18,0
2020-04-22,Kern,029,883053,949,713,1,714,4
2020-04-22,Kings,031,150075,105,28,1,29,1
2020-04-22,Lake,033,64148,6,6,0,6,0
2020-04-22,Lassen,035,31185,3,0,2,2,0
2020-04-22,Los Angeles,037,10098052,22533,16400,17,16417,715
2020-04-22,Madera,039,155013,75,37,1,38,2
2020-04-22,Marin,041,260295,218,202,1,203,11
2020-04-22,Mariposa,043,17540,6,0,0,0,0
2020-04-22,Mendocino,045,87422,7,5,0,5,0
2020-04-22,Merced,047,269075,147,92,0,92,3
2020-04-22,Modoc,049,8938,0,0,0,0,0
2020-04-22,Mono,051,14174,29,23,0,23,1
2020-04-22,Monterey,053,433212,225,154,1,155,4
2020-04-22,Napa,055,140530,67,58,0,58,2
2020-04-22,Nevada,057,99092,41,36,1,37,1
2020-04-22,Orange,059,3164182,2815,1785,18,1803,36
2020-04-22,Placer,061,380077,155,133,0,133,8
2020-04-22,Plumas,063,18699,4,4,0,4,0
2020-04-22,Riverside,065,2383286,4126,2822,14,2836,76
2020-04-22,Sacramento,067,1510023,1058,959,0,959,36
2020-04-22,San Benito,069,59416,46,43,0,43,2
2020-04-22,San Bernardino,071,2135413,2092,1564,1,1565,74
2020-04-22,San Diego,073,3302833,3566,2493,0,2493,96
2020-04-22,San Francisco,075,870044,1547,1255,0,1255,21
2020-04-22,San Joaquin,077,732212,536,462,3,465,20
2020-04-22,San Luis Obispo,079,281455,229,142,3,145,1
2020-04-22,San Mateo,081,765935,1262,945,2,947,40
2020-04-22,Santa Barbara,083,443738,502,437,2,439,6
2020-04-22,Santa Clara,085,1922200,2427,1969,4,1973,95
2020-04-22,Santa Cruz,087,273765,130,106,0,106,2
2020-04-22,Shasta,089,179085,34,26,0,26,3
2020-04-22,Sierra,091,2930,0,0,0,0,0
2020-04-22,Siskiyou,093,43540,5,5,0,5,0
2020-04-22,Solano,095,438530,246,195,0,195,3
2020-04-22,Sonoma,097,501317,234,185,0,185,1
2020-04-22,Stanislaus,099,539301,332,247,4,251,4
2020-04-22,Sutter,101,95872,28,22,0,22,2
2020-04-22,Tehama,103,63373,1,1,0,1,1
2020-04-22,Trinity,105,12862,0,0,0,0,0
2020-04-22,Tulare,107,460477,704,425,5,430,23
2020-04-22,Tuolumne,109,53932,2,2,0,2,0
2020-04-22,Ventura,111,848112,590,465,1,466,15
2020-04-22,Yolo,113,214977,171,147,0,147,8
2020-04-22,Yuba,115,75493,16,15,0,15,1
2020-04-21,Alameda,001,1643700,1573,1234,2,1236,46
2020-04-21,Alpine,003,1148,1,1,0,1,0
2020-04-21,Amador,005,37829,7,7,0,7,0
2020-04-21,Butte,007,227075,23,15,1,16,0
2020-04-21,Calaveras,009,45235,9,12,0,12,0
2020-04-21,Colusa,011,21464,3,3,0,3,0
2020-04-21,Contra Costa,013,1133247,884,766,0,766,22
2020-04-21,Del Norte,015,27424,2,2,0,2,0
2020-04-21,El Dorado,017,186661,53,36,0,36,0
2020-04-21,Fresno,019,978130,696,372,6,378,7
2020-04-21,Glenn,021,27897,5,3,0,3,0
2020-04-21,Humboldt,023,135768,57,53,0,53,0
2020-04-21,Imperial,025,180216,364,165,0,165,2
2020-04-21,Inyo,027,18085,19,18,0,18,0
2020-04-21,Kern,029,883053,907,676,1,677,4
2020-04-21,Kings,031,150075,91,28,1,29,1
2020-04-21,Lake,033,64148,6,6,0,6,0
2020-04-21,Lassen,035,31185,3,0,2,2,0
2020-04-21,Los Angeles,037,10098052,21673,15096,17,15113,650
2020-04-21,Madera,039,155013,75,37,1,38,2
2020-04-21,Marin,041,260295,212,202,1,203,10
2020-04-21,Mariposa,043,17540,5,0,0,0,0
2020-04-21,Mendocino,045,87422,7,5,0,5,0
2020-04-21,Merced,047,269075,143,89,0,89,3
2020-04-21,Modoc,049,8938,0,0,0,0,0
2020-04-21,Mono,051,14174,29,23,0,23,1
2020-04-21,Monterey,053,433212,222,151,1,152,4
2020-04-21,Napa,055,140530,66,58,0,58,2
2020-04-21,Nevada,057,99092,41,36,1,37,1
2020-04-21,Orange,059,3164182,2692,1717,17,1734,36
2020-04-21,Placer,061,380077,153,133,0,133,8
2020-04-21,Plumas,063,18699,4,4,0,4,0
2020-04-21,Riverside,065,2383286,3995,2631,14,2645,68
2020-04-21,Sacramento,067,1510023,1048,941,0,941,33
2020-04-21,San Benito,069,59416,45,43,0,43,2
2020-04-21,San Bernardino,071,2135413,2031,1499,1,1500,71
2020-04-21,San Diego,073,3302833,3410,2436,0,2436,87
2020-04-21,San Francisco,075,870044,1517,1232,0,1232,20
2020-04-21,San Joaquin,077,732212,526,447,3,450,20
2020-04-21,San Luis Obispo,079,281455,221,134,3,137,1
2020-04-21,San Mateo,081,765935,1216,933,2,935,34
2020-04-21,Santa Barbara,083,443738,492,414,2,416,5
2020-04-21,Santa Clara,085,1922200,2377,1943,4,1947,91
2020-04-21,Santa Cruz,087,273765,128,104,0,104,2
2020-04-21,Shasta,089,179085,33,26,0,26,3
2020-04-21,Sierra,091,2930,0,0,0,0,0
2020-04-21,Siskiyou,093,43540,5,5,0,5,0
2020-04-21,Solano,095,438530,238,193,0,193,3
2020-04-21,Sonoma,097,501317,224,182,0,182,1
2020-04-21,Stanislaus,099,539301,313,235,4,239,4
2020-04-21,Sutter,101,95872,28,22,0,22,2
2020-04-21,Tehama,103,63373,1,1,0,1,1
2020-04-21,Trinity,105,12862,0,0,0,0,0
2020-04-21,Tulare,107,460477,667,410,5,415,23
2020-04-21,Tuolumne,109,53932,2,2,0,2,0
2020-04-21,Ventura,111,848112,578,455,1,456,14
2020-04-21,Yolo,113,214977,169,143,0,143,8
2020-04-21,Yuba,115,75493,16,15,0,15,1
2020-04-20,Alameda,001,1643700,1540,1181,2,1183,42
2020-04-20,Alpine,003,1148,1,1,0,1,0
2020-04-20,Amador,005,37829,7,7,0,7,0
2020-04-20,Butte,007,227075,23,15,1,16,0
2020-04-20,Calaveras,009,45235,9,12,0,12,0
2020-04-20,Colusa,011,21464,3,3,0,3,0
2020-04-20,Contra Costa,013,1133247,874,753,0,753,22
2020-04-20,Del Norte,015,27424,2,2,0,2,0
2020-04-20,El Dorado,017,186661,53,36,0,36,0
2020-04-20,Fresno,019,978130,678,356,6,362,7
2020-04-20,Glenn,021,27897,4,3,0,3,0
2020-04-20,Humboldt,023,135768,57,53,0,53,0
2020-04-20,Imperial,025,180216,345,149,0,149,2
2020-04-20,Inyo,027,18085,19,17,0,17,0
2020-04-20,Kern,029,883053,875,651,1,652,3
2020-04-20,Kings,031,150075,80,19,1,20,1
2020-04-20,Lake,033,64148,6,6,0,6,0
2020-04-20,Lassen,035,31185,3,0,2,2,0
2020-04-20,Los Angeles,037,10098052,20758,13787,17,13804,608
2020-04-20,Madera,039,155013,74,35,1,36,2
2020-04-20,Marin,041,260295,208,200,1,201,10
2020-04-20,Mariposa,043,17540,5,0,0,0,0
2020-04-20,Mendocino,045,87422,7,5,0,5,0
2020-04-20,Merced,047,269075,136,88,0,88,3
2020-04-20,Modoc,049,8938,0,0,0,0,0
2020-04-20,Mono,051,14174,29,23,0,23,1
2020-04-20,Monterey,053,433212,213,147,1,148,4
2020-04-20,Napa,055,140530,66,55,0,55,2
2020-04-20,Nevada,057,99092,41,34,1,35,1
2020-04-20,Orange,059,3164182,2608,1679,17,1696,33
2020-04-20,Placer,061,380077,152,132,0,132,8
2020-04-20,Plumas,063,18699,4,4,0,4,0
2020-04-20,Riverside,065,2383286,3870,2477,14,2491,61
2020-04-20,Sacramento,067,1510023,1038,924,0,924,32
2020-04-20,San Benito,069,59416,45,43,0,43,2
2020-04-20,San Bernardino,071,2135413,1944,1344,1,1345,63
2020-04-20,San Diego,073,3302833,3268,2327,0,2327,72
2020-04-20,San Francisco,075,870044,1485,1223,0,1223,19
2020-04-20,San Joaquin,077,732212,522,422,3,425,17
2020-04-20,San Luis Obispo,079,281455,207,132,3,135,1
2020-04-20,San Mateo,081,765935,1193,890,2,892,31
2020-04-20,Santa Barbara,083,443738,485,388,2,390,4
2020-04-20,Santa Clara,085,1922200,2346,1920,4,1924,84
2020-04-20,Santa Cruz,087,273765,126,102,0,102,2
2020-04-20,Shasta,089,179085,33,26,0,26,3
2020-04-20,Sierra,091,2930,0,0,0,0,0
2020-04-20,Siskiyou,093,43540,5,5,0,5,0
2020-04-20,Solano,095,438530,235,185,0,185,2
2020-04-20,Sonoma,097,501317,216,178,0,178,1
2020-04-20,Stanislaus,099,539301,299,228,4,232,3
2020-04-20,Sutter,101,95872,27,22,0,22,2
2020-04-20,Tehama,103,63373,1,1,0,1,1
2020-04-20,Trinity,105,12862,0,0,0,0,0
2020-04-20,Tulare,107,460477,657,401,5,406,20
2020-04-20,Tuolumne,109,53932,2,2,0,2,0
2020-04-20,Ventura,111,848112,564,426,1,427,13
2020-04-20,Yolo,113,214977,168,125,0,125,5
2020-04-20,Yuba,115,75493,16,15,0,15,1
2020-04-19,Alameda,001,1643700,1490,1134,2,1136,41
2020-04-19,Alpine,003,1148,1,1,0,1,0
2020-04-19,Amador,005,37829,6,7,0,7,0
2020-04-19,Butte,007,227075,22,15,1,16,0
2020-04-19,Calaveras,009,45235,9,12,0,12,0
2020-04-19,Colusa,011,21464,3,3,0,3,0
2020-04-19,Contra Costa,013,1133247,860,731,0,731,20
2020-04-19,Del Norte,015,27424,2,2,0,2,0
2020-04-19,El Dorado,017,186661,53,36,0,36,0
2020-04-19,Fresno,019,978130,642,326,6,332,7
2020-04-19,Glenn,021,27897,4,3,0,3,0
2020-04-19,Humboldt,023,135768,57,53,0,53,0
2020-04-19,Imperial,025,180216,319,144,0,144,2
2020-04-19,Inyo,027,18085,19,17,0,17,0
2020-04-19,Kern,029,883053,850,629,1,630,3
2020-04-19,Kings,031,150075,70,17,1,18,1
2020-04-19,Lake,033,64148,6,6,0,6,0
2020-04-19,Lassen,035,31185,3,0,2,2,0
2020-04-19,Los Angeles,037,10098052,19763,12299,17,12316,589
2020-04-19,Madera,039,155013,72,34,1,35,2
2020-04-19,Marin,041,260295,207,194,1,195,10
2020-04-19,Mariposa,043,17540,2,0,0,0,0
2020-04-19,Mendocino,045,87422,7,4,0,4,0
2020-04-19,Merced,047,269075,131,85,0,85,3
2020-04-19,Modoc,049,8938,0,0,0,0,0
2020-04-19,Mono,051,14174,29,23,0,23,1
2020-04-19,Monterey,053,433212,204,140,1,141,4
2020-04-19,Napa,055,140530,64,49,0,49,2
2020-04-19,Nevada,057,99092,40,34,1,35,1
2020-04-19,Orange,059,3164182,2511,1591,15,1606,32
2020-04-19,Placer,061,380077,151,131,0,131,8
2020-04-19,Plumas,063,18699,4,4,0,4,0
2020-04-19,Riverside,065,2383286,3727,2316,14,2330,56
2020-04-19,Sacramento,067,1510023,1011,912,0,912,32
2020-04-19,San Benito,069,59416,43,40,0,40,2
2020-04-19,San Bernardino,071,2135413,1881,1262,1,1263,58
2020-04-19,San Diego,073,3302833,3101,2270,0,2270,71
2020-04-19,San Francisco,075,870044,1452,1153,0,1153,19
2020-04-19,San Joaquin,077,732212,504,404,3,407,17
2020-04-19,San Luis Obispo,079,281455,202,132,3,135,1
2020-04-19,San Mateo,081,765935,1157,845,2,847,31
2020-04-19,Santa Barbara,083,443738,477,377,2,379,3
2020-04-19,Santa Clara,085,1922200,2302,1878,4,1882,81
2020-04-19,Santa Cruz,087,273765,123,98,0,98,2
2020-04-19,Shasta,089,179085,31,26,0,26,3
2020-04-19,Sierra,091,2930,0,0,0,0,0
2020-04-19,Siskiyou,093,43540,5,5,0,5,0
2020-04-19,Solano,095,438530,227,174,0,174,2
2020-04-19,Sonoma,097,501317,210,172,0,172,1
2020-04-19,Stanislaus,099,539301,291,221,4,225,3
2020-04-19,Sutter,101,95872,26,21,0,21,2
2020-04-19,Tehama,103,63373,1,1,0,1,1
2020-04-19,Trinity,105,12862,0,0,0,0,0
2020-04-19,Tulare,107,460477,611,391,5,396,17
2020-04-19,Tuolumne,109,53932,2,2,0,2,0
2020-04-19,Ventura,111,848112,556,418,1,419,13
2020-04-19,Yolo,113,214977,168,120,0,120,5
2020-04-19,Yuba,115,75493,16,15,0,15,1
2020-04-18,Alameda,001,1643700,1465,1085,2,1087,40
2020-04-18,Alpine,003,1148,1,1,0,1,0
2020-04-18,Amador,005,37829,6,7,0,7,0
2020-04-18,Butte,007,227075,21,15,1,16,0
2020-04-18,Calaveras,009,45235,9,12,0,12,0
2020-04-18,Colusa,011,21464,3,3,0,3,0
2020-04-18,Contra Costa,013,1133247,848,721,0,721,17
2020-04-18,Del Norte,015,27424,2,2,0,2,0
2020-04-18,El Dorado,017,186661,53,36,0,36,0
2020-04-18,Fresno,019,978130,622,319,6,325,7
2020-04-18,Glenn,021,27897,4,3,0,3,0
2020-04-18,Humboldt,023,135768,57,52,0,52,0
2020-04-18,Imperial,025,180216,310,137,0,137,2
2020-04-18,Inyo,027,18085,19,17,0,17,0
2020-04-18,Kern,029,883053,828,626,1,627,3
2020-04-18,Kings,031,150075,69,17,1,18,1
2020-04-18,Lake,033,64148,6,6,0,6,0
2020-04-18,Lassen,035,31185,3,0,2,2,0
2020-04-18,Los Angeles,037,10098052,19238,11984,16,12000,566
2020-04-18,Madera,039,155013,71,34,1,35,2
2020-04-18,Marin,041,260295,205,193,1,194,10
2020-04-18,Mariposa,043,17540,2,0,0,0,0
2020-04-18,Mendocino,045,87422,7,4,0,4,0
2020-04-18,Merced,047,269075,129,82,0,82,3
2020-04-18,Modoc,049,8938,0,0,0,0,0
2020-04-18,Mono,051,14174,29,22,0,22,1
2020-04-18,Monterey,053,433212,200,135,1,136,3
2020-04-18,Napa,055,140530,64,49,0,49,2
2020-04-18,Nevada,057,99092,39,34,1,35,1
2020-04-18,Orange,059,3164182,2447,1569,14,1583,32
2020-04-18,Placer,061,380077,149,130,0,130,8
2020-04-18,Plumas,063,18699,4,4,0,4,0
2020-04-18,Riverside,065,2383286,3652,2257,14,2271,56
2020-04-18,Sacramento,067,1510023,999,901,0,901,32
2020-04-18,San Benito,069,59416,43,40,0,40,2
2020-04-18,San Bernardino,071,2135413,1836,1255,1,1256,58
2020-04-18,San Diego,073,3302833,2999,2215,0,2215,71
2020-04-18,San Francisco,075,870044,1413,1144,0,1144,19
2020-04-18,San Joaquin,077,732212,495,392,3,395,17
2020-04-18,San Luis Obispo,079,281455,198,129,3,132,1
2020-04-18,San Mateo,081,765935,1135,821,2,823,31
2020-04-18,Santa Barbara,083,443738,471,372,2,374,3
2020-04-18,Santa Clara,085,1922200,2269,1862,4,1866,79
2020-04-18,Santa Cruz,087,273765,121,96,0,96,2
2020-04-18,Shasta,089,179085,31,26,0,26,3
2020-04-18,Sierra,091,2930,0,0,0,0,0
2020-04-18,Siskiyou,093,43540,5,5,0,5,0
2020-04-18,Solano,095,438530,224,175,0,175,2
2020-04-18,Sonoma,097,501317,206,168,0,168,1
2020-04-18,Stanislaus,099,539301,283,216,4,220,3
2020-04-18,Sutter,101,95872,26,21,0,21,2
2020-04-18,Tehama,103,63373,1,1,0,1,1
2020-04-18,Trinity,105,12862,0,0,0,0,0
2020-04-18,Tulare,107,460477,600,385,5,390,17
2020-04-18,Tuolumne,109,53932,2,2,0,2,0
2020-04-18,Ventura,111,848112,548,416,1,417,13
2020-04-18,Yolo,113,214977,166,118,0,118,5
2020-04-18,Yuba,115,75493,16,14,0,14,1
2020-04-17,Alameda,001,1643700,1409,1043,1,1044,40
2020-04-17,Alpine,003,1148,1,1,0,1,0
2020-04-17,Amador,005,37829,6,7,0,7,0
2020-04-17,Butte,007,227075,21,15,1,16,0
2020-04-17,Calaveras,009,45235,9,11,0,11,0
2020-04-17,Colusa,011,21464,3,3,0,3,0
2020-04-17,Contra Costa,013,1133247,837,687,0,687,15
2020-04-17,Del Norte,015,27424,2,2,0,2,0
2020-04-17,El Dorado,017,186661,53,35,0,35,0
2020-04-17,Fresno,019,978130,600,315,6,321,7
2020-04-17,Glenn,021,27897,4,3,0,3,0
2020-04-17,Humboldt,023,135768,56,52,0,52,0
2020-04-17,Imperial,025,180216,301,135,0,135,2
2020-04-17,Inyo,027,18085,19,17,0,17,0
2020-04-17,Kern,029,883053,808,612,1,613,3
2020-04-17,Kings,031,150075,67,15,1,16,1
2020-04-17,Lake,033,64148,6,6,0,6,0
2020-04-17,Lassen,035,31185,3,0,2,2,0
2020-04-17,Los Angeles,037,10098052,18595,11354,16,11370,489
2020-04-17,Madera,039,155013,71,34,1,35,2
2020-04-17,Marin,041,260295,202,189,1,190,10
2020-04-17,Mariposa,043,17540,1,0,0,0,0
2020-04-17,Mendocino,045,87422,7,4,0,4,0
2020-04-17,Merced,047,269075,128,80,0,80,3
2020-04-17,Modoc,049,8938,0,0,0,0,0
2020-04-17,Mono,051,14174,29,22,0,22,1
2020-04-17,Monterey,053,433212,195,119,1,120,3
2020-04-17,Napa,055,140530,62,46,0,46,2
2020-04-17,Nevada,057,99092,38,34,1,35,1
2020-04-17,Orange,059,3164182,2396,1496,14,1510,31
2020-04-17,Placer,061,380077,149,130,0,130,8
2020-04-17,Plumas,063,18699,4,4,0,4,0
2020-04-17,Riverside,065,2383286,3525,2080,14,2094,50
2020-04-17,Sacramento,067,1510023,992,882,0,882,32
2020-04-17,San Benito,069,59416,43,38,0,38,2
2020-04-17,San Bernardino,071,2135413,1797,1229,1,1230,57
2020-04-17,San Diego,073,3302833,2909,2160,0,2160,70
2020-04-17,San Francisco,075,870044,1387,1090,0,1090,19
2020-04-17,San Joaquin,077,732212,484,356,3,359,17
2020-04-17,San Luis Obispo,079,281455,191,116,3,119,1
2020-04-17,San Mateo,081,765935,1119,768,2,770,31
2020-04-17,Santa Barbara,083,443738,466,349,2,351,3
2020-04-17,Santa Clara,085,1922200,2233,1834,4,1838,74
2020-04-17,Santa Cruz,087,273765,120,94,0,94,2
2020-04-17,Shasta,089,179085,31,26,0,26,3
2020-04-17,Sierra,091,2930,0,0,0,0,0
2020-04-17,Siskiyou,093,43540,5,5,0,5,0
2020-04-17,Solano,095,438530,223,173,0,173,2
2020-04-17,Sonoma,097,501317,203,167,0,167,1
2020-04-17,Stanislaus,099,539301,281,201,4,205,3
2020-04-17,Sutter,101,95872,26,20,0,20,2
2020-04-17,Tehama,103,63373,1,1,0,1,1
2020-04-17,Trinity,105,12862,0,0,0,0,0
2020-04-17,Tulare,107,460477,593,370,5,375,17
2020-04-17,Tuolumne,109,53932,2,2,0,2,0
2020-04-17,Ventura,111,848112,543,398,1,399,13
2020-04-17,Yolo,113,214977,165,117,0,117,5
2020-04-17,Yuba,115,75493,16,14,0,14,1
2020-04-16,Alameda,001,1643700,1374,981,1,982,39
2020-04-16,Alpine,003,1148,1,1,0,1,0
2020-04-16,Amador,005,37829,6,7,0,7,0
2020-04-16,Butte,007,227075,20,15,1,16,0
2020-04-16,Calaveras,009,45235,9,10,0,10,0
2020-04-16,Colusa,011,21464,3,3,0,3,0
2020-04-16,Contra Costa,013,1133247,823,675,0,675,14
2020-04-16,Del Norte,015,27424,2,2,0,2,0
2020-04-16,El Dorado,017,186661,52,34,0,34,0
2020-04-16,Fresno,019,978130,570,289,6,295,7
2020-04-16,Glenn,021,27897,4,3,0,3,0
2020-04-16,Humboldt,023,135768,56,47,0,47,0
2020-04-16,Imperial,025,180216,287,132,0,132,2
2020-04-16,Inyo,027,18085,17,17,0,17,0
2020-04-16,Kern,029,883053,781,587,1,588,3
2020-04-16,Kings,031,150075,63,12,1,13,1
2020-04-16,Lake,033,64148,6,6,0,6,0
2020-04-16,Lassen,035,31185,3,0,2,2,0
2020-04-16,Los Angeles,037,10098052,17710,10786,16,10802,447
2020-04-16,Madera,039,155013,69,34,1,35,2
2020-04-16,Marin,041,260295,198,170,1,171,10
2020-04-16,Mariposa,043,17540,1,1,0,1,0
2020-04-16,Mendocino,045,87422,7,4,0,4,0
2020-04-16,Merced,047,269075,122,76,0,76,3
2020-04-16,Modoc,049,8938,0,0,0,0,0
2020-04-16,Mono,051,14174,29,22,0,22,1
2020-04-16,Monterey,053,433212,192,116,1,117,3
2020-04-16,Napa,055,140530,59,44,0,44,2
2020-04-16,Nevada,057,99092,38,34,1,35,1
2020-04-16,Orange,059,3164182,2331,1439,13,1452,28
2020-04-16,Placer,061,380077,147,129,0,129,7
2020-04-16,Plumas,063,18699,4,4,0,4,0
2020-04-16,Riverside,065,2383286,3405,1913,14,1927,45
2020-04-16,Sacramento,067,1510023,984,865,0,865,32
2020-04-16,San Benito,069,59416,43,36,0,36,2
2020-04-16,San Bernardino,071,2135413,1715,1143,0,1143,54
2020-04-16,San Diego,073,3302833,2801,2089,0,2089,63
2020-04-16,San Francisco,075,870044,1343,1039,0,1039,16
2020-04-16,San Joaquin,077,732212,469,345,3,348,17
2020-04-16,San Luis Obispo,079,281455,187,113,3,116,1
2020-04-16,San Mateo,081,765935,1090,745,2,747,29
2020-04-16,Santa Barbara,083,443738,454,331,2,333,3
2020-04-16,Santa Clara,085,1922200,2196,1789,4,1793,70
2020-04-16,Santa Cruz,087,273765,118,90,0,90,2
2020-04-16,Shasta,089,179085,31,25,0,25,3
2020-04-16,Sierra,091,2930,0,0,0,0,0
2020-04-16,Siskiyou,093,43540,5,5,0,5,0
2020-04-16,Solano,095,438530,220,162,0,162,2
2020-04-16,Sonoma,097,501317,198,145,0,145,1
2020-04-16,Stanislaus,099,539301,278,185,4,189,3
2020-04-16,Sutter,101,95872,25,21,0,21,2
2020-04-16,Tehama,103,63373,1,1,0,1,1
2020-04-16,Trinity,105,12862,0,0,0,0,0
2020-04-16,Tulare,107,460477,576,305,5,310,16
2020-04-16,Tuolumne,109,53932,2,1,0,1,0
2020-04-16,Ventura,111,848112,531,384,1,385,13
2020-04-16,Yolo,113,214977,163,98,0,98,4
2020-04-16,Yuba,115,75493,15,14,0,14,1
2020-04-15,Alameda,001,1643700,1324,915,1,916,38
2020-04-15,Alpine,003,1148,1,1,0,1,0
2020-04-15,Amador,005,37829,6,7,0,7,0
2020-04-15,Butte,007,227075,20,14,1,15,0
2020-04-15,Calaveras,009,45235,8,9,0,9,0
2020-04-15,Colusa,011,21464,3,3,0,3,0
2020-04-15,Contra Costa,013,1133247,801,645,0,645,14
2020-04-15,Del Norte,015,27424,2,2,0,2,0
2020-04-15,El Dorado,017,186661,50,33,0,33,0
2020-04-15,Fresno,019,978130,544,264,6,270,7
2020-04-15,Glenn,021,27897,4,3,0,3,0
2020-04-15,Humboldt,023,135768,56,47,0,47,0
2020-04-15,Imperial,025,180216,260,115,0,115,2
2020-04-15,Inyo,027,18085,17,12,0,12,0
2020-04-15,Kern,029,883053,759,500,1,501,3
2020-04-15,Kings,031,150075,59,12,1,13,1
2020-04-15,Lake,033,64148,6,4,0,4,0
2020-04-15,Lassen,035,31185,3,0,2,2,0
2020-04-15,Los Angeles,037,10098052,16890,10416,15,10431,394
2020-04-15,Madera,039,155013,69,30,1,31,2
2020-04-15,Marin,041,260295,195,162,1,163,10
2020-04-15,Mariposa,043,17540,0,0,0,0,0
2020-04-15,Mendocino,045,87422,6,4,0,4,0
2020-04-15,Merced,047,269075,120,74,0,74,3
2020-04-15,Modoc,049,8938,0,0,0,0,0
2020-04-15,Mono,051,14174,29,22,0,22,1
2020-04-15,Monterey,053,433212,184,106,1,107,3
2020-04-15,Napa,055,140530,56,34,0,34,2
2020-04-15,Nevada,057,99092,37,34,1,35,1
2020-04-15,Orange,059,3164182,2228,1377,13,1390,24
2020-04-15,Placer,061,380077,146,123,0,123,6
2020-04-15,Plumas,063,18699,4,4,0,4,0
2020-04-15,Riverside,065,2383286,3210,1723,14,1737,42
2020-04-15,Sacramento,067,1510023,975,839,0,839,32
2020-04-15,San Benito,069,59416,43,34,0,34,2
2020-04-15,San Bernardino,071,2135413,1645,1063,0,1063,45
2020-04-15,San Diego,073,3302833,2713,2014,0,2014,60
2020-04-15,San Francisco,075,870044,1307,1006,0,1006,16
2020-04-15,San Joaquin,077,732212,461,329,3,332,17
2020-04-15,San Luis Obispo,079,281455,179,112,3,115,1
2020-04-15,San Mateo,081,765935,1041,707,2,709,28
2020-04-15,Santa Barbara,083,443738,437,317,2,319,2
2020-04-15,Santa Clara,085,1922200,2157,1692,4,1696,69
2020-04-15,Santa Cruz,087,273765,114,92,0,92,2
2020-04-15,Shasta,089,179085,31,25,0,25,3
2020-04-15,Sierra,091,2930,0,0,0,0,0
2020-04-15,Siskiyou,093,43540,5,5,0,5,0
2020-04-15,Solano,095,438530,215,153,0,153,2
2020-04-15,Sonoma,097,501317,196,140,0,140,1
2020-04-15,Stanislaus,099,539301,271,174,4,178,3
2020-04-15,Sutter,101,95872,25,19,0,19,2
2020-04-15,Tehama,103,63373,1,1,0,1,1
2020-04-15,Trinity,105,12862,0,0,0,0,0
2020-04-15,Tulare,107,460477,558,289,5,294,14
2020-04-15,Tuolumne,109,53932,2,1,0,1,0
2020-04-15,Ventura,111,848112,516,365,1,366,13
2020-04-15,Yolo,113,214977,159,93,0,93,3
2020-04-15,Yuba,115,75493,15,15,0,15,1
2020-04-14,Alameda,001,1643700,1279,843,1,844,30
2020-04-14,Alpine,003,1148,1,1,0,1,0
2020-04-14,Amador,005,37829,6,6,0,6,0
2020-04-14,Butte,007,227075,20,13,1,14,0
2020-04-14,Calaveras,009,45235,8,5,0,5,0
2020-04-14,Colusa,011,21464,3,3,0,3,0
2020-04-14,Contra Costa,013,1133247,789,617,0,617,12
2020-04-14,Del Norte,015,27424,2,2,0,2,0
2020-04-14,El Dorado,017,186661,50,30,0,30,0
2020-04-14,Fresno,019,978130,521,244,6,250,6
2020-04-14,Glenn,021,27897,4,3,0,3,0
2020-04-14,Humboldt,023,135768,56,44,0,44,0
2020-04-14,Imperial,025,180216,240,86,0,86,2
2020-04-14,Inyo,027,18085,17,12,0,12,0
2020-04-14,Kern,029,883053,736,453,1,454,3
2020-04-14,Kings,031,150075,58,12,1,13,1
2020-04-14,Lake,033,64148,6,3,0,3,0
2020-04-14,Lassen,035,31185,3,0,2,2,0
2020-04-14,Los Angeles,037,10098052,15996,9948,14,9962,357
2020-04-14,Madera,039,155013,68,29,1,30,2
2020-04-14,Marin,041,260295,191,147,1,148,9
2020-04-14,Mariposa,043,17540,0,0,0,0,0
2020-04-14,Mendocino,045,87422,6,4,0,4,0
2020-04-14,Merced,047,269075,113,61,0,61,3
2020-04-14,Modoc,049,8938,0,0,0,0,0
2020-04-14,Mono,051,14174,29,22,0,22,1
2020-04-14,Monterey,053,433212,179,98,1,99,3
2020-04-14,Napa,055,140530,56,33,0,33,2
2020-04-14,Nevada,057,99092,37,34,1,35,1
2020-04-14,Orange,059,3164182,2126,1362,13,1375,24
2020-04-14,Placer,061,380077,145,117,0,117,5
2020-04-14,Plumas,063,18699,4,3,0,3,0
2020-04-14,Riverside,065,2383286,3075,1467,14,1481,40
2020-04-14,Sacramento,067,1510023,966,737,0,737,29
2020-04-14,San Benito,069,59416,40,34,0,34,2
2020-04-14,San Bernardino,071,2135413,1590,933,0,933,37
2020-04-14,San Diego,073,3302833,2618,1932,0,1932,53
2020-04-14,San Francisco,075,870044,1253,968,0,968,14
2020-04-14,San Joaquin,077,732212,451,280,3,283,17
2020-04-14,San Luis Obispo,079,281455,175,109,3,112,1
2020-04-14,San Mateo,081,765935,1007,681,2,683,28
2020-04-14,Santa Barbara,083,443738,413,292,2,294,2
2020-04-14,Santa Clara,085,1922200,2124,1561,4,1565,63
2020-04-14,Santa Cruz,087,273765,106,84,0,84,2
2020-04-14,Shasta,089,179085,31,24,0,24,3
2020-04-14,Sierra,091,2930,0,0,0,0,0
2020-04-14,Siskiyou,093,43540,5,5,0,5,0
2020-04-14,Solano,095,438530,212,140,0,140,2
2020-04-14,Sonoma,097,501317,192,133,0,133,1
2020-04-14,Stanislaus,099,539301,258,136,4,140,3
2020-04-14,Sutter,101,95872,24,19,0,19,2
2020-04-14,Tehama,103,63373,1,1,0,1,1
2020-04-14,Trinity,105,12862,0,0,0,0,0
2020-04-14,Tulare,107,460477,534,228,5,233,12
2020-04-14,Tuolumne,109,53932,2,0,0,0,0
2020-04-14,Ventura,111,848112,503,328,1,329,11
2020-04-14,Yolo,113,214977,155,81,0,81,3
2020-04-14,Yuba,115,75493,14,14,0,14,1
2020-04-13,Alameda,001,1643700,1240,821,1,822,23
2020-04-13,Alpine,003,1148,1,1,0,1,0
2020-04-13,Amador,005,37829,6,6,0,6,0
2020-04-13,Butte,007,227075,20,13,1,14,0
2020-04-13,Calaveras,009,45235,7,5,0,5,0
2020-04-13,Colusa,011,21464,3,3,0,3,0
2020-04-13,Contra Costa,013,1133247,773,569,0,569,12
2020-04-13,Del Norte,015,27424,2,2,0,2,0
2020-04-13,El Dorado,017,186661,48,29,0,29,0
2020-04-13,Fresno,019,978130,499,205,5,210,4
2020-04-13,Glenn,021,27897,4,3,0,3,0
2020-04-13,Humboldt,023,135768,56,44,0,44,0
2020-04-13,Imperial,025,180216,222,82,0,82,2
2020-04-13,Inyo,027,18085,17,12,0,12,0
2020-04-13,Kern,029,883053,711,346,1,347,3
2020-04-13,Kings,031,150075,54,9,1,10,0
2020-04-13,Lake,033,64148,6,3,0,3,0
2020-04-13,Lassen,035,31185,3,0,2,2,0
2020-04-13,Los Angeles,037,10098052,15282,9367,14,9381,317
2020-04-13,Madera,039,155013,66,29,1,30,2
2020-04-13,Marin,041,260295,187,144,1,145,6
2020-04-13,Mariposa,043,17540,0,0,0,0,0
2020-04-13,Mendocino,045,87422,6,4,0,4,0
2020-04-13,Merced,047,269075,112,60,0,60,3
2020-04-13,Modoc,049,8938,0,0,0,0,0
2020-04-13,Mono,051,14174,29,21,0,21,1
2020-04-13,Monterey,053,433212,172,86,1,87,3
2020-04-13,Napa,055,140530,55,30,0,30,2
2020-04-13,Nevada,057,99092,37,24,1,25,1
2020-04-13,Orange,059,3164182,2053,1313,13,1326,21
2020-04-13,Placer,061,380077,144,116,0,116,5
2020-04-13,Plumas,063,18699,4,3,0,3,0
2020-04-13,Riverside,065,2383286,2934,1460,13,1473,35
2020-04-13,Sacramento,067,1510023,954,723,0,723,25
2020-04-13,San Benito,069,59416,39,33,0,33,2
2020-04-13,San Bernardino,071,2135413,1515,920,0,920,30
2020-04-13,San Diego,073,3302833,2535,1849,0,1849,47
2020-04-13,San Francisco,075,870044,1215,948,0,948,12
2020-04-13,San Joaquin,077,732212,436,255,3,258,16
2020-04-13,San Luis Obispo,079,281455,170,106,3,109,1
2020-04-13,San Mateo,081,765935,967,679,2,681,25
2020-04-13,Santa Barbara,083,443738,394,271,1,272,2
2020-04-13,Santa Clara,085,1922200,2078,1540,4,1544,58
2020-04-13,Santa Cruz,087,273765,100,82,0,82,1
2020-04-13,Shasta,089,179085,30,24,0,24,3
2020-04-13,Sierra,091,2930,0,0,0,0,0
2020-04-13,Siskiyou,093,43540,5,5,0,5,0
2020-04-13,Solano,095,438530,209,136,0,136,2
2020-04-13,Sonoma,097,501317,185,133,0,133,1
2020-04-13,Stanislaus,099,539301,252,130,4,134,1
2020-04-13,Sutter,101,95872,24,18,0,18,2
2020-04-13,Tehama,103,63373,1,1,0,1,0
2020-04-13,Trinity,105,12862,0,0,0,0,0
2020-04-13,Tulare,107,460477,498,185,5,190,11
2020-04-13,Tuolumne,109,53932,2,0,0,0,0
2020-04-13,Ventura,111,848112,482,309,0,309,9
2020-04-13,Yolo,113,214977,149,81,0,81,3
2020-04-13,Yuba,115,75493,14,13,0,13,1
2020-04-12,Alameda,001,1643700,1197,774,1,775,23
2020-04-12,Alpine,003,1148,1,1,0,1,0
2020-04-12,Amador,005,37829,6,6,0,6,0
2020-04-12,Butte,007,227075,20,13,1,14,0
2020-04-12,Calaveras,009,45235,7,5,0,5,0
2020-04-12,Colusa,011,21464,3,3,0,3,0
2020-04-12,Contra Costa,013,1133247,760,553,0,553,12
2020-04-12,Del Norte,015,27424,2,2,0,2,0
2020-04-12,El Dorado,017,186661,48,28,0,28,0
2020-04-12,Fresno,019,978130,470,205,5,210,4
2020-04-12,Glenn,021,27897,4,3,0,3,0
2020-04-12,Humboldt,023,135768,56,43,0,43,0
2020-04-12,Imperial,025,180216,199,78,0,78,2
2020-04-12,Inyo,027,18085,15,12,0,12,0
2020-04-12,Kern,029,883053,679,319,0,319,3
2020-04-12,Kings,031,150075,52,9,1,10,0
2020-04-12,Lake,033,64148,6,3,0,3,0
2020-04-12,Lassen,035,31185,3,0,2,2,0
2020-04-12,Los Angeles,037,10098052,14569,9133,14,9147,294
2020-04-12,Madera,039,155013,65,29,1,30,2
2020-04-12,Marin,041,260295,176,138,1,139,6
2020-04-12,Mariposa,043,17540,0,0,0,0,0
2020-04-12,Mendocino,045,87422,6,4,0,4,0
2020-04-12,Merced,047,269075,106,58,0,58,3
2020-04-12,Modoc,049,8938,0,0,0,0,0
2020-04-12,Mono,051,14174,29,20,0,20,1
2020-04-12,Monterey,053,433212,158,85,1,86,3
2020-04-12,Napa,055,140530,53,29,0,29,2
2020-04-12,Nevada,057,99092,37,24,1,25,1
2020-04-12,Orange,059,3164182,1993,1283,12,1295,21
2020-04-12,Placer,061,380077,143,114,0,114,4
2020-04-12,Plumas,063,18699,4,3,0,3,0
2020-04-12,Riverside,065,2383286,2752,1330,13,1343,34
2020-04-12,Sacramento,067,1510023,917,689,0,689,25
2020-04-12,San Benito,069,59416,37,33,0,33,2
2020-04-12,San Bernardino,071,2135413,1438,827,0,827,30
2020-04-12,San Diego,073,3302833,2445,1806,0,1806,45
2020-04-12,San Francisco,075,870044,1188,886,0,886,11
2020-04-12,San Joaquin,077,732212,418,246,3,249,15
2020-04-12,San Luis Obispo,079,281455,167,102,2,104,1
2020-04-12,San Mateo,081,765935,941,664,2,666,25
2020-04-12,Santa Barbara,083,443738,374,261,1,262,2
2020-04-12,Santa Clara,085,1922200,2050,1461,4,1465,53
2020-04-12,Santa Cruz,087,273765,98,80,0,80,1
2020-04-12,Shasta,089,179085,30,24,0,24,3
2020-04-12,Sierra,091,2930,0,0,0,0,0
2020-04-12,Siskiyou,093,43540,5,5,0,5,0
2020-04-12,Solano,095,438530,203,136,0,136,2
2020-04-12,Sonoma,097,501317,182,131,0,131,1
2020-04-12,Stanislaus,099,539301,244,117,4,121,1
2020-04-12,Sutter,101,95872,23,18,0,18,2
2020-04-12,Tehama,103,63373,1,1,0,1,0
2020-04-12,Trinity,105,12862,0,0,0,0,0
2020-04-12,Tulare,107,460477,486,166,5,171,11
2020-04-12,Tuolumne,109,53932,2,0,0,0,0
2020-04-12,Ventura,111,848112,473,306,0,306,9
2020-04-12,Yolo,113,214977,136,67,0,67,3
2020-04-12,Yuba,115,75493,14,13,0,13,1
2020-04-11,Alameda,001,1643700,1156,751,1,752,23
2020-04-11,Alpine,003,1148,1,1,0,1,0
2020-04-11,Amador,005,37829,6,6,0,6,0
2020-04-11,Butte,007,227075,20,13,1,14,0
2020-04-11,Calaveras,009,45235,7,5,0,5,0
2020-04-11,Colusa,011,21464,3,3,0,3,0
2020-04-11,Contra Costa,013,1133247,751,550,0,550,12
2020-04-11,Del Norte,015,27424,2,2,0,2,0
2020-04-11,El Dorado,017,186661,47,29,0,29,0
2020-04-11,Fresno,019,978130,460,201,5,206,4
2020-04-11,Glenn,021,27897,4,3,0,3,0
2020-04-11,Humboldt,023,135768,56,38,0,38,0
2020-04-11,Imperial,025,180216,189,78,0,78,2
2020-04-11,Inyo,027,18085,15,12,0,12,0
2020-04-11,Kern,029,883053,651,304,0,304,3
2020-04-11,Kings,031,150075,49,9,1,10,0
2020-04-11,Lake,033,64148,6,3,0,3,0
2020-04-11,Lassen,035,31185,3,0,2,2,0
2020-04-11,Los Angeles,037,10098052,14099,8823,14,8837,262
2020-04-11,Madera,039,155013,64,29,1,30,2
2020-04-11,Marin,041,260295,173,136,1,137,6
2020-04-11,Mariposa,043,17540,0,0,0,0,0
2020-04-11,Mendocino,045,87422,6,4,0,4,0
2020-04-11,Merced,047,269075,103,59,0,59,3
2020-04-11,Modoc,049,8938,0,0,0,0,0
2020-04-11,Mono,051,14174,29,20,0,20,1
2020-04-11,Monterey,053,433212,152,78,1,79,3
2020-04-11,Napa,055,140530,53,29,0,29,2
2020-04-11,Nevada,057,99092,37,24,1,25,1
2020-04-11,Orange,059,3164182,1931,1267,12,1279,21
2020-04-11,Placer,061,380077,143,113,0,113,4
2020-04-11,Plumas,063,18699,4,3,0,3,0
2020-04-11,Riverside,065,2383286,2673,1260,13,1273,33
2020-04-11,Sacramento,067,1510023,906,685,0,685,25
2020-04-11,San Benito,069,59416,37,33,0,33,2
2020-04-11,San Bernardino,071,2135413,1402,826,0,826,28
2020-04-11,San Diego,073,3302833,2379,1763,0,1763,45
2020-04-11,San Francisco,075,870044,1166,860,0,860,11
2020-04-11,San Joaquin,077,732212,413,244,3,247,15
2020-04-11,San Luis Obispo,079,281455,167,100,1,101,1
2020-04-11,San Mateo,081,765935,929,662,2,664,25
2020-04-11,Santa Barbara,083,443738,366,258,1,259,2
2020-04-11,Santa Clara,085,1922200,1991,1441,4,1445,51
2020-04-11,Santa Cruz,087,273765,98,79,0,79,1
2020-04-11,Shasta,089,179085,30,24,0,24,3
2020-04-11,Sierra,091,2930,0,0,0,0,0
2020-04-11,Siskiyou,093,43540,5,5,0,5,0
2020-04-11,Solano,095,438530,199,138,0,138,2
2020-04-11,Sonoma,097,501317,180,131,0,131,1
2020-04-11,Stanislaus,099,539301,236,119,3,122,1
2020-04-11,Sutter,101,95872,23,18,0,18,2
2020-04-11,Tehama,103,63373,1,1,0,1,0
2020-04-11,Trinity,105,12862,0,0,0,0,0
2020-04-11,Tulare,107,460477,464,168,5,173,10
2020-04-11,Tuolumne,109,53932,2,0,0,0,0
2020-04-11,Ventura,111,848112,463,304,0,304,9
2020-04-11,Yolo,113,214977,133,67,0,67,3
2020-04-11,Yuba,115,75493,14,13,0,13,1
2020-04-10,Alameda,001,1643700,1115,706,1,707,21
2020-04-10,Alpine,003,1148,1,1,0,1,0
2020-04-10,Amador,005,37829,6,5,0,5,0
2020-04-10,Butte,007,227075,20,13,1,14,0
2020-04-10,Calaveras,009,45235,7,5,0,5,0
2020-04-10,Colusa,011,21464,3,3,0,3,0
2020-04-10,Contra Costa,013,1133247,738,537,0,537,10
2020-04-10,Del Norte,015,27424,2,2,0,2,0
2020-04-10,El Dorado,017,186661,47,26,0,26,0
2020-04-10,Fresno,019,978130,453,186,4,190,3
2020-04-10,Glenn,021,27897,4,3,0,3,0
2020-04-10,Humboldt,023,135768,56,36,0,36,0
2020-04-10,Imperial,025,180216,182,70,0,70,2
2020-04-10,Inyo,027,18085,13,11,0,11,0
2020-04-10,Kern,029,883053,627,272,0,272,3
2020-04-10,Kings,031,150075,46,7,1,8,0
2020-04-10,Lake,033,64148,6,3,0,3,0
2020-04-10,Lassen,035,31185,3,0,2,2,0
2020-04-10,Los Angeles,037,10098052,13585,8384,13,8397,239
2020-04-10,Madera,039,155013,63,29,1,30,2
2020-04-10,Marin,041,260295,168,128,1,129,6
2020-04-10,Mariposa,043,17540,0,0,0,0,0
2020-04-10,Mendocino,045,87422,6,4,0,4,0
2020-04-10,Merced,047,269075,100,56,0,56,3
2020-04-10,Modoc,049,8938,0,0,0,0,0
2020-04-10,Mono,051,14174,29,20,0,20,1
2020-04-10,Monterey,053,433212,141,78,1,79,3
2020-04-10,Napa,055,140530,50,28,0,28,2
2020-04-10,Nevada,057,99092,37,23,1,24,1
2020-04-10,Orange,059,3164182,1884,1167,12,1179,21
2020-04-10,Placer,061,380077,142,112,0,112,4
2020-04-10,Plumas,063,18699,4,3,0,3,0
2020-04-10,Riverside,065,2383286,2607,1162,13,1175,30
2020-04-10,Sacramento,067,1510023,897,642,0,642,24
2020-04-10,San Benito,069,59416,37,32,0,32,2
2020-04-10,San Bernardino,071,2135413,1354,779,0,779,27
2020-04-10,San Diego,073,3302833,2319,1695,0,1695,44
2020-04-10,San Francisco,075,870044,1135,797,0,797,10
2020-04-10,San Joaquin,077,732212,401,234,3,237,14
2020-04-10,San Luis Obispo,079,281455,167,97,1,98,1
2020-04-10,San Mateo,081,765935,913,642,2,644,24
2020-04-10,Santa Barbara,083,443738,358,254,1,255,2
2020-04-10,Santa Clara,085,1922200,1939,1351,4,1355,50
2020-04-10,Santa Cruz,087,273765,97,75,0,75,1
2020-04-10,Shasta,089,179085,30,24,0,24,3
2020-04-10,Sierra,091,2930,0,0,0,0,0
2020-04-10,Siskiyou,093,43540,5,5,0,5,0
2020-04-10,Solano,095,438530,196,129,0,129,2
2020-04-10,Sonoma,097,501317,179,129,0,129,1
2020-04-10,Stanislaus,099,539301,229,101,3,104,0
2020-04-10,Sutter,101,95872,23,18,0,18,2
2020-04-10,Tehama,103,63373,1,1,0,1,0
2020-04-10,Trinity,105,12862,0,0,0,0,0
2020-04-10,Tulare,107,460477,422,163,5,168,10
2020-04-10,Tuolumne,109,53932,2,0,0,0,0
2020-04-10,Ventura,111,848112,454,290,0,290,9
2020-04-10,Yolo,113,214977,131,62,0,62,3
2020-04-10,Yuba,115,75493,14,13,0,13,1
2020-04-09,Alameda,001,1643700,1065,641,1,642,17
2020-04-09,Alpine,003,1148,1,1,0,1,0
2020-04-09,Amador,005,37829,6,2,0,2,0
2020-04-09,Butte,007,227075,19,12,1,13,0
2020-04-09,Calaveras,009,45235,7,5,0,5,0
2020-04-09,Colusa,011,21464,3,3,0,3,0
2020-04-09,Contra Costa,013,1133247,695,505,0,505,7
2020-04-09,Del Norte,015,27424,2,2,0,2,0
2020-04-09,El Dorado,017,186661,46,25,0,25,0
2020-04-09,Fresno,019,978130,428,165,4,169,3
2020-04-09,Glenn,021,27897,4,2,0,2,0
2020-04-09,Humboldt,023,135768,56,36,0,36,0
2020-04-09,Imperial,025,180216,161,67,0,67,2
2020-04-09,Inyo,027,18085,12,11,0,11,0
2020-04-09,Kern,029,883053,591,241,0,241,2
2020-04-09,Kings,031,150075,43,5,1,6,0
2020-04-09,Lake,033,64148,5,1,0,1,0
2020-04-09,Lassen,035,31185,3,0,2,2,0
2020-04-09,Los Angeles,037,10098052,12957,7919,13,7932,220
2020-04-09,Madera,039,155013,63,28,1,29,2
2020-04-09,Marin,041,260295,166,126,1,127,7
2020-04-09,Mariposa,043,17540,0,0,0,0,0
2020-04-09,Mendocino,045,87422,6,4,0,4,0
2020-04-09,Merced,047,269075,97,41,0,41,3
2020-04-09,Modoc,049,8938,0,0,0,0,0
2020-04-09,Mono,051,14174,29,19,0,19,1
2020-04-09,Monterey,053,433212,123,70,1,71,3
2020-04-09,Napa,055,140530,46,27,0,27,2
2020-04-09,Nevada,057,99092,36,23,1,24,1
2020-04-09,Orange,059,3164182,1810,1105,12,1117,19
2020-04-09,Placer,061,380077,141,107,0,107,4
2020-04-09,Plumas,063,18699,4,3,0,3,0
2020-04-09,Riverside,065,2383286,2464,1083,13,1096,29
2020-04-09,Sacramento,067,1510023,874,601,0,601,21
2020-04-09,San Benito,069,59416,37,32,0,32,2
2020-04-09,San Bernardino,071,2135413,1285,717,0,717,27
2020-04-09,San Diego,073,3302833,2223,1630,0,1630,40
2020-04-09,San Francisco,075,870044,1115,748,0,748,8
2020-04-09,San Joaquin,077,732212,380,223,3,226,14
2020-04-09,San Luis Obispo,079,281455,159,93,1,94,1
2020-04-09,San Mateo,081,765935,897,630,2,632,23
2020-04-09,Santa Barbara,083,443738,348,232,1,233,2
2020-04-09,Santa Clara,085,1922200,1869,1301,4,1305,49
2020-04-09,Santa Cruz,087,273765,97,73,0,73,1
2020-04-09,Shasta,089,179085,30,22,0,22,3
2020-04-09,Sierra,091,2930,0,0,0,0,0
2020-04-09,Siskiyou,093,43540,5,4,0,4,0
2020-04-09,Solano,095,438530,187,118,0,118,2
2020-04-09,Sonoma,097,501317,175,113,0,113,1
2020-04-09,Stanislaus,099,539301,217,93,3,96,0
2020-04-09,Sutter,101,95872,23,17,0,17,2
2020-04-09,Tehama,103,63373,1,1,0,1,0
2020-04-09,Trinity,105,12862,0,0,0,0,0
2020-04-09,Tulare,107,460477,394,147,5,152,9
2020-04-09,Tuolumne,109,53932,2,0,0,0,0
2020-04-09,Ventura,111,848112,435,273,0,273,9
2020-04-09,Yolo,113,214977,122,59,0,59,3
2020-04-09,Yuba,115,75493,14,13,0,13,0
2020-04-08,Alameda,001,1643700,1024,594,1,595,15
2020-04-08,Alpine,003,1148,1,1,0,1,0
2020-04-08,Amador,005,37829,6,2,0,2,0
2020-04-08,Butte,007,227075,18,11,1,12,0
2020-04-08,Calaveras,009,45235,7,5,0,5,0
2020-04-08,Colusa,011,21464,3,3,0,3,0
2020-04-08,Contra Costa,013,1133247,682,481,0,481,7
2020-04-08,Del Norte,015,27424,2,2,0,2,0
2020-04-08,El Dorado,017,186661,46,25,0,25,0
2020-04-08,Fresno,019,978130,408,151,4,155,3
2020-04-08,Glenn,021,27897,4,2,0,2,0
2020-04-08,Humboldt,023,135768,56,40,0,40,0
2020-04-08,Imperial,025,180216,150,59,0,59,2
2020-04-08,Inyo,027,18085,12,11,0,11,0
2020-04-08,Kern,029,883053,550,198,0,198,2
2020-04-08,Kings,031,150075,43,5,1,6,0
2020-04-08,Lake,033,64148,5,1,0,1,0
2020-04-08,Lassen,035,31185,3,0,2,2,0
2020-04-08,Los Angeles,037,10098052,12355,7505,13,7518,196
2020-04-08,Madera,039,155013,62,28,1,29,2
2020-04-08,Marin,041,260295,160,125,1,126,7
2020-04-08,Mariposa,043,17540,0,0,0,0,0
2020-04-08,Mendocino,045,87422,6,4,0,4,0
2020-04-08,Merced,047,269075,82,35,0,35,1
2020-04-08,Modoc,049,8938,0,0,0,0,0
2020-04-08,Mono,051,14174,29,19,0,19,1
2020-04-08,Monterey,053,433212,114,68,1,69,3
2020-04-08,Napa,055,140530,44,21,0,21,2
2020-04-08,Nevada,057,99092,36,21,1,22,1
2020-04-08,Orange,059,3164182,1747,1034,12,1046,19
2020-04-08,Placer,061,380077,141,102,0,102,4
2020-04-08,Plumas,063,18699,4,3,0,3,0
2020-04-08,Riverside,065,2383286,2307,974,13,987,28
2020-04-08,Sacramento,067,1510023,840,565,0,565,21
2020-04-08,San Benito,069,59416,37,31,0,31,2
2020-04-08,San Bernardino,071,2135413,1228,635,0,635,22
2020-04-08,San Diego,073,3302833,2149,1532,0,1532,36
2020-04-08,San Francisco,075,870044,1048,687,0,687,7
2020-04-08,San Joaquin,077,732212,363,211,3,214,12
2020-04-08,San Luis Obispo,079,281455,157,90,1,91,1
2020-04-08,San Mateo,081,765935,882,608,2,610,22
2020-04-08,Santa Barbara,083,443738,328,221,1,222,2
2020-04-08,Santa Clara,085,1922200,1824,1257,4,1261,47
2020-04-08,Santa Cruz,087,273765,96,69,0,69,1
2020-04-08,Shasta,089,179085,30,18,0,18,3
2020-04-08,Sierra,091,2930,0,0,0,0,0
2020-04-08,Siskiyou,093,43540,5,4,0,4,0
2020-04-08,Solano,095,438530,174,111,0,111,2
2020-04-08,Sonoma,097,501317,170,107,0,107,1
2020-04-08,Stanislaus,099,539301,201,86,3,89,0
2020-04-08,Sutter,101,95872,22,17,0,17,2
2020-04-08,Tehama,103,63373,1,1,0,1,0
2020-04-08,Trinity,105,12862,0,0,0,0,0
2020-04-08,Tulare,107,460477,363,145,5,150,6
2020-04-08,Tuolumne,109,53932,2,0,0,0,0
2020-04-08,Ventura,111,848112,426,263,0,263,7
2020-04-08,Yolo,113,214977,105,56,0,56,3
2020-04-08,Yuba,115,75493,14,10,0,10,0
2020-04-07,Alameda,001,1643700,989,560,1,561,14
2020-04-07,Alpine,003,1148,1,1,0,1,0
2020-04-07,Amador,005,37829,6,2,0,2,0
2020-04-07,Butte,007,227075,17,11,1,12,0
2020-04-07,Calaveras,009,45235,6,5,0,5,0
2020-04-07,Colusa,011,21464,3,2,0,2,0
2020-04-07,Contra Costa,013,1133247,662,471,0,471,7
2020-04-07,Del Norte,015,27424,2,2,0,2,0
2020-04-07,El Dorado,017,186661,45,22,0,22,0
2020-04-07,Fresno,019,978130,392,138,4,142,3
2020-04-07,Glenn,021,27897,4,2,0,2,0
2020-04-07,Humboldt,023,135768,55,40,0,40,0
2020-04-07,Imperial,025,180216,132,53,0,53,2
2020-04-07,Inyo,027,18085,12,11,0,11,0
2020-04-07,Kern,029,883053,507,134,0,134,2
2020-04-07,Kings,031,150075,40,5,1,6,0
2020-04-07,Lake,033,64148,4,1,0,1,0
2020-04-07,Lassen,035,31185,3,0,2,2,0
2020-04-07,Los Angeles,037,10098052,11706,6885,13,6898,170
2020-04-07,Madera,039,155013,60,28,0,28,2
2020-04-07,Marin,041,260295,158,122,1,123,7
2020-04-07,Mariposa,043,17540,0,0,0,0,0
2020-04-07,Mendocino,045,87422,6,4,0,4,0
2020-04-07,Merced,047,269075,67,27,0,27,1
2020-04-07,Modoc,049,8938,0,0,0,0,0
2020-04-07,Mono,051,14174,28,18,0,18,1
2020-04-07,Monterey,053,433212,106,63,1,64,2
2020-04-07,Napa,055,140530,42,18,0,18,2
2020-04-07,Nevada,057,99092,36,20,1,21,1
2020-04-07,Orange,059,3164182,1700,971,11,982,19
2020-04-07,Placer,061,380077,136,94,0,94,3
2020-04-07,Plumas,063,18699,4,3,0,3,0
2020-04-07,Riverside,065,2383286,2150,905,13,918,25
2020-04-07,Sacramento,067,1510023,810,513,0,513,18
2020-04-07,San Benito,069,59416,37,26,0,26,2
2020-04-07,San Bernardino,071,2135413,1161,554,0,554,19
2020-04-07,San Diego,073,3302833,2072,1456,0,1456,31
2020-04-07,San Francisco,075,870044,988,636,0,636,6
2020-04-07,San Joaquin,077,732212,345,198,3,201,12
2020-04-07,San Luis Obispo,079,281455,150,87,1,88,1
2020-04-07,San Mateo,081,765935,861,573,2,575,22
2020-04-07,Santa Barbara,083,443738,313,209,1,210,2
2020-04-07,Santa Clara,085,1922200,1755,1193,3,1196,46
2020-04-07,Santa Cruz,087,273765,96,67,0,67,1
2020-04-07,Shasta,089,179085,29,16,0,16,3
2020-04-07,Sierra,091,2930,0,0,0,0,0
2020-04-07,Siskiyou,093,43540,5,4,0,4,0
2020-04-07,Solano,095,438530,169,99,0,99,1
2020-04-07,Sonoma,097,501317,167,102,0,102,1
2020-04-07,Stanislaus,099,539301,184,83,3,86,0
2020-04-07,Sutter,101,95872,22,16,0,16,2
2020-04-07,Tehama,103,63373,1,1,0,1,0
2020-04-07,Trinity,105,12862,0,0,0,0,0
2020-04-07,Tulare,107,460477,334,144,5,149,5
2020-04-07,Tuolumne,109,53932,2,1,0,1,0
2020-04-07,Ventura,111,848112,409,247,0,247,6
2020-04-07,Yolo,113,214977,98,51,0,51,2
2020-04-07,Yuba,115,75493,14,10,0,10,0
2020-04-06,Alameda,001,1643700,959,527,1,528,13
2020-04-06,Alpine,003,1148,1,1,0,1,0
2020-04-06,Amador,005,37829,5,2,0,2,0
2020-04-06,Butte,007,227075,16,11,1,12,0
2020-04-06,Calaveras,009,45235,6,4,0,4,0
2020-04-06,Colusa,011,21464,3,1,0,1,0
2020-04-06,Contra Costa,013,1133247,637,447,0,447,7
2020-04-06,Del Norte,015,27424,2,2,0,2,0
2020-04-06,El Dorado,017,186661,43,23,0,23,0
2020-04-06,Fresno,019,978130,370,122,4,126,1
2020-04-06,Glenn,021,27897,4,2,0,2,0
2020-04-06,Humboldt,023,135768,54,37,0,37,0
2020-04-06,Imperial,025,180216,125,47,0,47,1
2020-04-06,Inyo,027,18085,11,11,0,11,0
2020-04-06,Kern,029,883053,470,117,0,117,2
2020-04-06,Kings,031,150075,40,3,1,4,0
2020-04-06,Lake,033,64148,4,1,0,1,0
2020-04-06,Lassen,035,31185,3,0,2,2,0
2020-04-06,Los Angeles,037,10098052,10973,6346,13,6359,145
2020-04-06,Madera,039,155013,58,29,0,29,2
2020-04-06,Marin,041,260295,155,119,1,120,7
2020-04-06,Mariposa,043,17540,0,0,0,0,0
2020-04-06,Mendocino,045,87422,6,4,0,4,0
2020-04-06,Merced,047,269075,60,25,0,25,1
2020-04-06,Modoc,049,8938,0,0,0,0,0
2020-04-06,Mono,051,14174,28,18,0,18,1
2020-04-06,Monterey,053,433212,101,62,1,63,2
2020-04-06,Napa,055,140530,42,18,0,18,2
2020-04-06,Nevada,057,99092,36,19,1,20,1
2020-04-06,Orange,059,3164182,1656,910,10,920,17
2020-04-06,Placer,061,380077,136,90,0,90,3
2020-04-06,Plumas,063,18699,4,2,0,2,0
2020-04-06,Riverside,065,2383286,2024,854,13,867,17
2020-04-06,Sacramento,067,1510023,780,448,0,448,15
2020-04-06,San Benito,069,59416,35,25,0,25,1
2020-04-06,San Bernardino,071,2135413,1102,550,0,550,13
2020-04-06,San Diego,073,3302833,1990,1406,0,1406,19
2020-04-06,San Francisco,075,870044,948,586,0,586,6
2020-04-06,San Joaquin,077,732212,330,191,3,194,10
2020-04-06,San Luis Obispo,079,281455,148,85,1,86,1
2020-04-06,San Mateo,081,765935,843,569,2,571,20
2020-04-06,Santa Barbara,083,443738,303,189,1,190,2
2020-04-06,Santa Clara,085,1922200,1702,1128,3,1131,43
2020-04-06,Santa Cruz,087,273765,94,65,0,65,1
2020-04-06,Shasta,089,179085,29,16,0,16,3
2020-04-06,Sierra,091,2930,0,0,0,0,0
2020-04-06,Siskiyou,093,43540,4,4,0,4,0
2020-04-06,Solano,095,438530,162,95,0,95,1
2020-04-06,Sonoma,097,501317,166,102,0,102,1
2020-04-06,Stanislaus,099,539301,168,72,3,75,0
2020-04-06,Sutter,101,95872,22,14,0,14,2
2020-04-06,Tehama,103,63373,1,1,0,1,0
2020-04-06,Trinity,105,12862,0,0,0,0,0
2020-04-06,Tulare,107,460477,318,126,5,131,5
2020-04-06,Tuolumne,109,53932,2,1,0,1,0
2020-04-06,Ventura,111,848112,391,234,0,234,6
2020-04-06,Yolo,113,214977,94,43,0,43,1
2020-04-06,Yuba,115,75493,14,8,0,8,0
2020-04-05,Alameda,001,1643700,917,475,1,476,12
2020-04-05,Alpine,003,1148,1,1,0,1,0
2020-04-05,Amador,005,37829,5,2,0,2,0
2020-04-05,Butte,007,227075,16,10,1,11,0
2020-04-05,Calaveras,009,45235,6,3,0,3,0
2020-04-05,Colusa,011,21464,3,1,0,1,0
2020-04-05,Contra Costa,013,1133247,620,415,0,415,6
2020-04-05,Del Norte,015,27424,2,1,0,1,0
2020-04-05,El Dorado,017,186661,41,19,0,19,0
2020-04-05,Fresno,019,978130,336,102,4,106,1
2020-04-05,Glenn,021,27897,4,2,0,2,0
2020-04-05,Humboldt,023,135768,54,29,0,29,0
2020-04-05,Imperial,025,180216,117,42,0,42,1
2020-04-05,Inyo,027,18085,11,10,0,10,0
2020-04-05,Kern,029,883053,415,109,0,109,2
2020-04-05,Kings,031,150075,39,4,1,5,0
2020-04-05,Lake,033,64148,4,0,0,0,0
2020-04-05,Lassen,035,31185,3,0,2,2,0
2020-04-05,Los Angeles,037,10098052,10401,5892,13,5905,130
2020-04-05,Madera,039,155013,57,27,0,27,2
2020-04-05,Marin,041,260295,155,113,1,114,6
2020-04-05,Mariposa,043,17540,0,0,0,0,0
2020-04-05,Mendocino,045,87422,6,4,0,4,0
2020-04-05,Merced,047,269075,53,16,0,16,0
2020-04-05,Modoc,049,8938,0,0,0,0,0
2020-04-05,Mono,051,14174,28,18,0,18,1
2020-04-05,Monterey,053,433212,94,61,1,62,2
2020-04-05,Napa,055,140530,40,15,0,15,2
2020-04-05,Nevada,057,99092,36,19,1,20,1
2020-04-05,Orange,059,3164182,1599,820,10,830,15
2020-04-05,Placer,061,380077,133,86,0,86,3
2020-04-05,Plumas,063,18699,3,2,0,2,0
2020-04-05,Riverside,065,2383286,1895,669,13,682,17
2020-04-05,Sacramento,067,1510023,749,393,0,393,11
2020-04-05,San Benito,069,59416,35,22,0,22,1
2020-04-05,San Bernardino,071,2135413,1028,375,0,375,13
2020-04-05,San Diego,073,3302833,1908,1328,0,1328,19
2020-04-05,San Francisco,075,870044,901,559,0,559,6
2020-04-05,San Joaquin,077,732212,315,179,3,182,10
2020-04-05,San Luis Obispo,079,281455,146,83,1,84,1
2020-04-05,San Mateo,081,765935,823,528,2,530,19
2020-04-05,Santa Barbara,083,443738,287,171,1,172,1
2020-04-05,Santa Clara,085,1922200,1654,1052,3,1055,42
2020-04-05,Santa Cruz,087,273765,94,59,0,59,1
2020-04-05,Shasta,089,179085,28,11,0,11,2
2020-04-05,Sierra,091,2930,0,0,0,0,0
2020-04-05,Siskiyou,093,43540,4,3,0,3,0
2020-04-05,Solano,095,438530,158,78,0,78,1
2020-04-05,Sonoma,097,501317,164,88,0,88,1
2020-04-05,Stanislaus,099,539301,154,51,3,54,0
2020-04-05,Sutter,101,95872,22,14,0,14,1
2020-04-05,Tehama,103,63373,1,1,0,1,0
2020-04-05,Trinity,105,12862,0,0,0,0,0
2020-04-05,Tulare,107,460477,281,81,5,86,4
2020-04-05,Tuolumne,109,53932,2,1,0,1,0
2020-04-05,Ventura,111,848112,377,196,0,196,6
2020-04-05,Yolo,113,214977,76,37,0,37,2
2020-04-05,Yuba,115,75493,14,7,0,7,0
2020-04-04,Alameda,001,1643700,894,468,1,469,12
2020-04-04,Alpine,003,1148,1,1,0,1,0
2020-04-04,Amador,005,37829,4,2,0,2,0
2020-04-04,Butte,007,227075,16,10,1,11,0
2020-04-04,Calaveras,009,45235,6,3,0,3,0
2020-04-04,Colusa,011,21464,3,1,0,1,0
2020-04-04,Contra Costa,013,1133247,612,382,0,382,5
2020-04-04,Del Norte,015,27424,2,1,0,1,0
2020-04-04,El Dorado,017,186661,41,19,0,19,0
2020-04-04,Fresno,019,978130,326,102,4,106,1
2020-04-04,Glenn,021,27897,4,2,0,2,0
2020-04-04,Humboldt,023,135768,54,29,0,29,0
2020-04-04,Imperial,025,180216,116,42,0,42,1
2020-04-04,Inyo,027,18085,11,10,0,10,0
2020-04-04,Kern,029,883053,385,103,0,103,2
2020-04-04,Kings,031,150075,39,3,1,4,0
2020-04-04,Lake,033,64148,4,0,0,0,0
2020-04-04,Lassen,035,31185,3,0,2,2,0
2020-04-04,Los Angeles,037,10098052,9785,5275,13,5288,117
2020-04-04,Madera,039,155013,55,27,0,27,2
2020-04-04,Marin,041,260295,153,111,0,111,6
2020-04-04,Mariposa,043,17540,0,0,0,0,0
2020-04-04,Mendocino,045,87422,6,4,0,4,0
2020-04-04,Merced,047,269075,49,11,0,11,0
2020-04-04,Modoc,049,8938,0,0,0,0,0
2020-04-04,Mono,051,14174,28,18,0,18,1
2020-04-04,Monterey,053,433212,90,61,1,62,2
2020-04-04,Napa,055,140530,40,15,0,15,2
2020-04-04,Nevada,057,99092,36,19,1,20,1
2020-04-04,Orange,059,3164182,1557,781,9,790,15
2020-04-04,Placer,061,380077,132,87,0,87,2
2020-04-04,Plumas,063,18699,3,2,0,2,0
2020-04-04,Riverside,065,2383286,1794,652,13,665,15
2020-04-04,Sacramento,067,1510023,731,393,0,393,11
2020-04-04,San Benito,069,59416,35,22,0,22,1
2020-04-04,San Bernardino,071,2135413,980,373,0,373,13
2020-04-04,San Diego,073,3302833,1860,1211,0,1211,18
2020-04-04,San Francisco,075,870044,863,537,0,537,6
2020-04-04,San Joaquin,077,732212,292,171,3,174,10
2020-04-04,San Luis Obispo,079,281455,146,82,1,83,0
2020-04-04,San Mateo,081,765935,812,520,2,522,17
2020-04-04,Santa Barbara,083,443738,278,167,1,168,1
2020-04-04,Santa Clara,085,1922200,1602,1045,3,1048,39
2020-04-04,Santa Cruz,087,273765,94,56,0,56,1
2020-04-04,Shasta,089,179085,27,11,0,11,2
2020-04-04,Sierra,091,2930,0,0,0,0,0
2020-04-04,Siskiyou,093,43540,4,3,0,3,0
2020-04-04,Solano,095,438530,153,79,0,79,1
2020-04-04,Sonoma,097,501317,161,88,0,88,1
2020-04-04,Stanislaus,099,539301,143,51,3,54,0
2020-04-04,Sutter,101,95872,22,14,0,14,1
2020-04-04,Tehama,103,63373,1,1,0,1,0
2020-04-04,Trinity,105,12862,0,0,0,0,0
2020-04-04,Tulare,107,460477,267,79,5,84,4
2020-04-04,Tuolumne,109,53932,2,1,0,1,0
2020-04-04,Ventura,111,848112,364,194,0,194,6
2020-04-04,Yolo,113,214977,74,40,0,40,2
2020-04-04,Yuba,115,75493,13,7,0,7,0
2020-04-03,Alameda,001,1643700,858,395,1,396,11
2020-04-03,Alpine,003,1148,1,1,0,1,0
2020-04-03,Amador,005,37829,4,2,0,2,0
2020-04-03,Butte,007,227075,16,8,1,9,0
2020-04-03,Calaveras,009,45235,6,3,0,3,0
2020-04-03,Colusa,011,21464,3,1,0,1,0
2020-04-03,Contra Costa,013,1133247,589,327,0,327,5
2020-04-03,Del Norte,015,27424,2,1,0,1,0
2020-04-03,El Dorado,017,186661,39,16,0,16,0
2020-04-03,Fresno,019,978130,314,98,4,102,1
2020-04-03,Glenn,021,27897,4,2,0,2,0
2020-04-03,Humboldt,023,135768,54,34,0,34,0
2020-04-03,Imperial,025,180216,107,35,0,35,0
2020-04-03,Inyo,027,18085,11,10,0,10,0
2020-04-03,Kern,029,883053,359,87,0,87,1
2020-04-03,Kings,031,150075,37,3,1,4,0
2020-04-03,Lake,033,64148,3,0,0,0,0
2020-04-03,Lassen,035,31185,3,0,2,2,0
2020-04-03,Los Angeles,037,10098052,9170,4566,13,4579,91
2020-04-03,Madera,039,155013,54,28,0,28,2
2020-04-03,Marin,041,260295,151,106,0,106,6
2020-04-03,Mariposa,043,17540,0,0,0,0,0
2020-04-03,Mendocino,045,87422,6,4,0,4,0
2020-04-03,Merced,047,269075,46,9,0,9,0
2020-04-03,Modoc,049,8938,0,0,0,0,0
2020-04-03,Mono,051,14174,28,18,0,18,1
2020-04-03,Monterey,053,433212,87,58,1,59,2
2020-04-03,Napa,055,140530,39,13,0,13,1
2020-04-03,Nevada,057,99092,36,19,1,20,1
2020-04-03,Orange,059,3164182,1518,713,9,722,13
2020-04-03,Placer,061,380077,128,76,0,76,2
2020-04-03,Plumas,063,18699,3,2,0,2,0
2020-04-03,Riverside,065,2383286,1714,540,13,553,14
2020-04-03,Sacramento,067,1510023,710,363,0,363,11
2020-04-03,San Benito,069,59416,35,22,0,22,1
2020-04-03,San Bernardino,071,2135413,935,356,0,356,11
2020-04-03,San Diego,073,3302833,1800,1114,0,1114,17
2020-04-03,San Francisco,075,870044,839,506,0,506,6
2020-04-03,San Joaquin,077,732212,280,162,3,165,10
2020-04-03,San Luis Obispo,079,281455,145,82,1,83,0
2020-04-03,San Mateo,081,765935,795,474,2,476,13
2020-04-03,Santa Barbara,083,443738,267,154,1,155,1
2020-04-03,Santa Clara,085,1922200,1566,983,3,986,39
2020-04-03,Santa Cruz,087,273765,94,52,0,52,1
2020-04-03,Shasta,089,179085,27,10,0,10,1
2020-04-03,Sierra,091,2930,0,0,0,0,0
2020-04-03,Siskiyou,093,43540,4,3,0,3,0
2020-04-03,Solano,095,438530,145,72,0,72,1
2020-04-03,Sonoma,097,501317,161,84,0,84,1
2020-04-03,Stanislaus,099,539301,137,48,3,51,0
2020-04-03,Sutter,101,95872,22,12,0,12,1
2020-04-03,Tehama,103,63373,1,1,0,1,0
2020-04-03,Trinity,105,12862,0,0,0,0,0
2020-04-03,Tulare,107,460477,253,73,5,78,3
2020-04-03,Tuolumne,109,53932,2,1,0,1,0
2020-04-03,Ventura,111,848112,354,186,0,186,6
2020-04-03,Yolo,113,214977,73,33,0,33,1
2020-04-03,Yuba,115,75493,13,6,0,6,0
2020-04-02,Alameda,001,1643700,807,345,1,346,10
2020-04-02,Alpine,003,1148,1,1,0,1,0
2020-04-02,Amador,005,37829,4,2,0,2,0
2020-04-02,Butte,007,227075,16,7,0,7,0
2020-04-02,Calaveras,009,45235,4,3,0,3,0
2020-04-02,Colusa,011,21464,3,1,0,1,0
2020-04-02,Contra Costa,013,1133247,559,297,0,297,3
2020-04-02,Del Norte,015,27424,2,0,0,0,0
2020-04-02,El Dorado,017,186661,37,16,0,16,0
2020-04-02,Fresno,019,978130,298,92,4,96,0
2020-04-02,Glenn,021,27897,3,2,0,2,0
2020-04-02,Humboldt,023,135768,50,23,0,23,0
2020-04-02,Imperial,025,180216,103,24,0,24,0
2020-04-02,Inyo,027,18085,10,8,0,8,0
2020-04-02,Kern,029,883053,332,74,0,74,0
2020-04-02,Kings,031,150075,37,3,1,4,0
2020-04-02,Lake,033,64148,3,0,0,0,0
2020-04-02,Lassen,035,31185,3,0,2,2,0
2020-04-02,Los Angeles,037,10098052,8338,4040,13,4053,79
2020-04-02,Madera,039,155013,52,25,0,25,1
2020-04-02,Marin,041,260295,145,102,0,102,1
2020-04-02,Mariposa,043,17540,0,0,0,0,0
2020-04-02,Mendocino,045,87422,6,4,0,4,0
2020-04-02,Merced,047,269075,41,9,0,9,0
2020-04-02,Modoc,049,8938,0,0,0,0,0
2020-04-02,Mono,051,14174,28,16,0,16,1
2020-04-02,Monterey,053,433212,85,50,1,51,2
2020-04-02,Napa,055,140530,39,13,0,13,0
2020-04-02,Nevada,057,99092,35,17,1,18,0
2020-04-02,Orange,059,3164182,1466,640,8,648,12
2020-04-02,Placer,061,380077,127,72,0,72,2
2020-04-02,Plumas,063,18699,3,1,0,1,0
2020-04-02,Riverside,065,2383286,1597,438,13,451,13
2020-04-02,Sacramento,067,1510023,692,322,0,322,9
2020-04-02,San Benito,069,59416,33,18,0,18,1
2020-04-02,San Bernardino,071,2135413,880,335,0,335,8
2020-04-02,San Diego,073,3302833,1733,968,0,968,16
2020-04-02,San Francisco,075,870044,812,473,0,473,6
2020-04-02,San Joaquin,077,732212,261,148,3,151,9
2020-04-02,San Luis Obispo,079,281455,140,79,1,80,0
2020-04-02,San Mateo,081,765935,774,423,2,425,13
2020-04-02,Santa Barbara,083,443738,255,125,1,126,1
2020-04-02,Santa Clara,085,1922200,1515,908,3,911,38
2020-04-02,Santa Cruz,087,273765,92,49,0,49,1
2020-04-02,Shasta,089,179085,26,7,0,7,1
2020-04-02,Sierra,091,2930,0,0,0,0,0
2020-04-02,Siskiyou,093,43540,4,3,0,3,0
2020-04-02,Solano,095,438530,135,65,0,65,0
2020-04-02,Sonoma,097,501317,157,76,0,76,1
2020-04-02,Stanislaus,099,539301,126,40,3,43,0
2020-04-02,Sutter,101,95872,21,10,0,10,1
2020-04-02,Tehama,103,63373,1,1,0,1,0
2020-04-02,Trinity,105,12862,0,0,0,0,0
2020-04-02,Tulare,107,460477,219,64,5,69,1
2020-04-02,Tuolumne,109,53932,2,1,0,1,0
2020-04-02,Ventura,111,848112,336,178,0,178,5
2020-04-02,Yolo,113,214977,71,29,0,29,1
2020-04-02,Yuba,115,75493,10,5,0,5,0
2020-04-01,Alameda,001,1643700,780,287,1,288,8
2020-04-01,Alpine,003,1148,1,1,0,1,0
2020-04-01,Amador,005,37829,4,1,0,1,0
2020-04-01,Butte,007,227075,16,6,0,6,0
2020-04-01,Calaveras,009,45235,3,3,0,3,0
2020-04-01,Colusa,011,21464,3,1,0,1,0
2020-04-01,Contra Costa,013,1133247,515,267,0,267,3
2020-04-01,Del Norte,015,27424,2,0,0,0,0
2020-04-01,El Dorado,017,186661,36,14,0,14,0
2020-04-01,Fresno,019,978130,276,75,3,78,0
2020-04-01,Glenn,021,27897,3,2,0,2,0
2020-04-01,Humboldt,023,135768,50,19,0,19,0
2020-04-01,Imperial,025,180216,96,25,0,25,0
2020-04-01,Inyo,027,18085,10,8,0,8,0
2020-04-01,Kern,029,883053,305,53,0,53,0
2020-04-01,Kings,031,150075,35,3,1,4,0
2020-04-01,Lake,033,64148,3,0,0,0,0
2020-04-01,Lassen,035,31185,3,0,2,2,0
2020-04-01,Los Angeles,037,10098052,7688,3502,13,3515,66
2020-04-01,Madera,039,155013,50,17,0,17,1
2020-04-01,Marin,041,260295,141,87,0,87,1
2020-04-01,Mariposa,043,17540,0,0,0,0,0
2020-04-01,Mendocino,045,87422,6,4,0,4,0
2020-04-01,Merced,047,269075,38,7,0,7,0
2020-04-01,Modoc,049,8938,0,0,0,0,0
2020-04-01,Mono,051,14174,28,12,0,12,1
2020-04-01,Monterey,053,433212,84,47,1,48,2
2020-04-01,Napa,055,140530,36,11,0,11,0
2020-04-01,Nevada,057,99092,35,15,1,16,0
2020-04-01,Orange,059,3164182,1414,579,8,587,11
2020-04-01,Placer,061,380077,125,52,0,52,2
2020-04-01,Plumas,063,18699,3,1,0,1,0
2020-04-01,Riverside,065,2383286,1429,306,12,318,11
2020-04-01,Sacramento,067,1510023,659,299,0,299,8
2020-04-01,San Benito,069,59416,30,14,0,14,1
2020-04-01,San Bernardino,071,2135413,831,245,0,245,5
2020-04-01,San Diego,073,3302833,1663,851,0,851,11
2020-04-01,San Francisco,075,870044,784,432,0,432,6
2020-04-01,San Joaquin,077,732212,250,132,3,135,8
2020-04-01,San Luis Obispo,079,281455,134,69,1,70,0
2020-04-01,San Mateo,081,765935,756,354,2,356,13
2020-04-01,Santa Barbara,083,443738,242,103,1,104,0
2020-04-01,Santa Clara,085,1922200,1473,805,3,808,33
2020-04-01,Santa Cruz,087,273765,87,44,0,44,1
2020-04-01,Shasta,089,179085,25,5,0,5,1
2020-04-01,Sierra,091,2930,0,0,0,0,0
2020-04-01,Siskiyou,093,43540,4,3,0,3,0
2020-04-01,Solano,095,438530,130,57,0,57,0
2020-04-01,Sonoma,097,501317,153,60,0,60,1
2020-04-01,Stanislaus,099,539301,115,29,3,32,0
2020-04-01,Sutter,101,95872,21,9,0,9,1
2020-04-01,Tehama,103,63373,1,0,0,0,0
2020-04-01,Trinity,105,12862,0,0,0,0,0
2020-04-01,Tulare,107,460477,181,43,5,48,1
2020-04-01,Tuolumne,109,53932,2,1,0,1,0
2020-04-01,Ventura,111,848112,323,154,0,154,5
2020-04-01,Yolo,113,214977,66,22,0,22,1
2020-04-01,Yuba,115,75493,9,5,0,5,0
2020-03-31,Alameda,001,1643700,712,269,1,270,7
2020-03-31,Alpine,003,1148,1,1,0,1,0
2020-03-31,Amador,005,37829,4,1,0,1,0
2020-03-31,Butte,007,227075,16,6,0,6,0
2020-03-31,Calaveras,009,45235,3,3,0,3,0
2020-03-31,Colusa,011,21464,3,1,0,1,0
2020-03-31,Contra Costa,013,1133247,490,246,0,246,3
2020-03-31,Del Norte,015,27424,1,0,0,0,0
2020-03-31,El Dorado,017,186661,32,14,0,14,0
2020-03-31,Fresno,019,978130,251,59,3,62,0
2020-03-31,Glenn,021,27897,3,2,0,2,0
2020-03-31,Humboldt,023,135768,50,18,0,18,0
2020-03-31,Imperial,025,180216,91,17,0,17,0
2020-03-31,Inyo,027,18085,10,8,0,8,0
2020-03-31,Kern,029,883053,281,47,0,47,0
2020-03-31,Kings,031,150075,33,2,1,3,0
2020-03-31,Lake,033,64148,1,0,0,0,0
2020-03-31,Lassen,035,31185,3,0,2,2,0
2020-03-31,Los Angeles,037,10098052,7023,3001,13,3014,53
2020-03-31,Madera,039,155013,49,17,0,17,1
2020-03-31,Marin,041,260295,132,85,0,85,1
2020-03-31,Mariposa,043,17540,0,0,0,0,0
2020-03-31,Mendocino,045,87422,6,4,0,4,0
2020-03-31,Merced,047,269075,33,6,0,6,0
2020-03-31,Modoc,049,8938,0,0,0,0,0
2020-03-31,Mono,051,14174,26,12,0,12,0
2020-03-31,Monterey,053,433212,82,43,1,44,2
2020-03-31,Napa,055,140530,35,9,0,9,0
2020-03-31,Nevada,057,99092,35,15,1,16,0
2020-03-31,Orange,059,3164182,1344,506,8,514,7
2020-03-31,Placer,061,380077,118,49,0,49,2
2020-03-31,Plumas,063,18699,1,0,0,0,0
2020-03-31,Riverside,065,2383286,1283,284,12,296,8
2020-03-31,Sacramento,067,1510023,607,271,0,271,8
2020-03-31,San Benito,069,59416,30,14,0,14,1
2020-03-31,San Bernardino,071,2135413,746,193,0,193,5
2020-03-31,San Diego,073,3302833,1581,736,0,736,9
2020-03-31,San Francisco,075,870044,749,404,0,404,5
2020-03-31,San Joaquin,077,732212,234,122,3,125,7
2020-03-31,San Luis Obispo,079,281455,130,67,1,68,0
2020-03-31,San Mateo,081,765935,737,297,2,299,12
2020-03-31,Santa Barbara,083,443738,227,89,1,90,0
2020-03-31,Santa Clara,085,1922200,1423,777,3,780,30
2020-03-31,Santa Cruz,087,273765,80,40,0,40,1
2020-03-31,Shasta,089,179085,22,5,0,5,1
2020-03-31,Sierra,091,2930,0,0,0,0,0
2020-03-31,Siskiyou,093,43540,4,3,0,3,0
2020-03-31,Solano,095,438530,116,56,0,56,0
2020-03-31,Sonoma,097,501317,148,58,0,58,1
2020-03-31,Stanislaus,099,539301,100,28,3,31,0
2020-03-31,Sutter,101,95872,21,8,0,8,0
2020-03-31,Tehama,103,63373,1,0,0,0,0
2020-03-31,Trinity,105,12862,0,0,0,0,0
2020-03-31,Tulare,107,460477,158,42,4,46,1
2020-03-31,Tuolumne,109,53932,2,1,0,1,0
2020-03-31,Ventura,111,848112,312,143,0,143,4
2020-03-31,Yolo,113,214977,59,21,0,21,1
2020-03-31,Yuba,115,75493,9,5,0,5,0
2020-03-30,Alameda,001,1643700,672,250,1,251,7
2020-03-30,Alpine,003,1148,1,1,0,1,0
2020-03-30,Amador,005,37829,4,1,0,1,0
2020-03-30,Butte,007,227075,14,5,0,5,0
2020-03-30,Calaveras,009,45235,3,3,0,3,0
2020-03-30,Colusa,011,21464,3,1,0,1,0
2020-03-30,Contra Costa,013,1133247,464,212,0,212,3
2020-03-30,Del Norte,015,27424,0,0,0,0,0
2020-03-30,El Dorado,017,186661,32,11,0,11,0
2020-03-30,Fresno,019,978130,226,46,3,49,0
2020-03-30,Glenn,021,27897,3,2,0,2,0
2020-03-30,Humboldt,023,135768,48,11,0,11,0
2020-03-30,Imperial,025,180216,88,9,0,9,0
2020-03-30,Inyo,027,18085,10,5,0,5,0
2020-03-30,Kern,029,883053,248,30,0,30,0
2020-03-30,Kings,031,150075,33,1,1,2,0
2020-03-30,Lake,033,64148,1,0,0,0,0
2020-03-30,Lassen,035,31185,3,0,1,1,0
2020-03-30,Los Angeles,037,10098052,6368,2467,13,2480,44
2020-03-30,Madera,039,155013,48,14,0,14,1
2020-03-30,Marin,041,260295,125,78,0,78,0
2020-03-30,Mariposa,043,17540,0,0,0,0,0
2020-03-30,Mendocino,045,87422,5,2,0,2,0
2020-03-30,Merced,047,269075,29,6,0,6,0
2020-03-30,Modoc,049,8938,0,0,0,0,0
2020-03-30,Mono,051,14174,26,11,0,11,0
2020-03-30,Monterey,053,433212,77,41,1,42,1
2020-03-30,Napa,055,140530,34,9,0,9,0
2020-03-30,Nevada,057,99092,34,14,1,15,0
2020-03-30,Orange,059,3164182,1278,418,8,426,5
2020-03-30,Placer,061,380077,115,44,0,44,2
2020-03-30,Plumas,063,18699,1,0,0,0,0
2020-03-30,Riverside,065,2383286,1203,204,12,216,7
2020-03-30,Sacramento,067,1510023,583,238,0,238,8
2020-03-30,San Benito,069,59416,30,11,0,11,1
2020-03-30,San Bernardino,071,2135413,702,145,0,145,4
2020-03-30,San Diego,073,3302833,1511,605,0,605,7
2020-03-30,San Francisco,075,870044,709,368,0,368,5
2020-03-30,San Joaquin,077,732212,227,112,3,115,5
2020-03-30,San Luis Obispo,079,281455,127,62,1,63,0
2020-03-30,San Mateo,081,765935,713,257,2,259,11
2020-03-30,Santa Barbara,083,443738,218,79,1,80,0
2020-03-30,Santa Clara,085,1922200,1392,745,3,748,31
2020-03-30,Santa Cruz,087,273765,77,36,0,36,1
2020-03-30,Shasta,089,179085,21,4,0,4,1
2020-03-30,Sierra,091,2930,0,0,0,0,0
2020-03-30,Siskiyou,093,43540,4,2,0,2,0
2020-03-30,Solano,095,438530,110,50,0,50,0
2020-03-30,Sonoma,097,501317,145,57,0,57,1
2020-03-30,Stanislaus,099,539301,93,28,3,31,0
2020-03-30,Sutter,101,95872,20,6,0,6,0
2020-03-30,Tehama,103,63373,1,0,0,0,0
2020-03-30,Trinity,105,12862,0,0,0,0,0
2020-03-30,Tulare,107,460477,146,40,3,43,1
2020-03-30,Tuolumne,109,53932,2,1,0,1,0
2020-03-30,Ventura,111,848112,301,118,0,118,2
2020-03-30,Yolo,113,214977,56,17,0,17,1
2020-03-30,Yuba,115,75493,8,5,0,5,0
2020-03-29,Alameda,001,1643700,638,207,1,208,6
2020-03-29,Alpine,003,1148,1,0,0,0,0
2020-03-29,Amador,005,37829,4,1,0,1,0
2020-03-29,Butte,007,227075,14,4,0,4,0
2020-03-29,Calaveras,009,45235,3,2,0,2,0
2020-03-29,Colusa,011,21464,3,1,0,1,0
2020-03-29,Contra Costa,013,1133247,434,187,0,187,3
2020-03-29,Del Norte,015,27424,0,0,0,0,0
2020-03-29,El Dorado,017,186661,31,9,0,9,0
2020-03-29,Fresno,019,978130,202,31,3,34,0
2020-03-29,Glenn,021,27897,2,1,0,1,0
2020-03-29,Humboldt,023,135768,45,9,0,9,0
2020-03-29,Imperial,025,180216,82,9,0,9,0
2020-03-29,Inyo,027,18085,9,0,0,0,0
2020-03-29,Kern,029,883053,230,20,0,20,0
2020-03-29,Kings,031,150075,30,1,1,2,0
2020-03-29,Lake,033,64148,0,0,0,0,0
2020-03-29,Lassen,035,31185,3,0,1,1,0
2020-03-29,Los Angeles,037,10098052,5723,2119,13,2132,37
2020-03-29,Madera,039,155013,43,11,0,11,1
2020-03-29,Marin,041,260295,120,60,0,60,0
2020-03-29,Mariposa,043,17540,0,0,0,0,0
2020-03-29,Mendocino,045,87422,5,2,0,2,0
2020-03-29,Merced,047,269075,28,4,0,4,0
2020-03-29,Modoc,049,8938,0,0,0,0,0
2020-03-29,Mono,051,14174,26,8,0,8,0
2020-03-29,Monterey,053,433212,72,36,1,37,1
2020-03-29,Napa,055,140530,32,5,0,5,0
2020-03-29,Nevada,057,99092,32,13,1,14,0
2020-03-29,Orange,059,3164182,1205,343,8,351,2
2020-03-29,Placer,061,380077,114,35,0,35,2
2020-03-29,Plumas,063,18699,1,0,0,0,0
2020-03-29,Riverside,065,2383286,1079,122,12,134,7
2020-03-29,Sacramento,067,1510023,543,217,0,217,7
2020-03-29,San Benito,069,59416,29,10,0,10,1
2020-03-29,San Bernardino,071,2135413,650,94,0,94,2
2020-03-29,San Diego,073,3302833,1439,521,0,521,7
2020-03-29,San Francisco,075,870044,665,333,0,333,5
2020-03-29,San Joaquin,077,732212,218,86,3,89,4
2020-03-29,San Luis Obispo,079,281455,120,55,0,55,0
2020-03-29,San Mateo,081,765935,688,234,2,236,12
2020-03-29,Santa Barbara,083,443738,210,52,1,53,0
2020-03-29,Santa Clara,085,1922200,1335,591,3,594,30
2020-03-29,Santa Cruz,087,273765,77,33,0,33,1
2020-03-29,Shasta,089,179085,20,4,0,4,1
2020-03-29,Sierra,091,2930,0,0,0,0,0
2020-03-29,Siskiyou,093,43540,4,2,0,2,0
2020-03-29,Solano,095,438530,102,48,0,48,0
2020-03-29,Sonoma,097,501317,143,35,0,35,1
2020-03-29,Stanislaus,099,539301,88,19,3,22,0
2020-03-29,Sutter,101,95872,17,6,0,6,0
2020-03-29,Tehama,103,63373,1,0,0,0,0
2020-03-29,Trinity,105,12862,0,0,0,0,0
2020-03-29,Tulare,107,460477,121,24,3,27,1
2020-03-29,Tuolumne,109,53932,1,1,0,1,0
2020-03-29,Ventura,111,848112,274,92,0,92,2
2020-03-29,Yolo,113,214977,51,13,0,13,1
2020-03-29,Yuba,115,75493,8,3,0,3,0
2020-03-28,Alameda,001,1643700,611,410,1,411,12
2020-03-28,Alpine,003,1148,1,0,0,0,0
2020-03-28,Amador,005,37829,4,2,0,2,0
2020-03-28,Butte,007,227075,14,8,0,8,0
2020-03-28,Calaveras,009,45235,3,4,0,4,0
2020-03-28,Colusa,011,21464,3,2,0,2,0
2020-03-28,Contra Costa,013,1133247,411,350,0,350,4
2020-03-28,Del Norte,015,27424,0,0,0,0,0
2020-03-28,El Dorado,017,186661,30,18,0,18,0
2020-03-28,Fresno,019,978130,192,62,3,65,0
2020-03-28,Glenn,021,27897,2,2,0,2,0
2020-03-28,Humboldt,023,135768,45,18,0,18,0
2020-03-28,Imperial,025,180216,77,18,0,18,0
2020-03-28,Inyo,027,18085,9,0,0,0,0
2020-03-28,Kern,029,883053,213,40,0,40,0
2020-03-28,Kings,031,150075,29,2,1,3,0
2020-03-28,Lake,033,64148,0,0,0,0,0
2020-03-28,Lassen,035,31185,3,0,1,1,0
2020-03-28,Los Angeles,037,10098052,5336,3600,12,3612,64
2020-03-28,Madera,039,155013,43,22,0,22,2
2020-03-28,Marin,041,260295,115,116,0,116,0
2020-03-28,Mariposa,043,17540,0,0,0,0,0
2020-03-28,Mendocino,045,87422,5,4,0,4,0
2020-03-28,Merced,047,269075,27,8,0,8,0
2020-03-28,Modoc,049,8938,0,0,0,0,0
2020-03-28,Mono,051,14174,24,12,0,12,0
2020-03-28,Monterey,053,433212,71,64,1,65,2
2020-03-28,Napa,055,140530,27,10,0,10,0
2020-03-28,Nevada,057,99092,32,22,1,23,0
2020-03-28,Orange,059,3164182,1169,656,8,664,4
2020-03-28,Placer,061,380077,109,70,0,70,2
2020-03-28,Plumas,063,18699,1,0,0,0,0
2020-03-28,Riverside,065,2383286,1011,242,12,254,14
2020-03-28,Sacramento,067,1510023,525,406,0,406,14
2020-03-28,San Benito,069,59416,29,20,0,20,2
2020-03-28,San Bernardino,071,2135413,602,162,0,162,4
2020-03-28,San Diego,073,3302833,1380,980,0,980,14
2020-03-28,San Francisco,075,870044,641,600,0,600,6
2020-03-28,San Joaquin,077,732212,210,166,3,169,8
2020-03-28,San Luis Obispo,079,281455,118,104,0,104,0
2020-03-28,San Mateo,081,765935,668,462,2,464,17
2020-03-28,Santa Barbara,083,443738,200,98,1,99,0
2020-03-28,Santa Clara,085,1922200,1316,1174,3,1177,54
2020-03-28,Santa Cruz,087,273765,76,62,0,62,0
2020-03-28,Shasta,089,179085,20,8,0,8,2
2020-03-28,Sierra,091,2930,0,0,0,0,0
2020-03-28,Siskiyou,093,43540,4,4,0,4,0
2020-03-28,Solano,095,438530,98,96,0,96,0
2020-03-28,Sonoma,097,501317,141,70,0,70,2
2020-03-28,Stanislaus,099,539301,83,34,3,37,0
2020-03-28,Sutter,101,95872,17,6,0,6,0
2020-03-28,Tehama,103,63373,1,0,0,0,0
2020-03-28,Trinity,105,12862,0,0,0,0,0
2020-03-28,Tulare,107,460477,114,46,3,49,0
2020-03-28,Tuolumne,109,53932,1,2,0,2,0
2020-03-28,Ventura,111,848112,270,178,0,178,4
2020-03-28,Yolo,113,214977,50,26,0,26,2
2020-03-28,Yuba,115,75493,8,6,0,6,0
2020-03-27,Alameda,001,1643700,593,185,1,186,4
2020-03-27,Alpine,003,1148,1,0,0,0,0
2020-03-27,Amador,005,37829,3,1,0,1,0
2020-03-27,Butte,007,227075,12,4,0,4,0
2020-03-27,Calaveras,009,45235,3,2,0,2,0
2020-03-27,Colusa,011,21464,3,0,0,0,0
2020-03-27,Contra Costa,013,1133247,390,161,0,161,2
2020-03-27,Del Norte,015,27424,0,0,0,0,0
2020-03-27,El Dorado,017,186661,28,9,0,9,0
2020-03-27,Fresno,019,978130,180,29,2,31,0
2020-03-27,Glenn,021,27897,2,0,0,0,0
2020-03-27,Humboldt,023,135768,41,9,0,9,0
2020-03-27,Imperial,025,180216,72,9,0,9,0
2020-03-27,Inyo,027,18085,9,0,0,0,0
2020-03-27,Kern,029,883053,200,20,0,20,0
2020-03-27,Kings,031,150075,28,0,1,1,0
2020-03-27,Lake,033,64148,0,0,0,0,0
2020-03-27,Lassen,035,31185,3,0,1,1,0
2020-03-27,Los Angeles,037,10098052,4925,1474,12,1486,26
2020-03-27,Madera,039,155013,41,10,0,10,1
2020-03-27,Marin,041,260295,110,58,0,58,0
2020-03-27,Mariposa,043,17540,0,0,0,0,0
2020-03-27,Mendocino,045,87422,5,2,0,2,0
2020-03-27,Merced,047,269075,26,3,0,3,0
2020-03-27,Modoc,049,8938,0,0,0,0,0
2020-03-27,Mono,051,14174,24,6,0,6,0
2020-03-27,Monterey,053,433212,68,26,1,27,1
2020-03-27,Napa,055,140530,27,5,0,5,0
2020-03-27,Nevada,057,99092,32,6,1,7,0
2020-03-27,Orange,059,3164182,1119,299,8,307,2
2020-03-27,Placer,061,380077,106,33,0,33,1
2020-03-27,Plumas,063,18699,0,0,0,0,0
2020-03-27,Riverside,065,2383286,955,121,12,133,7
2020-03-27,Sacramento,067,1510023,502,163,0,163,6
2020-03-27,San Benito,069,59416,28,9,0,9,1
2020-03-27,San Bernardino,071,2135413,512,77,0,77,2
2020-03-27,San Diego,073,3302833,1323,419,0,419,5
2020-03-27,San Francisco,075,870044,616,285,0,285,2
2020-03-27,San Joaquin,077,732212,199,73,3,76,3
2020-03-27,San Luis Obispo,079,281455,116,46,0,46,0
2020-03-27,San Mateo,081,765935,642,213,2,215,7
2020-03-27,Santa Barbara,083,443738,186,37,1,38,0
2020-03-27,Santa Clara,085,1922200,1278,557,3,560,25
2020-03-27,Santa Cruz,087,273765,75,31,0,31,0
2020-03-27,Shasta,089,179085,17,3,0,3,1
2020-03-27,Sierra,091,2930,0,0,0,0,0
2020-03-27,Siskiyou,093,43540,4,2,0,2,0
2020-03-27,Solano,095,438530,92,48,0,48,0
2020-03-27,Sonoma,097,501317,133,35,0,35,1
2020-03-27,Stanislaus,099,539301,81,16,3,19,0
2020-03-27,Sutter,101,95872,16,2,0,2,0
2020-03-27,Tehama,103,63373,1,0,0,0,0
2020-03-27,Trinity,105,12862,0,0,0,0,0
2020-03-27,Tulare,107,460477,106,15,3,18,0
2020-03-27,Tuolumne,109,53932,1,1,0,1,0
2020-03-27,Ventura,111,848112,261,80,0,80,2
2020-03-27,Yolo,113,214977,49,13,0,13,1
2020-03-27,Yuba,115,75493,7,3,0,3,0
2020-03-26,Alameda,001,1643700,553,172,1,173,4
2020-03-26,Alpine,003,1148,1,0,0,0,0
2020-03-26,Amador,005,37829,3,1,0,1,0
2020-03-26,Butte,007,227075,12,4,0,4,0
2020-03-26,Calaveras,009,45235,3,2,0,2,0
2020-03-26,Colusa,011,21464,3,0,0,0,0
2020-03-26,Contra Costa,013,1133247,380,147,0,147,2
2020-03-26,Del Norte,015,27424,0,0,0,0,0
2020-03-26,El Dorado,017,186661,26,7,0,7,0
2020-03-26,Fresno,019,978130,171,25,2,27,0
2020-03-26,Glenn,021,27897,2,0,0,0,0
2020-03-26,Humboldt,023,135768,37,8,0,8,0
2020-03-26,Imperial,025,180216,68,8,0,8,0
2020-03-26,Inyo,027,18085,8,0,0,0,0
2020-03-26,Kern,029,883053,184,20,0,20,0
2020-03-26,Kings,031,150075,28,0,1,1,0
2020-03-26,Lake,033,64148,0,0,0,0,0
2020-03-26,Lassen,035,31185,3,0,1,1,0
2020-03-26,Los Angeles,037,10098052,4522,1075,12,1087,19
2020-03-26,Madera,039,155013,39,8,0,8,0
2020-03-26,Marin,041,260295,101,56,0,56,0
2020-03-26,Mariposa,043,17540,0,0,0,0,0
2020-03-26,Mendocino,045,87422,4,1,0,1,0
2020-03-26,Merced,047,269075,23,1,0,1,0
2020-03-26,Modoc,049,8938,0,0,0,0,0
2020-03-26,Mono,051,14174,23,5,0,5,0
2020-03-26,Monterey,053,433212,65,25,1,26,1
2020-03-26,Napa,055,140530,26,5,0,5,0
2020-03-26,Nevada,057,99092,32,7,1,8,0
2020-03-26,Orange,059,3164182,1057,279,8,287,1
2020-03-26,Placer,061,380077,103,34,0,34,1
2020-03-26,Plumas,063,18699,0,0,0,0,0
2020-03-26,Riverside,065,2383286,884,118,12,130,7
2020-03-26,Sacramento,067,1510023,469,147,0,147,5
2020-03-26,San Benito,069,59416,28,8,0,8,1
2020-03-26,San Bernardino,071,2135413,446,57,0,57,1
2020-03-26,San Diego,073,3302833,1256,299,0,299,2
2020-03-26,San Francisco,075,870044,589,261,0,261,1
2020-03-26,San Joaquin,077,732212,188,69,3,72,3
2020-03-26,San Luis Obispo,079,281455,111,38,0,38,0
2020-03-26,San Mateo,081,765935,608,122,2,124,5
2020-03-26,Santa Barbara,083,443738,173,33,1,34,0
2020-03-26,Santa Clara,085,1922200,1233,487,2,489,20
2020-03-26,Santa Cruz,087,273765,71,30,0,30,0
2020-03-26,Shasta,089,179085,17,3,0,3,1
2020-03-26,Sierra,091,2930,0,0,0,0,0
2020-03-26,Siskiyou,093,43540,4,2,0,2,0
2020-03-26,Solano,095,438530,84,41,0,41,0
2020-03-26,Sonoma,097,501317,128,33,0,33,1
2020-03-26,Stanislaus,099,539301,79,15,3,18,0
2020-03-26,Sutter,101,95872,12,2,0,2,0
2020-03-26,Tehama,103,63373,1,0,0,0,0
2020-03-26,Trinity,105,12862,0,0,0,0,0
2020-03-26,Tulare,107,460477,97,15,3,18,0
2020-03-26,Tuolumne,109,53932,1,0,0,0,0
2020-03-26,Ventura,111,848112,245,70,0,70,1
2020-03-26,Yolo,113,214977,45,13,0,13,1
2020-03-26,Yuba,115,75493,7,3,0,3,0
2020-03-25,Alameda,001,1643700,532,134,1,135,3
2020-03-25,Alpine,003,1148,1,0,0,0,0
2020-03-25,Amador,005,37829,3,1,0,1,0
2020-03-25,Butte,007,227075,12,4,0,4,0
2020-03-25,Calaveras,009,45235,3,2,0,2,0
2020-03-25,Colusa,011,21464,2,0,0,0,0
2020-03-25,Contra Costa,013,1133247,366,131,0,131,1
2020-03-25,Del Norte,015,27424,0,0,0,0,0
2020-03-25,El Dorado,017,186661,26,5,0,5,0
2020-03-25,Fresno,019,978130,151,21,2,23,0
2020-03-25,Glenn,021,27897,2,0,0,0,0
2020-03-25,Humboldt,023,135768,34,3,0,3,0
2020-03-25,Imperial,025,180216,60,8,0,8,0
2020-03-25,Inyo,027,18085,5,0,0,0,0
2020-03-25,Kern,029,883053,164,13,0,13,0
2020-03-25,Kings,031,150075,26,0,1,1,0
2020-03-25,Lake,033,64148,0,0,0,0,0
2020-03-25,Lassen,035,31185,3,0,1,1,0
2020-03-25,Los Angeles,037,10098052,4127,725,12,737,10
2020-03-25,Madera,039,155013,37,6,0,6,0
2020-03-25,Marin,041,260295,95,47,0,47,0
2020-03-25,Mariposa,043,17540,0,0,0,0,0
2020-03-25,Mendocino,045,87422,3,1,0,1,0
2020-03-25,Merced,047,269075,19,0,0,0,0
2020-03-25,Modoc,049,8938,0,0,0,0,0
2020-03-25,Mono,051,14174,22,4,0,4,0
2020-03-25,Monterey,053,433212,62,23,1,24,1
2020-03-25,Napa,055,140530,26,5,0,5,0
2020-03-25,Nevada,057,99092,31,5,1,6,0
2020-03-25,Orange,059,3164182,999,214,8,222,1
2020-03-25,Placer,061,380077,97,30,0,30,1
2020-03-25,Plumas,063,18699,0,1,0,1,0
2020-03-25,Riverside,065,2383286,813,87,12,99,5
2020-03-25,Sacramento,067,1510023,443,114,0,114,5
2020-03-25,San Benito,069,59416,27,4,0,4,1
2020-03-25,San Bernardino,071,2135413,407,46,0,46,1
2020-03-25,San Diego,073,3302833,1194,238,0,238,2
2020-03-25,San Francisco,075,870044,548,212,0,212,1
2020-03-25,San Joaquin,077,732212,175,64,3,67,2
2020-03-25,San Luis Obispo,079,281455,106,35,0,35,0
2020-03-25,San Mateo,081,765935,573,111,2,113,5
2020-03-25,Santa Barbara,083,443738,163,25,1,26,0
2020-03-25,Santa Clara,085,1922200,1189,452,2,454,20
2020-03-25,Santa Cruz,087,273765,68,26,0,26,0
2020-03-25,Shasta,089,179085,16,3,0,3,1
2020-03-25,Sierra,091,2930,0,0,0,0,0
2020-03-25,Siskiyou,093,43540,4,2,0,2,0
2020-03-25,Solano,095,438530,79,39,0,39,0
2020-03-25,Sonoma,097,501317,123,31,0,31,1
2020-03-25,Stanislaus,099,539301,72,14,3,17,0
2020-03-25,Sutter,101,95872,9,1,0,1,0
2020-03-25,Tehama,103,63373,1,0,0,0,0
2020-03-25,Trinity,105,12862,0,0,0,0,0
2020-03-25,Tulare,107,460477,87,11,3,14,0
2020-03-25,Tuolumne,109,53932,1,0,0,0,0
2020-03-25,Ventura,111,848112,229,53,0,53,1
2020-03-25,Yolo,113,214977,43,9,0,9,1
2020-03-25,Yuba,115,75493,7,2,0,2,0
2020-03-24,Alameda,001,1643700,499,96,1,97,2
2020-03-24,Alpine,003,1148,1,0,0,0,0
2020-03-24,Amador,005,37829,1,1,0,1,0
2020-03-24,Butte,007,227075,11,3,0,3,0
2020-03-24,Calaveras,009,45235,2,2,0,2,0
2020-03-24,Colusa,011,21464,2,0,0,0,0
2020-03-24,Contra Costa,013,1133247,352,108,0,108,1
2020-03-24,Del Norte,015,27424,0,0,0,0,0
2020-03-24,El Dorado,017,186661,26,3,0,3,0
2020-03-24,Fresno,019,978130,132,18,2,20,0
2020-03-24,Glenn,021,27897,2,0,0,0,0
2020-03-24,Humboldt,023,135768,32,2,0,2,0
2020-03-24,Imperial,025,180216,57,3,0,3,0
2020-03-24,Inyo,027,18085,5,0,0,0,0
2020-03-24,Kern,029,883053,144,5,0,5,0
2020-03-24,Kings,031,150075,25,0,1,1,0
2020-03-24,Lake,033,64148,0,0,0,0,0
2020-03-24,Lassen,035,31185,3,0,1,1,0
2020-03-24,Los Angeles,037,10098052,3675,633,12,645,7
2020-03-24,Madera,039,155013,36,6,0,6,0
2020-03-24,Marin,041,260295,84,44,0,44,0
2020-03-24,Mariposa,043,17540,0,0,0,0,0
2020-03-24,Mendocino,045,87422,3,1,0,1,0
2020-03-24,Merced,047,269075,17,0,0,0,0
2020-03-24,Modoc,049,8938,0,0,0,0,0
2020-03-24,Mono,051,14174,21,1,0,1,0
2020-03-24,Monterey,053,433212,58,23,1,24,1
2020-03-24,Napa,055,140530,23,2,0,2,0
2020-03-24,Nevada,057,99092,30,4,1,5,0
2020-03-24,Orange,059,3164182,937,166,8,174,0
2020-03-24,Placer,061,380077,90,22,0,22,1
2020-03-24,Plumas,063,18699,0,1,0,1,0
2020-03-24,Riverside,065,2383286,746,56,12,68,5
2020-03-24,Sacramento,067,1510023,424,93,0,93,4
2020-03-24,San Benito,069,59416,26,4,0,4,1
2020-03-24,San Bernardino,071,2135413,363,27,0,27,0
2020-03-24,San Diego,073,3302833,1127,231,0,231,2
2020-03-24,San Francisco,075,870044,516,181,0,181,1
2020-03-24,San Joaquin,077,732212,164,52,3,55,2
2020-03-24,San Luis Obispo,079,281455,103,32,0,32,0
2020-03-24,San Mateo,081,765935,532,100,2,102,2
2020-03-24,Santa Barbara,083,443738,157,20,1,21,0
2020-03-24,Santa Clara,085,1922200,1120,389,2,391,17
2020-03-24,Santa Cruz,087,273765,63,22,0,22,0
2020-03-24,Shasta,089,179085,15,3,0,3,0
2020-03-24,Sierra,091,2930,0,0,0,0,0
2020-03-24,Siskiyou,093,43540,4,2,0,2,0
2020-03-24,Solano,095,438530,77,34,0,34,0
2020-03-24,Sonoma,097,501317,116,27,0,27,1
2020-03-24,Stanislaus,099,539301,63,13,3,16,0
2020-03-24,Sutter,101,95872,9,0,0,0,0
2020-03-24,Tehama,103,63373,1,0,0,0,0
2020-03-24,Trinity,105,12862,0,0,0,0,0
2020-03-24,Tulare,107,460477,77,10,3,13,0
2020-03-24,Tuolumne,109,53932,1,0,0,0,0
2020-03-24,Ventura,111,848112,213,44,0,44,1
2020-03-24,Yolo,113,214977,39,8,0,8,0
2020-03-24,Yuba,115,75493,7,2,0,2,0
2020-03-23,Alameda,001,1643700,468,88,1,89,1
2020-03-23,Alpine,003,1148,1,0,0,0,0
2020-03-23,Amador,005,37829,1,1,0,1,0
2020-03-23,Butte,007,227075,11,2,0,2,0
2020-03-23,Calaveras,009,45235,2,2,0,2,0
2020-03-23,Colusa,011,21464,1,0,0,0,0
2020-03-23,Contra Costa,013,1133247,332,91,0,91,2
2020-03-23,Del Norte,015,27424,0,0,0,0,0
2020-03-23,El Dorado,017,186661,25,3,0,3,0
2020-03-23,Fresno,019,978130,122,10,2,12,0
2020-03-23,Glenn,021,27897,2,0,0,0,0
2020-03-23,Humboldt,023,135768,30,2,0,2,0
2020-03-23,Imperial,025,180216,53,2,0,2,0
2020-03-23,Inyo,027,18085,3,0,0,0,0
2020-03-23,Kern,029,883053,130,5,0,5,0
2020-03-23,Kings,031,150075,25,0,1,1,0
2020-03-23,Lake,033,64148,0,0,0,0,0
2020-03-23,Lassen,035,31185,3,0,1,1,0
2020-03-23,Los Angeles,037,10098052,3371,389,12,401,4
2020-03-23,Madera,039,155013,36,4,0,4,0
2020-03-23,Marin,041,260295,79,30,0,30,0
2020-03-23,Mariposa,043,17540,0,0,0,0,0
2020-03-23,Mendocino,045,87422,3,1,0,1,0
2020-03-23,Merced,047,269075,11,0,0,0,0
2020-03-23,Modoc,049,8938,0,0,0,0,0
2020-03-23,Mono,051,14174,19,1,0,1,0
2020-03-23,Monterey,053,433212,53,14,1,15,1
2020-03-23,Napa,055,140530,21,1,0,1,0
2020-03-23,Nevada,057,99092,27,2,1,3,0
2020-03-23,Orange,059,3164182,882,138,7,145,0
2020-03-23,Placer,061,380077,87,19,0,19,1
2020-03-23,Plumas,063,18699,0,0,0,0,0
2020-03-23,Riverside,065,2383286,703,39,12,51,5
2020-03-23,Sacramento,067,1510023,391,87,0,87,4
2020-03-23,San Benito,069,59416,25,4,0,4,1
2020-03-23,San Bernardino,071,2135413,333,17,0,17,0
2020-03-23,San Diego,073,3302833,1068,178,0,178,1
2020-03-23,San Francisco,075,870044,487,152,0,152,0
2020-03-23,San Joaquin,077,732212,153,37,3,40,2
2020-03-23,San Luis Obispo,079,281455,96,23,0,23,0
2020-03-23,San Mateo,081,765935,494,88,2,90,1
2020-03-23,Santa Barbara,083,443738,139,18,1,19,0
2020-03-23,Santa Clara,085,1922200,1071,336,2,338,13
2020-03-23,Santa Cruz,087,273765,61,21,0,21,0
2020-03-23,Shasta,089,179085,13,2,0,2,0
2020-03-23,Sierra,091,2930,0,0,0,0,0
2020-03-23,Siskiyou,093,43540,4,2,0,2,0
2020-03-23,Solano,095,438530,73,33,0,33,0
2020-03-23,Sonoma,097,501317,104,19,0,19,1
2020-03-23,Stanislaus,099,539301,55,10,3,13,0
2020-03-23,Sutter,101,95872,9,0,0,0,0
2020-03-23,Tehama,103,63373,1,0,0,0,0
2020-03-23,Trinity,105,12862,0,0,0,0,0
2020-03-23,Tulare,107,460477,68,9,3,12,0
2020-03-23,Tuolumne,109,53932,1,0,0,0,0
2020-03-23,Ventura,111,848112,196,30,0,30,0
2020-03-23,Yolo,113,214977,38,8,0,8,0
2020-03-23,Yuba,115,75493,7,2,0,2,0
2020-03-22,Alameda,001,1643700,429,72,1,73,1
2020-03-22,Alpine,003,1148,1,0,0,0,0
2020-03-22,Amador,005,37829,1,1,0,1,0
2020-03-22,Butte,007,227075,8,1,0,1,0
2020-03-22,Calaveras,009,45235,2,2,0,2,0
2020-03-22,Colusa,011,21464,1,0,0,0,0
2020-03-22,Contra Costa,013,1133247,305,79,0,79,1
2020-03-22,Del Norte,015,27424,0,0,0,0,0
2020-03-22,El Dorado,017,186661,23,1,0,1,0
2020-03-22,Fresno,019,978130,102,8,2,10,0
2020-03-22,Glenn,021,27897,2,0,0,0,0
2020-03-22,Humboldt,023,135768,27,1,0,1,0
2020-03-22,Imperial,025,180216,51,2,0,2,0
2020-03-22,Inyo,027,18085,1,0,0,0,0
2020-03-22,Kern,029,883053,114,3,0,3,0
2020-03-22,Kings,031,150075,22,0,1,1,0
2020-03-22,Lake,033,64148,0,0,0,0,0
2020-03-22,Lassen,035,31185,3,0,1,1,0
2020-03-22,Los Angeles,037,10098052,3050,384,12,396,3
2020-03-22,Madera,039,155013,33,4,0,4,0
2020-03-22,Marin,041,260295,69,30,0,30,0
2020-03-22,Mariposa,043,17540,0,0,0,0,0
2020-03-22,Mendocino,045,87422,3,1,0,1,0
2020-03-22,Merced,047,269075,7,0,0,0,0
2020-03-22,Modoc,049,8938,0,0,0,0,0
2020-03-22,Mono,051,14174,14,1,0,1,0
2020-03-22,Monterey,053,433212,50,14,1,15,1
2020-03-22,Napa,055,140530,17,1,0,1,0
2020-03-22,Nevada,057,99092,23,2,1,3,0
2020-03-22,Orange,059,3164182,810,102,4,106,0
2020-03-22,Placer,061,380077,84,18,0,18,1
2020-03-22,Plumas,063,18699,0,0,0,0,0
2020-03-22,Riverside,065,2383286,613,26,8,34,5
2020-03-22,Sacramento,067,1510023,359,82,0,82,4
2020-03-22,San Benito,069,59416,20,4,0,4,1
2020-03-22,San Bernardino,071,2135413,290,16,0,16,0
2020-03-22,San Diego,073,3302833,980,161,0,161,0
2020-03-22,San Francisco,075,870044,450,134,0,134,0
2020-03-22,San Joaquin,077,732212,139,30,3,33,2
2020-03-22,San Luis Obispo,079,281455,90,19,0,19,0
2020-03-22,San Mateo,081,765935,461,82,2,84,1
2020-03-22,Santa Barbara,083,443738,125,16,1,17,0
2020-03-22,Santa Clara,085,1922200,1007,284,2,286,13
2020-03-22,Santa Cruz,087,273765,60,19,0,19,0
2020-03-22,Shasta,089,179085,13,1,0,1,0
2020-03-22,Sierra,091,2930,0,0,0,0,0
2020-03-22,Siskiyou,093,43540,4,2,0,2,0
2020-03-22,Solano,095,438530,64,30,0,30,0
2020-03-22,Sonoma,097,501317,99,18,0,18,1
2020-03-22,Stanislaus,099,539301,49,8,3,11,0
2020-03-22,Sutter,101,95872,8,0,0,0,0
2020-03-22,Tehama,103,63373,0,0,0,0,0
2020-03-22,Trinity,105,12862,0,0,0,0,0
2020-03-22,Tulare,107,460477,62,5,3,8,0
2020-03-22,Tuolumne,109,53932,1,0,0,0,0
2020-03-22,Ventura,111,848112,174,26,0,26,0
2020-03-22,Yolo,113,214977,32,6,0,6,0
2020-03-22,Yuba,115,75493,7,2,0,2,0
2020-03-21,Alameda,001,1643700,405,62,1,63,0
2020-03-21,Alpine,003,1148,1,0,0,0,0
2020-03-21,Amador,005,37829,1,1,0,1,0
2020-03-21,Butte,007,227075,7,1,0,1,0
2020-03-21,Calaveras,009,45235,2,2,0,2,0
2020-03-21,Colusa,011,21464,1,0,0,0,0
2020-03-21,Contra Costa,013,1133247,294,62,0,62,1
2020-03-21,Del Norte,015,27424,0,0,0,0,0
2020-03-21,El Dorado,017,186661,20,1,0,1,0
2020-03-21,Fresno,019,978130,98,8,2,10,0
2020-03-21,Glenn,021,27897,2,0,0,0,0
2020-03-21,Humboldt,023,135768,25,1,0,1,0
2020-03-21,Imperial,025,180216,47,2,0,2,0
2020-03-21,Inyo,027,18085,1,0,0,0,0
2020-03-21,Kern,029,883053,108,3,0,3,0
2020-03-21,Kings,031,150075,22,0,1,1,0
2020-03-21,Lake,033,64148,0,0,0,0,0
2020-03-21,Lassen,035,31185,3,0,1,1,0
2020-03-21,Los Angeles,037,10098052,2777,322,12,334,2
2020-03-21,Madera,039,155013,33,4,0,4,0
2020-03-21,Marin,041,260295,64,30,0,30,0
2020-03-21,Mariposa,043,17540,0,0,0,0,0
2020-03-21,Mendocino,045,87422,3,1,0,1,0
2020-03-21,Merced,047,269075,6,0,0,0,0
2020-03-21,Modoc,049,8938,0,0,0,0,0
2020-03-21,Mono,051,14174,14,1,0,1,0
2020-03-21,Monterey,053,433212,47,8,1,9,1
2020-03-21,Napa,055,140530,17,0,0,0,0
2020-03-21,Nevada,057,99092,23,2,1,3,0
2020-03-21,Orange,059,3164182,761,85,4,89,0
2020-03-21,Placer,061,380077,75,11,0,11,1
2020-03-21,Plumas,063,18699,0,0,0,0,0
2020-03-21,Riverside,065,2383286,566,20,8,28,3
2020-03-21,Sacramento,067,1510023,332,66,0,66,3
2020-03-21,San Benito,069,59416,18,4,0,4,1
2020-03-21,San Bernardino,071,2135413,270,13,0,13,0
2020-03-21,San Diego,073,3302833,903,121,0,121,0
2020-03-21,San Francisco,075,870044,414,106,0,106,0
2020-03-21,San Joaquin,077,732212,130,26,3,29,2
2020-03-21,San Luis Obispo,079,281455,85,16,0,16,0
2020-03-21,San Mateo,081,765935,423,78,2,80,1
2020-03-21,Santa Barbara,083,443738,114,8,1,9,0
2020-03-21,Santa Clara,085,1922200,946,269,2,271,10
2020-03-21,Santa Cruz,087,273765,58,17,0,17,0
2020-03-21,Shasta,089,179085,12,1,0,1,0
2020-03-21,Sierra,091,2930,0,0,0,0,0
2020-03-21,Siskiyou,093,43540,4,0,0,0,0
2020-03-21,Solano,095,438530,62,30,0,30,0
2020-03-21,Sonoma,097,501317,98,15,0,15,1
2020-03-21,Stanislaus,099,539301,43,7,3,10,0
2020-03-21,Sutter,101,95872,7,0,0,0,0
2020-03-21,Tehama,103,63373,0,0,0,0,0
2020-03-21,Trinity,105,12862,0,0,0,0,0
2020-03-21,Tulare,107,460477,54,5,3,8,0
2020-03-21,Tuolumne,109,53932,1,0,0,0,0
2020-03-21,Ventura,111,848112,166,22,0,22,0
2020-03-21,Yolo,113,214977,32,6,0,6,0
2020-03-21,Yuba,115,75493,7,1,0,1,0
2020-03-20,Alameda,001,1643700,384,42,1,43,0
2020-03-20,Alpine,003,1148,1,0,0,0,0
2020-03-20,Amador,005,37829,0,0,0,0,0
2020-03-20,Butte,007,227075,7,0,0,0,0
2020-03-20,Calaveras,009,45235,2,2,0,2,0
2020-03-20,Colusa,011,21464,1,0,0,0,0
2020-03-20,Contra Costa,013,1133247,264,52,0,52,1
2020-03-20,Del Norte,015,27424,0,0,0,0,0
2020-03-20,El Dorado,017,186661,19,1,0,1,0
2020-03-20,Fresno,019,978130,95,7,2,9,0
2020-03-20,Glenn,021,27897,1,0,0,0,0
2020-03-20,Humboldt,023,135768,25,1,0,1,0
2020-03-20,Imperial,025,180216,46,2,0,2,0
2020-03-20,Inyo,027,18085,0,0,0,0,0
2020-03-20,Kern,029,883053,93,3,0,3,0
2020-03-20,Kings,031,150075,21,0,1,1,0
2020-03-20,Lake,033,64148,0,0,0,0,0
2020-03-20,Lassen,035,31185,3,0,1,1,0
2020-03-20,Los Angeles,037,10098052,2551,267,11,278,1
2020-03-20,Madera,039,155013,32,4,0,4,0
2020-03-20,Marin,041,260295,61,30,0,30,0
2020-03-20,Mariposa,043,17540,0,0,0,0,0
2020-03-20,Mendocino,045,87422,3,1,0,1,0
2020-03-20,Merced,047,269075,6,0,0,0,0
2020-03-20,Modoc,049,8938,0,0,0,0,0
2020-03-20,Mono,051,14174,14,0,0,0,0
2020-03-20,Monterey,053,433212,46,4,1,5,0
2020-03-20,Napa,055,140530,16,0,0,0,0
2020-03-20,Nevada,057,99092,20,2,1,3,0
2020-03-20,Orange,059,3164182,714,71,4,75,2
2020-03-20,Placer,061,380077,69,9,0,9,1
2020-03-20,Plumas,063,18699,0,0,0,0,0
2020-03-20,Riverside,065,2383286,507,19,8,27,3
2020-03-20,Sacramento,067,1510023,311,56,0,56,4
2020-03-20,San Benito,069,59416,18,4,0,4,1
2020-03-20,San Bernardino,071,2135413,243,9,0,9,0
2020-03-20,San Diego,073,3302833,851,98,0,98,0
2020-03-20,San Francisco,075,870044,382,87,0,87,0
2020-03-20,San Joaquin,077,732212,115,18,3,21,2
2020-03-20,San Luis Obispo,079,281455,81,11,0,11,0
2020-03-20,San Mateo,081,765935,393,71,2,73,1
2020-03-20,Santa Barbara,083,443738,100,7,1,8,0
2020-03-20,Santa Clara,085,1922200,909,246,2,248,8
2020-03-20,Santa Cruz,087,273765,56,13,0,13,0
2020-03-20,Shasta,089,179085,11,1,0,1,0
2020-03-20,Sierra,091,2930,0,0,0,0,0
2020-03-20,Siskiyou,093,43540,4,0,0,0,0
2020-03-20,Solano,095,438530,58,29,0,29,0
2020-03-20,Sonoma,097,501317,90,7,0,7,0
2020-03-20,Stanislaus,099,539301,37,7,3,10,0
2020-03-20,Sutter,101,95872,7,0,0,0,0
2020-03-20,Tehama,103,63373,0,0,0,0,0
2020-03-20,Trinity,105,12862,0,0,0,0,0
2020-03-20,Tulare,107,460477,50,4,3,7,0
2020-03-20,Tuolumne,109,53932,1,0,0,0,0
2020-03-20,Ventura,111,848112,156,18,0,18,0
2020-03-20,Yolo,113,214977,30,5,0,5,0
2020-03-20,Yuba,115,75493,6,0,0,0,0
2020-03-19,Alameda,001,1643700,348,36,1,37,0
2020-03-19,Alpine,003,1148,1,0,0,0,0
2020-03-19,Amador,005,37829,0,0,0,0,0
2020-03-19,Butte,007,227075,5,0,0,0,0
2020-03-19,Calaveras,009,45235,2,2,0,2,0
2020-03-19,Colusa,011,21464,0,0,0,0,0
2020-03-19,Contra Costa,013,1133247,248,46,0,46,0
2020-03-19,Del Norte,015,27424,0,0,0,0,0
2020-03-19,El Dorado,017,186661,17,0,0,0,0
2020-03-19,Fresno,019,978130,86,6,2,8,0
2020-03-19,Glenn,021,27897,1,0,0,0,0
2020-03-19,Humboldt,023,135768,23,1,0,1,0
2020-03-19,Imperial,025,180216,39,2,0,2,0
2020-03-19,Inyo,027,18085,0,0,0,0,0
2020-03-19,Kern,029,883053,81,3,0,3,0
2020-03-19,Kings,031,150075,17,0,1,1,0
2020-03-19,Lake,033,64148,0,0,0,0,0
2020-03-19,Lassen,035,31185,2,0,1,1,0
2020-03-19,Los Angeles,037,10098052,2264,233,11,244,0
2020-03-19,Madera,039,155013,31,3,0,3,0
2020-03-19,Marin,041,260295,58,19,0,19,0
2020-03-19,Mariposa,043,17540,0,0,0,0,0
2020-03-19,Mendocino,045,87422,2,1,0,1,0
2020-03-19,Merced,047,269075,5,0,0,0,0
2020-03-19,Modoc,049,8938,0,0,0,0,0
2020-03-19,Mono,051,14174,12,0,0,0,0
2020-03-19,Monterey,053,433212,38,3,1,4,0
2020-03-19,Napa,055,140530,14,0,0,0,0
2020-03-19,Nevada,057,99092,18,2,1,3,0
2020-03-19,Orange,059,3164182,632,59,4,63,0
2020-03-19,Placer,061,380077,61,8,0,8,1
2020-03-19,Plumas,063,18699,0,0,0,0,0
2020-03-19,Riverside,065,2383286,396,14,6,20,3
2020-03-19,Sacramento,067,1510023,278,52,0,52,3
2020-03-19,San Benito,069,59416,15,3,0,3,0
2020-03-19,San Bernardino,071,2135413,213,7,0,7,0
2020-03-19,San Diego,073,3302833,768,68,0,68,0
2020-03-19,San Francisco,075,870044,346,80,0,80,0
2020-03-19,San Joaquin,077,732212,102,15,3,18,2
2020-03-19,San Luis Obispo,079,281455,78,6,0,6,0
2020-03-19,San Mateo,081,765935,358,58,2,60,1
2020-03-19,Santa Barbara,083,443738,88,5,0,5,0
2020-03-19,Santa Clara,085,1922200,842,183,2,185,8
2020-03-19,Santa Cruz,087,273765,53,13,0,13,0
2020-03-19,Shasta,089,179085,10,1,0,1,0
2020-03-19,Sierra,091,2930,0,0,0,0,0
2020-03-19,Siskiyou,093,43540,3,0,0,0,0
2020-03-19,Solano,095,438530,54,26,0,26,0
2020-03-19,Sonoma,097,501317,87,8,0,8,0
2020-03-19,Stanislaus,099,539301,36,7,3,10,0
2020-03-19,Sutter,101,95872,7,0,0,0,0
2020-03-19,Tehama,103,63373,0,0,0,0,0
2020-03-19,Trinity,105,12862,0,0,0,0,0
2020-03-19,Tulare,107,460477,44,3,3,6,0
2020-03-19,Tuolumne,109,53932,1,0,0,0,0
2020-03-19,Ventura,111,848112,134,15,0,15,0
2020-03-19,Yolo,113,214977,26,5,0,5,0
2020-03-19,Yuba,115,75493,5,0,0,0,0
2020-03-18,Alameda,001,1643700,320,29,1,30,0
2020-03-18,Alpine,003,1148,1,0,0,0,0
2020-03-18,Amador,005,37829,0,0,0,0,0
2020-03-18,Butte,007,227075,4,0,0,0,0
2020-03-18,Calaveras,009,45235,2,2,0,2,0
2020-03-18,Colusa,011,21464,0,0,0,0,0
2020-03-18,Contra Costa,013,1133247,227,44,0,44,0
2020-03-18,Del Norte,015,27424,0,0,0,0,0
2020-03-18,El Dorado,017,186661,16,0,0,0,0
2020-03-18,Fresno,019,978130,77,3,1,4,0
2020-03-18,Glenn,021,27897,1,0,0,0,0
2020-03-18,Humboldt,023,135768,19,1,0,1,0
2020-03-18,Imperial,025,180216,33,2,0,2,0
2020-03-18,Inyo,027,18085,0,0,0,0,0
2020-03-18,Kern,029,883053,66,1,0,1,0
2020-03-18,Kings,031,150075,15,0,1,1,0
2020-03-18,Lake,033,64148,0,0,0,0,0
2020-03-18,Lassen,035,31185,1,0,1,1,0
2020-03-18,Los Angeles,037,10098052,2025,47,11,58,0
2020-03-18,Madera,039,155013,30,2,0,2,0
2020-03-18,Marin,041,260295,53,10,0,10,0
2020-03-18,Mariposa,043,17540,0,0,0,0,0
2020-03-18,Mendocino,045,87422,2,0,0,0,0
2020-03-18,Merced,047,269075,5,0,0,0,0
2020-03-18,Modoc,049,8938,0,0,0,0,0
2020-03-18,Mono,051,14174,11,0,0,0,0
2020-03-18,Monterey,053,433212,30,1,0,1,0
2020-03-18,Napa,055,140530,11,0,0,0,0
2020-03-18,Nevada,057,99092,16,2,1,3,0
2020-03-18,Orange,059,3164182,575,38,4,42,0
2020-03-18,Placer,061,380077,54,8,0,8,1
2020-03-18,Plumas,063,18699,0,0,0,0,0
2020-03-18,Riverside,065,2383286,333,11,5,16,2
2020-03-18,Sacramento,067,1510023,255,46,0,46,3
2020-03-18,San Benito,069,59416,14,3,0,3,0
2020-03-18,San Bernardino,071,2135413,191,3,0,3,0
2020-03-18,San Diego,073,3302833,683,40,0,40,0
2020-03-18,San Francisco,075,870044,327,65,0,65,0
2020-03-18,San Joaquin,077,732212,90,14,3,17,2
2020-03-18,San Luis Obispo,079,281455,71,5,0,5,0
2020-03-18,San Mateo,081,765935,337,57,2,59,1
2020-03-18,Santa Barbara,083,443738,80,2,0,2,0
2020-03-18,Santa Clara,085,1922200,791,151,2,153,6
2020-03-18,Santa Cruz,087,273765,51,11,0,11,0
2020-03-18,Shasta,089,179085,9,1,0,1,0
2020-03-18,Sierra,091,2930,0,0,0,0,0
2020-03-18,Siskiyou,093,43540,3,0,0,0,0
2020-03-18,Solano,095,438530,50,26,0,26,0
2020-03-18,Sonoma,097,501317,78,6,0,6,0
2020-03-18,Stanislaus,099,539301,32,5,2,7,0
2020-03-18,Sutter,101,95872,5,0,0,0,0
2020-03-18,Tehama,103,63373,0,0,0,0,0
2020-03-18,Trinity,105,12862,0,0,0,0,0
2020-03-18,Tulare,107,460477,34,3,3,6,0
2020-03-18,Tuolumne,109,53932,1,0,0,0,0
2020-03-18,Ventura,111,848112,115,11,0,11,0
2020-03-18,Yolo,113,214977,23,4,0,4,0
2020-03-18,Yuba,115,75493,4,0,0,0,0
2020-03-17,Alameda,001,1643700,288,19,0,19,0
2020-03-17,Alpine,003,1148,0,0,0,0,0
2020-03-17,Amador,005,37829,0,0,0,0,0
2020-03-17,Butte,007,227075,4,0,0,0,0
2020-03-17,Calaveras,009,45235,2,2,0,2,0
2020-03-17,Colusa,011,21464,0,0,0,0,0
2020-03-17,Contra Costa,013,1133247,205,37,0,37,0
2020-03-17,Del Norte,015,27424,0,0,0,0,0
2020-03-17,El Dorado,017,186661,15,0,0,0,0
2020-03-17,Fresno,019,978130,67,2,1,3,0
2020-03-17,Glenn,021,27897,1,0,0,0,0
2020-03-17,Humboldt,023,135768,17,1,0,1,0
2020-03-17,Imperial,025,180216,27,2,0,2,0
2020-03-17,Inyo,027,18085,0,0,0,0,0
2020-03-17,Kern,029,883053,52,0,0,0,0
2020-03-17,Kings,031,150075,12,0,1,1,0
2020-03-17,Lake,033,64148,0,0,0,0,0
2020-03-17,Lassen,035,31185,1,0,1,1,0
2020-03-17,Los Angeles,037,10098052,1825,41,11,52,0
2020-03-17,Madera,039,155013,23,2,0,2,0
2020-03-17,Marin,041,260295,46,4,0,4,0
2020-03-17,Mariposa,043,17540,0,0,0,0,0
2020-03-17,Mendocino,045,87422,2,0,0,0,0
2020-03-17,Merced,047,269075,5,0,0,0,0
2020-03-17,Modoc,049,8938,0,0,0,0,0
2020-03-17,Mono,051,14174,9,0,0,0,0
2020-03-17,Monterey,053,433212,28,0,0,0,0
2020-03-17,Napa,055,140530,8,0,0,0,0
2020-03-17,Nevada,057,99092,15,1,1,2,0
2020-03-17,Orange,059,3164182,497,24,3,27,0
2020-03-17,Placer,061,380077,44,7,0,7,1
2020-03-17,Plumas,063,18699,0,0,0,0,0
2020-03-17,Riverside,065,2383286,271,11,5,16,0
2020-03-17,Sacramento,067,1510023,235,36,0,36,1
2020-03-17,San Benito,069,59416,12,2,0,2,0
2020-03-17,San Bernardino,071,2135413,163,2,0,2,0
2020-03-17,San Diego,073,3302833,616,17,0,17,0
2020-03-17,San Francisco,075,870044,300,46,0,46,0
2020-03-17,San Joaquin,077,732212,84,11,3,14,0
2020-03-17,San Luis Obispo,079,281455,63,1,0,1,0
2020-03-17,San Mateo,081,765935,305,46,2,48,1
2020-03-17,Santa Barbara,083,443738,67,0,0,0,0
2020-03-17,Santa Clara,085,1922200,733,121,2,123,4
2020-03-17,Santa Cruz,087,273765,48,10,0,10,0
2020-03-17,Shasta,089,179085,5,1,0,1,0
2020-03-17,Sierra,091,2930,0,0,0,0,0
2020-03-17,Siskiyou,093,43540,3,0,0,0,0
2020-03-17,Solano,095,438530,47,27,0,27,0
2020-03-17,Sonoma,097,501317,70,4,0,4,0
2020-03-17,Stanislaus,099,539301,29,4,2,6,0
2020-03-17,Sutter,101,95872,5,0,0,0,0
2020-03-17,Tehama,103,63373,0,0,0,0,0
2020-03-17,Trinity,105,12862,0,0,0,0,0
2020-03-17,Tulare,107,460477,29,2,3,5,0
2020-03-17,Tuolumne,109,53932,1,0,0,0,0
2020-03-17,Ventura,111,848112,98,7,0,7,0
2020-03-17,Yolo,113,214977,19,2,0,2,0
2020-03-17,Yuba,115,75493,4,0,0,0,0
2020-03-16,Alameda,001,1643700,260,17,0,17,0
2020-03-16,Alpine,003,1148,0,0,0,0,0
2020-03-16,Amador,005,37829,0,0,0,0,0
2020-03-16,Butte,007,227075,3,0,0,0,0
2020-03-16,Calaveras,009,45235,2,2,0,2,0
2020-03-16,Colusa,011,21464,0,0,0,0,0
2020-03-16,Contra Costa,013,1133247,183,36,0,36,0
2020-03-16,Del Norte,015,27424,0,0,0,0,0
2020-03-16,El Dorado,017,186661,14,0,0,0,0
2020-03-16,Fresno,019,978130,52,2,1,3,0
2020-03-16,Glenn,021,27897,0,0,0,0,0
2020-03-16,Humboldt,023,135768,13,1,0,1,0
2020-03-16,Imperial,025,180216,22,2,0,2,0
2020-03-16,Inyo,027,18085,0,0,0,0,0
2020-03-16,Kern,029,883053,43,0,0,0,0
2020-03-16,Kings,031,150075,11,0,1,1,0
2020-03-16,Lake,033,64148,0,0,0,0,0
2020-03-16,Lassen,035,31185,1,0,0,0,0
2020-03-16,Los Angeles,037,10098052,1590,43,11,54,0
2020-03-16,Madera,039,155013,22,2,0,2,0
2020-03-16,Marin,041,260295,43,4,0,4,0
2020-03-16,Mariposa,043,17540,0,0,0,0,0
2020-03-16,Mendocino,045,87422,2,0,0,0,0
2020-03-16,Merced,047,269075,5,0,0,0,0
2020-03-16,Modoc,049,8938,0,0,0,0,0
2020-03-16,Mono,051,14174,7,0,0,0,0
2020-03-16,Monterey,053,433212,27,0,0,0,0
2020-03-16,Napa,055,140530,7,0,0,0,0
2020-03-16,Nevada,057,99092,11,1,1,2,0
2020-03-16,Orange,059,3164182,414,18,3,21,0
2020-03-16,Placer,061,380077,36,7,0,7,1
2020-03-16,Plumas,063,18699,0,0,0,0,0
2020-03-16,Riverside,065,2383286,235,10,5,15,0
2020-03-16,Sacramento,067,1510023,208,34,0,34,1
2020-03-16,San Benito,069,59416,8,2,0,2,0
2020-03-16,San Bernardino,071,2135413,143,1,0,1,0
2020-03-16,San Diego,073,3302833,525,17,0,17,0
2020-03-16,San Francisco,075,870044,262,40,0,40,0
2020-03-16,San Joaquin,077,732212,74,9,3,12,0
2020-03-16,San Luis Obispo,079,281455,56,1,0,1,0
2020-03-16,San Mateo,081,765935,269,42,2,44,1
2020-03-16,Santa Barbara,083,443738,57,0,0,0,0
2020-03-16,Santa Clara,085,1922200,657,115,1,116,2
2020-03-16,Santa Cruz,087,273765,44,9,0,9,0
2020-03-16,Shasta,089,179085,5,1,0,1,0
2020-03-16,Sierra,091,2930,0,0,0,0,0
2020-03-16,Siskiyou,093,43540,2,0,0,0,0
2020-03-16,Solano,095,438530,43,27,0,27,0
2020-03-16,Sonoma,097,501317,63,4,0,4,0
2020-03-16,Stanislaus,099,539301,26,2,2,4,0
2020-03-16,Sutter,101,95872,3,0,0,0,0
2020-03-16,Tehama,103,63373,0,0,0,0,0
2020-03-16,Trinity,105,12862,0,0,0,0,0
2020-03-16,Tulare,107,460477,25,2,3,5,0
2020-03-16,Tuolumne,109,53932,1,0,0,0,0
2020-03-16,Ventura,111,848112,88,7,0,7,0
2020-03-16,Yolo,113,214977,18,2,0,2,0
2020-03-16,Yuba,115,75493,3,0,0,0,0
2020-03-15,Alameda,001,1643700,214,17,0,17,0
2020-03-15,Alpine,003,1148,0,0,0,0,0
2020-03-15,Amador,005,37829,0,0,0,0,0
2020-03-15,Butte,007,227075,3,0,0,0,0
2020-03-15,Calaveras,009,45235,2,2,0,2,0
2020-03-15,Colusa,011,21464,0,0,0,0,0
2020-03-15,Contra Costa,013,1133247,160,34,0,34,0
2020-03-15,Del Norte,015,27424,0,0,0,0,0
2020-03-15,El Dorado,017,186661,13,0,0,0,0
2020-03-15,Fresno,019,978130,32,1,1,2,0
2020-03-15,Glenn,021,27897,0,0,0,0,0
2020-03-15,Humboldt,023,135768,11,1,0,1,0
2020-03-15,Imperial,025,180216,17,2,0,2,0
2020-03-15,Inyo,027,18085,0,0,0,0,0
2020-03-15,Kern,029,883053,37,0,0,0,0
2020-03-15,Kings,031,150075,11,0,1,1,0
2020-03-15,Lake,033,64148,0,0,0,0,0
2020-03-15,Lassen,035,31185,1,0,0,0,0
2020-03-15,Los Angeles,037,10098052,1350,41,11,52,0
2020-03-15,Madera,039,155013,21,2,0,2,0
2020-03-15,Marin,041,260295,37,3,0,3,0
2020-03-15,Mariposa,043,17540,0,0,0,0,0
2020-03-15,Mendocino,045,87422,2,0,0,0,0
2020-03-15,Merced,047,269075,3,0,0,0,0
2020-03-15,Modoc,049,8938,0,0,0,0,0
2020-03-15,Mono,051,14174,6,0,0,0,0
2020-03-15,Monterey,053,433212,20,0,0,0,0
2020-03-15,Napa,055,140530,7,0,0,0,0
2020-03-15,Nevada,057,99092,11,0,1,1,0
2020-03-15,Orange,059,3164182,346,16,1,17,0
2020-03-15,Placer,061,380077,31,7,0,7,1
2020-03-15,Plumas,063,18699,0,0,0,0,0
2020-03-15,Riverside,065,2383286,183,10,5,15,0
2020-03-15,Sacramento,067,1510023,172,30,0,30,1
2020-03-15,San Benito,069,59416,8,2,0,2,0
2020-03-15,San Bernardino,071,2135413,121,0,0,0,0
2020-03-15,San Diego,073,3302833,438,16,0,16,0
2020-03-15,San Francisco,075,870044,206,31,0,31,0
2020-03-15,San Joaquin,077,732212,63,6,3,9,0
2020-03-15,San Luis Obispo,079,281455,46,1,0,1,0
2020-03-15,San Mateo,081,765935,236,29,1,30,1
2020-03-15,Santa Barbara,083,443738,48,0,0,0,0
2020-03-15,Santa Clara,085,1922200,585,79,1,80,2
2020-03-15,Santa Cruz,087,273765,38,8,0,8,0
2020-03-15,Shasta,089,179085,5,1,0,1,0
2020-03-15,Sierra,091,2930,0,0,0,0,0
2020-03-15,Siskiyou,093,43540,2,0,0,0,0
2020-03-15,Solano,095,438530,42,26,0,26,0
2020-03-15,Sonoma,097,501317,54,4,0,4,0
2020-03-15,Stanislaus,099,539301,26,2,2,4,0
2020-03-15,Sutter,101,95872,2,0,0,0,0
2020-03-15,Tehama,103,63373,0,0,0,0,0
2020-03-15,Trinity,105,12862,0,0,0,0,0
2020-03-15,Tulare,107,460477,19,2,3,5,0
2020-03-15,Tuolumne,109,53932,1,0,0,0,0
2020-03-15,Ventura,111,848112,77,5,0,5,0
2020-03-15,Yolo,113,214977,15,2,0,2,0
2020-03-15,Yuba,115,75493,2,0,0,0,0
2020-03-14,Alameda,001,1643700,195,11,0,11,0
2020-03-14,Alpine,003,1148,0,0,0,0,0
2020-03-14,Amador,005,37829,0,0,0,0,0
2020-03-14,Butte,007,227075,2,0,0,0,0
2020-03-14,Calaveras,009,45235,2,2,0,2,0
2020-03-14,Colusa,011,21464,0,0,0,0,0
2020-03-14,Contra Costa,013,1133247,138,30,0,30,0
2020-03-14,Del Norte,015,27424,0,0,0,0,0
2020-03-14,El Dorado,017,186661,11,0,0,0,0
2020-03-14,Fresno,019,978130,24,1,1,2,0
2020-03-14,Glenn,021,27897,0,0,0,0,0
2020-03-14,Humboldt,023,135768,7,1,0,1,0
2020-03-14,Imperial,025,180216,13,2,0,2,0
2020-03-14,Inyo,027,18085,0,0,0,0,0
2020-03-14,Kern,029,883053,32,0,0,0,0
2020-03-14,Kings,031,150075,11,0,1,1,0
2020-03-14,Lake,033,64148,0,0,0,0,0
2020-03-14,Lassen,035,31185,1,0,0,0,0
2020-03-14,Los Angeles,037,10098052,1172,35,11,46,0
2020-03-14,Madera,039,155013,20,2,0,2,0
2020-03-14,Marin,041,260295,36,3,0,3,0
2020-03-14,Mariposa,043,17540,0,0,0,0,0
2020-03-14,Mendocino,045,87422,2,0,0,0,0
2020-03-14,Merced,047,269075,3,0,0,0,0
2020-03-14,Modoc,049,8938,0,0,0,0,0
2020-03-14,Mono,051,14174,5,0,0,0,0
2020-03-14,Monterey,053,433212,14,0,0,0,0
2020-03-14,Napa,055,140530,5,0,0,0,0
2020-03-14,Nevada,057,99092,8,0,1,1,0
2020-03-14,Orange,059,3164182,307,14,0,14,0
2020-03-14,Placer,061,380077,28,6,0,6,1
2020-03-14,Plumas,063,18699,0,0,0,0,0
2020-03-14,Riverside,065,2383286,163,10,5,15,0
2020-03-14,Sacramento,067,1510023,151,31,0,31,1
2020-03-14,San Benito,069,59416,8,2,0,2,0
2020-03-14,San Bernardino,071,2135413,102,0,0,0,0
2020-03-14,San Diego,073,3302833,363,10,0,10,0
2020-03-14,San Francisco,075,870044,185,29,0,29,0
2020-03-14,San Joaquin,077,732212,54,6,3,9,0
2020-03-14,San Luis Obispo,079,281455,41,0,0,0,0
2020-03-14,San Mateo,081,765935,213,27,1,28,0
2020-03-14,Santa Barbara,083,443738,38,0,0,0,0
2020-03-14,Santa Clara,085,1922200,529,62,1,63,2
2020-03-14,Santa Cruz,087,273765,33,8,0,8,0
2020-03-14,Shasta,089,179085,5,1,0,1,0
2020-03-14,Sierra,091,2930,0,0,0,0,0
2020-03-14,Siskiyou,093,43540,1,0,0,0,0
2020-03-14,Solano,095,438530,40,26,0,26,0
2020-03-14,Sonoma,097,501317,41,2,0,2,0
2020-03-14,Stanislaus,099,539301,22,2,2,4,0
2020-03-14,Sutter,101,95872,2,0,0,0,0
2020-03-14,Tehama,103,63373,0,0,0,0,0
2020-03-14,Trinity,105,12862,0,0,0,0,0
2020-03-14,Tulare,107,460477,17,2,2,4,0
2020-03-14,Tuolumne,109,53932,1,0,0,0,0
2020-03-14,Ventura,111,848112,68,5,0,5,0
2020-03-14,Yolo,113,214977,15,2,0,2,0
2020-03-14,Yuba,115,75493,1,0,0,0,0
2020-03-13,Alameda,001,1643700,176,12,0,12,0
2020-03-13,Alpine,003,1148,0,0,0,0,0
2020-03-13,Amador,005,37829,0,0,0,0,0
2020-03-13,Butte,007,227075,0,0,0,0,0
2020-03-13,Calaveras,009,45235,2,2,0,2,0
2020-03-13,Colusa,011,21464,0,0,0,0,0
2020-03-13,Contra Costa,013,1133247,125,22,0,22,0
2020-03-13,Del Norte,015,27424,0,0,0,0,0
2020-03-13,El Dorado,017,186661,10,0,0,0,0
2020-03-13,Fresno,019,978130,19,1,1,2,0
2020-03-13,Glenn,021,27897,0,0,0,0,0
2020-03-13,Humboldt,023,135768,7,1,0,1,0
2020-03-13,Imperial,025,180216,12,2,0,2,0
2020-03-13,Inyo,027,18085,0,0,0,0,0
2020-03-13,Kern,029,883053,27,0,0,0,0
2020-03-13,Kings,031,150075,10,0,1,1,0
2020-03-13,Lake,033,64148,0,0,0,0,0
2020-03-13,Lassen,035,31185,1,0,0,0,0
2020-03-13,Los Angeles,037,10098052,1019,30,10,40,0
2020-03-13,Madera,039,155013,19,1,0,1,0
2020-03-13,Marin,041,260295,34,3,0,3,0
2020-03-13,Mariposa,043,17540,0,0,0,0,0
2020-03-13,Mendocino,045,87422,2,0,0,0,0
2020-03-13,Merced,047,269075,2,0,0,0,0
2020-03-13,Modoc,049,8938,0,0,0,0,0
2020-03-13,Mono,051,14174,3,0,0,0,0
2020-03-13,Monterey,053,433212,9,0,0,0,0
2020-03-13,Napa,055,140530,3,0,0,0,0
2020-03-13,Nevada,057,99092,7,0,1,1,0
2020-03-13,Orange,059,3164182,268,10,0,10,0
2020-03-13,Placer,061,380077,27,6,0,6,1
2020-03-13,Plumas,063,18699,0,0,0,0,0
2020-03-13,Riverside,065,2383286,133,5,4,9,0
2020-03-13,Sacramento,067,1510023,129,18,0,18,1
2020-03-13,San Benito,069,59416,6,2,0,2,0
2020-03-13,San Bernardino,071,2135413,95,0,0,0,0
2020-03-13,San Diego,073,3302833,313,8,0,8,0
2020-03-13,San Francisco,075,870044,171,28,0,28,0
2020-03-13,San Joaquin,077,732212,50,6,3,9,0
2020-03-13,San Luis Obispo,079,281455,33,0,0,0,0
2020-03-13,San Mateo,081,765935,192,24,1,25,0
2020-03-13,Santa Barbara,083,443738,34,0,0,0,0
2020-03-13,Santa Clara,085,1922200,467,59,1,60,1
2020-03-13,Santa Cruz,087,273765,32,7,0,7,0
2020-03-13,Shasta,089,179085,3,1,0,1,0
2020-03-13,Sierra,091,2930,0,0,0,0,0
2020-03-13,Siskiyou,093,43540,0,0,0,0,0
2020-03-13,Solano,095,438530,39,26,0,26,0
2020-03-13,Sonoma,097,501317,40,2,0,2,0
2020-03-13,Stanislaus,099,539301,17,2,2,4,0
2020-03-13,Sutter,101,95872,2,0,0,0,0
2020-03-13,Tehama,103,63373,0,0,0,0,0
2020-03-13,Trinity,105,12862,0,0,0,0,0
2020-03-13,Tulare,107,460477,14,2,2,4,0
2020-03-13,Tuolumne,109,53932,1,0,0,0,0
2020-03-13,Ventura,111,848112,54,5,0,5,0
2020-03-13,Yolo,113,214977,15,1,0,1,0
2020-03-13,Yuba,115,75493,1,0,0,0,0
2020-03-12,Alameda,001,1643700,151,9,0,9,0
2020-03-12,Alpine,003,1148,0,0,0,0,0
2020-03-12,Amador,005,37829,0,0,0,0,0
2020-03-12,Butte,007,227075,0,0,0,0,0
2020-03-12,Calaveras,009,45235,2,2,0,2,0
2020-03-12,Colusa,011,21464,0,0,0,0,0
2020-03-12,Contra Costa,013,1133247,108,18,0,18,0
2020-03-12,Del Norte,015,27424,0,0,0,0,0
2020-03-12,El Dorado,017,186661,8,0,0,0,0
2020-03-12,Fresno,019,978130,11,1,1,2,0
2020-03-12,Glenn,021,27897,0,0,0,0,0
2020-03-12,Humboldt,023,135768,6,1,0,1,0
2020-03-12,Imperial,025,180216,11,2,0,2,0
2020-03-12,Inyo,027,18085,0,0,0,0,0
2020-03-12,Kern,029,883053,18,0,0,0,0
2020-03-12,Kings,031,150075,7,0,1,1,0
2020-03-12,Lake,033,64148,0,0,0,0,0
2020-03-12,Lassen,035,31185,1,0,0,0,0
2020-03-12,Los Angeles,037,10098052,860,30,10,40,0
2020-03-12,Madera,039,155013,16,1,0,1,0
2020-03-12,Marin,041,260295,24,1,0,1,0
2020-03-12,Mariposa,043,17540,0,0,0,0,0
2020-03-12,Mendocino,045,87422,2,0,0,0,0
2020-03-12,Merced,047,269075,2,0,0,0,0
2020-03-12,Modoc,049,8938,0,0,0,0,0
2020-03-12,Mono,051,14174,3,0,0,0,0
2020-03-12,Monterey,053,433212,7,0,0,0,0
2020-03-12,Napa,055,140530,3,0,0,0,0
2020-03-12,Nevada,057,99092,4,0,1,1,0
2020-03-12,Orange,059,3164182,231,7,0,7,0
2020-03-12,Placer,061,380077,23,6,0,6,1
2020-03-12,Plumas,063,18699,0,0,0,0,0
2020-03-12,Riverside,065,2383286,107,5,2,7,0
2020-03-12,Sacramento,067,1510023,105,17,0,17,1
2020-03-12,San Benito,069,59416,5,2,0,2,0
2020-03-12,San Bernardino,071,2135413,79,0,0,0,0
2020-03-12,San Diego,073,3302833,258,9,0,9,0
2020-03-12,San Francisco,075,870044,147,20,0,20,0
2020-03-12,San Joaquin,077,732212,44,3,3,6,1
2020-03-12,San Luis Obispo,079,281455,26,0,0,0,0
2020-03-12,San Mateo,081,765935,158,21,1,22,0
2020-03-12,Santa Barbara,083,443738,22,0,0,0,0
2020-03-12,Santa Clara,085,1922200,409,51,1,52,1
2020-03-12,Santa Cruz,087,273765,29,5,0,5,0
2020-03-12,Shasta,089,179085,2,1,0,1,0
2020-03-12,Sierra,091,2930,0,0,0,0,0
2020-03-12,Siskiyou,093,43540,0,0,0,0,0
2020-03-12,Solano,095,438530,34,26,0,26,0
2020-03-12,Sonoma,097,501317,34,2,0,2,0
2020-03-12,Stanislaus,099,539301,15,2,2,4,0
2020-03-12,Sutter,101,95872,0,0,0,0,0
2020-03-12,Tehama,103,63373,0,0,0,0,0
2020-03-12,Trinity,105,12862,0,0,0,0,0
2020-03-12,Tulare,107,460477,12,1,1,2,0
2020-03-12,Tuolumne,109,53932,1,0,0,0,0
2020-03-12,Ventura,111,848112,45,3,0,3,0
2020-03-12,Yolo,113,214977,14,1,0,1,0
2020-03-12,Yuba,115,75493,1,0,0,0,0
2020-03-11,Alameda,001,1643700,120,5,0,5,0
2020-03-11,Alpine,003,1148,0,0,0,0,0
2020-03-11,Amador,005,37829,0,0,0,0,0
2020-03-11,Butte,007,227075,0,0,0,0,0
2020-03-11,Calaveras,009,45235,2,2,0,2,0
2020-03-11,Colusa,011,21464,0,0,0,0,0
2020-03-11,Contra Costa,013,1133247,93,16,0,16,0
2020-03-11,Del Norte,015,27424,0,0,0,0,0
2020-03-11,El Dorado,017,186661,7,0,0,0,0
2020-03-11,Fresno,019,978130,8,1,1,2,0
2020-03-11,Glenn,021,27897,0,0,0,0,0
2020-03-11,Humboldt,023,135768,6,1,0,1,0
2020-03-11,Imperial,025,180216,9,0,0,0,0
2020-03-11,Inyo,027,18085,0,0,0,0,0
2020-03-11,Kern,029,883053,16,0,0,0,0
2020-03-11,Kings,031,150075,5,0,1,1,0
2020-03-11,Lake,033,64148,0,0,0,0,0
2020-03-11,Lassen,035,31185,1,0,0,0,0
2020-03-11,Los Angeles,037,10098052,692,21,10,31,0
2020-03-11,Madera,039,155013,13,1,0,1,0
2020-03-11,Marin,041,260295,17,1,0,1,0
2020-03-11,Mariposa,043,17540,0,0,0,0,0
2020-03-11,Mendocino,045,87422,1,0,0,0,0
2020-03-11,Merced,047,269075,2,0,0,0,0
2020-03-11,Modoc,049,8938,0,0,0,0,0
2020-03-11,Mono,051,14174,3,0,0,0,0
2020-03-11,Monterey,053,433212,6,0,0,0,0
2020-03-11,Napa,055,140530,2,0,0,0,0
2020-03-11,Nevada,057,99092,4,0,1,1,0
2020-03-11,Orange,059,3164182,202,6,0,6,0
2020-03-11,Placer,061,380077,18,6,0,6,1
2020-03-11,Plumas,063,18699,0,0,0,0,0
2020-03-11,Riverside,065,2383286,81,4,1,5,0
2020-03-11,Sacramento,067,1510023,87,9,0,9,1
2020-03-11,San Benito,069,59416,5,2,0,2,0
2020-03-11,San Bernardino,071,2135413,72,0,0,0,0
2020-03-11,San Diego,073,3302833,208,4,0,4,0
2020-03-11,San Francisco,075,870044,124,17,0,17,0
2020-03-11,San Joaquin,077,732212,33,1,3,4,0
2020-03-11,San Luis Obispo,079,281455,23,0,0,0,0
2020-03-11,San Mateo,081,765935,140,16,0,16,0
2020-03-11,Santa Barbara,083,443738,13,0,0,0,0
2020-03-11,Santa Clara,085,1922200,369,48,1,49,1
2020-03-11,Santa Cruz,087,273765,26,2,0,2,0
2020-03-11,Shasta,089,179085,2,1,0,1,0
2020-03-11,Sierra,091,2930,0,0,0,0,0
2020-03-11,Siskiyou,093,43540,0,0,0,0,0
2020-03-11,Solano,095,438530,29,26,0,26,0
2020-03-11,Sonoma,097,501317,30,2,0,2,0
2020-03-11,Stanislaus,099,539301,15,2,2,4,0
2020-03-11,Sutter,101,95872,0,0,0,0,0
2020-03-11,Tehama,103,63373,0,0,0,0,0
2020-03-11,Trinity,105,12862,0,0,0,0,0
2020-03-11,Tulare,107,460477,10,0,1,1,0
2020-03-11,Tuolumne,109,53932,1,0,0,0,0
2020-03-11,Ventura,111,848112,37,3,0,3,0
2020-03-11,Yolo,113,214977,10,1,0,1,0
2020-03-11,Yuba,115,75493,1,0,0,0,0
2020-03-10,Alameda,001,1643700,98,4,0,4,0
2020-03-10,Alpine,003,1148,0,0,0,0,0
2020-03-10,Amador,005,37829,0,0,0,0,0
2020-03-10,Butte,007,227075,0,0,0,0,0
2020-03-10,Calaveras,009,45235,2,2,0,2,0
2020-03-10,Colusa,011,21464,0,0,0,0,0
2020-03-10,Contra Costa,013,1133247,84,11,0,11,0
2020-03-10,Del Norte,015,27424,0,0,0,0,0
2020-03-10,El Dorado,017,186661,6,0,0,0,0
2020-03-10,Fresno,019,978130,6,1,1,2,0
2020-03-10,Glenn,021,27897,0,0,0,0,0
2020-03-10,Humboldt,023,135768,6,1,0,1,0
2020-03-10,Imperial,025,180216,8,0,0,0,0
2020-03-10,Inyo,027,18085,0,0,0,0,0
2020-03-10,Kern,029,883053,11,0,0,0,0
2020-03-10,Kings,031,150075,5,0,1,1,0
2020-03-10,Lake,033,64148,0,0,0,0,0
2020-03-10,Lassen,035,31185,1,0,0,0,0
2020-03-10,Los Angeles,037,10098052,556,20,10,30,0
2020-03-10,Madera,039,155013,8,1,0,1,0
2020-03-10,Marin,041,260295,16,1,0,1,0
2020-03-10,Mariposa,043,17540,0,0,0,0,0
2020-03-10,Mendocino,045,87422,0,0,0,0,0
2020-03-10,Merced,047,269075,2,0,0,0,0
2020-03-10,Modoc,049,8938,0,0,0,0,0
2020-03-10,Mono,051,14174,3,0,0,0,0
2020-03-10,Monterey,053,433212,4,0,0,0,0
2020-03-10,Napa,055,140530,2,0,0,0,0
2020-03-10,Nevada,057,99092,3,0,1,1,0
2020-03-10,Orange,059,3164182,182,5,0,5,1
2020-03-10,Placer,061,380077,14,7,0,7,1
2020-03-10,Plumas,063,18699,0,0,0,0,0
2020-03-10,Riverside,065,2383286,59,4,1,5,0
2020-03-10,Sacramento,067,1510023,78,8,0,8,0
2020-03-10,San Benito,069,59416,5,2,0,2,0
2020-03-10,San Bernardino,071,2135413,64,0,0,0,0
2020-03-10,San Diego,073,3302833,165,3,0,3,0
2020-03-10,San Francisco,075,870044,92,16,0,16,0
2020-03-10,San Joaquin,077,732212,30,1,3,4,0
2020-03-10,San Luis Obispo,079,281455,15,0,0,0,0
2020-03-10,San Mateo,081,765935,124,11,0,11,0
2020-03-10,Santa Barbara,083,443738,10,0,0,0,0
2020-03-10,Santa Clara,085,1922200,321,45,1,46,1
2020-03-10,Santa Cruz,087,273765,22,2,0,2,0
2020-03-10,Shasta,089,179085,2,1,0,1,0
2020-03-10,Sierra,091,2930,0,0,0,0,0
2020-03-10,Siskiyou,093,43540,0,0,0,0,0
2020-03-10,Solano,095,438530,27,26,0,26,0
2020-03-10,Sonoma,097,501317,27,2,0,2,0
2020-03-10,Stanislaus,099,539301,11,0,2,2,0
2020-03-10,Sutter,101,95872,0,0,0,0,0
2020-03-10,Tehama,103,63373,0,0,0,0,0
2020-03-10,Trinity,105,12862,0,0,0,0,0
2020-03-10,Tulare,107,460477,9,0,1,1,0
2020-03-10,Tuolumne,109,53932,1,0,0,0,0
2020-03-10,Ventura,111,848112,29,1,0,1,0
2020-03-10,Yolo,113,214977,7,2,0,2,0
2020-03-10,Yuba,115,75493,1,0,0,0,0
2020-03-09,Alameda,001,1643700,70,4,0,4,0
2020-03-09,Alpine,003,1148,0,0,0,0,0
2020-03-09,Amador,005,37829,0,0,0,0,0
2020-03-09,Butte,007,227075,0,0,0,0,0
2020-03-09,Calaveras,009,45235,2,0,0,0,0
2020-03-09,Colusa,011,21464,0,0,0,0,0
2020-03-09,Contra Costa,013,1133247,72,9,0,9,0
2020-03-09,Del Norte,015,27424,0,0,0,0,0
2020-03-09,El Dorado,017,186661,4,0,0,0,0
2020-03-09,Fresno,019,978130,6,1,1,2,0
2020-03-09,Glenn,021,27897,0,0,0,0,0
2020-03-09,Humboldt,023,135768,5,1,0,1,0
2020-03-09,Imperial,025,180216,8,0,0,0,0
2020-03-09,Inyo,027,18085,0,0,0,0,0
2020-03-09,Kern,029,883053,8,0,0,0,0
2020-03-09,Kings,031,150075,4,0,1,1,0
2020-03-09,Lake,033,64148,0,0,0,0,0
2020-03-09,Lassen,035,31185,1,0,0,0,0
2020-03-09,Los Angeles,037,10098052,454,17,9,26,0
2020-03-09,Madera,039,155013,8,1,0,1,0
2020-03-09,Marin,041,260295,15,1,0,1,0
2020-03-09,Mariposa,043,17540,0,0,0,0,0
2020-03-09,Mendocino,045,87422,0,0,0,0,0
2020-03-09,Merced,047,269075,2,0,0,0,0
2020-03-09,Modoc,049,8938,0,0,0,0,0
2020-03-09,Mono,051,14174,3,0,0,0,0
2020-03-09,Monterey,053,433212,2,0,0,0,0
2020-03-09,Napa,055,140530,2,0,0,0,0
2020-03-09,Nevada,057,99092,2,0,1,1,0
2020-03-09,Orange,059,3164182,154,4,0,4,0
2020-03-09,Placer,061,380077,12,7,0,7,1
2020-03-09,Plumas,063,18699,0,0,0,0,0
2020-03-09,Riverside,065,2383286,49,4,1,5,0
2020-03-09,Sacramento,067,1510023,74,8,0,8,0
2020-03-09,San Benito,069,59416,3,2,0,2,0
2020-03-09,San Bernardino,071,2135413,53,0,0,0,0
2020-03-09,San Diego,073,3302833,126,2,0,2,0
2020-03-09,San Francisco,075,870044,72,14,0,14,0
2020-03-09,San Joaquin,077,732212,21,0,3,3,0
2020-03-09,San Luis Obispo,079,281455,15,0,0,0,0
2020-03-09,San Mateo,081,765935,110,6,0,6,0
2020-03-09,Santa Barbara,083,443738,8,0,0,0,0
2020-03-09,Santa Clara,085,1922200,277,42,1,43,1
2020-03-09,Santa Cruz,087,273765,19,2,0,2,0
2020-03-09,Shasta,089,179085,2,1,0,1,0
2020-03-09,Sierra,091,2930,0,0,0,0,0
2020-03-09,Siskiyou,093,43540,0,0,0,0,0
2020-03-09,Solano,095,438530,25,26,0,26,0
2020-03-09,Sonoma,097,501317,22,2,0,2,0
2020-03-09,Stanislaus,099,539301,11,0,2,2,0
2020-03-09,Sutter,101,95872,0,0,0,0,0
2020-03-09,Tehama,103,63373,0,0,0,0,0
2020-03-09,Trinity,105,12862,0,0,0,0,0
2020-03-09,Tulare,107,460477,9,0,1,1,0
2020-03-09,Tuolumne,109,53932,1,0,0,0,0
2020-03-09,Ventura,111,848112,25,1,0,1,0
2020-03-09,Yolo,113,214977,6,2,0,2,0
2020-03-09,Yuba,115,75493,0,0,0,0,0
2020-03-08,Alameda,001,1643700,45,4,0,4,0
2020-03-08,Alpine,003,1148,0,0,0,0,0
2020-03-08,Amador,005,37829,0,0,0,0,0
2020-03-08,Butte,007,227075,0,0,0,0,0
2020-03-08,Calaveras,009,45235,2,0,0,0,0
2020-03-08,Colusa,011,21464,0,0,0,0,0
2020-03-08,Contra Costa,013,1133247,58,9,0,9,0
2020-03-08,Del Norte,015,27424,0,0,0,0,0
2020-03-08,El Dorado,017,186661,4,0,0,0,0
2020-03-08,Fresno,019,978130,4,1,1,2,0
2020-03-08,Glenn,021,27897,0,0,0,0,0
2020-03-08,Humboldt,023,135768,5,1,0,1,0
2020-03-08,Imperial,025,180216,8,0,0,0,0
2020-03-08,Inyo,027,18085,0,0,0,0,0
2020-03-08,Kern,029,883053,8,0,0,0,0
2020-03-08,Kings,031,150075,3,0,1,1,0
2020-03-08,Lake,033,64148,0,0,0,0,0
2020-03-08,Lassen,035,31185,0,0,0,0,0
2020-03-08,Los Angeles,037,10098052,361,14,9,23,0
2020-03-08,Madera,039,155013,8,1,0,1,0
2020-03-08,Marin,041,260295,13,1,0,1,0
2020-03-08,Mariposa,043,17540,0,0,0,0,0
2020-03-08,Mendocino,045,87422,0,0,0,0,0
2020-03-08,Merced,047,269075,2,0,0,0,0
2020-03-08,Modoc,049,8938,0,0,0,0,0
2020-03-08,Mono,051,14174,3,0,0,0,0
2020-03-08,Monterey,053,433212,2,0,0,0,0
2020-03-08,Napa,055,140530,2,0,0,0,0
2020-03-08,Nevada,057,99092,1,0,1,1,0
2020-03-08,Orange,059,3164182,129,4,0,4,0
2020-03-08,Placer,061,380077,11,7,0,7,1
2020-03-08,Plumas,063,18699,0,0,0,0,0
2020-03-08,Riverside,065,2383286,41,1,1,2,0
2020-03-08,Sacramento,067,1510023,64,5,0,5,0
2020-03-08,San Benito,069,59416,3,2,0,2,0
2020-03-08,San Bernardino,071,2135413,42,0,0,0,0
2020-03-08,San Diego,073,3302833,92,2,0,2,0
2020-03-08,San Francisco,075,870044,53,9,0,9,0
2020-03-08,San Joaquin,077,732212,18,0,3,3,0
2020-03-08,San Luis Obispo,079,281455,9,0,0,0,0
2020-03-08,San Mateo,081,765935,97,4,0,4,0
2020-03-08,Santa Barbara,083,443738,5,0,0,0,0
2020-03-08,Santa Clara,085,1922200,235,36,1,37,0
2020-03-08,Santa Cruz,087,273765,17,1,0,1,0
2020-03-08,Shasta,089,179085,2,0,0,0,0
2020-03-08,Sierra,091,2930,0,0,0,0,0
2020-03-08,Siskiyou,093,43540,0,0,0,0,0
2020-03-08,Solano,095,438530,24,26,0,26,0
2020-03-08,Sonoma,097,501317,17,2,0,2,0
2020-03-08,Stanislaus,099,539301,10,0,2,2,0
2020-03-08,Sutter,101,95872,0,0,0,0,0
2020-03-08,Tehama,103,63373,0,0,0,0,0
2020-03-08,Trinity,105,12862,0,0,0,0,0
2020-03-08,Tulare,107,460477,9,0,0,0,0
2020-03-08,Tuolumne,109,53932,1,0,0,0,0
2020-03-08,Ventura,111,848112,21,1,0,1,0
2020-03-08,Yolo,113,214977,3,2,0,2,0
2020-03-08,Yuba,115,75493,0,0,0,0,0
2020-03-07,Alameda,001,1643700,40,3,0,3,0
2020-03-07,Alpine,003,1148,0,0,0,0,0
2020-03-07,Amador,005,37829,0,0,0,0,0
2020-03-07,Butte,007,227075,0,0,0,0,0
2020-03-07,Calaveras,009,45235,2,0,0,0,0
2020-03-07,Colusa,011,21464,0,0,0,0,0
2020-03-07,Contra Costa,013,1133247,55,4,0,4,0
2020-03-07,Del Norte,015,27424,0,0,0,0,0
2020-03-07,El Dorado,017,186661,3,0,0,0,0
2020-03-07,Fresno,019,978130,3,1,1,2,0
2020-03-07,Glenn,021,27897,0,0,0,0,0
2020-03-07,Humboldt,023,135768,5,1,0,1,0
2020-03-07,Imperial,025,180216,7,0,0,0,0
2020-03-07,Inyo,027,18085,0,0,0,0,0
2020-03-07,Kern,029,883053,7,0,0,0,0
2020-03-07,Kings,031,150075,3,0,1,1,0
2020-03-07,Lake,033,64148,0,0,0,0,0
2020-03-07,Lassen,035,31185,0,0,0,0,0
2020-03-07,Los Angeles,037,10098052,311,14,9,23,0
2020-03-07,Madera,039,155013,7,1,0,1,0
2020-03-07,Marin,041,260295,11,0,0,0,0
2020-03-07,Mariposa,043,17540,0,0,0,0,0
2020-03-07,Mendocino,045,87422,0,0,0,0,0
2020-03-07,Merced,047,269075,2,0,0,0,0
2020-03-07,Modoc,049,8938,0,0,0,0,0
2020-03-07,Mono,051,14174,3,0,0,0,0
2020-03-07,Monterey,053,433212,2,0,0,0,0
2020-03-07,Napa,055,140530,1,0,0,0,0
2020-03-07,Nevada,057,99092,1,0,1,1,0
2020-03-07,Orange,059,3164182,121,4,0,4,0
2020-03-07,Placer,061,380077,11,6,0,6,1
2020-03-07,Plumas,063,18699,0,0,0,0,0
2020-03-07,Riverside,065,2383286,31,0,1,1,0
2020-03-07,Sacramento,067,1510023,51,4,0,4,0
2020-03-07,San Benito,069,59416,3,2,0,2,0
2020-03-07,San Bernardino,071,2135413,40,0,0,0,0
2020-03-07,San Diego,073,3302833,74,2,0,2,0
2020-03-07,San Francisco,075,870044,47,9,0,9,0
2020-03-07,San Joaquin,077,732212,16,0,3,3,0
2020-03-07,San Luis Obispo,079,281455,6,0,0,0,0
2020-03-07,San Mateo,081,765935,87,1,0,1,0
2020-03-07,Santa Barbara,083,443738,5,0,0,0,0
2020-03-07,Santa Clara,085,1922200,205,31,1,32,0
2020-03-07,Santa Cruz,087,273765,17,1,0,1,0
2020-03-07,Shasta,089,179085,2,0,0,0,0
2020-03-07,Sierra,091,2930,0,0,0,0,0
2020-03-07,Siskiyou,093,43540,0,0,0,0,0
2020-03-07,Solano,095,438530,23,25,0,25,0
2020-03-07,Sonoma,097,501317,13,2,0,2,0
2020-03-07,Stanislaus,099,539301,9,0,2,2,0
2020-03-07,Sutter,101,95872,0,0,0,0,0
2020-03-07,Tehama,103,63373,0,0,0,0,0
2020-03-07,Trinity,105,12862,0,0,0,0,0
2020-03-07,Tulare,107,460477,6,0,0,0,0
2020-03-07,Tuolumne,109,53932,1,0,0,0,0
2020-03-07,Ventura,111,848112,18,1,0,1,0
2020-03-07,Yolo,113,214977,3,2,0,2,0
2020-03-07,Yuba,115,75493,0,0,0,0,0
2020-03-06,Alameda,001,1643700,38,3,0,3,0
2020-03-06,Alpine,003,1148,0,0,0,0,0
2020-03-06,Amador,005,37829,0,0,0,0,0
2020-03-06,Butte,007,227075,0,0,0,0,0
2020-03-06,Calaveras,009,45235,2,0,0,0,0
2020-03-06,Colusa,011,21464,0,0,0,0,0
2020-03-06,Contra Costa,013,1133247,46,4,0,4,0
2020-03-06,Del Norte,015,27424,0,0,0,0,0
2020-03-06,El Dorado,017,186661,3,0,0,0,0
2020-03-06,Fresno,019,978130,2,0,1,1,0
2020-03-06,Glenn,021,27897,0,0,0,0,0
2020-03-06,Humboldt,023,135768,4,1,0,1,0
2020-03-06,Imperial,025,180216,6,0,0,0,0
2020-03-06,Inyo,027,18085,0,0,0,0,0
2020-03-06,Kern,029,883053,6,0,0,0,0
2020-03-06,Kings,031,150075,3,0,1,1,0
2020-03-06,Lake,033,64148,0,0,0,0,0
2020-03-06,Lassen,035,31185,0,0,0,0,0
2020-03-06,Los Angeles,037,10098052,268,13,9,22,0
2020-03-06,Madera,039,155013,6,0,0,0,0
2020-03-06,Marin,041,260295,10,0,0,0,0
2020-03-06,Mariposa,043,17540,0,0,0,0,0
2020-03-06,Mendocino,045,87422,0,0,0,0,0
2020-03-06,Merced,047,269075,2,0,0,0,0
2020-03-06,Modoc,049,8938,0,0,0,0,0
2020-03-06,Mono,051,14174,1,0,0,0,0
2020-03-06,Monterey,053,433212,2,0,0,0,0
2020-03-06,Napa,055,140530,1,0,0,0,0
2020-03-06,Nevada,057,99092,1,0,1,1,0
2020-03-06,Orange,059,3164182,95,4,0,4,0
2020-03-06,Placer,061,380077,10,5,0,5,1
2020-03-06,Plumas,063,18699,0,0,0,0,0
2020-03-06,Riverside,065,2383286,30,0,1,1,0
2020-03-06,Sacramento,067,1510023,42,2,0,2,0
2020-03-06,San Benito,069,59416,3,2,0,2,0
2020-03-06,San Bernardino,071,2135413,38,0,0,0,0
2020-03-06,San Diego,073,3302833,61,2,0,2,0
2020-03-06,San Francisco,075,870044,41,2,0,2,0
2020-03-06,San Joaquin,077,732212,13,0,3,3,0
2020-03-06,San Luis Obispo,079,281455,4,0,0,0,0
2020-03-06,San Mateo,081,765935,79,1,0,1,0
2020-03-06,Santa Barbara,083,443738,3,0,0,0,0
2020-03-06,Santa Clara,085,1922200,187,20,1,21,0
2020-03-06,Santa Cruz,087,273765,15,0,0,0,0
2020-03-06,Shasta,089,179085,2,0,0,0,0
2020-03-06,Sierra,091,2930,0,0,0,0,0
2020-03-06,Siskiyou,093,43540,0,0,0,0,0
2020-03-06,Solano,095,438530,22,25,0,25,0
2020-03-06,Sonoma,097,501317,13,2,0,2,0
2020-03-06,Stanislaus,099,539301,5,0,2,2,0
2020-03-06,Sutter,101,95872,0,0,0,0,0
2020-03-06,Tehama,103,63373,0,0,0,0,0
2020-03-06,Trinity,105,12862,0,0,0,0,0
2020-03-06,Tulare,107,460477,6,0,0,0,0
2020-03-06,Tuolumne,109,53932,1,0,0,0,0
2020-03-06,Ventura,111,848112,15,1,0,1,0
2020-03-06,Yolo,113,214977,3,1,0,1,0
2020-03-06,Yuba,115,75493,0,0,0,0,0
2020-03-05,Alameda,001,1643700,33,2,0,2,0
2020-03-05,Alpine,003,1148,0,0,0,0,0
2020-03-05,Amador,005,37829,0,0,0,0,0
2020-03-05,Butte,007,227075,0,0,0,0,0
2020-03-05,Calaveras,009,45235,2,0,0,0,0
2020-03-05,Colusa,011,21464,0,0,0,0,0
2020-03-05,Contra Costa,013,1133247,39,1,0,1,0
2020-03-05,Del Norte,015,27424,0,0,0,0,0
2020-03-05,El Dorado,017,186661,1,0,0,0,0
2020-03-05,Fresno,019,978130,2,0,1,1,0
2020-03-05,Glenn,021,27897,0,0,0,0,0
2020-03-05,Humboldt,023,135768,4,1,0,1,0
2020-03-05,Imperial,025,180216,5,0,0,0,0
2020-03-05,Inyo,027,18085,0,0,0,0,0
2020-03-05,Kern,029,883053,6,0,0,0,0
2020-03-05,Kings,031,150075,3,0,1,1,0
2020-03-05,Lake,033,64148,0,0,0,0,0
2020-03-05,Lassen,035,31185,0,0,0,0,0
2020-03-05,Los Angeles,037,10098052,221,11,9,20,0
2020-03-05,Madera,039,155013,5,0,0,0,0
2020-03-05,Marin,041,260295,10,0,0,0,0
2020-03-05,Mariposa,043,17540,0,0,0,0,0
2020-03-05,Mendocino,045,87422,0,0,0,0,0
2020-03-05,Merced,047,269075,2,0,0,0,0
2020-03-05,Modoc,049,8938,0,0,0,0,0
2020-03-05,Mono,051,14174,1,0,0,0,0
2020-03-05,Monterey,053,433212,2,0,0,0,0
2020-03-05,Napa,055,140530,1,0,0,0,0
2020-03-05,Nevada,057,99092,0,0,1,1,0
2020-03-05,Orange,059,3164182,80,3,0,3,0
2020-03-05,Placer,061,380077,10,2,0,2,1
2020-03-05,Plumas,063,18699,0,0,0,0,0
2020-03-05,Riverside,065,2383286,27,0,1,1,0
2020-03-05,Sacramento,067,1510023,36,2,0,2,0
2020-03-05,San Benito,069,59416,1,2,0,2,0
2020-03-05,San Bernardino,071,2135413,33,0,0,0,0
2020-03-05,San Diego,073,3302833,54,2,0,2,0
2020-03-05,San Francisco,075,870044,31,2,0,2,0
2020-03-05,San Joaquin,077,732212,10,0,3,3,0
2020-03-05,San Luis Obispo,079,281455,4,0,0,0,0
2020-03-05,San Mateo,081,765935,65,1,0,1,0
2020-03-05,Santa Barbara,083,443738,2,0,0,0,0
2020-03-05,Santa Clara,085,1922200,163,14,1,15,0
2020-03-05,Santa Cruz,087,273765,13,0,0,0,0
2020-03-05,Shasta,089,179085,2,0,0,0,0
2020-03-05,Sierra,091,2930,0,0,0,0,0
2020-03-05,Siskiyou,093,43540,0,0,0,0,0
2020-03-05,Solano,095,438530,22,24,0,24,0
2020-03-05,Sonoma,097,501317,12,2,0,2,0
2020-03-05,Stanislaus,099,539301,4,0,2,2,0
2020-03-05,Sutter,101,95872,0,0,0,0,0
2020-03-05,Tehama,103,63373,0,0,0,0,0
2020-03-05,Trinity,105,12862,0,0,0,0,0
2020-03-05,Tulare,107,460477,6,0,0,0,0
2020-03-05,Tuolumne,109,53932,1,0,0,0,0
2020-03-05,Ventura,111,848112,13,0,0,0,0
2020-03-05,Yolo,113,214977,3,0,0,0,0
2020-03-05,Yuba,115,75493,0,0,0,0,0
2020-03-04,Alameda,001,1643700,29,2,0,2,0
2020-03-04,Alpine,003,1148,0,0,0,0,0
2020-03-04,Amador,005,37829,0,0,0,0,0
2020-03-04,Butte,007,227075,0,0,0,0,0
2020-03-04,Calaveras,009,45235,0,0,0,0,0
2020-03-04,Colusa,011,21464,0,0,0,0,0
2020-03-04,Contra Costa,013,1133247,34,1,0,1,0
2020-03-04,Del Norte,015,27424,0,0,0,0,0
2020-03-04,El Dorado,017,186661,1,0,0,0,0
2020-03-04,Fresno,019,978130,2,0,1,1,0
2020-03-04,Glenn,021,27897,0,0,0,0,0
2020-03-04,Humboldt,023,135768,1,1,0,1,0
2020-03-04,Imperial,025,180216,5,0,0,0,0
2020-03-04,Inyo,027,18085,0,0,0,0,0
2020-03-04,Kern,029,883053,6,0,0,0,0
2020-03-04,Kings,031,150075,3,0,1,1,0
2020-03-04,Lake,033,64148,0,0,0,0,0
2020-03-04,Lassen,035,31185,0,0,0,0,0
2020-03-04,Los Angeles,037,10098052,186,7,9,16,0
2020-03-04,Madera,039,155013,5,0,0,0,0
2020-03-04,Marin,041,260295,10,0,0,0,0
2020-03-04,Mariposa,043,17540,0,0,0,0,0
2020-03-04,Mendocino,045,87422,0,0,0,0,0
2020-03-04,Merced,047,269075,2,0,0,0,0
2020-03-04,Modoc,049,8938,0,0,0,0,0
2020-03-04,Mono,051,14174,1,0,0,0,0
2020-03-04,Monterey,053,433212,2,0,0,0,0
2020-03-04,Napa,055,140530,1,0,0,0,0
2020-03-04,Nevada,057,99092,0,0,1,1,0
2020-03-04,Orange,059,3164182,77,3,0,3,0
2020-03-04,Placer,061,380077,9,2,0,2,1
2020-03-04,Plumas,063,18699,0,0,0,0,0
2020-03-04,Riverside,065,2383286,23,0,1,1,0
2020-03-04,Sacramento,067,1510023,31,1,0,1,0
2020-03-04,San Benito,069,59416,1,2,0,2,0
2020-03-04,San Bernardino,071,2135413,30,0,0,0,0
2020-03-04,San Diego,073,3302833,41,2,0,2,0
2020-03-04,San Francisco,075,870044,26,0,0,0,0
2020-03-04,San Joaquin,077,732212,9,0,3,3,0
2020-03-04,San Luis Obispo,079,281455,4,0,0,0,0
2020-03-04,San Mateo,081,765935,60,1,0,1,0
2020-03-04,Santa Barbara,083,443738,2,0,0,0,0
2020-03-04,Santa Clara,085,1922200,146,12,1,13,0
2020-03-04,Santa Cruz,087,273765,13,0,0,0,0
2020-03-04,Shasta,089,179085,2,0,0,0,0
2020-03-04,Sierra,091,2930,0,0,0,0,0
2020-03-04,Siskiyou,093,43540,0,0,0,0,0
2020-03-04,Solano,095,438530,21,24,0,24,0
2020-03-04,Sonoma,097,501317,11,2,0,2,0
2020-03-04,Stanislaus,099,539301,4,0,2,2,0
2020-03-04,Sutter,101,95872,0,0,0,0,0
2020-03-04,Tehama,103,63373,0,0,0,0,0
2020-03-04,Trinity,105,12862,0,0,0,0,0
2020-03-04,Tulare,107,460477,6,0,0,0,0
2020-03-04,Tuolumne,109,53932,0,0,0,0,0
2020-03-04,Ventura,111,848112,12,0,0,0,0
2020-03-04,Yolo,113,214977,3,0,0,0,0
2020-03-04,Yuba,115,75493,0,0,0,0,0
2020-03-03,Alameda,001,1643700,24,2,0,2,0
2020-03-03,Alpine,003,1148,0,0,0,0,0
2020-03-03,Amador,005,37829,0,0,0,0,0
2020-03-03,Butte,007,227075,0,0,0,0,0
2020-03-03,Calaveras,009,45235,0,0,0,0,0
2020-03-03,Colusa,011,21464,0,0,0,0,0
2020-03-03,Contra Costa,013,1133247,30,0,0,0,0
2020-03-03,Del Norte,015,27424,0,0,0,0,0
2020-03-03,El Dorado,017,186661,1,0,0,0,0
2020-03-03,Fresno,019,978130,1,0,1,1,0
2020-03-03,Glenn,021,27897,0,0,0,0,0
2020-03-03,Humboldt,023,135768,1,1,0,1,0
2020-03-03,Imperial,025,180216,5,0,0,0,0
2020-03-03,Inyo,027,18085,0,0,0,0,0
2020-03-03,Kern,029,883053,4,0,0,0,0
2020-03-03,Kings,031,150075,3,0,1,1,0
2020-03-03,Lake,033,64148,0,0,0,0,0
2020-03-03,Lassen,035,31185,0,0,0,0,0
2020-03-03,Los Angeles,037,10098052,167,5,9,14,0
2020-03-03,Madera,039,155013,4,0,0,0,0
2020-03-03,Marin,041,260295,6,0,0,0,0
2020-03-03,Mariposa,043,17540,0,0,0,0,0
2020-03-03,Mendocino,045,87422,0,0,0,0,0
2020-03-03,Merced,047,269075,2,0,0,0,0
2020-03-03,Modoc,049,8938,0,0,0,0,0
2020-03-03,Mono,051,14174,1,0,0,0,0
2020-03-03,Monterey,053,433212,1,0,0,0,0
2020-03-03,Napa,055,140530,1,0,0,0,0
2020-03-03,Nevada,057,99092,0,0,1,1,0
2020-03-03,Orange,059,3164182,69,1,0,1,0
2020-03-03,Placer,061,380077,8,2,0,2,0
2020-03-03,Plumas,063,18699,0,0,0,0,0
2020-03-03,Riverside,065,2383286,20,0,1,1,0
2020-03-03,Sacramento,067,1510023,30,1,0,1,0
2020-03-03,San Benito,069,59416,1,2,0,2,0
2020-03-03,San Bernardino,071,2135413,27,0,0,0,0
2020-03-03,San Diego,073,3302833,34,2,0,2,0
2020-03-03,San Francisco,075,870044,24,0,0,0,0
2020-03-03,San Joaquin,077,732212,8,0,3,3,0
2020-03-03,San Luis Obispo,079,281455,2,0,0,0,0
2020-03-03,San Mateo,081,765935,53,1,0,1,0
2020-03-03,Santa Barbara,083,443738,1,0,0,0,0
2020-03-03,Santa Clara,085,1922200,131,11,1,12,0
2020-03-03,Santa Cruz,087,273765,10,0,0,0,0
2020-03-03,Shasta,089,179085,2,0,0,0,0
2020-03-03,Sierra,091,2930,0,0,0,0,0
2020-03-03,Siskiyou,093,43540,0,0,0,0,0
2020-03-03,Solano,095,438530,20,24,0,24,0
2020-03-03,Sonoma,097,501317,11,1,0,1,0
2020-03-03,Stanislaus,099,539301,4,0,2,2,0
2020-03-03,Sutter,101,95872,0,0,0,0,0
2020-03-03,Tehama,103,63373,0,0,0,0,0
2020-03-03,Trinity,105,12862,0,0,0,0,0
2020-03-03,Tulare,107,460477,6,0,0,0,0
2020-03-03,Tuolumne,109,53932,0,0,0,0,0
2020-03-03,Ventura,111,848112,11,0,0,0,0
2020-03-03,Yolo,113,214977,2,0,0,0,0
2020-03-03,Yuba,115,75493,0,0,0,0,0
2020-03-02,Alameda,001,1643700,21,1,0,1,0
2020-03-02,Alpine,003,1148,0,0,0,0,0
2020-03-02,Amador,005,37829,0,0,0,0,0
2020-03-02,Butte,007,227075,0,0,0,0,0
2020-03-02,Calaveras,009,45235,0,0,0,0,0
2020-03-02,Colusa,011,21464,0,0,0,0,0
2020-03-02,Contra Costa,013,1133247,27,0,0,0,0
2020-03-02,Del Norte,015,27424,0,0,0,0,0
2020-03-02,El Dorado,017,186661,1,0,0,0,0
2020-03-02,Fresno,019,978130,1,0,1,1,0
2020-03-02,Glenn,021,27897,0,0,0,0,0
2020-03-02,Humboldt,023,135768,1,1,0,1,0
2020-03-02,Imperial,025,180216,5,0,0,0,0
2020-03-02,Inyo,027,18085,0,0,0,0,0
2020-03-02,Kern,029,883053,4,0,0,0,0
2020-03-02,Kings,031,150075,3,0,1,1,0
2020-03-02,Lake,033,64148,0,0,0,0,0
2020-03-02,Lassen,035,31185,0,0,0,0,0
2020-03-02,Los Angeles,037,10098052,152,1,9,10,0
2020-03-02,Madera,039,155013,4,0,0,0,0
2020-03-02,Marin,041,260295,6,0,0,0,0
2020-03-02,Mariposa,043,17540,0,0,0,0,0
2020-03-02,Mendocino,045,87422,0,0,0,0,0
2020-03-02,Merced,047,269075,1,0,0,0,0
2020-03-02,Modoc,049,8938,0,0,0,0,0
2020-03-02,Mono,051,14174,1,0,0,0,0
2020-03-02,Monterey,053,433212,1,0,0,0,0
2020-03-02,Napa,055,140530,1,0,0,0,0
2020-03-02,Nevada,057,99092,0,0,1,1,0
2020-03-02,Orange,059,3164182,64,1,0,1,0
2020-03-02,Placer,061,380077,8,1,0,1,0
2020-03-02,Plumas,063,18699,0,0,0,0,0
2020-03-02,Riverside,065,2383286,19,0,1,1,0
2020-03-02,Sacramento,067,1510023,25,1,0,1,0
2020-03-02,San Benito,069,59416,1,2,0,2,0
2020-03-02,San Bernardino,071,2135413,27,0,0,0,0
2020-03-02,San Diego,073,3302833,28,2,0,2,0
2020-03-02,San Francisco,075,870044,17,0,0,0,0
2020-03-02,San Joaquin,077,732212,7,0,3,3,0
2020-03-02,San Luis Obispo,079,281455,2,0,0,0,0
2020-03-02,San Mateo,081,765935,44,1,0,1,0
2020-03-02,Santa Barbara,083,443738,1,0,0,0,0
2020-03-02,Santa Clara,085,1922200,109,7,1,8,0
2020-03-02,Santa Cruz,087,273765,9,0,0,0,0
2020-03-02,Shasta,089,179085,2,0,0,0,0
2020-03-02,Sierra,091,2930,0,0,0,0,0
2020-03-02,Siskiyou,093,43540,0,0,0,0,0
2020-03-02,Solano,095,438530,19,24,0,24,0
2020-03-02,Sonoma,097,501317,10,1,0,1,0
2020-03-02,Stanislaus,099,539301,2,0,2,2,0
2020-03-02,Sutter,101,95872,0,0,0,0,0
2020-03-02,Tehama,103,63373,0,0,0,0,0
2020-03-02,Trinity,105,12862,0,0,0,0,0
2020-03-02,Tulare,107,460477,6,0,0,0,0
2020-03-02,Tuolumne,109,53932,0,0,0,0,0
2020-03-02,Ventura,111,848112,10,0,0,0,0
2020-03-02,Yolo,113,214977,2,0,0,0,0
2020-03-02,Yuba,115,75493,0,0,0,0,0
2020-03-01,Alameda,001,1643700,20,1,0,1,0
2020-03-01,Alpine,003,1148,0,0,0,0,0
2020-03-01,Amador,005,37829,0,0,0,0,0
2020-03-01,Butte,007,227075,0,0,0,0,0
2020-03-01,Calaveras,009,45235,0,0,0,0,0
2020-03-01,Colusa,011,21464,0,0,0,0,0
2020-03-01,Contra Costa,013,1133247,24,0,0,0,0
2020-03-01,Del Norte,015,27424,0,0,0,0,0
2020-03-01,El Dorado,017,186661,1,0,0,0,0
2020-03-01,Fresno,019,978130,0,0,1,1,0
2020-03-01,Glenn,021,27897,0,0,0,0,0
2020-03-01,Humboldt,023,135768,1,1,0,1,0
2020-03-01,Imperial,025,180216,5,0,0,0,0
2020-03-01,Inyo,027,18085,0,0,0,0,0
2020-03-01,Kern,029,883053,2,0,0,0,0
2020-03-01,Kings,031,150075,3,0,1,1,0
2020-03-01,Lake,033,64148,0,0,0,0,0
2020-03-01,Lassen,035,31185,0,0,0,0,0
2020-03-01,Los Angeles,037,10098052,133,1,9,10,0
2020-03-01,Madera,039,155013,2,0,0,0,0
2020-03-01,Marin,041,260295,5,0,0,0,0
2020-03-01,Mariposa,043,17540,0,0,0,0,0
2020-03-01,Mendocino,045,87422,0,0,0,0,0
2020-03-01,Merced,047,269075,1,0,0,0,0
2020-03-01,Modoc,049,8938,0,0,0,0,0
2020-03-01,Mono,051,14174,1,0,0,0,0
2020-03-01,Monterey,053,433212,0,0,0,0,0
2020-03-01,Napa,055,140530,1,0,0,0,0
2020-03-01,Nevada,057,99092,0,0,1,1,0
2020-03-01,Orange,059,3164182,61,1,0,1,0
2020-03-01,Placer,061,380077,8,0,0,0,0
2020-03-01,Plumas,063,18699,0,0,0,0,0
2020-03-01,Riverside,065,2383286,18,0,1,1,0
2020-03-01,Sacramento,067,1510023,21,1,0,1,0
2020-03-01,San Benito,069,59416,0,2,0,2,0
2020-03-01,San Bernardino,071,2135413,25,0,0,0,0
2020-03-01,San Diego,073,3302833,21,2,0,2,0
2020-03-01,San Francisco,075,870044,13,0,0,0,0
2020-03-01,San Joaquin,077,732212,7,0,3,3,0
2020-03-01,San Luis Obispo,079,281455,2,0,0,0,0
2020-03-01,San Mateo,081,765935,36,0,0,0,0
2020-03-01,Santa Barbara,083,443738,1,0,0,0,0
2020-03-01,Santa Clara,085,1922200,96,6,1,7,0
2020-03-01,Santa Cruz,087,273765,8,0,0,0,0
2020-03-01,Shasta,089,179085,2,0,0,0,0
2020-03-01,Sierra,091,2930,0,0,0,0,0
2020-03-01,Siskiyou,093,43540,0,0,0,0,0
2020-03-01,Solano,095,438530,19,24,0,24,0
2020-03-01,Sonoma,097,501317,9,0,0,0,0
2020-03-01,Stanislaus,099,539301,2,0,2,2,0
2020-03-01,Sutter,101,95872,0,0,0,0,0
2020-03-01,Tehama,103,63373,0,0,0,0,0
2020-03-01,Trinity,105,12862,0,0,0,0,0
2020-03-01,Tulare,107,460477,6,0,0,0,0
2020-03-01,Tuolumne,109,53932,0,0,0,0,0
2020-03-01,Ventura,111,848112,8,0,0,0,0
2020-03-01,Yolo,113,214977,2,0,0,0,0
2020-03-01,Yuba,115,75493,0,0,0,0,0
2020-02-29,Alameda,001,1643700,16,0,0,0,0
2020-02-29,Alpine,003,1148,0,0,0,0,0
2020-02-29,Amador,005,37829,0,0,0,0,0
2020-02-29,Butte,007,227075,0,0,0,0,0
2020-02-29,Calaveras,009,45235,0,0,0,0,0
2020-02-29,Colusa,011,21464,0,0,0,0,0
2020-02-29,Contra Costa,013,1133247,20,0,0,0,0
2020-02-29,Del Norte,015,27424,0,0,0,0,0
2020-02-29,El Dorado,017,186661,1,0,0,0,0
2020-02-29,Fresno,019,978130,0,0,0,0,0
2020-02-29,Glenn,021,27897,0,0,0,0,0
2020-02-29,Humboldt,023,135768,1,1,0,1,0
2020-02-29,Imperial,025,180216,3,0,0,0,0
2020-02-29,Inyo,027,18085,0,0,0,0,0
2020-02-29,Kern,029,883053,2,0,0,0,0
2020-02-29,Kings,031,150075,3,0,1,1,0
2020-02-29,Lake,033,64148,0,0,0,0,0
2020-02-29,Lassen,035,31185,0,0,0,0,0
2020-02-29,Los Angeles,037,10098052,105,1,9,10,0
2020-02-29,Madera,039,155013,2,0,0,0,0
2020-02-29,Marin,041,260295,4,0,0,0,0
2020-02-29,Mariposa,043,17540,0,0,0,0,0
2020-02-29,Mendocino,045,87422,0,0,0,0,0
2020-02-29,Merced,047,269075,1,0,0,0,0
2020-02-29,Modoc,049,8938,0,0,0,0,0
2020-02-29,Mono,051,14174,1,0,0,0,0
2020-02-29,Monterey,053,433212,0,0,0,0,0
2020-02-29,Napa,055,140530,1,0,0,0,0
2020-02-29,Nevada,057,99092,0,0,1,1,0
2020-02-29,Orange,059,3164182,56,1,0,1,0
2020-02-29,Placer,061,380077,7,0,0,0,0
2020-02-29,Plumas,063,18699,0,0,0,0,0
2020-02-29,Riverside,065,2383286,15,0,1,1,0
2020-02-29,Sacramento,067,1510023,16,1,0,1,0
2020-02-29,San Benito,069,59416,0,2,0,2,0
2020-02-29,San Bernardino,071,2135413,23,0,0,0,0
2020-02-29,San Diego,073,3302833,16,2,0,2,0
2020-02-29,San Francisco,075,870044,12,0,0,0,0
2020-02-29,San Joaquin,077,732212,6,0,3,3,0
2020-02-29,San Luis Obispo,079,281455,2,0,0,0,0
2020-02-29,San Mateo,081,765935,29,0,0,0,0
2020-02-29,Santa Barbara,083,443738,0,0,0,0,0
2020-02-29,Santa Clara,085,1922200,74,3,1,4,0
2020-02-29,Santa Cruz,087,273765,8,0,0,0,0
2020-02-29,Shasta,089,179085,2,0,0,0,0
2020-02-29,Sierra,091,2930,0,0,0,0,0
2020-02-29,Siskiyou,093,43540,0,0,0,0,0
2020-02-29,Solano,095,438530,18,23,0,23,0
2020-02-29,Sonoma,097,501317,6,0,0,0,0
2020-02-29,Stanislaus,099,539301,2,0,2,2,0
2020-02-29,Sutter,101,95872,0,0,0,0,0
2020-02-29,Tehama,103,63373,0,0,0,0,0
2020-02-29,Trinity,105,12862,0,0,0,0,0
2020-02-29,Tulare,107,460477,4,0,0,0,0
2020-02-29,Tuolumne,109,53932,0,0,0,0,0
2020-02-29,Ventura,111,848112,6,0,0,0,0
2020-02-29,Yolo,113,214977,2,0,0,0,0
2020-02-29,Yuba,115,75493,0,0,0,0,0
2020-02-28,Alameda,001,1643700,14,0,0,0,0
2020-02-28,Alpine,003,1148,0,0,0,0,0
2020-02-28,Amador,005,37829,0,0,0,0,0
2020-02-28,Butte,007,227075,0,0,0,0,0
2020-02-28,Calaveras,009,45235,0,0,0,0,0
2020-02-28,Colusa,011,21464,0,0,0,0,0
2020-02-28,Contra Costa,013,1133247,20,0,0,0,0
2020-02-28,Del Norte,015,27424,0,0,0,0,0
2020-02-28,El Dorado,017,186661,0,0,0,0,0
2020-02-28,Fresno,019,978130,0,0,0,0,0
2020-02-28,Glenn,021,27897,0,0,0,0,0
2020-02-28,Humboldt,023,135768,1,1,0,1,0
2020-02-28,Imperial,025,180216,3,0,0,0,0
2020-02-28,Inyo,027,18085,0,0,0,0,0
2020-02-28,Kern,029,883053,2,0,0,0,0
2020-02-28,Kings,031,150075,3,0,1,1,0
2020-02-28,Lake,033,64148,0,0,0,0,0
2020-02-28,Lassen,035,31185,0,0,0,0,0
2020-02-28,Los Angeles,037,10098052,97,1,9,10,0
2020-02-28,Madera,039,155013,2,0,0,0,0
2020-02-28,Marin,041,260295,2,0,0,0,0
2020-02-28,Mariposa,043,17540,0,0,0,0,0
2020-02-28,Mendocino,045,87422,0,0,0,0,0
2020-02-28,Merced,047,269075,1,0,0,0,0
2020-02-28,Modoc,049,8938,0,0,0,0,0
2020-02-28,Mono,051,14174,0,0,0,0,0
2020-02-28,Monterey,053,433212,0,0,0,0,0
2020-02-28,Napa,055,140530,1,0,0,0,0
2020-02-28,Nevada,057,99092,0,0,1,1,0
2020-02-28,Orange,059,3164182,54,1,0,1,0
2020-02-28,Placer,061,380077,7,0,0,0,0
2020-02-28,Plumas,063,18699,0,0,0,0,0
2020-02-28,Riverside,065,2383286,13,0,1,1,0
2020-02-28,Sacramento,067,1510023,10,1,0,1,0
2020-02-28,San Benito,069,59416,0,2,0,2,0
2020-02-28,San Bernardino,071,2135413,23,0,0,0,0
2020-02-28,San Diego,073,3302833,13,2,0,2,0
2020-02-28,San Francisco,075,870044,10,0,0,0,0
2020-02-28,San Joaquin,077,732212,6,0,3,3,0
2020-02-28,San Luis Obispo,079,281455,2,0,0,0,0
2020-02-28,San Mateo,081,765935,24,0,0,0,0
2020-02-28,Santa Barbara,083,443738,0,0,0,0,0
2020-02-28,Santa Clara,085,1922200,69,3,1,4,0
2020-02-28,Santa Cruz,087,273765,8,0,0,0,0
2020-02-28,Shasta,089,179085,2,0,0,0,0
2020-02-28,Sierra,091,2930,0,0,0,0,0
2020-02-28,Siskiyou,093,43540,0,0,0,0,0
2020-02-28,Solano,095,438530,17,23,0,23,0
2020-02-28,Sonoma,097,501317,6,0,0,0,0
2020-02-28,Stanislaus,099,539301,2,0,2,2,0
2020-02-28,Sutter,101,95872,0,0,0,0,0
2020-02-28,Tehama,103,63373,0,0,0,0,0
2020-02-28,Trinity,105,12862,0,0,0,0,0
2020-02-28,Tulare,107,460477,3,0,0,0,0
2020-02-28,Tuolumne,109,53932,0,0,0,0,0
2020-02-28,Ventura,111,848112,6,0,0,0,0
2020-02-28,Yolo,113,214977,2,0,0,0,0
2020-02-28,Yuba,115,75493,0,0,0,0,0
2020-02-27,Alameda,001,1643700,13,0,0,0,0
2020-02-27,Alpine,003,1148,0,0,0,0,0
2020-02-27,Amador,005,37829,0,0,0,0,0
2020-02-27,Butte,007,227075,0,0,0,0,0
2020-02-27,Calaveras,009,45235,0,0,0,0,0
2020-02-27,Colusa,011,21464,0,0,0,0,0
2020-02-27,Contra Costa,013,1133247,14,0,0,0,0
2020-02-27,Del Norte,015,27424,0,0,0,0,0
2020-02-27,El Dorado,017,186661,0,0,0,0,0
2020-02-27,Fresno,019,978130,0,0,0,0,0
2020-02-27,Glenn,021,27897,0,0,0,0,0
2020-02-27,Humboldt,023,135768,1,1,0,1,0
2020-02-27,Imperial,025,180216,3,0,0,0,0
2020-02-27,Inyo,027,18085,0,0,0,0,0
2020-02-27,Kern,029,883053,2,0,0,0,0
2020-02-27,Kings,031,150075,3,0,1,1,0
2020-02-27,Lake,033,64148,0,0,0,0,0
2020-02-27,Lassen,035,31185,0,0,0,0,0
2020-02-27,Los Angeles,037,10098052,90,1,9,10,0
2020-02-27,Madera,039,155013,2,0,0,0,0
2020-02-27,Marin,041,260295,1,0,0,0,0
2020-02-27,Mariposa,043,17540,0,0,0,0,0
2020-02-27,Mendocino,045,87422,0,0,0,0,0
2020-02-27,Merced,047,269075,1,0,0,0,0
2020-02-27,Modoc,049,8938,0,0,0,0,0
2020-02-27,Mono,051,14174,0,0,0,0,0
2020-02-27,Monterey,053,433212,0,0,0,0,0
2020-02-27,Napa,055,140530,1,0,0,0,0
2020-02-27,Nevada,057,99092,0,0,1,1,0
2020-02-27,Orange,059,3164182,48,1,0,1,0
2020-02-27,Placer,061,380077,6,0,0,0,0
2020-02-27,Plumas,063,18699,0,0,0,0,0
2020-02-27,Riverside,065,2383286,12,0,1,1,0
2020-02-27,Sacramento,067,1510023,10,1,0,1,0
2020-02-27,San Benito,069,59416,0,2,0,2,0
2020-02-27,San Bernardino,071,2135413,23,0,0,0,0
2020-02-27,San Diego,073,3302833,12,2,0,2,0
2020-02-27,San Francisco,075,870044,9,0,0,0,0
2020-02-27,San Joaquin,077,732212,5,0,3,3,0
2020-02-27,San Luis Obispo,079,281455,2,0,0,0,0
2020-02-27,San Mateo,081,765935,20,0,0,0,0
2020-02-27,Santa Barbara,083,443738,0,0,0,0,0
2020-02-27,Santa Clara,085,1922200,58,2,1,3,0
2020-02-27,Santa Cruz,087,273765,6,0,0,0,0
2020-02-27,Shasta,089,179085,0,0,0,0,0
2020-02-27,Sierra,091,2930,0,0,0,0,0
2020-02-27,Siskiyou,093,43540,0,0,0,0,0
2020-02-27,Solano,095,438530,17,23,0,23,0
2020-02-27,Sonoma,097,501317,5,0,0,0,0
2020-02-27,Stanislaus,099,539301,2,0,2,2,0
2020-02-27,Sutter,101,95872,0,0,0,0,0
2020-02-27,Tehama,103,63373,0,0,0,0,0
2020-02-27,Trinity,105,12862,0,0,0,0,0
2020-02-27,Tulare,107,460477,3,0,0,0,0
2020-02-27,Tuolumne,109,53932,0,0,0,0,0
2020-02-27,Ventura,111,848112,4,0,0,0,0
2020-02-27,Yolo,113,214977,2,0,0,0,0
2020-02-27,Yuba,115,75493,0,0,0,0,0
2020-02-26,Alameda,001,1643700,13,0,0,0,0
2020-02-26,Alpine,003,1148,0,0,0,0,0
2020-02-26,Amador,005,37829,0,0,0,0,0
2020-02-26,Butte,007,227075,0,0,0,0,0
2020-02-26,Calaveras,009,45235,0,0,0,0,0
2020-02-26,Colusa,011,21464,0,0,0,0,0
2020-02-26,Contra Costa,013,1133247,13,0,0,0,0
2020-02-26,Del Norte,015,27424,0,0,0,0,0
2020-02-26,El Dorado,017,186661,0,0,0,0,0
2020-02-26,Fresno,019,978130,0,0,0,0,0
2020-02-26,Glenn,021,27897,0,0,0,0,0
2020-02-26,Humboldt,023,135768,1,1,0,1,0
2020-02-26,Imperial,025,180216,3,0,0,0,0
2020-02-26,Inyo,027,18085,0,0,0,0,0
2020-02-26,Kern,029,883053,2,0,0,0,0
2020-02-26,Kings,031,150075,3,0,1,1,0
2020-02-26,Lake,033,64148,0,0,0,0,0
2020-02-26,Lassen,035,31185,0,0,0,0,0
2020-02-26,Los Angeles,037,10098052,84,1,9,10,0
2020-02-26,Madera,039,155013,2,0,0,0,0
2020-02-26,Marin,041,260295,1,0,0,0,0
2020-02-26,Mariposa,043,17540,0,0,0,0,0
2020-02-26,Mendocino,045,87422,0,0,0,0,0
2020-02-26,Merced,047,269075,1,0,0,0,0
2020-02-26,Modoc,049,8938,0,0,0,0,0
2020-02-26,Mono,051,14174,0,0,0,0,0
2020-02-26,Monterey,053,433212,0,0,0,0,0
2020-02-26,Napa,055,140530,0,0,0,0,0
2020-02-26,Nevada,057,99092,0,0,1,1,0
2020-02-26,Orange,059,3164182,47,1,0,1,0
2020-02-26,Placer,061,380077,5,0,0,0,0
2020-02-26,Plumas,063,18699,0,0,0,0,0
2020-02-26,Riverside,065,2383286,10,0,1,1,0
2020-02-26,Sacramento,067,1510023,10,1,0,1,0
2020-02-26,San Benito,069,59416,0,2,0,2,0
2020-02-26,San Bernardino,071,2135413,21,0,0,0,0
2020-02-26,San Diego,073,3302833,11,2,0,2,0
2020-02-26,San Francisco,075,870044,9,0,0,0,0
2020-02-26,San Joaquin,077,732212,5,0,3,3,0
2020-02-26,San Luis Obispo,079,281455,2,0,0,0,0
2020-02-26,San Mateo,081,765935,18,0,0,0,0
2020-02-26,Santa Barbara,083,443738,0,0,0,0,0
2020-02-26,Santa Clara,085,1922200,49,2,1,3,0
2020-02-26,Santa Cruz,087,273765,6,0,0,0,0
2020-02-26,Shasta,089,179085,0,0,0,0,0
2020-02-26,Sierra,091,2930,0,0,0,0,0
2020-02-26,Siskiyou,093,43540,0,0,0,0,0
2020-02-26,Solano,095,438530,17,23,0,23,0
2020-02-26,Sonoma,097,501317,5,0,0,0,0
2020-02-26,Stanislaus,099,539301,2,0,2,2,0
2020-02-26,Sutter,101,95872,0,0,0,0,0
2020-02-26,Tehama,103,63373,0,0,0,0,0
2020-02-26,Trinity,105,12862,0,0,0,0,0
2020-02-26,Tulare,107,460477,3,0,0,0,0
2020-02-26,Tuolumne,109,53932,0,0,0,0,0
2020-02-26,Ventura,111,848112,4,0,0,0,0
2020-02-26,Yolo,113,214977,2,0,0,0,0
2020-02-26,Yuba,115,75493,0,0,0,0,0
2020-02-25,Alameda,001,1643700,13,0,0,0,0
2020-02-25,Alpine,003,1148,0,0,0,0,0
2020-02-25,Amador,005,37829,0,0,0,0,0
2020-02-25,Butte,007,227075,0,0,0,0,0
2020-02-25,Calaveras,009,45235,0,0,0,0,0
2020-02-25,Colusa,011,21464,0,0,0,0,0
2020-02-25,Contra Costa,013,1133247,11,0,0,0,0
2020-02-25,Del Norte,015,27424,0,0,0,0,0
2020-02-25,El Dorado,017,186661,0,0,0,0,0
2020-02-25,Fresno,019,978130,0,0,0,0,0
2020-02-25,Glenn,021,27897,0,0,0,0,0
2020-02-25,Humboldt,023,135768,1,1,0,1,0
2020-02-25,Imperial,025,180216,3,0,0,0,0
2020-02-25,Inyo,027,18085,0,0,0,0,0
2020-02-25,Kern,029,883053,2,0,0,0,0
2020-02-25,Kings,031,150075,3,0,1,1,0
2020-02-25,Lake,033,64148,0,0,0,0,0
2020-02-25,Lassen,035,31185,0,0,0,0,0
2020-02-25,Los Angeles,037,10098052,72,1,9,10,0
2020-02-25,Madera,039,155013,2,0,0,0,0
2020-02-25,Marin,041,260295,1,0,0,0,0
2020-02-25,Mariposa,043,17540,0,0,0,0,0
2020-02-25,Mendocino,045,87422,0,0,0,0,0
2020-02-25,Merced,047,269075,0,0,0,0,0
2020-02-25,Modoc,049,8938,0,0,0,0,0
2020-02-25,Mono,051,14174,0,0,0,0,0
2020-02-25,Monterey,053,433212,0,0,0,0,0
2020-02-25,Napa,055,140530,0,0,0,0,0
2020-02-25,Nevada,057,99092,0,0,1,1,0
2020-02-25,Orange,059,3164182,46,1,0,1,0
2020-02-25,Placer,061,380077,5,0,0,0,0
2020-02-25,Plumas,063,18699,0,0,0,0,0
2020-02-25,Riverside,065,2383286,10,0,1,1,0
2020-02-25,Sacramento,067,1510023,8,1,0,1,0
2020-02-25,San Benito,069,59416,0,2,0,2,0
2020-02-25,San Bernardino,071,2135413,19,0,0,0,0
2020-02-25,San Diego,073,3302833,7,2,0,2,0
2020-02-25,San Francisco,075,870044,7,0,0,0,0
2020-02-25,San Joaquin,077,732212,5,0,2,2,0
2020-02-25,San Luis Obispo,079,281455,2,0,0,0,0
2020-02-25,San Mateo,081,765935,17,0,0,0,0
2020-02-25,Santa Barbara,083,443738,0,0,0,0,0
2020-02-25,Santa Clara,085,1922200,40,2,1,3,0
2020-02-25,Santa Cruz,087,273765,5,0,0,0,0
2020-02-25,Shasta,089,179085,0,0,0,0,0
2020-02-25,Sierra,091,2930,0,0,0,0,0
2020-02-25,Siskiyou,093,43540,0,0,0,0,0
2020-02-25,Solano,095,438530,16,21,0,21,0
2020-02-25,Sonoma,097,501317,5,0,0,0,0
2020-02-25,Stanislaus,099,539301,2,0,2,2,0
2020-02-25,Sutter,101,95872,0,0,0,0,0
2020-02-25,Tehama,103,63373,0,0,0,0,0
2020-02-25,Trinity,105,12862,0,0,0,0,0
2020-02-25,Tulare,107,460477,3,0,0,0,0
2020-02-25,Tuolumne,109,53932,0,0,0,0,0
2020-02-25,Ventura,111,848112,4,0,0,0,0
2020-02-25,Yolo,113,214977,2,0,0,0,0
2020-02-25,Yuba,115,75493,0,0,0,0,0
2020-02-24,Alameda,001,1643700,13,0,0,0,0
2020-02-24,Alpine,003,1148,0,0,0,0,0
2020-02-24,Amador,005,37829,0,0,0,0,0
2020-02-24,Butte,007,227075,0,0,0,0,0
2020-02-24,Calaveras,009,45235,0,0,0,0,0
2020-02-24,Colusa,011,21464,0,0,0,0,0
2020-02-24,Contra Costa,013,1133247,9,0,0,0,0
2020-02-24,Del Norte,015,27424,0,0,0,0,0
2020-02-24,El Dorado,017,186661,0,0,0,0,0
2020-02-24,Fresno,019,978130,0,0,0,0,0
2020-02-24,Glenn,021,27897,0,0,0,0,0
2020-02-24,Humboldt,023,135768,1,1,0,1,0
2020-02-24,Imperial,025,180216,3,0,0,0,0
2020-02-24,Inyo,027,18085,0,0,0,0,0
2020-02-24,Kern,029,883053,2,0,0,0,0
2020-02-24,Kings,031,150075,3,0,1,1,0
2020-02-24,Lake,033,64148,0,0,0,0,0
2020-02-24,Lassen,035,31185,0,0,0,0,0
2020-02-24,Los Angeles,037,10098052,67,1,9,10,0
2020-02-24,Madera,039,155013,1,0,0,0,0
2020-02-24,Marin,041,260295,1,0,0,0,0
2020-02-24,Mariposa,043,17540,0,0,0,0,0
2020-02-24,Mendocino,045,87422,0,0,0,0,0
2020-02-24,Merced,047,269075,0,0,0,0,0
2020-02-24,Modoc,049,8938,0,0,0,0,0
2020-02-24,Mono,051,14174,0,0,0,0,0
2020-02-24,Monterey,053,433212,0,0,0,0,0
2020-02-24,Napa,055,140530,0,0,0,0,0
2020-02-24,Nevada,057,99092,0,0,1,1,0
2020-02-24,Orange,059,3164182,44,1,0,1,0
2020-02-24,Placer,061,380077,3,0,0,0,0
2020-02-24,Plumas,063,18699,0,0,0,0,0
2020-02-24,Riverside,065,2383286,9,0,1,1,0
2020-02-24,Sacramento,067,1510023,7,1,0,1,0
2020-02-24,San Benito,069,59416,0,2,0,2,0
2020-02-24,San Bernardino,071,2135413,19,0,0,0,0
2020-02-24,San Diego,073,3302833,7,2,0,2,0
2020-02-24,San Francisco,075,870044,6,0,0,0,0
2020-02-24,San Joaquin,077,732212,5,0,1,1,0
2020-02-24,San Luis Obispo,079,281455,2,0,0,0,0
2020-02-24,San Mateo,081,765935,13,0,0,0,0
2020-02-24,Santa Barbara,083,443738,0,0,0,0,0
2020-02-24,Santa Clara,085,1922200,38,2,1,3,0
2020-02-24,Santa Cruz,087,273765,5,0,0,0,0
2020-02-24,Shasta,089,179085,0,0,0,0,0
2020-02-24,Sierra,091,2930,0,0,0,0,0
2020-02-24,Siskiyou,093,43540,0,0,0,0,0
2020-02-24,Solano,095,438530,13,15,0,15,0
2020-02-24,Sonoma,097,501317,5,0,0,0,0
2020-02-24,Stanislaus,099,539301,2,0,2,2,0
2020-02-24,Sutter,101,95872,0,0,0,0,0
2020-02-24,Tehama,103,63373,0,0,0,0,0
2020-02-24,Trinity,105,12862,0,0,0,0,0
2020-02-24,Tulare,107,460477,3,0,0,0,0
2020-02-24,Tuolumne,109,53932,0,0,0,0,0
2020-02-24,Ventura,111,848112,4,0,0,0,0
2020-02-24,Yolo,113,214977,2,0,0,0,0
2020-02-24,Yuba,115,75493,0,0,0,0,0
2020-02-23,Alameda,001,1643700,11,0,0,0,0
2020-02-23,Alpine,003,1148,0,0,0,0,0
2020-02-23,Amador,005,37829,0,0,0,0,0
2020-02-23,Butte,007,227075,0,0,0,0,0
2020-02-23,Calaveras,009,45235,0,0,0,0,0
2020-02-23,Colusa,011,21464,0,0,0,0,0
2020-02-23,Contra Costa,013,1133247,6,0,0,0,0
2020-02-23,Del Norte,015,27424,0,0,0,0,0
2020-02-23,El Dorado,017,186661,0,0,0,0,0
2020-02-23,Fresno,019,978130,0,0,0,0,0
2020-02-23,Glenn,021,27897,0,0,0,0,0
2020-02-23,Humboldt,023,135768,1,1,0,1,0
2020-02-23,Imperial,025,180216,3,0,0,0,0
2020-02-23,Inyo,027,18085,0,0,0,0,0
2020-02-23,Kern,029,883053,2,0,0,0,0
2020-02-23,Kings,031,150075,3,0,1,1,0
2020-02-23,Lake,033,64148,0,0,0,0,0
2020-02-23,Lassen,035,31185,0,0,0,0,0
2020-02-23,Los Angeles,037,10098052,59,1,9,10,0
2020-02-23,Madera,039,155013,1,0,0,0,0
2020-02-23,Marin,041,260295,1,0,0,0,0
2020-02-23,Mariposa,043,17540,0,0,0,0,0
2020-02-23,Mendocino,045,87422,0,0,0,0,0
2020-02-23,Merced,047,269075,0,0,0,0,0
2020-02-23,Modoc,049,8938,0,0,0,0,0
2020-02-23,Mono,051,14174,0,0,0,0,0
2020-02-23,Monterey,053,433212,0,0,0,0,0
2020-02-23,Napa,055,140530,0,0,0,0,0
2020-02-23,Nevada,057,99092,0,0,1,1,0
2020-02-23,Orange,059,3164182,44,1,0,1,0
2020-02-23,Placer,061,380077,3,0,0,0,0
2020-02-23,Plumas,063,18699,0,0,0,0,0
2020-02-23,Riverside,065,2383286,9,0,0,0,0
2020-02-23,Sacramento,067,1510023,6,1,0,1,0
2020-02-23,San Benito,069,59416,0,2,0,2,0
2020-02-23,San Bernardino,071,2135413,18,0,0,0,0
2020-02-23,San Diego,073,3302833,6,2,0,2,0
2020-02-23,San Francisco,075,870044,5,0,0,0,0
2020-02-23,San Joaquin,077,732212,4,0,1,1,0
2020-02-23,San Luis Obispo,079,281455,2,0,0,0,0
2020-02-23,San Mateo,081,765935,10,0,0,0,0
2020-02-23,Santa Barbara,083,443738,0,0,0,0,0
2020-02-23,Santa Clara,085,1922200,26,2,1,3,0
2020-02-23,Santa Cruz,087,273765,2,0,0,0,0
2020-02-23,Shasta,089,179085,0,0,0,0,0
2020-02-23,Sierra,091,2930,0,0,0,0,0
2020-02-23,Siskiyou,093,43540,0,0,0,0,0
2020-02-23,Solano,095,438530,11,15,0,15,0
2020-02-23,Sonoma,097,501317,5,0,0,0,0
2020-02-23,Stanislaus,099,539301,2,0,2,2,0
2020-02-23,Sutter,101,95872,0,0,0,0,0
2020-02-23,Tehama,103,63373,0,0,0,0,0
2020-02-23,Trinity,105,12862,0,0,0,0,0
2020-02-23,Tulare,107,460477,2,0,0,0,0
2020-02-23,Tuolumne,109,53932,0,0,0,0,0
2020-02-23,Ventura,111,848112,4,0,0,0,0
2020-02-23,Yolo,113,214977,2,0,0,0,0
2020-02-23,Yuba,115,75493,0,0,0,0,0
2020-02-22,Alameda,001,1643700,10,0,0,0,0
2020-02-22,Alpine,003,1148,0,0,0,0,0
2020-02-22,Amador,005,37829,0,0,0,0,0
2020-02-22,Butte,007,227075,0,0,0,0,0
2020-02-22,Calaveras,009,45235,0,0,0,0,0
2020-02-22,Colusa,011,21464,0,0,0,0,0
2020-02-22,Contra Costa,013,1133247,5,0,0,0,0
2020-02-22,Del Norte,015,27424,0,0,0,0,0
2020-02-22,El Dorado,017,186661,0,0,0,0,0
2020-02-22,Fresno,019,978130,0,0,0,0,0
2020-02-22,Glenn,021,27897,0,0,0,0,0
2020-02-22,Humboldt,023,135768,1,1,0,1,0
2020-02-22,Imperial,025,180216,2,0,0,0,0
2020-02-22,Inyo,027,18085,0,0,0,0,0
2020-02-22,Kern,029,883053,2,0,0,0,0
2020-02-22,Kings,031,150075,3,0,1,1,0
2020-02-22,Lake,033,64148,0,0,0,0,0
2020-02-22,Lassen,035,31185,0,0,0,0,0
2020-02-22,Los Angeles,037,10098052,57,1,9,10,0
2020-02-22,Madera,039,155013,0,0,0,0,0
2020-02-22,Marin,041,260295,1,0,0,0,0
2020-02-22,Mariposa,043,17540,0,0,0,0,0
2020-02-22,Mendocino,045,87422,0,0,0,0,0
2020-02-22,Merced,047,269075,0,0,0,0,0
2020-02-22,Modoc,049,8938,0,0,0,0,0
2020-02-22,Mono,051,14174,0,0,0,0,0
2020-02-22,Monterey,053,433212,0,0,0,0,0
2020-02-22,Napa,055,140530,0,0,0,0,0
2020-02-22,Nevada,057,99092,0,0,1,1,0
2020-02-22,Orange,059,3164182,43,1,0,1,0
2020-02-22,Placer,061,380077,3,0,0,0,0
2020-02-22,Plumas,063,18699,0,0,0,0,0
2020-02-22,Riverside,065,2383286,9,0,0,0,0
2020-02-22,Sacramento,067,1510023,6,1,0,1,0
2020-02-22,San Benito,069,59416,0,2,0,2,0
2020-02-22,San Bernardino,071,2135413,16,0,0,0,0
2020-02-22,San Diego,073,3302833,5,2,0,2,0
2020-02-22,San Francisco,075,870044,3,0,0,0,0
2020-02-22,San Joaquin,077,732212,4,0,1,1,0
2020-02-22,San Luis Obispo,079,281455,2,0,0,0,0
2020-02-22,San Mateo,081,765935,8,0,0,0,0
2020-02-22,Santa Barbara,083,443738,0,0,0,0,0
2020-02-22,Santa Clara,085,1922200,23,2,1,3,0
2020-02-22,Santa Cruz,087,273765,2,0,0,0,0
2020-02-22,Shasta,089,179085,0,0,0,0,0
2020-02-22,Sierra,091,2930,0,0,0,0,0
2020-02-22,Siskiyou,093,43540,0,0,0,0,0
2020-02-22,Solano,095,438530,11,11,0,11,0
2020-02-22,Sonoma,097,501317,4,0,0,0,0
2020-02-22,Stanislaus,099,539301,2,0,2,2,0
2020-02-22,Sutter,101,95872,0,0,0,0,0
2020-02-22,Tehama,103,63373,0,0,0,0,0
2020-02-22,Trinity,105,12862,0,0,0,0,0
2020-02-22,Tulare,107,460477,2,0,0,0,0
2020-02-22,Tuolumne,109,53932,0,0,0,0,0
2020-02-22,Ventura,111,848112,4,0,0,0,0
2020-02-22,Yolo,113,214977,1,0,0,0,0
2020-02-22,Yuba,115,75493,0,0,0,0,0
2020-02-21,Alameda,001,1643700,9,0,0,0,0
2020-02-21,Alpine,003,1148,0,0,0,0,0
2020-02-21,Amador,005,37829,0,0,0,0,0
2020-02-21,Butte,007,227075,0,0,0,0,0
2020-02-21,Calaveras,009,45235,0,0,0,0,0
2020-02-21,Colusa,011,21464,0,0,0,0,0
2020-02-21,Contra Costa,013,1133247,4,0,0,0,0
2020-02-21,Del Norte,015,27424,0,0,0,0,0
2020-02-21,El Dorado,017,186661,0,0,0,0,0
2020-02-21,Fresno,019,978130,0,0,0,0,0
2020-02-21,Glenn,021,27897,0,0,0,0,0
2020-02-21,Humboldt,023,135768,1,1,0,1,0
2020-02-21,Imperial,025,180216,2,0,0,0,0
2020-02-21,Inyo,027,18085,0,0,0,0,0
2020-02-21,Kern,029,883053,2,0,0,0,0
2020-02-21,Kings,031,150075,3,0,1,1,0
2020-02-21,Lake,033,64148,0,0,0,0,0
2020-02-21,Lassen,035,31185,0,0,0,0,0
2020-02-21,Los Angeles,037,10098052,53,1,9,10,0
2020-02-21,Madera,039,155013,0,0,0,0,0
2020-02-21,Marin,041,260295,1,0,0,0,0
2020-02-21,Mariposa,043,17540,0,0,0,0,0
2020-02-21,Mendocino,045,87422,0,0,0,0,0
2020-02-21,Merced,047,269075,0,0,0,0,0
2020-02-21,Modoc,049,8938,0,0,0,0,0
2020-02-21,Mono,051,14174,0,0,0,0,0
2020-02-21,Monterey,053,433212,0,0,0,0,0
2020-02-21,Napa,055,140530,0,0,0,0,0
2020-02-21,Nevada,057,99092,0,0,1,1,0
2020-02-21,Orange,059,3164182,41,1,0,1,0
2020-02-21,Placer,061,380077,2,0,0,0,0
2020-02-21,Plumas,063,18699,0,0,0,0,0
2020-02-21,Riverside,065,2383286,9,0,0,0,0
2020-02-21,Sacramento,067,1510023,5,1,0,1,0
2020-02-21,San Benito,069,59416,0,2,0,2,0
2020-02-21,San Bernardino,071,2135413,15,0,0,0,0
2020-02-21,San Diego,073,3302833,5,2,0,2,0
2020-02-21,San Francisco,075,870044,3,0,0,0,0
2020-02-21,San Joaquin,077,732212,2,0,1,1,0
2020-02-21,San Luis Obispo,079,281455,2,0,0,0,0
2020-02-21,San Mateo,081,765935,8,0,0,0,0
2020-02-21,Santa Barbara,083,443738,0,0,0,0,0
2020-02-21,Santa Clara,085,1922200,21,2,1,3,0
2020-02-21,Santa Cruz,087,273765,2,0,0,0,0
2020-02-21,Shasta,089,179085,0,0,0,0,0
2020-02-21,Sierra,091,2930,0,0,0,0,0
2020-02-21,Siskiyou,093,43540,0,0,0,0,0
2020-02-21,Solano,095,438530,10,11,0,11,0
2020-02-21,Sonoma,097,501317,3,0,0,0,0
2020-02-21,Stanislaus,099,539301,2,0,2,2,0
2020-02-21,Sutter,101,95872,0,0,0,0,0
2020-02-21,Tehama,103,63373,0,0,0,0,0
2020-02-21,Trinity,105,12862,0,0,0,0,0
2020-02-21,Tulare,107,460477,2,0,0,0,0
2020-02-21,Tuolumne,109,53932,0,0,0,0,0
2020-02-21,Ventura,111,848112,4,0,0,0,0
2020-02-21,Yolo,113,214977,1,0,0,0,0
2020-02-21,Yuba,115,75493,0,0,0,0,0
2020-02-20,Alameda,001,1643700,7,0,0,0,0
2020-02-20,Alpine,003,1148,0,0,0,0,0
2020-02-20,Amador,005,37829,0,0,0,0,0
2020-02-20,Butte,007,227075,0,0,0,0,0
2020-02-20,Calaveras,009,45235,0,0,0,0,0
2020-02-20,Colusa,011,21464,0,0,0,0,0
2020-02-20,Contra Costa,013,1133247,3,0,0,0,0
2020-02-20,Del Norte,015,27424,0,0,0,0,0
2020-02-20,El Dorado,017,186661,0,0,0,0,0
2020-02-20,Fresno,019,978130,0,0,0,0,0
2020-02-20,Glenn,021,27897,0,0,0,0,0
2020-02-20,Humboldt,023,135768,1,1,0,1,0
2020-02-20,Imperial,025,180216,2,0,0,0,0
2020-02-20,Inyo,027,18085,0,0,0,0,0
2020-02-20,Kern,029,883053,2,0,0,0,0
2020-02-20,Kings,031,150075,3,0,1,1,0
2020-02-20,Lake,033,64148,0,0,0,0,0
2020-02-20,Lassen,035,31185,0,0,0,0,0
2020-02-20,Los Angeles,037,10098052,52,1,8,9,0
2020-02-20,Madera,039,155013,0,0,0,0,0
2020-02-20,Marin,041,260295,0,0,0,0,0
2020-02-20,Mariposa,043,17540,0,0,0,0,0
2020-02-20,Mendocino,045,87422,0,0,0,0,0
2020-02-20,Merced,047,269075,0,0,0,0,0
2020-02-20,Modoc,049,8938,0,0,0,0,0
2020-02-20,Mono,051,14174,0,0,0,0,0
2020-02-20,Monterey,053,433212,0,0,0,0,0
2020-02-20,Napa,055,140530,0,0,0,0,0
2020-02-20,Nevada,057,99092,0,0,1,1,0
2020-02-20,Orange,059,3164182,41,1,0,1,0
2020-02-20,Placer,061,380077,2,0,0,0,0
2020-02-20,Plumas,063,18699,0,0,0,0,0
2020-02-20,Riverside,065,2383286,7,0,0,0,0
2020-02-20,Sacramento,067,1510023,2,1,0,1,0
2020-02-20,San Benito,069,59416,0,2,0,2,0
2020-02-20,San Bernardino,071,2135413,14,0,0,0,0
2020-02-20,San Diego,073,3302833,5,2,0,2,0
2020-02-20,San Francisco,075,870044,3,0,0,0,0
2020-02-20,San Joaquin,077,732212,2,0,1,1,0
2020-02-20,San Luis Obispo,079,281455,2,0,0,0,0
2020-02-20,San Mateo,081,765935,7,0,0,0,0
2020-02-20,Santa Barbara,083,443738,0,0,0,0,0
2020-02-20,Santa Clara,085,1922200,17,2,1,3,0
2020-02-20,Santa Cruz,087,273765,2,0,0,0,0
2020-02-20,Shasta,089,179085,0,0,0,0,0
2020-02-20,Sierra,091,2930,0,0,0,0,0
2020-02-20,Siskiyou,093,43540,0,0,0,0,0
2020-02-20,Solano,095,438530,8,7,0,7,0
2020-02-20,Sonoma,097,501317,2,0,0,0,0
2020-02-20,Stanislaus,099,539301,2,0,2,2,0
2020-02-20,Sutter,101,95872,0,0,0,0,0
2020-02-20,Tehama,103,63373,0,0,0,0,0
2020-02-20,Trinity,105,12862,0,0,0,0,0
2020-02-20,Tulare,107,460477,2,0,0,0,0
2020-02-20,Tuolumne,109,53932,0,0,0,0,0
2020-02-20,Ventura,111,848112,4,0,0,0,0
2020-02-20,Yolo,113,214977,1,0,0,0,0
2020-02-20,Yuba,115,75493,0,0,0,0,0
2020-02-19,Alameda,001,1643700,6,0,0,0,0
2020-02-19,Alpine,003,1148,0,0,0,0,0
2020-02-19,Amador,005,37829,0,0,0,0,0
2020-02-19,Butte,007,227075,0,0,0,0,0
2020-02-19,Calaveras,009,45235,0,0,0,0,0
2020-02-19,Colusa,011,21464,0,0,0,0,0
2020-02-19,Contra Costa,013,1133247,3,0,0,0,0
2020-02-19,Del Norte,015,27424,0,0,0,0,0
2020-02-19,El Dorado,017,186661,0,0,0,0,0
2020-02-19,Fresno,019,978130,0,0,0,0,0
2020-02-19,Glenn,021,27897,0,0,0,0,0
2020-02-19,Humboldt,023,135768,1,0,0,0,0
2020-02-19,Imperial,025,180216,2,0,0,0,0
2020-02-19,Inyo,027,18085,0,0,0,0,0
2020-02-19,Kern,029,883053,2,0,0,0,0
2020-02-19,Kings,031,150075,3,0,1,1,0
2020-02-19,Lake,033,64148,0,0,0,0,0
2020-02-19,Lassen,035,31185,0,0,0,0,0
2020-02-19,Los Angeles,037,10098052,49,1,8,9,0
2020-02-19,Madera,039,155013,0,0,0,0,0
2020-02-19,Marin,041,260295,0,0,0,0,0
2020-02-19,Mariposa,043,17540,0,0,0,0,0
2020-02-19,Mendocino,045,87422,0,0,0,0,0
2020-02-19,Merced,047,269075,0,0,0,0,0
2020-02-19,Modoc,049,8938,0,0,0,0,0
2020-02-19,Mono,051,14174,0,0,0,0,0
2020-02-19,Monterey,053,433212,0,0,0,0,0
2020-02-19,Napa,055,140530,0,0,0,0,0
2020-02-19,Nevada,057,99092,0,0,1,1,0
2020-02-19,Orange,059,3164182,40,1,0,1,0
2020-02-19,Placer,061,380077,2,0,0,0,0
2020-02-19,Plumas,063,18699,0,0,0,0,0
2020-02-19,Riverside,065,2383286,5,0,0,0,0
2020-02-19,Sacramento,067,1510023,2,0,0,0,0
2020-02-19,San Benito,069,59416,0,2,0,2,0
2020-02-19,San Bernardino,071,2135413,13,0,0,0,0
2020-02-19,San Diego,073,3302833,4,2,0,2,0
2020-02-19,San Francisco,075,870044,2,0,0,0,0
2020-02-19,San Joaquin,077,732212,2,0,1,1,0
2020-02-19,San Luis Obispo,079,281455,2,0,0,0,0
2020-02-19,San Mateo,081,765935,6,0,0,0,0
2020-02-19,Santa Barbara,083,443738,0,0,0,0,0
2020-02-19,Santa Clara,085,1922200,15,2,1,3,0
2020-02-19,Santa Cruz,087,273765,0,0,0,0,0
2020-02-19,Shasta,089,179085,0,0,0,0,0
2020-02-19,Sierra,091,2930,0,0,0,0,0
2020-02-19,Siskiyou,093,43540,0,0,0,0,0
2020-02-19,Solano,095,438530,5,7,0,7,0
2020-02-19,Sonoma,097,501317,2,0,0,0,0
2020-02-19,Stanislaus,099,539301,1,0,2,2,0
2020-02-19,Sutter,101,95872,0,0,0,0,0
2020-02-19,Tehama,103,63373,0,0,0,0,0
2020-02-19,Trinity,105,12862,0,0,0,0,0
2020-02-19,Tulare,107,460477,2,0,0,0,0
2020-02-19,Tuolumne,109,53932,0,0,0,0,0
2020-02-19,Ventura,111,848112,2,0,0,0,0
2020-02-19,Yolo,113,214977,1,0,0,0,0
2020-02-19,Yuba,115,75493,0,0,0,0,0
2020-02-18,Alameda,001,1643700,6,0,0,0,0
2020-02-18,Alpine,003,1148,0,0,0,0,0
2020-02-18,Amador,005,37829,0,0,0,0,0
2020-02-18,Butte,007,227075,0,0,0,0,0
2020-02-18,Calaveras,009,45235,0,0,0,0,0
2020-02-18,Colusa,011,21464,0,0,0,0,0
2020-02-18,Contra Costa,013,1133247,3,0,0,0,0
2020-02-18,Del Norte,015,27424,0,0,0,0,0
2020-02-18,El Dorado,017,186661,0,0,0,0,0
2020-02-18,Fresno,019,978130,0,0,0,0,0
2020-02-18,Glenn,021,27897,0,0,0,0,0
2020-02-18,Humboldt,023,135768,1,0,0,0,0
2020-02-18,Imperial,025,180216,1,0,0,0,0
2020-02-18,Inyo,027,18085,0,0,0,0,0
2020-02-18,Kern,029,883053,2,0,0,0,0
2020-02-18,Kings,031,150075,3,0,1,1,0
2020-02-18,Lake,033,64148,0,0,0,0,0
2020-02-18,Lassen,035,31185,0,0,0,0,0
2020-02-18,Los Angeles,037,10098052,46,1,7,8,0
2020-02-18,Madera,039,155013,0,0,0,0,0
2020-02-18,Marin,041,260295,0,0,0,0,0
2020-02-18,Mariposa,043,17540,0,0,0,0,0
2020-02-18,Mendocino,045,87422,0,0,0,0,0
2020-02-18,Merced,047,269075,0,0,0,0,0
2020-02-18,Modoc,049,8938,0,0,0,0,0
2020-02-18,Mono,051,14174,0,0,0,0,0
2020-02-18,Monterey,053,433212,0,0,0,0,0
2020-02-18,Napa,055,140530,0,0,0,0,0
2020-02-18,Nevada,057,99092,0,0,1,1,0
2020-02-18,Orange,059,3164182,39,1,0,1,0
2020-02-18,Placer,061,380077,0,0,0,0,0
2020-02-18,Plumas,063,18699,0,0,0,0,0
2020-02-18,Riverside,065,2383286,5,0,0,0,0
2020-02-18,Sacramento,067,1510023,2,0,0,0,0
2020-02-18,San Benito,069,59416,0,2,0,2,0
2020-02-18,San Bernardino,071,2135413,13,0,0,0,0
2020-02-18,San Diego,073,3302833,4,2,0,2,0
2020-02-18,San Francisco,075,870044,2,0,0,0,0
2020-02-18,San Joaquin,077,732212,1,0,1,1,0
2020-02-18,San Luis Obispo,079,281455,2,0,0,0,0
2020-02-18,San Mateo,081,765935,5,0,0,0,0
2020-02-18,Santa Barbara,083,443738,0,0,0,0,0
2020-02-18,Santa Clara,085,1922200,14,2,1,3,0
2020-02-18,Santa Cruz,087,273765,0,0,0,0,0
2020-02-18,Shasta,089,179085,0,0,0,0,0
2020-02-18,Sierra,091,2930,0,0,0,0,0
2020-02-18,Siskiyou,093,43540,0,0,0,0,0
2020-02-18,Solano,095,438530,5,7,0,7,0
2020-02-18,Sonoma,097,501317,1,0,0,0,0
2020-02-18,Stanislaus,099,539301,1,0,2,2,0
2020-02-18,Sutter,101,95872,0,0,0,0,0
2020-02-18,Tehama,103,63373,0,0,0,0,0
2020-02-18,Trinity,105,12862,0,0,0,0,0
2020-02-18,Tulare,107,460477,2,0,0,0,0
2020-02-18,Tuolumne,109,53932,0,0,0,0,0
2020-02-18,Ventura,111,848112,2,0,0,0,0
2020-02-18,Yolo,113,214977,1,0,0,0,0
2020-02-18,Yuba,115,75493,0,0,0,0,0
2020-02-17,Alameda,001,1643700,6,0,0,0,0
2020-02-17,Alpine,003,1148,0,0,0,0,0
2020-02-17,Amador,005,37829,0,0,0,0,0
2020-02-17,Butte,007,227075,0,0,0,0,0
2020-02-17,Calaveras,009,45235,0,0,0,0,0
2020-02-17,Colusa,011,21464,0,0,0,0,0
2020-02-17,Contra Costa,013,1133247,3,0,0,0,0
2020-02-17,Del Norte,015,27424,0,0,0,0,0
2020-02-17,El Dorado,017,186661,0,0,0,0,0
2020-02-17,Fresno,019,978130,0,0,0,0,0
2020-02-17,Glenn,021,27897,0,0,0,0,0
2020-02-17,Humboldt,023,135768,1,0,0,0,0
2020-02-17,Imperial,025,180216,1,0,0,0,0
2020-02-17,Inyo,027,18085,0,0,0,0,0
2020-02-17,Kern,029,883053,2,0,0,0,0
2020-02-17,Kings,031,150075,3,0,0,0,0
2020-02-17,Lake,033,64148,0,0,0,0,0
2020-02-17,Lassen,035,31185,0,0,0,0,0
2020-02-17,Los Angeles,037,10098052,43,1,6,7,0
2020-02-17,Madera,039,155013,0,0,0,0,0
2020-02-17,Marin,041,260295,0,0,0,0,0
2020-02-17,Mariposa,043,17540,0,0,0,0,0
2020-02-17,Mendocino,045,87422,0,0,0,0,0
2020-02-17,Merced,047,269075,0,0,0,0,0
2020-02-17,Modoc,049,8938,0,0,0,0,0
2020-02-17,Mono,051,14174,0,0,0,0,0
2020-02-17,Monterey,053,433212,0,0,0,0,0
2020-02-17,Napa,055,140530,0,0,0,0,0
2020-02-17,Nevada,057,99092,0,0,1,1,0
2020-02-17,Orange,059,3164182,39,1,0,1,0
2020-02-17,Placer,061,380077,0,0,0,0,0
2020-02-17,Plumas,063,18699,0,0,0,0,0
2020-02-17,Riverside,065,2383286,5,0,0,0,0
2020-02-17,Sacramento,067,1510023,2,0,0,0,0
2020-02-17,San Benito,069,59416,0,2,0,2,0
2020-02-17,San Bernardino,071,2135413,11,0,0,0,0
2020-02-17,San Diego,073,3302833,4,2,0,2,0
2020-02-17,San Francisco,075,870044,2,0,0,0,0
2020-02-17,San Joaquin,077,732212,1,0,1,1,0
2020-02-17,San Luis Obispo,079,281455,1,0,0,0,0
2020-02-17,San Mateo,081,765935,5,0,0,0,0
2020-02-17,Santa Barbara,083,443738,0,0,0,0,0
2020-02-17,Santa Clara,085,1922200,12,2,1,3,0
2020-02-17,Santa Cruz,087,273765,0,0,0,0,0
2020-02-17,Shasta,089,179085,0,0,0,0,0
2020-02-17,Sierra,091,2930,0,0,0,0,0
2020-02-17,Siskiyou,093,43540,0,0,0,0,0
2020-02-17,Solano,095,438530,3,5,0,5,0
2020-02-17,Sonoma,097,501317,1,0,0,0,0
2020-02-17,Stanislaus,099,539301,1,0,2,2,0
2020-02-17,Sutter,101,95872,0,0,0,0,0
2020-02-17,Tehama,103,63373,0,0,0,0,0
2020-02-17,Trinity,105,12862,0,0,0,0,0
2020-02-17,Tulare,107,460477,2,0,0,0,0
2020-02-17,Tuolumne,109,53932,0,0,0,0,0
2020-02-17,Ventura,111,848112,2,0,0,0,0
2020-02-17,Yolo,113,214977,1,0,0,0,0
2020-02-17,Yuba,115,75493,0,0,0,0,0
2020-02-16,Alameda,001,1643700,5,0,0,0,0
2020-02-16,Alpine,003,1148,0,0,0,0,0
2020-02-16,Amador,005,37829,0,0,0,0,0
2020-02-16,Butte,007,227075,0,0,0,0,0
2020-02-16,Calaveras,009,45235,0,0,0,0,0
2020-02-16,Colusa,011,21464,0,0,0,0,0
2020-02-16,Contra Costa,013,1133247,3,0,0,0,0
2020-02-16,Del Norte,015,27424,0,0,0,0,0
2020-02-16,El Dorado,017,186661,0,0,0,0,0
2020-02-16,Fresno,019,978130,0,0,0,0,0
2020-02-16,Glenn,021,27897,0,0,0,0,0
2020-02-16,Humboldt,023,135768,1,0,0,0,0
2020-02-16,Imperial,025,180216,1,0,0,0,0
2020-02-16,Inyo,027,18085,0,0,0,0,0
2020-02-16,Kern,029,883053,2,0,0,0,0
2020-02-16,Kings,031,150075,3,0,0,0,0
2020-02-16,Lake,033,64148,0,0,0,0,0
2020-02-16,Lassen,035,31185,0,0,0,0,0
2020-02-16,Los Angeles,037,10098052,37,1,6,7,0
2020-02-16,Madera,039,155013,0,0,0,0,0
2020-02-16,Marin,041,260295,0,0,0,0,0
2020-02-16,Mariposa,043,17540,0,0,0,0,0
2020-02-16,Mendocino,045,87422,0,0,0,0,0
2020-02-16,Merced,047,269075,0,0,0,0,0
2020-02-16,Modoc,049,8938,0,0,0,0,0
2020-02-16,Mono,051,14174,0,0,0,0,0
2020-02-16,Monterey,053,433212,0,0,0,0,0
2020-02-16,Napa,055,140530,0,0,0,0,0
2020-02-16,Nevada,057,99092,0,0,0,0,0
2020-02-16,Orange,059,3164182,38,1,0,1,0
2020-02-16,Placer,061,380077,0,0,0,0,0
2020-02-16,Plumas,063,18699,0,0,0,0,0
2020-02-16,Riverside,065,2383286,5,0,0,0,0
2020-02-16,Sacramento,067,1510023,2,0,0,0,0
2020-02-16,San Benito,069,59416,0,2,0,2,0
2020-02-16,San Bernardino,071,2135413,10,0,0,0,0
2020-02-16,San Diego,073,3302833,4,2,0,2,0
2020-02-16,San Francisco,075,870044,2,0,0,0,0
2020-02-16,San Joaquin,077,732212,1,0,1,1,0
2020-02-16,San Luis Obispo,079,281455,1,0,0,0,0
2020-02-16,San Mateo,081,765935,4,0,0,0,0
2020-02-16,Santa Barbara,083,443738,0,0,0,0,0
2020-02-16,Santa Clara,085,1922200,10,2,1,3,0
2020-02-16,Santa Cruz,087,273765,0,0,0,0,0
2020-02-16,Shasta,089,179085,0,0,0,0,0
2020-02-16,Sierra,091,2930,0,0,0,0,0
2020-02-16,Siskiyou,093,43540,0,0,0,0,0
2020-02-16,Solano,095,438530,1,0,0,0,0
2020-02-16,Sonoma,097,501317,1,0,0,0,0
2020-02-16,Stanislaus,099,539301,1,0,2,2,0
2020-02-16,Sutter,101,95872,0,0,0,0,0
2020-02-16,Tehama,103,63373,0,0,0,0,0
2020-02-16,Trinity,105,12862,0,0,0,0,0
2020-02-16,Tulare,107,460477,2,0,0,0,0
2020-02-16,Tuolumne,109,53932,0,0,0,0,0
2020-02-16,Ventura,111,848112,2,0,0,0,0
2020-02-16,Yolo,113,214977,1,0,0,0,0
2020-02-16,Yuba,115,75493,0,0,0,0,0
2020-02-15,Alameda,001,1643700,5,0,0,0,0
2020-02-15,Alpine,003,1148,0,0,0,0,0
2020-02-15,Amador,005,37829,0,0,0,0,0
2020-02-15,Butte,007,227075,0,0,0,0,0
2020-02-15,Calaveras,009,45235,0,0,0,0,0
2020-02-15,Colusa,011,21464,0,0,0,0,0
2020-02-15,Contra Costa,013,1133247,3,0,0,0,0
2020-02-15,Del Norte,015,27424,0,0,0,0,0
2020-02-15,El Dorado,017,186661,0,0,0,0,0
2020-02-15,Fresno,019,978130,0,0,0,0,0
2020-02-15,Glenn,021,27897,0,0,0,0,0
2020-02-15,Humboldt,023,135768,1,0,0,0,0
2020-02-15,Imperial,025,180216,1,0,0,0,0
2020-02-15,Inyo,027,18085,0,0,0,0,0
2020-02-15,Kern,029,883053,2,0,0,0,0
2020-02-15,Kings,031,150075,3,0,0,0,0
2020-02-15,Lake,033,64148,0,0,0,0,0
2020-02-15,Lassen,035,31185,0,0,0,0,0
2020-02-15,Los Angeles,037,10098052,34,1,6,7,0
2020-02-15,Madera,039,155013,0,0,0,0,0
2020-02-15,Marin,041,260295,0,0,0,0,0
2020-02-15,Mariposa,043,17540,0,0,0,0,0
2020-02-15,Mendocino,045,87422,0,0,0,0,0
2020-02-15,Merced,047,269075,0,0,0,0,0
2020-02-15,Modoc,049,8938,0,0,0,0,0
2020-02-15,Mono,051,14174,0,0,0,0,0
2020-02-15,Monterey,053,433212,0,0,0,0,0
2020-02-15,Napa,055,140530,0,0,0,0,0
2020-02-15,Nevada,057,99092,0,0,0,0,0
2020-02-15,Orange,059,3164182,37,1,0,1,0
2020-02-15,Placer,061,380077,0,0,0,0,0
2020-02-15,Plumas,063,18699,0,0,0,0,0
2020-02-15,Riverside,065,2383286,4,0,0,0,0
2020-02-15,Sacramento,067,1510023,2,0,0,0,0
2020-02-15,San Benito,069,59416,0,2,0,2,0
2020-02-15,San Bernardino,071,2135413,9,0,0,0,0
2020-02-15,San Diego,073,3302833,4,2,0,2,0
2020-02-15,San Francisco,075,870044,2,0,0,0,0
2020-02-15,San Joaquin,077,732212,1,0,1,1,0
2020-02-15,San Luis Obispo,079,281455,1,0,0,0,0
2020-02-15,San Mateo,081,765935,4,0,0,0,0
2020-02-15,Santa Barbara,083,443738,0,0,0,0,0
2020-02-15,Santa Clara,085,1922200,10,2,1,3,0
2020-02-15,Santa Cruz,087,273765,0,0,0,0,0
2020-02-15,Shasta,089,179085,0,0,0,0,0
2020-02-15,Sierra,091,2930,0,0,0,0,0
2020-02-15,Siskiyou,093,43540,0,0,0,0,0
2020-02-15,Solano,095,438530,1,0,0,0,0
2020-02-15,Sonoma,097,501317,0,0,0,0,0
2020-02-15,Stanislaus,099,539301,1,0,2,2,0
2020-02-15,Sutter,101,95872,0,0,0,0,0
2020-02-15,Tehama,103,63373,0,0,0,0,0
2020-02-15,Trinity,105,12862,0,0,0,0,0
2020-02-15,Tulare,107,460477,2,0,0,0,0
2020-02-15,Tuolumne,109,53932,0,0,0,0,0
2020-02-15,Ventura,111,848112,2,0,0,0,0
2020-02-15,Yolo,113,214977,1,0,0,0,0
2020-02-15,Yuba,115,75493,0,0,0,0,0
2020-02-14,Alameda,001,1643700,4,0,0,0,0
2020-02-14,Alpine,003,1148,0,0,0,0,0
2020-02-14,Amador,005,37829,0,0,0,0,0
2020-02-14,Butte,007,227075,0,0,0,0,0
2020-02-14,Calaveras,009,45235,0,0,0,0,0
2020-02-14,Colusa,011,21464,0,0,0,0,0
2020-02-14,Contra Costa,013,1133247,3,0,0,0,0
2020-02-14,Del Norte,015,27424,0,0,0,0,0
2020-02-14,El Dorado,017,186661,0,0,0,0,0
2020-02-14,Fresno,019,978130,0,0,0,0,0
2020-02-14,Glenn,021,27897,0,0,0,0,0
2020-02-14,Humboldt,023,135768,1,0,0,0,0
2020-02-14,Imperial,025,180216,1,0,0,0,0
2020-02-14,Inyo,027,18085,0,0,0,0,0
2020-02-14,Kern,029,883053,2,0,0,0,0
2020-02-14,Kings,031,150075,1,0,0,0,0
2020-02-14,Lake,033,64148,0,0,0,0,0
2020-02-14,Lassen,035,31185,0,0,0,0,0
2020-02-14,Los Angeles,037,10098052,29,1,6,7,0
2020-02-14,Madera,039,155013,0,0,0,0,0
2020-02-14,Marin,041,260295,0,0,0,0,0
2020-02-14,Mariposa,043,17540,0,0,0,0,0
2020-02-14,Mendocino,045,87422,0,0,0,0,0
2020-02-14,Merced,047,269075,0,0,0,0,0
2020-02-14,Modoc,049,8938,0,0,0,0,0
2020-02-14,Mono,051,14174,0,0,0,0,0
2020-02-14,Monterey,053,433212,0,0,0,0,0
2020-02-14,Napa,055,140530,0,0,0,0,0
2020-02-14,Nevada,057,99092,0,0,0,0,0
2020-02-14,Orange,059,3164182,37,1,0,1,0
2020-02-14,Placer,061,380077,0,0,0,0,0
2020-02-14,Plumas,063,18699,0,0,0,0,0
2020-02-14,Riverside,065,2383286,4,0,0,0,0
2020-02-14,Sacramento,067,1510023,1,0,0,0,0
2020-02-14,San Benito,069,59416,0,2,0,2,0
2020-02-14,San Bernardino,071,2135413,9,0,0,0,0
2020-02-14,San Diego,073,3302833,3,2,0,2,0
2020-02-14,San Francisco,075,870044,2,0,0,0,0
2020-02-14,San Joaquin,077,732212,1,0,1,1,0
2020-02-14,San Luis Obispo,079,281455,0,0,0,0,0
2020-02-14,San Mateo,081,765935,3,0,0,0,0
2020-02-14,Santa Barbara,083,443738,0,0,0,0,0
2020-02-14,Santa Clara,085,1922200,8,2,1,3,0
2020-02-14,Santa Cruz,087,273765,0,0,0,0,0
2020-02-14,Shasta,089,179085,0,0,0,0,0
2020-02-14,Sierra,091,2930,0,0,0,0,0
2020-02-14,Siskiyou,093,43540,0,0,0,0,0
2020-02-14,Solano,095,438530,1,0,0,0,0
2020-02-14,Sonoma,097,501317,0,0,0,0,0
2020-02-14,Stanislaus,099,539301,1,0,2,2,0
2020-02-14,Sutter,101,95872,0,0,0,0,0
2020-02-14,Tehama,103,63373,0,0,0,0,0
2020-02-14,Trinity,105,12862,0,0,0,0,0
2020-02-14,Tulare,107,460477,2,0,0,0,0
2020-02-14,Tuolumne,109,53932,0,0,0,0,0
2020-02-14,Ventura,111,848112,2,0,0,0,0
2020-02-14,Yolo,113,214977,1,0,0,0,0
2020-02-14,Yuba,115,75493,0,0,0,0,0
2020-02-13,Alameda,001,1643700,4,0,0,0,0
2020-02-13,Alpine,003,1148,0,0,0,0,0
2020-02-13,Amador,005,37829,0,0,0,0,0
2020-02-13,Butte,007,227075,0,0,0,0,0
2020-02-13,Calaveras,009,45235,0,0,0,0,0
2020-02-13,Colusa,011,21464,0,0,0,0,0
2020-02-13,Contra Costa,013,1133247,3,0,0,0,0
2020-02-13,Del Norte,015,27424,0,0,0,0,0
2020-02-13,El Dorado,017,186661,0,0,0,0,0
2020-02-13,Fresno,019,978130,0,0,0,0,0
2020-02-13,Glenn,021,27897,0,0,0,0,0
2020-02-13,Humboldt,023,135768,1,0,0,0,0
2020-02-13,Imperial,025,180216,1,0,0,0,0
2020-02-13,Inyo,027,18085,0,0,0,0,0
2020-02-13,Kern,029,883053,2,0,0,0,0
2020-02-13,Kings,031,150075,1,0,0,0,0
2020-02-13,Lake,033,64148,0,0,0,0,0
2020-02-13,Lassen,035,31185,0,0,0,0,0
2020-02-13,Los Angeles,037,10098052,25,1,5,6,0
2020-02-13,Madera,039,155013,0,0,0,0,0
2020-02-13,Marin,041,260295,0,0,0,0,0
2020-02-13,Mariposa,043,17540,0,0,0,0,0
2020-02-13,Mendocino,045,87422,0,0,0,0,0
2020-02-13,Merced,047,269075,0,0,0,0,0
2020-02-13,Modoc,049,8938,0,0,0,0,0
2020-02-13,Mono,051,14174,0,0,0,0,0
2020-02-13,Monterey,053,433212,0,0,0,0,0
2020-02-13,Napa,055,140530,0,0,0,0,0
2020-02-13,Nevada,057,99092,0,0,0,0,0
2020-02-13,Orange,059,3164182,36,1,0,1,0
2020-02-13,Placer,061,380077,0,0,0,0,0
2020-02-13,Plumas,063,18699,0,0,0,0,0
2020-02-13,Riverside,065,2383286,4,0,0,0,0
2020-02-13,Sacramento,067,1510023,1,0,0,0,0
2020-02-13,San Benito,069,59416,0,2,0,2,0
2020-02-13,San Bernardino,071,2135413,8,0,0,0,0
2020-02-13,San Diego,073,3302833,2,2,0,2,0
2020-02-13,San Francisco,075,870044,2,0,0,0,0
2020-02-13,San Joaquin,077,732212,1,0,1,1,0
2020-02-13,San Luis Obispo,079,281455,0,0,0,0,0
2020-02-13,San Mateo,081,765935,2,0,0,0,0
2020-02-13,Santa Barbara,083,443738,0,0,0,0,0
2020-02-13,Santa Clara,085,1922200,7,2,0,2,0
2020-02-13,Santa Cruz,087,273765,0,0,0,0,0
2020-02-13,Shasta,089,179085,0,0,0,0,0
2020-02-13,Sierra,091,2930,0,0,0,0,0
2020-02-13,Siskiyou,093,43540,0,0,0,0,0
2020-02-13,Solano,095,438530,0,0,0,0,0
2020-02-13,Sonoma,097,501317,0,0,0,0,0
2020-02-13,Stanislaus,099,539301,1,0,1,1,0
2020-02-13,Sutter,101,95872,0,0,0,0,0
2020-02-13,Tehama,103,63373,0,0,0,0,0
2020-02-13,Trinity,105,12862,0,0,0,0,0
2020-02-13,Tulare,107,460477,2,0,0,0,0
2020-02-13,Tuolumne,109,53932,0,0,0,0,0
2020-02-13,Ventura,111,848112,2,0,0,0,0
2020-02-13,Yolo,113,214977,1,0,0,0,0
2020-02-13,Yuba,115,75493,0,0,0,0,0
2020-02-12,Alameda,001,1643700,4,0,0,0,0
2020-02-12,Alpine,003,1148,0,0,0,0,0
2020-02-12,Amador,005,37829,0,0,0,0,0
2020-02-12,Butte,007,227075,0,0,0,0,0
2020-02-12,Calaveras,009,45235,0,0,0,0,0
2020-02-12,Colusa,011,21464,0,0,0,0,0
2020-02-12,Contra Costa,013,1133247,3,0,0,0,0
2020-02-12,Del Norte,015,27424,0,0,0,0,0
2020-02-12,El Dorado,017,186661,0,0,0,0,0
2020-02-12,Fresno,019,978130,0,0,0,0,0
2020-02-12,Glenn,021,27897,0,0,0,0,0
2020-02-12,Humboldt,023,135768,1,0,0,0,0
2020-02-12,Imperial,025,180216,1,0,0,0,0
2020-02-12,Inyo,027,18085,0,0,0,0,0
2020-02-12,Kern,029,883053,2,0,0,0,0
2020-02-12,Kings,031,150075,1,0,0,0,0
2020-02-12,Lake,033,64148,0,0,0,0,0
2020-02-12,Lassen,035,31185,0,0,0,0,0
2020-02-12,Los Angeles,037,10098052,24,1,5,6,0
2020-02-12,Madera,039,155013,0,0,0,0,0
2020-02-12,Marin,041,260295,0,0,0,0,0
2020-02-12,Mariposa,043,17540,0,0,0,0,0
2020-02-12,Mendocino,045,87422,0,0,0,0,0
2020-02-12,Merced,047,269075,0,0,0,0,0
2020-02-12,Modoc,049,8938,0,0,0,0,0
2020-02-12,Mono,051,14174,0,0,0,0,0
2020-02-12,Monterey,053,433212,0,0,0,0,0
2020-02-12,Napa,055,140530,0,0,0,0,0
2020-02-12,Nevada,057,99092,0,0,0,0,0
2020-02-12,Orange,059,3164182,36,1,0,1,0
2020-02-12,Placer,061,380077,0,0,0,0,0
2020-02-12,Plumas,063,18699,0,0,0,0,0
2020-02-12,Riverside,065,2383286,4,0,0,0,0
2020-02-12,Sacramento,067,1510023,1,0,0,0,0
2020-02-12,San Benito,069,59416,0,2,0,2,0
2020-02-12,San Bernardino,071,2135413,8,0,0,0,0
2020-02-12,San Diego,073,3302833,2,2,0,2,0
2020-02-12,San Francisco,075,870044,2,0,0,0,0
2020-02-12,San Joaquin,077,732212,1,0,1,1,0
2020-02-12,San Luis Obispo,079,281455,0,0,0,0,0
2020-02-12,San Mateo,081,765935,2,0,0,0,0
2020-02-12,Santa Barbara,083,443738,0,0,0,0,0
2020-02-12,Santa Clara,085,1922200,6,2,0,2,0
2020-02-12,Santa Cruz,087,273765,0,0,0,0,0
2020-02-12,Shasta,089,179085,0,0,0,0,0
2020-02-12,Sierra,091,2930,0,0,0,0,0
2020-02-12,Siskiyou,093,43540,0,0,0,0,0
2020-02-12,Solano,095,438530,0,0,0,0,0
2020-02-12,Sonoma,097,501317,0,0,0,0,0
2020-02-12,Stanislaus,099,539301,1,0,1,1,0
2020-02-12,Sutter,101,95872,0,0,0,0,0
2020-02-12,Tehama,103,63373,0,0,0,0,0
2020-02-12,Trinity,105,12862,0,0,0,0,0
2020-02-12,Tulare,107,460477,2,0,0,0,0
2020-02-12,Tuolumne,109,53932,0,0,0,0,0
2020-02-12,Ventura,111,848112,2,0,0,0,0
2020-02-12,Yolo,113,214977,1,0,0,0,0
2020-02-12,Yuba,115,75493,0,0,0,0,0
2020-02-11,Alameda,001,1643700,4,0,0,0,0
2020-02-11,Alpine,003,1148,0,0,0,0,0
2020-02-11,Amador,005,37829,0,0,0,0,0
2020-02-11,Butte,007,227075,0,0,0,0,0
2020-02-11,Calaveras,009,45235,0,0,0,0,0
2020-02-11,Colusa,011,21464,0,0,0,0,0
2020-02-11,Contra Costa,013,1133247,3,0,0,0,0
2020-02-11,Del Norte,015,27424,0,0,0,0,0
2020-02-11,El Dorado,017,186661,0,0,0,0,0
2020-02-11,Fresno,019,978130,0,0,0,0,0
2020-02-11,Glenn,021,27897,0,0,0,0,0
2020-02-11,Humboldt,023,135768,1,0,0,0,0
2020-02-11,Imperial,025,180216,1,0,0,0,0
2020-02-11,Inyo,027,18085,0,0,0,0,0
2020-02-11,Kern,029,883053,2,0,0,0,0
2020-02-11,Kings,031,150075,1,0,0,0,0
2020-02-11,Lake,033,64148,0,0,0,0,0
2020-02-11,Lassen,035,31185,0,0,0,0,0
2020-02-11,Los Angeles,037,10098052,24,1,5,6,0
2020-02-11,Madera,039,155013,0,0,0,0,0
2020-02-11,Marin,041,260295,0,0,0,0,0
2020-02-11,Mariposa,043,17540,0,0,0,0,0
2020-02-11,Mendocino,045,87422,0,0,0,0,0
2020-02-11,Merced,047,269075,0,0,0,0,0
2020-02-11,Modoc,049,8938,0,0,0,0,0
2020-02-11,Mono,051,14174,0,0,0,0,0
2020-02-11,Monterey,053,433212,0,0,0,0,0
2020-02-11,Napa,055,140530,0,0,0,0,0
2020-02-11,Nevada,057,99092,0,0,0,0,0
2020-02-11,Orange,059,3164182,35,1,0,1,0
2020-02-11,Placer,061,380077,0,0,0,0,0
2020-02-11,Plumas,063,18699,0,0,0,0,0
2020-02-11,Riverside,065,2383286,4,0,0,0,0
2020-02-11,Sacramento,067,1510023,1,0,0,0,0
2020-02-11,San Benito,069,59416,0,2,0,2,0
2020-02-11,San Bernardino,071,2135413,8,0,0,0,0
2020-02-11,San Diego,073,3302833,2,1,0,1,0
2020-02-11,San Francisco,075,870044,2,0,0,0,0
2020-02-11,San Joaquin,077,732212,0,0,1,1,0
2020-02-11,San Luis Obispo,079,281455,0,0,0,0,0
2020-02-11,San Mateo,081,765935,2,0,0,0,0
2020-02-11,Santa Barbara,083,443738,0,0,0,0,0
2020-02-11,Santa Clara,085,1922200,5,2,0,2,0
2020-02-11,Santa Cruz,087,273765,0,0,0,0,0
2020-02-11,Shasta,089,179085,0,0,0,0,0
2020-02-11,Sierra,091,2930,0,0,0,0,0
2020-02-11,Siskiyou,093,43540,0,0,0,0,0
2020-02-11,Solano,095,438530,0,0,0,0,0
2020-02-11,Sonoma,097,501317,0,0,0,0,0
2020-02-11,Stanislaus,099,539301,1,0,1,1,0
2020-02-11,Sutter,101,95872,0,0,0,0,0
2020-02-11,Tehama,103,63373,0,0,0,0,0
2020-02-11,Trinity,105,12862,0,0,0,0,0
2020-02-11,Tulare,107,460477,2,0,0,0,0
2020-02-11,Tuolumne,109,53932,0,0,0,0,0
2020-02-11,Ventura,111,848112,2,0,0,0,0
2020-02-11,Yolo,113,214977,1,0,0,0,0
2020-02-11,Yuba,115,75493,0,0,0,0,0
2020-02-10,Alameda,001,1643700,4,0,0,0,0
2020-02-10,Alpine,003,1148,0,0,0,0,0
2020-02-10,Amador,005,37829,0,0,0,0,0
2020-02-10,Butte,007,227075,0,0,0,0,0
2020-02-10,Calaveras,009,45235,0,0,0,0,0
2020-02-10,Colusa,011,21464,0,0,0,0,0
2020-02-10,Contra Costa,013,1133247,3,0,0,0,0
2020-02-10,Del Norte,015,27424,0,0,0,0,0
2020-02-10,El Dorado,017,186661,0,0,0,0,0
2020-02-10,Fresno,019,978130,0,0,0,0,0
2020-02-10,Glenn,021,27897,0,0,0,0,0
2020-02-10,Humboldt,023,135768,0,0,0,0,0
2020-02-10,Imperial,025,180216,1,0,0,0,0
2020-02-10,Inyo,027,18085,0,0,0,0,0
2020-02-10,Kern,029,883053,2,0,0,0,0
2020-02-10,Kings,031,150075,1,0,0,0,0
2020-02-10,Lake,033,64148,0,0,0,0,0
2020-02-10,Lassen,035,31185,0,0,0,0,0
2020-02-10,Los Angeles,037,10098052,22,1,5,6,0
2020-02-10,Madera,039,155013,0,0,0,0,0
2020-02-10,Marin,041,260295,0,0,0,0,0
2020-02-10,Mariposa,043,17540,0,0,0,0,0
2020-02-10,Mendocino,045,87422,0,0,0,0,0
2020-02-10,Merced,047,269075,0,0,0,0,0
2020-02-10,Modoc,049,8938,0,0,0,0,0
2020-02-10,Mono,051,14174,0,0,0,0,0
2020-02-10,Monterey,053,433212,0,0,0,0,0
2020-02-10,Napa,055,140530,0,0,0,0,0
2020-02-10,Nevada,057,99092,0,0,0,0,0
2020-02-10,Orange,059,3164182,35,1,0,1,0
2020-02-10,Placer,061,380077,0,0,0,0,0
2020-02-10,Plumas,063,18699,0,0,0,0,0
2020-02-10,Riverside,065,2383286,4,0,0,0,0
2020-02-10,Sacramento,067,1510023,1,0,0,0,0
2020-02-10,San Benito,069,59416,0,2,0,2,0
2020-02-10,San Bernardino,071,2135413,7,0,0,0,0
2020-02-10,San Diego,073,3302833,2,0,0,0,0
2020-02-10,San Francisco,075,870044,2,0,0,0,0
2020-02-10,San Joaquin,077,732212,0,0,1,1,0
2020-02-10,San Luis Obispo,079,281455,0,0,0,0,0
2020-02-10,San Mateo,081,765935,2,0,0,0,0
2020-02-10,Santa Barbara,083,443738,0,0,0,0,0
2020-02-10,Santa Clara,085,1922200,5,2,0,2,0
2020-02-10,Santa Cruz,087,273765,0,0,0,0,0
2020-02-10,Shasta,089,179085,0,0,0,0,0
2020-02-10,Sierra,091,2930,0,0,0,0,0
2020-02-10,Siskiyou,093,43540,0,0,0,0,0
2020-02-10,Solano,095,438530,0,0,0,0,0
2020-02-10,Sonoma,097,501317,0,0,0,0,0
2020-02-10,Stanislaus,099,539301,1,0,0,0,0
2020-02-10,Sutter,101,95872,0,0,0,0,0
2020-02-10,Tehama,103,63373,0,0,0,0,0
2020-02-10,Trinity,105,12862,0,0,0,0,0
2020-02-10,Tulare,107,460477,2,0,0,0,0
2020-02-10,Tuolumne,109,53932,0,0,0,0,0
2020-02-10,Ventura,111,848112,2,0,0,0,0
2020-02-10,Yolo,113,214977,1,0,0,0,0
2020-02-10,Yuba,115,75493,0,0,0,0,0
2020-02-09,Alameda,001,1643700,4,0,0,0,0
2020-02-09,Alpine,003,1148,0,0,0,0,0
2020-02-09,Amador,005,37829,0,0,0,0,0
2020-02-09,Butte,007,227075,0,0,0,0,0
2020-02-09,Calaveras,009,45235,0,0,0,0,0
2020-02-09,Colusa,011,21464,0,0,0,0,0
2020-02-09,Contra Costa,013,1133247,3,0,0,0,0
2020-02-09,Del Norte,015,27424,0,0,0,0,0
2020-02-09,El Dorado,017,186661,0,0,0,0,0
2020-02-09,Fresno,019,978130,0,0,0,0,0
2020-02-09,Glenn,021,27897,0,0,0,0,0
2020-02-09,Humboldt,023,135768,0,0,0,0,0
2020-02-09,Imperial,025,180216,1,0,0,0,0
2020-02-09,Inyo,027,18085,0,0,0,0,0
2020-02-09,Kern,029,883053,2,0,0,0,0
2020-02-09,Kings,031,150075,1,0,0,0,0
2020-02-09,Lake,033,64148,0,0,0,0,0
2020-02-09,Lassen,035,31185,0,0,0,0,0
2020-02-09,Los Angeles,037,10098052,21,1,5,6,0
2020-02-09,Madera,039,155013,0,0,0,0,0
2020-02-09,Marin,041,260295,0,0,0,0,0
2020-02-09,Mariposa,043,17540,0,0,0,0,0
2020-02-09,Mendocino,045,87422,0,0,0,0,0
2020-02-09,Merced,047,269075,0,0,0,0,0
2020-02-09,Modoc,049,8938,0,0,0,0,0
2020-02-09,Mono,051,14174,0,0,0,0,0
2020-02-09,Monterey,053,433212,0,0,0,0,0
2020-02-09,Napa,055,140530,0,0,0,0,0
2020-02-09,Nevada,057,99092,0,0,0,0,0
2020-02-09,Orange,059,3164182,35,1,0,1,0
2020-02-09,Placer,061,380077,0,0,0,0,0
2020-02-09,Plumas,063,18699,0,0,0,0,0
2020-02-09,Riverside,065,2383286,4,0,0,0,0
2020-02-09,Sacramento,067,1510023,0,0,0,0,0
2020-02-09,San Benito,069,59416,0,2,0,2,0
2020-02-09,San Bernardino,071,2135413,7,0,0,0,0
2020-02-09,San Diego,073,3302833,2,0,0,0,0
2020-02-09,San Francisco,075,870044,1,0,0,0,0
2020-02-09,San Joaquin,077,732212,0,0,1,1,0
2020-02-09,San Luis Obispo,079,281455,0,0,0,0,0
2020-02-09,San Mateo,081,765935,2,0,0,0,0
2020-02-09,Santa Barbara,083,443738,0,0,0,0,0
2020-02-09,Santa Clara,085,1922200,4,2,0,2,0
2020-02-09,Santa Cruz,087,273765,0,0,0,0,0
2020-02-09,Shasta,089,179085,0,0,0,0,0
2020-02-09,Sierra,091,2930,0,0,0,0,0
2020-02-09,Siskiyou,093,43540,0,0,0,0,0
2020-02-09,Solano,095,438530,0,0,0,0,0
2020-02-09,Sonoma,097,501317,0,0,0,0,0
2020-02-09,Stanislaus,099,539301,0,0,0,0,0
2020-02-09,Sutter,101,95872,0,0,0,0,0
2020-02-09,Tehama,103,63373,0,0,0,0,0
2020-02-09,Trinity,105,12862,0,0,0,0,0
2020-02-09,Tulare,107,460477,2,0,0,0,0
2020-02-09,Tuolumne,109,53932,0,0,0,0,0
2020-02-09,Ventura,111,848112,1,0,0,0,0
2020-02-09,Yolo,113,214977,1,0,0,0,0
2020-02-09,Yuba,115,75493,0,0,0,0,0
2020-02-08,Alameda,001,1643700,3,0,0,0,0
2020-02-08,Alpine,003,1148,0,0,0,0,0
2020-02-08,Amador,005,37829,0,0,0,0,0
2020-02-08,Butte,007,227075,0,0,0,0,0
2020-02-08,Calaveras,009,45235,0,0,0,0,0
2020-02-08,Colusa,011,21464,0,0,0,0,0
2020-02-08,Contra Costa,013,1133247,2,0,0,0,0
2020-02-08,Del Norte,015,27424,0,0,0,0,0
2020-02-08,El Dorado,017,186661,0,0,0,0,0
2020-02-08,Fresno,019,978130,0,0,0,0,0
2020-02-08,Glenn,021,27897,0,0,0,0,0
2020-02-08,Humboldt,023,135768,0,0,0,0,0
2020-02-08,Imperial,025,180216,1,0,0,0,0
2020-02-08,Inyo,027,18085,0,0,0,0,0
2020-02-08,Kern,029,883053,2,0,0,0,0
2020-02-08,Kings,031,150075,1,0,0,0,0
2020-02-08,Lake,033,64148,0,0,0,0,0
2020-02-08,Lassen,035,31185,0,0,0,0,0
2020-02-08,Los Angeles,037,10098052,17,1,3,4,0
2020-02-08,Madera,039,155013,0,0,0,0,0
2020-02-08,Marin,041,260295,0,0,0,0,0
2020-02-08,Mariposa,043,17540,0,0,0,0,0
2020-02-08,Mendocino,045,87422,0,0,0,0,0
2020-02-08,Merced,047,269075,0,0,0,0,0
2020-02-08,Modoc,049,8938,0,0,0,0,0
2020-02-08,Mono,051,14174,0,0,0,0,0
2020-02-08,Monterey,053,433212,0,0,0,0,0
2020-02-08,Napa,055,140530,0,0,0,0,0
2020-02-08,Nevada,057,99092,0,0,0,0,0
2020-02-08,Orange,059,3164182,35,1,0,1,0
2020-02-08,Placer,061,380077,0,0,0,0,0
2020-02-08,Plumas,063,18699,0,0,0,0,0
2020-02-08,Riverside,065,2383286,4,0,0,0,0
2020-02-08,Sacramento,067,1510023,0,0,0,0,0
2020-02-08,San Benito,069,59416,0,2,0,2,0
2020-02-08,San Bernardino,071,2135413,7,0,0,0,0
2020-02-08,San Diego,073,3302833,1,0,0,0,0
2020-02-08,San Francisco,075,870044,1,0,0,0,0
2020-02-08,San Joaquin,077,732212,0,0,1,1,0
2020-02-08,San Luis Obispo,079,281455,0,0,0,0,0
2020-02-08,San Mateo,081,765935,2,0,0,0,0
2020-02-08,Santa Barbara,083,443738,0,0,0,0,0
2020-02-08,Santa Clara,085,1922200,4,2,0,2,0
2020-02-08,Santa Cruz,087,273765,0,0,0,0,0
2020-02-08,Shasta,089,179085,0,0,0,0,0
2020-02-08,Sierra,091,2930,0,0,0,0,0
2020-02-08,Siskiyou,093,43540,0,0,0,0,0
2020-02-08,Solano,095,438530,0,0,0,0,0
2020-02-08,Sonoma,097,501317,0,0,0,0,0
2020-02-08,Stanislaus,099,539301,0,0,0,0,0
2020-02-08,Sutter,101,95872,0,0,0,0,0
2020-02-08,Tehama,103,63373,0,0,0,0,0
2020-02-08,Trinity,105,12862,0,0,0,0,0
2020-02-08,Tulare,107,460477,2,0,0,0,0
2020-02-08,Tuolumne,109,53932,0,0,0,0,0
2020-02-08,Ventura,111,848112,1,0,0,0,0
2020-02-08,Yolo,113,214977,1,0,0,0,0
2020-02-08,Yuba,115,75493,0,0,0,0,0
2020-02-07,Alameda,001,1643700,3,0,0,0,0
2020-02-07,Alpine,003,1148,0,0,0,0,0
2020-02-07,Amador,005,37829,0,0,0,0,0
2020-02-07,Butte,007,227075,0,0,0,0,0
2020-02-07,Calaveras,009,45235,0,0,0,0,0
2020-02-07,Colusa,011,21464,0,0,0,0,0
2020-02-07,Contra Costa,013,1133247,2,0,0,0,0
2020-02-07,Del Norte,015,27424,0,0,0,0,0
2020-02-07,El Dorado,017,186661,0,0,0,0,0
2020-02-07,Fresno,019,978130,0,0,0,0,0
2020-02-07,Glenn,021,27897,0,0,0,0,0
2020-02-07,Humboldt,023,135768,0,0,0,0,0
2020-02-07,Imperial,025,180216,1,0,0,0,0
2020-02-07,Inyo,027,18085,0,0,0,0,0
2020-02-07,Kern,029,883053,2,0,0,0,0
2020-02-07,Kings,031,150075,1,0,0,0,0
2020-02-07,Lake,033,64148,0,0,0,0,0
2020-02-07,Lassen,035,31185,0,0,0,0,0
2020-02-07,Los Angeles,037,10098052,16,1,2,3,0
2020-02-07,Madera,039,155013,0,0,0,0,0
2020-02-07,Marin,041,260295,0,0,0,0,0
2020-02-07,Mariposa,043,17540,0,0,0,0,0
2020-02-07,Mendocino,045,87422,0,0,0,0,0
2020-02-07,Merced,047,269075,0,0,0,0,0
2020-02-07,Modoc,049,8938,0,0,0,0,0
2020-02-07,Mono,051,14174,0,0,0,0,0
2020-02-07,Monterey,053,433212,0,0,0,0,0
2020-02-07,Napa,055,140530,0,0,0,0,0
2020-02-07,Nevada,057,99092,0,0,0,0,0
2020-02-07,Orange,059,3164182,33,1,0,1,0
2020-02-07,Placer,061,380077,0,0,0,0,0
2020-02-07,Plumas,063,18699,0,0,0,0,0
2020-02-07,Riverside,065,2383286,4,0,0,0,0
2020-02-07,Sacramento,067,1510023,0,0,0,0,0
2020-02-07,San Benito,069,59416,0,2,0,2,0
2020-02-07,San Bernardino,071,2135413,4,0,0,0,0
2020-02-07,San Diego,073,3302833,1,0,0,0,0
2020-02-07,San Francisco,075,870044,1,0,0,0,0
2020-02-07,San Joaquin,077,732212,0,0,1,1,0
2020-02-07,San Luis Obispo,079,281455,0,0,0,0,0
2020-02-07,San Mateo,081,765935,1,0,0,0,0
2020-02-07,Santa Barbara,083,443738,0,0,0,0,0
2020-02-07,Santa Clara,085,1922200,4,2,0,2,0
2020-02-07,Santa Cruz,087,273765,0,0,0,0,0
2020-02-07,Shasta,089,179085,0,0,0,0,0
2020-02-07,Sierra,091,2930,0,0,0,0,0
2020-02-07,Siskiyou,093,43540,0,0,0,0,0
2020-02-07,Solano,095,438530,0,0,0,0,0
2020-02-07,Sonoma,097,501317,0,0,0,0,0
2020-02-07,Stanislaus,099,539301,0,0,0,0,0
2020-02-07,Sutter,101,95872,0,0,0,0,0
2020-02-07,Tehama,103,63373,0,0,0,0,0
2020-02-07,Trinity,105,12862,0,0,0,0,0
2020-02-07,Tulare,107,460477,2,0,0,0,0
2020-02-07,Tuolumne,109,53932,0,0,0,0,0
2020-02-07,Ventura,111,848112,1,0,0,0,0
2020-02-07,Yolo,113,214977,1,0,0,0,0
2020-02-07,Yuba,115,75493,0,0,0,0,0
2020-02-06,Alameda,001,1643700,3,0,0,0,0
2020-02-06,Alpine,003,1148,0,0,0,0,0
2020-02-06,Amador,005,37829,0,0,0,0,0
2020-02-06,Butte,007,227075,0,0,0,0,0
2020-02-06,Calaveras,009,45235,0,0,0,0,0
2020-02-06,Colusa,011,21464,0,0,0,0,0
2020-02-06,Contra Costa,013,1133247,2,0,0,0,0
2020-02-06,Del Norte,015,27424,0,0,0,0,0
2020-02-06,El Dorado,017,186661,0,0,0,0,0
2020-02-06,Fresno,019,978130,0,0,0,0,0
2020-02-06,Glenn,021,27897,0,0,0,0,0
2020-02-06,Humboldt,023,135768,0,0,0,0,0
2020-02-06,Imperial,025,180216,1,0,0,0,0
2020-02-06,Inyo,027,18085,0,0,0,0,0
2020-02-06,Kern,029,883053,2,0,0,0,0
2020-02-06,Kings,031,150075,0,0,0,0,0
2020-02-06,Lake,033,64148,0,0,0,0,0
2020-02-06,Lassen,035,31185,0,0,0,0,0
2020-02-06,Los Angeles,037,10098052,15,1,2,3,0
2020-02-06,Madera,039,155013,0,0,0,0,0
2020-02-06,Marin,041,260295,0,0,0,0,0
2020-02-06,Mariposa,043,17540,0,0,0,0,0
2020-02-06,Mendocino,045,87422,0,0,0,0,0
2020-02-06,Merced,047,269075,0,0,0,0,0
2020-02-06,Modoc,049,8938,0,0,0,0,0
2020-02-06,Mono,051,14174,0,0,0,0,0
2020-02-06,Monterey,053,433212,0,0,0,0,0
2020-02-06,Napa,055,140530,0,0,0,0,0
2020-02-06,Nevada,057,99092,0,0,0,0,0
2020-02-06,Orange,059,3164182,3,1,0,1,0
2020-02-06,Placer,061,380077,0,0,0,0,0
2020-02-06,Plumas,063,18699,0,0,0,0,0
2020-02-06,Riverside,065,2383286,4,0,0,0,0
2020-02-06,Sacramento,067,1510023,0,0,0,0,0
2020-02-06,San Benito,069,59416,0,2,0,2,0
2020-02-06,San Bernardino,071,2135413,4,0,0,0,0
2020-02-06,San Diego,073,3302833,1,0,0,0,0
2020-02-06,San Francisco,075,870044,1,0,0,0,0
2020-02-06,San Joaquin,077,732212,0,0,1,1,0
2020-02-06,San Luis Obispo,079,281455,0,0,0,0,0
2020-02-06,San Mateo,081,765935,1,0,0,0,0
2020-02-06,Santa Barbara,083,443738,0,0,0,0,0
2020-02-06,Santa Clara,085,1922200,4,2,0,2,0
2020-02-06,Santa Cruz,087,273765,0,0,0,0,0
2020-02-06,Shasta,089,179085,0,0,0,0,0
2020-02-06,Sierra,091,2930,0,0,0,0,0
2020-02-06,Siskiyou,093,43540,0,0,0,0,0
2020-02-06,Solano,095,438530,0,0,0,0,0
2020-02-06,Sonoma,097,501317,0,0,0,0,0
2020-02-06,Stanislaus,099,539301,0,0,0,0,0
2020-02-06,Sutter,101,95872,0,0,0,0,0
2020-02-06,Tehama,103,63373,0,0,0,0,0
2020-02-06,Trinity,105,12862,0,0,0,0,0
2020-02-06,Tulare,107,460477,2,0,0,0,0
2020-02-06,Tuolumne,109,53932,0,0,0,0,0
2020-02-06,Ventura,111,848112,1,0,0,0,0
2020-02-06,Yolo,113,214977,1,0,0,0,0
2020-02-06,Yuba,115,75493,0,0,0,0,0
2020-02-05,Alameda,001,1643700,3,0,0,0,0
2020-02-05,Alpine,003,1148,0,0,0,0,0
2020-02-05,Amador,005,37829,0,0,0,0,0
2020-02-05,Butte,007,227075,0,0,0,0,0
2020-02-05,Calaveras,009,45235,0,0,0,0,0
2020-02-05,Colusa,011,21464,0,0,0,0,0
2020-02-05,Contra Costa,013,1133247,2,0,0,0,0
2020-02-05,Del Norte,015,27424,0,0,0,0,0
2020-02-05,El Dorado,017,186661,0,0,0,0,0
2020-02-05,Fresno,019,978130,0,0,0,0,0
2020-02-05,Glenn,021,27897,0,0,0,0,0
2020-02-05,Humboldt,023,135768,0,0,0,0,0
2020-02-05,Imperial,025,180216,1,0,0,0,0
2020-02-05,Inyo,027,18085,0,0,0,0,0
2020-02-05,Kern,029,883053,1,0,0,0,0
2020-02-05,Kings,031,150075,0,0,0,0,0
2020-02-05,Lake,033,64148,0,0,0,0,0
2020-02-05,Lassen,035,31185,0,0,0,0,0
2020-02-05,Los Angeles,037,10098052,15,1,1,2,0
2020-02-05,Madera,039,155013,0,0,0,0,0
2020-02-05,Marin,041,260295,0,0,0,0,0
2020-02-05,Mariposa,043,17540,0,0,0,0,0
2020-02-05,Mendocino,045,87422,0,0,0,0,0
2020-02-05,Merced,047,269075,0,0,0,0,0
2020-02-05,Modoc,049,8938,0,0,0,0,0
2020-02-05,Mono,051,14174,0,0,0,0,0
2020-02-05,Monterey,053,433212,0,0,0,0,0
2020-02-05,Napa,055,140530,0,0,0,0,0
2020-02-05,Nevada,057,99092,0,0,0,0,0
2020-02-05,Orange,059,3164182,1,1,0,1,0
2020-02-05,Placer,061,380077,0,0,0,0,0
2020-02-05,Plumas,063,18699,0,0,0,0,0
2020-02-05,Riverside,065,2383286,4,0,0,0,0
2020-02-05,Sacramento,067,1510023,0,0,0,0,0
2020-02-05,San Benito,069,59416,0,2,0,2,0
2020-02-05,San Bernardino,071,2135413,4,0,0,0,0
2020-02-05,San Diego,073,3302833,0,0,0,0,0
2020-02-05,San Francisco,075,870044,1,0,0,0,0
2020-02-05,San Joaquin,077,732212,0,0,1,1,0
2020-02-05,San Luis Obispo,079,281455,0,0,0,0,0
2020-02-05,San Mateo,081,765935,1,0,0,0,0
2020-02-05,Santa Barbara,083,443738,0,0,0,0,0
2020-02-05,Santa Clara,085,1922200,2,2,0,2,0
2020-02-05,Santa Cruz,087,273765,0,0,0,0,0
2020-02-05,Shasta,089,179085,0,0,0,0,0
2020-02-05,Sierra,091,2930,0,0,0,0,0
2020-02-05,Siskiyou,093,43540,0,0,0,0,0
2020-02-05,Solano,095,438530,0,0,0,0,0
2020-02-05,Sonoma,097,501317,0,0,0,0,0
2020-02-05,Stanislaus,099,539301,0,0,0,0,0
2020-02-05,Sutter,101,95872,0,0,0,0,0
2020-02-05,Tehama,103,63373,0,0,0,0,0
2020-02-05,Trinity,105,12862,0,0,0,0,0
2020-02-05,Tulare,107,460477,2,0,0,0,0
2020-02-05,Tuolumne,109,53932,0,0,0,0,0
2020-02-05,Ventura,111,848112,0,0,0,0,0
2020-02-05,Yolo,113,214977,1,0,0,0,0
2020-02-05,Yuba,115,75493,0,0,0,0,0
2020-02-04,Alameda,001,1643700,3,0,0,0,0
2020-02-04,Alpine,003,1148,0,0,0,0,0
2020-02-04,Amador,005,37829,0,0,0,0,0
2020-02-04,Butte,007,227075,0,0,0,0,0
2020-02-04,Calaveras,009,45235,0,0,0,0,0
2020-02-04,Colusa,011,21464,0,0,0,0,0
2020-02-04,Contra Costa,013,1133247,2,0,0,0,0
2020-02-04,Del Norte,015,27424,0,0,0,0,0
2020-02-04,El Dorado,017,186661,0,0,0,0,0
2020-02-04,Fresno,019,978130,0,0,0,0,0
2020-02-04,Glenn,021,27897,0,0,0,0,0
2020-02-04,Humboldt,023,135768,0,0,0,0,0
2020-02-04,Imperial,025,180216,1,0,0,0,0
2020-02-04,Inyo,027,18085,0,0,0,0,0
2020-02-04,Kern,029,883053,0,0,0,0,0
2020-02-04,Kings,031,150075,0,0,0,0,0
2020-02-04,Lake,033,64148,0,0,0,0,0
2020-02-04,Lassen,035,31185,0,0,0,0,0
2020-02-04,Los Angeles,037,10098052,15,1,1,2,0
2020-02-04,Madera,039,155013,0,0,0,0,0
2020-02-04,Marin,041,260295,0,0,0,0,0
2020-02-04,Mariposa,043,17540,0,0,0,0,0
2020-02-04,Mendocino,045,87422,0,0,0,0,0
2020-02-04,Merced,047,269075,0,0,0,0,0
2020-02-04,Modoc,049,8938,0,0,0,0,0
2020-02-04,Mono,051,14174,0,0,0,0,0
2020-02-04,Monterey,053,433212,0,0,0,0,0
2020-02-04,Napa,055,140530,0,0,0,0,0
2020-02-04,Nevada,057,99092,0,0,0,0,0
2020-02-04,Orange,059,3164182,1,1,0,1,0
2020-02-04,Placer,061,380077,0,0,0,0,0
2020-02-04,Plumas,063,18699,0,0,0,0,0
2020-02-04,Riverside,065,2383286,4,0,0,0,0
2020-02-04,Sacramento,067,1510023,0,0,0,0,0
2020-02-04,San Benito,069,59416,0,2,0,2,0
2020-02-04,San Bernardino,071,2135413,3,0,0,0,0
2020-02-04,San Diego,073,3302833,0,0,0,0,0
2020-02-04,San Francisco,075,870044,1,0,0,0,0
2020-02-04,San Joaquin,077,732212,0,0,1,1,0
2020-02-04,San Luis Obispo,079,281455,0,0,0,0,0
2020-02-04,San Mateo,081,765935,0,0,0,0,0
2020-02-04,Santa Barbara,083,443738,0,0,0,0,0
2020-02-04,Santa Clara,085,1922200,2,2,0,2,0
2020-02-04,Santa Cruz,087,273765,0,0,0,0,0
2020-02-04,Shasta,089,179085,0,0,0,0,0
2020-02-04,Sierra,091,2930,0,0,0,0,0
2020-02-04,Siskiyou,093,43540,0,0,0,0,0
2020-02-04,Solano,095,438530,0,0,0,0,0
2020-02-04,Sonoma,097,501317,0,0,0,0,0
2020-02-04,Stanislaus,099,539301,0,0,0,0,0
2020-02-04,Sutter,101,95872,0,0,0,0,0
2020-02-04,Tehama,103,63373,0,0,0,0,0
2020-02-04,Trinity,105,12862,0,0,0,0,0
2020-02-04,Tulare,107,460477,2,0,0,0,0
2020-02-04,Tuolumne,109,53932,0,0,0,0,0
2020-02-04,Ventura,111,848112,0,0,0,0,0
2020-02-04,Yolo,113,214977,1,0,0,0,0
2020-02-04,Yuba,115,75493,0,0,0,0,0
2020-02-03,Alameda,001,1643700,3,0,0,0,0
2020-02-03,Alpine,003,1148,0,0,0,0,0
2020-02-03,Amador,005,37829,0,0,0,0,0
2020-02-03,Butte,007,227075,0,0,0,0,0
2020-02-03,Calaveras,009,45235,0,0,0,0,0
2020-02-03,Colusa,011,21464,0,0,0,0,0
2020-02-03,Contra Costa,013,1133247,2,0,0,0,0
2020-02-03,Del Norte,015,27424,0,0,0,0,0
2020-02-03,El Dorado,017,186661,0,0,0,0,0
2020-02-03,Fresno,019,978130,0,0,0,0,0
2020-02-03,Glenn,021,27897,0,0,0,0,0
2020-02-03,Humboldt,023,135768,0,0,0,0,0
2020-02-03,Imperial,025,180216,1,0,0,0,0
2020-02-03,Inyo,027,18085,0,0,0,0,0
2020-02-03,Kern,029,883053,0,0,0,0,0
2020-02-03,Kings,031,150075,0,0,0,0,0
2020-02-03,Lake,033,64148,0,0,0,0,0
2020-02-03,Lassen,035,31185,0,0,0,0,0
2020-02-03,Los Angeles,037,10098052,15,1,0,1,0
2020-02-03,Madera,039,155013,0,0,0,0,0
2020-02-03,Marin,041,260295,0,0,0,0,0
2020-02-03,Mariposa,043,17540,0,0,0,0,0
2020-02-03,Mendocino,045,87422,0,0,0,0,0
2020-02-03,Merced,047,269075,0,0,0,0,0
2020-02-03,Modoc,049,8938,0,0,0,0,0
2020-02-03,Mono,051,14174,0,0,0,0,0
2020-02-03,Monterey,053,433212,0,0,0,0,0
2020-02-03,Napa,055,140530,0,0,0,0,0
2020-02-03,Nevada,057,99092,0,0,0,0,0
2020-02-03,Orange,059,3164182,1,1,0,1,0
2020-02-03,Placer,061,380077,0,0,0,0,0
2020-02-03,Plumas,063,18699,0,0,0,0,0
2020-02-03,Riverside,065,2383286,4,0,0,0,0
2020-02-03,Sacramento,067,1510023,0,0,0,0,0
2020-02-03,San Benito,069,59416,0,2,0,2,0
2020-02-03,San Bernardino,071,2135413,3,0,0,0,0
2020-02-03,San Diego,073,3302833,0,0,0,0,0
2020-02-03,San Francisco,075,870044,1,0,0,0,0
2020-02-03,San Joaquin,077,732212,0,0,1,1,0
2020-02-03,San Luis Obispo,079,281455,0,0,0,0,0
2020-02-03,San Mateo,081,765935,0,0,0,0,0
2020-02-03,Santa Barbara,083,443738,0,0,0,0,0
2020-02-03,Santa Clara,085,1922200,2,2,0,2,0
2020-02-03,Santa Cruz,087,273765,0,0,0,0,0
2020-02-03,Shasta,089,179085,0,0,0,0,0
2020-02-03,Sierra,091,2930,0,0,0,0,0
2020-02-03,Siskiyou,093,43540,0,0,0,0,0
2020-02-03,Solano,095,438530,0,0,0,0,0
2020-02-03,Sonoma,097,501317,0,0,0,0,0
2020-02-03,Stanislaus,099,539301,0,0,0,0,0
2020-02-03,Sutter,101,95872,0,0,0,0,0
2020-02-03,Tehama,103,63373,0,0,0,0,0
2020-02-03,Trinity,105,12862,0,0,0,0,0
2020-02-03,Tulare,107,460477,2,0,0,0,0
2020-02-03,Tuolumne,109,53932,0,0,0,0,0
2020-02-03,Ventura,111,848112,0,0,0,0,0
2020-02-03,Yolo,113,214977,1,0,0,0,0
2020-02-03,Yuba,115,75493,0,0,0,0,0
2020-02-02,Alameda,001,1643700,3,0,0,0,0
2020-02-02,Alpine,003,1148,0,0,0,0,0
2020-02-02,Amador,005,37829,0,0,0,0,0
2020-02-02,Butte,007,227075,0,0,0,0,0
2020-02-02,Calaveras,009,45235,0,0,0,0,0
2020-02-02,Colusa,011,21464,0,0,0,0,0
2020-02-02,Contra Costa,013,1133247,1,0,0,0,0
2020-02-02,Del Norte,015,27424,0,0,0,0,0
2020-02-02,El Dorado,017,186661,0,0,0,0,0
2020-02-02,Fresno,019,978130,0,0,0,0,0
2020-02-02,Glenn,021,27897,0,0,0,0,0
2020-02-02,Humboldt,023,135768,0,0,0,0,0
2020-02-02,Imperial,025,180216,1,0,0,0,0
2020-02-02,Inyo,027,18085,0,0,0,0,0
2020-02-02,Kern,029,883053,0,0,0,0,0
2020-02-02,Kings,031,150075,0,0,0,0,0
2020-02-02,Lake,033,64148,0,0,0,0,0
2020-02-02,Lassen,035,31185,0,0,0,0,0
2020-02-02,Los Angeles,037,10098052,13,1,0,1,0
2020-02-02,Madera,039,155013,0,0,0,0,0
2020-02-02,Marin,041,260295,0,0,0,0,0
2020-02-02,Mariposa,043,17540,0,0,0,0,0
2020-02-02,Mendocino,045,87422,0,0,0,0,0
2020-02-02,Merced,047,269075,0,0,0,0,0
2020-02-02,Modoc,049,8938,0,0,0,0,0
2020-02-02,Mono,051,14174,0,0,0,0,0
2020-02-02,Monterey,053,433212,0,0,0,0,0
2020-02-02,Napa,055,140530,0,0,0,0,0
2020-02-02,Nevada,057,99092,0,0,0,0,0
2020-02-02,Orange,059,3164182,1,1,0,1,0
2020-02-02,Placer,061,380077,0,0,0,0,0
2020-02-02,Plumas,063,18699,0,0,0,0,0
2020-02-02,Riverside,065,2383286,3,0,0,0,0
2020-02-02,Sacramento,067,1510023,0,0,0,0,0
2020-02-02,San Benito,069,59416,0,2,0,2,0
2020-02-02,San Bernardino,071,2135413,2,0,0,0,0
2020-02-02,San Diego,073,3302833,0,0,0,0,0
2020-02-02,San Francisco,075,870044,1,0,0,0,0
2020-02-02,San Joaquin,077,732212,0,0,1,1,0
2020-02-02,San Luis Obispo,079,281455,0,0,0,0,0
2020-02-02,San Mateo,081,765935,0,0,0,0,0
2020-02-02,Santa Barbara,083,443738,0,0,0,0,0
2020-02-02,Santa Clara,085,1922200,2,2,0,2,0
2020-02-02,Santa Cruz,087,273765,0,0,0,0,0
2020-02-02,Shasta,089,179085,0,0,0,0,0
2020-02-02,Sierra,091,2930,0,0,0,0,0
2020-02-02,Siskiyou,093,43540,0,0,0,0,0
2020-02-02,Solano,095,438530,0,0,0,0,0
2020-02-02,Sonoma,097,501317,0,0,0,0,0
2020-02-02,Stanislaus,099,539301,0,0,0,0,0
2020-02-02,Sutter,101,95872,0,0,0,0,0
2020-02-02,Tehama,103,63373,0,0,0,0,0
2020-02-02,Trinity,105,12862,0,0,0,0,0
2020-02-02,Tulare,107,460477,2,0,0,0,0
2020-02-02,Tuolumne,109,53932,0,0,0,0,0
2020-02-02,Ventura,111,848112,0,0,0,0,0
2020-02-02,Yolo,113,214977,1,0,0,0,0
2020-02-02,Yuba,115,75493,0,0,0,0,0
2020-02-01,Alameda,001,1643700,3,0,0,0,0
2020-02-01,Alpine,003,1148,0,0,0,0,0
2020-02-01,Amador,005,37829,0,0,0,0,0
2020-02-01,Butte,007,227075,0,0,0,0,0
2020-02-01,Calaveras,009,45235,0,0,0,0,0
2020-02-01,Colusa,011,21464,0,0,0,0,0
2020-02-01,Contra Costa,013,1133247,0,0,0,0,0
2020-02-01,Del Norte,015,27424,0,0,0,0,0
2020-02-01,El Dorado,017,186661,0,0,0,0,0
2020-02-01,Fresno,019,978130,0,0,0,0,0
2020-02-01,Glenn,021,27897,0,0,0,0,0
2020-02-01,Humboldt,023,135768,0,0,0,0,0
2020-02-01,Imperial,025,180216,0,0,0,0,0
2020-02-01,Inyo,027,18085,0,0,0,0,0
2020-02-01,Kern,029,883053,0,0,0,0,0
2020-02-01,Kings,031,150075,0,0,0,0,0
2020-02-01,Lake,033,64148,0,0,0,0,0
2020-02-01,Lassen,035,31185,0,0,0,0,0
2020-02-01,Los Angeles,037,10098052,12,1,0,1,0
2020-02-01,Madera,039,155013,0,0,0,0,0
2020-02-01,Marin,041,260295,0,0,0,0,0
2020-02-01,Mariposa,043,17540,0,0,0,0,0
2020-02-01,Mendocino,045,87422,0,0,0,0,0
2020-02-01,Merced,047,269075,0,0,0,0,0
2020-02-01,Modoc,049,8938,0,0,0,0,0
2020-02-01,Mono,051,14174,0,0,0,0,0
2020-02-01,Monterey,053,433212,0,0,0,0,0
2020-02-01,Napa,055,140530,0,0,0,0,0
2020-02-01,Nevada,057,99092,0,0,0,0,0
2020-02-01,Orange,059,3164182,1,1,0,1,0
2020-02-01,Placer,061,380077,0,0,0,0,0
2020-02-01,Plumas,063,18699,0,0,0,0,0
2020-02-01,Riverside,065,2383286,2,0,0,0,0
2020-02-01,Sacramento,067,1510023,0,0,0,0,0
2020-02-01,San Benito,069,59416,0,0,0,0,0
2020-02-01,San Bernardino,071,2135413,1,0,0,0,0
2020-02-01,San Diego,073,3302833,0,0,0,0,0
2020-02-01,San Francisco,075,870044,1,0,0,0,0
2020-02-01,San Joaquin,077,732212,0,0,1,1,0
2020-02-01,San Luis Obispo,079,281455,0,0,0,0,0
2020-02-01,San Mateo,081,765935,0,0,0,0,0
2020-02-01,Santa Barbara,083,443738,0,0,0,0,0
2020-02-01,Santa Clara,085,1922200,2,1,0,1,0
2020-02-01,Santa Cruz,087,273765,0,0,0,0,0
2020-02-01,Shasta,089,179085,0,0,0,0,0
2020-02-01,Sierra,091,2930,0,0,0,0,0
2020-02-01,Siskiyou,093,43540,0,0,0,0,0
2020-02-01,Solano,095,438530,0,0,0,0,0
2020-02-01,Sonoma,097,501317,0,0,0,0,0
2020-02-01,Stanislaus,099,539301,0,0,0,0,0
2020-02-01,Sutter,101,95872,0,0,0,0,0
2020-02-01,Tehama,103,63373,0,0,0,0,0
2020-02-01,Trinity,105,12862,0,0,0,0,0
2020-02-01,Tulare,107,460477,1,0,0,0,0
2020-02-01,Tuolumne,109,53932,0,0,0,0,0
2020-02-01,Ventura,111,848112,0,0,0,0,0
2020-02-01,Yolo,113,214977,0,0,0,0,0
2020-02-01,Yuba,115,75493,0,0,0,0,0
